상가업소번호,상호명,지점명,상권업종대분류코드,상권업종대분류명,상권업종중분류코드,상권업종중분류명,상권업종소분류코드,상권업종소분류명,표준산업분류코드,표준산업분류명,시도코드,시도명,시군구코드,시군구명,행정동코드,행정동명,법정동코드,법정동명,PNU코드,대지구분코드,대지구분명,지번본번지,지번부번지,지번주소,도로명코드,도로명,건물본번지,건물부번지,건물관리번호,건물명,도로명주소,구우편번호,신우편번호,동정보,층정보,호정보,경도,위도
MA010120220801656362,삼보불교사,,G2,소매,G221,기타 상품 소매,G22199,그 외 기타 상품 전문 소매업,G47859,그 외 기타 분류 안된 상품 전문 소매업,41,경기도,41150,의정부시,41150580,자금동,4115010900,금오동,4115010900103740001,1,대지,374,1,경기도 의정부시 금오동 374-1,411503000136,경기도 의정부시 호국로,1385,,4115010900103740001007530,아남주상복합,경기도 의정부시 호국로 1385,480823,11750,,1,,127.05630128369,37.747315437699
MA010120220801778629,엘라토탈패션,,G2,소매,G221,기타 상품 소매,G22199,그 외 기타 상품 전문 소매업,G47422,의복 액세서리 및 모조 장신구 소매업,41,경기도,41287,고양시 일산서구,41287550,주엽1동,4128710200,주엽동,4128710200100810000,1,대지,81,,경기도 고양시 일산서구 주엽동 81,412873192094,경기도 고양시 일산서구 중앙로,1371,,4128710200100810000001432,강선마을뉴서울13단지,경기도 고양시 일산서구 중앙로 1371,411742,10366,,1,,126.765471416592,37.6671252365729
MA010120220802077778,피쉬하우스,,G2,소매,G221,기타 상품 소매,G22199,그 외 기타 상품 전문 소매업,G47859,그 외 기타 분류 안된 상품 전문 소매업,28,인천광역시,28237,부평구,28237592,청천2동,2823710400,청천동,2823710400102590005,1,대지,259,5,인천광역시 부평구 청천동 259-5,282374262588,인천광역시 부평구 원길로24번길,5,,2823710400102590005001124,미도아파트,인천광역시 부평구 원길로24번길 5,403858,21364,,4,,126.715635940272,37.5060988021368
MA010120220801502698,예쁜풍선만들기,,G2,소매,G221,기타 상품 소매,G22199,그 외 기타 상품 전문 소매업,G47859,그 외 기타 분류 안된 상품 전문 소매업,41,경기도,41220,평택시,41220510,중앙동,4122010100,서정동,4122010100111210000,1,대지,1121,,경기도 평택시 서정동 1121,412203188047,경기도 평택시 송탄로,170,,4122010100111210000203982,롯데캐슬아파트,경기도 평택시 송탄로 170,459010,17780,,1,,127.060567778501,37.0600057316666
MA010120220801863094,모란약업사,,G2,소매,G221,기타 상품 소매,G22199,그 외 기타 상품 전문 소매업,G47859,그 외 기타 분류 안된 상품 전문 소매업,41,경기도,41133,성남시 중원구,41133510,성남동,4113310100,성남동,4113310100141690000,1,대지,4169,,경기도 성남시 중원구 성남동 4169,411332000005,경기도 성남시 중원구 성남대로,1133,,4113310100141690000000001,메트로칸,경기도 성남시 중원구 성남대로 1133,462829,13376,,1,,127.128611731534,37.4310556113223
MA010120220802186203,동성건재약업사,,G2,소매,G221,기타 상품 소매,G22199,그 외 기타 상품 전문 소매업,G47859,그 외 기타 분류 안된 상품 전문 소매업,41,경기도,41310,구리시,41310570,수택1동,4131010500,수택동,4131010500103790024,1,대지,379,24,경기도 구리시 수택동 379-24,413104388122,경기도 구리시 안골로63번길,14,24,4131010500103790024004820,명칭없음,경기도 구리시 안골로63번길 14-24,471815,11927,,1,,127.13959939556,37.5979449805492
MA010120220801822576,포도나무365,,G2,소매,G221,기타 상품 소매,G22199,그 외 기타 상품 전문 소매업,G47859,그 외 기타 분류 안된 상품 전문 소매업,41,경기도,41820,가평군,41820250,가평읍,4182025021,가평읍,4182025021107710001,1,대지,771,1,경기도 가평군 가평읍 읍내리 771-1,418203000142,경기도 가평군 가평읍 가화로,223,,4182025021107710001002375,에이원파란채,경기도 가평군 가평읍 가화로 223,477805,12414,,1,,127.506318021376,37.8379223267803
MA010120220801973000,REDJIN,,G2,소매,G221,기타 상품 소매,G22199,그 외 기타 상품 전문 소매업,G47859,그 외 기타 분류 안된 상품 전문 소매업,41,경기도,41192,부천시 원미구,41192600,도당동,4119210400,도당동,4119210400100350006,1,대지,35,6,경기도 부천시 원미구 도당동 35-6,411924352178,경기도 부천시 원미구 부천로366번길,28,,4119510400100350006032486,미래그린빌리지,경기도 부천시 원미구 부천로366번길 28,420801,14480,,1,,126.786236082846,37.5165821620795
MA010120220802332212,바이오미스트,,G2,소매,G221,기타 상품 소매,G22199,그 외 기타 상품 전문 소매업,G47859,그 외 기타 분류 안된 상품 전문 소매업,41,경기도,41111,수원시 장안구,41111572,정자2동,4111113000,정자동,4111113000100730010,1,대지,73,10,경기도 수원시 장안구 정자동 73-10,411114322144,경기도 수원시 장안구 수성로261번길,16,,4111113000100730010044053,정자종합시장,경기도 수원시 장안구 수성로261번길 16,440834,16314,,3,,127.000913482578,37.2907184770306
MA010120220800507581,123파티,,G2,소매,G221,기타 상품 소매,G22199,그 외 기타 상품 전문 소매업,G47859,그 외 기타 분류 안된 상품 전문 소매업,11,서울특별시,11470,양천구,11470510,목1동,1147010200,목동,1147010200108080005,1,대지,808,5,서울특별시 양천구 목동 808-5,114703114002,서울특별시 양천구 목동로,224,,1147010200108080005021205,대원칸타빌1차,서울특별시 양천구 목동로 224,158051,07993,,1,,126.86481807368,37.528375225998
MA010120220800452107,허니쥬,,G2,소매,G221,기타 상품 소매,G22199,그 외 기타 상품 전문 소매업,G47859,그 외 기타 분류 안된 상품 전문 소매업,28,인천광역시,28200,남동구,28200660,남촌도림동,2820010700,남촌동,2820010700103520016,1,대지,352,16,인천광역시 남동구 남촌동 352-16,282004259201,인천광역시 남동구 남촌로122번길,62,8,2820010700103520016013545,명칭없음,인천광역시 남동구 남촌로122번길 62-8,405844,21623,,1,,126.714829532005,37.4326016451853
MA010120220800500783,갑산한약방,,G2,소매,G221,기타 상품 소매,G22199,그 외 기타 상품 전문 소매업,G47859,그 외 기타 분류 안된 상품 전문 소매업,11,서울특별시,11500,강서구,11500590,화곡본동,1150010300,화곡동,1150010300104030002,1,대지,403,2,서울특별시 강서구 화곡동 403-2,115003115003,서울특별시 강서구 까치산로,4,,1150010300104030002017784,하이트맨션,서울특별시 강서구 까치산로 4,157888,07728,,1,,126.841894489074,37.5405012519574
MA010120220800514918,원샷파워플러스,,G2,소매,G221,기타 상품 소매,G22199,그 외 기타 상품 전문 소매업,G47859,그 외 기타 분류 안된 상품 전문 소매업,11,서울특별시,11500,강서구,11500611,발산1동,1150010600,내발산동,1150010600107100016,1,대지,710,16,서울특별시 강서구 내발산동 710-16,115004145060,서울특별시 강서구 강서로47다길,48,11,1150010600107100016000001,세명파크빌,서울특별시 강서구 강서로47다길 48-11,157833,07638,,4,,126.833317739391,37.5506346966609
MA010120220801095868,신애성구사,,G2,소매,G221,기타 상품 소매,G22199,그 외 기타 상품 전문 소매업,G47859,그 외 기타 분류 안된 상품 전문 소매업,28,인천광역시,28177,미추홀구,28177650,주안4동,2817710500,주안동,2817710500104310001,1,대지,431,1,인천광역시 미추홀구 주안동 431-1,281773000028,인천광역시 미추홀구 경인로,392,,2817010600104310001043349,경인상가,인천광역시 미추홀구 경인로 392,402843,22148,,2,,126.683164814469,37.4580376407619
MA010120220801217306,보현만물,,G2,소매,G221,기타 상품 소매,G22199,그 외 기타 상품 전문 소매업,G47859,그 외 기타 분류 안된 상품 전문 소매업,28,인천광역시,28237,부평구,28237550,부평5동,2823710100,부평동,2823710100105270002,1,대지,527,2,인천광역시 부평구 부평동 527-2,282373154027,인천광역시 부평구 부평문화로,110,,2823710100105270002101446,신영타워,인천광역시 부평구 부평문화로 110,403824,21396,,2,,126.728369284637,37.4940373024482
MA010120220800047469,탄도안인삼,,G2,소매,G221,기타 상품 소매,G22199,그 외 기타 상품 전문 소매업,G47859,그 외 기타 분류 안된 상품 전문 소매업,26,부산광역시,26230,부산진구,26230510,부전1동,2623010300,부전동,2623010300105730003,1,대지,573,3,부산광역시 부산진구 부전동 573-3,262304187696,부산광역시 부산진구 중앙대로783번길,23,,2623010300105730021011896,부전시장,부산광역시 부산진구 중앙대로783번길 23,614848,47251,,2,,129.06102082303,35.1633059594121
MA010120220800095405,현서인삼,,G2,소매,G221,기타 상품 소매,G22199,그 외 기타 상품 전문 소매업,G47859,그 외 기타 분류 안된 상품 전문 소매업,26,부산광역시,26230,부산진구,26230510,부전1동,2623010300,부전동,2623010300105730003,1,대지,573,3,부산광역시 부산진구 부전동 573-3,262304187696,부산광역시 부산진구 중앙대로783번길,23,,2623010300105730021011896,부전시장,부산광역시 부산진구 중앙대로783번길 23,614848,47251,,2,,129.06102082303,35.1633059594121
MA010120220800557401,대흥목재,,G2,소매,G221,기타 상품 소매,G22199,그 외 기타 상품 전문 소매업,G47859,그 외 기타 분류 안된 상품 전문 소매업,11,서울특별시,11380,은평구,11380580,응암1동,1138010700,응암동,1138010700101180012,1,대지,118,12,서울특별시 은평구 응암동 118-12,113804133239,서울특별시 은평구 응암로29길,10,,1138010700101180012000001,대운브랜뉴,서울특별시 은평구 응암로29길 10,122910,03453,,2,,126.918119290583,37.5966116097916
MA010120220801118492,드림큐브시스템,,G2,소매,G221,기타 상품 소매,G22199,그 외 기타 상품 전문 소매업,G47859,그 외 기타 분류 안된 상품 전문 소매업,28,인천광역시,28177,미추홀구,28177510,숭의2동,2817710100,숭의동,2817710100102940011,1,대지,294,11,인천광역시 미추홀구 숭의동 294-11,281773008017,인천광역시 미추홀구 독배로,443,,2817010100102940011054871,동아씨티월드,인천광역시 미추홀구 독배로 443,402817,22177,,2,,126.648168197652,37.4588486506252
MA010120220800114197,다정인삼,,G2,소매,G221,기타 상품 소매,G22199,그 외 기타 상품 전문 소매업,G47859,그 외 기타 분류 안된 상품 전문 소매업,26,부산광역시,26230,부산진구,26230510,부전1동,2623010300,부전동,2623010300105730003,1,대지,573,3,부산광역시 부산진구 부전동 573-3,262304187696,부산광역시 부산진구 중앙대로783번길,23,,2623010300105730021011896,부전시장,부산광역시 부산진구 중앙대로783번길 23,614848,47251,,2,,129.06102082303,35.1633059594121
MA010120220801196601,SH소방,,G2,소매,G221,기타 상품 소매,G22199,그 외 기타 상품 전문 소매업,G47859,그 외 기타 분류 안된 상품 전문 소매업,28,인천광역시,28237,부평구,28237661,부개3동,2823710700,부개동,2823710700104770005,1,대지,477,5,인천광역시 부평구 부개동 477-5,282374262101,인천광역시 부평구 길주남로113번길,12,,2823710700104770005100867,동아아파트,인천광역시 부평구 길주남로113번길 12,403813,21351,,4,,126.735124462994,37.5056305378902
MA010120220801027960,부라더미싱,,G2,소매,G221,기타 상품 소매,G22199,그 외 기타 상품 전문 소매업,G47859,그 외 기타 분류 안된 상품 전문 소매업,11,서울특별시,11680,강남구,11680610,대치2동,1168010600,대치동,1168010600103160000,1,대지,316,,서울특별시 강남구 대치동 316,116803122005,서울특별시 강남구 삼성로,212,,1168010600103160000014551,은마,서울특별시 강남구 삼성로 212,135778,06284,,2,,127.06590829364,37.4996200993077
MA010120220800870973,성남희망과학,,G2,소매,G221,기타 상품 소매,G22199,그 외 기타 상품 전문 소매업,G47859,그 외 기타 분류 안된 상품 전문 소매업,41,경기도,41133,성남시 중원구,41133570,상대원1동,4113310500,상대원동,4113310500113820000,1,대지,1382,,경기도 성남시 중원구 상대원동 1382,411334337168,경기도 성남시 중원구 박석로15번길,6,12,4113310500113820000057895,삼환빌라,경기도 성남시 중원구 박석로15번길 6-12,462808,13228,,3,,127.165486845703,37.4346318211411
MA010120220801006634,유한책임회사하이모신림지점,,G2,소매,G221,기타 상품 소매,G22199,그 외 기타 상품 전문 소매업,G47422,의복 액세서리 및 모조 장신구 소매업,11,서울특별시,11620,관악구,11620725,조원동,1162010200,신림동,1162010200116590000,1,대지,1659,,서울특별시 관악구 신림동 1659,116203120011,서울특별시 관악구 조원중앙로,21,,1162010200116590000008382,조원하이모빌딩,서울특별시 관악구 조원중앙로 21,151904,08769,,2,,126.905333229396,37.481652489851
MA010120220800299097,용산군장점미광사,,G2,소매,G221,기타 상품 소매,G22199,그 외 기타 상품 전문 소매업,G47859,그 외 기타 분류 안된 상품 전문 소매업,11,서울특별시,11170,용산구,11170625,한강로동,1117012500,한강로2가,1117012500104220000,1,대지,422,,서울특별시 용산구 한강로2가 422,111702005005,서울특별시 용산구 한강대로,95,,1117012500103420000013530,래미안용산더센트럴,서울특별시 용산구 한강대로 95,140012,04378,,1,,126.966659672077,37.5288172968287
MA010120220801089899,대흥유통,,G2,소매,G221,기타 상품 소매,G22199,그 외 기타 상품 전문 소매업,G47859,그 외 기타 분류 안된 상품 전문 소매업,28,인천광역시,28177,미추홀구,28177680,주안7동,2817710500,주안동,2817710500113110029,1,대지,1311,29,인천광역시 미추홀구 주안동 1311-29,281772008003,인천광역시 미추홀구 미추홀대로,543,,2817010600113110029194373,,인천광역시 미추홀구 미추홀대로 543,402852,22216,,,,126.678661805808,37.4458978912401
MA010120220801107116,드림정보통신,,G2,소매,G221,기타 상품 소매,G22199,그 외 기타 상품 전문 소매업,G47859,그 외 기타 분류 안된 상품 전문 소매업,28,인천광역시,28177,미추홀구,28177660,주안5동,2817710500,주안동,2817710500100080057,1,대지,8,57,인천광역시 미추홀구 주안동 8-57,281773151001,인천광역시 미추홀구 길파로,29,,2817010600100080057159321,,인천광역시 미추홀구 길파로 29,402836,22126,,2,,126.67949234392,37.4684253705967
MA010120220801113797,농사인,,G2,소매,G221,기타 상품 소매,G22199,그 외 기타 상품 전문 소매업,G47859,그 외 기타 분류 안된 상품 전문 소매업,28,인천광역시,28720,옹진군,28720310,북도면,2872031021,북도면,2872031021104320000,1,대지,432,,인천광역시 옹진군 북도면 시도리 432,287204274121,인천광역시 옹진군 북도면 시도로61번길,20,5,2872031021104320000008843,,인천광역시 옹진군 북도면 시도로61번길 20-5,409831,23114,,,,126.429506664281,37.5317147862736
MA010120220801104136,한국경비산업,,G2,소매,G221,기타 상품 소매,G22199,그 외 기타 상품 전문 소매업,G47859,그 외 기타 분류 안된 상품 전문 소매업,28,인천광역시,28110,중구,28110540,신흥동,2811012600,신흥동1가,2811012600100010009,1,대지,1,9,인천광역시 중구 신흥동1가 1-9,281103149064,인천광역시 중구 제물량로,90,,2811012600100010009066988,,인천광역시 중구 제물량로 90,400101,22320,,,,126.633319109559,37.4675612964922
MA010120220801129774,신농종묘사,,G2,소매,G221,기타 상품 소매,G22199,그 외 기타 상품 전문 소매업,G47859,그 외 기타 분류 안된 상품 전문 소매업,28,인천광역시,28110,중구,28110585,동인천동,2811013600,인현동,2811013600100010198,1,대지,1,198,인천광역시 중구 인현동 1-198,281103149065,인천광역시 중구 참외전로,149,2,2811013600100010198080986,,인천광역시 중구 참외전로 149-2,400180,22317,,,,126.633503530679,37.4737788084478
MA010120220801104346,현미가발,,G2,소매,G221,기타 상품 소매,G22199,그 외 기타 상품 전문 소매업,G47422,의복 액세서리 및 모조 장신구 소매업,28,인천광역시,28200,남동구,28200510,구월1동,2820010100,구월동,2820010100114990001,1,대지,1499,1,인천광역시 남동구 구월동 1499-1,282003008011,인천광역시 남동구 인하로,559,,2820010100204590001000001,센트럴프라자,인천광역시 남동구 인하로 559,405221,21581,,,,126.708879739979,37.4430659177402
MA010120220801123866,와이씨에이치유통,,G2,소매,G221,기타 상품 소매,G22199,그 외 기타 상품 전문 소매업,G47859,그 외 기타 분류 안된 상품 전문 소매업,28,인천광역시,28177,미추홀구,28177520,숭의1.3동,2817710100,숭의동,2817710100101030004,1,대지,103,4,인천광역시 미추홀구 숭의동 103-4,281774253315,인천광역시 미추홀구 석정로107번길,4,7,2817010100101030004061305,,인천광역시 미추홀구 석정로107번길 4-7,402813,22104,,,,126.647195118361,37.4686937580397
MA010120220801134131,에이치케이싸인,,G2,소매,G221,기타 상품 소매,G22199,그 외 기타 상품 전문 소매업,G47859,그 외 기타 분류 안된 상품 전문 소매업,28,인천광역시,28177,미추홀구,28177690,주안8동,2817710500,주안동,2817710500110600017,1,대지,1060,17,인천광역시 미추홀구 주안동 1060-17,281774253564,인천광역시 미추홀구 인주대로496번길,43,,2817010600110600017213987,,인천광역시 미추홀구 인주대로496번길 43,402849,22239,,1,,126.693123470312,37.4494772970803
MA010120220801090726,제일농약사,,G2,소매,G221,기타 상품 소매,G22199,그 외 기타 상품 전문 소매업,G47859,그 외 기타 분류 안된 상품 전문 소매업,44,충청남도,44131,천안시 동남구,44131510,중앙동,4413110400,사직동,4413110400102020044,1,대지,202,44,충청남도 천안시 동남구 사직동 202-44,441314547671,충청남도 천안시 동남구 중앙시장길,1,,4413110400102020044023388,,충청남도 천안시 동남구 중앙시장길 1,330040,31129,,1,,127.148772901866,36.8007647958866
MA010120220801135722,남도농약종묘사,,G2,소매,G221,기타 상품 소매,G22199,그 외 기타 상품 전문 소매업,G47859,그 외 기타 분류 안된 상품 전문 소매업,48,경상남도,48820,고성군,48820400,회화면,4882040021,회화면,4882040021108400000,1,대지,840,,경상남도 고성군 회화면 배둔리 840,488203342019,경상남도 고성군 회화면 배둔로,7,,4882040021108400000042734,,경상남도 고성군 회화면 배둔로 7,638813,52914,,,,128.366920206664,35.0564138470431
MA010120220801105107,우신상사,,G2,소매,G221,기타 상품 소매,G22199,그 외 기타 상품 전문 소매업,G47859,그 외 기타 분류 안된 상품 전문 소매업,28,인천광역시,28237,부평구,28237560,부평6동,2823710100,부평동,2823710100106210022,1,대지,621,22,인천광역시 부평구 부평동 621-22,282373000028,인천광역시 부평구 경인로,1003,,2823710100106210023204028,일부,인천광역시 부평구 경인로 1003,403827,21414,,1,,126.731254210639,37.4873404235529
MA010120220801115365,반쪽이공방,,G2,소매,G221,기타 상품 소매,G22199,그 외 기타 상품 전문 소매업,G47859,그 외 기타 분류 안된 상품 전문 소매업,28,인천광역시,28185,연수구,28185766,청학동,2818510400,청학동,2818510400104580009,1,대지,458,9,인천광역시 연수구 청학동 458-9,281854256201,인천광역시 연수구 청능말로14번길,6,,2818510400104580009083864,,인천광역시 연수구 청능말로14번길 6,406830,21962,,1,,126.668063456415,37.4173515526677
MA010120220801121406,현대유통,,G2,소매,G221,기타 상품 소매,G22199,그 외 기타 상품 전문 소매업,G47859,그 외 기타 분류 안된 상품 전문 소매업,28,인천광역시,28110,중구,28110585,동인천동,2811013600,인현동,2811013600100010165,1,대지,1,165,인천광역시 중구 인현동 1-165,281103149065,인천광역시 중구 참외전로,143,,2811013600100010165107299,,인천광역시 중구 참외전로 143,400180,22317,,,,126.632925224429,37.4741374154023
MA010120220801133202,구산사,,G2,소매,G221,기타 상품 소매,G22199,그 외 기타 상품 전문 소매업,G47859,그 외 기타 분류 안된 상품 전문 소매업,41,경기도,41570,김포시,41570340,대곶면,4157034026,대곶면,4157034026103390002,1,대지,339,2,경기도 김포시 대곶면 초원지리 339-2,415704427429,경기도 김포시 대곶면 용두로18번길,72,,4157034026103390002000003,일부,경기도 김포시 대곶면 용두로18번길 72,415837,10038,,,,126.600344237489,37.6563381189853
MA010120220801100181,블랙화이트,,G2,소매,G221,기타 상품 소매,G22199,그 외 기타 상품 전문 소매업,G47859,그 외 기타 분류 안된 상품 전문 소매업,28,인천광역시,28177,미추홀구,28177600,도화1동,2817710400,도화동,2817710400104420002,1,대지,442,2,인천광역시 미추홀구 도화동 442-2,281773151017,인천광역시 미추홀구 제일로,45,,2817010500104420002009339,,인천광역시 미추홀구 제일로 45,402809,22138,,,,126.675463789073,37.4589537923326
MA010120220801105353,용일불교,백화점,G2,소매,G221,기타 상품 소매,G22199,그 외 기타 상품 전문 소매업,G47859,그 외 기타 분류 안된 상품 전문 소매업,28,인천광역시,28177,미추홀구,28177540,용현1.4동,2817710200,용현동,2817710200100170001,1,대지,17,1,인천광역시 미추홀구 용현동 17-1,281774253744,인천광역시 미추홀구 한나루로489번길,1,,2817010200100170001118429,,인천광역시 미추홀구 한나루로489번길 1,402818,22209,,,,126.666911222986,37.4504965511365
MA010120220801097574,인천유통,,G2,소매,G221,기타 상품 소매,G22199,그 외 기타 상품 전문 소매업,G47859,그 외 기타 분류 안된 상품 전문 소매업,28,인천광역시,28177,미추홀구,28177590,학익2동,2817710300,학익동,2817710300103130002,1,대지,313,2,인천광역시 미추홀구 학익동 313-2,281774253651,인천광역시 미추홀구 재넘이길9번길,51,13,2817010300103130002043933,,인천광역시 미추홀구 재넘이길9번길 51-13,402867,22210,,1,,126.665398964499,37.4449420573321
MA010120220801122168,대덕,불교용품점,G2,소매,G221,기타 상품 소매,G22199,그 외 기타 상품 전문 소매업,G47859,그 외 기타 분류 안된 상품 전문 소매업,28,인천광역시,28177,미추홀구,28177670,주안6동,2817710500,주안동,2817710500115860010,1,대지,1586,10,인천광역시 미추홀구 주안동 1586-10,281773000028,인천광역시 미추홀구 경인로,468,,2817010600115860010214482,전부,인천광역시 미추홀구 경인로 468,402848,22145,,1,,126.691967889137,37.4584393378351
MA010120220801124887,예준유통,,G2,소매,G221,기타 상품 소매,G22199,그 외 기타 상품 전문 소매업,G47859,그 외 기타 분류 안된 상품 전문 소매업,28,인천광역시,28237,부평구,28237510,부평1동,2823710100,부평동,2823710100101800017,1,대지,180,17,인천광역시 부평구 부평동 180-17,282373154050,인천광역시 부평구 장제로,47,,2823710100101800017108688,,인천광역시 부평구 장제로 47,403819,21404,,,,126.729300965947,37.4896785780164
MA010120220801130287,TOP시스템,,G2,소매,G221,기타 상품 소매,G22199,그 외 기타 상품 전문 소매업,G47859,그 외 기타 분류 안된 상품 전문 소매업,28,인천광역시,28177,미추홀구,28177660,주안5동,2817710500,주안동,2817710500100080057,1,대지,8,57,인천광역시 미추홀구 주안동 8-57,281773151001,인천광역시 미추홀구 길파로,29,,2817010600100080057159321,,인천광역시 미추홀구 길파로 29,402836,22126,,2,,126.67949234392,37.4684253705967
MA010120220801130966,로하스식물병원,,G2,소매,G221,기타 상품 소매,G22199,그 외 기타 상품 전문 소매업,G47859,그 외 기타 분류 안된 상품 전문 소매업,28,인천광역시,28110,중구,28110620,영종동,2811014600,운남동,2811014600103280001,1,대지,328,1,인천광역시 중구 운남동 328-1,281104247278,인천광역시 중구 운중로48번길,66,24,2811014600103280001222697,,인천광역시 중구 운중로48번길 66-24,400812,22359,,,,126.536093205626,37.4877173891308
MA010120220801126229,포트원,,G2,소매,G221,기타 상품 소매,G22199,그 외 기타 상품 전문 소매업,G47859,그 외 기타 분류 안된 상품 전문 소매업,28,인천광역시,28140,동구,28140610,송림4동,2814010700,송림동,2814010700102940000,1,대지,294,,인천광역시 동구 송림동 294,281404250070,인천광역시 동구 방축로83번길,23,,2814010700102940000004016,산업유통센터,인천광역시 동구 방축로83번길 23,401722,22530,,,,126.654796465778,37.4848261851048
MA010120220801131565,더프라이스,,G2,소매,G221,기타 상품 소매,G22199,그 외 기타 상품 전문 소매업,G47859,그 외 기타 분류 안된 상품 전문 소매업,28,인천광역시,28110,중구,28110628,운서동,2811014700,운서동,2811014700130960003,1,대지,3096,3,인천광역시 중구 운서동 3096-3,281104247494,인천광역시 중구 영종대로196번길,15,7,2811014700130960003000001,스카이탑,인천광역시 중구 영종대로196번길 15-7,400340,22376,,,,126.500791542024,37.4912946231221
MA010120220801122493,해수불교용품,백화점,G2,소매,G221,기타 상품 소매,G22199,그 외 기타 상품 전문 소매업,G47859,그 외 기타 분류 안된 상품 전문 소매업,28,인천광역시,28140,동구,28140590,송림2동,2814010700,송림동,2814010700100570022,1,대지,57,22,인천광역시 동구 송림동 57-22,281403150037,인천광역시 동구 송림로,72,1,2814010700100570022015789,,인천광역시 동구 송림로 72-1,401813,22556,,,,126.642959207812,37.4751592669322
MA010120220801092471,종합만물,,G2,소매,G221,기타 상품 소매,G22199,그 외 기타 상품 전문 소매업,G47859,그 외 기타 분류 안된 상품 전문 소매업,28,인천광역시,28177,미추홀구,28177680,주안7동,2817710500,주안동,2817710500113410025,1,대지,1341,25,인천광역시 미추홀구 주안동 1341-25,281774253600,인천광역시 미추홀구 인하로272번길,16,1,2817010600113410025187327,,인천광역시 미추홀구 인하로272번길 16-1,402852,22216,,,,126.678068150068,37.4473018521628
MA010120220801126638,주안불교만물,,G2,소매,G221,기타 상품 소매,G22199,그 외 기타 상품 전문 소매업,G47859,그 외 기타 분류 안된 상품 전문 소매업,28,인천광역시,28177,미추홀구,28177640,주안3동,2817710500,주안동,2817710500108040026,1,대지,804,26,인천광역시 미추홀구 주안동 804-26,281774253745,인천광역시 미추홀구 한나루로490번길,21,,2817010600108040026047869,,인천광역시 미추홀구 한나루로490번길 21,402845,22213,,,,126.668538175067,37.4506002363289
MA010120220801126739,현대만물,,G2,소매,G221,기타 상품 소매,G22199,그 외 기타 상품 전문 소매업,G47859,그 외 기타 분류 안된 상품 전문 소매업,28,인천광역시,28140,동구,28140630,송림6동,2814010700,송림동,2814010700100610014,1,대지,61,14,인천광역시 동구 송림동 61-14,281403150037,인천광역시 동구 송림로,104,,2814010700100610014000001,외,인천광역시 동구 송림로 104,401076,22558,,,,126.646278759045,37.4760432262219
MA010120220801092781,김포상회,,G2,소매,G221,기타 상품 소매,G22199,그 외 기타 상품 전문 소매업,G47859,그 외 기타 분류 안된 상품 전문 소매업,28,인천광역시,28110,중구,28110530,신포동,2811012400,신포동,2811012400100120001,1,대지,12,1,인천광역시 중구 신포동 12-1,281104247238,인천광역시 중구 우현로45번길,23,,2811012400100120001085766,,인천광역시 중구 우현로45번길 23,400080,22322,,,,126.62683531085,37.4711630421416
MA010120220801103577,황해만물사,,G2,소매,G221,기타 상품 소매,G22199,그 외 기타 상품 전문 소매업,G47859,그 외 기타 분류 안된 상품 전문 소매업,28,인천광역시,28140,동구,28140590,송림2동,2814010700,송림동,2814010700100550014,1,대지,55,14,인천광역시 동구 송림동 55-14,281403150037,인천광역시 동구 송림로,85,,2814010700100550014042736,,인천광역시 동구 송림로 85,401813,22543,,1,,126.644040684506,37.4759644246122
MA010120220801127188,상설악세사리,,G2,소매,G221,기타 상품 소매,G22199,그 외 기타 상품 전문 소매업,G47422,의복 액세서리 및 모조 장신구 소매업,28,인천광역시,28177,미추홀구,28177560,용현3동,2817710200,용현동,2817710200104530166,1,대지,453,166,인천광역시 미추홀구 용현동 453-166,281774253489,인천광역시 미추홀구 용삼길,39,1,2817010200104530166110839,,인천광역시 미추홀구 용삼길 39-1,402830,22179,,,,126.651823140893,37.4579494573203
MA010120220801127294,한강기획,,G2,소매,G221,기타 상품 소매,G22199,그 외 기타 상품 전문 소매업,G47859,그 외 기타 분류 안된 상품 전문 소매업,28,인천광역시,28110,중구,28110620,영종동,2811014600,운남동,2811014600101170001,1,대지,117,1,인천광역시 중구 운남동 117-1,281103149042,인천광역시 중구 운중로,63,,2811014600101170001222648,,인천광역시 중구 운중로 63,400811,22359,,,,126.54052531875,37.493293879229
MA010120220801170289,센스위그,,G2,소매,G221,기타 상품 소매,G22199,그 외 기타 상품 전문 소매업,G47422,의복 액세서리 및 모조 장신구 소매업,31,울산광역시,31170,동구,31170520,일산동,3117010300,일산동,3117010300105340012,1,대지,534,12,울산광역시 동구 일산동 534-12,311703171017,울산광역시 동구 학문로,1,,3117010300105340012004658,,울산광역시 동구 학문로 1,682811,44067,,2,,129.428848559118,35.5024232443898
MA010120220801165637,하수오홍삼,,G2,소매,G221,기타 상품 소매,G22199,그 외 기타 상품 전문 소매업,G47859,그 외 기타 분류 안된 상품 전문 소매업,52,전북특별자치도,52720,진안군,52720250,진안읍,5272025021,진안읍,5272025021102340000,1,대지,234,,전북특별자치도 진안군 진안읍 군상리 234,527203274057,전북특별자치도 진안군 진안읍 진무로,1166,,4572025021102340000010054,,전북특별자치도 진안군 진안읍 진무로 1166,567804,55422,,,,127.434251985031,35.7949238114995
MA010120220801175862,장기농약사,,G2,소매,G221,기타 상품 소매,G22199,그 외 기타 상품 전문 소매업,G47859,그 외 기타 분류 안된 상품 전문 소매업,28,인천광역시,28245,계양구,28245710,계양1동,2824512300,장기동,2824512300101480011,1,대지,148,11,인천광역시 계양구 장기동 148-11,282454265475,인천광역시 계양구 황어로126번길,14,,2824512300101480011000001,,인천광역시 계양구 황어로126번길 14,407470,21006,,,,126.735353962585,37.5783235068671
MA010120220801144090,대천총포사,,G2,소매,G221,기타 상품 소매,G22199,그 외 기타 상품 전문 소매업,G47859,그 외 기타 분류 안된 상품 전문 소매업,44,충청남도,44180,보령시,44180535,대천3동,4418010400,동대동,4418010400116850000,1,대지,1685,,충청남도 보령시 동대동 1685,441804556608,충청남도 보령시 큰오랏1길,14,14,4418010400116860000011780,,충청남도 보령시 큰오랏1길 14-14,355938,33435,,,,126.605618051126,36.3482908820165
MA010120220801168602,강원인삼약초건재,,G2,소매,G221,기타 상품 소매,G22199,그 외 기타 상품 전문 소매업,G47859,그 외 기타 분류 안된 상품 전문 소매업,28,인천광역시,28245,계양구,28245601,효성1동,2824510100,효성동,2824510100102770009,1,대지,277,9,인천광역시 계양구 효성동 277-9,282453008032,인천광역시 계양구 새벌로,132,,2824510100102770009209239,,인천광역시 계양구 새벌로 132,407829,21110,,,,126.717145198728,37.5287355607631
MA010120220801173712,프리위그,,G2,소매,G221,기타 상품 소매,G22199,그 외 기타 상품 전문 소매업,G47422,의복 액세서리 및 모조 장신구 소매업,28,인천광역시,28200,남동구,28200521,구월3동,2820010100,구월동,2820010100111480004,1,대지,1148,4,인천광역시 남동구 구월동 1148-4,282002008004,인천광역시 남동구 인주대로,630,,2820010100111480004003897,방한빌딩,인천광역시 남동구 인주대로 630,405223,21571,,,,126.706831825173,37.4495120962631
MA010120220801149257,경인농약,,G2,소매,G221,기타 상품 소매,G22199,그 외 기타 상품 전문 소매업,G47859,그 외 기타 분류 안된 상품 전문 소매업,28,인천광역시,28140,동구,28140605,송림3.5동,2814010700,송림동,2814010700101250071,1,대지,125,71,인천광역시 동구 송림동 125-71,281403150037,인천광역시 동구 송림로,120,,2814010700101250071047033,,인천광역시 동구 송림로 120,401073,22558,,,,126.647938078171,37.4765887851495
MA010120220801161170,베이스방재,,G2,소매,G221,기타 상품 소매,G22199,그 외 기타 상품 전문 소매업,G47859,그 외 기타 분류 안된 상품 전문 소매업,28,인천광역시,28110,중구,28110628,운서동,2811014700,운서동,2811014700130960001,1,대지,3096,1,인천광역시 중구 운서동 3096-1,281104247494,인천광역시 중구 영종대로196번길,7,,2811014700130960001000001,운서동스카이캐슬,인천광역시 중구 영종대로196번길 7,400340,22376,,9,,126.50020122531,37.491643516608
MA010120220801169005,부평수삼연쇄점,,G2,소매,G221,기타 상품 소매,G22199,그 외 기타 상품 전문 소매업,G47859,그 외 기타 분류 안된 상품 전문 소매업,28,인천광역시,28237,부평구,28237540,부평4동,2823710100,부평동,2823710100102040021,1,대지,204,21,인천광역시 부평구 부평동 204-21,282373154010,인천광역시 부평구 대정로,44,1,2823710100102040021101633,,인천광역시 부평구 대정로 44-1,403820,21393,,,,126.725391075456,37.4951837026674
MA010120220801138866,준에어텍,,G2,소매,G221,기타 상품 소매,G22199,그 외 기타 상품 전문 소매업,G47859,그 외 기타 분류 안된 상품 전문 소매업,41,경기도,41173,안양시 동안구,41173559,인덕원동,4117310200,관양동,4117310200115050029,1,대지,1505,29,경기도 안양시 동안구 관양동 1505-29,411733012010,경기도 안양시 동안구 안양판교로,20,,4117310200115050029003477,신한데뷰,경기도 안양시 동안구 안양판교로 20,431810,13943,,3,,126.978055829997,37.400299680138
MA010120220801166613,오스카가발,,G2,소매,G221,기타 상품 소매,G22199,그 외 기타 상품 전문 소매업,G47422,의복 액세서리 및 모조 장신구 소매업,51,강원특별자치도,51130,원주시,51130675,반곡관설동,5113011600,관설동,5113011600117580004,1,대지,1758,4,강원특별자치도 원주시 관설동 1758-4,511304457586,강원특별자치도 원주시 치악고교길,87,,4213011600117580004029237,,강원특별자치도 원주시 치악고교길 87,220934,26469,,,,127.958809538871,37.3167302370281
MA010120220801179789,멋쟁이가발,,G2,소매,G221,기타 상품 소매,G22199,그 외 기타 상품 전문 소매업,G47422,의복 액세서리 및 모조 장신구 소매업,28,인천광역시,28237,부평구,28237540,부평4동,2823710100,부평동,2823710100102110136,1,대지,211,136,인천광역시 부평구 부평동 211-136,282374262408,인천광역시 부평구 부평문화로65번길,4,,2823710100102110136100673,,인천광역시 부평구 부평문화로65번길 4,403820,21393,,,,126.723698179098,37.4942787512224
MA010120220801184699,강화초지인삼센타,,G2,소매,G221,기타 상품 소매,G22199,그 외 기타 상품 전문 소매업,G47859,그 외 기타 분류 안된 상품 전문 소매업,28,인천광역시,28710,강화군,28710330,길상면,2871033024,길상면,2871033024112510363,1,대지,1251,363,인천광역시 강화군 길상면 초지리 1251-363,287103157036,인천광역시 강화군 길상면 초지로,151,,2871033024112510363000001,강화초지인삼센터,인천광역시 강화군 길상면 초지로 151,417843,23052,,,,126.533099010866,37.6270346236541
MA010120220801169270,청암만물사,,G2,소매,G221,기타 상품 소매,G22199,그 외 기타 상품 전문 소매업,G47859,그 외 기타 분류 안된 상품 전문 소매업,28,인천광역시,28260,서구,28260560,석남2동,2826011000,석남동,2826011000105770037,1,대지,577,37,인천광역시 서구 석남동 577-37,282603156048,인천광역시 서구 석남로,105,,2826011000105770037017642,,인천광역시 서구 석남로 105,404829,22796,,,,126.673416142232,37.5009440109272
MA010120220801174580,보은불교사,,G2,소매,G221,기타 상품 소매,G22199,그 외 기타 상품 전문 소매업,G47859,그 외 기타 분류 안된 상품 전문 소매업,43,충청북도,43720,보은군,43720250,보은읍,4372025021,보은읍,4372025021100300006,1,대지,30,6,충청북도 보은군 보은읍 삼산리 30-6,437204523206,충청북도 보은군 보은읍 삼산로3길,13,,4372025021100300006000494,,충청북도 보은군 보은읍 삼산로3길 13,376807,28949,,,,127.719550922613,36.4829390694201
MA010120220801147807,펭귄루어#릴클리닉,,G2,소매,G221,기타 상품 소매,G22199,그 외 기타 상품 전문 소매업,G47859,그 외 기타 분류 안된 상품 전문 소매업,47,경상북도,47190,구미시,47190690,양포동,4719012900,구포동,4719012900106800001,1,대지,680,1,경상북도 구미시 구포동 680-1,471903308045,경상북도 구미시 옥계2공단로,260,,4719012900106800001035620,,경상북도 구미시 옥계2공단로 260,730400,39421,,1,,128.416077667913,36.1286988421017
MA010120220801158728,정금무역주,,G2,소매,G221,기타 상품 소매,G22199,그 외 기타 상품 전문 소매업,G47859,그 외 기타 분류 안된 상품 전문 소매업,28,인천광역시,28260,서구,28260560,석남2동,2826011000,석남동,2826011000106500155,1,대지,650,155,인천광역시 서구 석남동 650-155,282603156013,인천광역시 서구 건지로,67,3,2826011000106500155000001,,인천광역시 서구 건지로 67-3,404825,22772,,,,126.64900621382,37.4995945827886
MA010120220801180455,L.S케미칼,,G2,소매,G221,기타 상품 소매,G22199,그 외 기타 상품 전문 소매업,G47859,그 외 기타 분류 안된 상품 전문 소매업,28,인천광역시,28260,서구,28260560,석남2동,2826011000,석남동,2826011000102230202,1,대지,223,202,인천광역시 서구 석남동 223-202,282604268117,인천광역시 서구 건지로95번길,58,1,2826011000102230202017983,,인천광역시 서구 건지로95번길 58-1,404825,22772,,1,,126.650196362268,37.5038598499306
MA010120220801180557,세종만물사,,G2,소매,G221,기타 상품 소매,G22199,그 외 기타 상품 전문 소매업,G47859,그 외 기타 분류 안된 상품 전문 소매업,28,인천광역시,28237,부평구,28237550,부평5동,2823710100,부평동,2823710100101500027,1,대지,150,27,인천광역시 부평구 부평동 150-27,282374262387,인천광역시 부평구 부평문화로105번길,5,,2823710100101500027103249,,인천광역시 부평구 부평문화로105번길 5,403821,21392,,2,,126.727881082026,37.4945767815381
MA010120220801148013,삼성비니루상사,,G2,소매,G221,기타 상품 소매,G22199,그 외 기타 상품 전문 소매업,G47859,그 외 기타 분류 안된 상품 전문 소매업,28,인천광역시,28140,동구,28140580,송림1동,2814010700,송림동,2814010700102340003,1,대지,234,3,인천광역시 동구 송림동 234-3,281403150028,인천광역시 동구 화도진로,8,,2814010700102340003116694,,인천광역시 동구 화도진로 8,401812,22552,,1,,126.636453074733,37.4739951514678
MA010120220801199594,두리산업,,G2,소매,G221,기타 상품 소매,G22199,그 외 기타 상품 전문 소매업,G47859,그 외 기타 분류 안된 상품 전문 소매업,28,인천광역시,28237,부평구,28237690,십정2동,2823710200,십정동,2823710200104020050,1,대지,402,50,인천광역시 부평구 십정동 402-50,282373154014,인천광역시 부평구 동암광장로,20,,2823710200104020050015847,,인천광역시 부평구 동암광장로 20,403848,21445,,4,,126.701749209409,37.4715290482525
MA010120220801196931,제일농약사,,G2,소매,G221,기타 상품 소매,G22199,그 외 기타 상품 전문 소매업,G47859,그 외 기타 분류 안된 상품 전문 소매업,28,인천광역시,28237,부평구,28237540,부평4동,2823710100,부평동,2823710100102290007,1,대지,229,7,인천광역시 부평구 부평동 229-7,282373154010,인천광역시 부평구 대정로,53,,2823710100102290007109447,,인천광역시 부평구 대정로 53,403820,21391,,1,,126.726410349799,37.4947625955888
MA010120220801210107,계산불교,백화점,G2,소매,G221,기타 상품 소매,G22199,그 외 기타 상품 전문 소매업,G47859,그 외 기타 분류 안된 상품 전문 소매업,28,인천광역시,28245,계양구,28245611,계산1동,2824510200,계산동,2824510200109540004,1,대지,954,4,인천광역시 계양구 계산동 954-4,282454265080,인천광역시 계양구 계양대로194번길,16,1,2824510200109540004128509,,인천광역시 계양구 계양대로194번길 16-1,407807,21049,,,,126.724611058739,37.5412860887987
MA010120220801213729,한양총포사,,G2,소매,G221,기타 상품 소매,G22199,그 외 기타 상품 전문 소매업,G47859,그 외 기타 분류 안된 상품 전문 소매업,28,인천광역시,28237,부평구,28237650,부개1동,2823710700,부개동,2823710700102660002,1,대지,266,2,인천광역시 부평구 부개동 266-2,282373000028,인천광역시 부평구 경인로,1060,1,2823710700102660001203996,,인천광역시 부평구 경인로 1060-1,403810,21427,,,,126.737701840035,37.4865890592204
MA010120220801236414,우영,,G2,소매,G221,기타 상품 소매,G22199,그 외 기타 상품 전문 소매업,G47859,그 외 기타 분류 안된 상품 전문 소매업,41,경기도,41800,연천군,41800250,연천읍,4180025021,연천읍,4180025021100340080,1,대지,34,80,경기도 연천군 연천읍 차탄리 34-80,418003215030,경기도 연천군 연천읍 연천로,294,,4180025021100340080010686,,경기도 연천군 연천읍 연천로 294,486803,11013,,,,127.075442233081,38.1029871555995
MA010120220801236557,글로우캠핑,,G2,소매,G221,기타 상품 소매,G22199,그 외 기타 상품 전문 소매업,G47859,그 외 기타 분류 안된 상품 전문 소매업,41,경기도,41370,오산시,41370530,남촌동,4137010500,청학동,4137010500100580023,1,대지,58,23,경기도 오산시 청학동 58-23,413703198012,경기도 오산시 대호로,34,9,4137010500100580023000001,,경기도 오산시 대호로 34-9,447130,18119,,1,,127.058177881177,37.1547089564211
MA010120220801203793,소망상사,,G2,소매,G221,기타 상품 소매,G22199,그 외 기타 상품 전문 소매업,G47859,그 외 기타 분류 안된 상품 전문 소매업,28,인천광역시,28237,부평구,28237592,청천2동,2823710400,청천동,2823710400100090014,1,대지,9,14,인천광역시 부평구 청천동 9-14,282373154066,인천광역시 부평구 마장로,470,1,2823710400100090014000637,,인천광역시 부평구 마장로 470-1,403853,21311,,1,,126.704960100809,37.5202994252869
MA010120220801217841,해천산업,,G2,소매,G221,기타 상품 소매,G22199,그 외 기타 상품 전문 소매업,G47859,그 외 기타 분류 안된 상품 전문 소매업,28,인천광역시,28237,부평구,28237591,청천1동,2823710400,청천동,2823710400100630039,1,대지,63,39,인천광역시 부평구 청천동 63-39,282374262492,인천광역시 부평구 서달로298번길,133,8,2823710400100630039004974,,인천광역시 부평구 서달로298번길 133-8,403855,21300,,,,126.686758888307,37.5176486667039
MA010120220801197776,한일기계,,G2,소매,G221,기타 상품 소매,G22199,그 외 기타 상품 전문 소매업,G47859,그 외 기타 분류 안된 상품 전문 소매업,28,인천광역시,28260,서구,28260720,오류왕길동,2826011900,오류동,2826011900116400002,1,대지,1640,2,인천광역시 서구 오류동 1640-2,282603156147,인천광역시 서구 보듬5로,13,,2826011900004100088556328,검단공구상가,인천광역시 서구 보듬5로 13,404300,22666,,,,126.612544404445,37.5940128708911
MA010120220801227622,쌔롬가발,전문점,G2,소매,G221,기타 상품 소매,G22199,그 외 기타 상품 전문 소매업,G47422,의복 액세서리 및 모조 장신구 소매업,28,인천광역시,28245,계양구,28245602,효성2동,2824510100,효성동,2824510100103060008,1,대지,306,8,인천광역시 계양구 효성동 306-8,282453008033,인천광역시 계양구 안남로,462,,2824510100103060008003901,,인천광역시 계양구 안남로 462,407831,21113,,1,,126.710895165519,37.5241974109044
MA010120220801200741,영신사,,G2,소매,G221,기타 상품 소매,G22199,그 외 기타 상품 전문 소매업,G47859,그 외 기타 분류 안된 상품 전문 소매업,28,인천광역시,28237,부평구,28237560,부평6동,2823710100,부평동,2823710100106410007,1,대지,641,7,인천광역시 부평구 부평동 641-7,282374262620,인천광역시 부평구 육동로18번길,38,4,2823710100106410007200866,,인천광역시 부평구 육동로18번길 38-4,403828,21425,,,,126.726971148237,37.4867089095007
MA010120220801214844,작전상사,,G2,소매,G221,기타 상품 소매,G22199,그 외 기타 상품 전문 소매업,G47859,그 외 기타 분류 안된 상품 전문 소매업,28,인천광역시,28245,계양구,28245622,작전2동,2824510300,작전동,2824510300108540000,1,대지,854,,인천광역시 계양구 작전동 854,282452008009,인천광역시 계양구 계양대로,118,,2824510300108540000004696,대화빌딩,인천광역시 계양구 계양대로 118,407822,21089,,,,126.722905693805,37.5342993679908
MA010120220801194550,한국카드넷,,G2,소매,G221,기타 상품 소매,G22199,그 외 기타 상품 전문 소매업,G47859,그 외 기타 분류 안된 상품 전문 소매업,28,인천광역시,28237,부평구,28237650,부개1동,2823710700,부개동,2823710700103220000,1,대지,322,,인천광역시 부평구 부개동 322,282374262053,인천광역시 부평구 경인로1084번길,3,,2823710700103220000202903,,인천광역시 부평구 경인로1084번길 3,403811,21419,,,,126.740349601184,37.4860272742131
MA010120220801200815,제일불교마트,,G2,소매,G221,기타 상품 소매,G22199,그 외 기타 상품 전문 소매업,G47859,그 외 기타 분류 안된 상품 전문 소매업,28,인천광역시,28237,부평구,28237540,부평4동,2823710100,부평동,2823710100102220020,1,대지,222,20,인천광역시 부평구 부평동 222-20,282374262523,인천광역시 부평구 시장로51번길,4,,2823710100102220020101937,,인천광역시 부평구 시장로51번길 4,403820,21391,,1,,126.727233313799,37.4954582718234
MA010120220801204191,청원,,G2,소매,G221,기타 상품 소매,G22199,그 외 기타 상품 전문 소매업,G47859,그 외 기타 분류 안된 상품 전문 소매업,28,인천광역시,28200,남동구,28200550,간석3동,2820010200,간석동,2820010200107710006,1,대지,771,6,인천광역시 남동구 간석동 771-6,282003008030,인천광역시 남동구 평온로,11,,2820010200107710006000001,,인천광역시 남동구 평온로 11,405812,21513,,2,,126.711451253339,37.4767159091186
MA010120220801231713,노바텍,,G2,소매,G221,기타 상품 소매,G22199,그 외 기타 상품 전문 소매업,G47859,그 외 기타 분류 안된 상품 전문 소매업,27,대구광역시,27260,수성구,27260652,지산2동,2726011200,지산동,2726011200111920005,1,대지,1192,5,대구광역시 수성구 지산동 1192-5,272604238336,대구광역시 수성구 용학로30길,80,,2726011200111920005004358,,대구광역시 수성구 용학로30길 80,706844,42219,,,,128.62920659928,35.8214453052867
MA010120220801231920,대석전,,G2,소매,G221,기타 상품 소매,G22199,그 외 기타 상품 전문 소매업,G47859,그 외 기타 분류 안된 상품 전문 소매업,41,경기도,41630,양주시,41630340,장흥면,4163034023,장흥면,4163034023101440001,1,대지,144,1,경기도 양주시 장흥면 부곡리 144-1,416303212001,경기도 양주시 장흥면 가마골로,218,,4163034023101440001000001,,경기도 양주시 장흥면 가마골로 218,482812,11521,,,,126.977843249781,37.7374341620718
MA010120220801236678,대부상사,,G2,소매,G221,기타 상품 소매,G22199,그 외 기타 상품 전문 소매업,G47859,그 외 기타 분류 안된 상품 전문 소매업,26,부산광역시,26470,연제구,26470680,연산4동,2647010200,연산동,2647010200112320002,1,대지,1232,2,부산광역시 연제구 연산동 1232-2,264704211165,부산광역시 연제구 대리로5번길,54,,2647010200112320002000002,,부산광역시 연제구 대리로5번길 54,611822,47577,,2,,129.083920770762,35.1834243448127
MA010120220801198554,원국산약국,,G2,소매,G221,기타 상품 소매,G22199,그 외 기타 상품 전문 소매업,G47859,그 외 기타 분류 안된 상품 전문 소매업,11,서울특별시,11230,동대문구,11230545,제기동,1123010300,제기동,1123010300111260007,1,대지,1126,7,서울특별시 동대문구 제기동 1126-7,112303105007,서울특별시 동대문구 약령중앙로,8,1,1123010300111260007031641,,서울특별시 동대문구 약령중앙로 8-1,130864,02570,,,,127.037008017303,37.578992773768
MA010120220801208522,뉴서울자동차용품,,G2,소매,G221,기타 상품 소매,G22199,그 외 기타 상품 전문 소매업,G45213,자동차 내장용 신품 전기ㆍ전자ㆍ정밀기기 판매업,28,인천광역시,28237,부평구,28237641,갈산1동,2823710500,삼산동,2823710500102260009,1,대지,226,9,인천광역시 부평구 삼산동 226-9,282373154050,인천광역시 부평구 장제로,381,,2823710500102260009102865,,인천광역시 부평구 장제로 381,403802,21317,,1,,126.73223555448,37.5196706400219
MA010120220801208745,효성재봉기,,G2,소매,G221,기타 상품 소매,G22199,그 외 기타 상품 전문 소매업,G47859,그 외 기타 분류 안된 상품 전문 소매업,28,인천광역시,28245,계양구,28245622,작전2동,2824510300,작전동,2824510300108640028,1,대지,864,28,인천광역시 계양구 작전동 864-28,282454265084,인천광역시 계양구 계양대로89번길,1,,2824510300108640028064822,,인천광역시 계양구 계양대로89번길 1,407824,21047,,,,126.722157248315,37.5317117443049
MA010120220801208755,한국미싱,,G2,소매,G221,기타 상품 소매,G22199,그 외 기타 상품 전문 소매업,G47859,그 외 기타 분류 안된 상품 전문 소매업,28,인천광역시,28260,서구,28260575,신현원창동,2826010900,신현동,2826010900102840005,1,대지,284,5,인천광역시 서구 신현동 284-5,282603156005,인천광역시 서구 가정로,345,,2826010900102840005004380,일부호,인천광역시 서구 가정로 345,404832,22782,,1,,126.672627887182,37.5157092356586
MA010120220801212106,애경상사,,G2,소매,G221,기타 상품 소매,G22199,그 외 기타 상품 전문 소매업,G47859,그 외 기타 분류 안된 상품 전문 소매업,28,인천광역시,28237,부평구,28237550,부평5동,2823710100,부평동,2823710100105750004,1,대지,575,4,인천광역시 부평구 부평동 575-4,282373154010,인천광역시 부평구 대정로,73,1,2823710100105750004106576,,인천광역시 부평구 대정로 73-1,403824,21396,,,,126.72777261297,37.4933061154492
MA010120220801198865,우정엠앤에스,,G2,소매,G221,기타 상품 소매,G22199,그 외 기타 상품 전문 소매업,G47859,그 외 기타 분류 안된 상품 전문 소매업,28,인천광역시,28237,부평구,28237641,갈산1동,2823710600,갈산동,2823710600101120091,1,대지,112,91,인천광역시 부평구 갈산동 112-91,282374262005,인천광역시 부평구 갈산로5번길,28,2,2823710600101120091110431,,인천광역시 부평구 갈산로5번길 28-2,403801,21316,,1,,126.727607192722,37.5201646167665
MA010120220801226445,도연유통,,G2,소매,G221,기타 상품 소매,G22199,그 외 기타 상품 전문 소매업,G47859,그 외 기타 분류 안된 상품 전문 소매업,28,인천광역시,28237,부평구,28237550,부평5동,2823710100,부평동,2823710100105050007,1,대지,505,7,인천광역시 부평구 부평동 505-7,282373154050,인천광역시 부평구 장제로,60,,2823710100105050007109336,,인천광역시 부평구 장제로 60,403824,21403,,2,,126.730236229984,37.4905817222855
MA010120220801283981,우림엔텍,,G2,소매,G221,기타 상품 소매,G22199,그 외 기타 상품 전문 소매업,G47859,그 외 기타 분류 안된 상품 전문 소매업,41,경기도,41390,시흥시,41390591,정왕1동,4139013200,정왕동,4139013200113670001,1,대지,1367,1,경기도 시흥시 정왕동 1367-1,413902199001,경기도 시흥시 공단1대로,244,,4139013200113670001016345,공구상가,경기도 시흥시 공단1대로 244,429853,15103,,,,126.728445299906,37.3353324328239
MA010120220801274854,인산죽염,,G2,소매,G221,기타 상품 소매,G22199,그 외 기타 상품 전문 소매업,G47859,그 외 기타 분류 안된 상품 전문 소매업,41,경기도,41171,안양시 만안구,41171540,안양4동,4117110100,안양동,4117110100106760037,1,대지,676,37,경기도 안양시 만안구 안양동 676-37,411713182001,경기도 안양시 만안구 냉천로,204,,4117110100106760037008679,중앙시장,경기도 안양시 만안구 냉천로 204,430832,14001,,,,126.919024772647,37.3979944056265
MA010120220801289359,애니통,,G2,소매,G221,기타 상품 소매,G22199,그 외 기타 상품 전문 소매업,G47859,그 외 기타 분류 안된 상품 전문 소매업,41,경기도,41173,안양시 동안구,41173552,관양동,4117310200,관양동,4117310200113780022,1,대지,1378,22,경기도 안양시 동안구 관양동 1378-22,411734349085,경기도 안양시 동안구 관평로313번길,64,,4117310200113780022007051,,경기도 안양시 동안구 관평로313번길 64,431805,13936,,,,126.953714712863,37.4045725069184
MA010120220801238715,헤라정보통신,,G2,소매,G221,기타 상품 소매,G22199,그 외 기타 상품 전문 소매업,G47859,그 외 기타 분류 안된 상품 전문 소매업,52,전북특별자치도,52770,순창군,52770400,구림면,5277040031,구림면,5277040031100830009,1,대지,83,9,전북특별자치도 순창군 구림면 월정리 83-9,527704634246,전북특별자치도 순창군 구림면 유사길,28,18,4577040031100830009000001,,전북특별자치도 순창군 구림면 유사길 28-18,595871,56013,,1,,127.046065275391,35.4512170138293
MA010120220801267110,니카,,G2,소매,G221,기타 상품 소매,G22199,그 외 기타 상품 전문 소매업,G47422,의복 액세서리 및 모조 장신구 소매업,41,경기도,41171,안양시 만안구,41171540,안양4동,4117110100,안양동,4117110100106270287,1,대지,627,287,경기도 안양시 만안구 안양동 627-287,411713182016,경기도 안양시 만안구 안양로,275,,4117110100106270287000125,프린세스매장,경기도 안양시 만안구 안양로 275,430832,13997,,4,,126.922673875736,37.3967624486781
MA010120220801269600,동양상사,,G2,소매,G221,기타 상품 소매,G22199,그 외 기타 상품 전문 소매업,G47859,그 외 기타 분류 안된 상품 전문 소매업,11,서울특별시,11230,동대문구,11230560,전농1동,1123010400,전농동,1123010400101280064,1,대지,128,64,서울특별시 동대문구 전농동 128-64,112304115453,서울특별시 동대문구 전농로37길,54,,1123010400101280064027467,,서울특별시 동대문구 전농로37길 54,130851,02557,,,,127.051218474708,37.5829788652816
MA010120220801288067,모비피아,,G2,소매,G221,기타 상품 소매,G22199,그 외 기타 상품 전문 소매업,G47859,그 외 기타 분류 안된 상품 전문 소매업,41,경기도,41171,안양시 만안구,41171560,안양6동,4117110100,안양동,4117110100104290013,1,대지,429,13,경기도 안양시 만안구 안양동 429-13,411713182016,경기도 안양시 만안구 안양로,190,1,4117110100104290013010067,,경기도 안양시 만안구 안양로 190-1,430822,14033,,,,126.928393927693,37.3909003966103
MA010120220801258689,지란지교,,G2,소매,G221,기타 상품 소매,G22199,그 외 기타 상품 전문 소매업,G47859,그 외 기타 분류 안된 상품 전문 소매업,41,경기도,41210,광명시,41210550,광명4동,4121010100,광명동,4121010100101580922,1,대지,158,922,경기도 광명시 광명동 158-922,412103000022,경기도 광명시 오리로,1023,,4121010100101580922008356,,경기도 광명시 오리로 1023,423858,14285,,,,126.849731525994,37.4805857283904
MA010120220801275734,서현상사,,G2,소매,G221,기타 상품 소매,G22199,그 외 기타 상품 전문 소매업,G47859,그 외 기타 분류 안된 상품 전문 소매업,41,경기도,41590,화성시,41590360,팔탄면,4159036022,팔탄면,4159036022106410001,1,대지,641,1,경기도 화성시 팔탄면 창곡리 641-1,415903210111,경기도 화성시 팔탄면 푸른들판로,869,,4159036022106410001001722,,경기도 화성시 팔탄면 푸른들판로 869,445949,18525,,,,126.885277302776,37.1840151092503
MA010120220801250150,자연속산약초,,G2,소매,G221,기타 상품 소매,G22199,그 외 기타 상품 전문 소매업,G47859,그 외 기타 분류 안된 상품 전문 소매업,44,충청남도,44790,청양군,44790320,대치면,4479032031,대치면,4479032031101220001,1,대지,122,1,충청남도 청양군 대치면 형산리 122-1,447903261017,충청남도 청양군 대치면 청산로,1091,,4479032031101220001000001,,충청남도 청양군 대치면 청산로 1091,345893,33343,,,,126.895172019483,36.4640113991501
MA010120220801259063,흥농상회,,G2,소매,G221,기타 상품 소매,G22199,그 외 기타 상품 전문 소매업,G47859,그 외 기타 분류 안된 상품 전문 소매업,41,경기도,41171,안양시 만안구,41171550,안양5동,4117110100,안양동,4117110100106270038,1,대지,627,38,경기도 안양시 만안구 안양동 627-38,411713182016,경기도 안양시 만안구 안양로,263,,4117110100106270066020014,,경기도 안양시 만안구 안양로 263,430830,13997,,,,126.923476487346,37.3959971023278
MA010120220801285363,남양총포사,,G2,소매,G221,기타 상품 소매,G22199,그 외 기타 상품 전문 소매업,G47859,그 외 기타 분류 안된 상품 전문 소매업,41,경기도,41410,군포시,41410510,군포1동,4141010200,당정동,4141010200104690007,1,대지,469,7,경기도 군포시 당정동 469-7,414103200015,경기도 군포시 봉성로,100,,4141010200104690007003324,,경기도 군포시 봉성로 100,435833,15849,,,,126.955631664668,37.3523858955202
MA010120220801247780,에이스테크원주,,G2,소매,G221,기타 상품 소매,G22199,그 외 기타 상품 전문 소매업,G47859,그 외 기타 분류 안된 상품 전문 소매업,28,인천광역시,28237,부평구,28237648,삼산2동,2823710500,삼산동,2823710500104620001,1,대지,462,1,인천광역시 부평구 삼산동 462-1,282373154056,인천광역시 부평구 체육관로,14,,2823710500104620001108560,,인천광역시 부평구 체육관로 14,403866,21344,,,,126.733090212694,37.5083830265918
MA010120220801256969,안양총포사,,G2,소매,G221,기타 상품 소매,G22199,그 외 기타 상품 전문 소매업,G47859,그 외 기타 분류 안된 상품 전문 소매업,41,경기도,41171,안양시 만안구,41171530,안양3동,4117110100,안양동,4117110100108730101,1,대지,873,101,경기도 안양시 만안구 안양동 873-101,411714346201,경기도 안양시 만안구 안양로329번길,68,,4117110100108730101004877,,경기도 안양시 만안구 안양로329번길 68,430838,14005,,,,126.915520447856,37.4009382933327
MA010120220801288948,미니로,,G2,소매,G221,기타 상품 소매,G22199,그 외 기타 상품 전문 소매업,G47859,그 외 기타 분류 안된 상품 전문 소매업,41,경기도,41115,수원시 팔달구,41115740,행궁동,4111512200,팔달로3가,4111512200101310011,1,대지,131,11,경기도 수원시 팔달구 팔달로3가 131-11,411154328417,경기도 수원시 팔달구 행궁로84번길,20,,4111512200101310011053491,,경기도 수원시 팔달구 행궁로84번길 20,442023,16260,,지,,127.014612640704,37.2747872036836
MA010120220801273792,전국안전용품총판,,G2,소매,G221,기타 상품 소매,G22199,그 외 기타 상품 전문 소매업,G47859,그 외 기타 분류 안된 상품 전문 소매업,41,경기도,41463,용인시 기흥구,41463540,기흥동,4146310700,공세동,4146310700101290001,1,대지,129,1,경기도 용인시 기흥구 공세동 129-1,414633204075,경기도 용인시 기흥구 탑실로,145,36,4146310700101290001000001,,경기도 용인시 기흥구 탑실로 145-36,446902,17084,,,,127.120011146044,37.2451640781068
MA010120220801277389,경기종묘사,,G2,소매,G221,기타 상품 소매,G22199,그 외 기타 상품 전문 소매업,G47859,그 외 기타 분류 안된 상품 전문 소매업,41,경기도,41171,안양시 만안구,41171510,안양1동,4117110100,안양동,4117110100106220250,1,대지,622,250,경기도 안양시 만안구 안양동 622-250,411713182016,경기도 안양시 만안구 안양로,262,,4117110100106220250010640,,경기도 안양시 만안구 안양로 262,430829,13996,,,,126.923871488825,37.396258653612
MA010120220801280889,고려인삼,,G2,소매,G221,기타 상품 소매,G22199,그 외 기타 상품 전문 소매업,G47859,그 외 기타 분류 안된 상품 전문 소매업,41,경기도,41171,안양시 만안구,41171540,안양4동,4117110100,안양동,4117110100106760109,1,대지,676,109,경기도 안양시 만안구 안양동 676-109,411714346192,경기도 안양시 만안구 안양로291번길,7,,4117110100106760109008810,,경기도 안양시 만안구 안양로291번길 7,430832,14001,,,,126.921339924253,37.3980320092589
MA010120220801245960,유한책임회사하이모,부평지점,G2,소매,G221,기타 상품 소매,G22199,그 외 기타 상품 전문 소매업,G47422,의복 액세서리 및 모조 장신구 소매업,28,인천광역시,28237,부평구,28237510,부평1동,2823710100,부평동,2823710100101850008,1,대지,185,8,인천광역시 부평구 부평동 185-8,282372008007,인천광역시 부평구 경원대로,1404,,2823710100101850008109602,그랑프리빌딩,인천광역시 부평구 경원대로 1404,403819,21404,,,,126.725044773305,37.4909391661219
MA010120220801281217,라인상사,,G2,소매,G221,기타 상품 소매,G22199,그 외 기타 상품 전문 소매업,G47859,그 외 기타 분류 안된 상품 전문 소매업,41,경기도,41590,화성시,41590410,정남면,4159041022,정남면,4159041022108700001,1,대지,870,1,경기도 화성시 정남면 괘랑리 870-1,415903210033,경기도 화성시 정남면 만년로,627,,4159041022108700001008508,,경기도 화성시 정남면 만년로 627,445965,18516,,,,126.986284608235,37.1766451624141
MA010120220800897341,천년인삼,,G2,소매,G221,기타 상품 소매,G22199,그 외 기타 상품 전문 소매업,G47859,그 외 기타 분류 안된 상품 전문 소매업,30,대전광역시,30200,유성구,30200540,온천2동,3020011700,장대동,3020011700102820003,1,대지,282,3,대전광역시 유성구 장대동 282-3,302004301354,대전광역시 유성구 유성대로736번길,36,,3020011700102820003011293,,대전광역시 유성구 유성대로736번길 36,305308,34172,,,,127.335594597933,36.3583833711675
MA010120220800925541,사비산업,,G2,소매,G221,기타 상품 소매,G22199,그 외 기타 상품 전문 소매업,G47859,그 외 기타 분류 안된 상품 전문 소매업,44,충청남도,44760,부여군,44760250,부여읍,4476025032,부여읍,4476025032101580002,1,대지,158,2,충청남도 부여군 부여읍 구교리 158-2,447603259030,충청남도 부여군 부여읍 나성로,61,1,4476025032101580002019453,,충청남도 부여군 부여읍 나성로 61-1,323804,33142,,,,126.905712691123,36.281288492726
MA010120220800932228,수리미싱,,G2,소매,G221,기타 상품 소매,G22199,그 외 기타 상품 전문 소매업,G47859,그 외 기타 분류 안된 상품 전문 소매업,11,서울특별시,11545,금천구,11545630,독산3동,1154510200,독산동,1154510200108890030,1,대지,889,30,서울특별시 금천구 독산동 889-30,115453117009,서울특별시 금천구 문성로,21,,1154510200108890030018056,,서울특별시 금천구 문성로 21,153819,08550,,,,126.906096967296,37.476679529661
MA010120220800939380,미광불교용품,,G2,소매,G221,기타 상품 소매,G22199,그 외 기타 상품 전문 소매업,G47859,그 외 기타 분류 안된 상품 전문 소매업,11,서울특별시,11620,관악구,11620765,미성동,1162010200,신림동,1162010200115700003,1,대지,1570,3,서울특별시 관악구 신림동 1570-3,116202000003,서울특별시 관악구 남부순환로,1496,,1162010200115700003003062,,서울특별시 관악구 남부순환로 1496,151899,08772,,1,,126.916786053366,37.481967453992
MA010120220800940170,고려인삼탕제원,,G2,소매,G221,기타 상품 소매,G22199,그 외 기타 상품 전문 소매업,G47859,그 외 기타 분류 안된 상품 전문 소매업,48,경상남도,48310,거제시,48310580,고현동,4831010900,고현동,4831010900100980027,1,대지,98,27,경상남도 거제시 고현동 98-27,483103337005,경상남도 거제시 거제중앙로,1883,2,4831010900100980027025398,고현시장,경상남도 거제시 거제중앙로 1883-2,656930,53254,,,,128.6236523794,34.8862536994804
MA010120220800940211,덕원상회,,G2,소매,G221,기타 상품 소매,G22199,그 외 기타 상품 전문 소매업,G47422,의복 액세서리 및 모조 장신구 소매업,26,부산광역시,26170,동구,26170660,범일2동,2617010400,범일동,2617010400102900001,1,대지,290,1,부산광역시 동구 범일동 290-1,261703127043,부산광역시 동구 진시장로,24,,2617010400102900001019342,부산진시장,부산광역시 동구 진시장로 24,601707,48737,,1,,129.05883994767,35.1364253073046
MA010120220800934594,건아미싱,,G2,소매,G221,기타 상품 소매,G22199,그 외 기타 상품 전문 소매업,G47859,그 외 기타 분류 안된 상품 전문 소매업,11,서울특별시,11545,금천구,11545640,독산4동,1154510200,독산동,1154510200110150009,1,대지,1015,9,서울특별시 금천구 독산동 1015-9,115454151253,서울특별시 금천구 시흥대로114길,29,,1154510200110150009008525,,서울특별시 금천구 시흥대로114길 29,153821,08579,,,,126.899811340346,37.4680607116462
MA010120220800936203,황산농약사,,G2,소매,G221,기타 상품 소매,G22199,그 외 기타 상품 전문 소매업,G47859,그 외 기타 분류 안된 상품 전문 소매업,52,전북특별자치도,52210,김제시,52210440,황산면,5221044021,황산면,5221044021106140002,1,대지,614,2,전북특별자치도 김제시 황산면 봉월리 614-2,522103272054,전북특별자치도 김제시 황산면 용마로,64,1,4521044021106140002023052,,전북특별자치도 김제시 황산면 용마로 64-1,576932,54353,,,,126.943172909734,35.7945048875551
MA010120220800937320,미성사,,G2,소매,G221,기타 상품 소매,G22199,그 외 기타 상품 전문 소매업,G47859,그 외 기타 분류 안된 상품 전문 소매업,28,인천광역시,28237,부평구,28237591,청천1동,2823710400,청천동,2823710400100700065,1,대지,70,65,인천광역시 부평구 청천동 70-65,282374262717,인천광역시 부평구 청농로64번길,1,,2823710400100700065014691,,인천광역시 부평구 청농로64번길 1,403855,21300,,,,126.68922501019,37.5176011212628
MA010120220800926566,만물상회,,G2,소매,G221,기타 상품 소매,G22199,그 외 기타 상품 전문 소매업,G47859,그 외 기타 분류 안된 상품 전문 소매업,48,경상남도,48880,거창군,48880250,거창읍,4888025022,거창읍,4888025022101460008,1,대지,146,8,경상남도 거창군 거창읍 중앙리 146-8,488804841372,경상남도 거창군 거창읍 시장길,72,,4888025022101460008011836,,경상남도 거창군 거창읍 시장길 72,670808,50138,,,,127.914566257295,35.6864335733238
MA010120220800939723,성인마트,,G2,소매,G221,기타 상품 소매,G22199,그 외 기타 상품 전문 소매업,G47859,그 외 기타 분류 안된 상품 전문 소매업,11,서울특별시,11545,금천구,11545630,독산3동,1154510200,독산동,1154510200101780035,1,대지,178,35,서울특별시 금천구 독산동 178-35,115453117003,서울특별시 금천구 가산로,6,,1154510200101780035017763,,서울특별시 금천구 가산로 6,153807,08546,,,,126.902418741699,37.4710272179142
MA010120220800924178,엔젤위켐하나바이오,,G2,소매,G221,기타 상품 소매,G22199,그 외 기타 상품 전문 소매업,G47859,그 외 기타 분류 안된 상품 전문 소매업,44,충청남도,44760,부여군,44760430,세도면,4476043028,세도면,4476043028103540003,1,대지,354,3,충청남도 부여군 세도면 청포리 354-3,447603259065,충청남도 부여군 세도면 망개남로,51,,4476043028103520001066842,,충청남도 부여군 세도면 망개남로 51,323941,33230,,,,126.977373613951,36.1580482861086
MA010120220800936024,대영상사,,G2,소매,G221,기타 상품 소매,G22199,그 외 기타 상품 전문 소매업,G47859,그 외 기타 분류 안된 상품 전문 소매업,28,인천광역시,28260,서구,28260530,연희동,2826010500,공촌동,2826010500103070000,1,대지,307,,인천광역시 서구 공촌동 307,282604268169,인천광역시 서구 경명대로694번길,1,,2826010500103070000010562,,인천광역시 서구 경명대로694번길 1,404836,22709,,,,126.685711154741,37.5516855612373
MA010120220800938695,달맞이솜틀집,,G2,소매,G221,기타 상품 소매,G22199,그 외 기타 상품 전문 소매업,G47859,그 외 기타 분류 안된 상품 전문 소매업,41,경기도,41113,수원시 권선구,41113670,권선1동,4111313700,권선동,4111313700109830014,1,대지,983,14,경기도 수원시 권선구 권선동 983-14,411134325117,경기도 수원시 권선구 권선로640번길,30,,4111313700109830014033098,,경기도 수원시 권선구 권선로640번길 30,441821,16564,,,,127.020437732291,37.2593244659389
MA010120220800916891,청주화공약품,,G2,소매,G221,기타 상품 소매,G22199,그 외 기타 상품 전문 소매업,G47859,그 외 기타 분류 안된 상품 전문 소매업,43,충청북도,43111,청주시 상당구,43111525,중앙동,4311110100,영동,4311110100100150011,1,대지,15,11,충청북도 청주시 상당구 영동 15-11,431113236024,충청북도 청주시 상당구 사북로,122,,4311110100100150011046388,,충청북도 청주시 상당구 사북로 122,360020,28541,,1,,127.484320652571,36.64487089032
MA010120220800908332,함양약초시장3호산약초건재,,G2,소매,G221,기타 상품 소매,G22199,그 외 기타 상품 전문 소매업,G47859,그 외 기타 분류 안된 상품 전문 소매업,48,경상남도,48870,함양군,48870360,안의면,4887036023,안의면,4887036023100150000,1,대지,15,,경상남도 함양군 안의면 이전리 15,488704838300,경상남도 함양군 안의면 약초시장길,27,,4887036023100150000032876,,경상남도 함양군 안의면 약초시장길 27,676824,50011,,,,127.813712418961,35.6259622566893
MA010120220800919585,제일상사,,G2,소매,G221,기타 상품 소매,G22199,그 외 기타 상품 전문 소매업,G47859,그 외 기타 분류 안된 상품 전문 소매업,44,충청남도,44131,천안시 동남구,44131550,봉명동,4413111300,봉명동,4413111300100340009,1,대지,34,9,충청남도 천안시 동남구 봉명동 34-9,441313249041,충청남도 천안시 동남구 차돌로,87,,4413111300100340009024307,,충청남도 천안시 동남구 차돌로 87,330930,31153,,,,127.139811921989,36.8025598685846
MA010120220800924632,마리텔,공릉점,G2,소매,G221,기타 상품 소매,G22199,그 외 기타 상품 전문 소매업,G47859,그 외 기타 분류 안된 상품 전문 소매업,11,서울특별시,11350,노원구,11350595,공릉1동,1135010300,공릉동,1135010300106610014,1,대지,661,14,서울특별시 노원구 공릉동 661-14,113503005050,서울특별시 노원구 공릉로,99,,1135010300106610014016624,,서울특별시 노원구 공릉로 99,139808,01849,,,,127.078178774899,37.6190847958083
MA010120220800903955,한국이민재단,,G2,소매,G221,기타 상품 소매,G22199,그 외 기타 상품 전문 소매업,G47859,그 외 기타 분류 안된 상품 전문 소매업,11,서울특별시,11470,양천구,11470510,목1동,1147010200,목동,1147010200109230006,1,대지,923,6,서울특별시 양천구 목동 923-6,114703114003,서울특별시 양천구 목동서로,225,,1147010200109230006000001,예술인센터,서울특별시 양천구 목동서로 225,158720,07995,,5,,126.870748452436,37.5270754132849
MA010120220800922303,에이치에스,,G2,소매,G221,기타 상품 소매,G22199,그 외 기타 상품 전문 소매업,G47859,그 외 기타 분류 안된 상품 전문 소매업,41,경기도,41173,안양시 동안구,41173580,호계1동,4117310400,호계동,4117310400105550045,1,대지,555,45,경기도 안양시 동안구 호계동 555-45,411733182030,경기도 안양시 동안구 엘에스로,122,,4117310400105550045000001,호계데시앙플렉스,경기도 안양시 동안구 엘에스로 122,431831,14118,,10,,126.94885697607,37.3728815253317
MA010120220800941115,타로클럽,,G2,소매,G221,기타 상품 소매,G22199,그 외 기타 상품 전문 소매업,G47859,그 외 기타 분류 안된 상품 전문 소매업,11,서울특별시,11620,관악구,11620545,청림동,1162010100,봉천동,1162010100100170012,1,대지,17,12,서울특별시 관악구 봉천동 17-12,116204160740,서울특별시 관악구 청림6길,15,7,1162010100100170012036172,,서울특별시 관악구 청림6길 15-7,151808,08734,,지,,126.959803772481,37.486693184156
MA010120220800944279,카마인터내셔날,,G2,소매,G221,기타 상품 소매,G22199,그 외 기타 상품 전문 소매업,G47859,그 외 기타 분류 안된 상품 전문 소매업,11,서울특별시,11620,관악구,11620605,은천동,1162010100,봉천동,1162010100109560005,1,대지,956,5,서울특별시 관악구 봉천동 956-5,116203120009,서울특별시 관악구 은천로,18,,1162010100109560005039176,,서울특별시 관악구 은천로 18,151827,08749,,,,126.937224221856,37.4861697698902
MA010120220800975377,한울소방,,G2,소매,G221,기타 상품 소매,G22199,그 외 기타 상품 전문 소매업,G47859,그 외 기타 분류 안된 상품 전문 소매업,41,경기도,41273,안산시 단원구,41273532,중앙동,4127310100,고잔동,4127310100105270009,1,대지,527,9,경기도 안산시 단원구 고잔동 527-9,412733190009,경기도 안산시 단원구 고잔로,55,,4127310100105270009018780,중앙오피스텔,경기도 안산시 단원구 고잔로 55,425727,15352,,,,126.832351589401,37.3195049531223
MA010120220800969316,꽃집,,G2,소매,G221,기타 상품 소매,G22199,그 외 기타 상품 전문 소매업,G47859,그 외 기타 분류 안된 상품 전문 소매업,11,서울특별시,11620,관악구,11620775,난곡동,1162010200,신림동,1162010200106370008,1,대지,637,8,서울특별시 관악구 신림동 637-8,116204160105,서울특별시 관악구 난곡로26길,10,,1162010200106370008000269,,서울특별시 관악구 난곡로26길 10,151883,08856,,3,,126.920427487195,37.4705271414924
MA010120220800944456,풍기예송홍삼제조원,,G2,소매,G221,기타 상품 소매,G22199,그 외 기타 상품 전문 소매업,G47859,그 외 기타 분류 안된 상품 전문 소매업,47,경상북도,47210,영주시,47210250,풍기읍,4721025022,풍기읍,4721025022105000001,1,대지,500,1,경상북도 영주시 풍기읍 동부리 500-1,472103309010,경상북도 영주시 풍기읍 기주로,54,,4721025022105000001000001,,경상북도 영주시 풍기읍 기주로 54,750803,36035,,,,128.530099716225,36.868781692783
MA010120220800953349,가나유통,,G2,소매,G221,기타 상품 소매,G22199,그 외 기타 상품 전문 소매업,G47859,그 외 기타 분류 안된 상품 전문 소매업,46,전라남도,46110,목포시,46110800,부흥동,4611016400,옥암동,4611016400110360000,1,대지,1036,,전라남도 목포시 옥암동 1036,461103281088,전라남도 목포시 하당남부로,88,,4611016400110360000049448,,전라남도 목포시 하당남부로 88,530847,58687,,1,,126.433485417592,34.8014295522552
MA010120220800941685,마루가발,,G2,소매,G221,기타 상품 소매,G22199,그 외 기타 상품 전문 소매업,G47422,의복 액세서리 및 모조 장신구 소매업,11,서울특별시,11305,강북구,11305660,인수동,1130510300,수유동,1130510300100470069,1,대지,47,69,서울특별시 강북구 수유동 47-69,113053000004,서울특별시 강북구 덕릉로,79,,1130510300100470069001923,좌측,서울특별시 강북구 덕릉로 79,142891,01081,,3,,127.022602071447,37.634794706532
MA010120220800956824,동성총포사,,G2,소매,G221,기타 상품 소매,G22199,그 외 기타 상품 전문 소매업,G47859,그 외 기타 분류 안된 상품 전문 소매업,11,서울특별시,11545,금천구,11545630,독산3동,1154510200,독산동,1154510200101630019,1,대지,163,19,서울특별시 금천구 독산동 163-19,115453117003,서울특별시 금천구 가산로,18,,1154510200101630019017759,,서울특별시 금천구 가산로 18,153807,08546,,1,,126.90096004682,37.4713323477676
MA010120220800966472,두산미싱,,G2,소매,G221,기타 상품 소매,G22199,그 외 기타 상품 전문 소매업,G47859,그 외 기타 분류 안된 상품 전문 소매업,11,서울특별시,11545,금천구,11545630,독산3동,1154510200,독산동,1154510200109910003,1,대지,991,3,서울특별시 금천구 독산동 991-3,115453117004,서울특별시 금천구 독산로,300,,1154510200109910003009818,,서울특별시 금천구 독산로 300,153826,08554,,,,126.903500842291,37.4734698437586
MA010120220800956959,남부만물,,G2,소매,G221,기타 상품 소매,G22199,그 외 기타 상품 전문 소매업,G47859,그 외 기타 분류 안된 상품 전문 소매업,11,서울특별시,11545,금천구,11545630,독산3동,1154510200,독산동,1154510200109850017,1,대지,985,17,서울특별시 금천구 독산동 985-17,115454151175,서울특별시 금천구 독산로93길,23,,1154510200109850017017727,,서울특별시 금천구 독산로93길 23,153825,08543,,,,126.901940182782,37.4739100537109
MA010120220800950691,길기춘인삼,,G2,소매,G221,기타 상품 소매,G22199,그 외 기타 상품 전문 소매업,G47859,그 외 기타 분류 안된 상품 전문 소매업,44,충청남도,44710,금산군,44710310,금성면,4471031021,금성면,4471031021102760001,1,대지,276,1,충청남도 금산군 금성면 양전리 276-1,447104571004,충청남도 금산군 금성면 가래울길,61,,4471031021102760001000001,,충청남도 금산군 금성면 가래울길 61,312912,32708,,,,127.488400684049,36.1206458423646
MA010120220800979473,행복한선물,,G2,소매,G221,기타 상품 소매,G22199,그 외 기타 상품 전문 소매업,G47859,그 외 기타 분류 안된 상품 전문 소매업,11,서울특별시,11620,관악구,11620685,신사동,1162010200,신림동,1162010200104600029,1,대지,460,29,서울특별시 관악구 신림동 460-29,116204160701,서울특별시 관악구 조원로33길,26,,1162010200104600029014331,,서울특별시 관악구 조원로33길 26,151870,08704,,,,126.921065485079,37.4873223794679
MA010120220800989213,러브러브,,G2,소매,G221,기타 상품 소매,G22199,그 외 기타 상품 전문 소매업,G47859,그 외 기타 분류 안된 상품 전문 소매업,11,서울특별시,11620,관악구,11620695,신림동,1162010200,신림동,1162010200114320092,1,대지,1432,92,서울특별시 관악구 신림동 1432-92,116204160544,서울특별시 관악구 신림로65길,10,9,1162010200114320163013328,골든빌,서울특별시 관악구 신림로65길 10-9,151892,08760,,,,126.928733447988,37.4854441468792
MA010120220800967315,서울랍빠,,G2,소매,G221,기타 상품 소매,G22199,그 외 기타 상품 전문 소매업,G47859,그 외 기타 분류 안된 상품 전문 소매업,11,서울특별시,11545,금천구,11545630,독산3동,1154510200,독산동,1154510200109770002,1,대지,977,2,서울특별시 금천구 독산동 977-2,115453117004,서울특별시 금천구 독산로,314,,1154510200109770002009756,,서울특별시 금천구 독산로 314,153824,08553,,,,126.903601013022,37.4746952987877
MA010120220800960927,파티해,,G2,소매,G221,기타 상품 소매,G22199,그 외 기타 상품 전문 소매업,G47859,그 외 기타 분류 안된 상품 전문 소매업,28,인천광역시,28260,서구,28260580,가좌1동,2826011200,가좌동,2826011200105910004,1,대지,591,4,인천광역시 서구 가좌동 591-4,282604268640,인천광역시 서구 장고개로117번길,54,,2826011200105910004000001,일부,인천광역시 서구 장고개로117번길 54,404812,22841,,3,,126.667089573741,37.4816448766596
MA010120220800942937,성인용품SAFE,백화점,G2,소매,G221,기타 상품 소매,G22199,그 외 기타 상품 전문 소매업,G47859,그 외 기타 분류 안된 상품 전문 소매업,11,서울특별시,11620,관악구,11620695,신림동,1162010200,신림동,1162010200114220017,1,대지,1422,17,서울특별시 관악구 신림동 1422-17,116202000003,서울특별시 관악구 남부순환로,1627,,1162010200114220017013740,,서울특별시 관악구 남부순환로 1627,151890,08754,,,,126.931379864219,37.484751937202
MA010120220800957705,시흥만물사,,G2,소매,G221,기타 상품 소매,G22199,그 외 기타 상품 전문 소매업,G47859,그 외 기타 분류 안된 상품 전문 소매업,11,서울특별시,11545,금천구,11545670,시흥1동,1154510300,시흥동,1154510300108870019,1,대지,887,19,서울특별시 금천구 시흥동 887-19,115454151319,서울특별시 금천구 시흥대로56길,25,4,1154510300108870019006070,,서울특별시 금천구 시흥대로56길 25-4,153858,08628,,,,126.903199335438,37.4530436685826
MA010120220800971151,웅진도어락,,G2,소매,G221,기타 상품 소매,G22199,그 외 기타 상품 전문 소매업,G47859,그 외 기타 분류 안된 상품 전문 소매업,11,서울특별시,11620,관악구,11620545,청림동,1162010100,봉천동,1162010100100140018,1,대지,14,18,서울특별시 관악구 봉천동 14-18,116204160741,서울특별시 관악구 청림길,10,1,1162010100100140018036052,,서울특별시 관악구 청림길 10-1,151803,08733,,,,126.959237602365,37.4882066835912
MA010120220800974527,초콜렛헤어,,G2,소매,G221,기타 상품 소매,G22199,그 외 기타 상품 전문 소매업,G47422,의복 액세서리 및 모조 장신구 소매업,41,경기도,41220,평택시,41220250,팽성읍,4122025041,팽성읍,4122025041101340003,1,대지,134,3,경기도 평택시 팽성읍 안정리 134-3,412203188057,경기도 평택시 팽성읍 안정쇼핑로,12,,4122025041101340003034823,,경기도 평택시 팽성읍 안정쇼핑로 12,451807,17983,,1,,127.044274082671,36.9594883533016
MA010120220800945848,대흥화학상사,,G2,소매,G221,기타 상품 소매,G22199,그 외 기타 상품 전문 소매업,G47859,그 외 기타 분류 안된 상품 전문 소매업,11,서울특별시,11545,금천구,11545670,시흥1동,1154510300,시흥동,1154510300108820023,1,대지,882,23,서울특별시 금천구 시흥동 882-23,115452005010,서울특별시 금천구 시흥대로,252,,1154510300108820023005022,,서울특별시 금천구 시흥대로 252,153857,08626,,,,126.900324451189,37.4562128436114
MA010120220800940678,진도미싱,,G2,소매,G221,기타 상품 소매,G22199,그 외 기타 상품 전문 소매업,G47859,그 외 기타 분류 안된 상품 전문 소매업,11,서울특별시,11545,금천구,11545630,독산3동,1154510200,독산동,1154510200108940029,1,대지,894,29,서울특별시 금천구 독산동 894-29,115453117009,서울특별시 금천구 문성로,45,1,1154510200108940029009567,,서울특별시 금천구 문성로 45-1,153820,08549,,,,126.908696822149,37.4770059305947
MA010120220801024339,삼천리활성탄소서울,대리점,G2,소매,G221,기타 상품 소매,G22199,그 외 기타 상품 전문 소매업,G47859,그 외 기타 분류 안된 상품 전문 소매업,11,서울특별시,11680,강남구,11680580,삼성1동,1168010500,삼성동,1168010500101590001,1,대지,159,1,서울특별시 강남구 삼성동 159-1,116802122002,서울특별시 강남구 영동대로,511,,1168010500101590001016561,무역센터,서울특별시 강남구 영동대로 511,135729,06164,,,,127.061031584621,37.5103536917228
MA010120220800993612,소비자할인마트,,G2,소매,G221,기타 상품 소매,G22199,그 외 기타 상품 전문 소매업,G47859,그 외 기타 분류 안된 상품 전문 소매업,11,서울특별시,11620,관악구,11620725,조원동,1162010200,신림동,1162010200116590004,1,대지,1659,4,서울특별시 관악구 신림동 1659-4,116204160683,서울특별시 관악구 조원로10길,37,,1162010200116590004008306,,서울특별시 관악구 조원로10길 37,151904,08769,,1,,126.905140614265,37.4819766984559
MA010120220801011651,티제이티주,,G2,소매,G221,기타 상품 소매,G22199,그 외 기타 상품 전문 소매업,G47859,그 외 기타 분류 안된 상품 전문 소매업,41,경기도,41210,광명시,41210580,광명7동,4121010100,광명동,4121010100105800000,1,대지,580,,경기도 광명시 광명동 580,412104361270,경기도 광명시 원광명로37번길,34,,4121010100105800000000001,,경기도 광명시 원광명로37번길 34,423819,14283,,,,126.853486183142,37.462669361186
MA010120220800997065,예향수석,,G2,소매,G221,기타 상품 소매,G22199,그 외 기타 상품 전문 소매업,G47859,그 외 기타 분류 안된 상품 전문 소매업,29,광주광역시,29200,광산구,29200626,첨단2동,2920011500,월계동,2920011500107970003,1,대지,797,3,광주광역시 광산구 월계동 797-3,292003163048,광주광역시 광산구 첨단내촌로,21,,2920011500107970003043128,,광주광역시 광산구 첨단내촌로 21,506822,62270,,,,126.83677034717,35.2087560081129
MA010120220801036668,쥬쥬펫,,G2,소매,G221,기타 상품 소매,G22199,그 외 기타 상품 전문 소매업,G47859,그 외 기타 분류 안된 상품 전문 소매업,11,서울특별시,11410,서대문구,11410615,연희동,1141011700,연희동,1141011700101330030,1,대지,133,30,서울특별시 서대문구 연희동 133-30,114103112010,서울특별시 서대문구 증가로,13,9,1141011700101330030020862,구동,서울특별시 서대문구 증가로 13-9,120825,03703,,1,,126.931110099946,37.5691306021297
MA010120220801006274,대한불교미타종화령당,,G2,소매,G221,기타 상품 소매,G22199,그 외 기타 상품 전문 소매업,G47859,그 외 기타 분류 안된 상품 전문 소매업,41,경기도,41650,포천시,41650310,군내면,4165031028,군내면,4165031028100640001,1,대지,64,1,경기도 포천시 군내면 하성북리 64-1,416503213014,경기도 포천시 군내면 반월산성로,187,9,4165031028100640001036571,,경기도 포천시 군내면 반월산성로 187-9,487878,11151,,,,127.231072766604,37.9044810962148
MA010120220801012605,착한엄마,,G2,소매,G221,기타 상품 소매,G22199,그 외 기타 상품 전문 소매업,G47859,그 외 기타 분류 안된 상품 전문 소매업,11,서울특별시,11380,은평구,11380510,녹번동,1138010200,녹번동,1138010200100070000,1,대지,7,,서울특별시 은평구 녹번동 7,113803000008,서울특별시 은평구 통일로,684,,1138010200100050000040692,서울혁신파크,서울특별시 은평구 통일로 684,122824,03371,,,,126.934946298475,37.6093981251393
MA010120220800995125,안포상회,,G2,소매,G221,기타 상품 소매,G22199,그 외 기타 상품 전문 소매업,G47859,그 외 기타 분류 안된 상품 전문 소매업,47,경상북도,47170,안동시,47170585,서구동,4717011700,안흥동,4717011700103100042,1,대지,310,42,경상북도 안동시 안흥동 310-42,471704722071,경상북도 안동시 중앙시장1길,74,,4717011700103100042012964,,경상북도 안동시 중앙시장1길 74,760170,36699,,,,128.724990880695,36.5641934298135
MA010120220801031064,나무디자인,,G2,소매,G221,기타 상품 소매,G22199,그 외 기타 상품 전문 소매업,G47859,그 외 기타 분류 안된 상품 전문 소매업,28,인천광역시,28110,중구,28110585,동인천동,2811013400,경동,2811013400101290000,1,대지,129,,인천광역시 중구 경동 129,281104247004,인천광역시 중구 개항로96번길,5,,2811013400101290000196343,,인천광역시 중구 개항로96번길 5,400160,22319,,1,,126.633411380779,37.4718143307188
MA010120220801035216,함성이가모센터,,G2,소매,G221,기타 상품 소매,G22199,그 외 기타 상품 전문 소매업,G47422,의복 액세서리 및 모조 장신구 소매업,11,서울특별시,11215,광진구,11215847,자양4동,1121510500,자양동,1121510500105530362,1,대지,553,362,서울특별시 광진구 자양동 553-362,112154112255,서울특별시 광진구 뚝섬로32길,8,,1121510500105530362012078,,서울특별시 광진구 뚝섬로32길 8,143862,05085,,,,127.067240767226,37.5352360087897
MA010120220801077923,경인문화사,,G2,소매,G221,기타 상품 소매,G22199,그 외 기타 상품 전문 소매업,G47859,그 외 기타 분류 안된 상품 전문 소매업,28,인천광역시,28110,중구,28110530,신포동,2811010300,중앙동3가,2811010300100040049,1,대지,4,49,인천광역시 중구 중앙동3가 4-49,281104247168,인천광역시 중구 신포로23번길,43,,2811010300100040049084158,,인천광역시 중구 신포로23번길 43,400080,22314,,,,126.622704278666,37.4721320196995
MA010120220801080915,해남상회,,G2,소매,G221,기타 상품 소매,G22199,그 외 기타 상품 전문 소매업,G47859,그 외 기타 분류 안된 상품 전문 소매업,28,인천광역시,28110,중구,28110530,신포동,2811011200,항동1가,2811011200100040002,1,대지,4,2,인천광역시 중구 항동1가 4-2,281103149063,인천광역시 중구 인중로,280,,2811011200100040002182350,,인천광역시 중구 인중로 280,400080,22313,,,,126.616079572716,37.4743722032991
MA010120220801087123,강화인삼직판장,,G2,소매,G221,기타 상품 소매,G22199,그 외 기타 상품 전문 소매업,G47859,그 외 기타 분류 안된 상품 전문 소매업,28,인천광역시,28177,미추홀구,28177630,주안2동,2817710500,주안동,2817710500104730026,1,대지,473,26,인천광역시 미추홀구 주안동 473-26,281772008003,인천광역시 미추홀구 미추홀대로,659,,2817010600104730026145518,강화인삼직판장주호빌딩,인천광역시 미추홀구 미추홀대로 659,402844,22154,,1,,126.679759115772,37.4562354531067
MA010120220801084396,금산인삼,,G2,소매,G221,기타 상품 소매,G22199,그 외 기타 상품 전문 소매업,G47859,그 외 기타 분류 안된 상품 전문 소매업,28,인천광역시,28177,미추홀구,28177560,용현3동,2817710200,용현동,2817710200104530169,1,대지,453,169,인천광역시 미추홀구 용현동 453-169,281774253491,인천광역시 미추홀구 용삼길49번길,3,7,2817010200104530169020215,,인천광역시 미추홀구 용삼길49번길 3-7,402830,22179,,,,126.652060157719,37.4580222360414
MA010120220801078590,구월유통,,G2,소매,G221,기타 상품 소매,G22199,그 외 기타 상품 전문 소매업,G47859,그 외 기타 분류 안된 상품 전문 소매업,28,인천광역시,28200,남동구,28200522,구월4동,2820010100,구월동,2820010100113190001,1,대지,1319,1,인천광역시 남동구 구월동 1319-1,282002008004,인천광역시 남동구 인주대로,828,,2820010100113190001006791,,인천광역시 남동구 인주대로 828,405839,21589,,1,,126.729122354874,37.4483128811454
MA010120220801081366,부흥상회,,G2,소매,G221,기타 상품 소매,G22199,그 외 기타 상품 전문 소매업,G47859,그 외 기타 분류 안된 상품 전문 소매업,28,인천광역시,28110,중구,28110520,연안동,2811011800,항동7가,2811011800100580054,1,대지,58,54,인천광역시 중구 항동7가 58-54,281103149027,인천광역시 중구 연안부두로,43,,2811011800100580054133490,,인천광역시 중구 연안부두로 43,400802,22348,,,,126.601691421173,37.4546015596881
MA010120220801078857,숭의기업,,G2,소매,G221,기타 상품 소매,G22199,그 외 기타 상품 전문 소매업,G47859,그 외 기타 분류 안된 상품 전문 소매업,28,인천광역시,28140,동구,28140570,송현3동,2814010300,송현동,2814010300101290000,1,대지,129,,인천광역시 동구 송현동 129,281404250066,인천광역시 동구 방축로37번길,30,,2814010300101290000001672,인천산업용품유통단지,인천광역시 동구 방축로37번길 30,401704,22530,,,,126.652754921392,37.4861987386311
MA010120220801079340,영종농약사,,G2,소매,G221,기타 상품 소매,G22199,그 외 기타 상품 전문 소매업,G47859,그 외 기타 분류 안된 상품 전문 소매업,28,인천광역시,28110,중구,28110620,영종동,2811014600,운남동,2811014600104140004,1,대지,414,4,인천광역시 중구 운남동 414-4,281104247275,인천광역시 중구 운중로14번길,27,,2811014600104140004224402,운남동,인천광역시 중구 운중로14번길 27,400812,22359,,,,126.537128464246,37.4921904094971
MA010120220801046792,약초카페,,G2,소매,G221,기타 상품 소매,G22199,그 외 기타 상품 전문 소매업,G47859,그 외 기타 분류 안된 상품 전문 소매업,11,서울특별시,11680,강남구,11680610,대치2동,1168010600,대치동,1168010600109820010,1,대지,982,10,서울특별시 강남구 대치동 982-10,116804166674,서울특별시 강남구 역삼로98길,28,,1168010600109820010012631,,서울특별시 강남구 역삼로98길 28,135842,06187,,,,127.064836924452,37.5030625342237
MA010120220801079700,토성인삼사,,G2,소매,G221,기타 상품 소매,G22199,그 외 기타 상품 전문 소매업,G47859,그 외 기타 분류 안된 상품 전문 소매업,47,경상북도,47210,영주시,47210250,풍기읍,4721025022,풍기읍,4721025022104660000,1,대지,466,,경상북도 영주시 풍기읍 동부리 466,472103309010,경상북도 영주시 풍기읍 기주로,10,,4721025022104650000013772,풍기인삼수삼센터,경상북도 영주시 풍기읍 기주로 10,750803,36034,,,,128.533960963921,36.8678399086181
MA010120220801082443,아다모,,G2,소매,G221,기타 상품 소매,G22199,그 외 기타 상품 전문 소매업,G47422,의복 액세서리 및 모조 장신구 소매업,28,인천광역시,28200,남동구,28200551,간석4동,2820010200,간석동,2820010200105740010,1,대지,574,10,인천광역시 남동구 간석동 574-10,282003153084,인천광역시 남동구 백범로,453,1,2820010200105740010001956,,인천광역시 남동구 백범로 453-1,405810,21504,,3,,126.70074620628,37.4679134721583
MA010120220801053170,신흥그린,,G2,소매,G221,기타 상품 소매,G22199,그 외 기타 상품 전문 소매업,G47859,그 외 기타 분류 안된 상품 전문 소매업,43,충청북도,43114,청주시 청원구,43114530,내덕2동,4311410200,내덕동,4311410200103950006,1,대지,395,6,충청북도 청주시 청원구 내덕동 395-6,431144508061,충청북도 청주시 청원구 공항로58번길,12,,4311111400103950006036837,,충청북도 청주시 청원구 공항로58번길 12,363822,28492,,,,127.488479850621,36.6624619002697
MA010120220801087691,예일사,,G2,소매,G221,기타 상품 소매,G22199,그 외 기타 상품 전문 소매업,G47859,그 외 기타 분류 안된 상품 전문 소매업,28,인천광역시,28260,서구,28260590,가좌2동,2826011200,가좌동,2826011200100810059,1,대지,81,59,인천광역시 서구 가좌동 81-59,282604268598,인천광역시 서구 원적로124번길,40,,2826011200100040021006223,범양파크,인천광역시 서구 원적로124번길 40,404807,22807,,7,,126.688211080991,37.494857166476
MA010120220801048066,디자인첫봄,,G2,소매,G221,기타 상품 소매,G22199,그 외 기타 상품 전문 소매업,G47859,그 외 기타 분류 안된 상품 전문 소매업,11,서울특별시,11680,강남구,11680630,대치4동,1168010600,대치동,1168010600109110008,1,대지,911,8,서울특별시 강남구 대치동 911-8,116803122008,서울특별시 강남구 역삼로,450,,1168010600109110008012916,,서울특별시 강남구 역삼로 450,135841,06201,,2,,127.056399468302,37.5022289286962
MA010120220801054073,서남케미컬,,G2,소매,G221,기타 상품 소매,G22199,그 외 기타 상품 전문 소매업,G47859,그 외 기타 분류 안된 상품 전문 소매업,11,서울특별시,11410,서대문구,11410520,천연동,1141010500,냉천동,1141010500101740000,1,대지,174,,서울특별시 서대문구 냉천동 174,114104136409,서울특별시 서대문구 통일로9안길,15,,1141010500101740000000001,,서울특별시 서대문구 통일로9안길 15,120040,03735,,3,,126.965092135715,37.5665957230053
MA010120220801086134,월남상회,,G2,소매,G221,기타 상품 소매,G22199,그 외 기타 상품 전문 소매업,G47859,그 외 기타 분류 안된 상품 전문 소매업,28,인천광역시,28110,중구,28110585,동인천동,2811013400,경동,2811013400101410007,1,대지,141,7,인천광역시 중구 경동 141-7,281103149065,인천광역시 중구 참외전로,154,,2811013400101410007209389,,인천광역시 중구 참외전로 154,400160,22318,,,,126.633596168088,37.4733285930773
MA010120220800810973,에코생활건강,,G2,소매,G221,기타 상품 소매,G22199,그 외 기타 상품 전문 소매업,G47859,그 외 기타 분류 안된 상품 전문 소매업,41,경기도,41192,부천시 원미구,41192520,심곡2동,4119210200,심곡동,4119210200101270016,1,대지,127,16,경기도 부천시 원미구 심곡동 127-16,411924352411,경기도 부천시 원미구 원미로13번길,19,,4119510200101270015039589,,경기도 부천시 원미구 원미로13번길 19,420821,14643,,,,126.787753709277,37.483950517096
MA010120220800799928,선진가발,,G2,소매,G221,기타 상품 소매,G22199,그 외 기타 상품 전문 소매업,G47422,의복 액세서리 및 모조 장신구 소매업,11,서울특별시,11650,서초구,11650580,반포3동,1165010600,잠원동,1165010600100680017,1,대지,68,17,서울특별시 서초구 잠원동 68-17,116503121017,서울특별시 서초구 신반포로,200,,1165010700101280004000001,런지하도상가,서울특별시 서초구 신반포로 200,137908,06545,,,,127.005044215872,37.50622472873
MA010120220800839982,영광홍삼생약,,G2,소매,G221,기타 상품 소매,G22199,그 외 기타 상품 전문 소매업,G47859,그 외 기타 분류 안된 상품 전문 소매업,44,충청남도,44710,금산군,44710250,금산읍,4471025022,금산읍,4471025022100070001,1,대지,7,1,충청남도 금산군 금산읍 중도리 7-1,447103257042,충청남도 금산군 금산읍 인삼광장로,47,,4471025022100070001020661,인삼호텔,충청남도 금산군 금산읍 인삼광장로 47,312806,32739,,1,,127.498954158378,36.1015057852482
MA010120220800811497,약령인,,G2,소매,G221,기타 상품 소매,G22199,그 외 기타 상품 전문 소매업,G47859,그 외 기타 분류 안된 상품 전문 소매업,27,대구광역시,27110,중구,27110575,성내2동,2711011400,종로2가,2711011400100390001,1,대지,39,1,대구광역시 중구 종로2가 39-1,271104223132,대구광역시 중구 중앙대로77길,45,,2711011400100390001000001,,대구광역시 중구 중앙대로77길 45,700192,41934,,3,,128.590982938084,35.8682223269433
MA010120220800826197,남성약초,,G2,소매,G221,기타 상품 소매,G22199,그 외 기타 상품 전문 소매업,G47859,그 외 기타 분류 안된 상품 전문 소매업,52,전북특별자치도,52140,익산시,52140595,남중동,5214011300,남중동,5214011300100350004,1,대지,35,4,전북특별자치도 익산시 남중동 35-4,521403269034,전북특별자치도 익산시 인북로,259,,4514011300100350004081771,,전북특별자치도 익산시 인북로 259,570954,54619,,,,126.957802660425,35.9514190273677
MA010120220800835438,진주,불교용품점,G2,소매,G221,기타 상품 소매,G22199,그 외 기타 상품 전문 소매업,G47859,그 외 기타 분류 안된 상품 전문 소매업,48,경상남도,48170,진주시,48170710,평거동,4817012500,신안동,4817012500107590000,1,대지,759,,경상남도 진주시 신안동 759,481704796760,경상남도 진주시 석갑로76번길,11,,4817012500107590000212144,,경상남도 진주시 석갑로76번길 11,660992,52676,,3,,128.063413163676,35.1790407699107
MA010120220800839216,대구하야타투,,G2,소매,G221,기타 상품 소매,G22199,그 외 기타 상품 전문 소매업,G47859,그 외 기타 분류 안된 상품 전문 소매업,47,경상북도,47290,경산시,47290550,북부동,4729011200,대평동,4729011200104320010,1,대지,432,10,경상북도 경산시 대평동 432-10,472904739081,경상북도 경산시 경안로67길,2,11,4729011200104320010000001,명문빌,경상북도 경산시 경안로67길 2-11,712130,38503,,,,128.733179718808,35.8372022551967
MA010120220800823424,소피안주,,G2,소매,G221,기타 상품 소매,G22199,그 외 기타 상품 전문 소매업,G47422,의복 액세서리 및 모조 장신구 소매업,11,서울특별시,11650,서초구,11650580,반포3동,1165010600,잠원동,1165010600100690002,1,대지,69,2,서울특별시 서초구 잠원동 69-2,116503121017,서울특별시 서초구 신반포로,189,,1165010600100690003017607,,서울특별시 서초구 신반포로 189,137908,06512,,5,,127.004863278497,37.5065490981713
MA010120220800830838,안산에쓰아이,,G2,소매,G221,기타 상품 소매,G22199,그 외 기타 상품 전문 소매업,G47859,그 외 기타 분류 안된 상품 전문 소매업,29,광주광역시,29155,남구,29155720,송암동,2915511200,송하동,2915511200101240049,1,대지,124,49,광주광역시 남구 송하동 124-49,291554283513,광주광역시 남구 원효천2길,4,,2915511200101240049018450,안산에쓰아이,광주광역시 남구 원효천2길 4,503819,61741,,,,126.881904165648,35.1047374764485
MA010120220800804048,가람불교나라,,G2,소매,G221,기타 상품 소매,G22199,그 외 기타 상품 전문 소매업,G47859,그 외 기타 분류 안된 상품 전문 소매업,43,충청북도,43150,제천시,43150537,남현동,4315010400,남천동,4315010400106550000,1,대지,655,,충청북도 제천시 남천동 655,431503239074,충청북도 제천시 풍양로,135,,4315010400106590000029133,,충청북도 제천시 풍양로 135,390020,27174,,,,128.214052789075,37.1355123914127
MA010120220800806587,샬롬성의사,,G2,소매,G221,기타 상품 소매,G22199,그 외 기타 상품 전문 소매업,G47859,그 외 기타 분류 안된 상품 전문 소매업,11,서울특별시,11650,서초구,11650580,반포3동,1165010600,잠원동,1165010600100690018,1,대지,69,18,서울특별시 서초구 잠원동 69-18,116503121017,서울특별시 서초구 신반포로,213,,1165010600100690019017610,반포쇼핑,서울특별시 서초구 신반포로 213,137908,06512,,,,127.007272367754,37.5072697784763
MA010120220800842957,강남성인용품스페이스,,G2,소매,G221,기타 상품 소매,G22199,그 외 기타 상품 전문 소매업,G47859,그 외 기타 분류 안된 상품 전문 소매업,11,서울특별시,11680,강남구,11680640,역삼1동,1168010100,역삼동,1168010100108130008,1,대지,813,8,서울특별시 강남구 역삼동 813-8,116804166346,서울특별시 강남구 봉은사로2길,35,,1168010100108130008023204,소현빌딩,서울특별시 강남구 봉은사로2길 35,135931,06123,,1,,127.026531687443,37.5024376340129
MA010120220800873696,엠피세븐,,G2,소매,G221,기타 상품 소매,G22199,그 외 기타 상품 전문 소매업,G47859,그 외 기타 분류 안된 상품 전문 소매업,11,서울특별시,11470,양천구,11470520,목2동,1147010200,목동,1147010200105570044,1,대지,557,44,서울특별시 양천구 목동 557-44,114704142185,서울특별시 양천구 목동중앙북로16길,78,,1147010200105570044021865,,서울특별시 양천구 목동중앙북로16길 78,158810,07974,,,,126.873867040373,37.5427742088454
MA010120220800883610,강화영농조합38호,,G2,소매,G221,기타 상품 소매,G22199,그 외 기타 상품 전문 소매업,G47859,그 외 기타 분류 안된 상품 전문 소매업,28,인천광역시,28710,강화군,28710250,강화읍,2871025025,강화읍,2871025025110760006,1,대지,1076,6,인천광역시 강화군 강화읍 갑곳리 1076-6,287102157001,인천광역시 강화군 강화읍 강화대로,96,,2871025025110760006018136,,인천광역시 강화군 강화읍 강화대로 96,417942,23026,,1,,126.518953110087,37.7371844690474
MA010120220800889586,고려인삼타운,,G2,소매,G221,기타 상품 소매,G22199,그 외 기타 상품 전문 소매업,G47859,그 외 기타 분류 안된 상품 전문 소매업,11,서울특별시,11500,강서구,11500530,등촌2동,1150010200,등촌동,1150010200105750008,1,대지,575,8,서울특별시 강서구 등촌동 575-8,115004145293,서울특별시 강서구 등촌로13마길,30,,1150010200105750008026144,,서울특별시 강서구 등촌로13마길 30,157837,07733,,,,126.861101778022,37.537471017828
MA010120220800865211,쵸이스가발,,G2,소매,G221,기타 상품 소매,G22199,그 외 기타 상품 전문 소매업,G47422,의복 액세서리 및 모조 장신구 소매업,11,서울특별시,11470,양천구,11470600,신월5동,1147010300,신월동,1147010300100520011,1,대지,52,11,서울특별시 양천구 신월동 52-11,114702000003,서울특별시 양천구 남부순환로,327,,1147010300100520011010247,광은빌딩,서울특별시 양천구 남부순환로 327,158824,07904,,4,,126.827485454343,37.5377420437772
MA010120220800846692,해광산업,,G2,소매,G221,기타 상품 소매,G22199,그 외 기타 상품 전문 소매업,G47859,그 외 기타 분류 안된 상품 전문 소매업,51,강원특별자치도,51150,강릉시,51150550,교1동,5115011000,교동,5115011000108650002,1,대지,865,2,강원특별자치도 강릉시 교동 865-2,511504460023,강원특별자치도 강릉시 강릉대로185번길,1,,4215011000108650002011945,,강원특별자치도 강릉시 강릉대로185번길 1,210923,25504,,,,128.890669346614,37.7579996344252
MA010120220800861825,신우주,,G2,소매,G221,기타 상품 소매,G22199,그 외 기타 상품 전문 소매업,G47859,그 외 기타 분류 안된 상품 전문 소매업,11,서울특별시,11470,양천구,11470650,신정4동,1147010100,신정동,1147010100108970005,1,대지,897,5,서울특별시 양천구 신정동 897-5,114702005008,서울특별시 양천구 국회대로,252,,1147010100108970005000872,태림아트빌,서울특별시 양천구 국회대로 252,158857,07937,,3,,126.863051565321,37.5292741918475
MA010120220800871464,노벨전자,,G2,소매,G221,기타 상품 소매,G22199,그 외 기타 상품 전문 소매업,G47859,그 외 기타 분류 안된 상품 전문 소매업,41,경기도,41570,김포시,41570540,사우동,4157010600,사우동,4157010600103780002,1,대지,378,2,경기도 김포시 사우동 378-2,415704427291,경기도 김포시 상미로10번길,104,41,4157010600103780002018531,,경기도 김포시 상미로10번길 104-41,415802,10121,,,,126.74247628342,37.6172980155665
MA010120220800856280,금산인삼,,G2,소매,G221,기타 상품 소매,G22199,그 외 기타 상품 전문 소매업,G47859,그 외 기타 분류 안된 상품 전문 소매업,11,서울특별시,11470,양천구,11470630,신정2동,1147010100,신정동,1147010100101270013,1,대지,127,13,서울특별시 양천구 신정동 127-13,114704142234,서울특별시 양천구 신목로4길,38,1,1147010100101270013005552,,서울특별시 양천구 신목로4길 38-1,158849,08009,,,,126.876663550363,37.5211891862509
MA010120220800868974,조이파티,,G2,소매,G221,기타 상품 소매,G22199,그 외 기타 상품 전문 소매업,G47859,그 외 기타 분류 안된 상품 전문 소매업,11,서울특별시,11680,강남구,11680531,논현2동,1168010800,논현동,1168010800102390004,1,대지,239,4,서울특별시 강남구 논현동 239-4,116803122011,서울특별시 강남구 학동로,320,,1168010800102390004006308,,서울특별시 강남구 학동로 320,135830,06098,,2,,127.038096706724,37.5159855806002
MA010120220800887303,올제,,G2,소매,G221,기타 상품 소매,G22199,그 외 기타 상품 전문 소매업,G47859,그 외 기타 분류 안된 상품 전문 소매업,11,서울특별시,11530,구로구,11530780,오류2동,1153010800,오류동,1153010800101210000,1,대지,121,,서울특별시 구로구 오류동 121,115303000028,서울특별시 구로구 경인로,110,,1153010800100860001002289,사무동,서울특별시 구로구 경인로 110,152895,08356,,1,,126.836931394479,37.491777286389
MA010120220800887699,동국불교사,,G2,소매,G221,기타 상품 소매,G22199,그 외 기타 상품 전문 소매업,G47859,그 외 기타 분류 안된 상품 전문 소매업,11,서울특별시,11470,양천구,11470560,신월1동,1147010300,신월동,1147010300101330039,1,대지,133,39,서울특별시 양천구 신월동 133-39,114704142020,서울특별시 양천구 곰달래로5길,23,,1147010300101330039014948,,서울특별시 양천구 곰달래로5길 23,158828,07921,,1,,126.833484245854,37.5317409859777
MA010120220800890451,용암농약사,,G2,소매,G221,기타 상품 소매,G22199,그 외 기타 상품 전문 소매업,G47859,그 외 기타 분류 안된 상품 전문 소매업,47,경상북도,47840,성주군,47840320,용암면,4784032043,용암면,4784032043102760001,1,대지,276,1,경상북도 성주군 용암면 용정리 276-1,478403313086,경상북도 성주군 용암면 운용로,1042,,4784032043102760001000001,,경상북도 성주군 용암면 운용로 1042,719844,40053,,1,,128.337904259556,35.836747822104
MA010120220800857122,UNIONLINE,,G2,소매,G221,기타 상품 소매,G22199,그 외 기타 상품 전문 소매업,G47859,그 외 기타 분류 안된 상품 전문 소매업,11,서울특별시,11470,양천구,11470510,목1동,1147010200,목동,1147010200109170009,1,대지,917,9,서울특별시 양천구 목동 917-9,114703114001,서울특별시 양천구 목동동로,293,,1147010200109170009021289,현대41타워,서울특별시 양천구 목동동로 293,158723,07997,,,,126.875769610806,37.5281800233273
MA010120220800863615,원진유통,,G2,소매,G221,기타 상품 소매,G22199,그 외 기타 상품 전문 소매업,G47859,그 외 기타 분류 안된 상품 전문 소매업,11,서울특별시,11560,영등포구,11560535,영등포동,1156010600,영등포동5가,1156010600100060000,1,대지,6,,서울특별시 영등포구 영등포동5가 6,115603118022,서울특별시 영등포구 영등포로,233,,1156010600100060000034843,영등포동,서울특별시 영등포구 영등포로 233,150030,07250,,2,,126.907434400416,37.519739666112
MA010120220800848115,미네랄벤토,,G2,소매,G221,기타 상품 소매,G22199,그 외 기타 상품 전문 소매업,G47859,그 외 기타 분류 안된 상품 전문 소매업,47,경상북도,47250,상주시,47250520,남원동,4725013400,연원동,4725013400107870007,1,대지,787,7,경상북도 상주시 연원동 787-7,472503311045,경상북도 상주시 영남제일로,1925,,4725013400107860000093549,,경상북도 상주시 영남제일로 1925,742110,37164,,,,128.134254494833,36.4158015758049
MA010120220800888441,이지오템,,G2,소매,G221,기타 상품 소매,G22199,그 외 기타 상품 전문 소매업,G47859,그 외 기타 분류 안된 상품 전문 소매업,11,서울특별시,11500,강서구,11500520,등촌1동,1150010200,등촌동,1150010200106310000,1,대지,631,,서울특별시 강서구 등촌동 631,115003115008,서울특별시 강서구 양천로,564,,1150010200106310001027250,등촌동두산위브센티움,서울특별시 강서구 양천로 564,157839,07551,,,,126.861574584614,37.5571313538923
MA010120220800876452,세광미싱,,G2,소매,G221,기타 상품 소매,G22199,그 외 기타 상품 전문 소매업,G47859,그 외 기타 분류 안된 상품 전문 소매업,11,서울특별시,11470,양천구,11470600,신월5동,1147010300,신월동,1147010300100850006,1,대지,85,6,서울특별시 양천구 신월동 85-6,114703005067,서울특별시 양천구 월정로,215,,1147010300100850006010280,,서울특별시 양천구 월정로 215,158825,07906,,,,126.833539171544,37.5375705323481
MA010120220800864334,대원상사,,G2,소매,G221,기타 상품 소매,G22199,그 외 기타 상품 전문 소매업,G47859,그 외 기타 분류 안된 상품 전문 소매업,11,서울특별시,11470,양천구,11470620,신정1동,1147010100,신정동,1147010100110260001,1,대지,1026,1,서울특별시 양천구 신정동 1026-1,114703114010,서울특별시 양천구 신월로,338,,1147010100110260001006339,,서울특별시 양천구 신월로 338,158861,08086,,6,,126.858529529327,37.5215292584567
MA010120220800632098,서부상사,,G2,소매,G221,기타 상품 소매,G22199,그 외 기타 상품 전문 소매업,G47859,그 외 기타 분류 안된 상품 전문 소매업,11,서울특별시,11380,은평구,11380600,응암3동,1138010700,응암동,1138010700105840042,1,대지,584,42,서울특별시 은평구 응암동 584-42,113803005053,서울특별시 은평구 가좌로,248,,1138010700105840042019177,,서울특별시 은평구 가좌로 248,122923,03457,,1,,126.915633794508,37.5915733169613
MA010120220800632251,네추럴폼,,G2,소매,G221,기타 상품 소매,G22199,그 외 기타 상품 전문 소매업,G47859,그 외 기타 분류 안된 상품 전문 소매업,41,경기도,41450,하남시,41450580,감북동,4145011300,감북동,4145011300104330001,1,대지,433,1,경기도 하남시 감북동 433-1,414504406120,경기도 하남시 서하남로12번길,33,,4145011300104330001009998,,경기도 하남시 서하남로12번길 33,465819,12992,,,,127.145983527199,37.515460019455
MA010120220800624898,유한책임회사하이모,은평지점,G2,소매,G221,기타 상품 소매,G22199,그 외 기타 상품 전문 소매업,G47422,의복 액세서리 및 모조 장신구 소매업,11,서울특별시,11380,은평구,11380520,불광1동,1138010300,불광동,1138010300103090000,1,대지,309,,서울특별시 은평구 불광동 309,113803111006,서울특별시 은평구 연서로,252,,1138010300103090022038308,세종빌딩,서울특별시 은평구 연서로 252,122859,03350,,4,,126.9229195593,37.6194549232984
MA010120220800632416,제일종합불교전시관,,G2,소매,G221,기타 상품 소매,G22199,그 외 기타 상품 전문 소매업,G47859,그 외 기타 분류 안된 상품 전문 소매업,11,서울특별시,11470,양천구,11470590,신월4동,1147010300,신월동,1147010300105450001,1,대지,545,1,서울특별시 양천구 신월동 545-1,114703114010,서울특별시 양천구 신월로,157,,1147010300105450001000002,,서울특별시 양천구 신월로 157,158840,08031,,,,126.841014987881,37.5177317816935
MA010120220800634819,메이트존,,G2,소매,G221,기타 상품 소매,G22199,그 외 기타 상품 전문 소매업,G47859,그 외 기타 분류 안된 상품 전문 소매업,11,서울특별시,11530,구로구,11530560,구로5동,1153010200,구로동,1153010200100030025,1,대지,3,25,서울특별시 구로구 구로동 3-25,115303116007,서울특별시 구로구 새말로,97,,1153010200100030025000001,구로동신도림테크노마트,서울특별시 구로구 새말로 97,152725,08288,,9,,126.890224912622,37.5070478036862
MA010120220800642956,하나유통,,G2,소매,G221,기타 상품 소매,G22199,그 외 기타 상품 전문 소매업,G47859,그 외 기타 분류 안된 상품 전문 소매업,43,충청북도,43130,충주시,43130630,연수동,4313011800,연수동,4313011800108220000,1,대지,822,,충청북도 충주시 연수동 822,431302238002,충청북도 충주시 국원대로,198,,4313011800108220000018354,,충청북도 충주시 국원대로 198,380963,27347,,,,127.928579079909,36.9892679105707
MA010120220800605117,사라소방,,G2,소매,G221,기타 상품 소매,G22199,그 외 기타 상품 전문 소매업,G47859,그 외 기타 분류 안된 상품 전문 소매업,50,제주특별자치도,50110,제주시,50110520,일도2동,5011010200,일도이동,5011010200101520037,1,대지,152,37,제주특별자치도 제주시 일도이동 152-37,501104847072,제주특별자치도 제주시 고마로3길,36,1,5011010200101520037034204,,제주특별자치도 제주시 고마로3길 36-1,690832,63251,,,,126.541890229485,33.5120595853746
MA010120220800633017,여래원,,G2,소매,G221,기타 상품 소매,G22199,그 외 기타 상품 전문 소매업,G47859,그 외 기타 분류 안된 상품 전문 소매업,11,서울특별시,11380,은평구,11380570,대조동,1138010600,대조동,1138010600100830013,1,대지,83,13,서울특별시 은평구 대조동 83-13,113804133314,서울특별시 은평구 통일로71길,26,3,1138010600100830013025851,,서울특별시 은평구 통일로71길 26-3,122947,03391,,,,126.927253337186,37.6124209567093
MA010120220800629970,효인장묘개발,,G2,소매,G221,기타 상품 소매,G22199,그 외 기타 상품 전문 소매업,G47859,그 외 기타 분류 안된 상품 전문 소매업,44,충청남도,44825,태안군,44825250,태안읍,4482525023,태안읍,4482525023105770001,1,대지,577,1,충청남도 태안군 태안읍 장산리 577-1,448253264009,충청남도 태안군 태안읍 동백로,7,,4482525023105770001000002,,충청남도 태안군 태안읍 동백로 7,357907,32145,,,,126.276280256923,36.7574938733342
MA010120220800605489,그린퇴비,,G2,소매,G221,기타 상품 소매,G22199,그 외 기타 상품 전문 소매업,G47859,그 외 기타 분류 안된 상품 전문 소매업,46,전라남도,46830,영암군,46830360,군서면,4683036031,군서면,4683036031104310000,1,대지,431,,전라남도 영암군 군서면 도장리 431,468304685407,전라남도 영암군 군서면 장사리길,126,2,4683036031104300000043067,,전라남도 영암군 군서면 장사리길 126-2,526852,58432,,,,126.636373011843,34.8086769683406
MA010120220800635695,리베,,G2,소매,G221,기타 상품 소매,G22199,그 외 기타 상품 전문 소매업,G47859,그 외 기타 분류 안된 상품 전문 소매업,41,경기도,41113,수원시 권선구,41113690,곡선동,4111313600,곡반정동,4111313600105350007,1,대지,535,7,경기도 수원시 권선구 곡반정동 535-7,411134325192,경기도 수원시 권선구 동수원로146번길,308,18,4111313600105350007027917,,경기도 수원시 권선구 동수원로146번길 308-18,441400,16670,,,,127.031353964229,37.241976978084
MA010120220800642524,금산약초,,G2,소매,G221,기타 상품 소매,G22199,그 외 기타 상품 전문 소매업,G47859,그 외 기타 분류 안된 상품 전문 소매업,52,전북특별자치도,52113,전주시 덕진구,52113525,진북동,5211310200,진북동,5211310200103370018,1,대지,337,18,전북특별자치도 전주시 덕진구 진북동 337-18,521133267005,전북특별자치도 전주시 덕진구 건산로,54,1,4511310200103370018008641,,전북특별자치도 전주시 덕진구 건산로 54-1,561835,54928,,,,127.143258811036,35.8325382865954
MA010120220800611140,믿음당한약방,,G2,소매,G221,기타 상품 소매,G22199,그 외 기타 상품 전문 소매업,G47859,그 외 기타 분류 안된 상품 전문 소매업,11,서울특별시,11230,동대문구,11230545,제기동,1123010300,제기동,1123010300109300008,1,대지,930,8,서울특별시 동대문구 제기동 930-8,112303005030,서울특별시 동대문구 고산자로,473,,1123010300109300008031508,,서울특별시 동대문구 고산자로 473,130864,02570,,1,,127.038288773491,37.581911585107
MA010120220800603105,휴먼비샵,,G2,소매,G221,기타 상품 소매,G22199,그 외 기타 상품 전문 소매업,G47859,그 외 기타 분류 안된 상품 전문 소매업,11,서울특별시,11380,은평구,11380510,녹번동,1138010200,녹번동,1138010200100750005,1,대지,75,5,서울특별시 은평구 녹번동 75-5,113804133205,서울특별시 은평구 은평로21길,15,,1138010200100750005000001,골든빌,서울특별시 은평구 은평로21길 15,122828,03383,,3,,126.932563483699,37.6017924335882
MA010120220800623513,보임테크놀러지사내근로주,,G2,소매,G221,기타 상품 소매,G22199,그 외 기타 상품 전문 소매업,G47859,그 외 기타 분류 안된 상품 전문 소매업,11,서울특별시,11530,구로구,11530540,구로3동,1153010200,구로동,1153010200101700005,1,대지,170,5,서울특별시 구로구 구로동 170-5,115304148340,서울특별시 구로구 디지털로33길,28,,1153010200101700005022740,우림이비즈센터,서울특별시 구로구 디지털로33길 28,152769,08377,,,,126.89531980712,37.4869870207531
MA010120220800606131,약초,백화점,G2,소매,G221,기타 상품 소매,G22199,그 외 기타 상품 전문 소매업,G47859,그 외 기타 분류 안된 상품 전문 소매업,41,경기도,41830,양평군,41830250,양평읍,4183025021,양평읍,4183025021101760009,1,대지,176,9,경기도 양평군 양평읍 양근리 176-9,418303217038,경기도 양평군 양평읍 시민로,41,,4183025021101760009019412,,경기도 양평군 양평읍 시민로 41,476802,12557,,1,,127.496263870945,37.4905952401044
MA010120220800614625,건설공업사,,G2,소매,G221,기타 상품 소매,G22199,그 외 기타 상품 전문 소매업,G47859,그 외 기타 분류 안된 상품 전문 소매업,11,서울특별시,11410,서대문구,11410640,홍제3동,1141011100,홍제동,1141011100102660251,1,대지,266,251,서울특별시 서대문구 홍제동 266-251,114103005005,서울특별시 서대문구 세검정로,41,,1141011100102660251014872,,서울특별시 서대문구 세검정로 41,120857,03623,,1,,126.945751990091,37.5922036763543
MA010120220800641995,부연유통,,G2,소매,G221,기타 상품 소매,G22199,그 외 기타 상품 전문 소매업,G47859,그 외 기타 분류 안된 상품 전문 소매업,41,경기도,41220,평택시,41220560,송북동,4122011100,독곡동,4122011100103980030,1,대지,398,30,경기도 평택시 독곡동 398-30,412204364782,경기도 평택시 탄현로381번길,2,,4122011100103980030007382,,경기도 평택시 탄현로381번길 2,459800,17754,,,,127.058935033739,37.0858853178271
MA010120220800606552,원팜,,G2,소매,G221,기타 상품 소매,G22199,그 외 기타 상품 전문 소매업,G47859,그 외 기타 분류 안된 상품 전문 소매업,27,대구광역시,27710,달성군,27710380,구지면,2771038032,구지면,2771038032108310001,1,대지,831,1,대구광역시 달성군 구지면 수리리 831-1,277103351381,대구광역시 달성군 구지면 국가산단북로,99,,2771038031108310001025412,,대구광역시 달성군 구지면 국가산단북로 99,711893,43006,,,,128.401787723051,35.6642536724416
MA010120220800623999,구세군희망나누미,불광점,G2,소매,G221,기타 상품 소매,G22199,그 외 기타 상품 전문 소매업,G47859,그 외 기타 분류 안된 상품 전문 소매업,11,서울특별시,11380,은평구,11380520,불광1동,1138010300,불광동,1138010300102220001,1,대지,222,1,서울특별시 은평구 불광동 222-1,113803111004,서울특별시 은평구 불광로,119,,1138010300102220001000001,불광빌딩,서울특별시 은평구 불광로 119,122855,03353,,1,,126.932945730166,37.6175059028896
MA010120220800603761,와이케이스토어,,G2,소매,G221,기타 상품 소매,G22199,그 외 기타 상품 전문 소매업,G47859,그 외 기타 분류 안된 상품 전문 소매업,41,경기도,41117,수원시 영통구,41117585,영통3동,4111710500,영통동,4111710500109840003,1,대지,984,3,경기도 수원시 영통구 영통동 984-3,411174331086,경기도 수원시 영통구 봉영로1482번길,7,14,4111710500109840003000629,,경기도 수원시 영통구 봉영로1482번길 7-14,443470,16695,,,,127.066621933231,37.2456296419468
MA010120220800606876,아이콘샵,,G2,소매,G221,기타 상품 소매,G22199,그 외 기타 상품 전문 소매업,G47859,그 외 기타 분류 안된 상품 전문 소매업,41,경기도,41570,김포시,41570250,통진읍,4157025022,통진읍,4157025022101090012,1,대지,109,12,경기도 김포시 통진읍 마송리 109-12,415703209109,경기도 김포시 통진읍 조강로,75,,4157025022101090012010001,,경기도 김포시 통진읍 조강로 75,415865,10019,,2,,126.598101033344,37.6919459924888
MA010120220800638841,백산인삼사,,G2,소매,G221,기타 상품 소매,G22199,그 외 기타 상품 전문 소매업,G47859,그 외 기타 분류 안된 상품 전문 소매업,47,경상북도,47210,영주시,47210360,봉현면,4721036023,봉현면,4721036023104380000,1,대지,438,,경상북도 영주시 봉현면 대촌리 438,472103309083,경상북도 영주시 봉현면 소백로,1653,,4721036023104380000015586,농업인복지회관,경상북도 영주시 봉현면 소백로 1653,750893,36045,,,,128.526027921338,36.8489937393177
MA010120220800624648,유한책임회사하이모시청프라자지점,,G2,소매,G221,기타 상품 소매,G22199,그 외 기타 상품 전문 소매업,G47422,의복 액세서리 및 모조 장신구 소매업,11,서울특별시,11140,중구,11140520,소공동,1114011400,태평로2가,1114011400103400006,1,대지,340,6,서울특별시 중구 태평로2가 340-6,111403005010,서울특별시 중구 서소문로,138,,1114011400103400006022892,대한일보,서울특별시 중구 서소문로 138,100865,04514,,11,,126.976310218577,37.5636522495807
MA010120220800624680,유한책임회사하이모신촌지점,,G2,소매,G221,기타 상품 소매,G22199,그 외 기타 상품 전문 소매업,G47422,의복 액세서리 및 모조 장신구 소매업,11,서울특별시,11440,마포구,11440600,대흥동,1144011000,노고산동,1144011000101070001,1,대지,107,1,서울특별시 마포구 노고산동 107-1,114403113010,서울특별시 마포구 서강로,144,,1144011000101070001007440,동인빌딩,서울특별시 마포구 서강로 144,121807,04100,,6,,126.936623738607,37.5544834871737
MA010120220800654695,철구통,,G2,소매,G221,기타 상품 소매,G22199,그 외 기타 상품 전문 소매업,G47859,그 외 기타 분류 안된 상품 전문 소매업,51,강원특별자치도,51110,춘천시,51110630,효자2동,5111011200,효자동,5111011200107000011,1,대지,700,11,강원특별자치도 춘천시 효자동 700-11,511103218003,강원특별자치도 춘천시 공지로,312,,4211011200107000011027562,,강원특별자치도 춘천시 공지로 312,200953,24338,,2,,127.73132149664,37.8681916425999
MA010120220800679321,성지불교사,,G2,소매,G221,기타 상품 소매,G22199,그 외 기타 상품 전문 소매업,G47859,그 외 기타 분류 안된 상품 전문 소매업,11,서울특별시,11500,강서구,11500540,화곡1동,1150010300,화곡동,1150010300103730046,1,대지,373,46,서울특별시 강서구 화곡동 373-46,115004145448,서울특별시 강서구 월정로30가길,24,,1150010300103730046029752,,서울특별시 강서구 월정로30가길 24,157884,07761,,1,,126.836554298895,37.5350789750165
MA010120220800649242,불광만물,,G2,소매,G221,기타 상품 소매,G22199,그 외 기타 상품 전문 소매업,G47859,그 외 기타 분류 안된 상품 전문 소매업,11,서울특별시,11380,은평구,11380510,녹번동,1138010200,녹번동,1138010200101170013,1,대지,117,13,서울특별시 은평구 녹번동 117-13,113803000008,서울특별시 은평구 통일로,683,,1138010200101170013043563,,서울특별시 은평구 통일로 683,122831,03382,,,,126.932569985506,37.6071353079074
MA010120220800655078,태영비닐,,G2,소매,G221,기타 상품 소매,G22199,그 외 기타 상품 전문 소매업,G47859,그 외 기타 분류 안된 상품 전문 소매업,11,서울특별시,11380,은평구,11380640,증산동,1138011000,증산동,1138011000101740009,1,대지,174,9,서울특별시 은평구 증산동 174-9,113804133264,서울특별시 은평구 증산로5길,5,15,1138011000101740009012054,,서울특별시 은평구 증산로5길 5-15,122936,03500,,,,126.90690447332,37.5820342536723
MA010120220800658329,삼성사,,G2,소매,G221,기타 상품 소매,G22199,그 외 기타 상품 전문 소매업,N75999,그 외 기타 분류 안된 사업 지원 서비스업,11,서울특별시,11410,서대문구,11410720,북가좌2동,1141011900,북가좌동,1141011900103380019,1,대지,338,19,서울특별시 서대문구 북가좌동 338-19,114104136360,서울특별시 서대문구 증가로32안길,31,10,1141011900103380019000499,,서울특별시 서대문구 증가로32안길 31-10,120815,03676,,,,126.913071139003,37.5850212430526
MA010120220800655555,명인불교,,G2,소매,G221,기타 상품 소매,G22199,그 외 기타 상품 전문 소매업,G47859,그 외 기타 분류 안된 상품 전문 소매업,28,인천광역시,28200,남동구,28200522,구월4동,2820010100,구월동,2820010100112620007,1,대지,1262,7,인천광역시 남동구 구월동 1262-7,282004259754,인천광역시 남동구 호구포로810번길,45,,2820010100112620007027201,,인천광역시 남동구 호구포로810번길 45,405839,21534,,1,,126.721945381196,37.4546213097468
MA010120220800661192,돌사랑수석,,G2,소매,G221,기타 상품 소매,G22199,그 외 기타 상품 전문 소매업,G47859,그 외 기타 분류 안된 상품 전문 소매업,41,경기도,41281,고양시 덕양구,41281621,화정1동,4128112300,화정동,4128112300106740008,1,대지,674,8,경기도 고양시 덕양구 화정동 674-8,412813000136,경기도 고양시 덕양구 호국로,593,,4128112300106740008000001,,경기도 고양시 덕양구 호국로 593,412826,10455,,,,126.828516663697,37.6406908270382
MA010120220800655642,정엽,,G2,소매,G221,기타 상품 소매,G22199,그 외 기타 상품 전문 소매업,G47859,그 외 기타 분류 안된 상품 전문 소매업,48,경상남도,48840,남해군,48840390,창선면,4884039031,창선면,4884039031102200002,1,대지,220,2,경상남도 남해군 창선면 상죽리 220-2,488404829374,경상남도 남해군 창선면 창선로131번길,68,,4884039031102200002034074,,경상남도 남해군 창선면 창선로131번길 68,668851,52453,,,,128.008509324699,34.8556705574216
MA010120220800652633,불광수삼,,G2,소매,G221,기타 상품 소매,G22199,그 외 기타 상품 전문 소매업,G47859,그 외 기타 분류 안된 상품 전문 소매업,11,서울특별시,11380,은평구,11380570,대조동,1138010600,대조동,1138010600100140001,1,대지,14,1,서울특별시 은평구 대조동 14-1,113803000008,서울특별시 은평구 통일로,731,,1138010600100140001026388,,서울특별시 은평구 통일로 731,122837,03397,,,,126.929463600419,37.6106203207268
MA010120220800659175,갤러리바티카노,,G2,소매,G221,기타 상품 소매,G22199,그 외 기타 상품 전문 소매업,G47859,그 외 기타 분류 안된 상품 전문 소매업,41,경기도,41135,성남시 분당구,41135510,분당동,4113510100,분당동,4113510100101310007,1,대지,131,7,경기도 성남시 분당구 분당동 131-7,411354340161,경기도 성남시 분당구 분당로381번길,4,3,4113510100101310007038180,,경기도 성남시 분당구 분당로381번길 4-3,463832,13584,,1,,127.147370165922,37.3690434953356
MA010120220800678100,더나눔아이피엠,,G2,소매,G221,기타 상품 소매,G22199,그 외 기타 상품 전문 소매업,G47859,그 외 기타 분류 안된 상품 전문 소매업,48,경상남도,48170,진주시,48170330,금곡면,4817033024,금곡면,4817033024101920000,1,대지,192,,경상남도 진주시 금곡면 정자리 192,481703332006,경상남도 진주시 금곡면 금곡로,48,,4817033024101920000000001,,경상남도 진주시 금곡면 금곡로 48,660833,52842,,,,128.186699852945,35.1221954487133
MA010120220800681161,친환경농업,,G2,소매,G221,기타 상품 소매,G22199,그 외 기타 상품 전문 소매업,G47859,그 외 기타 분류 안된 상품 전문 소매업,27,대구광역시,27230,북구,27230610,산격1동,2723011100,산격동,2723011100110670001,1,대지,1067,1,대구광역시 북구 산격동 1067-1,272303145033,대구광역시 북구 연암공원로,19,,2723011100110670001034450,,대구광역시 북구 연암공원로 19,702838,41538,,1,,128.597049637598,35.8930223210488
MA010120220800689622,대원산업,,G2,소매,G221,기타 상품 소매,G22199,그 외 기타 상품 전문 소매업,G47859,그 외 기타 분류 안된 상품 전문 소매업,47,경상북도,47111,포항시 남구,47111256,오천읍,4711125622,오천읍,4711125622103190002,1,대지,319,2,경상북도 포항시 남구 오천읍 문덕리 319-2,471114709157,경상북도 포항시 남구 오천읍 문덕로23번길,14,,4711125622103190002054268,상가장원빌,경상북도 포항시 남구 오천읍 문덕로23번길 14,790902,37888,,1,,129.404550672206,35.9605561774352
MA010120220800673160,웰빙하우스동의식품연구원,,G2,소매,G221,기타 상품 소매,G22199,그 외 기타 상품 전문 소매업,G47859,그 외 기타 분류 안된 상품 전문 소매업,11,서울특별시,11620,관악구,11620625,인헌동,1162010100,봉천동,1162010100116370022,1,대지,1637,22,서울특별시 관악구 봉천동 1637-22,116204160665,서울특별시 관악구 인헌4길,14,,1162010100116370022025248,봉천동,서울특별시 관악구 인헌4길 14,151832,08793,,1,,126.966208864491,37.474801870513
MA010120220800675647,천연바이오,,G2,소매,G221,기타 상품 소매,G22199,그 외 기타 상품 전문 소매업,G47859,그 외 기타 분류 안된 상품 전문 소매업,41,경기도,41500,이천시,41500380,율면,4150038026,율면,4150038026104340006,1,대지,434,6,경기도 이천시 율면 석산리 434-6,415003000125,경기도 이천시 율면 금율로,596,6,4150038026104340006027872,,경기도 이천시 율면 금율로 596-6,467892,17423,,,,127.540185180073,37.0539345704342
MA010120220800684440,나주식물병원,,G2,소매,G221,기타 상품 소매,G22199,그 외 기타 상품 전문 소매업,G47859,그 외 기타 분류 안된 상품 전문 소매업,46,전라남도,46170,나주시,46170540,금남동,4617012200,삼도동,4617012200113840016,1,대지,1384,16,전라남도 나주시 삼도동 1384-16,461704652559,전라남도 나주시 청동길,25,,4617012200113840016005307,,전라남도 나주시 청동길 25,520170,58252,,,,126.724010342012,35.0379057214655
MA010120220800684814,중앙불교사,,G2,소매,G221,기타 상품 소매,G22199,그 외 기타 상품 전문 소매업,G47859,그 외 기타 분류 안된 상품 전문 소매업,48,경상남도,48123,창원시 성산구,48123520,중앙동,4812312500,중앙동,4812312500100690001,1,대지,69,1,경상남도 창원시 성산구 중앙동 69-1,481234784180,경상남도 창원시 성산구 외동반림로126번길,50,,4812312500100690001001634,외동시장,경상남도 창원시 성산구 외동반림로126번길 50,642844,51516,,1,,128.675809664263,35.2271347851376
MA010120220800752101,양키캔들,구로디지털단지점,G2,소매,G221,기타 상품 소매,G22199,그 외 기타 상품 전문 소매업,G47813,"화장품, 비누 및 방향제 소매업",11,서울특별시,11530,구로구,11530540,구로3동,1153010200,구로동,1153010200111240021,1,대지,1124,21,서울특별시 구로구 구로동 1124-21,115304148337,서울특별시 구로구 디지털로32길,93,,1153010200111240021022442,동,서울특별시 구로구 디지털로32길 93,152880,08391,,1,,126.900446987299,37.4831351378041
MA010120220800695950,석산,,G2,소매,G221,기타 상품 소매,G22199,그 외 기타 상품 전문 소매업,G47859,그 외 기타 분류 안된 상품 전문 소매업,11,서울특별시,11620,관악구,11620625,인헌동,1162010100,봉천동,1162010100101780043,1,대지,178,43,서울특별시 관악구 봉천동 178-43,116204160648,서울특별시 관악구 인헌15길,6,12,1162010100101780043025399,,서울특별시 관악구 인헌15길 6-12,151814,08796,,,,126.967951548408,37.4708469210598
MA010120220800752270,신화비엔텍,,G2,소매,G221,기타 상품 소매,G22199,그 외 기타 상품 전문 소매업,G47859,그 외 기타 분류 안된 상품 전문 소매업,11,서울특별시,11530,구로구,11530560,구로5동,1153010200,구로동,1153010200101130006,1,대지,113,6,서울특별시 구로구 구로동 113-6,115304148267,서울특별시 구로구 구로중앙로28길,35,5,1153010200101130006019565,,서울특별시 구로구 구로중앙로28길 35-5,152844,08294,,,,126.887408263522,37.4998190912823
MA010120220800699374,솔루션아이티포항지사,,G2,소매,G221,기타 상품 소매,G22199,그 외 기타 상품 전문 소매업,G47859,그 외 기타 분류 안된 상품 전문 소매업,47,경상북도,47113,포항시 북구,47113680,우창동,4711311800,우현동,4711311800103350004,1,대지,335,4,경상북도 포항시 북구 우현동 335-4,471133304022,경상북도 포항시 북구 아치로,57,,4711311800103350004113176,화성타운,경상북도 포항시 북구 아치로 57,791776,37643,,,,129.355701074684,36.0511475819709
MA010120220800737119,에프원고척,,G2,소매,G221,기타 상품 소매,G22199,그 외 기타 상품 전문 소매업,G47859,그 외 기타 분류 안된 상품 전문 소매업,11,서울특별시,11530,구로구,11530730,고척2동,1153010600,고척동,1153010600102530179,1,대지,253,179,서울특별시 구로구 고척동 253-179,115303116003,서울특별시 구로구 고척로,135,,1153010600102530179012592,,서울특별시 구로구 고척로 135,152834,08246,,,,126.848918280476,37.5026503426316
MA010120220800741163,도원비닐,,G2,소매,G221,기타 상품 소매,G22199,그 외 기타 상품 전문 소매업,G47859,그 외 기타 분류 안된 상품 전문 소매업,11,서울특별시,11530,구로구,11530730,고척2동,1153010600,고척동,1153010600102410337,1,대지,241,337,서울특별시 구로구 고척동 241-337,115304148157,서울특별시 구로구 고척로33길,94,,1153010600102410337011486,,서울특별시 구로구 고척로33길 94,152833,08244,,,,126.847349669243,37.5065406658626
MA010120220800754263,한올상사,,G2,소매,G221,기타 상품 소매,G22199,그 외 기타 상품 전문 소매업,G47422,의복 액세서리 및 모조 장신구 소매업,11,서울특별시,11530,구로구,11530760,개봉3동,1153010700,개봉동,1153010700104030148,1,대지,403,148,서울특별시 구로구 개봉동 403-148,115303116001,서울특별시 구로구 개봉로,36,,1153010700104030151008415,,서울특별시 구로구 개봉로 36,152816,08333,,,,126.856397489368,37.4888922992276
MA010120220800703033,금산인삼,,G2,소매,G221,기타 상품 소매,G22199,그 외 기타 상품 전문 소매업,G47859,그 외 기타 분류 안된 상품 전문 소매업,11,서울특별시,11530,구로구,11530550,구로4동,1153010200,구로동,1153010200103130089,1,대지,313,89,서울특별시 구로구 구로동 313-89,115304148214,서울특별시 구로구 구로동로26길,102,,1153010200103130089021658,,서울특별시 구로구 구로동로26길 102,152873,08313,,,,126.889672999646,37.4901263985998
MA010120220800718860,라시스,,G2,소매,G221,기타 상품 소매,G22199,그 외 기타 상품 전문 소매업,G47859,그 외 기타 분류 안된 상품 전문 소매업,41,경기도,41210,광명시,41210655,일직동,4121010600,일직동,4121010600105140000,1,대지,514,,경기도 광명시 일직동 514,412103182031,경기도 광명시 일직로,43,,4121010600105140000000001,GIDC,경기도 광명시 일직로 43,423090,14353,,26,,126.886947562971,37.4227731509461
MA010120220800710969,금산인삼직판장,,G2,소매,G221,기타 상품 소매,G22199,그 외 기타 상품 전문 소매업,G47859,그 외 기타 분류 안된 상품 전문 소매업,11,서울특별시,11470,양천구,11470570,신월2동,1147010300,신월동,1147010300104920022,1,대지,492,22,서울특별시 양천구 신월동 492-22,114703114014,서울특별시 양천구 오목로,77,,1147010300104920022013867,,서울특별시 양천구 오목로 77,158838,07935,,1,,126.846094158045,37.5231174921098
MA010120220800694084,사,명지,G2,소매,G221,기타 상품 소매,G22199,그 외 기타 상품 전문 소매업,G47859,그 외 기타 분류 안된 상품 전문 소매업,27,대구광역시,27260,수성구,27260560,만촌2동,2726010200,만촌동,2726010200107660000,1,대지,766,,대구광역시 수성구 만촌동 766,272604238081,대구광역시 수성구 달구벌대로541길,24,,2726010200107660000024894,,대구광역시 수성구 달구벌대로541길 24,706806,42066,,,,128.658225508095,35.854768978277
MA010120220800715502,위즈시스,,G2,소매,G221,기타 상품 소매,G22199,그 외 기타 상품 전문 소매업,G47859,그 외 기타 분류 안된 상품 전문 소매업,11,서울특별시,11620,관악구,11620735,대학동,1162010200,신림동,1162010200102200002,1,대지,220,2,서울특별시 관악구 신림동 220-2,116204160521,서울특별시 관악구 신림로3가길,45,19,1162010200102200002006890,,서울특별시 관악구 신림로3가길 45-19,151858,08816,,1,,126.942416680006,37.4680441034399
MA010120220800752600,평양숯집,,G2,소매,G221,기타 상품 소매,G22199,그 외 기타 상품 전문 소매업,G47859,그 외 기타 분류 안된 상품 전문 소매업,11,서울특별시,11530,구로구,11530540,구로3동,1153010200,구로동,1153010200108510000,1,대지,851,,서울특별시 구로구 구로동 851,115303000026,서울특별시 구로구 디지털로,242,,1153010200108510000000001,한화비즈메트로1차,서울특별시 구로구 디지털로 242,152733,08394,,,,126.892682737424,37.4808577992768
MA010120220800697410,뉴그린농자재,,G2,소매,G221,기타 상품 소매,G22199,그 외 기타 상품 전문 소매업,G47859,그 외 기타 분류 안된 상품 전문 소매업,52,전북특별자치도,52140,익산시,52140320,황등면,5214032021,황등면,5214032021106910094,1,대지,691,94,전북특별자치도 익산시 황등면 황등리 691-94,521402269001,전북특별자치도 익산시 황등면 익산대로,1090,7,4514032021106910094024507,,전북특별자치도 익산시 황등면 익산대로 1090-7,570814,54531,,,,126.943965530352,36.0199793848521
MA010120220800715986,보령중기,,G2,소매,G221,기타 상품 소매,G22199,그 외 기타 상품 전문 소매업,G47859,그 외 기타 분류 안된 상품 전문 소매업,41,경기도,41390,시흥시,41390540,은행동,4139010700,안현동,4139010700100120002,1,대지,12,2,경기도 시흥시 안현동 12-2,413904397363,경기도 시흥시 수인로3106번길,114,,4139010700100120002002288,,경기도 시흥시 수인로3106번길 114,429835,14930,,,,126.820512082941,37.4352511109027
MA010120220800716022,대산생약초,,G2,소매,G221,기타 상품 소매,G22199,그 외 기타 상품 전문 소매업,G47859,그 외 기타 분류 안된 상품 전문 소매업,51,강원특별자치도,51750,영월군,51750325,김삿갓면,5175032527,김삿갓면,5175032527109190000,1,대지,919,,강원특별자치도 영월군 김삿갓면 와석리 919,517503227004,강원특별자치도 영월군 김삿갓면 김삿갓로,216,19,4275032527109190000029373,,강원특별자치도 영월군 김삿갓면 김삿갓로 216-19,230822,26246,,,,128.602249437754,37.0802476610279
MA010120220800716170,아름다운세상,,G2,소매,G221,기타 상품 소매,G22199,그 외 기타 상품 전문 소매업,G47859,그 외 기타 분류 안된 상품 전문 소매업,41,경기도,41192,부천시 원미구,41192520,심곡2동,4119210200,심곡동,4119210200101440012,1,대지,144,12,경기도 부천시 원미구 심곡동 144-12,411924352134,경기도 부천시 원미구 부천로10번길,48,,4119510200101440012001061,,경기도 부천시 원미구 부천로10번길 48,420822,14643,,,,126.7855130204,37.484649255998
MA010120220800739622,마르샤,,G2,소매,G221,기타 상품 소매,G22199,그 외 기타 상품 전문 소매업,G47422,의복 액세서리 및 모조 장신구 소매업,11,서울특별시,11440,마포구,11440680,합정동,1144012200,합정동,1144012200104140001,1,대지,414,1,서울특별시 마포구 합정동 414-1,114403113014,서울특별시 마포구 양화로,50,,1144012200104140001013008,,서울특별시 마포구 양화로 50,121883,04046,,,,126.914504303291,37.5495230640843
MA010120220800705785,청산산삼산약초,,G2,소매,G221,기타 상품 소매,G22199,그 외 기타 상품 전문 소매업,G47859,그 외 기타 분류 안된 상품 전문 소매업,11,서울특별시,11500,강서구,11500570,화곡4동,1150010300,화곡동,1150010300108010014,1,대지,801,14,서울특별시 강서구 화곡동 801-14,115004145320,서울특별시 강서구 등촌로5길,62,3,1150010300108010014020006,,서울특별시 강서구 등촌로5길 62-3,157898,07740,,1,,126.859888096635,37.5330366639092
MA010120220800720308,오류원예사,,G2,소매,G221,기타 상품 소매,G22199,그 외 기타 상품 전문 소매업,G47859,그 외 기타 분류 안된 상품 전문 소매업,11,서울특별시,11530,구로구,11530770,오류1동,1153010800,오류동,1153010800100080005,1,대지,8,5,서울특별시 구로구 오류동 8-5,115304148071,서울특별시 구로구 경인로15길,8,,1153010800100080005000001,,서울특별시 구로구 경인로15길 8,152889,08254,,,,126.839808251878,37.4948716735884
MA010120220800713183,현진문화사,,G2,소매,G221,기타 상품 소매,G22199,그 외 기타 상품 전문 소매업,G47859,그 외 기타 분류 안된 상품 전문 소매업,41,경기도,41360,남양주시,41360565,다산2동,4136011200,다산동,4136011200130850050,1,대지,3085,50,경기도 남양주시 다산동 3085-50,413604855041,경기도 남양주시 경춘로476번길,32,1,4136010900100850050011559,,경기도 남양주시 경춘로476번길 32-1,,12257,,,,127.16768314695,37.6084049483535
MA010120220800726163,현대빳지,,G2,소매,G221,기타 상품 소매,G22199,그 외 기타 상품 전문 소매업,G47859,그 외 기타 분류 안된 상품 전문 소매업,11,서울특별시,11530,구로구,11530760,개봉3동,1153010700,개봉동,1153010700102800002,1,대지,280,2,서울특별시 구로구 개봉동 280-2,115304148053,서울특별시 구로구 개봉로2길,51,,1153010700102800002007751,,서울특별시 구로구 개봉로2길 51,152812,08334,,,,126.858559807718,37.4874983465166
MA010120220800717273,한국타이어천왕,대리점,G2,소매,G221,기타 상품 소매,G22199,그 외 기타 상품 전문 소매업,G45211,자동차 신품 타이어 및 튜브 판매업,41,경기도,41210,광명시,41210570,광명6동,4121010800,옥길동,4121010800102250000,1,대지,225,,경기도 광명시 옥길동 225,412103000017,경기도 광명시 금오로,770,,4121010800102250000008034,,경기도 광명시 금오로 770,423016,14297,,,,126.838091829466,37.4675507694521
MA010120220800744147,동감,,G2,소매,G221,기타 상품 소매,G22199,그 외 기타 상품 전문 소매업,G47859,그 외 기타 분류 안된 상품 전문 소매업,11,서울특별시,11530,구로구,11530730,고척2동,1153010600,고척동,1153010600102530180,1,대지,253,180,서울특별시 구로구 고척동 253-180,115304148154,서울특별시 구로구 고척로31길,6,,1153010600102530180012524,,서울특별시 구로구 고척로31길 6,152834,08246,,1,,126.848770968519,37.5027943149176
MA010120220800793011,시스템엘르,,G2,소매,G221,기타 상품 소매,G22199,그 외 기타 상품 전문 소매업,G47422,의복 액세서리 및 모조 장신구 소매업,11,서울특별시,11650,서초구,11650560,반포1동,1165010700,반포동,1165010700107360006,1,대지,736,6,서울특별시 서초구 반포동 736-6,116502102001,서울특별시 서초구 강남대로,507,,1165010700107360008018239,,서울특별시 서초구 강남대로 507,137810,06536,,3,,127.0226992571,37.5071687108065
MA010120220800783934,오.씨.씨,,G2,소매,G221,기타 상품 소매,G22199,그 외 기타 상품 전문 소매업,G47422,의복 액세서리 및 모조 장신구 소매업,11,서울특별시,11650,서초구,11650560,반포1동,1165010700,반포동,1165010700113410000,1,대지,1341,,서울특별시 서초구 반포동 1341,116503121024,서울특별시 서초구 서초중앙로,224,,1165010700100320005024877,반포래미안아이파크,서울특별시 서초구 서초중앙로 224,137041,06599,,,,127.012315748027,37.5017552070814
MA010120220800782021,다니엘사,,G2,소매,G221,기타 상품 소매,G22199,그 외 기타 상품 전문 소매업,G47859,그 외 기타 분류 안된 상품 전문 소매업,11,서울특별시,11650,서초구,11650580,반포3동,1165010600,잠원동,1165010600100690005,1,대지,69,5,서울특별시 서초구 잠원동 69-5,116503121017,서울특별시 서초구 신반포로,195,,1165010600100690007017608,반포쇼핑타운,서울특별시 서초구 신반포로 195,137908,06512,,,,127.005519269524,37.5067382804153
MA010120220800796309,다모란,,G2,소매,G221,기타 상품 소매,G22199,그 외 기타 상품 전문 소매업,G47422,의복 액세서리 및 모조 장신구 소매업,11,서울특별시,11650,서초구,11650621,방배4동,1165010100,방배동,1165010100113970000,1,대지,1397,,서울특별시 서초구 방배동 1397,116504163389,서울특별시 서초구 서초대로1길,6,,1165010100113970000000002,,서울특별시 서초구 서초대로1길 6,137852,06568,,3,,126.983163911067,37.4868339736034
MA010120220800758960,약초랑,,G2,소매,G221,기타 상품 소매,G22199,그 외 기타 상품 전문 소매업,G47859,그 외 기타 분류 안된 상품 전문 소매업,26,부산광역시,26530,사상구,26530600,덕포1동,2653010300,덕포동,2653010300100900025,1,대지,90,25,부산광역시 사상구 덕포동 90-25,265304217175,부산광역시 사상구 백양대로700번길,8,,2653010300100900025019848,,부산광역시 사상구 백양대로700번길 8,617812,46957,,2,,128.989141798455,35.1691490182734
MA010120220800778859,바울성구사,,G2,소매,G221,기타 상품 소매,G22199,그 외 기타 상품 전문 소매업,G47859,그 외 기타 분류 안된 상품 전문 소매업,11,서울특별시,11650,서초구,11650580,반포3동,1165010600,잠원동,1165010600100690005,1,대지,69,5,서울특별시 서초구 잠원동 69-5,116503121017,서울특별시 서초구 신반포로,195,,1165010600100690007017608,한국기독교백화점,서울특별시 서초구 신반포로 195,137908,06512,,2,,127.005519269524,37.5067382804153
MA010120220800796955,유니가발,,G2,소매,G221,기타 상품 소매,G22199,그 외 기타 상품 전문 소매업,G47422,의복 액세서리 및 모조 장신구 소매업,11,서울특별시,11650,서초구,11650580,반포3동,1165010600,잠원동,1165010600100680017,1,대지,68,17,서울특별시 서초구 잠원동 68-17,116503121017,서울특별시 서초구 신반포로,200,,1165010700101280004000001,강남터미널,서울특별시 서초구 신반포로 200,137908,06545,,,,127.005044215872,37.50622472873
MA010120220800784639,모디스강,남지점,G2,소매,G221,기타 상품 소매,G22199,그 외 기타 상품 전문 소매업,G47422,의복 액세서리 및 모조 장신구 소매업,11,서울특별시,11650,서초구,11650581,반포4동,1165010700,반포동,1165010700100930005,1,대지,93,5,서울특별시 서초구 반포동 93-5,116504163357,서울특별시 서초구 서래로10길,9,,1165010700100930005016725,서래빌딩,서울특별시 서초구 서래로10길 9,137806,06577,,,,126.998936964344,37.4995213493383
MA010120220800784803,서초차일드,,G2,소매,G221,기타 상품 소매,G22199,그 외 기타 상품 전문 소매업,G47859,그 외 기타 분류 안된 상품 전문 소매업,11,서울특별시,11590,동작구,11590650,사당4동,1159010700,사당동,1159010700102940002,1,대지,294,2,서울특별시 동작구 사당동 294-2,115904157241,서울특별시 동작구 사당로16바길,43,,1159010700102940002006773,,서울특별시 동작구 사당로16바길 43,156822,07018,,3,,126.970445909035,37.4808758101559
MA010120220800798465,비앤비,,G2,소매,G221,기타 상품 소매,G22199,그 외 기타 상품 전문 소매업,G47859,그 외 기타 분류 안된 상품 전문 소매업,41,경기도,41273,안산시 단원구,41273570,초지동,4127310700,초지동,4127310700107190000,1,대지,719,,경기도 안산시 단원구 초지동 719,412733190011,경기도 안산시 단원구 광덕3로,57,,4127310700107190000029595,,경기도 안산시 단원구 광덕3로 57,425853,15441,,,,126.818974992521,37.313268118085
MA010120220800798484,하이크린,,G2,소매,G221,기타 상품 소매,G22199,그 외 기타 상품 전문 소매업,G47859,그 외 기타 분류 안된 상품 전문 소매업,11,서울특별시,11650,서초구,11650610,방배2동,1165010100,방배동,1165010100109540010,1,대지,954,10,서울특별시 서초구 방배동 954-10,116504163413,서울특별시 서초구 서초대로4길,37,,1165010100109540010025131,,서울특별시 서초구 서초대로4길 37,137845,06675,,,,126.985855481148,37.4841313014809
MA010120220800776929,센－스,,G2,소매,G221,기타 상품 소매,G22199,그 외 기타 상품 전문 소매업,G47422,의복 액세서리 및 모조 장신구 소매업,11,서울특별시,11650,서초구,11650580,반포3동,1165010600,잠원동,1165010600100680017,1,대지,68,17,서울특별시 서초구 잠원동 68-17,116503121017,서울특별시 서초구 신반포로,200,,1165010700101280004000001,강남터미널,서울특별시 서초구 신반포로 200,137908,06545,,,,127.005044215872,37.50622472873
MA010120220800788952,천사레이스,,G2,소매,G221,기타 상품 소매,G22199,그 외 기타 상품 전문 소매업,G47859,그 외 기타 분류 안된 상품 전문 소매업,11,서울특별시,11650,서초구,11650580,반포3동,1165010600,잠원동,1165010600100680017,1,대지,68,17,서울특별시 서초구 잠원동 68-17,116503121017,서울특별시 서초구 신반포로,200,,1165010700101280004000001,강남터미널,서울특별시 서초구 신반포로 200,137908,06545,,,,127.005044215872,37.50622472873
MA010120220800781268,주연가발,,G2,소매,G221,기타 상품 소매,G22199,그 외 기타 상품 전문 소매업,G47422,의복 액세서리 및 모조 장신구 소매업,11,서울특별시,11650,서초구,11650580,반포3동,1165010600,잠원동,1165010600100680017,1,대지,68,17,서울특별시 서초구 잠원동 68-17,116503121017,서울특별시 서초구 신반포로,200,,1165010700101280004000001,강남터미널,서울특별시 서초구 신반포로 200,137908,06545,,,,127.005044215872,37.50622472873
MA010120220800785032,반포기독센타,,G2,소매,G221,기타 상품 소매,G22199,그 외 기타 상품 전문 소매업,G47859,그 외 기타 분류 안된 상품 전문 소매업,11,서울특별시,11650,서초구,11650580,반포3동,1165010600,잠원동,1165010600100690018,1,대지,69,18,서울특별시 서초구 잠원동 69-18,116503121017,서울특별시 서초구 신반포로,213,,1165010600100690019017610,반포쇼핑,서울특별시 서초구 신반포로 213,137908,06512,,2,,127.007272367754,37.5072697784763
MA010120220800787265,제이스,,G2,소매,G221,기타 상품 소매,G22199,그 외 기타 상품 전문 소매업,G47422,의복 액세서리 및 모조 장신구 소매업,11,서울특별시,11650,서초구,11650580,반포3동,1165010600,잠원동,1165010600100680017,1,대지,68,17,서울특별시 서초구 잠원동 68-17,116503121017,서울특별시 서초구 신반포로,200,,1165010700101280004000001,강남터미널,서울특별시 서초구 신반포로 200,137908,06545,,,,127.005044215872,37.50622472873
MA010120220800773035,초심,,G2,소매,G221,기타 상품 소매,G22199,그 외 기타 상품 전문 소매업,G47859,그 외 기타 분류 안된 상품 전문 소매업,11,서울특별시,11530,구로구,11530560,구로5동,1153010200,구로동,1153010200100230003,1,대지,23,3,서울특별시 구로구 구로동 23-3,115304148196,서울특별시 구로구 공원로8길,11,,1153010200100230003019491,삼운빌딩,서울특별시 구로구 공원로8길 11,152838,08289,,2,,126.889936699098,37.5030650937552
MA010120220800760486,인제명품약초,,G2,소매,G221,기타 상품 소매,G22199,그 외 기타 상품 전문 소매업,G47859,그 외 기타 분류 안된 상품 전문 소매업,51,강원특별자치도,51810,인제군,51810320,북면,5181032024,북면,5181032024101820008,1,대지,182,8,강원특별자치도 인제군 북면 용대리 182-8,518104499223,강원특별자치도 인제군 북면 황태길,384,,4281032024001820008015013,,강원특별자치도 인제군 북면 황태길 384,252821,24605,,,,128.369321237847,38.2208350950304
MA010120220800777921,명신사,,G2,소매,G221,기타 상품 소매,G22199,그 외 기타 상품 전문 소매업,G47422,의복 액세서리 및 모조 장신구 소매업,11,서울특별시,11650,서초구,11650581,반포4동,1165010700,반포동,1165010700100190001,1,대지,19,1,서울특별시 서초구 반포동 19-1,116503121017,서울특별시 서초구 신반포로,162,,1165010700100190001016580,공구지하상가,서울특별시 서초구 신반포로 162,137713,06546,,,,127.002284559382,37.5048913265292
MA010120220800795235,자이모,,G2,소매,G221,기타 상품 소매,G22199,그 외 기타 상품 전문 소매업,G47422,의복 액세서리 및 모조 장신구 소매업,11,서울특별시,11650,서초구,11650590,방배본동,1165010100,방배동,1165010100107950018,1,대지,795,18,서울특별시 서초구 방배동 795-18,116503121010,서울특별시 서초구 방배로,227,,1165010100107950018015973,영춘빌딩,서울특별시 서초구 방배로 227,137830,06561,,,,126.989743669894,37.4934301038659
MA010120220802319400,혜성미싱,,G2,소매,G221,기타 상품 소매,G22199,그 외 기타 상품 전문 소매업,G47859,그 외 기타 분류 안된 상품 전문 소매업,41,경기도,41390,시흥시,41390520,신천동,4139010200,신천동,4139010200107490007,1,대지,749,7,경기도 시흥시 신천동 749-7,413904397378,경기도 시흥시 수인로3413번길,23,8,4139010200107490007019951,,경기도 시흥시 수인로3413번길 23-8,429830,14947,,1,,126.779685728378,37.439912389973
MA010120220802335864,민속불교,백화점,G2,소매,G221,기타 상품 소매,G22199,그 외 기타 상품 전문 소매업,G47859,그 외 기타 분류 안된 상품 전문 소매업,41,경기도,41271,안산시 상록구,41271515,이동,4127110200,이동,4127110200105870000,1,대지,587,,경기도 안산시 상록구 이동 587,412714370493,경기도 안산시 상록구 충장로5길,10,,4127110200105870000022839,,경기도 안산시 상록구 충장로5길 10,426857,15513,,1,,126.858639482317,37.3068256880203
MA010120220802323042,대부종묘농약사,,G2,소매,G221,기타 상품 소매,G22199,그 외 기타 상품 전문 소매업,G47859,그 외 기타 분류 안된 상품 전문 소매업,41,경기도,41273,안산시 단원구,41273610,대부동,4127311100,대부북동,4127311100105090013,1,대지,509,13,경기도 안산시 단원구 대부북동 509-13,412733191017,경기도 안산시 단원구 대남로,12,,4127311100105090013000001,,경기도 안산시 단원구 대남로 12,425330,15645,,,,126.584353269199,37.2418283427825
MA010120220802330344,점보상사,,G2,소매,G221,기타 상품 소매,G22199,그 외 기타 상품 전문 소매업,G47859,그 외 기타 분류 안된 상품 전문 소매업,41,경기도,41390,시흥시,41390591,정왕1동,4139013200,정왕동,4139013200113670001,1,대지,1367,1,경기도 시흥시 정왕동 1367-1,413902199001,경기도 시흥시 공단1대로,244,,4139013200113670001016345,호,경기도 시흥시 공단1대로 244,429853,15103,,,,126.728445299906,37.3353324328239
MA010120220802348917,뽀빠이성인용품,,G2,소매,G221,기타 상품 소매,G22199,그 외 기타 상품 전문 소매업,G47859,그 외 기타 분류 안된 상품 전문 소매업,41,경기도,41271,안산시 상록구,41271560,본오3동,4127110400,본오동,4127110400111120040,1,대지,1112,40,경기도 안산시 상록구 본오동 1112-40,412714370197,경기도 안산시 상록구 상록수안길,55,,4127110400111120040028788,,경기도 안산시 상록구 상록수안길 55,426818,15533,,1,,126.873165116078,37.3018684313959
MA010120220802323513,하이텍,,G2,소매,G221,기타 상품 소매,G22199,그 외 기타 상품 전문 소매업,G47859,그 외 기타 분류 안된 상품 전문 소매업,48,경상남도,48250,김해시,48250330,진례면,4825033024,진례면,4825033024108210003,1,대지,821,3,경상남도 김해시 진례면 초전리 821-3,482503335058,경상남도 김해시 진례면 진례로,108,,4825033024108210003093378,,경상남도 김해시 진례면 진례로 108,621884,50874,,,,128.7517887242,35.2377654888599
MA010120220802339278,이한민,,G2,소매,G221,기타 상품 소매,G22199,그 외 기타 상품 전문 소매업,G47859,그 외 기타 분류 안된 상품 전문 소매업,41,경기도,41271,안산시 상록구,41271540,본오1동,4127110400,본오동,4127110400108340002,1,대지,834,2,경기도 안산시 상록구 본오동 834-2,412713190040,경기도 안산시 상록구 석호로,354,,4127110400108340002010143,,경기도 안산시 상록구 석호로 354,426812,15556,,,,126.870010702186,37.2931249553995
MA010120220802336471,한솔,불교용품점,G2,소매,G221,기타 상품 소매,G22199,그 외 기타 상품 전문 소매업,G47859,그 외 기타 분류 안된 상품 전문 소매업,41,경기도,41273,안산시 단원구,41273510,와동,4127310200,와동,4127310200107920013,1,대지,792,13,경기도 안산시 단원구 와동 792-13,412734373452,경기도 안산시 단원구 화정천동로6길,7,,4127310200107920013030040,,경기도 안산시 단원구 화정천동로6길 7,425843,15247,,1,,126.819606104709,37.3465621742733
MA010120220802320750,에스지인터내셔널,,G2,소매,G221,기타 상품 소매,G22199,그 외 기타 상품 전문 소매업,G47859,그 외 기타 분류 안된 상품 전문 소매업,41,경기도,41271,안산시 상록구,41271600,반월동,4127111000,팔곡일동,4127111000105710022,1,대지,571,22,경기도 안산시 상록구 팔곡일동 571-22,412714370448,경기도 안산시 상록구 정동길,5,,4127111000105710022000001,,경기도 안산시 상록구 정동길 5,426200,15526,,,,126.88800326811,37.2978377501946
MA010120220802330853,연화불교,,G2,소매,G221,기타 상품 소매,G22199,그 외 기타 상품 전문 소매업,G47859,그 외 기타 분류 안된 상품 전문 소매업,41,경기도,41271,안산시 상록구,41271515,이동,4127110200,이동,4127110200105890003,1,대지,589,3,경기도 안산시 상록구 이동 589-3,412713190071,경기도 안산시 상록구 충장로,292,,4127110200105890003001524,,경기도 안산시 상록구 충장로 292,426857,15512,,,,126.857296727586,37.3070583455983
MA010120220802343328,짱구네,,G2,소매,G221,기타 상품 소매,G22199,그 외 기타 상품 전문 소매업,G47859,그 외 기타 분류 안된 상품 전문 소매업,41,경기도,41271,안산시 상록구,41271540,본오1동,4127110400,본오동,4127110400106710011,1,대지,671,11,경기도 안산시 상록구 본오동 671-11,412713190064,경기도 안산시 상록구 이호로,67,,4127110400106710011016486,,경기도 안산시 상록구 이호로 67,426807,15567,,,,126.864314752598,37.2871807257038
MA010120220802324226,상록수레저,,G2,소매,G221,기타 상품 소매,G22199,그 외 기타 상품 전문 소매업,G47859,그 외 기타 분류 안된 상품 전문 소매업,41,경기도,41271,안산시 상록구,41271540,본오1동,4127110400,본오동,4127110400108500014,1,대지,850,14,경기도 안산시 상록구 본오동 850-14,412713190091,경기도 안산시 상록구 오목로,95,1,4127110400108500014002465,,경기도 안산시 상록구 오목로 95-1,426812,15561,,1,,126.868741215598,37.2902942972456
MA010120220802331186,성인상사,,G2,소매,G221,기타 상품 소매,G22199,그 외 기타 상품 전문 소매업,G47859,그 외 기타 분류 안된 상품 전문 소매업,41,경기도,41273,안산시 단원구,41273510,와동,4127310200,와동,4127310200100980009,1,대지,98,9,경기도 안산시 단원구 와동 98-9,412733191039,경기도 안산시 단원구 선부로,290,,4127310200100980009035273,,경기도 안산시 단원구 선부로 290,425840,15255,,,,126.827223857939,37.3417350201254
MA010120220802331395,국제아트디자인연구협회,,G2,소매,G221,기타 상품 소매,G22199,그 외 기타 상품 전문 소매업,G47859,그 외 기타 분류 안된 상품 전문 소매업,41,경기도,41273,안산시 단원구,41273535,호수동,4127310100,고잔동,4127310100106810003,1,대지,681,3,경기도 안산시 단원구 고잔동 681-3,412733190012,경기도 안산시 단원구 광덕4로,102,,4127310100106810003020644,신원프라자,경기도 안산시 단원구 광덕4로 102,425802,15458,,,,126.823606927174,37.3152033243654
MA010120220802335435,달빛성인용품유통,,G2,소매,G221,기타 상품 소매,G22199,그 외 기타 상품 전문 소매업,G47859,그 외 기타 분류 안된 상품 전문 소매업,41,경기도,41271,안산시 상록구,41271515,이동,4127110200,이동,4127110200105790004,1,대지,579,4,경기도 안산시 상록구 이동 579-4,412713190071,경기도 안산시 상록구 충장로,266,,4127110200105790004033263,,경기도 안산시 상록구 충장로 266,426857,15513,,,,126.859093806829,37.3051503046581
MA010120220802344888,동인당,,G2,소매,G221,기타 상품 소매,G22199,그 외 기타 상품 전문 소매업,G47859,그 외 기타 분류 안된 상품 전문 소매업,41,경기도,41271,안산시 상록구,41271550,본오2동,4127110400,본오동,4127110400107610005,1,대지,761,5,경기도 안산시 상록구 본오동 761-5,412713190003,경기도 안산시 상록구 각골로,86,,4127110400107610005002992,,경기도 안산시 상록구 각골로 86,426808,15546,,1,,126.873037777771,37.2971018135555
MA010120220802344968,대양하이텍,,G2,소매,G221,기타 상품 소매,G22199,그 외 기타 상품 전문 소매업,G47859,그 외 기타 분류 안된 상품 전문 소매업,41,경기도,41196,부천시 오정구,41196510,성곡동,4119610200,여월동,4119610200103070000,1,대지,307,,경기도 부천시 오정구 여월동 307,411963012096,경기도 부천시 오정구 소사로,627,,4119910200103070000048407,일부호해동주유소,경기도 부천시 오정구 소사로 627,421220,14485,,2,,126.800102150898,37.5130024333589
MA010120220800420690,호수소방기구공업사,,G2,소매,G221,기타 상품 소매,G22199,그 외 기타 상품 전문 소매업,G47859,그 외 기타 분류 안된 상품 전문 소매업,11,서울특별시,11590,동작구,11590510,노량진1동,1159010100,노량진동,1159010100100500002,1,대지,50,2,서울특별시 동작구 노량진동 50-2,115903119008,서울특별시 동작구 장승배기로,164,,1159010100100500002032277,,서울특별시 동작구 장승배기로 164,156800,06924,,,,126.940403296602,37.5123096036459
MA010120220800430892,영도수삼,,G2,소매,G221,기타 상품 소매,G22199,그 외 기타 상품 전문 소매업,G47859,그 외 기타 분류 안된 상품 전문 소매업,11,서울특별시,11590,동작구,11590550,상도3동,1159010200,상도동,1159010200103510001,1,대지,351,1,서울특별시 동작구 상도동 351-1,115904157318,서울특별시 동작구 상도로15길,29,,1159010200103510001024565,,서울특별시 동작구 상도로15길 29,156839,06951,,1,,126.933569278035,37.5021246029008
MA010120220800433855,금산인삼,,G2,소매,G221,기타 상품 소매,G22199,그 외 기타 상품 전문 소매업,G47859,그 외 기타 분류 안된 상품 전문 소매업,11,서울특별시,11590,동작구,11590550,상도3동,1159010200,상도동,1159010200103160008,1,대지,316,8,서울특별시 동작구 상도동 316-8,115904157458,서울특별시 동작구 성대로2길,1,2,1159010200103160008025922,,서울특별시 동작구 성대로2길 1-2,156033,07042,,,,126.932304859955,37.499664139186
MA010120220800409195,에이치와이유주,,G2,소매,G221,기타 상품 소매,G22199,그 외 기타 상품 전문 소매업,G47859,그 외 기타 분류 안된 상품 전문 소매업,11,서울특별시,11560,영등포구,11560535,영등포동,1156010600,영등포동5가,1156010600101140000,1,대지,114,,서울특별시 영등포구 영등포동5가 114,115604154803,서울특별시 영등포구 영중로22길,6,,1156010600101140000000001,,서울특별시 영등포구 영중로22길 6,150030,07250,,,,126.90614264017,37.5214956018579
MA010120220800434295,청계소방공사,,G2,소매,G221,기타 상품 소매,G22199,그 외 기타 상품 전문 소매업,G47859,그 외 기타 분류 안된 상품 전문 소매업,11,서울특별시,11560,영등포구,11560690,신길7동,1156013200,신길동,1156013200106340000,1,대지,634,,서울특별시 영등포구 신길동 634,115603118028,서울특별시 영등포구 여의대방로,165,,1156013200106340000007407,신길동,서울특별시 영등포구 여의대방로 165,150854,07391,,,,126.920790009153,37.5019185040139
MA010120220800421398,신길만물불교사,,G2,소매,G221,기타 상품 소매,G22199,그 외 기타 상품 전문 소매업,G47859,그 외 기타 분류 안된 상품 전문 소매업,11,서울특별시,11560,영등포구,11560650,신길3동,1156013200,신길동,1156013200102620006,1,대지,262,6,서울특별시 영등포구 신길동 262-6,115604154026,서울특별시 영등포구 가마산로69가길,1,,1156013200102620006013866,,서울특별시 영등포구 가마산로69가길 1,150847,07387,,,,126.908344373008,37.5063874990472
MA010120220800434545,신길종합유통,,G2,소매,G221,기타 상품 소매,G22199,그 외 기타 상품 전문 소매업,G47859,그 외 기타 분류 안된 상품 전문 소매업,11,서울특별시,11560,영등포구,11560720,대림3동,1156013300,대림동,1156013300106560003,1,대지,656,3,서울특별시 영등포구 대림동 656-3,115604154187,서울특별시 영등포구 대림로44길,25,,1156013300106560003000321,,서울특별시 영등포구 대림로44길 25,150812,07379,,,,126.898983301158,37.5037579402201
MA010120220800414045,금산수삼,,G2,소매,G221,기타 상품 소매,G22199,그 외 기타 상품 전문 소매업,G47859,그 외 기타 분류 안된 상품 전문 소매업,29,광주광역시,29110,동구,29110525,충장동,2911010100,대인동,2911010100103230011,1,대지,323,11,광주광역시 동구 대인동 323-11,291103009001,광주광역시 동구 구성로,219,,2911010100103230011001450,대인동,광주광역시 동구 구성로 219,501812,61426,,1,,126.915788567984,35.154827493743
MA010120220800431818,드림가모,,G2,소매,G221,기타 상품 소매,G22199,그 외 기타 상품 전문 소매업,G47422,의복 액세서리 및 모조 장신구 소매업,11,서울특별시,11110,종로구,11110615,종로1.2.3.4가동,1111015600,종로3가,1111015600101300000,1,대지,130,,서울특별시 종로구 종로3가 130,111103100013,서울특별시 종로구 종로,128,,1111015600101300000014998,,서울특별시 종로구 종로 128,110123,03192,,,,126.991917833982,37.5701505300229
MA010120220800435117,영파티,,G2,소매,G221,기타 상품 소매,G22199,그 외 기타 상품 전문 소매업,G47859,그 외 기타 분류 안된 상품 전문 소매업,11,서울특별시,11470,양천구,11470620,신정1동,1147010100,신정동,1147010100110160022,1,대지,1016,22,서울특별시 양천구 신정동 1016-22,114704142252,서울특별시 양천구 신월로38길,9,,1147010100110160022007275,,서울특별시 양천구 신월로38길 9,158861,08087,,1,,126.861278988889,37.5212081589619
MA010120220800445349,정수공조,,G2,소매,G221,기타 상품 소매,G22199,그 외 기타 상품 전문 소매업,G47859,그 외 기타 분류 안된 상품 전문 소매업,11,서울특별시,11590,동작구,11590620,사당1동,1159010700,사당동,1159010700110220036,1,대지,1022,36,서울특별시 동작구 사당동 1022-36,115904157166,서울특별시 동작구 동작대로9길,66,,1159010700110220036010734,,서울특별시 동작구 동작대로9길 66,156825,07016,,,,126.977851414239,37.4807963396237
MA010120220800440229,주작,,G2,소매,G221,기타 상품 소매,G22199,그 외 기타 상품 전문 소매업,G47859,그 외 기타 분류 안된 상품 전문 소매업,11,서울특별시,11590,동작구,11590550,상도3동,1159010200,상도동,1159010200103250021,1,대지,325,21,서울특별시 동작구 상도동 325-21,115903119005,서울특별시 동작구 상도로,94,,1159010200103250021000001,수진세인트빌딩,서울특별시 동작구 상도로 94,156839,07041,,2,,126.931151260812,37.4997625831536
MA010120220800417449,명품가발,,G2,소매,G221,기타 상품 소매,G22199,그 외 기타 상품 전문 소매업,G47422,의복 액세서리 및 모조 장신구 소매업,41,경기도,41210,광명시,41210620,철산4동,4121010200,철산동,4121010200104660001,1,대지,466,1,경기도 광명시 철산동 466-1,412103187001,경기도 광명시 가림로,224,,4121010200104660001006688,,경기도 광명시 가림로 224,423840,14251,,3,,126.863238592703,37.4763764036897
MA010120220800435845,뉴-월드란제리,,G2,소매,G221,기타 상품 소매,G22199,그 외 기타 상품 전문 소매업,G47859,그 외 기타 분류 안된 상품 전문 소매업,11,서울특별시,11560,영등포구,11560515,영등포본동,1156013200,신길동,1156013200101900052,1,대지,190,52,서울특별시 영등포구 신길동 190-52,115603118014,서울특별시 영등포구 신길로,234,15,1156013200101900052015722,,서울특별시 영등포구 신길로 234-15,150838,07312,,1,,126.910982921392,37.5131019992898
MA010120220800427548,한영종합상사,,G2,소매,G221,기타 상품 소매,G22199,그 외 기타 상품 전문 소매업,G47859,그 외 기타 분류 안된 상품 전문 소매업,11,서울특별시,11530,구로구,11530560,구로5동,1153010200,구로동,1153010200101070000,1,대지,107,,서울특별시 구로구 구로동 107,115304148018,서울특별시 구로구 가마산로27길,60,,1153010200101070000020134,미주프라자,서울특별시 구로구 가마산로27길 60,152843,08298,,,,126.890541398178,37.4994346034324
MA010120220800427655,대광불교사,,G2,소매,G221,기타 상품 소매,G22199,그 외 기타 상품 전문 소매업,G47859,그 외 기타 분류 안된 상품 전문 소매업,28,인천광역시,28177,미추홀구,28177620,주안1동,2817710500,주안동,2817710500102060010,1,대지,206,10,인천광역시 미추홀구 주안동 206-10,281773151008,인천광역시 미추홀구 석바위로,58,1,2817010600102060010214764,영빌딩,인천광역시 미추홀구 석바위로 58-1,402835,22139,,5,,126.679570784454,37.4606408755322
MA010120220800438159,이안텔레콤,,G2,소매,G221,기타 상품 소매,G22199,그 외 기타 상품 전문 소매업,G47859,그 외 기타 분류 안된 상품 전문 소매업,11,서울특별시,11560,영등포구,11560660,신길4동,1156013200,신길동,1156013200102350003,1,대지,235,3,서울특별시 영등포구 신길동 235-3,115603000023,서울특별시 영등포구 가마산로,501,,1156013200102350003012526,나호,서울특별시 영등포구 가마산로 501,150845,07362,,1,,126.912201907677,37.5056606151915
MA010120220800493903,제일지업사,,G2,소매,G221,기타 상품 소매,G22199,그 외 기타 상품 전문 소매업,G47859,그 외 기타 분류 안된 상품 전문 소매업,11,서울특별시,11500,강서구,11500593,화곡8동,1150010300,화곡동,1150010300103400067,1,대지,340,67,서울특별시 강서구 화곡동 340-67,115004145020,서울특별시 강서구 강서로16길,11,1,1150010300103400067011834,,서울특별시 강서구 강서로16길 11-1,157879,07756,,,,126.847013179584,37.5328675170205
MA010120220800493908,영창산업,,G2,소매,G221,기타 상품 소매,G22199,그 외 기타 상품 전문 소매업,G47859,그 외 기타 분류 안된 상품 전문 소매업,28,인천광역시,28245,계양구,28245710,계양1동,2824512000,둑실동,2824512000100850003,1,대지,85,3,인천광역시 계양구 둑실동 85-3,282454265145,인천광역시 계양구 드림로674번길,30,30,2824512000100850003090771,,인천광역시 계양구 드림로674번길 30-30,407440,21001,,,,126.712027527455,37.5768543509401
MA010120220800491159,현대소방공사,,G2,소매,G221,기타 상품 소매,G22199,그 외 기타 상품 전문 소매업,G47859,그 외 기타 분류 안된 상품 전문 소매업,11,서울특별시,11500,강서구,11500615,우장산동,1150010600,내발산동,1150010600106690007,1,대지,669,7,서울특별시 강서구 내발산동 669-7,115003115001,서울특별시 강서구 강서로,318,5,1150010600106690007008230,,서울특별시 강서구 강서로 318-5,157828,07680,,,,126.837361002085,37.5543524433229
MA010120220800456536,동양에스엔씨,,G2,소매,G221,기타 상품 소매,G22199,그 외 기타 상품 전문 소매업,G47859,그 외 기타 분류 안된 상품 전문 소매업,47,경상북도,47290,경산시,47290250,하양읍,4729025033,하양읍,4729025033104730023,1,대지,473,23,경상북도 경산시 하양읍 남하리 473-23,472904739190,경상북도 경산시 하양읍 남하새마을길5길,8,,4729025033104730023000001,,경상북도 경산시 하양읍 남하새마을길5길 8,712906,38426,,2,,128.771213628084,35.8848664133648
MA010120220800456809,컴그로,,G2,소매,G221,기타 상품 소매,G22199,그 외 기타 상품 전문 소매업,G47859,그 외 기타 분류 안된 상품 전문 소매업,47,경상북도,47250,상주시,47250550,동문동,4725012300,헌신동,4725012300103650000,1,대지,365,,경상북도 상주시 헌신동 365,472504733865,경상북도 상주시 헌신1길,25,6,4725012300103650000096663,,경상북도 상주시 헌신1길 25-6,742330,37240,,,,128.2096209107,36.4185941818712
MA010120220800491636,늘푸른건강명가,,G2,소매,G221,기타 상품 소매,G22199,그 외 기타 상품 전문 소매업,G47859,그 외 기타 분류 안된 상품 전문 소매업,11,서울특별시,11500,강서구,11500630,방화1동,1150010900,방화동,1150010900105690047,1,대지,569,47,서울특별시 강서구 방화동 569-47,115004145369,서울특별시 강서구 방화동로16길,42,,1150010900105690047003724,,서울특별시 강서구 방화동로16길 42,157847,07604,,1,,126.812340043175,37.5718937441014
MA010120220800491898,비젼깨끗한세상,,G2,소매,G221,기타 상품 소매,G22199,그 외 기타 상품 전문 소매업,G47859,그 외 기타 분류 안된 상품 전문 소매업,28,인천광역시,28260,서구,28260542,가정1동,2826010800,가정동,2826010800104980033,1,대지,498,33,인천광역시 서구 가정동 498-33,282604268619,인천광역시 서구 원창로239번길,34,,2826010800104980033002305,,인천광역시 서구 원창로239번길 34,404803,22777,,,,126.676261265297,37.5203774182419
MA010120220800451348,유정어망,,G2,소매,G221,기타 상품 소매,G22199,그 외 기타 상품 전문 소매업,G47859,그 외 기타 분류 안된 상품 전문 소매업,46,전라남도,46110,목포시,46110640,동명동,4611011800,동명동,4611011800104220001,1,대지,422,1,전라남도 목포시 동명동 422-1,461104643367,전라남도 목포시 삼학로93번길,5,1,4611011800104220001000001,,전라남도 목포시 삼학로93번길 5-1,530805,58742,,,,126.394015697242,34.7877905876303
MA010120220800494753,모젠,,G2,소매,G221,기타 상품 소매,G22199,그 외 기타 상품 전문 소매업,G47422,의복 액세서리 및 모조 장신구 소매업,11,서울특별시,11500,강서구,11500603,가양1동,1150010400,가양동,1150010400101540008,1,대지,154,8,서울특별시 강서구 가양동 154-8,115003115008,서울특별시 강서구 양천로,345,,1150010400101540008010682,,서울특별시 강서구 양천로 345,157801,07523,,,,126.841110272379,37.5687915010544
MA010120220800448793,태양불교사,,G2,소매,G221,기타 상품 소매,G22199,그 외 기타 상품 전문 소매업,G47859,그 외 기타 분류 안된 상품 전문 소매업,11,서울특별시,11590,동작구,11590680,신대방2동,1159010900,신대방동,1159010900103440259,1,대지,344,259,서울특별시 동작구 신대방동 344-259,115904157221,서울특별시 동작구 보라매로7가길,1,,1159010900103440259001532,,서울특별시 동작구 보라매로7가길 1,156847,07061,,,,126.92649794782,37.4936779860953
MA010120220800457485,푸른,,G2,소매,G221,기타 상품 소매,G22199,그 외 기타 상품 전문 소매업,G47859,그 외 기타 분류 안된 상품 전문 소매업,41,경기도,41630,양주시,41630340,장흥면,4163034026,장흥면,4163034026102690006,1,대지,269,6,경기도 양주시 장흥면 삼상리 269-6,416303192092,경기도 양주시 장흥면 일영로,612,,4163034026102690006054986,,경기도 양주시 장흥면 일영로 612,482813,11524,,,,126.930810512358,37.6970253321297
MA010120220800489623,렌코워시엠,,G2,소매,G221,기타 상품 소매,G22199,그 외 기타 상품 전문 소매업,G47859,그 외 기타 분류 안된 상품 전문 소매업,41,경기도,41570,김포시,41570256,양촌읍,4157025622,양촌읍,4157025622105130000,1,대지,513,,경기도 김포시 양촌읍 누산리 513,415704427073,경기도 김포시 양촌읍 김포대로1644번길,30,,4157032022105130000002339,,경기도 김포시 양촌읍 김포대로1644번길 30,415842,10053,,,,126.65622778437,37.6655960663911
MA010120220800457703,대산원예종묘,,G2,소매,G221,기타 상품 소매,G22199,그 외 기타 상품 전문 소매업,G47859,그 외 기타 분류 안된 상품 전문 소매업,51,강원특별자치도,51800,양구군,51800315,국토정중앙면,5180031524,국토정중앙면,5180031524104150002,1,대지,415,2,강원특별자치도 양구군 국토정중앙면 용하리 415-2,518003232015,강원특별자치도 양구군 국토정중앙면 정중앙로,624,,4280031024004150002009726,,강원특별자치도 양구군 국토정중앙면 정중앙로 624,255815,24554,,,,128.033953100411,38.1092006573809
MA010120220800463155,신성엔비텍,,G2,소매,G221,기타 상품 소매,G22199,그 외 기타 상품 전문 소매업,G47859,그 외 기타 분류 안된 상품 전문 소매업,47,경상북도,47770,영덕군,47770250,영덕읍,4777025027,영덕읍,4777025027101800001,1,대지,180,1,경상북도 영덕군 영덕읍 우곡리 180-1,477703318006,경상북도 영덕군 영덕읍 영덕로,128,8,4777025027101800001024037,,경상북도 영덕군 영덕읍 영덕로 128-8,766805,36426,,,,129.375837923472,36.4056847240955
MA010120220800463258,선조산업,,G2,소매,G221,기타 상품 소매,G22199,그 외 기타 상품 전문 소매업,G47859,그 외 기타 분류 안된 상품 전문 소매업,41,경기도,41210,광명시,41210610,철산3동,4121010200,철산동,4121010200106370000,1,대지,637,,경기도 광명시 철산동 637,412103187004,경기도 광명시 광덕산로,5,,4121010200103730000005000,철산푸르지오하늘채아파트,경기도 광명시 광덕산로 5,423732,14241,,,,126.868992226758,37.4703641791119
MA010120220800470141,한마음장애우복지회대방지부,,G2,소매,G221,기타 상품 소매,G22199,그 외 기타 상품 전문 소매업,G47859,그 외 기타 분류 안된 상품 전문 소매업,11,서울특별시,11620,관악구,11620685,신사동,1162010200,신림동,1162010200104610002,1,대지,461,2,서울특별시 관악구 신림동 461-2,116203120002,서울특별시 관악구 관천로,99,,1162010200104610002014385,,서울특별시 관악구 관천로 99,151870,08704,,3,,126.922264171387,37.4871880230588
MA010120220800449610,제이엠,,G2,소매,G221,기타 상품 소매,G22199,그 외 기타 상품 전문 소매업,G47859,그 외 기타 분류 안된 상품 전문 소매업,11,서울특별시,11590,동작구,11590520,노량진2동,1159010100,노량진동,1159010100102310052,1,대지,231,52,서울특별시 동작구 노량진동 231-52,115903119008,서울특별시 동작구 장승배기로,133,4,1159010100102310052030538,,서울특별시 동작구 장승배기로 133-4,156803,06935,,지,,126.939760788806,37.5095612145362
MA010120220800470342,미타사,,G2,소매,G221,기타 상품 소매,G22199,그 외 기타 상품 전문 소매업,G47859,그 외 기타 분류 안된 상품 전문 소매업,31,울산광역시,31170,동구,31170530,화정동,3117010200,화정동,3117010200106540024,1,대지,654,24,울산광역시 동구 화정동 654-24,311702011001,울산광역시 동구 방어진순환도로,563,,3117010200106540024003906,,울산광역시 동구 방어진순환도로 563,682822,44081,,,,129.426216658012,35.4922223500154
MA010120220800483733,관음,불교용품점,G2,소매,G221,기타 상품 소매,G22199,그 외 기타 상품 전문 소매업,G47859,그 외 기타 분류 안된 상품 전문 소매업,11,서울특별시,11500,강서구,11500640,방화2동,1150010900,방화동,1150010900105980120,1,대지,598,120,서울특별시 강서구 방화동 598-120,115003115002,서울특별시 강서구 금낭화로,17,,1150010900105980120001693,,서울특별시 강서구 금낭화로 17,157851,07614,,,,126.811571463647,37.5669370515085
MA010120220800452776,세기비료,,G2,소매,G221,기타 상품 소매,G22199,그 외 기타 상품 전문 소매업,G47859,그 외 기타 분류 안된 상품 전문 소매업,47,경상북도,47920,봉화군,47920250,봉화읍,4792025031,봉화읍,4792025031103940018,1,대지,394,18,경상북도 봉화군 봉화읍 내성리 394-18,479204772248,경상북도 봉화군 봉화읍 신시장1길,9,3,4792025031103940018006765,봉화상설시장번영회,경상북도 봉화군 봉화읍 신시장1길 9-3,755805,36239,,,,128.736094029702,36.890313153651
MA010120220800447452,삼성상회,,G2,소매,G221,기타 상품 소매,G22199,그 외 기타 상품 전문 소매업,G47859,그 외 기타 분류 안된 상품 전문 소매업,11,서울특별시,11530,구로구,11530770,오류1동,1153010800,오류동,1153010800100330084,1,대지,33,84,서울특별시 구로구 오류동 33-84,115303000028,서울특별시 구로구 경인로,230,,1153010800100330084026936,,서울특별시 구로구 경인로 230,152892,08271,,2,,126.846306226501,37.4969345994039
MA010120220800525323,비밀상점,,G2,소매,G221,기타 상품 소매,G22199,그 외 기타 상품 전문 소매업,G47859,그 외 기타 분류 안된 상품 전문 소매업,51,강원특별자치도,51750,영월군,51750355,한반도면,5175035525,한반도면,5175035525105680003,1,대지,568,3,강원특별자치도 영월군 한반도면 쌍용리 568-3,517503013042,강원특별자치도 영월군 한반도면 강원남로,273,,4275035525105680003008699,,강원특별자치도 영월군 한반도면 강원남로 273,230835,26214,,,,128.322068081068,37.1731174886099
MA010120220800498413,이야커뮤니케이션,,G2,소매,G221,기타 상품 소매,G22199,그 외 기타 상품 전문 소매업,G47859,그 외 기타 분류 안된 상품 전문 소매업,41,경기도,41480,파주시,41480590,운정5동,4148011300,동패동,4148011300116980000,1,대지,1698,,경기도 파주시 동패동 1698,414803206084,경기도 파주시 책향기로,439,,4148025927116980000018393,책향기마을동문굿모닝힐10단지,경기도 파주시 책향기로 439,413785,10874,,5,,126.72039466605,37.7246172164543
MA010120220800520733,소매,,G2,소매,G221,기타 상품 소매,G22199,그 외 기타 상품 전문 소매업,G47216,"빵류, 과자류 및 당류 소매업",30,대전광역시,30110,동구,30110515,중앙동,3011012000,중동,3011012000100860009,1,대지,86,9,대전광역시 동구 중동 86-9,301104292131,대전광역시 동구 대전로791번길,19,,3011012000100860009023914,,대전광역시 동구 대전로791번길 19,300160,34628,,,,127.432111500649,36.3298214970563
MA010120220800520932,제이켐,,G2,소매,G221,기타 상품 소매,G22199,그 외 기타 상품 전문 소매업,G47859,그 외 기타 분류 안된 상품 전문 소매업,44,충청남도,44133,천안시 서북구,44133560,백석동,4413310300,백석동,4413310300112060000,1,대지,1206,,충청남도 천안시 서북구 백석동 1206,441333250019,충청남도 천안시 서북구 백석공단1로,10,,4413310300107190000051127,천안미래에이스하이테크시티,충청남도 천안시 서북구 백석공단1로 10,331220,31094,,,,127.111089151161,36.8238203240415
MA010120220800538677,시스템엘르,,G2,소매,G221,기타 상품 소매,G22199,그 외 기타 상품 전문 소매업,G47422,의복 액세서리 및 모조 장신구 소매업,26,부산광역시,26500,수영구,26500730,수영동,2650010200,수영동,2650010200104440010,1,대지,444,10,부산광역시 수영구 수영동 444-10,265003131037,부산광역시 수영구 수영로,721,,2650010200104440010007920,수영리젠빌,부산광역시 수영구 수영로 721,613830,48227,,2,,129.118077602579,35.1685573847682
MA010120220800576111,에이모,,G2,소매,G221,기타 상품 소매,G22199,그 외 기타 상품 전문 소매업,G47422,의복 액세서리 및 모조 장신구 소매업,11,서울특별시,11410,서대문구,11410655,홍제2동,1141011100,홍제동,1141011100101390045,1,대지,139,45,서울특별시 서대문구 홍제동 139-45,114103000008,서울특별시 서대문구 통일로,414,,1141011100101390045013708,,서울특별시 서대문구 통일로 414,120854,03632,,3,,126.947058175599,37.5864829679686
MA010120220800585800,삼희환경,,G2,소매,G221,기타 상품 소매,G22199,그 외 기타 상품 전문 소매업,G47859,그 외 기타 분류 안된 상품 전문 소매업,11,서울특별시,11380,은평구,11380580,응암1동,1138010700,응암동,1138010700100910005,1,대지,91,5,서울특별시 은평구 응암동 91-5,113803111007,서울특별시 은평구 은평로,93,,1138010700100910005022722,,서울특별시 은평구 은평로 93,122906,03461,,2,,126.918127129236,37.5997921129854
MA010120220800554861,서울상사,,G2,소매,G221,기타 상품 소매,G22199,그 외 기타 상품 전문 소매업,G47859,그 외 기타 분류 안된 상품 전문 소매업,11,서울특별시,11410,서대문구,11410720,북가좌2동,1141011900,북가좌동,1141011900102830007,1,대지,283,7,서울특별시 서대문구 북가좌동 283-7,114103112010,서울특별시 서대문구 증가로,204,,1141011900102830007001353,,서울특별시 서대문구 증가로 204,120812,03670,,1,,126.915997366882,37.5803922565806
MA010120220800562947,제일안전공사,,G2,소매,G221,기타 상품 소매,G22199,그 외 기타 상품 전문 소매업,G47859,그 외 기타 분류 안된 상품 전문 소매업,11,서울특별시,11410,서대문구,11410620,홍제1동,1141011100,홍제동,1141011100103610014,1,대지,361,14,서울특별시 서대문구 홍제동 361-14,114104136445,서울특별시 서대문구 홍제내길,76,,1141011100103610014017287,전관,서울특별시 서대문구 홍제내길 76,120861,03641,,2,,126.935793331761,37.585810643364
MA010120220800582983,대림인삼,,G2,소매,G221,기타 상품 소매,G22199,그 외 기타 상품 전문 소매업,G47859,그 외 기타 분류 안된 상품 전문 소매업,11,서울특별시,11380,은평구,11380600,응암3동,1138010700,응암동,1138010700107540001,1,대지,754,1,서울특별시 은평구 응암동 754-1,113804133245,서울특별시 은평구 응암로4길,22,,1138010700107540001000416,,서울특별시 은평구 응암로4길 22,122952,03480,,,,126.917745099051,37.5867905383524
MA010120220800589160,연꽃불교마을,,G2,소매,G221,기타 상품 소매,G22199,그 외 기타 상품 전문 소매업,G47859,그 외 기타 분류 안된 상품 전문 소매업,11,서울특별시,11380,은평구,11380625,역촌동,1138010800,역촌동,1138010800100340035,1,대지,34,35,서울특별시 은평구 역촌동 34-35,113804133183,서울특별시 은평구 연서로4길,15,,1138010800100340035018842,역촌동,서울특별시 은평구 연서로4길 15,122898,03406,,지,,126.917637017226,37.6026749412573
MA010120220800552888,파이프클린,,G2,소매,G221,기타 상품 소매,G22199,그 외 기타 상품 전문 소매업,G47859,그 외 기타 분류 안된 상품 전문 소매업,44,충청남도,44131,천안시 동남구,44131560,일봉동,4413111400,다가동,4413111400104990000,1,대지,499,,충청남도 천안시 동남구 다가동 499,441314547685,충청남도 천안시 동남구 천안천1길,3,,4413111400104990000023947,,충청남도 천안시 동남구 천안천1길 3,330110,31154,,1,,127.143678439453,36.8028796606613
MA010120220800567017,드림유통,,G2,소매,G221,기타 상품 소매,G22199,그 외 기타 상품 전문 소매업,G47859,그 외 기타 분류 안된 상품 전문 소매업,11,서울특별시,11380,은평구,11380510,녹번동,1138010200,녹번동,1138010200101170116,1,대지,117,116,서울특별시 은평구 녹번동 117-116,113803000008,서울특별시 은평구 통일로,699,,1138010200101170116043568,,서울특별시 은평구 통일로 699,122831,03375,,1,,126.931470304761,37.6083780399458
MA010120220800580147,G.S유통,,G2,소매,G221,기타 상품 소매,G22199,그 외 기타 상품 전문 소매업,G47859,그 외 기타 분류 안된 상품 전문 소매업,11,서울특별시,11410,서대문구,11410700,남가좌2동,1141012000,남가좌동,1141012000103310003,1,대지,331,3,서울특별시 서대문구 남가좌동 331-3,114104136004,서울특별시 서대문구 가재울로2길,32,,1141012000103310003006197,,서울특별시 서대문구 가재울로2길 32,120806,03693,,지,,126.923825919446,37.5748294246724
MA010120220800593030,모비넷,,G2,소매,G221,기타 상품 소매,G22199,그 외 기타 상품 전문 소매업,G47859,그 외 기타 분류 안된 상품 전문 소매업,11,서울특별시,11560,영등포구,11560550,당산1동,1156011200,당산동2가,1156011200100300002,1,대지,30,2,서울특별시 영등포구 당산동2가 30-2,115603118022,서울특별시 영등포구 영등포로,109,,1156011200100300002030099,영등포유통상가,서울특별시 영등포구 영등포로 109,150723,07264,,3,,126.894399370198,37.522350648366
MA010120220800560139,미플러스가발,,G2,소매,G221,기타 상품 소매,G22199,그 외 기타 상품 전문 소매업,G47422,의복 액세서리 및 모조 장신구 소매업,11,서울특별시,11380,은평구,11380520,불광1동,1138010300,불광동,1138010300102900019,1,대지,290,19,서울특별시 은평구 불광동 290-19,113803000008,서울특별시 은평구 통일로,812,,1138010300102900019037266,,서울특별시 은평구 통일로 812,122859,03351,,,,126.924145898196,37.6164824579911
MA010120220800596772,육하나이,,G2,소매,G221,기타 상품 소매,G22199,그 외 기타 상품 전문 소매업,G47859,그 외 기타 분류 안된 상품 전문 소매업,11,서울특별시,11200,성동구,11200690,성수2가3동,1120011500,성수동2가,1120011500102990231,1,대지,299,231,서울특별시 성동구 성수동2가 299-231,112004109030,서울특별시 성동구 광나루로2길,34,17,1120011500102990231003891,,서울특별시 성동구 광나루로2길 34-17,133833,04792,,,,127.054668515955,37.5478745132607
MA010120220800570923,만봉엔조이샵,,G2,소매,G221,기타 상품 소매,G22199,그 외 기타 상품 전문 소매업,G47859,그 외 기타 분류 안된 상품 전문 소매업,11,서울특별시,11410,서대문구,11410685,홍은2동,1141011800,홍은동,1141011800103660010,1,대지,366,10,서울특별시 서대문구 홍은동 366-10,114103005053,서울특별시 서대문구 가좌로,118,2,1141011800103660010009712,,서울특별시 서대문구 가좌로 118-2,120848,03659,,1,,126.925719443929,37.5831648243812
MA010120220800587180,대한기업,,G2,소매,G221,기타 상품 소매,G22199,그 외 기타 상품 전문 소매업,G47859,그 외 기타 분류 안된 상품 전문 소매업,11,서울특별시,11380,은평구,11380580,응암1동,1138010700,응암동,1138010700101050031,1,대지,105,31,서울특별시 은평구 응암동 105-31,113804133241,서울특별시 은평구 응암로32길,9,,1138010700101050031024905,,서울특별시 은평구 응암로32길 9,122908,03464,,지,,126.921368383334,37.5973436218626
MA010120220800556444,영천불교만물,,G2,소매,G221,기타 상품 소매,G22199,그 외 기타 상품 전문 소매업,G47859,그 외 기타 분류 안된 상품 전문 소매업,11,서울특별시,11410,서대문구,11410520,천연동,1141010800,영천동,1141010800102880000,1,대지,288,,서울특별시 서대문구 영천동 288,114103000008,서울특별시 서대문구 통일로,205,3,1141010800102910000028668,,서울특별시 서대문구 통일로 205-3,120040,03734,,3,,126.960754507157,37.5712525076646
MA010120220800600166,스토리,,G2,소매,G221,기타 상품 소매,G22199,그 외 기타 상품 전문 소매업,G47859,그 외 기타 분류 안된 상품 전문 소매업,11,서울특별시,11380,은평구,11380570,대조동,1138010600,대조동,1138010600101860025,1,대지,186,25,서울특별시 은평구 대조동 186-25,113803000008,서울특별시 은평구 통일로,827,,1138010600101860025025009,연신내역마에스트로,서울특별시 은평구 통일로 827,122842,03385,,1,,126.92238958687,37.6171480471242
MA010120220800591692,이지이벤트,,G2,소매,G221,기타 상품 소매,G22199,그 외 기타 상품 전문 소매업,G47859,그 외 기타 분류 안된 상품 전문 소매업,11,서울특별시,11410,서대문구,11410720,북가좌2동,1141011900,북가좌동,1141011900103080001,1,대지,308,1,서울특별시 서대문구 북가좌동 308-1,114103005055,서울특별시 서대문구 응암로,77,,1141011900103080001001430,,서울특별시 서대문구 응암로 77,120814,03679,,3,,126.911152365436,37.5800283119591
MA010120220800569776,홍신불교사,,G2,소매,G221,기타 상품 소매,G22199,그 외 기타 상품 전문 소매업,G47859,그 외 기타 분류 안된 상품 전문 소매업,11,서울특별시,11380,은평구,11380600,응암3동,1138010700,응암동,1138010700106010075,1,대지,601,75,서울특별시 은평구 응암동 601-75,113803005053,서울특별시 은평구 가좌로,219,,1138010700106010075000513,,서울특별시 은평구 가좌로 219,122924,03478,,1,,126.917628869958,37.5895204642733
MA010120220800588821,포인트샵,,G2,소매,G221,기타 상품 소매,G22199,그 외 기타 상품 전문 소매업,G47859,그 외 기타 분류 안된 상품 전문 소매업,11,서울특별시,11380,은평구,11380600,응암3동,1138010700,응암동,1138010700105940034,1,대지,594,34,서울특별시 은평구 응암동 594-34,113803005055,서울특별시 은평구 응암로,159,,1138010700105940034001707,,서울특별시 은평구 응암로 159,122924,03485,,1,,126.915707645061,37.5863295947308
MA010120220802113665,스프링컴퓨터,,G2,소매,G221,기타 상품 소매,G22199,그 외 기타 상품 전문 소매업,G47859,그 외 기타 분류 안된 상품 전문 소매업,28,인천광역시,28200,남동구,28200521,구월3동,2820010100,구월동,2820010100111180028,1,대지,1118,28,인천광역시 남동구 구월동 1118-28,282004259366,인천광역시 남동구 문화서로65번길,31,,2820010100111180027004685,,인천광역시 남동구 문화서로65번길 31,405824,21560,,7,,126.694653766861,37.4511210994871
MA010120220802159633,태진,,G2,소매,G221,기타 상품 소매,G22199,그 외 기타 상품 전문 소매업,G47859,그 외 기타 분류 안된 상품 전문 소매업,28,인천광역시,28200,남동구,28200510,구월1동,2820010100,구월동,2820010100115500002,1,대지,1550,2,인천광역시 남동구 구월동 1550-2,282003350380,인천광역시 남동구 선수촌공원로,9,,2820010100115500002000001,구월테크노밸리,인천광역시 남동구 선수촌공원로 9,405221,21582,,,,126.70963788077,37.4398782000944
MA010120220802165070,에프디장례,세종점,G2,소매,G221,기타 상품 소매,G22199,그 외 기타 상품 전문 소매업,G47859,그 외 기타 분류 안된 상품 전문 소매업,36,세종특별자치시,36110,세종특별자치시,36110250,조치원읍,3611025030,조치원읍,3611025030103790016,1,대지,379,16,세종특별자치시 세종특별자치시 조치원읍 죽림리 379-16,361103258034,세종특별자치시 세종특별자치시 조치원읍 충현로,75,1,4473025030103790016042253,,세종특별자치시 세종특별자치시 조치원읍 충현로 75-1,339884,30034,,,,127.29626301446,36.5953027344442
MA010120220802166272,여주계분,,G2,소매,G221,기타 상품 소매,G22199,그 외 기타 상품 전문 소매업,G47859,그 외 기타 분류 안된 상품 전문 소매업,41,경기도,41500,이천시,41500250,장호원읍,4150025032,장호원읍,4150025032104880005,1,대지,488,5,경기도 이천시 장호원읍 풍계리 488-5,415004421646,경기도 이천시 장호원읍 이풍로501번길,19,,4150025032104880005028118,,경기도 이천시 장호원읍 이풍로501번길 19,467902,17414,,,,127.6194464933,37.1510500547936
MA010120220802146773,아토즈캠핑청주점,,G2,소매,G221,기타 상품 소매,G22199,그 외 기타 상품 전문 소매업,G47631,운동 및 경기용품 소매업,43,충청북도,43114,청주시 청원구,43114540,율량.사천동,4311410300,율량동,4311410300100900002,1,대지,90,2,충청북도 청주시 청원구 율량동 90-2,431143014065,충청북도 청주시 청원구 2순환로,30,1,4311410300200830005000001,,충청북도 청주시 청원구 2순환로 30-1,363816,28310,,3,,127.510729404907,36.6645132421424
MA010120220802166502,신범순할머니등산복,,G2,소매,G221,기타 상품 소매,G22199,그 외 기타 상품 전문 소매업,G47859,그 외 기타 분류 안된 상품 전문 소매업,11,서울특별시,11230,동대문구,11230536,용신동,1123010100,신설동,1123010100101090005,1,대지,109,5,서울특별시 동대문구 신설동 109-5,112304115545,서울특별시 동대문구 천호대로4길,21,,1123010100101090005000001,풍물시장,서울특별시 동대문구 천호대로4길 21,130813,02586,,,,127.025503840736,37.5727068781748
MA010120220802114107,엠알케미칼서비스,,G2,소매,G221,기타 상품 소매,G22199,그 외 기타 상품 전문 소매업,G47859,그 외 기타 분류 안된 상품 전문 소매업,28,인천광역시,28177,미추홀구,28177600,도화1동,2817710400,도화동,2817710400105440002,1,대지,544,2,인천광역시 미추홀구 도화동 544-2,281774253050,인천광역시 미추홀구 경인로246번길,19,,2817010500105440002090128,,인천광역시 미추홀구 경인로246번길 19,402810,22165,,2,,126.668732958975,37.4628094514904
MA010120220802131755,타이빙백,,G2,소매,G221,기타 상품 소매,G22199,그 외 기타 상품 전문 소매업,G47859,그 외 기타 분류 안된 상품 전문 소매업,47,경상북도,47130,경주시,47130550,성건동,4713010800,성건동,4713010800106200476,1,대지,620,476,경상북도 경주시 성건동 620-476,471304715313,경상북도 경주시 동대로14번길,2,,4713010800106200476008018,,경상북도 경주시 동대로14번길 2,780944,38131,,,,129.205497708436,35.8557073491201
MA010120220802144277,제이와이,,G2,소매,G221,기타 상품 소매,G22199,그 외 기타 상품 전문 소매업,G47859,그 외 기타 분류 안된 상품 전문 소매업,28,인천광역시,28200,남동구,28200520,구월2동,2820010100,구월동,2820010100100690059,1,대지,69,59,인천광역시 남동구 구월동 69-59,282003153053,인천광역시 남동구 양지로,17,,2820010100100690059020153,,인천광역시 남동구 양지로 17,405826,21548,,1,,126.71428803126,37.4591261147216
MA010120220802173640,약초집,,G2,소매,G221,기타 상품 소매,G22199,그 외 기타 상품 전문 소매업,G47859,그 외 기타 분류 안된 상품 전문 소매업,26,부산광역시,26140,서구,26140590,부민동,2614010700,부용동1가,2614010700100030000,1,대지,3,,부산광역시 서구 부용동1가 3,261402006003,부산광역시 서구 보수대로,131,,2614010700100030000022328,,부산광역시 서구 보수대로 131,602081,49223,,,,129.022050147932,35.1073152648136
MA010120220802119887,원미불교사,,G2,소매,G221,기타 상품 소매,G22199,그 외 기타 상품 전문 소매업,G47859,그 외 기타 분류 안된 상품 전문 소매업,41,경기도,41192,부천시 원미구,41192520,심곡2동,4119210200,심곡동,4119210200104630001,1,대지,463,1,경기도 부천시 원미구 심곡동 463-1,411923000019,경기도 부천시 원미구 부일로,428,8,4119510200104630001026524,지상,경기도 부천시 원미구 부일로 428-8,420829,14636,,1,,126.7774346007,37.4864993978668
MA010120220802147905,제일안전산업,,G2,소매,G221,기타 상품 소매,G22199,그 외 기타 상품 전문 소매업,G47859,그 외 기타 분류 안된 상품 전문 소매업,46,전라남도,46800,장흥군,46800250,장흥읍,4680025024,장흥읍,4680025024101120000,1,대지,112,,전라남도 장흥군 장흥읍 예양리 112,468003292034,전라남도 장흥군 장흥읍 칠거리예양로,21,,4680025024101120000005629,,전라남도 장흥군 장흥읍 칠거리예양로 21,529807,59332,,,,126.900478554824,34.6741556458328
MA010120220802169309,안성유공압,,G2,소매,G221,기타 상품 소매,G22199,그 외 기타 상품 전문 소매업,G45212,자동차용 전용 신품 부품 판매업,41,경기도,41650,포천시,41650250,소흘읍,4165025026,소흘읍,4165025026107820007,1,대지,782,7,경기도 포천시 소흘읍 고모리 782-7,416503206116,경기도 포천시 소흘읍 부흥로,399,,4165025026107820007000001,,경기도 포천시 소흘읍 부흥로 399,487821,11185,,,,127.158796447005,37.8067935787644
MA010120220802111913,정교헤어,,G2,소매,G221,기타 상품 소매,G22199,그 외 기타 상품 전문 소매업,G47422,의복 액세서리 및 모조 장신구 소매업,28,인천광역시,28200,남동구,28200522,구월4동,2820010100,구월동,2820010100112850006,1,대지,1285,6,인천광역시 남동구 구월동 1285-6,282003008031,인천광역시 남동구 호구포로,754,1,2820010100112850006027595,,인천광역시 남동구 호구포로 754-1,405839,21536,,2,,126.718957525739,37.4496767041946
MA010120220802154366,유한책임회사하이모,인천지점,G2,소매,G221,기타 상품 소매,G22199,그 외 기타 상품 전문 소매업,G47422,의복 액세서리 및 모조 장신구 소매업,28,인천광역시,28200,남동구,28200510,구월1동,2820010100,구월동,2820010100111940007,1,대지,1194,7,인천광역시 남동구 구월동 1194-7,282002153001,인천광역시 남동구 남동대로,750,,2820010100111940007006173,,인천광역시 남동구 남동대로 750,405835,21577,,,,126.708053756443,37.4491547166826
MA010120220802171022,와부농약사,,G2,소매,G221,기타 상품 소매,G22199,그 외 기타 상품 전문 소매업,G47859,그 외 기타 분류 안된 상품 전문 소매업,41,경기도,41360,남양주시,41360250,와부읍,4136025021,와부읍,4136025021104800008,1,대지,480,8,경기도 남양주시 와부읍 덕소리 480-8,413603197036,경기도 남양주시 와부읍 수레로,8,,4136025021104800008017697,,경기도 남양주시 와부읍 수레로 8,472901,12209,,,,127.212900049427,37.5867172985013
MA010120220802134071,이파마시,,G2,소매,G221,기타 상품 소매,G22199,그 외 기타 상품 전문 소매업,G47859,그 외 기타 분류 안된 상품 전문 소매업,28,인천광역시,28200,남동구,28200540,간석2동,2820010200,간석동,2820010200109130021,1,대지,913,21,인천광역시 남동구 간석동 913-21,282003153084,인천광역시 남동구 백범로,275,,2820010200109130021021283,,인천광역시 남동구 백범로 275,405232,21546,,1,,126.718823100329,37.4614345658362
MA010120220802137819,로페,코리아,G2,소매,G221,기타 상품 소매,G22199,그 외 기타 상품 전문 소매업,G47859,그 외 기타 분류 안된 상품 전문 소매업,28,인천광역시,28200,남동구,28200660,남촌도림동,2820010900,도림동,2820010900105300001,1,대지,530,1,인천광역시 남동구 도림동 530-1,282003153022,인천광역시 남동구 덕골로,58,,2820010900105300001010424,,인천광역시 남동구 덕골로 58,405280,21620,,,,126.722290158129,37.4255554573315
MA010120220802172364,퇴계종묘농약사,,G2,소매,G221,기타 상품 소매,G22199,그 외 기타 상품 전문 소매업,G47859,그 외 기타 분류 안된 상품 전문 소매업,41,경기도,41360,남양주시,41360265,퇴계원읍,4136026521,퇴계원읍,4136026521102180032,1,대지,218,32,경기도 남양주시 퇴계원읍 퇴계원리 218-32,413603197070,경기도 남양주시 퇴계원읍 경춘북로,520,,4136037021102180032005453,,경기도 남양주시 퇴계원읍 경춘북로 520,472821,12126,,,,127.141402222371,37.6470285887588
MA010120220802112337,펀앤죠이,,G2,소매,G221,기타 상품 소매,G22199,그 외 기타 상품 전문 소매업,G47859,그 외 기타 분류 안된 상품 전문 소매업,28,인천광역시,28185,연수구,28185762,연수2동,2818510300,연수동,2818510300106250007,1,대지,625,7,인천광역시 연수구 연수동 625-7,281854256195,인천광역시 연수구 청능대로137번길,47,,2818510300106250007036382,제,인천광역시 연수구 청능대로137번길 47,406818,21929,,1,,126.680113604064,37.4127895936367
MA010120220802112352,금산인삼약초,,G2,소매,G221,기타 상품 소매,G22199,그 외 기타 상품 전문 소매업,G47859,그 외 기타 분류 안된 상품 전문 소매업,28,인천광역시,28200,남동구,28200522,구월4동,2820010100,구월동,2820010100112710027,1,대지,1271,27,인천광역시 남동구 구월동 1271-27,282003008002,인천광역시 남동구 구월남로,275,,2820010100112710027026702,,인천광역시 남동구 구월남로 275,405839,21534,,1,,126.720202299017,37.4522745687291
MA010120220802116691,오곡민속식품,,G2,소매,G221,기타 상품 소매,G22199,그 외 기타 상품 전문 소매업,G47859,그 외 기타 분류 안된 상품 전문 소매업,28,인천광역시,28110,중구,28110630,용유동,2811014900,을왕동,2811014900107980000,1,대지,798,,인천광역시 중구 을왕동 798,281103149033,인천광역시 중구 용유서로,402,7,2811014900107980000227731,,인천광역시 중구 용유서로 402-7,400420,22383,,,,126.372470345332,37.4538679929281
MA010120220802134686,동명수족관,,G2,소매,G221,기타 상품 소매,G22199,그 외 기타 상품 전문 소매업,G47859,그 외 기타 분류 안된 상품 전문 소매업,41,경기도,41450,하남시,41450600,초이동,4145012200,초일동,4145012200101010008,1,대지,101,8,경기도 하남시 초일동 101-8,414503202042,경기도 하남시 풍초로,116,,4145012200101010008009426,,경기도 하남시 풍초로 116,465220,12983,,,,127.184966306283,37.5400297544048
MA010120220802126116,알바트로스,,G2,소매,G221,기타 상품 소매,G22199,그 외 기타 상품 전문 소매업,G47859,그 외 기타 분류 안된 상품 전문 소매업,41,경기도,41390,시흥시,41390582,월곶동,4139013100,월곶동,4139013100109990004,1,대지,999,4,경기도 시흥시 월곶동 999-4,413904397495,경기도 시흥시 월곶중앙로14번길,45,,4139013100109990004013566,,경기도 시흥시 월곶중앙로14번길 45,429834,14966,,,,126.742701343592,37.390335809341
MA010120220802126323,제이에스산업,,G2,소매,G221,기타 상품 소매,G22199,그 외 기타 상품 전문 소매업,G47859,그 외 기타 분류 안된 상품 전문 소매업,28,인천광역시,28200,남동구,28200540,간석2동,2820010200,간석동,2820010200109390001,1,대지,939,1,인천광역시 남동구 간석동 939-1,282003151029,인천광역시 남동구 석산로,176,,2820010200109390001024534,간석래미안자이,인천광역시 남동구 석산로 176,405751,21548,,,,126.711597202019,37.4593268107018
MA010120220802161216,스카이에어라인,,G2,소매,G221,기타 상품 소매,G22199,그 외 기타 상품 전문 소매업,G47859,그 외 기타 분류 안된 상품 전문 소매업,11,서울특별시,11500,강서구,11500620,공항동,1150010800,공항동,1150010800100190003,1,대지,19,3,서울특별시 강서구 공항동 19-3,115004145323,서울특별시 강서구 방화대로21길,60,,1150010800100190003007850,,서울특별시 강서구 방화대로21길 60,157811,07616,,4,,126.813390911666,37.5635702204612
MA010120220802176632,대진오일중고타이어,,G2,소매,G221,기타 상품 소매,G22199,그 외 기타 상품 전문 소매업,G45220,자동차 중고 부품 및 내장품 판매업,41,경기도,41360,남양주시,41360253,진접읍,4136025326,진접읍,4136025326104220002,1,대지,422,2,경기도 남양주시 진접읍 팔야리 422-2,413603000121,경기도 남양주시 진접읍 금강로,1955,,4136025326104220002026778,,경기도 남양주시 진접읍 금강로 1955,472868,12018,,,,127.217752310775,37.7557229586879
MA010120220802211383,김숙갤러리,,G2,소매,G221,기타 상품 소매,G22199,그 외 기타 상품 전문 소매업,G47859,그 외 기타 분류 안된 상품 전문 소매업,41,경기도,41820,가평군,41820330,상면,4182033023,상면,4182033023103080002,1,대지,308,2,경기도 가평군 상면 행현리 308-2,418203216056,경기도 가평군 상면 수목원로,92,45,4182033023103080002001979,,경기도 가평군 상면 수목원로 92-45,477824,12448,,,,127.363785756967,37.7695077714242
MA010120220802205878,보각사문화원,,G2,소매,G221,기타 상품 소매,G22199,그 외 기타 상품 전문 소매업,G47859,그 외 기타 분류 안된 상품 전문 소매업,48,경상남도,48250,김해시,48250620,장유2동,4825012800,삼문동,4825012800100940006,1,대지,94,6,경상남도 김해시 삼문동 94-6,482504805356,경상남도 김해시 번화1로124번길,3,5,4825012800100940006000001,,경상남도 김해시 번화1로124번길 3-5,621290,50979,,1,,128.797923479625,35.1984452668436
MA010120220802199899,흥농종묘농약사,,G2,소매,G221,기타 상품 소매,G22199,그 외 기타 상품 전문 소매업,G47859,그 외 기타 분류 안된 상품 전문 소매업,41,경기도,41360,남양주시,41360265,퇴계원읍,4136026521,퇴계원읍,4136026521103140017,1,대지,314,17,경기도 남양주시 퇴계원읍 퇴계원리 314-17,413603197070,경기도 남양주시 퇴계원읍 경춘북로,516,,4136037021103140017005413,,경기도 남양주시 퇴계원읍 경춘북로 516,472824,12126,,,,127.141096092958,37.6469298471622
MA010120220802189033,예맥,,G2,소매,G221,기타 상품 소매,G22199,그 외 기타 상품 전문 소매업,G47859,그 외 기타 분류 안된 상품 전문 소매업,41,경기도,41360,남양주시,41360256,화도읍,4136025623,화도읍,4136025623101700001,1,대지,170,1,경기도 남양주시 화도읍 가곡리 170-1,413603197032,경기도 남양주시 화도읍 비룡로,318,,4136025623101700001002589,,경기도 남양주시 화도읍 비룡로 318,472841,12035,,,,127.303717915187,37.679508962889
MA010120220802194297,대양한약방,,G2,소매,G221,기타 상품 소매,G22199,그 외 기타 상품 전문 소매업,G47811,의약품 및 의료용품 소매업,41,경기도,41360,남양주시,41360565,다산2동,4136011200,다산동,4136011200131060001,1,대지,3106,1,경기도 남양주시 다산동 3106-1,413604855041,경기도 남양주시 경춘로476번길,60,13,4136010900101060001011662,,경기도 남양주시 경춘로476번길 60-13,,12265,,,,127.166262469755,37.6061544865495
MA010120220802212714,연지불교사,,G2,소매,G221,기타 상품 소매,G22199,그 외 기타 상품 전문 소매업,G47859,그 외 기타 분류 안된 상품 전문 소매업,41,경기도,41360,남양주시,41360530,금곡동,4136010300,금곡동,4136010300104040090,1,대지,404,90,경기도 남양주시 금곡동 404-90,413604391208,경기도 남양주시 금곡로27번길,14,,4136010300104040090006590,,경기도 남양주시 금곡로27번길 14,472803,12234,,,,127.206954390697,37.6351919975841
MA010120220802200341,구리미싱,,G2,소매,G221,기타 상품 소매,G22199,그 외 기타 상품 전문 소매업,G47859,그 외 기타 분류 안된 상품 전문 소매업,41,경기도,41310,구리시,41310570,수택1동,4131010500,수택동,4131010500105250037,1,대지,525,37,경기도 구리시 수택동 525-37,413104388034,경기도 구리시 경춘로242번길,26,,4131010500105250037003443,,경기도 구리시 경춘로242번길 26,471823,11929,,1,,127.143420440305,37.6005172312609
MA010120220802213429,파티스토리,,G2,소매,G221,기타 상품 소매,G22199,그 외 기타 상품 전문 소매업,G47859,그 외 기타 분류 안된 상품 전문 소매업,11,서울특별시,11320,도봉구,11320512,창2동,1132010700,창동,1132010700105930009,1,대지,593,9,서울특별시 도봉구 창동 593-9,113204127065,서울특별시 도봉구 덕릉로63가길,60,,1132010700105930009016190,,서울특별시 도봉구 덕릉로63가길 60,132919,01463,,1,,127.037470310241,37.6429988932516
MA010120220802215784,하나상사,,G2,소매,G221,기타 상품 소매,G22199,그 외 기타 상품 전문 소매업,G47859,그 외 기타 분류 안된 상품 전문 소매업,41,경기도,41310,구리시,41310580,수택2동,4131010500,수택동,4131010500104330005,1,대지,433,5,경기도 구리시 수택동 433-5,413103196016,경기도 구리시 안골로,90,,4131010500104330005005057,,경기도 구리시 안골로 90,471816,11933,,,,127.141104193295,37.5972764581492
MA010120220802182566,구리만물,,G2,소매,G221,기타 상품 소매,G22199,그 외 기타 상품 전문 소매업,G47859,그 외 기타 분류 안된 상품 전문 소매업,41,경기도,41310,구리시,41310570,수택1동,4131010500,수택동,4131010500103750034,1,대지,375,34,경기도 구리시 수택동 375-34,413104388122,경기도 구리시 안골로63번길,35,,4131010500103750034004253,,경기도 구리시 안골로63번길 35,471815,11927,,,,127.138163146978,37.5989557798129
MA010120220802204079,우리TG,,G2,소매,G221,기타 상품 소매,G22199,그 외 기타 상품 전문 소매업,G47859,그 외 기타 분류 안된 상품 전문 소매업,41,경기도,41360,남양주시,41360262,오남읍,4136026221,오남읍,4136026221104900000,1,대지,490,,경기도 남양주시 오남읍 양지리 490,413604391555,경기도 남양주시 오남읍 양지로278번길,41,,4136026221104900000010091,,경기도 남양주시 오남읍 양지로278번길 41,472881,12036,,,,127.196912534103,37.7023140956474
MA010120220802184858,911안전,,G2,소매,G221,기타 상품 소매,G22199,그 외 기타 상품 전문 소매업,G47859,그 외 기타 분류 안된 상품 전문 소매업,41,경기도,41650,포천시,41650250,소흘읍,4165025022,소흘읍,4165025022102940019,1,대지,294,19,경기도 포천시 소흘읍 이동교리 294-19,416503000136,경기도 포천시 소흘읍 호국로,362,,4165025022102940016000001,,경기도 포천시 소흘읍 호국로 362,487826,11184,,,,127.131870738051,37.8058717802201
MA010120220802184933,아시아공구철물,,G2,소매,G221,기타 상품 소매,G22199,그 외 기타 상품 전문 소매업,G47859,그 외 기타 분류 안된 상품 전문 소매업,41,경기도,41360,남양주시,41360253,진접읍,4136025327,진접읍,4136025327105060014,1,대지,506,14,경기도 남양주시 진접읍 진벌리 506-14,413603197003,경기도 남양주시 진접읍 경복대로,536,11,4136025327105060014000001,,경기도 남양주시 진접읍 경복대로 536-11,472861,12021,,1,,127.217567858193,37.7431097711221
MA010120220802189879,모디스가발,,G2,소매,G221,기타 상품 소매,G22199,그 외 기타 상품 전문 소매업,G47422,의복 액세서리 및 모조 장신구 소매업,41,경기도,41310,구리시,41310530,인창동,4131010300,인창동,4131010300102640004,1,대지,264,4,경기도 구리시 인창동 264-4,413103000120,경기도 구리시 경춘로,229,,4131010300102640004003222,쌍용플래티넘선스타워,경기도 구리시 경춘로 229,471851,11926,,7,,127.140703770248,37.6011151546491
MA010120220802216570,안동삼베촌,,G2,소매,G221,기타 상품 소매,G22199,그 외 기타 상품 전문 소매업,G47859,그 외 기타 분류 안된 상품 전문 소매업,41,경기도,41360,남양주시,41360259,진건읍,4136025923,진건읍,4136025923108070002,1,대지,807,2,경기도 남양주시 진건읍 진관리 807-2,413604841530,경기도 남양주시 진건읍 진관산단로97번길,12,,4136025923108070002000001,,경기도 남양주시 진건읍 진관산단로97번길 12,472831,12139,,,,127.15818092603,37.640358028351
MA010120220802175829,대림소방,,G2,소매,G221,기타 상품 소매,G22199,그 외 기타 상품 전문 소매업,G47859,그 외 기타 분류 안된 상품 전문 소매업,41,경기도,41820,가평군,41820250,가평읍,4182025021,가평읍,4182025021103500038,1,대지,350,38,경기도 가평군 가평읍 읍내리 350-38,418204448247,경기도 가평군 가평읍 장터길,3,1,4182025021103500038005312,,경기도 가평군 가평읍 장터길 3-1,477805,12419,,,,127.514660443321,37.8286875069404
MA010120220802204419,유에스캠프,,G2,소매,G221,기타 상품 소매,G22199,그 외 기타 상품 전문 소매업,G47859,그 외 기타 분류 안된 상품 전문 소매업,41,경기도,41830,양평군,41830310,강상면,4183031021,강상면,4183031021110700000,1,대지,1070,,경기도 양평군 강상면 병산리 1070,418303217033,경기도 양평군 강상면 강남로,672,,4183031021110700000008635,,경기도 양평군 강상면 강남로 672,476913,12571,,,,127.455252669479,37.498193640926
MA010120220802187633,성남불교사,,G2,소매,G221,기타 상품 소매,G22199,그 외 기타 상품 전문 소매업,G47859,그 외 기타 분류 안된 상품 전문 소매업,52,전북특별자치도,52190,남원시,52190550,금동,5219010600,금동,5219010600102640001,1,대지,264,1,전북특별자치도 남원시 금동 264-1,521903271030,전북특별자치도 남원시 의총로,51,,4519010600102640001307488,,전북특별자치도 남원시 의총로 51,590980,55768,,,,127.375861148408,35.4046196519992
MA010120220802190020,대한불교사,,G2,소매,G221,기타 상품 소매,G22199,그 외 기타 상품 전문 소매업,G47859,그 외 기타 분류 안된 상품 전문 소매업,41,경기도,41310,구리시,41310570,수택1동,4131010500,수택동,4131010500104180016,1,대지,418,16,경기도 구리시 수택동 418-16,413104388126,경기도 구리시 안골로85번길,13,6,4131010500104180016004723,,경기도 구리시 안골로85번길 13-6,471815,11928,,,,127.140279191831,37.5981423924363
MA010120220802195830,건스미스,,G2,소매,G221,기타 상품 소매,G22199,그 외 기타 상품 전문 소매업,G47859,그 외 기타 분류 안된 상품 전문 소매업,41,경기도,41360,남양주시,41360310,별내면,4136031021,별내면,4136031021104290006,1,대지,429,6,경기도 남양주시 별내면 청학리 429-6,413604391715,경기도 남양주시 별내면 청학로92번길,121,3,4136031021104290006012964,,경기도 남양주시 별내면 청학로92번길 121-3,472811,12087,,1,,127.110992827163,37.7103007882711
MA010120220802201933,민호만물,,G2,소매,G221,기타 상품 소매,G22199,그 외 기타 상품 전문 소매업,G47859,그 외 기타 분류 안된 상품 전문 소매업,41,경기도,41310,구리시,41310570,수택1동,4131010500,수택동,4131010500104270018,1,대지,427,18,경기도 구리시 수택동 427-18,413103196016,경기도 구리시 안골로,83,,4131010500104270018004994,,경기도 구리시 안골로 83,471031,11928,,1,,127.140447913638,37.5975385281746
MA010120220802211017,차사랑,,G2,소매,G221,기타 상품 소매,G22199,그 외 기타 상품 전문 소매업,G47859,그 외 기타 분류 안된 상품 전문 소매업,41,경기도,41360,남양주시,41360540,양정동,4136010500,이패동,4136010500105670002,1,대지,567,2,경기도 남양주시 이패동 567-2,413604391042,경기도 남양주시 경강로124번안길,20,,4136010500105670002010490,,경기도 남양주시 경강로124번안길 20,472927,12244,,,,127.18184842205,37.6072847654076
MA010120220802193110,씨엔바텍,,G2,소매,G221,기타 상품 소매,G22199,그 외 기타 상품 전문 소매업,G47859,그 외 기타 분류 안된 상품 전문 소매업,41,경기도,41670,여주시,41670250,가남읍,4167025028,가남읍,4167025028102160006,1,대지,216,6,경기도 여주시 가남읍 삼군리 216-6,416703214040,경기도 여주시 가남읍 여주남로,936,,4167025028102160006000001,,경기도 여주시 가남읍 여주남로 936,469884,12661,,,,127.559230804579,37.2253430497951
MA010120220802202079,만물상회,,G2,소매,G221,기타 상품 소매,G22199,그 외 기타 상품 전문 소매업,G47859,그 외 기타 분류 안된 상품 전문 소매업,41,경기도,41360,남양주시,41360540,양정동,4136010400,일패동,4136010400100750006,1,대지,75,6,경기도 남양주시 일패동 75-6,413603000120,경기도 남양주시 경춘로,731,,4136010400100750006007801,,경기도 남양주시 경춘로 731,472928,12242,,,,127.187394823664,37.6241695983863
MA010120220802251627,한국건강진흥불교재단,,G2,소매,G221,기타 상품 소매,G22199,그 외 기타 상품 전문 소매업,G47859,그 외 기타 분류 안된 상품 전문 소매업,41,경기도,41360,남양주시,41360250,와부읍,4136025022,와부읍,4136025022104990000,1,대지,499,,경기도 남양주시 와부읍 도곡리 499,413603197017,경기도 남양주시 와부읍 덕소로,353,115,4136025022104990000019047,,경기도 남양주시 와부읍 덕소로 353-115,472908,12270,,1,,127.230888467814,37.567636502988
MA010120220802264413,선녀불교사,,G2,소매,G221,기타 상품 소매,G22199,그 외 기타 상품 전문 소매업,G47859,그 외 기타 분류 안된 상품 전문 소매업,41,경기도,41273,안산시 단원구,41273590,선부2동,4127310900,선부동,4127310900110320018,1,대지,1032,18,경기도 안산시 단원구 선부동 1032-18,412733191039,경기도 안산시 단원구 선부로,89,,4127310900110320018037877,,경기도 안산시 단원구 선부로 89,425828,15222,,1,,126.805004306706,37.3413671033813
MA010120220802223118,구리태광비닐,,G2,소매,G221,기타 상품 소매,G22199,그 외 기타 상품 전문 소매업,G47859,그 외 기타 분류 안된 상품 전문 소매업,41,경기도,41360,남양주시,41360259,진건읍,4136025923,진건읍,4136025923109660008,1,대지,966,8,경기도 남양주시 진건읍 진관리 966-8,413604391685,경기도 남양주시 진건읍 진관로545번길,19,7,4136025923109660008000001,,경기도 남양주시 진건읍 진관로545번길 19-7,472831,12139,,,,127.154282195332,37.6562385044371
MA010120220802264836,영원전기자전거,,G2,소매,G221,기타 상품 소매,G22199,그 외 기타 상품 전문 소매업,G47859,그 외 기타 분류 안된 상품 전문 소매업,11,서울특별시,11530,구로구,11530740,개봉1동,1153010700,개봉동,1153010700100330132,1,대지,33,132,서울특별시 구로구 개봉동 33-132,115304148136,서울특별시 구로구 고척로21가길,40,,1153010700100330132010126,,서울특별시 구로구 고척로21가길 40,152802,08251,,,,126.843864852855,37.5017607866519
MA010120220802269741,에어컨센터,,G2,소매,G221,기타 상품 소매,G22199,그 외 기타 상품 전문 소매업,G47859,그 외 기타 분류 안된 상품 전문 소매업,43,충청북도,43130,충주시,43130625,칠금.금릉동,4313012800,금릉동,4313012800102960003,1,대지,296,3,충청북도 충주시 금릉동 296-3,431304514228,충청북도 충주시 능바우길,144,,4313012800102940005016981,,충청북도 충주시 능바우길 144,380230,27438,,,,127.915064477793,36.9947341203175
MA010120220802217916,"US등산,운동용품만물",,G2,소매,G221,기타 상품 소매,G22199,그 외 기타 상품 전문 소매업,G47859,그 외 기타 분류 안된 상품 전문 소매업,41,경기도,41360,남양주시,41360256,화도읍,4136025622,화도읍,4136025622102860002,1,대지,286,2,경기도 남양주시 화도읍 묵현리 286-2,413603000120,경기도 남양주시 화도읍 경춘로,1788,,4136025622102860002002936,,경기도 남양주시 화도읍 경춘로 1788,472846,12178,,,,127.288775678432,37.6557877181885
MA010120220802261562,흥한총포무역,,G2,소매,G221,기타 상품 소매,G22199,그 외 기타 상품 전문 소매업,G47859,그 외 기타 분류 안된 상품 전문 소매업,41,경기도,41390,시흥시,41390520,신천동,4139010200,신천동,4139010200107050005,1,대지,705,5,경기도 시흥시 신천동 705-5,413904397666,경기도 시흥시 호현로27번길,9,,4139010200107050005005424,,경기도 시흥시 호현로27번길 9,429828,14904,,,,126.78385798453,37.4429384880305
MA010120220802261693,시흥총포사,,G2,소매,G221,기타 상품 소매,G22199,그 외 기타 상품 전문 소매업,G47859,그 외 기타 분류 안된 상품 전문 소매업,41,경기도,41390,시흥시,41390510,대야동,4139010100,대야동,4139010100104980023,1,대지,498,23,경기도 시흥시 대야동 498-23,413903199024,경기도 시흥시 뱀내장터로,5,,4139010100104980023004711,,경기도 시흥시 뱀내장터로 5,429812,14909,,,,126.785542884754,37.4425361012392
MA010120220802223637,이티솔루션,,G2,소매,G221,기타 상품 소매,G22199,그 외 기타 상품 전문 소매업,G47859,그 외 기타 분류 안된 상품 전문 소매업,11,서울특별시,11440,마포구,11440660,서교동,1144012000,서교동,1144012000103470021,1,대지,347,21,서울특별시 마포구 서교동 347-21,114403113015,서울특별시 마포구 어울마당로,130,,1144012000103470021024741,기린빌딩,서울특별시 마포구 어울마당로 130,121837,04053,,3,,126.924524326984,37.5558098491327
MA010120220802255359,신명이앤씨주,,G2,소매,G221,기타 상품 소매,G22199,그 외 기타 상품 전문 소매업,G47859,그 외 기타 분류 안된 상품 전문 소매업,41,경기도,41360,남양주시,41360570,별내동,4136011100,별내동,4136011100109980000,1,대지,998,,경기도 남양주시 별내동 998,413603197037,경기도 남양주시 순화궁로,116,,4136011100109980000000001,별내노블레스,경기도 남양주시 순화궁로 116,472501,12113,,,,127.121124214541,37.6430417748147
MA010120220802265331,경동상회,,G2,소매,G221,기타 상품 소매,G22199,그 외 기타 상품 전문 소매업,G47859,그 외 기타 분류 안된 상품 전문 소매업,41,경기도,41390,시흥시,41390510,대야동,4139010100,대야동,4139010100104860003,1,대지,486,3,경기도 시흥시 대야동 486-3,413904397152,경기도 시흥시 대골안길,64,,4139010100104860003003948,,경기도 시흥시 대골안길 64,429811,14909,,1,,126.787210164583,37.4443591611744
MA010120220802249792,덕인제약,,G2,소매,G221,기타 상품 소매,G22199,그 외 기타 상품 전문 소매업,G47859,그 외 기타 분류 안된 상품 전문 소매업,11,서울특별시,11230,동대문구,11230545,제기동,1123010300,제기동,1123010300109500003,1,대지,950,3,서울특별시 동대문구 제기동 950-3,112304115255,서울특별시 동대문구 약령중앙로10길,1,,1123010300109500003032264,,서울특별시 동대문구 약령중앙로10길 1,130864,02570,,,,127.037406015646,37.5825245437177
MA010120220802230594,란제리,,G2,소매,G221,기타 상품 소매,G22199,그 외 기타 상품 전문 소매업,G47859,그 외 기타 분류 안된 상품 전문 소매업,41,경기도,41830,양평군,41830310,강상면,4183031021,강상면,4183031021103700000,1,대지,370,,경기도 양평군 강상면 병산리 370,418303217033,경기도 양평군 강상면 강남로,761,,4183031021102890015008592,,경기도 양평군 강상면 강남로 761,476913,12571,,1,,127.462787580623,37.4932449078763
MA010120220802239234,한일소방,,G2,소매,G221,기타 상품 소매,G22199,그 외 기타 상품 전문 소매업,G47859,그 외 기타 분류 안된 상품 전문 소매업,41,경기도,41360,남양주시,41360265,퇴계원읍,4136026521,퇴계원읍,4136026521100730004,1,대지,73,4,경기도 남양주시 퇴계원읍 퇴계원리 73-4,413603197059,경기도 남양주시 퇴계원읍 퇴계원로,102,,4136037021100730010011616,,경기도 남양주시 퇴계원읍 퇴계원로 102,472822,12119,,,,127.144613670714,37.6553047228067
MA010120220802268782,썸바로,,G2,소매,G221,기타 상품 소매,G22199,그 외 기타 상품 전문 소매업,G47859,그 외 기타 분류 안된 상품 전문 소매업,26,부산광역시,26500,수영구,26500660,남천1동,2650010500,남천동,2650010500100290011,1,대지,29,11,부산광역시 수영구 남천동 29-11,265004214247,부산광역시 수영구 수영로464번길,12,,2650010500100290011010261,,부산광역시 수영구 수영로464번길 12,613815,48314,,4,,129.110884218095,35.1471274388134
MA010120220802227737,태영농자재,,G2,소매,G221,기타 상품 소매,G22199,그 외 기타 상품 전문 소매업,G47859,그 외 기타 분류 안된 상품 전문 소매업,41,경기도,41360,남양주시,41360259,진건읍,4136025923,진건읍,4136025923109660008,1,대지,966,8,경기도 남양주시 진건읍 진관리 966-8,413604391685,경기도 남양주시 진건읍 진관로545번길,19,7,4136025923109660008000001,,경기도 남양주시 진건읍 진관로545번길 19-7,472831,12139,,,,127.154282195332,37.6562385044371
MA010120220802269265,대일산업안전,,G2,소매,G221,기타 상품 소매,G22199,그 외 기타 상품 전문 소매업,G47859,그 외 기타 분류 안된 상품 전문 소매업,51,강원특별자치도,51210,속초시,51210570,노학동,5121010600,교동,5121010600109080009,1,대지,908,9,강원특별자치도 속초시 교동 908-9,512104469047,강원특별자치도 속초시 만천7길,19,5,4221010600109080009014513,,강원특별자치도 속초시 만천7길 19-5,217806,24847,,,,128.577382203339,38.200738302138
MA010120220802234145,양동농원,,G2,소매,G221,기타 상품 소매,G22199,그 외 기타 상품 전문 소매업,G47859,그 외 기타 분류 안된 상품 전문 소매업,41,경기도,41830,양평군,41830380,양동면,4183038021,양동면,4183038021101800021,1,대지,180,21,경기도 양평군 양동면 쌍학리 180-21,418304452387,경기도 양평군 양동면 학둔지아래길,85,1,4183038021101800021025197,,경기도 양평군 양동면 학둔지아래길 85-1,476881,12539,,,,127.753956714036,37.4194678496178
MA010120220802266747,고려계기산업,,G2,소매,G221,기타 상품 소매,G22199,그 외 기타 상품 전문 소매업,G47859,그 외 기타 분류 안된 상품 전문 소매업,41,경기도,41390,시흥시,41390531,신현동,4139010300,방산동,4139010300104100000,1,대지,410,,경기도 시흥시 방산동 410,413904397190,경기도 시흥시 마루미길,56,,4139010300104100000000001,,경기도 시흥시 마루미길 56,429030,14955,,,,126.768482605674,37.4195010091831
MA010120220802304617,TOPChemical,,G2,소매,G221,기타 상품 소매,G22199,그 외 기타 상품 전문 소매업,G47859,그 외 기타 분류 안된 상품 전문 소매업,28,인천광역시,28260,서구,28260580,가좌1동,2826011200,가좌동,2826011200101780280,1,대지,178,280,인천광역시 서구 가좌동 178-280,282603156064,인천광역시 서구 염곡로,43,,2826011200101780280020572,,인천광역시 서구 염곡로 43,404812,22840,,,,126.664072799617,37.488781302251
MA010120220802284189,원탑소방,,G2,소매,G221,기타 상품 소매,G22199,그 외 기타 상품 전문 소매업,G47859,그 외 기타 분류 안된 상품 전문 소매업,29,광주광역시,29170,북구,29170570,임동,2917010500,임동,2917010500101220029,1,대지,122,29,광주광역시 북구 임동 122-29,291704286353,광주광역시 북구 서림로81번길,9,,2917010500101220029013667,,광주광역시 북구 서림로81번길 9,500870,61248,,,,126.896482049615,35.1646283384405
MA010120220802273882,세종농약사,,G2,소매,G221,기타 상품 소매,G22199,그 외 기타 상품 전문 소매업,G47859,그 외 기타 분류 안된 상품 전문 소매업,36,세종특별자치시,36110,세종특별자치시,36110340,금남면,3611034021,금남면,3611034021100690007,1,대지,69,7,세종특별자치시 세종특별자치시 금남면 용포리 69-7,361103258023,세종특별자치시 세종특별자치시 금남면 용포로,46,1,4473034021100690007029590,,세종특별자치시 세종특별자치시 금남면 용포로 46-1,339835,30083,,,,127.280719230699,36.4627991119204
MA010120220802276840,정남진케미칼,,G2,소매,G221,기타 상품 소매,G22199,그 외 기타 상품 전문 소매업,G47859,그 외 기타 분류 안된 상품 전문 소매업,46,전라남도,46800,장흥군,46800253,관산읍,4680025326,관산읍,4680025326104530013,1,대지,453,13,전라남도 장흥군 관산읍 옥당리 453-13,468003292045,전라남도 장흥군 관산읍 칠관로,1567,,4680025326104530013042612,,전라남도 장흥군 관산읍 칠관로 1567,529875,59346,,,,126.937878070389,34.5627354258808
MA010120220802271593,태극환경화학,,G2,소매,G221,기타 상품 소매,G22199,그 외 기타 상품 전문 소매업,G47811,의약품 및 의료용품 소매업,41,경기도,41590,화성시,41590253,봉담읍,4159025324,봉담읍,4159025324101390001,1,대지,139,1,경기도 화성시 봉담읍 동화리 139-1,415904430997,경기도 화성시 봉담읍 와우안길,109,,4159025324101400001026421,,경기도 화성시 봉담읍 와우안길 109,445893,18298,,,,126.973758587591,37.221470390057
MA010120220802271652,한일소방,,G2,소매,G221,기타 상품 소매,G22199,그 외 기타 상품 전문 소매업,G47859,그 외 기타 분류 안된 상품 전문 소매업,29,광주광역시,29155,남구,29155630,월산4동,2915510400,월산동,2915510400109090032,1,대지,909,32,광주광역시 남구 월산동 909-32,291554283128,광주광역시 남구 금화로470번길,23,,2915510400109090032024263,,광주광역시 남구 금화로470번길 23,503829,61619,,,,126.894110853189,35.1479240943412
MA010120220802299683,대보종합상사,,G2,소매,G221,기타 상품 소매,G22199,그 외 기타 상품 전문 소매업,G47859,그 외 기타 분류 안된 상품 전문 소매업,41,경기도,41390,시흥시,41390591,정왕1동,4139013200,정왕동,4139013200112880002,1,대지,1288,2,경기도 시흥시 정왕동 1288-2,413903199047,경기도 시흥시 정왕천로,197,,4139013200112880002018989,동우디지털파크,경기도 시흥시 정왕천로 197,429850,15106,,,,126.736837971896,37.3296568936533
MA010120220802311922,진흥농약,,G2,소매,G221,기타 상품 소매,G22199,그 외 기타 상품 전문 소매업,G47859,그 외 기타 분류 안된 상품 전문 소매업,41,경기도,41273,안산시 단원구,41273610,대부동,4127311100,대부북동,4127311100104730008,1,대지,473,8,경기도 안산시 단원구 대부북동 473-8,412733191018,경기도 안산시 단원구 대부중앙로,99,,4127311100104730008014446,,경기도 안산시 단원구 대부중앙로 99,425330,15645,,,,126.584888397088,37.2428934459883
MA010120220802272069,거북이인삼직매장,,G2,소매,G221,기타 상품 소매,G22199,그 외 기타 상품 전문 소매업,G47859,그 외 기타 분류 안된 상품 전문 소매업,41,경기도,41210,광명시,41210540,광명3동,4121010100,광명동,4121010100101580025,1,대지,158,25,경기도 광명시 광명동 158-25,412104361042,경기도 광명시 광명로918번길,14,1,4121010100101580025002969,,경기도 광명시 광명로918번길 14-1,423807,14220,,,,126.856572206485,37.4803059076926
MA010120220802275176,아람사,,G2,소매,G221,기타 상품 소매,G22199,그 외 기타 상품 전문 소매업,G47859,그 외 기타 분류 안된 상품 전문 소매업,41,경기도,41650,포천시,41650390,영북면,4165039021,영북면,4165039021105060015,1,대지,506,15,경기도 포천시 영북면 운천리 506-15,416504439478,경기도 포천시 영북면 운천로9번길,6,3,4165039021105060015067637,,경기도 포천시 영북면 운천로9번길 6-3,487892,11106,,,,127.273402632451,38.0908282907348
MA010120220802280842,두림가발,,G2,소매,G221,기타 상품 소매,G22199,그 외 기타 상품 전문 소매업,G47422,의복 액세서리 및 모조 장신구 소매업,41,경기도,41115,수원시 팔달구,41115710,우만1동,4111514000,우만동,4111514000105980020,1,대지,598,20,경기도 수원시 팔달구 우만동 598-20,411152012008,경기도 수원시 팔달구 경수대로,720,1,4111514000105980020020709,,경기도 수원시 팔달구 경수대로 720-1,442821,16233,,,,127.025678583422,37.2894632520921
MA010120220802300436,광신불교,백화점,G2,소매,G221,기타 상품 소매,G22199,그 외 기타 상품 전문 소매업,G47859,그 외 기타 분류 안된 상품 전문 소매업,41,경기도,41273,안산시 단원구,41273510,와동,4127310200,와동,4127310200108120014,1,대지,812,14,경기도 안산시 단원구 와동 812-14,412734373444,경기도 안산시 단원구 화정천동로1안길,35,,4127310200108120014041892,외,경기도 안산시 단원구 화정천동로1안길 35,425844,15251,,1,,126.820023663869,37.3418414196305
MA010120220802303982,대동전자,,G2,소매,G221,기타 상품 소매,G22199,그 외 기타 상품 전문 소매업,G47859,그 외 기타 분류 안된 상품 전문 소매업,41,경기도,41271,안산시 상록구,41271610,안산동,4127111500,장하동,4127111500100530002,1,대지,53,2,경기도 안산시 상록구 장하동 53-2,412714370326,경기도 안산시 상록구 안산벌말길,38,8,4127111500100530002034774,,경기도 안산시 상록구 안산벌말길 38-8,426420,15208,,,,126.867026291125,37.3611495477132
MA010120220802315146,한국부라더미싱,,G2,소매,G221,기타 상품 소매,G22199,그 외 기타 상품 전문 소매업,G47859,그 외 기타 분류 안된 상품 전문 소매업,41,경기도,41390,시흥시,41390520,신천동,4139010200,신천동,4139010200107040028,1,대지,704,28,경기도 시흥시 신천동 704-28,413903185023,경기도 시흥시 호현로,33,1,4139010200107040028003781,,경기도 시흥시 호현로 33-1,429828,14904,,1,,126.785031693712,37.4434722263078
MA010120220802306788,우리종묘사,,G2,소매,G221,기타 상품 소매,G22199,그 외 기타 상품 전문 소매업,G47859,그 외 기타 분류 안된 상품 전문 소매업,41,경기도,41390,시흥시,41390520,신천동,4139010200,신천동,4139010200107130018,1,대지,713,18,경기도 시흥시 신천동 713-18,413903185023,경기도 시흥시 호현로,1,,4139010200107130018036724,,경기도 시흥시 호현로 1,429828,14904,,,,126.782686116064,37.4417740321658
MA010120220802290437,진세본초원,,G2,소매,G221,기타 상품 소매,G22199,그 외 기타 상품 전문 소매업,G47859,그 외 기타 분류 안된 상품 전문 소매업,41,경기도,41271,안산시 상록구,41271560,본오3동,4127110400,본오동,4127110400108790015,1,대지,879,15,경기도 안산시 상록구 본오동 879-15,412713190071,경기도 안산시 상록구 충장로,194,,4127110400108790015037506,태영,경기도 안산시 상록구 충장로 194,426735,15539,,,,126.859996594028,37.298844126511
MA010120220802292987,오행생식원,,G2,소매,G221,기타 상품 소매,G22199,그 외 기타 상품 전문 소매업,G47859,그 외 기타 분류 안된 상품 전문 소매업,41,경기도,41271,안산시 상록구,41271510,일동,4127110100,일동,4127110100106010012,1,대지,601,12,경기도 안산시 상록구 일동 601-12,412713190013,경기도 안산시 상록구 구룡로,9,14,4127110100106010012038623,,경기도 안산시 상록구 구룡로 9-14,426859,15324,,,,126.866424736988,37.3120246903482
MA010120220802290507,부라더종합미싱,,G2,소매,G221,기타 상품 소매,G22199,그 외 기타 상품 전문 소매업,G47859,그 외 기타 분류 안된 상품 전문 소매업,41,경기도,41273,안산시 단원구,41273535,호수동,4127310100,고잔동,4127310100107270004,1,대지,727,4,경기도 안산시 단원구 고잔동 727-4,412733191004,경기도 안산시 단원구 광덕동로,91,,4127310100107270004005233,씨티프라자,경기도 안산시 단원구 광덕동로 91,425809,15462,,1,,126.832581151822,37.3126484155198
MA010120220802295578,그 외 기타 상품 전문 소매업,,G2,소매,G221,기타 상품 소매,G22199,그 외 기타 상품 전문 소매업,G47859,그 외 기타 분류 안된 상품 전문 소매업,41,경기도,41271,안산시 상록구,41271515,이동,4127110200,이동,4127110200105930002,1,대지,593,2,경기도 안산시 상록구 이동 593-2,412713190020,경기도 안산시 상록구 도매시장로,8,,4127110200105930002007607,,경기도 안산시 상록구 도매시장로 8,426857,15512,,,,126.857193452744,37.3079862868472
MA010120220802304503,탑미싱,,G2,소매,G221,기타 상품 소매,G22199,그 외 기타 상품 전문 소매업,G47859,그 외 기타 분류 안된 상품 전문 소매업,11,서울특별시,11545,금천구,11545630,독산3동,1154510200,독산동,1154510200109770024,1,대지,977,24,서울특별시 금천구 독산동 977-24,115453117004,서울특별시 금천구 독산로,306,,1154510200109770024009789,,서울특별시 금천구 독산로 306,153824,08553,,,,126.903556602928,37.4740645557526
MA010120220800230953,해피PC,,G2,소매,G221,기타 상품 소매,G22199,그 외 기타 상품 전문 소매업,G47859,그 외 기타 분류 안된 상품 전문 소매업,47,경상북도,47820,청도군,47820253,청도읍,4782025321,청도읍,4782025321107990005,1,대지,799,5,경상북도 청도군 청도읍 고수리 799-5,478203303047,경상북도 청도군 청도읍 중앙로,2,1,4782025321107990005015808,,경상북도 청도군 청도읍 중앙로 2-1,714802,38341,,,,128.745004021236,35.642475190314
MA010120220800199309,수빈유통,,G2,소매,G221,기타 상품 소매,G22199,그 외 기타 상품 전문 소매업,G47859,그 외 기타 분류 안된 상품 전문 소매업,28,인천광역시,28260,서구,28260720,오류왕길동,2826011900,오류동,2826011900116560001,1,대지,1656,1,인천광역시 서구 오류동 1656-1,282603156156,인천광역시 서구 보듬로,158,,2826011900116560001000001,공존,인천광역시 서구 보듬로 158,404300,22664,,,,126.614890052624,37.5958675696797
MA010120220800213798,블라블라모터스,,G2,소매,G221,기타 상품 소매,G22199,그 외 기타 상품 전문 소매업,G47859,그 외 기타 분류 안된 상품 전문 소매업,41,경기도,41463,용인시 기흥구,41463572,동백1동,4146311500,동백동,4146311500106090004,1,대지,609,4,경기도 용인시 기흥구 동백동 609-4,414634412263,경기도 용인시 기흥구 평촌1로8번길,7,15,4146311500106090004017322,,경기도 용인시 기흥구 평촌1로8번길 7-15,446911,17001,,1,,127.152122375781,37.28480903357
MA010120220800233855,예향,,G2,소매,G221,기타 상품 소매,G22199,그 외 기타 상품 전문 소매업,G47859,그 외 기타 분류 안된 상품 전문 소매업,47,경상북도,47280,문경시,47280360,마성면,4728036028,마성면,4728036028103050002,1,대지,305,2,경상북도 문경시 마성면 남호리 305-2,472803000165,경상북도 문경시 마성면 새재로,182,7,4728036028103050002027682,,경상북도 문경시 마성면 새재로 182-7,745861,36925,,1,,128.121633378055,36.714760883933
MA010120220800223791,산성불교사,,G2,소매,G221,기타 상품 소매,G22199,그 외 기타 상품 전문 소매업,G47859,그 외 기타 분류 안된 상품 전문 소매업,41,경기도,41133,성남시 중원구,41133510,성남동,4113310100,성남동,4113310100121220000,1,대지,2122,,경기도 성남시 중원구 성남동 2122,411333179004,경기도 성남시 중원구 광명로,137,,4113310100121220000060294,,경기도 성남시 중원구 광명로 137,462824,13358,,2,,127.143312265086,37.4375530444385
MA010120220800192772,한올.sunny가발,,G2,소매,G221,기타 상품 소매,G22199,그 외 기타 상품 전문 소매업,G47422,의복 액세서리 및 모조 장신구 소매업,11,서울특별시,11440,마포구,11440660,서교동,1144012100,동교동,1144012100101590006,1,대지,159,6,서울특별시 마포구 동교동 159-6,114403113014,서울특별시 마포구 양화로,157,,1144012100101590006022657,파라다이스텔,서울특별시 마포구 양화로 157,121898,03995,,,,126.922950301959,37.5566918098356
MA010120220800189492,수성테크,,G2,소매,G221,기타 상품 소매,G22199,그 외 기타 상품 전문 소매업,G47859,그 외 기타 분류 안된 상품 전문 소매업,41,경기도,41281,고양시 덕양구,41281670,대덕동,4128113000,현천동,4128113000101360002,1,대지,136,2,경기도 고양시 덕양구 현천동 136-2,412814376051,경기도 고양시 덕양구 대덕로141번길,23,,4128113000101360002000001,,경기도 고양시 덕양구 대덕로141번길 23,412190,10541,,2,,126.86717037346,37.5926099173657
MA010120220800197243,라스타특수헤어,,G2,소매,G221,기타 상품 소매,G22199,그 외 기타 상품 전문 소매업,G47422,의복 액세서리 및 모조 장신구 소매업,11,서울특별시,11440,마포구,11440660,서교동,1144012000,서교동,1144012000103580113,1,대지,358,113,서울특별시 마포구 서교동 358-113,114403113015,서울특별시 마포구 어울마당로,96,,1144012000103580113010263,리체빌딩,서울특별시 마포구 어울마당로 96,121838,04040,,,,126.922274545151,37.553519855785
MA010120220800227516,홍천삼육오산약초,,G2,소매,G221,기타 상품 소매,G22199,그 외 기타 상품 전문 소매업,G47859,그 외 기타 분류 안된 상품 전문 소매업,51,강원특별자치도,51720,홍천군,51720250,홍천읍,5172025022,홍천읍,5172025022100160010,1,대지,16,10,강원특별자치도 홍천군 홍천읍 신장대리 16-10,517204475645,강원특별자치도 홍천군 홍천읍 홍천로8길,5,,4272025022100160010024158,,강원특별자치도 홍천군 홍천읍 홍천로8길 5,250805,25137,,,,127.886761921252,37.6899994226978
MA010120220800190346,팬터하우스,,G2,소매,G221,기타 상품 소매,G22199,그 외 기타 상품 전문 소매업,G47859,그 외 기타 분류 안된 상품 전문 소매업,11,서울특별시,11440,마포구,11440710,연남동,1144012400,연남동,1144012400105710016,1,대지,571,16,서울특별시 마포구 연남동 571-16,114403113019,서울특별시 마포구 월드컵북로,38,,1144012400105710016020363,,서울특별시 마포구 월드컵북로 38,121869,03991,,,,126.918659524837,37.5580133976014
MA010120220800215823,양키캔들,합정역점,G2,소매,G221,기타 상품 소매,G22199,그 외 기타 상품 전문 소매업,G47859,그 외 기타 분류 안된 상품 전문 소매업,11,서울특별시,11440,마포구,11440680,합정동,1144012200,합정동,1144012200104140000,1,대지,414,,서울특별시 마포구 합정동 414,114403113014,서울특별시 마포구 양화로,45,,1144012000103930007000001,합정역6호선,서울특별시 마포구 양화로 45,121883,04027,,,,126.913305179426,37.5491617904383
MA010120220800222207,러브닥터24,,G2,소매,G221,기타 상품 소매,G22199,그 외 기타 상품 전문 소매업,G47859,그 외 기타 분류 안된 상품 전문 소매업,48,경상남도,48170,진주시,48170565,중앙동,4817011700,장대동,4817011700101000007,1,대지,100,7,경상남도 진주시 장대동 100-7,481703332011,경상남도 진주시 남강로,697,,4817011700101000007006631,제,경상남도 진주시 남강로 697,660170,52758,,1,,128.087819927069,35.1916585327198
MA010120220800205519,마포만물,,G2,소매,G221,기타 상품 소매,G22199,그 외 기타 상품 전문 소매업,G47859,그 외 기타 분류 안된 상품 전문 소매업,11,서울특별시,11440,마포구,11440600,대흥동,1144010800,대흥동,1144010800102520001,1,대지,252,1,서울특별시 마포구 대흥동 252-1,114403113004,서울특별시 마포구 대흥로,84,6,1144010800102520001021561,,서울특별시 마포구 대흥로 84-6,121809,04149,,지,,126.941959686979,37.5473232948362
MA010120220800285576,신화기획,,G2,소매,G221,기타 상품 소매,G22199,그 외 기타 상품 전문 소매업,G47859,그 외 기타 분류 안된 상품 전문 소매업,27,대구광역시,27170,서구,27170650,평리4동,2717010300,평리동,2717010300113660001,1,대지,1366,1,대구광역시 서구 평리동 1366-1,271703143006,대구광역시 서구 서대구로,112,,2717010300113660001016589,,대구광역시 서구 서대구로 112,703848,41828,,2,,128.555648195598,35.8678921727636
MA010120220800260969,k-food,,G2,소매,G221,기타 상품 소매,G22199,그 외 기타 상품 전문 소매업,G47859,그 외 기타 분류 안된 상품 전문 소매업,52,전북특별자치도,52130,군산시,52130380,나포면,5213038023,나포면,5213038023105080004,1,대지,508,4,전북특별자치도 군산시 나포면 옥곤리 508-4,521303268067,전북특별자치도 군산시 나포면 십자들로,651,,4513038023105080004001610,,전북특별자치도 군산시 나포면 십자들로 651,573853,54048,,,,126.831693889957,36.0318607210657
MA010120220800250024,동황토산,,G2,소매,G221,기타 상품 소매,G22199,그 외 기타 상품 전문 소매업,G47859,그 외 기타 분류 안된 상품 전문 소매업,41,경기도,41281,고양시 덕양구,41281660,화전동,4128113100,덕은동,4128113100100590001,1,대지,59,1,경기도 고양시 덕양구 덕은동 59-1,412813192094,경기도 고양시 덕양구 중앙로,40,,4128113100100590001034586,,경기도 고양시 덕양구 중앙로 40,412160,10539,,,,126.879849916283,37.5939569726531
MA010120220800273306,영광상사,,G2,소매,G221,기타 상품 소매,G22199,그 외 기타 상품 전문 소매업,G47859,그 외 기타 분류 안된 상품 전문 소매업,11,서울특별시,11170,용산구,11170650,이태원1동,1117013000,이태원동,1117013000101190002,1,대지,119,2,서울특별시 용산구 이태원동 119-2,111704106308,서울특별시 용산구 이태원로27가길,54,14,1117013000101190002009373,,서울특별시 용산구 이태원로27가길 54-14,140863,04350,,,,126.99204603558,37.5354711239251
MA010120220800283919,빨강머리앤,,G2,소매,G221,기타 상품 소매,G22199,그 외 기타 상품 전문 소매업,G47422,의복 액세서리 및 모조 장신구 소매업,11,서울특별시,11170,용산구,11170555,청파동,1117011000,청파동2가,1117011000100660027,1,대지,66,27,서울특별시 용산구 청파동2가 66-27,111704106365,서울특별시 용산구 청파로47길,62,,1117011000100660015019771,,서울특별시 용산구 청파로47길 62,140132,04309,,,,126.967139075911,37.5449273192073
MA010120220800261615,특수미싱,,G2,소매,G221,기타 상품 소매,G22199,그 외 기타 상품 전문 소매업,G47859,그 외 기타 분류 안된 상품 전문 소매업,11,서울특별시,11170,용산구,11170555,청파동,1117010800,서계동,1117010800102370008,1,대지,237,8,서울특별시 용산구 서계동 237-8,111703101016,서울특별시 용산구 만리재로,162,,1117010800102370008022973,,서울특별시 용산구 만리재로 162,140830,04302,,,,126.964747554682,37.5532068063907
MA010120220800241485,트래블디포,,G2,소매,G221,기타 상품 소매,G22199,그 외 기타 상품 전문 소매업,G47859,그 외 기타 분류 안된 상품 전문 소매업,11,서울특별시,11440,마포구,11440660,서교동,1144012100,동교동,1144012100101550027,1,대지,155,27,서울특별시 마포구 동교동 155-27,114403113014,서울특별시 마포구 양화로,183,,1144012100101550027011712,효성홍익인간오피스텔,서울특별시 마포구 양화로 183,121816,03994,,,,126.925155541073,37.5583690829715
MA010120220800254429,(더블유디에이치컴퍼니,,G2,소매,G221,기타 상품 소매,G22199,그 외 기타 상품 전문 소매업,G47859,그 외 기타 분류 안된 상품 전문 소매업,11,서울특별시,11140,중구,11140520,소공동,1114016600,서소문동,1114016600100750095,1,대지,75,95,서울특별시 중구 서소문동 75-95,111403005010,서울특별시 중구 서소문로,116,,1114016600100750095022570,유원빌딩,서울특별시 중구 서소문로 116,100814,04513,,17,,126.974012866903,37.5627327498943
MA010120220800265014,진생사이언스이촌판매점,,G2,소매,G221,기타 상품 소매,G22199,그 외 기타 상품 전문 소매업,G47859,그 외 기타 분류 안된 상품 전문 소매업,11,서울특별시,11170,용산구,11170690,서빙고동,1117013500,용산동6가,1117013500100690167,1,대지,69,167,서울특별시 용산구 용산동6가 69-167,111703102008,서울특별시 용산구 이촌로,352,,1117013500100690167003695,신동아쇼핑몰센터,서울특별시 용산구 이촌로 352,140240,04428,,,,126.985170513197,37.5173783389853
MA010120220800278713,동방인터내셔널,,G2,소매,G221,기타 상품 소매,G22199,그 외 기타 상품 전문 소매업,G47859,그 외 기타 분류 안된 상품 전문 소매업,11,서울특별시,11170,용산구,11170650,이태원1동,1117013000,이태원동,1117013000100340010,1,대지,34,10,서울특별시 용산구 이태원동 34-10,111703102009,서울특별시 용산구 이태원로,136,33,1117013000100340010009448,,서울특별시 용산구 이태원로 136-33,140863,04390,,1,,126.989217690019,37.5338490980811
MA010120220800275046,이미지피그,,G2,소매,G221,기타 상품 소매,G22199,그 외 기타 상품 전문 소매업,G47859,그 외 기타 분류 안된 상품 전문 소매업,11,서울특별시,11170,용산구,11170560,원효로1동,1117012300,신계동,1117012300100260002,1,대지,26,2,서울특별시 용산구 신계동 26-2,111704106252,서울특별시 용산구 원효로58길,34,,1117012300100260002014578,,서울특별시 용산구 원효로58길 34,140090,04367,,3,,126.963522993886,37.5347539677052
MA010120220800253353,라인포인트주,,G2,소매,G221,기타 상품 소매,G22199,그 외 기타 상품 전문 소매업,G47859,그 외 기타 분류 안된 상품 전문 소매업,11,서울특별시,11440,마포구,11440660,서교동,1144012000,서교동,1144012000104470009,1,대지,447,9,서울특별시 마포구 서교동 447-9,114404139552,서울특별시 마포구 월드컵북로5가길,31,,1144012000104470009011078,,서울특별시 마포구 월드컵북로5가길 31,121841,04001,,,,126.919476281083,37.5562660229739
MA010120220800255046,뉴서아토산,,G2,소매,G221,기타 상품 소매,G22199,그 외 기타 상품 전문 소매업,G47859,그 외 기타 분류 안된 상품 전문 소매업,11,서울특별시,11440,마포구,11440660,서교동,1144012100,동교동,1144012100101130003,1,대지,113,3,서울특별시 마포구 동교동 113-3,114403112019,서울특별시 마포구 연희로,25,1,1144012100101130003027106,,서울특별시 마포구 연희로 25-1,121816,03985,,,,126.926556114381,37.5612531522058
MA010120220800291993,대진,,G2,소매,G221,기타 상품 소매,G22199,그 외 기타 상품 전문 소매업,G47859,그 외 기타 분류 안된 상품 전문 소매업,47,경상북도,47280,문경시,47280590,점촌3동,4728010300,흥덕동,4728010300107830010,1,대지,783,10,경상북도 문경시 흥덕동 783-10,472804736426,경상북도 문경시 신흥5길,11,11,4728010300107830010030405,,경상북도 문경시 신흥5길 11-11,745891,36963,,,,128.207484610862,36.6021063385334
MA010120220800292395,119소방,,G2,소매,G221,기타 상품 소매,G22199,그 외 기타 상품 전문 소매업,G47859,그 외 기타 분류 안된 상품 전문 소매업,41,경기도,41173,안양시 동안구,41173580,호계1동,4117310400,호계동,4117310400105550009,1,대지,555,9,경기도 안양시 동안구 호계동 555-9,411733182030,경기도 안양시 동안구 엘에스로,92,,4117310400105550009005178,국제유통단지,경기도 안양시 동안구 엘에스로 92,431763,14117,,,,126.95173678756,37.3714771356516
MA010120220800335051,미쎄스터,,G2,소매,G221,기타 상품 소매,G22199,그 외 기타 상품 전문 소매업,G47859,그 외 기타 분류 안된 상품 전문 소매업,11,서울특별시,11560,영등포구,11560535,영등포동,1156010600,영등포동5가,1156010600100200062,1,대지,20,62,서울특별시 영등포구 영등포동5가 20-62,115603118022,서울특별시 영등포구 영등포로,219,,1156010600100200062033898,,서울특별시 영등포구 영등포로 219,150030,07250,,2,,126.905759725524,37.5201437930117
MA010120220800301027,와이에이치상사,,G2,소매,G221,기타 상품 소매,G22199,그 외 기타 상품 전문 소매업,G47859,그 외 기타 분류 안된 상품 전문 소매업,41,경기도,41220,평택시,41220330,고덕면,4122033028,고덕면,4122033028106070002,1,대지,607,2,경기도 평택시 고덕면 방축리 607-2,412204364944,경기도 평택시 고덕면 효학길,74,,4122033028106070002032864,,경기도 평택시 고덕면 효학길 74,451841,17924,,,,127.031495312949,37.0122689498609
MA010120220800340409,대한부라더,,G2,소매,G221,기타 상품 소매,G22199,그 외 기타 상품 전문 소매업,G47859,그 외 기타 분류 안된 상품 전문 소매업,11,서울특별시,11560,영등포구,11560550,당산1동,1156011200,당산동2가,1156011200100300002,1,대지,30,2,서울특별시 영등포구 당산동2가 30-2,115603118022,서울특별시 영등포구 영등포로,109,,1156011200100300002030099,유통상가,서울특별시 영등포구 영등포로 109,150723,07264,,2,,126.894399370198,37.522350648366
MA010120220800295442,더샵,,G2,소매,G221,기타 상품 소매,G22199,그 외 기타 상품 전문 소매업,G47859,그 외 기타 분류 안된 상품 전문 소매업,11,서울특별시,11590,동작구,11590550,상도3동,1159010200,상도동,1159010200103280012,1,대지,328,12,서울특별시 동작구 상도동 328-12,115903119005,서울특별시 동작구 상도로,97,,1159010200103280012024616,,서울특별시 동작구 상도로 97,156839,06952,,1,,126.931286472449,37.5003032654493
MA010120220800331074,T-쇼핑,,G2,소매,G221,기타 상품 소매,G22199,그 외 기타 상품 전문 소매업,G47859,그 외 기타 분류 안된 상품 전문 소매업,11,서울특별시,11560,영등포구,11560515,영등포본동,1156013200,신길동,1156013200101880303,1,대지,188,303,서울특별시 영등포구 신길동 188-303,115604154552,서울특별시 영등포구 신길로60마길,7,,1156013200101880303015448,,서울특별시 영등포구 신길로60마길 7,150838,07311,,,,126.912938905618,37.5137972300988
MA010120220800327915,만화공방,,G2,소매,G221,기타 상품 소매,G22199,그 외 기타 상품 전문 소매업,G47859,그 외 기타 분류 안된 상품 전문 소매업,41,경기도,41287,고양시 일산서구,41287545,탄현1동,4128710300,탄현동,4128710300115000002,1,대지,1500,2,경기도 고양시 일산서구 탄현동 1500-2,412874382150,경기도 고양시 일산서구 현중로26번길,45,16,4128710300115000002007112,,경기도 고양시 일산서구 현중로26번길 45-16,411841,10244,,,,126.770522332942,37.6942365483683
MA010120220800332112,스칼렛,전문점,G2,소매,G221,기타 상품 소매,G22199,그 외 기타 상품 전문 소매업,G47422,의복 액세서리 및 모조 장신구 소매업,11,서울특별시,11560,영등포구,11560535,영등포동,1156010500,영등포동4가,1156010500104250041,1,대지,425,41,서울특별시 영등포구 영등포동4가 425-41,115603000028,서울특별시 영등포구 경인로,831,,1156010500104250041035335,,서울특별시 영등포구 경인로 831,150030,07305,,,,126.905233166955,37.5161068781119
MA010120220800299091,이상준패션,,G2,소매,G221,기타 상품 소매,G22199,그 외 기타 상품 전문 소매업,G47422,의복 액세서리 및 모조 장신구 소매업,11,서울특별시,11170,용산구,11170625,한강로동,1117012500,한강로2가,1117012500100020036,1,대지,2,36,서울특별시 용산구 한강로2가 2-36,111703005018,서울특별시 용산구 새창로,213,12,1117012500100020036029066,호,서울특별시 용산구 새창로 213-12,140871,04376,,,,126.968027871066,37.5304845280259
MA010120220800299374,국제상사,,G2,소매,G221,기타 상품 소매,G22199,그 외 기타 상품 전문 소매업,G47859,그 외 기타 분류 안된 상품 전문 소매업,11,서울특별시,11110,종로구,11110630,종로5.6가동,1111016300,종로5가,1111016300105030011,1,대지,503,11,서울특별시 종로구 종로5가 503-11,111104100329,서울특별시 종로구 종로36나길,6,,1111016300105030011011766,,서울특별시 종로구 종로36나길 6,110836,03197,,,,127.004188231757,37.5700516228897
MA010120220800324935,포선,,G2,소매,G221,기타 상품 소매,G22199,그 외 기타 상품 전문 소매업,G47859,그 외 기타 분류 안된 상품 전문 소매업,41,경기도,41610,광주시,41610580,오포1동,4161011700,문형동,4161011700102070001,1,대지,207,1,경기도 광주시 문형동 207-1,416104433234,경기도 광주시 봉골길,22,,4161025024102070001000001,,경기도 광주시 봉골길 22,464891,12774,,2,,127.210147814011,37.3481078812511
MA010120220800288491,자이모,구리점,G2,소매,G221,기타 상품 소매,G22199,그 외 기타 상품 전문 소매업,G47422,의복 액세서리 및 모조 장신구 소매업,41,경기도,41360,남양주시,41360565,다산2동,4136011200,다산동,4136011200106760001,1,대지,676,1,경기도 남양주시 다산동 676-1,413604391022,경기도 남양주시 가운로2길,49,,4136010700116800001002513,주공프라자,경기도 남양주시 가운로2길 49,,12262,,1,,127.156705238408,37.6012661814661
MA010120220800355785,헤드윈가모,,G2,소매,G221,기타 상품 소매,G22199,그 외 기타 상품 전문 소매업,G47422,의복 액세서리 및 모조 장신구 소매업,11,서울특별시,11560,영등포구,11560630,신길1동,1156013200,신길동,1156013200104690001,1,대지,469,1,서울특별시 영등포구 신길동 469-1,115603118022,서울특별시 영등포구 영등포로,398,,1156013200104690001017228,,서울특별시 영등포구 영등포로 398,150853,07353,,2,,126.922203333243,37.5131369524675
MA010120220800372348,소방가나다,명지,G2,소매,G221,기타 상품 소매,G22199,그 외 기타 상품 전문 소매업,G47859,그 외 기타 분류 안된 상품 전문 소매업,11,서울특별시,11470,양천구,11470650,신정4동,1147010100,신정동,1147010100109690001,1,대지,969,1,서울특별시 양천구 신정동 969-1,114704142286,서울특별시 양천구 오목로24길,21,,1147010100109690001003098,,서울특별시 양천구 오목로24길 21,158859,08026,,1,,126.852667927376,37.5224861641309
MA010120220800383195,모두싹나라,,G2,소매,G221,기타 상품 소매,G22199,그 외 기타 상품 전문 소매업,G47859,그 외 기타 분류 안된 상품 전문 소매업,44,충청남도,44710,금산군,44710390,추부면,4471039023,추부면,4471039023101060010,1,대지,106,10,충청남도 금산군 추부면 마전리 106-10,447103257028,충청남도 금산군 추부면 서대산로,103,,4471039023101060010000001,,충청남도 금산군 추부면 서대산로 103,312941,32712,,,,127.476281088646,36.1958096926767
MA010120220800363452,붙임머리,,G2,소매,G221,기타 상품 소매,G22199,그 외 기타 상품 전문 소매업,G47859,그 외 기타 분류 안된 상품 전문 소매업,11,서울특별시,11440,마포구,11440660,서교동,1144012000,서교동,1144012000103580065,1,대지,358,65,서울특별시 마포구 서교동 358-65,114403113015,서울특별시 마포구 어울마당로,100,,1144012000103580065010240,,서울특별시 마포구 어울마당로 100,121838,04040,,3,,126.922387425836,37.5537992393258
MA010120220800379559,진영인터네셔널,,G2,소매,G221,기타 상품 소매,G22199,그 외 기타 상품 전문 소매업,G47859,그 외 기타 분류 안된 상품 전문 소매업,50,제주특별자치도,50110,제주시,50110650,연동,5011013700,연동,5011013700123240005,1,대지,2324,5,제주특별자치도 제주시 연동 2324-5,501103349052,제주특별자치도 제주시 도령로,87,,5011013700123240005006100,현대오피스텔,제주특별자치도 제주시 도령로 87,690725,63127,,,,126.487274627167,33.4908655816036
MA010120220800387745,한미비료,,G2,소매,G221,기타 상품 소매,G22199,그 외 기타 상품 전문 소매업,G47859,그 외 기타 분류 안된 상품 전문 소매업,51,강원특별자치도,51130,원주시,51130360,귀래면,5113036023,귀래면,5113036023110560001,1,대지,1056,1,강원특별자치도 원주시 귀래면 운계리 1056-1,511303219009,강원특별자치도 원주시 귀래면 귀문로,91,,4213036023110560001000001,,강원특별자치도 원주시 귀래면 귀문로 91,220851,26501,,,,127.87826701008,37.1937902915499
MA010120220800397477,유한책임회사하이모,영등포지점,G2,소매,G221,기타 상품 소매,G22199,그 외 기타 상품 전문 소매업,G47422,의복 액세서리 및 모조 장신구 소매업,11,서울특별시,11560,영등포구,11560535,영등포동,1156010500,영등포동4가,1156010500101470001,1,대지,147,1,서울특별시 영등포구 영등포동4가 147-1,115603118022,서울특별시 영등포구 영등포로,194,,1156010500101470001034886,홍익금융프라자,서울특별시 영등포구 영등포로 194,150030,07301,,4,,126.902954516449,37.5200153810488
MA010120220800352311,행복한타임,,G2,소매,G221,기타 상품 소매,G22199,그 외 기타 상품 전문 소매업,G47859,그 외 기타 분류 안된 상품 전문 소매업,11,서울특별시,11500,강서구,11500540,화곡1동,1150010300,화곡동,1150010300103800014,1,대지,380,14,서울특별시 강서구 화곡동 380-14,115004145501,서울특별시 강서구 화곡로20길,51,,1150010300103800014013282,,서울특별시 강서구 화곡로20길 51,157885,07717,,2,,126.836988924174,37.5381249543274
MA010120220800360650,극동종합상사,,G2,소매,G221,기타 상품 소매,G22199,그 외 기타 상품 전문 소매업,G47859,그 외 기타 분류 안된 상품 전문 소매업,11,서울특별시,11560,영등포구,11560535,영등포동,1156010800,영등포동7가,1156010800100610002,1,대지,61,2,서울특별시 영등포구 영등포동7가 61-2,115604154077,서울특별시 영등포구 국회대로44길,2,,1156010800100610002031844,,서울특별시 영등포구 국회대로44길 2,150030,07244,,,,126.903739177302,37.5256022374558
MA010120220800364049,가발박사,,G2,소매,G221,기타 상품 소매,G22199,그 외 기타 상품 전문 소매업,G47859,그 외 기타 분류 안된 상품 전문 소매업,11,서울특별시,11560,영등포구,11560515,영등포본동,1156010100,영등포동,1156010100104260086,1,대지,426,86,서울특별시 영등포구 영등포동 426-86,115603000028,서울특별시 영등포구 경인로,826,1,1156010100104260085035339,전체,서울특별시 영등포구 경인로 826-1,150300,07306,,1,,126.904770110355,37.5155478835858
MA010120220800344034,상록기업왕거상사,,G2,소매,G221,기타 상품 소매,G22199,그 외 기타 상품 전문 소매업,G47859,그 외 기타 분류 안된 상품 전문 소매업,41,경기도,41800,연천군,41800360,신서면,4180036021,신서면,4180036021110350001,1,대지,1035,1,경기도 연천군 신서면 대광리 1035-1,418004445376,경기도 연천군 신서면 점말1길,60,,4180036021110350001010274,,경기도 연천군 신서면 점말1길 60,486832,11000,,,,127.115759821674,38.1841080557067
MA010120220800344091,미래E&C,,G2,소매,G221,기타 상품 소매,G22199,그 외 기타 상품 전문 소매업,G47859,그 외 기타 분류 안된 상품 전문 소매업,11,서울특별시,11560,영등포구,11560560,당산2동,1156011500,당산동5가,1156011500100110034,1,대지,11,34,서울특별시 영등포구 당산동5가 11-34,115604154122,서울특별시 영등포구 당산로44길,3,,1156011500100110034028758,삼성타운,서울특별시 영등포구 당산로44길 3,150045,07214,,7,,126.901083651871,37.5319070528786
MA010120220800385316,일성원예사,,G2,소매,G221,기타 상품 소매,G22199,그 외 기타 상품 전문 소매업,G47859,그 외 기타 분류 안된 상품 전문 소매업,46,전라남도,46710,담양군,46710250,담양읍,4671025021,담양읍,4671025021100370002,1,대지,37,2,전라남도 담양군 담양읍 담주리 37-2,467104658076,전라남도 담양군 담양읍 담주4길,24,76,4671025021100370002003168,,전라남도 담양군 담양읍 담주4길 24-76,517805,57341,,,,126.981292932923,35.3228124756046
MA010120220800361956,종로전자,,G2,소매,G221,기타 상품 소매,G22199,그 외 기타 상품 전문 소매업,G45212,자동차용 전용 신품 부품 판매업,11,서울특별시,11560,영등포구,11560535,영등포동,1156010900,영등포동8가,1156010900100300016,1,대지,30,16,서울특별시 영등포구 영등포동8가 30-16,115602005008,서울특별시 영등포구 국회대로,635,1,1156010900100300016032084,,서울특별시 영등포구 국회대로 635-1,150030,07228,,,,126.904734383775,37.5258553249242
MA010120220800381998,영광미싱,,G2,소매,G221,기타 상품 소매,G22199,그 외 기타 상품 전문 소매업,G47859,그 외 기타 분류 안된 상품 전문 소매업,11,서울특별시,11560,영등포구,11560550,당산1동,1156011200,당산동2가,1156011200100300002,1,대지,30,2,서울특별시 영등포구 당산동2가 30-2,115603118022,서울특별시 영등포구 영등포로,109,,1156011200100300002030099,영등포유통상가,서울특별시 영등포구 영등포로 109,150723,07264,,2,,126.894399370198,37.522350648366
MA010120220800346762,우주가발,,G2,소매,G221,기타 상품 소매,G22199,그 외 기타 상품 전문 소매업,G47422,의복 액세서리 및 모조 장신구 소매업,11,서울특별시,11560,영등포구,11560535,영등포동,1156010400,영등포동3가,1156010400100110006,1,대지,11,6,서울특별시 영등포구 영등포동3가 11-6,115603000028,서울특별시 영등포구 경인로,863,,1156010400100110006035782,,서울특별시 영등포구 경인로 863,150030,07304,,2,,126.908523348053,37.5172807763394
MA010120220800350998,동부프라자,,G2,소매,G221,기타 상품 소매,G22199,그 외 기타 상품 전문 소매업,G47859,그 외 기타 분류 안된 상품 전문 소매업,11,서울특별시,11560,영등포구,11560535,영등포동,1156010700,영등포동6가,1156010700100810000,1,대지,81,,서울특별시 영등포구 영등포동6가 81,115603118022,서울특별시 영등포구 영등포로,183,,1156010700100810000033452,,서울특별시 영등포구 영등포로 183,150030,07251,,,,126.901856429691,37.5206451755748
MA010120220800355415,지티유니버셜,,G2,소매,G221,기타 상품 소매,G22199,그 외 기타 상품 전문 소매업,G47859,그 외 기타 분류 안된 상품 전문 소매업,11,서울특별시,11545,금천구,11545610,독산1동,1154510200,독산동,1154510200102880006,1,대지,288,6,서울특별시 금천구 독산동 288-6,115452005010,서울특별시 금천구 시흥대로,409,,1154510200102880007017092,송산빌딩,서울특별시 금천구 시흥대로 409,153812,08523,,3,,126.897649339924,37.4701942536222
MA010120220800369482,부자인삼사,,G2,소매,G221,기타 상품 소매,G22199,그 외 기타 상품 전문 소매업,G47859,그 외 기타 분류 안된 상품 전문 소매업,47,경상북도,47210,영주시,47210250,풍기읍,4721025023,풍기읍,4721025023104460004,1,대지,446,4,경상북도 영주시 풍기읍 산법리 446-4,472103309083,경상북도 영주시 풍기읍 소백로,2156,,4721025023104460000000001,선비골인삼시장,경상북도 영주시 풍기읍 소백로 2156,750802,36041,,,,128.54068934949,36.8884940864228
MA010120220800347064,경우기획,,G2,소매,G221,기타 상품 소매,G22199,그 외 기타 상품 전문 소매업,G47859,그 외 기타 분류 안된 상품 전문 소매업,28,인천광역시,28237,부평구,28237540,부평4동,2823710100,부평동,2823710100102030024,1,대지,203,24,인천광역시 부평구 부평동 203-24,282373008034,인천광역시 부평구 주부토로,5,14,2823710100102030024103244,,인천광역시 부평구 주부토로 5-14,403820,21390,,1,,126.723338192891,37.4968367602589
MA010120220801902693,우주불교만물,,G2,소매,G221,기타 상품 소매,G22199,그 외 기타 상품 전문 소매업,G47859,그 외 기타 분류 안된 상품 전문 소매업,41,경기도,41133,성남시 중원구,41133525,중앙동,4113313200,중앙동,4113313200123790000,1,대지,2379,,경기도 성남시 중원구 중앙동 2379,411333179004,경기도 성남시 중원구 광명로,246,11,4113310200123790000026048,,경기도 성남시 중원구 광명로 246-11,462836,13252,,,,127.154360704801,37.4418279613993
MA010120220801915421,영동건강,백화점,G2,소매,G221,기타 상품 소매,G22199,그 외 기타 상품 전문 소매업,G47859,그 외 기타 분류 안된 상품 전문 소매업,41,경기도,41133,성남시 중원구,41133510,성남동,4113310100,성남동,4113310100141850000,1,대지,4185,,경기도 성남시 중원구 성남동 4185,411334337164,경기도 성남시 중원구 둔촌대로83번길,2,,4113310100141850000063594,,경기도 성남시 중원구 둔촌대로83번길 2,462829,13376,,,,127.128475055588,37.4304160385059
MA010120220801922984,제이원정보통신,,G2,소매,G221,기타 상품 소매,G22199,그 외 기타 상품 전문 소매업,G47859,그 외 기타 분류 안된 상품 전문 소매업,41,경기도,41133,성남시 중원구,41133570,상대원1동,4113310500,상대원동,4113310500113300000,1,대지,1330,,경기도 성남시 중원구 상대원동 1330,411334337173,경기도 성남시 중원구 박석로49번길,9,,4113310500113300000066490,,경기도 성남시 중원구 박석로49번길 9,462808,13221,,4,,127.165029221928,37.4372003535011
MA010120220801937444,파워퍼팩트,,G2,소매,G221,기타 상품 소매,G22199,그 외 기타 상품 전문 소매업,G47859,그 외 기타 분류 안된 상품 전문 소매업,41,경기도,41133,성남시 중원구,41133525,중앙동,4113313200,중앙동,4113313200123690000,1,대지,2369,,경기도 성남시 중원구 중앙동 2369,411333179004,경기도 성남시 중원구 광명로,238,3,4113310200123690000031158,,경기도 성남시 중원구 광명로 238-3,462836,13252,,1,,127.15326455244,37.4418113675741
MA010120220801909885,가람불교사,,G2,소매,G221,기타 상품 소매,G22199,그 외 기타 상품 전문 소매업,G47859,그 외 기타 분류 안된 상품 전문 소매업,41,경기도,41133,성남시 중원구,41133540,금광2동,4113310300,금광동,4113310300136750000,1,대지,3675,,경기도 성남시 중원구 금광동 3675,411334337217,경기도 성남시 중원구 산성대로382번길,40,,4113310300136750000031524,,경기도 성남시 중원구 산성대로382번길 40,462804,13177,,1,,127.16192932558,37.4459084371565
MA010120220801910202,J가발,전문점,G2,소매,G221,기타 상품 소매,G22199,그 외 기타 상품 전문 소매업,G47859,그 외 기타 분류 안된 상품 전문 소매업,41,경기도,41135,성남시 분당구,41135620,야탑1동,4113510700,야탑동,4113510700103670001,1,대지,367,1,경기도 성남시 분당구 야탑동 367-1,411352000005,경기도 성남시 분당구 성남대로,912,,4113510700103670001000001,분당BYC빌딩,경기도 성남시 분당구 성남대로 912,463827,13506,,6,,127.129255120463,37.4109712274001
MA010120220801895546,한성,,G2,소매,G221,기타 상품 소매,G22199,그 외 기타 상품 전문 소매업,G45219,기타 자동차 신품 부품 및 내장품 판매업,41,경기도,41133,성남시 중원구,41133660,하대원동,4113310900,하대원동,4113310900101480001,1,대지,148,1,경기도 성남시 중원구 하대원동 148-1,411333179008,경기도 성남시 중원구 마지로,109,,4113310900101480001035366,,경기도 성남시 중원구 마지로 109,462839,13407,,,,127.141858945174,37.4278688789815
MA010120220801913230,블라인드세상에창,,G2,소매,G221,기타 상품 소매,G22199,그 외 기타 상품 전문 소매업,G47859,그 외 기타 분류 안된 상품 전문 소매업,41,경기도,41135,성남시 분당구,41135640,야탑3동,4113510700,야탑동,4113510700103170007,1,대지,317,7,경기도 성남시 분당구 야탑동 317-7,411354340296,경기도 성남시 분당구 야탑로153번길,8,11,4113510700103170007064162,,경기도 성남시 분당구 야탑로153번길 8-11,463856,13504,,지,,127.136607776711,37.4105575019093
MA010120220801920426,쿠키인스토리,,G2,소매,G221,기타 상품 소매,G22199,그 외 기타 상품 전문 소매업,G47859,그 외 기타 분류 안된 상품 전문 소매업,11,서울특별시,11710,송파구,11710610,삼전동,1171010600,삼전동,1171010600100480008,1,대지,48,8,서울특별시 송파구 삼전동 48-8,117103123006,서울특별시 송파구 백제고분로,210,,1171010600100480008008050,백영빌딩,서울특별시 송파구 백제고분로 210,138838,05582,,4,,127.089853960281,37.5035597273116
MA010120220801930434,대성불교,백화점,G2,소매,G221,기타 상품 소매,G22199,그 외 기타 상품 전문 소매업,G47859,그 외 기타 분류 안된 상품 전문 소매업,41,경기도,41133,성남시 중원구,41133660,하대원동,4113310900,하대원동,4113310900101610001,1,대지,161,1,경기도 성남시 중원구 하대원동 161-1,411334337166,경기도 성남시 중원구 마지로155번길,12,,4113310900101610001040918,,경기도 성남시 중원구 마지로155번길 12,462839,13406,,1,,127.14776634639,37.427104788458
MA010120220801927410,백제약초,,G2,소매,G221,기타 상품 소매,G22199,그 외 기타 상품 전문 소매업,G47859,그 외 기타 분류 안된 상품 전문 소매업,41,경기도,41133,성남시 중원구,41133510,성남동,4113310100,성남동,4113310100141820000,1,대지,4182,,경기도 성남시 중원구 성남동 4182,411332000005,경기도 성남시 중원구 성남대로,1127,,4113310100141820000045728,한성빌딩,경기도 성남시 중원구 성남대로 1127,462829,13376,,1,,127.12888166103,37.4303345044336
MA010120220801913703,드림이벤트,,G2,소매,G221,기타 상품 소매,G22199,그 외 기타 상품 전문 소매업,G47859,그 외 기타 분류 안된 상품 전문 소매업,41,경기도,41135,성남시 분당구,41135580,서현1동,4113510500,서현동,4113510500102650006,1,대지,265,6,경기도 성남시 분당구 서현동 265-6,411354340468,경기도 성남시 분당구 황새울로312번길,20,,4113510500102650006037780,,경기도 성남시 분당구 황새울로312번길 20,463824,13591,,,,127.122082293139,37.3830291699874
MA010120220801940848,지리산골농수산,,G2,소매,G221,기타 상품 소매,G22199,그 외 기타 상품 전문 소매업,G47859,그 외 기타 분류 안된 상품 전문 소매업,48,경상남도,48850,하동군,48850310,화개면,4885031023,화개면,4885031023107260051,1,대지,726,51,경상남도 하동군 화개면 탑리 726-51,488503344009,경상남도 하동군 화개면 쌍계로,19,1,4885031023107260051000001,,경상남도 하동군 화개면 쌍계로 19-1,667822,52303,,,,127.624116380097,35.1882934008216
MA010120220801905110,미래상사,,G2,소매,G221,기타 상품 소매,G22199,그 외 기타 상품 전문 소매업,G47859,그 외 기타 분류 안된 상품 전문 소매업,41,경기도,41133,성남시 중원구,41133580,상대원2동,4113310500,상대원동,4113310500131950000,1,대지,3195,,경기도 성남시 중원구 상대원동 3195,411334337450,경기도 성남시 중원구 희망로367번길,8,1,4113310500131950000051185,,경기도 성남시 중원구 희망로367번길 8-1,462817,13394,,,,127.157619760731,37.4386340693916
MA010120220801911145,원민유통,,G2,소매,G221,기타 상품 소매,G22199,그 외 기타 상품 전문 소매업,G47221,음료 소매업,41,경기도,41133,성남시 중원구,41133510,성남동,4113310100,성남동,4113310100126730000,1,대지,2673,,경기도 성남시 중원구 성남동 2673,411334337017,경기도 성남시 중원구 광명로134번길,15,9,4113310100126730000026212,,경기도 성남시 중원구 광명로134번길 15-9,462826,13360,,,,127.144372256753,37.4364254857491
MA010120220801900052,크린플러스,,G2,소매,G221,기타 상품 소매,G22199,그 외 기타 상품 전문 소매업,G47859,그 외 기타 분류 안된 상품 전문 소매업,41,경기도,41131,성남시 수정구,41131561,태평4동,4113110200,태평동,4113110200173230010,1,대지,7323,10,경기도 성남시 수정구 태평동 7323-10,411313178019,경기도 성남시 수정구 수정북로,143,9,4113110200173230010071753,,경기도 성남시 수정구 수정북로 143-9,461826,13280,,3,,127.143747806624,37.4466797896884
MA010120220801911318,박명수의가발이야기,,G2,소매,G221,기타 상품 소매,G22199,그 외 기타 상품 전문 소매업,G47422,의복 액세서리 및 모조 장신구 소매업,11,서울특별시,11560,영등포구,11560540,여의동,1156011000,여의도동,1156011000100540002,1,대지,54,2,서울특별시 영등포구 여의도동 54-2,115603118028,서울특별시 영등포구 여의대방로,386,,1156011000100540002031540,진주상가,서울특별시 영등포구 여의대방로 386,150895,07343,,,,126.931936827999,37.5188913646227
MA010120220801928541,캐슬도어락,,G2,소매,G221,기타 상품 소매,G22199,그 외 기타 상품 전문 소매업,G47859,그 외 기타 분류 안된 상품 전문 소매업,41,경기도,41133,성남시 중원구,41133660,하대원동,4113310900,하대원동,4113310900101130008,1,대지,113,8,경기도 성남시 중원구 하대원동 113-8,411333179008,경기도 성남시 중원구 마지로,77,,4113310900101130008070203,,경기도 성남시 중원구 마지로 77,462838,13386,,3,,127.138334991912,37.4284406956863
MA010120220801985965,금산인삼직판장,,G2,소매,G221,기타 상품 소매,G22199,그 외 기타 상품 전문 소매업,G47859,그 외 기타 분류 안된 상품 전문 소매업,41,경기도,41192,부천시 원미구,41192540,원미1동,4119210100,원미동,4119210100100960007,1,대지,96,7,경기도 부천시 원미구 원미동 96-7,411923184017,경기도 부천시 원미구 조종로,49,,4119510100100960007022253,,경기도 부천시 원미구 조종로 49,420839,14568,,,,126.790589145511,37.4929476197279
MA010120220801975056,고강동매표소,,G2,소매,G221,기타 상품 소매,G22199,그 외 기타 상품 전문 소매업,G47859,그 외 기타 분류 안된 상품 전문 소매업,41,경기도,41196,부천시 오정구,41196540,고강본동,4119610500,고강동,4119610500103470000,1,대지,347,,경기도 부천시 오정구 고강동 347,411963184012,경기도 부천시 오정구 역곡로,480,,4119910500103470000009785,,경기도 부천시 오정구 역곡로 480,421803,14408,,,,126.816388491678,37.5274088619964
MA010120220801989965,ks미싱,,G2,소매,G221,기타 상품 소매,G22199,그 외 기타 상품 전문 소매업,G47859,그 외 기타 분류 안된 상품 전문 소매업,11,서울특별시,11260,중랑구,11260550,면목5동,1126010100,면목동,1126010100101530004,1,대지,153,4,서울특별시 중랑구 면목동 153-4,112604118007,서울특별시 중랑구 겸재로22길,15,,1126010100101530004023579,,서울특별시 중랑구 겸재로22길 15,131821,02215,,1,,127.081495723194,37.586241459422
MA010120220801945599,한국산삼감정협회주,,G2,소매,G221,기타 상품 소매,G22199,그 외 기타 상품 전문 소매업,G47859,그 외 기타 분류 안된 상품 전문 소매업,41,경기도,41135,성남시 분당구,41135620,야탑1동,4113510700,야탑동,4113510700104860000,1,대지,486,,경기도 성남시 분당구 야탑동 486,411353180050,경기도 성남시 분당구 탄천로,215,,4113510700104860000001212,성남제2종합운동장내,경기도 성남시 분당구 탄천로 215,463839,13495,,,,127.120513672573,37.4117913780413
MA010120220801972272,부라더미싱,,G2,소매,G221,기타 상품 소매,G22199,그 외 기타 상품 전문 소매업,G47859,그 외 기타 분류 안된 상품 전문 소매업,41,경기도,41210,광명시,41210640,소하1동,4121010400,소하동,4121010400113420000,1,대지,1342,,경기도 광명시 소하동 1342,412104361301,경기도 광명시 소하로76번길,7,,4121010400113420000000001,우심프라자,경기도 광명시 소하로76번길 7,423051,14316,,,,126.882818721775,37.4479254834863
MA010120220801972399,형제만물사,,G2,소매,G221,기타 상품 소매,G22199,그 외 기타 상품 전문 소매업,G47859,그 외 기타 분류 안된 상품 전문 소매업,41,경기도,41194,부천시 소사구,41194600,송내2동,4119410500,송내동,4119410500103790000,1,대지,379,,경기도 부천시 소사구 송내동 379,411944355007,경기도 부천시 소사구 경인로117번길,10,,4119710500103790000000001,삼정프라자,경기도 부천시 소사구 경인로117번길 10,422818,14723,,1,,126.768949354157,37.4844738643109
MA010120220801990630,경도신문,,G2,소매,G221,기타 상품 소매,G22199,그 외 기타 상품 전문 소매업,G47859,그 외 기타 분류 안된 상품 전문 소매업,41,경기도,41210,광명시,41210540,광명3동,4121010100,광명동,4121010100101500019,1,대지,150,19,경기도 광명시 광명동 150-19,412103000022,경기도 광명시 오리로,970,,4121010100101500019001180,크로앙스,경기도 광명시 오리로 970,423807,14220,,,,126.855646747214,37.4794578327038
MA010120220801967250,태산미싱,,G2,소매,G221,기타 상품 소매,G22199,그 외 기타 상품 전문 소매업,G47859,그 외 기타 분류 안된 상품 전문 소매업,41,경기도,41196,부천시 오정구,41196520,원종1동,4119610400,원종동,4119610400102650003,1,대지,265,3,경기도 부천시 오정구 원종동 265-3,411964358234,경기도 부천시 오정구 소사로794번길,27,,4119910400102650003009776,,경기도 부천시 오정구 소사로794번길 27,421819,14419,,1,,126.806443634675,37.527663282405
MA010120220801982055,예진상사,,G2,소매,G221,기타 상품 소매,G22199,그 외 기타 상품 전문 소매업,G47859,그 외 기타 분류 안된 상품 전문 소매업,11,서울특별시,11680,강남구,11680640,역삼1동,1168010100,역삼동,1168010100106970011,1,대지,697,11,서울특별시 강남구 역삼동 697-11,116804166502,서울특별시 강남구 선릉로93길,18,,1168010100106970012022203,신성프라자,서울특별시 강남구 선릉로93길 18,135917,06148,,3,,127.046912842284,37.5052244152006
MA010120220801996890,싱크대맷돌,,G2,소매,G221,기타 상품 소매,G22199,그 외 기타 상품 전문 소매업,G47859,그 외 기타 분류 안된 상품 전문 소매업,41,경기도,41463,용인시 기흥구,41463550,서농동,4146310900,농서동,4146310900104520000,1,대지,452,,경기도 용인시 기흥구 농서동 452,414634412310,경기도 용인시 기흥구 서천로201번길,11,,4146310900104520000000001,기흥테라타워,경기도 용인시 기흥구 서천로201번길 11,446920,17111,,09,,127.071894465694,37.2314260753314
MA010120220801976162,원경불교사,,G2,소매,G221,기타 상품 소매,G22199,그 외 기타 상품 전문 소매업,G47859,그 외 기타 분류 안된 상품 전문 소매업,41,경기도,41192,부천시 원미구,41192520,심곡2동,4119210200,심곡동,4119210200101880004,1,대지,188,4,경기도 부천시 원미구 심곡동 188-4,411923000066,경기도 부천시 원미구 부흥로,431,,4119510200101880004008702,,경기도 부천시 원미구 부흥로 431,420823,14573,,1,,126.788013073703,37.4881947240114
MA010120220801963160,대한상사,,G2,소매,G221,기타 상품 소매,G22199,그 외 기타 상품 전문 소매업,G47859,그 외 기타 분류 안된 상품 전문 소매업,11,서울특별시,11140,중구,11140580,장충동,1114014300,장충동1가,1114014300100480023,1,대지,48,23,서울특별시 중구 장충동1가 48-23,111404103268,서울특별시 중구 장충단로4길,13,,1114014300100480023017397,행복문화원,서울특별시 중구 장충단로4길 13,100391,04606,,,,127.006881478694,37.5613028246992
MA010120220801991382,제이모,,G2,소매,G221,기타 상품 소매,G22199,그 외 기타 상품 전문 소매업,G47422,의복 액세서리 및 모조 장신구 소매업,41,경기도,41194,부천시 소사구,41194530,소사본동,4119410100,소사본동,4119410100100910028,1,대지,91,28,경기도 부천시 소사구 소사본동 91-28,411943000028,경기도 부천시 소사구 경인로,326,,4119710100100910031007570,,경기도 부천시 소사구 경인로 326,422807,14754,,,,126.791716275108,37.4820474338776
MA010120220801982711,라성유통,,G2,소매,G221,기타 상품 소매,G22199,그 외 기타 상품 전문 소매업,G47859,그 외 기타 분류 안된 상품 전문 소매업,41,경기도,41273,안산시 단원구,41273555,백운동,4127310800,원곡동,4127310800108460008,1,대지,846,8,경기도 안산시 단원구 원곡동 846-8,412734373072,경기도 안산시 단원구 라성안길,1,,4127310800108460008039873,삼우상가,경기도 안산시 단원구 라성안길 1,425907,15382,,1,,126.801386877309,37.3265751827122
MA010120220801947521,유한책임회사하이모,분당지점,G2,소매,G221,기타 상품 소매,G22199,그 외 기타 상품 전문 소매업,G47422,의복 액세서리 및 모조 장신구 소매업,41,경기도,41135,성남시 분당구,41135620,야탑1동,4113510700,야탑동,4113510700103600006,1,대지,360,6,경기도 성남시 분당구 야탑동 360-6,411352000005,경기도 성남시 분당구 성남대로,926,,4113510700103600006064091,분당메트로,경기도 성남시 분당구 성남대로 926,463828,13506,,7,,127.129291763521,37.412575001162
MA010120220802010955,스텔라가발,전문점,G2,소매,G221,기타 상품 소매,G22199,그 외 기타 상품 전문 소매업,G47422,의복 액세서리 및 모조 장신구 소매업,41,경기도,41194,부천시 소사구,41194520,심곡본동,4119410200,심곡본동,4119410200103160002,1,대지,316,2,경기도 부천시 소사구 심곡본동 316-2,411943184003,경기도 부천시 소사구 부천로,1,,4119710200103160002000292,부천역사쇼핑몰,경기도 부천시 소사구 부천로 1,422758,14637,,1,,126.782654207699,37.4840403569703
MA010120220802020364,성은통신,,G2,소매,G221,기타 상품 소매,G22199,그 외 기타 상품 전문 소매업,G47859,그 외 기타 분류 안된 상품 전문 소매업,41,경기도,41194,부천시 소사구,41194580,역곡3동,4119410400,괴안동,4119410400101140005,1,대지,114,5,경기도 부천시 소사구 괴안동 114-5,411943000028,경기도 부천시 소사구 경인로,506,,4119710400101140005009709,괴안동,경기도 부천시 소사구 경인로 506,422803,14676,,1,,126.811610577986,37.483909874712
MA010120220802005220,청용불교사,,G2,소매,G221,기타 상품 소매,G22199,그 외 기타 상품 전문 소매업,G47859,그 외 기타 분류 안된 상품 전문 소매업,41,경기도,41196,부천시 오정구,41196520,원종1동,4119610400,원종동,4119610400101620001,1,대지,162,1,경기도 부천시 오정구 원종동 162-1,411964358239,경기도 부천시 오정구 소사로819번길,10,,4119910400101620001035896,,경기도 부천시 오정구 소사로819번길 10,421818,14425,,,,126.804368495375,37.5295159240467
MA010120220802046250,경희약초마을,,G2,소매,G221,기타 상품 소매,G22199,그 외 기타 상품 전문 소매업,G47859,그 외 기타 분류 안된 상품 전문 소매업,41,경기도,41196,부천시 오정구,41196550,고강1동,4119610500,고강동,4119610500103200000,1,대지,320,,경기도 부천시 오정구 고강동 320,411964358022,경기도 부천시 오정구 고강로92번길,49,,4119910500103200000021250,,경기도 부천시 오정구 고강로92번길 49,421801,14416,,1,,126.814463690555,37.5280455643291
MA010120220802002892,보이명차,,G2,소매,G221,기타 상품 소매,G22199,그 외 기타 상품 전문 소매업,G47859,그 외 기타 분류 안된 상품 전문 소매업,28,인천광역시,28110,중구,28110615,개항동,2811013900,북성동2가,2811013900100100027,1,대지,10,27,인천광역시 중구 북성동2가 10-27,281104247363,인천광역시 중구 차이나타운로52번길,6,,2811013900100100027162819,,인천광역시 중구 차이나타운로52번길 6,400202,22312,,,,126.618314358512,37.4750822270948
MA010120220802005807,홍농종묘농약사,,G2,소매,G221,기타 상품 소매,G22199,그 외 기타 상품 전문 소매업,G47859,그 외 기타 분류 안된 상품 전문 소매업,41,경기도,41194,부천시 소사구,41194510,심곡본1동,4119410200,심곡본동,4119410200106650014,1,대지,665,14,경기도 부천시 소사구 심곡본동 665-14,411944355028,경기도 부천시 소사구 경인로216번길,20,,4119710200106650014037535,,경기도 부천시 소사구 경인로216번길 20,422825,14712,,,,126.779278237259,37.4824483261622
MA010120220802008577,불교세상,,G2,소매,G221,기타 상품 소매,G22199,그 외 기타 상품 전문 소매업,G47859,그 외 기타 분류 안된 상품 전문 소매업,41,경기도,41194,부천시 소사구,41194510,심곡본1동,4119410200,심곡본동,4119410200106600000,1,대지,660,,경기도 부천시 소사구 심곡본동 660,411944355027,경기도 부천시 소사구 경인로206번길,37,,4119710200106600000009580,,경기도 부천시 소사구 경인로206번길 37,422825,14712,,,,126.778058843243,37.4818784074261
MA010120220802011913,봉황폐백,,G2,소매,G221,기타 상품 소매,G22199,그 외 기타 상품 전문 소매업,G47859,그 외 기타 분류 안된 상품 전문 소매업,41,경기도,41192,부천시 원미구,41192690,상2동,4119210900,상동,4119210900106120006,1,대지,612,6,경기도 부천시 원미구 상동 612-6,411924352243,경기도 부천시 원미구 상이로21번길,7,11,4119510900106120006034845,,경기도 부천시 원미구 상이로21번길 7-11,420867,14593,,,,126.743670836175,37.4902061823974
MA010120220802012027,골든농산,,G2,소매,G221,기타 상품 소매,G22199,그 외 기타 상품 전문 소매업,G47859,그 외 기타 분류 안된 상품 전문 소매업,41,경기도,41390,시흥시,41390520,신천동,4139010200,신천동,4139010200107390000,1,대지,739,,경기도 시흥시 신천동 739,413904397307,경기도 시흥시 삼미시장2길,30,,4139010200107390000007826,고려상가,경기도 시흥시 삼미시장2길 30,429830,14948,,,,126.783074039295,37.4404862955646
MA010120220802032256,미래총포사,,G2,소매,G221,기타 상품 소매,G22199,그 외 기타 상품 전문 소매업,G47859,그 외 기타 분류 안된 상품 전문 소매업,41,경기도,41192,부천시 원미구,41192530,심곡3동,4119210200,심곡동,4119210200103080019,1,대지,308,19,경기도 부천시 원미구 심곡동 308-19,411924352449,경기도 부천시 원미구 장말로271번길,12,14,4119510200103080019010808,,경기도 부천시 원미구 장말로271번길 12-14,420825,14611,,,,126.772646867569,37.4918512669691
MA010120220802043559,디자인스킨송도스트리트점,,G2,소매,G221,기타 상품 소매,G22199,그 외 기타 상품 전문 소매업,G47859,그 외 기타 분류 안된 상품 전문 소매업,28,인천광역시,28185,연수구,28185840,송도3동,2818510600,송도동,2818510600101700001,1,대지,170,1,인천광역시 연수구 송도동 170-1,281854256367,인천광역시 연수구 송도과학로16번길,33,1,2818510600101700001000001,송도트리플스트리트,인천광역시 연수구 송도과학로16번길 33-1,406083,21984,,2,,126.659495474169,37.3810702487413
MA010120220802021939,유한돌풀원,,G2,소매,G221,기타 상품 소매,G22199,그 외 기타 상품 전문 소매업,G47859,그 외 기타 분류 안된 상품 전문 소매업,41,경기도,41196,부천시 오정구,41196510,성곡동,4119610200,여월동,4119610200100890018,1,대지,89,18,경기도 부천시 오정구 여월동 89-18,411963012096,경기도 부천시 오정구 소사로,597,,4119011800100890018000001,,경기도 부천시 오정구 소사로 597,421813,14485,,,,126.798648182086,37.5110898377758
MA010120220802025229,예뜰공방,,G2,소매,G221,기타 상품 소매,G22199,그 외 기타 상품 전문 소매업,G47859,그 외 기타 분류 안된 상품 전문 소매업,41,경기도,41194,부천시 소사구,41194550,범박동,4119410300,범박동,4119410300101550002,1,대지,155,2,경기도 부천시 소사구 범박동 155-2,411943000027,경기도 부천시 소사구 범안로,117,,4119710300101550002035608,현대리치모아,경기도 부천시 소사구 범안로 117,422804,14782,,,,126.809585013589,37.4712114213271
MA010120220802047160,항덕,,G2,소매,G221,기타 상품 소매,G22199,그 외 기타 상품 전문 소매업,G47859,그 외 기타 분류 안된 상품 전문 소매업,41,경기도,41192,부천시 원미구,41192520,심곡2동,4119210200,심곡동,4119210200104630011,1,대지,463,11,경기도 부천시 원미구 심곡동 463-11,411923185020,경기도 부천시 원미구 신흥로,30,,4119510200104630011005014,,경기도 부천시 원미구 신흥로 30,420829,14636,,1,,126.776994062422,37.4863544061327
MA010120220802036985,중동전기철물,,G2,소매,G221,기타 상품 소매,G22199,그 외 기타 상품 전문 소매업,G47859,그 외 기타 분류 안된 상품 전문 소매업,41,경기도,41192,부천시 원미구,41192630,중1동,4119210800,중동,4119210800111290001,1,대지,1129,1,경기도 부천시 원미구 중동 1129-1,411924352476,경기도 부천시 원미구 조마루로291번길,25,,4119510800111290001045236,센터프라자,경기도 부천시 원미구 조마루로291번길 25,420852,14580,,1,,126.775611815305,37.4986324935094
MA010120220802040711,일진케미칼,,G2,소매,G221,기타 상품 소매,G22199,그 외 기타 상품 전문 소매업,G47859,그 외 기타 분류 안된 상품 전문 소매업,41,경기도,41196,부천시 오정구,41196570,신흥동,4119610800,내동,4119610800101490000,1,대지,149,,경기도 부천시 오정구 내동 149,411964358337,경기도 부천시 오정구 옥산로269번길,27,,4119910800101490000047250,일부,경기도 부천시 오정구 옥산로269번길 27,421806,14491,,1,,126.778859918991,37.5169560131018
MA010120220802047588,무통약손,,G2,소매,G221,기타 상품 소매,G22199,그 외 기타 상품 전문 소매업,G47859,그 외 기타 분류 안된 상품 전문 소매업,41,경기도,41192,부천시 원미구,41192550,원미2동,4119210100,원미동,4119210100101810012,1,대지,181,12,경기도 부천시 원미구 원미동 181-12,411924352501,경기도 부천시 원미구 조종로50번길,41,2,4119510100101810012002745,일부,경기도 부천시 원미구 조종로50번길 41-2,420840,14572,,1,,126.789871250352,37.4908740317439
MA010120220802022926,나만의행복풍선,,G2,소매,G221,기타 상품 소매,G22199,그 외 기타 상품 전문 소매업,G47859,그 외 기타 분류 안된 상품 전문 소매업,41,경기도,41192,부천시 원미구,41192670,상동,4119210900,상동,4119210900104200006,1,대지,420,6,경기도 부천시 원미구 상동 420-6,411923184014,경기도 부천시 원미구 장말로,164,,4119510900104200006030346,,경기도 부천시 원미구 장말로 164,420815,14601,,,,126.760068134672,37.4932770089159
MA010120220802041674,홈헌터,,G2,소매,G221,기타 상품 소매,G22199,그 외 기타 상품 전문 소매업,G47859,그 외 기타 분류 안된 상품 전문 소매업,41,경기도,41194,부천시 소사구,41194580,역곡3동,4119410400,괴안동,4119410400102540003,1,대지,254,3,경기도 부천시 소사구 괴안동 254-3,411944558436,경기도 부천시 소사구 양지로40번길,17,,4119710400102540003000001,이은프라자,경기도 부천시 소사구 양지로40번길 17,422090,14781,,,,126.812622962592,37.4769376838126
MA010120220802100268,큐피드선물의집,,G2,소매,G221,기타 상품 소매,G22199,그 외 기타 상품 전문 소매업,G47859,그 외 기타 분류 안된 상품 전문 소매업,28,인천광역시,28177,미추홀구,28177620,주안1동,2817710500,주안동,2817710500102350000,1,대지,235,,인천광역시 미추홀구 주안동 235,281773008014,인천광역시 미추홀구 주안로,86,,2817010600102340000000001,주안역지하상가,인천광역시 미추홀구 주안로 86,402835,22136,,,,126.680153793568,37.4644086690514
MA010120220802089713,화신한약방,,G2,소매,G221,기타 상품 소매,G22199,그 외 기타 상품 전문 소매업,G47859,그 외 기타 분류 안된 상품 전문 소매업,28,인천광역시,28177,미추홀구,28177600,도화1동,2817710400,도화동,2817710400104420002,1,대지,442,2,인천광역시 미추홀구 도화동 442-2,281773151017,인천광역시 미추홀구 제일로,45,,2817010500104420002009339,,인천광역시 미추홀구 제일로 45,402809,22138,,,,126.675463789073,37.4589537923326
MA010120220802103534,미래상사,,G2,소매,G221,기타 상품 소매,G22199,그 외 기타 상품 전문 소매업,G47859,그 외 기타 분류 안된 상품 전문 소매업,28,인천광역시,28200,남동구,28200551,간석4동,2820010200,간석동,2820010200103880014,1,대지,388,14,인천광역시 남동구 간석동 388-14,282004259697,인천광역시 남동구 주안로255번길,17,,2820010200103880014003469,,인천광역시 남동구 주안로255번길 17,405806,21506,,,,126.698387828556,37.4640601717426
MA010120220802089905,은성유통,,G2,소매,G221,기타 상품 소매,G22199,그 외 기타 상품 전문 소매업,G47859,그 외 기타 분류 안된 상품 전문 소매업,28,인천광역시,28200,남동구,28200522,구월4동,2820010100,구월동,2820010100112860003,1,대지,1286,3,인천광역시 남동구 구월동 1286-3,282002008004,인천광역시 남동구 인주대로,744,,2820010100112860003006695,,인천광역시 남동구 인주대로 744,405839,21588,,1,,126.719831182772,37.4487507370903
MA010120220802103698,리얼래쉬,코리아,G2,소매,G221,기타 상품 소매,G22199,그 외 기타 상품 전문 소매업,G47859,그 외 기타 분류 안된 상품 전문 소매업,11,서울특별시,11680,강남구,11680650,역삼2동,1168010100,역삼동,1168010100107080023,1,대지,708,23,서울특별시 강남구 역삼동 708-23,116804166497,서울특별시 강남구 선릉로89길,11,,1168010100107080023022913,,서울특별시 강남구 선릉로89길 11,135919,06212,,2,,127.048438418112,37.5033046580042
MA010120220802076456,가나다유통,,G2,소매,G221,기타 상품 소매,G22199,그 외 기타 상품 전문 소매업,G47859,그 외 기타 분류 안된 상품 전문 소매업,28,인천광역시,28177,미추홀구,28177520,숭의1.3동,2817710100,숭의동,2817710100101620058,1,대지,162,58,인천광역시 미추홀구 숭의동 162-58,281773000028,인천광역시 미추홀구 경인로,13,1,2817010100101620058076334,,인천광역시 미추홀구 경인로 13-1,402816,22170,,1,,126.644858533058,37.463199627303
MA010120220802079902,시도상사,,G2,소매,G221,기타 상품 소매,G22199,그 외 기타 상품 전문 소매업,G47859,그 외 기타 분류 안된 상품 전문 소매업,28,인천광역시,28110,중구,28110540,신흥동,2811012800,신흥동3가,2811012800100140003,1,대지,14,3,인천광역시 중구 신흥동3가 14-3,281103149063,인천광역시 중구 인중로,46,1,2811012800100140003000001,,인천광역시 중구 인중로 46-1,400103,22329,,,,126.637755780726,37.4640790748676
MA010120220802087298,신라만물사,,G2,소매,G221,기타 상품 소매,G22199,그 외 기타 상품 전문 소매업,G47859,그 외 기타 분류 안된 상품 전문 소매업,28,인천광역시,28200,남동구,28200522,구월4동,2820010100,구월동,2820010100112590007,1,대지,1259,7,인천광역시 남동구 구월동 1259-7,282003153039,인천광역시 남동구 복개서로,79,,2820010100112590007027202,,인천광역시 남동구 복개서로 79,405839,21534,,,,126.724003900186,37.454202660188
MA010120220802098572,인천크린텍스,,G2,소매,G221,기타 상품 소매,G22199,그 외 기타 상품 전문 소매업,G47859,그 외 기타 분류 안된 상품 전문 소매업,28,인천광역시,28185,연수구,28185761,연수1동,2818510300,연수동,2818510300105490002,1,대지,549,2,인천광역시 연수구 연수동 549-2,281854256056,인천광역시 연수구 먼우금로251번길,40,1,2818510300105490002041858,일부,인천광역시 연수구 먼우금로251번길 40-1,406814,21921,,1,,126.67750512535,37.420495196346
MA010120220802101672,미래모,,G2,소매,G221,기타 상품 소매,G22199,그 외 기타 상품 전문 소매업,G47422,의복 액세서리 및 모조 장신구 소매업,28,인천광역시,28200,남동구,28200521,구월3동,2820010100,구월동,2820010100111400015,1,대지,1140,15,인천광역시 남동구 구월동 1140-15,282003008002,인천광역시 남동구 구월남로,163,,2820010100111400015003576,토성프라자,인천광역시 남동구 구월남로 163,405223,21555,,,,126.707665004864,37.4532173131159
MA010120220802062194,신동와인주,중동점,G2,소매,G221,기타 상품 소매,G22199,그 외 기타 상품 전문 소매업,G47221,음료 소매업,41,경기도,41192,부천시 원미구,41192630,중1동,4119210800,중동,4119210800111640000,1,대지,1164,,경기도 부천시 원미구 중동 1164,411923000065,경기도 부천시 원미구 길주로,180,,4119510800111640000008338,현대백화점,경기도 부천시 원미구 길주로 180,420748,14546,,,,126.76209114938,37.5043184025831
MA010120220802085955,대성건재,,G2,소매,G221,기타 상품 소매,G22199,그 외 기타 상품 전문 소매업,G47859,그 외 기타 분류 안된 상품 전문 소매업,28,인천광역시,28237,부평구,28237540,부평4동,2823710100,부평동,2823710100102220016,1,대지,222,16,인천광역시 부평구 부평동 222-16,282374262435,인천광역시 부평구 부흥로334번길,63,,2823710100102220016108357,,인천광역시 부평구 부흥로334번길 63,403820,21391,,,,126.727164940468,37.495602274598
MA010120220802102165,프렌츠,,G2,소매,G221,기타 상품 소매,G22199,그 외 기타 상품 전문 소매업,G47859,그 외 기타 분류 안된 상품 전문 소매업,44,충청남도,44150,공주시,44150570,신관동,4415012000,신관동,4415012000106110015,1,대지,611,15,충청남도 공주시 신관동 611-15,441503251023,충청남도 공주시 신관로,87,,4415012000106110015759670,,충청남도 공주시 신관로 87,314802,32586,,1,,127.134387320658,36.4671178232282
MA010120220802108562,송도농약사,,G2,소매,G221,기타 상품 소매,G22199,그 외 기타 상품 전문 소매업,G47859,그 외 기타 분류 안된 상품 전문 소매업,28,인천광역시,28185,연수구,28185630,옥련1동,2818510100,옥련동,2818510100103160001,1,대지,316,1,인천광역시 연수구 옥련동 316-1,281852000014,인천광역시 연수구 비류대로,220,,2818510100103160001121152,,인천광역시 연수구 비류대로 220,406834,21939,,1,,126.659196396306,37.4271744046308
MA010120220802083321,신화유통,,G2,소매,G221,기타 상품 소매,G22199,그 외 기타 상품 전문 소매업,G47859,그 외 기타 분류 안된 상품 전문 소매업,28,인천광역시,28177,미추홀구,28177640,주안3동,2817710500,주안동,2817710500107220025,1,대지,722,25,인천광역시 미추홀구 주안동 722-25,281774253537,인천광역시 미추홀구 인주대로306번길,1,,2817010600107220025082270,,인천광역시 미추홀구 인주대로306번길 1,402845,22213,,1,,126.670465604216,37.4517679287253
MA010120220802086222,태성사,,G2,소매,G221,기타 상품 소매,G22199,그 외 기타 상품 전문 소매업,G47859,그 외 기타 분류 안된 상품 전문 소매업,28,인천광역시,28200,남동구,28200520,구월2동,2820010100,구월동,2820010100103410005,1,대지,341,5,인천광역시 남동구 구월동 341-5,282003008003,인천광역시 남동구 구월로,263,,2820010100103410005025872,,인천광역시 남동구 구월로 263,405828,21542,,,,126.719815296254,37.4560398749328
MA010120220802075248,영남유통,,G2,소매,G221,기타 상품 소매,G22199,그 외 기타 상품 전문 소매업,G47859,그 외 기타 분류 안된 상품 전문 소매업,28,인천광역시,28177,미추홀구,28177650,주안4동,2817710500,주안동,2817710500115420003,1,대지,1542,3,인천광역시 미추홀구 주안동 1542-3,281773000028,인천광역시 미추홀구 경인로,448,,2817010600115420003000001,,인천광역시 미추홀구 경인로 448,402859,22146,,1,,126.689902985117,37.4575959991244
MA010120220802078898,제물포우표사,,G2,소매,G221,기타 상품 소매,G22199,그 외 기타 상품 전문 소매업,G47859,그 외 기타 분류 안된 상품 전문 소매업,28,인천광역시,28177,미추홀구,28177520,숭의1.3동,2817710100,숭의동,2817710100104500039,1,대지,450,39,인천광역시 미추홀구 숭의동 450-39,281773000028,인천광역시 미추홀구 경인로,129,,2817010500106490019089381,제물포지하상가,인천광역시 미추홀구 경인로 129,402011,22106,,,,126.656891696704,37.4667491061677
MA010120220802079026,성보케미칼,,G2,소매,G221,기타 상품 소매,G22199,그 외 기타 상품 전문 소매업,G47859,그 외 기타 분류 안된 상품 전문 소매업,28,인천광역시,28260,서구,28260720,오류왕길동,2826011900,오류동,2826011900116580016,1,대지,1658,16,인천광역시 서구 오류동 1658-16,282603156176,인천광역시 서구 보듬6로,32,,2826011900116580016000001,,인천광역시 서구 보듬6로 32,404300,22664,,3,,126.615920161873,37.5937265786994
MA010120220802080801,한양만물사,,G2,소매,G221,기타 상품 소매,G22199,그 외 기타 상품 전문 소매업,G47859,그 외 기타 분류 안된 상품 전문 소매업,28,인천광역시,28237,부평구,28237540,부평4동,2823710100,부평동,2823710100102220014,1,대지,222,14,인천광역시 부평구 부평동 222-14,282373154037,인천광역시 부평구 시장로,55,1,2823710100102220014103220,,인천광역시 부평구 시장로 55-1,403820,21391,,,,126.727470228333,37.4956119893029
MA010120220802096391,부라더미싱인천특종미싱,,G2,소매,G221,기타 상품 소매,G22199,그 외 기타 상품 전문 소매업,G47859,그 외 기타 분류 안된 상품 전문 소매업,28,인천광역시,28177,미추홀구,28177640,주안3동,2817710500,주안동,2817710500108010020,1,대지,801,20,인천광역시 미추홀구 주안동 801-20,281773151034,인천광역시 미추홀구 한나루로,492,1,2817010600108010020020246,,인천광역시 미추홀구 한나루로 492-1,402845,22213,,,,126.667452409714,37.4507863982484
MA010120220802105962,모디스,,G2,소매,G221,기타 상품 소매,G22199,그 외 기타 상품 전문 소매업,G47422,의복 액세서리 및 모조 장신구 소매업,28,인천광역시,28200,남동구,28200521,구월3동,2820010100,구월동,2820010100102010028,1,대지,201,28,인천광역시 남동구 구월동 201-28,282004259619,인천광역시 남동구 인주대로610번길,1,,2820010100102010028000702,구월동,인천광역시 남동구 인주대로610번길 1,405223,21571,,2,,126.704616186236,37.4496597513224
MA010120220802079174,고려만물사,,G2,소매,G221,기타 상품 소매,G22199,그 외 기타 상품 전문 소매업,G47859,그 외 기타 분류 안된 상품 전문 소매업,28,인천광역시,28177,미추홀구,28177510,숭의2동,2817710100,숭의동,2817710100102930013,1,대지,293,13,인천광역시 미추홀구 숭의동 293-13,281774253162,인천광역시 미추홀구 독배로432번길,14,,2817010100102930013013677,,인천광역시 미추홀구 독배로432번길 14,402817,22178,,,,126.650058620479,37.4582325680741
MA010120220802106108,마로이벤트데코,,G2,소매,G221,기타 상품 소매,G22199,그 외 기타 상품 전문 소매업,G47859,그 외 기타 분류 안된 상품 전문 소매업,41,경기도,41192,부천시 원미구,41192520,심곡2동,4119210200,심곡동,4119210200101230002,1,대지,123,2,경기도 부천시 원미구 심곡동 123-2,411924352196,경기도 부천시 원미구 부천로86번길,50,,4119510200101230002016715,,경기도 부천시 원미구 부천로86번길 50,420821,14573,,1,,126.786378795556,37.4903181548
MA010120220802054488,국제농약종묘마트,,G2,소매,G221,기타 상품 소매,G22199,그 외 기타 상품 전문 소매업,G47859,그 외 기타 분류 안된 상품 전문 소매업,43,충청북도,43760,괴산군,43760250,괴산읍,4376025021,괴산읍,4376025021102060003,1,대지,206,3,충청북도 괴산군 괴산읍 동부리 206-3,437603246004,충청북도 괴산군 괴산읍 괴강로,59,,4376025021102060001203967,,충청북도 괴산군 괴산읍 괴강로 59,367805,28032,,,,127.800474781692,36.8080129713878
MA010120220802075858,경신몰,,G2,소매,G221,기타 상품 소매,G22199,그 외 기타 상품 전문 소매업,G47859,그 외 기타 분류 안된 상품 전문 소매업,26,부산광역시,26170,동구,26170520,초량2동,2617010100,초량동,2617010100105370000,1,대지,537,,부산광역시 동구 초량동 537,261704181411,부산광역시 동구 중앙대로195번가길,7,,2617010100105370000015211,일부,부산광역시 동구 중앙대로195번가길 7,601829,48816,,3,,129.038153784898,35.1154444167227
MA010120220802106252,불심마을,,G2,소매,G221,기타 상품 소매,G22199,그 외 기타 상품 전문 소매업,G47859,그 외 기타 분류 안된 상품 전문 소매업,28,인천광역시,28200,남동구,28200550,간석3동,2820010200,간석동,2820010200100060015,1,대지,6,15,인천광역시 남동구 간석동 6-15,282003153078,인천광역시 남동구 풀무로,40,1,2820010200100060015022691,,인천광역시 남동구 풀무로 40-1,405800,21509,,1,,126.710997212158,37.4713177669672
MA010120220800015161,다감,,G2,소매,G221,기타 상품 소매,G22199,그 외 기타 상품 전문 소매업,G47859,그 외 기타 분류 안된 상품 전문 소매업,41,경기도,41192,부천시 원미구,41192510,심곡1동,4119210200,심곡동,4119210200103490010,1,대지,349,10,경기도 부천시 원미구 심곡동 349-10,411924352182,경기도 부천시 원미구 부천로39번길,8,,4119510200103490010014540,동아빌딩,경기도 부천시 원미구 부천로39번길 8,420824,14633,,6,,126.783196508547,37.4880958828796
MA010120220800015315,이화불교사,,G2,소매,G221,기타 상품 소매,G22199,그 외 기타 상품 전문 소매업,G47859,그 외 기타 분류 안된 상품 전문 소매업,11,서울특별시,11110,종로구,11110615,종로1.2.3.4가동,1111012900,견지동,1111012900100550002,1,대지,55,2,서울특별시 종로구 견지동 55-2,111103100009,서울특별시 종로구 우정국로,49,,1111012900100550002017214,,서울특별시 종로구 우정국로 49,110170,03144,,,,126.982748233979,37.573429168454
MA010120220800026332,인사동액자,,G2,소매,G221,기타 상품 소매,G22199,그 외 기타 상품 전문 소매업,G47859,그 외 기타 분류 안된 상품 전문 소매업,46,전라남도,46130,여수시,46130570,중앙동,4613010700,중앙동,4613010700104700000,1,대지,470,,전라남도 여수시 중앙동 470,461303282020,전라남도 여수시 동문로,10,8,4613010700104700000059013,,전라남도 여수시 동문로 10-8,550060,59737,,,,127.73675183191,34.7405304358834
MA010120220800000887,보혁사,,G2,소매,G221,기타 상품 소매,G22199,그 외 기타 상품 전문 소매업,G47859,그 외 기타 분류 안된 상품 전문 소매업,11,서울특별시,11110,종로구,11110615,종로1.2.3.4가동,1111015100,묘동,1111015100100240002,1,대지,24,2,서울특별시 종로구 묘동 24-2,111104100058,서울특별시 종로구 돈화문로6가길,37,,1111015100100240002000001,,서울특별시 종로구 돈화문로6가길 37,110370,03138,,1,,126.99212134974,37.5723940218829
MA010120220800007879,제일종묘사,,G2,소매,G221,기타 상품 소매,G22199,그 외 기타 상품 전문 소매업,G47859,그 외 기타 분류 안된 상품 전문 소매업,11,서울특별시,11110,종로구,11110630,종로5.6가동,1111016400,종로6가,1111016400102470001,1,대지,247,1,서울특별시 종로구 종로6가 247-1,111104100338,서울특별시 종로구 종로41길,3,,1111016400102470001012619,,서울특별시 종로구 종로41길 3,110126,03125,,,,127.006542818542,37.5714390486438
MA010120220800040838,중앙기획,,G2,소매,G221,기타 상품 소매,G22199,그 외 기타 상품 전문 소매업,G47859,그 외 기타 분류 안된 상품 전문 소매업,11,서울특별시,11110,종로구,11110615,종로1.2.3.4가동,1111013700,낙원동,1111013700100740000,1,대지,74,,서울특별시 종로구 낙원동 74,111104100144,서울특별시 종로구 삼일대로28길,4,5,1111013700100740000016719,,서울특별시 종로구 삼일대로28길 4-5,110320,03133,,,,126.988419605843,37.5732766918817
MA010120220800030543,모디돌,,G2,소매,G221,기타 상품 소매,G22199,그 외 기타 상품 전문 소매업,G47859,그 외 기타 분류 안된 상품 전문 소매업,11,서울특별시,11410,서대문구,11410700,남가좌2동,1141012000,남가좌동,1141012000103320006,1,대지,332,6,서울특별시 서대문구 남가좌동 332-6,114104136005,서울특별시 서대문구 가재울로2안길,6,6,1141012000103320006006256,,서울특별시 서대문구 가재울로2안길 6-6,120806,03693,,,,126.923022997239,37.5740360286608
MA010120220800034202,조은유통,,G2,소매,G221,기타 상품 소매,G22199,그 외 기타 상품 전문 소매업,G47859,그 외 기타 분류 안된 상품 전문 소매업,11,서울특별시,11110,종로구,11110615,종로1.2.3.4가동,1111015600,종로3가,1111015600101410000,1,대지,141,,서울특별시 종로구 종로3가 141,111103100013,서울특별시 종로구 종로,136,,1111015600101410000016912,,서울특별시 종로구 종로 136,110123,03193,,2,,126.992608322699,37.5701956250441
MA010120220800008362,명우인더스트리,,G2,소매,G221,기타 상품 소매,G22199,그 외 기타 상품 전문 소매업,G47859,그 외 기타 분류 안된 상품 전문 소매업,41,경기도,41210,광명시,41210650,소하2동,4121010400,소하동,4121010400109390009,1,대지,939,9,경기도 광명시 소하동 939-9,412103187046,경기도 광명시 영당로,11,,4121010400109390009011876,진도빌딩,경기도 광명시 영당로 11,423825,14333,,1,,126.878037489468,37.434531569791
MA010120220800016399,불심원,,G2,소매,G221,기타 상품 소매,G22199,그 외 기타 상품 전문 소매업,G47859,그 외 기타 분류 안된 상품 전문 소매업,11,서울특별시,11110,종로구,11110615,종로1.2.3.4가동,1111012900,견지동,1111012900100740008,1,대지,74,8,서울특별시 종로구 견지동 74-8,111103100009,서울특별시 종로구 우정국로,58,,1111012900100740008017900,,서울특별시 종로구 우정국로 58,110170,03145,,,,126.98317823195,37.5741590363199
MA010120220800019565,한일미싱,,G2,소매,G221,기타 상품 소매,G22199,그 외 기타 상품 전문 소매업,G47859,그 외 기타 분류 안된 상품 전문 소매업,11,서울특별시,11110,종로구,11110680,창신2동,1111017400,창신동,1111017400106510001,1,대지,651,1,서울특별시 종로구 창신동 651-1,111104100453,서울특별시 종로구 창신길,41,,1111017400106510001003975,,서울특별시 종로구 창신길 41,110843,03101,,,,127.010561626796,37.5735290659919
MA010120220800023727,빵파레,,G2,소매,G221,기타 상품 소매,G22199,그 외 기타 상품 전문 소매업,G47859,그 외 기타 분류 안된 상품 전문 소매업,11,서울특별시,11110,종로구,11110670,창신1동,1111017400,창신동,1111017400103450001,1,대지,345,1,서울특별시 종로구 창신동 345-1,111103100013,서울특별시 종로구 종로,322,13,1111017400103450001006293,,서울특별시 종로구 종로 322-13,110841,03121,,,,127.013730899386,37.5716366503754
MA010120220800030999,영광케미칼,,G2,소매,G221,기타 상품 소매,G22199,그 외 기타 상품 전문 소매업,G47859,그 외 기타 분류 안된 상품 전문 소매업,11,서울특별시,11110,종로구,11110615,종로1.2.3.4가동,1111015400,장사동,1111015400101050001,1,대지,105,1,서울특별시 종로구 장사동 105-1,111104100316,서울특별시 종로구 종로26길,12,,1111015400101050001016140,,서울특별시 종로구 종로26길 12,110430,03193,,,,126.994725101431,37.5699164300244
MA010120220800005245,성림표구사,,G2,소매,G221,기타 상품 소매,G22199,그 외 기타 상품 전문 소매업,G47859,그 외 기타 분류 안된 상품 전문 소매업,11,서울특별시,11110,종로구,11110615,종로1.2.3.4가동,1111013600,인사동,1111013600101860000,1,대지,186,,서울특별시 종로구 인사동 186,111104100254,서울특별시 종로구 인사동5길,10,,1111013600101860000017519,,서울특별시 종로구 인사동5길 10,110290,03149,,지,,126.98565759725,37.5728619309598
MA010120220800001817,일광양행,,G2,소매,G221,기타 상품 소매,G22199,그 외 기타 상품 전문 소매업,G47859,그 외 기타 분류 안된 상품 전문 소매업,11,서울특별시,11110,종로구,11110615,종로1.2.3.4가동,1111013600,인사동,1111013600102500000,1,대지,250,,서울특별시 종로구 인사동 250,111103100009,서울특별시 종로구 우정국로,26,,1111012700100050001014286,,서울특별시 종로구 우정국로 26,110290,03161,,,,126.983552366142,37.5715732334731
MA010120220800028030,신만물사,,G2,소매,G221,기타 상품 소매,G22199,그 외 기타 상품 전문 소매업,G47422,의복 액세서리 및 모조 장신구 소매업,11,서울특별시,11110,종로구,11110710,숭인2동,1111017500,숭인동,1111017500102060006,1,대지,206,6,서울특별시 종로구 숭인동 206-6,111104100027,서울특별시 종로구 난계로25길,46,,1111017500102060006001116,신설종합시장,서울특별시 종로구 난계로25길 46,110825,03117,,,,127.020534322458,37.5724825984193
MA010120220800028075,에스엠소방,,G2,소매,G221,기타 상품 소매,G22199,그 외 기타 상품 전문 소매업,G47859,그 외 기타 분류 안된 상품 전문 소매업,11,서울특별시,11140,중구,11140605,을지로동,1114015500,을지로3가,1114015500100950013,1,대지,95,13,서울특별시 중구 을지로3가 95-13,111404103232,서울특별시 중구 을지로11길,14,,1114015500100950013012504,,서울특별시 중구 을지로11길 14,100846,04543,,,,126.990956045037,37.5670600452524
MA010120220800002000,여래사,,G2,소매,G221,기타 상품 소매,G22199,그 외 기타 상품 전문 소매업,G47859,그 외 기타 분류 안된 상품 전문 소매업,11,서울특별시,11305,강북구,11305660,인수동,1130510300,수유동,1130510300104100181,1,대지,410,181,서울특별시 강북구 수유동 410-181,113053108005,서울특별시 강북구 인수봉로,204,,1130510300104100181003649,,서울특별시 강북구 인수봉로 204,142884,01085,,,,127.013550448844,37.6377423151205
MA010120220800005613,대승사,,G2,소매,G221,기타 상품 소매,G22199,그 외 기타 상품 전문 소매업,G47859,그 외 기타 분류 안된 상품 전문 소매업,11,서울특별시,11110,종로구,11110615,종로1.2.3.4가동,1111012800,관훈동,1111012800101770000,1,대지,177,,서울특별시 종로구 관훈동 177,111104100247,서울특별시 종로구 인사동11길,16,,1111012800101770000014058,동일빌딩,서울특별시 종로구 인사동11길 16,110300,03145,,1,,126.983880126942,37.5739519054477
MA010120220800013308,불심원,,G2,소매,G221,기타 상품 소매,G22199,그 외 기타 상품 전문 소매업,G47859,그 외 기타 분류 안된 상품 전문 소매업,11,서울특별시,11110,종로구,11110615,종로1.2.3.4가동,1111012900,견지동,1111012900100740008,1,대지,74,8,서울특별시 종로구 견지동 74-8,111103100009,서울특별시 종로구 우정국로,58,,1111012900100740008017900,대불광빌딩,서울특별시 종로구 우정국로 58,110170,03145,,1,,126.98317823195,37.5741590363199
MA010120220800020391,제일잡화,,G2,소매,G221,기타 상품 소매,G22199,그 외 기타 상품 전문 소매업,G47859,그 외 기타 분류 안된 상품 전문 소매업,11,서울특별시,11110,종로구,11110670,창신1동,1111017400,창신동,1111017400103950008,1,대지,395,8,서울특별시 종로구 창신동 395-8,111103005007,서울특별시 종로구 지봉로,10,,1111017400103950008005485,,서울특별시 종로구 지봉로 10,110841,03118,,,,127.016028638051,37.5708074451613
MA010120220800051030,미쁜제과팰리스,,G2,소매,G221,기타 상품 소매,G22199,그 외 기타 상품 전문 소매업,G47859,그 외 기타 분류 안된 상품 전문 소매업,50,제주특별자치도,50110,제주시,50110580,용담2동,5011011000,용담삼동,5011011000123940000,1,대지,2394,,제주특별자치도 제주시 용담삼동 2394,501103349093,제주특별자치도 제주시 서해안로,456,,5011011000123940000066740,,제주특별자치도 제주시 서해안로 456,690823,63114,,,,126.48820275601,33.5178269477736
MA010120220800024628,오데뜨,,G2,소매,G221,기타 상품 소매,G22199,그 외 기타 상품 전문 소매업,G47859,그 외 기타 분류 안된 상품 전문 소매업,11,서울특별시,11110,종로구,11110670,창신1동,1111017400,창신동,1111017400103880000,1,대지,388,,서울특별시 종로구 창신동 388,111104100353,서울특별시 종로구 종로52길,15,,1111017400103870002006255,,서울특별시 종로구 종로52길 15,110841,03121,,1,,127.013346037955,37.5716997641721
MA010120220800010252,동인당인삼원,,G2,소매,G221,기타 상품 소매,G22199,그 외 기타 상품 전문 소매업,G47859,그 외 기타 분류 안된 상품 전문 소매업,11,서울특별시,11110,종로구,11110630,종로5.6가동,1111016400,종로6가,1111016400102410007,1,대지,241,7,서울특별시 종로구 종로6가 241-7,111104100338,서울특별시 종로구 종로41길,33,,1111016400102410007012256,,서울특별시 종로구 종로41길 33,110126,03125,,,,127.006180686149,37.572646401599
MA010120220800021096,성불사,,G2,소매,G221,기타 상품 소매,G22199,그 외 기타 상품 전문 소매업,G47859,그 외 기타 분류 안된 상품 전문 소매업,11,서울특별시,11110,종로구,11110615,종로1.2.3.4가동,1111012900,견지동,1111012900100500002,1,대지,50,2,서울특별시 종로구 견지동 50-2,111103100009,서울특별시 종로구 우정국로,53,,1111012900100500002000001,,서울특별시 종로구 우정국로 53,110170,03144,,,,126.982736834891,37.5737715448335
MA010120220800032043,아람씨앗,,G2,소매,G221,기타 상품 소매,G22199,그 외 기타 상품 전문 소매업,G47859,그 외 기타 분류 안된 상품 전문 소매업,11,서울특별시,11110,종로구,11110630,종로5.6가동,1111016400,종로6가,1111016400101260001,1,대지,126,1,서울특별시 종로구 종로6가 126-1,111104100338,서울특별시 종로구 종로41길,2,,1111016400101260001012044,,서울특별시 종로구 종로41길 2,110126,03124,,,,127.006893723479,37.5713579391063
MA010120220800021522,인산란제리성인용품,,G2,소매,G221,기타 상품 소매,G22199,그 외 기타 상품 전문 소매업,G47859,그 외 기타 분류 안된 상품 전문 소매업,11,서울특별시,11110,종로구,11110670,창신1동,1111017400,창신동,1111017400104460005,1,대지,446,5,서울특별시 종로구 창신동 446-5,111104100341,서울특별시 종로구 종로44길,8,,1111017400104460005005319,하나빌딩,서울특별시 종로구 종로44길 8,110842,03119,,2,,127.010719703581,37.5707089371103
MA010120220800039247,스위트러브,,G2,소매,G221,기타 상품 소매,G22199,그 외 기타 상품 전문 소매업,G47422,의복 액세서리 및 모조 장신구 소매업,11,서울특별시,11380,은평구,11380530,불광2동,1138010300,불광동,1138010300104470077,1,대지,447,77,서울특별시 은평구 불광동 447-77,113804133175,서울특별시 은평구 연서로41가길,16,,1138010300104470077035018,,서울특별시 은평구 연서로41가길 16,122868,03339,,1,,126.925756163542,37.6259708792307
MA010120220800043500,고릴라,,G2,소매,G221,기타 상품 소매,G22199,그 외 기타 상품 전문 소매업,G47859,그 외 기타 분류 안된 상품 전문 소매업,11,서울특별시,11500,강서구,11500530,등촌2동,1150010200,등촌동,1150010200105060013,1,대지,506,13,서울특별시 강서구 등촌동 506-13,115003005064,서울특별시 강서구 등촌로,231,,1150010200105060013025542,,서울특별시 강서구 등촌로 231,157836,07665,,2,,126.863725826129,37.5504214269716
MA010120220800011007,백련의상만물사,,G2,소매,G221,기타 상품 소매,G22199,그 외 기타 상품 전문 소매업,G47859,그 외 기타 분류 안된 상품 전문 소매업,11,서울특별시,11110,종로구,11110615,종로1.2.3.4가동,1111013000,와룡동,1111013000101650000,1,대지,165,,서울특별시 종로구 와룡동 165,111103100003,서울특별시 종로구 돈화문로,69,2,1111013000101650000014568,,서울특별시 종로구 돈화문로 69-2,110360,03132,,,,126.990728711674,37.5747365073902
MA010120220800025706,이화기획,,G2,소매,G221,기타 상품 소매,G22199,그 외 기타 상품 전문 소매업,G47859,그 외 기타 분류 안된 상품 전문 소매업,11,서울특별시,11110,종로구,11110615,종로1.2.3.4가동,1111012900,견지동,1111012900100550002,1,대지,55,2,서울특별시 종로구 견지동 55-2,111103100009,서울특별시 종로구 우정국로,49,,1111012900100550002017214,,서울특별시 종로구 우정국로 49,110170,03144,,2,,126.982748233979,37.573429168454
MA010120220800040015,다향정,,G2,소매,G221,기타 상품 소매,G22199,그 외 기타 상품 전문 소매업,G47859,그 외 기타 분류 안된 상품 전문 소매업,11,서울특별시,11110,종로구,11110615,종로1.2.3.4가동,1111012900,견지동,1111012900100550002,1,대지,55,2,서울특별시 종로구 견지동 55-2,111103100009,서울특별시 종로구 우정국로,49,,1111012900100550002017214,,서울특별시 종로구 우정국로 49,110170,03144,,,,126.982748233979,37.573429168454
MA010120220800085632,관찰스쿨,,G2,소매,G221,기타 상품 소매,G22199,그 외 기타 상품 전문 소매업,G47859,그 외 기타 분류 안된 상품 전문 소매업,41,경기도,41390,시흥시,41390520,신천동,4139010200,신천동,4139010200107500020,1,대지,750,20,경기도 시흥시 신천동 750-20,413904397405,경기도 시흥시 신천1길,27,3,4139010200107500020007317,,경기도 시흥시 신천1길 27-3,429830,14947,,지,,126.779348267884,37.4393891726024
MA010120220800056853,알파안전물산,,G2,소매,G221,기타 상품 소매,G22199,그 외 기타 상품 전문 소매업,G47859,그 외 기타 분류 안된 상품 전문 소매업,52,전북특별자치도,52130,군산시,52130530,월명동,5213012000,장미동,5213012000100020058,1,대지,2,58,전북특별자치도 군산시 장미동 2-58,521303268095,전북특별자치도 군산시 죽성로,9,6,4513012000100020060021406,,전북특별자치도 군산시 죽성로 9-6,573060,54026,,2,,126.714389453433,35.9868746663493
MA010120220800056881,행복회로,성남점,G2,소매,G221,기타 상품 소매,G22199,그 외 기타 상품 전문 소매업,G47859,그 외 기타 분류 안된 상품 전문 소매업,41,경기도,41133,성남시 중원구,41133510,성남동,4113310100,성남동,4113310100137220000,1,대지,3722,,경기도 성남시 중원구 성남동 3722,411334337420,경기도 성남시 중원구 제일로35번길,14,,4113310100137220000005651,,경기도 성남시 중원구 제일로35번길 14,462828,13368,,2,,127.135378947268,37.4307056687287
MA010120220800080970,유성상사,,G2,소매,G221,기타 상품 소매,G22199,그 외 기타 상품 전문 소매업,G47859,그 외 기타 분류 안된 상품 전문 소매업,30,대전광역시,30200,유성구,30200530,온천1동,3020011100,봉명동,3020011100105350005,1,대지,535,5,대전광역시 유성구 봉명동 535-5,302003167083,대전광역시 유성구 대학로,31,,3020011100105350005013434,,대전광역시 유성구 대학로 31,305301,34168,,,,127.341904030489,36.3565991806009
MA010120220800094730,불향원,,G2,소매,G221,기타 상품 소매,G22199,그 외 기타 상품 전문 소매업,G47859,그 외 기타 분류 안된 상품 전문 소매업,46,전라남도,46870,영광군,46870330,불갑면,4687033026,불갑면,4687033026100080000,1,대지,8,,전라남도 영광군 불갑면 모악리 8,468703298024,전라남도 영광군 불갑면 불갑사로,450,,4687033026100070001006731,,전라남도 영광군 불갑면 불갑사로 450,513832,57058,,,,126.550052461234,35.1996745538491
MA010120220800095036,세젤예뷰티,,G2,소매,G221,기타 상품 소매,G22199,그 외 기타 상품 전문 소매업,G47859,그 외 기타 분류 안된 상품 전문 소매업,11,서울특별시,11500,강서구,11500603,가양1동,1150010500,마곡동,1150010500107740004,1,대지,774,4,서울특별시 강서구 마곡동 774-4,115002005007,서울특별시 강서구 공항대로,227,,1150010500107740004000001,마곡센트럴타워,서울특별시 강서구 공항대로 227,157805,07802,,,,126.832686603304,37.5595987211916
MA010120220800057978,유기농특별시,,G2,소매,G221,기타 상품 소매,G22199,그 외 기타 상품 전문 소매업,G47859,그 외 기타 분류 안된 상품 전문 소매업,29,광주광역시,29140,서구,29140830,풍암동,2914012800,풍암동,2914012800108840006,1,대지,884,6,광주광역시 서구 풍암동 884-6,291404280463,광주광역시 서구 풍암신흥안길,3,11,2914012800108840006025957,신영빌라,광주광역시 서구 풍암신흥안길 3-11,502832,62050,,,,126.863606022714,35.1197079863974
MA010120220800074992,동부방재산업주,,G2,소매,G221,기타 상품 소매,G22199,그 외 기타 상품 전문 소매업,G47859,그 외 기타 분류 안된 상품 전문 소매업,11,서울특별시,11230,동대문구,11230536,용신동,1123010100,신설동,1123010100101000022,1,대지,100,22,서울특별시 동대문구 신설동 100-22,112303100021,서울특별시 동대문구 청계천로,433,,1123010100101000022040020,제,서울특별시 동대문구 청계천로 433,130811,02586,,1,,127.02559399639,37.5715265551196
MA010120220800081580,판다팜합덕점,,G2,소매,G221,기타 상품 소매,G22199,그 외 기타 상품 전문 소매업,G47859,그 외 기타 분류 안된 상품 전문 소매업,44,충청남도,44270,당진시,44270250,합덕읍,4427025021,합덕읍,4427025021103260000,1,대지,326,,충청남도 당진시 합덕읍 운산리 326,442704595232,충청남도 당진시 합덕읍 미락1길,30,,4427025021103260000000001,,충청남도 당진시 합덕읍 미락1길 30,343907,31811,,,,126.76701784122,36.8049459689504
MA010120220800069037,유한책임회사하이모레이디,종로점,G2,소매,G221,기타 상품 소매,G22199,그 외 기타 상품 전문 소매업,G47422,의복 액세서리 및 모조 장신구 소매업,11,서울특별시,11110,종로구,11110615,종로1.2.3.4가동,1111013500,관철동,1111013500100070012,1,대지,7,12,서울특별시 종로구 관철동 7-12,111102100001,서울특별시 종로구 삼일대로,385,1,1111013500100070012015510,동일빌딩,서울특별시 종로구 삼일대로 385-1,110111,03190,,1,,126.98725435795,37.5690779340408
MA010120220800078802,길상원,,G2,소매,G221,기타 상품 소매,G22199,그 외 기타 상품 전문 소매업,G47859,그 외 기타 분류 안된 상품 전문 소매업,11,서울특별시,11110,종로구,11110615,종로1.2.3.4가동,1111012900,견지동,1111012900101100032,1,대지,110,32,서울특별시 종로구 견지동 110-32,111103100009,서울특별시 종로구 우정국로,39,,1111012900101100032017922,견,서울특별시 종로구 우정국로 39,110170,03150,,,,126.982669179412,37.572627271374
MA010120220800095942,삼보원,,G2,소매,G221,기타 상품 소매,G22199,그 외 기타 상품 전문 소매업,G47859,그 외 기타 분류 안된 상품 전문 소매업,11,서울특별시,11110,종로구,11110615,종로1.2.3.4가동,1111012900,견지동,1111012900100500002,1,대지,50,2,서울특별시 종로구 견지동 50-2,111103100009,서울특별시 종로구 우정국로,53,,1111012900100500002000001,,서울특별시 종로구 우정국로 53,110170,03144,,,,126.982736834891,37.5737715448335
MA010120220800095947,불교서적사,,G2,소매,G221,기타 상품 소매,G22199,그 외 기타 상품 전문 소매업,G47859,그 외 기타 분류 안된 상품 전문 소매업,11,서울특별시,11110,종로구,11110615,종로1.2.3.4가동,1111012900,견지동,1111012900100550002,1,대지,55,2,서울특별시 종로구 견지동 55-2,111103100009,서울특별시 종로구 우정국로,49,,1111012900100550002017214,,서울특별시 종로구 우정국로 49,110170,03144,,,,126.982748233979,37.573429168454
MA010120220800095954,대복전,,G2,소매,G221,기타 상품 소매,G22199,그 외 기타 상품 전문 소매업,G47859,그 외 기타 분류 안된 상품 전문 소매업,11,서울특별시,11110,종로구,11110615,종로1.2.3.4가동,1111012900,견지동,1111012900100550002,1,대지,55,2,서울특별시 종로구 견지동 55-2,111103100009,서울특별시 종로구 우정국로,49,,1111012900100550002017214,,서울특별시 종로구 우정국로 49,110170,03144,,,,126.982748233979,37.573429168454
MA010120220800095961,신양불교사,,G2,소매,G221,기타 상품 소매,G22199,그 외 기타 상품 전문 소매업,G47859,그 외 기타 분류 안된 상품 전문 소매업,11,서울특별시,11110,종로구,11110615,종로1.2.3.4가동,1111012900,견지동,1111012900100550002,1,대지,55,2,서울특별시 종로구 견지동 55-2,111103100009,서울특별시 종로구 우정국로,49,,1111012900100550002017214,,서울특별시 종로구 우정국로 49,110170,03144,,,,126.982748233979,37.573429168454
MA010120220800095962,불서보급사,,G2,소매,G221,기타 상품 소매,G22199,그 외 기타 상품 전문 소매업,G47859,그 외 기타 분류 안된 상품 전문 소매업,11,서울특별시,11110,종로구,11110615,종로1.2.3.4가동,1111012900,견지동,1111012900100550002,1,대지,55,2,서울특별시 종로구 견지동 55-2,111103100009,서울특별시 종로구 우정국로,49,,1111012900100550002017214,,서울특별시 종로구 우정국로 49,110170,03144,,,,126.982748233979,37.573429168454
MA010120220800095964,연화불교사,,G2,소매,G221,기타 상품 소매,G22199,그 외 기타 상품 전문 소매업,G47859,그 외 기타 분류 안된 상품 전문 소매업,11,서울특별시,11110,종로구,11110615,종로1.2.3.4가동,1111012900,견지동,1111012900101100037,1,대지,110,37,서울특별시 종로구 견지동 110-37,111103100009,서울특별시 종로구 우정국로,41,,1111012900101100037014789,,서울특별시 종로구 우정국로 41,110170,03150,,2,,126.982804999983,37.5727083807849
MA010120220800095982,태성불교,,G2,소매,G221,기타 상품 소매,G22199,그 외 기타 상품 전문 소매업,G47859,그 외 기타 분류 안된 상품 전문 소매업,11,서울특별시,11110,종로구,11110615,종로1.2.3.4가동,1111012900,견지동,1111012900100500002,1,대지,50,2,서울특별시 종로구 견지동 50-2,111103100009,서울특별시 종로구 우정국로,53,,1111012900100500002000001,,서울특별시 종로구 우정국로 53,110170,03144,,,,126.982736834891,37.5737715448335
MA010120220800055198,재인인삼사,,G2,소매,G221,기타 상품 소매,G22199,그 외 기타 상품 전문 소매업,G47859,그 외 기타 분류 안된 상품 전문 소매업,52,전북특별자치도,52720,진안군,52720250,진안읍,5272025021,진안읍,5272025021104030051,1,대지,403,51,전북특별자치도 진안군 진안읍 군상리 403-51,527203274057,전북특별자치도 진안군 진안읍 진무로,1121,3,4572025021104030051005945,,전북특별자치도 진안군 진안읍 진무로 1121-3,567804,55430,,,,127.431163198846,35.7924294338039
MA010120220800085005,진패키지,,G2,소매,G221,기타 상품 소매,G22199,그 외 기타 상품 전문 소매업,G47859,그 외 기타 분류 안된 상품 전문 소매업,41,경기도,41630,양주시,41630550,회천3동,4163011500,고암동,4163011500103990007,1,대지,399,7,경기도 양주시 고암동 399-7,416304436341,경기도 양주시 청담로116번길,60,,4163011500103990007058608,,경기도 양주시 청담로116번길 60,482010,11480,,,,127.075304350728,37.8121831815347
MA010120220800093882,제이지아트,,G2,소매,G221,기타 상품 소매,G22199,그 외 기타 상품 전문 소매업,G47422,의복 액세서리 및 모조 장신구 소매업,11,서울특별시,11110,종로구,11110630,종로5.6가동,1111016000,연지동,1111016000102750001,1,대지,275,1,서울특별시 종로구 연지동 275-1,111104100037,서울특별시 종로구 대학로1길,10,,1111016000102750002032406,연지드림빌,서울특별시 종로구 대학로1길 10,110470,03129,,,,127.001301772957,37.5715022924371
MA010120220800080060,유나켐,,G2,소매,G221,기타 상품 소매,G22199,그 외 기타 상품 전문 소매업,G47859,그 외 기타 분류 안된 상품 전문 소매업,41,경기도,41273,안산시 단원구,41273545,원곡동,4127310800,원곡동,4127310800109940006,1,대지,994,6,경기도 안산시 단원구 원곡동 994-6,412733191083,경기도 안산시 단원구 풍전로,37,9,4127310800109940006013056,트리플렉스,경기도 안산시 단원구 풍전로 37-9,425850,15431,,3,,126.788663259725,37.325327739093
MA010120220800083162,스타,,G2,소매,G221,기타 상품 소매,G22199,그 외 기타 상품 전문 소매업,G47859,그 외 기타 분류 안된 상품 전문 소매업,11,서울특별시,11260,중랑구,11260580,상봉1동,1126010200,상봉동,1126010200100740010,1,대지,74,10,서울특별시 중랑구 상봉동 74-10,112603005032,서울특별시 중랑구 망우로,367,,1126010200100740010017691,좌측일부,서울특별시 중랑구 망우로 367,131857,02086,,3,,127.093149970267,37.5984683050261
MA010120220800105487,G마린모터스,,G2,소매,G221,기타 상품 소매,G22199,그 외 기타 상품 전문 소매업,G47859,그 외 기타 분류 안된 상품 전문 소매업,41,경기도,41360,남양주시,41360340,수동면,4136034026,수동면,4136034026101090013,1,대지,109,13,경기도 남양주시 수동면 입석리 109-13,413604391218,경기도 남양주시 수동면 남가로1674번길,165,,4136034026101090013000002,,경기도 남양주시 수동면 남가로1674번길 165,472852,12030,,,,127.354616374342,37.6936563392824
MA010120220800124284,수도사,,G2,소매,G221,기타 상품 소매,G22199,그 외 기타 상품 전문 소매업,G47859,그 외 기타 분류 안된 상품 전문 소매업,11,서울특별시,11140,중구,11140520,소공동,1114011700,남대문로4가,1114011700100200010,1,대지,20,10,서울특별시 중구 남대문로4가 20-10,111403101001,서울특별시 중구 남대문로,2,,1114011700100200010020737,,서울특별시 중구 남대문로 2,100070,04528,,1,,126.976243442919,37.5600752794879
MA010120220800138085,신상미싱,,G2,소매,G221,기타 상품 소매,G22199,그 외 기타 상품 전문 소매업,G47859,그 외 기타 분류 안된 상품 전문 소매업,11,서울특별시,11140,중구,11140605,을지로동,1114015200,주교동,1114015200101220003,1,대지,122,3,서울특별시 중구 주교동 122-3,111403005008,서울특별시 중구 창경궁로,64,,1114015200101220003011470,,서울특별시 중구 창경궁로 64,100330,04546,,1,,126.998245516128,37.5681055337354
MA010120220800097430,은하수의전&장례,,G2,소매,G221,기타 상품 소매,G22199,그 외 기타 상품 전문 소매업,G47859,그 외 기타 분류 안된 상품 전문 소매업,48,경상남도,48740,창녕군,48740360,대지면,4874036025,대지면,4874036025100680002,1,대지,68,2,경상남도 창녕군 대지면 효정리 68-2,487404823749,경상남도 창녕군 대지면 효정직교길,107,,4874036025100680002070436,,경상남도 창녕군 대지면 효정직교길 107,635821,50319,,,,128.479460020437,35.5422846668822
MA010120220800111172,미래산업,,G2,소매,G221,기타 상품 소매,G22199,그 외 기타 상품 전문 소매업,G47859,그 외 기타 분류 안된 상품 전문 소매업,41,경기도,41131,성남시 수정구,41131540,태평1동,4113110200,태평동,4113110200155950000,1,대지,5595,,경기도 성남시 수정구 태평동 5595,411313179021,경기도 성남시 수정구 제일로,215,1,4113110200155950000016902,,경기도 성남시 수정구 제일로 215-1,461823,13307,,1,,127.129495088465,37.4453717747025
MA010120220800113939,영석발전,,G2,소매,G221,기타 상품 소매,G22199,그 외 기타 상품 전문 소매업,G47859,그 외 기타 분류 안된 상품 전문 소매업,48,경상남도,48840,남해군,48840380,설천면,4884038024,설천면,4884038024109500002,1,대지,950,2,경상남도 남해군 설천면 금음리 950-2,488404829317,경상남도 남해군 설천면 설천로618번길,24,,4884038024109500002020787,,경상남도 남해군 설천면 설천로618번길 24,668891,52401,,,,127.918380100077,34.9180376286796
MA010120220800116708,남산카페,,G2,소매,G221,기타 상품 소매,G22199,그 외 기타 상품 전문 소매업,G47859,그 외 기타 분류 안된 상품 전문 소매업,11,서울특별시,11140,중구,11140540,회현동,1114011200,남창동,1114011200100500001,1,대지,50,1,서울특별시 중구 남창동 50-1,111404103020,서울특별시 중구 남대문시장4길,16,,1114011200100500009020894,,서울특별시 중구 남대문시장4길 16,100804,04528,,,,126.977205681748,37.5593997214526
MA010120220800116771,성화사,,G2,소매,G221,기타 상품 소매,G22199,그 외 기타 상품 전문 소매업,G47859,그 외 기타 분류 안된 상품 전문 소매업,11,서울특별시,11140,중구,11140520,소공동,1114011100,소공동,1114011100100870001,1,대지,87,1,서울특별시 중구 소공동 87-1,111403101004,서울특별시 중구 소공로,112,,1114011100100870010022241,호,서울특별시 중구 소공로 112,100070,04533,,1,,126.979150942653,37.5645087318978
MA010120220800119311,정구네자연산약초방,,G2,소매,G221,기타 상품 소매,G22199,그 외 기타 상품 전문 소매업,G47859,그 외 기타 분류 안된 상품 전문 소매업,44,충청남도,44131,천안시 동남구,44131540,원성2동,4413110700,원성동,4413110700105570028,1,대지,557,28,충청남도 천안시 동남구 원성동 557-28,441314547570,충청남도 천안시 동남구 원거리11길,21,1,4413110700105570028021811,,충청남도 천안시 동남구 원거리11길 21-1,330954,31186,,1,,127.155318655793,36.8016845729578
MA010120220800142532,러블리엔젤,,G2,소매,G221,기타 상품 소매,G22199,그 외 기타 상품 전문 소매업,G47859,그 외 기타 분류 안된 상품 전문 소매업,29,광주광역시,29140,서구,29140660,농성2동,2914010600,농성동,2914010600106520029,1,대지,652,29,광주광역시 서구 농성동 652-29,291402009001,광주광역시 서구 대남대로,463,,2914010600106520029015014,,광주광역시 서구 대남대로 463,502812,61981,,1,,126.885765886306,35.1512515487296
MA010120220800132847,한국인삼,,G2,소매,G221,기타 상품 소매,G22199,그 외 기타 상품 전문 소매업,G47859,그 외 기타 분류 안된 상품 전문 소매업,11,서울특별시,11140,중구,11140540,회현동,1114011200,남창동,1114011200100500009,1,대지,50,9,서울특별시 중구 남창동 50-9,111404103020,서울특별시 중구 남대문시장4길,22,,1114011200100500009020895,,서울특별시 중구 남대문시장4길 22,100804,04528,,,,126.97717177468,37.5592465454059
MA010120220800112176,대운기통,,G2,소매,G221,기타 상품 소매,G22199,그 외 기타 상품 전문 소매업,G47859,그 외 기타 분류 안된 상품 전문 소매업,47,경상북도,47850,칠곡군,47850256,석적읍,4785025623,석적읍,4785025623113810000,1,대지,1381,,경상북도 칠곡군 석적읍 남율리 1381,478504766597,경상북도 칠곡군 석적읍 남율로3길,63,13,4785025623113810000000001,대광명사,경상북도 칠곡군 석적읍 남율로3길 63-13,718831,39844,,2,,128.40659006147,36.0682002965327
MA010120220800126516,대동패키지,,G2,소매,G221,기타 상품 소매,G22199,그 외 기타 상품 전문 소매업,G47859,그 외 기타 분류 안된 상품 전문 소매업,11,서울특별시,11140,중구,11140605,을지로동,1114015000,을지로4가,1114015000101270000,1,대지,127,,서울특별시 중구 을지로4가 127,111404103246,서울특별시 중구 을지로27길,1,,1114015000101270000012560,,서울특별시 중구 을지로27길 1,100848,04546,,1,,126.999049198051,37.5669162284879
MA010120220800129791,아이픽스폰,코리아,G2,소매,G221,기타 상품 소매,G22199,그 외 기타 상품 전문 소매업,G47859,그 외 기타 분류 안된 상품 전문 소매업,11,서울특별시,11680,강남구,11680565,청담동,1168010400,청담동,1168010400100850005,1,대지,85,5,서울특별시 강남구 청담동 85-5,116803122006,서울특별시 강남구 선릉로,812,,1168010400100850005017841,,서울특별시 강남구 선릉로 812,135954,06014,,,,127.03971864075,37.5243013039176
MA010120220800133421,공순성상회,,G2,소매,G221,기타 상품 소매,G22199,그 외 기타 상품 전문 소매업,G47859,그 외 기타 분류 안된 상품 전문 소매업,11,서울특별시,11140,중구,11140540,회현동,1114011200,남창동,1114011200100500006,1,대지,50,6,서울특별시 중구 남창동 50-6,111404103020,서울특별시 중구 남대문시장4길,18,,1114011200100500006000001,,서울특별시 중구 남대문시장4길 18,100804,04528,,,,126.977171741694,37.559354665044
MA010120220800142589,에이치디,,G2,소매,G221,기타 상품 소매,G22199,그 외 기타 상품 전문 소매업,G47859,그 외 기타 분류 안된 상품 전문 소매업,41,경기도,41220,평택시,41220600,원평동,4122011400,통복동,4122011400102410020,1,대지,241,20,경기도 평택시 통복동 241-20,412203188116,경기도 평택시 평남로,210,13,4122011400102410020000001,,경기도 평택시 평남로 210-13,450040,17923,,1,,127.073467510652,36.9937692037585
MA010120220800115037,수원불교사,,G2,소매,G221,기타 상품 소매,G22199,그 외 기타 상품 전문 소매업,G47859,그 외 기타 분류 안된 상품 전문 소매업,41,경기도,41115,수원시 팔달구,41115700,지동,4111513900,지동,4111513900103010023,1,대지,301,23,경기도 수원시 팔달구 지동 301-23,411154328346,경기도 수원시 팔달구 창룡문로111번길,59,,4111513900103010023018976,,경기도 수원시 팔달구 창룡문로111번길 59,442837,16241,,2,,127.024301132663,37.2844537680255
MA010120220800120627,형제상사,,G2,소매,G221,기타 상품 소매,G22199,그 외 기타 상품 전문 소매업,G47859,그 외 기타 분류 안된 상품 전문 소매업,11,서울특별시,11440,마포구,11440565,공덕동,1144010100,아현동,1144010100100850816,1,대지,85,816,서울특별시 마포구 아현동 85-816,114404139628,서울특별시 마포구 환일길,41,,1144010100100850816025655,,서울특별시 마포구 환일길 41,121858,04203,,1,,126.961000920512,37.554566135077
MA010120220800126980,대성물산,,G2,소매,G221,기타 상품 소매,G22199,그 외 기타 상품 전문 소매업,G47859,그 외 기타 분류 안된 상품 전문 소매업,11,서울특별시,11140,중구,11140540,회현동,1114011200,남창동,1114011200100500012,1,대지,50,12,서울특별시 중구 남창동 50-12,111404103020,서울특별시 중구 남대문시장4길,24,,1114011200100500012000001,,서울특별시 중구 남대문시장4길 24,100804,04528,,,,126.977149166376,37.5591564413272
MA010120220800118036,고려인삼,,G2,소매,G221,기타 상품 소매,G22199,그 외 기타 상품 전문 소매업,G47859,그 외 기타 분류 안된 상품 전문 소매업,11,서울특별시,11140,중구,11140520,소공동,1114011500,남대문로2가,1114011500100090009,1,대지,9,9,서울특별시 중구 남대문로2가 9-9,111403101004,서울특별시 중구 소공로,102,,1114011500100090009000001,소공지하상가,서울특별시 중구 소공로 102,100070,04532,,,,126.979558595779,37.5638510758877
MA010120220800130618,선일이벤트,,G2,소매,G221,기타 상품 소매,G22199,그 외 기타 상품 전문 소매업,G47859,그 외 기타 분류 안된 상품 전문 소매업,11,서울특별시,11140,중구,11140540,회현동,1114011200,남창동,1114011200100340006,1,대지,34,6,서울특별시 중구 남창동 34-6,111404103023,서울특별시 중구 남대문시장길,24,,1114011200100340006000001,,서울특별시 중구 남대문시장길 24,100804,04528,,,,126.977182831575,37.5601024946743
MA010120220800157934,그린웨이브,,G2,소매,G221,기타 상품 소매,G22199,그 외 기타 상품 전문 소매업,G47859,그 외 기타 분류 안된 상품 전문 소매업,28,인천광역시,28260,서구,28260536,청라1동,2826012200,청라동,2826012200101360004,1,대지,136,4,인천광역시 서구 청라동 136-4,282604268239,인천광역시 서구 담지로86번길,16,11,2826010600107840004000001,,인천광역시 서구 담지로86번길 16-11,,22733,,1,,126.661593285531,37.5370948584683
MA010120220800185712,와우컴퍼니,,G2,소매,G221,기타 상품 소매,G22199,그 외 기타 상품 전문 소매업,G47859,그 외 기타 분류 안된 상품 전문 소매업,41,경기도,41210,광명시,41210520,광명2동,4121010100,광명동,4121010100100570009,1,대지,57,9,경기도 광명시 광명동 57-9,412103000122,경기도 광명시 광명로,952,,4121010100100570009001135,,경기도 광명시 광명로 952,423803,14211,,2,,126.856678933022,37.4836217471726
MA010120220800143717,화산농약사,,G2,소매,G221,기타 상품 소매,G22199,그 외 기타 상품 전문 소매업,G47859,그 외 기타 분류 안된 상품 전문 소매업,47,경상북도,47230,영천시,47230330,화산면,4723033033,화산면,4723033033105220002,1,대지,522,2,경상북도 영천시 화산면 유성리 522-2,472303309054,경상북도 영천시 화산면 장수로,913,,4723033033105220002018505,,경상북도 영천시 화산면 장수로 913,770851,38807,,,,128.857173043959,36.0182990788254
MA010120220800160405,경보상사,,G2,소매,G221,기타 상품 소매,G22199,그 외 기타 상품 전문 소매업,G47859,그 외 기타 분류 안된 상품 전문 소매업,11,서울특별시,11140,중구,11140540,회현동,1114012400,충무로1가,1114012400100520041,1,대지,52,41,서울특별시 중구 충무로1가 52-41,111403101004,서울특별시 중구 소공로,58,,1114012200100010001000001,회현지하도상가,서울특별시 중구 소공로 58,100011,04535,,,,126.982060835234,37.5604006655827
MA010120220800160474,다온종합상사,,G2,소매,G221,기타 상품 소매,G22199,그 외 기타 상품 전문 소매업,G47859,그 외 기타 분류 안된 상품 전문 소매업,48,경상남도,48240,사천시,48240330,용현면,4824033026,용현면,4824033026103880003,1,대지,388,3,경상남도 사천시 용현면 신복리 388-3,482404802472,경상남도 사천시 용현면 안점봉수대길,123,,4824033026103880003045934,,경상남도 사천시 용현면 안점봉수대길 123,664951,52538,,,,128.072851570733,35.0407862201154
MA010120220800168497,유한책임회사하이모레이디,시청점,G2,소매,G221,기타 상품 소매,G22199,그 외 기타 상품 전문 소매업,G47422,의복 액세서리 및 모조 장신구 소매업,11,서울특별시,11140,중구,11140520,소공동,1114011400,태평로2가,1114011400103400006,1,대지,340,6,서울특별시 중구 태평로2가 340-6,111403005010,서울특별시 중구 서소문로,138,,1114011400103400006022892,대한일보,서울특별시 중구 서소문로 138,100865,04514,,11,,126.976310218577,37.5636522495807
MA010120220800176514,FM정보,,G2,소매,G221,기타 상품 소매,G22199,그 외 기타 상품 전문 소매업,G47859,그 외 기타 분류 안된 상품 전문 소매업,41,경기도,41194,부천시 소사구,41194590,송내1동,4119410500,송내동,4119410500103630004,1,대지,363,4,경기도 부천시 소사구 송내동 363-4,411944355292,경기도 부천시 소사구 중동로71번길,84,,4119710500103630004041043,,경기도 부천시 소사구 중동로71번길 84,422816,14720,,,,126.75977154088,37.4870234276095
MA010120220800187486,백운,,G2,소매,G221,기타 상품 소매,G22199,그 외 기타 상품 전문 소매업,G47859,그 외 기타 분류 안된 상품 전문 소매업,11,서울특별시,11110,종로구,11110600,가회동,1111014800,계동,1111014800100020079,1,대지,2,79,서울특별시 종로구 계동 2-79,111104100427,서울특별시 종로구 창덕궁7길,10,1,1111014800100020079017969,,서울특별시 종로구 창덕궁7길 10-1,110800,03051,,1,,126.987591553989,37.5834578414541
MA010120220800161015,강화인삼사,,G2,소매,G221,기타 상품 소매,G22199,그 외 기타 상품 전문 소매업,G47859,그 외 기타 분류 안된 상품 전문 소매업,11,서울특별시,11140,중구,11140520,소공동,1114011500,남대문로2가,1114011500100090009,1,대지,9,9,서울특별시 중구 남대문로2가 9-9,111403101004,서울특별시 중구 소공로,102,,1114011500100090009000001,소공지하도상가,서울특별시 중구 소공로 102,100070,04532,,,,126.979558595779,37.5638510758877
MA010120220800186608,신태양사,,G2,소매,G221,기타 상품 소매,G22199,그 외 기타 상품 전문 소매업,G47859,그 외 기타 분류 안된 상품 전문 소매업,48,경상남도,48270,밀양시,48270540,가곡동,4827010800,가곡동,4827010800106620122,1,대지,662,122,경상남도 밀양시 가곡동 662-122,482703336074,경상남도 밀양시 중앙로,80,5,4827010800106620122087249,,경상남도 밀양시 중앙로 80-5,627801,50445,,,,128.769324232589,35.4749191024569
MA010120220800187362,녹야원,,G2,소매,G221,기타 상품 소매,G22199,그 외 기타 상품 전문 소매업,G47859,그 외 기타 분류 안된 상품 전문 소매업,11,서울특별시,11110,종로구,11110615,종로1.2.3.4가동,1111012900,견지동,1111012900100680018,1,대지,68,18,서울특별시 종로구 견지동 68-18,111103100009,서울특별시 종로구 우정국로,52,,1111012900100680018014659,,서울특별시 종로구 우정국로 52,110170,03145,,1,,126.983155731643,37.5735373466858
MA010120220800148447,에스엔안전,,G2,소매,G221,기타 상품 소매,G22199,그 외 기타 상품 전문 소매업,G47859,그 외 기타 분류 안된 상품 전문 소매업,51,강원특별자치도,51720,홍천군,51720320,두촌면,5172032021,두촌면,5172032021102490003,1,대지,249,3,강원특별자치도 홍천군 두촌면 철정리 249-3,517204475593,강원특별자치도 홍천군 두촌면 철정길,148,,4272032021102480002030276,,강원특별자치도 홍천군 두촌면 철정길 148,250822,25164,,,,128.002853030011,37.8124790324221
MA010120220800148542,성인용품,,G2,소매,G221,기타 상품 소매,G22199,그 외 기타 상품 전문 소매업,G47859,그 외 기타 분류 안된 상품 전문 소매업,44,충청남도,44200,아산시,44200410,신창면,4420041025,신창면,4420041025103470015,1,대지,347,15,충청남도 아산시 신창면 행목리 347-15,442003253046,충청남도 아산시 신창면 순천향로,189,,4420041025103470015018800,,충청남도 아산시 신창면 순천향로 189,336884,31558,,,,126.948904253636,36.7662890996865
MA010120220800150979,옐로하우스,,G2,소매,G221,기타 상품 소매,G22199,그 외 기타 상품 전문 소매업,G47859,그 외 기타 분류 안된 상품 전문 소매업,41,경기도,41360,남양주시,41360540,양정동,4136010400,일패동,4136010400105350003,1,대지,535,3,경기도 남양주시 일패동 535-3,413603000120,경기도 남양주시 경춘로,681,,4136010400105350003008733,,경기도 남양주시 경춘로 681,472932,12243,,,,127.184010267347,37.6205619702224
MA010120220800156702,매일상사,,G2,소매,G221,기타 상품 소매,G22199,그 외 기타 상품 전문 소매업,G47859,그 외 기타 분류 안된 상품 전문 소매업,27,대구광역시,27710,달성군,27710250,화원읍,2771025021,화원읍,2771025021101000004,1,대지,100,4,대구광역시 달성군 화원읍 천내리 100-4,277103148032,대구광역시 달성군 화원읍 성천로,114,,2771025021101000004018893,,대구광역시 달성군 화원읍 성천로 114,711834,42948,,1,,128.49395985272,35.8059635113957
MA010120220800148908,춘수,,G2,소매,G221,기타 상품 소매,G22199,그 외 기타 상품 전문 소매업,G47859,그 외 기타 분류 안된 상품 전문 소매업,48,경상남도,48840,남해군,48840360,서면,4884036029,서면,4884036029101470000,1,대지,147,,경상남도 남해군 서면 정포리 147,488404829363,경상남도 남해군 서면 정포로122번길,18,5,4884036029101470000043417,,경상남도 남해군 서면 정포로122번길 18-5,668872,52406,,,,127.849094097664,34.8791789648871
MA010120220800151386,위도선구점,,G2,소매,G221,기타 상품 소매,G22199,그 외 기타 상품 전문 소매업,G47859,그 외 기타 분류 안된 상품 전문 소매업,52,전북특별자치도,52800,부안군,52800420,위도면,5280042023,위도면,5280042023103700000,1,대지,370,,전북특별자치도 부안군 위도면 치도리 370,528004640095,전북특별자치도 부안군 위도면 깊은금안길,4,,4580042023103700000036345,,전북특별자치도 부안군 위도면 깊은금안길 4,579911,56349,,,,126.270527286062,35.5891351965109
MA010120220800165514,경진종합물류주,,G2,소매,G221,기타 상품 소매,G22199,그 외 기타 상품 전문 소매업,G47859,그 외 기타 분류 안된 상품 전문 소매업,11,서울특별시,11140,중구,11140540,회현동,1114011200,남창동,1114011200100620004,1,대지,62,4,서울특별시 중구 남창동 62-4,111403101011,서울특별시 중구 퇴계로,39,2,1114011200100620004021925,,서울특별시 중구 퇴계로 39-2,100805,04528,,,,126.9770703166,37.5579310699124
MA010120220800162475,산쟁이약초백숙삼계탕,,G2,소매,G221,기타 상품 소매,G22199,그 외 기타 상품 전문 소매업,G47859,그 외 기타 분류 안된 상품 전문 소매업,47,경상북도,47190,구미시,47190670,인동동,4719011900,신동,4719011900104800000,1,대지,480,,경상북도 구미시 신동 480,471904724769,경상북도 구미시 인동63길,71,,4719011900104800000007491,,경상북도 구미시 인동63길 71,730310,39444,,,,128.461977887707,36.1006629711065
MA010120220800146458,안전만들기,,G2,소매,G221,기타 상품 소매,G22199,그 외 기타 상품 전문 소매업,G47859,그 외 기타 분류 안된 상품 전문 소매업,11,서울특별시,11500,강서구,11500540,화곡1동,1150010300,화곡동,1150010300110830002,1,대지,1083,2,서울특별시 강서구 화곡동 1083-2,115004145501,서울특별시 강서구 화곡로20길,27,,1150010300110830002014618,가자빌딩,서울특별시 강서구 화곡로20길 27,157925,07717,,,,126.836771529677,37.5392328831279
MA010120220800181507,신화,,G2,소매,G221,기타 상품 소매,G22199,그 외 기타 상품 전문 소매업,G47422,의복 액세서리 및 모조 장신구 소매업,11,서울특별시,11650,서초구,11650580,반포3동,1165010600,잠원동,1165010600100750019,1,대지,75,19,서울특별시 서초구 잠원동 75-19,116503121017,서울특별시 서초구 신반포로,177,,1165010600100750018017606,잠원동반포쇼핑타운,서울특별시 서초구 신반포로 177,137909,06512,,3,,127.003415584376,37.506098646323
MA010120220800146578,율텍,,G2,소매,G221,기타 상품 소매,G22199,그 외 기타 상품 전문 소매업,G47859,그 외 기타 분류 안된 상품 전문 소매업,41,경기도,41590,화성시,41590253,봉담읍,4159025324,봉담읍,4159025324101390001,1,대지,139,1,경기도 화성시 봉담읍 동화리 139-1,415904430997,경기도 화성시 봉담읍 와우안길,109,,4159025324101400001026421,,경기도 화성시 봉담읍 와우안길 109,445893,18298,,,,126.973758587591,37.221470390057
MA010120220801702901,필승사,,G2,소매,G221,기타 상품 소매,G22199,그 외 기타 상품 전문 소매업,G47859,그 외 기타 분류 안된 상품 전문 소매업,51,강원특별자치도,51780,철원군,51780310,서면,5178031022,서면,5178031022111390033,1,대지,1139,33,강원특별자치도 철원군 서면 와수리 1139-33,517803230023,강원특별자치도 철원군 서면 와수1로,1,,4278031022111390033014320,,강원특별자치도 철원군 서면 와수1로 1,269841,24059,,,,127.436623034945,38.2370284375931
MA010120220801702994,군인,백화점,G2,소매,G221,기타 상품 소매,G22199,그 외 기타 상품 전문 소매업,G47859,그 외 기타 분류 안된 상품 전문 소매업,51,강원특별자치도,51780,철원군,51780259,동송읍,5178025921,동송읍,5178025921106800056,1,대지,680,56,강원특별자치도 철원군 동송읍 이평리 680-56,517803230005,강원특별자치도 철원군 동송읍 금학로,216,,4278025921106800056021504,,강원특별자치도 철원군 동송읍 금학로 216,269816,24015,,,,127.218636160977,38.2079885163755
MA010120220801711752,사랑만들기,,G2,소매,G221,기타 상품 소매,G22199,그 외 기타 상품 전문 소매업,G47859,그 외 기타 분류 안된 상품 전문 소매업,41,경기도,41650,포천시,41650520,선단동,4165010400,선단동,4165010400101340002,1,대지,134,2,경기도 포천시 선단동 134-2,416503000136,경기도 포천시 호국로,1055,,4165010400101340002023639,,경기도 포천시 호국로 1055,487020,11158,,,,127.169304816626,37.8584576784095
MA010120220801717277,로하스철물,,G2,소매,G221,기타 상품 소매,G22199,그 외 기타 상품 전문 소매업,G47859,그 외 기타 분류 안된 상품 전문 소매업,41,경기도,41800,연천군,41800253,전곡읍,4180025322,전곡읍,4180025322123040000,1,대지,2304,,경기도 연천군 전곡읍 은대리 2304,418004445510,경기도 연천군 전곡읍 평화로861번길,61,,4180025322123040000000001,,경기도 연천군 전곡읍 평화로861번길 61,486902,11024,,,,127.067736691879,38.0430627764963
MA010120220801720567,티와이그린,,G2,소매,G221,기타 상품 소매,G22199,그 외 기타 상품 전문 소매업,G47859,그 외 기타 분류 안된 상품 전문 소매업,41,경기도,41150,의정부시,41150580,자금동,4115010900,금오동,4115010900103170003,1,대지,317,3,경기도 의정부시 금오동 317-3,411503000136,경기도 의정부시 호국로,1441,,4115010900103170003011307,,경기도 의정부시 호국로 1441,480822,11760,,,,127.061262556856,37.750781689762
MA010120220801723491,덕정농약종묘사,,G2,소매,G221,기타 상품 소매,G22199,그 외 기타 상품 전문 소매업,G47859,그 외 기타 분류 안된 상품 전문 소매업,41,경기도,41630,양주시,41630530,회천1동,4163011000,덕정동,4163011000102910001,1,대지,291,1,경기도 양주시 덕정동 291-1,416303212010,경기도 양주시 독바위로,10,,4163011000102870001014012,,경기도 양주시 독바위로 10,482060,11451,,1,,127.062234005553,37.8402826208738
MA010120220801694356,동원상회,,G2,소매,G221,기타 상품 소매,G22199,그 외 기타 상품 전문 소매업,G47859,그 외 기타 분류 안된 상품 전문 소매업,41,경기도,41800,연천군,41800253,전곡읍,4180025321,전곡읍,4180025321104800026,1,대지,480,26,경기도 연천군 전곡읍 전곡리 480-26,418003215038,경기도 연천군 전곡읍 전곡로,161,1,4180025321104800026002396,,경기도 연천군 전곡읍 전곡로 161-1,486903,11028,,,,127.067675993489,38.026620948582
MA010120220801714422,준성유통,,G2,소매,G221,기타 상품 소매,G22199,그 외 기타 상품 전문 소매업,G47859,그 외 기타 분류 안된 상품 전문 소매업,41,경기도,41150,의정부시,41150510,의정부1동,4115010100,의정부동,4115010100101520004,1,대지,152,4,경기도 의정부시 의정부동 152-4,411503181062,경기도 의정부시 태평로,111,,4115010100101520004000167,,경기도 의정부시 태평로 111,480842,11692,,3,,127.051339502448,37.7424434634855
MA010120220801732722,의정부농업협동조합영농종합센타,,G2,소매,G221,기타 상품 소매,G22199,그 외 기타 상품 전문 소매업,G47859,그 외 기타 분류 안된 상품 전문 소매업,41,경기도,41150,의정부시,41150580,자금동,4115010900,금오동,4115010900100570005,1,대지,57,5,경기도 의정부시 금오동 57-5,411503000136,경기도 의정부시 호국로,1655,,4115010900100570005021051,외,경기도 의정부시 호국로 1655,480821,11765,,,,127.082604330776,37.7592197337854
MA010120220801709782,제일어패럴,,G2,소매,G221,기타 상품 소매,G22199,그 외 기타 상품 전문 소매업,G47859,그 외 기타 분류 안된 상품 전문 소매업,51,강원특별자치도,51720,홍천군,51720352,영귀미면,5172035226,영귀미면,5172035226103970004,1,대지,397,4,강원특별자치도 홍천군 영귀미면 방량리 397-4,517203225020,강원특별자치도 홍천군 영귀미면 방량로,595,14,4272035026103970004014913,,강원특별자치도 홍천군 영귀미면 방량로 595-14,250894,25152,,,,127.905796344638,37.6367526154861
MA010120220801718360,의정부붙임머리도도걸스,전문점,G2,소매,G221,기타 상품 소매,G22199,그 외 기타 상품 전문 소매업,G47422,의복 액세서리 및 모조 장신구 소매업,41,경기도,41150,의정부시,41150510,의정부1동,4115010100,의정부동,4115010100100990006,1,대지,99,6,경기도 의정부시 의정부동 99-6,411503181060,경기도 의정부시 시민로,100,,4115010100100990006000001,역지하상가,경기도 의정부시 시민로 100,480011,11696,,,,127.047582014251,37.7392465995819
MA010120220801721125,고석프라자,,G2,소매,G221,기타 상품 소매,G22199,그 외 기타 상품 전문 소매업,G47859,그 외 기타 분류 안된 상품 전문 소매업,41,경기도,41630,양주시,41630340,장흥면,4163034026,장흥면,4163034026104450004,1,대지,445,4,경기도 양주시 장흥면 삼상리 445-4,416304436323,경기도 양주시 장흥면 일영로502번길,24,,4163034026104450004055829,,경기도 양주시 장흥면 일영로502번길 24,482813,11524,,,,126.927054482186,37.6883917141157
MA010120220801732508,개성인삼농업협동조합,연천지점,G2,소매,G221,기타 상품 소매,G22199,그 외 기타 상품 전문 소매업,G47859,그 외 기타 분류 안된 상품 전문 소매업,41,경기도,41800,연천군,41800253,전곡읍,4180025322,전곡읍,4180025322122390000,1,대지,2239,,경기도 연천군 전곡읍 은대리 2239,418003215066,경기도 연천군 전곡읍 평화로,701,,4180025322122390000009597,,경기도 연천군 전곡읍 평화로 701,486902,11024,,,,127.063842964915,38.032623251531
MA010120220801732518,김화농업협동조합사곡간이지소,,G2,소매,G221,기타 상품 소매,G22199,그 외 기타 상품 전문 소매업,G47859,그 외 기타 분류 안된 상품 전문 소매업,51,강원특별자치도,51780,철원군,51780320,근남면,5178032023,근남면,5178032023109890001,1,대지,989,1,강원특별자치도 철원군 근남면 사곡리 989-1,517803230024,강원특별자치도 철원군 근남면 와수로,486,,4278032023109830000005216,,강원특별자치도 철원군 근남면 와수로 486,269851,24063,,,,127.465660043723,38.2534660798096
MA010120220801707541,보디가드,,G2,소매,G221,기타 상품 소매,G22199,그 외 기타 상품 전문 소매업,G47859,그 외 기타 분류 안된 상품 전문 소매업,41,경기도,41650,포천시,41650370,일동면,4165037023,일동면,4165037023100910153,1,대지,91,153,경기도 포천시 일동면 기산리 91-153,416504439092,경기도 포천시 일동면 기산서길,3,5,4165037023100910153046084,,경기도 포천시 일동면 기산서길 3-5,487851,11116,,,,127.3176726957,37.9577768475213
MA010120220801721769,에스엘사이언스,,G2,소매,G221,기타 상품 소매,G22199,그 외 기타 상품 전문 소매업,G47859,그 외 기타 분류 안된 상품 전문 소매업,41,경기도,41150,의정부시,41150520,의정부2동,4115010100,의정부동,4115010100104960003,1,대지,496,3,경기도 의정부시 의정부동 496-3,411504343255,경기도 의정부시 신흥로240번길,26,,4115010100104960003013465,동양레쉬빌,경기도 의정부시 신흥로240번길 26,480848,11651,,,,127.044835392023,37.7374727662347
MA010120220801707682,지원사,,G2,소매,G221,기타 상품 소매,G22199,그 외 기타 상품 전문 소매업,G47859,그 외 기타 분류 안된 상품 전문 소매업,41,경기도,41630,양주시,41630530,회천1동,4163011000,덕정동,4163011000103500075,1,대지,350,75,경기도 양주시 덕정동 350-75,416303212038,경기도 양주시 화합로,1349,,4163011000103500075013906,,경기도 양주시 화합로 1349,482060,11450,,,,127.062362698134,37.8447062346812
MA010120220801715816,J.K정보통신,,G2,소매,G221,기타 상품 소매,G22199,그 외 기타 상품 전문 소매업,G47859,그 외 기타 분류 안된 상품 전문 소매업,41,경기도,41150,의정부시,41150580,자금동,4115010900,금오동,4115010900104630007,1,대지,463,7,경기도 의정부시 금오동 463-7,411503000136,경기도 의정부시 호국로,1418,,4115010900104630007007496,,경기도 의정부시 호국로 1418,480865,11751,,,,127.059604368044,37.7488814980106
MA010120220801722080,성호유통,,G2,소매,G221,기타 상품 소매,G22199,그 외 기타 상품 전문 소매업,G47859,그 외 기타 분류 안된 상품 전문 소매업,41,경기도,41630,양주시,41630250,백석읍,4163025023,백석읍,4163025023101320005,1,대지,132,5,경기도 양주시 백석읍 복지리 132-5,416303212033,경기도 양주시 백석읍 양주산성로,564,1,4163025023101320005040760,,경기도 양주시 백석읍 양주산성로 564-1,482836,11510,,,,126.991871538005,37.7872954202205
MA010120220801734814,유한책임회사하이모의정부지점,,G2,소매,G221,기타 상품 소매,G22199,그 외 기타 상품 전문 소매업,G47422,의복 액세서리 및 모조 장신구 소매업,41,경기도,41150,의정부시,41150520,의정부2동,4115010100,의정부동,4115010100104940000,1,대지,494,,경기도 의정부시 의정부동 494,411503181060,경기도 의정부시 시민로,80,,4115010100104940000013268,동센트럴타워,경기도 의정부시 시민로 80,480941,11651,,,,127.044098267294,37.7379775873124
MA010120220801705231,대지농자재,,G2,소매,G221,기타 상품 소매,G22199,그 외 기타 상품 전문 소매업,G47859,그 외 기타 분류 안된 상품 전문 소매업,41,경기도,41650,포천시,41650330,가산면,4165033023,가산면,4165033023103620014,1,대지,362,14,경기도 포천시 가산면 방축리 362-14,416503213001,경기도 포천시 가산면 가산로,152,,4165033023103620014000001,,경기도 포천시 가산면 가산로 152,487816,11168,,,,127.169201877238,37.8382765062307
MA010120220801711005,명성불교사,,G2,소매,G221,기타 상품 소매,G22199,그 외 기타 상품 전문 소매업,G47859,그 외 기타 분류 안된 상품 전문 소매업,41,경기도,41250,동두천시,41250535,중앙동,4125010300,생연동,4125010300105860030,1,대지,586,30,경기도 동두천시 생연동 586-30,412503189004,경기도 동두천시 동광로,44,1,4125010300105860030000219,,경기도 동두천시 동광로 44-1,483800,11328,,,,127.053228529963,37.9084347941371
MA010120220801723725,상우세이프티,,G2,소매,G221,기타 상품 소매,G22199,그 외 기타 상품 전문 소매업,G47859,그 외 기타 분류 안된 상품 전문 소매업,41,경기도,41150,의정부시,41150580,자금동,4115010900,금오동,4115010900103870008,1,대지,387,8,경기도 의정부시 금오동 387-8,411503000001,경기도 의정부시 동일로,683,,4115010900103870008007239,,경기도 의정부시 동일로 683,480823,11749,,,,127.052784877882,37.748731584764
MA010120220801690037,동부그린농자재,,G2,소매,G221,기타 상품 소매,G22199,그 외 기타 상품 전문 소매업,G47859,그 외 기타 분류 안된 상품 전문 소매업,41,경기도,41630,양주시,41630530,회천1동,4163011000,덕정동,4163011000102860008,1,대지,286,8,경기도 양주시 덕정동 286-8,416303212010,경기도 양주시 독바위로,27,,4163011000102860008058139,외,경기도 양주시 독바위로 27,482060,11451,,,,127.063028005636,37.8388136436185
MA010120220801699573,신서농약사,,G2,소매,G221,기타 상품 소매,G22199,그 외 기타 상품 전문 소매업,G47859,그 외 기타 분류 안된 상품 전문 소매업,41,경기도,41800,연천군,41800360,신서면,4180036022,신서면,4180036022102090002,1,대지,209,2,경기도 연천군 신서면 도신리 209-2,418003215029,경기도 연천군 신서면 연신로,1056,,4180036022102090002010229,,경기도 연천군 신서면 연신로 1056,486832,11000,,,,127.105042162159,38.1761541635524
MA010120220801711272,세이프티라인,,G2,소매,G221,기타 상품 소매,G22199,그 외 기타 상품 전문 소매업,G47859,그 외 기타 분류 안된 상품 전문 소매업,41,경기도,41650,포천시,41650330,가산면,4165033024,가산면,4165033024104930002,1,대지,493,2,경기도 포천시 가산면 가산리 493-2,416504439343,경기도 포천시 가산면 시우동길,27,,4165033024104930002016097,,경기도 포천시 가산면 시우동길 27,487811,11168,,,,127.164752441566,37.8348952288935
MA010120220801720033,좋은생활,,G2,소매,G221,기타 상품 소매,G22199,그 외 기타 상품 전문 소매업,G47859,그 외 기타 분류 안된 상품 전문 소매업,11,서울특별시,11320,도봉구,11320690,방학1동,1132010600,방학동,1132010600107030021,1,대지,703,21,서울특별시 도봉구 방학동 703-21,113204127137,서울특별시 도봉구 도봉로145길,8,,1132010600107030021003421,,서울특별시 도봉구 도봉로145길 8,132853,01340,,2,,127.042082802212,37.6647380463345
MA010120220801746112,한솔유통,,G2,소매,G221,기타 상품 소매,G22199,그 외 기타 상품 전문 소매업,G47859,그 외 기타 분류 안된 상품 전문 소매업,41,경기도,41194,부천시 소사구,41194510,심곡본1동,4119410200,심곡본동,4119410200105410011,1,대지,541,11,경기도 부천시 소사구 심곡본동 541-11,411943000028,경기도 부천시 소사구 경인로,211,1,4119710200105410009046503,외,경기도 부천시 소사구 경인로 211-1,422822,14709,,2,,126.779082794887,37.4835471893933
MA010120220801756159,농민상회,,G2,소매,G221,기타 상품 소매,G22199,그 외 기타 상품 전문 소매업,G47859,그 외 기타 분류 안된 상품 전문 소매업,41,경기도,41281,고양시 덕양구,41281660,화전동,4128112900,화전동,4128112900105750032,1,대지,575,32,경기도 고양시 덕양구 화전동 575-32,412813192097,경기도 고양시 덕양구 화랑로,47,,4128112900101830011002504,,경기도 고양시 덕양구 화랑로 47,412160,10540,,,,126.869530837841,37.6025504764165
MA010120220801774005,송포유통,,G2,소매,G221,기타 상품 소매,G22199,그 외 기타 상품 전문 소매업,G47859,그 외 기타 분류 안된 상품 전문 소매업,41,경기도,41287,고양시 일산서구,41287610,가좌동,4128710700,구산동,4128710700114060001,1,대지,1406,1,경기도 고양시 일산서구 구산동 1406-1,412874382111,경기도 고양시 일산서구 이산포길,574,8,4128710700114060001000921,,경기도 고양시 일산서구 이산포길 574-8,411801,10200,,,,126.681057996533,37.6873793308579
MA010120220801759130,태강,,G2,소매,G221,기타 상품 소매,G22199,그 외 기타 상품 전문 소매업,G47859,그 외 기타 분류 안된 상품 전문 소매업,41,경기도,41285,고양시 일산동구,41285590,장항2동,4128510400,장항동,4128510400108950000,1,대지,895,,경기도 고양시 일산동구 장항동 895,412853192094,경기도 고양시 일산동구 중앙로,1171,,4128510400108950000005139,현대프리젠트,경기도 고양시 일산동구 중앙로 1171,410837,10414,,,,126.777555233219,37.6514265430967
MA010120220801759300,일산총포한국박제,,G2,소매,G221,기타 상품 소매,G22199,그 외 기타 상품 전문 소매업,G47859,그 외 기타 분류 안된 상품 전문 소매업,41,경기도,41287,고양시 일산서구,41287510,일산1동,4128710100,일산동,4128710100109600019,1,대지,960,19,경기도 고양시 일산서구 일산동 960-19,412873194019,경기도 고양시 일산서구 원일로,36,,4128710100109600019003416,,경기도 고양시 일산서구 원일로 36,411857,10351,,,,126.766225038574,37.6870293170059
MA010120220801784309,포스티노,,G2,소매,G221,기타 상품 소매,G22199,그 외 기타 상품 전문 소매업,G47859,그 외 기타 분류 안된 상품 전문 소매업,41,경기도,41480,파주시,41480320,탄현면,4148032021,탄현면,4148032021100870006,1,대지,87,6,경기도 파주시 탄현면 성동리 87-6,414803206046,경기도 파주시 탄현면 새오리로,72,,4148032021100870006000889,일부,경기도 파주시 탄현면 새오리로 72,413841,10858,,1,,126.685632250662,37.7907504434254
MA010120220801759640,기흥상사,,G2,소매,G221,기타 상품 소매,G22199,그 외 기타 상품 전문 소매업,G45220,자동차 중고 부품 및 내장품 판매업,41,경기도,41285,고양시 일산동구,41285580,장항1동,4128510400,장항동,4128510400105400000,1,대지,540,,경기도 고양시 일산동구 장항동 540,412853193030,경기도 고양시 일산동구 장항로,339,,4128510400105400000004321,,경기도 고양시 일산동구 장항로 339,410835,10428,,,,126.762877779293,37.6451451425344
MA010120220801762160,벽제농약사,,G2,소매,G221,기타 상품 소매,G22199,그 외 기타 상품 전문 소매업,G47859,그 외 기타 분류 안된 상품 전문 소매업,41,경기도,41281,고양시 덕양구,41281600,관산동,4128111800,관산동,4128111800101880002,1,대지,188,2,경기도 고양시 덕양구 관산동 188-2,412813000008,경기도 고양시 덕양구 통일로,765,,4128111800101880002005621,,경기도 고양시 덕양구 통일로 765,412802,10287,,,,126.86521023284,37.6873822090145
MA010120220801747465,사비오기획,,G2,소매,G221,기타 상품 소매,G22199,그 외 기타 상품 전문 소매업,G47859,그 외 기타 분류 안된 상품 전문 소매업,11,서울특별시,11560,영등포구,11560680,신길6동,1156013200,신길동,1156013200144910000,1,대지,4491,,서울특별시 영등포구 신길동 4491,115603118028,서울특별시 영등포구 여의대방로,65,,1156013200144910000000001,,서울특별시 영등포구 여의대방로 65,150860,07434,,1,,126.913150243953,37.4973540443804
MA010120220801750797,홍인인삼사,,G2,소매,G221,기타 상품 소매,G22199,그 외 기타 상품 전문 소매업,G47859,그 외 기타 분류 안된 상품 전문 소매업,44,충청남도,44710,금산군,44710250,금산읍,4471025022,금산읍,4471025022100180006,1,대지,18,6,충청남도 금산군 금산읍 중도리 18-6,447104571410,충청남도 금산군 금산읍 약초1길,21,4,4471025022100180006017759,,충청남도 금산군 금산읍 약초1길 21-4,312806,32739,,,,127.497257772424,36.1001700371881
MA010120220801772377,부라더미싱,,G2,소매,G221,기타 상품 소매,G22199,그 외 기타 상품 전문 소매업,G47859,그 외 기타 분류 안된 상품 전문 소매업,41,경기도,41281,고양시 덕양구,41281630,행주동,4128112000,토당동,4128112000100990031,1,대지,99,31,경기도 고양시 덕양구 토당동 99-31,412813192061,경기도 고양시 덕양구 지도로,109,,4128112000100990031011898,,경기도 고양시 덕양구 지도로 109,412816,10507,,,,126.823337408589,37.6268981216729
MA010120220801766761,풍원포장,,G2,소매,G221,기타 상품 소매,G22199,그 외 기타 상품 전문 소매업,G47422,의복 액세서리 및 모조 장신구 소매업,41,경기도,41285,고양시 일산동구,41285600,고봉동,4128511300,성석동,4128511300105290002,1,대지,529,2,경기도 고양시 일산동구 성석동 529-2,412853193045,경기도 고양시 일산동구 성현로,196,,4128511300105290002011404,,경기도 고양시 일산동구 성현로 196,410570,10312,,,,126.807618096863,37.7087184855407
MA010120220801755554,성인용품,,G2,소매,G221,기타 상품 소매,G22199,그 외 기타 상품 전문 소매업,G47859,그 외 기타 분류 안된 상품 전문 소매업,41,경기도,41480,파주시,41480256,법원읍,4148025625,법원읍,4148025625105250002,1,대지,525,2,경기도 파주시 법원읍 대능리 525-2,414803206121,경기도 파주시 법원읍 술이홀로,637,,4148025625105250002000001,제,경기도 파주시 법원읍 술이홀로 637,413874,10828,,,,126.852704406244,37.8365490815463
MA010120220801806239,바디,,G2,소매,G221,기타 상품 소매,G22199,그 외 기타 상품 전문 소매업,G47859,그 외 기타 분류 안된 상품 전문 소매업,41,경기도,41285,고양시 일산동구,41285525,중산1동,4128510200,중산동,4128510200115600001,1,대지,1560,1,경기도 고양시 일산동구 중산동 1560-1,412853193032,경기도 고양시 일산동구 중산로,247,,4128510200115600002011456,중산프라자,경기도 고양시 일산동구 중산로 247,410831,10336,,,,126.78040957967,37.6941742866456
MA010120220801815780,명성기획,,G2,소매,G221,기타 상품 소매,G22199,그 외 기타 상품 전문 소매업,G47859,그 외 기타 분류 안된 상품 전문 소매업,41,경기도,41285,고양시 일산동구,41285580,장항1동,4128510400,장항동,4128510400105940008,1,대지,594,8,경기도 고양시 일산동구 장항동 594-8,412853193030,경기도 고양시 일산동구 장항로,226,46,4128510400105940008003438,,경기도 고양시 일산동구 장항로 226-46,410834,10429,,,,126.776585509486,37.642252714826
MA010120220801789394,하성인테리어,,G2,소매,G221,기타 상품 소매,G22199,그 외 기타 상품 전문 소매업,G47859,그 외 기타 분류 안된 상품 전문 소매업,41,경기도,41287,고양시 일산서구,41287570,대화동,4128710400,대화동,4128710400122030000,1,대지,2203,,경기도 고양시 일산서구 대화동 2203,412873192094,경기도 고양시 일산서구 중앙로,1568,,4128710400122030000006650,하성상가,경기도 고양시 일산서구 중앙로 1568,411805,10381,,,,126.747928710474,37.6763781303984
MA010120220801809578,머피의법칙,,G2,소매,G221,기타 상품 소매,G22199,그 외 기타 상품 전문 소매업,G47859,그 외 기타 분류 안된 상품 전문 소매업,41,경기도,41285,고양시 일산동구,41285590,장항2동,4128510400,장항동,4128510400107560002,1,대지,756,2,경기도 고양시 일산동구 장항동 756-2,412853192096,경기도 고양시 일산동구 호수로,646,24,4128510400107560002009274,위너스,경기도 고양시 일산동구 호수로 646-24,410837,10401,,,,126.767806686959,37.659714797744
MA010120220801789747,스칼렛,일산점,G2,소매,G221,기타 상품 소매,G22199,그 외 기타 상품 전문 소매업,G47422,의복 액세서리 및 모조 장신구 소매업,41,경기도,41285,고양시 일산동구,41285560,마두1동,4128510500,마두동,4128510500108400003,1,대지,840,3,경기도 고양시 일산동구 마두동 840-3,412854379161,경기도 고양시 일산동구 일산로330번길,12,11,4128510500108400003006322,상가,경기도 고양시 일산동구 일산로330번길 12-11,410812,10407,,1,,126.785234329699,37.6645860759993
MA010120220801792940,그린유통,,G2,소매,G221,기타 상품 소매,G22199,그 외 기타 상품 전문 소매업,G47859,그 외 기타 분류 안된 상품 전문 소매업,41,경기도,41281,고양시 덕양구,41281510,주교동,4128110100,주교동,4128110100105680009,1,대지,568,9,경기도 고양시 덕양구 주교동 568-9,412813192058,경기도 고양시 덕양구 원당로,115,,4128110100105680009014079,,경기도 고양시 덕양구 원당로 115,412810,10298,,,,126.838055597749,37.6620846099044
MA010120220801829110,비앤제이,,G2,소매,G221,기타 상품 소매,G22199,그 외 기타 상품 전문 소매업,G47859,그 외 기타 분류 안된 상품 전문 소매업,41,경기도,41287,고양시 일산서구,41287610,가좌동,4128710700,구산동,4128710700103460001,1,대지,346,1,경기도 고양시 일산서구 구산동 346-1,412874382024,경기도 고양시 일산서구 구산로135번길,34,13,4128710700103460001001125,,경기도 고양시 일산서구 구산로135번길 34-13,411800,10201,,,,126.703497250191,37.6952403158849
MA010120220801790185,고추잠자리,,G2,소매,G221,기타 상품 소매,G22199,그 외 기타 상품 전문 소매업,G47859,그 외 기타 분류 안된 상품 전문 소매업,41,경기도,41480,파주시,41480510,금촌1동,4148012300,금릉동,4148012300102130003,1,대지,213,3,경기도 파주시 금릉동 213-3,414803206129,경기도 파주시 중앙로,189,,4148010300102130003007332,파워프라자,경기도 파주시 중앙로 189,413011,10922,,,,126.782682801838,37.7543903329345
MA010120220801829746,블루데져트,,G2,소매,G221,기타 상품 소매,G22199,그 외 기타 상품 전문 소매업,G47859,그 외 기타 분류 안된 상품 전문 소매업,41,경기도,41630,양주시,41630250,백석읍,4163025024,백석읍,4163025024103380001,1,대지,338,1,경기도 양주시 백석읍 가업리 338-1,416304436274,경기도 양주시 백석읍 양주산성로800번길,199,,4163025024103380001042168,,경기도 양주시 백석읍 양주산성로800번길 199,482831,11516,,,,126.970319932433,37.7982206226446
MA010120220801804077,제일정보시스템,,G2,소매,G221,기타 상품 소매,G22199,그 외 기타 상품 전문 소매업,G47859,그 외 기타 분류 안된 상품 전문 소매업,51,강원특별자치도,51780,철원군,51780256,갈말읍,5178025622,갈말읍,5178025622101440000,1,대지,144,,강원특별자치도 철원군 갈말읍 지포리 144,517804490113,강원특별자치도 철원군 갈말읍 명성로139번길,33,16,4278025622101440000033864,,강원특별자치도 철원군 갈말읍 명성로139번길 33-16,269802,24036,,,,127.303684476096,38.1443940229864
MA010120220801804379,물개,,G2,소매,G221,기타 상품 소매,G22199,그 외 기타 상품 전문 소매업,G47859,그 외 기타 분류 안된 상품 전문 소매업,41,경기도,41281,고양시 덕양구,41281630,행주동,4128112000,토당동,4128112000108630000,1,대지,863,,경기도 고양시 덕양구 토당동 863,412814376252,경기도 고양시 덕양구 토당로32번길,40,,4128112000108630000011245,,경기도 고양시 덕양구 토당로32번길 40,412821,10510,,,,126.82346632923,37.620285076527
MA010120220801836273,금산인삼,,G2,소매,G221,기타 상품 소매,G22199,그 외 기타 상품 전문 소매업,G47859,그 외 기타 분류 안된 상품 전문 소매업,41,경기도,41287,고양시 일산서구,41287520,일산2동,4128710100,일산동,4128710100106170020,1,대지,617,20,경기도 고양시 일산서구 일산동 617-20,412874382122,경기도 고양시 일산서구 일청로12번길,9,,4128710100106170020007583,,경기도 고양시 일산서구 일청로12번길 9,411870,10342,,1,,126.770832297326,37.6856238280411
MA010120220801836369,일본성인용품현대상사,,G2,소매,G221,기타 상품 소매,G22199,그 외 기타 상품 전문 소매업,G47859,그 외 기타 분류 안된 상품 전문 소매업,41,경기도,41285,고양시 일산동구,41285600,고봉동,4128511300,성석동,4128511300110790001,1,대지,1079,1,경기도 고양시 일산동구 성석동 1079-1,412853012034,경기도 고양시 일산동구 고봉로,645,,4128511300110790001011007,,경기도 고양시 일산동구 고봉로 645,410570,10245,,2,,126.788254488891,37.7145416204828
MA010120220801820538,빅풋큰발화분,,G2,소매,G221,기타 상품 소매,G22199,그 외 기타 상품 전문 소매업,G47859,그 외 기타 분류 안된 상품 전문 소매업,41,경기도,41285,고양시 일산동구,41285580,장항1동,4128510600,백석동,4128510600104160001,1,대지,416,1,경기도 고양시 일산동구 백석동 416-1,412853192096,경기도 고양시 일산동구 호수로,256,113,4128510600104150001016186,,경기도 고양시 일산동구 호수로 256-113,410834,10435,,,,126.793300618582,37.637201638441
MA010120220801836678,대영불교,,G2,소매,G221,기타 상품 소매,G22199,그 외 기타 상품 전문 소매업,G47859,그 외 기타 분류 안된 상품 전문 소매업,41,경기도,41287,고양시 일산서구,41287510,일산1동,4128710100,일산동,4128710100106050041,1,대지,605,41,경기도 고양시 일산서구 일산동 605-41,412873194019,경기도 고양시 일산서구 원일로,61,1,4128710100106050041003521,,경기도 고양시 일산서구 원일로 61-1,411850,10350,,1,,126.769251933303,37.6870803271714
MA010120220801798196,원헤어가발,,G2,소매,G221,기타 상품 소매,G22199,그 외 기타 상품 전문 소매업,G47422,의복 액세서리 및 모조 장신구 소매업,41,경기도,41287,고양시 일산서구,41287560,주엽2동,4128710200,주엽동,4128710200101090000,1,대지,109,,경기도 고양시 일산서구 주엽동 109,412873192094,경기도 고양시 일산서구 중앙로,1437,,4128710200101090000001372,화성프라자,경기도 고양시 일산서구 중앙로 1437,411838,10387,,3,,126.760497580999,37.6700614411181
MA010120220801805443,화전농약농자재,,G2,소매,G221,기타 상품 소매,G22199,그 외 기타 상품 전문 소매업,G47859,그 외 기타 분류 안된 상품 전문 소매업,41,경기도,41281,고양시 덕양구,41281660,화전동,4128112900,화전동,4128112900102030089,1,대지,203,89,경기도 고양시 덕양구 화전동 203-89,412813192097,경기도 고양시 덕양구 화랑로,31,,4128112900102030088002637,화전동,경기도 고양시 덕양구 화랑로 31,412160,10540,,,,126.87032544082,37.6014611543408
MA010120220801846671,유한책임회사하이모,일산지점,G2,소매,G221,기타 상품 소매,G22199,그 외 기타 상품 전문 소매업,G47422,의복 액세서리 및 모조 장신구 소매업,41,경기도,41285,고양시 일산동구,41285590,장항2동,4128510400,장항동,4128510400108460000,1,대지,846,,경기도 고양시 일산동구 장항동 846,412853193031,경기도 고양시 일산동구 정발산로,43,20,4128510400108460000009234,센트럴프라자,경기도 고양시 일산동구 정발산로 43-20,410837,10402,,,,126.773579507816,37.6583114811703
MA010120220801870931,우주불교만물,,G2,소매,G221,기타 상품 소매,G22199,그 외 기타 상품 전문 소매업,G47859,그 외 기타 분류 안된 상품 전문 소매업,11,서울특별시,11710,송파구,11710540,마천1동,1171011400,마천동,1171011400103260001,1,대지,326,1,서울특별시 송파구 마천동 326-1,117103123010,서울특별시 송파구 성내천로,318,,1171011400103260001020266,,서울특별시 송파구 성내천로 318,138821,05763,,1,,127.156014038083,37.4924715779665
MA010120220801873892,광장열쇠,,G2,소매,G221,기타 상품 소매,G22199,그 외 기타 상품 전문 소매업,G47859,그 외 기타 분류 안된 상품 전문 소매업,41,경기도,41131,성남시 수정구,41131590,단대동,4113110400,단대동,4113110400100670001,1,대지,67,1,경기도 성남시 수정구 단대동 67-1,411313178005,경기도 성남시 수정구 논골로,7,,4113110400100670001052205,제,경기도 성남시 수정구 논골로 7,461800,13141,,5,,127.160456598665,37.4547944317667
MA010120220801878867,아리엔,,G2,소매,G221,기타 상품 소매,G22199,그 외 기타 상품 전문 소매업,G47859,그 외 기타 분류 안된 상품 전문 소매업,41,경기도,41133,성남시 중원구,41133670,도촌동,4113310700,도촌동,4113310700105630000,1,대지,563,,경기도 성남시 중원구 도촌동 563,411333179007,경기도 성남시 중원구 도촌로,12,,4113310700105630000000001,도촌대덕프라자,경기도 성남시 중원구 도촌로 12,462080,13426,,6,,127.150747757494,37.4152075950113
MA010120220801882681,동우크린,,G2,소매,G221,기타 상품 소매,G22199,그 외 기타 상품 전문 소매업,G47859,그 외 기타 분류 안된 상품 전문 소매업,41,경기도,41135,성남시 분당구,41135640,야탑3동,4113510700,야탑동,4113510700101450000,1,대지,145,,경기도 성남시 분당구 야탑동 145,411353180051,경기도 성남시 분당구 판교로,744,,4113510700101450000010401,분당테크노파크,경기도 성남시 분당구 판교로 744,463760,13510,,1,,127.155131576161,37.4046870320709
MA010120220801866721,고려홍삼총판,,G2,소매,G221,기타 상품 소매,G22199,그 외 기타 상품 전문 소매업,G47859,그 외 기타 분류 안된 상품 전문 소매업,48,경상남도,48250,김해시,48250520,회현동,4825010200,서상동,4825010200100270024,1,대지,27,24,경상남도 김해시 서상동 27-24,482504805030,경상남도 김해시 가락로94번길,1,,4825010200100270024090011,,경상남도 김해시 가락로94번길 1,621030,50915,,,,128.881439646233,35.2350349485442
MA010120220801879397,거인상사,,G2,소매,G221,기타 상품 소매,G22199,그 외 기타 상품 전문 소매업,G47859,그 외 기타 분류 안된 상품 전문 소매업,41,경기도,41450,하남시,41450620,미사2동,4145010900,망월동,4145010900108340000,1,대지,834,,경기도 하남시 망월동 834,414503202055,경기도 하남시 미사강변한강로,135,,4145010900108340000000001,,경기도 하남시 미사강변한강로 135,465150,12902,,,,127.191781229533,37.5766443664251
MA010120220801856239,매치,,G2,소매,G221,기타 상품 소매,G22199,그 외 기타 상품 전문 소매업,G47422,의복 액세서리 및 모조 장신구 소매업,11,서울특별시,11680,강남구,11680545,압구정동,1168010700,신사동,1168010700106600002,1,대지,660,2,서울특별시 강남구 신사동 660-2,116803122007,서울특별시 강남구 압구정로,326,,1168010700106600004009682,신라상가,서울특별시 강남구 압구정로 326,135897,06018,,,,127.037231895762,37.5283926633136
MA010120220801863784,중앙안전상사,,G2,소매,G221,기타 상품 소매,G22199,그 외 기타 상품 전문 소매업,G47859,그 외 기타 분류 안된 상품 전문 소매업,41,경기도,41133,성남시 중원구,41133660,하대원동,4113310900,하대원동,4113310900101180006,1,대지,118,6,경기도 성남시 중원구 하대원동 118-6,411332179001,경기도 성남시 중원구 둔촌대로,215,,4113310900101180006026248,한스빌딩,경기도 성남시 중원구 둔촌대로 215,462838,13387,,,,127.142063365989,37.4284272636456
MA010120220801869203,핑크벨리,,G2,소매,G221,기타 상품 소매,G22199,그 외 기타 상품 전문 소매업,G47422,의복 액세서리 및 모조 장신구 소매업,44,충청남도,44131,천안시 동남구,44131510,중앙동,4413110400,사직동,4413110400101520001,1,대지,152,1,충청남도 천안시 동남구 사직동 152-1,441313249021,충청남도 천안시 동남구 사직로,25,1,4413110400101520001023632,,충청남도 천안시 동남구 사직로 25-1,330040,31129,,,,127.149078518199,36.802350369796
MA010120220801889854,셀모,,G2,소매,G221,기타 상품 소매,G22199,그 외 기타 상품 전문 소매업,G47422,의복 액세서리 및 모조 장신구 소매업,41,경기도,41131,성남시 수정구,41131580,수진2동,4113110300,수진동,4113110300145800000,1,대지,4580,,경기도 성남시 수정구 수진동 4580,411312000005,경기도 성남시 수정구 성남대로,1207,,4113110300145800000054497,,경기도 성남시 수정구 성남대로 1207,461807,13313,,3,,127.127854387585,37.4374986942956
MA010120220801889880,플러스켐,,G2,소매,G221,기타 상품 소매,G22199,그 외 기타 상품 전문 소매업,G47859,그 외 기타 분류 안된 상품 전문 소매업,41,경기도,41610,광주시,41610560,광남1동,4161011300,목동,4161011300100690004,1,대지,69,4,경기도 광주시 목동 69-4,416103211005,경기도 광주시 광남안로,157,,4161011300100690004000001,,경기도 광주시 광남안로 157,464020,12770,,,,127.212819878397,37.3831079260334
MA010120220801854187,평온,,G2,소매,G221,기타 상품 소매,G22199,그 외 기타 상품 전문 소매업,G47859,그 외 기타 분류 안된 상품 전문 소매업,41,경기도,41281,고양시 덕양구,41281590,고양동,4128111700,대자동,4128111700102990003,1,대지,299,3,경기도 고양시 덕양구 대자동 299-3,412813000136,경기도 고양시 덕양구 호국로,1393,1,4128111700102990003005474,,경기도 고양시 덕양구 호국로 1393-1,412801,10283,,,,126.891001447145,37.680489359323
MA010120220801864618,세기수족관,,G2,소매,G221,기타 상품 소매,G22199,그 외 기타 상품 전문 소매업,G47859,그 외 기타 분류 안된 상품 전문 소매업,41,경기도,41450,하남시,41450510,천현동,4145010100,천현동,4145010100104360004,1,대지,436,4,경기도 하남시 천현동 436-4,414502202001,경기도 하남시 하남대로,645,,4145010100104360004000001,,경기도 하남시 하남대로 645,465816,12956,,,,127.219586043298,37.530906403919
MA010120220801862022,담양돗자리,,G2,소매,G221,기타 상품 소매,G22199,그 외 기타 상품 전문 소매업,G45219,기타 자동차 신품 부품 및 내장품 판매업,41,경기도,41133,성남시 중원구,41133660,하대원동,4113310900,하대원동,4113310900102250005,1,대지,225,5,경기도 성남시 중원구 하대원동 225-5,411332179001,경기도 성남시 중원구 둔촌대로,359,,4113310900102250005005760,,경기도 성남시 중원구 둔촌대로 359,462840,13391,,1,,127.157075306202,37.4322375869421
MA010120220801880761,대우상사,,G2,소매,G221,기타 상품 소매,G22199,그 외 기타 상품 전문 소매업,G47859,그 외 기타 분류 안된 상품 전문 소매업,44,충청남도,44270,당진시,44270253,송악읍,4427025333,송악읍,4427025333116330006,1,대지,1633,6,충청남도 당진시 송악읍 복운리 1633-6,442704595425,충청남도 당진시 송악읍 신복운로5길,14,,4483025633116330006000001,,충청남도 당진시 송악읍 신복운로5길 14,343827,31724,,,,126.781395433469,36.9425531736075
MA010120220801864824,강화식품원,,G2,소매,G221,기타 상품 소매,G22199,그 외 기타 상품 전문 소매업,G47859,그 외 기타 분류 안된 상품 전문 소매업,41,경기도,41570,김포시,41570256,양촌읍,4157025621,양촌읍,4157025621104210008,1,대지,421,8,경기도 김포시 양촌읍 양곡리 421-8,415704427390,경기도 김포시 양촌읍 양곡1로56번길,16,,4157032021104210008002973,,경기도 김포시 양촌읍 양곡1로56번길 16,415845,10059,,1,,126.623860556507,37.656091096324
MA010120220801854687,갑조네,,G2,소매,G221,기타 상품 소매,G22199,그 외 기타 상품 전문 소매업,G47859,그 외 기타 분류 안된 상품 전문 소매업,41,경기도,41281,고양시 덕양구,41281590,고양동,4128111400,벽제동,4128111400102280007,1,대지,228,7,경기도 고양시 덕양구 벽제동 228-7,412813000136,경기도 고양시 덕양구 호국로,1622,,4128111400102280007017252,,경기도 고양시 덕양구 호국로 1622,412801,10269,,,,126.902476234475,37.695933141906
MA010120220801868091,민속만물,,G2,소매,G221,기타 상품 소매,G22199,그 외 기타 상품 전문 소매업,G47859,그 외 기타 분류 안된 상품 전문 소매업,41,경기도,41133,성남시 중원구,41133510,성남동,4113310100,성남동,4113310100121330000,1,대지,2133,,경기도 성남시 중원구 성남동 2133,411333179004,경기도 성남시 중원구 광명로,129,,4113310100121330000050645,,경기도 성남시 중원구 광명로 129,462824,13358,,,,127.142588360521,37.4371664834811
MA010120220801875299,삼보기업,,G2,소매,G221,기타 상품 소매,G22199,그 외 기타 상품 전문 소매업,G47859,그 외 기타 분류 안된 상품 전문 소매업,41,경기도,41131,성남시 수정구,41131590,단대동,4113110400,단대동,4113110400101660003,1,대지,166,3,경기도 성남시 수정구 단대동 166-3,411314334603,경기도 성남시 수정구 희망로482번길,24,4,4113110400101660003007772,,경기도 성남시 수정구 희망로482번길 24-4,461801,13147,,1,,127.156916694408,37.4482668432221
MA010120220801865295,남양농원,,G2,소매,G221,기타 상품 소매,G22199,그 외 기타 상품 전문 소매업,G47859,그 외 기타 분류 안된 상품 전문 소매업,41,경기도,41133,성남시 중원구,41133510,성남동,4113310100,성남동,4113310100141590000,1,대지,4159,,경기도 성남시 중원구 성남동 4159,411332000005,경기도 성남시 중원구 성남대로,1149,,4113310100141590000045630,,경기도 성남시 중원구 성남대로 1149,462829,13376,,,,127.128738299339,37.4323889771724
MA010120220801854890,아세스,,G2,소매,G221,기타 상품 소매,G22199,그 외 기타 상품 전문 소매업,G47859,그 외 기타 분류 안된 상품 전문 소매업,11,서울특별시,11560,영등포구,11560620,양평2동,1156012800,양평동4가,1156012800100800000,1,대지,80,,서울특별시 영등포구 양평동4가 80,115604154453,서울특별시 영등포구 선유로49길,23,,1156012800100790001020516,선유도역2차,서울특별시 영등포구 선유로49길 23,150866,07208,,,,126.895058722477,37.5361906153416
MA010120220801495877,관음불교사,,G2,소매,G221,기타 상품 소매,G22199,그 외 기타 상품 전문 소매업,G47859,그 외 기타 분류 안된 상품 전문 소매업,41,경기도,41220,평택시,41220610,통복동,4122011400,통복동,4122011400100700028,1,대지,70,28,경기도 평택시 통복동 70-28,412204364814,경기도 평택시 통복시장로25번길,12,,4122011400100700028012358,,경기도 평택시 통복시장로25번길 12,450040,17893,,1,,127.084986435479,36.9978344098941
MA010120220801508059,라보떼컴퍼니,,G2,소매,G221,기타 상품 소매,G22199,그 외 기타 상품 전문 소매업,G47859,그 외 기타 분류 안된 상품 전문 소매업,41,경기도,41220,평택시,41220310,진위면,4122031027,진위면,4122031027107370002,1,대지,737,2,경기도 평택시 진위면 갈곶리 737-2,412203351191,경기도 평택시 진위면 진위2산단로,140,,4122031027107370002000001,더퍼스트타워,경기도 평택시 진위면 진위2산단로 140,451862,17712,,,,127.077943073714,37.1191867796608
MA010120220801524550,수린불교사,,G2,소매,G221,기타 상품 소매,G22199,그 외 기타 상품 전문 소매업,G47859,그 외 기타 분류 안된 상품 전문 소매업,46,전라남도,46130,여수시,46130655,대교동,4613011500,봉산동,4613011500107080000,1,대지,708,,전라남도 여수시 봉산동 708,461303282045,전라남도 여수시 신월로,777,,4613011500107090000050047,,전라남도 여수시 신월로 777,550819,59755,,2,,127.724199820227,34.7386677159285
MA010120220801505335,고려불교사,,G2,소매,G221,기타 상품 소매,G22199,그 외 기타 상품 전문 소매업,G47859,그 외 기타 분류 안된 상품 전문 소매업,41,경기도,41220,평택시,41220610,통복동,4122011400,통복동,4122011400100610010,1,대지,61,10,경기도 평택시 통복동 61-10,412204364818,경기도 평택시 통복시장로47번길,24,,4122011400100610010012476,,경기도 평택시 통복시장로47번길 24,450040,17892,,,,127.084425983132,36.9989701736207
MA010120220801529562,해공,,G2,소매,G221,기타 상품 소매,G22199,그 외 기타 상품 전문 소매업,G47859,그 외 기타 분류 안된 상품 전문 소매업,28,인천광역시,28260,서구,28260720,오류왕길동,2826011900,오류동,2826011900115430000,1,대지,1543,,인천광역시 서구 오류동 1543,282603156121,인천광역시 서구 거첨로,295,,2826011900100000000000027,에스엠상선경인터미널,인천광역시 서구 거첨로 295,404300,22849,,,,126.597723069618,37.566546218123
MA010120220801540144,고려인삼이천총판,,G2,소매,G221,기타 상품 소매,G22199,그 외 기타 상품 전문 소매업,G47859,그 외 기타 분류 안된 상품 전문 소매업,41,경기도,41500,이천시,41500530,관고동,4150010200,관고동,4150010200100040022,1,대지,4,22,경기도 이천시 관고동 4-22,415003207041,경기도 이천시 영창로,149,1,4150010200100040022011343,,경기도 이천시 영창로 149-1,467020,17365,,,,127.439288176067,37.2820012612463
MA010120220801515098,양키캔들이마트,평택점,G2,소매,G221,기타 상품 소매,G22199,그 외 기타 상품 전문 소매업,G47813,"화장품, 비누 및 방향제 소매업",41,경기도,41220,평택시,41220640,세교동,4122012100,지제동,4122012100100500000,1,대지,50,,경기도 평택시 지제동 50,412203188065,경기도 평택시 영신로,29,,4122012100100500000002381,이마트,경기도 평택시 영신로 29,450815,17840,,1,,127.075539073731,37.0211157133922
MA010120220801541316,경안종묘농약사,,G2,소매,G221,기타 상품 소매,G22199,그 외 기타 상품 전문 소매업,G47859,그 외 기타 분류 안된 상품 전문 소매업,41,경기도,41610,광주시,41610510,경안동,4161011200,역동,4161011200100250011,1,대지,25,11,경기도 광주시 역동 25-11,416103211038,경기도 광주시 중앙로,84,,4161011200100250011002967,,경기도 광주시 중앙로 84,464807,12758,,,,127.25984257003,37.4075937730498
MA010120220801493711,좋은농자재,,G2,소매,G221,기타 상품 소매,G22199,그 외 기타 상품 전문 소매업,G47859,그 외 기타 분류 안된 상품 전문 소매업,41,경기도,41220,평택시,41220560,송북동,4122011100,독곡동,4122011100100340000,1,대지,34,,경기도 평택시 독곡동 34,412204364342,경기도 평택시 송탄고가길,125,,4122011100100340000001339,,경기도 평택시 송탄고가길 125,459800,17715,,,,127.069546731578,37.0920609009238
MA010120220801522116,세이프월드,,G2,소매,G221,기타 상품 소매,G22199,그 외 기타 상품 전문 소매업,G47859,그 외 기타 분류 안된 상품 전문 소매업,11,서울특별시,11380,은평구,11380590,응암2동,1138010700,응암동,1138010700104270073,1,대지,427,73,서울특별시 은평구 응암동 427-73,113804133234,서울특별시 은평구 응암로22길,11,8,1138010700104270073020928,,서울특별시 은평구 응암로22길 11-8,122920,03466,,,,126.919695995346,37.5940718975819
MA010120220801542390,원제한약방,,G2,소매,G221,기타 상품 소매,G22199,그 외 기타 상품 전문 소매업,G47811,의약품 및 의료용품 소매업,41,경기도,41500,이천시,41500520,중리동,4150010300,중리동,4150010300102150005,1,대지,215,5,경기도 이천시 중리동 215-5,415004421522,경기도 이천시 어재연로10번길,52,,4150010300102150005010428,,경기도 이천시 어재연로10번길 52,467800,17374,,,,127.445869876052,37.2775706045341
MA010120220801500126,대성상사,,G2,소매,G221,기타 상품 소매,G22199,그 외 기타 상품 전문 소매업,G47859,그 외 기타 분류 안된 상품 전문 소매업,41,경기도,41220,평택시,41220250,팽성읍,4122025041,팽성읍,4122025041101480032,1,대지,148,32,경기도 평택시 팽성읍 안정리 148-32,412204364415,경기도 평택시 팽성읍 안정로29번길,32,,4122025041101480032034432,우측호,경기도 평택시 팽성읍 안정로29번길 32,451807,17983,,1,,127.04640824591,36.9607130186189
MA010120220801503156,그린상사,,G2,소매,G221,기타 상품 소매,G22199,그 외 기타 상품 전문 소매업,G47859,그 외 기타 분류 안된 상품 전문 소매업,41,경기도,41550,안성시,41550350,대덕면,4155035028,대덕면,4155035028104130007,1,대지,413,7,경기도 안성시 대덕면 내리 413-7,415503208045,경기도 안성시 대덕면 중앙대학로,5,,4155035028104130007015705,,경기도 안성시 대덕면 중앙대학로 5,456831,17546,,,,127.219651053787,37.0098442086888
MA010120220801503244,SEROWAY,,G2,소매,G221,기타 상품 소매,G22199,그 외 기타 상품 전문 소매업,G47859,그 외 기타 분류 안된 상품 전문 소매업,41,경기도,41220,평택시,41220250,팽성읍,4122025021,팽성읍,4122025021101130005,1,대지,113,5,경기도 평택시 팽성읍 객사리 113-5,412203188115,경기도 평택시 팽성읍 팽성송화로,214,15,4122025021101130005026455,,경기도 평택시 팽성읍 팽성송화로 214-15,451801,17990,,1,,127.063646627762,36.9634984030706
MA010120220801518461,다락방,,G2,소매,G221,기타 상품 소매,G22199,그 외 기타 상품 전문 소매업,G47859,그 외 기타 분류 안된 상품 전문 소매업,41,경기도,41220,평택시,41220253,안중읍,4122025330,안중읍,4122025330100470000,1,대지,47,,경기도 평택시 안중읍 현화리 47,412204364468,경기도 평택시 안중읍 안현로서6길,32,,4122025330100470000042533,,경기도 평택시 안중읍 안현로서6길 32,451885,17936,,,,126.925956956598,36.9848841597744
MA010120220801515475,디엔아이,코리아,G2,소매,G221,기타 상품 소매,G22199,그 외 기타 상품 전문 소매업,G47859,그 외 기타 분류 안된 상품 전문 소매업,41,경기도,41220,평택시,41220610,통복동,4122011400,통복동,4122011400100320022,1,대지,32,22,경기도 평택시 통복동 32-22,412203188117,경기도 평택시 평택1로,81,1,4122011400100320022012474,,경기도 평택시 평택1로 81-1,450040,17891,,1,,127.088627983778,36.9992824893421
MA010120220801526689,안성서운포도,,G2,소매,G221,기타 상품 소매,G22199,그 외 기타 상품 전문 소매업,G47859,그 외 기타 분류 안된 상품 전문 소매업,41,경기도,41550,안성시,41550330,서운면,4155033024,서운면,4155033024100100001,1,대지,10,1,경기도 안성시 서운면 신촌리 10-1,415504424390,경기도 안성시 서운면 서운중앙길,16,,4155033021101030013004931,,경기도 안성시 서운면 서운중앙길 16,456852,17607,,,,127.258684425901,36.9434368034304
MA010120220801494223,대신씨앤지,,G2,소매,G221,기타 상품 소매,G22199,그 외 기타 상품 전문 소매업,G47859,그 외 기타 분류 안된 상품 전문 소매업,41,경기도,41220,평택시,41220253,안중읍,4122025323,안중읍,4122025323101630007,1,대지,163,7,경기도 평택시 안중읍 금곡리 163-7,412202012006,경기도 평택시 안중읍 서동대로,1866,,4122025323101630007231043,,경기도 평택시 안중읍 서동대로 1866,451881,17928,,,,126.955018664548,36.9974057695479
MA010120220801503495,해동불교사,,G2,소매,G221,기타 상품 소매,G22199,그 외 기타 상품 전문 소매업,G47859,그 외 기타 분류 안된 상품 전문 소매업,41,경기도,41220,평택시,41220610,통복동,4122011400,통복동,4122011400100710008,1,대지,71,8,경기도 평택시 통복동 71-8,412204364818,경기도 평택시 통복시장로47번길,17,,4122011400100710008012430,,경기도 평택시 통복시장로47번길 17,450040,17892,,,,127.084886469968,36.9988617153304
MA010120220801526906,에스씨개발주,,G2,소매,G221,기타 상품 소매,G22199,그 외 기타 상품 전문 소매업,G47859,그 외 기타 분류 안된 상품 전문 소매업,30,대전광역시,30200,유성구,30200550,신성동,3020012500,신성동,3020012500101700030,1,대지,170,30,대전광역시 유성구 신성동 170-30,302004851247,대전광역시 유성구 유성대로1184번길,5,14,3020013400100150004004985,,대전광역시 유성구 유성대로1184번길 5-14,305805,34109,,,,127.352313557941,36.3944632251331
MA010120220801540471,광주만물,,G2,소매,G221,기타 상품 소매,G22199,그 외 기타 상품 전문 소매업,G47859,그 외 기타 분류 안된 상품 전문 소매업,41,경기도,41610,광주시,41610510,경안동,4161010100,경안동,4161010100100360065,1,대지,36,65,경기도 광주시 경안동 36-65,416104433018,경기도 광주시 경안로41번길,3,1,4161010100100360065000001,,경기도 광주시 경안로41번길 3-1,464801,12760,,,,127.256549331647,37.409033582975
MA010120220801494505,만영불교사,,G2,소매,G221,기타 상품 소매,G22199,그 외 기타 상품 전문 소매업,G47859,그 외 기타 분류 안된 상품 전문 소매업,41,경기도,41220,평택시,41220560,송북동,4122011000,지산동,4122011000107580039,1,대지,758,39,경기도 평택시 지산동 758-39,412203188086,경기도 평택시 지산1로,61,4,4122011000107580039008764,,경기도 평택시 지산1로 61-4,459110,17756,,,,127.058245235445,37.0810198829481
MA010120220801536614,황하컴퍼니,,G2,소매,G221,기타 상품 소매,G22199,그 외 기타 상품 전문 소매업,G47859,그 외 기타 분류 안된 상품 전문 소매업,41,경기도,41590,화성시,41590410,정남면,4159041022,정남면,4159041022109200005,1,대지,920,5,경기도 화성시 정남면 괘랑리 920-5,415903210033,경기도 화성시 정남면 만년로,568,,4159041022109200005000101,,경기도 화성시 정남면 만년로 568,445965,18516,,,,126.983785763704,37.1719413353332
MA010120220801542450,성광축산시스템,,G2,소매,G221,기타 상품 소매,G22199,그 외 기타 상품 전문 소매업,G47859,그 외 기타 분류 안된 상품 전문 소매업,41,경기도,41500,이천시,41500515,증포동,4150010800,갈산동,4150010800102100007,1,대지,210,7,경기도 이천시 갈산동 210-7,415003207059,경기도 이천시 갈산로,108,,4150010800102100007000001,,경기도 이천시 갈산로 108,467802,17350,,,,127.464615809285,37.2877252193893
MA010120220801494659,현대유통,,G2,소매,G221,기타 상품 소매,G22199,그 외 기타 상품 전문 소매업,G47859,그 외 기타 분류 안된 상품 전문 소매업,41,경기도,41220,평택시,41220590,신평동,4122011600,유천동,4122011600106350002,1,대지,635,2,경기도 평택시 유천동 635-2,412203188054,경기도 평택시 신평로,47,,4122011600106350002027779,,경기도 평택시 신평로 47,450030,17878,,,,127.107171660734,36.9722166496123
MA010120220801497975,대일농약사,,G2,소매,G221,기타 상품 소매,G22199,그 외 기타 상품 전문 소매업,G47859,그 외 기타 분류 안된 상품 전문 소매업,41,경기도,41550,안성시,41550400,죽산면,4155040021,죽산면,4155040021104330009,1,대지,433,9,경기도 안성시 죽산면 죽산리 433-9,415503208065,경기도 안성시 죽산면 죽주로,247,1,4155040021104330009024421,,경기도 안성시 죽산면 죽주로 247-1,456894,17519,,,,127.422740853492,37.0749464982171
MA010120220801531537,보개농업협동조합경제부,,G2,소매,G221,기타 상품 소매,G22199,그 외 기타 상품 전문 소매업,G47859,그 외 기타 분류 안된 상품 전문 소매업,41,경기도,41550,안성시,41550510,안성1동,4155012600,가사동,4155012600100740005,1,대지,74,5,경기도 안성시 가사동 74-5,415503012053,경기도 안성시 보개원삼로,110,,4155012600100740005048915,,경기도 안성시 보개원삼로 110,456010,17585,,,,127.287124208234,37.0132504040982
MA010120220801543475,유림카용품,백화점,G2,소매,G221,기타 상품 소매,G22199,그 외 기타 상품 전문 소매업,G45213,자동차 내장용 신품 전기ㆍ전자ㆍ정밀기기 판매업,41,경기도,41500,이천시,41500250,장호원읍,4150025021,장호원읍,4150025021101120039,1,대지,112,39,경기도 이천시 장호원읍 장호원리 112-39,415004421669,경기도 이천시 장호원읍 장감로49번길,20,,4150025021101120039021311,영현빌딩,경기도 이천시 장호원읍 장감로49번길 20,467902,17419,,,,127.628152476859,37.1175753845419
MA010120220801509990,불교마트관음불교사,,G2,소매,G221,기타 상품 소매,G22199,그 외 기타 상품 전문 소매업,G47859,그 외 기타 분류 안된 상품 전문 소매업,41,경기도,41550,안성시,41550520,안성2동,4155012400,도기동,4155012400102180001,1,대지,218,1,경기도 안성시 도기동 218-1,415504424027,경기도 안성시 강변로74번길,31,,4155012400102180001000001,,경기도 안성시 강변로74번길 31,456270,17596,,,,127.270938572942,36.9991144904475
MA010120220801539660,연흥물산,,G2,소매,G221,기타 상품 소매,G22199,그 외 기타 상품 전문 소매업,G47859,그 외 기타 분류 안된 상품 전문 소매업,30,대전광역시,30200,유성구,30200540,온천2동,3020011700,장대동,3020011700102770024,1,대지,277,24,대전광역시 유성구 장대동 277-24,302004301353,대전광역시 유성구 유성대로730번길,17,10,3020011700102770024016158,,대전광역시 유성구 유성대로730번길 17-10,305308,34172,,,,127.333723000332,36.3584246601525
MA010120220801507311,엔비시스템,,G2,소매,G221,기타 상품 소매,G22199,그 외 기타 상품 전문 소매업,G47859,그 외 기타 분류 안된 상품 전문 소매업,41,경기도,41220,평택시,41220590,신평동,4122011700,합정동,4122011700103180005,1,대지,318,5,경기도 평택시 합정동 318-5,412204364213,경기도 평택시 배미2길,42,,4122011700103180005019315,,경기도 평택시 배미2길 42,450829,17903,,,,127.109911909082,36.9878569796786
MA010120220801501748,평택총포사,,G2,소매,G221,기타 상품 소매,G22199,그 외 기타 상품 전문 소매업,G47859,그 외 기타 분류 안된 상품 전문 소매업,41,경기도,41220,평택시,41220590,신평동,4122011700,합정동,4122011700107570009,1,대지,757,9,경기도 평택시 합정동 757-9,412203188084,경기도 평택시 중앙로,152,1,4122011700107570009018432,,경기도 평택시 중앙로 152-1,450832,17907,,2,,127.099909297364,36.9922270635745
MA010120220801504578,송탄일광석예원,,G2,소매,G221,기타 상품 소매,G22199,그 외 기타 상품 전문 소매업,G47859,그 외 기타 분류 안된 상품 전문 소매업,41,경기도,41220,평택시,41220560,송북동,4122011100,독곡동,4122011100103900010,1,대지,390,10,경기도 평택시 독곡동 390-10,412203188104,경기도 평택시 탄현로,416,,4122011100103900010000217,외,경기도 평택시 탄현로 416,459800,17755,,,,127.062062957631,37.0873794968753
MA010120220801534494,비전주,,G2,소매,G221,기타 상품 소매,G22199,그 외 기타 상품 전문 소매업,G47859,그 외 기타 분류 안된 상품 전문 소매업,41,경기도,41220,평택시,41220590,신평동,4122011700,합정동,4122011700109270007,1,대지,927,7,경기도 평택시 합정동 927-7,412204364702,경기도 평택시 조개터로6번길,15,1,4122011700109270007016276,,경기도 평택시 조개터로6번길 15-1,450020,17915,,,,127.101925187188,36.9876478454676
MA010120220801492836,영광한약방,,G2,소매,G221,기타 상품 소매,G22199,그 외 기타 상품 전문 소매업,G47859,그 외 기타 분류 안된 상품 전문 소매업,41,경기도,41220,평택시,41220610,통복동,4122011400,통복동,4122011400100670007,1,대지,67,7,경기도 평택시 통복동 67-7,412204364812,경기도 평택시 통복시장로21번길,26,,4122011400100670007012564,,경기도 평택시 통복시장로21번길 26,450040,17893,,,,127.08398627893,36.9975467753652
MA010120220801534580,한국장애인직업재활원,,G2,소매,G221,기타 상품 소매,G22199,그 외 기타 상품 전문 소매업,G47859,그 외 기타 분류 안된 상품 전문 소매업,41,경기도,41550,안성시,41550250,공도읍,4155025031,공도읍,4155025031105740001,1,대지,574,1,경기도 안성시 공도읍 진사리 574-1,415504424652,경기도 안성시 공도읍 진건중길,135,2,4155025031105740001014652,,경기도 안성시 공도읍 진건중길 135-2,456826,17564,,,,127.13651625384,36.9845584325643
MA010120220801562823,제일농약사,,G2,소매,G221,기타 상품 소매,G22199,그 외 기타 상품 전문 소매업,G47859,그 외 기타 분류 안된 상품 전문 소매업,41,경기도,41610,광주시,41610510,경안동,4161010100,경안동,4161010100100330026,1,대지,33,26,경기도 광주시 경안동 33-26,416103211038,경기도 광주시 중앙로,95,14,4161010100100330005002745,,경기도 광주시 중앙로 95-14,464801,12759,,,,127.257484362988,37.4083107362288
MA010120220801568210,동신종묘,,G2,소매,G221,기타 상품 소매,G22199,그 외 기타 상품 전문 소매업,G47859,그 외 기타 분류 안된 상품 전문 소매업,41,경기도,41450,하남시,41450540,덕풍1동,4145010800,덕풍동,4145010800104200004,1,대지,420,4,경기도 하남시 덕풍동 420-4,414503202049,경기도 하남시 신평로,41,,4145010800104200004004318,,경기도 하남시 신평로 41,465011,12978,,,,127.204160974803,37.5375113727405
MA010120220801556858,목아박물관판매장,,G2,소매,G221,기타 상품 소매,G22199,그 외 기타 상품 전문 소매업,G47859,그 외 기타 분류 안된 상품 전문 소매업,41,경기도,41670,여주시,41670370,강천면,4167037023,강천면,4167037023103950002,1,대지,395,2,경기도 여주시 강천면 이호리 395-2,416704442393,경기도 여주시 강천면 이문안길,21,,4173038023103950002039853,,경기도 여주시 강천면 이문안길 21,469862,12615,,,,127.688166812396,37.288582815868
MA010120220801579448,닥터식물병원,,G2,소매,G221,기타 상품 소매,G22199,그 외 기타 상품 전문 소매업,G47859,그 외 기타 분류 안된 상품 전문 소매업,41,경기도,41610,광주시,41610259,곤지암읍,4161025935,곤지암읍,4161025935102770009,1,대지,277,9,경기도 광주시 곤지암읍 신대리 277-9,416103211004,경기도 광주시 곤지암읍 곤지암천로,143,,4161025635102770009258785,,경기도 광주시 곤지암읍 곤지암천로 143,464873,12801,,,,127.328930848971,37.3577124710777
MA010120220801586048,크리스티나성물,,G2,소매,G221,기타 상품 소매,G22199,그 외 기타 상품 전문 소매업,G47859,그 외 기타 분류 안된 상품 전문 소매업,41,경기도,41450,하남시,41450600,초이동,4145012200,초일동,4145012200101660000,1,대지,166,,경기도 하남시 초일동 166,414503202040,경기도 하남시 초일로,194,,4145012200101660000008251,,경기도 하남시 초일로 194,465220,12985,,,,127.186501149653,37.5338825255936
MA010120220801554566,보디가드.호신용품,,G2,소매,G221,기타 상품 소매,G22199,그 외 기타 상품 전문 소매업,G47859,그 외 기타 분류 안된 상품 전문 소매업,41,경기도,41133,성남시 중원구,41133525,중앙동,4113313200,중앙동,4113313200102240000,1,대지,224,,경기도 성남시 중원구 중앙동 224,411332179002,경기도 성남시 중원구 산성대로,338,7,4113310200102240000004834,,경기도 성남시 중원구 산성대로 338-7,462835,13248,,1,,127.154521500976,37.4430891709775
MA010120220801559982,경안불교사,,G2,소매,G221,기타 상품 소매,G22199,그 외 기타 상품 전문 소매업,G47859,그 외 기타 분류 안된 상품 전문 소매업,41,경기도,41610,광주시,41610520,송정동,4161010300,송정동,4161010300102980044,1,대지,298,44,경기도 광주시 송정동 298-44,416103211038,경기도 광주시 중앙로,327,5,4161010300102980044000001,,경기도 광주시 중앙로 327-5,464903,12739,,,,127.257960015742,37.4284384010747
MA010120220801574095,샘물불교사,,G2,소매,G221,기타 상품 소매,G22199,그 외 기타 상품 전문 소매업,G47859,그 외 기타 분류 안된 상품 전문 소매업,41,경기도,41670,여주시,41670520,중앙동,4167010700,하동,4167010700101260004,1,대지,126,4,경기도 여주시 하동 126-4,416704442326,경기도 여주시 여흥로33번길,12,,4173025027101260004058578,,경기도 여주시 여흥로33번길 12,469107,12623,,,,127.628533075033,37.2993393459268
MA010120220801576867,로즈,,G2,소매,G221,기타 상품 소매,G22199,그 외 기타 상품 전문 소매업,G47859,그 외 기타 분류 안된 상품 전문 소매업,41,경기도,41670,여주시,41670510,여흥동,4167010100,상동,4167010100102850004,1,대지,285,4,경기도 여주시 상동 285-4,416703214042,경기도 여주시 여흥로,142,,4173025021102850004057799,,경기도 여주시 여흥로 142,469101,12628,,,,127.638977020203,37.2953279327416
MA010120220801579574,명품갤러리,,G2,소매,G221,기타 상품 소매,G22199,그 외 기타 상품 전문 소매업,G47859,그 외 기타 분류 안된 상품 전문 소매업,41,경기도,41610,광주시,41610340,퇴촌면,4161034024,퇴촌면,4161034024100260008,1,대지,26,8,경기도 광주시 퇴촌면 영동리 26-8,416103211020,경기도 광주시 퇴촌면 정영로,966,,4161034024100260020001842,,경기도 광주시 퇴촌면 정영로 966,464983,12712,,,,127.386964479444,37.4771463771315
MA010120220801583134,흥농농약종묘,,G2,소매,G221,기타 상품 소매,G22199,그 외 기타 상품 전문 소매업,G47859,그 외 기타 분류 안된 상품 전문 소매업,41,경기도,41610,광주시,41610510,경안동,4161011200,역동,4161011200100200001,1,대지,20,1,경기도 광주시 역동 20-1,416103211038,경기도 광주시 중앙로,95,8,4161011200100200001002734,한미빌딩,경기도 광주시 중앙로 95-8,464807,12759,,1,,127.258037974988,37.4083545801764
MA010120220801548983,모가농약사,,G2,소매,G221,기타 상품 소매,G22199,그 외 기타 상품 전문 소매업,G47859,그 외 기타 분류 안된 상품 전문 소매업,41,경기도,41500,이천시,41500360,모가면,4150036021,모가면,4150036021100670032,1,대지,67,32,경기도 이천시 모가면 진가리 67-32,415003207055,경기도 이천시 모가면 진상미로,1254,,4150036021100670032023988,,경기도 이천시 모가면 진상미로 1254,467872,17408,,,,127.479983103098,37.1680960095706
MA010120220801577174,식물나라,,G2,소매,G221,기타 상품 소매,G22199,그 외 기타 상품 전문 소매업,G47859,그 외 기타 분류 안된 상품 전문 소매업,41,경기도,41610,광주시,41610253,초월읍,4161025329,초월읍,4161025329100220000,1,대지,22,,경기도 광주시 초월읍 지월리 22,416103203005,경기도 광주시 초월읍 경안천로,448,,4161025329100220000000001,,경기도 광주시 초월읍 경안천로 448,464863,12728,,,,127.29981028171,37.4289163156622
MA010120220801554978,핑크러브샵,,G2,소매,G221,기타 상품 소매,G22199,그 외 기타 상품 전문 소매업,G47859,그 외 기타 분류 안된 상품 전문 소매업,41,경기도,41670,여주시,41670250,가남읍,4167025021,가남읍,4167025021102850000,1,대지,285,,경기도 여주시 가남읍 태평리 285,416702012002,경기도 여주시 가남읍 경충대로,1371,,4173032021102850000015665,,경기도 여주시 가남읍 경충대로 1371,469884,12662,,,,127.541464609583,37.2099908196942
MA010120220801583698,장호원벌룬이벤트,,G2,소매,G221,기타 상품 소매,G22199,그 외 기타 상품 전문 소매업,G47859,그 외 기타 분류 안된 상품 전문 소매업,41,경기도,41500,이천시,41500250,장호원읍,4150025023,장호원읍,4150025023101730002,1,대지,173,2,경기도 이천시 장호원읍 진암리 173-2,415004421299,경기도 이천시 장호원읍 복숭아로208번길,58,,4150025023101730002000001,노란집,경기도 이천시 장호원읍 복숭아로208번길 58,467904,17422,,,,127.617352536527,37.1039181150734
MA010120220801549521,이합종묘농약사,,G2,소매,G221,기타 상품 소매,G22199,그 외 기타 상품 전문 소매업,G47859,그 외 기타 분류 안된 상품 전문 소매업,41,경기도,41500,이천시,41500530,관고동,4150010200,관고동,4150010200100080013,1,대지,8,13,경기도 이천시 관고동 8-13,415003207041,경기도 이천시 영창로,159,,4150010200100080012042717,,경기도 이천시 영창로 159,467020,17365,,,,127.440189935497,37.2819438493812
MA010120220801566926,블라썸,,G2,소매,G221,기타 상품 소매,G22199,그 외 기타 상품 전문 소매업,G47859,그 외 기타 분류 안된 상품 전문 소매업,41,경기도,41450,하남시,41450520,신장1동,4145010600,신장동,4145010600104270169,1,대지,427,169,경기도 하남시 신장동 427-169,414503202048,경기도 하남시 신장로,122,,4145010600104270169004345,,경기도 하남시 신장로 122,465820,12957,,,,127.204807432112,37.5380688726375
MA010120220801584130,마젠타,,G2,소매,G221,기타 상품 소매,G22199,그 외 기타 상품 전문 소매업,G47422,의복 액세서리 및 모조 장신구 소매업,11,서울특별시,11680,강남구,11680640,역삼1동,1168010100,역삼동,1168010100106610018,1,대지,661,18,서울특별시 강남구 역삼동 661-18,116804166559,서울특별시 강남구 언주로103길,17,3,1168010100106610018021828,,서울특별시 강남구 언주로103길 17-3,135913,06137,,,,127.038702514659,37.5062905766399
MA010120220801581362,새시대농사마트,,G2,소매,G221,기타 상품 소매,G22199,그 외 기타 상품 전문 소매업,G47859,그 외 기타 분류 안된 상품 전문 소매업,41,경기도,41610,광주시,41610340,퇴촌면,4161034021,퇴촌면,4161034021102270000,1,대지,227,,경기도 광주시 퇴촌면 광동리 227,416103211006,경기도 광주시 퇴촌면 광동로,35,,4161034021102270000005313,,경기도 광주시 퇴촌면 광동로 35,464981,12711,,,,127.306737238912,37.4707144368569
MA010120220801558344,대흥원예사,,G2,소매,G221,기타 상품 소매,G22199,그 외 기타 상품 전문 소매업,G47859,그 외 기타 분류 안된 상품 전문 소매업,46,전라남도,46840,무안군,46840360,해제면,4684036026,해제면,4684036026110740007,1,대지,1074,7,전라남도 무안군 해제면 신정리 1074-7,468403296054,전라남도 무안군 해제면 해제중앙로,16,,4684036026110740007000001,,전라남도 무안군 해제면 해제중앙로 16,534874,58502,,,,126.295043756704,35.1131559496623
MA010120220801553157,거왕상사,,G2,소매,G221,기타 상품 소매,G22199,그 외 기타 상품 전문 소매업,G47859,그 외 기타 분류 안된 상품 전문 소매업,41,경기도,41500,이천시,41500360,모가면,4150036022,모가면,4150036022101220008,1,대지,122,8,경기도 이천시 모가면 서경리 122-8,415004421789,경기도 이천시 모가면 진상미로1044번길,117,,4150036022101220001059647,,경기도 이천시 모가면 진상미로1044번길 117,467872,17408,,,,127.490110606624,37.1532503219443
MA010120220801570207,스피드정보통신,,G2,소매,G221,기타 상품 소매,G22199,그 외 기타 상품 전문 소매업,G47859,그 외 기타 분류 안된 상품 전문 소매업,41,경기도,41610,광주시,41610259,곤지암읍,4161025936,곤지암읍,4161025936101390001,1,대지,139,1,경기도 광주시 곤지암읍 삼리 139-1,416102012002,경기도 광주시 곤지암읍 경충대로,766,,4161025636101390001000002,,경기도 광주시 곤지암읍 경충대로 766,464937,12800,,1,,127.325503959077,37.3561451585656
MA010120220801575698,안전타운,,G2,소매,G221,기타 상품 소매,G22199,그 외 기타 상품 전문 소매업,G47859,그 외 기타 분류 안된 상품 전문 소매업,41,경기도,41500,이천시,41500515,증포동,4150010800,갈산동,4150010800100730001,1,대지,73,1,경기도 이천시 갈산동 73-1,415003207004,경기도 이천시 구만리로,322,,4150010800100730001014015,,경기도 이천시 구만리로 322,467110,17378,,,,127.466364272903,37.2805010843408
MA010120220801578360,삼일수석,,G2,소매,G221,기타 상품 소매,G22199,그 외 기타 상품 전문 소매업,G47859,그 외 기타 분류 안된 상품 전문 소매업,41,경기도,41500,이천시,41500530,관고동,4150011100,사음동,4150011100105700000,1,대지,570,,경기도 이천시 사음동 570,415002012002,경기도 이천시 경충대로,3039,,4150011100105700000012159,,경기도 이천시 경충대로 3039,467020,17308,,,,127.408234071836,37.2987905339354
MA010120220801555834,초원수석원,,G2,소매,G221,기타 상품 소매,G22199,그 외 기타 상품 전문 소매업,G47859,그 외 기타 분류 안된 상품 전문 소매업,11,서울특별시,11350,노원구,11350640,상계2동,1135010500,상계동,1135010500103870034,1,대지,387,34,서울특별시 노원구 상계동 387-34,113504130283,서울특별시 노원구 상계로24길,23,5,1135010500103870034007380,우측상가,서울특별시 노원구 상계로24길 23-5,139816,01698,,1,,127.070546905345,37.6576877930148
MA010120220801562156,광주상회,,G2,소매,G221,기타 상품 소매,G22199,그 외 기타 상품 전문 소매업,G47859,그 외 기타 분류 안된 상품 전문 소매업,41,경기도,41670,여주시,41670250,가남읍,4167025021,가남읍,4167025021101390000,1,대지,139,,경기도 여주시 가남읍 태평리 139,416704442463,경기도 여주시 가남읍 태평중앙1길,7,,4167025021101390000000001,,경기도 여주시 가남읍 태평중앙1길 7,469884,12662,,,,127.546634845436,37.2021009947805
MA010120220801553685,영수농약,,G2,소매,G221,기타 상품 소매,G22199,그 외 기타 상품 전문 소매업,G47859,그 외 기타 분류 안된 상품 전문 소매업,28,인천광역시,28710,강화군,28710250,강화읍,2871025021,강화읍,2871025021107140000,1,대지,714,,인천광역시 강화군 강화읍 신문리 714,287102157001,인천광역시 강화군 강화읍 강화대로,445,,2871025021107140000003353,,인천광역시 강화군 강화읍 강화대로 445,417807,23033,,,,126.48210167957,37.7474434133831
MA010120220801559008,대원만물,,G2,소매,G221,기타 상품 소매,G22199,그 외 기타 상품 전문 소매업,G47859,그 외 기타 분류 안된 상품 전문 소매업,41,경기도,41500,이천시,41500250,장호원읍,4150025022,장호원읍,4150025022100070015,1,대지,7,15,경기도 이천시 장호원읍 오남리 7-15,415004421372,경기도 이천시 장호원읍 서동대로8965번길,48,,4150025022100070015021725,,경기도 이천시 장호원읍 서동대로8965번길 48,467905,17420,,,,127.630406383521,37.1152927760095
MA010120220801565218,한일유통,,G2,소매,G221,기타 상품 소매,G22199,그 외 기타 상품 전문 소매업,G47859,그 외 기타 분류 안된 상품 전문 소매업,27,대구광역시,27200,남구,27200610,대명6동,2720010300,대명동,2720010300111010000,1,대지,1101,,대구광역시 남구 대명동 1101,272003144003,대구광역시 남구 대명로,46,,2720010300111010000002071,우방뉴코스모스아파트,대구광역시 남구 대명로 46,705811,42483,,2,,128.562656852305,35.8385949297783
MA010120220801547887,마장농약,,G2,소매,G221,기타 상품 소매,G22199,그 외 기타 상품 전문 소매업,G47859,그 외 기타 분류 안된 상품 전문 소매업,41,경기도,41500,이천시,41500340,마장면,4150034021,마장면,4150034021102800001,1,대지,280,1,경기도 이천시 마장면 오천리 280-1,415003207042,경기도 이천시 마장면 오천로,32,1,4150034021102800001005464,,경기도 이천시 마장면 오천로 32-1,467814,17387,,,,127.351844995209,37.2537125775858
MA010120220801613676,자광선원,,G2,소매,G221,기타 상품 소매,G22199,그 외 기타 상품 전문 소매업,G47859,그 외 기타 분류 안된 상품 전문 소매업,27,대구광역시,27290,달서구,27290568,장기동,2729011000,장기동,2729011000105990001,1,대지,599,1,대구광역시 달서구 장기동 599-1,272903147027,대구광역시 달서구 용산로,76,,2729011000105990001002498,,대구광역시 달서구 용산로 76,704945,42687,,2,,128.530858573587,35.8442309907653
MA010120220801591659,하립골,,G2,소매,G221,기타 상품 소매,G22199,그 외 기타 상품 전문 소매업,G47859,그 외 기타 분류 안된 상품 전문 소매업,51,강원특별자치도,51720,홍천군,51720360,남면,5172036026,남면,5172036026101030001,1,대지,103,1,강원특별자치도 홍천군 남면 월천리 103-1,517204475532,강원특별자치도 홍천군 남면 월천길,50,46,4272036026101030001014163,,강원특별자치도 홍천군 남면 월천길 50-46,250871,25108,,,,127.789655873667,37.6385692026538
MA010120220801613850,천안인삼상회,,G2,소매,G221,기타 상품 소매,G22199,그 외 기타 상품 전문 소매업,G47859,그 외 기타 분류 안된 상품 전문 소매업,41,경기도,41370,오산시,41370510,중앙동,4137010100,오산동,4137010100108540001,1,대지,854,1,경기도 오산시 오산동 854-1,413704394115,경기도 오산시 오산로278번길,10,,4137010100108540001000031,오산마트,경기도 오산시 오산로278번길 10,447801,18136,,,,127.069387350774,37.1516122919142
MA010120220801636172,해동상회,,G2,소매,G221,기타 상품 소매,G22199,그 외 기타 상품 전문 소매업,G47859,그 외 기타 분류 안된 상품 전문 소매업,27,대구광역시,27140,동구,27140580,신천4동,2714010200,신천동,2714010200104040003,1,대지,404,3,대구광역시 동구 신천동 404-3,271403142046,대구광역시 동구 효신로,51,,2714010200104040003045489,상가,대구광역시 동구 효신로 51,701828,41245,,1,,128.632840908751,35.8762123605145
MA010120220801641495,풍년농약사,,G2,소매,G221,기타 상품 소매,G22199,그 외 기타 상품 전문 소매업,G47859,그 외 기타 분류 안된 상품 전문 소매업,51,강원특별자치도,51780,철원군,51780256,갈말읍,5178025621,갈말읍,5178025621106880002,1,대지,688,2,강원특별자치도 철원군 갈말읍 신철원리 688-2,517803230015,강원특별자치도 철원군 갈말읍 삼부연로,10,,4278025621106880002033563,,강원특별자치도 철원군 갈말읍 삼부연로 10,269805,24049,,,,127.309060359481,38.1450736974235
MA010120220801641692,의정부불교만물,,G2,소매,G221,기타 상품 소매,G22199,그 외 기타 상품 전문 소매업,G47859,그 외 기타 분류 안된 상품 전문 소매업,41,경기도,41150,의정부시,41150510,의정부1동,4115010100,의정부동,4115010100101720022,1,대지,172,22,경기도 의정부시 의정부동 172-22,411503181060,경기도 의정부시 시민로,141,,4115010100101720022000610,,경기도 의정부시 시민로 141,480842,11695,,1,,127.050746417741,37.737893825487
MA010120220801626666,네스몰,,G2,소매,G221,기타 상품 소매,G22199,그 외 기타 상품 전문 소매업,G47859,그 외 기타 분류 안된 상품 전문 소매업,41,경기도,41450,하남시,41450630,미사3동,4145011000,풍산동,4145011000104900002,1,대지,490,2,경기도 하남시 풍산동 490-2,414503202057,경기도 하남시 미사강변서로,16,,4145011000104900002000001,제에프,경기도 하남시 미사강변서로 16,465170,12918,,8,,127.184712575413,37.5518422338095
MA010120220801602673,엘림펫,,G2,소매,G221,기타 상품 소매,G22199,그 외 기타 상품 전문 소매업,G47859,그 외 기타 분류 안된 상품 전문 소매업,41,경기도,41500,이천시,41500340,마장면,4150034025,마장면,4150034025105250001,1,대지,525,1,경기도 이천시 마장면 장암리 525-1,415003207045,경기도 이천시 마장면 이장로,329,2,4150034025105250001051149,,경기도 이천시 마장면 이장로 329-2,467811,17383,,,,127.390653119671,37.2796488628705
MA010120220801611630,동산잡화,,G2,소매,G221,기타 상품 소매,G22199,그 외 기타 상품 전문 소매업,G47859,그 외 기타 분류 안된 상품 전문 소매업,41,경기도,41830,양평군,41830310,강상면,4183031021,강상면,4183031021110720019,1,대지,1072,19,경기도 양평군 강상면 병산리 1072-19,418303217033,경기도 양평군 강상면 강남로,656,,4183031021110720019000001,,경기도 양평군 강상면 강남로 656,476913,12571,,,,127.454117348059,37.4993242593623
MA010120220801639639,대한안전소방공사,,G2,소매,G221,기타 상품 소매,G22199,그 외 기타 상품 전문 소매업,G47859,그 외 기타 분류 안된 상품 전문 소매업,41,경기도,41150,의정부시,41150520,의정부2동,4115010100,의정부동,4115010100105810005,1,대지,581,5,경기도 의정부시 의정부동 581-5,411503181004,경기도 의정부시 경의로,95,,4115010100105810005014839,,경기도 의정부시 경의로 95,480850,11652,,,,127.046160165258,37.733300763714
MA010120220801608992,여주경기냉동,,G2,소매,G221,기타 상품 소매,G22199,그 외 기타 상품 전문 소매업,G47859,그 외 기타 분류 안된 상품 전문 소매업,41,경기도,41670,여주시,41670520,중앙동,4167010300,창동,4167010300101390006,1,대지,139,6,경기도 여주시 창동 139-6,416704442247,경기도 여주시 소양로57번길,13,,4173025023101390006057534,,경기도 여주시 소양로57번길 13,469103,12627,,,,127.632814417404,37.2947573579405
MA010120220801631263,황산면4개마을주민협의체,,G2,소매,G221,기타 상품 소매,G22199,그 외 기타 상품 전문 소매업,G47859,그 외 기타 분류 안된 상품 전문 소매업,46,전라남도,46820,해남군,46820400,황산면,4682040022,황산면,4682040022100050005,1,대지,5,5,전라남도 해남군 황산면 원호리 5-5,468204682628,전라남도 해남군 황산면 호교길,241,250,4682040022100050005000001,한울원내매점,전라남도 해남군 황산면 호교길 241-250,536865,59008,,,,126.519437885297,34.5625716185515
MA010120220801637314,중앙농원,,G2,소매,G221,기타 상품 소매,G22199,그 외 기타 상품 전문 소매업,G47859,그 외 기타 분류 안된 상품 전문 소매업,41,경기도,41150,의정부시,41150510,의정부1동,4115010100,의정부동,4115010100101500010,1,대지,150,10,경기도 의정부시 의정부동 150-10,411503181062,경기도 의정부시 태평로,93,,4115010100101500010000196,,경기도 의정부시 태평로 93,480842,11695,,,,127.051417850688,37.7408937625863
MA010120220801603888,세종불교사,,G2,소매,G221,기타 상품 소매,G22199,그 외 기타 상품 전문 소매업,G47859,그 외 기타 분류 안된 상품 전문 소매업,41,경기도,41450,하남시,41450550,덕풍2동,4145010800,덕풍동,4145010800103820001,1,대지,382,1,경기도 하남시 덕풍동 382-1,414503202048,경기도 하남시 신장로,172,,4145010800103820001006196,,경기도 하남시 신장로 172,465802,12970,,,,127.200447506742,37.5408874694599
MA010120220801622196,점동농업협동조합경제사업부,,G2,소매,G221,기타 상품 소매,G22199,그 외 기타 상품 전문 소매업,G47859,그 외 기타 분류 안된 상품 전문 소매업,41,경기도,41670,여주시,41670310,점동면,4167031021,점동면,4167031021101540003,1,대지,154,3,경기도 여주시 점동면 청안리 154-3,416704442452,경기도 여주시 점동면 청안리길,8,,4173031021101530005036601,,경기도 여주시 점동면 청안리길 8,469872,12667,,,,127.661550980384,37.2071284276722
MA010120220801629342,이천백사산수유,,G2,소매,G221,기타 상품 소매,G22199,그 외 기타 상품 전문 소매업,G47859,그 외 기타 분류 안된 상품 전문 소매업,41,경기도,41500,이천시,41500320,백사면,4150032023,백사면,4150032023110060001,1,대지,1006,1,경기도 이천시 백사면 도립리 1006-1,415004421572,경기도 이천시 백사면 원적로775번길,17,,4150032023107850000000001,,경기도 이천시 백사면 원적로775번길 17,467831,17309,,,,127.462301761095,37.3407777188466
MA010120220801638081,비해피,,G2,소매,G221,기타 상품 소매,G22199,그 외 기타 상품 전문 소매업,G47859,그 외 기타 분류 안된 상품 전문 소매업,41,경기도,41250,동두천시,41250535,중앙동,4125010300,생연동,4125010300105670001,1,대지,567,1,경기도 동두천시 생연동 567-1,412503189031,경기도 동두천시 중앙로,361,,4125010300105670001001039,,경기도 동두천시 중앙로 361,483800,11324,,,,127.056905065079,37.9131630252425
MA010120220801594393,이천수석,,G2,소매,G221,기타 상품 소매,G22199,그 외 기타 상품 전문 소매업,G47859,그 외 기타 분류 안된 상품 전문 소매업,41,경기도,41670,여주시,41670350,대신면,4167035036,대신면,4167035036104390006,1,대지,439,6,경기도 여주시 대신면 보통리 439-6,416703214070,경기도 여주시 대신면 여양로,1734,,4173036036104390006008146,,경기도 여주시 대신면 여양로 1734,469842,12610,,,,127.561962415584,37.385144793134
MA010120220801594528,그린종묘,,G2,소매,G221,기타 상품 소매,G22199,그 외 기타 상품 전문 소매업,G47859,그 외 기타 분류 안된 상품 전문 소매업,41,경기도,41610,광주시,41610510,경안동,4161011200,역동,4161011200100020006,1,대지,2,6,경기도 광주시 역동 2-6,416104433017,경기도 광주시 경안로25번길,40,,4161011200102240002003130,,경기도 광주시 경안로25번길 40,464838,12760,,,,127.255964450105,37.4064399192485
MA010120220801608066,대한상사,,G2,소매,G221,기타 상품 소매,G22199,그 외 기타 상품 전문 소매업,G47859,그 외 기타 분류 안된 상품 전문 소매업,41,경기도,41670,여주시,41670320,흥천면,4167032032,흥천면,4167032032103750001,1,대지,375,1,경기도 여주시 흥천면 효지리 375-1,416703214074,경기도 여주시 흥천면 효자로,162,3,4173033032103750001049382,,경기도 여주시 흥천면 효자로 162-3,469823,12607,,2,,127.54066706245,37.3332914360649
MA010120220801613358,부광농자재할인마트,,G2,소매,G221,기타 상품 소매,G22199,그 외 기타 상품 전문 소매업,G47859,그 외 기타 분류 안된 상품 전문 소매업,47,경상북도,47840,성주군,47840380,초전면,4784038032,초전면,4784038032107120002,1,대지,712,2,경상북도 성주군 초전면 대장리 712-2,478403321002,경상북도 성주군 초전면 대고로,49,,4784038032107110005004330,,경상북도 성주군 초전면 대고로 49,719812,40013,,,,128.26187700678,35.9723957070269
MA010120220801622352,대한불교혜령종중앙회,,G2,소매,G221,기타 상품 소매,G22199,그 외 기타 상품 전문 소매업,G47859,그 외 기타 분류 안된 상품 전문 소매업,41,경기도,41450,하남시,41450510,천현동,4145010100,천현동,4145010100106180002,1,대지,618,2,경기도 하남시 천현동 618-2,414503202037,경기도 하남시 천현로,5,,4145010100106180002002752,,경기도 하남시 천현로 5,465817,12962,,,,127.213702868313,37.5348365439139
MA010120220801629741,마키테크,코리아,G2,소매,G221,기타 상품 소매,G22199,그 외 기타 상품 전문 소매업,G47859,그 외 기타 분류 안된 상품 전문 소매업,41,경기도,41610,광주시,41610253,초월읍,4161025326,초월읍,4161025326102360011,1,대지,236,11,경기도 광주시 초월읍 선동리 236-11,416103012095,경기도 광주시 초월읍 산수로,169,22,4161025326102360011258382,,경기도 광주시 초월읍 산수로 169-22,464968,12732,,,,127.315427569606,37.3757787169047
MA010120220801635696,전우사,,G2,소매,G221,기타 상품 소매,G22199,그 외 기타 상품 전문 소매업,G47859,그 외 기타 분류 안된 상품 전문 소매업,41,경기도,41650,포천시,41650380,이동면,4165038021,이동면,4165038021105110004,1,대지,511,4,경기도 포천시 이동면 장암리 511-4,416504439522,경기도 포천시 이동면 장암1길,12,1,4165038021105110003060732,,경기도 포천시 이동면 장암1길 12-1,487863,11111,,,,127.366907507307,38.0352753643592
MA010120220801643919,동방불교,,G2,소매,G221,기타 상품 소매,G22199,그 외 기타 상품 전문 소매업,G47859,그 외 기타 분류 안된 상품 전문 소매업,41,경기도,41150,의정부시,41150510,의정부1동,4115010100,의정부동,4115010100101520007,1,대지,152,7,경기도 의정부시 의정부동 152-7,411503181052,경기도 의정부시 행복로,52,,4115010100101520007000118,,경기도 의정부시 행복로 52,480842,11692,,,,127.05105613119,37.7428400128796
MA010120220801598150,한국문화사,,G2,소매,G221,기타 상품 소매,G22199,그 외 기타 상품 전문 소매업,G47859,그 외 기타 분류 안된 상품 전문 소매업,41,경기도,41670,여주시,41670250,가남읍,4167025038,가남읍,4167025038103650000,1,대지,365,,경기도 여주시 가남읍 금곡리 365,416703214034,경기도 여주시 가남읍 송삼로,453,,4173032038103650000013809,,경기도 여주시 가남읍 송삼로 453,469882,12660,,,,127.624828188488,37.1962991326482
MA010120220801638669,북부종묘농약사,,G2,소매,G221,기타 상품 소매,G22199,그 외 기타 상품 전문 소매업,G47859,그 외 기타 분류 안된 상품 전문 소매업,41,경기도,41150,의정부시,41150510,의정부1동,4115010100,의정부동,4115010100101510010,1,대지,151,10,경기도 의정부시 의정부동 151-10,411503181062,경기도 의정부시 태평로,101,,4115010100101510010000202,,경기도 의정부시 태평로 101,480842,11692,,,,127.051418274474,37.7415064213974
MA010120220801641098,중앙종묘농약사,,G2,소매,G221,기타 상품 소매,G22199,그 외 기타 상품 전문 소매업,G47859,그 외 기타 분류 안된 상품 전문 소매업,41,경기도,41250,동두천시,41250520,생연2동,4125010300,생연동,4125010300106890048,1,대지,689,48,경기도 동두천시 생연동 689-48,412503189031,경기도 동두천시 중앙로,222,,4125010300106890048001464,,경기도 동두천시 중앙로 222,483032,11333,,,,127.053132513896,37.9014164837664
MA010120220801674147,한일모터,,G2,소매,G221,기타 상품 소매,G22199,그 외 기타 상품 전문 소매업,G47859,그 외 기타 분류 안된 상품 전문 소매업,41,경기도,41650,포천시,41650520,선단동,4165010400,선단동,4165010400107960001,1,대지,796,1,경기도 포천시 선단동 796-1,416503213023,경기도 포천시 송선로,315,,4165010400107960001024175,,경기도 포천시 송선로 315,487020,11160,,1,,127.151695196825,37.8603106100783
MA010120220801650348,인제사,,G2,소매,G221,기타 상품 소매,G22199,그 외 기타 상품 전문 소매업,G47859,그 외 기타 분류 안된 상품 전문 소매업,51,강원특별자치도,51810,인제군,51810250,인제읍,5181025021,인제읍,5181025021102510009,1,대지,251,9,강원특별자치도 인제군 인제읍 상동리 251-9,518103233026,강원특별자치도 인제군 인제읍 비봉로,34,,4281025021002510009008770,,강원특별자치도 인제군 인제읍 비봉로 34,252806,24634,,,,128.173862139459,38.0663378935785
MA010120220801671700,용사의집,,G2,소매,G221,기타 상품 소매,G22199,그 외 기타 상품 전문 소매업,G47859,그 외 기타 분류 안된 상품 전문 소매업,41,경기도,41650,포천시,41650370,일동면,4165037023,일동면,4165037023100900029,1,대지,90,29,경기도 포천시 일동면 기산리 90-29,416503213050,경기도 포천시 일동면 화동로,1049,1,4165037023100900029045697,,경기도 포천시 일동면 화동로 1049-1,487851,11116,,,,127.317260352736,37.9571473073526
MA010120220801671752,유명가축약품,,G2,소매,G221,기타 상품 소매,G22199,그 외 기타 상품 전문 소매업,G47811,의약품 및 의료용품 소매업,41,경기도,41650,포천시,41650360,영중면,4165036021,영중면,4165036021108030011,1,대지,803,11,경기도 포천시 영중면 양문리 803-11,416504439374,경기도 포천시 영중면 양문로3길,20,1,4165036021108020007053744,,경기도 포천시 영중면 양문로3길 20-1,487883,11129,,,,127.242250575938,38.0016604689278
MA010120220801681912,갈말종묘,,G2,소매,G221,기타 상품 소매,G22199,그 외 기타 상품 전문 소매업,G47859,그 외 기타 분류 안된 상품 전문 소매업,51,강원특별자치도,51780,철원군,51780256,갈말읍,5178025621,갈말읍,5178025621106880004,1,대지,688,4,강원특별자치도 철원군 갈말읍 신철원리 688-4,517804490148,강원특별자치도 철원군 갈말읍 삼부연로8번길,1,,4278025621106880004032108,,강원특별자치도 철원군 갈말읍 삼부연로8번길 1,269805,24049,,,,127.30893476129,38.1450470007039
MA010120220801685091,고려불교사,,G2,소매,G221,기타 상품 소매,G22199,그 외 기타 상품 전문 소매업,G47859,그 외 기타 분류 안된 상품 전문 소매업,41,경기도,41150,의정부시,41150510,의정부1동,4115010100,의정부동,4115010100101450017,1,대지,145,17,경기도 의정부시 의정부동 145-17,411503181060,경기도 의정부시 시민로,155,,4115010100101450017000436,,경기도 의정부시 시민로 155,480842,11694,,,,127.052311818782,37.7375868115098
MA010120220801677200,칠성불교만물,,G2,소매,G221,기타 상품 소매,G22199,그 외 기타 상품 전문 소매업,G47859,그 외 기타 분류 안된 상품 전문 소매업,41,경기도,41150,의정부시,41150510,의정부1동,4115010100,의정부동,4115010100100060009,1,대지,6,9,경기도 의정부시 의정부동 6-9,411503181062,경기도 의정부시 태평로,162,,4115010100100060009021568,,경기도 의정부시 태평로 162,480840,11688,,1,,127.050321344041,37.746813600209
MA010120220801648344,대광농원,,G2,소매,G221,기타 상품 소매,G22199,그 외 기타 상품 전문 소매업,G47859,그 외 기타 분류 안된 상품 전문 소매업,41,경기도,41800,연천군,41800360,신서면,4180036022,신서면,4180036022102850022,1,대지,285,22,경기도 연천군 신서면 도신리 285-22,418003215029,경기도 연천군 신서면 연신로,1162,,4180036022102850022007646,,경기도 연천군 신서면 연신로 1162,486832,11000,,,,127.107829123401,38.1854399302415
MA010120220801650898,정우인쇄자료상사,,G2,소매,G221,기타 상품 소매,G22199,그 외 기타 상품 전문 소매업,G47859,그 외 기타 분류 안된 상품 전문 소매업,11,서울특별시,11560,영등포구,11560550,당산1동,1156011100,당산동1가,1156011100100470001,1,대지,47,1,서울특별시 영등포구 당산동1가 47-1,115604154705,서울특별시 영등포구 영등포로25길,3,6,1156011100100470001030591,현대지하상가,서울특별시 영등포구 영등포로25길 3-6,150800,07266,,1,,126.897228586239,37.52152422188
MA010120220801680075,성인용품,,G2,소매,G221,기타 상품 소매,G22199,그 외 기타 상품 전문 소매업,G47859,그 외 기타 분류 안된 상품 전문 소매업,41,경기도,41650,포천시,41650340,신북면,4165034024,신북면,4165034024102640008,1,대지,264,8,경기도 포천시 신북면 만세교리 264-8,416503000136,경기도 포천시 신북면 호국로,2318,,4165034024102640008044200,,경기도 포천시 신북면 호국로 2318,487914,11139,,,,127.239988730797,37.9539157648302
MA010120220801680162,플라워,,G2,소매,G221,기타 상품 소매,G22199,그 외 기타 상품 전문 소매업,G47859,그 외 기타 분류 안된 상품 전문 소매업,41,경기도,41630,양주시,41630330,광적면,4163033021,광적면,4163033021106270006,1,대지,627,6,경기도 양주시 광적면 가납리 627-6,416303206116,경기도 양주시 광적면 부흥로,872,,4163033021106270006040103,,경기도 양주시 광적면 부흥로 872,482841,11417,,,,126.988597830775,37.8143509794914
MA010120220801680210,미래사,,G2,소매,G221,기타 상품 소매,G22199,그 외 기타 상품 전문 소매업,G47859,그 외 기타 분류 안된 상품 전문 소매업,51,강원특별자치도,51780,철원군,51780310,서면,5178031022,서면,5178031022111470006,1,대지,1147,6,강원특별자치도 철원군 서면 와수리 1147-6,517804490227,강원특별자치도 철원군 서면 와수로173번길,14,,4278031022111470006015678,,강원특별자치도 철원군 서면 와수로173번길 14,269841,24059,,1,,127.437640468569,38.2390786699204
MA010120220801680224,전우사,,G2,소매,G221,기타 상품 소매,G22199,그 외 기타 상품 전문 소매업,G47859,그 외 기타 분류 안된 상품 전문 소매업,51,강원특별자치도,51780,철원군,51780310,서면,5178031021,서면,5178031021107380013,1,대지,738,13,강원특별자치도 철원군 서면 자등리 738-13,517803230031,강원특별자치도 철원군 서면 자등로,584,,4278031021107380013017335,,강원특별자치도 철원군 서면 자등로 584,269843,24062,,,,127.412377459183,38.1647924331772
MA010120220801680229,흥농농약사,,G2,소매,G221,기타 상품 소매,G22199,그 외 기타 상품 전문 소매업,G47859,그 외 기타 분류 안된 상품 전문 소매업,51,강원특별자치도,51780,철원군,51780310,서면,5178031022,서면,5178031022111750010,1,대지,1175,10,강원특별자치도 철원군 서면 와수리 1175-10,517803230024,강원특별자치도 철원군 서면 와수로,187,,4278031022111750010014148,,강원특별자치도 철원군 서면 와수로 187,269841,24059,,1,,127.439063480164,38.2401814454695
MA010120220801680237,와수농약사,,G2,소매,G221,기타 상품 소매,G22199,그 외 기타 상품 전문 소매업,G47859,그 외 기타 분류 안된 상품 전문 소매업,51,강원특별자치도,51780,철원군,51780310,서면,5178031022,서면,5178031022109420002,1,대지,942,2,강원특별자치도 철원군 서면 와수리 942-2,517803230024,강원특별자치도 철원군 서면 와수로,204,,4278031022109420002000001,,강원특별자치도 철원군 서면 와수로 204,269841,24058,,,,127.440769921622,38.2409227849243
MA010120220801646442,오펠상사,,G2,소매,G221,기타 상품 소매,G22199,그 외 기타 상품 전문 소매업,G45213,자동차 내장용 신품 전기ㆍ전자ㆍ정밀기기 판매업,41,경기도,41150,의정부시,41150568,신곡2동,4115010400,신곡동,4115010400104430007,1,대지,443,7,경기도 의정부시 신곡동 443-7,411503181060,경기도 의정부시 시민로,213,,4115010400104430007022340,,경기도 의정부시 시민로 213,480072,11748,,,,127.058369249474,37.7365658719308
MA010120220801651260,동두천만물사,,G2,소매,G221,기타 상품 소매,G22199,그 외 기타 상품 전문 소매업,G47859,그 외 기타 분류 안된 상품 전문 소매업,41,경기도,41250,동두천시,41250535,중앙동,4125010300,생연동,4125010300105510047,1,대지,551,47,경기도 동두천시 생연동 551-47,412503189004,경기도 동두천시 동광로,83,,4125010300105510049006630,,경기도 동두천시 동광로 83,483800,11312,,,,127.057504571473,37.9090454241903
MA010120220801675649,강원총포사,,G2,소매,G221,기타 상품 소매,G22199,그 외 기타 상품 전문 소매업,G47859,그 외 기타 분류 안된 상품 전문 소매업,51,강원특별자치도,51780,철원군,51780259,동송읍,5178025921,동송읍,5178025921107280030,1,대지,728,30,강원특별자치도 철원군 동송읍 이평리 728-30,517803230005,강원특별자치도 철원군 동송읍 금학로,153,,4278025921107280030000001,,강원특별자치도 철원군 동송읍 금학로 153,269816,24020,,,,127.22090360774,38.2026689833566
MA010120220801683452,파워클럽,,G2,소매,G221,기타 상품 소매,G22199,그 외 기타 상품 전문 소매업,G47859,그 외 기타 분류 안된 상품 전문 소매업,41,경기도,41150,의정부시,41150545,호원1동,4115010200,호원동,4115010200102020005,1,대지,202,5,경기도 의정부시 호원동 202-5,411504343388,경기도 의정부시 평화로15번길,52,,4115010200102020005016919,,경기도 의정부시 평화로15번길 52,480854,11648,,,,127.044673975378,37.6953883819933
MA010120220801659411,삼성군장,,G2,소매,G221,기타 상품 소매,G22199,그 외 기타 상품 전문 소매업,G47859,그 외 기타 분류 안된 상품 전문 소매업,51,강원특별자치도,51780,철원군,51780310,서면,5178031022,서면,5178031022111400019,1,대지,1140,19,강원특별자치도 철원군 서면 와수리 1140-19,517804490227,강원특별자치도 철원군 서면 와수로173번길,21,,4278031022111400019015755,,강원특별자치도 철원군 서면 와수로173번길 21,269841,24059,,,,127.437341171923,38.2386924043276
MA010120220801659465,용사의집,,G2,소매,G221,기타 상품 소매,G22199,그 외 기타 상품 전문 소매업,G47859,그 외 기타 분류 안된 상품 전문 소매업,51,강원특별자치도,51780,철원군,51780310,서면,5178031022,서면,5178031022111470007,1,대지,1147,7,강원특별자치도 철원군 서면 와수리 1147-7,517804490227,강원특별자치도 철원군 서면 와수로173번길,20,1,4278031022111470007015859,,강원특별자치도 철원군 서면 와수로173번길 20-1,269841,24059,,,,127.437251899269,38.2390440827058
MA010120220801651817,충성사,,G2,소매,G221,기타 상품 소매,G22199,그 외 기타 상품 전문 소매업,G47859,그 외 기타 분류 안된 상품 전문 소매업,51,강원특별자치도,51780,철원군,51780310,서면,5178031022,서면,5178031022111390033,1,대지,1139,33,강원특별자치도 철원군 서면 와수리 1139-33,517803230023,강원특별자치도 철원군 서면 와수1로,1,,4278031022111390033014320,,강원특별자치도 철원군 서면 와수1로 1,269841,24059,,,,127.436623034945,38.2370284375931
MA010120220801670521,동부원예,,G2,소매,G221,기타 상품 소매,G22199,그 외 기타 상품 전문 소매업,G47859,그 외 기타 분류 안된 상품 전문 소매업,52,전북특별자치도,52140,익산시,52140400,금마면,5214040021,금마면,5214040021106690001,1,대지,669,1,전북특별자치도 익산시 금마면 동고도리 669-1,521404607047,전북특별자치도 익산시 금마면 고도길,45,1,4514040021106690001049650,,전북특별자치도 익산시 금마면 고도길 45-1,570912,54572,,,,127.052255606066,35.9925746038069
MA010120220801657295,경진체육사,,G2,소매,G221,기타 상품 소매,G22199,그 외 기타 상품 전문 소매업,G47859,그 외 기타 분류 안된 상품 전문 소매업,51,강원특별자치도,51780,철원군,51780310,서면,5178031022,서면,5178031022111470013,1,대지,1147,13,강원특별자치도 철원군 서면 와수리 1147-13,517804490227,강원특별자치도 철원군 서면 와수로173번길,18,,4278031022111470013015860,,강원특별자치도 철원군 서면 와수로173번길 18,269841,24059,,1,,127.437491764543,38.2390431888497
MA010120220801680963,그 외 기타 상품 전문 소매업,,G2,소매,G221,기타 상품 소매,G22199,그 외 기타 상품 전문 소매업,G47859,그 외 기타 분류 안된 상품 전문 소매업,41,경기도,41650,포천시,41650400,관인면,4165040024,관인면,4165040024101130003,1,대지,113,3,경기도 포천시 관인면 탄동리 113-3,416504439120,경기도 포천시 관인면 느릅실길,92,,4165040024101130003072869,,경기도 포천시 관인면 느릅실길 92,487936,11101,,,,127.268491047529,38.1628671798214
MA010120220801649522,동방불교문화원,,G2,소매,G221,기타 상품 소매,G22199,그 외 기타 상품 전문 소매업,G47859,그 외 기타 분류 안된 상품 전문 소매업,41,경기도,41570,김포시,41570256,양촌읍,4157025623,양촌읍,4157025623103540014,1,대지,354,14,경기도 김포시 양촌읍 석모리 354-14,415703209024,경기도 김포시 양촌읍 김포한강4로,262,20,4157032023103540015005523,,경기도 김포시 양촌읍 김포한강4로 262-20,415824,10064,,1,,126.654839584452,37.652086357605
MA010120220801649527,용사의집,,G2,소매,G221,기타 상품 소매,G22199,그 외 기타 상품 전문 소매업,G47859,그 외 기타 분류 안된 상품 전문 소매업,41,경기도,41800,연천군,41800253,전곡읍,4180025321,전곡읍,4180025321104700018,1,대지,470,18,경기도 연천군 전곡읍 전곡리 470-18,418004445270,경기도 연천군 전곡읍 온골로44번길,6,1,4180025321104700018002072,,경기도 연천군 전곡읍 온골로44번길 6-1,486903,11028,,,,127.068368965035,38.0247015765832
MA010120220801652242,소래종묘,,G2,소매,G221,기타 상품 소매,G22199,그 외 기타 상품 전문 소매업,G47859,그 외 기타 분류 안된 상품 전문 소매업,41,경기도,41390,시흥시,41390520,신천동,4139010200,신천동,4139010200107040014,1,대지,704,14,경기도 시흥시 신천동 704-14,413903185023,경기도 시흥시 호현로,39,4,4139010200107040014004092,,경기도 시흥시 호현로 39-4,429828,14904,,1,,126.784758858825,37.4440393679895
MA010120220801665503,가산농약사,,G2,소매,G221,기타 상품 소매,G22199,그 외 기타 상품 전문 소매업,G47859,그 외 기타 분류 안된 상품 전문 소매업,41,경기도,41650,포천시,41650330,가산면,4165033021,가산면,4165033021105930008,1,대지,593,8,경기도 포천시 가산면 마산리 593-8,416504439008,경기도 포천시 가산면 가산로309번길,43,,4165033021105930008020492,,경기도 포천시 가산면 가산로309번길 43,487814,11164,,,,127.186709238938,37.8476830241158
MA010120220801676330,캐리어양주북부센터,,G2,소매,G221,기타 상품 소매,G22199,그 외 기타 상품 전문 소매업,G47859,그 외 기타 분류 안된 상품 전문 소매업,11,서울특별시,11545,금천구,11545510,가산동,1154510100,가산동,1154510100106910003,1,대지,691,3,서울특별시 금천구 가산동 691-3,115453117001,서울특별시 금천구 가산디지털1로,1,,1154510100106910003015607,더루벤스밸리,서울특별시 금천구 가산디지털1로 1,153803,08594,,8,,126.887175978528,37.4662833422489
MA010120220801657666,포천불교사,,G2,소매,G221,기타 상품 소매,G22199,그 외 기타 상품 전문 소매업,G47859,그 외 기타 분류 안된 상품 전문 소매업,41,경기도,41650,포천시,41650510,포천동,4165010100,신읍동,4165010100100100025,1,대지,10,25,경기도 포천시 신읍동 10-25,416503213047,경기도 포천시 학동로,15,,4165010100100100025000001,,경기도 포천시 학동로 15,487804,11144,,,,127.205162136467,37.9014208579902
MA010120220801657679,러브숍선물가게,,G2,소매,G221,기타 상품 소매,G22199,그 외 기타 상품 전문 소매업,G47859,그 외 기타 분류 안된 상품 전문 소매업,41,경기도,41650,포천시,41650250,소흘읍,4165025021,소흘읍,4165025021105720006,1,대지,572,6,경기도 포천시 소흘읍 송우리 572-6,416503213024,경기도 포천시 소흘읍 송우로,146,,4165025021105720006000001,,경기도 포천시 소흘읍 송우로 146,487823,11171,,1,,127.13441907844,37.8335282661174
MA010120220801663326,영신종묘농약사,,G2,소매,G221,기타 상품 소매,G22199,그 외 기타 상품 전문 소매업,G47859,그 외 기타 분류 안된 상품 전문 소매업,41,경기도,41150,의정부시,41150510,의정부1동,4115010100,의정부동,4115010100100260003,1,대지,26,3,경기도 의정부시 의정부동 26-3,411503181062,경기도 의정부시 태평로,106,,4115010100100260003000215,,경기도 의정부시 태평로 106,480840,11693,,,,127.051792936631,37.7418756546734
MA010120220801663527,자동차용품할인매장,,G2,소매,G221,기타 상품 소매,G22199,그 외 기타 상품 전문 소매업,G45219,기타 자동차 신품 부품 및 내장품 판매업,41,경기도,41630,양주시,41630250,백석읍,4163025021,백석읍,4163025021105190008,1,대지,519,8,경기도 양주시 백석읍 방성리 519-8,416303212036,경기도 양주시 백석읍 중앙로,40,,4163025021105190008000001,,경기도 양주시 백석읍 중앙로 40,482833,11507,,,,127.006834671322,37.7917012055687
MA010120220801655039,진화설비,,G2,소매,G221,기타 상품 소매,G22199,그 외 기타 상품 전문 소매업,G47859,그 외 기타 분류 안된 상품 전문 소매업,41,경기도,41630,양주시,41630570,옥정1동,4163011200,회암동,4163011200102570007,1,대지,257,7,경기도 양주시 회암동 257-7,416303189032,경기도 양주시 천보산로,83,,4163011200102570007058143,,경기도 양주시 천보산로 83,482160,11464,,,,127.097301341524,37.8465024750796
MA010120220801665888,필승사,,G2,소매,G221,기타 상품 소매,G22199,그 외 기타 상품 전문 소매업,G47859,그 외 기타 분류 안된 상품 전문 소매업,41,경기도,41800,연천군,41800253,전곡읍,4180025321,전곡읍,4180025321104760000,1,대지,476,,경기도 연천군 전곡읍 전곡리 476,418003215032,경기도 연천군 전곡읍 온골로,53,,4180025321104760000002236,,경기도 연천군 전곡읍 온골로 53,486903,11028,,,,127.067720705324,38.025701979006
MA010120220801674115,혜성사,,G2,소매,G221,기타 상품 소매,G22199,그 외 기타 상품 전문 소매업,G47859,그 외 기타 분류 안된 상품 전문 소매업,41,경기도,41250,동두천시,41250535,중앙동,4125010300,생연동,4125010300106580004,1,대지,658,4,경기도 동두천시 생연동 658-4,412503189031,경기도 동두천시 중앙로,259,,4125010300106580004007799,,경기도 동두천시 중앙로 259,483130,11328,,,,127.053623794843,37.9046776792944
MA010120220801681446,경기종묘사,,G2,소매,G221,기타 상품 소매,G22199,그 외 기타 상품 전문 소매업,G47859,그 외 기타 분류 안된 상품 전문 소매업,41,경기도,41150,의정부시,41150510,의정부1동,4115010100,의정부동,4115010100101490021,1,대지,149,21,경기도 의정부시 의정부동 149-21,411503181062,경기도 의정부시 태평로,87,2,4115010100101490023000204,,경기도 의정부시 태평로 87-2,480842,11695,,,,127.051451531747,37.7403801954468
MA010120220801303282,남양유통,,G2,소매,G221,기타 상품 소매,G22199,그 외 기타 상품 전문 소매업,G47859,그 외 기타 분류 안된 상품 전문 소매업,41,경기도,41410,군포시,41410510,군포1동,4141010100,당동,4141010100108350009,1,대지,835,9,경기도 군포시 당동 835-9,414103200004,경기도 군포시 군포로,603,1,4141010100108350009005572,,경기도 군포시 군포로 603-1,435817,15839,,2,,126.947838682399,37.3597621354489
MA010120220801328862,탑방재,,G2,소매,G221,기타 상품 소매,G22199,그 외 기타 상품 전문 소매업,G47859,그 외 기타 분류 안된 상품 전문 소매업,11,서울특별시,11710,송파구,11710642,문정2동,1171010800,문정동,1171010800106340000,1,대지,634,,서울특별시 송파구 문정동 634,117103123017,서울특별시 송파구 충민로,66,,1171010800105600000000001,엘동,서울특별시 송파구 충민로 66,138888,05838,,,,127.12496063833,37.4776148454472
MA010120220801290131,고려인삼,,G2,소매,G221,기타 상품 소매,G22199,그 외 기타 상품 전문 소매업,G47859,그 외 기타 분류 안된 상품 전문 소매업,41,경기도,41410,군포시,41410510,군포1동,4141010100,당동,4141010100107490041,1,대지,749,41,경기도 군포시 당동 749-41,414104400045,경기도 군포시 군포로538번길,7,3,4141010100107490041004014,,경기도 군포시 군포로538번길 7-3,435814,15855,,,,126.946883225525,37.3540672140159
MA010120220801309052,주영테크,,G2,소매,G221,기타 상품 소매,G22199,그 외 기타 상품 전문 소매업,G47859,그 외 기타 분류 안된 상품 전문 소매업,41,경기도,41171,안양시 만안구,41171520,안양2동,4117110100,안양동,4117110100108190006,1,대지,819,6,경기도 안양시 만안구 안양동 819-6,411713182003,경기도 안양시 만안구 만안로,356,,4117110100108190006007892,,경기도 안양시 만안구 만안로 356,430812,13966,,,,126.914741661915,37.4104615186564
MA010120220801334846,톰과제리,,G2,소매,G221,기타 상품 소매,G22199,그 외 기타 상품 전문 소매업,G47859,그 외 기타 분류 안된 상품 전문 소매업,44,충청남도,44131,천안시 동남구,44131590,신안동,4413111800,신부동,4413111800104660003,1,대지,466,3,충청남도 천안시 동남구 신부동 466-3,441313249055,충청남도 천안시 동남구 충절로,14,,4413111800104660003007752,현대오피스텔,충청남도 천안시 동남구 충절로 14,330993,31123,,,,127.157940269421,36.8178290178717
MA010120220801297120,우리사,,G2,소매,G221,기타 상품 소매,G22199,그 외 기타 상품 전문 소매업,G47859,그 외 기타 분류 안된 상품 전문 소매업,41,경기도,41171,안양시 만안구,41171540,안양4동,4117110100,안양동,4117110100107820002,1,대지,782,2,경기도 안양시 만안구 안양동 782-2,411713182016,경기도 안양시 만안구 안양로,317,,4117110100107820002000001,,경기도 안양시 만안구 안양로 317,430837,14001,,3,,126.919993723998,37.4001575163664
MA010120220801312983,한국영상보안CCTV,,G2,소매,G221,기타 상품 소매,G22199,그 외 기타 상품 전문 소매업,G47859,그 외 기타 분류 안된 상품 전문 소매업,41,경기도,41610,광주시,41610259,곤지암읍,4161025936,곤지암읍,4161025936100100001,1,대지,10,1,경기도 광주시 곤지암읍 삼리 10-1,416102012002,경기도 광주시 곤지암읍 경충대로,681,,4161025636100100001023809,곤지암철강,경기도 광주시 곤지암읍 경충대로 681,464937,12805,,2,,127.333362988449,37.3517352827455
MA010120220801315963,평창불교사,,G2,소매,G221,기타 상품 소매,G22199,그 외 기타 상품 전문 소매업,G47859,그 외 기타 분류 안된 상품 전문 소매업,41,경기도,41171,안양시 만안구,41171540,안양4동,4117110100,안양동,4117110100107110140,1,대지,711,140,경기도 안양시 만안구 안양동 711-140,411713182023,경기도 안양시 만안구 장내로,97,,4117110100107110140008630,,경기도 안양시 만안구 장내로 97,430832,14002,,,,126.919083594532,37.3958049632963
MA010120220801313192,안양불교,백화점,G2,소매,G221,기타 상품 소매,G22199,그 외 기타 상품 전문 소매업,G47859,그 외 기타 분류 안된 상품 전문 소매업,41,경기도,41171,안양시 만안구,41171510,안양1동,4117110100,안양동,4117110100106220207,1,대지,622,207,경기도 안양시 만안구 안양동 622-207,411713182016,경기도 안양시 만안구 안양로,270,,4117110100106220207010616,후문남서울빌딩,경기도 안양시 만안구 안양로 270,430829,13996,,1,,126.923385196238,37.3969250956024
MA010120220801311487,양키캔들,산본점,G2,소매,G221,기타 상품 소매,G22199,그 외 기타 상품 전문 소매업,G47813,"화장품, 비누 및 방향제 소매업",41,경기도,41410,군포시,41410620,광정동,4141010400,산본동,4141010400111390000,1,대지,1139,,경기도 군포시 산본동 1139,414104400232,경기도 군포시 산본로323번길,20,17,4141010400111390000005411,거성2차,경기도 군포시 산본로323번길 20-17,435805,15865,,,,126.931200793366,37.3592670737055
MA010120220801298823,한양무역,,G2,소매,G221,기타 상품 소매,G22199,그 외 기타 상품 전문 소매업,G47859,그 외 기타 분류 안된 상품 전문 소매업,41,경기도,41171,안양시 만안구,41171540,안양4동,4117110100,안양동,4117110100107110018,1,대지,711,18,경기도 안양시 만안구 안양동 711-18,411714346036,경기도 안양시 만안구 냉천로193번길,8,,4117110100107110018008653,,경기도 안양시 만안구 냉천로193번길 8,430832,14002,,,,126.919138589605,37.3971745539126
MA010120220801302678,한국인삼약초,,G2,소매,G221,기타 상품 소매,G22199,그 외 기타 상품 전문 소매업,G47859,그 외 기타 분류 안된 상품 전문 소매업,41,경기도,41171,안양시 만안구,41171510,안양1동,4117110100,안양동,4117110100106220323,1,대지,622,323,경기도 안양시 만안구 안양동 622-323,411714346189,경기도 안양시 만안구 안양로258번길,24,,4117110100106220323011340,남부시장,경기도 안양시 만안구 안양로258번길 24,430829,13996,,,,126.925317072989,37.3962235345861
MA010120220801314799,태경가발,산본점,G2,소매,G221,기타 상품 소매,G22199,그 외 기타 상품 전문 소매업,G47422,의복 액세서리 및 모조 장신구 소매업,41,경기도,41410,군포시,41410620,광정동,4141010400,산본동,4141010400111290001,1,대지,1129,1,경기도 군포시 산본동 1129-1,414104400232,경기도 군포시 산본로323번길,6,,4141010400111290001005516,럭키빌딩,경기도 군포시 산본로323번길 6,435804,15865,,1,,126.932995313833,37.3595384120644
MA010120220801344936,수원역전만물,,G2,소매,G221,기타 상품 소매,G22199,그 외 기타 상품 전문 소매업,G47859,그 외 기타 분류 안된 상품 전문 소매업,41,경기도,41115,수원시 팔달구,41115660,매산동,4111513400,매산로1가,4111513400100570003,1,대지,57,3,경기도 수원시 팔달구 매산로1가 57-3,411153176007,경기도 수원시 팔달구 매산로,2,10,4111513400100570003009387,역전시장,경기도 수원시 팔달구 매산로 2-10,442081,16461,,,,127.002333701499,37.2663002746869
MA010120220801375814,Dr.Audio,,G2,소매,G221,기타 상품 소매,G22199,그 외 기타 상품 전문 소매업,G47859,그 외 기타 분류 안된 상품 전문 소매업,41,경기도,41117,수원시 영통구,41117593,망포1동,4111710700,망포동,4111710700103450002,1,대지,345,2,경기도 수원시 영통구 망포동 345-2,411174331135,경기도 수원시 영통구 영통로200번길,66,,4111710700103450002003221,성지빌딩,경기도 수원시 영통구 영통로200번길 66,443400,16690,,1,,127.060162499226,37.2440652816851
MA010120220801364632,자연팜아그로,,G2,소매,G221,기타 상품 소매,G22199,그 외 기타 상품 전문 소매업,G47859,그 외 기타 분류 안된 상품 전문 소매업,41,경기도,41590,화성시,41590256,우정읍,4159025632,우정읍,4159025632101470000,1,대지,147,,경기도 화성시 우정읍 조암리 147,415903210149,경기도 화성시 우정읍 장안로,19,,4159025632101470000023148,,경기도 화성시 우정읍 장안로 19,445955,18564,,,,126.819274027664,37.0888078715305
MA010120220801389052,연화불교전시장,,G2,소매,G221,기타 상품 소매,G22199,그 외 기타 상품 전문 소매업,G47859,그 외 기타 분류 안된 상품 전문 소매업,41,경기도,41115,수원시 팔달구,41115740,행궁동,4111512900,북수동,4111512900101950001,1,대지,195,1,경기도 수원시 팔달구 북수동 195-1,411153012006,경기도 수원시 팔달구 정조로,852,,4111512900101950001019931,,경기도 수원시 팔달구 정조로 852,442180,16253,,1,,127.016249549183,37.2841217626869
MA010120220801389059,청림한약방,,G2,소매,G221,기타 상품 소매,G22199,그 외 기타 상품 전문 소매업,G47859,그 외 기타 분류 안된 상품 전문 소매업,41,경기도,41113,수원시 권선구,41113680,권선2동,4111313700,권선동,4111313700110640001,1,대지,1064,1,경기도 수원시 권선구 권선동 1064-1,411133175029,경기도 수원시 권선구 세권로,214,,4111313700110640001028598,,경기도 수원시 권선구 세권로 214,441824,16582,,,,127.027639383755,37.2546195582148
MA010120220801359071,순우리종묘,,G2,소매,G221,기타 상품 소매,G22199,그 외 기타 상품 전문 소매업,G47859,그 외 기타 분류 안된 상품 전문 소매업,41,경기도,41370,오산시,41370560,초평동,4137011700,벌음동,4137011700101160002,1,대지,116,2,경기도 오산시 벌음동 116-2,413703210137,경기도 오산시 발안로,1263,,4137011700101160002017630,,경기도 오산시 발안로 1263,447190,18104,,,,127.037366799375,37.1393903150833
MA010120220801376338,평화농원,,G2,소매,G221,기타 상품 소매,G22199,그 외 기타 상품 전문 소매업,G47859,그 외 기타 분류 안된 상품 전문 소매업,41,경기도,41590,화성시,41590259,향남읍,4159025921,향남읍,4159025921101180015,1,대지,118,15,경기도 화성시 향남읍 평리 118-15,415904431523,경기도 화성시 향남읍 평6길,58,2,4159025921101180015000004,,경기도 화성시 향남읍 평6길 58-2,445939,18593,,1,,126.907932116242,37.1313410030336
MA010120220801359146,백성아그로,,G2,소매,G221,기타 상품 소매,G22199,그 외 기타 상품 전문 소매업,G47859,그 외 기타 분류 안된 상품 전문 소매업,41,경기도,41370,오산시,41370510,중앙동,4137010100,오산동,4137010100104370003,1,대지,437,3,경기도 오산시 오산동 437-3,413704394118,경기도 오산시 오산로300번길,2,,4137010100104370003014592,,경기도 오산시 오산로300번길 2,447800,18136,,,,127.069040157489,37.1535587820661
MA010120220801359311,녹색종묘농약사,,G2,소매,G221,기타 상품 소매,G22199,그 외 기타 상품 전문 소매업,G47859,그 외 기타 분류 안된 상품 전문 소매업,41,경기도,41370,오산시,41370510,중앙동,4137010100,오산동,4137010100108430003,1,대지,843,3,경기도 오산시 오산동 843-3,413703198031,경기도 오산시 오산로,288,,4137010100108430003012848,,경기도 오산시 오산로 288,447800,18136,,,,127.068802900064,37.1526128081819
MA010120220801367703,카스라이트,,G2,소매,G221,기타 상품 소매,G22199,그 외 기타 상품 전문 소매업,G47859,그 외 기타 분류 안된 상품 전문 소매업,41,경기도,41461,용인시 처인구,41461253,모현읍,4146125322,모현읍,4146125322101350002,1,대지,135,2,경기도 용인시 처인구 모현읍 갈담리 135-2,414614409363,경기도 용인시 처인구 모현읍 백옥대로2186번길,79,,4146131022101350002000001,,경기도 용인시 처인구 모현읍 백옥대로2186번길 79,449851,17036,,,,127.251172281957,37.320825823256
MA010120220801388974,구세한약방,,G2,소매,G221,기타 상품 소매,G22199,그 외 기타 상품 전문 소매업,G47811,의약품 및 의료용품 소매업,41,경기도,41150,의정부시,41150520,의정부2동,4115010100,의정부동,4115010100104080000,1,대지,408,,경기도 의정부시 의정부동 408,411504343029,경기도 의정부시 가능로86번길,15,,4115010100104080000004796,,경기도 의정부시 가능로86번길 15,480845,11663,,1,,127.040835348757,37.7460964936628
MA010120220801380114,금산인삼약초직판장,,G2,소매,G221,기타 상품 소매,G22199,그 외 기타 상품 전문 소매업,G47859,그 외 기타 분류 안된 상품 전문 소매업,41,경기도,41370,오산시,41370510,중앙동,4137010100,오산동,4137010100108450004,1,대지,845,4,경기도 오산시 오산동 845-4,413704394117,경기도 오산시 오산로290번길,14,,4137010100108450004002793,,경기도 오산시 오산로290번길 14,447800,18136,,,,127.07007497561,37.1526481052644
MA010120220801365622,한농종묘,,G2,소매,G221,기타 상품 소매,G22199,그 외 기타 상품 전문 소매업,G47859,그 외 기타 분류 안된 상품 전문 소매업,41,경기도,41590,화성시,41590259,향남읍,4159025921,향남읍,4159025921100780008,1,대지,78,8,경기도 화성시 향남읍 평리 78-8,415904431523,경기도 화성시 향남읍 평6길,56,6,4159025921100780009000001,외,경기도 화성시 향남읍 평6길 56-6,445939,18593,,,,126.908078906778,37.1309356389959
MA010120220801377333,일마레,,G2,소매,G221,기타 상품 소매,G22199,그 외 기타 상품 전문 소매업,G47859,그 외 기타 분류 안된 상품 전문 소매업,41,경기도,41115,수원시 팔달구,41115730,인계동,4111514100,인계동,4111514100103260009,1,대지,326,9,경기도 수원시 팔달구 인계동 326-9,411152012012,경기도 수원시 팔달구 중부대로,184,24,4111514100103260009014953,이레빌딩,경기도 수원시 팔달구 중부대로 184-24,442828,16485,,2,,127.03546104824,37.2760442509807
MA010120220801388436,수원드라이아이스,,G2,소매,G221,기타 상품 소매,G22199,그 외 기타 상품 전문 소매업,G47859,그 외 기타 분류 안된 상품 전문 소매업,41,경기도,41370,오산시,41370546,신장2동,4137011000,내삼미동,4137011000103470008,1,대지,347,8,경기도 오산시 내삼미동 347-8,413703198019,경기도 오산시 북삼미로,59,,4137011000103500003000001,,경기도 오산시 북삼미로 59,447220,18112,,,,127.061936935233,37.1812071283967
MA010120220801360252,누리디자인,,G2,소매,G221,기타 상품 소매,G22199,그 외 기타 상품 전문 소매업,G47859,그 외 기타 분류 안된 상품 전문 소매업,41,경기도,41113,수원시 권선구,41113670,권선1동,4111313700,권선동,4111313700109830000,1,대지,983,,경기도 수원시 권선구 권선동 983,411134325356,경기도 수원시 권선구 세지로82번길,33,20,4111313700109830000033097,,경기도 수원시 권선구 세지로82번길 33-20,441821,16564,,,,127.020257390344,37.2594146012177
MA010120220801371737,공덕불교사,,G2,소매,G221,기타 상품 소매,G22199,그 외 기타 상품 전문 소매업,G47859,그 외 기타 분류 안된 상품 전문 소매업,41,경기도,41111,수원시 장안구,41111580,영화동,4111113400,영화동,4111113400104260033,1,대지,426,33,경기도 수원시 장안구 영화동 426-33,411114322261,경기도 수원시 장안구 장안로30번길,20,1,4111113400104260033049409,,경기도 수원시 장안구 장안로30번길 20-1,440822,16272,,1,,127.006867788326,37.287997145644
MA010120220801360785,남양풍년농약사,,G2,소매,G221,기타 상품 소매,G22199,그 외 기타 상품 전문 소매업,G47859,그 외 기타 분류 안된 상품 전문 소매업,41,경기도,41590,화성시,41590262,남양읍,4159026221,남양읍,4159026221106510002,1,대지,651,2,경기도 화성시 남양읍 남양리 651-2,415904430212,경기도 화성시 남양읍 남양시장로45번길,4,,4159010100106510002003166,,경기도 화성시 남양읍 남양시장로45번길 4,445851,18258,,,,126.814413758544,37.2091186963425
MA010120220801369252,금산인삼총판,,G2,소매,G221,기타 상품 소매,G22199,그 외 기타 상품 전문 소매업,G47859,그 외 기타 분류 안된 상품 전문 소매업,41,경기도,41115,수원시 팔달구,41115660,매산동,4111513400,매산로1가,4111513400100570003,1,대지,57,3,경기도 수원시 팔달구 매산로1가 57-3,411153176007,경기도 수원시 팔달구 매산로,2,10,4111513400100570003009387,,경기도 수원시 팔달구 매산로 2-10,442081,16461,,,,127.002333701499,37.2663002746869
MA010120220801369276,바오로성물,,G2,소매,G221,기타 상품 소매,G22199,그 외 기타 상품 전문 소매업,G47859,그 외 기타 분류 안된 상품 전문 소매업,41,경기도,41113,수원시 권선구,41113530,세류2동,4111312600,세류동,4111312600109770005,1,대지,977,5,경기도 수원시 권선구 세류동 977-5,411133012006,경기도 수원시 권선구 정조로,466,,4111312600109770005030621,,경기도 수원시 권선구 정조로 466,441876,16656,,,,127.012162067917,37.2508017334378
MA010120220801352714,전통문화,,G2,소매,G221,기타 상품 소매,G22199,그 외 기타 상품 전문 소매업,G47859,그 외 기타 분류 안된 상품 전문 소매업,41,경기도,41590,화성시,41590400,양감면,4159040024,양감면,4159040024100820002,1,대지,82,2,경기도 화성시 양감면 송산리 82-2,415903210106,경기도 화성시 양감면 초록로,850,,4159040024100820002000001,,경기도 화성시 양감면 초록로 850,445933,18628,,,,126.992101031996,37.1193382858884
MA010120220801408871,디케이그린,,G2,소매,G221,기타 상품 소매,G22199,그 외 기타 상품 전문 소매업,G47859,그 외 기타 분류 안된 상품 전문 소매업,41,경기도,41370,오산시,41370560,초평동,4137011600,서동,4137011600104820001,1,대지,482,1,경기도 오산시 서동 482-1,413704394071,경기도 오산시 서동로65번길,60,,4137011600104820001001638,,경기도 오산시 서동로65번길 60,447200,18104,,,,127.034490229661,37.1497984338293
MA010120220801424332,백현숙의어성초사랑,,G2,소매,G221,기타 상품 소매,G22199,그 외 기타 상품 전문 소매업,G47859,그 외 기타 분류 안된 상품 전문 소매업,41,경기도,41111,수원시 장안구,41111600,연무동,4111113700,연무동,4111113700102380008,1,대지,238,8,경기도 수원시 장안구 연무동 238-8,411113174008,경기도 수원시 장안구 연무로,25,,4111113700102380008041323,,경기도 수원시 장안구 연무로 25,440813,16220,,,,127.028443266553,37.2940489029766
MA010120220801427993,스칼렛,,G2,소매,G221,기타 상품 소매,G22199,그 외 기타 상품 전문 소매업,G47422,의복 액세서리 및 모조 장신구 소매업,41,경기도,41115,수원시 팔달구,41115700,지동,4111513900,지동,4111513900101230008,1,대지,123,8,경기도 수원시 팔달구 지동 123-8,411152012012,경기도 수원시 팔달구 중부대로,65,,4111513900101230008015165,,경기도 수원시 팔달구 중부대로 65,442836,16246,,2,,127.02400527322,37.2760561386638
MA010120220801405360,중앙,코리아,G2,소매,G221,기타 상품 소매,G22199,그 외 기타 상품 전문 소매업,G47859,그 외 기타 분류 안된 상품 전문 소매업,41,경기도,41590,화성시,41590400,양감면,4159040022,양감면,4159040022201580001,2,산,158,1,경기도 화성시 양감면 사창리 산158-1,415904430613,경기도 화성시 양감면 사격장길,134,,4159040022201580001000001,,경기도 화성시 양감면 사격장길 134,445932,18626,,1,,126.95835924321,37.092884944179
MA010120220801425065,장인Q,,G2,소매,G221,기타 상품 소매,G22199,그 외 기타 상품 전문 소매업,G47859,그 외 기타 분류 안된 상품 전문 소매업,41,경기도,41111,수원시 장안구,41111573,정자3동,4111113300,천천동,4111113300105020002,1,대지,502,2,경기도 수원시 장안구 천천동 502-2,411113174011,경기도 수원시 장안구 정자로,22,1,4111113300105020002055536,,경기도 수원시 장안구 정자로 22-1,440303,16325,,,,126.97949483849,37.3001235344913
MA010120220801437499,소망해요,,G2,소매,G221,기타 상품 소매,G22199,그 외 기타 상품 전문 소매업,G47859,그 외 기타 분류 안된 상품 전문 소매업,41,경기도,41115,수원시 팔달구,41115660,매산동,4111513400,매산로1가,4111513400101150000,1,대지,115,,경기도 수원시 팔달구 매산로1가 115,411153175001,경기도 수원시 팔달구 갓매산로,91,,4111513400101150000010332,,경기도 수원시 팔달구 갓매산로 91,442081,16455,,1,,127.000665195141,37.2701477431415
MA010120220801395237,보현유통,,G2,소매,G221,기타 상품 소매,G22199,그 외 기타 상품 전문 소매업,G47859,그 외 기타 분류 안된 상품 전문 소매업,41,경기도,41113,수원시 권선구,41113690,곡선동,4111313600,곡반정동,4111313600105430007,1,대지,543,7,경기도 수원시 권선구 곡반정동 543-7,411134325192,경기도 수원시 권선구 동수원로146번길,231,,4111313600105430007029435,,경기도 수원시 권선구 동수원로146번길 231,441400,16670,,,,127.032424063257,37.2406251215258
MA010120220801406315,아성,,G2,소매,G221,기타 상품 소매,G22199,그 외 기타 상품 전문 소매업,G47859,그 외 기타 분류 안된 상품 전문 소매업,41,경기도,41115,수원시 팔달구,41115660,매산동,4111513400,매산로1가,4111513400100110003,1,대지,11,3,경기도 수원시 팔달구 매산로1가 11-3,411153012001,경기도 수원시 팔달구 덕영대로,897,,4111513400100110003010420,,경기도 수원시 팔달구 덕영대로 897,442081,16455,,,,126.999977451536,37.2683907143403
MA010120220801410218,엔씨넷,,G2,소매,G221,기타 상품 소매,G22199,그 외 기타 상품 전문 소매업,G47859,그 외 기타 분류 안된 상품 전문 소매업,41,경기도,41113,수원시 권선구,41113690,곡선동,4111313600,곡반정동,4111313600105310015,1,대지,531,15,경기도 수원시 권선구 곡반정동 531-15,411134325192,경기도 수원시 권선구 동수원로146번길,200,16,4111313600105310015029411,,경기도 수원시 권선구 동수원로146번길 200-16,441400,16670,,1,,127.032221938021,37.2423551841852
MA010120220801425473,민간한약건재,,G2,소매,G221,기타 상품 소매,G22199,그 외 기타 상품 전문 소매업,G47859,그 외 기타 분류 안된 상품 전문 소매업,41,경기도,41115,수원시 팔달구,41115740,행궁동,4111512700,남수동,4111512700101000004,1,대지,100,4,경기도 수원시 팔달구 남수동 100-4,411153175035,경기도 수원시 팔달구 수원천로,288,4,4111512700101000004017647,,경기도 수원시 팔달구 수원천로 288-4,442170,16256,,,,127.019033554593,37.2789223499443
MA010120220801410555,조은친구,,G2,소매,G221,기타 상품 소매,G22199,그 외 기타 상품 전문 소매업,G47859,그 외 기타 분류 안된 상품 전문 소매업,41,경기도,41550,안성시,41550250,공도읍,4155025029,공도읍,4155025029102990010,1,대지,299,10,경기도 안성시 공도읍 만정리 299-10,415502012006,경기도 안성시 공도읍 서동대로,4302,,4155025029102990010014279,,경기도 안성시 공도읍 서동대로 4302,456823,17559,,1,,127.1807618767,37.0043861877649
MA010120220801432317,금산인삼사,,G2,소매,G221,기타 상품 소매,G22199,그 외 기타 상품 전문 소매업,G47859,그 외 기타 분류 안된 상품 전문 소매업,41,경기도,41115,수원시 팔달구,41115700,지동,4111513900,지동,4111513900103860000,1,대지,386,,경기도 수원시 팔달구 지동 386,411154328320,경기도 수원시 팔달구 중부대로39번길,3,10,4111513900103860000015626,,경기도 수원시 팔달구 중부대로39번길 3-10,442837,16245,,,,127.020825570536,37.2758855430754
MA010120220801438292,해양선구,,G2,소매,G221,기타 상품 소매,G22199,그 외 기타 상품 전문 소매업,G47859,그 외 기타 분류 안된 상품 전문 소매업,50,제주특별자치도,50110,제주시,50110590,건입동,5011010700,건입동,5011010700113190077,1,대지,1319,77,제주특별자치도 제주시 건입동 1319-77,501103349174,제주특별자치도 제주시 임항로,39,,5011010700113190077035215,,제주특별자치도 제주시 임항로 39,690801,63276,,,,126.529056869704,33.5167448128946
MA010120220801395750,청주불교만물,백화점,G2,소매,G221,기타 상품 소매,G22199,그 외 기타 상품 전문 소매업,G47859,그 외 기타 분류 안된 상품 전문 소매업,11,서울특별시,11230,동대문구,11230545,제기동,1123010300,제기동,1123010300103480002,1,대지,348,2,서울특별시 동대문구 제기동 348-2,112303105006,서울특별시 동대문구 약령시로,107,,1123010300103480002033179,,서울특별시 동대문구 약령시로 107,130862,02482,,,,127.042002901211,37.5832077525062
MA010120220801429388,리자스,,G2,소매,G221,기타 상품 소매,G22199,그 외 기타 상품 전문 소매업,G47859,그 외 기타 분류 안된 상품 전문 소매업,41,경기도,41115,수원시 팔달구,41115730,인계동,4111514100,인계동,4111514100103260009,1,대지,326,9,경기도 수원시 팔달구 인계동 326-9,411152012012,경기도 수원시 팔달구 중부대로,184,24,4111514100103260009014953,이레빌딩,경기도 수원시 팔달구 중부대로 184-24,442828,16485,,2,,127.03546104824,37.2760442509807
MA010120220801392387,경기계기사,,G2,소매,G221,기타 상품 소매,G22199,그 외 기타 상품 전문 소매업,G47859,그 외 기타 분류 안된 상품 전문 소매업,41,경기도,41590,화성시,41590310,매송면,4159031023,매송면,4159031023104920001,1,대지,492,1,경기도 화성시 매송면 어천리 492-1,415903210128,경기도 화성시 매송면 화성로,2245,,4159031023104920008011725,,경기도 화성시 매송면 화성로 2245,445832,18287,,,,126.911733335497,37.2496791963633
MA010120220801396085,권선농약사,,G2,소매,G221,기타 상품 소매,G22199,그 외 기타 상품 전문 소매업,G47859,그 외 기타 분류 안된 상품 전문 소매업,41,경기도,41113,수원시 권선구,41113670,권선1동,4111313700,권선동,4111313700110380017,1,대지,1038,17,경기도 수원시 권선구 권선동 1038-17,411133175009,경기도 수원시 권선구 권광로,103,,4111313700110380017052072,,경기도 수원시 권선구 권광로 103,441824,16568,,,,127.029815919061,37.2571689828959
MA010120220801435561,삼성유통,,G2,소매,G221,기타 상품 소매,G22199,그 외 기타 상품 전문 소매업,G47859,그 외 기타 분류 안된 상품 전문 소매업,41,경기도,41113,수원시 권선구,41113530,세류2동,4111312600,세류동,4111312600109800046,1,대지,980,46,경기도 수원시 권선구 세류동 980-46,411133012001,경기도 수원시 권선구 덕영대로,1112,,4111312600109800046030579,상가,경기도 수원시 권선구 덕영대로 1112,441876,16656,,1,,127.012906316956,37.2526938471296
MA010120220801446876,유한책임회사하이모수원지점,,G2,소매,G221,기타 상품 소매,G22199,그 외 기타 상품 전문 소매업,G47422,의복 액세서리 및 모조 장신구 소매업,41,경기도,41113,수원시 권선구,41113670,권선1동,4111313700,권선동,4111313700109410005,1,대지,941,5,경기도 수원시 권선구 권선동 941-5,411132012008,경기도 수원시 권선구 경수대로,411,,4111313700109410005022973,동동성빌딩,경기도 수원시 권선구 경수대로 411,441821,16570,,4,,127.024700163633,37.2632521990287
MA010120220801403902,주물럭도예，꽃,,G2,소매,G221,기타 상품 소매,G22199,그 외 기타 상품 전문 소매업,G47859,그 외 기타 분류 안된 상품 전문 소매업,41,경기도,41590,화성시,41590350,서신면,4159035025,서신면,4159035025103780008,1,대지,378,8,경기도 화성시 서신면 송교리 378-8,415903210096,경기도 화성시 서신면 제부로,241,,4159035025103780008003565,,경기도 화성시 서신면 제부로 241,445883,18553,,,,126.658157343859,37.1729000703983
MA010120220801426616,푸름켐텍,,G2,소매,G221,기타 상품 소매,G22199,그 외 기타 상품 전문 소매업,G47859,그 외 기타 분류 안된 상품 전문 소매업,11,서울특별시,11545,금천구,11545610,독산1동,1154510200,독산동,1154510200103300032,1,대지,330,32,서울특별시 금천구 독산동 330-32,115454151182,서울특별시 금천구 두산로10길,22,,1154510200103300032012259,,서울특별시 금천구 두산로10길 22,153813,08583,,,,126.892733242702,37.4692528424519
MA010120220801396741,이플러스동양매직,대리점,G2,소매,G221,기타 상품 소매,G22199,그 외 기타 상품 전문 소매업,G47859,그 외 기타 분류 안된 상품 전문 소매업,41,경기도,41111,수원시 장안구,41111572,정자2동,4111113000,정자동,4111113000100400014,1,대지,40,14,경기도 수원시 장안구 정자동 40-14,411114322242,경기도 수원시 장안구 장안로104번길,1,,4111113000100400014047633,,경기도 수원시 장안구 장안로104번길 1,440832,16312,,1,,127.001375910396,37.2933404928331
MA010120220801412164,굿텔레콤,,G2,소매,G221,기타 상품 소매,G22199,그 외 기타 상품 전문 소매업,G47859,그 외 기타 분류 안된 상품 전문 소매업,41,경기도,41113,수원시 권선구,41113560,서둔동,4111313300,탑동,4111313300108570006,1,대지,857,6,경기도 수원시 권선구 탑동 857-6,411134325483,경기도 수원시 권선구 하탑로53번길,12,9,4111313300108570006051505,성원주택,경기도 수원시 권선구 하탑로53번길 12-9,441100,16607,,,,126.977947085397,37.2701637118646
MA010120220801404686,한성유통,,G2,소매,G221,기타 상품 소매,G22199,그 외 기타 상품 전문 소매업,G47859,그 외 기타 분류 안된 상품 전문 소매업,41,경기도,41115,수원시 팔달구,41115680,화서1동,4111513800,화서동,4111513800100600002,1,대지,60,2,경기도 수원시 팔달구 화서동 60-2,411153176003,경기도 수원시 팔달구 고화로,125,,4111513800100600002007377,,경기도 수원시 팔달구 고화로 125,442858,16440,,,,127.006506276229,37.2805275521035
MA010120220801430794,참샘유통,,G2,소매,G221,기타 상품 소매,G22199,그 외 기타 상품 전문 소매업,G47859,그 외 기타 분류 안된 상품 전문 소매업,41,경기도,41111,수원시 장안구,41111560,파장동,4111112900,파장동,4111112900105950003,1,대지,595,3,경기도 수원시 장안구 파장동 595-3,411112012008,경기도 수원시 장안구 경수대로,1033,,4111112900105950003048043,,경기도 수원시 장안구 경수대로 1033,440854,16351,,,,126.998826878401,37.3071443763668
MA010120220801466058,한농종묘사,,G2,소매,G221,기타 상품 소매,G22199,그 외 기타 상품 전문 소매업,G47859,그 외 기타 분류 안된 상품 전문 소매업,41,경기도,41220,평택시,41220610,통복동,4122011400,통복동,4122011400101100001,1,대지,110,1,경기도 평택시 통복동 110-1,412204364801,경기도 평택시 통복로37번길,5,,4122011400101100001211789,,경기도 평택시 통복로37번길 5,450040,17918,,,,127.082815518072,36.9953219237338
MA010120220801470558,청북농약사,,G2,소매,G221,기타 상품 소매,G22199,그 외 기타 상품 전문 소매업,G47859,그 외 기타 분류 안된 상품 전문 소매업,41,경기도,41220,평택시,41220259,청북읍,4122025921,청북읍,4122025921104060154,1,대지,406,154,경기도 평택시 청북읍 현곡리 406-154,412203188099,경기도 평택시 청북읍 청북중앙로,24,,4122035021104060154041779,,경기도 평택시 청북읍 청북중앙로 24,451831,17811,,,,126.930859560805,37.0410063939436
MA010120220801474309,하이샵,,G2,소매,G221,기타 상품 소매,G22199,그 외 기타 상품 전문 소매업,G45219,기타 자동차 신품 부품 및 내장품 판매업,44,충청남도,44133,천안시 서북구,44133253,성거읍,4413325331,성거읍,4413325331101210000,1,대지,121,,충청남도 천안시 서북구 성거읍 요방리 121,441334550109,충청남도 천안시 서북구 성거읍 돌다리길,23,37,4413325330101260001041317,망향휴게소내,충청남도 천안시 서북구 성거읍 돌다리길 23-37,331834,31053,,,,127.181208043694,36.8560207509588
MA010120220801478703,평택종합불교사,,G2,소매,G221,기타 상품 소매,G22199,그 외 기타 상품 전문 소매업,G47859,그 외 기타 분류 안된 상품 전문 소매업,41,경기도,41220,평택시,41220600,원평동,4122011300,평택동,4122011300100820000,1,대지,82,,경기도 평택시 평택동 82,412203188072,경기도 평택시 원평로,80,,4122011300100820000015085,,경기도 평택시 원평로 80,450827,17919,,1,,127.082217004268,36.9924208522915
MA010120220801482724,에스팝콘,,G2,소매,G221,기타 상품 소매,G22199,그 외 기타 상품 전문 소매업,G47859,그 외 기타 분류 안된 상품 전문 소매업,30,대전광역시,30230,대덕구,30230510,오정동,3023010100,오정동,3023010100104400002,1,대지,440,2,대전광역시 대덕구 오정동 440-2,302303010002,대전광역시 대덕구 대전로,1074,,3023010100104400002008469,,대전광역시 대덕구 대전로 1074,306819,34433,,,,127.415948047416,36.3501913325222
MA010120220801463839,서울영농자재상사,,G2,소매,G221,기타 상품 소매,G22199,그 외 기타 상품 전문 소매업,G47859,그 외 기타 분류 안된 상품 전문 소매업,41,경기도,41220,평택시,41220253,안중읍,4122025321,안중읍,4122025321102810019,1,대지,281,19,경기도 평택시 안중읍 안중리 281-19,412204364464,경기도 평택시 안중읍 안현로서2길,24,,4122025321102810019043916,,경기도 평택시 안중읍 안현로서2길 24,451884,17936,,,,126.929256084107,36.9882922700327
MA010120220801472341,영일정보통신,,G2,소매,G221,기타 상품 소매,G22199,그 외 기타 상품 전문 소매업,G47859,그 외 기타 분류 안된 상품 전문 소매업,41,경기도,41550,안성시,41550350,대덕면,4155035030,대덕면,4155035030102060005,1,대지,206,5,경기도 안성시 대덕면 죽리 206-5,415504424603,경기도 안성시 대덕면 죽촌길,135,,4155035030102060005016095,상록하우스,경기도 안성시 대덕면 죽촌길 135,456831,17547,,,,127.22278796443,36.9951597666508
MA010120220801482890,하나건설기계,,G2,소매,G221,기타 상품 소매,G22199,그 외 기타 상품 전문 소매업,G47859,그 외 기타 분류 안된 상품 전문 소매업,41,경기도,41500,이천시,41500510,창전동,4150010100,창전동,4150010100104080010,1,대지,408,10,경기도 이천시 창전동 408-10,415003207026,경기도 이천시 설봉로,97,,4150010100104080010008159,,경기도 이천시 설봉로 97,467805,17354,,,,127.438618070901,37.2850582449598
MA010120220801466327,복기농예사,,G2,소매,G221,기타 상품 소매,G22199,그 외 기타 상품 전문 소매업,G47859,그 외 기타 분류 안된 상품 전문 소매업,41,경기도,41220,평택시,41220610,통복동,4122011400,통복동,4122011400100710007,1,대지,71,7,경기도 평택시 통복동 71-7,412204364818,경기도 평택시 통복시장로47번길,21,,4122011400100710007012429,,경기도 평택시 통복시장로47번길 21,450040,17892,,,,127.084785321233,36.99882574433
MA010120220801470823,봉산총포사,,G2,소매,G221,기타 상품 소매,G22199,그 외 기타 상품 전문 소매업,G47859,그 외 기타 분류 안된 상품 전문 소매업,41,경기도,41550,안성시,41550510,안성1동,4155010100,봉산동,4155010100100550005,1,대지,55,5,경기도 안성시 봉산동 55-5,415503208066,경기도 안성시 중앙로,465,,4155010100100550005019049,,경기도 안성시 중앙로 465,456030,17590,,,,127.278467777042,37.005882191099
MA010120220801472371,풍원농약사,,G2,소매,G221,기타 상품 소매,G22199,그 외 기타 상품 전문 소매업,G47859,그 외 기타 분류 안된 상품 전문 소매업,41,경기도,41550,안성시,41550520,안성2동,4155011700,서인동,4155011700100640000,1,대지,64,,경기도 안성시 서인동 64,415502000021,경기도 안성시 안성맞춤대로,1038,,4155011700100640000021670,,경기도 안성시 안성맞춤대로 1038,456210,17592,,,,127.269232775628,37.0060026171686
MA010120220801483377,러브샵,,G2,소매,G221,기타 상품 소매,G22199,그 외 기타 상품 전문 소매업,G47859,그 외 기타 분류 안된 상품 전문 소매업,41,경기도,41220,평택시,41220253,안중읍,4122025321,안중읍,4122025321102340009,1,대지,234,9,경기도 평택시 안중읍 안중리 234-9,412202012006,경기도 평택시 안중읍 서동대로,1639,4,4122025321102340009040408,,경기도 평택시 안중읍 서동대로 1639-4,451884,17934,,,,126.932467057914,36.9900963078388
MA010120220801491293,흥농종묘사,,G2,소매,G221,기타 상품 소매,G22199,그 외 기타 상품 전문 소매업,G47859,그 외 기타 분류 안된 상품 전문 소매업,41,경기도,41550,안성시,41550520,안성2동,4155011700,서인동,4155011700100600003,1,대지,60,3,경기도 안성시 서인동 60-3,415502000021,경기도 안성시 안성맞춤대로,1042,,4155011700100600003021678,서,경기도 안성시 안성맞춤대로 1042,456210,17592,,1,,127.26939137263,37.0063716995714
MA010120220801465038,준유통,,G2,소매,G221,기타 상품 소매,G22199,그 외 기타 상품 전문 소매업,G47859,그 외 기타 분류 안된 상품 전문 소매업,41,경기도,41220,평택시,41220250,팽성읍,4122025041,팽성읍,4122025041101130238,1,대지,113,238,경기도 평택시 팽성읍 안정리 113-238,412204364431,경기도 평택시 팽성읍 안정순환로222번길,93,10,4122025041101130238000001,,경기도 평택시 팽성읍 안정순환로222번길 93-10,451807,17982,,1,,127.043769304507,36.9603716070846
MA010120220801458069,친환경상품지원센터주,,G2,소매,G221,기타 상품 소매,G22199,그 외 기타 상품 전문 소매업,G47859,그 외 기타 분류 안된 상품 전문 소매업,41,경기도,41115,수원시 팔달구,41115740,행궁동,4111512500,중동,4111512500100940000,1,대지,94,,경기도 수원시 팔달구 중동 94,411153012006,경기도 수원시 팔달구 정조로,735,,4111512500100940000016159,베레슈트빌딩,경기도 수원시 팔달구 정조로 735,442120,16263,,3,,127.016157100392,37.2736607022146
MA010120220801469602,해피유통,,G2,소매,G221,기타 상품 소매,G22199,그 외 기타 상품 전문 소매업,G47859,그 외 기타 분류 안된 상품 전문 소매업,41,경기도,41111,수원시 장안구,41111566,율천동,4111113200,율전동,4111113200102350008,1,대지,235,8,경기도 수원시 장안구 율전동 235-8,411114322080,경기도 수원시 장안구 덕영대로445번길,12,12,4111113200102350008044937,,경기도 수원시 장안구 덕영대로445번길 12-12,440824,16357,,3,,126.972163231861,37.300878907912
MA010120220801489021,현대프라자,,G2,소매,G221,기타 상품 소매,G22199,그 외 기타 상품 전문 소매업,G47859,그 외 기타 분류 안된 상품 전문 소매업,41,경기도,41590,화성시,41590410,정남면,4159041032,정남면,4159041032100550001,1,대지,55,1,경기도 화성시 정남면 덕절리 55-1,415903210137,경기도 화성시 정남면 발안로,1137,,4159041032100550001015948,이층,경기도 화성시 정남면 발안로 1137,445964,18515,,,,127.025850761982,37.1331850713591
MA010120220801491512,공도인삼판매장,,G2,소매,G221,기타 상품 소매,G22199,그 외 기타 상품 전문 소매업,G47859,그 외 기타 분류 안된 상품 전문 소매업,41,경기도,41550,안성시,41550250,공도읍,4155025029,공도읍,4155025029103070010,1,대지,307,10,경기도 안성시 공도읍 만정리 307-10,415503208018,경기도 안성시 공도읍 만수로,9,,4155025029103070010026455,,경기도 안성시 공도읍 만수로 9,456823,17549,,,,127.183563958745,37.0062741559556
MA010120220801451090,농민사랑,,G2,소매,G221,기타 상품 소매,G22199,그 외 기타 상품 전문 소매업,G47859,그 외 기타 분류 안된 상품 전문 소매업,41,경기도,41500,이천시,41500250,장호원읍,4150025032,장호원읍,4150025032100020001,1,대지,2,1,경기도 이천시 장호원읍 풍계리 2-1,415003207072,경기도 이천시 장호원읍 장여로,523,5,4150025032100020001025357,,경기도 이천시 장호원읍 장여로 523-5,467902,17414,,,,127.631580903022,37.1632041626469
MA010120220801484728,성인용품,,G2,소매,G221,기타 상품 소매,G22199,그 외 기타 상품 전문 소매업,G47859,그 외 기타 분류 안된 상품 전문 소매업,41,경기도,41220,평택시,41220550,지산동,4122011000,지산동,4122011000107680076,1,대지,768,76,경기도 평택시 지산동 768-76,412204364735,경기도 평택시 지산로19번길,11,,4122011000107680076008538,,경기도 평택시 지산로19번길 11,459110,17757,,,,127.057052142639,37.0797229220029
MA010120220801456534,태승방재,,G2,소매,G221,기타 상품 소매,G22199,그 외 기타 상품 전문 소매업,G47859,그 외 기타 분류 안된 상품 전문 소매업,41,경기도,41113,수원시 권선구,41113670,권선1동,4111313700,권선동,4111313700109890003,1,대지,989,3,경기도 수원시 권선구 권선동 989-3,411132012008,경기도 수원시 권선구 경수대로,351,,4111313700109890003033032,세광빌딩,경기도 수원시 권선구 경수대로 351,441821,16565,,2,,127.022489045479,37.2581437278072
MA010120220802671794,인천인터폰비디오폰중앙통신,,G2,소매,G221,기타 상품 소매,G22199,그 외 기타 상품 전문 소매업,G47859,그 외 기타 분류 안된 상품 전문 소매업,28,인천광역시,28185,연수구,28185766,청학동,2818510400,청학동,2818510400100030073,1,대지,3,73,인천광역시 연수구 청학동 3-73,281853152028,인천광역시 연수구 청솔안로,18,,2818510400100030073204007,동진파크뷰,인천광역시 연수구 청솔안로 18,406828,21901,,1,,126.660810186579,37.4325851222454
MA010120220802777791,봉일천퇴비,,G2,소매,G221,기타 상품 소매,G22199,그 외 기타 상품 전문 소매업,G47859,그 외 기타 분류 안된 상품 전문 소매업,41,경기도,41480,파주시,41480262,조리읍,4148026224,조리읍,4148026224107550000,1,대지,755,,경기도 파주시 조리읍 장곡리 755,414803000008,경기도 파주시 조리읍 통일로,31,7,4148026224107550001032176,하나로빌라,경기도 파주시 조리읍 통일로 31-7,413825,10941,,1,,126.836454773789,37.7304664152451
MA010120220802860658,가족인삼,,G2,소매,G221,기타 상품 소매,G22199,그 외 기타 상품 전문 소매업,G47859,그 외 기타 분류 안된 상품 전문 소매업,26,부산광역시,26230,부산진구,26230510,부전1동,2623010300,부전동,2623010300105730026,1,대지,573,26,부산광역시 부산진구 부전동 573-26,262304187696,부산광역시 부산진구 중앙대로783번길,23,,2623010300105730021011896,부전점포,부산광역시 부산진구 중앙대로783번길 23,614848,47251,,2,,129.061156600134,35.1630333001005
MA010120220803025565,법인그린팜전주점,,G2,소매,G221,기타 상품 소매,G22199,그 외 기타 상품 전문 소매업,G47859,그 외 기타 분류 안된 상품 전문 소매업,52,전북특별자치도,52111,전주시 완산구,52111510,중앙동,5211111900,태평동,5211111900100360001,1,대지,36,1,전북특별자치도 전주시 완산구 태평동 36-1,521114598369,전북특별자치도 전주시 완산구 태평3길,70,,4511111900100380001031292,중앙상가,전북특별자치도 전주시 완산구 태평3길 70,560773,54996,,1,,127.142448868237,35.8252210291403
MA010120220802778474,S&B시스템,,G2,소매,G221,기타 상품 소매,G22199,그 외 기타 상품 전문 소매업,G47859,그 외 기타 분류 안된 상품 전문 소매업,41,경기도,41480,파주시,41480570,운정3동,4148010800,야당동,4148010800109810000,1,대지,981,,경기도 파주시 야당동 981,414803012097,경기도 파주시 미래로,422,,4148025922201200001000011,한라비발디센트럴파크,경기도 파주시 미래로 422,413200,10907,,1,,126.74902415745,37.7145997837997
MA010120220803904519,초록상자,,G2,소매,G221,기타 상품 소매,G22199,그 외 기타 상품 전문 소매업,G47859,그 외 기타 분류 안된 상품 전문 소매업,11,서울특별시,11290,성북구,11290770,장위2동,1129013800,장위동,1129013800102460333,1,대지,246,333,서울특별시 성북구 장위동 246-333,112904121548,서울특별시 성북구 장월로9나길,11,3,1129013800102460377011418,동호빌라,서울특별시 성북구 장월로9나길 11-3,136839,02747,,4,,127.046832309373,37.6115421070088
MA010120220803966003,파란기획,,G2,소매,G221,기타 상품 소매,G22199,그 외 기타 상품 전문 소매업,G47859,그 외 기타 분류 안된 상품 전문 소매업,11,서울특별시,11305,강북구,11305534,삼양동,1130510100,미아동,1130510100107911666,1,대지,791,1666,서울특별시 강북구 미아동 791-1666,113054124325,서울특별시 강북구 솔매로22길,28,,1130510100107911666033406,미도빌라트,서울특별시 강북구 솔매로22길 28,142824,01182,,2,,127.016096831394,37.6246506679764
MA010120220803966683,기산낚시,,G2,소매,G221,기타 상품 소매,G22199,그 외 기타 상품 전문 소매업,G47859,그 외 기타 분류 안된 상품 전문 소매업,11,서울특별시,11320,도봉구,11320690,방학1동,1132010600,방학동,1132010600107240031,1,대지,724,31,서울특별시 도봉구 방학동 724-31,113203005048,서울특별시 도봉구 방학로,31,8,1132010600107240031004113,서후그랑빌,서울특별시 도봉구 방학로 31-8,132854,01407,,5,,127.048609363012,37.6620235843607
MA010120220803966873,그린테크,,G2,소매,G221,기타 상품 소매,G22199,그 외 기타 상품 전문 소매업,G47859,그 외 기타 분류 안된 상품 전문 소매업,11,서울특별시,11350,노원구,11350640,상계2동,1135010500,상계동,1135010500113180000,1,대지,1318,,서울특별시 노원구 상계동 1318,113504130282,서울특별시 노원구 상계로23다길,13,8,1135010500103890234000001,노원아이파크,서울특별시 노원구 상계로23다길 13-8,139816,01684,,1,,127.069257113816,37.6600040801583
MA010120220804250391,풍기진생,,G2,소매,G221,기타 상품 소매,G22199,그 외 기타 상품 전문 소매업,G47859,그 외 기타 분류 안된 상품 전문 소매업,11,서울특별시,11710,송파구,11710520,풍납2동,1171010300,풍납동,1171010300103990007,1,대지,399,7,서울특별시 송파구 풍납동 399-7,117104169032,서울특별시 송파구 강동대로9길,13,,1171010300103990007025168,명칭없음,서울특별시 송파구 강동대로9길 13,138878,05537,,1,,127.116276474912,37.5277105914156
MA010120220804359759,오엠알프로,,G2,소매,G221,기타 상품 소매,G22199,그 외 기타 상품 전문 소매업,G47859,그 외 기타 분류 안된 상품 전문 소매업,11,서울특별시,11215,광진구,11215820,자양1동,1121510500,자양동,1121510500107790008,1,대지,779,8,서울특별시 광진구 자양동 779-8,112153104010,서울특별시 광진구 자양로,109,,1121510500107790008014644,구의현대홈시티,서울특별시 광진구 자양로 109,143853,05026,,2,,127.083060555514,37.5374243824838
MA010120220802929614,박수환,,G2,소매,G221,기타 상품 소매,G22199,그 외 기타 상품 전문 소매업,G47859,그 외 기타 분류 안된 상품 전문 소매업,11,서울특별시,11545,금천구,11545670,시흥1동,1154510300,시흥동,1154510300109900001,1,대지,990,1,서울특별시 금천구 시흥동 990-1,115454151316,서울특별시 금천구 시흥대로51길,37,,1154510300109900001004886,삼성빌7차,서울특별시 금천구 시흥대로51길 37,153864,08635,,3,,126.899450153406,37.4507699852396
MA010120220802931289,스타모,,G2,소매,G221,기타 상품 소매,G22199,그 외 기타 상품 전문 소매업,G47422,의복 액세서리 및 모조 장신구 소매업,30,대전광역시,30200,유성구,30200530,온천1동,3020011100,봉명동,3020011100104690046,1,대지,469,46,대전광역시 유성구 봉명동 469-46,302003010024,대전광역시 유성구 계룡로,55,,3020011100104690017000001,유성자이,대전광역시 유성구 계룡로 55,305301,34169,,1,,127.33716711178,36.3561620531997
MA010120220804252121,더비,,G2,소매,G221,기타 상품 소매,G22199,그 외 기타 상품 전문 소매업,G47859,그 외 기타 분류 안된 상품 전문 소매업,11,서울특별시,11290,성북구,11290715,월곡1동,1129013600,하월곡동,1129013600102220000,1,대지,222,,서울특별시 성북구 하월곡동 222,112903005044,서울특별시 성북구 오패산로,46,,1129013600102220000015803,월곡두산위브아파트,서울특별시 성북구 오패산로 46,136777,02750,,2,,127.038709580015,37.6074725791937
MA010120220802711659,고려불교,백화점,G2,소매,G221,기타 상품 소매,G22199,그 외 기타 상품 전문 소매업,G47859,그 외 기타 분류 안된 상품 전문 소매업,41,경기도,41210,광명시,41210580,광명7동,4121010100,광명동,4121010100107770000,1,대지,777,,경기도 광명시 광명동 777,412103187064,경기도 광명시 새터로,78,,4121010100107770000004703,팰리스필1차,경기도 광명시 새터로 78,423017,14269,,1,,126.85564506027,37.4744572312542
MA010120220802613668,금산고려인삼도매,,G2,소매,G221,기타 상품 소매,G22199,그 외 기타 상품 전문 소매업,G47859,그 외 기타 분류 안된 상품 전문 소매업,41,경기도,41173,안양시 동안구,41173580,호계1동,4117310400,호계동,4117310400109970000,1,대지,997,,경기도 안양시 동안구 호계동 997,411734349222,경기도 안양시 동안구 흥안대로133번길,34,,4117310400109970000005950,청도,경기도 안양시 동안구 흥안대로133번길 34,431841,14112,,1,,126.959277666336,37.3725882339118
MA010120220803748996,구피촌,,G2,소매,G221,기타 상품 소매,G22199,그 외 기타 상품 전문 소매업,G47859,그 외 기타 분류 안된 상품 전문 소매업,28,인천광역시,28260,서구,28260710,당하동,2826011400,당하동,2826011400110830010,1,대지,1083,10,인천광역시 서구 당하동 1083-10,282604268840,인천광역시 서구 청마로93번길,20,,2826011400202080005000002,리치타운,인천광역시 서구 청마로93번길 20,404310,22675,,3,,126.673383056277,37.5889351347748
MA010120220804026534,고려산업,,G2,소매,G221,기타 상품 소매,G22199,그 외 기타 상품 전문 소매업,G47859,그 외 기타 분류 안된 상품 전문 소매업,11,서울특별시,11680,강남구,11680531,논현2동,1168010800,논현동,1168010800100970002,1,대지,97,2,서울특별시 강남구 논현동 97-2,116804166586,서울특별시 강남구 언주로150길,10,,1168010800100970002005180,한미연립,서울특별시 강남구 언주로150길 10,135819,06054,,2,,127.035259879853,37.5209329694075
MA010120220804324626,국기보급회,,G2,소매,G221,기타 상품 소매,G22199,그 외 기타 상품 전문 소매업,G47859,그 외 기타 분류 안된 상품 전문 소매업,11,서울특별시,11230,동대문구,11230660,장안2동,1123010600,장안동,1123010600105840000,1,대지,584,,서울특별시 동대문구 장안동 584,112304115403,서울특별시 동대문구 장한로26나길,42,,1123010600103450004016400,형인휴아름,서울특별시 동대문구 장한로26나길 42,130102,02639,,3,,127.07170919874,37.569930809152
MA010120220803639608,금산인삼사,,G2,소매,G221,기타 상품 소매,G22199,그 외 기타 상품 전문 소매업,G47859,그 외 기타 분류 안된 상품 전문 소매업,11,서울특별시,11290,성북구,11290760,장위1동,1129013800,장위동,1129013800102250076,1,대지,225,76,서울특별시 성북구 장위동 225-76,112903107013,서울특별시 성북구 장위로,77,,1129013800102250076014355,광성아트빌,서울특별시 성북구 장위로 77,136835,02756,,1,,127.045214205242,37.6140024374758
MA010120220803882153,비전십자가,,G2,소매,G221,기타 상품 소매,G22199,그 외 기타 상품 전문 소매업,G47859,그 외 기타 분류 안된 상품 전문 소매업,11,서울특별시,11290,성북구,11290525,성북동,1129010100,성북동,1129010100102860000,1,대지,286,,서울특별시 성북구 성북동 286,112904121349,서울특별시 성북구 성북로31가길,5,,1129010100102860000053180,주암,서울특별시 성북구 성북로31가길 5,136823,02878,,5,,126.989491929431,37.5951889477255
MA010120220803110321,금부인삼,,G2,소매,G221,기타 상품 소매,G22199,그 외 기타 상품 전문 소매업,G47859,그 외 기타 분류 안된 상품 전문 소매업,26,부산광역시,26230,부산진구,26230510,부전1동,2623010300,부전동,2623010300105730003,1,대지,573,3,부산광역시 부산진구 부전동 573-3,262304187696,부산광역시 부산진구 중앙대로783번길,23,,2623010300105730021011896,부전시장,부산광역시 부산진구 중앙대로783번길 23,614848,47251,,2,,129.06102082303,35.1633059594121
MA010120220803574657,천년인삼,,G2,소매,G221,기타 상품 소매,G22199,그 외 기타 상품 전문 소매업,G47859,그 외 기타 분류 안된 상품 전문 소매업,26,부산광역시,26230,부산진구,26230510,부전1동,2623010300,부전동,2623010300105730003,1,대지,573,3,부산광역시 부산진구 부전동 573-3,262304187696,부산광역시 부산진구 중앙대로783번길,23,,2623010300105730021011896,부전시장,부산광역시 부산진구 중앙대로783번길 23,614848,47251,,2,,129.06102082303,35.1633059594121
MA010120220804425439,금산인삼,,G2,소매,G221,기타 상품 소매,G22199,그 외 기타 상품 전문 소매업,G47859,그 외 기타 분류 안된 상품 전문 소매업,26,부산광역시,26230,부산진구,26230510,부전1동,2623010300,부전동,2623010300105730003,1,대지,573,3,부산광역시 부산진구 부전동 573-3,262304187696,부산광역시 부산진구 중앙대로783번길,23,,2623010300105730021011896,부전시장,부산광역시 부산진구 중앙대로783번길 23,614848,47251,,2,,129.06102082303,35.1633059594121
MA010120220803170786,일광바이오전남본부,,G2,소매,G221,기타 상품 소매,G22199,그 외 기타 상품 전문 소매업,G47859,그 외 기타 분류 안된 상품 전문 소매업,46,전라남도,46710,담양군,46710250,담양읍,4671025039,담양읍,4671025039103450000,1,대지,345,,전라남도 담양군 담양읍 담빛리 345,467103352710,전라남도 담양군 담양읍 태왕3로,37,,4671025038100000000000002,양우내안애퍼스트힐1단지,전라남도 담양군 담양읍 태왕3로 37,517800,57332,,1,,126.943784409205,35.3161850506683
MA010120220802951745,울랄라섹션,,G2,소매,G221,기타 상품 소매,G22199,그 외 기타 상품 전문 소매업,G47859,그 외 기타 분류 안된 상품 전문 소매업,41,경기도,41480,파주시,41480510,금촌1동,4148010100,금촌동,4148010100109700000,1,대지,970,,경기도 파주시 금촌동 970,414803206113,경기도 파주시 번영로,48,,4148010100109700000030459,우평메디코아,경기도 파주시 번영로 48,413011,10913,,,,126.76763620266,37.757938459833
MA010120220802965464,한우리종합상사,,G2,소매,G221,기타 상품 소매,G22199,그 외 기타 상품 전문 소매업,G47859,그 외 기타 분류 안된 상품 전문 소매업,41,경기도,41113,수원시 권선구,41113550,평동,4111312800,고색동,4111312800109860000,1,대지,986,,경기도 수원시 권선구 고색동 986,411133175010,경기도 수원시 권선구 권선로,308,18,4111312800109860000050960,,경기도 수원시 권선구 권선로 308-18,441813,16602,,,,126.985368816943,37.2540722435472
MA010120220802971195,드래곤상사,,G2,소매,G221,기타 상품 소매,G22199,그 외 기타 상품 전문 소매업,G47859,그 외 기타 분류 안된 상품 전문 소매업,44,충청남도,44790,청양군,44790250,청양읍,4479025029,청양읍,4479025029103580005,1,대지,358,5,충청남도 청양군 청양읍 송방리 358-5,447903015067,충청남도 청양군 청양읍 칠갑산로,151,,4479025029103580005001117,,충청남도 청양군 청양읍 칠갑산로 151,345801,33339,,,,126.793013102287,36.450468646057
MA010120220802971435,대성종묘농약,,G2,소매,G221,기타 상품 소매,G22199,그 외 기타 상품 전문 소매업,G47859,그 외 기타 분류 안된 상품 전문 소매업,48,경상남도,48170,진주시,48170555,성북동,4817011300,봉곡동,4817011300104450009,1,대지,445,9,경상남도 진주시 봉곡동 445-9,481702332003,경상남도 진주시 진주대로,1177,,4817011300104450009205432,,경상남도 진주시 진주대로 1177,660040,52681,,,,128.074335805923,35.194879390367
MA010120220802973857,두손한방건강증진센터,,G2,소매,G221,기타 상품 소매,G22199,그 외 기타 상품 전문 소매업,G47859,그 외 기타 분류 안된 상품 전문 소매업,11,서울특별시,11230,동대문구,11230545,제기동,1123010300,제기동,1123010300110190000,1,대지,1019,,서울특별시 동대문구 제기동 1019,112304115033,서울특별시 동대문구 고산자로36길,3,,1123010300110190000034389,신관,서울특별시 동대문구 고산자로36길 3,130865,02571,,1,,127.039147690267,37.5790371332837
MA010120220802979078,성필,,G2,소매,G221,기타 상품 소매,G22199,그 외 기타 상품 전문 소매업,G47859,그 외 기타 분류 안된 상품 전문 소매업,48,경상남도,48840,남해군,48840390,창선면,4884039022,창선면,4884039022106700004,1,대지,670,4,경상남도 남해군 창선면 동대리 670-4,488403343037,경상남도 남해군 창선면 창선로,231,14,4884039022106700004036740,,경상남도 남해군 창선면 창선로 231-14,668854,52450,,,,128.007304502724,34.8689575060407
MA010120220802976787,위즈엔조이,,G2,소매,G221,기타 상품 소매,G22199,그 외 기타 상품 전문 소매업,G47859,그 외 기타 분류 안된 상품 전문 소매업,41,경기도,41360,남양주시,41360570,별내동,4136011100,별내동,4136011100122490002,1,대지,2249,2,경기도 남양주시 별내동 2249-2,413603197037,경기도 남양주시 순화궁로,612,,4136011100122490002000001,,경기도 남양주시 순화궁로 612,472501,12091,,2,,127.112408612573,37.6790536031543
MA010120220802976917,폰베이스,,G2,소매,G221,기타 상품 소매,G22199,그 외 기타 상품 전문 소매업,G47859,그 외 기타 분류 안된 상품 전문 소매업,41,경기도,41192,부천시 원미구,41192520,심곡2동,4119210200,심곡동,4119210200101300006,1,대지,130,6,경기도 부천시 원미구 심곡동 130-6,411923000019,경기도 부천시 원미구 부일로,519,,4119510200101300006009035,화신오피스텔,경기도 부천시 원미구 부일로 519,420822,14642,,,,126.788032349027,37.4853746081521
MA010120220802993161,이레태양광발전소,,G2,소매,G221,기타 상품 소매,G22199,그 외 기타 상품 전문 소매업,G47859,그 외 기타 분류 안된 상품 전문 소매업,48,경상남도,48270,밀양시,48270310,부북면,4827031033,부북면,4827031033100580002,1,대지,58,2,경상남도 밀양시 부북면 위양리 58-2,482704808751,경상남도 밀양시 부북면 위양1길,56,60,4827031033200180003000002,,경상남도 밀양시 부북면 위양1길 56-60,627853,50401,,,,128.726681124471,35.5527403592375
MA010120220802966583,나인틴,,G2,소매,G221,기타 상품 소매,G22199,그 외 기타 상품 전문 소매업,G47859,그 외 기타 분류 안된 상품 전문 소매업,11,서울특별시,11500,강서구,11500540,화곡1동,1150010300,화곡동,1150010300109340015,1,대지,934,15,서울특별시 강서구 화곡동 934-15,115004145073,서울특별시 강서구 강서로5나길,133,,1150010300109340015029636,,서울특별시 강서구 강서로5나길 133,157910,07780,,2,,126.840744071887,37.5281109564558
MA010120220802958298,언니스픽,,G2,소매,G221,기타 상품 소매,G22199,그 외 기타 상품 전문 소매업,G47859,그 외 기타 분류 안된 상품 전문 소매업,50,제주특별자치도,50130,서귀포시,50130253,남원읍,5013025327,남원읍,5013025327140230003,1,대지,4023,3,제주특별자치도 서귀포시 남원읍 위미리 4023-3,501304850722,제주특별자치도 서귀포시 남원읍 일주동로7774번길,72,,5013025327140230003000001,제,제주특별자치도 서귀포시 남원읍 일주동로7774번길 72,699944,63609,,,,126.646640977464,33.2797865758032
MA010120220802953221,금호쿠폰판매점,,G2,소매,G221,기타 상품 소매,G22199,그 외 기타 상품 전문 소매업,G47859,그 외 기타 분류 안된 상품 전문 소매업,47,경상북도,47230,영천시,47230250,금호읍,4723025022,금호읍,4723025022101010008,1,대지,101,8,경상북도 영천시 금호읍 덕성리 101-8,472303310033,경상북도 영천시 금호읍 금호로,96,,4723025022101010009047458,,경상북도 영천시 금호읍 금호로 96,770802,38881,,1,,128.872157259226,35.9309849599327
MA010120220802972378,소롯,,G2,소매,G221,기타 상품 소매,G22199,그 외 기타 상품 전문 소매업,G47859,그 외 기타 분류 안된 상품 전문 소매업,41,경기도,41192,부천시 원미구,41192700,상3동,4119210900,상동,4119210900105380003,1,대지,538,3,경기도 부천시 원미구 상동 538-3,411924352296,경기도 부천시 원미구 송내대로265번길,19,,4119510900105380003033771,대신프라자,경기도 부천시 원미구 송내대로265번길 19,420862,14542,,2,,126.757876968745,37.5064902677826
MA010120220802961986,동일그린,,G2,소매,G221,기타 상품 소매,G22199,그 외 기타 상품 전문 소매업,G47859,그 외 기타 분류 안된 상품 전문 소매업,50,제주특별자치도,50110,제주시,50110253,애월읍,5011025331,애월읍,5011025331104770001,1,대지,477,1,제주특별자치도 제주시 애월읍 상가리 477-1,501103349010,제주특별자치도 제주시 애월읍 고하상로,276,,5011025331004770001043248,,제주특별자치도 제주시 애월읍 고하상로 276,695908,63036,,,,126.356648594575,33.4437253687354
MA010120220802980556,푸름,,G2,소매,G221,기타 상품 소매,G22199,그 외 기타 상품 전문 소매업,G47859,그 외 기타 분류 안된 상품 전문 소매업,11,서울특별시,11305,강북구,11305545,송중동,1130510100,미아동,1130510100100490091,1,대지,49,91,서울특별시 강북구 미아동 49-91,113054124457,서울특별시 강북구 월계로13길,7,,1130510100100490092000001,,서울특별시 강북구 월계로13길 7,142804,01222,,,,127.034521192271,37.6116724889032
MA010120220802993529,천하컴퍼니,,G2,소매,G221,기타 상품 소매,G22199,그 외 기타 상품 전문 소매업,G47859,그 외 기타 분류 안된 상품 전문 소매업,46,전라남도,46150,순천시,46150390,별량면,4615039034,별량면,4615039034101160001,1,대지,116,1,전라남도 순천시 별량면 구룡리 116-1,461504649642,전라남도 순천시 별량면 아랫용두길,39,,4615039034101160001046054,,전라남도 순천시 별량면 아랫용두길 39,540871,58033,,,,127.430759734358,34.8395561740007
MA010120220802980641,정밀농업,,G2,소매,G221,기타 상품 소매,G22199,그 외 기타 상품 전문 소매업,G47859,그 외 기타 분류 안된 상품 전문 소매업,44,충청남도,44270,당진시,44270380,신평면,4427038021,신평면,4427038021111450000,1,대지,1145,,충청남도 당진시 신평면 금천리 1145,442704595202,충청남도 당진시 신평면 말목길,61,61,4483038021111450000044587,,충청남도 당진시 신평면 말목길 61-61,343812,31740,,,,126.758591554566,36.8903627671606
MA010120220802978154,청솔양봉원,,G2,소매,G221,기타 상품 소매,G22199,그 외 기타 상품 전문 소매업,G47859,그 외 기타 분류 안된 상품 전문 소매업,44,충청남도,44800,홍성군,44800253,광천읍,4480025322,광천읍,4480025322102300000,1,대지,230,,충청남도 홍성군 광천읍 광천리 230,448004586068,충청남도 홍성군 광천읍 광천로299번길,31,,4480025322102300000054432,,충청남도 홍성군 광천읍 광천로299번길 31,350902,32295,,,,126.624502255226,36.5007565598322
MA010120220803024365,대진안전소방,,G2,소매,G221,기타 상품 소매,G22199,그 외 기타 상품 전문 소매업,G47859,그 외 기타 분류 안된 상품 전문 소매업,41,경기도,41360,남양주시,41360256,화도읍,4136025624,화도읍,4136025624101380000,1,대지,138,,경기도 남양주시 화도읍 구암리 138,413604391097,경기도 남양주시 화도읍 경춘로2647번길,25,1,4136025624101380000017989,,경기도 남양주시 화도읍 경춘로2647번길 25-1,472842,12192,,,,127.371085834993,37.6698920402601
MA010120220803005125,한솔장갑,,G2,소매,G221,기타 상품 소매,G22199,그 외 기타 상품 전문 소매업,G47859,그 외 기타 분류 안된 상품 전문 소매업,52,전북특별자치도,52210,김제시,52210330,백산면,5221033029,백산면,5221033029115930010,1,대지,1593,10,전북특별자치도 김제시 백산면 부거리 1593-10,522104826444,전북특별자치도 김제시 백산면 지평선산단2길,292,4,4521033029115930010000001,,전북특별자치도 김제시 백산면 지평선산단2길 292-4,576881,54325,,,,126.883862002828,35.8517192636447
MA010120220803035182,대경케미칼,,G2,소매,G221,기타 상품 소매,G22199,그 외 기타 상품 전문 소매업,G47859,그 외 기타 분류 안된 상품 전문 소매업,28,인천광역시,28140,동구,28140530,화수2동,2814010200,화수동,2814010200101040001,1,대지,104,1,인천광역시 동구 화수동 104-1,281403150016,인천광역시 동구 쌍우물로,78,,2814010200101040001143260,,인천광역시 동구 쌍우물로 78,401804,22512,,,,126.63005446977,37.4831655370215
MA010120220802994516,연주불교사,,G2,소매,G221,기타 상품 소매,G22199,그 외 기타 상품 전문 소매업,G47859,그 외 기타 분류 안된 상품 전문 소매업,11,서울특별시,11620,관악구,11620565,성현동,1162010100,봉천동,1162010100100070270,1,대지,7,270,서울특별시 관악구 봉천동 7-270,116203120001,서울특별시 관악구 관악로,249,1,1162010100100070270036751,성지빌딩,서울특별시 관악구 관악로 249-1,151805,08727,,2,,126.956705620602,37.4867731802057
MA010120220803018791,부영원예사,,G2,소매,G221,기타 상품 소매,G22199,그 외 기타 상품 전문 소매업,G47859,그 외 기타 분류 안된 상품 전문 소매업,46,전라남도,46820,해남군,46820250,해남읍,4682025024,해남읍,4682025024104070013,1,대지,407,13,전라남도 해남군 해남읍 고도리 407-13,468203294022,전라남도 해남군 해남읍 중앙2로,142,2,4682025024104070013000001,,전라남도 해남군 해남읍 중앙2로 142-2,536801,59041,,,,126.594735391372,34.5665587327139
MA010120220803005466,선우아이비오,,G2,소매,G221,기타 상품 소매,G22199,그 외 기타 상품 전문 소매업,G47859,그 외 기타 분류 안된 상품 전문 소매업,11,서울특별시,11320,도봉구,11320660,쌍문1동,1132010500,쌍문동,1132010500103780028,1,대지,378,28,서울특별시 도봉구 쌍문동 378-28,113203005047,서울특별시 도봉구 노해로,141,,1132010500103780028009075,,서울특별시 도봉구 노해로 141,132884,01381,,,,127.025733396338,37.6476150745263
MA010120220803013909,논공상회성인용품,,G2,소매,G221,기타 상품 소매,G22199,그 외 기타 상품 전문 소매업,G47859,그 외 기타 분류 안된 상품 전문 소매업,27,대구광역시,27710,달성군,27710253,논공읍,2771025327,논공읍,2771025327102240105,1,대지,224,105,대구광역시 달성군 논공읍 남리 224-105,277103148011,대구광역시 달성군 논공읍 논공로,822,,2771025327102240105040926,,대구광역시 달성군 논공읍 논공로 822,711852,42978,,,,128.438294121048,35.7274740098094
MA010120220803025001,석가발,,G2,소매,G221,기타 상품 소매,G22199,그 외 기타 상품 전문 소매업,G47422,의복 액세서리 및 모조 장신구 소매업,43,충청북도,43111,청주시 상당구,43111545,성안동,4311110200,북문로1가,4311110200101110000,1,대지,111,,충청북도 청주시 상당구 북문로1가 111,431113236031,충청북도 청주시 상당구 성안로,4,2,4311110200101110000047801,,충청북도 청주시 상당구 성안로 4-2,360011,28525,,2,,127.488854085638,36.636733214407
MA010120220803023126,하당상사,,G2,소매,G221,기타 상품 소매,G22199,그 외 기타 상품 전문 소매업,G47859,그 외 기타 분류 안된 상품 전문 소매업,43,충청북도,43760,괴산군,43760320,장연면,4376032021,장연면,4376032021101030000,1,대지,103,,충청북도 괴산군 장연면 오가리 103,437601000020,충청북도 괴산군 장연면 중부내륙고속도로,205,,4376032021101030000000001,,충청북도 괴산군 장연면 중부내륙고속도로 205,367872,28009,,,,127.957874391588,36.8314125885601
MA010120220803028503,태준산업,,G2,소매,G221,기타 상품 소매,G22199,그 외 기타 상품 전문 소매업,G47859,그 외 기타 분류 안된 상품 전문 소매업,47,경상북도,47150,김천시,47150370,봉산면,4715037022,봉산면,4715037022101860000,1,대지,186,,경상북도 김천시 봉산면 인의리 186,471504718732,경상북도 김천시 봉산면 인의2길,102,,4715037022101860000012126,,경상북도 김천시 봉산면 인의2길 102,740822,39563,,,,128.069957404081,36.1606327204357
MA010120220803017862,정물산업,,G2,소매,G221,기타 상품 소매,G22199,그 외 기타 상품 전문 소매업,G47859,그 외 기타 분류 안된 상품 전문 소매업,48,경상남도,48250,김해시,48250370,대동면,4825037025,대동면,4825037025109520021,1,대지,952,21,경상남도 김해시 대동면 초정리 952-21,482504805308,경상남도 김해시 대동면 동남로49번길,7,7,4825037025109520021039387,,경상남도 김해시 대동면 동남로49번길 7-7,621899,50808,,,,128.993999827518,35.2372425275168
MA010120220802993900,가람불교사,,G2,소매,G221,기타 상품 소매,G22199,그 외 기타 상품 전문 소매업,G47859,그 외 기타 분류 안된 상품 전문 소매업,50,제주특별자치도,50130,서귀포시,50130530,중앙동,5013010100,서귀동,5013010100102770006,1,대지,277,6,제주특별자치도 서귀포시 서귀동 277-6,501304850836,제주특별자치도 서귀포시 중정로61번길,26,,5013010100102770007031040,,제주특별자치도 서귀포시 중정로61번길 26,697842,63591,,,,126.562823696412,33.2501720717894
MA010120220803043631,소은소방,,G2,소매,G221,기타 상품 소매,G22199,그 외 기타 상품 전문 소매업,G47859,그 외 기타 분류 안된 상품 전문 소매업,41,경기도,41590,화성시,41590570,화산동,4159012600,안녕동,4159012600101670080,1,대지,167,80,경기도 화성시 안녕동 167-80,415904431447,경기도 화성시 효행로614번길,46,5,4159012600101670080000001,,경기도 화성시 효행로614번길 46-5,445380,18325,,,,126.995370392298,37.2013437451946
MA010120220803080384,드림가발,,G2,소매,G221,기타 상품 소매,G22199,그 외 기타 상품 전문 소매업,G47422,의복 액세서리 및 모조 장신구 소매업,11,서울특별시,11560,영등포구,11560710,대림2동,1156013300,대림동,1156013300110530012,1,대지,1053,12,서울특별시 영등포구 대림동 1053-12,115603116011,서울특별시 영등포구 도림천로,367,,1156013300110530012002658,,서울특별시 영등포구 도림천로 367,150825,07416,,4,,126.896013720966,37.4921233753404
MA010120220803038099,유어니팅,,G2,소매,G221,기타 상품 소매,G22199,그 외 기타 상품 전문 소매업,G47859,그 외 기타 분류 안된 상품 전문 소매업,41,경기도,41390,시흥시,41390510,대야동,4139010100,대야동,4139010100104650009,1,대지,465,9,경기도 시흥시 대야동 465-9,413904397270,경기도 시흥시 복지로71번길,25,,4139010100104650009004943,,경기도 시흥시 복지로71번길 25,429810,14905,,1,,126.787825178753,37.4466668596588
MA010120220803054684,구마니산야초,,G2,소매,G221,기타 상품 소매,G22199,그 외 기타 상품 전문 소매업,G47859,그 외 기타 분류 안된 상품 전문 소매업,27,대구광역시,27200,남구,27200540,봉덕2동,2720010200,봉덕동,2720010200112220016,1,대지,1222,16,대구광역시 남구 봉덕동 1222-16,272004232255,대구광역시 남구 용두1길,84,,2720010200112220016011047,,대구광역시 남구 용두1길 84,705833,42503,,1,,128.603955346905,35.8301566583136
MA010120220803060146,에스에이치에스유통,,G2,소매,G221,기타 상품 소매,G22199,그 외 기타 상품 전문 소매업,G47859,그 외 기타 분류 안된 상품 전문 소매업,48,경상남도,48129,창원시 진해구,48129530,충무동,4812913600,인사동,4812913600100070041,1,대지,7,41,경상남도 창원시 진해구 인사동 7-41,481293331053,경상남도 창원시 진해구 인사로,2,,4812913600100070041017631,삼화상가,경상남도 창원시 진해구 인사로 2,645230,51685,,2,,128.666939378798,35.1504908473193
MA010120220803076354,에이투지,,G2,소매,G221,기타 상품 소매,G22199,그 외 기타 상품 전문 소매업,G47859,그 외 기타 분류 안된 상품 전문 소매업,41,경기도,41450,하남시,41450620,미사2동,4145010900,망월동,4145010900108340002,1,대지,834,2,경기도 하남시 망월동 834-2,414503202055,경기도 하남시 미사강변한강로,155,,4145010900108340002000001,비,경기도 하남시 미사강변한강로 155,465150,12902,,,,127.19346546338,37.575668545626
MA010120220803076508,나투어파라,,G2,소매,G221,기타 상품 소매,G22199,그 외 기타 상품 전문 소매업,G47859,그 외 기타 분류 안된 상품 전문 소매업,28,인천광역시,28260,서구,28260537,청라2동,2826012200,청라동,2826012200101570014,1,대지,157,14,인천광역시 서구 청라동 157-14,282603156127,인천광역시 서구 청라커낼로,264,,2826010400109560012000001,청라두손중앙프라자,인천광역시 서구 청라커낼로 264,,22762,,,,126.644984682064,37.5320906163398
MA010120220803079742,대영안전산업,,G2,소매,G221,기타 상품 소매,G22199,그 외 기타 상품 전문 소매업,G47859,그 외 기타 분류 안된 상품 전문 소매업,52,전북특별자치도,52111,전주시 완산구,52111605,노송동,5211112000,중노송동,5211112000103440039,1,대지,344,39,전북특별자치도 전주시 완산구 중노송동 344-39,521113266059,전북특별자치도 전주시 완산구 인봉로,51,,4511112000103440039031743,,전북특별자치도 전주시 완산구 인봉로 51,560827,55011,,,,127.158058164945,35.8279683811008
MA010120220803057787,제이앤와이텍,,G2,소매,G221,기타 상품 소매,G22199,그 외 기타 상품 전문 소매업,G47859,그 외 기타 분류 안된 상품 전문 소매업,41,경기도,41113,수원시 권선구,41113662,금곡동,4111313400,금곡동,4111313400100770007,1,대지,77,7,경기도 수원시 권선구 금곡동 77-7,411133175025,경기도 수원시 권선구 서수원로,599,2,4111313400100770007021548,,경기도 수원시 권선구 서수원로 599-2,441838,16392,,,,126.954412147927,37.2785636965458
MA010120220803050291,국제기프트,,G2,소매,G221,기타 상품 소매,G22199,그 외 기타 상품 전문 소매업,G47859,그 외 기타 분류 안된 상품 전문 소매업,26,부산광역시,26440,강서구,26440520,대저2동,2644010200,대저2동,2644010200154630000,1,대지,5463,,부산광역시 강서구 대저2동 5463,264404208318,부산광역시 강서구 맥도길377번길,134,,2644010200154630000000001,,부산광역시 강서구 맥도길377번길 134,618810,46723,,,,128.933867768603,35.1392688675084
MA010120220803050367,초원상사,,G2,소매,G221,기타 상품 소매,G22199,그 외 기타 상품 전문 소매업,G47859,그 외 기타 분류 안된 상품 전문 소매업,28,인천광역시,28177,미추홀구,28177600,도화1동,2817710400,도화동,2817710400104710017,1,대지,471,17,인천광역시 미추홀구 도화동 471-17,281774253759,인천광역시 미추홀구 한나루로599번길,17,24,2817010500104710017138427,,인천광역시 미추홀구 한나루로599번길 17-24,402810,22137,,,,126.67086209374,37.4592924588658
MA010120220803058133,양키캔들수원,호매실점,G2,소매,G221,기타 상품 소매,G22199,그 외 기타 상품 전문 소매업,G47813,"화장품, 비누 및 방향제 소매업",41,경기도,41113,수원시 권선구,41113662,금곡동,4111313400,금곡동,4111313400111180000,1,대지,1118,,경기도 수원시 권선구 금곡동 1118,411133175011,경기도 수원시 권선구 금곡로,202,,4111313400111180000000001,E-SPACECIT,경기도 수원시 권선구 금곡로 202,441460,16397,,1,,126.952690139281,37.2734811538324
MA010120220803053451,미미네텃밭,,G2,소매,G221,기타 상품 소매,G22199,그 외 기타 상품 전문 소매업,G47859,그 외 기타 분류 안된 상품 전문 소매업,44,충청남도,44810,예산군,44810250,예산읍,4481025032,예산읍,4481025032100840008,1,대지,84,8,충청남도 예산군 예산읍 궁평리 84-8,448103252053,충청남도 예산군 예산읍 충서로,1611,,4481025032100840004012684,,충청남도 예산군 예산읍 충서로 1611,340801,32422,,1,,126.857248841799,36.7379192890246
MA010120220803061463,경안만물,,G2,소매,G221,기타 상품 소매,G22199,그 외 기타 상품 전문 소매업,G47859,그 외 기타 분류 안된 상품 전문 소매업,51,강원특별자치도,51190,태백시,51190515,황지동,5119010100,황지동,5119010100100360013,1,대지,36,13,강원특별자치도 태백시 황지동 36-13,511904466131,강원특별자치도 태백시 시장안2길,29,2,4219010100100360013000003,,강원특별자치도 태백시 시장안2길 29-2,235800,26012,,,,128.993488610601,37.1737131457588
MA010120220803043217,조은,,G2,소매,G221,기타 상품 소매,G22199,그 외 기타 상품 전문 소매업,G47519,"페인트, 창호 및 기타 건설자재 소매업",41,경기도,41360,남양주시,41360262,오남읍,4136026221,오남읍,4136026221103590005,1,대지,359,5,경기도 남양주시 오남읍 양지리 359-5,413604391665,경기도 남양주시 오남읍 진건오남로912번길,49,,4136026221103590005012321,,경기도 남양주시 오남읍 진건오남로912번길 49,472881,12036,,,,127.199022493994,37.7068514593218
MA010120220803114741,다비치레이디가이,,G2,소매,G221,기타 상품 소매,G22199,그 외 기타 상품 전문 소매업,G47859,그 외 기타 분류 안된 상품 전문 소매업,41,경기도,41150,의정부시,41150520,의정부2동,4115010100,의정부동,4115010100104390023,1,대지,439,23,경기도 의정부시 의정부동 439-23,411504343257,경기도 의정부시 신흥로258번길,25,,4115010100104390023013279,해태프라자,경기도 의정부시 신흥로258번길 25,480942,11670,,,,127.044859207363,37.7393377641672
MA010120220803114774,한획,,G2,소매,G221,기타 상품 소매,G22199,그 외 기타 상품 전문 소매업,G47859,그 외 기타 분류 안된 상품 전문 소매업,11,서울특별시,11560,영등포구,11560605,문래동,1156012100,문래동3가,1156012100100540054,1,대지,54,54,서울특별시 영등포구 문래동3가 54-54,115603000028,서울특별시 영등포구 경인로,767,,1156012100100540054023787,서울센트럴요양병원,서울특별시 영등포구 경인로 767,150834,07299,,1,,126.898652858615,37.5139480169917
MA010120220803119675,돈키호테,본점,G2,소매,G221,기타 상품 소매,G22199,그 외 기타 상품 전문 소매업,G47859,그 외 기타 분류 안된 상품 전문 소매업,28,인천광역시,28177,미추홀구,28177670,주안6동,2817710500,주안동,2817710500109610002,1,대지,961,2,인천광역시 미추홀구 주안동 961-2,281773008014,인천광역시 미추홀구 주안로,177,,2817010600109610002124627,명성빌딩,인천광역시 미추홀구 주안로 177,402848,22133,,1,,126.689560742978,37.4638300804936
MA010120220803090268,엘씨티,,G2,소매,G221,기타 상품 소매,G22199,그 외 기타 상품 전문 소매업,G47859,그 외 기타 분류 안된 상품 전문 소매업,41,경기도,41192,부천시 원미구,41192670,상동,4119210900,상동,4119210900104470000,1,대지,447,,경기도 부천시 원미구 상동 447,411923184006,경기도 부천시 원미구 상일로,120,,4119510900104470000045902,송내리더스텔,경기도 부천시 원미구 상일로 120,420816,14623,,,,126.755608493013,37.4911324853027
MA010120220803123112,자비미소,,G2,소매,G221,기타 상품 소매,G22199,그 외 기타 상품 전문 소매업,G47859,그 외 기타 분류 안된 상품 전문 소매업,41,경기도,41830,양평군,41830250,양평읍,4183025026,양평읍,4183025026107660011,1,대지,766,11,경기도 양평군 양평읍 백안리 766-11,418304451870,경기도 양평군 양평읍 약수사길,24,40,4183025026107660011000001,,경기도 양평군 양평읍 약수사길 24-40,476808,12547,,,,127.519353787926,37.5102097923238
MA010120220803120487,다솜생태관,,G2,소매,G221,기타 상품 소매,G22199,그 외 기타 상품 전문 소매업,G47859,그 외 기타 분류 안된 상품 전문 소매업,48,경상남도,48121,창원시 의창구,48121540,봉림동,4812112700,봉곡동,4812112700100440007,1,대지,44,7,경상남도 창원시 의창구 봉곡동 44-7,481214781604,경상남도 창원시 의창구 지귀로128번길,31,,4812112700100440007004277,,경상남도 창원시 의창구 지귀로128번길 31,641821,51180,,,,128.655083470423,35.2438492839884
MA010120220803099075,청심사불교서점,,G2,소매,G221,기타 상품 소매,G22199,그 외 기타 상품 전문 소매업,G47859,그 외 기타 분류 안된 상품 전문 소매업,26,부산광역시,26530,사상구,26530661,주례3동,2653010600,주례동,2653010600105480005,1,대지,548,5,부산광역시 사상구 주례동 548-5,265304217351,부산광역시 사상구 주례로139번길,14,8,2653010600105480005006731,청심사,부산광역시 사상구 주례로139번길 14-8,617834,47017,,,,129.001619919881,35.144963179164
MA010120220803110205,미르용품점,,G2,소매,G221,기타 상품 소매,G22199,그 외 기타 상품 전문 소매업,G47859,그 외 기타 분류 안된 상품 전문 소매업,41,경기도,41650,포천시,41650410,화현면,4165041021,화현면,4165041021100100001,1,대지,10,1,경기도 포천시 화현면 화현리 10-1,416504439879,경기도 포천시 화현면 화동로596번길,90,,4165041021200360003038110,,경기도 포천시 화현면 화동로596번길 90,487841,11123,,,,127.316495497294,37.9141206645103
MA010120220803085782,케이엠산업,,G2,소매,G221,기타 상품 소매,G22199,그 외 기타 상품 전문 소매업,G47859,그 외 기타 분류 안된 상품 전문 소매업,28,인천광역시,28260,서구,28260575,신현원창동,2826011100,원창동,2826011100103930156,1,대지,393,156,인천광역시 서구 원창동 393-156,282604855150,인천광역시 서구 북항로193번길,114,,2826011100103930156000001,,인천광역시 서구 북항로193번길 114,404210,22856,,,,126.622836102744,37.4998833376112
MA010120220803091053,창선한농종묘사,,G2,소매,G221,기타 상품 소매,G22199,그 외 기타 상품 전문 소매업,G47859,그 외 기타 분류 안된 상품 전문 소매업,48,경상남도,48840,남해군,48840390,창선면,4884039032,창선면,4884039032104970035,1,대지,497,35,경상남도 남해군 창선면 수산리 497-35,488404829378,경상남도 남해군 창선면 창선로66번길,6,,4884039032104970035018951,,경상남도 남해군 창선면 창선로66번길 6,668851,52453,,,,128.013814243368,34.8549143759947
MA010120220803121122,개삼터인삼,,G2,소매,G221,기타 상품 소매,G22199,그 외 기타 상품 전문 소매업,G47859,그 외 기타 분류 안된 상품 전문 소매업,48,경상남도,48170,진주시,48170565,중앙동,4817011600,수정동,4817011600100360012,1,대지,36,12,경상남도 진주시 수정동 36-12,481704797509,경상남도 진주시 촉석로212번길,3,1,4817011600100360012004934,,경상남도 진주시 촉석로212번길 3-1,660180,52755,,,,128.085349885202,35.1958086501798
MA010120220803091530,아가월드대구지사,,G2,소매,G221,기타 상품 소매,G22199,그 외 기타 상품 전문 소매업,G47859,그 외 기타 분류 안된 상품 전문 소매업,27,대구광역시,27110,중구,27110680,대봉1동,2711015700,대봉동,2711015700102140350,1,대지,214,350,대구광역시 중구 대봉동 214-350,271104223080,대구광역시 중구 동덕로6길,26,2,2711015700102140350018400,,대구광역시 중구 동덕로6길 26-2,700811,41953,,3,,128.605935104494,35.85645266472
MA010120220803121453,아델컴퍼니,,G2,소매,G221,기타 상품 소매,G22199,그 외 기타 상품 전문 소매업,G47859,그 외 기타 분류 안된 상품 전문 소매업,47,경상북도,47190,구미시,47190510,송정동,4719011000,송정동,4719011000104470002,1,대지,447,2,경상북도 구미시 송정동 447-2,471904724081,경상북도 구미시 구미중앙로42길,5,66,4719011000104470002017051,거송빌딩,경상북도 구미시 구미중앙로42길 5-66,730913,39271,,5,,128.353215518354,36.1195311306722
MA010120220803124245,우림농약농자재마트,,G2,소매,G221,기타 상품 소매,G22199,그 외 기타 상품 전문 소매업,G47859,그 외 기타 분류 안된 상품 전문 소매업,41,경기도,41500,이천시,41500370,설성면,4150037024,설성면,4150037024106890003,1,대지,689,3,경기도 이천시 설성면 제요리 689-3,415003207055,경기도 이천시 설성면 진상미로,206,,4150037024106890003019876,,경기도 이천시 설성면 진상미로 206,467882,17413,,,,127.544717035742,37.1059770375279
MA010120220803105941,클러스톤,,G2,소매,G221,기타 상품 소매,G22199,그 외 기타 상품 전문 소매업,G47859,그 외 기타 분류 안된 상품 전문 소매업,11,서울특별시,11710,송파구,11710620,가락본동,1171010700,가락동,1171010700100100013,1,대지,10,13,서울특별시 송파구 가락동 10-13,117103123016,서울특별시 송파구 중대로,197,,1171010700100100013006707,삼석빌딩,서울특별시 송파구 중대로 197,138800,05703,,2,,127.125958625072,37.4996614342403
MA010120220803089164,대성상사,,G2,소매,G221,기타 상품 소매,G22199,그 외 기타 상품 전문 소매업,G47859,그 외 기타 분류 안된 상품 전문 소매업,47,경상북도,47290,경산시,47290253,진량읍,4729025322,진량읍,4729025322110890000,1,대지,1089,,경상북도 경산시 진량읍 선화리 1089,472904739447,경상북도 경산시 진량읍 선화로20길,25,1,4729025322110890000025292,경산윤성1차,경상북도 경산시 진량읍 선화로20길 25-1,712734,38492,,,,128.794593874682,35.8659383148621
MA010120220802766337,민지,,G2,소매,G221,기타 상품 소매,G22199,그 외 기타 상품 전문 소매업,G47859,그 외 기타 분류 안된 상품 전문 소매업,41,경기도,41480,파주시,41480310,월롱면,4148031021,월롱면,4148031021105410021,1,대지,541,21,경기도 파주시 월롱면 위전리 541-21,414804418113,경기도 파주시 월롱면 누현길,92,1,4148031021105410021002639,,경기도 파주시 월롱면 누현길 92-1,413812,10946,,,,126.79234529264,37.7888695896359
MA010120220802763454,봉성만물상,,G2,소매,G221,기타 상품 소매,G22199,그 외 기타 상품 전문 소매업,G47859,그 외 기타 분류 안된 상품 전문 소매업,41,경기도,41480,파주시,41480510,금촌1동,4148010100,금촌동,4148010100107670008,1,대지,767,8,경기도 파주시 금촌동 767-8,414803206129,경기도 파주시 중앙로,271,,4148010100107670008026349,광장빌딩,경기도 파주시 중앙로 271,413808,10929,,1,,126.777105342184,37.7601100544384
MA010120220802766958,파주개성인삼,,G2,소매,G221,기타 상품 소매,G22199,그 외 기타 상품 전문 소매업,G47859,그 외 기타 분류 안된 상품 전문 소매업,41,경기도,41480,파주시,41480310,월롱면,4148031025,월롱면,4148031025105160010,1,대지,516,10,경기도 파주시 월롱면 영태리 516-10,414803000008,경기도 파주시 월롱면 통일로,717,,4148031025105160010021465,,경기도 파주시 월롱면 통일로 717,413813,10945,,,,126.789233128628,37.7734035634562
MA010120220802752241,법인진토,,G2,소매,G221,기타 상품 소매,G22199,그 외 기타 상품 전문 소매업,G47859,그 외 기타 분류 안된 상품 전문 소매업,44,충청남도,44800,홍성군,44800250,홍성읍,4480025024,홍성읍,4480025024103220001,1,대지,322,1,충청남도 홍성군 홍성읍 월산리 322-1,448003262039,충청남도 홍성군 홍성읍 백월로,41,26,4480025024103220001025275,,충청남도 홍성군 홍성읍 백월로 41-26,350809,32250,,,,126.640865803646,36.5924444798761
MA010120220802777788,리샵뷰티,,G2,소매,G221,기타 상품 소매,G22199,그 외 기타 상품 전문 소매업,G47859,그 외 기타 분류 안된 상품 전문 소매업,41,경기도,41480,파주시,41480250,문산읍,4148025021,문산읍,4148025021100170047,1,대지,17,47,경기도 파주시 문산읍 문산리 17-47,414803206033,경기도 파주시 문산읍 문향로,82,,4148025021100170047017878,,경기도 파주시 문산읍 문향로 82,413904,10824,,2,,126.786308428395,37.8587909200522
MA010120220802801066,은영상회,,G2,소매,G221,기타 상품 소매,G22199,그 외 기타 상품 전문 소매업,G47859,그 외 기타 분류 안된 상품 전문 소매업,41,경기도,41465,용인시 수지구,41465510,풍덕천1동,4146510100,풍덕천동,4146510100106620003,1,대지,662,3,경기도 용인시 수지구 풍덕천동 662-3,414653205006,경기도 용인시 수지구 문인로,68,,4146510100106620003027443,,경기도 용인시 수지구 문인로 68,448552,16828,,,,127.095123509286,37.3333262212509
MA010120220802754832,법인밤이면밤마다,,G2,소매,G221,기타 상품 소매,G22199,그 외 기타 상품 전문 소매업,G47859,그 외 기타 분류 안된 상품 전문 소매업,44,충청남도,44150,공주시,44150510,중학동,4415010100,반죽동,4415010100102640001,1,대지,264,1,충청남도 공주시 반죽동 264-1,441504553255,충청남도 공주시 대통1길,35,1,4415010100102640001754944,,충청남도 공주시 대통1길 35-1,314801,32549,,,,127.12210199448,36.4520185072311
MA010120220802763945,전진마크사,,G2,소매,G221,기타 상품 소매,G22199,그 외 기타 상품 전문 소매업,G47859,그 외 기타 분류 안된 상품 전문 소매업,41,경기도,41480,파주시,41480250,문산읍,4148025021,문산읍,4148025021100170105,1,대지,17,105,경기도 파주시 문산읍 문산리 17-105,414803206033,경기도 파주시 문산읍 문향로,76,1,4148025021100170105015058,,경기도 파주시 문산읍 문향로 76-1,413904,10824,,,,126.786002708485,37.858411965996
MA010120220802803028,케미원,,G2,소매,G221,기타 상품 소매,G22199,그 외 기타 상품 전문 소매업,G47859,그 외 기타 분류 안된 상품 전문 소매업,41,경기도,41461,용인시 처인구,41461525,역북동,4146110200,역북동,4146110200102150036,1,대지,215,36,경기도 용인시 처인구 역북동 215-36,414613203068,경기도 용인시 처인구 성산로,128,14,4146110200102150035000001,예선빌딩,경기도 용인시 처인구 성산로 128-14,449930,17045,,,,127.191695836307,37.2462140555821
MA010120220802767994,동아미싱,,G2,소매,G221,기타 상품 소매,G22199,그 외 기타 상품 전문 소매업,G47859,그 외 기타 분류 안된 상품 전문 소매업,41,경기도,41480,파주시,41480510,금촌1동,4148010100,금촌동,4148010100107870006,1,대지,787,6,경기도 파주시 금촌동 787-6,414803206108,경기도 파주시 금정로,7,,4148010100107870006026959,,경기도 파주시 금정로 7,413011,10924,,1,,126.776073840361,37.7559456412928
MA010120220802778955,금호불교사,,G2,소매,G221,기타 상품 소매,G22199,그 외 기타 상품 전문 소매업,G47859,그 외 기타 분류 안된 상품 전문 소매업,41,경기도,41220,평택시,41220560,송북동,4122011000,지산동,4122011000107620005,1,대지,762,5,경기도 평택시 지산동 762-5,412204364730,경기도 평택시 지산로11번길,38,11,4122011000107620005008183,,경기도 평택시 지산로11번길 38-11,459110,17757,,,,127.056782824516,37.0805159929147
MA010120220802799303,필터파크,,G2,소매,G221,기타 상품 소매,G22199,그 외 기타 상품 전문 소매업,G47859,그 외 기타 분류 안된 상품 전문 소매업,41,경기도,41463,용인시 기흥구,41463535,보라동,4146310600,지곡동,4146310600107040000,1,대지,704,,경기도 용인시 기흥구 지곡동 704,414633204034,경기도 용인시 기흥구 사은로,274,20,4146310600107040000019895,자봉마을써니밸리2차1단지,경기도 용인시 기흥구 사은로 274-20,446592,17088,,,,127.134923227646,37.2519689282012
MA010120220802765886,성진유통,,G2,소매,G221,기타 상품 소매,G22199,그 외 기타 상품 전문 소매업,G47859,그 외 기타 분류 안된 상품 전문 소매업,41,경기도,41480,파주시,41480253,파주읍,4148025327,파주읍,4148025327102940040,1,대지,294,40,경기도 파주시 파주읍 연풍리 294-40,414803206121,경기도 파주시 파주읍 술이홀로,462,,4148025327102940043062613,,경기도 파주시 파주읍 술이홀로 462,413863,10834,,,,126.838043876658,37.8288807319702
MA010120220802769459,한부유통,,G2,소매,G221,기타 상품 소매,G22199,그 외 기타 상품 전문 소매업,G47859,그 외 기타 분류 안된 상품 전문 소매업,41,경기도,41480,파주시,41480262,조리읍,4148026224,조리읍,4148026224107640002,1,대지,764,2,경기도 파주시 조리읍 장곡리 764-2,414803000008,경기도 파주시 조리읍 통일로,13,,4148026224107640002031480,,경기도 파주시 조리읍 통일로 13,413825,10941,,,,126.838283469008,37.7293967837331
MA010120220802766007,스칸디움,코리아,G2,소매,G221,기타 상품 소매,G22199,그 외 기타 상품 전문 소매업,G47859,그 외 기타 분류 안된 상품 전문 소매업,41,경기도,41287,고양시 일산서구,41287580,송포동,4128710400,대화동,4128710400119480002,1,대지,1948,2,경기도 고양시 일산서구 대화동 1948-2,412874379075,경기도 고양시 일산서구 멱절길,196,25,4128710400119480002015277,,경기도 고양시 일산서구 멱절길 196-25,411802,10396,,,,126.741082222977,37.6567309821868
MA010120220802790021,에코에너지,,G2,소매,G221,기타 상품 소매,G22199,그 외 기타 상품 전문 소매업,G47859,그 외 기타 분류 안된 상품 전문 소매업,52,전북특별자치도,52180,정읍시,52180310,북면,5218031025,북면,5218031025109370001,1,대지,937,1,전북특별자치도 정읍시 북면 태곡리 937-1,521804610012,전북특별자치도 정읍시 북면 3산단4길,78,12,4518031025109370001072532,,전북특별자치도 정읍시 북면 3산단4길 78-12,580812,56137,,,,126.9159050434,35.6149453472788
MA010120220802751148,강화인삼,백화점,G2,소매,G221,기타 상품 소매,G22199,그 외 기타 상품 전문 소매업,G47859,그 외 기타 분류 안된 상품 전문 소매업,28,인천광역시,28710,강화군,28710330,길상면,2871033024,길상면,2871033024112510664,1,대지,1251,664,인천광역시 강화군 길상면 초지리 1251-664,287103157036,인천광역시 강화군 길상면 초지로,143,,2871033024112510390026898,,인천광역시 강화군 길상면 초지로 143,417843,23052,,,,126.533853416126,37.6277673994074
MA010120220802816936,양지프라자,,G2,소매,G221,기타 상품 소매,G22199,그 외 기타 상품 전문 소매업,G47859,그 외 기타 분류 안된 상품 전문 소매업,41,경기도,41461,용인시 처인구,41461360,양지면,4146136021,양지면,4146136021104820002,1,대지,482,2,경기도 용인시 처인구 양지면 양지리 482-2,414612012012,경기도 용인시 처인구 양지면 중부대로,2227,,4146136021104820002032031,,경기도 용인시 처인구 양지면 중부대로 2227,449823,17158,,,,127.28770999051,37.2336573900166
MA010120220802810064,하나테크,,G2,소매,G221,기타 상품 소매,G22199,그 외 기타 상품 전문 소매업,G47859,그 외 기타 분류 안된 상품 전문 소매업,41,경기도,41465,용인시 수지구,41465540,죽전1동,4146510200,죽전동,4146510200113550000,1,대지,1355,,경기도 용인시 수지구 죽전동 1355,414653205004,경기도 용인시 수지구 디지털벨리로,5,,4146510200113550000028638,성현마을광명샤인빌4단지,경기도 용인시 수지구 디지털벨리로 5,448813,16882,,,,127.131413815996,37.3275428989945
MA010120220802813408,청솔유통,,G2,소매,G221,기타 상품 소매,G22199,그 외 기타 상품 전문 소매업,G47859,그 외 기타 분류 안된 상품 전문 소매업,41,경기도,41463,용인시 기흥구,41463586,상하동,4146311700,상하동,4146311700103880003,1,대지,388,3,경기도 용인시 기흥구 상하동 388-3,414632012012,경기도 용인시 기흥구 중부대로,675,,4146311700103880003018882,,경기도 용인시 기흥구 중부대로 675,446516,16994,,,,127.136505865046,37.2670055080885
MA010120220802832866,광명소방,,G2,소매,G221,기타 상품 소매,G22199,그 외 기타 상품 전문 소매업,G47859,그 외 기타 분류 안된 상품 전문 소매업,41,경기도,41210,광명시,41210550,광명4동,4121010100,광명동,4121010100101580457,1,대지,158,457,경기도 광명시 광명동 158-457,412104361257,경기도 광명시 오리로949번길,24,,4121010100101580457006126,,경기도 광명시 오리로949번길 24,423858,14266,,3,,126.85644372249,37.476548545449
MA010120220802833162,형수약초인삼사,,G2,소매,G221,기타 상품 소매,G22199,그 외 기타 상품 전문 소매업,G47859,그 외 기타 분류 안된 상품 전문 소매업,44,충청남도,44710,금산군,44710250,금산읍,4471025022,금산읍,4471025022100070001,1,대지,7,1,충청남도 금산군 금산읍 중도리 7-1,447103257042,충청남도 금산군 금산읍 인삼광장로,47,,4471025022100070001020661,쇼핑센터,충청남도 금산군 금산읍 인삼광장로 47,312806,32739,,,,127.498954158378,36.1015057852482
MA010120220802821152,승진이엔씨,,G2,소매,G221,기타 상품 소매,G22199,그 외 기타 상품 전문 소매업,G47859,그 외 기타 분류 안된 상품 전문 소매업,41,경기도,41590,화성시,41590253,봉담읍,4159025326,봉담읍,4159025326100670001,1,대지,67,1,경기도 화성시 봉담읍 수기리 67-1,415903210107,경기도 화성시 봉담읍 최루백로,359,6,4159025326100670001031548,,경기도 화성시 봉담읍 최루백로 359-6,445904,18327,,,,126.973879233971,37.1983404530204
MA010120220802808209,권모발,,G2,소매,G221,기타 상품 소매,G22199,그 외 기타 상품 전문 소매업,G47422,의복 액세서리 및 모조 장신구 소매업,41,경기도,41463,용인시 기흥구,41463510,신갈동,4146310100,신갈동,4146310100100660008,1,대지,66,8,경기도 용인시 기흥구 신갈동 66-8,414632012012,경기도 용인시 기흥구 중부대로,427,1,4146310100100660008022547,,경기도 용인시 기흥구 중부대로 427-1,446597,17064,,3,,127.113033840268,37.2748692982554
MA010120220802846018,서신농협영농지원센터,,G2,소매,G221,기타 상품 소매,G22199,그 외 기타 상품 전문 소매업,G47859,그 외 기타 분류 안된 상품 전문 소매업,41,경기도,41590,화성시,41590350,서신면,4159035029,서신면,4159035029103150000,1,대지,315,,경기도 화성시 서신면 매화리 315,415904430468,경기도 화성시 서신면 바다뜰길,90,7,4159035029103150000005213,,경기도 화성시 서신면 바다뜰길 90-7,445881,18555,,,,126.70508897644,37.1670972352022
MA010120220802851207,목원,,G2,소매,G221,기타 상품 소매,G22199,그 외 기타 상품 전문 소매업,G47859,그 외 기타 분류 안된 상품 전문 소매업,48,경상남도,48330,양산시,48330253,물금읍,4833025324,물금읍,4833025324106380007,1,대지,638,7,경상남도 양산시 물금읍 범어리 638-7,483303338067,경상남도 양산시 물금읍 오봉로,62,,4833025324106380007010700,,경상남도 양산시 물금읍 오봉로 62,626814,50600,,1,,128.997893403444,35.3300335526237
MA010120220802846788,하이모유책,용인지점,G2,소매,G221,기타 상품 소매,G22199,그 외 기타 상품 전문 소매업,G47422,의복 액세서리 및 모조 장신구 소매업,41,경기도,41463,용인시 기흥구,41463510,신갈동,4146310100,신갈동,4146310100100690007,1,대지,69,7,경기도 용인시 기흥구 신갈동 69-7,414632012012,경기도 용인시 기흥구 중부대로,364,,4146310100100690007022382,다오빌딩,경기도 용인시 기흥구 중부대로 364,446597,17064,,4,,127.107481303562,37.271252287445
MA010120220802808601,명진테크,,G2,소매,G221,기타 상품 소매,G22199,그 외 기타 상품 전문 소매업,G47859,그 외 기타 분류 안된 상품 전문 소매업,41,경기도,41461,용인시 처인구,41461253,모현읍,4146125324,모현읍,4146125324105860009,1,대지,586,9,경기도 용인시 처인구 모현읍 일산리 586-9,414613203149,경기도 용인시 처인구 모현읍 문현로,220,,4146131024105860009036405,,경기도 용인시 처인구 모현읍 문현로 220,449855,17032,,,,127.232742176491,37.3406501271697
MA010120220802819208,프레즐,,G2,소매,G221,기타 상품 소매,G22199,그 외 기타 상품 전문 소매업,G47859,그 외 기타 분류 안된 상품 전문 소매업,41,경기도,41135,성남시 분당구,41135670,구미동,4113511400,구미동,4113511400101560000,1,대지,156,,경기도 성남시 분당구 구미동 156,411352000005,경기도 성남시 분당구 성남대로,51,,4113511400101560000022152,포스빌,경기도 성남시 분당구 성남대로 51,463861,13636,,6,,127.108099025936,37.3405053021179
MA010120220802852120,화성톱밥,,G2,소매,G221,기타 상품 소매,G22199,그 외 기타 상품 전문 소매업,G47859,그 외 기타 분류 안된 상품 전문 소매업,41,경기도,41590,화성시,41590259,향남읍,4159025925,향남읍,4159025925100700004,1,대지,70,4,경기도 화성시 향남읍 구문천리 70-4,415904430118,경기도 화성시 향남읍 구문천2길,57,,4159025925100700004009876,,경기도 화성시 향남읍 구문천2길 57,445922,18623,,,,126.907683023937,37.0769614629875
MA010120220802809129,세미피온,,G2,소매,G221,기타 상품 소매,G22199,그 외 기타 상품 전문 소매업,G47859,그 외 기타 분류 안된 상품 전문 소매업,41,경기도,41590,화성시,41590590,동탄5동,4159013100,영천동,4159013100106520004,1,대지,652,4,경기도 화성시 영천동 652-4,415902348101,경기도 화성시 동탄순환대로,823,,4159013100106520004000001,에이팩시티,경기도 화성시 동탄순환대로 823,445130,18471,,16,,127.097704354673,37.2087191932626
MA010120220802822950,심지상사,,G2,소매,G221,기타 상품 소매,G22199,그 외 기타 상품 전문 소매업,G47859,그 외 기타 분류 안된 상품 전문 소매업,41,경기도,41461,용인시 처인구,41461253,모현읍,4146125327,모현읍,4146125327103190001,1,대지,319,1,경기도 용인시 처인구 모현읍 능원리 319-1,414612012014,경기도 용인시 처인구 모현읍 포은대로,1082,,4146131027103190001041056,,경기도 용인시 처인구 모현읍 포은대로 1082,449852,16885,,,,127.163383806403,37.3351077740001
MA010120220802835309,강원상사,,G2,소매,G221,기타 상품 소매,G22199,그 외 기타 상품 전문 소매업,G47859,그 외 기타 분류 안된 상품 전문 소매업,41,경기도,41650,포천시,41650520,선단동,4165010500,설운동,4165010500100160013,1,대지,16,13,경기도 포천시 설운동 16-13,416503000136,경기도 포천시 호국로,912,,4165010500100160013020114,명성빌딩,경기도 포천시 호국로 912,487020,11162,,,,127.161518392998,37.8469274313133
MA010120220802809476,무궁화오토,,G2,소매,G221,기타 상품 소매,G22199,그 외 기타 상품 전문 소매업,G47859,그 외 기타 분류 안된 상품 전문 소매업,41,경기도,41463,용인시 기흥구,41463535,보라동,4146310600,지곡동,4146310600102780000,1,대지,278,,경기도 용인시 기흥구 지곡동 278,414633204057,경기도 용인시 기흥구 지삼로,190,,4146310600102780000000001,,경기도 용인시 기흥구 지삼로 190,446904,17088,,,,127.133562852696,37.2411849717977
MA010120220802832600,해피바이러스,,G2,소매,G221,기타 상품 소매,G22199,그 외 기타 상품 전문 소매업,G47859,그 외 기타 분류 안된 상품 전문 소매업,47,경상북도,47130,경주시,47130570,황남동,4713011000,황남동,4713011000103070001,1,대지,307,1,경상북도 경주시 황남동 307-1,471303305063,경상북도 경주시 포석로,1058,7,4713011000103070001009371,,경상북도 경주시 포석로 1058-7,780080,38166,,,,129.210309213704,35.8356607543582
MA010120220802896551,보성농자재,,G2,소매,G221,기타 상품 소매,G22199,그 외 기타 상품 전문 소매업,G47519,"페인트, 창호 및 기타 건설자재 소매업",47,경상북도,47840,성주군,47840250,성주읍,4784025024,성주읍,4784025024101920000,1,대지,192,,경상북도 성주군 성주읍 성산리 192,478403311038,경상북도 성주군 성주읍 성주로,3403,,4784025024101920000000001,,경상북도 성주군 성주읍 성주로 3403,719804,40032,,,,128.306052445743,35.9183394662391
MA010120220802899384,카모조,,G2,소매,G221,기타 상품 소매,G22199,그 외 기타 상품 전문 소매업,G47859,그 외 기타 분류 안된 상품 전문 소매업,30,대전광역시,30170,서구,30170575,내동,3017011000,내동,3017011000100080003,1,대지,8,3,대전광역시 서구 내동 8-3,301703166016,대전광역시 서구 도산로,251,,3017011000100080003012436,,대전광역시 서구 도산로 251,302817,35315,,,,127.382517636145,36.3300355641457
MA010120220802888630,이산,,G2,소매,G221,기타 상품 소매,G22199,그 외 기타 상품 전문 소매업,G47859,그 외 기타 분류 안된 상품 전문 소매업,48,경상남도,48250,김해시,48250620,장유2동,4825012900,대청동,4825012900100560008,1,대지,56,8,경상남도 김해시 대청동 56-8,482504805361,경상남도 김해시 번화1로67번길,2,,4825031027100560008093646,남명프라자,경상남도 김해시 번화1로67번길 2,621280,50988,,9,,128.799627299636,35.1935624613252
MA010120220802897196,해동불교,,G2,소매,G221,기타 상품 소매,G22199,그 외 기타 상품 전문 소매업,G47859,그 외 기타 분류 안된 상품 전문 소매업,47,경상북도,47290,경산시,47290310,와촌면,4729031034,와촌면,4729031034107340001,1,대지,734,1,경상북도 경산시 와촌면 음양리 734-1,472903000048,경상북도 경산시 와촌면 팔공로,163,,4729031034107340001072733,,경상북도 경산시 와촌면 팔공로 163,712841,38403,,,,128.760735530773,35.9611824681247
MA010120220802899966,좋은날프로젝트,,G2,소매,G221,기타 상품 소매,G22199,그 외 기타 상품 전문 소매업,G47859,그 외 기타 분류 안된 상품 전문 소매업,52,전북특별자치도,52111,전주시 완산구,52111730,효자5동,5211114200,효자동3가,5211114200115330008,1,대지,1533,8,전북특별자치도 전주시 완산구 효자동3가 1533-8,521113266081,전북특별자치도 전주시 완산구 홍산남로,59,19,4511114200115330008000001,,전북특별자치도 전주시 완산구 홍산남로 59-19,560900,54969,,,,127.108141607533,35.8163883908149
MA010120220802897506,남촌낚시,,G2,소매,G221,기타 상품 소매,G22199,그 외 기타 상품 전문 소매업,G47859,그 외 기타 분류 안된 상품 전문 소매업,44,충청남도,44770,서천군,44770410,서면,4477041028,서면,4477041028101410000,1,대지,141,,충청남도 서천군 서면 도둔리 141,447704580041,충청남도 서천군 서면 공암남촌길31번길,53,,4477041028101410001023370,,충청남도 서천군 서면 공암남촌길31번길 53,325892,33603,,,,126.523848417766,36.1523634513295
MA010120220802866930,도라지와하수오를사랑하는사람들,,G2,소매,G221,기타 상품 소매,G22199,그 외 기타 상품 전문 소매업,G47859,그 외 기타 분류 안된 상품 전문 소매업,48,경상남도,48170,진주시,48170680,상평동,4817012100,상평동,4817012100103110016,1,대지,311,16,경상남도 진주시 상평동 311-16,481703332016,경상남도 진주시 도동로,20,,4817012100103110016408890,,경상남도 진주시 도동로 20,660902,52801,,1,,128.123482580912,35.1718558665198
MA010120220802871303,유토,,G2,소매,G221,기타 상품 소매,G22199,그 외 기타 상품 전문 소매업,G47859,그 외 기타 분류 안된 상품 전문 소매업,47,경상북도,47190,구미시,47190680,진미동,4719012500,임수동,4719012500100920054,1,대지,92,54,경상북도 구미시 임수동 92-54,471903018095,경상북도 구미시 3공단1로,302,16,4719012500100920054009131,명성빌딩,경상북도 구미시 3공단1로 302-16,730350,39391,,,,128.403950456747,36.1088905444697
MA010120220802906317,다린샵,,G2,소매,G221,기타 상품 소매,G22199,그 외 기타 상품 전문 소매업,G47859,그 외 기타 분류 안된 상품 전문 소매업,47,경상북도,47130,경주시,47130370,강동면,4713037024,강동면,4713037024106320003,1,대지,632,3,경상북도 경주시 강동면 다산리 632-3,471304715259,경상북도 경주시 강동면 단구안계길,228,,4713037024106320003000001,,경상북도 경주시 강동면 단구안계길 228,780913,38003,,,,129.251948474974,36.0386811736103
MA010120220802861558,귀뜸이유집,,G2,소매,G221,기타 상품 소매,G22199,그 외 기타 상품 전문 소매업,G47859,그 외 기타 분류 안된 상품 전문 소매업,52,전북특별자치도,52111,전주시 완산구,52111730,효자5동,5211114100,효자동2가,5211114100111550010,1,대지,1155,10,전북특별자치도 전주시 완산구 효자동2가 1155-10,521113266084,전북특별자치도 전주시 완산구 홍산중앙로,13,,4511114100100310002000001,돌핀빌딩,전북특별자치도 전주시 완산구 홍산중앙로 13,560800,54969,,,,127.108737033772,35.81484669738
MA010120220802878479,유웹,,G2,소매,G221,기타 상품 소매,G22199,그 외 기타 상품 전문 소매업,G47859,그 외 기타 분류 안된 상품 전문 소매업,11,서울특별시,11710,송파구,11710642,문정2동,1171010800,문정동,1171010800106340000,1,대지,634,,서울특별시 송파구 문정동 634,117103123017,서울특별시 송파구 충민로,66,,1171010800105600000000001,제엘,서울특별시 송파구 충민로 66,138888,05838,,,,127.12496063833,37.4776148454472
MA010120220802865479,좋은친구들,,G2,소매,G221,기타 상품 소매,G22199,그 외 기타 상품 전문 소매업,G47859,그 외 기타 분류 안된 상품 전문 소매업,11,서울특별시,11500,강서구,11500603,가양1동,1150010500,마곡동,1150010500107970007,1,대지,797,7,서울특별시 강서구 마곡동 797-7,115003155054,서울특별시 강서구 마곡중앙6로,66,,1150010500107970007000001,퀸즈파크텐,서울특별시 강서구 마곡중앙6로 66,157805,07803,,3,,126.834338201167,37.5599704584762
MA010120220802882483,부자종묘농약사,,G2,소매,G221,기타 상품 소매,G22199,그 외 기타 상품 전문 소매업,G47859,그 외 기타 분류 안된 상품 전문 소매업,41,경기도,41650,포천시,41650250,소흘읍,4165025022,소흘읍,4165025022102950001,1,대지,295,1,경기도 포천시 소흘읍 이동교리 295-1,416503000136,경기도 포천시 소흘읍 호국로,370,,4165025022102950001007253,,경기도 포천시 소흘읍 호국로 370,487826,11184,,,,127.131996770128,37.8065023101232
MA010120220802896398,이로운컴퍼니,,G2,소매,G221,기타 상품 소매,G22199,그 외 기타 상품 전문 소매업,G47859,그 외 기타 분류 안된 상품 전문 소매업,11,서울특별시,11620,관악구,11620605,은천동,1162010100,봉천동,1162010100109580019,1,대지,958,19,서울특별시 관악구 봉천동 958-19,116203005083,서울특별시 관악구 봉천로,328,,1162010100109580019039255,,서울특별시 관악구 봉천로 328,151843,08756,,3,,126.936693521225,37.4853135289661
MA010120220802916284,대한안전철물,,G2,소매,G221,기타 상품 소매,G22199,그 외 기타 상품 전문 소매업,G47859,그 외 기타 분류 안된 상품 전문 소매업,46,전라남도,46790,화순군,46790340,이양면,4679034027,이양면,4679034027111980001,1,대지,1198,1,전라남도 화순군 이양면 품평리 1198-1,467904673388,전라남도 화순군 이양면 이양농공길,16,,4679034027111980001020662,,전라남도 화순군 이양면 이양농공길 16,519863,58165,,2,,126.990831201211,34.9019564399292
MA010120220802941051,영진철판,,G2,소매,G221,기타 상품 소매,G22199,그 외 기타 상품 전문 소매업,G47859,그 외 기타 분류 안된 상품 전문 소매업,11,서울특별시,11200,성동구,11200670,성수2가1동,1120011500,성수동2가,1120011500103350112,1,대지,335,112,서울특별시 성동구 성수동2가 335-112,112004109326,서울특별시 성동구 성덕정15길,4,3,1120011500103350112006332,,서울특별시 성동구 성덕정15길 4-3,133828,04775,,,,127.053858001545,37.5380539917069
MA010120220802943793,우행성,,G2,소매,G221,기타 상품 소매,G22199,그 외 기타 상품 전문 소매업,G47859,그 외 기타 분류 안된 상품 전문 소매업,44,충청남도,44150,공주시,44150570,신관동,4415012000,신관동,4415012000106030024,1,대지,603,24,충청남도 공주시 신관동 603-24,441503251016,충청남도 공주시 번영2로,34,,4415012000106030024759201,,충청남도 공주시 번영2로 34,314802,32584,,1,,127.133612294686,36.4705971797921
MA010120220802919153,진서중기매매상사,,G2,소매,G221,기타 상품 소매,G22199,그 외 기타 상품 전문 소매업,G47859,그 외 기타 분류 안된 상품 전문 소매업,52,전북특별자치도,52130,군산시,52130360,개정면,5213036021,개정면,5213036021101450005,1,대지,145,5,전북특별자치도 군산시 개정면 아동리 145-5,521303268117,전북특별자치도 군산시 개정면 번영로,506,,4513036021101450005000001,,전북특별자치도 군산시 개정면 번영로 506,573922,54070,,,,126.772083424537,35.9607271237915
MA010120220802933564,종로인삼사,,G2,소매,G221,기타 상품 소매,G22199,그 외 기타 상품 전문 소매업,G47859,그 외 기타 분류 안된 상품 전문 소매업,44,충청남도,44710,금산군,44710250,금산읍,4471025022,금산읍,4471025022106090033,1,대지,609,33,충청남도 금산군 금산읍 중도리 609-33,447104571023,충청남도 금산군 금산읍 건삼전길,22,16,4471025022106090033019190,,충청남도 금산군 금산읍 건삼전길 22-16,312806,32740,,,,127.49165220174,36.1005536522999
MA010120220802941332,양키캔들,군산점,G2,소매,G221,기타 상품 소매,G22199,그 외 기타 상품 전문 소매업,G47813,"화장품, 비누 및 방향제 소매업",52,전북특별자치도,52130,군산시,52130690,수송동,5213014100,수송동,5213014100108200004,1,대지,820,4,전북특별자치도 군산시 수송동 820-4,521303268088,전북특별자치도 군산시 월명로,215,,4513014100108200004000001,,전북특별자치도 군산시 월명로 215,573370,54101,,1,,126.715172609344,35.9633453071502
MA010120220802933613,동양불교사,,G2,소매,G221,기타 상품 소매,G22199,그 외 기타 상품 전문 소매업,G47859,그 외 기타 분류 안된 상품 전문 소매업,47,경상북도,47150,김천시,47150595,대곡동,4715011400,부곡동,4715011400104760004,1,대지,476,4,경상북도 김천시 부곡동 476-4,471502306002,경상북도 김천시 영남대로,1518,,4715011400104760004001888,,경상북도 김천시 영남대로 1518,740977,39572,,,,128.101527044494,36.1294906952561
MA010120220802914218,유한책임회사하이모창원,시청지점,G2,소매,G221,기타 상품 소매,G22199,그 외 기타 상품 전문 소매업,G47422,의복 액세서리 및 모조 장신구 소매업,48,경상남도,48123,창원시 성산구,48123520,중앙동,4812312500,중앙동,4812312500100960003,1,대지,96,3,경상남도 창원시 성산구 중앙동 96-3,481232327003,경상남도 창원시 성산구 중앙대로,89,,4812312500100960003001381,라큐비,경상남도 창원시 성산구 중앙대로 89,642845,51515,,2,,128.678516935622,35.223131900684
MA010120220802922470,산이야기상회,,G2,소매,G221,기타 상품 소매,G22199,그 외 기타 상품 전문 소매업,G47859,그 외 기타 분류 안된 상품 전문 소매업,52,전북특별자치도,52190,남원시,52190460,산내면,5219046027,산내면,5219046027103250000,1,대지,325,,전북특별자치도 남원시 산내면 부운리 325,521904613449,전북특별자치도 남원시 산내면 와운길,275,,4519046027103270000035411,,전북특별자치도 남원시 산내면 와운길 275,590852,55805,,,,127.594498041229,35.3632996690664
MA010120220802944630,도경친환경농자재마트,,G2,소매,G221,기타 상품 소매,G22199,그 외 기타 상품 전문 소매업,G47859,그 외 기타 분류 안된 상품 전문 소매업,52,전북특별자치도,52140,익산시,52140690,삼성동,5214013200,임상동,5214013200100970000,1,대지,97,,전북특별자치도 익산시 임상동 97,521403269039,전북특별자치도 익산시 하나로,688,,4514013200100970000000001,,전북특별자치도 익산시 하나로 688,570380,54531,,,,126.979153814321,35.9818324314658
MA010120220802931466,신보불기상회,,G2,소매,G221,기타 상품 소매,G22199,그 외 기타 상품 전문 소매업,G47859,그 외 기타 분류 안된 상품 전문 소매업,46,전라남도,46730,구례군,46730250,구례읍,4673025021,구례읍,4673025021103900020,1,대지,390,20,전라남도 구례군 구례읍 봉동리 390-20,467304664177,전라남도 구례군 구례읍 상설시장길,22,,4673025021103880006019920,,전라남도 구례군 구례읍 상설시장길 22,542804,57643,,,,127.467093281644,35.2100471809701
MA010120220802912150,대한불교참조계종지장사.참솔버섯농원,,G2,소매,G221,기타 상품 소매,G22199,그 외 기타 상품 전문 소매업,G47859,그 외 기타 분류 안된 상품 전문 소매업,48,경상남도,48270,밀양시,48270310,부북면,4827031030,부북면,4827031030100370000,1,대지,37,,경상남도 밀양시 부북면 대항리 37,482704808891,경상남도 밀양시 부북면 화악산길,471,11,4827031030200690000083099,,경상남도 밀양시 부북면 화악산길 471-11,627851,50401,,,,128.706944688281,35.5689811576903
MA010120220802914851,미디어세상,,G2,소매,G221,기타 상품 소매,G22199,그 외 기타 상품 전문 소매업,G47859,그 외 기타 분류 안된 상품 전문 소매업,28,인천광역시,28177,미추홀구,28177600,도화1동,2817710400,도화동,2817710400104640008,1,대지,464,8,인천광역시 미추홀구 도화동 464-8,281773151034,인천광역시 미추홀구 한나루로,584,,2817010500104640008033664,,인천광역시 미추홀구 한나루로 584,402809,22153,,,,126.671998103558,37.4579801448525
MA010120220802942359,진안인삼사,,G2,소매,G221,기타 상품 소매,G22199,그 외 기타 상품 전문 소매업,G47859,그 외 기타 분류 안된 상품 전문 소매업,52,전북특별자치도,52720,진안군,52720250,진안읍,5272025022,진안읍,5272025022102800002,1,대지,280,2,전북특별자치도 진안군 진안읍 군하리 280-2,527203274057,전북특별자치도 진안군 진안읍 진무로,1025,,4572025022102800002004936,,전북특별자치도 진안군 진안읍 진무로 1025,567806,55435,,1,,127.42342813025,35.7877343323569
MA010120220802948115,"황금팜종묘,농자재",,G2,소매,G221,기타 상품 소매,G22199,그 외 기타 상품 전문 소매업,G47859,그 외 기타 분류 안된 상품 전문 소매업,31,울산광역시,31140,남구,31140600,옥동,3114010200,옥동,3114010200100780001,1,대지,78,1,울산광역시 남구 옥동 78-1,311404310044,울산광역시 남구 남부순환도로433번길,12,,3114010200100780001000001,,울산광역시 남구 남부순환도로433번길 12,680843,44660,,,,129.289690287363,35.5238071669937
MA010120220802909800,하모니가든,,G2,소매,G221,기타 상품 소매,G22199,그 외 기타 상품 전문 소매업,G47859,그 외 기타 분류 안된 상품 전문 소매업,11,서울특별시,11380,은평구,11380520,불광1동,1138010300,불광동,1138010300100160081,1,대지,16,81,서울특별시 은평구 불광동 16-81,113803111004,서울특별시 은평구 불광로,156,27,1138010300100160081038413,,서울특별시 은평구 불광로 156-27,122847,03360,,,,126.932772641067,37.6210466861396
MA010120220802923700,크리스탈아트,,G2,소매,G221,기타 상품 소매,G22199,그 외 기타 상품 전문 소매업,G47859,그 외 기타 분류 안된 상품 전문 소매업,27,대구광역시,27110,중구,27110565,성내1동,2711012300,동성로2가,2711012300100410008,1,대지,41,8,대구광역시 중구 동성로2가 41-8,271103007001,대구광역시 중구 국채보상로,580,,2711011500100170008000001,열,대구광역시 중구 국채보상로 580,700092,41909,,,,128.595188437116,35.8709060205995
MA010120220802910094,보-은산삼,,G2,소매,G221,기타 상품 소매,G22199,그 외 기타 상품 전문 소매업,G47859,그 외 기타 분류 안된 상품 전문 소매업,43,충청북도,43150,제천시,43150340,덕산면,4315034022,덕산면,4315034022104920000,1,대지,492,,충청북도 제천시 덕산면 성암리 492,431503238090,충청북도 제천시 덕산면 월악로,2478,,4315034022101800002000001,,충청북도 제천시 덕산면 월악로 2478,390853,27223,,,,128.164737882716,36.9154178802913
MA010120220802937527,연천식품,,G2,소매,G221,기타 상품 소매,G22199,그 외 기타 상품 전문 소매업,G47859,그 외 기타 분류 안된 상품 전문 소매업,41,경기도,41250,동두천시,41250566,송내동,4125010200,지행동,4125010200107190003,1,대지,719,3,경기도 동두천시 지행동 719-3,412503189031,경기도 동두천시 중앙로,110,17,4125010200107190003009973,현대프라자,경기도 동두천시 중앙로 110-17,483010,11350,,2,,127.053352671298,37.891379853464
MA010120220804438418,새론에스이씨,,G2,소매,G221,기타 상품 소매,G22199,그 외 기타 상품 전문 소매업,G47859,그 외 기타 분류 안된 상품 전문 소매업,28,인천광역시,28185,연수구,28185820,송도1동,2818510600,송도동,2818510600100070050,1,대지,7,50,인천광역시 연수구 송도동 7-50,281853152001,인천광역시 연수구 갯벌로,12,,2818510600100070050000005,미추홀타워,인천광역시 연수구 갯벌로 12,406081,21999,,5,,126.65584172724,37.3825463551151
MA010120220804446955,태양,,G2,소매,G221,기타 상품 소매,G22199,그 외 기타 상품 전문 소매업,G47859,그 외 기타 분류 안된 상품 전문 소매업,11,서울특별시,11380,은평구,11380570,대조동,1138010600,대조동,1138010600100150038,1,대지,15,38,서울특별시 은평구 대조동 15-38,113804133307,서울특별시 은평구 통일로65길,12,8,1138010600100150038026667,지층,서울특별시 은평구 통일로65길 12-8,122837,03397,,1,,126.929600434312,37.6096383243116
MA010120220804436284,재재종합상사,,G2,소매,G221,기타 상품 소매,G22199,그 외 기타 상품 전문 소매업,G47859,그 외 기타 분류 안된 상품 전문 소매업,43,충청북도,43770,음성군,43770350,삼성면,4377035026,삼성면,4377035026102330001,1,대지,233,1,충청북도 음성군 삼성면 청용리 233-1,437704541289,충청북도 음성군 삼성면 삼양로352번길,42,,4377035026102330001173295,,충청북도 음성군 삼성면 삼양로352번길 42,369834,27657,,,,127.477646845242,36.9915244049308
MA010120220804463194,매직,코리아,G2,소매,G221,기타 상품 소매,G22199,그 외 기타 상품 전문 소매업,G47859,그 외 기타 분류 안된 상품 전문 소매업,11,서울특별시,11680,강남구,11680640,역삼1동,1168010100,역삼동,1168010100108360050,1,대지,836,50,서울특별시 강남구 역삼동 836-50,116804166246,서울특별시 강남구 도곡로7길,17,4,1168010100108360050025978,리젠시빌딩,서울특별시 강남구 도곡로7길 17-4,135937,06254,,,,127.034070227899,37.4919119442297
MA010120220804472548,마산양봉원,,G2,소매,G221,기타 상품 소매,G22199,그 외 기타 상품 전문 소매업,G47859,그 외 기타 분류 안된 상품 전문 소매업,44,충청남도,44770,서천군,44770340,한산면,4477034021,한산면,4477034021101440001,1,대지,144,1,충청남도 서천군 한산면 지현리 144-1,447704580907,충청남도 서천군 한산면 한산모시길21번길,21,11,4477034021101440001044783,,충청남도 서천군 한산면 한산모시길21번길 21-11,325844,33624,,,,126.801275101971,36.0829405762296
MA010120220804440097,인삼상회,,G2,소매,G221,기타 상품 소매,G22199,그 외 기타 상품 전문 소매업,G47859,그 외 기타 분류 안된 상품 전문 소매업,46,전라남도,46860,함평군,46860250,함평읍,4686025022,함평읍,4686025022109820000,1,대지,982,,전라남도 함평군 함평읍 기각리 982,468604691187,전라남도 함평군 함평읍 시장길,49,,4686025022109820000048138,함평천지전통시장,전라남도 함평군 함평읍 시장길 49,525802,57152,,,,126.523380747088,35.0639368782926
MA010120220804468693,종합식품약초상사,,G2,소매,G221,기타 상품 소매,G22199,그 외 기타 상품 전문 소매업,G47859,그 외 기타 분류 안된 상품 전문 소매업,26,부산광역시,26230,부산진구,26230510,부전1동,2623010300,부전동,2623010300102670032,1,대지,267,32,부산광역시 부산진구 부전동 267-32,262302000010,부산광역시 부산진구 중앙대로,761,,2623010300102670013039870,,부산광역시 부산진구 중앙대로 761,614843,47251,,1,,129.06095973068,35.1604503174813
MA010120220804434788,자오안전산업,,G2,소매,G221,기타 상품 소매,G22199,그 외 기타 상품 전문 소매업,G47859,그 외 기타 분류 안된 상품 전문 소매업,43,충청북도,43720,보은군,43720340,탄부면,4372034027,탄부면,4372034027104710000,1,대지,471,,충청북도 보은군 탄부면 상장리 471,437204523284,충청북도 보은군 탄부면 숫돌길,70,,4372034027104710000000001,,충청북도 보은군 탄부면 숫돌길 70,376832,28912,,,,127.789462536325,36.4565262163018
MA010120220804440538,제주섬보물찾기사업단,,G2,소매,G221,기타 상품 소매,G22199,그 외 기타 상품 전문 소매업,G47859,그 외 기타 분류 안된 상품 전문 소매업,50,제주특별자치도,50110,제주시,50110660,노형동,5011012200,노형동,5011012200107110003,1,대지,711,3,제주특별자치도 제주시 노형동 711-3,501103349136,제주특별자치도 제주시 연북로,14,,5011012200107110003000001,온정오피스텔,제주특별자치도 제주시 연북로 14,690802,63086,,,,126.482691437804,33.4816953757232
MA010120220804463718,티타운,,G2,소매,G221,기타 상품 소매,G22199,그 외 기타 상품 전문 소매업,G47859,그 외 기타 분류 안된 상품 전문 소매업,11,서울특별시,11680,강남구,11680640,역삼1동,1168010100,역삼동,1168010100106420009,1,대지,642,9,서울특별시 강남구 역삼동 642-9,116803121022,서울특별시 강남구 논현로,503,,1168010100106420015026142,호,서울특별시 강남구 논현로 503,135910,06132,,,,127.036358929761,37.5012727206031
MA010120220804432164,강동불교사,,G2,소매,G221,기타 상품 소매,G22199,그 외 기타 상품 전문 소매업,G47859,그 외 기타 분류 안된 상품 전문 소매업,41,경기도,41450,하남시,41450600,초이동,4145012300,초이동,4145012300101410001,1,대지,141,1,경기도 하남시 초이동 141-1,414503202006,경기도 하남시 감초로,328,,4145012300101410001000002,,경기도 하남시 감초로 328,465220,12986,,1,,127.17197972184,37.5413468199556
MA010120220804440946,해피라인,,G2,소매,G221,기타 상품 소매,G22199,그 외 기타 상품 전문 소매업,G47859,그 외 기타 분류 안된 상품 전문 소매업,41,경기도,41281,고양시 덕양구,41281630,행주동,4128112000,토당동,4128112000108420006,1,대지,842,6,경기도 고양시 덕양구 토당동 842-6,412813192061,경기도 고양시 덕양구 지도로,122,,4128112000108420006012192,,경기도 고양시 덕양구 지도로 122,412820,10511,,,,126.823482351487,37.6278804128268
MA010120220804468870,전수연가모,,G2,소매,G221,기타 상품 소매,G22199,그 외 기타 상품 전문 소매업,G47422,의복 액세서리 및 모조 장신구 소매업,41,경기도,41131,성남시 수정구,41131590,단대동,4113110400,단대동,4113110400101610007,1,대지,161,7,경기도 성남시 수정구 단대동 161-7,411312179002,경기도 성남시 수정구 산성대로,393,,4113110400101610007032715,,경기도 성남시 수정구 산성대로 393,461801,13147,,2,,127.157581382043,37.4472748443303
MA010120220804441252,그린유통,,G2,소매,G221,기타 상품 소매,G22199,그 외 기타 상품 전문 소매업,G47859,그 외 기타 분류 안된 상품 전문 소매업,41,경기도,41113,수원시 권선구,41113670,권선1동,4111313700,권선동,4111313700109580009,1,대지,958,9,경기도 수원시 권선구 권선동 958-9,411133175043,경기도 수원시 권선구 장다리로,122,,4111313700109580009022771,성산빌딩,경기도 수원시 권선구 장다리로 122,441821,16570,,4,,127.022760430812,37.2609369087329
MA010120220804466020,품격여성아카데미퀸,,G2,소매,G221,기타 상품 소매,G22199,그 외 기타 상품 전문 소매업,G47859,그 외 기타 분류 안된 상품 전문 소매업,41,경기도,41117,수원시 영통구,41117600,광교1동,4111710300,이의동,4111710300113360001,1,대지,1336,1,경기도 수원시 영통구 이의동 1336-1,411173177022,경기도 수원시 영통구 광교중앙로,145,,4111710300113360001000001,광교엘포트아이파크,경기도 수원시 영통구 광교중앙로 145,443270,16508,,,,127.05778345471,37.2870912127844
MA010120220804462067,월드스타,,G2,소매,G221,기타 상품 소매,G22199,그 외 기타 상품 전문 소매업,G47859,그 외 기타 분류 안된 상품 전문 소매업,41,경기도,41465,용인시 수지구,41465560,동천동,4146510300,동천동,4146510300108990000,1,대지,899,,경기도 용인시 수지구 동천동 899,414653204044,경기도 용인시 수지구 신수로,767,,4146510300108990000026009,분당수지유타워,경기도 용인시 수지구 신수로 767,448504,16827,,,,127.10143768594,37.338132481074
MA010120220804480097,아로마글로바,,G2,소매,G221,기타 상품 소매,G22199,그 외 기타 상품 전문 소매업,G47859,그 외 기타 분류 안된 상품 전문 소매업,43,충청북도,43130,충주시,43130335,대소원면,4313033532,대소원면,4313033532105710000,1,대지,571,,충청북도 충주시 대소원면 영평리 571,431303238105,충청북도 충주시 대소원면 기업도시2로,27,,4313033532105710000000001,,충청북도 충주시 대소원면 기업도시2로 27,380871,27465,,1,,127.830040784272,37.0010718406832
MA010120220804482309,톰과앤디신림동지점,,G2,소매,G221,기타 상품 소매,G22199,그 외 기타 상품 전문 소매업,G47859,그 외 기타 분류 안된 상품 전문 소매업,11,서울특별시,11620,관악구,11620695,신림동,1162010200,신림동,1162010200114220042,1,대지,1422,42,서울특별시 관악구 신림동 1422-42,116202000003,서울특별시 관악구 남부순환로,1615,,1162010200114220042013509,,서울특별시 관악구 남부순환로 1615,151890,08754,,2,,126.930091090242,37.4845529598392
MA010120220804507749,대성불교사,,G2,소매,G221,기타 상품 소매,G22199,그 외 기타 상품 전문 소매업,G47859,그 외 기타 분류 안된 상품 전문 소매업,51,강원특별자치도,51110,춘천시,51110600,후평1동,5111012000,후평동,5111012000105990021,1,대지,599,21,강원특별자치도 춘천시 후평동 599-21,511103218049,강원특별자치도 춘천시 후석로,472,,4211012000105990021030232,,강원특별자치도 춘천시 후석로 472,200957,24232,,,,127.740867489694,37.8908443871001
MA010120220804481032,플레이빌영업소,,G2,소매,G221,기타 상품 소매,G22199,그 외 기타 상품 전문 소매업,G47859,그 외 기타 분류 안된 상품 전문 소매업,11,서울특별시,11680,강남구,11680640,역삼1동,1168010100,역삼동,1168010100108320041,1,대지,832,41,서울특별시 강남구 역삼동 832-41,116803122008,서울특별시 강남구 역삼로,114,,1168010100108320041025756,현죽빌딩,서울특별시 강남구 역삼로 114,135936,06252,,,,127.031650918863,37.4932100675571
MA010120220804476431,송우케미언스주,,G2,소매,G221,기타 상품 소매,G22199,그 외 기타 상품 전문 소매업,G47859,그 외 기타 분류 안된 상품 전문 소매업,41,경기도,41590,화성시,41590370,장안면,4159037029,장안면,4159037029109160003,1,대지,916,3,경기도 화성시 장안면 사곡리 916-3,415903210156,경기도 화성시 장안면 화곡로,316,,4159037029109160003000001,,경기도 화성시 장안면 화곡로 316,445942,18585,,,,126.817955366481,37.0617106892209
MA010120220804488291,링코리모터스,,G2,소매,G221,기타 상품 소매,G22199,그 외 기타 상품 전문 소매업,G47859,그 외 기타 분류 안된 상품 전문 소매업,11,서울특별시,11140,중구,11140520,소공동,1114016600,서소문동,1114016600101110000,1,대지,111,,서울특별시 중구 서소문동 111,111402005001,서울특별시 중구 세종대로,73,,1114016600101110000000001,태평로빌딩,서울특별시 중구 세종대로 73,100814,04514,,22,,126.97595956276,37.5629674214193
MA010120220804488316,이노전스,,G2,소매,G221,기타 상품 소매,G22199,그 외 기타 상품 전문 소매업,G47859,그 외 기타 분류 안된 상품 전문 소매업,11,서울특별시,11710,송파구,11710610,삼전동,1171010600,삼전동,1171010600101240005,1,대지,124,5,서울특별시 송파구 삼전동 124-5,117104169206,서울특별시 송파구 삼전로10길,57,,1171010600101240005007585,,서울특별시 송파구 삼전로10길 57,138840,05602,,,,127.095713526644,37.5045372205865
MA010120220804502292,군인,백화점,G2,소매,G221,기타 상품 소매,G22199,그 외 기타 상품 전문 소매업,G47859,그 외 기타 분류 안된 상품 전문 소매업,51,강원특별자치도,51790,화천군,51790330,상서면,5179033028,상서면,5179033028105050034,1,대지,505,34,강원특별자치도 화천군 상서면 산양리 505-34,517903013022,강원특별자치도 화천군 상서면 영서로,7712,,4279033028005050034003167,,강원특별자치도 화천군 상서면 영서로 7712,209815,24101,,,,127.662608390428,38.2068266888549
MA010120220804502607,서울농약사,,G2,소매,G221,기타 상품 소매,G22199,그 외 기타 상품 전문 소매업,G47859,그 외 기타 분류 안된 상품 전문 소매업,51,강원특별자치도,51110,춘천시,51110545,약사명동,5111010500,중앙로2가,5111010500100420073,1,대지,42,73,강원특별자치도 춘천시 중앙로2가 42-73,511103218033,강원특별자치도 춘천시 중앙로,79,2,4211010500100420073023761,,강원특별자치도 춘천시 중앙로 79-2,200042,24354,,,,127.725625573441,37.8783983960355
MA010120220804532175,백마,,G2,소매,G221,기타 상품 소매,G22199,그 외 기타 상품 전문 소매업,G47221,음료 소매업,47,경상북도,47113,포항시 북구,47113520,중앙동,4711311100,동빈2가,4711311100101410003,1,대지,141,3,경상북도 포항시 북구 동빈2가 141-3,471133303058,경상북도 포항시 북구 해동로,219,,4711311100101410003105807,,경상북도 포항시 북구 해동로 219,791080,37736,,,,129.369576806705,36.0387917328842
MA010120220804514036,호반종묘사,,G2,소매,G221,기타 상품 소매,G22199,그 외 기타 상품 전문 소매업,G47859,그 외 기타 분류 안된 상품 전문 소매업,51,강원특별자치도,51110,춘천시,51110580,소양동,5111010300,낙원동,5111010300100640001,1,대지,64,1,강원특별자치도 춘천시 낙원동 64-1,511103218033,강원특별자치도 춘천시 중앙로,104,,4211010300100640001011297,소평빌딩,강원특별자치도 춘천시 중앙로 104,200100,24274,,,,127.72334142871,37.8772862897221
MA010120220804525209,월드상사,,G2,소매,G221,기타 상품 소매,G22199,그 외 기타 상품 전문 소매업,G47859,그 외 기타 분류 안된 상품 전문 소매업,51,강원특별자치도,51110,춘천시,51110630,효자2동,5111011200,효자동,5111011200101000007,1,대지,100,7,강원특별자치도 춘천시 효자동 100-7,511103218047,강원특별자치도 춘천시 효자로,130,,4211011200101000007000001,,강원특별자치도 춘천시 효자로 130,200951,24334,,,,127.734755852185,37.8741344219666
MA010120220804512268,강원계분,,G2,소매,G221,기타 상품 소매,G22199,그 외 기타 상품 전문 소매업,G47859,그 외 기타 분류 안된 상품 전문 소매업,51,강원특별자치도,51110,춘천시,51110660,퇴계동,5111012300,퇴계동,5111012300108900001,1,대지,890,1,강원특별자치도 춘천시 퇴계동 890-1,511103218045,강원특별자치도 춘천시 행촌로,39,,4211012300108900001000648,,강원특별자치도 춘천시 행촌로 39,200944,24441,,,,127.724628200764,37.8601246365553
MA010120220804520997,고려불교전시장,,G2,소매,G221,기타 상품 소매,G22199,그 외 기타 상품 전문 소매업,G47859,그 외 기타 분류 안된 상품 전문 소매업,51,강원특별자치도,51110,춘천시,51110580,소양동,5111011600,소양로4가,5111011600101020006,1,대지,102,6,강원특별자치도 춘천시 소양로4가 102-6,511104454006,강원특별자치도 춘천시 가연길,27,,4211011600101020006014495,,강원특별자치도 춘천시 가연길 27,200114,24275,,1,,127.721071543576,37.8787957592058
MA010120220804535363,이상영가발,,G2,소매,G221,기타 상품 소매,G22199,그 외 기타 상품 전문 소매업,G47422,의복 액세서리 및 모조 장신구 소매업,51,강원특별자치도,51110,춘천시,51110530,조운동,5111011000,운교동,5111011000101790027,1,대지,179,27,강원특별자치도 춘천시 운교동 179-27,511103218037,강원특별자치도 춘천시 춘천로,162,,4211011000101790027022585,,강원특별자치도 춘천시 춘천로 162,200080,24329,,1,,127.732298263482,37.8761678182746
MA010120220804514321,홍,,G2,소매,G221,기타 상품 소매,G22199,그 외 기타 상품 전문 소매업,G47859,그 외 기타 분류 안된 상품 전문 소매업,51,강원특별자치도,51110,춘천시,51110580,소양동,5111010400,중앙로1가,5111010400100910000,1,대지,91,,강원특별자치도 춘천시 중앙로1가 91,511103218033,강원특별자치도 춘천시 중앙로,33,,4211010200100190000019728,지하상가,강원특별자치도 춘천시 중앙로 33,200041,24271,,,,127.728377274988,37.8819671037323
MA010120220804518940,데코스,,G2,소매,G221,기타 상품 소매,G22199,그 외 기타 상품 전문 소매업,G47422,의복 액세서리 및 모조 장신구 소매업,51,강원특별자치도,51110,춘천시,51110545,약사명동,5111010900,죽림동,5111010900100320000,1,대지,32,,강원특별자치도 춘천시 죽림동 32,511104454476,강원특별자치도 춘천시 약사고개길,13,,4211010900100320000023432,제일종합시장,강원특별자치도 춘천시 약사고개길 13,200050,24355,,2,,127.726071267564,37.8774857085028
MA010120220804514380,대광약업사,,G2,소매,G221,기타 상품 소매,G22199,그 외 기타 상품 전문 소매업,G47859,그 외 기타 분류 안된 상품 전문 소매업,51,강원특별자치도,51110,춘천시,51110600,후평1동,5111012000,후평동,5111012000106770005,1,대지,677,5,강원특별자치도 춘천시 후평동 677-5,511103218037,강원특별자치도 춘천시 춘천로,257,1,4211012000106770005000001,,강원특별자치도 춘천시 춘천로 257-1,200957,24257,,,,127.742040000952,37.8796744993871
MA010120220804530502,새금만농약사,,G2,소매,G221,기타 상품 소매,G22199,그 외 기타 상품 전문 소매업,G47859,그 외 기타 분류 안된 상품 전문 소매업,52,전북특별자치도,52210,김제시,52210510,요촌동,5221010100,요촌동,5221010100102880038,1,대지,288,38,전북특별자치도 김제시 요촌동 288-38,522103272083,전북특별자치도 김제시 남북로,214,,4521010100102880038056550,,전북특별자치도 김제시 남북로 214,576806,54384,,,,126.884718263465,35.8031422193784
MA010120220804510979,초가집,,G2,소매,G221,기타 상품 소매,G22199,그 외 기타 상품 전문 소매업,G47859,그 외 기타 분류 안된 상품 전문 소매업,51,강원특별자치도,51800,양구군,51800250,양구읍,5180025029,양구읍,5180025029101840001,1,대지,184,1,강원특별자치도 양구군 양구읍 학조리 184-1,518003218052,강원특별자치도 양구군 양구읍 춘양로,2659,,4280025029001830001003261,,강원특별자치도 양구군 양구읍 춘양로 2659,255806,24518,,,,127.988421959611,38.0657555410113
MA010120220804543214,희망사,,G2,소매,G221,기타 상품 소매,G22199,그 외 기타 상품 전문 소매업,G47859,그 외 기타 분류 안된 상품 전문 소매업,51,강원특별자치도,51790,화천군,51790250,화천읍,5179025022,화천읍,5179025022101010003,1,대지,101,3,강원특별자치도 화천군 화천읍 하리 101-3,517903231011,강원특별자치도 화천군 화천읍 상승로,43,,4279025022001010003002638,,강원특별자치도 화천군 화천읍 상승로 43,209804,24121,,,,127.704111085837,38.1048837114442
MA010120220804512919,북한강수석,,G2,소매,G221,기타 상품 소매,G22199,그 외 기타 상품 전문 소매업,G47859,그 외 기타 분류 안된 상품 전문 소매업,51,강원특별자치도,51110,춘천시,51110570,근화동,5111011700,근화동,5111011700107240009,1,대지,724,9,강원특별자치도 춘천시 근화동 724-9,511104454061,강원특별자치도 춘천시 공지로478번길,15,,4211011700107240009010549,,강원특별자치도 춘천시 공지로478번길 15,200931,24275,,2,,127.716211358892,37.8757532536602
MA010120220804521459,미래모,,G2,소매,G221,기타 상품 소매,G22199,그 외 기타 상품 전문 소매업,G47422,의복 액세서리 및 모조 장신구 소매업,51,강원특별자치도,51110,춘천시,51110600,후평1동,5111012000,후평동,5111012000107470010,1,대지,747,10,강원특별자치도 춘천시 후평동 747-10,511104454167,강원특별자치도 춘천시 동광길,12,,4211012000107470010034922,,강원특별자치도 춘천시 동광길 12,200959,24296,,3,,127.75302739848,37.8882085926747
MA010120220804528583,진영카멀티샵,,G2,소매,G221,기타 상품 소매,G22199,그 외 기타 상품 전문 소매업,G45219,기타 자동차 신품 부품 및 내장품 판매업,51,강원특별자치도,51110,춘천시,51110705,신사우동,5111011800,우두동,5111011800102070010,1,대지,207,10,강원특별자치도 춘천시 우두동 207-10,511103218016,강원특별자치도 춘천시 사우로,172,,4211011800102070010000001,,강원특별자치도 춘천시 사우로 172,200939,24227,,1,,127.74395006638,37.9068344039179
MA010120220804533645,지리산약초,,G2,소매,G221,기타 상품 소매,G22199,그 외 기타 상품 전문 소매업,G47859,그 외 기타 분류 안된 상품 전문 소매업,48,경상남도,48860,산청군,48860340,금서면,4886034026,금서면,4886034026113000108,1,대지,1300,108,경상남도 산청군 금서면 특리 1300-108,488604835429,경상남도 산청군 금서면 동의보감로555번길,45,15,4886034026113000057000001,,경상남도 산청군 금서면 동의보감로555번길 45-15,666831,52229,,,,127.830565361225,35.4405996168806
MA010120220804521873,샤방샤방,,G2,소매,G221,기타 상품 소매,G22199,그 외 기타 상품 전문 소매업,G47859,그 외 기타 분류 안된 상품 전문 소매업,51,강원특별자치도,51110,춘천시,51110545,약사명동,5111010900,죽림동,5111010900100320000,1,대지,32,,강원특별자치도 춘천시 죽림동 32,511104454476,강원특별자치도 춘천시 약사고개길,13,,4211010900100320000023432,,강원특별자치도 춘천시 약사고개길 13,200050,24355,,,,127.726071267564,37.8774857085028
MA010120220804536554,대성유통,,G2,소매,G221,기타 상품 소매,G22199,그 외 기타 상품 전문 소매업,G47859,그 외 기타 분류 안된 상품 전문 소매업,41,경기도,41273,안산시 단원구,41273545,원곡동,4127310800,원곡동,4127310800108000017,1,대지,800,17,경기도 안산시 단원구 원곡동 800-17,412733191058,경기도 안산시 단원구 원곡로,18,,4127310800108000017011827,,경기도 안산시 단원구 원곡로 18,425846,15392,,,,126.792026990069,37.3288837610754
MA010120220804513177,경기산업안전,,G2,소매,G221,기타 상품 소매,G22199,그 외 기타 상품 전문 소매업,G47859,그 외 기타 분류 안된 상품 전문 소매업,41,경기도,41500,이천시,41500253,부발읍,4150025323,부발읍,4150025323105430000,1,대지,543,,경기도 이천시 부발읍 신원리 543,415004421732,경기도 이천시 부발읍 중부대로1857번길,1,,4150025323105430000007446,,경기도 이천시 부발읍 중부대로1857번길 1,467862,17319,,,,127.511929190204,37.2919901371606
MA010120220804528917,중앙종묘사,,G2,소매,G221,기타 상품 소매,G22199,그 외 기타 상품 전문 소매업,G47859,그 외 기타 분류 안된 상품 전문 소매업,51,강원특별자치도,51110,춘천시,51110570,근화동,5111011700,근화동,5111011700107190006,1,대지,719,6,강원특별자치도 춘천시 근화동 719-6,511103218033,강원특별자치도 춘천시 중앙로,162,3,4211011700107190006010015,,강원특별자치도 춘천시 중앙로 162-3,200931,24276,,1,,127.717217539623,37.8751975602034
MA010120220804529122,예인도방,,G2,소매,G221,기타 상품 소매,G22199,그 외 기타 상품 전문 소매업,G47859,그 외 기타 분류 안된 상품 전문 소매업,51,강원특별자치도,51110,춘천시,51110320,동산면,5111032024,동산면,5111032024107030001,1,대지,703,1,강원특별자치도 춘천시 동산면 군자리 703-1,511103218032,강원특별자치도 춘천시 동산면 종자리로,331,22,4211032024107030001000001,,강원특별자치도 춘천시 동산면 종자리로 331-22,200841,24409,,1,,127.743269224366,37.7586527189243
MA010120220804511787,오복불교전시장,,G2,소매,G221,기타 상품 소매,G22199,그 외 기타 상품 전문 소매업,G47859,그 외 기타 분류 안된 상품 전문 소매업,51,강원특별자치도,51110,춘천시,51110545,약사명동,5111011100,약사동,5111011100100960003,1,대지,96,3,강원특별자치도 춘천시 약사동 96-3,511104454481,강원특별자치도 춘천시 약사고개길50번길,2,,4211011100100960003018023,,강원특별자치도 춘천시 약사고개길50번길 2,200120,24357,,,,127.726754367649,37.8741300319244
MA010120220804513484,펄러비즈강원지사,코리아,G2,소매,G221,기타 상품 소매,G22199,그 외 기타 상품 전문 소매업,G47859,그 외 기타 분류 안된 상품 전문 소매업,51,강원특별자치도,51110,춘천시,51110610,후평2동,5111012000,후평동,5111012000107960007,1,대지,796,7,강원특별자치도 춘천시 후평동 796-7,511103218049,강원특별자치도 춘천시 후석로,287,,4211012000107960007032928,,강원특별자치도 춘천시 후석로 287,200961,24282,,2,,127.75182129856,37.8769186616931
MA010120220804520169,연후기업,,G2,소매,G221,기타 상품 소매,G22199,그 외 기타 상품 전문 소매업,G47859,그 외 기타 분류 안된 상품 전문 소매업,51,강원특별자치도,51110,춘천시,51110640,효자3동,5111011200,효자동,5111011200107570002,1,대지,757,2,강원특별자치도 춘천시 효자동 757-2,511104454804,강원특별자치도 춘천시 효평길,47,,4211011200107570002028018,,강원특별자치도 춘천시 효평길 47,200950,24292,,,,127.741164824254,37.8785448416455
MA010120220804513676,전우사,,G2,소매,G221,기타 상품 소매,G22199,그 외 기타 상품 전문 소매업,G47859,그 외 기타 분류 안된 상품 전문 소매업,51,강원특별자치도,51790,화천군,51790340,사내면,5179034021,사내면,5179034021104570063,1,대지,457,63,강원특별자치도 화천군 사내면 사창리 457-63,517903231009,강원특별자치도 화천군 사내면 사내로,39,1,4279034021104570041000001,,강원특별자치도 화천군 사내면 사내로 39-1,209834,24155,,,,127.521143629448,38.0715041373693
MA010120220804522622,소양만물,,G2,소매,G221,기타 상품 소매,G22199,그 외 기타 상품 전문 소매업,G47859,그 외 기타 분류 안된 상품 전문 소매업,51,강원특별자치도,51110,춘천시,51110705,신사우동,5111011800,우두동,5111011800110600009,1,대지,1060,9,강원특별자치도 춘천시 우두동 1060-9,511103013022,강원특별자치도 춘천시 영서로,2752,,4211011800110600009020317,,강원특별자치도 춘천시 영서로 2752,200940,24231,,,,127.728531810305,37.8988044964434
MA010120220804529663,제일조은소방기술단,,G2,소매,G221,기타 상품 소매,G22199,그 외 기타 상품 전문 소매업,G47859,그 외 기타 분류 안된 상품 전문 소매업,11,서울특별시,11740,강동구,11740600,천호1동,1174010900,천호동,1174010900100850009,1,대지,85,9,서울특별시 강동구 천호동 85-9,117404172065,서울특별시 강동구 구천면로42길,85,,1174010900100850009013562,,서울특별시 강동구 구천면로42길 85,134863,05312,,1,,127.137280649878,37.5438700038739
MA010120220804546723,영남농약사,,G2,소매,G221,기타 상품 소매,G22199,그 외 기타 상품 전문 소매업,G47859,그 외 기타 분류 안된 상품 전문 소매업,47,경상북도,47760,영양군,47760250,영양읍,4776025022,영양읍,4776025022101060006,1,대지,106,6,경상북도 영양군 영양읍 서부리 106-6,477602317001,경상북도 영양군 영양읍 동서대로,51,,4776025022101060006009521,,경상북도 영양군 영양읍 동서대로 51,764805,36541,,,,129.11477177337,36.6627057068284
MA010120220804556728,핑크숍,,G2,소매,G221,기타 상품 소매,G22199,그 외 기타 상품 전문 소매업,G47859,그 외 기타 분류 안된 상품 전문 소매업,51,강원특별자치도,51230,삼척시,51230510,남양동,5123012000,남양동,5123012000103320000,1,대지,332,,강원특별자치도 삼척시 남양동 332,512303224040,강원특별자치도 삼척시 중앙로,214,,4223012000103320000000001,현진빌딩,강원특별자치도 삼척시 중앙로 214,245938,25929,,,,129.168178743111,37.4421643489913
MA010120220804562408,보암불교사,,G2,소매,G221,기타 상품 소매,G22199,그 외 기타 상품 전문 소매업,G47859,그 외 기타 분류 안된 상품 전문 소매업,51,강원특별자치도,51230,삼척시,51230510,남양동,5123012000,남양동,5123012000100340022,1,대지,34,22,강원특별자치도 삼척시 남양동 34-22,512303224029,강원특별자치도 삼척시 진주로,28,41,4223012000100340022000001,,강원특별자치도 삼척시 진주로 28-41,245936,25920,,,,129.1646339093,37.4426527506298
MA010120220804544536,중앙종묘사,,G2,소매,G221,기타 상품 소매,G22199,그 외 기타 상품 전문 소매업,G47859,그 외 기타 분류 안된 상품 전문 소매업,51,강원특별자치도,51800,양구군,51800340,해안면,5180034021,해안면,5180034021100150000,1,대지,15,,강원특별자치도 양구군 해안면 현리 15,518003232018,강원특별자치도 양구군 해안면 펀치볼로,1373,12,4280034021000150000008651,,강원특별자치도 양구군 해안면 펀치볼로 1373-12,255843,24563,,,,128.139864907407,38.2908334241093
MA010120220804560822,LS상사,,G2,소매,G221,기타 상품 소매,G22199,그 외 기타 상품 전문 소매업,G47859,그 외 기타 분류 안된 상품 전문 소매업,26,부산광역시,26140,서구,26140640,충무동,2614012000,충무동1가,2614012000100020013,1,대지,2,13,부산광역시 서구 충무동1가 2-13,261403125012,부산광역시 서구 자갈치로,13,7,2614012000100020013013385,,부산광역시 서구 자갈치로 13-7,602011,49254,,,,129.02561006894,35.0965137944403
MA010120220804564608,양키캔들,,G2,소매,G221,기타 상품 소매,G22199,그 외 기타 상품 전문 소매업,G47813,"화장품, 비누 및 방향제 소매업",51,강원특별자치도,51150,강릉시,51150550,교1동,5115011000,교동,5115011000118630002,1,대지,1863,2,강원특별자치도 강릉시 교동 1863-2,511503220019,강원특별자치도 강릉시 솔올로,38,,4215011000118630002000001,,강원특별자치도 강릉시 솔올로 38,210924,25513,,,,128.878360405375,37.7652591406714
MA010120220804553270,레드스토어완산구점,,G2,소매,G221,기타 상품 소매,G22199,그 외 기타 상품 전문 소매업,G47859,그 외 기타 분류 안된 상품 전문 소매업,52,전북특별자치도,52111,전주시 완산구,52111730,효자5동,5211114200,효자동3가,5211114200114730001,1,대지,1473,1,전북특별자치도 전주시 완산구 효자동3가 1473-1,521113266039,전북특별자치도 전주시 완산구 세내로,557,,4511114200114730001033639,서곡엘지,전북특별자치도 전주시 완산구 세내로 557,560870,54957,,,,127.098370897919,35.8343138250009
MA010120220804557398,서울종묘사,,G2,소매,G221,기타 상품 소매,G22199,그 외 기타 상품 전문 소매업,G47859,그 외 기타 분류 안된 상품 전문 소매업,51,강원특별자치도,51170,동해시,51170600,북평동,5117011300,구미동,5117011300104830003,1,대지,483,3,강원특별자치도 동해시 구미동 483-3,511703221014,강원특별자치도 동해시 대동로,113,,4217011300004830003023192,,강원특별자치도 동해시 대동로 113,240200,25813,,,,129.127041463098,37.4820180146865
MA010120220804559237,흥농상가,,G2,소매,G221,기타 상품 소매,G22199,그 외 기타 상품 전문 소매업,G47859,그 외 기타 분류 안된 상품 전문 소매업,51,강원특별자치도,51170,동해시,51170600,북평동,5117011300,구미동,5117011300104860012,1,대지,486,12,강원특별자치도 동해시 구미동 486-12,511704463176,강원특별자치도 동해시 오일장1길,3,,4217011300004860012023229,,강원특별자치도 동해시 오일장1길 3,240200,25813,,,,129.126509860059,37.482405943595
MA010120220804559247,대송종묘사,,G2,소매,G221,기타 상품 소매,G22199,그 외 기타 상품 전문 소매업,G47859,그 외 기타 분류 안된 상품 전문 소매업,51,강원특별자치도,51170,동해시,51170600,북평동,5117011200,북평동,5117011200100120008,1,대지,12,8,강원특별자치도 동해시 북평동 12-8,511703221014,강원특별자치도 동해시 대동로,122,,4217011200000120008023200,,강원특별자치도 동해시 대동로 122,240200,25792,,,,129.126861326606,37.4828410290925
MA010120220804553785,프렌즈,코리아,G2,소매,G221,기타 상품 소매,G22199,그 외 기타 상품 전문 소매업,G47859,그 외 기타 분류 안된 상품 전문 소매업,28,인천광역시,28260,서구,28260720,오류왕길동,2826012000,왕길동,2826012000106380004,1,대지,638,4,인천광역시 서구 왕길동 638-4,282603156068,인천광역시 서구 완정로,179,,2826012000106380005025714,제이원검단메디컬프라자,인천광역시 서구 완정로 179,404290,22616,,6,,126.656519366212,37.6022759379116
MA010120220804549106,전광통신주,,G2,소매,G221,기타 상품 소매,G22199,그 외 기타 상품 전문 소매업,G47859,그 외 기타 분류 안된 상품 전문 소매업,51,강원특별자치도,51110,춘천시,51110580,소양동,5111011500,소양로3가,5111011500101800000,1,대지,180,,강원특별자치도 춘천시 소양로3가 180,511103218004,강원특별자치도 춘천시 금강로,30,,4211011500101800000014209,,강원특별자치도 춘천시 금강로 30,200113,24273,,,,127.725709981208,37.8812087772956
MA010120220804565781,경림만물,,G2,소매,G221,기타 상품 소매,G22199,그 외 기타 상품 전문 소매업,G47859,그 외 기타 분류 안된 상품 전문 소매업,51,강원특별자치도,51190,태백시,51190515,황지동,5119010100,황지동,5119010100100380103,1,대지,38,103,강원특별자치도 태백시 황지동 38-103,511904466131,강원특별자치도 태백시 시장안2길,19,1,4219010100100380103000001,,강원특별자치도 태백시 시장안2길 19-1,235800,26012,,,,128.993041449442,37.1734053529334
MA010120220804558107,마하불교사,,G2,소매,G221,기타 상품 소매,G22199,그 외 기타 상품 전문 소매업,G47859,그 외 기타 분류 안된 상품 전문 소매업,51,강원특별자치도,51720,홍천군,51720250,홍천읍,5172025023,홍천읍,5172025023103310004,1,대지,331,4,강원특별자치도 홍천군 홍천읍 희망리 331-4,517204475640,강원특별자치도 홍천군 홍천읍 홍천로3길,20,,4272025023103310004018187,,강원특별자치도 홍천군 홍천읍 홍천로3길 20,250809,25136,,,,127.880775447866,37.6899722136174
MA010120220802564758,길상이네인삼,,G2,소매,G221,기타 상품 소매,G22199,그 외 기타 상품 전문 소매업,G47859,그 외 기타 분류 안된 상품 전문 소매업,28,인천광역시,28710,강화군,28710250,강화읍,2871025025,강화읍,2871025025110760006,1,대지,1076,6,인천광역시 강화군 강화읍 갑곳리 1076-6,287102157001,인천광역시 강화군 강화읍 강화대로,96,,2871025025110760006018136,강화고려인삼센터,인천광역시 강화군 강화읍 강화대로 96,417942,23026,,,,126.518953110087,37.7371844690474
MA010120220802565293,동균네,,G2,소매,G221,기타 상품 소매,G22199,그 외 기타 상품 전문 소매업,G47859,그 외 기타 분류 안된 상품 전문 소매업,28,인천광역시,28710,강화군,28710330,길상면,2871033024,길상면,2871033024112510363,1,대지,1251,363,인천광역시 강화군 길상면 초지리 1251-363,287103157036,인천광역시 강화군 길상면 초지로,151,,2871033024112510363000001,,인천광역시 강화군 길상면 초지로 151,417843,23052,,,,126.533099010866,37.6270346236541
MA010120220802565341,강화초지인삼센타진희네,,G2,소매,G221,기타 상품 소매,G22199,그 외 기타 상품 전문 소매업,G47859,그 외 기타 분류 안된 상품 전문 소매업,28,인천광역시,28140,동구,28140630,송림6동,2814010700,송림동,2814010700100500028,1,대지,50,28,인천광역시 동구 송림동 50-28,281403149062,인천광역시 동구 샛골로,160,1,2814010700100500028066498,,인천광역시 동구 샛골로 160-1,401823,22544,,1,,126.644998338178,37.476661079754
MA010120220802531694,김포아리랑만물,,G2,소매,G221,기타 상품 소매,G22199,그 외 기타 상품 전문 소매업,G47859,그 외 기타 분류 안된 상품 전문 소매업,41,경기도,41570,김포시,41570515,김포본동,4157010100,북변동,4157010100102920002,1,대지,292,2,경기도 김포시 북변동 292-2,415703209056,경기도 김포시 북변중로,72,8,4157010100102920002021465,,경기도 김포시 북변중로 72-8,415831,10098,,1,,126.709238216514,37.6274649916126
MA010120220802534648,해송,,G2,소매,G221,기타 상품 소매,G22199,그 외 기타 상품 전문 소매업,G47859,그 외 기타 분류 안된 상품 전문 소매업,28,인천광역시,28110,중구,28110630,용유동,2811015000,남북동,2811015000100160034,1,대지,16,34,인천광역시 중구 남북동 16-34,281103149004,인천광역시 중구 공항서로,173,,2811015000100160034000001,,인천광역시 중구 공항서로 173,400440,22385,,,,126.430896175913,37.4425588818028
MA010120220802537383,탑스,코리아,G2,소매,G221,기타 상품 소매,G22199,그 외 기타 상품 전문 소매업,G47859,그 외 기타 분류 안된 상품 전문 소매업,28,인천광역시,28260,서구,28260530,연희동,2826010500,공촌동,2826010500103090001,1,대지,309,1,인천광역시 서구 공촌동 309-1,282602008010,인천광역시 서구 경명대로,666,1,2826010500103090001010555,,인천광역시 서구 경명대로 666-1,404836,22709,,,,126.682553633948,37.5517221641754
MA010120220802543098,그 외 기타 상품 전문 소매업,,G2,소매,G221,기타 상품 소매,G22199,그 외 기타 상품 전문 소매업,G47859,그 외 기타 분류 안된 상품 전문 소매업,28,인천광역시,28710,강화군,28710250,강화읍,2871025025,강화읍,2871025025110760006,1,대지,1076,6,인천광역시 강화군 강화읍 갑곳리 1076-6,287102157001,인천광역시 강화군 강화읍 강화대로,96,,2871025025110760006018136,고려인삼영농조합,인천광역시 강화군 강화읍 강화대로 96,417942,23026,,,,126.518953110087,37.7371844690474
MA010120220802548502,팔팔팬시,,G2,소매,G221,기타 상품 소매,G22199,그 외 기타 상품 전문 소매업,G47859,그 외 기타 분류 안된 상품 전문 소매업,28,인천광역시,28260,서구,28260560,석남2동,2826011000,석남동,2826011000105870000,1,대지,587,,인천광역시 서구 석남동 587,282603156064,인천광역시 서구 염곡로,208,1,2826011000105870000017243,,인천광역시 서구 염곡로 208-1,404829,22795,,,,126.668181694098,37.5031278683375
MA010120220802548594,성진농약사,,G2,소매,G221,기타 상품 소매,G22199,그 외 기타 상품 전문 소매업,G47859,그 외 기타 분류 안된 상품 전문 소매업,28,인천광역시,28710,강화군,28710320,불은면,2871032021,불은면,2871032021102720003,1,대지,272,3,인천광역시 강화군 불은면 두운리 272-3,287103157024,인천광역시 강화군 불은면 불은남로,610,,2871032021102720001008683,,인천광역시 강화군 불은면 불은남로 610,417832,23046,,,,126.480871274764,37.6847669690332
MA010120220802556210,강화수삼센터,,G2,소매,G221,기타 상품 소매,G22199,그 외 기타 상품 전문 소매업,G47859,그 외 기타 분류 안된 상품 전문 소매업,28,인천광역시,28710,강화군,28710250,강화읍,2871025025,강화읍,2871025025108440001,1,대지,844,1,인천광역시 강화군 강화읍 갑곳리 844-1,287102157001,인천광역시 강화군 강화읍 강화대로,335,,2871025025108460000002454,,인천광역시 강화군 강화읍 강화대로 335,417942,23027,,,,126.492519372773,37.7422091046471
MA010120220802559904,햄프로서비스,,G2,소매,G221,기타 상품 소매,G22199,그 외 기타 상품 전문 소매업,G47859,그 외 기타 분류 안된 상품 전문 소매업,41,경기도,41570,김포시,41570253,고촌읍,4157025322,고촌읍,4157025322100080014,1,대지,8,14,경기도 김포시 고촌읍 풍곡리 8-14,415704427058,경기도 김포시 고촌읍 금포로451번길,15,21,4157025322100080014018855,,경기도 김포시 고촌읍 금포로451번길 15-21,415813,10123,,,,126.770513093867,37.616229636931
MA010120220802565484,지훈이네,,G2,소매,G221,기타 상품 소매,G22199,그 외 기타 상품 전문 소매업,G47859,그 외 기타 분류 안된 상품 전문 소매업,28,인천광역시,28710,강화군,28710250,강화읍,2871025025,강화읍,2871025025108440001,1,대지,844,1,인천광역시 강화군 강화읍 갑곳리 844-1,287102157001,인천광역시 강화군 강화읍 강화대로,335,,2871025025108460000002454,,인천광역시 강화군 강화읍 강화대로 335,417942,23027,,,,126.492519372773,37.7422091046471
MA010120220802566906,초지인삼센타25호,,G2,소매,G221,기타 상품 소매,G22199,그 외 기타 상품 전문 소매업,G47859,그 외 기타 분류 안된 상품 전문 소매업,28,인천광역시,28710,강화군,28710330,길상면,2871033024,길상면,2871033024112510363,1,대지,1251,363,인천광역시 강화군 길상면 초지리 1251-363,287103157036,인천광역시 강화군 길상면 초지로,151,,2871033024112510363000001,,인천광역시 강화군 길상면 초지로 151,417843,23052,,,,126.533099010866,37.6270346236541
MA010120220802543216,강화인삼센타,,G2,소매,G221,기타 상품 소매,G22199,그 외 기타 상품 전문 소매업,G47859,그 외 기타 분류 안된 상품 전문 소매업,28,인천광역시,28710,강화군,28710250,강화읍,2871025025,강화읍,2871025025108440001,1,대지,844,1,인천광역시 강화군 강화읍 갑곳리 844-1,287102157001,인천광역시 강화군 강화읍 강화대로,335,,2871025025108460000002454,,인천광역시 강화군 강화읍 강화대로 335,417942,23027,,,,126.492519372773,37.7422091046471
MA010120220802525209,통진농약사,,G2,소매,G221,기타 상품 소매,G22199,그 외 기타 상품 전문 소매업,G47859,그 외 기타 분류 안된 상품 전문 소매업,41,경기도,41570,김포시,41570250,통진읍,4157025023,통진읍,4157025023107580008,1,대지,758,8,경기도 김포시 통진읍 서암리 758-8,415704427306,경기도 김포시 통진읍 서암로84번길,1,5,4157025023107580008010657,,경기도 김포시 통진읍 서암로84번길 1-5,415867,10018,,,,126.599559584391,37.692698760366
MA010120220802560348,강화고려인삼센타강화귀한삼,,G2,소매,G221,기타 상품 소매,G22199,그 외 기타 상품 전문 소매업,G47859,그 외 기타 분류 안된 상품 전문 소매업,28,인천광역시,28710,강화군,28710250,강화읍,2871025025,강화읍,2871025025110760006,1,대지,1076,6,인천광역시 강화군 강화읍 갑곳리 1076-6,287102157001,인천광역시 강화군 강화읍 강화대로,96,,2871025025110760006018136,,인천광역시 강화군 강화읍 강화대로 96,417942,23026,,,,126.518953110087,37.7371844690474
MA010120220802568840,강화초지인삼센타성광네,,G2,소매,G221,기타 상품 소매,G22199,그 외 기타 상품 전문 소매업,G47859,그 외 기타 분류 안된 상품 전문 소매업,28,인천광역시,28710,강화군,28710330,길상면,2871033024,길상면,2871033024112510363,1,대지,1251,363,인천광역시 강화군 길상면 초지리 1251-363,287103157036,인천광역시 강화군 길상면 초지로,151,,2871033024112510363000001,,인천광역시 강화군 길상면 초지로 151,417843,23052,,,,126.533099010866,37.6270346236541
MA010120220802560500,신성,,G2,소매,G221,기타 상품 소매,G22199,그 외 기타 상품 전문 소매업,G47859,그 외 기타 분류 안된 상품 전문 소매업,41,경기도,41570,김포시,41570256,양촌읍,4157025624,양촌읍,4157025624108040003,1,대지,804,3,경기도 김포시 양촌읍 구래리 804-3,415704427248,경기도 김포시 양촌읍 봉수대로1825번길,90,19,4157025624108040003000001,,경기도 김포시 양촌읍 봉수대로1825번길 90-19,415841,10045,,,,126.624940103458,37.6307139487529
MA010120220802571135,태성이앤티,,G2,소매,G221,기타 상품 소매,G22199,그 외 기타 상품 전문 소매업,G47859,그 외 기타 분류 안된 상품 전문 소매업,28,인천광역시,28260,서구,28260536,청라1동,2826012200,청라동,2826012200101620004,1,대지,162,4,인천광역시 서구 청라동 162-4,282604268831,인천광역시 서구 중봉대로612번길,10,8,2826010600107990004000001,반안프라자,인천광역시 서구 중봉대로612번길 10-8,,22736,,4,,126.650737460677,37.5333601554355
MA010120220802535394,현대아그로,,G2,소매,G221,기타 상품 소매,G22199,그 외 기타 상품 전문 소매업,G47859,그 외 기타 분류 안된 상품 전문 소매업,41,경기도,41570,김포시,41570250,통진읍,4157025022,통진읍,4157025022100610016,1,대지,61,16,경기도 김포시 통진읍 마송리 61-16,415703209109,경기도 김포시 통진읍 조강로,21,,4157025022100610016010082,,경기도 김포시 통진읍 조강로 21,415865,10018,,,,126.602280954493,37.6884103363849
MA010120220802540977,중앙농약,,G2,소매,G221,기타 상품 소매,G22199,그 외 기타 상품 전문 소매업,G47859,그 외 기타 분류 안된 상품 전문 소매업,28,인천광역시,28710,강화군,28710360,내가면,2871036021,내가면,2871036021109150010,1,대지,915,10,인천광역시 강화군 내가면 고천리 915-10,287103157004,인천광역시 강화군 내가면 강화서로,226,,2871036021109150010014235,,인천광역시 강화군 내가면 강화서로 226,417891,23018,,,,126.390957134414,37.7168706449029
MA010120220802538340,강화인삼센터,,G2,소매,G221,기타 상품 소매,G22199,그 외 기타 상품 전문 소매업,G47859,그 외 기타 분류 안된 상품 전문 소매업,28,인천광역시,28710,강화군,28710250,강화읍,2871025025,강화읍,2871025025108440001,1,대지,844,1,인천광역시 강화군 강화읍 갑곳리 844-1,287102157001,인천광역시 강화군 강화읍 강화대로,335,,2871025025108460000002454,강화인삼센터,인천광역시 강화군 강화읍 강화대로 335,417942,23027,,1,,126.492519372773,37.7422091046471
MA010120220802573941,강화인삼센타,,G2,소매,G221,기타 상품 소매,G22199,그 외 기타 상품 전문 소매업,G47859,그 외 기타 분류 안된 상품 전문 소매업,28,인천광역시,28710,강화군,28710250,강화읍,2871025025,강화읍,2871025025108440001,1,대지,844,1,인천광역시 강화군 강화읍 갑곳리 844-1,287102157001,인천광역시 강화군 강화읍 강화대로,335,,2871025025108460000002454,강화인삼센터,인천광역시 강화군 강화읍 강화대로 335,417942,23027,,,,126.492519372773,37.7422091046471
MA010120220802538341,강화인삼센타,,G2,소매,G221,기타 상품 소매,G22199,그 외 기타 상품 전문 소매업,G47859,그 외 기타 분류 안된 상품 전문 소매업,28,인천광역시,28710,강화군,28710250,강화읍,2871025025,강화읍,2871025025108440001,1,대지,844,1,인천광역시 강화군 강화읍 갑곳리 844-1,287102157001,인천광역시 강화군 강화읍 강화대로,335,,2871025025108460000002454,,인천광역시 강화군 강화읍 강화대로 335,417942,23027,,,,126.492519372773,37.7422091046471
MA010120220802538342,강화인삼센터,,G2,소매,G221,기타 상품 소매,G22199,그 외 기타 상품 전문 소매업,G47859,그 외 기타 분류 안된 상품 전문 소매업,28,인천광역시,28710,강화군,28710250,강화읍,2871025025,강화읍,2871025025108440001,1,대지,844,1,인천광역시 강화군 강화읍 갑곳리 844-1,287102157001,인천광역시 강화군 강화읍 강화대로,335,,2871025025108460000002454,,인천광역시 강화군 강화읍 강화대로 335,417942,23027,,,,126.492519372773,37.7422091046471
MA010120220802538343,강화수삼센타,,G2,소매,G221,기타 상품 소매,G22199,그 외 기타 상품 전문 소매업,G47859,그 외 기타 분류 안된 상품 전문 소매업,28,인천광역시,28710,강화군,28710250,강화읍,2871025025,강화읍,2871025025108440001,1,대지,844,1,인천광역시 강화군 강화읍 갑곳리 844-1,287102157001,인천광역시 강화군 강화읍 강화대로,335,,2871025025108460000002454,,인천광역시 강화군 강화읍 강화대로 335,417942,23027,,,,126.492519372773,37.7422091046471
MA010120220802538344,강화인삼센터,,G2,소매,G221,기타 상품 소매,G22199,그 외 기타 상품 전문 소매업,G47859,그 외 기타 분류 안된 상품 전문 소매업,28,인천광역시,28710,강화군,28710250,강화읍,2871025025,강화읍,2871025025108440001,1,대지,844,1,인천광역시 강화군 강화읍 갑곳리 844-1,287102157001,인천광역시 강화군 강화읍 강화대로,335,,2871025025108460000002454,,인천광역시 강화군 강화읍 강화대로 335,417942,23027,,,,126.492519372773,37.7422091046471
MA010120220802538345,강화수삼센터,,G2,소매,G221,기타 상품 소매,G22199,그 외 기타 상품 전문 소매업,G47859,그 외 기타 분류 안된 상품 전문 소매업,28,인천광역시,28710,강화군,28710250,강화읍,2871025025,강화읍,2871025025108440001,1,대지,844,1,인천광역시 강화군 강화읍 갑곳리 844-1,287102157001,인천광역시 강화군 강화읍 강화대로,335,,2871025025108460000002454,,인천광역시 강화군 강화읍 강화대로 335,417942,23027,,,,126.492519372773,37.7422091046471
MA010120220802538355,강화수삼센타,,G2,소매,G221,기타 상품 소매,G22199,그 외 기타 상품 전문 소매업,G47859,그 외 기타 분류 안된 상품 전문 소매업,28,인천광역시,28710,강화군,28710250,강화읍,2871025025,강화읍,2871025025108440001,1,대지,844,1,인천광역시 강화군 강화읍 갑곳리 844-1,287102157001,인천광역시 강화군 강화읍 강화대로,335,,2871025025108460000002454,,인천광역시 강화군 강화읍 강화대로 335,417942,23027,,,,126.492519372773,37.7422091046471
MA010120220802538360,강화수삼센타,,G2,소매,G221,기타 상품 소매,G22199,그 외 기타 상품 전문 소매업,G47859,그 외 기타 분류 안된 상품 전문 소매업,28,인천광역시,28710,강화군,28710250,강화읍,2871025025,강화읍,2871025025108440001,1,대지,844,1,인천광역시 강화군 강화읍 갑곳리 844-1,287102157001,인천광역시 강화군 강화읍 강화대로,335,,2871025025108460000002454,,인천광역시 강화군 강화읍 강화대로 335,417942,23027,,,,126.492519372773,37.7422091046471
MA010120220802538362,강화인삼센터,,G2,소매,G221,기타 상품 소매,G22199,그 외 기타 상품 전문 소매업,G47859,그 외 기타 분류 안된 상품 전문 소매업,28,인천광역시,28710,강화군,28710250,강화읍,2871025025,강화읍,2871025025108440001,1,대지,844,1,인천광역시 강화군 강화읍 갑곳리 844-1,287102157001,인천광역시 강화군 강화읍 강화대로,335,,2871025025108460000002454,,인천광역시 강화군 강화읍 강화대로 335,417942,23027,,,,126.492519372773,37.7422091046471
MA010120220802538363,강화인삼농협,,G2,소매,G221,기타 상품 소매,G22199,그 외 기타 상품 전문 소매업,G47859,그 외 기타 분류 안된 상품 전문 소매업,28,인천광역시,28710,강화군,28710250,강화읍,2871025025,강화읍,2871025025108440001,1,대지,844,1,인천광역시 강화군 강화읍 갑곳리 844-1,287102157001,인천광역시 강화군 강화읍 강화대로,335,,2871025025108460000002454,,인천광역시 강화군 강화읍 강화대로 335,417942,23027,,,,126.492519372773,37.7422091046471
MA010120220802538368,강화인삼센타,,G2,소매,G221,기타 상품 소매,G22199,그 외 기타 상품 전문 소매업,G47859,그 외 기타 분류 안된 상품 전문 소매업,28,인천광역시,28710,강화군,28710250,강화읍,2871025025,강화읍,2871025025108440001,1,대지,844,1,인천광역시 강화군 강화읍 갑곳리 844-1,287102157001,인천광역시 강화군 강화읍 강화대로,335,,2871025025108460000002454,,인천광역시 강화군 강화읍 강화대로 335,417942,23027,,,,126.492519372773,37.7422091046471
MA010120220802538371,강화인삼센타,,G2,소매,G221,기타 상품 소매,G22199,그 외 기타 상품 전문 소매업,G47859,그 외 기타 분류 안된 상품 전문 소매업,28,인천광역시,28710,강화군,28710250,강화읍,2871025025,강화읍,2871025025108440001,1,대지,844,1,인천광역시 강화군 강화읍 갑곳리 844-1,287102157001,인천광역시 강화군 강화읍 강화대로,335,,2871025025108460000002454,,인천광역시 강화군 강화읍 강화대로 335,417942,23027,,,,126.492519372773,37.7422091046471
MA010120220802546830,강화고려인삼영농조합7호,,G2,소매,G221,기타 상품 소매,G22199,그 외 기타 상품 전문 소매업,G47859,그 외 기타 분류 안된 상품 전문 소매업,28,인천광역시,28710,강화군,28710250,강화읍,2871025025,강화읍,2871025025110760006,1,대지,1076,6,인천광역시 강화군 강화읍 갑곳리 1076-6,287102157001,인천광역시 강화군 강화읍 강화대로,96,,2871025025110760006018136,,인천광역시 강화군 강화읍 강화대로 96,417942,23026,,,,126.518953110087,37.7371844690474
MA010120220802546842,강화고려인삼센타혜련네,,G2,소매,G221,기타 상품 소매,G22199,그 외 기타 상품 전문 소매업,G47859,그 외 기타 분류 안된 상품 전문 소매업,28,인천광역시,28710,강화군,28710250,강화읍,2871025025,강화읍,2871025025110760006,1,대지,1076,6,인천광역시 강화군 강화읍 갑곳리 1076-6,287102157001,인천광역시 강화군 강화읍 강화대로,96,,2871025025110760006018136,강화고려인삼센터,인천광역시 강화군 강화읍 강화대로 96,417942,23026,,,,126.518953110087,37.7371844690474
MA010120220802535776,고려인삼영농조합쎈타,,G2,소매,G221,기타 상품 소매,G22199,그 외 기타 상품 전문 소매업,G47859,그 외 기타 분류 안된 상품 전문 소매업,28,인천광역시,28710,강화군,28710250,강화읍,2871025025,강화읍,2871025025110760006,1,대지,1076,6,인천광역시 강화군 강화읍 갑곳리 1076-6,287102157001,인천광역시 강화군 강화읍 강화대로,96,,2871025025110760006018136,,인천광역시 강화군 강화읍 강화대로 96,417942,23026,,,,126.518953110087,37.7371844690474
MA010120220802538372,강화수삼센터,,G2,소매,G221,기타 상품 소매,G22199,그 외 기타 상품 전문 소매업,G47859,그 외 기타 분류 안된 상품 전문 소매업,28,인천광역시,28710,강화군,28710250,강화읍,2871025025,강화읍,2871025025108440001,1,대지,844,1,인천광역시 강화군 강화읍 갑곳리 844-1,287102157001,인천광역시 강화군 강화읍 강화대로,335,,2871025025108460000002454,,인천광역시 강화군 강화읍 강화대로 335,417942,23027,,,,126.492519372773,37.7422091046471
MA010120220802538379,강화인삼센타,,G2,소매,G221,기타 상품 소매,G22199,그 외 기타 상품 전문 소매업,G47859,그 외 기타 분류 안된 상품 전문 소매업,28,인천광역시,28710,강화군,28710250,강화읍,2871025025,강화읍,2871025025108440001,1,대지,844,1,인천광역시 강화군 강화읍 갑곳리 844-1,287102157001,인천광역시 강화군 강화읍 강화대로,335,,2871025025108460000002454,,인천광역시 강화군 강화읍 강화대로 335,417942,23027,,,,126.492519372773,37.7422091046471
MA010120220802538383,강화수삼센타,,G2,소매,G221,기타 상품 소매,G22199,그 외 기타 상품 전문 소매업,G47859,그 외 기타 분류 안된 상품 전문 소매업,28,인천광역시,28710,강화군,28710250,강화읍,2871025025,강화읍,2871025025108440001,1,대지,844,1,인천광역시 강화군 강화읍 갑곳리 844-1,287102157001,인천광역시 강화군 강화읍 강화대로,335,,2871025025108460000002454,,인천광역시 강화군 강화읍 강화대로 335,417942,23027,,,,126.492519372773,37.7422091046471
MA010120220802538384,강화인삼센터,,G2,소매,G221,기타 상품 소매,G22199,그 외 기타 상품 전문 소매업,G47859,그 외 기타 분류 안된 상품 전문 소매업,28,인천광역시,28710,강화군,28710250,강화읍,2871025025,강화읍,2871025025108440001,1,대지,844,1,인천광역시 강화군 강화읍 갑곳리 844-1,287102157001,인천광역시 강화군 강화읍 강화대로,335,,2871025025108460000002454,,인천광역시 강화군 강화읍 강화대로 335,417942,23027,,,,126.492519372773,37.7422091046471
MA010120220802538385,인삼센타,,G2,소매,G221,기타 상품 소매,G22199,그 외 기타 상품 전문 소매업,G47859,그 외 기타 분류 안된 상품 전문 소매업,28,인천광역시,28710,강화군,28710250,강화읍,2871025025,강화읍,2871025025108440001,1,대지,844,1,인천광역시 강화군 강화읍 갑곳리 844-1,287102157001,인천광역시 강화군 강화읍 강화대로,335,,2871025025108460000002454,,인천광역시 강화군 강화읍 강화대로 335,417942,23027,,,,126.492519372773,37.7422091046471
MA010120220802538386,강화인삼,,G2,소매,G221,기타 상품 소매,G22199,그 외 기타 상품 전문 소매업,G47859,그 외 기타 분류 안된 상품 전문 소매업,28,인천광역시,28710,강화군,28710250,강화읍,2871025025,강화읍,2871025025108440001,1,대지,844,1,인천광역시 강화군 강화읍 갑곳리 844-1,287102157001,인천광역시 강화군 강화읍 강화대로,335,,2871025025108460000002454,,인천광역시 강화군 강화읍 강화대로 335,417942,23027,,,,126.492519372773,37.7422091046471
MA010120220802538389,강화인삼센터,,G2,소매,G221,기타 상품 소매,G22199,그 외 기타 상품 전문 소매업,G47859,그 외 기타 분류 안된 상품 전문 소매업,28,인천광역시,28710,강화군,28710250,강화읍,2871025025,강화읍,2871025025108440001,1,대지,844,1,인천광역시 강화군 강화읍 갑곳리 844-1,287102157001,인천광역시 강화군 강화읍 강화대로,335,,2871025025108460000002454,,인천광역시 강화군 강화읍 강화대로 335,417942,23027,,,,126.492519372773,37.7422091046471
MA010120220802538403,강화인삼센타,,G2,소매,G221,기타 상품 소매,G22199,그 외 기타 상품 전문 소매업,G47859,그 외 기타 분류 안된 상품 전문 소매업,28,인천광역시,28710,강화군,28710250,강화읍,2871025025,강화읍,2871025025108440001,1,대지,844,1,인천광역시 강화군 강화읍 갑곳리 844-1,287102157001,인천광역시 강화군 강화읍 강화대로,335,,2871025025108460000002454,,인천광역시 강화군 강화읍 강화대로 335,417942,23027,,,,126.492519372773,37.7422091046471
MA010120220802538409,강화인삼센타,,G2,소매,G221,기타 상품 소매,G22199,그 외 기타 상품 전문 소매업,G47859,그 외 기타 분류 안된 상품 전문 소매업,28,인천광역시,28710,강화군,28710250,강화읍,2871025025,강화읍,2871025025108440001,1,대지,844,1,인천광역시 강화군 강화읍 갑곳리 844-1,287102157001,인천광역시 강화군 강화읍 강화대로,335,,2871025025108460000002454,,인천광역시 강화군 강화읍 강화대로 335,417942,23027,,1,,126.492519372773,37.7422091046471
MA010120220802538410,강화인삼센타,,G2,소매,G221,기타 상품 소매,G22199,그 외 기타 상품 전문 소매업,G47859,그 외 기타 분류 안된 상품 전문 소매업,28,인천광역시,28710,강화군,28710250,강화읍,2871025025,강화읍,2871025025108440001,1,대지,844,1,인천광역시 강화군 강화읍 갑곳리 844-1,287102157001,인천광역시 강화군 강화읍 강화대로,335,,2871025025108460000002454,,인천광역시 강화군 강화읍 강화대로 335,417942,23027,,,,126.492519372773,37.7422091046471
MA010120220802538424,강화인삼센타,,G2,소매,G221,기타 상품 소매,G22199,그 외 기타 상품 전문 소매업,G47859,그 외 기타 분류 안된 상품 전문 소매업,28,인천광역시,28710,강화군,28710250,강화읍,2871025025,강화읍,2871025025108440001,1,대지,844,1,인천광역시 강화군 강화읍 갑곳리 844-1,287102157001,인천광역시 강화군 강화읍 강화대로,335,,2871025025108460000002454,,인천광역시 강화군 강화읍 강화대로 335,417942,23027,,,,126.492519372773,37.7422091046471
MA010120220802538425,강화인삼센타,,G2,소매,G221,기타 상품 소매,G22199,그 외 기타 상품 전문 소매업,G47859,그 외 기타 분류 안된 상품 전문 소매업,28,인천광역시,28710,강화군,28710250,강화읍,2871025025,강화읍,2871025025108440001,1,대지,844,1,인천광역시 강화군 강화읍 갑곳리 844-1,287102157001,인천광역시 강화군 강화읍 강화대로,335,,2871025025108460000002454,,인천광역시 강화군 강화읍 강화대로 335,417942,23027,,,,126.492519372773,37.7422091046471
MA010120220802526827,서부특수미싱,,G2,소매,G221,기타 상품 소매,G22199,그 외 기타 상품 전문 소매업,G47859,그 외 기타 분류 안된 상품 전문 소매업,28,인천광역시,28260,서구,28260542,가정1동,2826010800,가정동,2826010800105260015,1,대지,526,15,인천광역시 서구 가정동 526-15,282604268625,인천광역시 서구 율도로105번길,2,,2826010800105260015003337,,인천광역시 서구 율도로105번길 2,404839,22783,,1,,126.67391557305,37.5135233674584
MA010120220802538426,강화인삼센타,,G2,소매,G221,기타 상품 소매,G22199,그 외 기타 상품 전문 소매업,G47859,그 외 기타 분류 안된 상품 전문 소매업,28,인천광역시,28710,강화군,28710250,강화읍,2871025025,강화읍,2871025025108440001,1,대지,844,1,인천광역시 강화군 강화읍 갑곳리 844-1,287102157001,인천광역시 강화군 강화읍 강화대로,335,,2871025025108460000002454,,인천광역시 강화군 강화읍 강화대로 335,417942,23027,,,,126.492519372773,37.7422091046471
MA010120220802538430,강화인삼센타,,G2,소매,G221,기타 상품 소매,G22199,그 외 기타 상품 전문 소매업,G47859,그 외 기타 분류 안된 상품 전문 소매업,28,인천광역시,28710,강화군,28710250,강화읍,2871025025,강화읍,2871025025108440001,1,대지,844,1,인천광역시 강화군 강화읍 갑곳리 844-1,287102157001,인천광역시 강화군 강화읍 강화대로,335,,2871025025108460000002454,,인천광역시 강화군 강화읍 강화대로 335,417942,23027,,,,126.492519372773,37.7422091046471
MA010120220802538431,강화인삼센타,,G2,소매,G221,기타 상품 소매,G22199,그 외 기타 상품 전문 소매업,G47859,그 외 기타 분류 안된 상품 전문 소매업,28,인천광역시,28710,강화군,28710250,강화읍,2871025025,강화읍,2871025025108440001,1,대지,844,1,인천광역시 강화군 강화읍 갑곳리 844-1,287102157001,인천광역시 강화군 강화읍 강화대로,335,,2871025025108460000002454,,인천광역시 강화군 강화읍 강화대로 335,417942,23027,,,,126.492519372773,37.7422091046471
MA010120220802538439,강화인삼센타,,G2,소매,G221,기타 상품 소매,G22199,그 외 기타 상품 전문 소매업,G47859,그 외 기타 분류 안된 상품 전문 소매업,28,인천광역시,28710,강화군,28710250,강화읍,2871025025,강화읍,2871025025108440001,1,대지,844,1,인천광역시 강화군 강화읍 갑곳리 844-1,287102157001,인천광역시 강화군 강화읍 강화대로,335,,2871025025108460000002454,,인천광역시 강화군 강화읍 강화대로 335,417942,23027,,,,126.492519372773,37.7422091046471
MA010120220802550224,엘이디플러스존,,G2,소매,G221,기타 상품 소매,G22199,그 외 기타 상품 전문 소매업,G45219,기타 자동차 신품 부품 및 내장품 판매업,28,인천광역시,28260,서구,28260560,석남2동,2826011000,석남동,2826011000105500041,1,대지,550,41,인천광역시 서구 석남동 550-41,282603156002,인천광역시 서구 가남로,271,,2826011000105500041016725,,인천광역시 서구 가남로 271,404827,22791,,,,126.67583736705,37.5059242099471
MA010120220802572310,데코샤시,,G2,소매,G221,기타 상품 소매,G22199,그 외 기타 상품 전문 소매업,G47859,그 외 기타 분류 안된 상품 전문 소매업,28,인천광역시,28260,서구,28260515,검암경서동,2826010400,경서동,2826010400101240184,1,대지,124,184,인천광역시 서구 경서동 124-184,282604268949,인천광역시 서구 경명대로496번안길,110,13,2826010400001240184556273,,인천광역시 서구 경명대로496번안길 110-13,404170,22733,,,,126.653904535985,37.5482268971237
MA010120220802544700,고려영농인삼조합센타7호,,G2,소매,G221,기타 상품 소매,G22199,그 외 기타 상품 전문 소매업,G47859,그 외 기타 분류 안된 상품 전문 소매업,28,인천광역시,28710,강화군,28710250,강화읍,2871025025,강화읍,2871025025110760006,1,대지,1076,6,인천광역시 강화군 강화읍 갑곳리 1076-6,287102157001,인천광역시 강화군 강화읍 강화대로,96,,2871025025110760006018136,,인천광역시 강화군 강화읍 강화대로 96,417942,23026,,,,126.518953110087,37.7371844690474
MA010120220802544701,고려삼업사,,G2,소매,G221,기타 상품 소매,G22199,그 외 기타 상품 전문 소매업,G47859,그 외 기타 분류 안된 상품 전문 소매업,28,인천광역시,28710,강화군,28710250,강화읍,2871025025,강화읍,2871025025110760006,1,대지,1076,6,인천광역시 강화군 강화읍 갑곳리 1076-6,287102157001,인천광역시 강화군 강화읍 강화대로,96,,2871025025110760006018136,,인천광역시 강화군 강화읍 강화대로 96,417942,23026,,,,126.518953110087,37.7371844690474
MA010120220802544702,고려인삼영농조합7호,,G2,소매,G221,기타 상품 소매,G22199,그 외 기타 상품 전문 소매업,G47859,그 외 기타 분류 안된 상품 전문 소매업,28,인천광역시,28710,강화군,28710250,강화읍,2871025025,강화읍,2871025025110760006,1,대지,1076,6,인천광역시 강화군 강화읍 갑곳리 1076-6,287102157001,인천광역시 강화군 강화읍 강화대로,96,,2871025025110760006018136,,인천광역시 강화군 강화읍 강화대로 96,417942,23026,,,,126.518953110087,37.7371844690474
MA010120220802544704,고려인삼영농조합쎈타,,G2,소매,G221,기타 상품 소매,G22199,그 외 기타 상품 전문 소매업,G47859,그 외 기타 분류 안된 상품 전문 소매업,28,인천광역시,28710,강화군,28710250,강화읍,2871025025,강화읍,2871025025110760006,1,대지,1076,6,인천광역시 강화군 강화읍 갑곳리 1076-6,287102157001,인천광역시 강화군 강화읍 강화대로,96,,2871025025110760006018136,,인천광역시 강화군 강화읍 강화대로 96,417942,23026,,,,126.518953110087,37.7371844690474
MA010120220802544706,고려인삼영농조합쎈타27호,,G2,소매,G221,기타 상품 소매,G22199,그 외 기타 상품 전문 소매업,G47859,그 외 기타 분류 안된 상품 전문 소매업,28,인천광역시,28710,강화군,28710250,강화읍,2871025025,강화읍,2871025025110760006,1,대지,1076,6,인천광역시 강화군 강화읍 갑곳리 1076-6,287102157001,인천광역시 강화군 강화읍 강화대로,96,,2871025025110760006018136,,인천광역시 강화군 강화읍 강화대로 96,417942,23026,,,,126.518953110087,37.7371844690474
MA010120220802544707,신영인삼,,G2,소매,G221,기타 상품 소매,G22199,그 외 기타 상품 전문 소매업,G47859,그 외 기타 분류 안된 상품 전문 소매업,28,인천광역시,28710,강화군,28710250,강화읍,2871025025,강화읍,2871025025110760006,1,대지,1076,6,인천광역시 강화군 강화읍 갑곳리 1076-6,287102157001,인천광역시 강화군 강화읍 강화대로,96,,2871025025110760006018136,,인천광역시 강화군 강화읍 강화대로 96,417942,23026,,,,126.518953110087,37.7371844690474
MA010120220802544708,고려인삼영농조합센타４８호,,G2,소매,G221,기타 상품 소매,G22199,그 외 기타 상품 전문 소매업,G47859,그 외 기타 분류 안된 상품 전문 소매업,28,인천광역시,28710,강화군,28710250,강화읍,2871025025,강화읍,2871025025110760006,1,대지,1076,6,인천광역시 강화군 강화읍 갑곳리 1076-6,287102157001,인천광역시 강화군 강화읍 강화대로,96,,2871025025110760006018136,,인천광역시 강화군 강화읍 강화대로 96,417942,23026,,,,126.518953110087,37.7371844690474
MA010120220802544709,고려인삼영농조합센타３１호,,G2,소매,G221,기타 상품 소매,G22199,그 외 기타 상품 전문 소매업,G47859,그 외 기타 분류 안된 상품 전문 소매업,28,인천광역시,28710,강화군,28710250,강화읍,2871025025,강화읍,2871025025110760006,1,대지,1076,6,인천광역시 강화군 강화읍 갑곳리 1076-6,287102157001,인천광역시 강화군 강화읍 강화대로,96,,2871025025110760006018136,,인천광역시 강화군 강화읍 강화대로 96,417942,23026,,,,126.518953110087,37.7371844690474
MA010120220802544710,고려인삼영농조합센타３２호,,G2,소매,G221,기타 상품 소매,G22199,그 외 기타 상품 전문 소매업,G47859,그 외 기타 분류 안된 상품 전문 소매업,28,인천광역시,28710,강화군,28710250,강화읍,2871025025,강화읍,2871025025110760006,1,대지,1076,6,인천광역시 강화군 강화읍 갑곳리 1076-6,287102157001,인천광역시 강화군 강화읍 강화대로,96,,2871025025110760006018136,,인천광역시 강화군 강화읍 강화대로 96,417942,23026,,,,126.518953110087,37.7371844690474
MA010120220802544711,고려인삼영농조합쎈타,,G2,소매,G221,기타 상품 소매,G22199,그 외 기타 상품 전문 소매업,G47859,그 외 기타 분류 안된 상품 전문 소매업,28,인천광역시,28710,강화군,28710250,강화읍,2871025025,강화읍,2871025025110760006,1,대지,1076,6,인천광역시 강화군 강화읍 갑곳리 1076-6,287102157001,인천광역시 강화군 강화읍 강화대로,96,,2871025025110760006018136,,인천광역시 강화군 강화읍 강화대로 96,417942,23026,,,,126.518953110087,37.7371844690474
MA010120220802575012,강화인삼센터요한네,,G2,소매,G221,기타 상품 소매,G22199,그 외 기타 상품 전문 소매업,G47859,그 외 기타 분류 안된 상품 전문 소매업,28,인천광역시,28710,강화군,28710250,강화읍,2871025025,강화읍,2871025025108440001,1,대지,844,1,인천광역시 강화군 강화읍 갑곳리 844-1,287102157001,인천광역시 강화군 강화읍 강화대로,335,,2871025025108460000002454,,인천광역시 강화군 강화읍 강화대로 335,417942,23027,,,,126.492519372773,37.7422091046471
MA010120220802541872,홍삼이네,,G2,소매,G221,기타 상품 소매,G22199,그 외 기타 상품 전문 소매업,G47859,그 외 기타 분류 안된 상품 전문 소매업,28,인천광역시,28710,강화군,28710330,길상면,2871033024,길상면,2871033024112510363,1,대지,1251,363,인천광역시 강화군 길상면 초지리 1251-363,287103157036,인천광역시 강화군 길상면 초지로,151,,2871033024112510363000001,,인천광역시 강화군 길상면 초지로 151,417843,23052,,,,126.533099010866,37.6270346236541
MA010120220802544712,고려인삼영농조합쎈타３４호,,G2,소매,G221,기타 상품 소매,G22199,그 외 기타 상품 전문 소매업,G47859,그 외 기타 분류 안된 상품 전문 소매업,28,인천광역시,28710,강화군,28710250,강화읍,2871025025,강화읍,2871025025110760006,1,대지,1076,6,인천광역시 강화군 강화읍 갑곳리 1076-6,287102157001,인천광역시 강화군 강화읍 강화대로,96,,2871025025110760006018136,,인천광역시 강화군 강화읍 강화대로 96,417942,23026,,,,126.518953110087,37.7371844690474
MA010120220802544713,고려인삼영농조합쎈타４２호,,G2,소매,G221,기타 상품 소매,G22199,그 외 기타 상품 전문 소매업,G47859,그 외 기타 분류 안된 상품 전문 소매업,28,인천광역시,28710,강화군,28710250,강화읍,2871025025,강화읍,2871025025110760006,1,대지,1076,6,인천광역시 강화군 강화읍 갑곳리 1076-6,287102157001,인천광역시 강화군 강화읍 강화대로,96,,2871025025110760006018136,,인천광역시 강화군 강화읍 강화대로 96,417942,23026,,,,126.518953110087,37.7371844690474
MA010120220802544715,고려인삼영농조합쎈타,,G2,소매,G221,기타 상품 소매,G22199,그 외 기타 상품 전문 소매업,G47859,그 외 기타 분류 안된 상품 전문 소매업,28,인천광역시,28710,강화군,28710250,강화읍,2871025025,강화읍,2871025025110760006,1,대지,1076,6,인천광역시 강화군 강화읍 갑곳리 1076-6,287102157001,인천광역시 강화군 강화읍 강화대로,96,,2871025025110760006018136,,인천광역시 강화군 강화읍 강화대로 96,417942,23026,,,,126.518953110087,37.7371844690474
MA010120220802544719,고려인삼영농조합쎈타45호,,G2,소매,G221,기타 상품 소매,G22199,그 외 기타 상품 전문 소매업,G47859,그 외 기타 분류 안된 상품 전문 소매업,28,인천광역시,28710,강화군,28710250,강화읍,2871025025,강화읍,2871025025110760006,1,대지,1076,6,인천광역시 강화군 강화읍 갑곳리 1076-6,287102157001,인천광역시 강화군 강화읍 강화대로,96,,2871025025110760006018136,,인천광역시 강화군 강화읍 강화대로 96,417942,23026,,,,126.518953110087,37.7371844690474
MA010120220802544722,고려인삼영농조합쎈타３９호,,G2,소매,G221,기타 상품 소매,G22199,그 외 기타 상품 전문 소매업,G47859,그 외 기타 분류 안된 상품 전문 소매업,28,인천광역시,28710,강화군,28710250,강화읍,2871025025,강화읍,2871025025110760006,1,대지,1076,6,인천광역시 강화군 강화읍 갑곳리 1076-6,287102157001,인천광역시 강화군 강화읍 강화대로,96,,2871025025110760006018136,,인천광역시 강화군 강화읍 강화대로 96,417942,23026,,,,126.518953110087,37.7371844690474
MA010120220802544723,고려인삼영농조합쎈타47호,,G2,소매,G221,기타 상품 소매,G22199,그 외 기타 상품 전문 소매업,G47859,그 외 기타 분류 안된 상품 전문 소매업,28,인천광역시,28710,강화군,28710250,강화읍,2871025025,강화읍,2871025025110760006,1,대지,1076,6,인천광역시 강화군 강화읍 갑곳리 1076-6,287102157001,인천광역시 강화군 강화읍 강화대로,96,,2871025025110760006018136,,인천광역시 강화군 강화읍 강화대로 96,417942,23026,,,,126.518953110087,37.7371844690474
MA010120220802544724,고려인삼영농조합쎈타44호,,G2,소매,G221,기타 상품 소매,G22199,그 외 기타 상품 전문 소매업,G47859,그 외 기타 분류 안된 상품 전문 소매업,28,인천광역시,28710,강화군,28710250,강화읍,2871025025,강화읍,2871025025110760006,1,대지,1076,6,인천광역시 강화군 강화읍 갑곳리 1076-6,287102157001,인천광역시 강화군 강화읍 강화대로,96,,2871025025110760006018136,,인천광역시 강화군 강화읍 강화대로 96,417942,23026,,,,126.518953110087,37.7371844690474
MA010120220802544726,고려인삼영농조합쎈타１호,,G2,소매,G221,기타 상품 소매,G22199,그 외 기타 상품 전문 소매업,G47859,그 외 기타 분류 안된 상품 전문 소매업,28,인천광역시,28710,강화군,28710250,강화읍,2871025025,강화읍,2871025025110760006,1,대지,1076,6,인천광역시 강화군 강화읍 갑곳리 1076-6,287102157001,인천광역시 강화군 강화읍 강화대로,96,,2871025025110760006018136,,인천광역시 강화군 강화읍 강화대로 96,417942,23026,,,,126.518953110087,37.7371844690474
MA010120220802544727,고려인삼영농조합또순네,,G2,소매,G221,기타 상품 소매,G22199,그 외 기타 상품 전문 소매업,G47859,그 외 기타 분류 안된 상품 전문 소매업,28,인천광역시,28710,강화군,28710250,강화읍,2871025025,강화읍,2871025025110760006,1,대지,1076,6,인천광역시 강화군 강화읍 갑곳리 1076-6,287102157001,인천광역시 강화군 강화읍 강화대로,96,,2871025025110760006018136,,인천광역시 강화군 강화읍 강화대로 96,417942,23026,,,,126.518953110087,37.7371844690474
MA010120220802544728,강화인삼나라,,G2,소매,G221,기타 상품 소매,G22199,그 외 기타 상품 전문 소매업,G47859,그 외 기타 분류 안된 상품 전문 소매업,28,인천광역시,28710,강화군,28710250,강화읍,2871025025,강화읍,2871025025110760006,1,대지,1076,6,인천광역시 강화군 강화읍 갑곳리 1076-6,287102157001,인천광역시 강화군 강화읍 강화대로,96,,2871025025110760006018136,,인천광역시 강화군 강화읍 강화대로 96,417942,23026,,,,126.518953110087,37.7371844690474
MA010120220802544733,고려인삼영농조합센터,,G2,소매,G221,기타 상품 소매,G22199,그 외 기타 상품 전문 소매업,G47859,그 외 기타 분류 안된 상품 전문 소매업,28,인천광역시,28710,강화군,28710250,강화읍,2871025025,강화읍,2871025025110760006,1,대지,1076,6,인천광역시 강화군 강화읍 갑곳리 1076-6,287102157001,인천광역시 강화군 강화읍 강화대로,96,,2871025025110760006018136,,인천광역시 강화군 강화읍 강화대로 96,417942,23026,,,,126.518953110087,37.7371844690474
MA010120220802544735,고려인삼영농조합쎈타26호,,G2,소매,G221,기타 상품 소매,G22199,그 외 기타 상품 전문 소매업,G47859,그 외 기타 분류 안된 상품 전문 소매업,28,인천광역시,28710,강화군,28710250,강화읍,2871025025,강화읍,2871025025110760006,1,대지,1076,6,인천광역시 강화군 강화읍 갑곳리 1076-6,287102157001,인천광역시 강화군 강화읍 강화대로,96,,2871025025110760006018136,,인천광역시 강화군 강화읍 강화대로 96,417942,23026,,,,126.518953110087,37.7371844690474
MA010120220802544736,고려인삼영농조합쎈타24호,,G2,소매,G221,기타 상품 소매,G22199,그 외 기타 상품 전문 소매업,G47859,그 외 기타 분류 안된 상품 전문 소매업,28,인천광역시,28710,강화군,28710250,강화읍,2871025025,강화읍,2871025025110760006,1,대지,1076,6,인천광역시 강화군 강화읍 갑곳리 1076-6,287102157001,인천광역시 강화군 강화읍 강화대로,96,,2871025025110760006018136,,인천광역시 강화군 강화읍 강화대로 96,417942,23026,,,,126.518953110087,37.7371844690474
MA010120220802563262,강화고려인삼센타,,G2,소매,G221,기타 상품 소매,G22199,그 외 기타 상품 전문 소매업,G47859,그 외 기타 분류 안된 상품 전문 소매업,28,인천광역시,28710,강화군,28710250,강화읍,2871025025,강화읍,2871025025110760006,1,대지,1076,6,인천광역시 강화군 강화읍 갑곳리 1076-6,287102157001,인천광역시 강화군 강화읍 강화대로,96,,2871025025110760006018136,,인천광역시 강화군 강화읍 강화대로 96,417942,23026,,,,126.518953110087,37.7371844690474
MA010120220802536490,하나샵,,G2,소매,G221,기타 상품 소매,G22199,그 외 기타 상품 전문 소매업,G47859,그 외 기타 분류 안된 상품 전문 소매업,28,인천광역시,28260,서구,28260542,가정1동,2826010800,가정동,2826010800105260026,1,대지,526,26,인천광역시 서구 가정동 526-26,282604268626,인천광역시 서구 율도로107번길,2,,2826010800105260026003340,,인천광역시 서구 율도로107번길 2,404839,22783,,,,126.674187032703,37.5135241165638
MA010120220802544739,고려인삼영농조합쎈타16호,,G2,소매,G221,기타 상품 소매,G22199,그 외 기타 상품 전문 소매업,G47859,그 외 기타 분류 안된 상품 전문 소매업,28,인천광역시,28710,강화군,28710250,강화읍,2871025025,강화읍,2871025025110760006,1,대지,1076,6,인천광역시 강화군 강화읍 갑곳리 1076-6,287102157001,인천광역시 강화군 강화읍 강화대로,96,,2871025025110760006018136,,인천광역시 강화군 강화읍 강화대로 96,417942,23026,,,,126.518953110087,37.7371844690474
MA010120220802544740,고려인삼영농조합쎈타30호,,G2,소매,G221,기타 상품 소매,G22199,그 외 기타 상품 전문 소매업,G47859,그 외 기타 분류 안된 상품 전문 소매업,28,인천광역시,28710,강화군,28710250,강화읍,2871025025,강화읍,2871025025110760006,1,대지,1076,6,인천광역시 강화군 강화읍 갑곳리 1076-6,287102157001,인천광역시 강화군 강화읍 강화대로,96,,2871025025110760006018136,,인천광역시 강화군 강화읍 강화대로 96,417942,23026,,,,126.518953110087,37.7371844690474
MA010120220802544741,고려인삼영농조합쎈타,,G2,소매,G221,기타 상품 소매,G22199,그 외 기타 상품 전문 소매업,G47859,그 외 기타 분류 안된 상품 전문 소매업,28,인천광역시,28710,강화군,28710250,강화읍,2871025025,강화읍,2871025025110760006,1,대지,1076,6,인천광역시 강화군 강화읍 갑곳리 1076-6,287102157001,인천광역시 강화군 강화읍 강화대로,96,,2871025025110760006018136,,인천광역시 강화군 강화읍 강화대로 96,417942,23026,,,,126.518953110087,37.7371844690474
MA010120220802544742,강화고려인삼영농조합23호,,G2,소매,G221,기타 상품 소매,G22199,그 외 기타 상품 전문 소매업,G47859,그 외 기타 분류 안된 상품 전문 소매업,28,인천광역시,28710,강화군,28710250,강화읍,2871025025,강화읍,2871025025110760006,1,대지,1076,6,인천광역시 강화군 강화읍 갑곳리 1076-6,287102157001,인천광역시 강화군 강화읍 강화대로,96,,2871025025110760006018136,,인천광역시 강화군 강화읍 강화대로 96,417942,23026,,,,126.518953110087,37.7371844690474
MA010120220802544743,고려인삼영농조합,,G2,소매,G221,기타 상품 소매,G22199,그 외 기타 상품 전문 소매업,G47859,그 외 기타 분류 안된 상품 전문 소매업,28,인천광역시,28710,강화군,28710250,강화읍,2871025025,강화읍,2871025025110760006,1,대지,1076,6,인천광역시 강화군 강화읍 갑곳리 1076-6,287102157001,인천광역시 강화군 강화읍 강화대로,96,,2871025025110760006018136,,인천광역시 강화군 강화읍 강화대로 96,417942,23026,,,,126.518953110087,37.7371844690474
MA010120220802544757,고려인삼영농조합쎈타27호,,G2,소매,G221,기타 상품 소매,G22199,그 외 기타 상품 전문 소매업,G47859,그 외 기타 분류 안된 상품 전문 소매업,28,인천광역시,28710,강화군,28710250,강화읍,2871025025,강화읍,2871025025110760006,1,대지,1076,6,인천광역시 강화군 강화읍 갑곳리 1076-6,287102157001,인천광역시 강화군 강화읍 강화대로,96,,2871025025110760006018136,,인천광역시 강화군 강화읍 강화대로 96,417942,23026,,,,126.518953110087,37.7371844690474
MA010120220802544782,강화인삼사,,G2,소매,G221,기타 상품 소매,G22199,그 외 기타 상품 전문 소매업,G47859,그 외 기타 분류 안된 상품 전문 소매업,28,인천광역시,28710,강화군,28710250,강화읍,2871025024,강화읍,2871025024100110004,1,대지,11,4,인천광역시 강화군 강화읍 남산리 11-4,287103157016,인천광역시 강화군 강화읍 남문로,58,,2871025024100110006004147,,인천광역시 강화군 강화읍 남문로 58,417805,23037,,,,126.487657702385,37.7430439847093
MA010120220802562056,강화식물병원,,G2,소매,G221,기타 상품 소매,G22199,그 외 기타 상품 전문 소매업,G47859,그 외 기타 분류 안된 상품 전문 소매업,28,인천광역시,28710,강화군,28710250,강화읍,2871025022,강화읍,2871025022105440005,1,대지,544,5,인천광역시 강화군 강화읍 관청리 544-5,287102157001,인천광역시 강화군 강화읍 강화대로,446,,2871025022105440005002464,,인천광역시 강화군 강화읍 강화대로 446,417803,23032,,,,126.482246165287,37.7478765084408
MA010120220802569986,대보유통,,G2,소매,G221,기타 상품 소매,G22199,그 외 기타 상품 전문 소매업,G47859,그 외 기타 분류 안된 상품 전문 소매업,28,인천광역시,28260,서구,28260530,연희동,2826010700,심곡동,2826010700102480003,1,대지,248,3,인천광역시 서구 심곡동 248-3,282603156046,인천광역시 서구 서곶로,281,1,2826010700102480003012384,,인천광역시 서구 서곶로 281-1,404833,22727,,,,126.676300142377,37.5427943438634
MA010120220802564067,강화인삼센타제13호,,G2,소매,G221,기타 상품 소매,G22199,그 외 기타 상품 전문 소매업,G47859,그 외 기타 분류 안된 상품 전문 소매업,28,인천광역시,28710,강화군,28710250,강화읍,2871025025,강화읍,2871025025108440001,1,대지,844,1,인천광역시 강화군 강화읍 갑곳리 844-1,287102157001,인천광역시 강화군 강화읍 강화대로,335,,2871025025108460000002454,,인천광역시 강화군 강화읍 강화대로 335,417942,23027,,,,126.492519372773,37.7422091046471
MA010120220802547817,고려인삼영농조합,,G2,소매,G221,기타 상품 소매,G22199,그 외 기타 상품 전문 소매업,G47859,그 외 기타 분류 안된 상품 전문 소매업,28,인천광역시,28710,강화군,28710250,강화읍,2871025025,강화읍,2871025025110760006,1,대지,1076,6,인천광역시 강화군 강화읍 갑곳리 1076-6,287102157001,인천광역시 강화군 강화읍 강화대로,96,,2871025025110760006018136,,인천광역시 강화군 강화읍 강화대로 96,417942,23026,,,,126.518953110087,37.7371844690474
MA010120220802551359,스마트연마,,G2,소매,G221,기타 상품 소매,G22199,그 외 기타 상품 전문 소매업,G47859,그 외 기타 분류 안된 상품 전문 소매업,28,인천광역시,28260,서구,28260680,검단동,2826011800,금곡동,2826011800102780001,1,대지,278,1,인천광역시 서구 금곡동 278-1,282602000013,인천광역시 서구 봉수대로,1574,,2826011800102780001000001,외,인천광역시 서구 봉수대로 1574,404330,22606,,1,,126.642642592747,37.6126681441495
MA010120220802542347,진흥종묘사,,G2,소매,G221,기타 상품 소매,G22199,그 외 기타 상품 전문 소매업,G47859,그 외 기타 분류 안된 상품 전문 소매업,41,경기도,41480,파주시,41480250,문산읍,4148025021,문산읍,4148025021100440019,1,대지,44,19,경기도 파주시 문산읍 문산리 44-19,414803206031,경기도 파주시 문산읍 문산로,22,,4148025021100440018013681,,경기도 파주시 문산읍 문산로 22,413904,10823,,,,126.781460586726,37.8573044650939
MA010120220802539607,장군무역,,G2,소매,G221,기타 상품 소매,G22199,그 외 기타 상품 전문 소매업,G47859,그 외 기타 분류 안된 상품 전문 소매업,28,인천광역시,28110,중구,28110520,연안동,2811011800,항동7가,2811011800100870001,1,대지,87,1,인천광역시 중구 항동7가 87-1,281103149027,인천광역시 중구 연안부두로,59,,2811011800100870001210495,미나리슈퍼옆,인천광역시 중구 연안부두로 59,400802,22348,,1,,126.600091308026,37.4537041586448
MA010120220802542651,고려영농조합,,G2,소매,G221,기타 상품 소매,G22199,그 외 기타 상품 전문 소매업,G47859,그 외 기타 분류 안된 상품 전문 소매업,28,인천광역시,28710,강화군,28710250,강화읍,2871025025,강화읍,2871025025110760006,1,대지,1076,6,인천광역시 강화군 강화읍 갑곳리 1076-6,287102157001,인천광역시 강화군 강화읍 강화대로,96,,2871025025110760006018136,,인천광역시 강화군 강화읍 강화대로 96,417942,23026,,,,126.518953110087,37.7371844690474
MA010120220802564739,은지네,,G2,소매,G221,기타 상품 소매,G22199,그 외 기타 상품 전문 소매업,G47859,그 외 기타 분류 안된 상품 전문 소매업,28,인천광역시,28710,강화군,28710330,길상면,2871033024,길상면,2871033024112510363,1,대지,1251,363,인천광역시 강화군 길상면 초지리 1251-363,287103157036,인천광역시 강화군 길상면 초지로,151,,2871033024112510363000001,,인천광역시 강화군 길상면 초지로 151,417843,23052,,,,126.533099010866,37.6270346236541
MA010120220802591788,법인하늘농산,,G2,소매,G221,기타 상품 소매,G22199,그 외 기타 상품 전문 소매업,G47859,그 외 기타 분류 안된 상품 전문 소매업,28,인천광역시,28710,강화군,28710250,강화읍,2871025024,강화읍,2871025024100390001,1,대지,39,1,인천광역시 강화군 강화읍 남산리 39-1,287103150025,인천광역시 강화군 강화읍 중앙로,27,,2871025024100390001002440,,인천광역시 강화군 강화읍 중앙로 27,417805,23037,,,,126.49072621654,37.7406337000418
MA010120220802580184,강화농약종묘사,,G2,소매,G221,기타 상품 소매,G22199,그 외 기타 상품 전문 소매업,G47859,그 외 기타 분류 안된 상품 전문 소매업,28,인천광역시,28710,강화군,28710250,강화읍,2871025021,강화읍,2871025021100040004,1,대지,4,4,인천광역시 강화군 강화읍 신문리 4-4,287104271478,인천광역시 강화군 강화읍 신문길,4,,2871025021100060002000205,,인천광역시 강화군 강화읍 신문길 4,417943,23035,,,,126.487091644636,37.7445100871239
MA010120220802585477,태백경안만물,,G2,소매,G221,기타 상품 소매,G22199,그 외 기타 상품 전문 소매업,G47859,그 외 기타 분류 안된 상품 전문 소매업,51,강원특별자치도,51190,태백시,51190585,문곡소도동,5119010700,소도동,5119010700100280007,1,대지,28,7,강원특별자치도 태백시 소도동 28-7,511903013014,강원특별자치도 태백시 태백산로,4836,,4219010700100280007000001,,강원특별자치도 태백시 태백산로 4836,235030,26043,,,,128.968798298729,37.1307200707616
MA010120220802595994,신김포농협양촌지점,,G2,소매,G221,기타 상품 소매,G22199,그 외 기타 상품 전문 소매업,G47859,그 외 기타 분류 안된 상품 전문 소매업,41,경기도,41570,김포시,41570256,양촌읍,4157025624,양촌읍,4157025624102250001,1,대지,225,1,경기도 김포시 양촌읍 구래리 225-1,415703209079,경기도 김포시 양촌읍 양곡1로,14,,4157032025102250001002429,,경기도 김포시 양촌읍 양곡1로 14,415841,10059,,,,126.624289675794,37.6518939082376
MA010120220802581759,윤수네25호,,G2,소매,G221,기타 상품 소매,G22199,그 외 기타 상품 전문 소매업,G47859,그 외 기타 분류 안된 상품 전문 소매업,28,인천광역시,28710,강화군,28710250,강화읍,2871025025,강화읍,2871025025108440001,1,대지,844,1,인천광역시 강화군 강화읍 갑곳리 844-1,287102157001,인천광역시 강화군 강화읍 강화대로,335,,2871025025108460000002454,,인천광역시 강화군 강화읍 강화대로 335,417942,23027,,,,126.492519372773,37.7422091046471
MA010120220802588630,다목,,G2,소매,G221,기타 상품 소매,G22199,그 외 기타 상품 전문 소매업,G47859,그 외 기타 분류 안된 상품 전문 소매업,46,전라남도,46150,순천시,46150350,주암면,4615035033,주암면,4615035033105490004,1,대지,549,4,전라남도 순천시 주암면 광천리 549-4,461504649970,전라남도 순천시 주암면 주암호길,62,70,4615035033105490004000001,,전라남도 순천시 주암면 주암호길 62-70,540842,57910,,,,127.227749137501,35.0703921878742
MA010120220802603346,태영이엔지,,G2,소매,G221,기타 상품 소매,G22199,그 외 기타 상품 전문 소매업,G47859,그 외 기타 분류 안된 상품 전문 소매업,48,경상남도,48121,창원시 의창구,48121530,명곡동,4812110500,도계동,4812110500108970002,1,대지,897,2,경상남도 창원시 의창구 도계동 897-2,481214781736,경상남도 창원시 의창구 태복산로23번길,6,1,4812110500108970002014325,,경상남도 창원시 의창구 태복산로23번길 6-1,641811,51168,,,,128.640395082565,35.2541700357335
MA010120220802611868,우정유통,,G2,소매,G221,기타 상품 소매,G22199,그 외 기타 상품 전문 소매업,G47859,그 외 기타 분류 안된 상품 전문 소매업,41,경기도,41271,안산시 상록구,41271560,본오3동,4127110400,본오동,4127110400108740004,1,대지,874,4,경기도 안산시 상록구 본오동 874-4,412713190035,경기도 안산시 상록구 상록수로,48,,4127110400108740004001451,우정빌딩,경기도 안산시 상록구 상록수로 48,426815,15532,,,,126.865156242582,37.3022199917936
MA010120220802588732,대경유통,,G2,소매,G221,기타 상품 소매,G22199,그 외 기타 상품 전문 소매업,G47859,그 외 기타 분류 안된 상품 전문 소매업,27,대구광역시,27230,북구,27230790,노원동,2723010900,노원동3가,2723010900106830003,1,대지,683,3,대구광역시 북구 노원동3가 683-3,272303007024,대구광역시 북구 팔달로,95,,2723010900106830003045682,,대구광역시 북구 팔달로 95,702816,41499,,,,128.560502221674,35.890150602735
MA010120220802588867,액정N배터리,,G2,소매,G221,기타 상품 소매,G22199,그 외 기타 상품 전문 소매업,G47859,그 외 기타 분류 안된 상품 전문 소매업,29,광주광역시,29155,남구,29155680,백운2동,2915510500,백운동,2915510500106460015,1,대지,646,15,광주광역시 남구 백운동 646-15,291554283130,광주광역시 남구 난지실1길,5,,2915510500106460015030660,초원빌,광주광역시 남구 난지실1길 5,503808,61655,,1,,126.898548097261,35.1360930096852
MA010120220802606532,보람장례문화사,,G2,소매,G221,기타 상품 소매,G22199,그 외 기타 상품 전문 소매업,G47859,그 외 기타 분류 안된 상품 전문 소매업,52,전북특별자치도,52140,익산시,52140520,중앙동,5214010100,창인동1가,5214010100100550010,1,대지,55,10,전북특별자치도 익산시 창인동1가 55-10,521404608206,전북특별자치도 익산시 중앙로1길,31,,4514010100100550010095579,,전북특별자치도 익산시 중앙로1길 31,570991,54593,,1,,126.94912960109,35.9423311487929
MA010120220802635474,밧데리911,,G2,소매,G221,기타 상품 소매,G22199,그 외 기타 상품 전문 소매업,G45212,자동차용 전용 신품 부품 판매업,41,경기도,41173,안양시 동안구,41173580,호계1동,4117310400,호계동,4117310400110280006,1,대지,1028,6,경기도 안양시 동안구 호계동 1028-6,411733182030,경기도 안양시 동안구 엘에스로,103,,4117310400110280006005342,,경기도 안양시 동안구 엘에스로 103,431848,14119,,1,,126.949603215043,37.3712239585854
MA010120220802586584,하백물산불교전시관,,G2,소매,G221,기타 상품 소매,G22199,그 외 기타 상품 전문 소매업,G47859,그 외 기타 분류 안된 상품 전문 소매업,11,서울특별시,11305,강북구,11305625,수유2동,1130510300,수유동,1130510300103320029,1,대지,332,29,서울특별시 강북구 수유동 332-29,113053005041,서울특별시 강북구 삼양로,454,,1130510300103320029011095,중원빌딩,서울특별시 강북구 삼양로 454,142877,01041,,3,,127.016259611709,37.6438866876433
MA010120220802575919,오만불불교사,,G2,소매,G221,기타 상품 소매,G22199,그 외 기타 상품 전문 소매업,G47859,그 외 기타 분류 안된 상품 전문 소매업,41,경기도,41570,김포시,41570515,김포본동,4157010100,북변동,4157010100104080015,1,대지,408,15,경기도 김포시 북변동 408-15,415703209056,경기도 김포시 북변중로,30,,4157010100104080015019116,북변동,경기도 김포시 북변중로 30,415832,10098,,,,126.712353435478,37.6245354194358
MA010120220802629492,세이프,,G2,소매,G221,기타 상품 소매,G22199,그 외 기타 상품 전문 소매업,G47859,그 외 기타 분류 안된 상품 전문 소매업,41,경기도,41173,안양시 동안구,41173559,인덕원동,4117310200,관양동,4117310200115050025,1,대지,1505,25,경기도 안양시 동안구 관양동 1505-25,411732000018,경기도 안양시 동안구 흥안대로,524,,4117310200115050025003395,삼우프라자,경기도 안양시 동안구 흥안대로 524,431810,13943,,,,126.977332880728,37.4007500544138
MA010120220802637065,인베스트크루,,G2,소매,G221,기타 상품 소매,G22199,그 외 기타 상품 전문 소매업,G47859,그 외 기타 분류 안된 상품 전문 소매업,41,경기도,41173,안양시 동안구,41173530,비산3동,4117310100,비산동,4117310100110150013,1,대지,1015,13,경기도 안양시 동안구 비산동 1015-13,411734349211,경기도 안양시 동안구 평촌대로411번길,38,4,4117310100110150013002429,,경기도 안양시 동안구 평촌대로411번길 38-4,431847,13918,,지,,126.948178087634,37.4078679444477
MA010120220802668831,백진한약방,,G2,소매,G221,기타 상품 소매,G22199,그 외 기타 상품 전문 소매업,G47811,의약품 및 의료용품 소매업,28,인천광역시,28200,남동구,28200521,구월3동,2820010100,구월동,2820010100113680002,1,대지,1368,2,인천광역시 남동구 구월동 1368-2,282004259354,인천광역시 남동구 문화로89번길,12,,2820010100113680002005517,,인천광역시 남동구 문화로89번길 12,405840,21569,,,,126.698489204044,37.4472566009612
MA010120220802661443,유한책임회사하이모안,양지점,G2,소매,G221,기타 상품 소매,G22199,그 외 기타 상품 전문 소매업,G47422,의복 액세서리 및 모조 장신구 소매업,41,경기도,41173,안양시 동안구,41173590,호계2동,4117310400,호계동,4117310400109030000,1,대지,903,,경기도 안양시 동안구 호계동 903,411733182024,경기도 안양시 동안구 전파로,126,,4117310400109030000010229,더블유타워,경기도 안양시 동안구 전파로 126,431836,14041,,,,126.946519233317,37.3898287556766
MA010120220802668923,구월만물,,G2,소매,G221,기타 상품 소매,G22199,그 외 기타 상품 전문 소매업,G47859,그 외 기타 분류 안된 상품 전문 소매업,28,인천광역시,28200,남동구,28200582,만수5동,2820010300,만수동,2820010300109410016,1,대지,941,16,인천광역시 남동구 만수동 941-16,282003153080,인천광역시 남동구 하촌서로,33,,2820010300109410016029024,,인천광역시 남동구 하촌서로 33,405864,21535,,,,126.72965238667,37.4517649673466
MA010120220802644034,효원가스텍,,G2,소매,G221,기타 상품 소매,G22199,그 외 기타 상품 전문 소매업,G47859,그 외 기타 분류 안된 상품 전문 소매업,41,경기도,41173,안양시 동안구,41173590,호계2동,4117310400,호계동,4117310400103170001,1,대지,317,1,경기도 안양시 동안구 호계동 317-1,411734349029,경기도 안양시 동안구 경수대로665번길,74,,4117310400103170001004177,,경기도 안양시 동안구 경수대로665번길 74,431830,14082,,1,,126.952183500129,37.3791540509169
MA010120220802671438,C&C크린상사,,G2,소매,G221,기타 상품 소매,G22199,그 외 기타 상품 전문 소매업,G47859,그 외 기타 분류 안된 상품 전문 소매업,28,인천광역시,28200,남동구,28200521,구월3동,2820010100,구월동,2820010100113590004,1,대지,1359,4,인천광역시 남동구 구월동 1359-4,282004259614,인천광역시 남동구 인주대로522번길,48,,2820010100113590004001158,,인천광역시 남동구 인주대로522번길 48,405840,21566,,1,,126.695128498001,37.4483201825453
MA010120220802677201,대성만물,,G2,소매,G221,기타 상품 소매,G22199,그 외 기타 상품 전문 소매업,G47859,그 외 기타 분류 안된 상품 전문 소매업,28,인천광역시,28177,미추홀구,28177550,용현2동,2817710200,용현동,2817710200105090145,1,대지,509,145,인천광역시 미추홀구 용현동 509-145,281773008017,인천광역시 미추홀구 독배로,407,,2817010200105090145159258,,인천광역시 미추홀구 독배로 407,402833,22176,,,,126.649480775005,37.4561134862034
MA010120220802659340,우일,,G2,소매,G221,기타 상품 소매,G22199,그 외 기타 상품 전문 소매업,G47859,그 외 기타 분류 안된 상품 전문 소매업,28,인천광역시,28185,연수구,28185840,송도3동,2818510600,송도동,2818510600101720003,1,대지,172,3,인천광역시 연수구 송도동 172-3,281853152045,인천광역시 연수구 송도과학로,56,,2818510600101720003000001,송도테크노파크,인천광역시 연수구 송도과학로 56,406083,21984,,,,126.664079492028,37.3811013787409
MA010120220802677450,본오불교용품,,G2,소매,G221,기타 상품 소매,G22199,그 외 기타 상품 전문 소매업,G47859,그 외 기타 분류 안된 상품 전문 소매업,41,경기도,41271,안산시 상록구,41271540,본오1동,4127110400,본오동,4127110400108340002,1,대지,834,2,경기도 안산시 상록구 본오동 834-2,412713190040,경기도 안산시 상록구 석호로,354,,4127110400108340002010143,,경기도 안산시 상록구 석호로 354,426812,15556,,,,126.870010702186,37.2931249553995
MA010120220802666248,현재프라자,,G2,소매,G221,기타 상품 소매,G22199,그 외 기타 상품 전문 소매업,G47859,그 외 기타 분류 안된 상품 전문 소매업,44,충청남도,44810,예산군,44810400,오가면,4481040021,오가면,4481040021100600001,1,대지,60,1,충청남도 예산군 오가면 역탑리 60-1,448104589544,충청남도 예산군 오가면 탑말3길,3,,4481040021100600001000499,,충청남도 예산군 오가면 탑말3길 3,340915,32425,,,,126.807367166617,36.68523232952
MA010120220802661872,뉴트리허브주,,G2,소매,G221,기타 상품 소매,G22199,그 외 기타 상품 전문 소매업,G47859,그 외 기타 분류 안된 상품 전문 소매업,41,경기도,41281,고양시 덕양구,41281510,주교동,4128110100,주교동,4128110100105950008,1,대지,595,8,경기도 고양시 덕양구 주교동 595-8,412814376185,경기도 고양시 덕양구 원당로59번길,49,18,4128110100105950008014127,,경기도 고양시 덕양구 원당로59번길 49-18,412811,10460,,,,126.831398962246,37.658786704061
MA010120220802675039,미래상사,,G2,소매,G221,기타 상품 소매,G22199,그 외 기타 상품 전문 소매업,G47859,그 외 기타 분류 안된 상품 전문 소매업,28,인천광역시,28200,남동구,28200551,간석4동,2820010200,간석동,2820010200103880014,1,대지,388,14,인천광역시 남동구 간석동 388-14,282004259697,인천광역시 남동구 주안로255번길,17,,2820010200103880014003469,,인천광역시 남동구 주안로255번길 17,405806,21506,,,,126.698387828556,37.4640601717426
MA010120220802647941,범인삼사,,G2,소매,G221,기타 상품 소매,G22199,그 외 기타 상품 전문 소매업,G47859,그 외 기타 분류 안된 상품 전문 소매업,47,경상북도,47210,영주시,47210250,풍기읍,4721025021,풍기읍,4721025021101570003,1,대지,157,3,경상북도 영주시 풍기읍 성내리 157-3,472103309053,경상북도 영주시 풍기읍 인삼로,18,,4721025021101590002011642,,경상북도 영주시 풍기읍 인삼로 18,750805,36024,,,,128.523570121189,36.8720191356383
MA010120220802650870,부라더소잉팩토리,,G2,소매,G221,기타 상품 소매,G22199,그 외 기타 상품 전문 소매업,G47859,그 외 기타 분류 안된 상품 전문 소매업,47,경상북도,47190,구미시,47190565,선주원남동,4719010400,봉곡동,4719010400100360000,1,대지,36,,경상북도 구미시 봉곡동 36,471903018024,경상북도 구미시 야은로,296,,4719010400100360000000001,금오스퀘어,경상북도 구미시 야은로 296,730807,39214,,1,,128.315182326454,36.1386264287384
MA010120220802666863,풍한미싱상사,,G2,소매,G221,기타 상품 소매,G22199,그 외 기타 상품 전문 소매업,G47859,그 외 기타 분류 안된 상품 전문 소매업,28,인천광역시,28237,부평구,28237690,십정2동,2823710200,십정동,2823710200103620050,1,대지,362,50,인천광역시 부평구 십정동 362-50,282373153084,인천광역시 부평구 백범로,509,,2823710200103620050014527,,인천광역시 부평구 백범로 509,403845,21454,,1,,126.695209018108,37.4702509492606
MA010120220802672612,유니온시스템,,G2,소매,G221,기타 상품 소매,G22199,그 외 기타 상품 전문 소매업,G47859,그 외 기타 분류 안된 상품 전문 소매업,28,인천광역시,28200,남동구,28200551,간석4동,2820010200,간석동,2820010200102350004,1,대지,235,4,인천광역시 남동구 간석동 235-4,282003153084,인천광역시 남동구 백범로,428,1,2820010200102350004022831,,인천광역시 남동구 백범로 428-1,405806,21508,,1,,126.703729282117,37.4682183216395
MA010120220802648563,도라유통,,G2,소매,G221,기타 상품 소매,G22199,그 외 기타 상품 전문 소매업,G47859,그 외 기타 분류 안된 상품 전문 소매업,27,대구광역시,27290,달서구,27290563,죽전동,2729011200,죽전동,2729011200102730003,1,대지,273,3,대구광역시 달서구 죽전동 273-3,272902007002,대구광역시 달서구 달구벌대로,1539,,2729011200102730003019014,우측,대구광역시 달서구 달구벌대로 1539,704932,42633,,2,,128.535235224991,35.8502218887954
MA010120220802675905,대지농원,,G2,소매,G221,기타 상품 소매,G22199,그 외 기타 상품 전문 소매업,G47859,그 외 기타 분류 안된 상품 전문 소매업,28,인천광역시,28200,남동구,28200583,만수6동,2820010300,만수동,2820010300110780002,1,대지,1078,2,인천광역시 남동구 만수동 1078-2,282003153071,인천광역시 남동구 장승로,8,,2820010300110780002007063,,인천광역시 남동구 장승로 8,405869,21594,,,,126.733909114803,37.4465127217097
MA010120220802648814,더유일케어,,G2,소매,G221,기타 상품 소매,G22199,그 외 기타 상품 전문 소매업,G47859,그 외 기타 분류 안된 상품 전문 소매업,52,전북특별자치도,52800,부안군,52800250,부안읍,5280025021,부안읍,5280025021101300005,1,대지,130,5,전북특별자치도 부안군 부안읍 동중리 130-5,528004640108,전북특별자치도 부안군 부안읍 낭주길,30,1,4580025021101300005023939,,전북특별자치도 부안군 부안읍 낭주길 30-1,579802,56307,,,,126.739138341163,35.7272441861109
MA010120220802662420,거안,,G2,소매,G221,기타 상품 소매,G22199,그 외 기타 상품 전문 소매업,G47859,그 외 기타 분류 안된 상품 전문 소매업,28,인천광역시,28237,부평구,28237560,부평6동,2823710100,부평동,2823710100106370001,1,대지,637,1,인천광역시 부평구 부평동 637-1,282374262087,인천광역시 부평구 경인로962번길,23,,2823710100106370001204472,,인천광역시 부평구 경인로962번길 23,403828,21425,,,,126.726441369951,37.4862571812778
MA010120220802662515,엠지아그로,,G2,소매,G221,기타 상품 소매,G22199,그 외 기타 상품 전문 소매업,G47859,그 외 기타 분류 안된 상품 전문 소매업,48,경상남도,48270,밀양시,48270320,상동면,4827032021,상동면,4827032021109440004,1,대지,944,4,경상남도 밀양시 상동면 금산리 944-4,482704808115,경상남도 밀양시 상동면 금산6길,34,,4827032021109440004059463,,경상남도 밀양시 상동면 금산6길 34,627841,50409,,2,,128.761813832352,35.5557465208706
MA010120220802649233,충남포장기계,,G2,소매,G221,기타 상품 소매,G22199,그 외 기타 상품 전문 소매업,G47859,그 외 기타 분류 안된 상품 전문 소매업,44,충청남도,44770,서천군,44770250,장항읍,4477025023,장항읍,4477025023102420003,1,대지,242,3,충청남도 서천군 장항읍 성주리 242-3,447703260012,충청남도 서천군 장항읍 성주로,26,2,4477025023102420003008787,,충청남도 서천군 장항읍 성주로 26-2,325901,33675,,,,126.702305639652,36.0125663967357
MA010120220802660753,동경기인삼농협이천인삼판매센터,,G2,소매,G221,기타 상품 소매,G22199,그 외 기타 상품 전문 소매업,G47859,그 외 기타 분류 안된 상품 전문 소매업,41,경기도,41500,이천시,41500310,신둔면,4150031028,신둔면,4150031028100040003,1,대지,4,3,경기도 이천시 신둔면 수남리 4-3,415004421269,경기도 이천시 신둔면 둔터로124번길,160,,4150031028100480004000001,,경기도 이천시 신둔면 둔터로124번길 160,467841,17308,,,,127.406724259241,37.2990750515892
MA010120220802662806,아이에스테크이앤씨,,G2,소매,G221,기타 상품 소매,G22199,그 외 기타 상품 전문 소매업,G47859,그 외 기타 분류 안된 상품 전문 소매업,11,서울특별시,11545,금천구,11545510,가산동,1154510100,가산동,1154510100106870000,1,대지,687,,서울특별시 금천구 가산동 687,115453000027,서울특별시 금천구 범안로,1126,,1154510100106870000000003,대륭21차,서울특별시 금천구 범안로 1126,153803,08595,,,,126.8869966899,37.4652379982903
MA010120220802682832,팜앤스토어,,G2,소매,G221,기타 상품 소매,G22199,그 외 기타 상품 전문 소매업,G47859,그 외 기타 분류 안된 상품 전문 소매업,52,전북특별자치도,52710,완주군,52710250,삼례읍,5271025021,삼례읍,5271025021109230029,1,대지,923,29,전북특별자치도 완주군 삼례읍 삼례리 923-29,527103273034,전북특별자치도 완주군 삼례읍 삼봉로,9,3,4571025021109230029000389,,전북특별자치도 완주군 삼례읍 삼봉로 9-3,565802,55340,,2,,127.072852317659,35.9110826830444
MA010120220802689466,영농주,,G2,소매,G221,기타 상품 소매,G22199,그 외 기타 상품 전문 소매업,G47859,그 외 기타 분류 안된 상품 전문 소매업,28,인천광역시,28200,남동구,28200583,만수6동,2820010300,만수동,2820010300110780000,1,대지,1078,,인천광역시 남동구 만수동 1078,282004259662,인천광역시 남동구 장승로6번길,3,,2820010300110780000000001,,인천광역시 남동구 장승로6번길 3,405869,21594,,,,126.733637768218,37.4465481509656
MA010120220802696308,동진카용품점,,G2,소매,G221,기타 상품 소매,G22199,그 외 기타 상품 전문 소매업,G45213,자동차 내장용 신품 전기ㆍ전자ㆍ정밀기기 판매업,41,경기도,41390,시흥시,41390592,정왕2동,4139013200,정왕동,4139013200121670002,1,대지,2167,2,경기도 시흥시 정왕동 2167-2,413903199030,경기도 시흥시 산기대학로,163,,4139013200121670002019332,정왕동,경기도 시흥시 산기대학로 163,429452,15082,,1,,126.725986780423,37.3442559505097
MA010120220802730653,낙원상사,,G2,소매,G221,기타 상품 소매,G22199,그 외 기타 상품 전문 소매업,G47859,그 외 기타 분류 안된 상품 전문 소매업,41,경기도,41390,시흥시,41390510,대야동,4139010100,대야동,4139010100104910051,1,대지,491,51,경기도 시흥시 대야동 491-51,413904397267,경기도 시흥시 복지로43번길,3,,4139010100104910051004705,,경기도 시흥시 복지로43번길 3,429812,14909,,,,126.788636664116,37.4434246671605
MA010120220802700677,양키캔들전주,서신점,G2,소매,G221,기타 상품 소매,G22199,그 외 기타 상품 전문 소매업,G47813,"화장품, 비누 및 방향제 소매업",52,전북특별자치도,52111,전주시 완산구,52111680,서신동,5211112900,서신동,5211112900108310002,1,대지,831,2,전북특별자치도 전주시 완산구 서신동 831-2,521113266033,전북특별자치도 전주시 완산구 서신로,37,,4511112900108310002028504,,전북특별자치도 전주시 완산구 서신로 37,560821,54952,,,,127.115595406087,35.8287287147349
MA010120220802705870,보드보드카드판매소휴게실,,G2,소매,G221,기타 상품 소매,G22199,그 외 기타 상품 전문 소매업,G47859,그 외 기타 분류 안된 상품 전문 소매업,41,경기도,41390,시흥시,41390593,정왕3동,4139013200,정왕동,4139013200119800009,1,대지,1980,9,경기도 시흥시 정왕동 1980-9,413903199039,경기도 시흥시 오이도중앙로,15,1,4139013200119800009017207,,경기도 시흥시 오이도중앙로 15-1,429867,15015,,1,,126.690664232485,37.3467277783529
MA010120220802742174,해원,,G2,소매,G221,기타 상품 소매,G22199,그 외 기타 상품 전문 소매업,G47859,그 외 기타 분류 안된 상품 전문 소매업,51,강원특별자치도,51750,영월군,51750330,북면,5175033025,북면,5175033025105100000,1,대지,510,,강원특별자치도 영월군 북면 덕상리 510,517504481055,강원특별자치도 영월군 북면 덕전길,207,4,4275033025105100000002607,,강원특별자치도 영월군 북면 덕전길 207-4,230871,26208,,,,128.391015311143,37.2538755661771
MA010120220802748639,구로종합방재,,G2,소매,G221,기타 상품 소매,G22199,그 외 기타 상품 전문 소매업,G47859,그 외 기타 분류 안된 상품 전문 소매업,11,서울특별시,11530,구로구,11530530,구로2동,1153010200,구로동,1153010200112580000,1,대지,1258,,서울특별시 구로구 구로동 1258,115304148108,서울특별시 구로구 경인로53길,15,,1153010200112580000017234,,서울특별시 구로구 경인로53길 15,152721,08217,,,,126.876118294779,37.5020332748086
MA010120220802701359,풍기인삼농협소하지점,,G2,소매,G221,기타 상품 소매,G22199,그 외 기타 상품 전문 소매업,G47859,그 외 기타 분류 안된 상품 전문 소매업,41,경기도,41210,광명시,41210650,소하2동,4121010400,소하동,4121010400109130003,1,대지,913,3,경기도 광명시 소하동 913-3,412103000022,경기도 광명시 오리로,385,,4121010400109130003014863,,경기도 광명시 오리로 385,423825,14333,,,,126.87944607363,37.4369026853367
MA010120220802739845,명례농약종묘사,,G2,소매,G221,기타 상품 소매,G22199,그 외 기타 상품 전문 소매업,G47859,그 외 기타 분류 안된 상품 전문 소매업,48,경상남도,48270,밀양시,48270253,하남읍,4827025322,하남읍,4827025322112890003,1,대지,1289,3,경상남도 밀양시 하남읍 명례리 1289-3,482704808285,경상남도 밀양시 하남읍 명례3길,7,,4827025322112890003030085,,경상남도 밀양시 하남읍 명례3길 7,627892,50461,,1,,128.767150307794,35.3527690113437
MA010120220802707180,참쉬운수경재배,,G2,소매,G221,기타 상품 소매,G22199,그 외 기타 상품 전문 소매업,G47859,그 외 기타 분류 안된 상품 전문 소매업,51,강원특별자치도,51110,춘천시,51110660,퇴계동,5111012300,퇴계동,5111012300108560000,1,대지,856,,강원특별자치도 춘천시 퇴계동 856,511104454838,강원특별자치도 춘천시 퇴계공단1길,41,,4211012300108560000000315,,강원특별자치도 춘천시 퇴계공단1길 41,200944,24427,,,,127.738358664092,37.846786605585
MA010120220802712031,믿음약초,,G2,소매,G221,기타 상품 소매,G22199,그 외 기타 상품 전문 소매업,G47859,그 외 기타 분류 안된 상품 전문 소매업,41,경기도,41210,광명시,41210540,광명3동,4121010100,광명동,4121010100101581320,1,대지,158,1320,경기도 광명시 광명동 158-1320,412104361042,경기도 광명시 광명로918번길,6,1,4121010100101581320002936,,경기도 광명시 광명로918번길 6-1,423807,14220,,,,126.85568985662,37.4805571156526
MA010120220802712191,가나소방전기,,G2,소매,G221,기타 상품 소매,G22199,그 외 기타 상품 전문 소매업,G47859,그 외 기타 분류 안된 상품 전문 소매업,41,경기도,41390,시흥시,41390591,정왕1동,4139013200,정왕동,4139013200113670002,1,대지,1367,2,경기도 시흥시 정왕동 1367-2,413902199001,경기도 시흥시 공단1대로,256,,4139013200113670002016351,공구상가,경기도 시흥시 공단1대로 256,429853,15103,,,,126.729089658643,37.3350095397018
MA010120220802707444,고려인삼,,G2,소매,G221,기타 상품 소매,G22199,그 외 기타 상품 전문 소매업,G47859,그 외 기타 분류 안된 상품 전문 소매업,41,경기도,41210,광명시,41210570,광명6동,4121010100,광명동,4121010100103470001,1,대지,347,1,경기도 광명시 광명동 347-1,412104361030,경기도 광명시 광명로831번길,14,,4121010100103470001007639,,경기도 광명시 광명로831번길 14,423816,14291,,,,126.850208308426,37.4739549090826
MA010120220804234456,새양평총포사,,G2,소매,G221,기타 상품 소매,G22199,그 외 기타 상품 전문 소매업,G47859,그 외 기타 분류 안된 상품 전문 소매업,41,경기도,41830,양평군,41830310,강상면,4183031021,강상면,4183031021101350002,1,대지,135,2,경기도 양평군 강상면 병산리 135-2,418303217033,경기도 양평군 강상면 강남로,841,,4183031021101350002007792,,경기도 양평군 강상면 강남로 841,476913,12571,,1,,127.471445135289,37.4907689675879
MA010120220804269834,한국MBTI문화원,,G2,소매,G221,기타 상품 소매,G22199,그 외 기타 상품 전문 소매업,G47859,그 외 기타 분류 안된 상품 전문 소매업,47,경상북도,47290,경산시,47290256,압량읍,4729025622,압량읍,4729025622106140000,1,대지,614,,경상북도 경산시 압량읍 신대리 614,472904739522,경상북도 경산시 압량읍 압독2로8길,26,4,4729036022106140000000001,에버그린빌딩,경상북도 경산시 압량읍 압독2로8길 26-4,712822,38538,,,,128.764564107373,35.8391784400563
MA010120220804246772,쓰리에이,,G2,소매,G221,기타 상품 소매,G22199,그 외 기타 상품 전문 소매업,G47859,그 외 기타 분류 안된 상품 전문 소매업,11,서울특별시,11740,강동구,11740650,성내2동,1174010800,성내동,1174010800101120067,1,대지,112,67,서울특별시 강동구 성내동 112-67,117403123023,서울특별시 강동구 올림픽로,600,,1174010800101120067005333,,서울특별시 강동구 올림픽로 600,134841,05385,,1,,127.122476831553,37.5350925306252
MA010120220804269966,명성테크,,G2,소매,G221,기타 상품 소매,G22199,그 외 기타 상품 전문 소매업,G47859,그 외 기타 분류 안된 상품 전문 소매업,11,서울특별시,11710,송파구,11710646,장지동,1171010800,문정동,1171010800101270009,1,대지,127,9,서울특별시 송파구 문정동 127-9,117104169313,서울특별시 송파구 송이로31길,20,28,1171010800101270009002847,,서울특별시 송파구 송이로31길 20-28,138870,05798,,,,127.134171583193,37.4885249628918
MA010120220804241146,글로벌애드,,G2,소매,G221,기타 상품 소매,G22199,그 외 기타 상품 전문 소매업,G47859,그 외 기타 분류 안된 상품 전문 소매업,11,서울특별시,11710,송파구,11710650,잠실본동,1171010100,잠실동,1171010100102060011,1,대지,206,11,서울특별시 송파구 잠실동 206-11,117104169205,서울특별시 송파구 백제고분로9길,48,,1171010100102060011000674,,서울특별시 송파구 백제고분로9길 48,138862,05559,,,,127.084330766623,37.5099158834984
MA010120220804252690,비죤산업,,G2,소매,G221,기타 상품 소매,G22199,그 외 기타 상품 전문 소매업,G47859,그 외 기타 분류 안된 상품 전문 소매업,11,서울특별시,11710,송파구,11710540,마천1동,1171011400,마천동,1171011400103620023,1,대지,362,23,서울특별시 송파구 마천동 362-23,117104169288,서울특별시 송파구 성내천로47길,3,24,1171011400103620023020217,,서울특별시 송파구 성내천로47길 3-24,138822,05760,,지,,127.155792841837,37.4948595363565
MA010120220804241428,정우통상,,G2,소매,G221,기타 상품 소매,G22199,그 외 기타 상품 전문 소매업,G47859,그 외 기타 분류 안된 상품 전문 소매업,11,서울특별시,11710,송파구,11710562,방이2동,1171011100,방이동,1171011100100590001,1,대지,59,1,서울특별시 송파구 방이동 59-1,117104169374,서울특별시 송파구 오금로11길,22,,1171011100100590001015717,,서울특별시 송파구 오금로11길 22,138828,05547,,,,127.109661986714,37.5147785232822
MA010120220804277686,애니모,,G2,소매,G221,기타 상품 소매,G22199,그 외 기타 상품 전문 소매업,G47859,그 외 기타 분류 안된 상품 전문 소매업,11,서울특별시,11710,송파구,11710562,방이2동,1171011100,방이동,1171011100100470000,1,대지,47,,서울특별시 송파구 방이동 47,117104169456,서울특별시 송파구 위례성대로2길,8,,1171011100100470008015865,잠실헤리츠,서울특별시 송파구 위례성대로2길 8,138828,05544,,,,127.113204873538,37.5164240168593
MA010120220804233491,이에스몰,,G2,소매,G221,기타 상품 소매,G22199,그 외 기타 상품 전문 소매업,G47859,그 외 기타 분류 안된 상품 전문 소매업,11,서울특별시,11740,강동구,11740620,천호3동,1174010900,천호동,1174010900104100013,1,대지,410,13,서울특별시 강동구 천호동 410-13,117404172367,서울특별시 강동구 천호대로157길,38,,1174010900104110047009828,,서울특별시 강동구 천호대로157길 38,134871,05335,,1,,127.127756503254,37.5393306463133
MA010120220804270702,고구려그린이엔지,,G2,소매,G221,기타 상품 소매,G22199,그 외 기타 상품 전문 소매업,G47859,그 외 기타 분류 안된 상품 전문 소매업,11,서울특별시,11710,송파구,11710642,문정2동,1171010800,문정동,1171010800106340000,1,대지,634,,서울특별시 송파구 문정동 634,117103123017,서울특별시 송파구 충민로,66,,1171010800105600000000001,리빙관동,서울특별시 송파구 충민로 66,138888,05838,,7,,127.12496063833,37.4776148454472
MA010120220804236367,미사자동덮개,,G2,소매,G221,기타 상품 소매,G22199,그 외 기타 상품 전문 소매업,G47859,그 외 기타 분류 안된 상품 전문 소매업,41,경기도,41450,하남시,41450600,초이동,4145012200,초일동,4145012200100110007,1,대지,11,7,경기도 하남시 초일동 11-7,414504406216,경기도 하남시 초광로294번길,50,66,4145012200100110007000001,,경기도 하남시 초광로294번길 50-66,465220,12985,,,,127.176229138546,37.5439894903168
MA010120220804242286,용궁만물,,G2,소매,G221,기타 상품 소매,G22199,그 외 기타 상품 전문 소매업,G47859,그 외 기타 분류 안된 상품 전문 소매업,11,서울특별시,11740,강동구,11740650,성내2동,1174010800,성내동,1174010800100180002,1,대지,18,2,서울특별시 강동구 성내동 18-2,117404172377,서울특별시 강동구 천호대로168가길,58,,1174010800100180002000001,,서울특별시 강동구 천호대로168가길 58,134840,05380,,1,,127.129232671465,37.5358061309254
MA010120220804254122,한국친환경농업지원센터,,G2,소매,G221,기타 상품 소매,G22199,그 외 기타 상품 전문 소매업,G47859,그 외 기타 분류 안된 상품 전문 소매업,11,서울특별시,11710,송파구,11710642,문정2동,1171010800,문정동,1171010800106450000,1,대지,645,,서울특별시 송파구 문정동 645,117104853405,서울특별시 송파구 법원로11길,25,,1171010800103790007000001,에이치비지니스파크,서울특별시 송파구 법원로11길 25,138888,05836,,,,127.116232783919,37.4849489526213
MA010120220804278749,핫도그,,G2,소매,G221,기타 상품 소매,G22199,그 외 기타 상품 전문 소매업,G47859,그 외 기타 분류 안된 상품 전문 소매업,11,서울특별시,11710,송파구,11710562,방이2동,1171011100,방이동,1171011100100640008,1,대지,64,8,서울특별시 송파구 방이동 64-8,117104169374,서울특별시 송파구 오금로11길,10,,1171011100100640010015961,,서울특별시 송파구 오금로11길 10,138828,05548,,,,127.108326448048,37.5142121234771
MA010120220804245454,더원,,G2,소매,G221,기타 상품 소매,G22199,그 외 기타 상품 전문 소매업,G47859,그 외 기타 분류 안된 상품 전문 소매업,41,경기도,41135,성남시 분당구,41135662,금곡동,4113511100,금곡동,4113511100101610000,1,대지,161,,경기도 성남시 분당구 금곡동 161,411352000005,경기도 성남시 분당구 성남대로,165,,4113511100101610000040003,천사의도시,경기도 성남시 분당구 성남대로 165,463805,13615,,,,127.108316896279,37.3507678263792
MA010120220804263434,파티마트,,G2,소매,G221,기타 상품 소매,G22199,그 외 기타 상품 전문 소매업,G47859,그 외 기타 분류 안된 상품 전문 소매업,11,서울특별시,11710,송파구,11710600,석촌동,1171010500,석촌동,1171010500101730008,1,대지,173,8,서울특별시 송파구 석촌동 173-8,117103123006,서울특별시 송파구 백제고분로,349,,1171010500101730008009804,소망빌딩,서울특별시 송파구 백제고분로 349,138844,05615,,,,127.104953493138,37.5045293724866
MA010120220804260001,초크일러스트,,G2,소매,G221,기타 상품 소매,G22199,그 외 기타 상품 전문 소매업,G47859,그 외 기타 분류 안된 상품 전문 소매업,41,경기도,41133,성남시 중원구,41133670,도촌동,4113310800,갈현동,4113310800102460001,1,대지,246,1,경기도 성남시 중원구 갈현동 246-1,411334337007,경기도 성남시 중원구 갈현로19번길,1,,4113310800102420001005910,,경기도 성남시 중원구 갈현로19번길 1,462080,13414,,,,127.174873231064,37.4235538327053
MA010120220804318072,스카이세이버,코리아,G2,소매,G221,기타 상품 소매,G22199,그 외 기타 상품 전문 소매업,G47859,그 외 기타 분류 안된 상품 전문 소매업,11,서울특별시,11440,마포구,11440730,성산2동,1144012500,성산동,1144012500101330007,1,대지,133,7,서울특별시 마포구 성산동 133-7,114404139211,서울특별시 마포구 모래내로7길,12,,1144012500101330007017035,도원빌딩,서울특별시 마포구 모래내로7길 12,121849,03949,,3,,126.912300129298,37.5666764297945
MA010120220804321064,현대미싱,,G2,소매,G221,기타 상품 소매,G22199,그 외 기타 상품 전문 소매업,G47859,그 외 기타 분류 안된 상품 전문 소매업,11,서울특별시,11260,중랑구,11260630,묵2동,1126010400,묵동,1126010400102380097,1,대지,238,97,서울특별시 중랑구 묵동 238-97,112603106010,서울특별시 중랑구 중랑역로,216,1,1126010400102380097032171,,서울특별시 중랑구 중랑역로 216-1,131851,02005,,1,,127.075793710335,37.6127794345304
MA010120220804306883,원방재,,G2,소매,G221,기타 상품 소매,G22199,그 외 기타 상품 전문 소매업,G47859,그 외 기타 분류 안된 상품 전문 소매업,41,경기도,41360,남양주시,41360510,호평동,4136010100,호평동,4136010100101750001,1,대지,175,1,경기도 남양주시 호평동 175-1,413604854836,경기도 남양주시 호평로45번길,32,,4136010100101750001002706,,경기도 남양주시 호평로45번길 32,472120,12147,,,,127.246321748863,37.6585148675551
MA010120220804280709,카스,송파점,G2,소매,G221,기타 상품 소매,G22199,그 외 기타 상품 전문 소매업,G47859,그 외 기타 분류 안된 상품 전문 소매업,11,서울특별시,11710,송파구,11710646,장지동,1171010800,문정동,1171010800101180009,1,대지,118,9,서울특별시 송파구 문정동 118-9,117104169319,서울특별시 송파구 송이로37길,7,,1171010800101180009002766,,서울특별시 송파구 송이로37길 7,138870,05798,,1,,127.134010594466,37.4870204633347
MA010120220804313403,제이에스미싱,,G2,소매,G221,기타 상품 소매,G22199,그 외 기타 상품 전문 소매업,G47859,그 외 기타 분류 안된 상품 전문 소매업,11,서울특별시,11260,중랑구,11260655,망우본동,1126010500,망우동,1126010500104610057,1,대지,461,57,서울특별시 중랑구 망우동 461-57,112603106002,서울특별시 중랑구 봉우재로,223,1,1126010500104610057004490,,서울특별시 중랑구 봉우재로 223-1,131809,02172,,,,127.097675334123,37.5952751386752
MA010120220804318678,쓰리에버,,G2,소매,G221,기타 상품 소매,G22199,그 외 기타 상품 전문 소매업,G47859,그 외 기타 분류 안된 상품 전문 소매업,41,경기도,41461,용인시 처인구,41461250,포곡읍,4146125027,포곡읍,4146125027103830002,1,대지,383,2,경기도 용인시 처인구 포곡읍 전대리 383-2,414613203110,경기도 용인시 처인구 포곡읍 전대로,116,2,4146125027103830002034455,라온하우스,경기도 용인시 처인구 포곡읍 전대로 116-2,449815,17023,,,,127.214341878717,37.2869743243857
MA010120220804281336,하소미공방,,G2,소매,G221,기타 상품 소매,G22199,그 외 기타 상품 전문 소매업,G47859,그 외 기타 분류 안된 상품 전문 소매업,41,경기도,41830,양평군,41830400,용문면,4183040033,용문면,4183040033103090011,1,대지,309,11,경기도 양평군 용문면 신점리 309-11,418303217020,경기도 양평군 용문면 용문산로,486,,4183040033103090011005807,,경기도 양평군 용문면 용문산로 486,476844,12510,,2,,127.594054639766,37.535373756577
MA010120220804314168,중랑만물,,G2,소매,G221,기타 상품 소매,G22199,그 외 기타 상품 전문 소매업,G47859,그 외 기타 분류 안된 상품 전문 소매업,11,서울특별시,11260,중랑구,11260520,면목2동,1126010100,면목동,1126010100101330022,1,대지,133,22,서울특별시 중랑구 면목동 133-22,112603106002,서울특별시 중랑구 봉우재로,92,,1126010100101330022029249,,서울특별시 중랑구 봉우재로 92,131819,02143,,,,127.083290851525,37.5918533881619
MA010120220804322130,김현정가발,전문점,G2,소매,G221,기타 상품 소매,G22199,그 외 기타 상품 전문 소매업,G47422,의복 액세서리 및 모조 장신구 소매업,47,경상북도,47111,포항시 남구,47111580,효곡동,4711111400,효자동,4711111400105690005,1,대지,569,5,경상북도 포항시 남구 효자동 569-5,471113303065,경상북도 포항시 남구 효성로,12,9,4711111400105690005000001,,경상북도 포항시 남구 효성로 12-9,790330,37836,,,,129.335058105467,36.0058710938667
MA010120220804305287,에스피씨티,,G2,소매,G221,기타 상품 소매,G22199,그 외 기타 상품 전문 소매업,G47859,그 외 기타 분류 안된 상품 전문 소매업,41,경기도,41133,성남시 중원구,41133570,상대원1동,4113310500,상대원동,4113310500154600000,1,대지,5460,,경기도 성남시 중원구 상대원동 5460,411334337005,경기도 성남시 중원구 갈마치로288번길,14,,4113310500101450001068043,성남SK,경기도 성남시 중원구 갈마치로288번길 14,462121,13201,,,,127.173859474151,37.4395123124284
MA010120220804295314,편강도원,안산점,G2,소매,G221,기타 상품 소매,G22199,그 외 기타 상품 전문 소매업,G47859,그 외 기타 분류 안된 상품 전문 소매업,41,경기도,41273,안산시 단원구,41273535,호수동,4127310100,고잔동,4127310100107290007,1,대지,729,7,경기도 안산시 단원구 고잔동 729-7,412733190012,경기도 안산시 단원구 광덕4로,250,,4127310100107290007022038,씨티프라자,경기도 안산시 단원구 광덕4로 250,425809,15464,,,,126.840383954989,37.3143170991087
MA010120220804328313,성은랍빠미싱,,G2,소매,G221,기타 상품 소매,G22199,그 외 기타 상품 전문 소매업,G47859,그 외 기타 분류 안된 상품 전문 소매업,11,서울특별시,11260,중랑구,11260590,상봉2동,1126010200,상봉동,1126010200101260028,1,대지,126,28,서울특별시 중랑구 상봉동 126-28,112603106002,서울특별시 중랑구 봉우재로,67,,1126010200101260028014847,,서울특별시 중랑구 봉우재로 67,131860,02139,,1,,127.080731686421,37.5916659580195
MA010120220804317250,현대미싱,,G2,소매,G221,기타 상품 소매,G22199,그 외 기타 상품 전문 소매업,G47859,그 외 기타 분류 안된 상품 전문 소매업,11,서울특별시,11260,중랑구,11260590,상봉2동,1126010200,상봉동,1126010200101200014,1,대지,120,14,서울특별시 중랑구 상봉동 120-14,112603000001,서울특별시 중랑구 동일로,712,,1126010200101200014016368,,서울특별시 중랑구 동일로 712,131860,02136,,,,127.080519144912,37.5940717510119
MA010120220804317283,에스엠케미칼,,G2,소매,G221,기타 상품 소매,G22199,그 외 기타 상품 전문 소매업,G47859,그 외 기타 분류 안된 상품 전문 소매업,47,경상북도,47830,고령군,47830253,대가야읍,4783025321,대가야읍,4783025321103850001,1,대지,385,1,경상북도 고령군 대가야읍 쾌빈리 385-1,478303320012,경상북도 고령군 대가야읍 우륵로,42,1,4783025021103890010025943,,경상북도 고령군 대가야읍 우륵로 42-1,717804,40135,,,,128.270374234363,35.7333476193521
MA010120220804296219,예솔에프엔씨,,G2,소매,G221,기타 상품 소매,G22199,그 외 기타 상품 전문 소매업,G47859,그 외 기타 분류 안된 상품 전문 소매업,11,서울특별시,11710,송파구,11710620,가락본동,1171010700,가락동,1171010700100790007,1,대지,79,7,서울특별시 송파구 가락동 79-7,117104169333,서울특별시 송파구 송파대로28길,32,,1171010700100790007007044,현진올림피아오피스텔,서울특별시 송파구 송파대로28길 32,138719,05718,,,,127.121302701173,37.4947378038824
MA010120220804315034,한국타이어용진밧줄,,G2,소매,G221,기타 상품 소매,G22199,그 외 기타 상품 전문 소매업,G47859,그 외 기타 분류 안된 상품 전문 소매업,41,경기도,41650,포천시,41650330,가산면,4165033026,가산면,4165033026101580003,1,대지,158,3,경기도 포천시 가산면 금현리 158-3,416503213039,경기도 포천시 가산면 정금로,461,,4165033026101580003013524,,경기도 포천시 가산면 정금로 461,487813,11167,,,,127.202888761499,37.8270424547218
MA010120220804317610,상봉특수미싱,,G2,소매,G221,기타 상품 소매,G22199,그 외 기타 상품 전문 소매업,G47859,그 외 기타 분류 안된 상품 전문 소매업,11,서울특별시,11260,중랑구,11260575,면목3.8동,1126010100,면목동,1126010100100220007,1,대지,22,7,서울특별시 중랑구 면목동 22-7,112603005028,서울특별시 중랑구 용마산로,431,,1126010100100220007017917,,서울특별시 중랑구 용마산로 431,131811,02200,,1,,127.096774010844,37.5900411198148
MA010120220804323154,가야만물,,G2,소매,G221,기타 상품 소매,G22199,그 외 기타 상품 전문 소매업,G47859,그 외 기타 분류 안된 상품 전문 소매업,41,경기도,41310,구리시,41310580,수택2동,4131010500,수택동,4131010500104310003,1,대지,431,3,경기도 구리시 수택동 431-3,413103196016,경기도 구리시 안골로,78,5,4131010500104310003005127,,경기도 구리시 안골로 78-5,471816,11933,,,,127.139869613589,37.5971157493594
MA010120220804328901,그자리꽃,,G2,소매,G221,기타 상품 소매,G22199,그 외 기타 상품 전문 소매업,G47859,그 외 기타 분류 안된 상품 전문 소매업,51,강원특별자치도,51720,홍천군,51720370,서면,5172037023,서면,5172037023100020000,1,대지,2,,강원특별자치도 홍천군 서면 팔봉리 2,517203225010,강원특별자치도 홍천군 서면 노일로,478,,4272037023100010000036734,,강원특별자치도 홍천군 서면 노일로 478,250856,25101,,,,127.723859980439,37.6952923761622
MA010120220804346844,청우,,G2,소매,G221,기타 상품 소매,G22199,그 외 기타 상품 전문 소매업,G47859,그 외 기타 분류 안된 상품 전문 소매업,11,서울특별시,11320,도봉구,11320513,창3동,1132010700,창동,1132010700104670002,1,대지,467,2,서울특별시 도봉구 창동 467-2,113204127060,서울특별시 도봉구 덕릉로60차길,10,,1132010700104670002015351,궁전빌라,서울특별시 도봉구 덕릉로60차길 10,132916,01480,,,,127.041602488177,37.6367356650766
MA010120220804359841,에디션오브북아트,,G2,소매,G221,기타 상품 소매,G22199,그 외 기타 상품 전문 소매업,G47859,그 외 기타 분류 안된 상품 전문 소매업,26,부산광역시,26260,동래구,26260750,안락2동,2626010200,안락동,2626010200104630020,1,대지,463,20,부산광역시 동래구 안락동 463-20,262604190143,부산광역시 동래구 명안로10번길,95,7,2626010200104630020021137,,부산광역시 동래구 명안로10번길 95-7,607826,47793,,,,129.109473403093,35.1974182019721
MA010120220804366304,활기찬이벤트,,G2,소매,G221,기타 상품 소매,G22199,그 외 기타 상품 전문 소매업,G47859,그 외 기타 분류 안된 상품 전문 소매업,11,서울특별시,11350,노원구,11350630,상계1동,1135010500,상계동,1135010500110190010,1,대지,1019,10,서울특별시 노원구 상계동 1019-10,113504130218,서울특별시 노원구 동일로230가길,27,,1135010500110190010008366,,서울특별시 노원구 동일로230가길 27,139837,01631,,1,,127.057106147919,37.6724621399563
MA010120220804356422,아이빌리브마포,,G2,소매,G221,기타 상품 소매,G22199,그 외 기타 상품 전문 소매업,G47859,그 외 기타 분류 안된 상품 전문 소매업,11,서울특별시,11380,은평구,11380625,역촌동,1138010800,역촌동,1138010800100190008,1,대지,19,8,서울특별시 은평구 역촌동 19-8,113803111005,서울특별시 은평구 역말로,82,,1138010800100190008017319,,서울특별시 은평구 역말로 82,122896,03403,,,,126.919161433965,37.606730449694
MA010120220804350336,박승철위그스튜디오분당,서현점,G2,소매,G221,기타 상품 소매,G22199,그 외 기타 상품 전문 소매업,G47422,의복 액세서리 및 모조 장신구 소매업,41,경기도,41135,성남시 분당구,41135580,서현1동,4113510500,서현동,4113510500102730002,1,대지,273,2,경기도 성남시 분당구 서현동 273-2,411353180053,경기도 성남시 분당구 황새울로,315,,4113510500102730002000001,대현빌딩,경기도 성남시 분당구 황새울로 315,463824,13590,,2,,127.120448247267,37.3850311173092
MA010120220804347676,가발나노모,,G2,소매,G221,기타 상품 소매,G22199,그 외 기타 상품 전문 소매업,G47422,의복 액세서리 및 모조 장신구 소매업,41,경기도,41450,하남시,41450610,미사1동,4145010900,망월동,4145010900110990000,1,대지,1099,,경기도 하남시 망월동 1099,414503202058,경기도 하남시 미사강변중앙로,190,,4145010900110990000000001,하남미사롯데캐슬스타,경기도 하남시 미사강변중앙로 190,465150,12913,,,,127.190537159467,37.5637801852893
MA010120220804360377,성인용품,,G2,소매,G221,기타 상품 소매,G22199,그 외 기타 상품 전문 소매업,G47859,그 외 기타 분류 안된 상품 전문 소매업,11,서울특별시,11350,노원구,11350720,상계10동,1135010500,상계동,1135010500106930000,1,대지,693,,서울특별시 노원구 상계동 693,113503000001,서울특별시 노원구 동일로,1426,,1135010500106930000000286,미도빌딩,서울특별시 노원구 동일로 1426,139827,01694,,,,127.060549937215,37.6559544527791
MA010120220804370279,노신사,,G2,소매,G221,기타 상품 소매,G22199,그 외 기타 상품 전문 소매업,G47422,의복 액세서리 및 모조 장신구 소매업,11,서울특별시,11350,노원구,11350720,상계10동,1135010500,상계동,1135010500106930004,1,대지,693,4,서울특별시 노원구 상계동 693-4,113503110003,서울특별시 노원구 상계로,59,,1135010500106930004000370,동익빌딩,서울특별시 노원구 상계로 59,139827,01694,,1,,127.061558729076,37.6561881860124
MA010120220804342619,화인스타트,,G2,소매,G221,기타 상품 소매,G22199,그 외 기타 상품 전문 소매업,G47859,그 외 기타 분류 안된 상품 전문 소매업,41,경기도,41150,의정부시,41150510,의정부1동,4115011000,가능동,4115011000100800007,1,대지,80,7,경기도 의정부시 가능동 80-7,411503215066,경기도 의정부시 평화로,714,,4115011000100800007009100,,경기도 의정부시 평화로 714,480840,11684,,2,,127.043552595716,37.7554475653856
MA010120220804361198,반야원,,G2,소매,G221,기타 상품 소매,G22199,그 외 기타 상품 전문 소매업,G47859,그 외 기타 분류 안된 상품 전문 소매업,11,서울특별시,11350,노원구,11350611,하계1동,1135010400,하계동,1135010400102500002,1,대지,250,2,서울특별시 노원구 하계동 250-2,113504130061,서울특별시 노원구 노원로15길,6,,1135010400102500002000001,,서울특별시 노원구 노원로15길 6,139231,01788,,2,,127.072038705016,37.6416764227996
MA010120220804379021,상평통보수생경,,G2,소매,G221,기타 상품 소매,G22199,그 외 기타 상품 전문 소매업,G47859,그 외 기타 분류 안된 상품 전문 소매업,48,경상남도,48330,양산시,48330253,물금읍,4833025322,물금읍,4833025322105150014,1,대지,515,14,경상남도 양산시 물금읍 증산리 515-14,483304814765,경상남도 양산시 물금읍 증산1길,47,1,4833025322105150014007841,,경상남도 양산시 물금읍 증산1길 47-1,626812,50614,,,,129.000215788412,35.3024469001383
MA010120220804358112,가발붙임머리모터치노원,전문점,G2,소매,G221,기타 상품 소매,G22199,그 외 기타 상품 전문 소매업,G47422,의복 액세서리 및 모조 장신구 소매업,11,서울특별시,11350,노원구,11350695,상계6.7동,1135010500,상계동,1135010500107250001,1,대지,725,1,서울특별시 노원구 상계동 725-1,113504130213,서울특별시 노원구 동일로218길,29,,1135010500107250001000806,,서울특별시 노원구 동일로218길 29,139832,01751,,,,127.062474850563,37.6540163371488
MA010120220804358492,종로가발,,G2,소매,G221,기타 상품 소매,G22199,그 외 기타 상품 전문 소매업,G47422,의복 액세서리 및 모조 장신구 소매업,11,서울특별시,11110,종로구,11110615,종로1.2.3.4가동,1111015300,돈의동,1111015300100390002,1,대지,39,2,서울특별시 종로구 돈의동 39-2,111104100051,서울특별시 종로구 돈화문로11길,29,,1111015300100390002031568,낙원오피스텔,서울특별시 종로구 돈화문로11길 29,110807,03139,,,,126.989857378362,37.5723307794287
MA010120220804333733,엘에이치생활마트,,G2,소매,G221,기타 상품 소매,G22199,그 외 기타 상품 전문 소매업,G47859,그 외 기타 분류 안된 상품 전문 소매업,50,제주특별자치도,50110,제주시,50110540,이도2동,5011010400,이도이동,5011010400111860005,1,대지,1186,5,제주특별자치도 제주시 이도이동 1186-5,501103349116,제주특별자치도 제주시 신성로,109,1,5011010400111860005064356,,제주특별자치도 제주시 신성로 109-1,690827,63207,,2,,126.530496113731,33.497384091573
MA010120220804343287,한성노원,대리점,G2,소매,G221,기타 상품 소매,G22199,그 외 기타 상품 전문 소매업,G47859,그 외 기타 분류 안된 상품 전문 소매업,11,서울특별시,11350,노원구,11350670,상계5동,1135010500,상계동,1135010500101690234,1,대지,169,234,서울특별시 노원구 상계동 169-234,113504130396,서울특별시 노원구 한글비석로24가길,16,,1135010500101690234001596,,서울특별시 노원구 한글비석로24가길 16,139815,01668,,,,127.07126523993,37.6622553372769
MA010120220804343309,상계만물,,G2,소매,G221,기타 상품 소매,G22199,그 외 기타 상품 전문 소매업,G47859,그 외 기타 분류 안된 상품 전문 소매업,11,서울특별시,11350,노원구,11350665,상계3.4동,1135010500,상계동,1135010500101100011,1,대지,110,11,서울특별시 노원구 상계동 110-11,113503000004,서울특별시 노원구 덕릉로,801,,1135010500101100011006425,,서울특별시 노원구 덕릉로 801,139812,01637,,,,127.079545363612,37.6684848298937
MA010120220804352131,대신종묘농약사,,G2,소매,G221,기타 상품 소매,G22199,그 외 기타 상품 전문 소매업,G47859,그 외 기타 분류 안된 상품 전문 소매업,41,경기도,41550,안성시,41550520,안성2동,4155011300,인지동,4155011300104010007,1,대지,401,7,경기도 안성시 인지동 401-7,415503208041,경기도 안성시 장기로,64,,4155011300104010007022102,,경기도 안성시 장기로 64,456230,17593,,,,127.269597429216,37.0042717180735
MA010120220804358929,딥아틀리에,,G2,소매,G221,기타 상품 소매,G22199,그 외 기타 상품 전문 소매업,G47859,그 외 기타 분류 안된 상품 전문 소매업,11,서울특별시,11200,성동구,11200670,성수2가1동,1120011500,성수동2가,1120011500105650010,1,대지,565,10,서울특별시 성동구 성수동2가 565-10,112004109340,서울특별시 성동구 성덕정길,103,39,1120011500105650010006284,,서울특별시 성동구 성덕정길 103-39,133828,04776,,1,,127.054978328984,37.538287735491
MA010120220804337413,미래유통,,G2,소매,G221,기타 상품 소매,G22199,그 외 기타 상품 전문 소매업,G47859,그 외 기타 분류 안된 상품 전문 소매업,48,경상남도,48730,함안군,48730253,칠원읍,4873025321,칠원읍,4873025321102020007,1,대지,202,7,경상남도 함안군 칠원읍 구성리 202-7,487302019004,경상남도 함안군 칠원읍 경남대로,1817,,4873037021102020007043070,,경상남도 함안군 칠원읍 경남대로 1817,637921,52024,,,,128.531003871014,35.3000436667678
MA010120220804346417,낚시마을,,G2,소매,G221,기타 상품 소매,G22199,그 외 기타 상품 전문 소매업,G47216,"빵류, 과자류 및 당류 소매업",11,서울특별시,11350,노원구,11350665,상계3.4동,1135010500,상계동,1135010500101110000,1,대지,111,,서울특별시 노원구 상계동 111,113503110003,서울특별시 노원구 상계로,305,,1135010500101110000000001,상계동지하철4호선당고개역구내,서울특별시 노원구 상계로 305,139811,01634,,,,127.079014554062,37.6702871466455
MA010120220804355624,명궁산신,,G2,소매,G221,기타 상품 소매,G22199,그 외 기타 상품 전문 소매업,G47859,그 외 기타 분류 안된 상품 전문 소매업,11,서울특별시,11350,노원구,11350670,상계5동,1135010500,상계동,1135010500101350093,1,대지,135,93,서울특별시 노원구 상계동 135-93,113504130421,서울특별시 노원구 한글비석로46길,30,,1135010500101350093001557,,서울특별시 노원구 한글비석로46길 30,139813,01666,,2,,127.068978244371,37.6648244924748
MA010120220804371518,애니원월계점,,G2,소매,G221,기타 상품 소매,G22199,그 외 기타 상품 전문 소매업,G47859,그 외 기타 분류 안된 상품 전문 소매업,11,서울특별시,11350,노원구,11350560,월계1동,1135010200,월계동,1135010200108680005,1,대지,868,5,서울특별시 노원구 월계동 868-5,113503107018,서울특별시 노원구 월계로,264,,1135010200108680005018519,,서울특별시 노원구 월계로 264,139847,01884,,2,,127.051371999757,37.6251451358464
MA010120220804338049,바른먹거리건강협동조합,,G2,소매,G221,기타 상품 소매,G22199,그 외 기타 상품 전문 소매업,G47859,그 외 기타 분류 안된 상품 전문 소매업,11,서울특별시,11410,서대문구,11410555,북아현동,1141011000,북아현동,1141011000102210007,1,대지,221,7,서울특별시 서대문구 북아현동 221-7,114103005057,서울특별시 서대문구 신촌로,231,,1141011000102210007026966,백상빌딩,서울특별시 서대문구 신촌로 231,120822,03774,,,,126.951594474822,37.5574278254678
MA010120220804331690,대경미싱상사,,G2,소매,G221,기타 상품 소매,G22199,그 외 기타 상품 전문 소매업,G47859,그 외 기타 분류 안된 상품 전문 소매업,11,서울특별시,11260,중랑구,11260575,면목3.8동,1126010100,면목동,1126010100100230002,1,대지,23,2,서울특별시 중랑구 면목동 23-2,112603005029,서울특별시 중랑구 겸재로,258,,1126010100100230002018196,,서울특별시 중랑구 겸재로 258,131811,02200,,1,,127.095981512919,37.590104836345
MA010120220804334623,대진불교사,,G2,소매,G221,기타 상품 소매,G22199,그 외 기타 상품 전문 소매업,G47859,그 외 기타 분류 안된 상품 전문 소매업,41,경기도,41250,동두천시,41250520,생연2동,4125010300,생연동,4125010300108230039,1,대지,823,39,경기도 동두천시 생연동 823-39,412503189012,경기도 동두천시 생연로,122,3,4125010300108230039008052,,경기도 동두천시 생연로 122-3,483032,11330,,,,127.051371544416,37.9034263714728
MA010120220804390100,유한책임회사하이모노원지점,,G2,소매,G221,기타 상품 소매,G22199,그 외 기타 상품 전문 소매업,G47422,의복 액세서리 및 모조 장신구 소매업,11,서울특별시,11350,노원구,11350695,상계6.7동,1135010500,상계동,1135010500107310000,1,대지,731,,서울특별시 노원구 상계동 731,113503005047,서울특별시 노원구 노해로,464,,1135010500107310000001152,한화생명보험,서울특별시 노원구 노해로 464,139718,01762,,8,,127.059675570135,37.6537565015176
MA010120220804419385,에이치에이피,,G2,소매,G221,기타 상품 소매,G22199,그 외 기타 상품 전문 소매업,G47859,그 외 기타 분류 안된 상품 전문 소매업,41,경기도,41610,광주시,41610580,오포1동,4161011700,문형동,4161011700101810000,1,대지,181,,경기도 광주시 문형동 181,416104433237,경기도 광주시 봉골길33번길,28,2,4161025024101810000000001,,경기도 광주시 봉골길33번길 28-2,464891,12774,,,,127.206516933581,37.3492946216844
MA010120220804381930,비주거용 건물 임대업,,G2,소매,G221,기타 상품 소매,G22199,그 외 기타 상품 전문 소매업,G47859,그 외 기타 분류 안된 상품 전문 소매업,11,서울특별시,11740,강동구,11740685,길동,1174010500,길동,1174010500103310007,1,대지,331,7,서울특별시 강동구 길동 331-7,117404172243,서울특별시 강동구 양재대로126길,54,,1174010500103310007001799,,서울특별시 강동구 양재대로126길 54,134810,05301,,,,127.145302378332,37.5433468364105
MA010120220804422707,코에코디시진도,대리점,G2,소매,G221,기타 상품 소매,G22199,그 외 기타 상품 전문 소매업,G47859,그 외 기타 분류 안된 상품 전문 소매업,46,전라남도,46900,진도군,46900350,지산면,4690035021,지산면,4690035021103160018,1,대지,316,18,전라남도 진도군 지산면 인지리 316-18,469004703236,전라남도 진도군 지산면 인지독치2길,22,1,4690035021103160018012639,,전라남도 진도군 지산면 인지독치2길 22-1,539853,58950,,,,126.16397383374,34.4242513505496
MA010120220804382186,성인용품어글리덕,,G2,소매,G221,기타 상품 소매,G22199,그 외 기타 상품 전문 소매업,G47859,그 외 기타 분류 안된 상품 전문 소매업,41,경기도,41273,안산시 단원구,41273535,호수동,4127310100,고잔동,4127310100107150000,1,대지,715,,경기도 안산시 단원구 고잔동 715,412733191005,경기도 안산시 단원구 광덕서로,56,,4127310100107150000022047,금강프라자,경기도 안산시 단원구 광덕서로 56,425807,15476,,,,126.827364904957,37.3096855298569
MA010120220804385385,풍농비료대구,대리점,G2,소매,G221,기타 상품 소매,G22199,그 외 기타 상품 전문 소매업,G47859,그 외 기타 분류 안된 상품 전문 소매업,27,대구광역시,27710,달성군,27710330,하빈면,2771033021,하빈면,2771033021105020004,1,대지,502,4,대구광역시 달성군 하빈면 하산리 502-4,277104244552,대구광역시 달성군 하빈면 하산길,111,,2771033021106480001029719,,대구광역시 달성군 하빈면 하산길 111,711823,42900,,,,128.409631222996,35.8855461084641
MA010120220804388672,세진건설안전,,G2,소매,G221,기타 상품 소매,G22199,그 외 기타 상품 전문 소매업,G47859,그 외 기타 분류 안된 상품 전문 소매업,11,서울특별시,11350,노원구,11350630,상계1동,1135010500,상계동,1135010500111210045,1,대지,1121,45,서울특별시 노원구 상계동 1121-45,113504130246,서울특별시 노원구 동일로242길,41,,1135010500111210045009538,상원빌딩,서울특별시 노원구 동일로242길 41,139838,01626,,3,,127.057810991747,37.675128695649
MA010120220804390848,세니라이프협동조합,,G2,소매,G221,기타 상품 소매,G22199,그 외 기타 상품 전문 소매업,G47859,그 외 기타 분류 안된 상품 전문 소매업,11,서울특별시,11560,영등포구,11560540,여의동,1156011000,여의도동,1156011000100250000,1,대지,25,,서울특별시 영등포구 여의도동 25,115604154064,서울특별시 영등포구 국제금융로2길,17,,1156011000100250000031248,,서울특별시 영등포구 국제금융로2길 17,150878,07327,,,,126.92602695195,37.5240685763626
MA010120220804411403,좋은친구들,,G2,소매,G221,기타 상품 소매,G22199,그 외 기타 상품 전문 소매업,G47859,그 외 기타 분류 안된 상품 전문 소매업,11,서울특별시,11380,은평구,11380570,대조동,1138010600,대조동,1138010600101970019,1,대지,197,19,서울특별시 은평구 대조동 197-19,113804133157,서울특별시 은평구 연서로26길,9,,1138010600101970019025009,,서울특별시 은평구 연서로26길 9,122842,03385,,2,,126.920520753389,37.6170837340689
MA010120220804406092,비올라,,G2,소매,G221,기타 상품 소매,G22199,그 외 기타 상품 전문 소매업,G47859,그 외 기타 분류 안된 상품 전문 소매업,46,전라남도,46830,영암군,46830250,영암읍,4683025024,영암읍,4683025024100720000,1,대지,72,,전라남도 영암군 영암읍 동무리 72,468303295141,전라남도 영암군 영암읍 읍성로,31,,4683025024100720000018220,,전라남도 영암군 영암읍 읍성로 31,526804,58416,,1,,126.699822905569,34.8005119969463
MA010120220804418644,삼일프라자,,G2,소매,G221,기타 상품 소매,G22199,그 외 기타 상품 전문 소매업,G47859,그 외 기타 분류 안된 상품 전문 소매업,41,경기도,41220,평택시,41220610,통복동,4122011400,통복동,4122011400101100005,1,대지,110,5,경기도 평택시 통복동 110-5,412203188107,경기도 평택시 통복로,29,,4122011400101100005015021,,경기도 평택시 통복로 29,450040,17918,,,,127.082668922961,36.9948084086708
MA010120220804397491,세아헬스케어,,G2,소매,G221,기타 상품 소매,G22199,그 외 기타 상품 전문 소매업,G47859,그 외 기타 분류 안된 상품 전문 소매업,41,경기도,41550,안성시,41550530,안성3동,4155012500,당왕동,4155012500104370000,1,대지,437,,경기도 안성시 당왕동 437,415503208014,경기도 안성시 남파로,99,,4155012500104370000048925,,경기도 안성시 남파로 99,456360,17568,,,,127.261269303023,37.0165450058424
MA010120220804394013,찡이상회,,G2,소매,G221,기타 상품 소매,G22199,그 외 기타 상품 전문 소매업,G47859,그 외 기타 분류 안된 상품 전문 소매업,26,부산광역시,26320,북구,26320510,구포1동,2632010500,구포동,2632010500105910014,1,대지,591,14,부산광역시 북구 구포동 591-14,263204196329,부산광역시 북구 시장갓길,60,,2632010500105910014010118,,부산광역시 북구 시장갓길 60,616801,46583,,,,129.002421478617,35.2076263464101
MA010120220804380966,일신바이오,,G2,소매,G221,기타 상품 소매,G22199,그 외 기타 상품 전문 소매업,G47859,그 외 기타 분류 안된 상품 전문 소매업,52,전북특별자치도,52180,정읍시,52180310,북면,5218031028,북면,5218031028100630018,1,대지,63,18,전북특별자치도 정읍시 북면 화해리 63-18,521804610677,전북특별자치도 정읍시 북면 외야길,57,26,4518031028100630018076614,,전북특별자치도 정읍시 북면 외야길 57-26,580811,56133,,,,126.886176246941,35.610495590349
MA010120220802362162,디비튠,,G2,소매,G221,기타 상품 소매,G22199,그 외 기타 상품 전문 소매업,G47859,그 외 기타 분류 안된 상품 전문 소매업,41,경기도,41271,안산시 상록구,41271515,이동,4127110200,이동,4127110200106840006,1,대지,684,6,경기도 안산시 상록구 이동 684-6,412714370196,경기도 안산시 상록구 삼태기3길,5,,4127110200106840006046885,,경기도 안산시 상록구 삼태기3길 5,426862,15496,,,,126.845349253459,37.3080164535444
MA010120220802349823,금산인삼,,G2,소매,G221,기타 상품 소매,G22199,그 외 기타 상품 전문 소매업,G47859,그 외 기타 분류 안된 상품 전문 소매업,41,경기도,41273,안산시 단원구,41273545,원곡동,4127310800,원곡동,4127310800107570013,1,대지,757,13,경기도 안산시 단원구 원곡동 757-13,412734373317,경기도 안산시 단원구 원본로3길,4,,4127310800107570013007682,,경기도 안산시 단원구 원본로3길 4,425845,15379,,1,,126.793907197492,37.3303827617584
MA010120220802365727,가은,,G2,소매,G221,기타 상품 소매,G22199,그 외 기타 상품 전문 소매업,G47859,그 외 기타 분류 안된 상품 전문 소매업,41,경기도,41273,안산시 단원구,41273590,선부2동,4127310900,선부동,4127310900110700016,1,대지,1070,16,경기도 안산시 단원구 선부동 1070-16,412733191034,경기도 안산시 단원구 선부광장1로,32,,4127310900110700016003733,칠성플러스타운,경기도 안산시 단원구 선부광장1로 32,425829,15240,,,,126.808797413116,37.3363996121023
MA010120220802356869,상록케미칼,,G2,소매,G221,기타 상품 소매,G22199,그 외 기타 상품 전문 소매업,G47859,그 외 기타 분류 안된 상품 전문 소매업,41,경기도,41273,안산시 단원구,41273545,원곡동,4127310800,원곡동,4127310800109940005,1,대지,994,5,경기도 안산시 단원구 원곡동 994-5,412733012031,경기도 안산시 단원구 산단로,326,,4127310800109940005001086,호,경기도 안산시 단원구 산단로 326,425780,15431,,,,126.78750644884,37.3234425118844
MA010120220802351690,모랑,,G2,소매,G221,기타 상품 소매,G22199,그 외 기타 상품 전문 소매업,G47422,의복 액세서리 및 모조 장신구 소매업,41,경기도,41273,안산시 단원구,41273532,중앙동,4127310100,고잔동,4127310100105370006,1,대지,537,6,경기도 안산시 단원구 고잔동 537-6,412732190002,경기도 안산시 단원구 중앙대로,895,,4127310100105370006012788,유창빌딩,경기도 안산시 단원구 중앙대로 895,425868,15360,,,,126.835842706468,37.3171941931804
MA010120220802355219,한성유통,,G2,소매,G221,기타 상품 소매,G22199,그 외 기타 상품 전문 소매업,G47859,그 외 기타 분류 안된 상품 전문 소매업,41,경기도,41273,안산시 단원구,41273535,호수동,4127310100,고잔동,4127310100107260001,1,대지,726,1,경기도 안산시 단원구 고잔동 726-1,412733190011,경기도 안산시 단원구 광덕3로,175,13,4127310100107260001045930,대우타운,경기도 안산시 단원구 광덕3로 175-13,425809,15462,,,,126.8321615592,37.3136389581671
MA010120220802416931,코세스경기본부,,G2,소매,G221,기타 상품 소매,G22199,그 외 기타 상품 전문 소매업,G47859,그 외 기타 분류 안된 상품 전문 소매업,41,경기도,41111,수원시 장안구,41111591,송죽동,4111113500,송죽동,4111113500104450004,1,대지,445,4,경기도 수원시 장안구 송죽동 445-4,411113174003,경기도 수원시 장안구 만석로,215,,4111113500104450004047965,운학빌딩,경기도 수원시 장안구 만석로 215,440802,16300,,4,,127.001421251073,37.3055044886488
MA010120220802419493,진양농자재,,G2,소매,G221,기타 상품 소매,G22199,그 외 기타 상품 전문 소매업,G47859,그 외 기타 분류 안된 상품 전문 소매업,41,경기도,41500,이천시,41500330,호법면,4150033023,호법면,4150033023100940008,1,대지,94,8,경기도 이천시 호법면 후안리 94-8,415003207044,경기도 이천시 호법면 이섭대천로,606,,4150033023100940008000001,,경기도 이천시 호법면 이섭대천로 606,467822,17394,,,,127.431409834078,37.2273012666665
MA010120220802402217,수원미싱,,G2,소매,G221,기타 상품 소매,G22199,그 외 기타 상품 전문 소매업,G47859,그 외 기타 분류 안된 상품 전문 소매업,41,경기도,41115,수원시 팔달구,41115740,행궁동,4111512100,팔달로2가,4111512100100330001,1,대지,33,1,경기도 수원시 팔달구 팔달로2가 33-1,411154328280,경기도 수원시 팔달구 정조로796번길,30,,4111512100100330001010930,,경기도 수원시 팔달구 정조로796번길 30,442022,16257,,,,127.018277982176,37.2785350218562
MA010120220802402221,부라더미싱,,G2,소매,G221,기타 상품 소매,G22199,그 외 기타 상품 전문 소매업,G47859,그 외 기타 분류 안된 상품 전문 소매업,41,경기도,41115,수원시 팔달구,41115740,행궁동,4111512100,팔달로2가,4111512100101440000,1,대지,144,,경기도 수원시 팔달구 팔달로2가 144,411153175035,경기도 수원시 팔달구 수원천로,275,,4111512100101440000010964,,경기도 수원시 팔달구 수원천로 275,442022,16257,,,,127.018514627148,37.2779402986895
MA010120220802404042,종로불교사,,G2,소매,G221,기타 상품 소매,G22199,그 외 기타 상품 전문 소매업,G47859,그 외 기타 분류 안된 상품 전문 소매업,41,경기도,41115,수원시 팔달구,41115740,행궁동,4111512000,팔달로1가,4111512000100050001,1,대지,5,1,경기도 수원시 팔달구 팔달로1가 5-1,411154328344,경기도 수원시 팔달구 창룡대로8번길,2,,4111512000100050001011066,,경기도 수원시 팔달구 창룡대로8번길 2,442021,16257,,,,127.017365363118,37.2816527566297
MA010120220802413860,성원불교만물,,G2,소매,G221,기타 상품 소매,G22199,그 외 기타 상품 전문 소매업,G47859,그 외 기타 분류 안된 상품 전문 소매업,41,경기도,41461,용인시 처인구,41461510,중앙동,4146110100,김량장동,4146110100101360004,1,대지,136,4,경기도 용인시 처인구 김량장동 136-4,414614409110,경기도 용인시 처인구 금령로107번길,15,,4146110100101360004011146,,경기도 용인시 처인구 금령로107번길 15,449924,17052,,1,,127.208035957687,37.2370318690853
MA010120220802373765,건강홍삼,,G2,소매,G221,기타 상품 소매,G22199,그 외 기타 상품 전문 소매업,G47859,그 외 기타 분류 안된 상품 전문 소매업,47,경상북도,47210,영주시,47210250,풍기읍,4721025022,풍기읍,4721025022104660000,1,대지,466,,경상북도 영주시 풍기읍 동부리 466,472103309010,경상북도 영주시 풍기읍 기주로,10,,4721025022104650000013772,인삼홍삼센터,경상북도 영주시 풍기읍 기주로 10,750803,36034,,,,128.533960963921,36.8678399086181
MA010120220802400218,대한불교마트,,G2,소매,G221,기타 상품 소매,G22199,그 외 기타 상품 전문 소매업,G47859,그 외 기타 분류 안된 상품 전문 소매업,41,경기도,41115,수원시 팔달구,41115740,행궁동,4111512900,북수동,4111512900100600002,1,대지,60,2,경기도 수원시 팔달구 북수동 60-2,411154328439,경기도 수원시 팔달구 화서문로75번길,16,,4111512900100600002019751,,경기도 수원시 팔달구 화서문로75번길 16,442180,16253,,,,127.016859035134,37.2865905240449
MA010120220802409304,신세대만물,,G2,소매,G221,기타 상품 소매,G22199,그 외 기타 상품 전문 소매업,G47422,의복 액세서리 및 모조 장신구 소매업,41,경기도,41115,수원시 팔달구,41115740,행궁동,4111512200,팔달로3가,4111512200100270010,1,대지,27,10,경기도 수원시 팔달구 팔달로3가 27-10,411154328403,경기도 수원시 팔달구 팔달문로4번길,18,,4111512200100270010015980,수원뉴프라자,경기도 수원시 팔달구 팔달문로4번길 18,442023,16262,,,,127.017443144638,37.2766609844346
MA010120220802383195,유한책임회사하이모,안산지점,G2,소매,G221,기타 상품 소매,G22199,그 외 기타 상품 전문 소매업,G47422,의복 액세서리 및 모조 장신구 소매업,41,경기도,41273,안산시 단원구,41273535,호수동,4127310100,고잔동,4127310100107290000,1,대지,729,,경기도 안산시 단원구 고잔동 729,412733190012,경기도 안산시 단원구 광덕4로,220,,4127310100107290000032528,밀레니엄프라자,경기도 안산시 단원구 광덕4로 220,425809,15464,,,,126.837021796023,37.3145017334534
MA010120220802412056,고려인삼한약방,,G2,소매,G221,기타 상품 소매,G22199,그 외 기타 상품 전문 소매업,G47859,그 외 기타 분류 안된 상품 전문 소매업,41,경기도,41220,평택시,41220610,통복동,4122011400,통복동,4122011400100670006,1,대지,67,6,경기도 평택시 통복동 67-6,412204364812,경기도 평택시 통복시장로21번길,22,,4122011400100670006012769,,경기도 평택시 통복시장로21번길 22,450040,17893,,,,127.084109804504,36.9975016337766
MA010120220802374730,선샤인트레이드,,G2,소매,G221,기타 상품 소매,G22199,그 외 기타 상품 전문 소매업,G47859,그 외 기타 분류 안된 상품 전문 소매업,41,경기도,41590,화성시,41590550,반월동,4159012000,반월동,4159012000108640001,1,대지,864,1,경기도 화성시 반월동 864-1,415904430970,경기도 화성시 영통로61번길,6,,4159012000008640001028768,제일프라자,경기도 화성시 영통로61번길 6,445330,18377,,4,,127.061305145821,37.2354777298511
MA010120220802400697,거봉,,G2,소매,G221,기타 상품 소매,G22199,그 외 기타 상품 전문 소매업,G47859,그 외 기타 분류 안된 상품 전문 소매업,41,경기도,41590,화성시,41590259,향남읍,4159025924,향남읍,4159025924110500000,1,대지,1050,,경기도 화성시 향남읍 상신리 1050,415903210059,경기도 화성시 향남읍 상신로,104,,4159025924110500000000001,계분사,경기도 화성시 향남읍 상신로 104,445937,18582,,,,126.880846859458,37.0864708541936
MA010120220802407289,팔공농약사,,G2,소매,G221,기타 상품 소매,G22199,그 외 기타 상품 전문 소매업,G47859,그 외 기타 분류 안된 상품 전문 소매업,27,대구광역시,27140,동구,27140620,불로.봉무동,2714010600,불로동,2714010600106030004,1,대지,603,4,대구광역시 동구 불로동 603-4,271403000048,대구광역시 동구 팔공로,108,,2714010600106030004001899,,대구광역시 동구 팔공로 108,701807,41037,,,,128.641232260088,35.9083315182974
MA010120220802419971,청룡한약방,,G2,소매,G221,기타 상품 소매,G22199,그 외 기타 상품 전문 소매업,G47859,그 외 기타 분류 안된 상품 전문 소매업,41,경기도,41115,수원시 팔달구,41115720,우만2동,4111514000,우만동,4111514000101010001,1,대지,101,1,경기도 수원시 팔달구 우만동 101-1,411154328314,경기도 수원시 팔달구 중부대로223번길,26,,4111514000101010001014915,,경기도 수원시 팔달구 중부대로223번길 26,442816,16497,,2,,127.041042880113,37.2770065603651
MA010120220802381050,우진엠앤아이,,G2,소매,G221,기타 상품 소매,G22199,그 외 기타 상품 전문 소매업,G47859,그 외 기타 분류 안된 상품 전문 소매업,41,경기도,41390,시흥시,41390591,정왕1동,4139013200,정왕동,4139013200113670001,1,대지,1367,1,경기도 시흥시 정왕동 1367-1,413902199001,경기도 시흥시 공단1대로,244,,4139013200113670001016345,시화유통상가,경기도 시흥시 공단1대로 244,429853,15103,,1,,126.728445299906,37.3353324328239
MA010120220802388219,핀테크토건,,G2,소매,G221,기타 상품 소매,G22199,그 외 기타 상품 전문 소매업,G47859,그 외 기타 분류 안된 상품 전문 소매업,41,경기도,41273,안산시 단원구,41273570,초지동,4127310700,초지동,4127310700107420002,1,대지,742,2,경기도 안산시 단원구 초지동 742-2,412733191064,경기도 안산시 단원구 원포공원1로,64,,4127310700107420002042313,키즈타워,경기도 안산시 단원구 원포공원1로 64,425856,15455,,,,126.8109679847,37.3032811512513
MA010120220802420974,에스에스소방,,G2,소매,G221,기타 상품 소매,G22199,그 외 기타 상품 전문 소매업,G47859,그 외 기타 분류 안된 상품 전문 소매업,41,경기도,41113,수원시 권선구,41113540,세류3동,4111312600,세류동,4111312600110750010,1,대지,1075,10,경기도 수원시 권선구 세류동 1075-10,411133175029,경기도 수원시 권선구 세권로,134,,4111312600110750010031105,,경기도 수원시 권선구 세권로 134,441878,16579,,,,127.01900544042,37.2567927734985
MA010120220802382036,군자농협대부경제사업소,,G2,소매,G221,기타 상품 소매,G22199,그 외 기타 상품 전문 소매업,G47859,그 외 기타 분류 안된 상품 전문 소매업,41,경기도,41273,안산시 단원구,41273610,대부동,4127311000,대부동동,4127311000114900002,1,대지,1490,2,경기도 안산시 단원구 대부동동 1490-2,412733191018,경기도 안산시 단원구 대부중앙로,141,,4127311000114900002000001,,경기도 안산시 단원구 대부중앙로 141,425320,15644,,,,126.589324357781,37.2416564686828
MA010120220802410876,코디,,G2,소매,G221,기타 상품 소매,G22199,그 외 기타 상품 전문 소매업,G47422,의복 액세서리 및 모조 장신구 소매업,41,경기도,41461,용인시 처인구,41461510,중앙동,4146110100,김량장동,4146110100100230001,1,대지,23,1,경기도 용인시 처인구 김량장동 23-1,414612012012,경기도 용인시 처인구 중부대로,1486,,4146110100100230001010139,용인터미널,경기도 용인시 처인구 중부대로 1486,449924,17063,,,,127.210423285316,37.2323241963201
MA010120220802413343,예지유통,,G2,소매,G221,기타 상품 소매,G22199,그 외 기타 상품 전문 소매업,G47859,그 외 기타 분류 안된 상품 전문 소매업,29,광주광역시,29200,광산구,29200640,하남동,2920012400,흑석동,2920012400100480002,1,대지,48,2,광주광역시 광산구 흑석동 48-2,292003163014,광주광역시 광산구 사암로,435,2,2920012400100480002024281,,광주광역시 광산구 사암로 435-2,506250,62233,,,,126.809033856852,35.1832792699367
MA010120220802432497,티더스타,,G2,소매,G221,기타 상품 소매,G22199,그 외 기타 상품 전문 소매업,G47859,그 외 기타 분류 안된 상품 전문 소매업,11,서울특별시,11650,서초구,11650651,양재1동,1165010200,양재동,1165010200100110006,1,대지,11,6,서울특별시 서초구 양재동 11-6,116504163086,서울특별시 서초구 남부순환로350길,19,7,1165010200100110006007632,아이비타워,서울특별시 서초구 남부순환로350길 19-7,137887,06737,,5,,127.035988813329,37.4841356770929
MA010120220802448187,현이,,G2,소매,G221,기타 상품 소매,G22199,그 외 기타 상품 전문 소매업,G47859,그 외 기타 분류 안된 상품 전문 소매업,41,경기도,41135,성남시 분당구,41135545,정자동,4113510300,정자동,4113510300100670015,1,대지,67,15,경기도 성남시 분당구 정자동 67-15,411354340043,경기도 성남시 분당구 느티로63번길,10,1,4113510300100670015047219,,경기도 성남시 분당구 느티로63번길 10-1,463874,13610,,,,127.111945021864,37.3694337291057
MA010120220802454837,팔달불교사,,G2,소매,G221,기타 상품 소매,G22199,그 외 기타 상품 전문 소매업,G47859,그 외 기타 분류 안된 상품 전문 소매업,41,경기도,41115,수원시 팔달구,41115740,행궁동,4111512700,남수동,4111512700100110668,1,대지,11,668,경기도 수원시 팔달구 남수동 11-668,411152012001,경기도 수원시 팔달구 창룡대로,86,,4111512700100110668018757,,경기도 수원시 팔달구 창룡대로 86,442170,16256,,,,127.023467171501,37.2860938271041
MA010120220802435931,영진라이닝,,G2,소매,G221,기타 상품 소매,G22199,그 외 기타 상품 전문 소매업,G45212,자동차용 전용 신품 부품 판매업,41,경기도,41461,용인시 처인구,41461530,유림동,4146110500,유방동,4146110500105190001,1,대지,519,1,경기도 용인시 처인구 유방동 519-1,414612012009,경기도 용인시 처인구 백옥대로,1238,,4146110500105190001238214,,경기도 용인시 처인구 백옥대로 1238,449935,17043,,,,127.213265838796,37.2453211812716
MA010120220802448480,금강커피,,G2,소매,G221,기타 상품 소매,G22199,그 외 기타 상품 전문 소매업,G47859,그 외 기타 분류 안된 상품 전문 소매업,44,충청남도,44825,태안군,44825250,태안읍,4482525024,태안읍,4482525024103210014,1,대지,321,14,충청남도 태안군 태안읍 남산리 321-14,448252264001,충청남도 태안군 태안읍 안면대로,285,9,4482525024103210014006038,,충청남도 태안군 태안읍 안면대로 285-9,357903,32146,,,,126.287032022267,36.7234971376286
MA010120220802451890,수원종묘사,,G2,소매,G221,기타 상품 소매,G22199,그 외 기타 상품 전문 소매업,G47859,그 외 기타 분류 안된 상품 전문 소매업,41,경기도,41115,수원시 팔달구,41115740,행궁동,4111512100,팔달로2가,4111512100101440000,1,대지,144,,경기도 수원시 팔달구 팔달로2가 144,411153175035,경기도 수원시 팔달구 수원천로,275,,4111512100101440000010964,,경기도 수원시 팔달구 수원천로 275,442022,16257,,,,127.018514627148,37.2779402986895
MA010120220802452049,드림원,,G2,소매,G221,기타 상품 소매,G22199,그 외 기타 상품 전문 소매업,G47859,그 외 기타 분류 안된 상품 전문 소매업,41,경기도,41115,수원시 팔달구,41115730,인계동,4111514100,인계동,4111514100109570000,1,대지,957,,경기도 수원시 팔달구 인계동 957,411153175043,경기도 수원시 팔달구 장다리로,276,,4111514100109570000015058,동부프라자,경기도 수원시 팔달구 장다리로 276,442832,16481,,,,127.028221482657,37.2739647947496
MA010120220802430705,대성유통,,G2,소매,G221,기타 상품 소매,G22199,그 외 기타 상품 전문 소매업,G47859,그 외 기타 분류 안된 상품 전문 소매업,41,경기도,41461,용인시 처인구,41461259,남사읍,4146125926,남사읍,4146125926102080003,1,대지,208,3,경기도 용인시 처인구 남사읍 원암리 208-3,414613012056,경기도 용인시 처인구 남사읍 천덕산로,410,,4146132026102080003006624,,경기도 용인시 처인구 남사읍 천덕산로 410,449881,17124,,,,127.142609001523,37.0953565295168
MA010120220802422196,조인에스,,G2,소매,G221,기타 상품 소매,G22199,그 외 기타 상품 전문 소매업,G47859,그 외 기타 분류 안된 상품 전문 소매업,41,경기도,41171,안양시 만안구,41171560,안양6동,4117110100,안양동,4117110100105120004,1,대지,512,4,경기도 안양시 만안구 안양동 512-4,411713182015,경기도 안양시 만안구 수리산로,62,,4117110100105120004010152,,경기도 안양시 만안구 수리산로 62,430826,14034,,,,126.932607272835,37.38953331831
MA010120220802424772,경동약초,,G2,소매,G221,기타 상품 소매,G22199,그 외 기타 상품 전문 소매업,G47859,그 외 기타 분류 안된 상품 전문 소매업,41,경기도,41115,수원시 팔달구,41115740,행궁동,4111512700,남수동,4111512700100950005,1,대지,95,5,경기도 수원시 팔달구 남수동 95-5,411153175035,경기도 수원시 팔달구 수원천로,292,,4111512700100950005050773,,경기도 수원시 팔달구 수원천로 292,442170,16256,,,,127.018887124513,37.2795440908836
MA010120220802424795,수원약초,,G2,소매,G221,기타 상품 소매,G22199,그 외 기타 상품 전문 소매업,G47859,그 외 기타 분류 안된 상품 전문 소매업,41,경기도,41115,수원시 팔달구,41115740,행궁동,4111512700,남수동,4111512700100950011,1,대지,95,11,경기도 수원시 팔달구 남수동 95-11,411153175035,경기도 수원시 팔달구 수원천로,288,,4111512700100950011053167,,경기도 수원시 팔달구 수원천로 288,442170,16256,,,,127.018920877768,37.2792467423562
MA010120220802427683,다모이용,,G2,소매,G221,기타 상품 소매,G22199,그 외 기타 상품 전문 소매업,G47422,의복 액세서리 및 모조 장신구 소매업,41,경기도,41465,용인시 수지구,41465555,죽전3동,4146510200,죽전동,4146510200104510005,1,대지,451,5,경기도 용인시 수지구 죽전동 451-5,414653205001,경기도 용인시 수지구 대지로,20,,4146510200104510005028009,죽전빌딩,경기도 용인시 수지구 대지로 20,448160,16873,,,,127.112299582048,37.3270489957532
MA010120220802445714,고려원,,G2,소매,G221,기타 상품 소매,G22199,그 외 기타 상품 전문 소매업,G47859,그 외 기타 분류 안된 상품 전문 소매업,41,경기도,41115,수원시 팔달구,41115700,지동,4111513900,지동,4111513900101230008,1,대지,123,8,경기도 수원시 팔달구 지동 123-8,411152012012,경기도 수원시 팔달구 중부대로,65,,4111513900101230008015165,,경기도 수원시 팔달구 중부대로 65,442836,16246,,,,127.02400527322,37.2760561386638
MA010120220802425138,보령석재,,G2,소매,G221,기타 상품 소매,G22199,그 외 기타 상품 전문 소매업,G47859,그 외 기타 분류 안된 상품 전문 소매업,41,경기도,41461,용인시 처인구,41461540,동부동,4146110700,마평동,4146110700100470001,1,대지,47,1,경기도 용인시 처인구 마평동 47-1,414614409551,경기도 용인시 처인구 신송로131번길,14,1,4146110700100470001000001,,경기도 용인시 처인구 신송로131번길 14-1,449928,17150,,,,127.246465405212,37.2302093014614
MA010120220802439903,삼호실업,,G2,소매,G221,기타 상품 소매,G22199,그 외 기타 상품 전문 소매업,G47859,그 외 기타 분류 안된 상품 전문 소매업,41,경기도,41111,수원시 장안구,41111572,정자2동,4111113000,정자동,4111113000100370032,1,대지,37,32,경기도 수원시 장안구 정자동 37-32,411114322138,경기도 수원시 장안구 송정로60번길,16,1,4111113000100370032047187,,경기도 수원시 장안구 송정로60번길 16-1,440832,16312,,,,127.003924823972,37.2951875627424
MA010120220802431515,용인불교사,,G2,소매,G221,기타 상품 소매,G22199,그 외 기타 상품 전문 소매업,G47859,그 외 기타 분류 안된 상품 전문 소매업,41,경기도,41461,용인시 처인구,41461510,중앙동,4146110100,김량장동,4146110100101420021,1,대지,142,21,경기도 용인시 처인구 김량장동 142-21,414614409111,경기도 용인시 처인구 금령로117번길,21,,4146110100101420021214057,,경기도 용인시 처인구 금령로117번길 21,449924,17052,,,,127.208904155604,37.2371925287869
MA010120220802461224,월드그린에이원서비스,,G2,소매,G221,기타 상품 소매,G22199,그 외 기타 상품 전문 소매업,G47859,그 외 기타 분류 안된 상품 전문 소매업,41,경기도,41117,수원시 영통구,41117540,매탄4동,4111710100,매탄동,4111710100108330031,1,대지,833,31,경기도 수원시 영통구 매탄동 833-31,411174331073,경기도 수원시 영통구 매탄로160번길,7,2,4111710100108330031002429,,경기도 수원시 영통구 매탄로160번길 7-2,443802,16539,,1,,127.045714710724,37.2645885026611
MA010120220802471225,파티조아,,G2,소매,G221,기타 상품 소매,G22199,그 외 기타 상품 전문 소매업,G47859,그 외 기타 분류 안된 상품 전문 소매업,41,경기도,41590,화성시,41590530,병점1동,4159011700,병점동,4159011700103870004,1,대지,387,4,경기도 화성시 병점동 387-4,415903210028,경기도 화성시 떡전골로,73,,4159011700003870004020512,동동현빌딩,경기도 화성시 떡전골로 73,445360,18412,,,,127.034402745487,37.2051322667295
MA010120220802437746,남양농원,,G2,소매,G221,기타 상품 소매,G22199,그 외 기타 상품 전문 소매업,G47859,그 외 기타 분류 안된 상품 전문 소매업,41,경기도,41461,용인시 처인구,41461350,백암면,4146135021,백암면,4146135021103990000,1,대지,399,,경기도 용인시 처인구 백암면 백암리 399,414613203053,경기도 용인시 처인구 백암면 백원로,545,,4146135021103990000015661,,경기도 용인시 처인구 백암면 백원로 545,449862,17178,,,,127.37215150269,37.1654021157831
MA010120220802437778,한진종묘농약사,,G2,소매,G221,기타 상품 소매,G22199,그 외 기타 상품 전문 소매업,G47859,그 외 기타 분류 안된 상품 전문 소매업,41,경기도,41461,용인시 처인구,41461350,백암면,4146135021,백암면,4146135021104470005,1,대지,447,5,경기도 용인시 처인구 백암면 백암리 447-5,414614409329,경기도 용인시 처인구 백암면 백암로201번길,13,2,4146135021104470005014274,한진종묘옹약사,경기도 용인시 처인구 백암면 백암로201번길 13-2,449862,17178,,,,127.373307689815,37.1646956586925
MA010120220802443876,우주불교만물,,G2,소매,G221,기타 상품 소매,G22199,그 외 기타 상품 전문 소매업,G47859,그 외 기타 분류 안된 상품 전문 소매업,41,경기도,41115,수원시 팔달구,41115700,지동,4111513900,지동,4111513900101340034,1,대지,134,34,경기도 수원시 팔달구 지동 134-34,411153176015,경기도 수원시 팔달구 팔달문로,73,,4111513900101340034016868,,경기도 수원시 팔달구 팔달문로 73,442836,16244,,1,,127.024480175323,37.2801828045911
MA010120220802462081,내당한우,,G2,소매,G221,기타 상품 소매,G22199,그 외 기타 상품 전문 소매업,G47859,그 외 기타 분류 안된 상품 전문 소매업,11,서울특별시,11680,강남구,11680521,논현1동,1168010800,논현동,1168010800101980010,1,대지,198,10,서울특별시 강남구 논현동 198-10,116804166007,서울특별시 강남구 강남대로114길,20,,1168010800101980010027632,,서울특별시 강남구 강남대로114길 20,135827,06120,,2,,127.02587695605,37.505942690493
MA010120220802450488,한국농업시트,,G2,소매,G221,기타 상품 소매,G22199,그 외 기타 상품 전문 소매업,G47859,그 외 기타 분류 안된 상품 전문 소매업,41,경기도,41117,수원시 영통구,41117580,영통2동,4111710600,신동,4111710600104860000,1,대지,486,,경기도 수원시 영통구 신동 486,411173177010,경기도 수원시 영통구 신원로,88,,4111710600104860000000726,디지털엠파이어,경기도 수원시 영통구 신원로 88,443734,16681,,,,127.050269166527,37.247466833878
MA010120220802454163,팔달문인삼,,G2,소매,G221,기타 상품 소매,G22199,그 외 기타 상품 전문 소매업,G47859,그 외 기타 분류 안된 상품 전문 소매업,41,경기도,41115,수원시 팔달구,41115740,행궁동,4111512100,팔달로2가,4111512100100480006,1,대지,48,6,경기도 수원시 팔달구 팔달로2가 48-6,411153176015,경기도 수원시 팔달구 팔달문로,5,4,4111512100100480006010936,,경기도 수원시 팔달구 팔달문로 5-4,442022,16257,,,,127.018074822723,37.2777151066458
MA010120220802421235,휴바스,코리아,G2,소매,G221,기타 상품 소매,G22199,그 외 기타 상품 전문 소매업,G47859,그 외 기타 분류 안된 상품 전문 소매업,41,경기도,41610,광주시,41610590,오포2동,4161011900,매산동,4161011900106200001,1,대지,620,1,경기도 광주시 매산동 620-1,416103211017,경기도 광주시 양벌로,362,,4161025026106200001039320,,경기도 광주시 양벌로 362,464893,12798,,,,127.244949182419,37.3674039829581
MA010120220802421317,부강중기센타,,G2,소매,G221,기타 상품 소매,G22199,그 외 기타 상품 전문 소매업,G47859,그 외 기타 분류 안된 상품 전문 소매업,41,경기도,41115,수원시 팔달구,41115740,행궁동,4111512800,매향동,4111512800100100028,1,대지,10,28,경기도 수원시 팔달구 매향동 10-28,411154328328,경기도 수원시 팔달구 창룡대로103번길,90,,4111512800100100028019206,,경기도 수원시 팔달구 창룡대로103번길 90,442160,16254,,,,127.021053652365,37.285130169407
MA010120220802426445,88세탁기계재료,,G2,소매,G221,기타 상품 소매,G22199,그 외 기타 상품 전문 소매업,G47859,그 외 기타 분류 안된 상품 전문 소매업,41,경기도,41111,수원시 장안구,41111597,조원1동,4111113600,조원동,4111113600105190086,1,대지,519,86,경기도 수원시 장안구 조원동 519-86,411114322127,경기도 수원시 장안구 송정로184번길,7,,4111113600105190086038785,,경기도 수원시 장안구 송정로184번길 7,440845,16287,,,,127.016681237751,37.2985202897675
MA010120220802510519,길상농약,,G2,소매,G221,기타 상품 소매,G22199,그 외 기타 상품 전문 소매업,G47859,그 외 기타 분류 안된 상품 전문 소매업,28,인천광역시,28710,강화군,28710330,길상면,2871033021,길상면,2871033021105220014,1,대지,522,14,인천광역시 강화군 길상면 온수리 522-14,287104271529,인천광역시 강화군 길상면 온수길,47,,2871033021105220014024762,,인천광역시 강화군 길상면 온수길 47,417841,23050,,,,126.48943749936,37.6390800277335
MA010120220802512859,미하,,G2,소매,G221,기타 상품 소매,G22199,그 외 기타 상품 전문 소매업,G47859,그 외 기타 분류 안된 상품 전문 소매업,11,서울특별시,11440,마포구,11440690,망원1동,1144012300,망원동,1144012300103850036,1,대지,385,36,서울특별시 마포구 망원동 385-36,114403112014,서울특별시 마포구 동교로,63,6,1144012300103850036013818,,서울특별시 마포구 동교로 63-6,121821,04018,,1,,126.909395327023,37.5538710743597
MA010120220802476892,라미소방방재,,G2,소매,G221,기타 상품 소매,G22199,그 외 기타 상품 전문 소매업,G47859,그 외 기타 분류 안된 상품 전문 소매업,11,서울특별시,11560,영등포구,11560550,당산1동,1156011200,당산동2가,1156011200100300002,1,대지,30,2,서울특별시 영등포구 당산동2가 30-2,115603118022,서울특별시 영등포구 영등포로,109,,1156011200100300002030099,제,서울특별시 영등포구 영등포로 109,150723,07264,,1,,126.894399370198,37.522350648366
MA010120220802499117,인삼연쇄점,,G2,소매,G221,기타 상품 소매,G22199,그 외 기타 상품 전문 소매업,G47859,그 외 기타 분류 안된 상품 전문 소매업,41,경기도,41570,김포시,41570515,김포본동,4157010100,북변동,4157010100103810001,1,대지,381,1,경기도 김포시 북변동 381-1,415704427265,경기도 김포시 북변중로68번길,24,6,4157010100103810001020668,,경기도 김포시 북변중로68번길 24-6,415832,10098,,,,126.710825965815,37.6270003819472
MA010120220802486670,유한책임회사하이모,군산지점,G2,소매,G221,기타 상품 소매,G22199,그 외 기타 상품 전문 소매업,G47422,의복 액세서리 및 모조 장신구 소매업,52,전북특별자치도,52130,군산시,52130690,수송동,5213014100,수송동,5213014100108270001,1,대지,827,1,전북특별자치도 군산시 수송동 827-1,521303268030,전북특별자치도 군산시 문화로,96,,4513014100108270001000001,홍인빌딩,전북특별자치도 군산시 문화로 96,573370,54088,,4,,126.716270273769,35.9694943326179
MA010120220802515990,우리산약초나라,,G2,소매,G221,기타 상품 소매,G22199,그 외 기타 상품 전문 소매업,G47859,그 외 기타 분류 안된 상품 전문 소매업,46,전라남도,46110,목포시,46110510,용당1동,4611010200,산정동,4611010200110400382,1,대지,1040,382,전라남도 목포시 산정동 1040-382,461103281032,전라남도 목포시 산정로,195,,4611010200110400382012562,,전라남도 목포시 산정로 195,530807,58653,,,,126.390389024712,34.8055029325236
MA010120220802509067,강화인삼센타,,G2,소매,G221,기타 상품 소매,G22199,그 외 기타 상품 전문 소매업,G47859,그 외 기타 분류 안된 상품 전문 소매업,28,인천광역시,28710,강화군,28710250,강화읍,2871025025,강화읍,2871025025108440001,1,대지,844,1,인천광역시 강화군 강화읍 갑곳리 844-1,287102157001,인천광역시 강화군 강화읍 강화대로,335,,2871025025108460000002454,,인천광역시 강화군 강화읍 강화대로 335,417942,23027,,,,126.492519372773,37.7422091046471
MA010120220802474949,소묘,,G2,소매,G221,기타 상품 소매,G22199,그 외 기타 상품 전문 소매업,G47859,그 외 기타 분류 안된 상품 전문 소매업,30,대전광역시,30230,대덕구,30230543,송촌동,3023010700,송촌동,3023010700104690007,1,대지,469,7,대전광역시 대덕구 송촌동 469-7,302304304299,대전광역시 대덕구 송촌북로4번길,13,,3023010700104690007013230,,대전광역시 대덕구 송촌북로4번길 13,306813,34409,,1,,127.437665018352,36.3629374448839
MA010120220802509154,청룡마크사,,G2,소매,G221,기타 상품 소매,G22199,그 외 기타 상품 전문 소매업,G47859,그 외 기타 분류 안된 상품 전문 소매업,28,인천광역시,28710,강화군,28710250,강화읍,2871025024,강화읍,2871025024102220000,1,대지,222,,인천광역시 강화군 강화읍 남산리 222,287103150025,인천광역시 강화군 강화읍 중앙로,43,,2871025024102220000002437,,인천광역시 강화군 강화읍 중앙로 43,417805,23037,,,,126.490403078453,37.7397763911443
MA010120220802523879,부일미싱,,G2,소매,G221,기타 상품 소매,G22199,그 외 기타 상품 전문 소매업,G47859,그 외 기타 분류 안된 상품 전문 소매업,28,인천광역시,28237,부평구,28237570,산곡1동,2823710300,산곡동,2823710300100070004,1,대지,7,4,인천광역시 부평구 산곡동 7-4,282373154066,인천광역시 부평구 마장로,369,,2823710300100070004009006,,인천광역시 부평구 마장로 369,403832,21309,,,,126.703469184986,37.5111505357306
MA010120220802499668,고려인삼영농조합센타49호,,G2,소매,G221,기타 상품 소매,G22199,그 외 기타 상품 전문 소매업,G47859,그 외 기타 분류 안된 상품 전문 소매업,28,인천광역시,28710,강화군,28710250,강화읍,2871025025,강화읍,2871025025110760006,1,대지,1076,6,인천광역시 강화군 강화읍 갑곳리 1076-6,287102157001,인천광역시 강화군 강화읍 강화대로,96,,2871025025110760006018136,,인천광역시 강화군 강화읍 강화대로 96,417942,23026,,,,126.518953110087,37.7371844690474
MA010120220802499753,그린종묘농약사,,G2,소매,G221,기타 상품 소매,G22199,그 외 기타 상품 전문 소매업,G47859,그 외 기타 분류 안된 상품 전문 소매업,28,인천광역시,28710,강화군,28710250,강화읍,2871025021,강화읍,2871025021100050012,1,대지,5,12,인천광역시 강화군 강화읍 신문리 5-12,287103157016,인천광역시 강화군 강화읍 남문로,77,,2871025021100050012003887,,인천광역시 강화군 강화읍 남문로 77,417943,23035,,1,,126.487350729309,37.7447815021257
MA010120220802499984,심도농약,,G2,소매,G221,기타 상품 소매,G22199,그 외 기타 상품 전문 소매업,G47859,그 외 기타 분류 안된 상품 전문 소매업,28,인천광역시,28710,강화군,28710250,강화읍,2871025021,강화읍,2871025021100010006,1,대지,1,6,인천광역시 강화군 강화읍 신문리 1-6,287102157001,인천광역시 강화군 강화읍 강화대로,407,1,2871025021100010011001560,,인천광역시 강화군 강화읍 강화대로 407-1,417943,23035,,,,126.48588851513,37.7462166683199
MA010120220802509500,형제마크사,,G2,소매,G221,기타 상품 소매,G22199,그 외 기타 상품 전문 소매업,G47859,그 외 기타 분류 안된 상품 전문 소매업,28,인천광역시,28710,강화군,28710250,강화읍,2871025024,강화읍,2871025024102220000,1,대지,222,,인천광역시 강화군 강화읍 남산리 222,287103150025,인천광역시 강화군 강화읍 중앙로,43,,2871025024102220000002437,터미널상가,인천광역시 강화군 강화읍 중앙로 43,417805,23037,,1,,126.490403078453,37.7397763911443
MA010120220802509523,풍성농약사,,G2,소매,G221,기타 상품 소매,G22199,그 외 기타 상품 전문 소매업,G47859,그 외 기타 분류 안된 상품 전문 소매업,28,인천광역시,28710,강화군,28710250,강화읍,2871025024,강화읍,2871025024100400001,1,대지,40,1,인천광역시 강화군 강화읍 남산리 40-1,287103150025,인천광역시 강화군 강화읍 중앙로,31,,2871025024100400001002448,,인천광역시 강화군 강화읍 중앙로 31,417805,23037,,1,,126.490455665246,37.7403802619144
MA010120220802518121,에이에스디,코리아,G2,소매,G221,기타 상품 소매,G22199,그 외 기타 상품 전문 소매업,G47859,그 외 기타 분류 안된 상품 전문 소매업,41,경기도,41463,용인시 기흥구,41463590,보정동,4146311800,보정동,4146311800112620000,1,대지,1262,,경기도 용인시 기흥구 보정동 1262,414633204056,경기도 용인시 기흥구 죽현로,8,20,4146311800112620000023764,아이원프라자,경기도 용인시 기흥구 죽현로 8-20,446858,16897,,,,127.109660214903,37.3198702410319
MA010120220802521280,아이보리,,G2,소매,G221,기타 상품 소매,G22199,그 외 기타 상품 전문 소매업,G47859,그 외 기타 분류 안된 상품 전문 소매업,28,인천광역시,28177,미추홀구,28177640,주안3동,2817710500,주안동,2817710500107990004,1,대지,799,4,인천광역시 미추홀구 주안동 799-4,281772008004,인천광역시 미추홀구 인주대로,296,,2817010600107990004075824,,인천광역시 미추홀구 인주대로 296,402845,22213,,1,,126.669199517854,37.4518364724674
MA010120220802472914,블랙유통,,G2,소매,G221,기타 상품 소매,G22199,그 외 기타 상품 전문 소매업,G47859,그 외 기타 분류 안된 상품 전문 소매업,41,경기도,41590,화성시,41590570,화산동,4159012600,안녕동,4159012600101190011,1,대지,119,11,경기도 화성시 안녕동 119-11,415904430395,경기도 화성시 만년로929번길,3,,4159012600001190011014377,,경기도 화성시 만년로929번길 3,445380,18365,,1,,127.004967020476,37.1934865552407
MA010120220802476200,우주최강,,G2,소매,G221,기타 상품 소매,G22199,그 외 기타 상품 전문 소매업,G47859,그 외 기타 분류 안된 상품 전문 소매업,48,경상남도,48123,창원시 성산구,48123530,상남동,4812312700,상남동,4812312700100190008,1,대지,19,8,경상남도 창원시 성산구 상남동 19-8,481234784216,경상남도 창원시 성산구 원이대로682번길,40,,4812312700100190008026061,상남동상남위너스코아,경상남도 창원시 성산구 원이대로682번길 40,642832,51496,,1,,128.684923678904,35.2201319380312
MA010120220802501099,다온시스템,,G2,소매,G221,기타 상품 소매,G22199,그 외 기타 상품 전문 소매업,G47519,"페인트, 창호 및 기타 건설자재 소매업",11,서울특별시,11620,관악구,11620725,조원동,1162010200,신림동,1162010200105720004,1,대지,572,4,서울특별시 관악구 신림동 572-4,116202000003,서울특별시 관악구 남부순환로,1397,,1162010200105720004008950,,서울특별시 관악구 남부순환로 1397,151877,08765,,,,126.905899984729,37.4804996514526
MA010120220804086325,바람난풍선,,G2,소매,G221,기타 상품 소매,G22199,그 외 기타 상품 전문 소매업,G47859,그 외 기타 분류 안된 상품 전문 소매업,11,서울특별시,11740,강동구,11740610,천호2동,1174010900,천호동,1174010900104560009,1,대지,456,9,서울특별시 강동구 천호동 456-9,117402000008,서울특별시 강동구 천호대로,991,,1174010900104560009011955,,서울특별시 강동구 천호대로 991,134874,05248,,1,,127.122664677626,37.5392549552126
MA010120220804086371,석기원,,G2,소매,G221,기타 상품 소매,G22199,그 외 기타 상품 전문 소매업,G47859,그 외 기타 분류 안된 상품 전문 소매업,41,경기도,41610,광주시,41610340,퇴촌면,4161034025,퇴촌면,4161034025103150000,1,대지,315,,경기도 광주시 퇴촌면 도수리 315,416103211023,경기도 광주시 퇴촌면 천진암로,471,,4161034025103150000000001,,경기도 광주시 퇴촌면 천진암로 471,464982,12711,,,,127.321209863753,37.4660988647526
MA010120220804086042,마니아,,G2,소매,G221,기타 상품 소매,G22199,그 외 기타 상품 전문 소매업,G47859,그 외 기타 분류 안된 상품 전문 소매업,11,서울특별시,11230,동대문구,11230610,답십리2동,1123010500,답십리동,1123010500104880327,1,대지,488,327,서울특별시 동대문구 답십리동 488-327,112303105013,서울특별시 동대문구 전농로,12,,1123010500104880327019341,쌍마빌딩,서울특별시 동대문구 전농로 12,130032,02621,,1,,127.056006122814,37.5660650219069
MA010120220804088201,천호불교용품,,G2,소매,G221,기타 상품 소매,G22199,그 외 기타 상품 전문 소매업,G47859,그 외 기타 분류 안된 상품 전문 소매업,11,서울특별시,11740,강동구,11740610,천호2동,1174010900,천호동,1174010900102880021,1,대지,288,21,서울특별시 강동구 천호동 288-21,117404172301,서울특별시 강동구 올림픽로92길,19,,1174010900102880021008993,,서울특별시 강동구 올림픽로92길 19,134867,05318,,2,,127.127985855523,37.5477367175461
MA010120220804090254,트윈스유통,,G2,소매,G221,기타 상품 소매,G22199,그 외 기타 상품 전문 소매업,G47859,그 외 기타 분류 안된 상품 전문 소매업,41,경기도,41450,하남시,41450580,감북동,4145011300,감북동,4145011300104190021,1,대지,419,21,경기도 하남시 감북동 419-21,414503000124,경기도 하남시 서하남로,46,1,4145011300104190021010039,,경기도 하남시 서하남로 46-1,465819,12992,,,,127.148766990651,37.5159070479407
MA010120220804091026,반야불교용품,,G2,소매,G221,기타 상품 소매,G22199,그 외 기타 상품 전문 소매업,G47859,그 외 기타 분류 안된 상품 전문 소매업,11,서울특별시,11740,강동구,11740570,암사1동,1174010700,암사동,1174010700104250196,1,대지,425,196,서울특별시 강동구 암사동 425-196,117403016054,서울특별시 강동구 구천면로,353,,1174010700104250196014645,,서울특별시 강동구 구천면로 353,134854,05258,,1,,127.137847073833,37.5503655413385
MA010120220804087005,대영미싱,,G2,소매,G221,기타 상품 소매,G22199,그 외 기타 상품 전문 소매업,G47859,그 외 기타 분류 안된 상품 전문 소매업,11,서울특별시,11740,강동구,11740685,길동,1174010500,길동,1174010500103710019,1,대지,371,19,서울특별시 강동구 길동 371-19,117403124009,서울특별시 강동구 천중로,168,,1174010500103710019002570,,서울특별시 강동구 천중로 168,134813,05341,,1,,127.138701034782,37.5409671274239
MA010120220804079923,센스모,,G2,소매,G221,기타 상품 소매,G22199,그 외 기타 상품 전문 소매업,G47422,의복 액세서리 및 모조 장신구 소매업,11,서울특별시,11710,송파구,11710580,송파1동,1171010400,송파동,1171010400100190005,1,대지,19,5,서울특별시 송파구 송파동 19-5,117103123006,서울특별시 송파구 백제고분로,379,,1171010400100190005012960,남경빌딩,서울특별시 송파구 백제고분로 379,138848,05626,,3,,127.107703790194,37.5059594947044
MA010120220804082596,천우가발,,G2,소매,G221,기타 상품 소매,G22199,그 외 기타 상품 전문 소매업,G47422,의복 액세서리 및 모조 장신구 소매업,11,서울특별시,11740,강동구,11740620,천호3동,1174010900,천호동,1174010900104490049,1,대지,449,49,서울특별시 강동구 천호동 449-49,117402000008,서울특별시 강동구 천호대로,1073,,1174010900104490049010659,힐탑오피스텔,서울특별시 강동구 천호대로 1073,134785,05340,,8,,127.131338465582,37.5365606477099
MA010120220804088641,강동미싱,,G2,소매,G221,기타 상품 소매,G22199,그 외 기타 상품 전문 소매업,G47859,그 외 기타 분류 안된 상품 전문 소매업,11,서울특별시,11740,강동구,11740610,천호2동,1174010900,천호동,1174010900103220037,1,대지,322,37,서울특별시 강동구 천호동 322-37,117403123023,서울특별시 강동구 올림픽로,731,,1174010900103220037011130,,서울특별시 강동구 올림픽로 731,134868,05244,,,,127.126026342647,37.5466576271644
MA010120220804057353,유한책임회사하이모청담지점,,G2,소매,G221,기타 상품 소매,G22199,그 외 기타 상품 전문 소매업,G47422,의복 액세서리 및 모조 장신구 소매업,11,서울특별시,11680,강남구,11680545,압구정동,1168010700,신사동,1168010700106290031,1,대지,629,31,서울특별시 강남구 신사동 629-31,116802122001,서울특별시 강남구 도산대로,233,,1168010700106290031011242,명화빌딩,서울특별시 강남구 도산대로 233,135895,06026,,5,,127.032341582639,37.5214653962456
MA010120220804120059,훼밀리샵,,G2,소매,G221,기타 상품 소매,G22199,그 외 기타 상품 전문 소매업,G47859,그 외 기타 분류 안된 상품 전문 소매업,51,강원특별자치도,51110,춘천시,51110600,후평1동,5111012000,후평동,5111012000107150028,1,대지,715,28,강원특별자치도 춘천시 후평동 715-28,511103218049,강원특별자치도 춘천시 후석로,421,,4211012000107150028031933,,강원특별자치도 춘천시 후석로 421,200959,24251,,,,127.744309764369,37.8872279700713
MA010120220804141180,루미나사,코리아,G2,소매,G221,기타 상품 소매,G22199,그 외 기타 상품 전문 소매업,G47859,그 외 기타 분류 안된 상품 전문 소매업,11,서울특별시,11650,서초구,11650540,잠원동,1165010600,잠원동,1165010600100390015,1,대지,39,15,서울특별시 서초구 잠원동 39-15,116504163459,서울특별시 서초구 신반포로45길,22,,1165010600100390015019484,은양빌딩,서울특별시 서초구 신반포로45길 22,137905,06531,,1,,127.01886625692,37.5115572779776
MA010120220804132875,에이스물류,,G2,소매,G221,기타 상품 소매,G22199,그 외 기타 상품 전문 소매업,G47859,그 외 기타 분류 안된 상품 전문 소매업,41,경기도,41570,김포시,41570253,고촌읍,4157025323,고촌읍,4157025323109670004,1,대지,967,4,경기도 김포시 고촌읍 태리 967-4,415704427503,경기도 김포시 고촌읍 인향로210번길,53,,4157025323109670004024024,,경기도 김포시 고촌읍 인향로210번길 53,415817,10132,,,,126.754880333379,37.5858258765868
MA010120220804117392,다옴식품,,G2,소매,G221,기타 상품 소매,G22199,그 외 기타 상품 전문 소매업,G47859,그 외 기타 분류 안된 상품 전문 소매업,51,강원특별자치도,51150,강릉시,51150520,중앙동,5115010200,남문동,5115010200101170005,1,대지,117,5,강원특별자치도 강릉시 남문동 117-5,511504460261,강원특별자치도 강릉시 남문길,18,,4215010200101170005006185,,강원특별자치도 강릉시 남문길 18,210020,25538,,,,128.892576224851,37.7504559865497
MA010120220804141750,오뚜기상사,,G2,소매,G221,기타 상품 소매,G22199,그 외 기타 상품 전문 소매업,G47859,그 외 기타 분류 안된 상품 전문 소매업,41,경기도,41410,군포시,41410510,군포1동,4141010100,당동,4141010100107500019,1,대지,750,19,경기도 군포시 당동 750-19,414104400078,경기도 군포시 군포역1길,19,,4141010100107500019003671,,경기도 군포시 군포역1길 19,435814,15855,,1,,126.947368982915,37.3534727524118
MA010120220804120722,이글보트드론,,G2,소매,G221,기타 상품 소매,G22199,그 외 기타 상품 전문 소매업,G47859,그 외 기타 분류 안된 상품 전문 소매업,44,충청남도,44270,당진시,44270250,합덕읍,4427025021,합덕읍,4427025021102570007,1,대지,257,7,충청남도 당진시 합덕읍 운산리 257-7,442703265122,충청남도 당진시 합덕읍 덕평로,537,,4483025321102570007009965,,충청남도 당진시 합덕읍 덕평로 537,343907,31812,,,,126.77655958371,36.8069016645568
MA010120220804123335,기산당한약방,,G2,소매,G221,기타 상품 소매,G22199,그 외 기타 상품 전문 소매업,G47811,의약품 및 의료용품 소매업,52,전북특별자치도,52111,전주시 완산구,52111510,중앙동,5211111300,다가동1가,5211111300100600002,1,대지,60,2,전북특별자치도 전주시 완산구 다가동1가 60-2,521113266064,전북특별자치도 전주시 완산구 전라감영로,17,,4511111300100600002002459,,전북특별자치도 전주시 완산구 전라감영로 17,560051,55038,,,,127.141389882274,35.8146595123707
MA010120220804102021,레드존,,G2,소매,G221,기타 상품 소매,G22199,그 외 기타 상품 전문 소매업,G47859,그 외 기타 분류 안된 상품 전문 소매업,11,서울특별시,11740,강동구,11740685,길동,1174010500,길동,1174010500104130046,1,대지,413,46,서울특별시 강동구 길동 413-46,117402000006,서울특별시 강동구 양재대로,1453,,1174010500104130046003160,,서울특별시 강동구 양재대로 1453,134814,05353,,,,127.138872317916,37.5357050886038
MA010120220804123385,케이지그린,,G2,소매,G221,기타 상품 소매,G22199,그 외 기타 상품 전문 소매업,G47859,그 외 기타 분류 안된 상품 전문 소매업,47,경상북도,47130,경주시,47130256,건천읍,4713025625,건천읍,4713025625103660000,1,대지,366,,경상북도 경주시 건천읍 천포리 366,471304716025,경상북도 경주시 건천읍 작원3길,81,7,4713025625103660000040902,전원타운,경상북도 경주시 건천읍 작원3길 81-7,780901,38178,,2,,129.099269399548,35.8550791809307
MA010120220804102571,엘리,,G2,소매,G221,기타 상품 소매,G22199,그 외 기타 상품 전문 소매업,G47859,그 외 기타 분류 안된 상품 전문 소매업,11,서울특별시,11740,강동구,11740640,성내1동,1174010800,성내동,1174010800104660000,1,대지,466,,서울특별시 강동구 성내동 466,117404172163,서울특별시 강동구 성내로14길,37,,1174010800104660000007219,,서울특별시 강동구 성내로14길 37,134848,05402,,1,,127.126433252151,37.5262765726767
MA010120220804131525,에스제이유통,,G2,소매,G221,기타 상품 소매,G22199,그 외 기타 상품 전문 소매업,G47859,그 외 기타 분류 안된 상품 전문 소매업,51,강원특별자치도,51230,삼척시,51230530,교동,5123010900,우지동,5123010900100190000,1,대지,19,,강원특별자치도 삼척시 우지동 19,512303224020,강원특별자치도 삼척시 새천년도로,673,1,4223010900100190000000001,,강원특별자치도 삼척시 새천년도로 673-1,245930,25909,,3,,129.156624128614,37.4619512192232
MA010120220804106141,성훈미싱부속,,G2,소매,G221,기타 상품 소매,G22199,그 외 기타 상품 전문 소매업,G47859,그 외 기타 분류 안된 상품 전문 소매업,11,서울특별시,11740,강동구,11740600,천호1동,1174010900,천호동,1174010900102240050,1,대지,224,50,서울특별시 강동구 천호동 224-50,117403124003,서울특별시 강동구 상암로,122,,1174010900102240050013027,,서울특별시 강동구 상암로 122,134866,05310,,,,127.135984074561,37.5464663799487
MA010120220804158911,러블리즈엠,,G2,소매,G221,기타 상품 소매,G22199,그 외 기타 상품 전문 소매업,G47859,그 외 기타 분류 안된 상품 전문 소매업,30,대전광역시,30200,유성구,30200520,진잠동,3020010400,용계동,3020010400106640004,1,대지,664,4,대전광역시 유성구 용계동 664-4,302003166057,대전광역시 유성구 도안북로,85,31,3020010400106640004000001,스타타워,대전광역시 유성구 도안북로 85-31,305363,34218,,1,,127.337551514374,36.3316489479095
MA010120220804167500,선삼서초동판매점,,G2,소매,G221,기타 상품 소매,G22199,그 외 기타 상품 전문 소매업,G47859,그 외 기타 분류 안된 상품 전문 소매업,11,서울특별시,11650,서초구,11650510,서초1동,1165010800,서초동,1165010800114450003,1,대지,1445,3,서울특별시 서초구 서초동 1445-3,116503121021,서울특별시 서초구 효령로,304,,1165010800114450003024144,국제전자센터,서울특별시 서초구 효령로 304,137728,06720,,5,,127.017807990612,37.4847344817979
MA010120220804153335,강화초지인삼센터,,G2,소매,G221,기타 상품 소매,G22199,그 외 기타 상품 전문 소매업,G47859,그 외 기타 분류 안된 상품 전문 소매업,28,인천광역시,28710,강화군,28710330,길상면,2871033024,길상면,2871033024112510363,1,대지,1251,363,인천광역시 강화군 길상면 초지리 1251-363,287103157036,인천광역시 강화군 길상면 초지로,151,,2871033024112510363000001,,인천광역시 강화군 길상면 초지로 151,417843,23052,,,,126.533099010866,37.6270346236541
MA010120220804163123,에이치엔씨,,G2,소매,G221,기타 상품 소매,G22199,그 외 기타 상품 전문 소매업,G47859,그 외 기타 분류 안된 상품 전문 소매업,11,서울특별시,11650,서초구,11650600,방배1동,1165010100,방배동,1165010100108950016,1,대지,895,16,서울특별시 서초구 방배동 895-16,116502121002,서울특별시 서초구 서초대로,122,,1165010100108950016015508,,서울특별시 서초구 서초대로 122,137841,06664,,B1,,126.9957824311,37.4880154184472
MA010120220804177133,소람가발명가,,G2,소매,G221,기타 상품 소매,G22199,그 외 기타 상품 전문 소매업,G47422,의복 액세서리 및 모조 장신구 소매업,52,전북특별자치도,52111,전주시 완산구,52111530,풍남동,5211110700,경원동3가,5211110700100640006,1,대지,64,6,전북특별자치도 전주시 완산구 경원동3가 64-6,521113266077,전북특별자치도 전주시 완산구 팔달로,192,,4511110700100640006030935,,전북특별자치도 전주시 완산구 팔달로 192,560023,55000,,2,,127.146776215299,35.819384673369
MA010120220804148247,금성상사,,G2,소매,G221,기타 상품 소매,G22199,그 외 기타 상품 전문 소매업,G45212,자동차용 전용 신품 부품 판매업,47,경상북도,47130,경주시,47130256,건천읍,4713025621,건천읍,4713025621116540000,1,대지,1654,,경상북도 경주시 건천읍 대곡리 1654,471304715905,경상북도 경주시 건천읍 용명공단길,84,,4713025621116540000000001,,경상북도 경주시 건천읍 용명공단길 84,780903,38055,,,,129.109195410391,35.855409868758
MA010120220804180649,에이플러스네트웍,,G2,소매,G221,기타 상품 소매,G22199,그 외 기타 상품 전문 소매업,G47859,그 외 기타 분류 안된 상품 전문 소매업,11,서울특별시,11650,서초구,11650530,서초3동,1165010800,서초동,1165010800115950002,1,대지,1595,2,서울특별시 서초구 서초동 1595-2,116504163228,서울특별시 서초구 반포대로18길,56,,1165010800115950002020757,센츄리,서울특별시 서초구 반포대로18길 56,137876,06651,,,,127.013398817871,37.4871137259318
MA010120220804181056,하나플랙,,G2,소매,G221,기타 상품 소매,G22199,그 외 기타 상품 전문 소매업,G47859,그 외 기타 분류 안된 상품 전문 소매업,11,서울특별시,11740,강동구,11740530,명일1동,1174010100,명일동,1174010100103460005,1,대지,346,5,서울특별시 강동구 명일동 346-5,117403124003,서울특별시 강동구 상암로,198,,1174010100103460005019552,태양빌딩,서울특별시 강동구 상암로 198,134830,05296,,,,127.144346139708,37.5462402144636
MA010120220804169506,다원,,G2,소매,G221,기타 상품 소매,G22199,그 외 기타 상품 전문 소매업,G47859,그 외 기타 분류 안된 상품 전문 소매업,41,경기도,41113,수원시 권선구,41113700,입북동,4111314100,당수동,4111314100102280000,1,대지,228,,경기도 수원시 권선구 당수동 228,411134325165,경기도 수원시 권선구 당진로22번길,48,,4111314100102280000022503,,경기도 수원시 권선구 당진로22번길 48,441470,16375,,,,126.943476800961,37.2907950884876
MA010120220804146133,기장교리불교전시장,,G2,소매,G221,기타 상품 소매,G22199,그 외 기타 상품 전문 소매업,G47859,그 외 기타 분류 안된 상품 전문 소매업,26,부산광역시,26710,기장군,26710250,기장읍,2671025022,기장읍,2671025022100280003,1,대지,28,3,부산광역시 기장군 기장읍 교리 28-3,267104220324,부산광역시 기장군 기장읍 차성로417번길,25,,2671025022100280003004103,,부산광역시 기장군 기장읍 차성로417번길 25,619901,46053,,,,129.215744110668,35.2564624167956
MA010120220804173109,모터치,,G2,소매,G221,기타 상품 소매,G22199,그 외 기타 상품 전문 소매업,G47859,그 외 기타 분류 안된 상품 전문 소매업,11,서울특별시,11650,서초구,11650530,서초3동,1165010800,서초동,1165010800115880007,1,대지,1588,7,서울특별시 서초구 서초동 1588-7,116504163646,서울특별시 서초구 효령로53길,18,,1165010800115880007021210,석탑오피스텔,서울특별시 서초구 효령로53길 18,137876,06654,,10,,127.013975175407,37.4855008544621
MA010120220804203805,조화불교사,,G2,소매,G221,기타 상품 소매,G22199,그 외 기타 상품 전문 소매업,G47859,그 외 기타 분류 안된 상품 전문 소매업,52,전북특별자치도,52111,전주시 완산구,52111530,풍남동,5211111100,전동,5211111100100250000,1,대지,25,,전북특별자치도 전주시 완산구 전동 25,521113266077,전북특별자치도 전주시 완산구 팔달로,152,,4511111100100210001018715,,전북특별자치도 전주시 완산구 팔달로 152,560040,55042,,1,,127.148053397017,35.8159132551091
MA010120220804206523,대한그린바이오,,G2,소매,G221,기타 상품 소매,G22199,그 외 기타 상품 전문 소매업,G47859,그 외 기타 분류 안된 상품 전문 소매업,52,전북특별자치도,52180,정읍시,52180580,농소동,5218010600,농소동,5218010600104720012,1,대지,472,12,전북특별자치도 정읍시 농소동 472-12,521803270055,전북특별자치도 정읍시 벚꽃로,148,,4518010600104720012082821,,전북특별자치도 정읍시 벚꽃로 148,580090,56155,,,,126.835489285549,35.5754127759651
MA010120220804211932,유한책임회사하이모레이디,서초점,G2,소매,G221,기타 상품 소매,G22199,그 외 기타 상품 전문 소매업,G47422,의복 액세서리 및 모조 장신구 소매업,11,서울특별시,11650,서초구,11650651,양재1동,1165010200,양재동,1165010200100130004,1,대지,13,4,서울특별시 서초구 양재동 13-4,116502102001,서울특별시 서초구 강남대로,216,,1165010200100130005005111,동양재프라자,서울특별시 서초구 강남대로 216,137888,06736,,4,,127.035717138293,37.4834690132016
MA010120220804211001,유한책임회사하이모,잠실지점,G2,소매,G221,기타 상품 소매,G22199,그 외 기타 상품 전문 소매업,G47422,의복 액세서리 및 모조 장신구 소매업,11,서울특별시,11710,송파구,11710600,석촌동,1171010500,석촌동,1171010500101740002,1,대지,174,2,서울특별시 송파구 석촌동 174-2,117103123006,서울특별시 송파구 백제고분로,365,,1171010500101740007009726,태문빌딩,서울특별시 송파구 백제고분로 365,138844,05616,,9,,127.106300386165,37.5052669922044
MA010120220804223010,사우스이스트아시아테크주,,G2,소매,G221,기타 상품 소매,G22199,그 외 기타 상품 전문 소매업,G47859,그 외 기타 분류 안된 상품 전문 소매업,11,서울특별시,11650,서초구,11650531,서초4동,1165010800,서초동,1165010800116970012,1,대지,1697,12,서울특별시 서초구 서초동 1697-12,116504163419,서울특별시 서초구 서초대로55길,17,,1165010800116970012020235,중추빌딩,서울특별시 서초구 서초대로55길 17,137883,06604,,,,127.01510800692,37.4961956742611
MA010120220804199355,성일,,G2,소매,G221,기타 상품 소매,G22199,그 외 기타 상품 전문 소매업,G47859,그 외 기타 분류 안된 상품 전문 소매업,48,경상남도,48840,남해군,48840360,서면,4884036029,서면,4884036029108430000,1,대지,843,,경상남도 남해군 서면 정포리 843,488404829365,경상남도 남해군 서면 정포로260번길,13,,4884036029108430000043088,,경상남도 남해군 서면 정포로260번길 13,668872,52406,,,,127.836273147902,34.8822423460092
MA010120220804211371,유한책임회사하이모서,초지점,G2,소매,G221,기타 상품 소매,G22199,그 외 기타 상품 전문 소매업,G47422,의복 액세서리 및 모조 장신구 소매업,11,서울특별시,11650,서초구,11650651,양재1동,1165010200,양재동,1165010200100130004,1,대지,13,4,서울특별시 서초구 양재동 13-4,116502102001,서울특별시 서초구 강남대로,216,,1165010200100130005005111,양재프라자,서울특별시 서초구 강남대로 216,137888,06736,,4,,127.035717138293,37.4834690132016
MA010120220803884214,청춘구락부,,G2,소매,G221,기타 상품 소매,G22199,그 외 기타 상품 전문 소매업,G47859,그 외 기타 분류 안된 상품 전문 소매업,41,경기도,41360,남양주시,41360530,금곡동,4136010300,금곡동,4136010300106850003,1,대지,685,3,경기도 남양주시 금곡동 685-3,413604391789,경기도 남양주시 홍유릉로325번길,22,,4136010300106850003007243,,경기도 남양주시 홍유릉로325번길 22,472809,12236,,1,,127.202879781789,37.6324871118864
MA010120220803882186,퍼시픽코퍼레이션,,G2,소매,G221,기타 상품 소매,G22199,그 외 기타 상품 전문 소매업,G47859,그 외 기타 분류 안된 상품 전문 소매업,11,서울특별시,11290,성북구,11290660,길음1동,1129013400,길음동,1129013400105410019,1,대지,541,19,서울특별시 성북구 길음동 541-19,112904121006,서울특별시 성북구 길음로1길,10,,1129013400105410019026656,,서울특별시 성북구 길음로1길 10,136802,02722,,,,127.023849762167,37.603908597566
MA010120220803889804,이대미싱,,G2,소매,G221,기타 상품 소매,G22199,그 외 기타 상품 전문 소매업,G47859,그 외 기타 분류 안된 상품 전문 소매업,11,서울특별시,11290,성북구,11290610,보문동,1129012700,보문동5가,1129012700100200000,1,대지,20,,서울특별시 성북구 보문동5가 20,112904121691,서울특별시 성북구 지봉로20길,25,,1129012700100200000037653,,서울특별시 성북구 지봉로20길 25,136085,02872,,1,,127.018499513222,37.5837003122163
MA010120220803885023,석관만물,,G2,소매,G221,기타 상품 소매,G22199,그 외 기타 상품 전문 소매업,G47859,그 외 기타 분류 안된 상품 전문 소매업,11,서울특별시,11290,성북구,11290810,석관동,1129013900,석관동,1129013900100710020,1,대지,71,20,서울특별시 성북구 석관동 71-20,112903005038,서울특별시 성북구 한천로,557,1,1129013900100710020003986,우측,서울특별시 성북구 한천로 557-1,136816,02784,,1,,127.063592926994,37.6096511983132
MA010120220803908636,조은약초,,G2,소매,G221,기타 상품 소매,G22199,그 외 기타 상품 전문 소매업,G47859,그 외 기타 분류 안된 상품 전문 소매업,11,서울특별시,11230,동대문구,11230545,제기동,1123010300,제기동,1123010300102870006,1,대지,287,6,서울특별시 동대문구 제기동 287-6,112304115651,서울특별시 동대문구 홍릉로15길,30,,1123010300102870006033110,층,서울특별시 동대문구 홍릉로15길 30,130862,02480,,5,,127.041709767889,37.5854062797771
MA010120220803917901,길음만물,,G2,소매,G221,기타 상품 소매,G22199,그 외 기타 상품 전문 소매업,G47859,그 외 기타 분류 안된 상품 전문 소매업,11,서울특별시,11290,성북구,11290660,길음1동,1129013400,길음동,1129013400108770182,1,대지,877,182,서울특별시 성북구 길음동 877-182,112903107003,서울특별시 성북구 동소문로,225,,1129013400108770182026585,,서울특별시 성북구 동소문로 225,136111,02721,,,,127.021992014566,37.6022060866138
MA010120220803918240,미아만물,,G2,소매,G221,기타 상품 소매,G22199,그 외 기타 상품 전문 소매업,G47859,그 외 기타 분류 안된 상품 전문 소매업,11,서울특별시,11290,성북구,11290660,길음1동,1129013400,길음동,1129013400108770183,1,대지,877,183,서울특별시 성북구 길음동 877-183,112903107003,서울특별시 성북구 동소문로,225,7,1129013400108770181026588,,서울특별시 성북구 동소문로 225-7,136111,02721,,,,127.02165226385,37.6021430800998
MA010120220803885156,여디야,,G2,소매,G221,기타 상품 소매,G22199,그 외 기타 상품 전문 소매업,G47859,그 외 기타 분류 안된 상품 전문 소매업,11,서울특별시,11680,강남구,11680521,논현1동,1168010800,논현동,1168010800102030001,1,대지,203,1,서울특별시 강남구 논현동 203-1,116803122004,서울특별시 강남구 봉은사로,129,,1168010800102030001000001,거평타운,서울특별시 강남구 봉은사로 129,135726,06121,,,,127.028319878398,37.5059241099778
MA010120220803885169,창대모바일,,G2,소매,G221,기타 상품 소매,G22199,그 외 기타 상품 전문 소매업,G47859,그 외 기타 분류 안된 상품 전문 소매업,11,서울특별시,11290,성북구,11290810,석관동,1129013900,석관동,1129013900101330033,1,대지,133,33,서울특별시 성북구 석관동 133-33,112904121784,서울특별시 성북구 화랑로40길,40,,1129013900101330033002929,,서울특별시 성북구 화랑로40길 40,136817,02781,,5,,127.063765971699,37.6133541694159
MA010120220803887696,노다지수석원,,G2,소매,G221,기타 상품 소매,G22199,그 외 기타 상품 전문 소매업,G47859,그 외 기타 분류 안된 상품 전문 소매업,43,충청북도,43130,충주시,43130370,앙성면,4313037034,앙성면,4313037034103340003,1,대지,334,3,충청북도 충주시 앙성면 능암리 334-3,431303197001,충청북도 충주시 앙성면 가곡로,1698,,4313037034103340003055595,,충청북도 충주시 앙성면 가곡로 1698,380863,27302,,,,127.817987573077,37.0818536173654
MA010120220803914267,대신미싱,,G2,소매,G221,기타 상품 소매,G22199,그 외 기타 상품 전문 소매업,G47859,그 외 기타 분류 안된 상품 전문 소매업,11,서울특별시,11290,성북구,11290770,장위2동,1129013800,장위동,1129013800100650181,1,대지,65,181,서울특별시 성북구 장위동 65-181,112903005046,서울특별시 성북구 화랑로,199,,1129013800100650181011346,,서울특별시 성북구 화랑로 199,136828,02773,,,,127.052040055062,37.6084765621613
MA010120220803913486,하이켐텍,,G2,소매,G221,기타 상품 소매,G22199,그 외 기타 상품 전문 소매업,G47859,그 외 기타 분류 안된 상품 전문 소매업,28,인천광역시,28177,미추홀구,28177560,용현3동,2817710200,용현동,2817710200101470033,1,대지,147,33,인천광역시 미추홀구 용현동 147-33,281774253283,인천광역시 미추홀구 비룡길,23,,2817010200101470033173611,,인천광역시 미추홀구 비룡길 23,402821,22182,,1,,126.655013151483,37.4549043939591
MA010120220803879806,창평고서상회,,G2,소매,G221,기타 상품 소매,G22199,그 외 기타 상품 전문 소매업,G47859,그 외 기타 분류 안된 상품 전문 소매업,46,전라남도,46710,담양군,46710340,창평면,4671034021,창평면,4671034021102090001,1,대지,209,1,전라남도 담양군 창평면 창평리 209-1,467104658172,전라남도 담양군 창평면 사동길,14,25,4671034021102090001005277,창평시장,전라남도 담양군 창평면 사동길 14-25,517883,57389,,,,127.014908329599,35.238104914421
MA010120220803917458,일심불교사,,G2,소매,G221,기타 상품 소매,G22199,그 외 기타 상품 전문 소매업,G47859,그 외 기타 분류 안된 상품 전문 소매업,47,경상북도,47290,경산시,47290310,와촌면,4729031032,와촌면,4729031032102780007,1,대지,278,7,경상북도 경산시 와촌면 신한리 278-7,472903313002,경상북도 경산시 와촌면 갓바위로,8,,4729031032102780007000001,,경상북도 경산시 와촌면 갓바위로 8,712841,38400,,,,128.792611200986,35.9596471250477
MA010120220803883106,보문불교사,,G2,소매,G221,기타 상품 소매,G22199,그 외 기타 상품 전문 소매업,G47859,그 외 기타 분류 안된 상품 전문 소매업,11,서울특별시,11230,동대문구,11230545,제기동,1123010300,제기동,1123010300109430000,1,대지,943,,서울특별시 동대문구 제기동 943,112303005030,서울특별시 동대문구 고산자로,467,,1123010300109430000031591,제기동,서울특별시 동대문구 고산자로 467,130864,02570,,,,127.038118682389,37.58138005394
MA010120220803885655,현성미싱,,G2,소매,G221,기타 상품 소매,G22199,그 외 기타 상품 전문 소매업,G47859,그 외 기타 분류 안된 상품 전문 소매업,11,서울특별시,11290,성북구,11290770,장위2동,1129013800,장위동,1129013800100660172,1,대지,66,172,서울특별시 성북구 장위동 66-172,112904121050,서울특별시 성북구 돌곶이로27길,39,2,1129013800100660172010531,,서울특별시 성북구 돌곶이로27길 39-2,136828,02771,,,,127.053435046942,37.6112329657902
MA010120220803893369,대한소방,,G2,소매,G221,기타 상품 소매,G22199,그 외 기타 상품 전문 소매업,G47859,그 외 기타 분류 안된 상품 전문 소매업,11,서울특별시,11290,성북구,11290575,동선동,1129011800,동선동3가,1129011800101390000,1,대지,139,,서울특별시 성북구 동선동3가 139,112904121103,서울특별시 성북구 동소문로26길,13,,1129011800101390000044702,,서울특별시 성북구 동소문로26길 13,136053,02845,,2,,127.019713639166,37.5939894502896
MA010120220803893640,도장열쇠,,G2,소매,G221,기타 상품 소매,G22199,그 외 기타 상품 전문 소매업,G47859,그 외 기타 분류 안된 상품 전문 소매업,11,서울특별시,11290,성북구,11290705,종암동,1129013500,종암동,1129013500100030395,1,대지,3,395,서울특별시 성북구 종암동 3-395,112903005036,서울특별시 성북구 종암로,108,,1129013500100030395020112,,서울특별시 성북구 종암로 108,136858,02797,,1,,127.034481741001,37.5998154732636
MA010120220803883389,비엠모리스,,G2,소매,G221,기타 상품 소매,G22199,그 외 기타 상품 전문 소매업,G47859,그 외 기타 분류 안된 상품 전문 소매업,11,서울특별시,11680,강남구,11680640,역삼1동,1168010100,역삼동,1168010100107920081,1,대지,792,81,서울특별시 강남구 역삼동 792-81,116804166188,서울특별시 강남구 논현로67길,30,,1168010100107920081025652,,서울특별시 강남구 논현로67길 30,135930,06249,,1,,127.037463454542,37.4937219413651
MA010120220803897333,위그랜드,,G2,소매,G221,기타 상품 소매,G22199,그 외 기타 상품 전문 소매업,G47859,그 외 기타 분류 안된 상품 전문 소매업,11,서울특별시,11320,도봉구,11320512,창2동,1132010700,창동,1132010700105530035,1,대지,553,35,서울특별시 도봉구 창동 553-35,113204127272,서울특별시 도봉구 우이천로16길,6,8,1132010700105530035017366,,서울특별시 도봉구 우이천로16길 6-8,132918,01472,,4,,127.035201830175,37.6379991274733
MA010120220803888730,애드헤어,,G2,소매,G221,기타 상품 소매,G22199,그 외 기타 상품 전문 소매업,G47422,의복 액세서리 및 모조 장신구 소매업,11,서울특별시,11305,강북구,11305555,송천동,1130510100,미아동,1130510100103750006,1,대지,375,6,서울특별시 강북구 미아동 375-6,113053005042,서울특별시 강북구 솔샘로,298,,1130510100103750006026143,,서울특별시 강북구 솔샘로 298,142805,01204,,1,,127.025417362208,37.6179997403425
MA010120220803897360,정릉불교만물,,G2,소매,G221,기타 상품 소매,G22199,그 외 기타 상품 전문 소매업,G47859,그 외 기타 분류 안된 상품 전문 소매업,11,서울특별시,11290,성북구,11290650,정릉4동,1129013300,정릉동,1129013300107710037,1,대지,771,37,서울특별시 성북구 정릉동 771-37,112903107004,서울특별시 성북구 보국문로,151,,1129013300107710026027232,,서울특별시 성북구 보국문로 151,136847,02705,,2,,127.004406030492,37.6163265573831
MA010120220803897481,명진불교전시장,,G2,소매,G221,기타 상품 소매,G22199,그 외 기타 상품 전문 소매업,G47859,그 외 기타 분류 안된 상품 전문 소매업,41,경기도,41250,동두천시,41250520,생연2동,4125010300,생연동,4125010300108220074,1,대지,822,74,경기도 동두천시 생연동 822-74,412504367129,경기도 동두천시 중앙로217번길,28,,4125010300108220074007825,,경기도 동두천시 중앙로217번길 28,483032,11332,,1,,127.051256390571,37.901336230675
MA010120220803897608,월드페이퍼머니,,G2,소매,G221,기타 상품 소매,G22199,그 외 기타 상품 전문 소매업,G47859,그 외 기타 분류 안된 상품 전문 소매업,11,서울특별시,11140,중구,11140540,회현동,1114012400,충무로1가,1114012400100520041,1,대지,52,41,서울특별시 중구 충무로1가 52-41,111403101004,서울특별시 중구 소공로,58,,1114012200100010001000001,회현지하쇼핑센터,서울특별시 중구 소공로 58,100011,04535,,,,126.982060835234,37.5604006655827
MA010120220803907221,캘리공작소,,G2,소매,G221,기타 상품 소매,G22199,그 외 기타 상품 전문 소매업,G47859,그 외 기타 분류 안된 상품 전문 소매업,11,서울특별시,11440,마포구,11440660,서교동,1144012000,서교동,1144012000103940025,1,대지,394,25,서울특별시 마포구 서교동 394-25,114403113014,서울특별시 마포구 양화로,56,,1144012000103940025010709,동양한강트레벨,서울특별시 마포구 양화로 56,121893,04045,,,,126.915047225941,37.5497577154943
MA010120220803878030,법인나눔함께,,G2,소매,G221,기타 상품 소매,G22199,그 외 기타 상품 전문 소매업,G47859,그 외 기타 분류 안된 상품 전문 소매업,11,서울특별시,11440,마포구,11440680,합정동,1144012200,합정동,1144012200103540034,1,대지,354,34,서울특별시 마포구 합정동 354-34,114403113005,서울특별시 마포구 독막로,52,,1144012200103540034012298,엘림오피스텔,서울특별시 마포구 독막로 52,121883,04073,,2,,126.919032862805,37.5476882193205
MA010120220803965700,대한소방,,G2,소매,G221,기타 상품 소매,G22199,그 외 기타 상품 전문 소매업,G47859,그 외 기타 분류 안된 상품 전문 소매업,11,서울특별시,11305,강북구,11305555,송천동,1130510100,미아동,1130510100106820037,1,대지,682,37,서울특별시 강북구 미아동 682-37,113054124231,서울특별시 강북구 삼양로28길,11,,1130510100106820037025466,,서울특별시 강북구 삼양로28길 11,142827,01201,,1,,127.021928861026,37.6185320231027
MA010120220803962965,대진불교,,G2,소매,G221,기타 상품 소매,G22199,그 외 기타 상품 전문 소매업,G47859,그 외 기타 분류 안된 상품 전문 소매업,11,서울특별시,11305,강북구,11305615,수유1동,1130510300,수유동,1130510300100490012,1,대지,49,12,서울특별시 강북구 수유동 49-12,113053108003,서울특별시 강북구 수유로,36,,1130510300100490012012089,우측,서울특별시 강북구 수유로 36,142873,01112,,1,,127.019622222727,37.6339302936019
MA010120220803963144,민속불교만물,,G2,소매,G221,기타 상품 소매,G22199,그 외 기타 상품 전문 소매업,G47859,그 외 기타 분류 안된 상품 전문 소매업,11,서울특별시,11320,도봉구,11320690,방학1동,1132010600,방학동,1132010600106570001,1,대지,657,1,서울특별시 도봉구 방학동 657-1,113204127084,서울특별시 도봉구 도당로27길,8,,1132010600106570001002952,,서울특별시 도봉구 도당로27길 8,132847,01351,,1,,127.041041695194,37.6676666002343
MA010120220803921204,그로펙,,G2,소매,G221,기타 상품 소매,G22199,그 외 기타 상품 전문 소매업,G47859,그 외 기타 분류 안된 상품 전문 소매업,44,충청남도,44710,금산군,44710390,추부면,4471039022,추부면,4471039022101230018,1,대지,123,18,충청남도 금산군 추부면 추정리 123-18,447103257053,충청남도 금산군 추부면 추풍로,9,95,4471039022101230018000001,,충청남도 금산군 추부면 추풍로 9-95,312942,32715,,,,127.475258887107,36.1830438118395
MA010120220803940054,스포츠세상,,G2,소매,G221,기타 상품 소매,G22199,그 외 기타 상품 전문 소매업,G47859,그 외 기타 분류 안된 상품 전문 소매업,11,서울특별시,11350,노원구,11350560,월계1동,1135010200,월계동,1135010200100620009,1,대지,62,9,서울특별시 노원구 월계동 62-9,113503005046,서울특별시 노원구 화랑로,337,17,1135010200100620009019813,,서울특별시 노원구 화랑로 337-17,139841,01895,,,,127.065047845646,37.6156780200198
MA010120220803960549,한솔유통,,G2,소매,G221,기타 상품 소매,G22199,그 외 기타 상품 전문 소매업,G47859,그 외 기타 분류 안된 상품 전문 소매업,11,서울특별시,11305,강북구,11305555,송천동,1130510100,미아동,1130510100103730056,1,대지,373,56,서울특별시 강북구 미아동 373-56,113053005042,서울특별시 강북구 솔샘로,313,,1130510100103730056021968,,서울특별시 강북구 솔샘로 313,142815,01179,,1,,127.027036923002,37.6175218567039
MA010120220803966383,진선비니루,,G2,소매,G221,기타 상품 소매,G22199,그 외 기타 상품 전문 소매업,G47859,그 외 기타 분류 안된 상품 전문 소매업,11,서울특별시,11305,강북구,11305660,인수동,1130510300,수유동,1130510300103050017,1,대지,305,17,서울특별시 강북구 수유동 305-17,113054124529,서울특별시 강북구 인수봉로72가길,17,,1130510300103050017000422,상가,서울특별시 강북구 인수봉로72가길 17,142882,01031,,1,,127.012962322658,37.643634820443
MA010120220803924109,무아상사,,G2,소매,G221,기타 상품 소매,G22199,그 외 기타 상품 전문 소매업,G47859,그 외 기타 분류 안된 상품 전문 소매업,11,서울특별시,11290,성북구,11290770,장위2동,1129013800,장위동,1129013800100750114,1,대지,75,114,서울특별시 성북구 장위동 75-114,112903107002,서울특별시 성북구 돌곶이로,147,,1129013800100750114009137,,서울특별시 성북구 돌곶이로 147,136830,02768,,1,,127.052021872653,37.6148916114588
MA010120220803938140,K상사,,G2,소매,G221,기타 상품 소매,G22199,그 외 기타 상품 전문 소매업,G47859,그 외 기타 분류 안된 상품 전문 소매업,11,서울특별시,11320,도봉구,11320512,창2동,1132010700,창동,1132010700105810028,1,대지,581,28,서울특별시 도봉구 창동 581-28,113204127039,서울특별시 도봉구 덕릉로57길,30,,1132010700105810028017027,,서울특별시 도봉구 덕릉로57길 30,132918,01470,,3,,127.037230888234,37.6400347302953
MA010120220803951777,가발포인트,전문점,G2,소매,G221,기타 상품 소매,G22199,그 외 기타 상품 전문 소매업,G47422,의복 액세서리 및 모조 장신구 소매업,46,전라남도,46130,여수시,46130780,쌍봉동,4613012800,학동,4613012800100440000,1,대지,44,,전라남도 여수시 학동 44,461303282046,전라남도 여수시 쌍봉로,58,,4613012800100440000000736,,전라남도 여수시 쌍봉로 58,555807,59673,,2,,127.662266351199,34.7662244449396
MA010120220803966649,성인용품,백화점,G2,소매,G221,기타 상품 소매,G22199,그 외 기타 상품 전문 소매업,G47859,그 외 기타 분류 안된 상품 전문 소매업,11,서울특별시,11305,강북구,11305545,송중동,1130510100,미아동,1130510100108600043,1,대지,860,43,서울특별시 강북구 미아동 860-43,113054124143,서울특별시 강북구 도봉로8길,58,,1130510100108600043028408,,서울특별시 강북구 도봉로8길 58,142804,01221,,2,,127.032822176372,37.6113576275144
MA010120220803921554,근영봉투,,G2,소매,G221,기타 상품 소매,G22199,그 외 기타 상품 전문 소매업,G47859,그 외 기타 분류 안된 상품 전문 소매업,11,서울특별시,11290,성북구,11290610,보문동,1129013200,보문동3가,1129013200102060010,1,대지,206,10,서울특별시 성북구 보문동3가 206-10,112904121804,서울특별시 성북구 보문사길,33,,1129013200102060010036654,,서울특별시 성북구 보문사길 33,136083,02872,,,,127.017661799151,37.5840608378436
MA010120220803933483,무한산업안전,,G2,소매,G221,기타 상품 소매,G22199,그 외 기타 상품 전문 소매업,G47859,그 외 기타 분류 안된 상품 전문 소매업,29,광주광역시,29170,북구,29170661,두암1동,2917011400,두암동,2917011400108640010,1,대지,864,10,광주광역시 북구 두암동 864-10,291704286357,광주광역시 북구 서방로159번길,26,,2917011400108640010040262,,광주광역시 북구 서방로159번길 26,500809,61197,,2,,126.930426995632,35.1703762132462
MA010120220803943662,이지사이언스,,G2,소매,G221,기타 상품 소매,G22199,그 외 기타 상품 전문 소매업,G47859,그 외 기타 분류 안된 상품 전문 소매업,11,서울특별시,11290,성북구,11290725,월곡2동,1129013600,하월곡동,1129013600100340064,1,대지,34,64,서울특별시 성북구 하월곡동 34-64,112903107010,서울특별시 성북구 월곡로,106,,1129013600100340064016684,,서울특별시 성북구 월곡로 106,136865,02793,,2,,127.041424228116,37.601335915028
MA010120220803945985,리스정보통신,,G2,소매,G221,기타 상품 소매,G22199,그 외 기타 상품 전문 소매업,G47859,그 외 기타 분류 안된 상품 전문 소매업,11,서울특별시,11305,강북구,11305645,우이동,1130510300,수유동,1130510300105640015,1,대지,564,15,서울특별시 강북구 수유동 564-15,113053108006,서울특별시 강북구 419로,57,,1130510300105640015006442,,서울특별시 강북구 419로 57,142881,01014,,1,,127.008158396907,37.6463021629174
MA010120220803933534,에스지케미칼,,G2,소매,G221,기타 상품 소매,G22199,그 외 기타 상품 전문 소매업,G47859,그 외 기타 분류 안된 상품 전문 소매업,11,서울특별시,11560,영등포구,11560680,신길6동,1156013200,신길동,1156013200137410040,1,대지,3741,40,서울특별시 영등포구 신길동 3741-40,115603118005,서울특별시 영등포구 대방천로,177,2,1156013200137410040009572,,서울특별시 영등포구 대방천로 177-2,150858,07430,,,,126.9108409967,37.4992894872302
MA010120220803940689,제일유통,,G2,소매,G221,기타 상품 소매,G22199,그 외 기타 상품 전문 소매업,G47859,그 외 기타 분류 안된 상품 전문 소매업,11,서울특별시,11350,노원구,11350640,상계2동,1135010500,상계동,1135010500103890688,1,대지,389,688,서울특별시 노원구 상계동 389-688,113503110003,서울특별시 노원구 상계로,143,,1135010500103890688007164,,서울특별시 노원구 상계로 143,139818,01684,,2,,127.070547826066,37.6586608527511
MA010120220803963849,TL통신,,G2,소매,G221,기타 상품 소매,G22199,그 외 기타 상품 전문 소매업,G47859,그 외 기타 분류 안된 상품 전문 소매업,11,서울특별시,11305,강북구,11305615,수유1동,1130510300,수유동,1130510300100510066,1,대지,51,66,서울특별시 강북구 수유동 51-66,113054124129,서울특별시 강북구 도봉로71가길,38,4,1130510300100510065012081,,서울특별시 강북구 도봉로71가길 38-4,142874,01114,,,,127.022238997641,37.633001814138
MA010120220803958401,모터피아,,G2,소매,G221,기타 상품 소매,G22199,그 외 기타 상품 전문 소매업,G47859,그 외 기타 분류 안된 상품 전문 소매업,41,경기도,41360,남양주시,41360310,별내면,4136031021,별내면,4136031021101240006,1,대지,124,6,경기도 남양주시 별내면 청학리 124-6,413604391716,경기도 남양주시 별내면 청학로응달길,52,6,4136031021101240006000001,청학리,경기도 남양주시 별내면 청학로응달길 52-6,472811,12077,,,,127.12874955566,37.7085528665823
MA010120220803958707,원헤어가발점,,G2,소매,G221,기타 상품 소매,G22199,그 외 기타 상품 전문 소매업,G47422,의복 액세서리 및 모조 장신구 소매업,11,서울특별시,11290,성북구,11290705,종암동,1129013500,종암동,1129013500101240084,1,대지,124,84,서울특별시 성북구 종암동 124-84,112903107014,서울특별시 성북구 정릉로,456,,1129013500101240084021501,좌측,서울특별시 성북구 정릉로 456,136863,02802,,1,,127.03186730709,37.6031498732229
MA010120220803936447,네츄럴가발센터,,G2,소매,G221,기타 상품 소매,G22199,그 외 기타 상품 전문 소매업,G47422,의복 액세서리 및 모조 장신구 소매업,11,서울특별시,11320,도봉구,11320515,창5동,1132010700,창동,1132010700107150001,1,대지,715,1,서울특별시 도봉구 창동 715-1,113203005039,서울특별시 도봉구 도봉로,578,,1132010700107150001013543,,서울특별시 도봉구 도봉로 578,132926,01426,,1,,127.039573474838,37.6561976101245
MA010120220803936529,지엘블레스,,G2,소매,G221,기타 상품 소매,G22199,그 외 기타 상품 전문 소매업,G47422,의복 액세서리 및 모조 장신구 소매업,11,서울특별시,11110,종로구,11110615,종로1.2.3.4가동,1111012400,수송동,1111012400101040000,1,대지,104,,서울특별시 종로구 수송동 104,111104100360,서울특별시 종로구 종로5길,86,,1111012400101040000013554,국세청매점내,서울특별시 종로구 종로5길 86,110705,03151,,,,126.979895386135,37.5741495129403
MA010120220803925585,사랑찾기,,G2,소매,G221,기타 상품 소매,G22199,그 외 기타 상품 전문 소매업,G47859,그 외 기타 분류 안된 상품 전문 소매업,46,전라남도,46110,목포시,46110595,목원동,4611010700,남교동,4611010700100620004,1,대지,62,4,전라남도 목포시 남교동 62-4,461103281047,전라남도 목포시 수문로,56,2,4611010700100620004020507,,전라남도 목포시 수문로 56-2,530310,58724,,,,126.380619580051,34.7937534976436
MA010120220803932048,고산농협영농자재센터,,G2,소매,G221,기타 상품 소매,G22199,그 외 기타 상품 전문 소매업,G47859,그 외 기타 분류 안된 상품 전문 소매업,52,전북특별자치도,52710,완주군,52710360,고산면,5271036021,고산면,5271036021108400002,1,대지,840,2,전북특별자치도 완주군 고산면 읍내리 840-2,527103273003,전북특별자치도 완주군 고산면 고산천로,578,,4571036021108400002000001,,전북특별자치도 완주군 고산면 고산천로 578,565864,55311,,,,127.204135453993,35.9768299685119
MA010120220803950106,인온,,G2,소매,G221,기타 상품 소매,G22199,그 외 기타 상품 전문 소매업,G47859,그 외 기타 분류 안된 상품 전문 소매업,11,서울특별시,11680,강남구,11680640,역삼1동,1168010100,역삼동,1168010100108310000,1,대지,831,,서울특별시 강남구 역삼동 831,116802102001,서울특별시 강남구 강남대로,354,,1168010100108310000025303,혜천빌딩,서울특별시 강남구 강남대로 354,135792,06242,,11,,127.029729141036,37.4946521780248
MA010120220803956358,광성미싱,,G2,소매,G221,기타 상품 소매,G22199,그 외 기타 상품 전문 소매업,G47859,그 외 기타 분류 안된 상품 전문 소매업,11,서울특별시,11305,강북구,11305555,송천동,1130510100,미아동,1130510100103750012,1,대지,375,12,서울특별시 강북구 미아동 375-12,113053005042,서울특별시 강북구 솔샘로,312,,1130510100103750012025783,미,서울특별시 강북구 솔샘로 312,142805,01204,,,,127.026674412712,37.6173687712212
MA010120220803944763,미래정보통신,,G2,소매,G221,기타 상품 소매,G22199,그 외 기타 상품 전문 소매업,G47859,그 외 기타 분류 안된 상품 전문 소매업,11,서울특별시,11350,노원구,11350630,상계1동,1135010500,상계동,1135010500111180053,1,대지,1118,53,서울특별시 노원구 상계동 1118-53,113503000001,서울특별시 노원구 동일로,1649,,1135010500111180053008185,,서울특별시 노원구 동일로 1649,139837,01608,,1,,127.055045533095,37.6756706062401
MA010120220803937059,화계미싱,,G2,소매,G221,기타 상품 소매,G22199,그 외 기타 상품 전문 소매업,G47859,그 외 기타 분류 안된 상품 전문 소매업,11,서울특별시,11305,강북구,11305615,수유1동,1130510300,수유동,1130510300104720023,1,대지,472,23,서울특별시 강북구 수유동 472-23,113053005041,서울특별시 강북구 삼양로,339,,1130510300104720023013756,,서울특별시 강북구 삼양로 339,142886,01098,,1,,127.017322345645,37.633741446688
MA010120220803974088,코스프레24시,,G2,소매,G221,기타 상품 소매,G22199,그 외 기타 상품 전문 소매업,G47859,그 외 기타 분류 안된 상품 전문 소매업,11,서울특별시,11305,강북구,11305635,수유3동,1130510300,수유동,1130510300101900003,1,대지,190,3,서울특별시 강북구 수유동 190-3,113053005038,서울특별시 강북구 한천로,1055,,1130510300101900003007205,,서울특별시 강북구 한천로 1055,142878,01071,,,,127.025198560484,37.6409118687952
MA010120220803974200,도향,,G2,소매,G221,기타 상품 소매,G22199,그 외 기타 상품 전문 소매업,G47859,그 외 기타 분류 안된 상품 전문 소매업,11,서울특별시,11305,강북구,11305625,수유2동,1130510300,수유동,1130510300102680011,1,대지,268,11,서울특별시 강북구 수유동 268-11,113053005038,서울특별시 강북구 한천로,1141,,1130510300102680011010533,,서울특별시 강북구 한천로 1141,142879,01039,,1,,127.017710513228,37.6462740861364
MA010120220803985963,수수리염주이야기,,G2,소매,G221,기타 상품 소매,G22199,그 외 기타 상품 전문 소매업,G47859,그 외 기타 분류 안된 상품 전문 소매업,52,전북특별자치도,52113,전주시 덕진구,52113600,팔복동,5211310900,팔복동2가,5211310900107740042,1,대지,774,42,전북특별자치도 전주시 덕진구 팔복동2가 774-42,521132266001,전북특별자치도 전주시 덕진구 기린대로,929,,4511310900107740042000001,,전북특별자치도 전주시 덕진구 기린대로 929,561844,54852,,1,,127.083072621659,35.8637243500122
MA010120220803986021,미소유통,,G2,소매,G221,기타 상품 소매,G22199,그 외 기타 상품 전문 소매업,G47859,그 외 기타 분류 안된 상품 전문 소매업,28,인천광역시,28237,부평구,28237661,부개3동,2823710700,부개동,2823710700104810000,1,대지,481,,인천광역시 부평구 부개동 481,282374262656,인천광역시 부평구 장제로228번길,26,,2823710700104810000100092,,인천광역시 부평구 장제로228번길 26,403813,21351,,,,126.732771501764,37.505778408828
MA010120220803992136,깃대봉농원,,G2,소매,G221,기타 상품 소매,G22199,그 외 기타 상품 전문 소매업,G47859,그 외 기타 분류 안된 상품 전문 소매업,41,경기도,41820,가평군,41820250,가평읍,4182025026,가평읍,4182025026103910001,1,대지,391,1,경기도 가평군 가평읍 두밀리 391-1,418204448276,경기도 가평군 가평읍 태봉두밀로406번길,239,25,4182025026103910000000001,,경기도 가평군 가평읍 태봉두밀로406번길 239-25,477806,12425,,,,127.439226538885,37.8287136781968
MA010120220803978268,껍데기,,G2,소매,G221,기타 상품 소매,G22199,그 외 기타 상품 전문 소매업,G47859,그 외 기타 분류 안된 상품 전문 소매업,41,경기도,41150,의정부시,41150520,의정부2동,4115010100,의정부동,4115010100105740000,1,대지,574,,경기도 의정부시 의정부동 574,411503181004,경기도 의정부시 경의로,75,,4115010100105740000014333,,경기도 의정부시 경의로 75,480850,11652,,3,,127.044072762485,37.7332294849845
MA010120220804009795,디.엠텔레콤,,G2,소매,G221,기타 상품 소매,G22199,그 외 기타 상품 전문 소매업,G47859,그 외 기타 분류 안된 상품 전문 소매업,11,서울특별시,11680,강남구,11680650,역삼2동,1168010100,역삼동,1168010100107790009,1,대지,779,9,서울특별시 강남구 역삼동 779-9,116803005086,서울특별시 강남구 언주로,313,,1168010100107790009024960,진달래상가,서울특별시 강남구 언주로 313,135928,06229,,1,,127.045651618075,37.4956291956002
MA010120220803978498,대영상회,,G2,소매,G221,기타 상품 소매,G22199,그 외 기타 상품 전문 소매업,G47859,그 외 기타 분류 안된 상품 전문 소매업,11,서울특별시,11305,강북구,11305625,수유2동,1130510300,수유동,1130510300102700039,1,대지,270,39,서울특별시 강북구 수유동 270-39,113054124585,서울특별시 강북구 한천로162길,26,,1130510300102700039009783,,서울특별시 강북구 한천로162길 26,142879,01047,,1,,127.020192063571,37.6464178448994
MA010120220803981392,성음물류,,G2,소매,G221,기타 상품 소매,G22199,그 외 기타 상품 전문 소매업,G47859,그 외 기타 분류 안된 상품 전문 소매업,11,서울특별시,11320,도봉구,11320521,도봉1동,1132010800,도봉동,1132010800105620040,1,대지,562,40,서울특별시 도봉구 도봉동 562-40,113203005039,서울특별시 도봉구 도봉로,879,,1132010800105620040011382,,서울특별시 도봉구 도봉로 879,132813,01304,,2,,127.045607483856,37.6829905797601
MA010120220804000316,대림소방,,G2,소매,G221,기타 상품 소매,G22199,그 외 기타 상품 전문 소매업,G47859,그 외 기타 분류 안된 상품 전문 소매업,11,서울특별시,11320,도봉구,11320681,쌍문4동,1132010500,쌍문동,1132010500101370214,1,대지,137,214,서울특별시 도봉구 쌍문동 137-214,113203005047,서울특별시 도봉구 노해로,199,,1132010500101370214004740,대양빌딩,서울특별시 도봉구 노해로 199,132873,01439,,,,127.030154000374,37.6510647932636
MA010120220803973097,협성소방,,G2,소매,G221,기타 상품 소매,G22199,그 외 기타 상품 전문 소매업,G47859,그 외 기타 분류 안된 상품 전문 소매업,11,서울특별시,11320,도봉구,11320710,방학3동,1132010600,방학동,1132010600102720000,1,대지,272,,서울특별시 도봉구 방학동 272,113203005048,서울특별시 도봉구 방학로,203,,1132010600102720000000411,신동아1차,서울특별시 도봉구 방학로 203,132828,01382,,,,127.029648320298,37.6617595796872
MA010120220803994008,신한자판기,,G2,소매,G221,기타 상품 소매,G22199,그 외 기타 상품 전문 소매업,G47859,그 외 기타 분류 안된 상품 전문 소매업,41,경기도,41630,양주시,41630340,장흥면,4163034023,장흥면,4163034023104080011,1,대지,408,11,경기도 양주시 장흥면 부곡리 408-11,416303212001,경기도 양주시 장흥면 가마골로,91,8,4163034023104080011048499,,경기도 양주시 장흥면 가마골로 91-8,482812,11521,,,,126.97629245187,37.7265681550182
MA010120220804016064,조이엔조이,,G2,소매,G221,기타 상품 소매,G22199,그 외 기타 상품 전문 소매업,G47859,그 외 기타 분류 안된 상품 전문 소매업,11,서울특별시,11680,강남구,11680521,논현1동,1168010800,논현동,1168010800101430020,1,대지,143,20,서울특별시 강남구 논현동 143-20,116802102001,서울특별시 강남구 강남대로,522,,1168010800101430021008654,,서울특별시 강남구 강남대로 522,135825,06114,,,,127.022812864772,37.5088355479553
MA010120220803970324,시온메디칼,,G2,소매,G221,기타 상품 소매,G22199,그 외 기타 상품 전문 소매업,G47859,그 외 기타 분류 안된 상품 전문 소매업,11,서울특별시,11320,도봉구,11320521,도봉1동,1132010800,도봉동,1132010800106040000,1,대지,604,,서울특별시 도봉구 도봉동 604,113204127158,서울특별시 도봉구 도봉로159길,29,,1132010800106040000012381,,서울특별시 도봉구 도봉로159길 29,132819,01309,,,,127.042484979096,37.6743693796064
MA010120220803985196,현준ENC,,G2,소매,G221,기타 상품 소매,G22199,그 외 기타 상품 전문 소매업,G47859,그 외 기타 분류 안된 상품 전문 소매업,29,광주광역시,29200,광산구,29200610,월곡2동,2920012700,산정동,2920012700109740014,1,대지,974,14,광주광역시 광산구 산정동 974-14,292004289223,광주광역시 광산구 산정로17번길,11,,2920012700109740014003117,,광주광역시 광산구 산정로17번길 11,506056,62344,,1,,126.802845464674,35.1681175689204
MA010120220803991375,현주상사,,G2,소매,G221,기타 상품 소매,G22199,그 외 기타 상품 전문 소매업,G47859,그 외 기타 분류 안된 상품 전문 소매업,44,충청남도,44710,금산군,44710250,금산읍,4471025022,금산읍,4471025022105310001,1,대지,531,1,충청남도 금산군 금산읍 중도리 531-1,447104571020,충청남도 금산군 금산읍 건삼전1길,20,8,4471025022105310001019338,,충청남도 금산군 금산읍 건삼전1길 20-8,312806,32740,,,,127.492184606359,36.1004523336386
MA010120220804013899,중앙총포사,,G2,소매,G221,기타 상품 소매,G22199,그 외 기타 상품 전문 소매업,G47859,그 외 기타 분류 안된 상품 전문 소매업,41,경기도,41590,화성시,41590400,양감면,4159040021,양감면,4159040021107040031,1,대지,704,31,경기도 화성시 양감면 신왕리 704-31,415903210088,경기도 화성시 양감면 은행나무로,243,2,4159040021107040031000001,,경기도 화성시 양감면 은행나무로 243-2,445934,18634,,1,,126.943622023912,37.0805432181475
MA010120220803971084,용천불교전시장,,G2,소매,G221,기타 상품 소매,G22199,그 외 기타 상품 전문 소매업,G47859,그 외 기타 분류 안된 상품 전문 소매업,52,전북특별자치도,52140,익산시,52140560,인화동,5214010900,인화동1가,5214010900100840019,1,대지,84,19,전북특별자치도 익산시 인화동1가 84-19,521404608303,전북특별자치도 익산시 평동로11길,29,,4514010900100840019086390,,전북특별자치도 익산시 평동로11길 29,570983,54604,,,,126.952160368417,35.9337976236567
MA010120220804052995,영동만물,,G2,소매,G221,기타 상품 소매,G22199,그 외 기타 상품 전문 소매업,G47859,그 외 기타 분류 안된 상품 전문 소매업,11,서울특별시,11680,강남구,11680521,논현1동,1168010800,논현동,1168010800101460009,1,대지,146,9,서울특별시 강남구 논현동 146-9,116804166013,서울특별시 강남구 강남대로126길,26,7,1168010800101460009027199,,서울특별시 강남구 강남대로126길 26-7,135825,06114,,,,127.025120376089,37.5094657830651
MA010120220804044771,수석나라,,G2,소매,G221,기타 상품 소매,G22199,그 외 기타 상품 전문 소매업,G47859,그 외 기타 분류 안된 상품 전문 소매업,43,충청북도,43800,단양군,43800330,영춘면,4380033021,영춘면,4380033021104840004,1,대지,484,4,충청북도 단양군 영춘면 상리 484-4,438003248045,충청북도 단양군 영춘면 온달평강로,91,3,4380033021104840004018379,,충청북도 단양군 영춘면 온달평강로 91-3,395836,27018,,,,128.483450962315,37.0817573700985
MA010120220804022639,그 외 기타 상품 전문 소매업,,G2,소매,G221,기타 상품 소매,G22199,그 외 기타 상품 전문 소매업,G47859,그 외 기타 분류 안된 상품 전문 소매업,41,경기도,41285,고양시 일산동구,41285552,백석2동,4128510600,백석동,4128510600113080000,1,대지,1308,,경기도 고양시 일산동구 백석동 1308,412853193028,경기도 고양시 일산동구 일산로,46,,4128510600113080000003411,남정시티프라자,경기도 고양시 일산동구 일산로 46,410817,10449,,,,126.787881698935,37.642354653924
MA010120220804050466,정우유통,,G2,소매,G221,기타 상품 소매,G22199,그 외 기타 상품 전문 소매업,G47859,그 외 기타 분류 안된 상품 전문 소매업,48,경상남도,48127,창원시 마산회원구,48127590,합성2동,4812710600,합성동,4812710600102660017,1,대지,266,17,경상남도 창원시 마산회원구 합성동 266-17,481274790358,경상남도 창원시 마산회원구 합성옛길,152,,4812710600102660017039798,,경상남도 창원시 마산회원구 합성옛길 152,630817,51357,,1,,128.583952355698,35.2382133622827
MA010120220804047757,그린에이스테크,,G2,소매,G221,기타 상품 소매,G22199,그 외 기타 상품 전문 소매업,G47859,그 외 기타 분류 안된 상품 전문 소매업,26,부산광역시,26380,사하구,26380620,감천1동,2638010800,감천동,2638010800101820014,1,대지,182,14,부산광역시 사하구 감천동 182-14,263803006004,부산광역시 사하구 감천로,188,,2638010800101820014002443,,부산광역시 사하구 감천로 188,604804,49450,,1,,129.009135726945,35.0829008174001
MA010120220804031164,랩008,,G2,소매,G221,기타 상품 소매,G22199,그 외 기타 상품 전문 소매업,G47859,그 외 기타 분류 안된 상품 전문 소매업,11,서울특별시,11170,용산구,11170510,후암동,1117010100,후암동,1117010100101050124,1,대지,105,124,서울특별시 용산구 후암동 105-124,111703101024,서울특별시 용산구 후암로,23,1,1117010100101050124028246,,서울특별시 용산구 후암로 23-1,140900,04332,,2,,126.97774100937,37.548020220195
MA010120220804048462,해동상사,,G2,소매,G221,기타 상품 소매,G22199,그 외 기타 상품 전문 소매업,G47859,그 외 기타 분류 안된 상품 전문 소매업,48,경상남도,48125,창원시 마산합포구,48125630,오동동,4812512600,신포동2가,4812512600100270007,1,대지,27,7,경상남도 창원시 마산합포구 신포동2가 27-7,481254787438,경상남도 창원시 마산합포구 어시장8길,37,,4812512600100270007036443,,경상남도 창원시 마산합포구 어시장8길 37,631859,51720,,1,,128.575128809469,35.2017023204781
MA010120220804025891,압구정쑥뜸좌훈방생기,,G2,소매,G221,기타 상품 소매,G22199,그 외 기타 상품 전문 소매업,S96129,체형 등 기타 신체 관리 서비스업,11,서울특별시,11680,강남구,11680545,압구정동,1168010700,신사동,1168010700106600015,1,대지,660,15,서울특별시 강남구 신사동 660-15,116804166477,서울특별시 강남구 선릉로161길,34,,1168010700106600015000001,,서울특별시 강남구 선릉로161길 34,135897,06018,,3,,127.03766149556,37.5277888559077
MA010120220804048708,소방,,G2,소매,G221,기타 상품 소매,G22199,그 외 기타 상품 전문 소매업,G47859,그 외 기타 분류 안된 상품 전문 소매업,27,대구광역시,27170,서구,27170590,비산5동,2717010200,비산동,2717010200112140010,1,대지,1214,10,대구광역시 서구 비산동 1214-10,271704229246,대구광역시 서구 서대구로68길,32,,2717010200112140010027933,좌측,대구광역시 서구 서대구로68길 32,703821,41715,,1,,128.566853348347,35.888184506298
MA010120220804043371,제천중앙농자재,,G2,소매,G221,기타 상품 소매,G22199,그 외 기타 상품 전문 소매업,G47859,그 외 기타 분류 안된 상품 전문 소매업,43,충청북도,43150,제천시,43150577,신백동,4315011800,두학동,4315011800105030004,1,대지,503,4,충청북도 제천시 두학동 503-4,431504517960,충청북도 제천시 중말8길,16,,4315011800105030004000001,,충청북도 제천시 중말8길 16,390893,27132,,,,128.254208956568,37.1309045991673
MA010120220804040676,수복상사,,G2,소매,G221,기타 상품 소매,G22199,그 외 기타 상품 전문 소매업,G47859,그 외 기타 분류 안된 상품 전문 소매업,27,대구광역시,27170,서구,27170695,원대동,2717010900,원대동3가,2717010900113250005,1,대지,1325,5,대구광역시 서구 원대동3가 1325-5,271703143002,대구광역시 서구 달서로,288,,2717010900113250005026704,,대구광역시 서구 달서로 288,703851,41727,,1,,128.57569026692,35.8870595939795
MA010120220804040794,하나린,,G2,소매,G221,기타 상품 소매,G22199,그 외 기타 상품 전문 소매업,G47859,그 외 기타 분류 안된 상품 전문 소매업,29,광주광역시,29155,남구,29155640,월산5동,2915510400,월산동,2915510400110320015,1,대지,1032,15,광주광역시 남구 월산동 1032-15,291553009010,광주광역시 남구 군분로,57,,2915510400110320015029535,오이몰,광주광역시 남구 군분로 57,503831,61605,,,,126.892850251139,35.1384677028885
MA010120220804043708,대도전장,,G2,소매,G221,기타 상품 소매,G22199,그 외 기타 상품 전문 소매업,G47859,그 외 기타 분류 안된 상품 전문 소매업,11,서울특별시,11200,성동구,11200535,왕십리도선동,1120010400,도선동,1120010400103430005,1,대지,343,5,서울특별시 성동구 도선동 343-5,112004109251,서울특별시 성동구 무학로4길,4,12,1120010400103430005023082,,서울특별시 성동구 무학로4길 4-12,133883,04707,,,,127.031137779131,37.5645515164803
MA010120220804037613,남강수석원,,G2,소매,G221,기타 상품 소매,G22199,그 외 기타 상품 전문 소매업,G47859,그 외 기타 분류 안된 상품 전문 소매업,48,경상남도,48170,진주시,48170555,성북동,4817010700,남성동,4817010700102810005,1,대지,281,5,경상남도 진주시 남성동 281-5,481703332011,경상남도 진주시 남강로,567,2,4817010700102810005207562,,경상남도 진주시 남강로 567-2,660030,52689,,,,128.074746512961,35.1885486112347
MA010120220804049542,이천비료나라,,G2,소매,G221,기타 상품 소매,G22199,그 외 기타 상품 전문 소매업,G47859,그 외 기타 분류 안된 상품 전문 소매업,41,경기도,41500,이천시,41500250,장호원읍,4150025023,장호원읍,4150025023105270003,1,대지,527,3,경기도 이천시 장호원읍 진암리 527-3,415002012006,경기도 이천시 장호원읍 서동대로,8694,35,4150025023105270003000001,,경기도 이천시 장호원읍 서동대로 8694-35,467904,17422,,,,127.602989025238,37.1141378751259
MA010120220803712164,청량리가발,백화점,G2,소매,G221,기타 상품 소매,G22199,그 외 기타 상품 전문 소매업,G47422,의복 액세서리 및 모조 장신구 소매업,11,서울특별시,11230,동대문구,11230560,전농1동,1123010400,전농동,1123010400105970025,1,대지,597,25,서울특별시 동대문구 전농동 597-25,112303105008,서울특별시 동대문구 왕산로,238,,1123010400105970025027605,,서울특별시 동대문구 왕산로 238,130851,02554,,,,127.048512285872,37.5824394124359
MA010120220803714998,강릉성인용품,백화점,G2,소매,G221,기타 상품 소매,G22199,그 외 기타 상품 전문 소매업,G47859,그 외 기타 분류 안된 상품 전문 소매업,51,강원특별자치도,51150,강릉시,51150520,중앙동,5115010800,성남동,5115010800102460000,1,대지,246,,강원특별자치도 강릉시 성남동 246,511504460228,강원특별자치도 강릉시 금성로61번길,10,5,4215010800102460000001305,,강원특별자치도 강릉시 금성로61번길 10-5,210050,25544,,3,,128.895151411064,37.7508920398029
MA010120220803686140,베스트허브,,G2,소매,G221,기타 상품 소매,G22199,그 외 기타 상품 전문 소매업,G47859,그 외 기타 분류 안된 상품 전문 소매업,41,경기도,41310,구리시,41310520,동구동,4131010200,사노동,4131010200102750000,1,대지,275,,경기도 구리시 사노동 275,413104388065,경기도 구리시 동구릉로389번길,65,,4131010200102750000010488,,경기도 구리시 동구릉로389번길 65,471040,11905,,,,127.138429598452,37.6327425072779
MA010120220803706566,국제안전소방,,G2,소매,G221,기타 상품 소매,G22199,그 외 기타 상품 전문 소매업,G47859,그 외 기타 분류 안된 상품 전문 소매업,48,경상남도,48730,함안군,48730253,칠원읍,4873025329,칠원읍,4873025329107420005,1,대지,742,5,경상남도 함안군 칠원읍 운서리 742-5,487304820407,경상남도 함안군 칠원읍 운서3길,41,36,4873025329107420005000001,,경상남도 함안군 칠원읍 운서3길 41-36,637922,52016,,,,128.532558139978,35.3177511615743
MA010120220803689917,밀알학교사회적협동조합,,G2,소매,G221,기타 상품 소매,G22199,그 외 기타 상품 전문 소매업,G47859,그 외 기타 분류 안된 상품 전문 소매업,11,서울특별시,11680,강남구,11680720,일원본동,1168011400,일원동,1168011400107130000,1,대지,713,,서울특별시 강남구 일원동 713,116803122009,서울특별시 강남구 일원로,90,,1168011400107130000002829,밀알학교,서울특별시 강남구 일원로 90,135942,06350,,,,127.082076186282,37.485779515148
MA010120220803728806,난방필림,,G2,소매,G221,기타 상품 소매,G22199,그 외 기타 상품 전문 소매업,G47859,그 외 기타 분류 안된 상품 전문 소매업,50,제주특별자치도,50130,서귀포시,50130320,표선면,5013032021,표선면,5013032021110070007,1,대지,1007,7,제주특별자치도 서귀포시 표선면 표선리 1007-7,501303350285,제주특별자치도 서귀포시 표선면 표선동서로,191,,5013032021110070007000001,,제주특별자치도 서귀포시 표선면 표선동서로 191,699915,63629,,1,,126.830302987979,33.3213595062019
MA010120220803683880,마한물산,,G2,소매,G221,기타 상품 소매,G22199,그 외 기타 상품 전문 소매업,G47859,그 외 기타 분류 안된 상품 전문 소매업,11,서울특별시,11230,동대문구,11230545,제기동,1123010300,제기동,1123010300109720000,1,대지,972,,서울특별시 동대문구 제기동 972,112303105007,서울특별시 동대문구 약령중앙로,34,,1123010300109720000041070,,서울특별시 동대문구 약령중앙로 34,130864,02570,,,,127.037280922792,37.5814073513035
MA010120220803715885,제칠불교사,,G2,소매,G221,기타 상품 소매,G22199,그 외 기타 상품 전문 소매업,G47859,그 외 기타 분류 안된 상품 전문 소매업,11,서울특별시,11230,동대문구,11230705,청량리동,1123010700,청량리동,1123010700104120000,1,대지,412,,서울특별시 동대문구 청량리동 412,112303105018,서울특별시 동대문구 홍릉로,64,3,1123010700104120000012625,,서울특별시 동대문구 홍릉로 64-3,130869,02484,,,,127.043600929535,37.5861083708746
MA010120220803701787,캠핑카마을,,G2,소매,G221,기타 상품 소매,G22199,그 외 기타 상품 전문 소매업,G47859,그 외 기타 분류 안된 상품 전문 소매업,29,광주광역시,29200,광산구,29200540,도산동,2920010200,도산동,2920010200112180010,1,대지,1218,10,광주광역시 광산구 도산동 1218-10,292004289302,광주광역시 광산구 송도로85번길,56,,2920010200112180010010432,,광주광역시 광산구 송도로85번길 56,506020,62450,,,,126.786320706787,35.1279249780699
MA010120220803723020,혁이네농약,,G2,소매,G221,기타 상품 소매,G22199,그 외 기타 상품 전문 소매업,G47859,그 외 기타 분류 안된 상품 전문 소매업,41,경기도,41370,오산시,41370510,중앙동,4137010100,오산동,4137010100103340000,1,대지,334,,경기도 오산시 오산동 334,413704394086,경기도 오산시 성호새싹길,70,,4137010100103340000000001,,경기도 오산시 성호새싹길 70,447800,18135,,,,127.070516367265,37.1551978397952
MA010120220803718513,동우미싱,,G2,소매,G221,기타 상품 소매,G22199,그 외 기타 상품 전문 소매업,G47859,그 외 기타 분류 안된 상품 전문 소매업,11,서울특별시,11230,동대문구,11230650,장안1동,1123010600,장안동,1123010600101630017,1,대지,163,17,서울특별시 동대문구 장안동 163-17,112304115612,서울특별시 동대문구 한천로24길,14,,1123010600101630017017086,,서울특별시 동대문구 한천로24길 14,130837,02626,,,,127.065880074955,37.5704207433554
MA010120220803718672,대용종합미싱,,G2,소매,G221,기타 상품 소매,G22199,그 외 기타 상품 전문 소매업,G47859,그 외 기타 분류 안된 상품 전문 소매업,11,서울특별시,11260,중랑구,11260590,상봉2동,1126010200,상봉동,1126010200101200011,1,대지,120,11,서울특별시 중랑구 상봉동 120-11,112603000001,서울특별시 중랑구 동일로,708,,1126010200101200011015167,,서울특별시 중랑구 동일로 708,131860,02136,,,,127.080473367116,37.593621286462
MA010120220803699648,세아서비스,,G2,소매,G221,기타 상품 소매,G22199,그 외 기타 상품 전문 소매업,G47859,그 외 기타 분류 안된 상품 전문 소매업,41,경기도,41281,고양시 덕양구,41281621,화정1동,4128112300,화정동,4128112300109640000,1,대지,964,,경기도 고양시 덕양구 화정동 964,412814376368,경기도 고양시 덕양구 화중로104번길,50,,4128112300109640000000001,정부고양지방합동청사,경기도 고양시 덕양구 화중로104번길 50,412271,10497,,5,,126.834034006603,37.6358153841389
MA010120220803684976,유한책임회사하이모상봉지점,,G2,소매,G221,기타 상품 소매,G22199,그 외 기타 상품 전문 소매업,G47422,의복 액세서리 및 모조 장신구 소매업,11,서울특별시,11260,중랑구,11260590,상봉2동,1126010200,상봉동,1126010200101280000,1,대지,128,,서울특별시 중랑구 상봉동 128,112603005032,서울특별시 중랑구 망우로,244,,1126010200101280000014885,덕화빌딩,서울특별시 중랑구 망우로 244,131861,02122,,6,,127.07977237342,37.5945948331403
MA010120220803697233,퍼스트,,G2,소매,G221,기타 상품 소매,G22199,그 외 기타 상품 전문 소매업,G47859,그 외 기타 분류 안된 상품 전문 소매업,11,서울특별시,11740,강동구,11740620,천호3동,1174010900,천호동,1174010900105500009,1,대지,550,9,서울특별시 강동구 천호동 550-9,117403124008,서울특별시 강동구 진황도로,5,,1174010900105500009010036,,서울특별시 강동구 진황도로 5,134871,05334,,2,,127.12850481556,37.5402218238327
MA010120220803727305,태진상사,,G2,소매,G221,기타 상품 소매,G22199,그 외 기타 상품 전문 소매업,G47859,그 외 기타 분류 안된 상품 전문 소매업,41,경기도,41310,구리시,41310541,교문1동,4131010400,교문동,4131010400102730007,1,대지,273,7,경기도 구리시 교문동 273-7,413103000120,경기도 구리시 경춘로,134,,4131010400102730007003428,,경기도 구리시 경춘로 134,471855,11952,,,,127.130148718986,37.6006227116529
MA010120220803697794,휘경미싱,,G2,소매,G221,기타 상품 소매,G22199,그 외 기타 상품 전문 소매업,G47859,그 외 기타 분류 안된 상품 전문 소매업,11,서울특별시,11230,동대문구,11230730,휘경2동,1123010900,휘경동,1123010900103120047,1,대지,312,47,서울특별시 동대문구 휘경동 312-47,112303005032,서울특별시 동대문구 망우로,16,1,1123010900103120047007144,,서울특별시 동대문구 망우로 16-1,130092,02494,,,,127.055626056848,37.5877070836027
MA010120220803717240,산호,,G2,소매,G221,기타 상품 소매,G22199,그 외 기타 상품 전문 소매업,G47859,그 외 기타 분류 안된 상품 전문 소매업,41,경기도,41650,포천시,41650340,신북면,4165034024,신북면,4165034024102500004,1,대지,250,4,경기도 포천시 신북면 만세교리 250-4,416504439781,경기도 포천시 신북면 호국로2347번길,5,,4165034024102500010045149,,경기도 포천시 신북면 호국로2347번길 5,487914,11139,,,,127.240611317846,37.9564190909452
MA010120220803749687,제이,코리아,G2,소매,G221,기타 상품 소매,G22199,그 외 기타 상품 전문 소매업,G47859,그 외 기타 분류 안된 상품 전문 소매업,41,경기도,41150,의정부시,41150568,신곡2동,4115010400,신곡동,4115010400107650001,1,대지,765,1,경기도 의정부시 신곡동 765-1,411503181039,경기도 의정부시 장곡로,626,,4115010400107650001019715,금오종합상가,경기도 의정부시 장곡로 626,480937,11775,,1,,127.072291536562,37.7504510928616
MA010120220803760803,미림원,,G2,소매,G221,기타 상품 소매,G22199,그 외 기타 상품 전문 소매업,G47859,그 외 기타 분류 안된 상품 전문 소매업,11,서울특별시,11215,광진구,11215850,구의1동,1121510300,구의동,1121510300102210059,1,대지,221,59,서울특별시 광진구 구의동 221-59,112154112341,서울특별시 광진구 아차산로57길,14,,1121510300102210059008495,,서울특별시 광진구 아차산로57길 14,143823,05041,,,,127.088403056359,37.5391233939508
MA010120220803772836,화신씨앗,,G2,소매,G221,기타 상품 소매,G22199,그 외 기타 상품 전문 소매업,G47859,그 외 기타 분류 안된 상품 전문 소매업,11,서울특별시,11110,종로구,11110630,종로5.6가동,1111016400,종로6가,1111016400101480001,1,대지,148,1,서울특별시 종로구 종로6가 148-1,111104100338,서울특별시 종로구 종로41길,18,,1111016400101480001012027,,서울특별시 종로구 종로41길 18,110126,03124,,,,127.006791907976,37.5720427013272
MA010120220803732279,양지미싱,,G2,소매,G221,기타 상품 소매,G22199,그 외 기타 상품 전문 소매업,G47859,그 외 기타 분류 안된 상품 전문 소매업,11,서울특별시,11200,성동구,11200520,왕십리2동,1120010200,하왕십리동,1120010200109700047,1,대지,970,47,서울특별시 성동구 하왕십리동 970-47,112004109280,서울특별시 성동구 무학봉길,83,,1120010200109700047024394,,서울특별시 성동구 무학봉길 83,133858,04710,,,,127.031487472248,37.5617313048994
MA010120220803749720,우영소방통신,,G2,소매,G221,기타 상품 소매,G22199,그 외 기타 상품 전문 소매업,G47859,그 외 기타 분류 안된 상품 전문 소매업,11,서울특별시,11200,성동구,11200690,성수2가3동,1120011500,성수동2가,1120011500102750004,1,대지,275,4,서울특별시 성동구 성수동2가 275-4,112003000001,서울특별시 성동구 동일로,89,,1120011500102750004004867,,서울특별시 성동구 동일로 89,133831,04787,,1,,127.06285548756,37.5407885853209
MA010120220803769934,미가엘,,G2,소매,G221,기타 상품 소매,G22199,그 외 기타 상품 전문 소매업,G47859,그 외 기타 분류 안된 상품 전문 소매업,11,서울특별시,11215,광진구,11215870,구의3동,1121510300,구의동,1121510300105460004,1,대지,546,4,서울특별시 광진구 구의동 546-4,112154112040,서울특별시 광진구 광나루로56길,85,,1121510300105460004009814,테크노-마트,서울특별시 광진구 광나루로56길 85,143721,05116,,6,,127.095696795724,37.5357209382758
MA010120220803764102,산사가는길,,G2,소매,G221,기타 상품 소매,G22199,그 외 기타 상품 전문 소매업,G47859,그 외 기타 분류 안된 상품 전문 소매업,11,서울특별시,11215,광진구,11215860,구의2동,1121510300,구의동,1121510300100200001,1,대지,20,1,서울특별시 광진구 구의동 20-1,112153104008,서울특별시 광진구 영화사로,82,,1121510300100200001024062,,서울특별시 광진구 영화사로 82,143816,04957,,1,,127.0950531675,37.554561345074
MA010120220803750191,플라맹고,,G2,소매,G221,기타 상품 소매,G22199,그 외 기타 상품 전문 소매업,G47859,그 외 기타 분류 안된 상품 전문 소매업,11,서울특별시,11215,광진구,11215750,중곡2동,1121510100,중곡동,1121510100101500195,1,대지,150,195,서울특별시 광진구 중곡동 150-195,112153104006,서울특별시 광진구 긴고랑로,99,1,1121510100101500195002817,,서울특별시 광진구 긴고랑로 99-1,143896,04936,,,,127.086662230942,37.5601089340104
MA010120220803742458,평화자개상사,,G2,소매,G221,기타 상품 소매,G22199,그 외 기타 상품 전문 소매업,G47859,그 외 기타 분류 안된 상품 전문 소매업,11,서울특별시,11200,성동구,11200535,왕십리도선동,1120010400,도선동,1120010400102740003,1,대지,274,3,서울특별시 성동구 도선동 274-3,112004109248,서울특별시 성동구 무학로2길,30,1,1120010400102740003023096,,서울특별시 성동구 무학로2길 30-1,133882,04709,,,,127.033118015134,37.5633346325931
MA010120220803750497,태양상사,,G2,소매,G221,기타 상품 소매,G22199,그 외 기타 상품 전문 소매업,G47859,그 외 기타 분류 안된 상품 전문 소매업,47,경상북도,47170,안동시,47170510,중구동,4717011300,운흥동,4717011300101870010,1,대지,187,10,경상북도 안동시 운흥동 187-10,471703018013,경상북도 안동시 경동로,697,,4717011300101870010017976,,경상북도 안동시 경동로 697,760110,36705,,,,128.734212624624,36.5635009741417
MA010120220803742685,왕성미싱,,G2,소매,G221,기타 상품 소매,G22199,그 외 기타 상품 전문 소매업,G47859,그 외 기타 분류 안된 상품 전문 소매업,11,서울특별시,11230,동대문구,11230536,용신동,1123010200,용두동,1123010200101020019,1,대지,102,19,서울특별시 동대문구 용두동 102-19,112304115149,서울특별시 동대문구 무학로28길,51,,1123010200101020019037029,,서울특별시 동대문구 무학로28길 51,130820,02585,,1,,127.033723023095,37.574705024901
MA010120220803742751,하나미싱,,G2,소매,G221,기타 상품 소매,G22199,그 외 기타 상품 전문 소매업,G47859,그 외 기타 분류 안된 상품 전문 소매업,11,서울특별시,11200,성동구,11200535,왕십리도선동,1120010400,도선동,1120010400103190000,1,대지,319,,서울특별시 성동구 도선동 319,112004109443,서울특별시 성동구 왕십리로28길,12,,1120010400103190000023337,,서울특별시 성동구 왕십리로28길 12,133883,04707,,,,127.031828281853,37.5646954917412
MA010120220803765323,화이어폭스,,G2,소매,G221,기타 상품 소매,G22199,그 외 기타 상품 전문 소매업,G47859,그 외 기타 분류 안된 상품 전문 소매업,11,서울특별시,11200,성동구,11200670,성수2가1동,1120011500,성수동2가,1120011500103310174,1,대지,331,174,서울특별시 성동구 성수동2가 331-174,112003103010,서울특별시 성동구 뚝섬로,422,,1120011500103310174006190,,서울특별시 성동구 뚝섬로 422,133827,04777,,1,,127.05725246701,37.5381244748195
MA010120220803771506,에스에스제이,,G2,소매,G221,기타 상품 소매,G22199,그 외 기타 상품 전문 소매업,G47859,그 외 기타 분류 안된 상품 전문 소매업,41,경기도,41610,광주시,41610330,도척면,4161033026,도척면,4161033026100150020,1,대지,15,20,경기도 광주시 도척면 도웅리 15-20,416103211012,경기도 광주시 도척면 도척윗로,392,24,4161033026100150020250588,,경기도 광주시 도척면 도척윗로 392-24,464881,12809,,,,127.308431777289,37.3243756398142
MA010120220803731196,성화포장,,G2,소매,G221,기타 상품 소매,G22199,그 외 기타 상품 전문 소매업,G47859,그 외 기타 분류 안된 상품 전문 소매업,11,서울특별시,11215,광진구,11215710,화양동,1121510700,화양동,1121510700100370089,1,대지,37,89,서울특별시 광진구 화양동 37-89,112154112198,서울특별시 광진구 동일로24길,13,,1121510700100370089017357,,서울특별시 광진구 동일로24길 13,143917,05014,,,,127.066015200294,37.5439583794169
MA010120220803731503,인터하우스365,,G2,소매,G221,기타 상품 소매,G22199,그 외 기타 상품 전문 소매업,G47859,그 외 기타 분류 안된 상품 전문 소매업,11,서울특별시,11215,광진구,11215850,구의1동,1121510300,구의동,1121510300102320084,1,대지,232,84,서울특별시 광진구 구의동 232-84,112154112436,서울특별시 광진구 자양로32길,48,,1121510300102320084021524,,서울특별시 광진구 자양로32길 48,143824,05031,,1,,127.087820559554,37.5441333857064
MA010120220803785779,해미유통,,G2,소매,G221,기타 상품 소매,G22199,그 외 기타 상품 전문 소매업,G47859,그 외 기타 분류 안된 상품 전문 소매업,41,경기도,41210,광명시,41210550,광명4동,4121010100,광명동,4121010100101580238,1,대지,158,238,경기도 광명시 광명동 158-238,412103000022,경기도 광명시 오리로,927,,4121010100101580238008530,,경기도 광명시 오리로 927,423858,14264,,,,126.859867204049,37.4776518860939
MA010120220803810377,정테크,,G2,소매,G221,기타 상품 소매,G22199,그 외 기타 상품 전문 소매업,G47859,그 외 기타 분류 안된 상품 전문 소매업,11,서울특별시,11215,광진구,11215860,구의2동,1121510300,구의동,1121510300100590010,1,대지,59,10,서울특별시 광진구 구의동 59-10,112154112449,서울특별시 광진구 자양로42길,27,,1121510300100590010007338,,서울특별시 광진구 자양로42길 27,143818,04980,,,,127.091571724759,37.5487886997414
MA010120220803812714,이태원전진열쇠,,G2,소매,G221,기타 상품 소매,G22199,그 외 기타 상품 전문 소매업,G47859,그 외 기타 분류 안된 상품 전문 소매업,11,서울특별시,11170,용산구,11170650,이태원1동,1117013000,이태원동,1117013000100720035,1,대지,72,35,서울특별시 용산구 이태원동 72-35,111703102009,서울특별시 용산구 이태원로,164,,1117013000100720035009679,,서울특별시 용산구 이태원로 164,140863,04391,,1,,126.992068799708,37.5341917043247
MA010120220803789446,호야컴퍼니,,G2,소매,G221,기타 상품 소매,G22199,그 외 기타 상품 전문 소매업,G47859,그 외 기타 분류 안된 상품 전문 소매업,41,경기도,41570,김포시,41570250,통진읍,4157025023,통진읍,4157025023106180001,1,대지,618,1,경기도 김포시 통진읍 서암리 618-1,415703209039,경기도 김포시 통진읍 대서명로,37,,4157025023106180001016274,,경기도 김포시 통진읍 대서명로 37,415866,10016,,,,126.609023382569,37.6976858573864
MA010120220803778358,제이투상사,,G2,소매,G221,기타 상품 소매,G22199,그 외 기타 상품 전문 소매업,G47859,그 외 기타 분류 안된 상품 전문 소매업,11,서울특별시,11215,광진구,11215730,군자동,1121510900,군자동,1121510900100640016,1,대지,64,16,서울특별시 광진구 군자동 64-16,112154112137,서울특별시 광진구 능동로27나길,36,,1121510900100640016018479,,서울특별시 광진구 능동로27나길 36,143837,04998,,,,127.074851252493,37.5538460719942
MA010120220803797120,조나단커뮤니케이션즈주,,G2,소매,G221,기타 상품 소매,G22199,그 외 기타 상품 전문 소매업,G47859,그 외 기타 분류 안된 상품 전문 소매업,11,서울특별시,11215,광진구,11215820,자양1동,1121510500,자양동,1121510500106570004,1,대지,657,4,서울특별시 광진구 자양동 657-4,112153104010,서울특별시 광진구 자양로,67,,1121510500106570004013694,,서울특별시 광진구 자양로 67,143867,05056,,,,127.08430107398,37.5337924717253
MA010120220803822736,안태농약사,,G2,소매,G221,기타 상품 소매,G22199,그 외 기타 상품 전문 소매업,G47859,그 외 기타 분류 안된 상품 전문 소매업,48,경상남도,48270,밀양시,48270250,삼랑진읍,4827025021,삼랑진읍,4827025021102320009,1,대지,232,9,경상남도 밀양시 삼랑진읍 송지리 232-9,482703336010,경상남도 밀양시 삼랑진읍 만어로,75,,4827025021102320009000001,,경상남도 밀양시 삼랑진읍 만어로 75,627904,50467,,,,128.840754228842,35.4061910526439
MA010120220803808365,대한안전공사,,G2,소매,G221,기타 상품 소매,G22199,그 외 기타 상품 전문 소매업,G47859,그 외 기타 분류 안된 상품 전문 소매업,11,서울특별시,11650,서초구,11650610,방배2동,1165010100,방배동,1165010100104750004,1,대지,475,4,서울특별시 서초구 방배동 475-4,116504163107,서울특별시 서초구 도구로1길,57,,1165010100104750004013322,,서울특별시 서초구 도구로1길 57,137819,06694,,1,,126.98658021349,37.4779144237765
MA010120220803820717,커피스타76/모든정수기,,G2,소매,G221,기타 상품 소매,G22199,그 외 기타 상품 전문 소매업,G47859,그 외 기타 분류 안된 상품 전문 소매업,50,제주특별자치도,50110,제주시,50110660,노형동,5011012200,노형동,5011012200134890009,1,대지,3489,9,제주특별자치도 제주시 노형동 3489-9,501104848550,제주특별자치도 제주시 월산남4길,27,,5011012200134890009000001,,제주특별자치도 제주시 월산남4길 27,690805,63093,,,,126.466313431637,33.4663078712637
MA010120220803815113,건국소방안전,,G2,소매,G221,기타 상품 소매,G22199,그 외 기타 상품 전문 소매업,G47859,그 외 기타 분류 안된 상품 전문 소매업,46,전라남도,46110,목포시,46110750,이로동,4611015900,용해동,4611015900109540024,1,대지,954,24,전라남도 목포시 용해동 954-24,461104643356,전라남도 목포시 삼학로267번길,2,,4611015900109540024032446,,전라남도 목포시 삼학로267번길 2,530842,58736,,,,126.408058509484,34.7950257996646
MA010120220803823743,대운TNP,,G2,소매,G221,기타 상품 소매,G22199,그 외 기타 상품 전문 소매업,G47859,그 외 기타 분류 안된 상품 전문 소매업,41,경기도,41250,동두천시,41250535,중앙동,4125010300,생연동,4125010300106120003,1,대지,612,3,경기도 동두천시 생연동 612-3,412503189005,경기도 동두천시 동두천로,279,10,4125010300106120003007166,,경기도 동두천시 동두천로 279-10,483801,11329,,,,127.055433032162,37.9064246722928
MA010120220803788294,와유소방안전,,G2,소매,G221,기타 상품 소매,G22199,그 외 기타 상품 전문 소매업,G47859,그 외 기타 분류 안된 상품 전문 소매업,11,서울특별시,11470,양천구,11470650,신정4동,1147010100,신정동,1147010100109560001,1,대지,956,1,서울특별시 양천구 신정동 956-1,114704142335,서울특별시 양천구 은행정로11길,3,,1147010100109560001002687,,서울특별시 양천구 은행정로11길 3,158859,08024,,,,126.858909528417,37.5239804382664
MA010120220803783250,산삼전시장,,G2,소매,G221,기타 상품 소매,G22199,그 외 기타 상품 전문 소매업,G47859,그 외 기타 분류 안된 상품 전문 소매업,41,경기도,41273,안산시 단원구,41273535,호수동,4127310100,고잔동,4127310100106810007,1,대지,681,7,경기도 안산시 단원구 고잔동 681-7,412733190012,경기도 안산시 단원구 광덕4로,116,,4127310100106810007019884,대덕프라자,경기도 안산시 단원구 광덕4로 116,425802,15458,,2,,126.825254186059,37.3151156649802
MA010120220803856002,밀알성구사,,G2,소매,G221,기타 상품 소매,G22199,그 외 기타 상품 전문 소매업,G47859,그 외 기타 분류 안된 상품 전문 소매업,46,전라남도,46860,함평군,46860250,함평읍,4686025023,함평읍,4686025023102080000,1,대지,208,,전라남도 함평군 함평읍 내교리 208,468604691140,전라남도 함평군 함평읍 서부길,116,,4686025023102080000045654,,전라남도 함평군 함평읍 서부길 116,525803,57153,,1,,126.521147718535,35.0633602245245
MA010120220803842555,수복인삼,,G2,소매,G221,기타 상품 소매,G22199,그 외 기타 상품 전문 소매업,G47859,그 외 기타 분류 안된 상품 전문 소매업,11,서울특별시,11110,종로구,11110630,종로5.6가동,1111016300,종로5가,1111016300100820001,1,대지,82,1,서울특별시 종로구 종로5가 82-1,111103100013,서울특별시 종로구 종로,200,,1111016300101200017000288,다열,서울특별시 종로구 종로 200,110835,03195,,,,127.000056598354,37.5708806128876
MA010120220803869609,대영,,G2,소매,G221,기타 상품 소매,G22199,그 외 기타 상품 전문 소매업,G47859,그 외 기타 분류 안된 상품 전문 소매업,31,울산광역시,31110,중구,31110610,다운동,3111011100,태화동,3111011100108480007,1,대지,848,7,울산광역시 중구 태화동 848-7,311104307075,울산광역시 중구 난곡17길,24,,3111011100108480007003109,,울산광역시 중구 난곡17길 24,681820,44433,,,,129.28343891256,35.5567877157775
MA010120220803864101,해신통상,,G2,소매,G221,기타 상품 소매,G22199,그 외 기타 상품 전문 소매업,G47859,그 외 기타 분류 안된 상품 전문 소매업,11,서울특별시,11260,중랑구,11260620,묵1동,1126010400,묵동,1126010400101800016,1,대지,180,16,서울특별시 중랑구 묵동 180-16,112603000001,서울특별시 중랑구 동일로,894,,1126010400101800016009320,,서울특별시 중랑구 동일로 894,131849,02038,,2,,127.07804502493,37.6103272774666
MA010120220803856907,서리담다,,G2,소매,G221,기타 상품 소매,G22199,그 외 기타 상품 전문 소매업,G47859,그 외 기타 분류 안된 상품 전문 소매업,41,경기도,41590,화성시,41590259,향남읍,4159025924,향남읍,4159025924107890040,1,대지,789,40,경기도 화성시 향남읍 상신리 789-40,415904430680,경기도 화성시 향남읍 서봉로38번길,62,28,4159025924107890018000001,,경기도 화성시 향남읍 서봉로38번길 62-28,445937,18614,,,,126.913911832015,37.0980691786541
MA010120220803867337,예은산업,,G2,소매,G221,기타 상품 소매,G22199,그 외 기타 상품 전문 소매업,G47859,그 외 기타 분류 안된 상품 전문 소매업,48,경상남도,48890,합천군,48890340,야로면,4889034028,야로면,4889034028107050001,1,대지,705,1,경상남도 합천군 야로면 하빈리 705-1,488903348014,경상남도 합천군 야로면 미숭산로,50,4,4889034028107050001000001,,경상남도 합천군 야로면 미숭산로 50-4,678882,50205,,,,128.175623768125,35.7082657212175
MA010120220803834332,성동총포사,,G2,소매,G221,기타 상품 소매,G22199,그 외 기타 상품 전문 소매업,G47859,그 외 기타 분류 안된 상품 전문 소매업,41,경기도,41461,용인시 처인구,41461350,백암면,4146135023,백암면,4146135023106000005,1,대지,600,5,경기도 용인시 처인구 백암면 백봉리 600-5,414612012010,경기도 용인시 처인구 백암면 죽양대로,803,,4146135023106000005016347,,경기도 용인시 처인구 백암면 죽양대로 803,449865,17180,,,,127.394355112025,37.1396142455973
MA010120220803834386,성동유통,,G2,소매,G221,기타 상품 소매,G22199,그 외 기타 상품 전문 소매업,G47859,그 외 기타 분류 안된 상품 전문 소매업,11,서울특별시,11200,성동구,11200690,성수2가3동,1120011500,성수동2가,1120011500103000087,1,대지,300,87,서울특별시 성동구 성수동2가 300-87,112003000002,서울특별시 성동구 아차산로,87,,1120011500103000087003987,,서울특별시 성동구 아차산로 87,133834,04793,,2,,127.053987783845,37.5454331194784
MA010120220803854507,손은하컴퍼니,,G2,소매,G221,기타 상품 소매,G22199,그 외 기타 상품 전문 소매업,G47859,그 외 기타 분류 안된 상품 전문 소매업,41,경기도,41450,하남시,41450560,덕풍3동,4145010800,덕풍동,4145010800108330000,1,대지,833,,경기도 하남시 덕풍동 833,414502000019,경기도 하남시 미사대로,540,,4145010800108330000000001,,경기도 하남시 미사대로 540,465013,12925,,,,127.206105793244,37.557591225128
MA010120220803843686,영지,,G2,소매,G221,기타 상품 소매,G22199,그 외 기타 상품 전문 소매업,G47859,그 외 기타 분류 안된 상품 전문 소매업,11,서울특별시,11110,종로구,11110615,종로1.2.3.4가동,1111015800,예지동,1111015800100220000,1,대지,22,,서울특별시 종로구 예지동 22,111104100401,서울특별시 종로구 창경궁로12길,1,,1111015800100220000015917,안악상가,서울특별시 종로구 창경궁로12길 1,110833,03195,,,,126.998098321658,37.569844452917
MA010120220803849648,영풍,,G2,소매,G221,기타 상품 소매,G22199,그 외 기타 상품 전문 소매업,G47859,그 외 기타 분류 안된 상품 전문 소매업,41,경기도,41390,시흥시,41390591,정왕1동,4139013200,정왕동,4139013200113670001,1,대지,1367,1,경기도 시흥시 정왕동 1367-1,413902199001,경기도 시흥시 공단1대로,244,,4139013200113670001016345,공구상가,경기도 시흥시 공단1대로 244,429853,15103,,,,126.728445299906,37.3353324328239
MA010120220803829356,싸다키시큐리티,,G2,소매,G221,기타 상품 소매,G22199,그 외 기타 상품 전문 소매업,G47859,그 외 기타 분류 안된 상품 전문 소매업,29,광주광역시,29200,광산구,29200580,우산동,2920010900,우산동,2920010900110760006,1,대지,1076,6,광주광역시 광산구 우산동 1076-6,292004289200,광주광역시 광산구 사암로92번길,23,12,2920010900110760006002734,제,광주광역시 광산구 사암로92번길 23-12,506814,62373,,2,,126.808753856675,35.1528219840046
MA010120220803858320,전국정보통신,,G2,소매,G221,기타 상품 소매,G22199,그 외 기타 상품 전문 소매업,G47859,그 외 기타 분류 안된 상품 전문 소매업,11,서울특별시,11260,중랑구,11260630,묵2동,1126010400,묵동,1126010400102390050,1,대지,239,50,서울특별시 중랑구 묵동 239-50,112604118126,서울특별시 중랑구 동일로161길,7,,1126010400102390050000001,,서울특별시 중랑구 동일로161길 7,131852,02006,,,,127.077037870427,37.611129819413
MA010120220803871341,진흥미싱,,G2,소매,G221,기타 상품 소매,G22199,그 외 기타 상품 전문 소매업,G47859,그 외 기타 분류 안된 상품 전문 소매업,11,서울특별시,11110,종로구,11110630,종로5.6가동,1111016700,충신동,1111016700100270023,1,대지,27,23,서울특별시 종로구 충신동 27-23,111103100010,서울특별시 종로구 율곡로,255,,1111016700100270023012248,,서울특별시 종로구 율곡로 255,110844,03099,,,,127.006509114128,37.5743672841697
MA010120220803871712,청계직판장,,G2,소매,G221,기타 상품 소매,G22199,그 외 기타 상품 전문 소매업,G47859,그 외 기타 분류 안된 상품 전문 소매업,11,서울특별시,11110,종로구,11110670,창신1동,1111017400,창신동,1111017400104040002,1,대지,404,2,서울특별시 종로구 창신동 404-2,111104100341,서울특별시 종로구 종로44길,89,,1111017400104040002005336,,서울특별시 종로구 종로44길 89,110841,03120,,,,127.015292871252,37.5708616024817
MA010120220803871723,선진미싱,,G2,소매,G221,기타 상품 소매,G22199,그 외 기타 상품 전문 소매업,G47859,그 외 기타 분류 안된 상품 전문 소매업,11,서울특별시,11110,종로구,11110670,창신1동,1111017400,창신동,1111017400103930018,1,대지,393,18,서울특별시 종로구 창신동 393-18,111103005007,서울특별시 종로구 지봉로,9,,1111017400103930018005172,,서울특별시 종로구 지봉로 9,110841,03120,,,,127.015598502274,37.5708615624949
MA010120220803519112,SCM전례,,G2,소매,G221,기타 상품 소매,G22199,그 외 기타 상품 전문 소매업,G47859,그 외 기타 분류 안된 상품 전문 소매업,11,서울특별시,11140,중구,11140580,장충동,1114014400,장충동2가,1114014400101860212,1,대지,186,212,서울특별시 중구 장충동2가 186-212,111404103107,서울특별시 중구 동호로30길,24,,1114014400100270003000001,,서울특별시 중구 동호로30길 24,100855,04617,,,,127.004448035362,37.5608704629993
MA010120220803480326,세계우표사,,G2,소매,G221,기타 상품 소매,G22199,그 외 기타 상품 전문 소매업,G47859,그 외 기타 분류 안된 상품 전문 소매업,11,서울특별시,11140,중구,11140540,회현동,1114012400,충무로1가,1114012400100520041,1,대지,52,41,서울특별시 중구 충무로1가 52-41,111403101004,서울특별시 중구 소공로,58,,1114012200100010001000001,회현지하쇼핑센터,서울특별시 중구 소공로 58,100011,04535,,,,126.982060835234,37.5604006655827
MA010120220803480328,서울우표사,,G2,소매,G221,기타 상품 소매,G22199,그 외 기타 상품 전문 소매업,G47859,그 외 기타 분류 안된 상품 전문 소매업,11,서울특별시,11140,중구,11140540,회현동,1114012400,충무로1가,1114012400100520041,1,대지,52,41,서울특별시 중구 충무로1가 52-41,111403101004,서울특별시 중구 소공로,58,,1114012200100010001000001,회현지하도상가,서울특별시 중구 소공로 58,100011,04535,,,,126.982060835234,37.5604006655827
MA010120220803497644,구름나그네월드코인,,G2,소매,G221,기타 상품 소매,G22199,그 외 기타 상품 전문 소매업,G47859,그 외 기타 분류 안된 상품 전문 소매업,11,서울특별시,11140,중구,11140540,회현동,1114012400,충무로1가,1114012400100520041,1,대지,52,41,서울특별시 중구 충무로1가 52-41,111403101004,서울특별시 중구 소공로,58,,1114012200100010001000001,회현지하상가,서울특별시 중구 소공로 58,100011,04535,,,,126.982060835234,37.5604006655827
MA010120220803504337,월드샵,,G2,소매,G221,기타 상품 소매,G22199,그 외 기타 상품 전문 소매업,G47859,그 외 기타 분류 안된 상품 전문 소매업,41,경기도,41150,의정부시,41150510,의정부1동,4115010100,의정부동,4115010100101300001,1,대지,130,1,경기도 의정부시 의정부동 130-1,411503181060,경기도 의정부시 시민로,148,,4115010100101300001000374,창호빌딩,경기도 의정부시 시민로 148,480011,11697,,2,,127.051211210945,37.7373800717717
MA010120220803509831,커피뱅크,,G2,소매,G221,기타 상품 소매,G22199,그 외 기타 상품 전문 소매업,G47859,그 외 기타 분류 안된 상품 전문 소매업,46,전라남도,46110,목포시,46110800,부흥동,4611016400,옥암동,4611016400110500003,1,대지,1050,3,전라남도 목포시 옥암동 1050-3,461104643232,전라남도 목포시 복산길12번길,37,,4611016400110500003032313,,전라남도 목포시 복산길12번길 37,530847,58686,,,,126.435264886105,34.806494661018
MA010120220803480341,삼성우표,,G2,소매,G221,기타 상품 소매,G22199,그 외 기타 상품 전문 소매업,G47859,그 외 기타 분류 안된 상품 전문 소매업,11,서울특별시,11140,중구,11140540,회현동,1114012400,충무로1가,1114012400100520041,1,대지,52,41,서울특별시 중구 충무로1가 52-41,111403101004,서울특별시 중구 소공로,58,,1114012200100010001000001,가,서울특별시 중구 소공로 58,100011,04535,,,,126.982060835234,37.5604006655827
MA010120220803480381,고려사,,G2,소매,G221,기타 상품 소매,G22199,그 외 기타 상품 전문 소매업,G47859,그 외 기타 분류 안된 상품 전문 소매업,11,서울특별시,11140,중구,11140540,회현동,1114012400,충무로1가,1114012400100520041,1,대지,52,41,서울특별시 중구 충무로1가 52-41,111403101004,서울특별시 중구 소공로,58,,1114012200100010001000001,회현지하상가,서울특별시 중구 소공로 58,100011,04535,,,,126.982060835234,37.5604006655827
MA010120220803504717,삼원에스제이,,G2,소매,G221,기타 상품 소매,G22199,그 외 기타 상품 전문 소매업,G47859,그 외 기타 분류 안된 상품 전문 소매업,41,경기도,41250,동두천시,41250520,생연2동,4125010300,생연동,4125010300106720008,1,대지,672,8,경기도 동두천시 생연동 672-8,412504367133,경기도 동두천시 중앙로246번길,17,,4125010300106720008001705,,경기도 동두천시 중앙로246번길 17,483032,11330,,,,127.054543869551,37.9033979158656
MA010120220803519465,한국대학생포럼,,G2,소매,G221,기타 상품 소매,G22199,그 외 기타 상품 전문 소매업,G47859,그 외 기타 분류 안된 상품 전문 소매업,11,서울특별시,11680,강남구,11680640,역삼1동,1168010100,역삼동,1168010100107890008,1,대지,789,8,서울특별시 강남구 역삼동 789-8,116804166636,서울특별시 강남구 역삼로18길,5,,1168010100107890008028087,부림빌딩,서울특별시 강남구 역삼로18길 5,135929,06249,,B1,,127.036344367285,37.4945602274264
MA010120220803480672,천광종합불교사,,G2,소매,G221,기타 상품 소매,G22199,그 외 기타 상품 전문 소매업,G47859,그 외 기타 분류 안된 상품 전문 소매업,11,서울특별시,11140,중구,11140650,신당5동,1114016200,신당동,1114016200101210002,1,대지,121,2,서울특별시 중구 신당동 121-2,111404103068,서울특별시 중구 다산로44길,22,,1114016200101210002004660,신당동,서울특별시 중구 다산로44길 22,100819,04577,,1,,127.018189266606,37.5649416498204
MA010120220803502467,수집뱅크회현점,코리아,G2,소매,G221,기타 상품 소매,G22199,그 외 기타 상품 전문 소매업,G47859,그 외 기타 분류 안된 상품 전문 소매업,11,서울특별시,11140,중구,11140540,회현동,1114012400,충무로1가,1114012400100520041,1,대지,52,41,서울특별시 중구 충무로1가 52-41,111403101004,서울특별시 중구 소공로,58,,1114012200100010001000001,회현지하도상가,서울특별시 중구 소공로 58,100011,04535,,,,126.982060835234,37.5604006655827
MA010120220803502559,우리물산,,G2,소매,G221,기타 상품 소매,G22199,그 외 기타 상품 전문 소매업,G47859,그 외 기타 분류 안된 상품 전문 소매업,41,경기도,41192,부천시 원미구,41192700,상3동,4119210900,상동,4119210900105340001,1,대지,534,1,경기도 부천시 원미구 상동 534-1,411923184004,경기도 부천시 원미구 상동로,113,,4119510900105340001034766,,경기도 부천시 원미구 상동로 113,420861,14543,,8,,126.753044403455,37.5074713666916
MA010120220803502700,테디보틀링,,G2,소매,G221,기타 상품 소매,G22199,그 외 기타 상품 전문 소매업,G47859,그 외 기타 분류 안된 상품 전문 소매업,26,부산광역시,26350,해운대구,26350560,송정동,2635010800,송정동,2635010800104420002,1,대지,442,2,부산광역시 해운대구 송정동 442-2,263504199099,부산광역시 해운대구 송정중앙로6번길,188,,2635010800104420002021881,,부산광역시 해운대구 송정중앙로6번길 188,612040,48073,,1,,129.196570730861,35.1760981453883
MA010120220803499494,삼영기계,,G2,소매,G221,기타 상품 소매,G22199,그 외 기타 상품 전문 소매업,G47859,그 외 기타 분류 안된 상품 전문 소매업,11,서울특별시,11140,중구,11140590,광희동,1114015400,오장동,1114015400101390011,1,대지,139,11,서울특별시 중구 오장동 139-11,111404103252,서울특별시 중구 을지로36길,35,,1114015400101390013016170,오장동서울중부시장,서울특별시 중구 을지로36길 35,100310,04547,,1,,127.001901556717,37.5650601651757
MA010120220803482987,수집닷컴,,G2,소매,G221,기타 상품 소매,G22199,그 외 기타 상품 전문 소매업,G47859,그 외 기타 분류 안된 상품 전문 소매업,11,서울특별시,11140,중구,11140550,명동,1114012700,명동2가,1114012700101050000,1,대지,105,,서울특별시 중구 명동2가 105,111403101001,서울특별시 중구 남대문로,52,13,1114012700101050000019825,중정도서관빌딩,서울특별시 중구 남대문로 52-13,100810,04535,,,,126.98233205651,37.5621486401615
MA010120220803503256,마돈나가발,,G2,소매,G221,기타 상품 소매,G22199,그 외 기타 상품 전문 소매업,G47422,의복 액세서리 및 모조 장신구 소매업,11,서울특별시,11110,종로구,11110630,종로5.6가동,1111016400,종로6가,1111016400100930001,1,대지,93,1,서울특별시 종로구 종로6가 93-1,111103100013,서울특별시 종로구 종로,269,,1111016400100930001013085,,서울특별시 종로구 종로 269,110126,03124,,2,,127.007901177741,37.571330846122
MA010120220803496413,청계낚시잡화,백화점,G2,소매,G221,기타 상품 소매,G22199,그 외 기타 상품 전문 소매업,G47859,그 외 기타 분류 안된 상품 전문 소매업,11,서울특별시,11140,중구,11140670,황학동,1114016500,황학동,1114016500107530019,1,대지,753,19,서울특별시 중구 황학동 753-19,111404103384,서울특별시 중구 퇴계로81길,14,,1114016500107530019002803,,서울특별시 중구 퇴계로81길 14,100869,04576,,1,,127.018099032512,37.5662481080056
MA010120220803488418,우정사,,G2,소매,G221,기타 상품 소매,G22199,그 외 기타 상품 전문 소매업,G47859,그 외 기타 분류 안된 상품 전문 소매업,11,서울특별시,11140,중구,11140540,회현동,1114012400,충무로1가,1114012400100520041,1,대지,52,41,서울특별시 중구 충무로1가 52-41,111403101004,서울특별시 중구 소공로,58,,1114012200100010001000001,회현,서울특별시 중구 소공로 58,100011,04535,,,,126.982060835234,37.5604006655827
MA010120220803488436,잼액세사리,,G2,소매,G221,기타 상품 소매,G22199,그 외 기타 상품 전문 소매업,G47859,그 외 기타 분류 안된 상품 전문 소매업,11,서울특별시,11140,중구,11140550,명동,1114012500,충무로2가,1114012500100650009,1,대지,65,9,서울특별시 중구 충무로2가 65-9,111403101011,서울특별시 중구 퇴계로,123,,1114012500100650009023214,충무,서울특별시 중구 퇴계로 123,100861,04536,,,,126.985354228557,37.5612660769897
MA010120220803514871,미림소방,,G2,소매,G221,기타 상품 소매,G22199,그 외 기타 상품 전문 소매업,G47859,그 외 기타 분류 안된 상품 전문 소매업,11,서울특별시,11290,성북구,11290715,월곡1동,1129013600,하월곡동,1129013600100810209,1,대지,81,209,서울특별시 성북구 하월곡동 81-209,112904121437,서울특별시 성북구 오패산로17길,18,21,1129013600100810209017423,,서울특별시 성북구 오패산로17길 18-21,136872,02737,,,,127.034486029034,37.6091046799757
MA010120220803488470,대보당,,G2,소매,G221,기타 상품 소매,G22199,그 외 기타 상품 전문 소매업,G47859,그 외 기타 분류 안된 상품 전문 소매업,11,서울특별시,11140,중구,11140540,회현동,1114012400,충무로1가,1114012400100520041,1,대지,52,41,서울특별시 중구 충무로1가 52-41,111403101004,서울특별시 중구 소공로,58,,1114012200100010001000001,회현,서울특별시 중구 소공로 58,100011,04535,,,,126.982060835234,37.5604006655827
MA010120220803514990,물놀이아쿠아,,G2,소매,G221,기타 상품 소매,G22199,그 외 기타 상품 전문 소매업,G47859,그 외 기타 분류 안된 상품 전문 소매업,29,광주광역시,29200,광산구,29200620,비아동,2920011300,도천동,2920011300104590000,1,대지,459,,광주광역시 광산구 도천동 459,292004289077,광주광역시 광산구 도천북길,131,9,2920011300104590000000001,,광주광역시 광산구 도천북길 131-9,506300,62241,,,,126.819248422534,35.2160590970403
MA010120220803534500,서귀성인용품,,G2,소매,G221,기타 상품 소매,G22199,그 외 기타 상품 전문 소매업,G47859,그 외 기타 분류 안된 상품 전문 소매업,50,제주특별자치도,50130,서귀포시,50130540,천지동,5013010100,서귀동,5013010100102980004,1,대지,298,4,제주특별자치도 서귀포시 서귀동 298-4,501303350343,제주특별자치도 서귀포시 서문로,13,,5013010100102980004025224,,제주특별자치도 서귀포시 서문로 13,697844,63592,,,,126.559930970612,33.2513971026254
MA010120220803534543,제이에스아그로,,G2,소매,G221,기타 상품 소매,G22199,그 외 기타 상품 전문 소매업,G47859,그 외 기타 분류 안된 상품 전문 소매업,41,경기도,41550,안성시,41550340,미양면,4155034033,미양면,4155034033100940000,1,대지,94,,경기도 안성시 미양면 보체리 94,415503208033,경기도 안성시 미양면 신두만곡로,801,,4155034033100940000029438,,경기도 안성시 미양면 신두만곡로 801,456843,17600,,2,,127.241699179853,36.9718297799199
MA010120220803534594,통통,,G2,소매,G221,기타 상품 소매,G22199,그 외 기타 상품 전문 소매업,G47859,그 외 기타 분류 안된 상품 전문 소매업,41,경기도,41150,의정부시,41150578,송산3동,4115010600,민락동,4115010600108030000,1,대지,803,,경기도 의정부시 민락동 803,411503181033,경기도 의정부시 오목로,196,,4115010600108030000000001,민락2,경기도 의정부시 오목로 196,480090,11813,,2,,127.099300016649,37.7439805024246
MA010120220803537267,마음이움직이는토탈공예,,G2,소매,G221,기타 상품 소매,G22199,그 외 기타 상품 전문 소매업,G47859,그 외 기타 분류 안된 상품 전문 소매업,11,서울특별시,11620,관악구,11620715,난향동,1162010200,신림동,1162010200106760036,1,대지,676,36,서울특별시 관악구 신림동 676-36,116204160178,서울특별시 관악구 난향길,14,,1162010200106760036009442,,서울특별시 관악구 난향길 14,151885,08859,,1,,126.918061850085,37.4629119820742
MA010120220803556156,신흥농원,,G2,소매,G221,기타 상품 소매,G22199,그 외 기타 상품 전문 소매업,G47859,그 외 기타 분류 안된 상품 전문 소매업,41,경기도,41830,양평군,41830400,용문면,4183040024,용문면,4183040024107390012,1,대지,739,12,경기도 양평군 용문면 다문리 739-12,418303217042,경기도 양평군 용문면 용문로,348,1,4183040024107390012000001,,경기도 양평군 용문면 용문로 348-1,476841,12520,,,,127.593023959737,37.4837701118202
MA010120220803565714,피치걸,,G2,소매,G221,기타 상품 소매,G22199,그 외 기타 상품 전문 소매업,G47422,의복 액세서리 및 모조 장신구 소매업,11,서울특별시,11140,중구,11140590,광희동,1114014800,을지로6가,1114014800100180035,1,대지,18,35,서울특별시 중구 을지로6가 18-35,111403101021,서울특별시 중구 장충단로,253,,1114014800100180035016122,헬로우APM,서울특별시 중구 장충단로 253,100951,04564,,3,,127.008081877856,37.567483583074
MA010120220803574200,동양화공,,G2,소매,G221,기타 상품 소매,G22199,그 외 기타 상품 전문 소매업,G47859,그 외 기타 분류 안된 상품 전문 소매업,28,인천광역시,28260,서구,28260680,검단동,2826011800,금곡동,2826011800102780001,1,대지,278,1,인천광역시 서구 금곡동 278-1,282602000013,인천광역시 서구 봉수대로,1574,,2826011800102780001000001,,인천광역시 서구 봉수대로 1574,404330,22606,,,,126.642642592747,37.6126681441495
MA010120220803554140,덕창미싱,,G2,소매,G221,기타 상품 소매,G22199,그 외 기타 상품 전문 소매업,G47859,그 외 기타 분류 안된 상품 전문 소매업,11,서울특별시,11140,중구,11140605,을지로동,1114015200,주교동,1114015200101760008,1,대지,176,8,서울특별시 중구 주교동 176-8,111403005008,서울특별시 중구 창경궁로,60,,1114015200101760008011409,홍원빌딩,서울특별시 중구 창경궁로 60,100330,04546,,,,126.998268161722,37.5677991955209
MA010120220803562949,삼영인삼사,,G2,소매,G221,기타 상품 소매,G22199,그 외 기타 상품 전문 소매업,G47859,그 외 기타 분류 안된 상품 전문 소매업,47,경상북도,47210,영주시,47210250,풍기읍,4721025029,풍기읍,4721025029101250003,1,대지,125,3,경상북도 영주시 풍기읍 서부리 125-3,472103309077,경상북도 영주시 풍기읍 동성로,112,,4721025029101250003011790,,경상북도 영주시 풍기읍 동성로 112,750805,36025,,,,128.524460144997,36.87222396305
MA010120220803575765,쑥뜸명가,,G2,소매,G221,기타 상품 소매,G22199,그 외 기타 상품 전문 소매업,S96999,그 외 기타 달리 분류되지 않은 개인 서비스업,31,울산광역시,31140,남구,31140570,삼산동,3114010600,삼산동,3114010600115460019,1,대지,1546,19,울산광역시 남구 삼산동 1546-19,311403170027,울산광역시 남구 삼산중로,116,,3114010600115460019006486,,울산광역시 남구 삼산중로 116,680816,44705,,,,129.336297667026,35.5437724644641
MA010120220803578090,한국소방,,G2,소매,G221,기타 상품 소매,G22199,그 외 기타 상품 전문 소매업,G47859,그 외 기타 분류 안된 상품 전문 소매업,29,광주광역시,29200,광산구,29200640,하남동,2920012700,산정동,2920012700110900000,1,대지,1090,,광주광역시 광산구 산정동 1090,292004289110,광주광역시 광산구 목련로2번길,63,,2920012700110900000000001,,광주광역시 광산구 목련로2번길 63,506250,62341,,,,126.799359767295,35.1705815623722
MA010120220803542221,하늘원,,G2,소매,G221,기타 상품 소매,G22199,그 외 기타 상품 전문 소매업,G47859,그 외 기타 분류 안된 상품 전문 소매업,41,경기도,41281,고양시 덕양구,41281590,고양동,4128111700,대자동,4128111700102990019,1,대지,299,19,경기도 고양시 덕양구 대자동 299-19,412813000136,경기도 고양시 덕양구 호국로,1391,,4128111700102990019005473,,경기도 고양시 덕양구 호국로 1391,412801,10283,,,,126.890604783046,37.6804169138119
MA010120220803555643,정원유통,,G2,소매,G221,기타 상품 소매,G22199,그 외 기타 상품 전문 소매업,G47859,그 외 기타 분류 안된 상품 전문 소매업,51,강원특별자치도,51150,강릉시,51150340,강동면,5115034030,강동면,5115034030100390001,1,대지,39,1,강원특별자치도 강릉시 강동면 산성우리 39-1,511503220032,강원특별자치도 강릉시 강동면 율곡로,998,,4215034030000390001048082,,강원특별자치도 강릉시 강동면 율곡로 998,210822,25630,,2,,129.02290827677,37.6786470973229
MA010120220803576105,비료공장,,G2,소매,G221,기타 상품 소매,G22199,그 외 기타 상품 전문 소매업,G47859,그 외 기타 분류 안된 상품 전문 소매업,27,대구광역시,27260,수성구,27260520,범어2동,2726010100,범어동,2726010100100450029,1,대지,45,29,대구광역시 수성구 범어동 45-29,272603007004,대구광역시 수성구 동대구로,390,,2726010100100450004029568,범어타워,대구광역시 수성구 동대구로 390,706818,42020,,13,,128.62749917207,35.8651467996521
MA010120220803578869,멀티타바코,,G2,소매,G221,기타 상품 소매,G22199,그 외 기타 상품 전문 소매업,G47859,그 외 기타 분류 안된 상품 전문 소매업,51,강원특별자치도,51720,홍천군,51720250,홍천읍,5172025022,홍천읍,5172025022100120013,1,대지,12,13,강원특별자치도 홍천군 홍천읍 신장대리 12-13,517203225055,강원특별자치도 홍천군 홍천읍 번영로,46,,4272025022100120013029430,,강원특별자치도 홍천군 홍천읍 번영로 46,250805,25137,,,,127.885355994217,37.6899919680371
MA010120220803578884,그린에너지,,G2,소매,G221,기타 상품 소매,G22199,그 외 기타 상품 전문 소매업,G47859,그 외 기타 분류 안된 상품 전문 소매업,47,경상북도,47850,칠곡군,47850330,가산면,4785033046,가산면,4785033046100830006,1,대지,83,6,경상북도 칠곡군 가산면 석우리 83-6,478502018002,경상북도 칠곡군 가산면 경북대로,1850,30,4785033046100830006000001,,경상북도 칠곡군 가산면 경북대로 1850-30,718913,39852,,,,128.551771418632,36.1038678741475
MA010120220803578909,태성소방,,G2,소매,G221,기타 상품 소매,G22199,그 외 기타 상품 전문 소매업,G47859,그 외 기타 분류 안된 상품 전문 소매업,47,경상북도,47170,안동시,47170510,중구동,4717010800,신세동,4717010800101770002,1,대지,177,2,경상북도 안동시 신세동 177-2,471704722134,경상북도 안동시 태사길,125,,4717010800101770002020458,,경상북도 안동시 태사길 125,760020,36685,,1,,128.737947999868,36.565708144673
MA010120220803548652,호산나성물,,G2,소매,G221,기타 상품 소매,G22199,그 외 기타 상품 전문 소매업,G47859,그 외 기타 분류 안된 상품 전문 소매업,11,서울특별시,11140,중구,11140550,명동,1114013100,저동1가,1114013100100020003,1,대지,2,3,서울특별시 중구 저동1가 2-3,111402100001,서울특별시 중구 삼일대로,330,,1114013100100020003000212,,서울특별시 중구 삼일대로 330,100031,04552,,1,,126.988432302626,37.5643748566603
MA010120220803552297,용문불교사,,G2,소매,G221,기타 상품 소매,G22199,그 외 기타 상품 전문 소매업,G47859,그 외 기타 분류 안된 상품 전문 소매업,41,경기도,41830,양평군,41830400,용문면,4183040024,용문면,4183040024107470003,1,대지,747,3,경기도 양평군 용문면 다문리 747-3,418304452049,경기도 양평군 용문면 용문로340번길,10,,4183040024107470003004530,,경기도 양평군 용문면 용문로340번길 10,476841,12520,,,,127.592664865154,37.4826817084832
MA010120220803567955,모아정보통신,,G2,소매,G221,기타 상품 소매,G22199,그 외 기타 상품 전문 소매업,G47859,그 외 기타 분류 안된 상품 전문 소매업,11,서울특별시,11230,동대문구,11230650,장안1동,1123010600,장안동,1123010600103990006,1,대지,399,6,서울특별시 동대문구 장안동 399-6,112304115423,서울특별시 동대문구 장한로9길,54,2,1123010600103990006017722,,서울특별시 동대문구 장한로9길 54-2,130843,02630,,,,127.06457504691,37.5666282733603
MA010120220803568505,파밍,,G2,소매,G221,기타 상품 소매,G22199,그 외 기타 상품 전문 소매업,G47859,그 외 기타 분류 안된 상품 전문 소매업,48,경상남도,48870,함양군,48870310,마천면,4887031021,마천면,4887031021105220003,1,대지,522,3,경상남도 함양군 마천면 가흥리 522-3,488704838092,경상남도 함양군 마천면 당흥길,3,,4887031021105220003021491,,경상남도 함양군 마천면 당흥길 3,676911,50055,,,,127.663712298776,35.3962426438926
MA010120220803594816,동성미싱,,G2,소매,G221,기타 상품 소매,G22199,그 외 기타 상품 전문 소매업,G47859,그 외 기타 분류 안된 상품 전문 소매업,11,서울특별시,11140,중구,11140590,광희동,1114014800,을지로6가,1114014800100170415,1,대지,17,415,서울특별시 중구 을지로6가 17-415,111404103267,서울특별시 중구 장충단로13길,34,,1114014800100170415013853,동화상가,서울특별시 중구 장충단로13길 34,100850,04563,,3,,127.00691610886,37.5686099017672
MA010120220803595084,흙사랑농자재,,G2,소매,G221,기타 상품 소매,G22199,그 외 기타 상품 전문 소매업,G47859,그 외 기타 분류 안된 상품 전문 소매업,46,전라남도,46810,강진군,46810360,성전면,4681036028,성전면,4681036028107560014,1,대지,756,14,전라남도 강진군 성전면 성전리 756-14,468103293028,전라남도 강진군 성전면 송계로,883,,4681036028107560014062911,,전라남도 강진군 성전면 송계로 883,527812,59203,,,,126.710557253753,34.6900062173158
MA010120220803617731,삼홍건재약업사,,G2,소매,G221,기타 상품 소매,G22199,그 외 기타 상품 전문 소매업,G47859,그 외 기타 분류 안된 상품 전문 소매업,41,경기도,41360,남양주시,41360310,별내면,4136031023,별내면,4136031023101680002,1,대지,168,2,경기도 남양주시 별내면 광전리 168-2,413604391505,경기도 남양주시 별내면 송산로679번길,11,,4136031023101680002011940,왼쪽동,경기도 남양주시 별내면 송산로679번길 11,472811,12090,,,,127.123074456184,37.6987833543935
MA010120220803591353,정서진비닐포장,,G2,소매,G221,기타 상품 소매,G22199,그 외 기타 상품 전문 소매업,G47859,그 외 기타 분류 안된 상품 전문 소매업,28,인천광역시,28260,서구,28260542,가정1동,2826010800,가정동,2826010800105060042,1,대지,506,42,인천광역시 서구 가정동 506-42,282604268618,인천광역시 서구 원창로229번길,9,,2826010800105060042002535,,인천광역시 서구 원창로229번길 9,404803,22777,,,,126.674799522263,37.5183461539405
MA010120220803608746,청정한방약초,,G2,소매,G221,기타 상품 소매,G22199,그 외 기타 상품 전문 소매업,G47859,그 외 기타 분류 안된 상품 전문 소매업,11,서울특별시,11230,동대문구,11230545,제기동,1123010300,제기동,1123010300108920012,1,대지,892,12,서울특별시 동대문구 제기동 892-12,112304115241,서울특별시 동대문구 약령서길,28,,1123010300108920012031874,,서울특별시 동대문구 약령서길 28,130864,02569,,2,,127.036261113415,37.5795606317513
MA010120220803621792,사냥꾼이야기총포사,,G2,소매,G221,기타 상품 소매,G22199,그 외 기타 상품 전문 소매업,G47859,그 외 기타 분류 안된 상품 전문 소매업,11,서울특별시,11260,중랑구,11260540,면목4동,1126010100,면목동,1126010100103790005,1,대지,379,5,서울특별시 중랑구 면목동 379-5,112604118193,서울특별시 중랑구 면목로27길,5,,1126010100103790005025144,,서울특별시 중랑구 면목로27길 5,131830,02245,,,,127.084879562548,37.5750036852587
MA010120220803627705,믿음유통농임산물，한약초，건강식품,,G2,소매,G221,기타 상품 소매,G22199,그 외 기타 상품 전문 소매업,G47859,그 외 기타 분류 안된 상품 전문 소매업,11,서울특별시,11230,동대문구,11230545,제기동,1123010300,제기동,1123010300108920071,1,대지,892,71,서울특별시 동대문구 제기동 892-71,112303105008,서울특별시 동대문구 왕산로,109,,1123010300108920071031926,제기동한솔동의보감99,서울특별시 동대문구 왕산로 109,130864,02568,,,,127.035909730244,37.578659745186
MA010120220803609130,유광약업사,,G2,소매,G221,기타 상품 소매,G22199,그 외 기타 상품 전문 소매업,G47859,그 외 기타 분류 안된 상품 전문 소매업,11,서울특별시,11230,동대문구,11230545,제기동,1123010300,제기동,1123010300109500002,1,대지,950,2,서울특별시 동대문구 제기동 950-2,112304115255,서울특별시 동대문구 약령중앙로10길,3,,1123010300109500002031309,,서울특별시 동대문구 약령중앙로10길 3,130864,02570,,,,127.037519243522,37.5825515375868
MA010120220803612478,하동약초,,G2,소매,G221,기타 상품 소매,G22199,그 외 기타 상품 전문 소매업,G47859,그 외 기타 분류 안된 상품 전문 소매업,11,서울특별시,11230,동대문구,11230545,제기동,1123010300,제기동,1123010300110160000,1,대지,1016,,서울특별시 동대문구 제기동 1016,112303105008,서울특별시 동대문구 왕산로,143,,1123010300110160000034753,,서울특별시 동대문구 왕산로 143,130865,02571,,,,127.039238021083,37.578586606285
MA010120220803612733,명품관,,G2,소매,G221,기타 상품 소매,G22199,그 외 기타 상품 전문 소매업,G47859,그 외 기타 분류 안된 상품 전문 소매업,11,서울특별시,11740,강동구,11740650,성내2동,1174010800,성내동,1174010800100410006,1,대지,41,6,서울특별시 강동구 성내동 41-6,117404172415,서울특별시 강동구 천호옛길,83,,1174010800100410006005072,,서울특별시 강동구 천호옛길 83,134840,05385,,,,127.125262076809,37.5362518993183
MA010120220803618624,창우허브,,G2,소매,G221,기타 상품 소매,G22199,그 외 기타 상품 전문 소매업,G47859,그 외 기타 분류 안된 상품 전문 소매업,11,서울특별시,11230,동대문구,11230545,제기동,1123010300,제기동,1123010300108920060,1,대지,892,60,서울특별시 동대문구 제기동 892-60,112304115241,서울특별시 동대문구 약령서길,115,1,1123010300108920060031020,오성빌딩,서울특별시 동대문구 약령서길 115-1,130864,02478,,,,127.036625242977,37.5833537024699
MA010120220803622369,에이치케이모터스,,G2,소매,G221,기타 상품 소매,G22199,그 외 기타 상품 전문 소매업,G47859,그 외 기타 분류 안된 상품 전문 소매업,41,경기도,41310,구리시,41310541,교문1동,4131010400,교문동,4131010400107250010,1,대지,725,10,경기도 구리시 교문동 725-10,413104388117,경기도 구리시 안골로19번길,7,14,4131010400107250010004825,동,경기도 구리시 안골로19번길 7-14,471805,11924,,지,,127.132771181492,37.5979528593111
MA010120220803604109,파티앤벌룬주,코리아,G2,소매,G221,기타 상품 소매,G22199,그 외 기타 상품 전문 소매업,G47859,그 외 기타 분류 안된 상품 전문 소매업,11,서울특별시,11140,중구,11140570,필동,1114013800,필동2가,1114013800101280004,1,대지,128,4,서울특별시 중구 필동2가 128-4,111404103342,서울특별시 중구 퇴계로36가길,94,5,1114013800101280004018613,,서울특별시 중구 퇴계로36가길 94-5,100272,04626,,,,126.994975061181,37.5560681248748
MA010120220803625127,남일물산,,G2,소매,G221,기타 상품 소매,G22199,그 외 기타 상품 전문 소매업,G47859,그 외 기타 분류 안된 상품 전문 소매업,11,서울특별시,11230,동대문구,11230545,제기동,1123010300,제기동,1123010300109370000,1,대지,937,,서울특별시 동대문구 제기동 937,112304115260,서울특별시 동대문구 약령중앙로6길,17,,1123010300109370000031708,,서울특별시 동대문구 약령중앙로6길 17,130864,02570,,1,,127.038163728268,37.5809115226812
MA010120220803606308,금산인삼,,G2,소매,G221,기타 상품 소매,G22199,그 외 기타 상품 전문 소매업,G47859,그 외 기타 분류 안된 상품 전문 소매업,52,전북특별자치도,52111,전주시 완산구,52111605,노송동,5211114700,서노송동,5211114700106420013,1,대지,642,13,전북특별자치도 전주시 완산구 서노송동 642-13,521114598371,전북특별자치도 전주시 완산구 태평5길,36,19,4511114700106430003040042,금산인삼,전북특별자치도 전주시 완산구 태평5길 36-19,560913,54996,,,,127.143887176477,35.8250300515327
MA010120220803615746,민속불교사,,G2,소매,G221,기타 상품 소매,G22199,그 외 기타 상품 전문 소매업,G47859,그 외 기타 분류 안된 상품 전문 소매업,11,서울특별시,11230,동대문구,11230545,제기동,1123010300,제기동,1123010300104290004,1,대지,429,4,서울특별시 동대문구 제기동 429-4,112303105006,서울특별시 동대문구 약령시로,101,,1123010300104290004033939,,서울특별시 동대문구 약령시로 101,130862,02482,,,,127.04124433358,37.5831629703218
MA010120220803622594,핑키러브,,G2,소매,G221,기타 상품 소매,G22199,그 외 기타 상품 전문 소매업,G47859,그 외 기타 분류 안된 상품 전문 소매업,11,서울특별시,11260,중랑구,11260565,면목본동,1126010100,면목동,1126010100103600001,1,대지,360,1,서울특별시 중랑구 면목동 360-1,112603005027,서울특별시 중랑구 면목로,406,,1126010100103600001022042,동,서울특별시 중랑구 면목로 406,131815,02197,,2,,127.087758969804,37.5881020235456
MA010120220803629248,문형물산,,G2,소매,G221,기타 상품 소매,G22199,그 외 기타 상품 전문 소매업,G47859,그 외 기타 분류 안된 상품 전문 소매업,11,서울특별시,11230,동대문구,11230545,제기동,1123010300,제기동,1123010300110460001,1,대지,1046,1,서울특별시 동대문구 제기동 1046-1,112304115033,서울특별시 동대문구 고산자로36길,4,,1123010300110460001034752,경동빌딩,서울특별시 동대문구 고산자로36길 4,130865,02571,,2,,127.038739993053,37.5787579596422
MA010120220803613314,장한약업사,,G2,소매,G221,기타 상품 소매,G22199,그 외 기타 상품 전문 소매업,G47859,그 외 기타 분류 안된 상품 전문 소매업,11,서울특별시,11230,동대문구,11230545,제기동,1123010300,제기동,1123010300109820001,1,대지,982,1,서울특별시 동대문구 제기동 982-1,112303105007,서울특별시 동대문구 약령중앙로,30,,1123010300109820003031684,,서울특별시 동대문구 약령중앙로 30,130864,02570,,2,,127.037258064751,37.5809748815649
MA010120220803629442,형제인삼사,,G2,소매,G221,기타 상품 소매,G22199,그 외 기타 상품 전문 소매업,G47859,그 외 기타 분류 안된 상품 전문 소매업,11,서울특별시,11230,동대문구,11230545,제기동,1123010300,제기동,1123010300110150000,1,대지,1015,,서울특별시 동대문구 제기동 1015,112303105008,서울특별시 동대문구 왕산로,147,,1123010300110150000034749,,서울특별시 동대문구 왕산로 147,130865,02571,,,,127.03965699709,37.5787846849648
MA010120220803628159,경주인삼,,G2,소매,G221,기타 상품 소매,G22199,그 외 기타 상품 전문 소매업,G47859,그 외 기타 분류 안된 상품 전문 소매업,11,서울특별시,11230,동대문구,11230545,제기동,1123010300,제기동,1123010300110190000,1,대지,1019,,서울특별시 동대문구 제기동 1019,112304115033,서울특별시 동대문구 고산자로36길,3,,1123010300110190000034389,신관,서울특별시 동대문구 고산자로36길 3,130865,02571,,2,,127.039147690267,37.5790371332837
MA010120220803607295,포스콤,,G2,소매,G221,기타 상품 소매,G22199,그 외 기타 상품 전문 소매업,G47859,그 외 기타 분류 안된 상품 전문 소매업,11,서울특별시,11290,성북구,11290650,정릉4동,1129013300,정릉동,1129013300200140008,2,산,14,8,서울특별시 성북구 정릉동 산14-8,112903107004,서울특별시 성북구 보국문로,138,40,1129013300200140008027208,,서울특별시 성북구 보국문로 138-40,136104,02701,,,,127.006558064354,37.6161913091591
MA010120220803628160,보람인삼,,G2,소매,G221,기타 상품 소매,G22199,그 외 기타 상품 전문 소매업,G47859,그 외 기타 분류 안된 상품 전문 소매업,11,서울특별시,11230,동대문구,11230545,제기동,1123010300,제기동,1123010300110190000,1,대지,1019,,서울특별시 동대문구 제기동 1019,112304115033,서울특별시 동대문구 고산자로36길,3,,1123010300110190000034389,임삼유통센터,서울특별시 동대문구 고산자로36길 3,130865,02571,,2,,127.039147690267,37.5790371332837
MA010120220803607384,자연산약초,,G2,소매,G221,기타 상품 소매,G22199,그 외 기타 상품 전문 소매업,G47859,그 외 기타 분류 안된 상품 전문 소매업,41,경기도,41360,남양주시,41360253,진접읍,4136025326,진접읍,4136025326105670000,1,대지,567,,경기도 남양주시 진접읍 팔야리 567,413603000121,경기도 남양주시 진접읍 금강로,1871,,4136025326105670000027651,,경기도 남양주시 진접읍 금강로 1871,472868,12018,,,,127.211223596054,37.7504101320589
MA010120220803607428,푸른식품,,G2,소매,G221,기타 상품 소매,G22199,그 외 기타 상품 전문 소매업,G47859,그 외 기타 분류 안된 상품 전문 소매업,11,서울특별시,11230,동대문구,11230545,제기동,1123010300,제기동,1123010300108900013,1,대지,890,13,서울특별시 동대문구 제기동 890-13,112303105007,서울특별시 동대문구 약령중앙로,31,16,1123010300108900013041576,,서울특별시 동대문구 약령중앙로 31-16,130864,02569,,,,127.036669490683,37.5812363540318
MA010120220803607520,연화불교사,,G2,소매,G221,기타 상품 소매,G22199,그 외 기타 상품 전문 소매업,G47859,그 외 기타 분류 안된 상품 전문 소매업,11,서울특별시,11215,광진구,11215847,자양4동,1121510500,자양동,1121510500100450020,1,대지,45,20,서울특별시 광진구 자양동 45-20,112153103010,서울특별시 광진구 뚝섬로,494,,1121510500100450020025358,,서울특별시 광진구 뚝섬로 494,143843,05085,,1,,127.065114334043,37.5359850308355
MA010120220803607535,모디스,,G2,소매,G221,기타 상품 소매,G22199,그 외 기타 상품 전문 소매업,G47422,의복 액세서리 및 모조 장신구 소매업,11,서울특별시,11440,마포구,11440660,서교동,1144012100,동교동,1144012100102010033,1,대지,201,33,서울특별시 마포구 동교동 201-33,114403112014,서울특별시 마포구 동교로,177,,1144012100102010033012094,동교동빌딩,서울특별시 마포구 동교로 177,121819,03992,,4,,126.921366058352,37.5564925459819
MA010120220803607603,보창백옥약국,,G2,소매,G221,기타 상품 소매,G22199,그 외 기타 상품 전문 소매업,G47859,그 외 기타 분류 안된 상품 전문 소매업,11,서울특별시,11230,동대문구,11230545,제기동,1123010300,제기동,1123010300109300002,1,대지,930,2,서울특별시 동대문구 제기동 930-2,112304115239,서울특별시 동대문구 약령동길,86,,1123010300109300002031459,,서울특별시 동대문구 약령동길 86,130864,02570,,1,,127.038107746892,37.5821368920679
MA010120220803616684,명인물산,,G2,소매,G221,기타 상품 소매,G22199,그 외 기타 상품 전문 소매업,G47859,그 외 기타 분류 안된 상품 전문 소매업,11,서울특별시,11230,동대문구,11230545,제기동,1123010300,제기동,1123010300111400015,1,대지,1140,15,서울특별시 동대문구 제기동 1140-15,112304115240,서울특별시 동대문구 약령서1길,26,,1123010300111400015031597,,서울특별시 동대문구 약령서1길 26,130864,02569,,,,127.036442279874,37.5796236455355
MA010120220803623148,굴다리만물사,,G2,소매,G221,기타 상품 소매,G22199,그 외 기타 상품 전문 소매업,G47859,그 외 기타 분류 안된 상품 전문 소매업,11,서울특별시,11230,동대문구,11230560,전농1동,1123010400,전농동,1123010400106800007,1,대지,680,7,서울특별시 동대문구 전농동 680-7,112304115055,서울특별시 동대문구 답십리로15길,15,,1123010400106800007028260,,서울특별시 동대문구 답십리로15길 15,130859,02558,,,,127.046652425224,37.5773945967165
MA010120220803626529,대성상사랍빠.미싱,,G2,소매,G221,기타 상품 소매,G22199,그 외 기타 상품 전문 소매업,G47859,그 외 기타 분류 안된 상품 전문 소매업,11,서울특별시,11260,중랑구,11260660,망우3동,1126010500,망우동,1126010500104440019,1,대지,444,19,서울특별시 중랑구 망우동 444-19,112603005028,서울특별시 중랑구 용마산로,464,1,1126010500104440019003493,,서울특별시 중랑구 용마산로 464-1,131806,02184,,,,127.098747492424,37.5925802822191
MA010120220803601622,오성불교사,,G2,소매,G221,기타 상품 소매,G22199,그 외 기타 상품 전문 소매업,G47859,그 외 기타 분류 안된 상품 전문 소매업,43,충청북도,43130,충주시,43130560,지현동,4313012500,지현동,4313012500107180000,1,대지,718,,충청북도 충주시 지현동 718,431304515321,충청북도 충주시 지현천변1길,21,1,4313012500107180000000001,,충청북도 충주시 지현천변1길 21-1,380070,27412,,,,127.932931831542,36.9667435117779
MA010120220803623319,해동불교미술원,,G2,소매,G221,기타 상품 소매,G22199,그 외 기타 상품 전문 소매업,G47859,그 외 기타 분류 안된 상품 전문 소매업,11,서울특별시,11260,중랑구,11260655,망우본동,1126010500,망우동,1126010500101830000,1,대지,183,,서울특별시 중랑구 망우동 183,112603106008,서울특별시 중랑구 양원역로,25,,1126010500101830000005338,,서울특별시 중랑구 양원역로 25,131802,02064,,,,127.107639276131,37.6027086545637
MA010120220803608318,합동소방산업,,G2,소매,G221,기타 상품 소매,G22199,그 외 기타 상품 전문 소매업,G47859,그 외 기타 분류 안된 상품 전문 소매업,11,서울특별시,11230,동대문구,11230536,용신동,1123010200,용두동,1123010200100390689,1,대지,39,689,서울특별시 동대문구 용두동 39-689,112304115025,서울특별시 동대문구 고산자로28길,49,,1123010200100390689038538,,서울특별시 동대문구 고산자로28길 49,130817,02564,,1,,127.041024621966,37.5747747928688
MA010120220803578975,해동불교사,,G2,소매,G221,기타 상품 소매,G22199,그 외 기타 상품 전문 소매업,G47859,그 외 기타 분류 안된 상품 전문 소매업,51,강원특별자치도,51130,원주시,51130550,단구동,5113010700,단구동,5113010700107190007,1,대지,719,7,강원특별자치도 원주시 단구동 719-7,511303219054,강원특별자치도 원주시 치악로,1623,,4213010700107190007005435,,강원특별자치도 원주시 치악로 1623,220942,26450,,,,127.959885216917,37.3276866792576
MA010120220803593916,성인용품,,G2,소매,G221,기타 상품 소매,G22199,그 외 기타 상품 전문 소매업,G47859,그 외 기타 분류 안된 상품 전문 소매업,43,충청북도,43750,진천군,43750250,진천읍,4375025021,진천읍,4375025021102890011,1,대지,289,11,충청북도 진천군 진천읍 교성리 289-11,437504535029,충청북도 진천군 진천읍 교성3길,1,,4375025021102890011002777,,충청북도 진천군 진천읍 교성3길 1,365803,27829,,,,127.432323638517,36.854805005703
MA010120220803598017,서울풍물시장,,G2,소매,G221,기타 상품 소매,G22199,그 외 기타 상품 전문 소매업,G47859,그 외 기타 분류 안된 상품 전문 소매업,11,서울특별시,11230,동대문구,11230536,용신동,1123010100,신설동,1123010100101090005,1,대지,109,5,서울특별시 동대문구 신설동 109-5,112304115545,서울특별시 동대문구 천호대로4길,21,,1123010100101090005000001,호,서울특별시 동대문구 천호대로4길 21,130813,02586,,,,127.025503840736,37.5727068781748
MA010120220803620776,고은사,,G2,소매,G221,기타 상품 소매,G22199,그 외 기타 상품 전문 소매업,G47859,그 외 기타 분류 안된 상품 전문 소매업,11,서울특별시,11215,광진구,11215850,구의1동,1121510300,구의동,1121510300102460003,1,대지,246,3,서울특별시 광진구 구의동 246-3,112153000002,서울특별시 광진구 아차산로,395,,1121510300102460003009281,,서울특별시 광진구 아차산로 395,143825,05044,,3,,127.086387203508,37.5375571458333
MA010120220803608553,인우약업사,,G2,소매,G221,기타 상품 소매,G22199,그 외 기타 상품 전문 소매업,G47859,그 외 기타 분류 안된 상품 전문 소매업,11,서울특별시,11230,동대문구,11230545,제기동,1123010300,제기동,1123010300109720000,1,대지,972,,서울특별시 동대문구 제기동 972,112303105007,서울특별시 동대문구 약령중앙로,34,,1123010300109720000041070,,서울특별시 동대문구 약령중앙로 34,130864,02570,,,,127.037280922792,37.5814073513035
MA010120220803611701,열림상사,,G2,소매,G221,기타 상품 소매,G22199,그 외 기타 상품 전문 소매업,G47859,그 외 기타 분류 안된 상품 전문 소매업,11,서울특별시,11230,동대문구,11230545,제기동,1123010300,제기동,1123010300109290004,1,대지,929,4,서울특별시 동대문구 제기동 929-4,112303005030,서울특별시 동대문구 고산자로,479,,1123010300109290004031193,,서울특별시 동대문구 고산자로 479,130864,02570,,,,127.038357029719,37.5825512683291
MA010120220803627261,제기당약초,,G2,소매,G221,기타 상품 소매,G22199,그 외 기타 상품 전문 소매업,G47859,그 외 기타 분류 안된 상품 전문 소매업,11,서울특별시,11230,동대문구,11230545,제기동,1123010300,제기동,1123010300108920009,1,대지,892,9,서울특별시 동대문구 제기동 892-9,112304115240,서울특별시 동대문구 약령서1길,5,,1123010300108920009031931,,서울특별시 동대문구 약령서1길 5,130864,02569,,,,127.03620412023,37.5787587646106
MA010120220803579343,나래소방,,G2,소매,G221,기타 상품 소매,G22199,그 외 기타 상품 전문 소매업,G47859,그 외 기타 분류 안된 상품 전문 소매업,30,대전광역시,30140,중구,30140670,오류동,3014011300,오류동,3014011300101670013,1,대지,167,13,대전광역시 중구 오류동 167-13,301404295018,대전광역시 중구 계룡로874번길,107,,3014011300101670013028555,제,대전광역시 중구 계룡로874번길 107,301828,34910,,,,127.405529086246,36.3217229381877
MA010120220803582427,효원불교사,,G2,소매,G221,기타 상품 소매,G22199,그 외 기타 상품 전문 소매업,G47859,그 외 기타 분류 안된 상품 전문 소매업,27,대구광역시,27230,북구,27230770,읍내동,2723011800,읍내동,2723011800103750000,1,대지,375,,대구광역시 북구 읍내동 375,272302145001,대구광역시 북구 칠곡중앙대로,669,,2723011800103750000041772,,대구광역시 북구 칠곡중앙대로 669,702847,41400,,,,128.55459680135,35.9550913419714
MA010120220803633817,자연안에,,G2,소매,G221,기타 상품 소매,G22199,그 외 기타 상품 전문 소매업,G47859,그 외 기타 분류 안된 상품 전문 소매업,11,서울특별시,11170,용산구,11170590,용문동,1117012100,용문동,1117012100100410039,1,대지,41,39,서울특별시 용산구 용문동 41-39,111704106538,서울특별시 용산구 효창원로42길,20,,1117012100100410039015487,,서울특별시 용산구 효창원로42길 20,140832,04363,,1,,126.960048638801,37.5364287046075
MA010120220803639995,맘모스,,G2,소매,G221,기타 상품 소매,G22199,그 외 기타 상품 전문 소매업,G47859,그 외 기타 분류 안된 상품 전문 소매업,11,서울특별시,11260,중랑구,11260570,면목7동,1126010100,면목동,1126010100106370014,1,대지,637,14,서울특별시 중랑구 면목동 637-14,112603005034,서울특별시 중랑구 사가정로,372,1,1126010100106370014020126,,서울특별시 중랑구 사가정로 372-1,131828,02237,,,,127.085927623623,37.5807422585185
MA010120220803643023,충남물산,,G2,소매,G221,기타 상품 소매,G22199,그 외 기타 상품 전문 소매업,G47859,그 외 기타 분류 안된 상품 전문 소매업,11,서울특별시,11230,동대문구,11230545,제기동,1123010300,제기동,1123010300110520003,1,대지,1052,3,서울특별시 동대문구 제기동 1052-3,112303105008,서울특별시 동대문구 왕산로,129,,1123010300110520003031909,,서울특별시 동대문구 왕산로 129,130864,02570,,,,127.037868099697,37.5783888349915
MA010120220803652984,명진물산,,G2,소매,G221,기타 상품 소매,G22199,그 외 기타 상품 전문 소매업,G47859,그 외 기타 분류 안된 상품 전문 소매업,11,서울특별시,11230,동대문구,11230545,제기동,1123010300,제기동,1123010300106300010,1,대지,630,10,서울특별시 동대문구 제기동 630-10,112304115290,서울특별시 동대문구 왕산로35길,21,,1123010300106300010034537,,서울특별시 동대문구 왕산로35길 21,130862,02572,,1,,127.042907165719,37.5806666255335
MA010120220803656167,코인스탬프,,G2,소매,G221,기타 상품 소매,G22199,그 외 기타 상품 전문 소매업,G47859,그 외 기타 분류 안된 상품 전문 소매업,11,서울특별시,11140,중구,11140540,회현동,1114012400,충무로1가,1114012400100520041,1,대지,52,41,서울특별시 중구 충무로1가 52-41,111403101004,서울특별시 중구 소공로,58,,1114012200100010001000001,회현지하도상가,서울특별시 중구 소공로 58,100011,04535,,,,126.982060835234,37.5604006655827
MA010120220803662945,신선약초,,G2,소매,G221,기타 상품 소매,G22199,그 외 기타 상품 전문 소매업,G47859,그 외 기타 분류 안된 상품 전문 소매업,11,서울특별시,11230,동대문구,11230545,제기동,1123010300,제기동,1123010300108920045,1,대지,892,45,서울특별시 동대문구 제기동 892-45,112304115241,서울특별시 동대문구 약령서길,40,,1123010300108920045031469,,서울특별시 동대문구 약령서길 40,130864,02569,,1,,127.036284030836,37.5801282508448
MA010120220803671742,동암당약국,,G2,소매,G221,기타 상품 소매,G22199,그 외 기타 상품 전문 소매업,G47859,그 외 기타 분류 안된 상품 전문 소매업,11,서울특별시,11230,동대문구,11230545,제기동,1123010300,제기동,1123010300109000000,1,대지,900,,서울특별시 동대문구 제기동 900,112304115037,서울특별시 동대문구 고산자로44길,2,,1123010300109000000034055,,서울특별시 동대문구 고산자로44길 2,130863,02571,,,,127.03897963348,37.5824069054252
MA010120220803671743,염광당약국,,G2,소매,G221,기타 상품 소매,G22199,그 외 기타 상품 전문 소매업,G47859,그 외 기타 분류 안된 상품 전문 소매업,11,서울특별시,11230,동대문구,11230545,제기동,1123010300,제기동,1123010300109070005,1,대지,907,5,서울특별시 동대문구 제기동 907-5,112303005030,서울특별시 동대문구 고산자로,472,,1123010300109070005034259,,서울특별시 동대문구 고산자로 472,130863,02571,,,,127.038764176262,37.5817312312365
MA010120220803630674,성현불교만물사,,G2,소매,G221,기타 상품 소매,G22199,그 외 기타 상품 전문 소매업,G47859,그 외 기타 분류 안된 상품 전문 소매업,11,서울특별시,11260,중랑구,11260590,상봉2동,1126010200,상봉동,1126010200101210041,1,대지,121,41,서울특별시 중랑구 상봉동 121-41,112604118074,서울특별시 중랑구 동일로114길,19,,1126010200101210041015071,,서울특별시 중랑구 동일로114길 19,131860,02136,,1,,127.081333766053,37.5934765380556
MA010120220803634140,기원미싱,,G2,소매,G221,기타 상품 소매,G22199,그 외 기타 상품 전문 소매업,G47859,그 외 기타 분류 안된 상품 전문 소매업,11,서울특별시,11230,동대문구,11230545,제기동,1123010300,제기동,1123010300101220431,1,대지,122,431,서울특별시 동대문구 제기동 122-431,112304115043,서울특별시 동대문구 고산자로56길,2,,1123010300101220431032698,,서울특별시 동대문구 고산자로56길 2,130863,02466,,1,,127.037793613507,37.5878042395177
MA010120220803643284,영창건재약업사,,G2,소매,G221,기타 상품 소매,G22199,그 외 기타 상품 전문 소매업,G47859,그 외 기타 분류 안된 상품 전문 소매업,11,서울특별시,11230,동대문구,11230545,제기동,1123010300,제기동,1123010300109790000,1,대지,979,,서울특별시 동대문구 제기동 979,112304115260,서울특별시 동대문구 약령중앙로6길,9,,1123010300109790000031689,,서울특별시 동대문구 약령중앙로6길 9,130864,02570,,,,127.037676908155,37.5808936591914
MA010120220803630820,조화약업사,,G2,소매,G221,기타 상품 소매,G22199,그 외 기타 상품 전문 소매업,G47859,그 외 기타 분류 안된 상품 전문 소매업,11,서울특별시,11230,동대문구,11230545,제기동,1123010300,제기동,1123010300111150012,1,대지,1115,12,서울특별시 동대문구 제기동 1115-12,112304115259,서울특별시 동대문구 약령중앙로4길,4,,1123010300111150012031793,,서울특별시 동대문구 약령중앙로4길 4,130864,02570,,1,,127.03724614211,37.5797675536587
MA010120220803663248,위캔두잇,,G2,소매,G221,기타 상품 소매,G22199,그 외 기타 상품 전문 소매업,G47422,의복 액세서리 및 모조 장신구 소매업,11,서울특별시,11680,강남구,11680531,논현2동,1168010800,논현동,1168010800102420034,1,대지,242,34,서울특별시 강남구 논현동 242-34,116804166806,서울특별시 강남구 학동로50길,23,,1168010800102420034006556,,서울특별시 강남구 학동로50길 23,135830,06099,,,,127.040494245188,37.5151108093908
MA010120220803630953,너와나의연결고리,,G2,소매,G221,기타 상품 소매,G22199,그 외 기타 상품 전문 소매업,G47859,그 외 기타 분류 안된 상품 전문 소매업,51,강원특별자치도,51110,춘천시,51110660,퇴계동,5111012300,퇴계동,5111012300111660013,1,대지,1166,13,강원특별자치도 춘천시 퇴계동 1166-13,511103218042,강원특별자치도 춘천시 퇴계로,61,,4211012300100000000000220,,강원특별자치도 춘천시 퇴계로 61,200943,24370,,1,,127.727871242162,37.8640417086081
MA010120220803640764,서울풍물시장,,G2,소매,G221,기타 상품 소매,G22199,그 외 기타 상품 전문 소매업,G47859,그 외 기타 분류 안된 상품 전문 소매업,11,서울특별시,11230,동대문구,11230536,용신동,1123010100,신설동,1123010100101090005,1,대지,109,5,서울특별시 동대문구 신설동 109-5,112304115545,서울특별시 동대문구 천호대로4길,21,,1123010100101090005000001,파랑,서울특별시 동대문구 천호대로4길 21,130813,02586,,,,127.025503840736,37.5727068781748
MA010120220803640848,서울풍물시장,,G2,소매,G221,기타 상품 소매,G22199,그 외 기타 상품 전문 소매업,G47859,그 외 기타 분류 안된 상품 전문 소매업,11,서울특별시,11230,동대문구,11230536,용신동,1123010100,신설동,1123010100101090005,1,대지,109,5,서울특별시 동대문구 신설동 109-5,112304115545,서울특별시 동대문구 천호대로4길,21,,1123010100101090005000001,서울풍물시장,서울특별시 동대문구 천호대로4길 21,130813,02586,,,,127.025503840736,37.5727068781748
MA010120220803672208,다향,,G2,소매,G221,기타 상품 소매,G22199,그 외 기타 상품 전문 소매업,G47859,그 외 기타 분류 안된 상품 전문 소매업,41,경기도,41450,하남시,41450560,덕풍3동,4145010800,덕풍동,4145010800107620000,1,대지,762,,경기도 하남시 덕풍동 762,414502000007,경기도 하남시 조정대로,150,,4145010800107620000000005,아이테코,경기도 하남시 조정대로 150,465736,12930,,8,,127.193961891072,37.5531969174132
MA010120220803641042,성인용품,,G2,소매,G221,기타 상품 소매,G22199,그 외 기타 상품 전문 소매업,G47859,그 외 기타 분류 안된 상품 전문 소매업,52,전북특별자치도,52800,부안군,52800330,행안면,5280033021,행안면,5280033021103160001,1,대지,316,1,전북특별자치도 부안군 행안면 역리 316-1,528003280035,전북특별자치도 부안군 행안면 변산로,52,,4580033021103160001097006,,전북특별자치도 부안군 행안면 변산로 52,579833,56303,,,,126.715400285137,35.7293083714991
MA010120220803647085,성창약초물산,,G2,소매,G221,기타 상품 소매,G22199,그 외 기타 상품 전문 소매업,G47859,그 외 기타 분류 안된 상품 전문 소매업,11,서울특별시,11230,동대문구,11230545,제기동,1123010300,제기동,1123010300110540001,1,대지,1054,1,서울특별시 동대문구 제기동 1054-1,112303005030,서울특별시 동대문구 고산자로,441,,1123010300110540001031825,,서울특별시 동대문구 고산자로 441,130864,02570,,2,,127.038004237858,37.5789564174873
MA010120220803656828,명문정약초,,G2,소매,G221,기타 상품 소매,G22199,그 외 기타 상품 전문 소매업,G47859,그 외 기타 분류 안된 상품 전문 소매업,11,서울특별시,11230,동대문구,11230545,제기동,1123010300,제기동,1123010300109440001,1,대지,944,1,서울특별시 동대문구 제기동 944-1,112303005030,서울특별시 동대문구 고산자로,469,,1123010300109440001031601,,서울특별시 동대문구 고산자로 469,130864,02570,,,,127.03828857508,37.5815241579346
MA010120220803638237,풍기인삼,,G2,소매,G221,기타 상품 소매,G22199,그 외 기타 상품 전문 소매업,G47859,그 외 기타 분류 안된 상품 전문 소매업,11,서울특별시,11230,동대문구,11230545,제기동,1123010300,제기동,1123010300110190000,1,대지,1019,,서울특별시 동대문구 제기동 1019,112304115033,서울특별시 동대문구 고산자로36길,3,,1123010300110190000034389,본관,서울특별시 동대문구 고산자로36길 3,130865,02571,,2,,127.039147690267,37.5790371332837
MA010120220803672716,금오동천예술원,,G2,소매,G221,기타 상품 소매,G22199,그 외 기타 상품 전문 소매업,G47859,그 외 기타 분류 안된 상품 전문 소매업,47,경상북도,47850,칠곡군,47850253,북삼읍,4785025324,북삼읍,4785025324108890005,1,대지,889,5,경상북도 칠곡군 북삼읍 숭오리 889-5,478503018099,경상북도 칠곡군 북삼읍 금오동천로,94,,4785025324108890005034177,,경상북도 칠곡군 북삼읍 금오동천로 94,718841,39800,,,,128.300069854216,36.0636087539235
MA010120220803638430,용마불교사,,G2,소매,G221,기타 상품 소매,G22199,그 외 기타 상품 전문 소매업,G47859,그 외 기타 분류 안된 상품 전문 소매업,11,서울특별시,11260,중랑구,11260655,망우본동,1126010500,망우동,1126010500104650003,1,대지,465,3,서울특별시 중랑구 망우동 465-3,112604118163,서울특별시 중랑구 망우로66길,49,,1126010500104650003004753,,서울특별시 중랑구 망우로66길 49,131809,02165,,,,127.099637012413,37.597327758562
MA010120220803638458,선진유통,,G2,소매,G221,기타 상품 소매,G22199,그 외 기타 상품 전문 소매업,G47859,그 외 기타 분류 안된 상품 전문 소매업,11,서울특별시,11230,동대문구,11230545,제기동,1123010300,제기동,1123010300110680000,1,대지,1068,,서울특별시 동대문구 제기동 1068,112304115239,서울특별시 동대문구 약령동길,38,,1123010300110680000031856,,서울특별시 동대문구 약령동길 38,130864,02570,,1,,127.037970773915,37.579938511631
MA010120220803647618,MAXPLUSONE，INC.,,G2,소매,G221,기타 상품 소매,G22199,그 외 기타 상품 전문 소매업,G47859,그 외 기타 분류 안된 상품 전문 소매업,11,서울특별시,11230,동대문구,11230720,휘경1동,1123010900,휘경동,1123010900103120017,1,대지,312,17,서울특별시 동대문구 휘경동 312-17,112303005032,서울특별시 동대문구 망우로,21,,1123010900103120018009872,,서울특별시 동대문구 망우로 21,130091,02439,,3,,127.055739715697,37.5882926751458
MA010120220803647659,향이좋은,,G2,소매,G221,기타 상품 소매,G22199,그 외 기타 상품 전문 소매업,G47859,그 외 기타 분류 안된 상품 전문 소매업,11,서울특별시,11230,동대문구,11230545,제기동,1123010300,제기동,1123010300110680000,1,대지,1068,,서울특별시 동대문구 제기동 1068,112304115239,서울특별시 동대문구 약령동길,38,,1123010300110680000031856,,서울특별시 동대문구 약령동길 38,130864,02570,,,,127.037970773915,37.579938511631
MA010120220803675889,대국만물,,G2,소매,G221,기타 상품 소매,G22199,그 외 기타 상품 전문 소매업,G47859,그 외 기타 분류 안된 상품 전문 소매업,11,서울특별시,11230,동대문구,11230560,전농1동,1123010400,전농동,1123010400106550030,1,대지,655,30,서울특별시 동대문구 전농동 655-30,112303005025,서울특별시 동대문구 답십리로,95,,1123010500105210006021258,,서울특별시 동대문구 답십리로 95,130859,02553,,,,127.051167158489,37.5741671660788
MA010120220803635385,오케이감초,,G2,소매,G221,기타 상품 소매,G22199,그 외 기타 상품 전문 소매업,G47859,그 외 기타 분류 안된 상품 전문 소매업,11,서울특별시,11230,동대문구,11230545,제기동,1123010300,제기동,1123010300108920011,1,대지,892,11,서울특별시 동대문구 제기동 892-11,112304115241,서울특별시 동대문구 약령서길,22,,1123010300108920011031905,,서울특별시 동대문구 약령서길 22,130864,02569,,1,,127.036227010775,37.5792723241639
MA010120220803647942,신토불이,,G2,소매,G221,기타 상품 소매,G22199,그 외 기타 상품 전문 소매업,G47859,그 외 기타 분류 안된 상품 전문 소매업,11,서울특별시,11260,중랑구,11260565,면목본동,1126010100,면목동,1126010100101000031,1,대지,100,31,서울특별시 중랑구 면목동 100-31,112604118027,서울특별시 중랑구 겸재로49길,18,,1126010100101000031029855,신세대프라자,서울특별시 중랑구 겸재로49길 18,131816,02162,,1,,127.090489762525,37.5898568964889
MA010120220803651297,초당약초원,,G2,소매,G221,기타 상품 소매,G22199,그 외 기타 상품 전문 소매업,G47859,그 외 기타 분류 안된 상품 전문 소매업,11,서울특별시,11230,동대문구,11230545,제기동,1123010300,제기동,1123010300109300008,1,대지,930,8,서울특별시 동대문구 제기동 930-8,112303005030,서울특별시 동대문구 고산자로,473,,1123010300109300008031508,,서울특별시 동대문구 고산자로 473,130864,02570,,1,,127.038288773491,37.581911585107
MA010120220803661264,일성식품,,G2,소매,G221,기타 상품 소매,G22199,그 외 기타 상품 전문 소매업,G47859,그 외 기타 분류 안된 상품 전문 소매업,11,서울특별시,11230,동대문구,11230545,제기동,1123010300,제기동,1123010300109300010,1,대지,930,10,서울특별시 동대문구 제기동 930-10,112303005030,서울특별시 동대문구 고산자로,477,,1123010300109300010031431,,서울특별시 동대문구 고산자로 477,130864,02570,,2,,127.038300265609,37.5822449489808
MA010120220803673256,해인,,G2,소매,G221,기타 상품 소매,G22199,그 외 기타 상품 전문 소매업,G47859,그 외 기타 분류 안된 상품 전문 소매업,27,대구광역시,27260,수성구,27260620,상동,2726010900,상동,2726010900102440002,1,대지,244,2,대구광역시 수성구 상동 244-2,272603146015,대구광역시 수성구 상화로,6,,2726010900102440002008897,,대구광역시 수성구 상화로 6,706828,42165,,1,,128.607824114771,35.8343313301365
MA010120220803638906,대영소방,,G2,소매,G221,기타 상품 소매,G22199,그 외 기타 상품 전문 소매업,G47859,그 외 기타 분류 안된 상품 전문 소매업,11,서울특별시,11260,중랑구,11260660,망우3동,1126010500,망우동,1126010500104600030,1,대지,460,30,서울특별시 중랑구 망우동 460-30,112603106002,서울특별시 중랑구 봉우재로,226,,1126010500104600030001896,지하,서울특별시 중랑구 봉우재로 226,131808,02173,,1,,127.097924046362,37.5949685955714
MA010120220803648362,세계한국가발,,G2,소매,G221,기타 상품 소매,G22199,그 외 기타 상품 전문 소매업,G47859,그 외 기타 분류 안된 상품 전문 소매업,11,서울특별시,11230,동대문구,11230545,제기동,1123010300,제기동,1123010300108920071,1,대지,892,71,서울특별시 동대문구 제기동 892-71,112303105008,서울특별시 동대문구 왕산로,109,,1123010300108920071031926,한솔동의보감상가,서울특별시 동대문구 왕산로 109,130864,02568,,1,,127.035909730244,37.578659745186
MA010120220803654935,산삼홍삼고을,,G2,소매,G221,기타 상품 소매,G22199,그 외 기타 상품 전문 소매업,G47859,그 외 기타 분류 안된 상품 전문 소매업,11,서울특별시,11230,동대문구,11230545,제기동,1123010300,제기동,1123010300110520003,1,대지,1052,3,서울특별시 동대문구 제기동 1052-3,112303105008,서울특별시 동대문구 왕산로,129,,1123010300110520003031909,,서울특별시 동대문구 왕산로 129,130864,02570,,1,,127.037868099697,37.5783888349915
MA010120220803635952,그 외 기타 상품 전문 소매업,,G2,소매,G221,기타 상품 소매,G22199,그 외 기타 상품 전문 소매업,G47859,그 외 기타 분류 안된 상품 전문 소매업,11,서울특별시,11230,동대문구,11230545,제기동,1123010300,제기동,1123010300111400005,1,대지,1140,5,서울특별시 동대문구 제기동 1140-5,112303105008,서울특별시 동대문구 왕산로,117,,1123010300111400005000001,제기동,서울특별시 동대문구 왕산로 117,130864,02569,,11,,127.036487014253,37.5784973892355
MA010120220803655144,모웰,,G2,소매,G221,기타 상품 소매,G22199,그 외 기타 상품 전문 소매업,G47422,의복 액세서리 및 모조 장신구 소매업,11,서울특별시,11260,중랑구,11260590,상봉2동,1126010200,상봉동,1126010200101010000,1,대지,101,,서울특별시 중랑구 상봉동 101,112603005032,서울특별시 중랑구 망우로,316,,1126010200101010000000001,이지팰리스,서울특별시 중랑구 망우로 316,131859,02148,,,,127.087565038893,37.5965264402692
MA010120220803658152,두손약초,,G2,소매,G221,기타 상품 소매,G22199,그 외 기타 상품 전문 소매업,G47859,그 외 기타 분류 안된 상품 전문 소매업,11,서울특별시,11230,동대문구,11230545,제기동,1123010300,제기동,1123010300110190000,1,대지,1019,,서울특별시 동대문구 제기동 1019,112304115033,서울특별시 동대문구 고산자로36길,3,,1123010300110190000034389,경동시장,서울특별시 동대문구 고산자로36길 3,130865,02571,,1,,127.039147690267,37.5790371332837
MA010120220803667221,대광약업사,,G2,소매,G221,기타 상품 소매,G22199,그 외 기타 상품 전문 소매업,G47859,그 외 기타 분류 안된 상품 전문 소매업,11,서울특별시,11230,동대문구,11230545,제기동,1123010300,제기동,1123010300107300009,1,대지,730,9,서울특별시 동대문구 제기동 730-9,112303105007,서울특별시 동대문구 약령중앙로,72,1,1123010300107300009030872,,서울특별시 동대문구 약령중앙로 72-1,130864,02478,,1,,127.037633623504,37.5848670538825
MA010120220803676607,신성미싱,,G2,소매,G221,기타 상품 소매,G22199,그 외 기타 상품 전문 소매업,G47859,그 외 기타 분류 안된 상품 전문 소매업,11,서울특별시,11230,동대문구,11230610,답십리2동,1123010500,답십리동,1123010500100020002,1,대지,2,2,서울특별시 동대문구 답십리동 2-2,112303005038,서울특별시 동대문구 한천로,133,,1123010500100020002019657,,서울특별시 동대문구 한천로 133,130800,02535,,,,127.066301312003,37.573141512407
MA010120220803655382,엘리스,,G2,소매,G221,기타 상품 소매,G22199,그 외 기타 상품 전문 소매업,G47859,그 외 기타 분류 안된 상품 전문 소매업,11,서울특별시,11740,강동구,11740660,성내3동,1174010800,성내동,1174010800103790000,1,대지,379,,서울특별시 강동구 성내동 379,117402000008,서울특별시 강동구 천호대로,1134,,1174010800103790000003595,,서울특별시 강동구 천호대로 1134,134843,05373,,4,,127.13728519162,37.5340040540895
MA010120220803658407,태경인삼사,,G2,소매,G221,기타 상품 소매,G22199,그 외 기타 상품 전문 소매업,G47859,그 외 기타 분류 안된 상품 전문 소매업,11,서울특별시,11230,동대문구,11230545,제기동,1123010300,제기동,1123010300111340000,1,대지,1134,,서울특별시 동대문구 제기동 1134,112304115258,서울특별시 동대문구 약령중앙로2길,2,,1123010300111340000031935,,서울특별시 동대문구 약령중앙로2길 2,130864,02570,,1,,127.037075786316,37.5786774045965
MA010120220803658469,동일불교사,,G2,소매,G221,기타 상품 소매,G22199,그 외 기타 상품 전문 소매업,G47859,그 외 기타 분류 안된 상품 전문 소매업,11,서울특별시,11260,중랑구,11260520,면목2동,1126010100,면목동,1126010100101440017,1,대지,144,17,서울특별시 중랑구 면목동 144-17,112603000001,서울특별시 중랑구 동일로,670,,1126010100101440017029310,,서울특별시 중랑구 동일로 670,131820,02140,,,,127.08032251608,37.590224649996
MA010120220803661758,금산생약초,,G2,소매,G221,기타 상품 소매,G22199,그 외 기타 상품 전문 소매업,G47859,그 외 기타 분류 안된 상품 전문 소매업,11,서울특별시,11230,동대문구,11230545,제기동,1123010300,제기동,1123010300110150000,1,대지,1015,,서울특별시 동대문구 제기동 1015,112303105008,서울특별시 동대문구 왕산로,147,,1123010300110150000034749,광장노점,서울특별시 동대문구 왕산로 147,130865,02571,,,,127.03965699709,37.5787846849648
MA010120220803661781,고려종합상사,,G2,소매,G221,기타 상품 소매,G22199,그 외 기타 상품 전문 소매업,G47859,그 외 기타 분류 안된 상품 전문 소매업,11,서울특별시,11230,동대문구,11230560,전농1동,1123010400,전농동,1123010400106440063,1,대지,644,63,서울특별시 동대문구 전농동 644-63,112304115204,서울특별시 동대문구 서울시립대로5길,13,,1123010400106440063029832,,서울특별시 동대문구 서울시립대로5길 13,130859,02591,,1,,127.04630045849,37.5757369057057
MA010120220803676705,영광,,G2,소매,G221,기타 상품 소매,G22199,그 외 기타 상품 전문 소매업,G47859,그 외 기타 분류 안된 상품 전문 소매업,11,서울특별시,11230,동대문구,11230610,답십리2동,1123010500,답십리동,1123010500109540024,1,대지,954,24,서울특별시 동대문구 답십리동 954-24,112304115673,서울특별시 동대문구 황물로15다길,15,,1123010500109540024020437,,서울특별시 동대문구 황물로15다길 15,130809,02619,,,,127.059265698042,37.565712042213
MA010120220803639401,빛의샤워,,G2,소매,G221,기타 상품 소매,G22199,그 외 기타 상품 전문 소매업,S96129,체형 등 기타 신체 관리 서비스업,11,서울특별시,11710,송파구,11710510,풍납1동,1171010300,풍납동,1171010300104780000,1,대지,478,,서울특별시 송파구 풍납동 478,117104169163,서울특별시 송파구 바람드리길,56,,1171010300104780000025343,외,서울특별시 송파구 바람드리길 56,138873,05519,,2,,127.121902841566,37.5369581946978
MA010120220803639484,윤창당약국,,G2,소매,G221,기타 상품 소매,G22199,그 외 기타 상품 전문 소매업,G47859,그 외 기타 분류 안된 상품 전문 소매업,11,서울특별시,11230,동대문구,11230545,제기동,1123010300,제기동,1123010300111390000,1,대지,1139,,서울특별시 동대문구 제기동 1139,112303105007,서울특별시 동대문구 약령중앙로,4,,1123010300111340002031945,,서울특별시 동대문구 약령중앙로 4,130864,02570,,1,,127.03697384076,37.5785603073443
MA010120220803649148,삼락건재약업사,,G2,소매,G221,기타 상품 소매,G22199,그 외 기타 상품 전문 소매업,G47859,그 외 기타 분류 안된 상품 전문 소매업,11,서울특별시,11230,동대문구,11230545,제기동,1123010300,제기동,1123010300110520003,1,대지,1052,3,서울특별시 동대문구 제기동 1052-3,112303105008,서울특별시 동대문구 왕산로,129,,1123010300110520003031909,,서울특별시 동대문구 왕산로 129,130864,02570,,1,,127.037868099697,37.5783888349915
MA010120220803655499,제중당약초,,G2,소매,G221,기타 상품 소매,G22199,그 외 기타 상품 전문 소매업,G47859,그 외 기타 분류 안된 상품 전문 소매업,11,서울특별시,11230,동대문구,11230545,제기동,1123010300,제기동,1123010300111410045,1,대지,1141,45,서울특별시 동대문구 제기동 1141-45,112303105007,서울특별시 동대문구 약령중앙로,23,,1123010300111410045031797,,서울특별시 동대문구 약령중앙로 23,130864,02569,,1,,127.036884149686,37.5803352934346
MA010120220803673901,무가만물,,G2,소매,G221,기타 상품 소매,G22199,그 외 기타 상품 전문 소매업,G47859,그 외 기타 분류 안된 상품 전문 소매업,11,서울특별시,11230,동대문구,11230545,제기동,1123010300,제기동,1123010300107140017,1,대지,714,17,서울특별시 동대문구 제기동 714-17,112303005030,서울특별시 동대문구 고산자로,513,,1123010300107140000032288,제,서울특별시 동대문구 고산자로 513,130864,02478,,1,,127.038245341042,37.5855335921207
MA010120220803658764,디딤돌장례토탈,,G2,소매,G221,기타 상품 소매,G22199,그 외 기타 상품 전문 소매업,G47859,그 외 기타 분류 안된 상품 전문 소매업,11,서울특별시,11230,동대문구,11230660,장안2동,1123010600,장안동,1123010600101210006,1,대지,121,6,서울특별시 동대문구 장안동 121-6,112304115099,서울특별시 동대문구 답십리로65길,85,,1123010600101210006014743,,서울특별시 동대문구 답십리로65길 85,130836,02525,,,,127.069700319705,37.5763651148967
MA010120220803658879,신중앙약초,,G2,소매,G221,기타 상품 소매,G22199,그 외 기타 상품 전문 소매업,G47859,그 외 기타 분류 안된 상품 전문 소매업,11,서울특별시,11230,동대문구,11230545,제기동,1123010300,제기동,1123010300108920009,1,대지,892,9,서울특별시 동대문구 제기동 892-9,112304115240,서울특별시 동대문구 약령서1길,5,,1123010300108920009031931,,서울특별시 동대문구 약령서1길 5,130864,02569,,,,127.03620412023,37.5787587646106
MA010120220803677093,3.1총포화약상사,,G2,소매,G221,기타 상품 소매,G22199,그 외 기타 상품 전문 소매업,G47859,그 외 기타 분류 안된 상품 전문 소매업,11,서울특별시,11230,동대문구,11230610,답십리2동,1123010500,답십리동,1123010500109610002,1,대지,961,2,서울특별시 동대문구 답십리동 961-2,112303105003,서울특별시 동대문구 고미술로,100,,1123010500109610002020506,송화빌딩,서울특별시 동대문구 고미술로 100,130809,02622,,,,127.057351383933,37.5638569356952
MA010120220803629891,송씨인삼,,G2,소매,G221,기타 상품 소매,G22199,그 외 기타 상품 전문 소매업,G47859,그 외 기타 분류 안된 상품 전문 소매업,11,서울특별시,11230,동대문구,11230545,제기동,1123010300,제기동,1123010300110290001,1,대지,1029,1,서울특별시 동대문구 제기동 1029-1,112303005030,서울특별시 동대문구 고산자로,458,,1123010300110290001034516,인삼매장,서울특별시 동대문구 고산자로 458,130865,02571,,2,,127.03869560954,37.5804968924119
MA010120220803636730,대화상회,,G2,소매,G221,기타 상품 소매,G22199,그 외 기타 상품 전문 소매업,G47859,그 외 기타 분류 안된 상품 전문 소매업,11,서울특별시,11230,동대문구,11230545,제기동,1123010300,제기동,1123010300106320016,1,대지,632,16,서울특별시 동대문구 제기동 632-16,112304115288,서울특별시 동대문구 왕산로33길,28,,1123010300106320016034114,,서울특별시 동대문구 왕산로33길 28,130862,02572,,,,127.041899553154,37.5806129278571
MA010120220803642594,서울인삼,,G2,소매,G221,기타 상품 소매,G22199,그 외 기타 상품 전문 소매업,G47859,그 외 기타 분류 안된 상품 전문 소매업,11,서울특별시,11230,동대문구,11230545,제기동,1123010300,제기동,1123010300110150000,1,대지,1015,,서울특별시 동대문구 제기동 1015,112303105008,서울특별시 동대문구 왕산로,147,,1123010300110150000034749,신관,서울특별시 동대문구 왕산로 147,130865,02571,,2,,127.03965699709,37.5787846849648
MA010120220803659020,신토불이민약원,,G2,소매,G221,기타 상품 소매,G22199,그 외 기타 상품 전문 소매업,G47859,그 외 기타 분류 안된 상품 전문 소매업,11,서울특별시,11230,동대문구,11230545,제기동,1123010300,제기동,1123010300110540001,1,대지,1054,1,서울특별시 동대문구 제기동 1054-1,112303005030,서울특별시 동대문구 고산자로,441,,1123010300110540001031825,,서울특별시 동대문구 고산자로 441,130864,02570,,,,127.038004237858,37.5789564174873
MA010120220803662307,청수생약,,G2,소매,G221,기타 상품 소매,G22199,그 외 기타 상품 전문 소매업,G47859,그 외 기타 분류 안된 상품 전문 소매업,11,서울특별시,11230,동대문구,11230545,제기동,1123010300,제기동,1123010300109820001,1,대지,982,1,서울특별시 동대문구 제기동 982-1,112303105007,서울특별시 동대문구 약령중앙로,30,,1123010300109820003031684,,서울특별시 동대문구 약령중앙로 30,130864,02570,,1,,127.037258064751,37.5809748815649
MA010120220803662309,다운소방전기,,G2,소매,G221,기타 상품 소매,G22199,그 외 기타 상품 전문 소매업,G47859,그 외 기타 분류 안된 상품 전문 소매업,11,서울특별시,11260,중랑구,11260600,중화1동,1126010300,중화동,1126010300101480088,1,대지,148,88,서울특별시 중랑구 중화동 148-88,112604118090,서울특별시 중랑구 동일로130길,57,,1126010300101480088014339,,서울특별시 중랑구 동일로130길 57,131876,02089,,1,,127.082915342155,37.600386039003
MA010120220803630121,산들약초,,G2,소매,G221,기타 상품 소매,G22199,그 외 기타 상품 전문 소매업,G47859,그 외 기타 분류 안된 상품 전문 소매업,11,서울특별시,11230,동대문구,11230545,제기동,1123010300,제기동,1123010300107150007,1,대지,715,7,서울특별시 동대문구 제기동 715-7,112304115239,서울특별시 동대문구 약령동길,155,,1123010300107150000030533,,서울특별시 동대문구 약령동길 155,130864,02478,,2,,127.037803655325,37.5852724464287
MA010120220803655907,삼성인삼,,G2,소매,G221,기타 상품 소매,G22199,그 외 기타 상품 전문 소매업,G47859,그 외 기타 분류 안된 상품 전문 소매업,11,서울특별시,11230,동대문구,11230545,제기동,1123010300,제기동,1123010300110670000,1,대지,1067,,서울특별시 동대문구 제기동 1067,112303005030,서울특별시 동대문구 고산자로,451,,1123010300110670000031978,,서울특별시 동대문구 고산자로 451,130864,02570,,,,127.038185933484,37.5800555714254
MA010120220803655933,사이좋은친구들,,G2,소매,G221,기타 상품 소매,G22199,그 외 기타 상품 전문 소매업,G47859,그 외 기타 분류 안된 상품 전문 소매업,11,서울특별시,11230,동대문구,11230545,제기동,1123010300,제기동,1123010300106350021,1,대지,635,21,서울특별시 동대문구 제기동 635-21,112303105008,서울특별시 동대문구 왕산로,175,2,1123010300106350021034696,,서울특별시 동대문구 왕산로 175-2,130862,02572,,3,,127.04274809783,37.5796665801283
MA010120220803633584,세명물산,,G2,소매,G221,기타 상품 소매,G22199,그 외 기타 상품 전문 소매업,G47859,그 외 기타 분류 안된 상품 전문 소매업,11,서울특별시,11230,동대문구,11230545,제기동,1123010300,제기동,1123010300110650000,1,대지,1065,,서울특별시 동대문구 제기동 1065,112303005030,서울특별시 동대문구 고산자로,445,1,1123010300110650000031645,,서울특별시 동대문구 고산자로 445-1,130864,02570,,,,127.037970540562,37.5794790048262
MA010120220803299512,우리몸애,,G2,소매,G221,기타 상품 소매,G22199,그 외 기타 상품 전문 소매업,G47859,그 외 기타 분류 안된 상품 전문 소매업,44,충청남도,44710,금산군,44710250,금산읍,4471025028,금산읍,4471025028100010001,1,대지,1,1,충청남도 금산군 금산읍 양지리 1-1,447103257049,충청남도 금산군 금산읍 진악로,909,,4471025028100010001012702,,충청남도 금산군 금산읍 진악로 909,312805,32743,,,,127.469877667541,36.1027949085481
MA010120220803299582,옐로우노벌티스,,G2,소매,G221,기타 상품 소매,G22199,그 외 기타 상품 전문 소매업,G47859,그 외 기타 분류 안된 상품 전문 소매업,41,경기도,41150,의정부시,41150520,의정부2동,4115010100,의정부동,4115010100105770003,1,대지,577,3,경기도 의정부시 의정부동 577-3,411504343250,경기도 의정부시 신흥로208번길,36,,4115010100105770003014486,,경기도 의정부시 신흥로208번길 36,480850,11652,,지,,127.045627837879,37.7346974748232
MA010120220803316114,땅끝농수산자재,,G2,소매,G221,기타 상품 소매,G22199,그 외 기타 상품 전문 소매업,G47859,그 외 기타 분류 안된 상품 전문 소매업,46,전라남도,46820,해남군,46820340,송지면,4682034027,송지면,4682034027107040001,1,대지,704,1,전라남도 해남군 송지면 산정리 704-1,468204682256,전라남도 해남군 송지면 산정길,51,,4682034027107040001000001,,전라남도 해남군 송지면 산정길 51,536923,59063,,,,126.518315019081,34.3694042533685
MA010120220803313707,리치스코프,,G2,소매,G221,기타 상품 소매,G22199,그 외 기타 상품 전문 소매업,R90199,그 외 기타 창작 및 예술관련 서비스업,41,경기도,41171,안양시 만안구,41171530,안양3동,4117110100,안양동,4117110100108730038,1,대지,873,38,경기도 안양시 만안구 안양동 873-38,411714346204,경기도 안양시 만안구 안양로343번길,49,6,4117110100108730038005276,,경기도 안양시 만안구 안양로343번길 49-6,430838,14005,,,,126.915485735977,37.4016771057063
MA010120220803322061,숙이네,,G2,소매,G221,기타 상품 소매,G22199,그 외 기타 상품 전문 소매업,G47859,그 외 기타 분류 안된 상품 전문 소매업,28,인천광역시,28200,남동구,28200522,구월4동,2820010100,구월동,2820010100112890000,1,대지,1289,,인천광역시 남동구 구월동 1289,282003008031,인천광역시 남동구 호구포로,738,,2820010100112890000006731,,인천광역시 남동구 호구포로 738,405839,21588,,,,126.718804974163,37.4481626427246
MA010120220803309034,팔탄농협경제사업장,,G2,소매,G221,기타 상품 소매,G22199,그 외 기타 상품 전문 소매업,G47859,그 외 기타 분류 안된 상품 전문 소매업,41,경기도,41590,화성시,41590360,팔탄면,4159036025,팔탄면,4159036025105270001,1,대지,527,1,경기도 화성시 팔탄면 구장리 527-1,415904430124,경기도 화성시 팔탄면 구장길,1,3,4159036025105270001000001,,경기도 화성시 팔탄면 구장길 1-3,445915,18527,,,,126.904124982215,37.1607305562747
MA010120220803313917,아날로그오브젝트,,G2,소매,G221,기타 상품 소매,G22199,그 외 기타 상품 전문 소매업,G47859,그 외 기타 분류 안된 상품 전문 소매업,27,대구광역시,27140,동구,27140570,신천3동,2714010200,신천동,2714010200101780002,1,대지,178,2,대구광역시 동구 신천동 178-2,271404226176,대구광역시 동구 송라로6길,2,,2714010200101780002038093,서편상가,대구광역시 동구 송라로6길 2,701825,41259,,,,128.620136528966,35.8705540511947
MA010120220803303437,제3기획,,G2,소매,G221,기타 상품 소매,G22199,그 외 기타 상품 전문 소매업,G47859,그 외 기타 분류 안된 상품 전문 소매업,11,서울특별시,11110,종로구,11110515,청운효자동,1111010400,효자동,1111010400100290000,1,대지,29,,서울특별시 종로구 효자동 29,111103100012,서울특별시 종로구 자하문로,66,,1111010400100290000030508,,서울특별시 종로구 자하문로 66,110033,03042,,,,126.970994769876,37.5817971021046
MA010120220803317304,갤러리공간,,G2,소매,G221,기타 상품 소매,G22199,그 외 기타 상품 전문 소매업,G47859,그 외 기타 분류 안된 상품 전문 소매업,46,전라남도,46110,목포시,46110758,신흥동,4611015800,상동,4611015800108970000,1,대지,897,,전라남도 목포시 상동 897,461104643202,전라남도 목포시 백년대로274번길,7,,4611015800108970000042886,,전라남도 목포시 백년대로274번길 7,530826,58696,,,,126.418619171807,34.8020625311526
MA010120220803303793,힐링가발,,G2,소매,G221,기타 상품 소매,G22199,그 외 기타 상품 전문 소매업,G47859,그 외 기타 분류 안된 상품 전문 소매업,29,광주광역시,29170,북구,29170510,중흥1동,2917010100,중흥동,2917010100107130023,1,대지,713,23,광주광역시 북구 중흥동 713-23,291704286671,광주광역시 북구 중가로65번길,32,,2917010100107130023011069,,광주광역시 북구 중가로65번길 32,500878,61238,,,,126.907946077018,35.1604372594685
MA010120220803323212,가나안전공사,,G2,소매,G221,기타 상품 소매,G22199,그 외 기타 상품 전문 소매업,G47859,그 외 기타 분류 안된 상품 전문 소매업,44,충청남도,44760,부여군,44760250,부여읍,4476025028,부여읍,4476025028107040001,1,대지,704,1,충청남도 부여군 부여읍 동남리 704-1,447603259094,충청남도 부여군 부여읍 사비로,60,,4476025028107040001022079,,충청남도 부여군 부여읍 사비로 60,323806,33154,,,,126.910803316935,36.2778228115327
MA010120220803298887,멘토,,G2,소매,G221,기타 상품 소매,G22199,그 외 기타 상품 전문 소매업,G47859,그 외 기타 분류 안된 상품 전문 소매업,47,경상북도,47113,포항시 북구,47113700,장량동,4711312200,양덕동,4711312200121540001,1,대지,2154,1,경상북도 포항시 북구 양덕동 2154-1,471133304024,경상북도 포항시 북구 양덕남로,153,,4711312200121540001000001,,경상북도 포항시 북구 양덕남로 153,791270,37596,,1,,129.408804007828,36.0799411972604
MA010120220803330067,효모마을,,G2,소매,G221,기타 상품 소매,G22199,그 외 기타 상품 전문 소매업,G47859,그 외 기타 분류 안된 상품 전문 소매업,47,경상북도,47210,영주시,47210310,이산면,4721031027,이산면,4721031027104410003,1,대지,441,3,경상북도 영주시 이산면 운문리 441-3,472103309003,경상북도 영주시 이산면 간운로,466,36,4721031027104410003000901,,경상북도 영주시 이산면 간운로 466-36,750842,36170,,,,128.667943736788,36.7707538425364
MA010120220803326440,마리텔,,G2,소매,G221,기타 상품 소매,G22199,그 외 기타 상품 전문 소매업,G47859,그 외 기타 분류 안된 상품 전문 소매업,44,충청남도,44210,서산시,44210510,부춘동,4421010100,읍내동,4421010100101020009,1,대지,102,9,충청남도 서산시 읍내동 102-9,442103254135,충청남도 서산시 읍내1로,5,,4421010100101020009037879,,충청남도 서산시 읍내1로 5,356805,31984,,2,,126.451050419157,36.7777212352757
MA010120220803324043,가고파민속품경매장,,G2,소매,G221,기타 상품 소매,G22199,그 외 기타 상품 전문 소매업,G47859,그 외 기타 분류 안된 상품 전문 소매업,48,경상남도,48125,창원시 마산합포구,48125640,합포동,4812511900,상남동,4812511900102730002,1,대지,273,2,경상남도 창원시 마산합포구 상남동 273-2,481253329061,경상남도 창원시 마산합포구 허당로,18,,4812511900102710002010233,,경상남도 창원시 마산합포구 허당로 18,631858,51725,,,,128.577840427401,35.2107604925601
MA010120220803365340,홈테크이엔씨,,G2,소매,G221,기타 상품 소매,G22199,그 외 기타 상품 전문 소매업,G47859,그 외 기타 분류 안된 상품 전문 소매업,41,경기도,41463,용인시 기흥구,41463575,동백2동,4146311600,중동,4146311600108460002,1,대지,846,2,경기도 용인시 기흥구 중동 846-2,414633204027,경기도 용인시 기흥구 동백중앙로,219,,4146311600108460002017710,용,경기도 용인시 기흥구 동백중앙로 219,446529,17006,,,,127.150632422057,37.2727730568998
MA010120220803353841,성광사,,G2,소매,G221,기타 상품 소매,G22199,그 외 기타 상품 전문 소매업,G47859,그 외 기타 분류 안된 상품 전문 소매업,26,부산광역시,26410,금정구,26410670,남산동,2641010400,남산동,2641010400100480015,1,대지,48,15,부산광역시 금정구 남산동 48-15,264102000010,부산광역시 금정구 중앙대로,2077,,2641010400100480015010775,,부산광역시 금정구 중앙대로 2077,609811,46219,,,,129.092448448266,35.2697603307115
MA010120220803359727,장수작물,,G2,소매,G221,기타 상품 소매,G22199,그 외 기타 상품 전문 소매업,G47859,그 외 기타 분류 안된 상품 전문 소매업,52,전북특별자치도,52740,장수군,52740250,장수읍,5274025021,장수읍,5274025021104740001,1,대지,474,1,전북특별자치도 장수군 장수읍 장수리 474-1,527403276033,전북특별자치도 장수군 장수읍 장천로,183,,4574025021104740001010278,,전북특별자치도 장수군 장수읍 장천로 183,597803,55632,,,,127.518603672147,35.648575830956
MA010120220803376666,철원산약초,,G2,소매,G221,기타 상품 소매,G22199,그 외 기타 상품 전문 소매업,G47859,그 외 기타 분류 안된 상품 전문 소매업,51,강원특별자치도,51780,철원군,51780256,갈말읍,5178025621,갈말읍,5178025621106040016,1,대지,604,16,강원특별자치도 철원군 갈말읍 신철원리 604-16,517804490146,강원특별자치도 철원군 갈말읍 삼부연로61번안길,16,,4278025621106040016032930,,강원특별자치도 철원군 갈말읍 삼부연로61번안길 16,269805,24039,,1,,127.312869765996,38.1475591159849
MA010120220803368721,푸른컨설팅,,G2,소매,G221,기타 상품 소매,G22199,그 외 기타 상품 전문 소매업,G47859,그 외 기타 분류 안된 상품 전문 소매업,46,전라남도,46860,함평군,46860370,해보면,4686037025,해보면,4686037025105010008,1,대지,501,8,전라남도 함평군 해보면 금덕리 501-8,468603297005,전라남도 함평군 해보면 밀재로,1237,8,4686037025105010010008886,,전라남도 함평군 해보면 밀재로 1237-8,525872,57117,,,,126.600219311275,35.1827970729053
MA010120220803341163,좋은효소,,G2,소매,G221,기타 상품 소매,G22199,그 외 기타 상품 전문 소매업,S96999,그 외 기타 달리 분류되지 않은 개인 서비스업,26,부산광역시,26320,북구,26320541,화명1동,2632010200,화명동,2632010200111340004,1,대지,1134,4,부산광역시 북구 화명동 1134-4,263202132001,부산광역시 북구 금곡대로,214,,2632010200111340004006248,,부산광역시 북구 금곡대로 214,616854,46538,,4,,129.011916658067,35.2275468038177
MA010120220803341176,선일,,G2,소매,G221,기타 상품 소매,G22199,그 외 기타 상품 전문 소매업,G47859,그 외 기타 분류 안된 상품 전문 소매업,48,경상남도,48840,남해군,48840360,서면,4884036026,서면,4884036026116410000,1,대지,1641,,경상남도 남해군 서면 남상리 1641,488404829088,경상남도 남해군 서면 남서대로2309번길,46,4,4884036026116410000049586,,경상남도 남해군 서면 남서대로2309번길 46-4,668871,52409,,,,127.811666376099,34.8548632149069
MA010120220803366336,제이피씨쿠폰방,,G2,소매,G221,기타 상품 소매,G22199,그 외 기타 상품 전문 소매업,G47859,그 외 기타 분류 안된 상품 전문 소매업,47,경상북도,47130,경주시,47130630,동천동,4713012600,동천동,4713012600107330225,1,대지,733,225,경상북도 경주시 동천동 733-225,471304715548,경상북도 경주시 북천길,51,6,4713012600107330225000001,,경상북도 경주시 북천길 51-6,780934,38103,,,,129.22380178471,35.8520449677065
MA010120220803364171,수정농약종묘사,,G2,소매,G221,기타 상품 소매,G22199,그 외 기타 상품 전문 소매업,G47859,그 외 기타 분류 안된 상품 전문 소매업,26,부산광역시,26110,중구,26110580,남포동,2611014100,남포동6가,2611014100100180000,1,대지,18,,부산광역시 중구 남포동6가 18,261103125012,부산광역시 중구 자갈치로,26,,2611014100100180000002228,,부산광역시 중구 자갈치로 26,600046,48982,,,,129.027346739004,35.0962414392794
MA010120220803380828,엠에스안전,,G2,소매,G221,기타 상품 소매,G22199,그 외 기타 상품 전문 소매업,G47859,그 외 기타 분류 안된 상품 전문 소매업,30,대전광역시,30200,유성구,30200550,신성동,3020013000,화암동,3020013000101560009,1,대지,156,9,대전광역시 유성구 화암동 156-9,302004301123,대전광역시 유성구 대덕대로925번길,10,,3020013000101560001000001,,대전광역시 유성구 대덕대로925번길 10,305805,34058,,1,,127.37765642547,36.4119405176448
MA010120220803364281,금강프라자,,G2,소매,G221,기타 상품 소매,G22199,그 외 기타 상품 전문 소매업,G47859,그 외 기타 분류 안된 상품 전문 소매업,52,전북특별자치도,52130,군산시,52130530,월명동,5213012000,장미동,5213012000100090005,1,대지,9,5,전북특별자치도 군산시 장미동 9-5,521303268109,전북특별자치도 군산시 해망로,192,,4513012000100090005011495,,전북특별자치도 군산시 해망로 192,573060,54026,,,,126.716545837973,35.988547059921
MA010120220803375921,미미유통,,G2,소매,G221,기타 상품 소매,G22199,그 외 기타 상품 전문 소매업,G47859,그 외 기타 분류 안된 상품 전문 소매업,26,부산광역시,26440,강서구,26440520,대저2동,2644010200,대저2동,2644010200131310002,1,대지,3131,2,부산광역시 강서구 대저2동 3131-2,264404208101,부산광역시 강서구 공항앞길,209,,2644010200131310002000001,아인빌,부산광역시 강서구 공항앞길 209,618899,46720,,1,,128.951436725408,35.1729977554243
MA010120220803411989,포시즌,,G2,소매,G221,기타 상품 소매,G22199,그 외 기타 상품 전문 소매업,G47422,의복 액세서리 및 모조 장신구 소매업,44,충청남도,44800,홍성군,44800250,홍성읍,4480025025,홍성읍,4480025025104090001,1,대지,409,1,충청남도 홍성군 홍성읍 옥암리 409-1,448003254216,충청남도 홍성군 홍성읍 내포로,222,,4480025025104090001055410,,충청남도 홍성군 홍성읍 내포로 222,350808,32249,,,,126.646366118786,36.5919652993925
MA010120220803389708,천하명삼,,G2,소매,G221,기타 상품 소매,G22199,그 외 기타 상품 전문 소매업,G47859,그 외 기타 분류 안된 상품 전문 소매업,46,전라남도,46710,담양군,46710250,담양읍,4671025035,담양읍,4671025035112140000,1,대지,1214,,전라남도 담양군 담양읍 삼만리 1214,467103351803,전라남도 담양군 담양읍 에코산단1로,2,,4671025035112140000000001,,전라남도 담양군 담양읍 에코산단1로 2,517803,57310,,2,,126.999603982248,35.3435175594665
MA010120220803420397,에스엠플러스,,G2,소매,G221,기타 상품 소매,G22199,그 외 기타 상품 전문 소매업,G47859,그 외 기타 분류 안된 상품 전문 소매업,41,경기도,41285,고양시 일산동구,41285600,고봉동,4128511300,성석동,4128511300110620001,1,대지,1062,1,경기도 고양시 일산동구 성석동 1062-1,412854379029,경기도 고양시 일산동구 고봉로702번길,105,34,4128511300110620001007698,,경기도 고양시 일산동구 고봉로702번길 105-34,410570,10251,,,,126.795277936798,37.7175452507267
MA010120220803425950,미래안전디자인,,G2,소매,G221,기타 상품 소매,G22199,그 외 기타 상품 전문 소매업,G47859,그 외 기타 분류 안된 상품 전문 소매업,48,경상남도,48270,밀양시,48270520,내이동,4827010200,내이동,4827010200115210007,1,대지,1521,7,경상남도 밀양시 내이동 1521-7,482704808596,경상남도 밀양시 시청서4길,21,,4827010200115210007000001,,경상남도 밀양시 시청서4길 21,627802,50419,,1,,128.741542566408,35.5046384836395
MA010120220803390004,일광법인,,G2,소매,G221,기타 상품 소매,G22199,그 외 기타 상품 전문 소매업,G47859,그 외 기타 분류 안된 상품 전문 소매업,46,전라남도,46170,나주시,46170390,금천면,4617039021,금천면,4617039021102250014,1,대지,225,14,전라남도 나주시 금천면 오강리 225-14,461703281095,전라남도 나주시 금천면 영산로,5696,,4617039021102250014080318,,전라남도 나주시 금천면 영산로 5696,520824,58215,,,,126.751548533378,35.0351529431747
MA010120220803409717,영진물산,,G2,소매,G221,기타 상품 소매,G22199,그 외 기타 상품 전문 소매업,G47859,그 외 기타 분류 안된 상품 전문 소매업,41,경기도,41461,용인시 처인구,41461256,이동읍,4146125621,이동읍,4146125621102030000,1,대지,203,,경기도 용인시 처인구 이동읍 송전리 203,414614409026,경기도 용인시 처인구 이동읍 경기동로751번길,49,,4146125621102030000000001,,경기도 용인시 처인구 이동읍 경기동로751번길 49,449832,17137,,1,,127.204477307532,37.1377150724415
MA010120220803414965,광탑이엔지,,G2,소매,G221,기타 상품 소매,G22199,그 외 기타 상품 전문 소매업,G47859,그 외 기타 분류 안된 상품 전문 소매업,41,경기도,41271,안산시 상록구,41271540,본오1동,4127110400,본오동,4127110400109850009,1,대지,985,9,경기도 안산시 상록구 본오동 985-9,412714370044,경기도 안산시 상록구 고목로5길,5,1,4127110400109850009022672,,경기도 안산시 상록구 고목로5길 5-1,426817,15575,,,,126.860599109512,37.2840498057594
MA010120220803420662,경산장례협동조합,,G2,소매,G221,기타 상품 소매,G22199,그 외 기타 상품 전문 소매업,G47859,그 외 기타 분류 안된 상품 전문 소매업,47,경상북도,47290,경산시,47290520,중앙동,4729011700,중방동,4729011700108800006,1,대지,880,6,경상북도 경산시 중방동 880-6,472903000052,경상북도 경산시 경안로,180,1,4729011700108800006000395,,경상북도 경산시 경안로 180-1,712804,38632,,2,,128.737606821326,35.8235222684038
MA010120220803396027,제일농자재,,G2,소매,G221,기타 상품 소매,G22199,그 외 기타 상품 전문 소매업,G47859,그 외 기타 분류 안된 상품 전문 소매업,47,경상북도,47290,경산시,47290250,하양읍,4729025022,하양읍,4729025022106330002,1,대지,633,2,경상북도 경산시 하양읍 동서리 633-2,472904739656,경상북도 경산시 하양읍 조산천동길,44,,4729025022106330002030722,,경상북도 경산시 하양읍 조산천동길 44,712908,38417,,1,,128.821417884318,35.9166993386045
MA010120220803418447,솔밭상회,,G2,소매,G221,기타 상품 소매,G22199,그 외 기타 상품 전문 소매업,G47859,그 외 기타 분류 안된 상품 전문 소매업,44,충청남도,44270,당진시,44270510,당진1동,4427010100,읍내동,4427010100101450011,1,대지,145,11,충청남도 당진시 읍내동 145-11,442704595133,충청남도 당진시 당진시장길,115,,4483025021101450011086209,,충청남도 당진시 당진시장길 115,343920,31777,,,,126.630375324784,36.8907179442826
MA010120220803401652,엠에이치쇼핑홀,,G2,소매,G221,기타 상품 소매,G22199,그 외 기타 상품 전문 소매업,G47859,그 외 기타 분류 안된 상품 전문 소매업,47,경상북도,47280,문경시,47280570,점촌1동,4728010100,점촌동,4728010100101640003,1,대지,164,3,경상북도 문경시 점촌동 164-3,472803304021,경상북도 문경시 신흥로,180,,4728010100101640003023874,,경상북도 문경시 신흥로 180,745886,36968,,2,,128.203423242909,36.5967769556011
MA010120220803410229,걸맨스토어,,G2,소매,G221,기타 상품 소매,G22199,그 외 기타 상품 전문 소매업,G47859,그 외 기타 분류 안된 상품 전문 소매업,11,서울특별시,11230,동대문구,11230545,제기동,1123010300,제기동,1123010300101220409,1,대지,122,409,서울특별시 동대문구 제기동 122-409,112304115711,서울특별시 동대문구 회기로8가길,32,,1123010300101220409032530,,서울특별시 동대문구 회기로8가길 32,130863,02466,,,,127.038858886833,37.5896959778703
MA010120220803388375,황금물물,,G2,소매,G221,기타 상품 소매,G22199,그 외 기타 상품 전문 소매업,G47859,그 외 기타 분류 안된 상품 전문 소매업,41,경기도,41480,파주시,41480256,법원읍,4148025623,법원읍,4148025623100230001,1,대지,23,1,경기도 파주시 법원읍 가야리 23-1,414803206069,경기도 파주시 법원읍 자운서원로,66,,4148025623100230001008419,,경기도 파주시 법원읍 자운서원로 66,413871,10826,,,,126.870847703762,37.8554273122847
MA010120220803393696,가야드림,,G2,소매,G221,기타 상품 소매,G22199,그 외 기타 상품 전문 소매업,G47859,그 외 기타 분류 안된 상품 전문 소매업,48,경상남도,48129,창원시 진해구,48129530,충무동,4812912000,회현동,4812912000100250013,1,대지,25,13,경상남도 창원시 진해구 회현동 25-13,481294793519,경상남도 창원시 진해구 충무로70번길,6,1,4812912000100250013016331,,경상남도 창원시 진해구 충무로70번길 6-1,645230,51676,,,,128.656733579873,35.1515230806769
MA010120220803396797,심강농원,,G2,소매,G221,기타 상품 소매,G22199,그 외 기타 상품 전문 소매업,G47859,그 외 기타 분류 안된 상품 전문 소매업,52,전북특별자치도,52190,남원시,52190420,이백면,5219042028,이백면,5219042028101590001,1,대지,159,1,전북특별자치도 남원시 이백면 평촌리 159-1,521904613650,전북특별자치도 남원시 이백면 평촌길,76,,4519042028101590001048000,,전북특별자치도 남원시 이백면 평촌길 76,590822,55722,,,,127.462398591674,35.4331973921685
MA010120220803402107,인중,,G2,소매,G221,기타 상품 소매,G22199,그 외 기타 상품 전문 소매업,G47859,그 외 기타 분류 안된 상품 전문 소매업,48,경상남도,48840,남해군,48840360,서면,4884036027,서면,4884036027108180000,1,대지,818,,경상남도 남해군 서면 노구리 818,488402343001,경상남도 남해군 서면 남서대로,2473,7,4884036027108180000044137,,경상남도 남해군 서면 남서대로 2473-7,668872,52408,,,,127.821045382751,34.8644719771155
MA010120220803419482,농부원예사,,G2,소매,G221,기타 상품 소매,G22199,그 외 기타 상품 전문 소매업,G47859,그 외 기타 분류 안된 상품 전문 소매업,46,전라남도,46840,무안군,46840330,청계면,4684033023,청계면,4684033023104650001,1,대지,465,1,전라남도 무안군 청계면 도림리 465-1,468404688384,전라남도 무안군 청계면 청계중앙길,15,,4684033023104650001023344,,전라남도 무안군 청계면 청계중앙길 15,534834,58552,,,,126.428121637657,34.9102021416883
MA010120220803394713,케이엔제이,,G2,소매,G221,기타 상품 소매,G22199,그 외 기타 상품 전문 소매업,G47859,그 외 기타 분류 안된 상품 전문 소매업,11,서울특별시,11380,은평구,11380530,불광2동,1138010300,불광동,1138010300103710008,1,대지,371,8,서울특별시 은평구 불광동 371-8,113804133162,서울특별시 은평구 연서로31길,20,1,1138010300103710008035872,,서울특별시 은평구 연서로31길 20-1,122863,03342,,,,126.92363059953,37.6219601307287
MA010120220803414246,제이엔디내진소방,,G2,소매,G221,기타 상품 소매,G22199,그 외 기타 상품 전문 소매업,G47859,그 외 기타 분류 안된 상품 전문 소매업,48,경상남도,48250,김해시,48250540,내외동,4825010900,외동,4825010900112170012,1,대지,1217,12,경상남도 김해시 외동 1217-12,482504805121,경상남도 김해시 금관대로1180번길,85,11,4825010900112170012081006,,경상남도 김해시 금관대로1180번길 85-11,621919,50956,,,,128.859271761128,35.2325208433865
MA010120220803409035,금산인삼,,G2,소매,G221,기타 상품 소매,G22199,그 외 기타 상품 전문 소매업,G47859,그 외 기타 분류 안된 상품 전문 소매업,28,인천광역시,28200,남동구,28200522,구월4동,2820010100,구월동,2820010100112640068,1,대지,1264,68,인천광역시 남동구 구월동 1264-68,282004259416,인천광역시 남동구 복개서로89번길,40,,2820010100112640068026427,일부,인천광역시 남동구 복개서로89번길 40,405839,21534,,1,,126.721005542045,37.4550966301952
MA010120220803414293,아임플라스틱여주점,,G2,소매,G221,기타 상품 소매,G22199,그 외 기타 상품 전문 소매업,G47859,그 외 기타 분류 안된 상품 전문 소매업,41,경기도,41670,여주시,41670510,여흥동,4167011200,상거동,4167011200101150005,1,대지,115,5,경기도 여주시 상거동 115-5,416703214012,경기도 여주시 농산로,117,,4167011200101150005000001,,경기도 여주시 농산로 117,469112,12653,,,,127.634921495191,37.2502263792247
MA010120220803411857,부영엠알오,,G2,소매,G221,기타 상품 소매,G22199,그 외 기타 상품 전문 소매업,G47859,그 외 기타 분류 안된 상품 전문 소매업,26,부산광역시,26230,부산진구,26230780,범천2동,2623010400,범천동,2623010400111810010,1,대지,1181,10,부산광역시 부산진구 범천동 1181-10,262303129031,부산광역시 부산진구 신암로,126,,2623010400111810010030609,,부산광역시 부산진구 신암로 126,614831,47343,,,,129.050814115988,35.1518992870818
MA010120220803461960,중앙사,,G2,소매,G221,기타 상품 소매,G22199,그 외 기타 상품 전문 소매업,G47859,그 외 기타 분류 안된 상품 전문 소매업,11,서울특별시,11140,중구,11140670,황학동,1114016500,황학동,1114016500112430000,1,대지,1243,,서울특별시 중구 황학동 1243,111404103141,서울특별시 중구 마장로9길,17,,1114016500112540000001742,,서울특별시 중구 마장로9길 17,100870,04571,,,,127.019446734692,37.5691130602249
MA010120220803450201,라임플러스,,G2,소매,G221,기타 상품 소매,G22199,그 외 기타 상품 전문 소매업,G47859,그 외 기타 분류 안된 상품 전문 소매업,27,대구광역시,27710,달성군,27710256,다사읍,2771025626,다사읍,2771025626116890003,1,대지,1689,3,대구광역시 달성군 다사읍 세천리 1689-3,277103148034,대구광역시 달성군 다사읍 세천로,108,,2771025626116890003000001,,대구광역시 달성군 다사읍 세천로 108,711814,42930,,,,128.472997650091,35.8730885565991
MA010120220803471988,오성케이엔씨,,G2,소매,G221,기타 상품 소매,G22199,그 외 기타 상품 전문 소매업,G47859,그 외 기타 분류 안된 상품 전문 소매업,11,서울특별시,11140,중구,11140550,명동,1114012700,명동2가,1114012700101050000,1,대지,105,,서울특별시 중구 명동2가 105,111403101001,서울특별시 중구 남대문로,52,13,1114012700101050000019825,중정도서관빌딩,서울특별시 중구 남대문로 52-13,100810,04535,,3,,126.98233205651,37.5621486401615
MA010120220803450242,유한책임회사하이모레이디롯데,잠실점,G2,소매,G221,기타 상품 소매,G22199,그 외 기타 상품 전문 소매업,G47422,의복 액세서리 및 모조 장신구 소매업,11,서울특별시,11710,송파구,11710680,잠실3동,1171010100,잠실동,1171010100100400001,1,대지,40,1,서울특별시 송파구 잠실동 40-1,117103123023,서울특별시 송파구 올림픽로,240,,1171010100100400001000435,롯데마트,서울특별시 송파구 올림픽로 240,138721,05554,,2,,127.098142657562,37.5113107817557
MA010120220803447742,정돈환경,,G2,소매,G221,기타 상품 소매,G22199,그 외 기타 상품 전문 소매업,G47859,그 외 기타 분류 안된 상품 전문 소매업,50,제주특별자치도,50110,제주시,50110256,구좌읍,5011025629,구좌읍,5011025629105510004,1,대지,551,4,제주특별자치도 제주시 구좌읍 상도리 551-4,501104847864,제주특별자치도 제주시 구좌읍 상도남길,6,,5011025629005510004048766,,제주특별자치도 제주시 구좌읍 상도남길 6,695978,63362,,,,126.864913209186,33.5180983120186
MA010120220803455330,하나안전상사,,G2,소매,G221,기타 상품 소매,G22199,그 외 기타 상품 전문 소매업,G47859,그 외 기타 분류 안된 상품 전문 소매업,11,서울특별시,11290,성북구,11290725,월곡2동,1129013600,하월곡동,1129013600100100048,1,대지,10,48,서울특별시 성북구 하월곡동 10-48,112903005046,서울특별시 성북구 화랑로,123,4,1129013600100100048016082,,서울특별시 성북구 화랑로 123-4,136865,02752,,,,127.044970864687,37.6048845186303
MA010120220803468499,광우사,,G2,소매,G221,기타 상품 소매,G22199,그 외 기타 상품 전문 소매업,G47859,그 외 기타 분류 안된 상품 전문 소매업,11,서울특별시,11140,중구,11140540,회현동,1114012400,충무로1가,1114012400100520041,1,대지,52,41,서울특별시 중구 충무로1가 52-41,111403101004,서울특별시 중구 소공로,58,,1114012200100010001000001,가나-9,서울특별시 중구 소공로 58,100011,04535,,1,,126.982060835234,37.5604006655827
MA010120220803473106,창우유통,,G2,소매,G221,기타 상품 소매,G22199,그 외 기타 상품 전문 소매업,G47859,그 외 기타 분류 안된 상품 전문 소매업,44,충청남도,44200,아산시,44200360,둔포면,4420036021,둔포면,4420036021104610025,1,대지,461,25,충청남도 아산시 둔포면 둔포리 461-25,442003249071,충청남도 아산시 둔포면 충무로,1804,,4420036021104610025069230,외,충청남도 아산시 둔포면 충무로 1804,336872,31403,,1,,127.037893199298,36.9306015929945
MA010120220803450713,성하,,G2,소매,G221,기타 상품 소매,G22199,그 외 기타 상품 전문 소매업,G47519,"페인트, 창호 및 기타 건설자재 소매업",51,강원특별자치도,51130,원주시,51130575,학성동,5113010900,학성동,5113010900110380006,1,대지,1038,6,강원특별자치도 원주시 학성동 1038-6,511304457641,강원특별자치도 원주시 학성길,95,,4213010900110380006016442,,강원특별자치도 원주시 학성길 95,220963,26416,,2,,127.942574497962,37.3536214280146
MA010120220803469186,뉴스칼렛,,G2,소매,G221,기타 상품 소매,G22199,그 외 기타 상품 전문 소매업,G47422,의복 액세서리 및 모조 장신구 소매업,11,서울특별시,11140,중구,11140540,회현동,1114012400,충무로1가,1114012400100250001,1,대지,25,1,서울특별시 중구 충무로1가 25-1,111404103154,서울특별시 중구 명동2길,50,,1114012400100250001019977,한성빌딩,서울특별시 중구 명동2길 50,100011,04535,,4,,126.983135874559,37.561193701229
MA010120220803432350,참쉬운다이어트,,G2,소매,G221,기타 상품 소매,G22199,그 외 기타 상품 전문 소매업,S96129,체형 등 기타 신체 관리 서비스업,41,경기도,41111,수원시 장안구,41111597,조원1동,4111113600,조원동,4111113600108590003,1,대지,859,3,경기도 수원시 장안구 조원동 859-3,411114322058,경기도 수원시 장안구 금당로39번길,6,,4111113600108590003039057,,경기도 수원시 장안구 금당로39번길 6,440201,16281,,,,127.016107019902,37.3031967489384
MA010120220803456009,한국인삼,,G2,소매,G221,기타 상품 소매,G22199,그 외 기타 상품 전문 소매업,G47859,그 외 기타 분류 안된 상품 전문 소매업,11,서울특별시,11140,중구,11140520,소공동,1114011500,남대문로2가,1114011500101230000,1,대지,123,,서울특별시 중구 남대문로2가 123,111403101001,서울특별시 중구 남대문로,67,,1114011500101230000000001,명동지하상가,서울특별시 중구 남대문로 67,100070,04532,,,,126.981528122281,37.5634910019121
MA010120220803478609,수집뱅크,코리아,G2,소매,G221,기타 상품 소매,G22199,그 외 기타 상품 전문 소매업,G47859,그 외 기타 분류 안된 상품 전문 소매업,11,서울특별시,11140,중구,11140550,명동,1114012700,명동2가,1114012700101050000,1,대지,105,,서울특별시 중구 명동2가 105,111403101001,서울특별시 중구 남대문로,52,13,1114012700101050000019825,중정도서관빌딩,서울특별시 중구 남대문로 52-13,100810,04535,,,,126.98233205651,37.5621486401615
MA010120220803434901,세븐모,,G2,소매,G221,기타 상품 소매,G22199,그 외 기타 상품 전문 소매업,G47422,의복 액세서리 및 모조 장신구 소매업,27,대구광역시,27290,달서구,27290601,월성1동,2729012000,월성동,2729012000118590000,1,대지,1859,,대구광역시 달서구 월성동 1859,272903147040,대구광역시 달서구 조암로,1,,2729012000118590000000001,미래타워,대구광역시 달서구 조암로 1,704401,42758,,,,128.529716388146,35.8256726994439
MA010120220803450910,지케이지에너지,,G2,소매,G221,기타 상품 소매,G22199,그 외 기타 상품 전문 소매업,G47859,그 외 기타 분류 안된 상품 전문 소매업,11,서울특별시,11680,강남구,11680545,압구정동,1168010700,신사동,1168010700106240046,1,대지,624,46,서울특별시 강남구 신사동 624-46,116804166595,서울특별시 강남구 언주로165길,7,2,1168010700106240046010138,,서울특별시 강남구 언주로165길 7-2,135895,06023,,1,,127.032320773351,37.5256730835431
MA010120220803453014,한양우표사,,G2,소매,G221,기타 상품 소매,G22199,그 외 기타 상품 전문 소매업,G47859,그 외 기타 분류 안된 상품 전문 소매업,11,서울특별시,11140,중구,11140540,회현동,1114012400,충무로1가,1114012400100520041,1,대지,52,41,서울특별시 중구 충무로1가 52-41,111403101004,서울특별시 중구 소공로,58,,1114012200100010001000001,나열,서울특별시 중구 소공로 58,100011,04535,,,,126.982060835234,37.5604006655827
MA010120220803456746,우표사랑,,G2,소매,G221,기타 상품 소매,G22199,그 외 기타 상품 전문 소매업,G47859,그 외 기타 분류 안된 상품 전문 소매업,11,서울특별시,11140,중구,11140540,회현동,1114012400,충무로1가,1114012400100520041,1,대지,52,41,서울특별시 중구 충무로1가 52-41,111403101004,서울특별시 중구 소공로,58,,1114012200100010001000001,회현지하도상가,서울특별시 중구 소공로 58,100011,04535,,,,126.982060835234,37.5604006655827
MA010120220803460310,교통카드판매대29호,,G2,소매,G221,기타 상품 소매,G22199,그 외 기타 상품 전문 소매업,G47859,그 외 기타 분류 안된 상품 전문 소매업,11,서울특별시,11140,중구,11140550,명동,1114010300,태평로1가,1114010300100840000,1,대지,84,,서울특별시 중구 태평로1가 84,111402005001,서울특별시 중구 세종대로,136,,1114010100100970000023322,,서울특별시 중구 세종대로 136,100101,04520,,,,126.978255628283,37.5684188927897
MA010120220803477685,크레이지드레드,,G2,소매,G221,기타 상품 소매,G22199,그 외 기타 상품 전문 소매업,G47422,의복 액세서리 및 모조 장신구 소매업,11,서울특별시,11140,중구,11140550,명동,1114012900,남산동2가,1114012900100100001,1,대지,10,1,서울특별시 중구 남산동2가 10-1,111404103329,서울특별시 중구 퇴계로20길,5,,1114012900100100004020108,대동빌딩,서울특별시 중구 퇴계로20길 5,100042,04629,,4,,126.985841165876,37.5599236510812
MA010120220803430313,금종고려인삼산업협동조합,,G2,소매,G221,기타 상품 소매,G22199,그 외 기타 상품 전문 소매업,G47859,그 외 기타 분류 안된 상품 전문 소매업,44,충청남도,44710,금산군,44710250,금산읍,4471025021,금산읍,4471025021106460003,1,대지,646,3,충청남도 금산군 금산읍 신대리 646-3,447103257043,충청남도 금산군 금산읍 인삼로,174,,4471025021106460003020682,기성빌딩,충청남도 금산군 금산읍 인삼로 174,312804,32722,,,,127.500502064655,36.1021842474504
MA010120220803474557,우취사,,G2,소매,G221,기타 상품 소매,G22199,그 외 기타 상품 전문 소매업,G47859,그 외 기타 분류 안된 상품 전문 소매업,11,서울특별시,11140,중구,11140540,회현동,1114012400,충무로1가,1114012400100520041,1,대지,52,41,서울특별시 중구 충무로1가 52-41,111403101004,서울특별시 중구 소공로,58,,1114012200100010001000001,회현지하상가,서울특별시 중구 소공로 58,100011,04535,,,,126.982060835234,37.5604006655827
MA010120220803474685,제일사,,G2,소매,G221,기타 상품 소매,G22199,그 외 기타 상품 전문 소매업,G47859,그 외 기타 분류 안된 상품 전문 소매업,11,서울특별시,11140,중구,11140550,명동,1114012700,명동2가,1114012700101070001,1,대지,107,1,서울특별시 중구 명동2가 107-1,111403101001,서울특별시 중구 남대문로,52,5,1114012700101070001019641,,서울특별시 중구 남대문로 52-5,100022,04535,,,,126.981709553927,37.5621215154674
MA010120220803474709,유국실업,,G2,소매,G221,기타 상품 소매,G22199,그 외 기타 상품 전문 소매업,G47859,그 외 기타 분류 안된 상품 전문 소매업,11,서울특별시,11140,중구,11140590,광희동,1114013200,충무로4가,1114013200100360052,1,대지,36,52,서울특별시 중구 충무로4가 36-52,111404103120,서울특별시 중구 마른내로10길,36,,1114013200100360041015811,,서울특별시 중구 마른내로10길 36,100863,04558,,,,126.996695014031,37.5627806134679
MA010120220803451991,한미우표사,,G2,소매,G221,기타 상품 소매,G22199,그 외 기타 상품 전문 소매업,G47859,그 외 기타 분류 안된 상품 전문 소매업,11,서울특별시,11140,중구,11140540,회현동,1114012400,충무로1가,1114012400100520041,1,대지,52,41,서울특별시 중구 충무로1가 52-41,111403101004,서울특별시 중구 소공로,58,,1114012200100010001000001,회현지하상가,서울특별시 중구 소공로 58,100011,04535,,,,126.982060835234,37.5604006655827
MA010120220803457550,동방농산물,,G2,소매,G221,기타 상품 소매,G22199,그 외 기타 상품 전문 소매업,G47859,그 외 기타 분류 안된 상품 전문 소매업,11,서울특별시,11230,동대문구,11230545,제기동,1123010300,제기동,1123010300106540003,1,대지,654,3,서울특별시 동대문구 제기동 654-3,112303105008,서울특별시 동대문구 왕산로,165,,1123010300106540003034594,,서울특별시 동대문구 왕산로 165,130863,02572,,,,127.0415592228,37.579360666742
MA010120220803471215,만물상회,,G2,소매,G221,기타 상품 소매,G22199,그 외 기타 상품 전문 소매업,M73902,번역 및 통역 서비스업,11,서울특별시,11140,중구,11140550,명동,1114012700,명동2가,1114012700100890000,1,대지,89,,서울특별시 중구 명동2가 89,111404103154,서울특별시 중구 명동2길,8,,1114012700100890000019687,,서울특별시 중구 명동2길 8,100810,04535,,,,126.982331865015,37.5629595370251
MA010120220803447208,대광수석,,G2,소매,G221,기타 상품 소매,G22199,그 외 기타 상품 전문 소매업,G47859,그 외 기타 분류 안된 상품 전문 소매업,43,충청북도,43730,옥천군,43730250,옥천읍,4373025034,옥천읍,4373025034102140008,1,대지,214,8,충청북도 옥천군 옥천읍 마암리 214-8,437303242018,충청북도 옥천군 옥천읍 서부로,105,,4373025034102140003004860,,충청북도 옥천군 옥천읍 서부로 105,373808,29051,,,,127.561658728719,36.2890815582967
MA010120220803457828,트윈스,,G2,소매,G221,기타 상품 소매,G22199,그 외 기타 상품 전문 소매업,G47422,의복 액세서리 및 모조 장신구 소매업,11,서울특별시,11140,중구,11140590,광희동,1114014800,을지로6가,1114014800100180021,1,대지,18,21,서울특별시 중구 을지로6가 18-21,111403101021,서울특별시 중구 장충단로,247,,1114014800100180220000001,굿모닝시티쇼핑몰,서울특별시 중구 장충단로 247,100729,04564,,2,,127.007357384486,37.5667988735976
MA010120220803461566,COCO,,G2,소매,G221,기타 상품 소매,G22199,그 외 기타 상품 전문 소매업,G47859,그 외 기타 분류 안된 상품 전문 소매업,41,경기도,41463,용인시 기흥구,41463572,동백1동,4146311500,동백동,4146311500105980003,1,대지,598,3,경기도 용인시 기흥구 동백동 598-3,414633204027,경기도 용인시 기흥구 동백중앙로,358,8,4146311500105980003017235,동백백현프라자,경기도 용인시 기흥구 동백중앙로 358-8,446911,17003,,,,127.160021499307,37.2820594622914
MA010120220803471497,이젠프리중구쎈타,,G2,소매,G221,기타 상품 소매,G22199,그 외 기타 상품 전문 소매업,G47859,그 외 기타 분류 안된 상품 전문 소매업,11,서울특별시,11140,중구,11140570,필동,1114013900,필동3가,1114013900100690006,1,대지,69,6,서울특별시 중구 필동3가 69-6,111403101012,서울특별시 중구 필동로,67,3,1114013900100690006000001,,서울특별시 중구 필동로 67-3,100273,04622,,,,126.996186048206,37.5556356913624
MA010120220803152531,우리팜아그로,,G2,소매,G221,기타 상품 소매,G22199,그 외 기타 상품 전문 소매업,G47859,그 외 기타 분류 안된 상품 전문 소매업,52,전북특별자치도,52140,익산시,52140390,여산면,5214039021,여산면,5214039021104130001,1,대지,413,1,전북특별자치도 익산시 여산면 여산리 413-1,521403269001,전북특별자치도 익산시 여산면 가람로,388,,4514039021104130001036024,,전북특별자치도 익산시 여산면 가람로 388,570932,54520,,,,127.084254512906,36.0593735587848
MA010120220803130262,동호산업테크푸르네존총판,,G2,소매,G221,기타 상품 소매,G22199,그 외 기타 상품 전문 소매업,G47859,그 외 기타 분류 안된 상품 전문 소매업,31,울산광역시,31110,중구,31110520,반구1동,3111011800,반구동,3111011800107810010,1,대지,781,10,울산광역시 중구 반구동 781-10,311104307099,울산광역시 중구 내황4길,57,2,3111011800107810010019389,,울산광역시 중구 내황4길 57-2,681806,44504,,,,129.345456988804,35.5523978768031
MA010120220803127996,에이치,,G2,소매,G221,기타 상품 소매,G22199,그 외 기타 상품 전문 소매업,G47859,그 외 기타 분류 안된 상품 전문 소매업,30,대전광역시,30140,중구,30140575,대흥동,3014010500,대흥동,3014010500104520003,1,대지,452,3,대전광역시 중구 대흥동 452-3,301403164032,대전광역시 중구 보문로,246,,3014010500104520003010848,지하상가,대전광역시 중구 보문로 246,301726,34917,,,,127.422872654052,36.3246006791943
MA010120220803141899,정상통신,,G2,소매,G221,기타 상품 소매,G22199,그 외 기타 상품 전문 소매업,G47859,그 외 기타 분류 안된 상품 전문 소매업,11,서울특별시,11710,송파구,11710642,문정2동,1171010800,문정동,1171010800106510000,1,대지,651,,서울특별시 송파구 문정동 651,117102005011,서울특별시 송파구 송파대로,167,,1171010800103250003000001,문정역테라타워,서울특별시 송파구 송파대로 167,138888,05855,,6,,127.120754827749,37.4845569839723
MA010120220803166755,비비드아이티,,G2,소매,G221,기타 상품 소매,G22199,그 외 기타 상품 전문 소매업,G47859,그 외 기타 분류 안된 상품 전문 소매업,41,경기도,41590,화성시,41590310,매송면,4159031021,매송면,4159031021100960001,1,대지,96,1,경기도 화성시 매송면 천천리 96-1,415903012003,경기도 화성시 매송면 매송고색로,418,,4159031021100960001012579,,경기도 화성시 매송면 매송고색로 418,445833,18297,,,,126.951131133326,37.2433136029632
MA010120220803128313,고드름,,G2,소매,G221,기타 상품 소매,G22199,그 외 기타 상품 전문 소매업,G47859,그 외 기타 분류 안된 상품 전문 소매업,41,경기도,41550,안성시,41550380,원곡면,4155038026,원곡면,4155038026102490001,1,대지,249,1,경기도 안성시 원곡면 외가천리 249-1,415503012021,경기도 안성시 원곡면 만세로,1445,,4155038026102490001027206,,경기도 안성시 원곡면 만세로 1445,456811,17556,,,,127.12716402418,37.0342904320656
MA010120220803134123,119마켓,,G2,소매,G221,기타 상품 소매,G22199,그 외 기타 상품 전문 소매업,G47859,그 외 기타 분류 안된 상품 전문 소매업,44,충청남도,44270,당진시,44270520,당진2동,4427010200,채운동,4427010200102320000,1,대지,232,,충청남도 당진시 채운동 232,442703265124,충청남도 당진시 서부로,111,,4483025022102320000043998,,충청남도 당진시 서부로 111,343926,31785,,,,126.627332863062,36.8888792210373
MA010120220803136752,무풍다르재농장,,G2,소매,G221,기타 상품 소매,G22199,그 외 기타 상품 전문 소매업,G47859,그 외 기타 분류 안된 상품 전문 소매업,52,전북특별자치도,52730,무주군,52730310,무풍면,5273031025,무풍면,5273031025105130000,1,대지,513,,전북특별자치도 무주군 무풍면 증산리 513,527303275046,전북특별자치도 무주군 무풍면 증산로,130,12,4573031025105130000000001,,전북특별자치도 무주군 무풍면 증산로 130-12,568822,55561,,,,127.850048074027,35.9476231943679
MA010120220803163670,인리치,,G2,소매,G221,기타 상품 소매,G22199,그 외 기타 상품 전문 소매업,G47859,그 외 기타 분류 안된 상품 전문 소매업,43,충청북도,43114,청주시 청원구,43114510,우암동,4311410100,우암동,4311410100103020004,1,대지,302,4,충청북도 청주시 청원구 우암동 302-4,431143236004,충청북도 청주시 청원구 교서로,97,,4311111300103020004046379,,충청북도 청주시 청원구 교서로 97,363814,28540,,2,,127.483718442978,36.6451346640162
MA010120220803165135,대농퇴비,,G2,소매,G221,기타 상품 소매,G22199,그 외 기타 상품 전문 소매업,G47859,그 외 기타 분류 안된 상품 전문 소매업,46,전라남도,46770,고흥군,46770420,두원면,4677042023,두원면,4677042023109100000,1,대지,910,,전라남도 고흥군 두원면 풍류리 910,467704667218,전라남도 고흥군 두원면 두곡길,400,16,4677042023109100000026422,,전라남도 고흥군 두원면 두곡길 400-16,548871,59514,,,,127.245028568456,34.6502243600767
MA010120220803165238,소방자재케이에스,,G2,소매,G221,기타 상품 소매,G22199,그 외 기타 상품 전문 소매업,G47859,그 외 기타 분류 안된 상품 전문 소매업,48,경상남도,48123,창원시 성산구,48123515,용지동,4812313500,용호동,4812313500100730049,1,대지,73,49,경상남도 창원시 성산구 용호동 73-49,481234781411,경상남도 창원시 성산구 용지로153번길,3,,4812112800100730049009926,창원오피스텔,경상남도 창원시 성산구 용지로153번길 3,641842,51436,,,,128.680476499436,35.228683252943
MA010120220803166002,그로베라,,G2,소매,G221,기타 상품 소매,G22199,그 외 기타 상품 전문 소매업,G47859,그 외 기타 분류 안된 상품 전문 소매업,41,경기도,41461,용인시 처인구,41461510,중앙동,4146110100,김량장동,4146110100102540333,1,대지,254,333,경기도 용인시 처인구 김량장동 254-333,414613203017,경기도 용인시 처인구 금령로,83,,4146110100102540333011025,,경기도 용인시 처인구 금령로 83,449925,17052,,,,127.205473553423,37.2354775351421
MA010120220803134899,양키캔들보니,구월점,G2,소매,G221,기타 상품 소매,G22199,그 외 기타 상품 전문 소매업,G47190,그 외 기타 종합 소매업,28,인천광역시,28200,남동구,28200521,구월3동,2820010100,구월동,2820010100114640000,1,대지,1464,,인천광역시 남동구 구월동 1464,282003008029,인천광역시 남동구 예술로,126,,2820010100114640000001432,링크,인천광역시 남동구 예술로 126,405223,21574,,1,,126.700882187673,37.4451272850767
MA010120220803145941,아름다운세상,,G2,소매,G221,기타 상품 소매,G22199,그 외 기타 상품 전문 소매업,G47859,그 외 기타 분류 안된 상품 전문 소매업,28,인천광역시,28237,부평구,28237650,부개1동,2823710700,부개동,2823710700102760010,1,대지,276,10,인천광역시 부평구 부개동 276-10,282373000028,인천광역시 부평구 경인로,1037,,2823710700102760010201733,일부호,인천광역시 부평구 경인로 1037,403810,21415,,1,,126.735223770318,37.4871151249656
MA010120220803126683,아이엠케이인터내셔날,,G2,소매,G221,기타 상품 소매,G22199,그 외 기타 상품 전문 소매업,G47859,그 외 기타 분류 안된 상품 전문 소매업,11,서울특별시,11650,서초구,11650580,반포3동,1165010600,잠원동,1165010600100760000,1,대지,76,,서울특별시 서초구 잠원동 76,116502121003,서울특별시 서초구 반포대로,316,,1165010600100760001017566,씨티,서울특별시 서초구 반포대로 316,137909,06509,,7,,127.000542882429,37.5072159407896
MA010120220803155018,영당,,G2,소매,G221,기타 상품 소매,G22199,그 외 기타 상품 전문 소매업,G47859,그 외 기타 분류 안된 상품 전문 소매업,44,충청남도,44270,당진시,44270250,합덕읍,4427025022,합덕읍,4427025022200350001,2,산,35,1,충청남도 당진시 합덕읍 도곡리 산35-1,442704595474,충청남도 당진시 합덕읍 영당말길,29,,4483025322103720001011063,,충청남도 당진시 합덕읍 영당말길 29,343903,31808,,,,126.716924953789,36.8086850229502
MA010120220803159273,도산불교사,,G2,소매,G221,기타 상품 소매,G22199,그 외 기타 상품 전문 소매업,G47859,그 외 기타 분류 안된 상품 전문 소매업,26,부산광역시,26350,해운대구,26350620,반송2동,2635010100,반송동,2635010100102160166,1,대지,216,166,부산광역시 해운대구 반송동 216-166,263504199151,부산광역시 해운대구 윗반송로35번길,22,,2635010100102160166023729,,부산광역시 해운대구 윗반송로35번길 22,612807,48007,,,,129.154116562846,35.2300460933632
MA010120220803187013,금산수삼,,G2,소매,G221,기타 상품 소매,G22199,그 외 기타 상품 전문 소매업,G47859,그 외 기타 분류 안된 상품 전문 소매업,36,세종특별자치시,36110,세종특별자치시,36110250,조치원읍,3611025026,조치원읍,3611025026100050000,1,대지,5,,세종특별자치시 세종특별자치시 조치원읍 명리 5,361104574253,세종특별자치시 세종특별자치시 조치원읍 새내10길,64,,4473025026100050000037134,금산수삼,세종특별자치시 세종특별자치시 조치원읍 새내10길 64,339803,30026,,,,127.301714318149,36.6004435793109
MA010120220803168686,대산이엔지,,G2,소매,G221,기타 상품 소매,G22199,그 외 기타 상품 전문 소매업,G47859,그 외 기타 분류 안된 상품 전문 소매업,47,경상북도,47111,포항시 남구,47111525,상대동,4711110100,상도동,4711110100102130001,1,대지,213,1,경상북도 포항시 남구 상도동 213-1,471114709230,경상북도 포항시 남구 상도로8번길,27,1,4711110100102130001118785,,경상북도 포항시 남구 상도로8번길 27-1,790828,37772,,1,,129.354789097474,36.0097288476627
MA010120220803171373,경희대한약국,,G2,소매,G221,기타 상품 소매,G22199,그 외 기타 상품 전문 소매업,G47811,의약품 및 의료용품 소매업,41,경기도,41210,광명시,41210580,광명7동,4121010100,광명동,4121010100103340020,1,대지,334,20,경기도 광명시 광명동 334-20,412103187064,경기도 광명시 새터로,51,,4121010100103340020006399,,경기도 광명시 새터로 51,423017,14273,,1,,126.854031676094,37.4727883818171
MA010120220803182174,도로시유통,,G2,소매,G221,기타 상품 소매,G22199,그 외 기타 상품 전문 소매업,G47859,그 외 기타 분류 안된 상품 전문 소매업,29,광주광역시,29170,북구,29170580,신안동,2917010600,신안동,2917010600101360006,1,대지,136,6,광주광역시 북구 신안동 136-6,291703009024,광주광역시 북구 중흥로,77,,2917010600101360006030721,,광주광역시 북구 중흥로 77,500827,61250,,2,,126.902826907199,35.1641829145647
MA010120220803182295,필바로,,G2,소매,G221,기타 상품 소매,G22199,그 외 기타 상품 전문 소매업,G47859,그 외 기타 분류 안된 상품 전문 소매업,41,경기도,41192,부천시 원미구,41192540,원미1동,4119210100,원미동,4119210100100360001,1,대지,36,1,경기도 부천시 원미구 원미동 36-1,411923184016,경기도 부천시 원미구 조마루로,421,,4119510100100360001012418,서광빌딩,경기도 부천시 원미구 조마루로 421,420837,14559,,1,,126.790519948288,37.4974795536199
MA010120220803195240,도담테크,,G2,소매,G221,기타 상품 소매,G22199,그 외 기타 상품 전문 소매업,G47859,그 외 기타 분류 안된 상품 전문 소매업,44,충청남도,44131,천안시 동남구,44131570,신방동,4413111600,신방동,4413111600114980000,1,대지,1498,,충청남도 천안시 동남구 신방동 1498,441313249066,충청남도 천안시 동남구 통정9로,25,5,4413111600114980000000001,,충청남도 천안시 동남구 통정9로 25-5,330940,31208,,,,127.129320068165,36.7738442270649
MA010120220803180162,행복한배꼽방,,G2,소매,G221,기타 상품 소매,G22199,그 외 기타 상품 전문 소매업,S96129,체형 등 기타 신체 관리 서비스업,48,경상남도,48121,창원시 의창구,48121540,봉림동,4812112700,봉곡동,4812112700101450001,1,대지,145,1,경상남도 창원시 의창구 봉곡동 145-1,481214781262,경상남도 창원시 의창구 봉곡로111번길,16,,4812112700101450001008195,,경상남도 창원시 의창구 봉곡로111번길 16,641823,51147,,,,128.67196627563,35.2469696976301
MA010120220803204279,감지#,,G2,소매,G221,기타 상품 소매,G22199,그 외 기타 상품 전문 소매업,G47422,의복 액세서리 및 모조 장신구 소매업,28,인천광역시,28177,미추홀구,28177660,주안5동,2817710500,주안동,2817710500101250000,1,대지,125,,인천광역시 미추홀구 주안동 125,281773008014,인천광역시 미추홀구 주안로,95,19,2817010600101250000166864,,인천광역시 미추홀구 주안로 95-19,402205,22132,,,,126.6806035158,37.4649775203793
MA010120220803209494,복이카용품점,,G2,소매,G221,기타 상품 소매,G22199,그 외 기타 상품 전문 소매업,G45212,자동차용 전용 신품 부품 판매업,43,충청북도,43745,증평군,43745250,증평읍,4374525030,증평읍,4374525030105610004,1,대지,561,4,충청북도 증평군 증평읍 초중리 561-4,437453244020,충청북도 증평군 증평읍 초중로,102,,4374525030105610004000001,,충청북도 증평군 증평읍 초중로 102,368910,27938,,,,127.573869008985,36.7816135418088
MA010120220803196220,신농친환경비료,,G2,소매,G221,기타 상품 소매,G22199,그 외 기타 상품 전문 소매업,G47859,그 외 기타 분류 안된 상품 전문 소매업,47,경상북도,47900,예천군,47900370,유천면,4790037041,유천면,4790037041102030003,1,대지,203,3,경상북도 예천군 유천면 화지리 203-3,479004769386,경상북도 예천군 유천면 화지2길,46,3,4790037041102030002019050,,경상북도 예천군 유천면 화지2길 46-3,757891,36840,,,,128.401513316665,36.6389711684458
MA010120220803186187,유대감식품,,G2,소매,G221,기타 상품 소매,G22199,그 외 기타 상품 전문 소매업,G47859,그 외 기타 분류 안된 상품 전문 소매업,46,전라남도,46710,담양군,46710340,창평면,4671034021,창평면,4671034021102090001,1,대지,209,1,전라남도 담양군 창평면 창평리 209-1,467104658172,전라남도 담양군 창평면 사동길,14,25,4671034021102090001005277,창평전통시장,전라남도 담양군 창평면 사동길 14-25,517883,57389,,,,127.014908329599,35.238104914421
MA010120220803227815,앙드레,,G2,소매,G221,기타 상품 소매,G22199,그 외 기타 상품 전문 소매업,G47859,그 외 기타 분류 안된 상품 전문 소매업,44,충청남도,44133,천안시 서북구,44133256,직산읍,4413325630,직산읍,4413325630101440001,1,대지,144,1,충청남도 천안시 서북구 직산읍 자은가리 144-1,441334550589,충청남도 천안시 서북구 직산읍 자은가리2길,70,14,4413325630101440001000001,,충청남도 천안시 서북구 직산읍 자은가리2길 70-14,331815,31038,,,,127.125373350028,36.8745563390418
MA010120220803246488,성인용품판매대여점,,G2,소매,G221,기타 상품 소매,G22199,그 외 기타 상품 전문 소매업,G47859,그 외 기타 분류 안된 상품 전문 소매업,48,경상남도,48310,거제시,48310560,옥포2동,4831010600,옥포동,4831010600119150006,1,대지,1915,6,경상남도 거제시 옥포동 1915-6,483104811513,경상남도 거제시 옥포로4길,27,,4831010600119150006045379,,경상남도 거제시 옥포로4길 27,656907,53231,,,,128.696305426333,34.8918406144416
MA010120220803246710,에이치플러스유통,,G2,소매,G221,기타 상품 소매,G22199,그 외 기타 상품 전문 소매업,G47859,그 외 기타 분류 안된 상품 전문 소매업,31,울산광역시,31140,남구,31140530,신정3동,3114010400,신정동,3114010400104790023,1,대지,479,23,울산광역시 남구 신정동 479-23,311403170051,울산광역시 남구 중앙로,288,,3114010400104790023012154,,울산광역시 남구 중앙로 288,680824,44679,,,,129.309879376455,35.5463631223353
MA010120220803217013,미래유통,,G2,소매,G221,기타 상품 소매,G22199,그 외 기타 상품 전문 소매업,G47859,그 외 기타 분류 안된 상품 전문 소매업,47,경상북도,47280,문경시,47280590,점촌3동,4728010300,흥덕동,4728010300103590001,1,대지,359,1,경상북도 문경시 흥덕동 359-1,472803303047,경상북도 문경시 중앙로,229,6,4728010300103590001031068,,경상북도 문경시 중앙로 229-6,745891,36964,,,,128.204964857102,36.6046458706193
MA010120220803219806,아덴힐생활샵,,G2,소매,G221,기타 상품 소매,G22199,그 외 기타 상품 전문 소매업,G47859,그 외 기타 분류 안된 상품 전문 소매업,41,경기도,41590,화성시,41590259,향남읍,4159025926,향남읍,4159025926114700004,1,대지,1470,4,경기도 화성시 향남읍 하길리 1470-4,415904848211,경기도 화성시 향남읍 상신하길로298번길,7,23,4159025926114700004000001,,경기도 화성시 향남읍 상신하길로298번길 7-23,445938,18611,,1,,126.912835074217,37.1149633775942
MA010120220803219849,한화안전용품,,G2,소매,G221,기타 상품 소매,G22199,그 외 기타 상품 전문 소매업,G47859,그 외 기타 분류 안된 상품 전문 소매업,36,세종특별자치시,36110,세종특별자치시,36110390,소정면,3611039021,소정면,3611039021100720001,1,대지,72,1,세종특별자치시 세종특별자치시 소정면 소정리 72-1,361104574313,세종특별자치시 세종특별자치시 소정면 소정구길,217,,4473037021100720001000130,,세종특별자치시 세종특별자치시 소정면 소정구길 217,339872,30001,,,,127.157578924499,36.7234646000141
MA010120220803244231,고매로또,,G2,소매,G221,기타 상품 소매,G22199,그 외 기타 상품 전문 소매업,G47859,그 외 기타 분류 안된 상품 전문 소매업,41,경기도,41463,용인시 기흥구,41463540,기흥동,4146310800,고매동,4146310800103880006,1,대지,388,6,경기도 용인시 기흥구 고매동 388-6,414633204006,경기도 용인시 기흥구 공세로,73,,4146310800103880006222577,선광빌딩,경기도 용인시 기흥구 공세로 73,446901,17086,,1,,127.10833744721,37.2313803245717
MA010120220803211688,사운드와인,,G2,소매,G221,기타 상품 소매,G22199,그 외 기타 상품 전문 소매업,G47221,음료 소매업,11,서울특별시,11590,동작구,11590620,사당1동,1159010700,사당동,1159010700110400030,1,대지,1040,30,서울특별시 동작구 사당동 1040-30,115904157156,서울특별시 동작구 동작대로3길,25,,1159010700110400030011251,,서울특별시 동작구 동작대로3길 25,156827,07025,,2,,126.979988919173,37.478327955669
MA010120220803228524,흥농바이오,,G2,소매,G221,기타 상품 소매,G22199,그 외 기타 상품 전문 소매업,G47859,그 외 기타 분류 안된 상품 전문 소매업,11,서울특별시,11680,강남구,11680580,삼성1동,1168010500,삼성동,1168010500101540010,1,대지,154,10,서울특별시 강남구 삼성동 154-10,116804166765,서울특별시 강남구 테헤란로87길,33,,1168010500101540010016710,,서울특별시 강남구 테헤란로87길 33,135879,06167,,4,,127.057920781397,37.5098236654325
MA010120220803233944,상우,,G2,소매,G221,기타 상품 소매,G22199,그 외 기타 상품 전문 소매업,G47859,그 외 기타 분류 안된 상품 전문 소매업,48,경상남도,48840,남해군,48840310,이동면,4884031025,이동면,4884031025114490000,1,대지,1449,,경상남도 남해군 이동면 신전리 1449,488402343003,경상남도 남해군 이동면 남해대로,1466,35,4884031025114490000025823,,경상남도 남해군 이동면 남해대로 1466-35,668813,52432,,,,127.948624461453,34.7558751601985
MA010120220803211842,와이즈일렉,,G2,소매,G221,기타 상품 소매,G22199,그 외 기타 상품 전문 소매업,G47859,그 외 기타 분류 안된 상품 전문 소매업,41,경기도,41287,고양시 일산서구,41287610,가좌동,4128710600,가좌동,4128710600109690000,1,대지,969,,경기도 고양시 일산서구 가좌동 969,412873194015,경기도 고양시 일산서구 송산로,331,,4128710600109690000004655,,경기도 고양시 일산서구 송산로 331,411440,10208,,,,126.715752115294,37.683900197298
MA010120220803234170,불광불교원,,G2,소매,G221,기타 상품 소매,G22199,그 외 기타 상품 전문 소매업,G47859,그 외 기타 분류 안된 상품 전문 소매업,26,부산광역시,26410,금정구,26410510,서1동,2641011000,서동,2641011000105420036,1,대지,542,36,부산광역시 금정구 서동 542-36,264103135033,부산광역시 금정구 서동로,93,,2641011000105420036019805,,부산광역시 금정구 서동로 93,609834,46319,,,,129.097195506437,35.2168890952784
MA010120220803212732,러브성인용품,,G2,소매,G221,기타 상품 소매,G22199,그 외 기타 상품 전문 소매업,G47859,그 외 기타 분류 안된 상품 전문 소매업,51,강원특별자치도,51130,원주시,51130600,우산동,5113011100,우산동,5113011100102340003,1,대지,234,3,강원특별자치도 원주시 우산동 234-3,511303219039,강원특별자치도 원주시 우산로,38,,4213011100102340003019288,,강원특별자치도 원주시 우산로 38,220955,26343,,2,,127.936597239806,37.3676163168505
MA010120220803221143,에스페로,,G2,소매,G221,기타 상품 소매,G22199,그 외 기타 상품 전문 소매업,G47422,의복 액세서리 및 모조 장신구 소매업,51,강원특별자치도,51210,속초시,51210590,청호동,5121010800,조양동,5121010800114900250,1,대지,1490,250,강원특별자치도 속초시 조양동 1490-250,512102000023,강원특별자치도 속초시 동해대로,3936,1,4221010800114900250010097,,강원특별자치도 속초시 동해대로 3936-1,217812,24888,,3,,128.601642038588,38.1862399418503
MA010120220803248435,케이티에프,,G2,소매,G221,기타 상품 소매,G22199,그 외 기타 상품 전문 소매업,G47859,그 외 기타 분류 안된 상품 전문 소매업,41,경기도,41115,수원시 팔달구,41115730,인계동,4111514100,인계동,4111514100103260009,1,대지,326,9,경기도 수원시 팔달구 인계동 326-9,411152012012,경기도 수원시 팔달구 중부대로,184,24,4111514100103260009014953,이레빌딩,경기도 수원시 팔달구 중부대로 184-24,442828,16485,,2,,127.03546104824,37.2760442509807
MA010120220803240180,바나나몰,홍대점,G2,소매,G221,기타 상품 소매,G22199,그 외 기타 상품 전문 소매업,G47859,그 외 기타 분류 안된 상품 전문 소매업,11,서울특별시,11440,마포구,11440660,서교동,1144012000,서교동,1144012000103530001,1,대지,353,1,서울특별시 마포구 서교동 353-1,114403113014,서울특별시 마포구 양화로,133,,1144012000103530001026927,서교타워,서울특별시 마포구 양화로 133,121760,04032,,7,,126.920982595838,37.5552308936749
MA010120220803250984,강화고려인삼센터서진이네,,G2,소매,G221,기타 상품 소매,G22199,그 외 기타 상품 전문 소매업,G47859,그 외 기타 분류 안된 상품 전문 소매업,28,인천광역시,28710,강화군,28710250,강화읍,2871025025,강화읍,2871025025110760006,1,대지,1076,6,인천광역시 강화군 강화읍 갑곳리 1076-6,287102157001,인천광역시 강화군 강화읍 강화대로,96,,2871025025110760006018136,,인천광역시 강화군 강화읍 강화대로 96,417942,23026,,1,,126.518953110087,37.7371844690474
MA010120220803218729,케이비아이켐,,G2,소매,G221,기타 상품 소매,G22199,그 외 기타 상품 전문 소매업,G47859,그 외 기타 분류 안된 상품 전문 소매업,28,인천광역시,28237,부평구,28237591,청천1동,2823710400,청천동,2823710400100670038,1,대지,67,38,인천광역시 부평구 청천동 67-38,282373154053,인천광역시 부평구 청농로,21,,2823710400100670011017754,,인천광역시 부평구 청농로 21,403855,21300,,2,,126.690614312814,37.5208303477396
MA010120220803266973,스마일유통,,G2,소매,G221,기타 상품 소매,G22199,그 외 기타 상품 전문 소매업,G47859,그 외 기타 분류 안된 상품 전문 소매업,11,서울특별시,11560,영등포구,11560535,영등포동,1156010400,영등포동3가,1156010400100060001,1,대지,6,1,서울특별시 영등포구 영등포동3가 6-1,115603118022,서울특별시 영등포구 영등포로,218,1,1156010400100060001036215,,서울특별시 영등포구 영등포로 218-1,150030,07302,,2,,126.905737815616,37.5195761437822
MA010120220803285985,손스-wig,,G2,소매,G221,기타 상품 소매,G22199,그 외 기타 상품 전문 소매업,G47422,의복 액세서리 및 모조 장신구 소매업,11,서울특별시,11710,송파구,11710580,송파1동,1171010400,송파동,1171010400100150008,1,대지,15,8,서울특별시 송파구 송파동 15-8,117102005011,서울특별시 송파구 송파대로,448,,1171010400100150008013598,옥명빌딩,서울특별시 송파구 송파대로 448,138848,05625,,7,,127.10638144651,37.5066004063546
MA010120220803283244,대흥종합유통,,G2,소매,G221,기타 상품 소매,G22199,그 외 기타 상품 전문 소매업,G47859,그 외 기타 분류 안된 상품 전문 소매업,43,충청북도,43112,청주시 서원구,43112310,남이면,4311231027,남이면,4311231027101540012,1,대지,154,12,충청북도 청주시 서원구 남이면 구미리 154-12,431124520072,충청북도 청주시 서원구 남이면 구미1길,25,28,4371035027001540010033407,,충청북도 청주시 서원구 남이면 구미1길 25-28,362812,28184,,,,127.389259572988,36.567451400506
MA010120220803278322,가발예스모,,G2,소매,G221,기타 상품 소매,G22199,그 외 기타 상품 전문 소매업,G47422,의복 액세서리 및 모조 장신구 소매업,27,대구광역시,27170,서구,27170565,비산2.3동,2717010200,비산동,2717010200104340559,1,대지,434,559,대구광역시 서구 비산동 434-559,271703143002,대구광역시 서구 달서로,146,1,2717010200104340559000278,,대구광역시 서구 달서로 146-1,703812,41798,,2,,128.571415988068,35.8753015976567
MA010120220803254999,드웰,,G2,소매,G221,기타 상품 소매,G22199,그 외 기타 상품 전문 소매업,G47859,그 외 기타 분류 안된 상품 전문 소매업,48,경상남도,48121,창원시 의창구,48121310,북면,4812131036,북면,4812131036104020002,1,대지,402,2,경상남도 창원시 의창구 북면 신촌리 402-2,481214781703,경상남도 창원시 의창구 북면 천주로1165번길,45,,4812131036104020002035993,,경상남도 창원시 의창구 북면 천주로1165번길 45,641873,51101,,,,128.606293064289,35.3571142790487
MA010120220803276110,세종드론,,G2,소매,G221,기타 상품 소매,G22199,그 외 기타 상품 전문 소매업,G47859,그 외 기타 분류 안된 상품 전문 소매업,36,세종특별자치시,36110,세종특별자치시,36110560,보람동,3611010300,보람동,3611010300107550000,1,대지,755,,세종특별자치시 세종특별자치시 보람동 755,361103350794,세종특별자치시 세종특별자치시 호려울로,9,,3611010300107000074000001,네이버타워,세종특별자치시 세종특별자치시 호려울로 9,339008,30150,,6,,127.288246963015,36.4770915816725
MA010120220803287147,강진약초,,G2,소매,G221,기타 상품 소매,G22199,그 외 기타 상품 전문 소매업,G47859,그 외 기타 분류 안된 상품 전문 소매업,46,전라남도,46810,강진군,46810360,성전면,4681036021,성전면,4681036021101560004,1,대지,156,4,전라남도 강진군 성전면 월남리 156-4,468104679184,전라남도 강진군 성전면 상월길,19,,4681036021101560004063936,,전라남도 강진군 성전면 상월길 19,527813,59200,,,,126.723232696163,34.7408938894493
MA010120220803268556,달성비앤씨,,G2,소매,G221,기타 상품 소매,G22199,그 외 기타 상품 전문 소매업,G47859,그 외 기타 분류 안된 상품 전문 소매업,27,대구광역시,27710,달성군,27710262,옥포읍,2771026222,옥포읍,2771026222115150001,1,대지,1515,1,대구광역시 달성군 옥포읍 교항리 1515-1,277104244086,대구광역시 달성군 옥포읍 금계길,75,,2771034022115150001011336,,대구광역시 달성군 옥포읍 금계길 75,711843,42969,,,,128.443839999959,35.7897601250309
MA010120220803294783,국산한약재공판장,,G2,소매,G221,기타 상품 소매,G22199,그 외 기타 상품 전문 소매업,G47859,그 외 기타 분류 안된 상품 전문 소매업,41,경기도,41570,김포시,41570515,김포본동,4157010100,북변동,4157010100103750032,1,대지,375,32,경기도 김포시 북변동 375-32,415703209056,경기도 김포시 북변중로,68,,4157010100103750032021245,외,경기도 김포시 북변중로 68,415832,10098,,1,,126.709704630948,37.6269615891677
MA010120220803271525,오디오앤라이프,,G2,소매,G221,기타 상품 소매,G22199,그 외 기타 상품 전문 소매업,G47859,그 외 기타 분류 안된 상품 전문 소매업,29,광주광역시,29110,동구,29110545,동명동,2911010800,동명동,2911010800102000014,1,대지,200,14,광주광역시 동구 동명동 200-14,291103009002,광주광역시 동구 동계천로,105,,2911010800102000014006260,,광주광역시 동구 동계천로 105,501815,61430,,1,,126.92216837037,35.1513525088346
MA010120220803293104,대경불교사,,G2,소매,G221,기타 상품 소매,G22199,그 외 기타 상품 전문 소매업,G47859,그 외 기타 분류 안된 상품 전문 소매업,26,부산광역시,26380,사하구,26380590,장림2동,2638010500,장림동,2638010500106150139,1,대지,615,139,부산광역시 사하구 장림동 615-139,263804202437,부산광역시 사하구 장림시장7길,140,,2638010500106150139016752,,부산광역시 사하구 장림시장7길 140,604845,49482,,,,128.96854103413,35.0797818477596
MA010120220803274827,IJ플렌트,,G2,소매,G221,기타 상품 소매,G22199,그 외 기타 상품 전문 소매업,G47859,그 외 기타 분류 안된 상품 전문 소매업,43,충청북도,43770,음성군,43770340,대소면,4377034027,대소면,4377034027103110001,1,대지,311,1,충청북도 음성군 대소면 삼정리 311-1,437703014050,충청북도 음성군 대소면 한삼로,150,10,4377034027103110001181645,,충청북도 음성군 대소면 한삼로 150-10,369822,27676,,,,127.495524681524,36.947397436894
MA010120220805014565,더건강한,,G2,소매,G221,기타 상품 소매,G22199,그 외 기타 상품 전문 소매업,G47859,그 외 기타 분류 안된 상품 전문 소매업,41,경기도,41450,하남시,41450582,감일동,4145011400,감일동,4145011400105330000,1,대지,533,,경기도 하남시 감일동 533,414503352272,경기도 하남시 감일순환로,135,,4145011400105330000000001,감일포엠포레,경기도 하남시 감일순환로 135,465190,12996,,3,,127.161810507125,37.5113758737814
MA010120220804850752,24시생활편의점,,G2,소매,G221,기타 상품 소매,G22199,그 외 기타 상품 전문 소매업,G47859,그 외 기타 분류 안된 상품 전문 소매업,11,서울특별시,11740,강동구,11740685,길동,1174010500,길동,1174010500104560002,1,대지,456,2,서울특별시 강동구 길동 456-2,117403124008,서울특별시 강동구 진황도로,100,,1174010500104560005000001,하이브아파트,서울특별시 강동구 진황도로 100,134814,05355,,2,,127.137468961977,37.5354995005409
MA010120220805379861,참조은케어,,G2,소매,G221,기타 상품 소매,G22199,그 외 기타 상품 전문 소매업,G47859,그 외 기타 분류 안된 상품 전문 소매업,41,경기도,41463,용인시 기흥구,41463590,보정동,4146311800,보정동,4146311800111970003,1,대지,1197,3,경기도 용인시 기흥구 보정동 1197-3,414633204055,경기도 용인시 기흥구 죽전로,23,,4146311800111970003023443,죽전엘림프라자2차,경기도 용인시 기흥구 죽전로 23,446858,16897,,4,,127.111218417683,37.3207517992218
MA010120220805085307,풍기인삼,,G2,소매,G221,기타 상품 소매,G22199,그 외 기타 상품 전문 소매업,G47859,그 외 기타 분류 안된 상품 전문 소매업,26,부산광역시,26230,부산진구,26230510,부전1동,2623010300,부전동,2623010300105730003,1,대지,573,3,부산광역시 부산진구 부전동 573-3,262304187696,부산광역시 부산진구 중앙대로783번길,23,,2623010300105730021011896,부전시장,부산광역시 부산진구 중앙대로783번길 23,614848,47251,,2,,129.06102082303,35.1633059594121
MA010120220804654237,맛있는헬스보충제,,G2,소매,G221,기타 상품 소매,G22199,그 외 기타 상품 전문 소매업,G47859,그 외 기타 분류 안된 상품 전문 소매업,11,서울특별시,11230,동대문구,11230560,전농1동,1123010400,전농동,1123010400105970005,1,대지,597,5,서울특별시 동대문구 전농동 597-5,112303105008,서울특별시 동대문구 왕산로,250,,1123010400105970005027482,리베르떼,서울특별시 동대문구 왕산로 250,130851,02554,,1,,127.049452458098,37.5831868468074
MA010120220804706564,좋은친구들,,G2,소매,G221,기타 상품 소매,G22199,그 외 기타 상품 전문 소매업,G47859,그 외 기타 분류 안된 상품 전문 소매업,51,강원특별자치도,51150,강릉시,51150520,중앙동,5115010800,성남동,5115010800101070000,1,대지,107,,강원특별자치도 강릉시 성남동 107,511504460186,강원특별자치도 강릉시 곶감전길,12,,4215010800101070000000040,제일자유상가아파트,강원특별자치도 강릉시 곶감전길 12,210050,25544,,2,,128.896804878767,37.7521085952387
MA010120220805664344,하나정보통신,,G2,소매,G221,기타 상품 소매,G22199,그 외 기타 상품 전문 소매업,G47859,그 외 기타 분류 안된 상품 전문 소매업,43,충청북도,43770,음성군,43770253,금왕읍,4377025339,금왕읍,4377025339102160001,1,대지,216,1,충청북도 음성군 금왕읍 내송리 216-1,437703000129,충청북도 음성군 금왕읍 금일로,108,,4377025339102160001214060,우원임대아파트,충청북도 음성군 금왕읍 금일로 108,369901,27631,,5,,127.570255290665,36.9949001434739
MA010120220805302650,명진메디칼,,G2,소매,G221,기타 상품 소매,G22199,그 외 기타 상품 전문 소매업,G47859,그 외 기타 분류 안된 상품 전문 소매업,48,경상남도,48270,밀양시,48270540,가곡동,4827010800,가곡동,4827010800107280041,1,대지,728,41,경상남도 밀양시 가곡동 728-41,482703336074,경상남도 밀양시 중앙로,149,1,4827010800107280041043800,삼강그린,경상남도 밀양시 중앙로 149-1,627801,50442,,2,,128.763182097746,35.4786857991426
MA010120220804722413,엘케이,,G2,소매,G221,기타 상품 소매,G22199,그 외 기타 상품 전문 소매업,G47859,그 외 기타 분류 안된 상품 전문 소매업,30,대전광역시,30140,중구,30140680,태평1동,3014011400,태평동,3014011400103370054,1,대지,337,54,대전광역시 중구 태평동 337-54,301404295233,대전광역시 중구 동서대로1235번길,13,,3014011400103370054019264,명칭없음,대전광역시 중구 동서대로1235번길 13,301843,34881,,2,,127.396703949356,36.3272857875624
MA010120220804835525,모든방역하우스설비,,G2,소매,G221,기타 상품 소매,G22199,그 외 기타 상품 전문 소매업,G47859,그 외 기타 분류 안된 상품 전문 소매업,41,경기도,41610,광주시,41610610,능평동,4161011600,능평동,4161011600101300004,1,대지,130,4,경기도 광주시 능평동 130-4,416104433364,경기도 광주시 오포로171번길,17,92,4161025023101300004000003,딜라이트빌,경기도 광주시 오포로171번길 17-92,464892,12773,,1,,127.179427900198,37.3484918437829
MA010120220805544758,영훈마린,,G2,소매,G221,기타 상품 소매,G22199,그 외 기타 상품 전문 소매업,G47859,그 외 기타 분류 안된 상품 전문 소매업,11,서울특별시,11305,강북구,11305595,번1동,1130510200,번동,1130510200107610000,1,대지,761,,서울특별시 강북구 번동 761,113053005038,서울특별시 강북구 한천로,936,,1130510200104280087018262,센트로힐,서울특별시 강북구 한천로 936,142061,01136,,2,,127.036129254437,37.6346471820948
MA010120220805545277,짱이맘,,G2,소매,G221,기타 상품 소매,G22199,그 외 기타 상품 전문 소매업,G47859,그 외 기타 분류 안된 상품 전문 소매업,36,세종특별자치시,36110,세종특별자치시,36110560,보람동,3611010300,보람동,3611010300107440000,1,대지,744,,세종특별자치시 세종특별자치시 보람동 744,361102000002,세종특별자치시 세종특별자치시 한누리대로,2129,,3611010300106290001000001,스타힐타워2차,세종특별자치시 세종특별자치시 한누리대로 2129,339008,30150,,1,,127.289758881822,36.478574831255
MA010120220805864411,메타케이브,,G2,소매,G221,기타 상품 소매,G22199,그 외 기타 상품 전문 소매업,G47859,그 외 기타 분류 안된 상품 전문 소매업,41,경기도,41310,구리시,41310541,교문1동,4131010400,교문동,4131010400102270025,1,대지,227,25,경기도 구리시 교문동 227-25,413104388172,경기도 구리시 체육관로171번길,10,,4131010400102270025009037,행복빌,경기도 구리시 체육관로171번길 10,471801,11925,,3,,127.135345766827,37.600211420712
MA010120220805852833,신화이엔지,,G2,소매,G221,기타 상품 소매,G22199,그 외 기타 상품 전문 소매업,G47859,그 외 기타 분류 안된 상품 전문 소매업,28,인천광역시,28237,부평구,28237670,일신동,2823710800,일신동,2823710800102160012,1,대지,216,12,인천광역시 부평구 일신동 216-12,282374262785,인천광역시 부평구 항동로46번길,32,,2823710800102160012200331,현대유니크,인천광역시 부평구 항동로46번길 32,403110,21423,,1,,126.739900611763,37.4818185878958
MA010120220805892036,길앤틱,,G2,소매,G221,기타 상품 소매,G22199,그 외 기타 상품 전문 소매업,G47859,그 외 기타 분류 안된 상품 전문 소매업,26,부산광역시,26290,남구,26290710,문현4동,2629010900,문현동,2629010900102730009,1,대지,273,9,부산광역시 남구 문현동 273-9,262903131037,부산광역시 남구 수영로,80,,2629010900102730009014842,양산맨션,부산광역시 남구 수영로 80,608828,48457,,2,,129.075710599125,35.1346414708448
MA010120220805376558,자매인삼,,G2,소매,G221,기타 상품 소매,G22199,그 외 기타 상품 전문 소매업,G47859,그 외 기타 분류 안된 상품 전문 소매업,26,부산광역시,26230,부산진구,26230510,부전1동,2623010300,부전동,2623010300105730003,1,대지,573,3,부산광역시 부산진구 부전동 573-3,262304187696,부산광역시 부산진구 중앙대로783번길,23,,2623010300105730021011896,부전시장,부산광역시 부산진구 중앙대로783번길 23,614848,47251,,2,,129.06102082303,35.1633059594121
MA010120220806013061,유진조경,,G2,소매,G221,기타 상품 소매,G22199,그 외 기타 상품 전문 소매업,G47859,그 외 기타 분류 안된 상품 전문 소매업,44,충청남도,44810,예산군,44810250,예산읍,4481025030,예산읍,4481025030102640003,1,대지,264,3,충청남도 예산군 예산읍 신례원리 264-3,448103263043,충청남도 예산군 예산읍 창신로,51,34,4481025030102620048010632,성문,충청남도 예산군 예산읍 창신로 51-34,340805,32421,,1,,126.839866535446,36.7245695724501
MA010120220804592612,천연약초방,,G2,소매,G221,기타 상품 소매,G22199,그 외 기타 상품 전문 소매업,G47859,그 외 기타 분류 안된 상품 전문 소매업,51,강원특별자치도,51720,홍천군,51720250,홍천읍,5172025031,홍천읍,5172025031101520001,1,대지,152,1,강원특별자치도 홍천군 홍천읍 장전평리 152-1,517203225045,강원특별자치도 홍천군 홍천읍 장전평로,190,11,4272025031101510000000001,,강원특별자치도 홍천군 홍천읍 장전평로 190-11,250803,25119,,,,127.87527803713,37.6669217485445
MA010120220804596746,효진바이오텍,,G2,소매,G221,기타 상품 소매,G22199,그 외 기타 상품 전문 소매업,G47859,그 외 기타 분류 안된 상품 전문 소매업,51,강원특별자치도,51720,홍천군,51720250,홍천읍,5172025027,홍천읍,5172025027101340004,1,대지,134,4,강원특별자치도 홍천군 홍천읍 결운리 134-4,517203225052,강원특별자치도 홍천군 홍천읍 홍천로,893,,4272025027101120006015613,,강원특별자치도 홍천군 홍천읍 홍천로 893,250802,25126,,1,,127.926249001969,37.7227154836288
MA010120220804607688,나우리바이오,,G2,소매,G221,기타 상품 소매,G22199,그 외 기타 상품 전문 소매업,G47859,그 외 기타 분류 안된 상품 전문 소매업,41,경기도,41390,시흥시,41390597,배곧2동,4139013500,배곧동,4139013500102910005,1,대지,291,5,경기도 시흥시 배곧동 291-5,413903350759,경기도 시흥시 서울대학로,59,49,4139013200125780001000002,건영테크노밸리,경기도 시흥시 서울대학로 59-49,,15012,,,,126.708547286909,37.3597209233198
MA010120220804591127,서울종묘사,,G2,소매,G221,기타 상품 소매,G22199,그 외 기타 상품 전문 소매업,G47859,그 외 기타 분류 안된 상품 전문 소매업,51,강원특별자치도,51720,홍천군,51720250,홍천읍,5172025027,홍천읍,5172025027103140001,1,대지,314,1,강원특별자치도 홍천군 홍천읍 결운리 314-1,517203225052,강원특별자치도 홍천군 홍천읍 홍천로,676,,4272025027103140001000001,,강원특별자치도 홍천군 홍천읍 홍천로 676,250802,25126,,,,127.91081759352,37.7074205667893
MA010120220804595471,서석중앙종묘사,,G2,소매,G221,기타 상품 소매,G22199,그 외 기타 상품 전문 소매업,G47859,그 외 기타 분류 안된 상품 전문 소매업,51,강원특별자치도,51720,홍천군,51720340,서석면,5172034021,서석면,5172034021102100005,1,대지,210,5,강원특별자치도 홍천군 서석면 풍암리 210-5,517203013017,강원특별자치도 홍천군 서석면 구룡령로,2539,,4272034021102120001037955,,강원특별자치도 홍천군 서석면 구룡령로 2539,250835,25166,,,,128.187020549167,37.7121796381001
MA010120220804614101,설악자연농원,,G2,소매,G221,기타 상품 소매,G22199,그 외 기타 상품 전문 소매업,G47859,그 외 기타 분류 안된 상품 전문 소매업,51,강원특별자치도,51810,인제군,51810320,북면,5181032024,북면,5181032024110960000,1,대지,1096,,강원특별자치도 인제군 북면 용대리 1096,518103233008,강원특별자치도 인제군 북면 만해로,204,,4281032024010960000014100,,강원특별자치도 인제군 북면 만해로 204,252821,24606,,,,128.323966009712,38.1925105786973
MA010120220804594352,강원불교전시장,,G2,소매,G221,기타 상품 소매,G22199,그 외 기타 상품 전문 소매업,G47859,그 외 기타 분류 안된 상품 전문 소매업,51,강원특별자치도,51720,홍천군,51720250,홍천읍,5172025029,홍천읍,5172025029102550019,1,대지,255,19,강원특별자치도 홍천군 홍천읍 연봉리 255-19,517203225019,강원특별자치도 홍천군 홍천읍 무궁화로,87,1,4272025029102550019034386,,강원특별자치도 홍천군 홍천읍 무궁화로 87-1,250930,25140,,,,127.877867485326,37.6856513173124
MA010120220804597408,석화농약사,,G2,소매,G221,기타 상품 소매,G22199,그 외 기타 상품 전문 소매업,G47859,그 외 기타 분류 안된 상품 전문 소매업,51,강원특별자치도,51720,홍천군,51720390,내면,5172039021,내면,5172039021115730061,1,대지,1573,61,강원특별자치도 홍천군 내면 창촌리 1573-61,517203013017,강원특별자치도 홍천군 내면 구룡령로,5277,,4272039021115730061000001,,강원특별자치도 홍천군 내면 구룡령로 5277,250846,25171,,,,128.391247743005,37.7744869292359
MA010120220804611457,체아S,,G2,소매,G221,기타 상품 소매,G22199,그 외 기타 상품 전문 소매업,G47859,그 외 기타 분류 안된 상품 전문 소매업,41,경기도,41150,의정부시,41150595,가능동,4115011000,가능동,4115011000106760019,1,대지,676,19,경기도 의정부시 가능동 676-19,411503181037,경기도 의정부시 의정로,165,,4115011000106760019020999,,경기도 의정부시 의정로 165,480815,11675,,B1,,127.034243919366,37.7477743939469
MA010120220804601340,지성산업,,G2,소매,G221,기타 상품 소매,G22199,그 외 기타 상품 전문 소매업,G47859,그 외 기타 분류 안된 상품 전문 소매업,44,충청남도,44200,아산시,44200350,음봉면,4420035023,음봉면,4420035023100990001,1,대지,99,1,충청남도 아산시 음봉면 신수리 99-1,442004559762,충청남도 아산시 음봉면 충무로681번길,224,,4420035023100990001000001,,충청남도 아산시 음봉면 충무로681번길 224,336862,31444,,,,126.993328665359,36.848850722505
MA010120220804616780,지리산농산물,,G2,소매,G221,기타 상품 소매,G22199,그 외 기타 상품 전문 소매업,G47859,그 외 기타 분류 안된 상품 전문 소매업,46,전라남도,46730,구례군,46730330,토지면,4673033030,토지면,4673033030105870010,1,대지,587,10,전라남도 구례군 토지면 금내리 587-10,467304664247,전라남도 구례군 토지면 용정길,30,6,4673033030105870010012714,,전라남도 구례군 토지면 용정길 30-6,542862,57626,,,,127.516353517594,35.1986164182215
MA010120220804590638,형제종묘사,,G2,소매,G221,기타 상품 소매,G22199,그 외 기타 상품 전문 소매업,G47859,그 외 기타 분류 안된 상품 전문 소매업,51,강원특별자치도,51720,홍천군,51720370,서면,5172037021,서면,5172037021101580001,1,대지,158,1,강원특별자치도 홍천군 서면 반곡리 158-1,517203225051,강원특별자치도 홍천군 서면 팔봉산로,629,,4272037021101580001000315,,강원특별자치도 홍천군 서면 팔봉산로 629,250854,25101,,,,127.664949323853,37.6893235594836
MA010120220804592176,진희상사,,G2,소매,G221,기타 상품 소매,G22199,그 외 기타 상품 전문 소매업,G47859,그 외 기타 분류 안된 상품 전문 소매업,51,강원특별자치도,51720,홍천군,51720250,홍천읍,5172025023,홍천읍,5172025023103940001,1,대지,394,1,강원특별자치도 홍천군 홍천읍 희망리 394-1,517203225052,강원특별자치도 홍천군 홍천읍 홍천로,296,,4272025023103940001018763,,강원특별자치도 홍천군 홍천읍 홍천로 296,250809,25135,,,,127.878262631711,37.688396274065
MA010120220804602245,곤지암유통,,G2,소매,G221,기타 상품 소매,G22199,그 외 기타 상품 전문 소매업,G47859,그 외 기타 분류 안된 상품 전문 소매업,41,경기도,41610,광주시,41610259,곤지암읍,4161025921,곤지암읍,4161025921101390004,1,대지,139,4,경기도 광주시 곤지암읍 곤지암리 139-4,416103012083,경기도 광주시 곤지암읍 광여로,79,,4161025621101390004024298,,경기도 광주시 곤지암읍 광여로 79,464872,12801,,1,,127.354618231319,37.3498714258927
MA010120220804613745,법인홍천6년근인삼,,G2,소매,G221,기타 상품 소매,G22199,그 외 기타 상품 전문 소매업,G47859,그 외 기타 분류 안된 상품 전문 소매업,51,강원특별자치도,51720,홍천군,51720352,영귀미면,5172035229,영귀미면,5172035229101850029,1,대지,185,29,강원특별자치도 홍천군 영귀미면 개운리 185-29,517203225042,강원특별자치도 홍천군 영귀미면 월운로,247,9,4272035029101850029000001,,강원특별자치도 홍천군 영귀미면 월운로 247-9,250891,25153,,,,127.930366322082,37.6582924008824
MA010120220804602369,운남농자재유통,,G2,소매,G221,기타 상품 소매,G22199,그 외 기타 상품 전문 소매업,G47859,그 외 기타 분류 안된 상품 전문 소매업,46,전라남도,46840,무안군,46840370,운남면,4684037023,운남면,4684037023103910008,1,대지,391,8,전라남도 무안군 운남면 연리 391-8,468403296029,전라남도 무안군 운남면 운해로,558,,4684037023103910008043834,,전라남도 무안군 운남면 운해로 558,534861,58537,,1,,126.339019215984,34.9593707436543
MA010120220804592371,강원케미칼플러스,,G2,소매,G221,기타 상품 소매,G22199,그 외 기타 상품 전문 소매업,G47859,그 외 기타 분류 안된 상품 전문 소매업,51,강원특별자치도,51720,홍천군,51720352,영귀미면,5172035221,영귀미면,5172035221107940003,1,대지,794,3,강원특별자치도 홍천군 영귀미면 속초리 794-3,517203225003,강원특별자치도 홍천군 영귀미면 공작산로,473,5,4272035021107940003011310,,강원특별자치도 홍천군 영귀미면 공작산로 473-5,250893,25154,,,,127.932443921498,37.6785203381341
MA010120220804607233,동원케미칼,,G2,소매,G221,기타 상품 소매,G22199,그 외 기타 상품 전문 소매업,G47859,그 외 기타 분류 안된 상품 전문 소매업,27,대구광역시,27290,달서구,27290571,용산1동,2729011100,용산동,2729011100109230003,1,대지,923,3,대구광역시 달서구 용산동 923-3,272904241451,대구광역시 달서구 용산큰못1길,16,,2729011100109230003003075,진성빌라,대구광역시 달서구 용산큰못1길 16,704936,42624,,,,128.526497335685,35.8592186172763
MA010120220804593689,홍천불교사,,G2,소매,G221,기타 상품 소매,G22199,그 외 기타 상품 전문 소매업,G47859,그 외 기타 분류 안된 상품 전문 소매업,51,강원특별자치도,51720,홍천군,51720250,홍천읍,5172025022,홍천읍,5172025022100140006,1,대지,14,6,강원특별자치도 홍천군 홍천읍 신장대리 14-6,517203225055,강원특별자치도 홍천군 홍천읍 번영로,61,,4272025022100140006040107,,강원특별자치도 홍천군 홍천읍 번영로 61,250805,25138,,,,127.887130159222,37.6904561371681
MA010120220804607429,승재,,G2,소매,G221,기타 상품 소매,G22199,그 외 기타 상품 전문 소매업,G47859,그 외 기타 분류 안된 상품 전문 소매업,41,경기도,41450,하남시,41450560,덕풍3동,4145010800,덕풍동,4145010800108330000,1,대지,833,,경기도 하남시 덕풍동 833,414502000019,경기도 하남시 미사대로,540,,4145010800108330000000001,한강미사2차,경기도 하남시 미사대로 540,465013,12925,,,,127.206105793244,37.557591225128
MA010120220804640332,강원농약마트,,G2,소매,G221,기타 상품 소매,G22199,그 외 기타 상품 전문 소매업,G47859,그 외 기타 분류 안된 상품 전문 소매업,51,강원특별자치도,51130,원주시,51130515,중앙동,5113010200,평원동,5113010200103100011,1,대지,310,11,강원특별자치도 원주시 평원동 310-11,511303219056,강원특별자치도 원주시 평원로,42,,4213010200103100012008304,,강원특별자치도 원주시 평원로 42,220010,26430,,,,127.952144949317,37.3500038632796
MA010120220804618388,유성화공농약,,G2,소매,G221,기타 상품 소매,G22199,그 외 기타 상품 전문 소매업,G47859,그 외 기타 분류 안된 상품 전문 소매업,51,강원특별자치도,51130,원주시,51130515,중앙동,5113010100,중앙동,5113010100100540002,1,대지,54,2,강원특별자치도 원주시 중앙동 54-2,511303219066,강원특별자치도 원주시 중앙로,150,,4213010100100540001012092,,강원특별자치도 원주시 중앙로 150,220903,26428,,,,127.949274627547,37.3515045662723
MA010120220804624048,핑크러브,,G2,소매,G221,기타 상품 소매,G22199,그 외 기타 상품 전문 소매업,G47859,그 외 기타 분류 안된 상품 전문 소매업,51,강원특별자치도,51130,원주시,51130600,우산동,5113011100,우산동,5113011100100910016,1,대지,91,16,강원특별자치도 원주시 우산동 91-16,511304457286,강원특별자치도 원주시 북원로2475번길,16,5,4213011100100910016016404,,강원특별자치도 원주시 북원로2475번길 16-5,220952,26343,,,,127.93886952612,37.366066609852
MA010120220804633468,현대프라자,,G2,소매,G221,기타 상품 소매,G22199,그 외 기타 상품 전문 소매업,G47859,그 외 기타 분류 안된 상품 전문 소매업,41,경기도,41220,평택시,41220610,통복동,4122011400,통복동,4122011400101110009,1,대지,111,9,경기도 평택시 통복동 111-9,412203188122,경기도 평택시 평택로,94,,4122011400101110009015476,,경기도 평택시 평택로 94,450040,17911,,,,127.083972161655,36.9949246346917
MA010120220804625909,광성불교사,,G2,소매,G221,기타 상품 소매,G22199,그 외 기타 상품 전문 소매업,G47859,그 외 기타 분류 안된 상품 전문 소매업,51,강원특별자치도,51130,원주시,51130530,개운동,5113010500,개운동,5113010500103880009,1,대지,388,9,강원특별자치도 원주시 개운동 388-9,511304457156,강원특별자치도 원주시 도말리길,88,,4213010500103880009002867,,강원특별자치도 원주시 도말리길 88,220931,26443,,,,127.957282213798,37.343060769988
MA010120220804633541,이오스메디케어,,G2,소매,G221,기타 상품 소매,G22199,그 외 기타 상품 전문 소매업,G47859,그 외 기타 분류 안된 상품 전문 소매업,51,강원특별자치도,51130,원주시,51130250,문막읍,5113025029,문막읍,5113025029101010000,1,대지,101,,강원특별자치도 원주시 문막읍 반계리 101,511303219041,강원특별자치도 원주시 문막읍 원문로,2146,,4213025029101010000000001,,강원특별자치도 원주시 문막읍 원문로 2146,220805,26361,,,,127.796212333996,37.2993481913203
MA010120220804640794,대림，소방，전기,,G2,소매,G221,기타 상품 소매,G22199,그 외 기타 상품 전문 소매업,G47859,그 외 기타 분류 안된 상품 전문 소매업,51,강원특별자치도,51130,원주시,51130550,단구동,5113010700,단구동,5113010700105890003,1,대지,589,3,강원특별자치도 원주시 단구동 589-3,511303219013,강원특별자치도 원주시 단구로,271,,4213010700105890003005035,,강원특별자치도 원주시 단구로 271,220942,26446,,,,127.956406729213,37.330976464769
MA010120220804631810,치악총포,,G2,소매,G221,기타 상품 소매,G22199,그 외 기타 상품 전문 소매업,G47859,그 외 기타 분류 안된 상품 전문 소매업,51,강원특별자치도,51130,원주시,51130590,단계동,5113011000,단계동,5113011000100880009,1,대지,88,9,강원특별자치도 원주시 단계동 88-9,511304457474,강원특별자치도 원주시 원문로100번길,2,35,4213011000100880009023365,,강원특별자치도 원주시 원문로100번길 2-35,220935,26407,,,,127.936625158904,37.358056538238
MA010120220804641133,도장플러스,,G2,소매,G221,기타 상품 소매,G22199,그 외 기타 상품 전문 소매업,G47859,그 외 기타 분류 안된 상품 전문 소매업,51,강원특별자치도,51130,원주시,51130590,단계동,5113011000,단계동,5113011000108060001,1,대지,806,1,강원특별자치도 원주시 단계동 806-1,511303219026,강원특별자치도 원주시 봉화로,124,,4213011000108060001022093,현진아파트,강원특별자치도 원주시 봉화로 124,220100,26410,,1,,127.928513541777,37.3556247339912
MA010120220804641150,센스모원주지점,,G2,소매,G221,기타 상품 소매,G22199,그 외 기타 상품 전문 소매업,G47422,의복 액세서리 및 모조 장신구 소매업,51,강원특별자치도,51130,원주시,51130660,무실동,5113011500,무실동,5113011500118800005,1,대지,1880,5,강원특별자치도 원주시 무실동 1880-5,511304517927,강원특별자치도 원주시 솔우물2길,25,1,4213011500118800005000001,정원빌딩,강원특별자치도 원주시 솔우물2길 25-1,220150,26394,,,,127.930693536078,37.3264963330389
MA010120220804642975,애마성인용품,,G2,소매,G221,기타 상품 소매,G22199,그 외 기타 상품 전문 소매업,G47859,그 외 기타 분류 안된 상품 전문 소매업,51,강원특별자치도,51130,원주시,51130515,중앙동,5113010200,평원동,5113010200103800013,1,대지,380,13,강원특별자치도 원주시 평원동 380-13,511303219056,강원특별자치도 원주시 평원로,4,,4213010200103800013012355,,강원특별자치도 원주시 평원로 4,220010,26430,,,,127.954103834772,37.3478346989335
MA010120220804622906,강원농자재,,G2,소매,G221,기타 상품 소매,G22199,그 외 기타 상품 전문 소매업,G47859,그 외 기타 분류 안된 상품 전문 소매업,51,강원특별자치도,51730,횡성군,51730320,안흥면,5173032021,안흥면,5173032021101330023,1,대지,133,23,강원특별자치도 횡성군 안흥면 안흥리 133-23,517303226093,강원특별자치도 횡성군 안흥면 강변로,29,,4273032021101330001000001,,강원특별자치도 횡성군 안흥면 강변로 29,225821,25271,,,,128.163394831104,37.422355051762
MA010120220804647601,신태사박스,,G2,소매,G221,기타 상품 소매,G22199,그 외 기타 상품 전문 소매업,G47859,그 외 기타 분류 안된 상품 전문 소매업,51,강원특별자치도,51730,횡성군,51730330,둔내면,5173033028,둔내면,5173033028100520002,1,대지,52,2,강원특별자치도 횡성군 둔내면 석문리 52-2,517304478278,강원특별자치도 횡성군 둔내면 석문길,196,,4273033028100520001032683,,강원특별자치도 횡성군 둔내면 석문길 196,225833,25260,,,,128.233652505882,37.5484068476379
MA010120220804620912,미로인,,G2,소매,G221,기타 상품 소매,G22199,그 외 기타 상품 전문 소매업,G47859,그 외 기타 분류 안된 상품 전문 소매업,51,강원특별자치도,51130,원주시,51130635,봉산동,5113011300,봉산동,5113011300111880007,1,대지,1188,7,강원특별자치도 원주시 봉산동 1188-7,511304457659,강원특별자치도 원주시 현석길,25,,4213011300111880007006606,,강원특별자치도 원주시 현석길 25,220950,26331,,1,,127.965755991543,37.3429648639914
MA010120220804648096,이브성인용품소매점,,G2,소매,G221,기타 상품 소매,G22199,그 외 기타 상품 전문 소매업,G47859,그 외 기타 분류 안된 상품 전문 소매업,51,강원특별자치도,51130,원주시,51130320,호저면,5113032025,호저면,5113032025109730000,1,대지,973,,강원특별자치도 원주시 호저면 만종리 973,511303219041,강원특별자치도 원주시 호저면 원문로,686,1,4213032025109730000000001,,강원특별자치도 원주시 호저면 원문로 686-1,220924,26348,,,,127.896907099049,37.3506157969435
MA010120220804650227,지성한약방,,G2,소매,G221,기타 상품 소매,G22199,그 외 기타 상품 전문 소매업,G47859,그 외 기타 분류 안된 상품 전문 소매업,51,강원특별자치도,51130,원주시,51130390,신림면,5113039025,신림면,5113039025101400002,1,대지,140,2,강원특별자치도 원주시 신림면 성남리 140-2,511303219078,강원특별자치도 원주시 신림면 성남로,35,,4213039025101400002000001,,강원특별자치도 원주시 신림면 성남로 35,220863,26506,,,,128.085281683101,37.2477207256118
MA010120220804625172,에스성인용품,,G2,소매,G221,기타 상품 소매,G22199,그 외 기타 상품 전문 소매업,G47859,그 외 기타 분류 안된 상품 전문 소매업,51,강원특별자치도,51130,원주시,51130590,단계동,5113011000,단계동,5113011000107800015,1,대지,780,15,강원특별자치도 원주시 단계동 780-15,511303219013,강원특별자치도 원주시 단구로,7,,4213011000107800015022938,,강원특별자치도 원주시 단구로 7,220937,26424,,,,127.935204184322,37.3472378022085
MA010120220804625193,보화당한약방,,G2,소매,G221,기타 상품 소매,G22199,그 외 기타 상품 전문 소매업,G47859,그 외 기타 분류 안된 상품 전문 소매업,51,강원특별자치도,51130,원주시,51130560,일산동,5113010800,일산동,5113010800101540338,1,대지,154,338,강원특별자치도 원주시 일산동 154-338,511303219022,강원특별자치도 원주시 무실로,90,,4213010800101540339010976,,강원특별자치도 원주시 무실로 90,220956,26427,,,,127.944615888951,37.3453970650472
MA010120220804628711,고려홍삼,,G2,소매,G221,기타 상품 소매,G22199,그 외 기타 상품 전문 소매업,G47859,그 외 기타 분류 안된 상품 전문 소매업,48,경상남도,48330,양산시,48330515,양주동,4833010300,중부동,4833010300104200008,1,대지,420,8,경상남도 양산시 중부동 420-8,483304814744,경상남도 양산시 장터4길,16,11,4833010300104200008006195,,경상남도 양산시 장터4길 16-11,626050,50621,,,,129.036581037354,35.3428328471465
MA010120220804632643,자비불교사,,G2,소매,G221,기타 상품 소매,G22199,그 외 기타 상품 전문 소매업,G47859,그 외 기타 분류 안된 상품 전문 소매업,51,강원특별자치도,51130,원주시,51130515,중앙동,5113010100,중앙동,5113010100100680000,1,대지,68,,강원특별자치도 원주시 중앙동 68,511304457563,강원특별자치도 원주시 중앙시장길,32,4,4213010100100680000012243,,강원특별자치도 원주시 중앙시장길 32-4,220903,26428,,,,127.950547042129,37.3503771130988
MA010120220804625347,센스모,,G2,소매,G221,기타 상품 소매,G22199,그 외 기타 상품 전문 소매업,G47422,의복 액세서리 및 모조 장신구 소매업,51,강원특별자치도,51150,강릉시,51150571,포남1동,5115011100,포남동,5115011100110920003,1,대지,1092,3,강원특별자치도 강릉시 포남동 1092-3,511503220001,강원특별자치도 강릉시 가작로,246,,4215011100110920003010751,,강원특별자치도 강릉시 가작로 246,210954,25488,,2,,128.901910334784,37.7702683179322
MA010120220804627138,황제불교전시관,,G2,소매,G221,기타 상품 소매,G22199,그 외 기타 상품 전문 소매업,G47859,그 외 기타 분류 안된 상품 전문 소매업,51,강원특별자치도,51130,원주시,51130515,중앙동,5113010900,학성동,5113010900102120009,1,대지,212,9,강원특별자치도 원주시 학성동 212-9,511303219043,강원특별자치도 원주시 원일로,162,2,4213010900103120009017916,,강원특별자치도 원주시 원일로 162-2,220963,26415,,1,,127.946877948105,37.3529833893614
MA010120220804678339,미래안전공사,,G2,소매,G221,기타 상품 소매,G22199,그 외 기타 상품 전문 소매업,G47859,그 외 기타 분류 안된 상품 전문 소매업,51,강원특별자치도,51770,정선군,51770256,사북읍,5177025622,사북읍,5177025622103560238,1,대지,356,238,강원특별자치도 정선군 사북읍 사북리 356-238,517704487172,강원특별자치도 정선군 사북읍 사북1길,49,6,4277025622103560238000001,,강원특별자치도 정선군 사북읍 사북1길 49-6,233901,26152,,,,128.8147845835,37.228326191064
MA010120220804653041,횡성불교사,,G2,소매,G221,기타 상품 소매,G22199,그 외 기타 상품 전문 소매업,G47859,그 외 기타 분류 안된 상품 전문 소매업,51,강원특별자치도,51730,횡성군,51730250,횡성읍,5173025022,횡성읍,5173025022103110000,1,대지,311,,강원특별자치도 횡성군 횡성읍 읍하리 311,517303226080,강원특별자치도 횡성군 횡성읍 태기로,2,,4273025022103090001022142,,강원특별자치도 횡성군 횡성읍 태기로 2,225808,25233,,1,,127.983961814723,37.4908464576488
MA010120220804679928,최가네농원,,G2,소매,G221,기타 상품 소매,G22199,그 외 기타 상품 전문 소매업,G47859,그 외 기타 분류 안된 상품 전문 소매업,51,강원특별자치도,51750,영월군,51750250,영월읍,5175025028,영월읍,5175025028100950000,1,대지,95,,강원특별자치도 영월군 영월읍 연하리 95,517504481009,강원특별자치도 영월군 영월읍 계사동길,145,4,4275025028100950000020547,,강원특별자치도 영월군 영월읍 계사동길 145-4,230809,26230,,,,128.573883401816,37.1810045663626
MA010120220804679950,경원상사,,G2,소매,G221,기타 상품 소매,G22199,그 외 기타 상품 전문 소매업,G47859,그 외 기타 분류 안된 상품 전문 소매업,51,강원특별자치도,51770,정선군,51770259,신동읍,5177025923,신동읍,5177025923100060097,1,대지,6,97,강원특별자치도 정선군 신동읍 조동리 6-97,517703229027,강원특별자치도 정선군 신동읍 함백로,541,4,4277025923100060097002039,,강원특별자치도 정선군 신동읍 함백로 541-4,233827,26140,,,,128.692030342992,37.214620892497
MA010120220804653629,온누리상사,,G2,소매,G221,기타 상품 소매,G22199,그 외 기타 상품 전문 소매업,G47859,그 외 기타 분류 안된 상품 전문 소매업,52,전북특별자치도,52770,순창군,52770250,순창읍,5277025026,순창읍,5277025026106590024,1,대지,659,24,전북특별자치도 순창군 순창읍 교성리 659-24,527703278016,전북특별자치도 순창군 순창읍 남계로,14,,4577025026106590024000001,,전북특별자치도 순창군 순창읍 남계로 14,595802,56049,,,,127.14372031785,35.3677499937062
MA010120220804668116,장백,,G2,소매,G221,기타 상품 소매,G22199,그 외 기타 상품 전문 소매업,G47859,그 외 기타 분류 안된 상품 전문 소매업,51,강원특별자치도,51130,원주시,51130370,흥업면,5113037024,흥업면,5113037024109110000,1,대지,911,,강원특별자치도 원주시 흥업면 대안리 911,511304457146,강원특별자치도 원주시 흥업면 대안은행정길,99,,4213037024109100003000001,,강원특별자치도 원주시 흥업면 대안은행정길 99,220841,26492,,2,,127.88807274177,37.3019561710253
MA010120220804676946,주천영림단,,G2,소매,G221,기타 상품 소매,G22199,그 외 기타 상품 전문 소매업,G47859,그 외 기타 분류 안된 상품 전문 소매업,51,강원특별자치도,51750,영월군,51750360,주천면,5175036021,주천면,5175036021112410011,1,대지,1241,11,강원특별자치도 영월군 주천면 주천리 1241-11,517503227019,강원특별자치도 영월군 주천면 주천로,89,,4275036021112400001007232,,강원특별자치도 영월군 주천면 주천로 89,230854,26203,,,,128.268290831866,37.2711653244392
MA010120220804677102,항곤,,G2,소매,G221,기타 상품 소매,G22199,그 외 기타 상품 전문 소매업,G47859,그 외 기타 분류 안된 상품 전문 소매업,51,강원특별자치도,51750,영월군,51750250,영월읍,5175025024,영월읍,5175025024103420005,1,대지,342,5,강원특별자치도 영월군 영월읍 덕포리 342-5,517504481224,강원특별자치도 영월군 영월읍 중리2길,114,1,4275025024103420005021368,,강원특별자치도 영월군 영월읍 중리2길 114-1,230802,26229,,,,128.484955130961,37.1812247008882
MA010120220804670631,법인백작,,G2,소매,G221,기타 상품 소매,G22199,그 외 기타 상품 전문 소매업,G47859,그 외 기타 분류 안된 상품 전문 소매업,44,충청남도,44210,서산시,44210380,운산면,4421038038,운산면,4421038038102960015,1,대지,296,15,충청남도 서산시 운산면 원벌리 296-15,442104562056,충청남도 서산시 운산면 거성원벌길,58,14,4421038038102960015042993,,충청남도 서산시 운산면 거성원벌길 58-14,356831,31948,,,,126.558021140279,36.7691556683917
MA010120220804675801,고려공예사,,G2,소매,G221,기타 상품 소매,G22199,그 외 기타 상품 전문 소매업,G47859,그 외 기타 분류 안된 상품 전문 소매업,51,강원특별자치도,51750,영월군,51750250,영월읍,5175025024,영월읍,5175025024101960003,1,대지,196,3,강원특별자치도 영월군 영월읍 덕포리 196-3,517503227017,강원특별자치도 영월군 영월읍 영월로,2282,,4275025024101960004025194,,강원특별자치도 영월군 영월읍 영월로 2282,230802,26229,,,,128.498347591368,37.1825696969705
MA010120220804674695,산삼과약초마을,,G2,소매,G221,기타 상품 소매,G22199,그 외 기타 상품 전문 소매업,G47859,그 외 기타 분류 안된 상품 전문 소매업,51,강원특별자치도,51770,정선군,51770259,신동읍,5177025923,신동읍,5177025923102000006,1,대지,200,6,강원특별자치도 정선군 신동읍 조동리 200-6,517703229027,강원특별자치도 정선군 신동읍 함백로,322,1,4277025923102000006004298,,강원특별자치도 정선군 신동읍 함백로 322-1,233827,26141,,,,128.669866399612,37.2153769778321
MA010120220804656486,제창한약방,,G2,소매,G221,기타 상품 소매,G22199,그 외 기타 상품 전문 소매업,G47859,그 외 기타 분류 안된 상품 전문 소매업,51,강원특별자치도,51130,원주시,51130360,귀래면,5113036021,귀래면,5113036021105560032,1,대지,556,32,강원특별자치도 원주시 귀래면 운남리 556-32,511303219073,강원특별자치도 원주시 귀래면 북원로,90,,4213036021105560032027903,,강원특별자치도 원주시 귀래면 북원로 90,220853,26503,,,,127.884810811821,37.1687020970354
MA010120220804659559,핑퐁팡,,G2,소매,G221,기타 상품 소매,G22199,그 외 기타 상품 전문 소매업,G47859,그 외 기타 분류 안된 상품 전문 소매업,11,서울특별시,11440,마포구,11440690,망원1동,1144012300,망원동,1144012300103380001,1,대지,338,1,서울특별시 마포구 망원동 338-1,114403113024,서울특별시 마포구 포은로,68,,1144012300103380001013622,오른쪽,서울특별시 마포구 포은로 68,121820,04018,,2,,126.906329164453,37.5532560033337
MA010120220804675993,동우씨엠,,G2,소매,G221,기타 상품 소매,G22199,그 외 기타 상품 전문 소매업,G47859,그 외 기타 분류 안된 상품 전문 소매업,51,강원특별자치도,51770,정선군,51770250,정선읍,5177025022,정선읍,5177025022106230001,1,대지,623,1,강원특별자치도 정선군 정선읍 북실리 623-1,517704487156,강원특별자치도 정선군 정선읍 북실안길,43,,4277025022106230001000001,,강원특별자치도 정선군 정선읍 북실안길 43,233807,26135,,,,128.650599905004,37.3756985660304
MA010120220804677552,웰빙약초마을,,G2,소매,G221,기타 상품 소매,G22199,그 외 기타 상품 전문 소매업,G47859,그 외 기타 분류 안된 상품 전문 소매업,51,강원특별자치도,51770,정선군,51770250,정선읍,5177025026,정선읍,5177025026105260001,1,대지,526,1,강원특별자치도 정선군 정선읍 덕우리 526-1,517703229021,강원특별자치도 정선군 정선읍 소금강로,1,,4277025026105260000030697,,강원특별자치도 정선군 정선읍 소금강로 1,233808,26124,,,,128.719928805491,37.3550793716122
MA010120220804679158,세종바이오,,G2,소매,G221,기타 상품 소매,G22199,그 외 기타 상품 전문 소매업,G47859,그 외 기타 분류 안된 상품 전문 소매업,51,강원특별자치도,51770,정선군,51770320,남면,5177032021,남면,5177032021102550000,1,대지,255,,강원특별자치도 정선군 남면 문곡리 255,517704487313,강원특별자치도 정선군 남면 자미원길,344,,4277032021102550000007548,,강원특별자치도 정선군 남면 자미원길 344,233835,26145,,,,128.734052240258,37.2413564002184
MA010120220804682627,대영,,G2,소매,G221,기타 상품 소매,G22199,그 외 기타 상품 전문 소매업,G47859,그 외 기타 분류 안된 상품 전문 소매업,11,서울특별시,11740,강동구,11740515,강일동,1174011000,강일동,1174011000106770000,1,대지,677,,서울특별시 강동구 강일동 677,117404172209,서울특별시 강동구 아리수로91길,24,9,1174011000100000000000001,,서울특별시 강동구 아리수로91길 24-9,134100,05211,,,,127.173438478454,37.5653742735778
MA010120220804682823,함안광고기획,,G2,소매,G221,기타 상품 소매,G22199,그 외 기타 상품 전문 소매업,G47859,그 외 기타 분류 안된 상품 전문 소매업,48,경상남도,48730,함안군,48730250,가야읍,4873025021,가야읍,4873025021102890002,1,대지,289,2,경상남도 함안군 가야읍 말산리 289-2,487304820513,경상남도 함안군 가야읍 중앙본길,4,9,4873025021102890002024980,,경상남도 함안군 가야읍 중앙본길 4-9,637805,52050,,,,128.410603463528,35.2714875603802
MA010120220804652482,미광흥해,대리점,G2,소매,G221,기타 상품 소매,G22199,그 외 기타 상품 전문 소매업,G47859,그 외 기타 분류 안된 상품 전문 소매업,47,경상북도,47113,포항시 북구,47113250,흥해읍,4711325039,흥해읍,4711325039107500001,1,대지,750,1,경상북도 포항시 북구 흥해읍 덕장리 750-1,471134712115,경상북도 포항시 북구 흥해읍 덕실마을길174번길,55,,4711325039107500001041499,,경상북도 포항시 북구 흥해읍 덕실마을길174번길 55,791945,37531,,,,129.336086905418,36.1389454848922
MA010120220804677735,정선약초,백화점,G2,소매,G221,기타 상품 소매,G22199,그 외 기타 상품 전문 소매업,G47859,그 외 기타 분류 안된 상품 전문 소매업,51,강원특별자치도,51770,정선군,51770250,정선읍,5177025024,정선읍,5177025024105920008,1,대지,592,8,강원특별자치도 정선군 정선읍 애산리 592-8,517703229007,강원특별자치도 정선군 정선읍 녹송로,11,,4277025024105920004035600,호,강원특별자치도 정선군 정선읍 녹송로 11,233808,26125,,,,128.672310682725,37.3783304960957
MA010120220804680871,강원인장포,,G2,소매,G221,기타 상품 소매,G22199,그 외 기타 상품 전문 소매업,G47859,그 외 기타 분류 안된 상품 전문 소매업,51,강원특별자치도,51770,정선군,51770250,정선읍,5177025021,정선읍,5177025021103290006,1,대지,329,6,강원특별자치도 정선군 정선읍 봉양리 329-6,517703229023,강원특별자치도 정선군 정선읍 정선로,1333,,4277025021103290006011433,,강원특별자치도 정선군 정선읍 정선로 1333,233804,26131,,,,128.662077060851,37.3796189729085
MA010120220804683276,더에코,,G2,소매,G221,기타 상품 소매,G22199,그 외 기타 상품 전문 소매업,G47859,그 외 기타 분류 안된 상품 전문 소매업,41,경기도,41135,성남시 분당구,41135640,야탑3동,4113510700,야탑동,4113510700101490010,1,대지,149,10,경기도 성남시 분당구 야탑동 149-10,411353180051,경기도 성남시 분당구 판교로,715,,4113510700101490010000001,테크노프라자,경기도 성남시 분당구 판교로 715,463816,13511,,,,127.151981134177,37.4050605417202
MA010120220804669656,유한책임회사하이모원주지점,,G2,소매,G221,기타 상품 소매,G22199,그 외 기타 상품 전문 소매업,G47422,의복 액세서리 및 모조 장신구 소매업,51,강원특별자치도,51130,원주시,51130660,무실동,5113011000,단계동,5113011000108830002,1,대지,883,2,강원특별자치도 원주시 단계동 883-2,511302219001,강원특별자치도 원주시 서원대로,190,,4213011000108830002023730,신진빌딩,강원특별자치도 원주시 서원대로 190,220939,26382,,7,,127.932395139318,37.3436740053417
MA010120220804678296,약초나라,,G2,소매,G221,기타 상품 소매,G22199,그 외 기타 상품 전문 소매업,G47859,그 외 기타 분류 안된 상품 전문 소매업,51,강원특별자치도,51770,정선군,51770250,정선읍,5177025024,정선읍,5177025024105920008,1,대지,592,8,강원특별자치도 정선군 정선읍 애산리 592-8,517703229007,강원특별자치도 정선군 정선읍 녹송로,11,,4277025024105920004035600,,강원특별자치도 정선군 정선읍 녹송로 11,233808,26125,,,,128.672310682725,37.3783304960957
MA010120220804714741,현대정보통신,,G2,소매,G221,기타 상품 소매,G22199,그 외 기타 상품 전문 소매업,G47859,그 외 기타 분류 안된 상품 전문 소매업,51,강원특별자치도,51150,강릉시,51150572,포남2동,5115011100,포남동,5115011100113120004,1,대지,1312,4,강원특별자치도 강릉시 포남동 1312-4,511504460998,강원특별자치도 강릉시 하평3길,11,,4215011100113120004010122,,강원특별자치도 강릉시 하평3길 11,210953,25569,,5,,128.916903215648,37.7703315846867
MA010120220804700472,핑크러브,,G2,소매,G221,기타 상품 소매,G22199,그 외 기타 상품 전문 소매업,G47859,그 외 기타 분류 안된 상품 전문 소매업,51,강원특별자치도,51170,동해시,51170570,발한동,5117011100,발한동,5117011100100340005,1,대지,34,5,강원특별자치도 동해시 발한동 34-5,511703221018,강원특별자치도 동해시 발한로,205,,4217011100000340005015701,,강원특별자치도 동해시 발한로 205,240804,25720,,1,,129.108560375976,37.5479579513769
MA010120220804702550,체이스,,G2,소매,G221,기타 상품 소매,G22199,그 외 기타 상품 전문 소매업,G47859,그 외 기타 분류 안된 상품 전문 소매업,51,강원특별자치도,51150,강릉시,51150560,교2동,5115011000,교동,5115011000101460003,1,대지,146,3,강원특별자치도 강릉시 교동 146-3,511503220032,강원특별자치도 강릉시 율곡로,2862,,4215011000101460003012341,,강원특별자치도 강릉시 율곡로 2862,210920,25551,,,,128.896300069519,37.758999156837
MA010120220804704708,싱싱냉동,,G2,소매,G221,기타 상품 소매,G22199,그 외 기타 상품 전문 소매업,G47859,그 외 기타 분류 안된 상품 전문 소매업,51,강원특별자치도,51150,강릉시,51150250,주문진읍,5115025022,주문진읍,5115025022107500008,1,대지,750,8,강원특별자치도 강릉시 주문진읍 교항리 750-8,511503220020,강원특별자치도 강릉시 주문진읍 신리천로,119,14,4215025022107500008000001,,강원특별자치도 강릉시 주문진읍 신리천로 119-14,210801,25416,,,,128.81862257588,37.8798648513029
MA010120220804708654,중앙불교사,,G2,소매,G221,기타 상품 소매,G22199,그 외 기타 상품 전문 소매업,G47859,그 외 기타 분류 안된 상품 전문 소매업,51,강원특별자치도,51150,강릉시,51150520,중앙동,5115010800,성남동,5115010800100510001,1,대지,51,1,강원특별자치도 강릉시 성남동 51-1,511503220032,강원특별자치도 강릉시 율곡로,2789,,4215010800100510001001294,중앙시장,강원특별자치도 강릉시 율곡로 2789,210050,25542,,1,,128.901141318706,37.7539755123983
MA010120220804710889,강릉불교사,,G2,소매,G221,기타 상품 소매,G22199,그 외 기타 상품 전문 소매업,G47859,그 외 기타 분류 안된 상품 전문 소매업,51,강원특별자치도,51150,강릉시,51150550,교1동,5115011000,교동,5115011000109240001,1,대지,924,1,강원특별자치도 강릉시 교동 924-1,511502220001,강원특별자치도 강릉시 강릉대로,159,,4215011000109240001000001,,강원특별자치도 강릉시 강릉대로 159,210924,25505,,,,128.887840521426,37.7574144071671
MA010120220804713520,진부농약사,,G2,소매,G221,기타 상품 소매,G22199,그 외 기타 상품 전문 소매업,G47859,그 외 기타 분류 안된 상품 전문 소매업,51,강원특별자치도,51760,평창군,51760360,진부면,5176036021,진부면,5176036021100420008,1,대지,42,8,강원특별자치도 평창군 진부면 하진부리 42-8,517603228025,강원특별자치도 평창군 진부면 진부중앙로,145,1,4276036021100420008031286,,강원특별자치도 평창군 진부면 진부중앙로 145-1,232948,25326,,,,128.561444992264,37.6435990747582
MA010120220804719580,원샷비료,대리점,G2,소매,G221,기타 상품 소매,G22199,그 외 기타 상품 전문 소매업,G47859,그 외 기타 분류 안된 상품 전문 소매업,51,강원특별자치도,51760,평창군,51760360,진부면,5176036021,진부면,5176036021103050004,1,대지,305,4,강원특별자치도 평창군 진부면 하진부리 305-4,517604484220,강원특별자치도 평창군 진부면 솔천길,28,,4276036021103050004017320,,강원특별자치도 평창군 진부면 솔천길 28,232948,25333,,1,,128.553050125679,37.6343675782875
MA010120220804707109,정선골농산물,,G2,소매,G221,기타 상품 소매,G22199,그 외 기타 상품 전문 소매업,G47859,그 외 기타 분류 안된 상품 전문 소매업,51,강원특별자치도,51770,정선군,51770320,남면,5177032022,남면,5177032022107880016,1,대지,788,16,강원특별자치도 정선군 남면 무릉리 788-16,517703013042,강원특별자치도 정선군 남면 강원남로,5242,,4277032022107880008007887,,강원특별자치도 정선군 남면 강원남로 5242,233837,26148,,,,128.779079514191,37.253220191766
MA010120220804721704,소방나라,,G2,소매,G221,기타 상품 소매,G22199,그 외 기타 상품 전문 소매업,G47859,그 외 기타 분류 안된 상품 전문 소매업,41,경기도,41150,의정부시,41150615,흥선동,4115011000,가능동,4115011000107200016,1,대지,720,16,경기도 의정부시 가능동 720-16,411503181037,경기도 의정부시 의정로,137,1,4115011000107200016002977,,경기도 의정부시 의정로 137-1,480812,11661,,지,,127.034424304129,37.7452696493975
MA010120220804697942,통영불교전시관,,G2,소매,G221,기타 상품 소매,G22199,그 외 기타 상품 전문 소매업,G47859,그 외 기타 분류 안된 상품 전문 소매업,48,경상남도,48220,통영시,48220590,정량동,4822010800,동호동,4822010800102180023,1,대지,218,23,경상남도 통영시 동호동 218-23,482204799503,경상남도 통영시 해송정4길,23,,4822010800102180023000001,,경상남도 통영시 해송정4길 23,650806,53051,,,,128.42924717749,34.8435218361542
MA010120220804703459,한거름,,G2,소매,G221,기타 상품 소매,G22199,그 외 기타 상품 전문 소매업,G47859,그 외 기타 분류 안된 상품 전문 소매업,51,강원특별자치도,51760,평창군,51760380,대관령면,5176038024,대관령면,5176038024106740012,1,대지,674,12,강원특별자치도 평창군 대관령면 횡계리 674-12,517604484215,강원특별자치도 평창군 대관령면 솔바위길,3,,4276038024106740000012227,,강원특별자치도 평창군 대관령면 솔바위길 3,232954,25343,,,,128.723330786992,37.6724521449614
MA010120220804722386,모던가발,,G2,소매,G221,기타 상품 소매,G22199,그 외 기타 상품 전문 소매업,G47422,의복 액세서리 및 모조 장신구 소매업,44,충청남도,44131,천안시 동남구,44131510,중앙동,4413110600,오룡동,4413110600101230012,1,대지,123,12,충청남도 천안시 동남구 오룡동 123-12,441313249040,충청남도 천안시 동남구 중앙로,87,1,4413110600101230012000001,,충청남도 천안시 동남구 중앙로 87-1,330030,31131,,,,127.151954605198,36.8061313972611
MA010120220804709496,풍기인삼농협강릉전시판매점,,G2,소매,G221,기타 상품 소매,G22199,그 외 기타 상품 전문 소매업,G47859,그 외 기타 분류 안된 상품 전문 소매업,51,강원특별자치도,51150,강릉시,51150572,포남2동,5115011100,포남동,5115011100113000010,1,대지,1300,10,강원특별자치도 강릉시 포남동 1300-10,511504460998,강원특별자치도 강릉시 하평3길,34,1,4215011100113000010006495,,강원특별자치도 강릉시 하평3길 34-1,210952,25565,,,,128.915542847328,37.7721463805566
MA010120220804720129,관음불교사,,G2,소매,G221,기타 상품 소매,G22199,그 외 기타 상품 전문 소매업,G47859,그 외 기타 분류 안된 상품 전문 소매업,51,강원특별자치도,51150,강릉시,51150520,중앙동,5115010800,성남동,5115010800100620008,1,대지,62,8,강원특별자치도 강릉시 성남동 62-8,511504460909,강원특별자치도 강릉시 중앙시장2길,29,,4215010800100620008000473,,강원특별자치도 강릉시 중앙시장2길 29,210050,25543,,,,128.898095318535,37.7528805544875
MA010120220804693470,명의약초,,G2,소매,G221,기타 상품 소매,G22199,그 외 기타 상품 전문 소매업,G47859,그 외 기타 분류 안된 상품 전문 소매업,51,강원특별자치도,51750,영월군,51750380,무릉도원면,5175038022,무릉도원면,5175038022100910001,1,대지,91,1,강원특별자치도 영월군 무릉도원면 법흥리 91-1,517503227009,강원특별자치도 영월군 무릉도원면 무릉법흥로,1062,3,4275038022100910001000001,,강원특별자치도 영월군 무릉도원면 무릉법흥로 1062-3,230862,26201,,,,128.278807252085,37.3516083369057
MA010120220804718197,다올,,G2,소매,G221,기타 상품 소매,G22199,그 외 기타 상품 전문 소매업,G47859,그 외 기타 분류 안된 상품 전문 소매업,51,강원특별자치도,51760,평창군,51760360,진부면,5176036023,진부면,5176036023125200001,1,대지,2520,1,강원특별자치도 평창군 진부면 송정리 2520-1,517604484227,강원특별자치도 평창군 진부면 송정택지2길,39,36,4276036023125200001018523,,강원특별자치도 평창군 진부면 송정택지2길 39-36,232946,25331,,,,128.562030533214,37.6347715213784
MA010120220804693696,수출동,,G2,소매,G221,기타 상품 소매,G22199,그 외 기타 상품 전문 소매업,G47859,그 외 기타 분류 안된 상품 전문 소매업,51,강원특별자치도,51770,정선군,51770256,사북읍,5177025621,사북읍,5177025621101860000,1,대지,186,,강원특별자치도 정선군 사북읍 직전리 186,517703229025,강원특별자치도 정선군 사북읍 직전로,751,30,4277025621101850000036405,,강원특별자치도 정선군 사북읍 직전로 751-30,233905,26149,,,,128.826469877893,37.2778682974338
MA010120220804573015,메종,,G2,소매,G221,기타 상품 소매,G22199,그 외 기타 상품 전문 소매업,G47859,그 외 기타 분류 안된 상품 전문 소매업,27,대구광역시,27710,달성군,27710259,유가읍,2771025925,유가읍,2771025925106270001,1,대지,627,1,대구광역시 달성군 유가읍 쌍계리 627-1,277104244678,대구광역시 달성군 유가읍 현풍로47길,13,,2771025925106270001000001,,대구광역시 달성군 유가읍 현풍로47길 13,711883,42989,,,,128.463908836435,35.7000935388005
MA010120220804573023,만세상회,,G2,소매,G221,기타 상품 소매,G22199,그 외 기타 상품 전문 소매업,G47859,그 외 기타 분류 안된 상품 전문 소매업,51,강원특별자치도,51230,삼척시,51230310,근덕면,5123031024,근덕면,5123031024106380004,1,대지,638,4,강원특별자치도 삼척시 근덕면 교가리 638-4,512303224019,강원특별자치도 삼척시 근덕면 삼척로,3671,1,4223031024106380004000001,,강원특별자치도 삼척시 근덕면 삼척로 3671-1,245832,25933,,,,129.225140426172,37.3821452190462
MA010120220804570829,강원생약,,G2,소매,G221,기타 상품 소매,G22199,그 외 기타 상품 전문 소매업,G47859,그 외 기타 분류 안된 상품 전문 소매업,51,강원특별자치도,51170,동해시,51170520,송정동,5117010300,송정동,5117010300108390000,1,대지,839,,강원특별자치도 동해시 송정동 839,511703221039,강원특별자치도 동해시 송정로,37,,4217010300008390000026298,,강원특별자치도 동해시 송정로 37,240806,25789,,,,129.125955299576,37.4971357428789
MA010120220804566789,만물공예전시판매장,,G2,소매,G221,기타 상품 소매,G22199,그 외 기타 상품 전문 소매업,G47859,그 외 기타 분류 안된 상품 전문 소매업,43,충청북도,43800,단양군,43800330,영춘면,4380033022,영춘면,4380033022101470005,1,대지,147,5,충청북도 단양군 영춘면 하리 147-5,438003248041,충청북도 단양군 영춘면 온달로,23,7,4380033022101470005000004,,충청북도 단양군 영춘면 온달로 23-7,395832,27020,,,,128.492784891117,37.0616923759781
MA010120220804566798,민둥산농자재마트,,G2,소매,G221,기타 상품 소매,G22199,그 외 기타 상품 전문 소매업,G47859,그 외 기타 분류 안된 상품 전문 소매업,51,강원특별자치도,51770,정선군,51770320,남면,5177032022,남면,5177032022104740014,1,대지,474,14,강원특별자치도 정선군 남면 무릉리 474-14,517703229009,강원특별자치도 정선군 남면 무릉2로,9,,4277032022104740013000313,,강원특별자치도 정선군 남면 무릉2로 9,233837,26146,,,,128.776345990031,37.2462430194815
MA010120220804574021,엠오씨,,G2,소매,G221,기타 상품 소매,G22199,그 외 기타 상품 전문 소매업,G47859,그 외 기타 분류 안된 상품 전문 소매업,41,경기도,41150,의정부시,41150580,자금동,4115010900,금오동,4115010900104700004,1,대지,470,4,경기도 의정부시 금오동 470-4,411504343342,경기도 의정부시 청사로47번길,12,,4115010900104700004019558,성산타워,경기도 의정부시 청사로47번길 12,480865,11757,,7,,127.069116398811,37.7526153194371
MA010120220804569566,칠성,불교용품점,G2,소매,G221,기타 상품 소매,G22199,그 외 기타 상품 전문 소매업,G47859,그 외 기타 분류 안된 상품 전문 소매업,51,강원특별자치도,51170,동해시,51170600,북평동,5117011200,북평동,5117011200100300001,1,대지,30,1,강원특별자치도 동해시 북평동 30-1,511703221032,강원특별자치도 동해시 전천로,309,,4217011200000300001022585,,강원특별자치도 동해시 전천로 309,240200,25813,,,,129.12522372661,37.4832939078729
MA010120220804574211,관음불교사,,G2,소매,G221,기타 상품 소매,G22199,그 외 기타 상품 전문 소매업,G47859,그 외 기타 분류 안된 상품 전문 소매업,51,강원특별자치도,51170,동해시,51170570,발한동,5117011100,발한동,5117011100102990005,1,대지,299,5,강원특별자치도 동해시 발한동 299-5,511703221018,강원특별자치도 동해시 발한로,244,,4217011100002990005017377,,강원특별자치도 동해시 발한로 244,240802,25720,,,,129.107327202475,37.5507725809538
MA010120220804572842,근덕농약사,,G2,소매,G221,기타 상품 소매,G22199,그 외 기타 상품 전문 소매업,G47859,그 외 기타 분류 안된 상품 전문 소매업,51,강원특별자치도,51230,삼척시,51230310,근덕면,5123031024,근덕면,5123031024109540000,1,대지,954,,강원특별자치도 삼척시 근덕면 교가리 954,512303224013,강원특별자치도 삼척시 근덕면 미근로,1713,95,4223031024109540000000001,,강원특별자치도 삼척시 근덕면 미근로 1713-95,245832,25933,,,,129.217810764211,37.3820397428319
MA010120220804579392,호달상사,,G2,소매,G221,기타 상품 소매,G22199,그 외 기타 상품 전문 소매업,G47859,그 외 기타 분류 안된 상품 전문 소매업,47,경상북도,47210,영주시,47210360,봉현면,4721036022,봉현면,4721036022101770001,1,대지,177,1,경상북도 영주시 봉현면 오현리 177-1,472103309047,경상북도 영주시 봉현면 오현로,42,,4721036022101770001014158,,경상북도 영주시 봉현면 오현로 42,750894,36044,,,,128.524892460947,36.8623793608208
MA010120220805917842,대명불교용품책전시관,,G2,소매,G221,기타 상품 소매,G22199,그 외 기타 상품 전문 소매업,G47859,그 외 기타 분류 안된 상품 전문 소매업,44,충청남도,44230,논산시,44230510,취암동,4423010100,화지동,4423010100100420004,1,대지,42,4,충청남도 논산시 화지동 42-4,442304565808,충청남도 논산시 중앙로492번길,23,,4423010100100420004041796,,충청남도 논산시 중앙로492번길 23,320802,32966,,,,127.085736016773,36.2072436006113
MA010120220805918361,라인농산,,G2,소매,G221,기타 상품 소매,G22199,그 외 기타 상품 전문 소매업,G47859,그 외 기타 분류 안된 상품 전문 소매업,44,충청남도,44230,논산시,44230310,성동면,4423031024,성동면,4423031024101780011,1,대지,178,11,충청남도 논산시 성동면 개척리 178-11,442303251043,충청남도 논산시 성동면 금백로,261,,4423031024101780011024396,,충청남도 논산시 성동면 금백로 261,320941,32928,,,,127.015961583845,36.1732978129216
MA010120220805918957,부여농자재,,G2,소매,G221,기타 상품 소매,G22199,그 외 기타 상품 전문 소매업,G47859,그 외 기타 분류 안된 상품 전문 소매업,44,충청남도,44760,부여군,44760250,부여읍,4476025032,부여읍,4476025032104020000,1,대지,402,,충청남도 부여군 부여읍 구교리 402,447603259115,충청남도 부여군 부여읍 성왕로,172,,4476025032104020000019595,,충청남도 부여군 부여읍 성왕로 172,323804,33144,,,,126.908017906789,36.2802809540081
MA010120220805919030,은산농약사,,G2,소매,G221,기타 상품 소매,G22199,그 외 기타 상품 전문 소매업,G47859,그 외 기타 분류 안된 상품 전문 소매업,44,충청남도,44760,부여군,44760320,은산면,4476032024,은산면,4476032024101090004,1,대지,109,4,충청남도 부여군 은산면 은산리 109-4,447603259240,충청남도 부여군 은산면 충절로,2801,1,4476032024101090004009267,,충청남도 부여군 은산면 충절로 2801-1,323824,33112,,,,126.852679581524,36.3086761069426
MA010120220805887799,불정수석경매,,G2,소매,G221,기타 상품 소매,G22199,그 외 기타 상품 전문 소매업,G47859,그 외 기타 분류 안된 상품 전문 소매업,47,경상북도,47280,문경시,47280600,점촌4동,4728010700,불정동,4728010700100890007,1,대지,89,7,경상북도 문경시 불정동 89-7,472804736307,경상북도 문경시 불정강변길,186,,4728010700100890007000001,,경상북도 문경시 불정강변길 186,745140,36987,,,,128.141371779615,36.6553994115147
MA010120220805910069,대풍농자재,,G2,소매,G221,기타 상품 소매,G22199,그 외 기타 상품 전문 소매업,G47859,그 외 기타 분류 안된 상품 전문 소매업,44,충청남도,44230,논산시,44230520,부창동,4423010300,대교동,4423010300101190002,1,대지,119,2,충청남도 논산시 대교동 119-2,442304565811,충청남도 논산시 중앙로505번길,13,9,4423010300101190002041106,,충청남도 논산시 중앙로505번길 13-9,320800,32949,,,,127.081254273582,36.2069132823606
MA010120220805911588,금강농자재,,G2,소매,G221,기타 상품 소매,G22199,그 외 기타 상품 전문 소매업,G47859,그 외 기타 분류 안된 상품 전문 소매업,44,충청남도,44760,부여군,44760310,규암면,4476031035,규암면,4476031035111250002,1,대지,1125,2,충청남도 부여군 규암면 합송리 1125-2,447603259226,충청남도 부여군 규암면 흥수로,550,,4476031035111250002031372,,충청남도 부여군 규암면 흥수로 550,323816,33120,,,,126.844817820895,36.2641113470585
MA010120220805913163,현대불교만물사,,G2,소매,G221,기타 상품 소매,G22199,그 외 기타 상품 전문 소매업,G47859,그 외 기타 분류 안된 상품 전문 소매업,44,충청남도,44760,부여군,44760250,부여읍,4476025030,부여읍,4476025030101330021,1,대지,133,21,충청남도 부여군 부여읍 관북리 133-21,447603259115,충청남도 부여군 부여읍 성왕로,232,,4476025030101330021004372,,충청남도 부여군 부여읍 성왕로 232,323803,33147,,1,,126.912912269025,36.2830152270828
MA010120220805913167,금풍농약사,,G2,소매,G221,기타 상품 소매,G22199,그 외 기타 상품 전문 소매업,G47859,그 외 기타 분류 안된 상품 전문 소매업,44,충청남도,44760,부여군,44760350,구룡면,4476035025,구룡면,4476035025100980009,1,대지,98,9,충청남도 부여군 구룡면 논티리 98-9,447603259015,충청남도 부여군 구룡면 구룡로,388,,4476035025100980009035523,,충청남도 부여군 구룡면 구룡로 388,323832,33192,,,,126.807206828259,36.2451225542077
MA010120220805919677,휴대폰용품점,,G2,소매,G221,기타 상품 소매,G22199,그 외 기타 상품 전문 소매업,G47422,의복 액세서리 및 모조 장신구 소매업,44,충청남도,44230,논산시,44230510,취암동,4423010500,취암동,4423010500110400017,1,대지,1040,17,충청남도 논산시 취암동 1040-17,442303000095,충청남도 논산시 계백로,1006,1,4423010500110400017051153,,충청남도 논산시 계백로 1006-1,320802,32974,,,,127.088734240913,36.2035194489661
MA010120220805919704,논산농약마트,,G2,소매,G221,기타 상품 소매,G22199,그 외 기타 상품 전문 소매업,G47859,그 외 기타 분류 안된 상품 전문 소매업,44,충청남도,44230,논산시,44230520,부창동,4423010300,대교동,4423010300101190001,1,대지,119,1,충청남도 논산시 대교동 119-1,442304565216,충청남도 논산시 대화로41번길,5,,4423010300101190001041874,,충청남도 논산시 대화로41번길 5,320800,32949,,1,,127.081243330501,36.2070845182271
MA010120220805911731,웰컴,,G2,소매,G221,기타 상품 소매,G22199,그 외 기타 상품 전문 소매업,G47859,그 외 기타 분류 안된 상품 전문 소매업,44,충청남도,44230,논산시,44230510,취암동,4423010900,내동,4423010900109430000,1,대지,943,,충청남도 논산시 내동 943,442304565532,충청남도 논산시 시민로210번길,14,17,4423010900109430000048418,,충청남도 논산시 시민로210번길 14-17,320804,32989,,,,127.098663173321,36.1851181006798
MA010120220805920753,함북농자재,,G2,소매,G221,기타 상품 소매,G22199,그 외 기타 상품 전문 소매업,G47859,그 외 기타 분류 안된 상품 전문 소매업,44,충청남도,44230,논산시,44230520,부창동,4423010300,대교동,4423010300103260004,1,대지,326,4,충청남도 논산시 대교동 326-4,442303255009,충청남도 논산시 대화로,39,,4423010300103260004042079,,충청남도 논산시 대화로 39,320801,32949,,,,127.08135419547,36.2067600100858
MA010120220805920931,춘풍농자재산업,,G2,소매,G221,기타 상품 소매,G22199,그 외 기타 상품 전문 소매업,G47859,그 외 기타 분류 안된 상품 전문 소매업,44,충청남도,44230,논산시,44230330,노성면,4423033024,노성면,4423033024100730004,1,대지,73,4,충청남도 논산시 노성면 교촌리 73-4,442303255008,충청남도 논산시 노성면 노성로,638,,4423033024100730003035950,,충청남도 논산시 노성면 노성로 638,320922,32903,,,,127.135533654746,36.2791851326322
MA010120220805921240,아그리젠토충남지사,,G2,소매,G221,기타 상품 소매,G22199,그 외 기타 상품 전문 소매업,G47859,그 외 기타 분류 안된 상품 전문 소매업,44,충청남도,44250,계룡시,44250315,엄사면,4425031521,엄사면,4425031521102950001,1,대지,295,1,충청남도 계룡시 엄사면 엄사리 295-1,442504568057,충청남도 계룡시 엄사면 전원3길,13,2,4425031521102950001003510,,충청남도 계룡시 엄사면 전원3길 13-2,321931,32815,,,,127.235873638336,36.2904383678702
MA010120220805921823,부여학표,,G2,소매,G221,기타 상품 소매,G22199,그 외 기타 상품 전문 소매업,G47859,그 외 기타 분류 안된 상품 전문 소매업,44,충청남도,44760,부여군,44760250,부여읍,4476025028,부여읍,4476025028105260000,1,대지,526,,충청남도 부여군 부여읍 동남리 526,447603259115,충청남도 부여군 부여읍 성왕로,128,1,4476025028105230002021761,,충청남도 부여군 부여읍 성왕로 128-1,323806,33143,,,,126.905094363957,36.2771695593672
MA010120220805922521,홍삼플러스아울렛,,G2,소매,G221,기타 상품 소매,G22199,그 외 기타 상품 전문 소매업,G47859,그 외 기타 분류 안된 상품 전문 소매업,44,충청남도,44760,부여군,44760250,부여읍,4476025029,부여읍,4476025029103410000,1,대지,341,,충청남도 부여군 부여읍 구아리 341,447603259115,충청남도 부여군 부여읍 성왕로,198,,4476025029103410000012348,,충청남도 부여군 부여읍 성왕로 198,323805,33145,,,,126.909696506905,36.2821026392296
MA010120220805896400,사슴민약촌히말라야소금,,G2,소매,G221,기타 상품 소매,G22199,그 외 기타 상품 전문 소매업,G47859,그 외 기타 분류 안된 상품 전문 소매업,36,세종특별자치시,36110,세종특별자치시,36110250,조치원읍,3611025021,조치원읍,3611025021100950006,1,대지,95,6,세종특별자치시 세종특별자치시 조치원읍 원리 95-6,361104574253,세종특별자치시 세종특별자치시 조치원읍 새내10길,49,,4473025021100950006038578,,세종특별자치시 세종특별자치시 조치원읍 새내10길 49,339883,30027,,1,,127.300977639327,36.6006887496287
MA010120220805908938,영창당한약방,,G2,소매,G221,기타 상품 소매,G22199,그 외 기타 상품 전문 소매업,G47859,그 외 기타 분류 안된 상품 전문 소매업,30,대전광역시,30200,유성구,30200540,온천2동,3020011700,장대동,3020011700102800005,1,대지,280,5,대전광역시 유성구 장대동 280-5,302003167061,대전광역시 유성구 장대로,49,,3020011700102800005012777,,대전광역시 유성구 장대로 49,305308,34172,,,,127.336010857374,36.3593194233177
MA010120220805919354,한일한방차약초,,G2,소매,G221,기타 상품 소매,G22199,그 외 기타 상품 전문 소매업,G47859,그 외 기타 분류 안된 상품 전문 소매업,44,충청남도,44230,논산시,44230510,취암동,4423010500,취암동,4423010500101760003,1,대지,176,3,충청남도 논산시 취암동 176-3,442303255047,충청남도 논산시 중앙로,427,1,4423010500101760003044141,,충청남도 논산시 중앙로 427-1,320803,32954,,,,127.087019982172,36.2018534822057
MA010120220805918610,늘푸른영농,,G2,소매,G221,기타 상품 소매,G22199,그 외 기타 상품 전문 소매업,G47859,그 외 기타 분류 안된 상품 전문 소매업,44,충청남도,44230,논산시,44230390,양촌면,4423039031,양촌면,4423039031102770001,1,대지,277,1,충청남도 논산시 양촌면 모촌리 277-1,442303255041,충청남도 논산시 양촌면 황산벌로,714,,4423039031102770001081269,,충청남도 논산시 양촌면 황산벌로 714,320852,33021,,,,127.21626205518,36.1500236398569
MA010120220805894061,마지아,,G2,소매,G221,기타 상품 소매,G22199,그 외 기타 상품 전문 소매업,G47859,그 외 기타 분류 안된 상품 전문 소매업,41,경기도,41310,구리시,41310541,교문1동,4131010400,교문동,4131010400107300006,1,대지,730,6,경기도 구리시 교문동 730-6,413103196016,경기도 구리시 안골로,3,,4131010400107300006005047,마지아빌딩,경기도 구리시 안골로 3,471805,11924,,,,127.131456502142,37.5973146275975
MA010120220805899174,금산인삼총판,,G2,소매,G221,기타 상품 소매,G22199,그 외 기타 상품 전문 소매업,G47859,그 외 기타 분류 안된 상품 전문 소매업,26,부산광역시,26170,동구,26170680,범일5동,2617010400,범일동,2617010400102521884,1,대지,252,1884,부산광역시 동구 범일동 252-1884,261704181249,부산광역시 동구 성남이로60번길,8,,2617010400102521884003803,,부산광역시 동구 성남이로60번길 8,601805,48752,,1,,129.056584534129,35.1339854134133
MA010120220805912189,부여건재약업사지금여기cafe&meal,,G2,소매,G221,기타 상품 소매,G22199,그 외 기타 상품 전문 소매업,G47859,그 외 기타 분류 안된 상품 전문 소매업,44,충청남도,44760,부여군,44760250,부여읍,4476025028,부여읍,4476025028105190002,1,대지,519,2,충청남도 부여군 부여읍 동남리 519-2,447603259086,충청남도 부여군 부여읍 부장대로,25,,4476025028105190002000001,,충청남도 부여군 부여읍 부장대로 25,323806,33143,,,,126.906840853308,36.2779459573297
MA010120220805915560,부여총포사,,G2,소매,G221,기타 상품 소매,G22199,그 외 기타 상품 전문 소매업,G47859,그 외 기타 분류 안된 상품 전문 소매업,44,충청남도,44760,부여군,44760250,부여읍,4476025029,부여읍,4476025029100800003,1,대지,80,3,충청남도 부여군 부여읍 구아리 80-3,447603259076,충청남도 부여군 부여읍 반월로,12,,4476025029100800003017611,,충청남도 부여군 부여읍 반월로 12,323805,33139,,,,126.90960558034,36.2837337258436
MA010120220805918772,탑광고기획,,G2,소매,G221,기타 상품 소매,G22199,그 외 기타 상품 전문 소매업,G47859,그 외 기타 분류 안된 상품 전문 소매업,44,충청남도,44230,논산시,44230510,취암동,4423010500,취암동,4423010500110390017,1,대지,1039,17,충청남도 논산시 취암동 1039-17,442303000095,충청남도 논산시 계백로,1034,1,4423010500110390017043035,,충청남도 논산시 계백로 1034-1,320802,32973,,,,127.091237890006,36.2050225750551
MA010120220805918927,토끼와거북이,,G2,소매,G221,기타 상품 소매,G22199,그 외 기타 상품 전문 소매업,G47859,그 외 기타 분류 안된 상품 전문 소매업,44,충청남도,44230,논산시,44230510,취암동,4423010500,취암동,4423010500110450001,1,대지,1045,1,충청남도 논산시 취암동 1045-1,442303000095,충청남도 논산시 계백로,1000,,4423010500110450001043655,,충청남도 논산시 계백로 1000,320802,32974,,,,127.088322280339,36.2030421161821
MA010120220805915724,두레농약사,,G2,소매,G221,기타 상품 소매,G22199,그 외 기타 상품 전문 소매업,G47859,그 외 기타 분류 안된 상품 전문 소매업,44,충청남도,44230,논산시,44230400,가야곡면,4423040029,가야곡면,4423040029103260013,1,대지,326,13,충청남도 논산시 가야곡면 종연리 326-13,442303255001,충청남도 논산시 가야곡면 가야로,461,1,4423040029103260013015102,,충청남도 논산시 가야곡면 가야로 461-1,320842,33017,,,,127.152399983201,36.1665419623194
MA010120220805922704,에프원,,G2,소매,G221,기타 상품 소매,G22199,그 외 기타 상품 전문 소매업,G47859,그 외 기타 분류 안된 상품 전문 소매업,44,충청남도,44230,논산시,44230310,성동면,4423031022,성동면,4423031022101590000,1,대지,159,,충청남도 논산시 성동면 월성리 159,442303255023,충청남도 논산시 성동면 성동로,173,,4423031022101590000033505,월성리,충청남도 논산시 성동면 성동로 173,320942,32927,,,,127.026118245559,36.1985568247452
MA010120220805889155,바오밥나무,,G2,소매,G221,기타 상품 소매,G22199,그 외 기타 상품 전문 소매업,G47859,그 외 기타 분류 안된 상품 전문 소매업,41,경기도,41220,평택시,41220620,비전1동,4122011800,비전동,4122011800111020000,1,대지,1102,,경기도 평택시 비전동 1102,412203198035,경기도 평택시 비전5로,20,38,4122011800111020000000001,에이치탑,경기도 평택시 비전5로 20-38,450151,17854,,,,127.11566966685,36.9996466835226
MA010120220805903131,세종영농아그로,,G2,소매,G221,기타 상품 소매,G22199,그 외 기타 상품 전문 소매업,G47859,그 외 기타 분류 안된 상품 전문 소매업,36,세종특별자치시,36110,세종특별자치시,36110250,조치원읍,3611025025,조치원읍,3611025025100700001,1,대지,70,1,세종특별자치시 세종특별자치시 조치원읍 정리 70-1,361104574272,세종특별자치시 세종특별자치시 조치원읍 새내8길,14,,4473025025100700001034712,,세종특별자치시 세종특별자치시 조치원읍 새내8길 14,339882,30027,,,,127.299139113536,36.599233532341
MA010120220805914137,부여농약마트,,G2,소매,G221,기타 상품 소매,G22199,그 외 기타 상품 전문 소매업,G47859,그 외 기타 분류 안된 상품 전문 소매업,44,충청남도,44760,부여군,44760250,부여읍,4476025032,부여읍,4476025032104020000,1,대지,402,,충청남도 부여군 부여읍 구교리 402,447603259115,충청남도 부여군 부여읍 성왕로,172,,4476025032104020000019595,,충청남도 부여군 부여읍 성왕로 172,323804,33144,,,,126.908017906789,36.2802809540081
MA010120220805892012,핑크하우스전주,신시가지점,G2,소매,G221,기타 상품 소매,G22199,그 외 기타 상품 전문 소매업,G47859,그 외 기타 분류 안된 상품 전문 소매업,52,전북특별자치도,52111,전주시 완산구,52111730,효자5동,5211114100,효자동2가,5211114100112380008,1,대지,1238,8,전북특별자치도 전주시 완산구 효자동2가 1238-8,521113266081,전북특별자치도 전주시 완산구 홍산남로,29,7,4511114100112380008000001,,전북특별자치도 전주시 완산구 홍산남로 29-7,560800,54966,,1,,127.104998591832,35.8160396854382
MA010120220805921092,상생비료,,G2,소매,G221,기타 상품 소매,G22199,그 외 기타 상품 전문 소매업,G47859,그 외 기타 분류 안된 상품 전문 소매업,44,충청남도,44760,부여군,44760360,홍산면,4476036021,홍산면,4476036021200830001,2,산,83,1,충청남도 부여군 홍산면 토정리 산83-1,447604577261,충청남도 부여군 홍산면 북토로137번길,22,,4476036021101490002046827,,충청남도 부여군 홍산면 북토로137번길 22,323841,33197,,,,126.750685186908,36.2219745349074
MA010120220805909402,백제농약사,,G2,소매,G221,기타 상품 소매,G22199,그 외 기타 상품 전문 소매업,G47859,그 외 기타 분류 안된 상품 전문 소매업,44,충청남도,44230,논산시,44230250,강경읍,4423025022,강경읍,4423025022100950008,1,대지,95,8,충청남도 논산시 강경읍 동흥리 95-8,442303251043,충청남도 논산시 강경읍 금백로,153,,4423025022100950008049737,,충청남도 논산시 강경읍 금백로 153,320903,32932,,1,,127.016471100295,36.1647542892426
MA010120220805912686,미스터K,,G2,소매,G221,기타 상품 소매,G22199,그 외 기타 상품 전문 소매업,G47859,그 외 기타 분류 안된 상품 전문 소매업,44,충청남도,44210,서산시,44210340,지곡면,4421034021,지곡면,4421034021104050007,1,대지,405,7,충청남도 서산시 지곡면 화천리 405-7,442103251049,충청남도 서산시 지곡면 충의로,1184,,4421034021104050007080867,,충청남도 서산시 지곡면 충의로 1184,356863,31919,,,,126.437794290909,36.8733107299292
MA010120220805912732,비앤비글로벌,,G2,소매,G221,기타 상품 소매,G22199,그 외 기타 상품 전문 소매업,G47859,그 외 기타 분류 안된 상품 전문 소매업,44,충청남도,44760,부여군,44760450,초촌면,4476045021,초촌면,4476045021101470000,1,대지,147,,충청남도 부여군 초촌면 신암리 147,447603259135,충청남도 부여군 초촌면 신암로,244,,4476045021101470000017810,,충청남도 부여군 초촌면 신암로 244,323962,33171,,,,126.991040542681,36.2753684491195
MA010120220805912737,미주양행,,G2,소매,G221,기타 상품 소매,G22199,그 외 기타 상품 전문 소매업,G47859,그 외 기타 분류 안된 상품 전문 소매업,44,충청남도,44230,논산시,44230350,부적면,4423035021,부적면,4423035021100110034,1,대지,11,34,충청남도 논산시 부적면 마구평리 11-34,442303000095,충청남도 논산시 부적면 계백로,1511,,4423035021100110034005695,,충청남도 논산시 부적면 계백로 1511,320862,32914,,,,127.1419700861,36.2132461786463
MA010120220805912808,농민농약사,,G2,소매,G221,기타 상품 소매,G22199,그 외 기타 상품 전문 소매업,G47859,그 외 기타 분류 안된 상품 전문 소매업,44,충청남도,44760,부여군,44760250,부여읍,4476025032,부여읍,4476025032103900004,1,대지,390,4,충청남도 부여군 부여읍 구교리 390-4,447603259115,충청남도 부여군 부여읍 성왕로,160,8,4476025032103900004019347,,충청남도 부여군 부여읍 성왕로 160-8,323804,33144,,,,126.907106417063,36.2792619033634
MA010120220805914568,해피투러브,,G2,소매,G221,기타 상품 소매,G22199,그 외 기타 상품 전문 소매업,G47859,그 외 기타 분류 안된 상품 전문 소매업,30,대전광역시,30200,유성구,30200520,진잠동,3020010100,원내동,3020010100103610001,1,대지,361,1,대전광역시 유성구 원내동 361-1,302002167001,대전광역시 유성구 유성대로,20,,3020010100103610001019575,,대전광역시 유성구 유성대로 20,305809,34223,,2,,127.322698649325,36.3004009401812
MA010120220805916464,대명조경,,G2,소매,G221,기타 상품 소매,G22199,그 외 기타 상품 전문 소매업,G47859,그 외 기타 분류 안된 상품 전문 소매업,44,충청남도,44760,부여군,44760330,외산면,4476033030,외산면,4476033030100550023,1,대지,55,23,충청남도 부여군 외산면 만수리 55-23,447603259153,충청남도 부여군 외산면 외산로,27,,4476033030100550023012490,,충청남도 부여군 외산면 외산로 27,323892,33103,,,,126.701115968776,36.2973357325424
MA010120220805931798,빛고을소방,,G2,소매,G221,기타 상품 소매,G22199,그 외 기타 상품 전문 소매업,G47859,그 외 기타 분류 안된 상품 전문 소매업,29,광주광역시,29140,서구,29140770,화정2동,2914011900,화정동,2914011900107240036,1,대지,724,36,광주광역시 서구 화정동 724-36,291404009012,광주광역시 서구 화정로260번길,3,,2914011900107240036022515,,광주광역시 서구 화정로260번길 3,502841,62047,,,,126.885353873081,35.1476727580141
MA010120220805965627,하루애제주,,G2,소매,G221,기타 상품 소매,G22199,그 외 기타 상품 전문 소매업,G47859,그 외 기타 분류 안된 상품 전문 소매업,50,제주특별자치도,50110,제주시,50110310,한경면,5011031026,한경면,5011031026116440000,1,대지,1644,,제주특별자치도 제주시 한경면 조수리 1644,501103349009,제주특별자치도 제주시 한경면 고조로,492,12,5011031026116440000000003,,제주특별자치도 제주시 한경면 고조로 492-12,695948,63004,,,,126.221499562408,33.3290529463778
MA010120220805929380,한농종묘농약사,,G2,소매,G221,기타 상품 소매,G22199,그 외 기타 상품 전문 소매업,G47859,그 외 기타 분류 안된 상품 전문 소매업,47,경상북도,47290,경산시,47290250,하양읍,4729025035,하양읍,4729025035104070001,1,대지,407,1,경상북도 경산시 하양읍 환상리 407-1,472903313073,경상북도 경산시 하양읍 화성로,100,,4729025035104070001064312,,경상북도 경산시 하양읍 화성로 100,712904,38443,,,,128.786380464734,35.8797847345383
MA010120220805952113,중앙농약사,,G2,소매,G221,기타 상품 소매,G22199,그 외 기타 상품 전문 소매업,G47859,그 외 기타 분류 안된 상품 전문 소매업,44,충청남도,44770,서천군,44770400,비인면,4477040021,비인면,4477040021103340024,1,대지,334,24,충청남도 서천군 비인면 성내리 334-24,447703260005,충청남도 서천군 비인면 비인로,151,,4477040021103340024019431,,충청남도 서천군 비인면 비인로 151,325883,33608,,,,126.604489504629,36.1391929301839
MA010120220805954963,민잇,,G2,소매,G221,기타 상품 소매,G22199,그 외 기타 상품 전문 소매업,G47859,그 외 기타 분류 안된 상품 전문 소매업,11,서울특별시,11215,광진구,11215840,자양3동,1121510500,자양동,1121510500102270040,1,대지,227,40,서울특별시 광진구 자양동 227-40,112153104011,서울특별시 광진구 자양번영로,89,,1121510500102270040011362,ACE빌딩,서울특별시 광진구 자양번영로 89,143854,05066,,2,,127.076769729841,37.5375187396262
MA010120220805925043,놀뫼장묘,,G2,소매,G221,기타 상품 소매,G22199,그 외 기타 상품 전문 소매업,G47859,그 외 기타 분류 안된 상품 전문 소매업,44,충청남도,44230,논산시,44230520,부창동,4423010400,부창동,4423010400101410002,1,대지,141,2,충청남도 논산시 부창동 141-2,442303000095,충청남도 논산시 계백로,902,,4423010400101410002045543,,충청남도 논산시 계백로 902,320080,32956,,1,,127.080610293999,36.1970275201835
MA010120220805949961,우리불교사,,G2,소매,G221,기타 상품 소매,G22199,그 외 기타 상품 전문 소매업,G47859,그 외 기타 분류 안된 상품 전문 소매업,43,충청북도,43112,청주시 서원구,43112510,사직1동,4311210100,사직동,4311210100102650011,1,대지,265,11,충청북도 청주시 서원구 사직동 265-11,431124511497,충청북도 청주시 서원구 사운로85번길,30,,4311310100102650011004721,,충청북도 청주시 서원구 사운로85번길 30,362828,28555,,1,,127.477436995459,36.6365902790753
MA010120220805929701,부흥농약종묘사,,G2,소매,G221,기타 상품 소매,G22199,그 외 기타 상품 전문 소매업,G47859,그 외 기타 분류 안된 상품 전문 소매업,44,충청남도,44760,부여군,44760250,부여읍,4476025029,부여읍,4476025029103950007,1,대지,395,7,충청남도 부여군 부여읍 구아리 395-7,447603259085,충청남도 부여군 부여읍 부여로,12,,4476025029103950007016937,,충청남도 부여군 부여읍 부여로 12,323805,33145,,,,126.909653271974,36.28098512975
MA010120220805960815,영우,,G2,소매,G221,기타 상품 소매,G22199,그 외 기타 상품 전문 소매업,G47859,그 외 기타 분류 안된 상품 전문 소매업,52,전북특별자치도,52720,진안군,52720250,진안읍,5272025033,진안읍,5272025033101150002,1,대지,115,2,전북특별자치도 진안군 진안읍 운산리 115-2,527204622226,전북특별자치도 진안군 진안읍 언건2길,19,,4572025033101150002023825,,전북특별자치도 진안군 진안읍 언건2길 19,567803,55418,,,,127.460725037459,35.818095654701
MA010120220805966491,하동고로쇠법인,,G2,소매,G221,기타 상품 소매,G22199,그 외 기타 상품 전문 소매업,G47859,그 외 기타 분류 안된 상품 전문 소매업,48,경상남도,48850,하동군,48850310,화개면,4885031029,화개면,4885031029118110000,1,대지,1811,,경상남도 하동군 화개면 대성리 1811,488504832188,경상남도 하동군 화개면 벽소령길,258,,4885031029118110000044223,,경상남도 하동군 화개면 벽소령길 258,667821,52300,,,,127.635343993632,35.3032444957959
MA010120220805963652,풍경무역,,G2,소매,G221,기타 상품 소매,G22199,그 외 기타 상품 전문 소매업,G47859,그 외 기타 분류 안된 상품 전문 소매업,46,전라남도,46880,장성군,46880340,삼서면,4688034021,삼서면,4688034021108520001,1,대지,852,1,전라남도 장성군 삼서면 대곡리 852-1,468803297021,전라남도 장성군 삼서면 해삼로,1103,,4688034021108520001028947,풍경무역,전라남도 장성군 삼서면 해삼로 1103,515882,57255,,1,,126.646115056833,35.2298008930291
MA010120220805958688,잉꼬,,G2,소매,G221,기타 상품 소매,G22199,그 외 기타 상품 전문 소매업,G47859,그 외 기타 분류 안된 상품 전문 소매업,28,인천광역시,28185,연수구,28185766,청학동,2818510400,청학동,2818510400104980000,1,대지,498,,인천광역시 연수구 청학동 498,281854256182,인천광역시 연수구 용담로85번길,32,,2818510400104980000053430,,인천광역시 연수구 용담로85번길 32,406831,21926,,,,126.67644417749,37.417645090922
MA010120220805948343,한마음,,G2,소매,G221,기타 상품 소매,G22199,그 외 기타 상품 전문 소매업,G47859,그 외 기타 분류 안된 상품 전문 소매업,36,세종특별자치시,36110,세종특별자치시,36110350,장군면,3611035024,장군면,3611035024103650001,1,대지,365,1,세종특별자치시 세종특별자치시 장군면 봉안리 365-1,361104574627,세종특별자치시 세종특별자치시 장군면 봉안길,71,,4415035024103650001016597,,세종특별자치시 세종특별자치시 장군면 봉안길 71,339914,30055,,,,127.222160063032,36.498356057313
MA010120220805928527,연산농약사,,G2,소매,G221,기타 상품 소매,G22199,그 외 기타 상품 전문 소매업,G47859,그 외 기타 분류 안된 상품 전문 소매업,44,충청남도,44230,논산시,44230360,연산면,4423036026,연산면,4423036026105780006,1,대지,578,6,충청남도 논산시 연산면 청동리 578-6,442304565461,충청남도 논산시 연산면 선비로245번길,23,,4423036026105780006005517,,충청남도 논산시 연산면 선비로245번길 23,320875,32913,,,,127.199801107692,36.2140828254936
MA010120220805950991,아토즈캠핑제주점,,G2,소매,G221,기타 상품 소매,G22199,그 외 기타 상품 전문 소매업,G47631,운동 및 경기용품 소매업,50,제주특별자치도,50110,제주시,50110580,용담2동,5011010900,용담이동,5011010900115640000,1,대지,1564,,제주특별자치도 제주시 용담이동 1564,501104847142,제주특별자치도 제주시 공항로1길,14,,5011010900115380001000001,제주시삼영교통사옥,제주특별자치도 제주시 공항로1길 14,690821,63164,,,,126.497950804083,33.5035856667349
MA010120220805946459,남일총포사,,G2,소매,G221,기타 상품 소매,G22199,그 외 기타 상품 전문 소매업,G47859,그 외 기타 분류 안된 상품 전문 소매업,44,충청남도,44770,서천군,44770250,장항읍,4477025022,장항읍,4477025022105540005,1,대지,554,5,충청남도 서천군 장항읍 창선2리 554-5,447704580672,충청남도 서천군 장항읍 장서로43번길,6,,4477025022105540005003174,,충청남도 서천군 장항읍 장서로43번길 6,325907,33672,,,,126.698137419242,36.011880057768
MA010120220805926610,유림상사,,G2,소매,G221,기타 상품 소매,G22199,그 외 기타 상품 전문 소매업,G47859,그 외 기타 분류 안된 상품 전문 소매업,11,서울특별시,11140,중구,11140520,소공동,1114011600,남대문로3가,1114011600100300012,1,대지,30,12,서울특별시 중구 남대문로3가 30-12,111404103023,서울특별시 중구 남대문시장길,35,,1114011600100300012020742,,서울특별시 중구 남대문시장길 35,100070,04529,,,,126.977884446139,37.560454016967
MA010120220805936188,악세사리.잡화,,G2,소매,G221,기타 상품 소매,G22199,그 외 기타 상품 전문 소매업,G47859,그 외 기타 분류 안된 상품 전문 소매업,41,경기도,41610,광주시,41610253,초월읍,4161025326,초월읍,4161025326104140001,1,대지,414,1,경기도 광주시 초월읍 선동리 414-1,416103012095,경기도 광주시 초월읍 산수로,314,,4161025326104140001000001,,경기도 광주시 초월읍 산수로 314,464968,12732,,2,,127.315485015475,37.3894920947178
MA010120220805936271,대박이벤트,,G2,소매,G221,기타 상품 소매,G22199,그 외 기타 상품 전문 소매업,G47859,그 외 기타 분류 안된 상품 전문 소매업,46,전라남도,46890,완도군,46890250,완도읍,4689025022,완도읍,4689025022110300009,1,대지,1030,9,전라남도 완도군 완도읍 가용리 1030-9,468904700490,전라남도 완도군 완도읍 해변공원로101번길,5,12,4689025022110300009007760,,전라남도 완도군 완도읍 해변공원로101번길 5-12,537801,59116,,,,126.74725826878,34.3221686055899
MA010120220805948819,썬바이오텍,,G2,소매,G221,기타 상품 소매,G22199,그 외 기타 상품 전문 소매업,G47859,그 외 기타 분류 안된 상품 전문 소매업,44,충청남도,44230,논산시,44230250,강경읍,4423025022,강경읍,4423025022100950003,1,대지,95,3,충청남도 논산시 강경읍 동흥리 95-3,442303251043,충청남도 논산시 강경읍 금백로,157,,4423025022100950003049602,,충청남도 논산시 강경읍 금백로 157,320903,32932,,,,127.016693474064,36.1651868387237
MA010120220805931236,효성건재,,G2,소매,G221,기타 상품 소매,G22199,그 외 기타 상품 전문 소매업,G47859,그 외 기타 분류 안된 상품 전문 소매업,44,충청남도,44760,부여군,44760310,규암면,4476031032,규암면,4476031032101340017,1,대지,134,17,충청남도 부여군 규암면 규암리 134-17,447603259129,충청남도 부여군 규암면 수북로,42,,4476031032101350012023245,,충청남도 부여군 규암면 수북로 42,323811,33126,,,,126.889018035895,36.2725506308648
MA010120220805943213,풍암우미광장입주자대표회의,,G2,소매,G221,기타 상품 소매,G22199,그 외 기타 상품 전문 소매업,G47859,그 외 기타 분류 안된 상품 전문 소매업,29,광주광역시,29140,서구,29140830,풍암동,2914012800,풍암동,2914012800111320000,1,대지,1132,,광주광역시 서구 풍암동 1132,291403160050,광주광역시 서구 풍암순환로,191,,2914012800111320000003134,우미광장아파트,광주광역시 서구 풍암순환로 191,502776,62059,,,,126.881937356078,35.1273527701624
MA010120220805946630,웅천농자재마트,,G2,소매,G221,기타 상품 소매,G22199,그 외 기타 상품 전문 소매업,G47859,그 외 기타 분류 안된 상품 전문 소매업,44,충청남도,44180,보령시,44180250,웅천읍,4418025021,웅천읍,4418025021107200005,1,대지,720,5,충청남도 보령시 웅천읍 대창리 720-5,441804556537,충청남도 보령시 웅천읍 장터중앙길,150,,4418025021107200003027816,,충청남도 보령시 웅천읍 장터중앙길 150,355853,33520,,,,126.599318533902,36.233954834151
MA010120220805928905,법탑불교사,,G2,소매,G221,기타 상품 소매,G22199,그 외 기타 상품 전문 소매업,G47859,그 외 기타 분류 안된 상품 전문 소매업,44,충청남도,44230,논산시,44230520,부창동,4423010300,대교동,4423010300103290001,1,대지,329,1,충청남도 논산시 대교동 329-1,442304565216,충청남도 논산시 대화로41번길,20,,4423010300103290001041325,,충청남도 논산시 대화로41번길 20,320801,32949,,,,127.080677520168,36.2083646080912
MA010120220805954214,원효사불교용품,,G2,소매,G221,기타 상품 소매,G22199,그 외 기타 상품 전문 소매업,G47859,그 외 기타 분류 안된 상품 전문 소매업,29,광주광역시,29170,북구,29170685,석곡동,2917012000,금곡동,2917012000108460000,1,대지,846,,광주광역시 북구 금곡동 846,291703009021,광주광역시 북구 무등로,1514,35,2917012000108460000044279,범종각,광주광역시 북구 무등로 1514-35,500400,61147,,,,126.985755483824,35.1486365312073
MA010120220805959606,위즈위그,,G2,소매,G221,기타 상품 소매,G22199,그 외 기타 상품 전문 소매업,G47859,그 외 기타 분류 안된 상품 전문 소매업,11,서울특별시,11500,강서구,11500615,우장산동,1150010600,내발산동,1150010600106530000,1,대지,653,,서울특별시 강서구 내발산동 653,115003115001,서울특별시 강서구 강서로,360,,1150010600106530000028432,솔레드림,서울특별시 강서구 강서로 360,157824,07651,,4,,126.838394959143,37.5576965604941
MA010120220805962097,농우농약종묘사,,G2,소매,G221,기타 상품 소매,G22199,그 외 기타 상품 전문 소매업,G47859,그 외 기타 분류 안된 상품 전문 소매업,47,경상북도,47150,김천시,47150565,양금동,4715010700,황금동,4715010700100340002,1,대지,34,2,경상북도 김천시 황금동 34-2,471503306023,경상북도 김천시 양금로,248,,4715010700100340002004278,,경상북도 김천시 양금로 248,740070,39593,,,,128.124231253559,36.1161407943009
MA010120220805946774,형제농자재마트,,G2,소매,G221,기타 상품 소매,G22199,그 외 기타 상품 전문 소매업,G47859,그 외 기타 분류 안된 상품 전문 소매업,44,충청남도,44770,서천군,44770253,서천읍,4477025321,서천읍,4477025321108640002,1,대지,864,2,충청남도 서천군 서천읍 군사리 864-2,447704580848,충청남도 서천군 서천읍 충절로59번길,11,11,4477025321108640002028703,,충청남도 서천군 서천읍 충절로59번길 11-11,325802,33642,,,,126.688913301941,36.0755188868416
MA010120220805959738,길가네금산인삼,,G2,소매,G221,기타 상품 소매,G22199,그 외 기타 상품 전문 소매업,G47859,그 외 기타 분류 안된 상품 전문 소매업,44,충청남도,44710,금산군,44710250,금산읍,4471025022,금산읍,4471025022100160002,1,대지,16,2,충청남도 금산군 금산읍 중도리 16-2,447103257044,충청남도 금산군 금산읍 인삼약초로,42,,4471025022100160002020652,농협수삼판매장,충청남도 금산군 금산읍 인삼약초로 42,312806,32739,,,,127.497681451483,36.1004386406449
MA010120220805974643,정원종합축산,,G2,소매,G221,기타 상품 소매,G22199,그 외 기타 상품 전문 소매업,G47859,그 외 기타 분류 안된 상품 전문 소매업,44,충청남도,44800,홍성군,44800250,홍성읍,4480025030,홍성읍,4480025030105400009,1,대지,540,9,충청남도 홍성군 홍성읍 고암리 540-9,448003259240,충청남도 홍성군 홍성읍 충절로,1005,,4480025030105400009036951,,충청남도 홍성군 홍성읍 충절로 1005,350801,32234,,,,126.670594419455,36.5970090116827
MA010120220805976464,서해불교만물사,,G2,소매,G221,기타 상품 소매,G22199,그 외 기타 상품 전문 소매업,G47859,그 외 기타 분류 안된 상품 전문 소매업,44,충청남도,44800,홍성군,44800250,홍성읍,4480025025,홍성읍,4480025025110800003,1,대지,1080,3,충청남도 홍성군 홍성읍 옥암리 1080-3,448004586466,충청남도 홍성군 홍성읍 충서로1318번길,27,,4480025025110800003055767,,충청남도 홍성군 홍성읍 충서로1318번길 27,350808,32247,,,,126.65631371678,36.5940670190364
MA010120220805978212,택컴퍼니,,G2,소매,G221,기타 상품 소매,G22199,그 외 기타 상품 전문 소매업,G47859,그 외 기타 분류 안된 상품 전문 소매업,44,충청남도,44790,청양군,44790250,청양읍,4479025029,청양읍,4479025029101890028,1,대지,189,28,충청남도 청양군 청양읍 송방리 189-28,447903015067,충청남도 청양군 청양읍 칠갑산로,186,,4479025029101890028008911,,충청남도 청양군 청양읍 칠갑산로 186,345801,33338,,,,126.797127971919,36.4509353039752
MA010120220805988697,대성약방,,G2,소매,G221,기타 상품 소매,G22199,그 외 기타 상품 전문 소매업,G47811,의약품 및 의료용품 소매업,44,충청남도,44825,태안군,44825360,이원면,4482536024,이원면,4482536024100640010,1,대지,64,10,충청남도 태안군 이원면 포지리 64-10,448253264031,충청남도 태안군 이원면 원이로,1548,,4482536024100640010028325,,충청남도 태안군 이원면 원이로 1548,357923,32103,,,,126.28020965357,36.8701540169785
MA010120220805970524,풍미식품,,G2,소매,G221,기타 상품 소매,G22199,그 외 기타 상품 전문 소매업,G47859,그 외 기타 분류 안된 상품 전문 소매업,44,충청남도,44800,홍성군,44800250,홍성읍,4480025021,홍성읍,4480025021103970006,1,대지,397,6,충청남도 홍성군 홍성읍 오관리 397-6,448004586312,충청남도 홍성군 홍성읍 아문길,60,,4480025021103970001038242,상설시장,충청남도 홍성군 홍성읍 아문길 60,350817,32230,,1,,126.66370950421,36.599738257722
MA010120220805972191,진해선구수산,,G2,소매,G221,기타 상품 소매,G22199,그 외 기타 상품 전문 소매업,G47859,그 외 기타 분류 안된 상품 전문 소매업,44,충청남도,44825,태안군,44825330,근흥면,4482533028,근흥면,4482533028105270015,1,대지,527,15,충청남도 태안군 근흥면 신진도리 527-15,448254592189,충청남도 태안군 근흥면 신진부두길,78,,4482533028105270015003540,,충청남도 태안군 근흥면 신진부두길 78,357945,32132,,,,126.136882421078,36.6791331478948
MA010120220805975011,홍성총포사,,G2,소매,G221,기타 상품 소매,G22199,그 외 기타 상품 전문 소매업,G47859,그 외 기타 분류 안된 상품 전문 소매업,44,충청남도,44800,홍성군,44800250,홍성읍,4480025021,홍성읍,4480025021101130003,1,대지,113,3,충청남도 홍성군 홍성읍 오관리 113-3,448004586421,충청남도 홍성군 홍성읍 조양로120번길,10,,4480025021101130003050015,,충청남도 홍성군 홍성읍 조양로120번길 10,350807,32223,,,,126.663063382133,36.6018270741039
MA010120220805976696,마하불교만물사,,G2,소매,G221,기타 상품 소매,G22199,그 외 기타 상품 전문 소매업,G47859,그 외 기타 분류 안된 상품 전문 소매업,44,충청남도,44800,홍성군,44800250,홍성읍,4480025023,홍성읍,4480025023100790000,1,대지,79,,충청남도 홍성군 홍성읍 소향리 79,448003252053,충청남도 홍성군 홍성읍 충서로,1491,,4480025023100790000007027,,충청남도 홍성군 홍성읍 충서로 1491,350804,32216,,,,126.657536309744,36.6056952243648
MA010120220805984662,서산만물상,,G2,소매,G221,기타 상품 소매,G22199,그 외 기타 상품 전문 소매업,G47859,그 외 기타 분류 안된 상품 전문 소매업,44,충청남도,44210,서산시,44210510,부춘동,4421010100,읍내동,4421010100101440001,1,대지,144,1,충청남도 서산시 읍내동 144-1,442103254135,충청남도 서산시 읍내1로,35,,4421010100101440001036258,,충청남도 서산시 읍내1로 35,356805,31984,,1,,126.450517850622,36.7801427467119
MA010120220805980630,칠갑산업,,G2,소매,G221,기타 상품 소매,G22199,그 외 기타 상품 전문 소매업,G47519,"페인트, 창호 및 기타 건설자재 소매업",44,충청남도,44790,청양군,44790390,비봉면,4479039021,비봉면,4479039021101800001,1,대지,180,1,충청남도 청양군 비봉면 록평리 180-1,447904583134,충청남도 청양군 비봉면 상록길,36,9,4479039021101800001003211,,충청남도 청양군 비봉면 상록길 36-9,345882,33316,,,,126.79017155149,36.5197447704347
MA010120220805991500,은성유통,,G2,소매,G221,기타 상품 소매,G22199,그 외 기타 상품 전문 소매업,G47859,그 외 기타 분류 안된 상품 전문 소매업,43,충청북도,43114,청주시 청원구,43114253,오창읍,4311425331,오창읍,4311425331100390007,1,대지,39,7,충청북도 청주시 청원구 오창읍 창리 39-7,431143236064,충청북도 청주시 청원구 오창읍 공항로,1009,,4371025331100390007000001,,충청북도 청주시 청원구 오창읍 공항로 1009,363882,28109,,1,,127.454298795121,36.7386426762952
MA010120220805970906,충남농약사,,G2,소매,G221,기타 상품 소매,G22199,그 외 기타 상품 전문 소매업,G47859,그 외 기타 분류 안된 상품 전문 소매업,44,충청남도,44270,당진시,44270510,당진1동,4427010100,읍내동,4427010100105350005,1,대지,535,5,충청남도 당진시 읍내동 535-5,442703265140,충청남도 당진시 당진중앙3로,94,,4483025021105350005093467,,충청남도 당진시 당진중앙3로 94,343923,31777,,,,126.630352419085,36.8931418146687
MA010120220805975445,광천불교만물사,,G2,소매,G221,기타 상품 소매,G22199,그 외 기타 상품 전문 소매업,G47859,그 외 기타 분류 안된 상품 전문 소매업,44,충청남도,44800,홍성군,44800253,광천읍,4480025322,광천읍,4480025322100780002,1,대지,78,2,충청남도 홍성군 광천읍 광천리 78-2,448003262021,충청남도 홍성군 광천읍 홍남로,716,,4480025322100780002027313,,충청남도 홍성군 광천읍 홍남로 716,350902,32293,,,,126.629830047136,36.5046932220365
MA010120220805979109,수리골농원,,G2,소매,G221,기타 상품 소매,G22199,그 외 기타 상품 전문 소매업,G47859,그 외 기타 분류 안된 상품 전문 소매업,44,충청남도,44800,홍성군,44800380,갈산면,4480038030,갈산면,4480038030100060000,1,대지,6,,충청남도 홍성군 갈산면 부기리 6,448004586018,충청남도 홍성군 갈산면 갈산서길170번길,109,45,4480038030100060000000001,,충청남도 홍성군 갈산면 갈산서길170번길 109-45,350854,32200,,1,,126.540749616104,36.6092493621988
MA010120220805975551,광천유리,,G2,소매,G221,기타 상품 소매,G22199,그 외 기타 상품 전문 소매업,G47859,그 외 기타 분류 안된 상품 전문 소매업,44,충청남도,44800,홍성군,44800253,광천읍,4480025322,광천읍,4480025322103030005,1,대지,303,5,충청남도 홍성군 광천읍 광천리 303-5,448004586320,충청남도 홍성군 광천읍 오서길16번길,16,,4480025322103030006026940,,충청남도 홍성군 광천읍 오서길16번길 16,350902,32294,,,,126.628529775993,36.501156663553
MA010120220805977209,녹색산업,,G2,소매,G221,기타 상품 소매,G22199,그 외 기타 상품 전문 소매업,G47859,그 외 기타 분류 안된 상품 전문 소매업,44,충청남도,44800,홍성군,44800253,광천읍,4480025321,광천읍,4480025321104580004,1,대지,458,4,충청남도 홍성군 광천읍 신진리 458-4,448003262021,충청남도 홍성군 광천읍 홍남로,661,,4480025321104580004054405,,충청남도 홍성군 광천읍 홍남로 661,350906,32291,,,,126.624411457731,36.503378627115
MA010120220805981193,은하불교만물사,,G2,소매,G221,기타 상품 소매,G22199,그 외 기타 상품 전문 소매업,G47859,그 외 기타 분류 안된 상품 전문 소매업,44,충청남도,44800,홍성군,44800253,광천읍,4480025322,광천읍,4480025322102010005,1,대지,201,5,충청남도 홍성군 광천읍 광천리 201-5,448004586070,충청남도 홍성군 광천읍 광천로315번길,42,,4480025322102010003029527,,충청남도 홍성군 광천읍 광천로315번길 42,350902,32295,,,,126.623995621954,36.5016561165755
MA010120220805983359,서울종묘농약사,,G2,소매,G221,기타 상품 소매,G22199,그 외 기타 상품 전문 소매업,G47859,그 외 기타 분류 안된 상품 전문 소매업,44,충청남도,44210,서산시,44210535,동문2동,4421010200,동문동,4421010200102870004,1,대지,287,4,충청남도 서산시 동문동 287-4,442103254095,충청남도 서산시 시장6로,16,,4421010200102870004035634,,충청남도 서산시 시장6로 16,356801,31981,,,,126.458162783849,36.7810158409154
MA010120220806000228,에이탑,,G2,소매,G221,기타 상품 소매,G22199,그 외 기타 상품 전문 소매업,G47859,그 외 기타 분류 안된 상품 전문 소매업,47,경상북도,47190,구미시,47190680,진미동,4719012500,임수동,4719012500100920009,1,대지,92,9,경상북도 구미시 임수동 92-9,471903018095,경상북도 구미시 3공단1로,302,7,4719012500100920009008041,구미공구상가,경상북도 구미시 3공단1로 302-7,730720,39391,,,,128.402646516423,36.1098790445333
MA010120220805972595,삼정슈퍼.낚시,,G2,소매,G221,기타 상품 소매,G22199,그 외 기타 상품 전문 소매업,G47859,그 외 기타 분류 안된 상품 전문 소매업,44,충청남도,44825,태안군,44825330,근흥면,4482533028,근흥면,4482533028105240006,1,대지,524,6,충청남도 태안군 근흥면 신진도리 524-6,448254592189,충청남도 태안군 근흥면 신진부두길,102,,4482533028105240006002422,,충청남도 태안군 근흥면 신진부두길 102,357945,32132,,,,126.135766198348,36.6809092324826
MA010120220805975722,동부비료홍성,대리점,G2,소매,G221,기타 상품 소매,G22199,그 외 기타 상품 전문 소매업,G47859,그 외 기타 분류 안된 상품 전문 소매업,44,충청남도,44800,홍성군,44800250,홍성읍,4480025023,홍성읍,4480025023101550005,1,대지,155,5,충청남도 홍성군 홍성읍 소향리 155-5,448004586290,충청남도 홍성군 홍성읍 소향길,68,,4480025023101550005006469,,충청남도 홍성군 홍성읍 소향길 68,350804,32216,,,,126.656176371396,36.6099086308778
MA010120220805981336,홍성만물사,,G2,소매,G221,기타 상품 소매,G22199,그 외 기타 상품 전문 소매업,G47859,그 외 기타 분류 안된 상품 전문 소매업,44,충청남도,44800,홍성군,44800250,홍성읍,4480025021,홍성읍,4480025021103380002,1,대지,338,2,충청남도 홍성군 홍성읍 오관리 338-2,448004586427,충청남도 홍성군 홍성읍 조양로170번길,31,,4480025021103380002050460,,충청남도 홍성군 홍성읍 조양로170번길 31,350816,32231,,1,,126.667899764244,36.5999212239219
MA010120220805974162,보령석재,,G2,소매,G221,기타 상품 소매,G22199,그 외 기타 상품 전문 소매업,G47859,그 외 기타 분류 안된 상품 전문 소매업,44,충청남도,44825,태안군,44825250,태안읍,4482525021,태안읍,4482525021102250004,1,대지,225,4,충청남도 태안군 태안읍 동문리 225-4,448254592243,충청남도 태안군 태안읍 정주내1길,38,6,4482525021102250004000001,,충청남도 태안군 태안읍 정주내1길 38-6,357905,32147,,1,,126.306310073223,36.7456430405658
MA010120220805977646,해피데이,,G2,소매,G221,기타 상품 소매,G22199,그 외 기타 상품 전문 소매업,G47859,그 외 기타 분류 안된 상품 전문 소매업,44,충청남도,44800,홍성군,44800250,홍성읍,4480025021,홍성읍,4480025021103950003,1,대지,395,3,충청남도 홍성군 홍성읍 오관리 395-3,448003262026,충청남도 홍성군 홍성읍 문화로,142,,4480025021103950003050057,,충청남도 홍성군 홍성읍 문화로 142,350817,32230,,,,126.66342896956,36.5999987960195
MA010120220805986191,풍념농약사,,G2,소매,G221,기타 상품 소매,G22199,그 외 기타 상품 전문 소매업,G47859,그 외 기타 분류 안된 상품 전문 소매업,44,충청남도,44825,태안군,44825250,태안읍,4482525022,태안읍,4482525022105750005,1,대지,575,5,충청남도 태안군 태안읍 남문리 575-5,448254592058,충청남도 태안군 태안읍 능샘1길,49,,4482525022105750005004758,,충청남도 태안군 태안읍 능샘1길 49,357901,32142,,,,126.294065624196,36.7548613810049
MA010120220805976145,카사랑,,G2,소매,G221,기타 상품 소매,G22199,그 외 기타 상품 전문 소매업,G45213,자동차 내장용 신품 전기ㆍ전자ㆍ정밀기기 판매업,44,충청남도,44800,홍성군,44800320,금마면,4480032032,금마면,4480032032103280012,1,대지,328,12,충청남도 홍성군 금마면 화양리 328-12,448003252053,충청남도 홍성군 금마면 충서로,2102,,4480032032103280012044756,,충청남도 홍성군 금마면 충서로 2102,350821,32280,,,,126.717019530476,36.6211796681739
MA010120220805988040,창성상회,,G2,소매,G221,기타 상품 소매,G22199,그 외 기타 상품 전문 소매업,G47859,그 외 기타 분류 안된 상품 전문 소매업,44,충청남도,44210,서산시,44210400,고북면,4421040021,고북면,4421040021106070007,1,대지,607,7,충청남도 서산시 고북면 가구리 607-7,442103254003,충청남도 서산시 고북면 고북1로,282,,4421040021106070007073575,,충청남도 서산시 고북면 고북1로 282,356811,32027,,,,126.533287021888,36.6660635709711
MA010120220805992920,백제안전공사,,G2,소매,G221,기타 상품 소매,G22199,그 외 기타 상품 전문 소매업,G47859,그 외 기타 분류 안된 상품 전문 소매업,44,충청남도,44760,부여군,44760250,부여읍,4476025028,부여읍,4476025028100410002,1,대지,41,2,충청남도 부여군 부여읍 동남리 41-2,447603259024,충청남도 부여군 부여읍 금성로,16,,4476025028100410002019407,,충청남도 부여군 부여읍 금성로 16,323806,33166,,,,126.916938549292,36.2754210480137
MA010120220805999317,산청시니어클럽지역특산물판매사업단,,G2,소매,G221,기타 상품 소매,G22199,그 외 기타 상품 전문 소매업,G47859,그 외 기타 분류 안된 상품 전문 소매업,48,경상남도,48860,산청군,48860400,신등면,4886040021,신등면,4886040021107840000,1,대지,784,,경상남도 산청군 신등면 단계리 784,488603019076,경상남도 산청군 신등면 신차로,500,3,4886040021107840000011527,단계시장,경상남도 산청군 신등면 신차로 500-3,666952,52257,,,,128.011148761987,35.3771243304804
MA010120220805974438,러브인,,G2,소매,G221,기타 상품 소매,G22199,그 외 기타 상품 전문 소매업,G47859,그 외 기타 분류 안된 상품 전문 소매업,44,충청남도,44210,서산시,44210540,수석동,4421010700,석림동,4421010700106510003,1,대지,651,3,충청남도 서산시 석림동 651-3,442103254176,충청남도 서산시 한마음13로,3,,4421010700106510003041773,,충청남도 서산시 한마음13로 3,356819,31994,,,,126.462333497464,36.7741052685524
MA010120220805992965,남동씨앤씨,,G2,소매,G221,기타 상품 소매,G22199,그 외 기타 상품 전문 소매업,G47859,그 외 기타 분류 안된 상품 전문 소매업,28,인천광역시,28200,남동구,28200540,간석2동,2820010200,간석동,2820010200101600004,1,대지,160,4,인천광역시 남동구 간석동 160-4,282004259149,인천광역시 남동구 남동대로898번길,65,,2820010200101600004024134,반,인천광역시 남동구 남동대로898번길 65,405802,21545,,지,,126.712182845605,37.4628241537467
MA010120220805993140,아람상사,,G2,소매,G221,기타 상품 소매,G22199,그 외 기타 상품 전문 소매업,G47519,"페인트, 창호 및 기타 건설자재 소매업",44,충청남도,44210,서산시,44210330,팔봉면,4421033029,팔봉면,4421033029108320010,1,대지,832,10,충청남도 서산시 팔봉면 진장리 832-10,442104562612,충청남도 서산시 팔봉면 장군산길,48,40,4421033029108320010000001,,충청남도 서산시 팔봉면 장군산길 48-40,356984,31925,,,,126.361849510617,36.7737979219567
MA010120220806012970,관작프라자,,G2,소매,G221,기타 상품 소매,G22199,그 외 기타 상품 전문 소매업,G47859,그 외 기타 분류 안된 상품 전문 소매업,44,충청남도,44810,예산군,44810250,예산읍,4481025028,예산읍,4481025028104230001,1,대지,423,1,충청남도 예산군 예산읍 관작리 423-1,448103252053,충청남도 예산군 예산읍 충서로,1141,,4481025028104220001004971,,충청남도 예산군 예산읍 충서로 1141,340802,32423,,,,126.830496047837,36.7097060696031
MA010120220806003318,홍심농자재,,G2,소매,G221,기타 상품 소매,G22199,그 외 기타 상품 전문 소매업,G47859,그 외 기타 분류 안된 상품 전문 소매업,44,충청남도,44810,예산군,44810250,예산읍,4481025029,예산읍,4481025029104180002,1,대지,418,2,충청남도 예산군 예산읍 창소리 418-2,448103252053,충청남도 예산군 예산읍 충서로,1256,,4481025029104180002005073,,충청남도 예산군 예산읍 충서로 1256,340805,32421,,,,126.832432501551,36.7199095418027
MA010120220806003350,동방농자재,,G2,소매,G221,기타 상품 소매,G22199,그 외 기타 상품 전문 소매업,G47859,그 외 기타 분류 안된 상품 전문 소매업,44,충청남도,44810,예산군,44810250,예산읍,4481025026,예산읍,4481025026102910002,1,대지,291,2,충청남도 예산군 예산읍 발연리 291-2,448103252053,충청남도 예산군 예산읍 충서로,1034,,4481025026102910002004875,,충청남도 예산군 예산읍 충서로 1034,340802,32423,,1,,126.829711793233,36.6999277321491
MA010120220806005311,한국인삼유통센터,,G2,소매,G221,기타 상품 소매,G22199,그 외 기타 상품 전문 소매업,G47859,그 외 기타 분류 안된 상품 전문 소매업,44,충청남도,44810,예산군,44810250,예산읍,4481025021,예산읍,4481025021104000001,1,대지,400,1,충청남도 예산군 예산읍 예산리 400-1,448104589379,충청남도 예산군 예산읍 예산로176번길,28,,4481025021104000001009014,,충청남도 예산군 예산읍 예산로176번길 28,340804,32437,,,,126.847368768118,36.6782254640525
MA010120220806005423,홍농종묘사,,G2,소매,G221,기타 상품 소매,G22199,그 외 기타 상품 전문 소매업,G47859,그 외 기타 분류 안된 상품 전문 소매업,44,충청남도,44810,예산군,44810250,예산읍,4481025021,예산읍,4481025021102230003,1,대지,223,3,충청남도 예산군 예산읍 예산리 223-3,448103263044,충청남도 예산군 예산읍 천변로,195,,4481025021102230003007720,,충청남도 예산군 예산읍 천변로 195,340804,32436,,,,126.850454994468,36.6790133630444
MA010120220806009077,러브포인트,,G2,소매,G221,기타 상품 소매,G22199,그 외 기타 상품 전문 소매업,G47859,그 외 기타 분류 안된 상품 전문 소매업,44,충청남도,44270,당진시,44270510,당진1동,4427010100,읍내동,4427010100106350017,1,대지,635,17,충청남도 당진시 읍내동 635-17,442703265016,충청남도 당진시 당진중앙2로,34,6,4483025021106350017086436,,충청남도 당진시 당진중앙2로 34-6,343924,31777,,,,126.62759921801,36.8917815778133
MA010120220806017687,산삼배양근,,G2,소매,G221,기타 상품 소매,G22199,그 외 기타 상품 전문 소매업,G47859,그 외 기타 분류 안된 상품 전문 소매업,44,충청남도,44270,당진시,44270530,당진3동,4427010400,원당동,4427010400103810000,1,대지,381,,충청남도 당진시 원당동 381,442703265095,충청남도 당진시 정안로,54,,4483025024103810000088446,,충청남도 당진시 정안로 54,343090,31763,,,,126.650182020676,36.9065560442446
MA010120220806003697,전국축산기기,,G2,소매,G221,기타 상품 소매,G22199,그 외 기타 상품 전문 소매업,G47859,그 외 기타 분류 안된 상품 전문 소매업,44,충청남도,44270,당진시,44270250,합덕읍,4427025021,합덕읍,4427025021102760096,1,대지,276,96,충청남도 당진시 합덕읍 운산리 276-96,442704595261,충청남도 당진시 합덕읍 버그내1길,110,,4483025321102760096010681,,충청남도 당진시 합덕읍 버그내1길 110,343907,31812,,,,126.77132249394,36.8081802966722
MA010120220806003772,중흥아그로,,G2,소매,G221,기타 상품 소매,G22199,그 외 기타 상품 전문 소매업,G47859,그 외 기타 분류 안된 상품 전문 소매업,44,충청남도,44270,당진시,44270253,송악읍,4427025334,송악읍,4427025334102330015,1,대지,233,15,충청남도 당진시 송악읍 중흥리 233-15,442703265128,충청남도 당진시 송악읍 송악로,697,1,4483025634102330015090064,,충청남도 당진시 송악읍 송악로 697-1,343826,31728,,1,,126.747388028381,36.9403050748392
MA010120220806011164,이엔지,,G2,소매,G221,기타 상품 소매,G22199,그 외 기타 상품 전문 소매업,G47859,그 외 기타 분류 안된 상품 전문 소매업,44,충청남도,44810,예산군,44810253,삽교읍,4481025338,삽교읍,4481025338100240020,1,대지,24,20,충청남도 예산군 삽교읍 신가리 24-20,448104589306,충청남도 예산군 삽교읍 신가동길,33,10,4481025338100240020000001,,충청남도 예산군 삽교읍 신가동길 33-10,340905,32415,,,,126.745763868874,36.6850446476021
MA010120220806013679,금산인삼센타,,G2,소매,G221,기타 상품 소매,G22199,그 외 기타 상품 전문 소매업,G47859,그 외 기타 분류 안된 상품 전문 소매업,44,충청남도,44270,당진시,44270510,당진1동,4427010100,읍내동,4427010100106980031,1,대지,698,31,충청남도 당진시 읍내동 698-31,442703265140,충청남도 당진시 당진중앙3로,98,,4483025021106980031086796,,충청남도 당진시 당진중앙3로 98,343924,31777,,,,126.63043034088,36.8932682101182
MA010120220806013695,황제총포사,,G2,소매,G221,기타 상품 소매,G22199,그 외 기타 상품 전문 소매업,G47859,그 외 기타 분류 안된 상품 전문 소매업,44,충청남도,44270,당진시,44270520,당진2동,4427010200,채운동,4427010200100980001,1,대지,98,1,충청남도 당진시 채운동 98-1,442703265118,충청남도 당진시 남부로,66,,4483025022100980001085103,,충청남도 당진시 남부로 66,343926,31783,,,,126.62363164091,36.8841548332555
MA010120220806005865,가나안한약건재약업사,,G2,소매,G221,기타 상품 소매,G22199,그 외 기타 상품 전문 소매업,G47859,그 외 기타 분류 안된 상품 전문 소매업,44,충청남도,44270,당진시,44270510,당진1동,4427010100,읍내동,4427010100101440007,1,대지,144,7,충청남도 당진시 읍내동 144-7,442704595414,충청남도 당진시 시장중앙길,84,,4483025021101440007085659,,충청남도 당진시 시장중앙길 84,343920,31777,,,,126.630968387504,36.888701337255
MA010120220806007986,비비전,,G2,소매,G221,기타 상품 소매,G22199,그 외 기타 상품 전문 소매업,G47859,그 외 기타 분류 안된 상품 전문 소매업,44,충청남도,44270,당진시,44270390,송산면,4427039031,송산면,4427039031109510000,1,대지,951,,충청남도 당진시 송산면 유곡리 951,442704832295,충청남도 당진시 송산면 유곡5길,12,10,4427039031109510000000001,,충청남도 당진시 송산면 유곡5길 12-10,343835,31710,,1,,126.69237986109,36.9660184817428
MA010120220806011470,덕숭산양봉원약초마을,,G2,소매,G221,기타 상품 소매,G22199,그 외 기타 상품 전문 소매업,G47859,그 외 기타 분류 안된 상품 전문 소매업,44,충청남도,44810,예산군,44810360,덕산면,4481036031,덕산면,4481036031100250013,1,대지,25,13,충청남도 예산군 덕산면 사천리 25-13,448104589598,충청남도 예산군 덕산면 수덕사안길,37,1,4481036031100250013028502,,충청남도 예산군 덕산면 수덕사안길 37-1,340921,32409,,,,126.620625189727,36.6568488764423
MA010120220806015826,희망유통,,G2,소매,G221,기타 상품 소매,G22199,그 외 기타 상품 전문 소매업,G47859,그 외 기타 분류 안된 상품 전문 소매업,44,충청남도,44270,당진시,44270253,송악읍,4427025338,송악읍,4427025338101941092,1,대지,194,1092,충청남도 당진시 송악읍 고대리 194-1092,442703265042,충청남도 당진시 송악읍 북부산업로,1398,5,4483025638101941092075089,,충청남도 당진시 송악읍 북부산업로 1398-5,343823,31719,,,,126.733404445074,36.981138743817
MA010120220806004181,남양농약사,,G2,소매,G221,기타 상품 소매,G22199,그 외 기타 상품 전문 소매업,G47859,그 외 기타 분류 안된 상품 전문 소매업,44,충청남도,44790,청양군,44790370,남양면,4479037025,남양면,4479037025105560002,1,대지,556,2,충청남도 청양군 남양면 대봉리 556-2,447903252048,충청남도 청양군 남양면 만수로,1572,3,4479037025105560002007685,,충청남도 청양군 남양면 만수로 1572-3,345853,33306,,,,126.775921162725,36.3971607464299
MA010120220806009886,수덕농약사,,G2,소매,G221,기타 상품 소매,G22199,그 외 기타 상품 전문 소매업,G47859,그 외 기타 분류 안된 상품 전문 소매업,44,충청남도,44810,예산군,44810360,덕산면,4481036021,덕산면,4481036021103400011,1,대지,340,11,충청남도 예산군 덕산면 읍내리 340-11,448103263055,충청남도 예산군 덕산면 예덕로,12,,4481036021103410017015517,,충청남도 예산군 덕산면 예덕로 12,340923,32406,,,,126.669574424692,36.7050337799507
MA010120220806006270,부흥상회,,G2,소매,G221,기타 상품 소매,G22199,그 외 기타 상품 전문 소매업,G47859,그 외 기타 분류 안된 상품 전문 소매업,44,충청남도,44810,예산군,44810250,예산읍,4481025021,예산읍,4481025021103520008,1,대지,352,8,충청남도 예산군 예산읍 예산리 352-8,448103263044,충청남도 예산군 예산읍 천변로,177,1,4481025021103520008009551,,충청남도 예산군 예산읍 천변로 177-1,340804,32437,,,,126.849227155422,36.6775790175213
MA010120220806006271,예산불교사,,G2,소매,G221,기타 상품 소매,G22199,그 외 기타 상품 전문 소매업,G47859,그 외 기타 분류 안된 상품 전문 소매업,44,충청남도,44810,예산군,44810250,예산읍,4481025021,예산읍,4481025021104480001,1,대지,448,1,충청남도 예산군 예산읍 예산리 448-1,448104589379,충청남도 예산군 예산읍 예산로176번길,37,,4481025021104480001005455,,충청남도 예산군 예산읍 예산로176번길 37,340804,32437,,,,126.848498915317,36.6781187715443
MA010120220806010018,우리영농상사,,G2,소매,G221,기타 상품 소매,G22199,그 외 기타 상품 전문 소매업,G47859,그 외 기타 분류 안된 상품 전문 소매업,44,충청남도,44270,당진시,44270380,신평면,4427038026,신평면,4427038026105090003,1,대지,509,3,충청남도 당진시 신평면 신송리 509-3,442703265129,충청남도 당진시 신평면 신송로,95,,4483038026105090003025260,,충청남도 당진시 신평면 신송로 95,343815,31751,,,,126.774467515218,36.8439061784578
MA010120220806014142,서울농약사,,G2,소매,G221,기타 상품 소매,G22199,그 외 기타 상품 전문 소매업,G47859,그 외 기타 분류 안된 상품 전문 소매업,44,충청남도,44270,당진시,44270510,당진1동,4427010100,읍내동,4427010100105360003,1,대지,536,3,충청남도 당진시 읍내동 536-3,442703265140,충청남도 당진시 당진중앙3로,88,3,4483025021105360005086716,,충청남도 당진시 당진중앙3로 88-3,343923,31777,,,,126.630162877197,36.892897929664
MA010120220806016647,다래,,G2,소매,G221,기타 상품 소매,G22199,그 외 기타 상품 전문 소매업,G47859,그 외 기타 분류 안된 상품 전문 소매업,44,충청남도,44270,당진시,44270510,당진1동,4427010100,읍내동,4427010100104510058,1,대지,451,58,충청남도 당진시 읍내동 451-58,442703000117,충청남도 당진시 서해로,5764,,4483025021104510058087511,,충청남도 당진시 서해로 5764,343922,31769,,1,,126.628197770987,36.8979018739399
MA010120220806012426,경수생약초,,G2,소매,G221,기타 상품 소매,G22199,그 외 기타 상품 전문 소매업,G47859,그 외 기타 분류 안된 상품 전문 소매업,44,충청남도,44810,예산군,44810250,예산읍,4481025025,예산읍,4481025025103530023,1,대지,353,23,충청남도 예산군 예산읍 산성리 353-23,448104589349,충청남도 예산군 예산읍 아리랑로11번길,19,,4481025025103520008004273,,충청남도 예산군 예산읍 아리랑로11번길 19,340803,32430,,,,126.830241879278,36.6878713996488
MA010120220806016779,엘케이켐,,G2,소매,G221,기타 상품 소매,G22199,그 외 기타 상품 전문 소매업,G47859,그 외 기타 분류 안된 상품 전문 소매업,52,전북특별자치도,52180,정읍시,52180320,입암면,5218032024,입암면,5218032024103860003,1,대지,386,3,전북특별자치도 정읍시 입암면 천원리 386-3,521803270037,전북특별자치도 정읍시 입암면 정읍남로,391,3,4518032024103860003000509,㈜고려화학,전북특별자치도 정읍시 입암면 정읍남로 391-3,580882,56215,,,,126.789165385164,35.4954042220547
MA010120220806014537,한국인삼유통,,G2,소매,G221,기타 상품 소매,G22199,그 외 기타 상품 전문 소매업,G47859,그 외 기타 분류 안된 상품 전문 소매업,44,충청남도,44810,예산군,44810253,삽교읍,4481025322,삽교읍,4481025322100700004,1,대지,70,4,충청남도 예산군 삽교읍 삽교리 70-4,448103251049,충청남도 예산군 삽교읍 충의로,526,,4481025322100700004022847,,충청남도 예산군 삽교읍 충의로 526,340901,32416,,,,126.72482437328,36.6866922184424
MA010120220805739671,８８인삼한약약업사,,G2,소매,G221,기타 상품 소매,G22199,그 외 기타 상품 전문 소매업,G47859,그 외 기타 분류 안된 상품 전문 소매업,44,충청남도,44710,금산군,44710250,금산읍,4471025022,금산읍,4471025022100070001,1,대지,7,1,충청남도 금산군 금산읍 중도리 7-1,447103257042,충청남도 금산군 금산읍 인삼광장로,47,,4471025022100070001020661,인삼쇼핑센터,충청남도 금산군 금산읍 인삼광장로 47,312806,32739,,,,127.498954158378,36.1015057852482
MA010120220805739708,양지인삼약초사,,G2,소매,G221,기타 상품 소매,G22199,그 외 기타 상품 전문 소매업,G47859,그 외 기타 분류 안된 상품 전문 소매업,44,충청남도,44710,금산군,44710250,금산읍,4471025022,금산읍,4471025022100070001,1,대지,7,1,충청남도 금산군 금산읍 중도리 7-1,447103257042,충청남도 금산군 금산읍 인삼광장로,47,,4471025022100070001020661,,충청남도 금산군 금산읍 인삼광장로 47,312806,32739,,,,127.498954158378,36.1015057852482
MA010120220805753064,농사도우미상사,,G2,소매,G221,기타 상품 소매,G22199,그 외 기타 상품 전문 소매업,G47859,그 외 기타 분류 안된 상품 전문 소매업,44,충청남도,44710,금산군,44710380,복수면,4471038027,복수면,4471038027104650001,1,대지,465,1,충청남도 금산군 복수면 구례리 465-1,447104571043,충청남도 금산군 복수면 구례절골길,9,,4471038027104650001000885,,충청남도 금산군 복수면 구례절골길 9,312922,32701,,,,127.376573567323,36.2009232324168
MA010120220805753717,신진인삼사,,G2,소매,G221,기타 상품 소매,G22199,그 외 기타 상품 전문 소매업,G47859,그 외 기타 분류 안된 상품 전문 소매업,44,충청남도,44710,금산군,44710250,금산읍,4471025022,금산읍,4471025022100080001,1,대지,8,1,충청남도 금산군 금산읍 중도리 8-1,447103257044,충청남도 금산군 금산읍 인삼약초로,45,,4471025022100080001020658,금산인삼국제시장,충청남도 금산군 금산읍 인삼약초로 45,312806,32739,,,,127.498324032177,36.1019590115178
MA010120220805741719,전국한약약업사,,G2,소매,G221,기타 상품 소매,G22199,그 외 기타 상품 전문 소매업,G47859,그 외 기타 분류 안된 상품 전문 소매업,44,충청남도,44710,금산군,44710250,금산읍,4471025022,금산읍,4471025022100070001,1,대지,7,1,충청남도 금산군 금산읍 중도리 7-1,447103257042,충청남도 금산군 금산읍 인삼광장로,47,,4471025022100070001020661,,충청남도 금산군 금산읍 인삼광장로 47,312806,32739,,,,127.498954158378,36.1015057852482
MA010120220805753423,부리인삼사,,G2,소매,G221,기타 상품 소매,G22199,그 외 기타 상품 전문 소매업,G47859,그 외 기타 분류 안된 상품 전문 소매업,44,충청남도,44710,금산군,44710250,금산읍,4471025022,금산읍,4471025022100070001,1,대지,7,1,충청남도 금산군 금산읍 중도리 7-1,447103257042,충청남도 금산군 금산읍 인삼광장로,47,,4471025022100070001020661,쇼핑센터,충청남도 금산군 금산읍 인삼광장로 47,312806,32739,,,,127.498954158378,36.1015057852482
MA010120220805743920,홍익약초,,G2,소매,G221,기타 상품 소매,G22199,그 외 기타 상품 전문 소매업,G47859,그 외 기타 분류 안된 상품 전문 소매업,44,충청남도,44710,금산군,44710250,금산읍,4471025022,금산읍,4471025022100240000,1,대지,24,,충청남도 금산군 금산읍 중도리 24,447103257044,충청남도 금산군 금산읍 인삼약초로,24,,4471025022100240000017736,,충청남도 금산군 금산읍 인삼약초로 24,312806,32739,,1,,127.496457788994,36.1001012577521
MA010120220805753640,해영인삼사,,G2,소매,G221,기타 상품 소매,G22199,그 외 기타 상품 전문 소매업,G47859,그 외 기타 분류 안된 상품 전문 소매업,44,충청남도,44710,금산군,44710250,금산읍,4471025022,금산읍,4471025022102350012,1,대지,235,12,충청남도 금산군 금산읍 중도리 235-12,447103257022,충청남도 금산군 금산읍 비호로,125,2,4471025022600000031019878,,충청남도 금산군 금산읍 비호로 125-2,312806,32734,,,,127.496314181004,36.1055181119442
MA010120220805754550,서울약초인삼사,,G2,소매,G221,기타 상품 소매,G22199,그 외 기타 상품 전문 소매업,G47859,그 외 기타 분류 안된 상품 전문 소매업,44,충청남도,44710,금산군,44710250,금산읍,4471025022,금산읍,4471025022100180015,1,대지,18,15,충청남도 금산군 금산읍 중도리 18-15,447104571410,충청남도 금산군 금산읍 약초1길,27,,4471025022100180015017016,,충청남도 금산군 금산읍 약초1길 27,312806,32739,,,,127.497946028929,36.1001311306501
MA010120220805754948,성진약업사,,G2,소매,G221,기타 상품 소매,G22199,그 외 기타 상품 전문 소매업,G47859,그 외 기타 분류 안된 상품 전문 소매업,44,충청남도,44710,금산군,44710250,금산읍,4471025022,금산읍,4471025022100180026,1,대지,18,26,충청남도 금산군 금산읍 중도리 18-26,447103257038,충청남도 금산군 금산읍 약초로,50,,4471025022100180026017441,인삼약초남부시장,충청남도 금산군 금산읍 약초로 50,312806,32739,,1,,127.4985474408,36.1004080043819
MA010120220805734376,참좋은농특산물곳간,,G2,소매,G221,기타 상품 소매,G22199,그 외 기타 상품 전문 소매업,G47859,그 외 기타 분류 안된 상품 전문 소매업,43,충청북도,43150,제천시,43150577,신백동,4315011900,고명동,4315011900103520004,1,대지,352,4,충청북도 제천시 고명동 352-4,431504517234,충청북도 제천시 단양로6길,19,,4315011900103520004000001,,충청북도 제천시 단양로6길 19,390893,27134,,,,128.243663094612,37.10603983164
MA010120220805755192,가나안약초인삼사,,G2,소매,G221,기타 상품 소매,G22199,그 외 기타 상품 전문 소매업,G47859,그 외 기타 분류 안된 상품 전문 소매업,44,충청남도,44710,금산군,44710250,금산읍,4471025021,금산읍,4471025021106720001,1,대지,672,1,충청남도 금산군 금산읍 신대리 672-1,447103257044,충청남도 금산군 금산읍 인삼약초로,48,5,4471025021106720001017765,,충청남도 금산군 금산읍 인삼약초로 48-5,312804,32739,,,,127.499216225894,36.1008017514337
MA010120220805738018,백양약초인삼사,,G2,소매,G221,기타 상품 소매,G22199,그 외 기타 상품 전문 소매업,G47859,그 외 기타 분류 안된 상품 전문 소매업,44,충청남도,44710,금산군,44710250,금산읍,4471025022,금산읍,4471025022100080001,1,대지,8,1,충청남도 금산군 금산읍 중도리 8-1,447103257044,충청남도 금산군 금산읍 인삼약초로,45,,4471025022100080001020658,호,충청남도 금산군 금산읍 인삼약초로 45,312806,32739,,,,127.498324032177,36.1019590115178
MA010120220805741974,명수인삼사,,G2,소매,G221,기타 상품 소매,G22199,그 외 기타 상품 전문 소매업,G47859,그 외 기타 분류 안된 상품 전문 소매업,44,충청남도,44710,금산군,44710250,금산읍,4471025022,금산읍,4471025022100070001,1,대지,7,1,충청남도 금산군 금산읍 중도리 7-1,447103257042,충청남도 금산군 금산읍 인삼광장로,47,,4471025022100070001020661,,충청남도 금산군 금산읍 인삼광장로 47,312806,32739,,,,127.498954158378,36.1015057852482
MA010120220805746173,공덕불교사,,G2,소매,G221,기타 상품 소매,G22199,그 외 기타 상품 전문 소매업,G47859,그 외 기타 분류 안된 상품 전문 소매업,30,대전광역시,30200,유성구,30200540,온천2동,3020011700,장대동,3020011700101940032,1,대지,194,32,대전광역시 유성구 장대동 194-32,302004301351,대전광역시 유성구 유성대로720번길,42,,3020011700101940031012297,,대전광역시 유성구 유성대로720번길 42,305308,34172,,,,127.334274790276,36.357188507716
MA010120220805748343,개미인삼사,,G2,소매,G221,기타 상품 소매,G22199,그 외 기타 상품 전문 소매업,G47859,그 외 기타 분류 안된 상품 전문 소매업,44,충청남도,44710,금산군,44710250,금산읍,4471025021,금산읍,4471025021106720001,1,대지,672,1,충청남도 금산군 금산읍 신대리 672-1,447103257044,충청남도 금산군 금산읍 인삼약초로,48,5,4471025021106720001017765,,충청남도 금산군 금산읍 인삼약초로 48-5,312804,32739,,,,127.499216225894,36.1008017514337
MA010120220805750300,고려인삼종합상사,,G2,소매,G221,기타 상품 소매,G22199,그 외 기타 상품 전문 소매업,G47859,그 외 기타 분류 안된 상품 전문 소매업,30,대전광역시,30140,중구,30140640,부사동,3014011100,부사동,3014011100101540004,1,대지,154,4,대전광역시 중구 부사동 154-4,301403010004,대전광역시 중구 대종로,291,,3014011100101540004003849,,대전광역시 중구 대종로 291,301815,35048,,,,127.436045260969,36.3122342492426
MA010120220805750307,대전인삼사,,G2,소매,G221,기타 상품 소매,G22199,그 외 기타 상품 전문 소매업,G47859,그 외 기타 분류 안된 상품 전문 소매업,30,대전광역시,30140,중구,30140640,부사동,3014011100,부사동,3014011100101530001,1,대지,153,1,대전광역시 중구 부사동 153-1,301403010004,대전광역시 중구 대종로,297,,3014011100101530001007104,,대전광역시 중구 대종로 297,301815,35048,,,,127.43551225007,36.312497534089
MA010120220805750315,금풍인삼사,,G2,소매,G221,기타 상품 소매,G22199,그 외 기타 상품 전문 소매업,G47859,그 외 기타 분류 안된 상품 전문 소매업,30,대전광역시,30140,중구,30140640,부사동,3014011100,부사동,3014011100101540004,1,대지,154,4,대전광역시 중구 부사동 154-4,301403010004,대전광역시 중구 대종로,291,,3014011100101540004003849,인삼빌딩,대전광역시 중구 대종로 291,301815,35048,,,,127.436045260969,36.3122342492426
MA010120220805750316,서대산인삼사,,G2,소매,G221,기타 상품 소매,G22199,그 외 기타 상품 전문 소매업,G47859,그 외 기타 분류 안된 상품 전문 소매업,30,대전광역시,30140,중구,30140640,부사동,3014011100,부사동,3014011100101540001,1,대지,154,1,대전광역시 중구 부사동 154-1,301403010004,대전광역시 중구 대종로,287,,3014011100101540001000002,인삼백화점,대전광역시 중구 대종로 287,301815,35048,,1,,127.436600939509,36.312042973542
MA010120220805738118,삼성당약초인삼사,,G2,소매,G221,기타 상품 소매,G22199,그 외 기타 상품 전문 소매업,G47859,그 외 기타 분류 안된 상품 전문 소매업,44,충청남도,44710,금산군,44710250,금산읍,4471025022,금산읍,4471025022100070001,1,대지,7,1,충청남도 금산군 금산읍 중도리 7-1,447103257042,충청남도 금산군 금산읍 인삼광장로,47,,4471025022100070001020661,,충청남도 금산군 금산읍 인삼광장로 47,312806,32739,,,,127.498954158378,36.1015057852482
MA010120220805740299,고려불교,,G2,소매,G221,기타 상품 소매,G22199,그 외 기타 상품 전문 소매업,G47859,그 외 기타 분류 안된 상품 전문 소매업,30,대전광역시,30140,중구,30140630,대사동,3014011000,대사동,3014011000101180010,1,대지,118,10,대전광역시 중구 대사동 118-10,301403010018,대전광역시 중구 충무로,71,,3014011000101180010015318,,대전광역시 중구 충무로 71,301800,34954,,,,127.425461768372,36.3174000918388
MA010120220805742232,대동아그로,,G2,소매,G221,기타 상품 소매,G22199,그 외 기타 상품 전문 소매업,G47859,그 외 기타 분류 안된 상품 전문 소매업,43,충청북도,43150,제천시,43150528,중앙동,4315010700,중앙로2가,4315010700101560009,1,대지,156,9,충청북도 제천시 중앙로2가 156-9,431503239051,충청북도 제천시 용두천로,123,,4315010700101160000038030,,충청북도 제천시 용두천로 123,390012,27173,,,,128.213513878519,37.1384101403203
MA010120220805744428,신우약초인삼사,,G2,소매,G221,기타 상품 소매,G22199,그 외 기타 상품 전문 소매업,G47859,그 외 기타 분류 안된 상품 전문 소매업,44,충청남도,44710,금산군,44710250,금산읍,4471025022,금산읍,4471025022100070001,1,대지,7,1,충청남도 금산군 금산읍 중도리 7-1,447103257042,충청남도 금산군 금산읍 인삼광장로,47,,4471025022100070001020661,인삼호텔,충청남도 금산군 금산읍 인삼광장로 47,312806,32739,,,,127.498954158378,36.1015057852482
MA010120220805748628,계룡주방중고알뜰매장,,G2,소매,G221,기타 상품 소매,G22199,그 외 기타 상품 전문 소매업,G47859,그 외 기타 분류 안된 상품 전문 소매업,30,대전광역시,30110,동구,30110740,산내동,3011013600,낭월동,3011013600103030000,1,대지,303,,대전광역시 동구 낭월동 303,301103000089,대전광역시 동구 산내로,1403,,3011013600103030000034188,,대전광역시 동구 산내로 1403,300220,34701,,,,127.463817659566,36.2881222976502
MA010120220805750553,산지홍삼,,G2,소매,G221,기타 상품 소매,G22199,그 외 기타 상품 전문 소매업,G47859,그 외 기타 분류 안된 상품 전문 소매업,44,충청남도,44710,금산군,44710320,제원면,4471032033,제원면,4471032033105290001,1,대지,529,1,충청남도 금산군 제원면 천내리 529-1,447104571534,충청남도 금산군 제원면 인흥동길,16,,4471032033105290001034544,,충청남도 금산군 제원면 인흥동길 16,312822,32761,,,,127.574309697877,36.1117394155931
MA010120220805758943,쇼핑약초인삼인삼호스트,,G2,소매,G221,기타 상품 소매,G22199,그 외 기타 상품 전문 소매업,G47859,그 외 기타 분류 안된 상품 전문 소매업,44,충청남도,44710,금산군,44710250,금산읍,4471025022,금산읍,4471025022100070001,1,대지,7,1,충청남도 금산군 금산읍 중도리 7-1,447103257042,충청남도 금산군 금산읍 인삼광장로,47,,4471025022100070001020661,,충청남도 금산군 금산읍 인삼광장로 47,312806,32739,,,,127.498954158378,36.1015057852482
MA010120220805758973,용정인삼사,,G2,소매,G221,기타 상품 소매,G22199,그 외 기타 상품 전문 소매업,G47859,그 외 기타 분류 안된 상품 전문 소매업,44,충청남도,44710,금산군,44710250,금산읍,4471025022,금산읍,4471025022100300002,1,대지,30,2,충청남도 금산군 금산읍 중도리 30-2,447104571410,충청남도 금산군 금산읍 약초1길,4,,4471025022100300002020609,,충청남도 금산군 금산읍 약초1길 4,312806,32739,,,,127.495457755,36.1000062640803
MA010120220805742291,동혁인삼약초,,G2,소매,G221,기타 상품 소매,G22199,그 외 기타 상품 전문 소매업,G47859,그 외 기타 분류 안된 상품 전문 소매업,44,충청남도,44710,금산군,44710250,금산읍,4471025022,금산읍,4471025022100050002,1,대지,5,2,충청남도 금산군 금산읍 중도리 5-2,447103257042,충청남도 금산군 금산읍 인삼광장로,45,,4471025022100050002017466,,충청남도 금산군 금산읍 인삼광장로 45,312806,32739,,,,127.499240715749,36.1011621326045
MA010120220805742369,부부약업사부부네식품,,G2,소매,G221,기타 상품 소매,G22199,그 외 기타 상품 전문 소매업,G47859,그 외 기타 분류 안된 상품 전문 소매업,44,충청남도,44710,금산군,44710250,금산읍,4471025022,금산읍,4471025022100080001,1,대지,8,1,충청남도 금산군 금산읍 중도리 8-1,447103257044,충청남도 금산군 금산읍 인삼약초로,45,,4471025022100080001020658,인삼국제시장,충청남도 금산군 금산읍 인삼약초로 45,312806,32739,,,,127.498324032177,36.1019590115178
MA010120220805755247,에덴약초인삼사,,G2,소매,G221,기타 상품 소매,G22199,그 외 기타 상품 전문 소매업,G47859,그 외 기타 분류 안된 상품 전문 소매업,44,충청남도,44710,금산군,44710250,금산읍,4471025022,금산읍,4471025022100080001,1,대지,8,1,충청남도 금산군 금산읍 중도리 8-1,447103257044,충청남도 금산군 금산읍 인삼약초로,45,,4471025022100080001020658,국제시장,충청남도 금산군 금산읍 인삼약초로 45,312806,32739,,,,127.498324032177,36.1019590115178
MA010120220805755292,주연생약,,G2,소매,G221,기타 상품 소매,G22199,그 외 기타 상품 전문 소매업,G47859,그 외 기타 분류 안된 상품 전문 소매업,44,충청남도,44710,금산군,44710250,금산읍,4471025022,금산읍,4471025022100080001,1,대지,8,1,충청남도 금산군 금산읍 중도리 8-1,447103257044,충청남도 금산군 금산읍 인삼약초로,45,,4471025022100080001020658,쇼핑센터,충청남도 금산군 금산읍 인삼약초로 45,312806,32739,,,,127.498324032177,36.1019590115178
MA010120220805738555,한미생약,,G2,소매,G221,기타 상품 소매,G22199,그 외 기타 상품 전문 소매업,G47859,그 외 기타 분류 안된 상품 전문 소매업,44,충청남도,44710,금산군,44710250,금산읍,4471025022,금산읍,4471025022100070001,1,대지,7,1,충청남도 금산군 금산읍 중도리 7-1,447103257042,충청남도 금산군 금산읍 인삼광장로,47,,4471025022100070001020661,,충청남도 금산군 금산읍 인삼광장로 47,312806,32739,,,,127.498954158378,36.1015057852482
MA010120220805740810,혜화당인삼약초사,,G2,소매,G221,기타 상품 소매,G22199,그 외 기타 상품 전문 소매업,G47859,그 외 기타 분류 안된 상품 전문 소매업,44,충청남도,44710,금산군,44710250,금산읍,4471025022,금산읍,4471025022100080001,1,대지,8,1,충청남도 금산군 금산읍 중도리 8-1,447103257044,충청남도 금산군 금산읍 인삼약초로,45,,4471025022100080001020658,금산인삼국제시장,충청남도 금산군 금산읍 인삼약초로 45,312806,32739,,,,127.498324032177,36.1019590115178
MA010120220805738639,금산생약,,G2,소매,G221,기타 상품 소매,G22199,그 외 기타 상품 전문 소매업,G47859,그 외 기타 분류 안된 상품 전문 소매업,44,충청남도,44710,금산군,44710250,금산읍,4471025022,금산읍,4471025022100070001,1,대지,7,1,충청남도 금산군 금산읍 중도리 7-1,447103257042,충청남도 금산군 금산읍 인삼광장로,47,,4471025022100070001020661,,충청남도 금산군 금산읍 인삼광장로 47,312806,32739,,,,127.498954158378,36.1015057852482
MA010120220805738646,청옥고려인삼,,G2,소매,G221,기타 상품 소매,G22199,그 외 기타 상품 전문 소매업,G47859,그 외 기타 분류 안된 상품 전문 소매업,44,충청남도,44710,금산군,44710250,금산읍,4471025022,금산읍,4471025022106340000,1,대지,634,,충청남도 금산군 금산읍 중도리 634,447104571532,충청남도 금산군 금산읍 인삼약초1길,5,6,4471025022106340000019183,,충청남도 금산군 금산읍 인삼약초1길 5-6,312806,32747,,,,127.493102911834,36.0999078330274
MA010120220805740885,만수당약업사,,G2,소매,G221,기타 상품 소매,G22199,그 외 기타 상품 전문 소매업,G47859,그 외 기타 분류 안된 상품 전문 소매업,44,충청남도,44710,금산군,44710250,금산읍,4471025022,금산읍,4471025022100080001,1,대지,8,1,충청남도 금산군 금산읍 중도리 8-1,447103257044,충청남도 금산군 금산읍 인삼약초로,45,,4471025022100080001020658,,충청남도 금산군 금산읍 인삼약초로 45,312806,32739,,,,127.498324032177,36.1019590115178
MA010120220805740907,일출약초,,G2,소매,G221,기타 상품 소매,G22199,그 외 기타 상품 전문 소매업,G47859,그 외 기타 분류 안된 상품 전문 소매업,44,충청남도,44710,금산군,44710250,금산읍,4471025022,금산읍,4471025022100070001,1,대지,7,1,충청남도 금산군 금산읍 중도리 7-1,447103257042,충청남도 금산군 금산읍 인삼광장로,47,,4471025022100070001020661,,충청남도 금산군 금산읍 인삼광장로 47,312806,32739,,,,127.498954158378,36.1015057852482
MA010120220805742549,백제생약,,G2,소매,G221,기타 상품 소매,G22199,그 외 기타 상품 전문 소매업,G47859,그 외 기타 분류 안된 상품 전문 소매업,44,충청남도,44710,금산군,44710250,금산읍,4471025022,금산읍,4471025022100330018,1,대지,33,18,충청남도 금산군 금산읍 중도리 33-18,447103257044,충청남도 금산군 금산읍 인삼약초로,32,,4471025022100330018020599,,충청남도 금산군 금산읍 인삼약초로 32,312806,32739,,,,127.496638581448,36.1005961730638
MA010120220805742585,금용인삼사,,G2,소매,G221,기타 상품 소매,G22199,그 외 기타 상품 전문 소매업,G47859,그 외 기타 분류 안된 상품 전문 소매업,44,충청남도,44710,금산군,44710250,금산읍,4471025022,금산읍,4471025022100070001,1,대지,7,1,충청남도 금산군 금산읍 중도리 7-1,447103257042,충청남도 금산군 금산읍 인삼광장로,47,,4471025022100070001020661,인삼호텔,충청남도 금산군 금산읍 인삼광장로 47,312806,32739,,1,,127.498954158378,36.1015057852482
MA010120220805742620,둔산약초인삼사,,G2,소매,G221,기타 상품 소매,G22199,그 외 기타 상품 전문 소매업,G47859,그 외 기타 분류 안된 상품 전문 소매업,44,충청남도,44710,금산군,44710250,금산읍,4471025022,금산읍,4471025022100070001,1,대지,7,1,충청남도 금산군 금산읍 중도리 7-1,447103257042,충청남도 금산군 금산읍 인삼광장로,47,,4471025022100070001020661,쇼핑센터,충청남도 금산군 금산읍 인삼광장로 47,312806,32739,,,,127.498954158378,36.1015057852482
MA010120220805750849,금산인삼종합상사,,G2,소매,G221,기타 상품 소매,G22199,그 외 기타 상품 전문 소매업,G47859,그 외 기타 분류 안된 상품 전문 소매업,30,대전광역시,30140,중구,30140640,부사동,3014011100,부사동,3014011100101540004,1,대지,154,4,대전광역시 중구 부사동 154-4,301403010004,대전광역시 중구 대종로,291,,3014011100101540004003849,,대전광역시 중구 대종로 291,301815,35048,,,,127.436045260969,36.3122342492426
MA010120220805735560,충북약초왕암지점,,G2,소매,G221,기타 상품 소매,G22199,그 외 기타 상품 전문 소매업,G47859,그 외 기타 분류 안된 상품 전문 소매업,43,충청북도,43150,제천시,43150560,용두동,4315012400,왕암동,4315012400105870004,1,대지,587,4,충청북도 제천시 왕암동 587-4,431503239076,충청북도 제천시 한방엑스포로,18,,4315012400105870004000001,,충청북도 제천시 한방엑스포로 18,390250,27116,,,,128.159445516641,37.1455918493198
MA010120220805738798,호산당약업사,,G2,소매,G221,기타 상품 소매,G22199,그 외 기타 상품 전문 소매업,G47859,그 외 기타 분류 안된 상품 전문 소매업,44,충청남도,44710,금산군,44710250,금산읍,4471025022,금산읍,4471025022100070001,1,대지,7,1,충청남도 금산군 금산읍 중도리 7-1,447103257042,충청남도 금산군 금산읍 인삼광장로,47,,4471025022100070001020661,쇼핑센터,충청남도 금산군 금산읍 인삼광장로 47,312806,32739,,,,127.498954158378,36.1015057852482
MA010120220805742701,한국국기보급소,,G2,소매,G221,기타 상품 소매,G22199,그 외 기타 상품 전문 소매업,G47859,그 외 기타 분류 안된 상품 전문 소매업,30,대전광역시,30140,중구,30140620,석교동,3014010700,석교동,3014010700100790006,1,대지,79,6,대전광역시 중구 석교동 79-6,301404295115,대전광역시 중구 대전천서로163번길,12,,3014010700100790006002978,,대전광역시 중구 대전천서로163번길 12,301821,35036,,,,127.44661916425,36.3095367359089
MA010120220805746968,비손불교,,G2,소매,G221,기타 상품 소매,G22199,그 외 기타 상품 전문 소매업,G47859,그 외 기타 분류 안된 상품 전문 소매업,30,대전광역시,30140,중구,30140640,부사동,3014011100,부사동,3014011100101020020,1,대지,102,20,대전광역시 중구 부사동 102-20,301404295144,대전광역시 중구 대종로316번길,29,,3014011100101020020006330,,대전광역시 중구 대종로316번길 29,301815,35032,,,,127.435980514661,36.3146045852297
MA010120220805749149,홍삼시대,,G2,소매,G221,기타 상품 소매,G22199,그 외 기타 상품 전문 소매업,G47859,그 외 기타 분류 안된 상품 전문 소매업,44,충청남도,44710,금산군,44710250,금산읍,4471025022,금산읍,4471025022100070001,1,대지,7,1,충청남도 금산군 금산읍 중도리 7-1,447103257042,충청남도 금산군 금산읍 인삼광장로,47,,4471025022100070001020661,인삼쇼핑센터,충청남도 금산군 금산읍 인삼광장로 47,312806,32739,,1,,127.498954158378,36.1015057852482
MA010120220805749185,기선약초,,G2,소매,G221,기타 상품 소매,G22199,그 외 기타 상품 전문 소매업,G47859,그 외 기타 분류 안된 상품 전문 소매업,44,충청남도,44710,금산군,44710250,금산읍,4471025022,금산읍,4471025022100240000,1,대지,24,,충청남도 금산군 금산읍 중도리 24,447103257044,충청남도 금산군 금산읍 인삼약초로,24,,4471025022100240000017736,수삼센터,충청남도 금산군 금산읍 인삼약초로 24,312806,32739,,,,127.496457788994,36.1001012577521
MA010120220805758749,현대약초인삼사,,G2,소매,G221,기타 상품 소매,G22199,그 외 기타 상품 전문 소매업,G47859,그 외 기타 분류 안된 상품 전문 소매업,44,충청남도,44710,금산군,44710250,금산읍,4471025022,금산읍,4471025022100310000,1,대지,31,,충청남도 금산군 금산읍 중도리 31,447103257020,충청남도 금산군 금산읍 비단로,144,,4471025022100310000020628,,충청남도 금산군 금산읍 비단로 144,312806,32739,,,,127.495471179379,36.1003757039707
MA010120220805738918,대전국민서관썬차일드,,G2,소매,G221,기타 상품 소매,G22199,그 외 기타 상품 전문 소매업,G47859,그 외 기타 분류 안된 상품 전문 소매업,30,대전광역시,30230,대덕구,30230510,오정동,3023010100,오정동,3023010100102350014,1,대지,235,14,대전광역시 대덕구 오정동 235-14,302304304399,대전광역시 대덕구 오정로78번길,24,,3023010100102350014018919,,대전광역시 대덕구 오정로78번길 24,306818,34439,,1,,127.410765072514,36.3539130852183
MA010120220805745077,양키캔들대전복합,터미널점,G2,소매,G221,기타 상품 소매,G22199,그 외 기타 상품 전문 소매업,G47813,"화장품, 비누 및 방향제 소매업",30,대전광역시,30110,동구,30110640,용전동,3011011500,용전동,3011011500100630003,1,대지,63,3,대전광역시 동구 용전동 63-3,301102010003,대전광역시 동구 동서대로,1689,,3011011500100630003000001,용전동대전복합터미널,대전광역시 동구 동서대로 1689,300710,34551,,1,,127.436691944852,36.35030657212
MA010120220805745138,금산인삼사,,G2,소매,G221,기타 상품 소매,G22199,그 외 기타 상품 전문 소매업,G47859,그 외 기타 분류 안된 상품 전문 소매업,11,서울특별시,11530,구로구,11530750,개봉2동,1153010700,개봉동,1153010700104030051,1,대지,403,51,서울특별시 구로구 개봉동 403-51,115303116001,서울특별시 구로구 개봉로,67,,1153010700104030051009599,,서울특별시 구로구 개봉로 67,152092,08337,,,,126.855645731739,37.4917385647608
MA010120220805745175,보광불교사,,G2,소매,G221,기타 상품 소매,G22199,그 외 기타 상품 전문 소매업,G47859,그 외 기타 분류 안된 상품 전문 소매업,30,대전광역시,30140,중구,30140605,문창동,3014010600,문창동,3014010600100300010,1,대지,30,10,대전광역시 중구 문창동 30-10,301403165010,대전광역시 중구 문창로,123,,3014010600100300010012426,,대전광역시 중구 문창로 123,301809,34928,,,,127.430741459104,36.3237254752138
MA010120220805725634,덕흥상회,,G2,소매,G221,기타 상품 소매,G22199,그 외 기타 상품 전문 소매업,G47859,그 외 기타 분류 안된 상품 전문 소매업,43,충청북도,43150,제천시,43150528,중앙동,4315010600,중앙로1가,4315010600100620008,1,대지,62,8,충청북도 제천시 중앙로1가 62-8,431503239051,충청북도 제천시 용두천로,81,,4315010400111870000027794,,충청북도 제천시 용두천로 81,390011,27172,,,,128.210486060446,37.1355578822235
MA010120220805739020,소망약초인삼사,,G2,소매,G221,기타 상품 소매,G22199,그 외 기타 상품 전문 소매업,G47859,그 외 기타 분류 안된 상품 전문 소매업,44,충청남도,44710,금산군,44710250,금산읍,4471025022,금산읍,4471025022100070001,1,대지,7,1,충청남도 금산군 금산읍 중도리 7-1,447103257042,충청남도 금산군 금산읍 인삼광장로,47,,4471025022100070001020661,인삼종합쇼핑센터,충청남도 금산군 금산읍 인삼광장로 47,312806,32739,,,,127.498954158378,36.1015057852482
MA010120220805741239,금산인삼약초,,G2,소매,G221,기타 상품 소매,G22199,그 외 기타 상품 전문 소매업,G47859,그 외 기타 분류 안된 상품 전문 소매업,30,대전광역시,30200,유성구,30200540,온천2동,3020011700,장대동,3020011700101910007,1,대지,191,7,대전광역시 유성구 장대동 191-7,302004301353,대전광역시 유성구 유성대로730번길,24,,3020011700101910007013017,유성장옥,대전광역시 유성구 유성대로730번길 24,305308,34172,,,,127.333920773668,36.3577752614921
MA010120220805741276,웅비인삼약초사,,G2,소매,G221,기타 상품 소매,G22199,그 외 기타 상품 전문 소매업,G47859,그 외 기타 분류 안된 상품 전문 소매업,44,충청남도,44710,금산군,44710250,금산읍,4471025022,금산읍,4471025022100070001,1,대지,7,1,충청남도 금산군 금산읍 중도리 7-1,447103257042,충청남도 금산군 금산읍 인삼광장로,47,,4471025022100070001020661,,충청남도 금산군 금산읍 인삼광장로 47,312806,32739,,,,127.498954158378,36.1015057852482
MA010120220805741286,푸른생약,,G2,소매,G221,기타 상품 소매,G22199,그 외 기타 상품 전문 소매업,G47859,그 외 기타 분류 안된 상품 전문 소매업,44,충청남도,44710,금산군,44710250,금산읍,4471025022,금산읍,4471025022100070001,1,대지,7,1,충청남도 금산군 금산읍 중도리 7-1,447103257042,충청남도 금산군 금산읍 인삼광장로,47,,4471025022100070001020661,,충청남도 금산군 금산읍 인삼광장로 47,312806,32739,,,,127.498954158378,36.1015057852482
MA010120220805749337,세계농약사,,G2,소매,G221,기타 상품 소매,G22199,그 외 기타 상품 전문 소매업,G47859,그 외 기타 분류 안된 상품 전문 소매업,41,경기도,41220,평택시,41220340,오성면,4122034021,오성면,4122034021101860018,1,대지,186,18,경기도 평택시 오성면 숙성리 186-18,412204364366,경기도 평택시 오성면 숙성시장길,66,1,4122034021101860018038943,,경기도 평택시 오성면 숙성시장길 66-1,451873,17819,,,,126.985146425388,37.0081722815363
MA010120220805755865,로뎀상사,,G2,소매,G221,기타 상품 소매,G22199,그 외 기타 상품 전문 소매업,G47859,그 외 기타 분류 안된 상품 전문 소매업,52,전북특별자치도,52710,완주군,52710340,소양면,5271034025,소양면,5271034025105330003,1,대지,533,3,전북특별자치도 완주군 소양면 대흥리 533-3,527103273038,전북특별자치도 완주군 소양면 송광수만로,272,,4571034025105330003009814,,전북특별자치도 완주군 소양면 송광수만로 272,565841,55348,,1,,127.243547791246,35.8850911595586
MA010120220805756318,형제약초,,G2,소매,G221,기타 상품 소매,G22199,그 외 기타 상품 전문 소매업,G47859,그 외 기타 분류 안된 상품 전문 소매업,44,충청남도,44710,금산군,44710250,금산읍,4471025022,금산읍,4471025022100240000,1,대지,24,,충청남도 금산군 금산읍 중도리 24,447103257044,충청남도 금산군 금산읍 인삼약초로,24,,4471025022100240000017736,금산수삼센터,충청남도 금산군 금산읍 인삼약초로 24,312806,32739,,,,127.496457788994,36.1001012577521
MA010120220805752128,대경수삼,,G2,소매,G221,기타 상품 소매,G22199,그 외 기타 상품 전문 소매업,G47859,그 외 기타 분류 안된 상품 전문 소매업,44,충청남도,44710,금산군,44710250,금산읍,4471025022,금산읍,4471025022100070001,1,대지,7,1,충청남도 금산군 금산읍 중도리 7-1,447103257042,충청남도 금산군 금산읍 인삼광장로,47,,4471025022100070001020661,인삼호텔,충청남도 금산군 금산읍 인삼광장로 47,312806,32739,,1,,127.498954158378,36.1015057852482
MA010120220805752163,삼길인삼약초사,,G2,소매,G221,기타 상품 소매,G22199,그 외 기타 상품 전문 소매업,G47859,그 외 기타 분류 안된 상품 전문 소매업,44,충청남도,44710,금산군,44710250,금산읍,4471025022,금산읍,4471025022100080001,1,대지,8,1,충청남도 금산군 금산읍 중도리 8-1,447103257044,충청남도 금산군 금산읍 인삼약초로,45,,4471025022100080001020658,인삼쇼핑센터,충청남도 금산군 금산읍 인삼약초로 45,312806,32739,,1,,127.498324032177,36.1019590115178
MA010120220805752171,광동약초상사,,G2,소매,G221,기타 상품 소매,G22199,그 외 기타 상품 전문 소매업,G47859,그 외 기타 분류 안된 상품 전문 소매업,44,충청남도,44710,금산군,44710250,금산읍,4471025022,금산읍,4471025022100240000,1,대지,24,,충청남도 금산군 금산읍 중도리 24,447103257044,충청남도 금산군 금산읍 인삼약초로,24,,4471025022100240000017736,금산수삼센터,충청남도 금산군 금산읍 인삼약초로 24,312806,32739,,,,127.496457788994,36.1001012577521
MA010120220805752173,진악산약초인삼사,,G2,소매,G221,기타 상품 소매,G22199,그 외 기타 상품 전문 소매업,G47859,그 외 기타 분류 안된 상품 전문 소매업,44,충청남도,44710,금산군,44710250,금산읍,4471025021,금산읍,4471025021106700000,1,대지,670,,충청남도 금산군 금산읍 신대리 670,447103257042,충청남도 금산군 금산읍 인삼광장로,43,,4471025021106700000000001,,충청남도 금산군 금산읍 인삼광장로 43,312804,32739,,,,127.499426872346,36.1007468011436
MA010120220805752174,산산약초인삼사,,G2,소매,G221,기타 상품 소매,G22199,그 외 기타 상품 전문 소매업,G47859,그 외 기타 분류 안된 상품 전문 소매업,44,충청남도,44710,금산군,44710250,금산읍,4471025021,금산읍,4471025021106720001,1,대지,672,1,충청남도 금산군 금산읍 신대리 672-1,447103257044,충청남도 금산군 금산읍 인삼약초로,48,5,4471025021106720001017765,,충청남도 금산군 금산읍 인삼약초로 48-5,312804,32739,,,,127.499216225894,36.1008017514337
MA010120220805752539,영일약초,,G2,소매,G221,기타 상품 소매,G22199,그 외 기타 상품 전문 소매업,G47859,그 외 기타 분류 안된 상품 전문 소매업,44,충청남도,44710,금산군,44710250,금산읍,4471025022,금산읍,4471025022100320013,1,대지,32,13,충청남도 금산군 금산읍 중도리 32-13,447103257020,충청남도 금산군 금산읍 비단로,148,,4471025022100320013020604,,충청남도 금산군 금산읍 비단로 148,312806,32739,,,,127.495651626695,36.1008165497056
MA010120220805739111,동방약초,,G2,소매,G221,기타 상품 소매,G22199,그 외 기타 상품 전문 소매업,G47859,그 외 기타 분류 안된 상품 전문 소매업,44,충청남도,44710,금산군,44710250,금산읍,4471025022,금산읍,4471025022100240000,1,대지,24,,충청남도 금산군 금산읍 중도리 24,447103257044,충청남도 금산군 금산읍 인삼약초로,24,,4471025022100240000017736,,충청남도 금산군 금산읍 인삼약초로 24,312806,32739,,,,127.496457788994,36.1001012577521
MA010120220805741300,진산건재약초,,G2,소매,G221,기타 상품 소매,G22199,그 외 기타 상품 전문 소매업,G47859,그 외 기타 분류 안된 상품 전문 소매업,44,충청남도,44710,금산군,44710250,금산읍,4471025022,금산읍,4471025022100070001,1,대지,7,1,충청남도 금산군 금산읍 중도리 7-1,447103257042,충청남도 금산군 금산읍 인삼광장로,47,,4471025022100070001020661,,충청남도 금산군 금산읍 인삼광장로 47,312806,32739,,,,127.498954158378,36.1015057852482
MA010120220805741320,대림건재약업사,,G2,소매,G221,기타 상품 소매,G22199,그 외 기타 상품 전문 소매업,G47859,그 외 기타 분류 안된 상품 전문 소매업,44,충청남도,44710,금산군,44710250,금산읍,4471025022,금산읍,4471025022100330003,1,대지,33,3,충청남도 금산군 금산읍 중도리 33-3,447103257044,충청남도 금산군 금산읍 인삼약초로,28,,4471025022100330003020603,,충청남도 금산군 금산읍 인삼약초로 28,312806,32739,,,,127.496338302664,36.100525320629
MA010120220805741321,삼원약초,,G2,소매,G221,기타 상품 소매,G22199,그 외 기타 상품 전문 소매업,G47859,그 외 기타 분류 안된 상품 전문 소매업,44,충청남도,44710,금산군,44710250,금산읍,4471025022,금산읍,4471025022100080001,1,대지,8,1,충청남도 금산군 금산읍 중도리 8-1,447103257044,충청남도 금산군 금산읍 인삼약초로,45,,4471025022100080001020658,금산인삼국제시장,충청남도 금산군 금산읍 인삼약초로 45,312806,32739,,,,127.498324032177,36.1019590115178
MA010120220805741333,신흥인삼생약,,G2,소매,G221,기타 상품 소매,G22199,그 외 기타 상품 전문 소매업,G47859,그 외 기타 분류 안된 상품 전문 소매업,44,충청남도,44710,금산군,44710250,금산읍,4471025022,금산읍,4471025022100070001,1,대지,7,1,충청남도 금산군 금산읍 중도리 7-1,447103257042,충청남도 금산군 금산읍 인삼광장로,47,,4471025022100070001020661,금산인삼호텔,충청남도 금산군 금산읍 인삼광장로 47,312806,32739,,,,127.498954158378,36.1015057852482
MA010120220805752269,영구당건재약업사,,G2,소매,G221,기타 상품 소매,G22199,그 외 기타 상품 전문 소매업,G47859,그 외 기타 분류 안된 상품 전문 소매업,44,충청남도,44710,금산군,44710250,금산읍,4471025022,금산읍,4471025022100240000,1,대지,24,,충청남도 금산군 금산읍 중도리 24,447103257044,충청남도 금산군 금산읍 인삼약초로,24,,4471025022100240000017736,금산수삼센터,충청남도 금산군 금산읍 인삼약초로 24,312806,32739,,1,,127.496457788994,36.1001012577521
MA010120220805723810,제천대림약초,,G2,소매,G221,기타 상품 소매,G22199,그 외 기타 상품 전문 소매업,G47859,그 외 기타 분류 안된 상품 전문 소매업,43,충청북도,43150,제천시,43150605,화산동,4315010900,화산동,4315010900109870000,1,대지,987,,충청북도 제천시 화산동 987,431503239054,충청북도 제천시 원화산로,121,,4315010900109870000021404,약초시장,충청북도 제천시 원화산로 121,390150,27197,,,,128.219591048964,37.1278870787859
MA010120220805728127,삼우방재,,G2,소매,G221,기타 상품 소매,G22199,그 외 기타 상품 전문 소매업,G47859,그 외 기타 분류 안된 상품 전문 소매업,48,경상남도,48330,양산시,48330310,동면,4833031026,동면,4833031026114590007,1,대지,1459,7,경상남도 양산시 동면 석산리 1459-7,483304814925,경상남도 양산시 동면 금오12길,60,1,4833031026114590007000001,,경상남도 양산시 동면 금오12길 60-1,626821,50639,,,,129.02121840032,35.315524712084
MA010120220805739298,신라인삼제품,,G2,소매,G221,기타 상품 소매,G22199,그 외 기타 상품 전문 소매업,G47859,그 외 기타 분류 안된 상품 전문 소매업,44,충청남도,44710,금산군,44710250,금산읍,4471025022,금산읍,4471025022100070001,1,대지,7,1,충청남도 금산군 금산읍 중도리 7-1,447103257042,충청남도 금산군 금산읍 인삼광장로,47,,4471025022100070001020661,,충청남도 금산군 금산읍 인삼광장로 47,312806,32739,,,,127.498954158378,36.1015057852482
MA010120220805739301,창현인삼제품,,G2,소매,G221,기타 상품 소매,G22199,그 외 기타 상품 전문 소매업,G47859,그 외 기타 분류 안된 상품 전문 소매업,44,충청남도,44710,금산군,44710250,금산읍,4471025022,금산읍,4471025022100070001,1,대지,7,1,충청남도 금산군 금산읍 중도리 7-1,447103257042,충청남도 금산군 금산읍 인삼광장로,47,,4471025022100070001020661,,충청남도 금산군 금산읍 인삼광장로 47,312806,32739,,,,127.498954158378,36.1015057852482
MA010120220805739331,"신중건재약업사,금산신중홍삼",,G2,소매,G221,기타 상품 소매,G22199,그 외 기타 상품 전문 소매업,G47859,그 외 기타 분류 안된 상품 전문 소매업,44,충청남도,44710,금산군,44710250,금산읍,4471025022,금산읍,4471025022100350007,1,대지,35,7,충청남도 금산군 금산읍 중도리 35-7,447103257044,충청남도 금산군 금산읍 인삼약초로,29,6,4471025022100350007020593,,충청남도 금산군 금산읍 인삼약초로 29-6,312806,32739,,,,127.496442269563,36.1011647477114
MA010120220805741500,천궁인삼,,G2,소매,G221,기타 상품 소매,G22199,그 외 기타 상품 전문 소매업,G47859,그 외 기타 분류 안된 상품 전문 소매업,44,충청남도,44710,금산군,44710250,금산읍,4471025022,금산읍,4471025022100080001,1,대지,8,1,충청남도 금산군 금산읍 중도리 8-1,447103257044,충청남도 금산군 금산읍 인삼약초로,45,,4471025022100080001020658,금산인삼국제시장,충청남도 금산군 금산읍 인삼약초로 45,312806,32739,,,,127.498324032177,36.1019590115178
MA010120220805747534,용해불교미술원,,G2,소매,G221,기타 상품 소매,G22199,그 외 기타 상품 전문 소매업,G47859,그 외 기타 분류 안된 상품 전문 소매업,30,대전광역시,30110,동구,30110545,신인동,3011010200,인동,3011010200100100002,1,대지,10,2,대전광역시 동구 인동 10-2,301103010006,대전광역시 동구 대흥로,210,2,3011010200100100002026777,,대전광역시 동구 대흥로 210-2,300827,34631,,,,127.434943586041,36.3263867540023
MA010120220805743399,황금약초인삼사,,G2,소매,G221,기타 상품 소매,G22199,그 외 기타 상품 전문 소매업,G47859,그 외 기타 분류 안된 상품 전문 소매업,44,충청남도,44710,금산군,44710250,금산읍,4471025022,금산읍,4471025022100080001,1,대지,8,1,충청남도 금산군 금산읍 중도리 8-1,447103257044,충청남도 금산군 금산읍 인삼약초로,45,,4471025022100080001020658,국제인삼시장,충청남도 금산군 금산읍 인삼약초로 45,312806,32739,,,,127.498324032177,36.1019590115178
MA010120220805745536,대용생약,,G2,소매,G221,기타 상품 소매,G22199,그 외 기타 상품 전문 소매업,G47859,그 외 기타 분류 안된 상품 전문 소매업,44,충청남도,44710,금산군,44710250,금산읍,4471025022,금산읍,4471025022106010035,1,대지,601,35,충청남도 금산군 금산읍 중도리 601-35,447103257020,충청남도 금산군 금산읍 비단로,152,,4471025022106010035019212,,충청남도 금산군 금산읍 비단로 152,312806,32739,,,,127.495732416491,36.1013028678868
MA010120220805747590,성우약초인삼사,,G2,소매,G221,기타 상품 소매,G22199,그 외 기타 상품 전문 소매업,G47859,그 외 기타 분류 안된 상품 전문 소매업,44,충청남도,44710,금산군,44710250,금산읍,4471025022,금산읍,4471025022100070001,1,대지,7,1,충청남도 금산군 금산읍 중도리 7-1,447103257042,충청남도 금산군 금산읍 인삼광장로,47,,4471025022100070001020661,,충청남도 금산군 금산읍 인삼광장로 47,312806,32739,,,,127.498954158378,36.1015057852482
MA010120220805747651,보화당생약,,G2,소매,G221,기타 상품 소매,G22199,그 외 기타 상품 전문 소매업,G47859,그 외 기타 분류 안된 상품 전문 소매업,44,충청남도,44710,금산군,44710250,금산읍,4471025022,금산읍,4471025022100070001,1,대지,7,1,충청남도 금산군 금산읍 중도리 7-1,447103257042,충청남도 금산군 금산읍 인삼광장로,47,,4471025022100070001020661,인삼쇼핑센터,충청남도 금산군 금산읍 인삼광장로 47,312806,32739,,,,127.498954158378,36.1015057852482
MA010120220805771419,해동약업사,,G2,소매,G221,기타 상품 소매,G22199,그 외 기타 상품 전문 소매업,G47859,그 외 기타 분류 안된 상품 전문 소매업,44,충청남도,44710,금산군,44710250,금산읍,4471025022,금산읍,4471025022100300001,1,대지,30,1,충청남도 금산군 금산읍 중도리 30-1,447103257020,충청남도 금산군 금산읍 비단로,140,,4471025022100300001017733,,충청남도 금산군 금산읍 비단로 140,312806,32739,,,,127.495214472584,36.1001694872851
MA010120220805774462,홍삼약초인삼사,,G2,소매,G221,기타 상품 소매,G22199,그 외 기타 상품 전문 소매업,G47859,그 외 기타 분류 안된 상품 전문 소매업,44,충청남도,44710,금산군,44710250,금산읍,4471025022,금산읍,4471025022100240000,1,대지,24,,충청남도 금산군 금산읍 중도리 24,447103257044,충청남도 금산군 금산읍 인삼약초로,24,,4471025022100240000017736,,충청남도 금산군 금산읍 인삼약초로 24,312806,32739,,,,127.496457788994,36.1001012577521
MA010120220805776969,제일약초인삼사,,G2,소매,G221,기타 상품 소매,G22199,그 외 기타 상품 전문 소매업,G47859,그 외 기타 분류 안된 상품 전문 소매업,44,충청남도,44710,금산군,44710250,금산읍,4471025022,금산읍,4471025022100070001,1,대지,7,1,충청남도 금산군 금산읍 중도리 7-1,447103257042,충청남도 금산군 금산읍 인삼광장로,47,,4471025022100070001020661,인삼쇼핑센터,충청남도 금산군 금산읍 인삼광장로 47,312806,32739,,,,127.498954158378,36.1015057852482
MA010120220805779328,금산한누리식품,,G2,소매,G221,기타 상품 소매,G22199,그 외 기타 상품 전문 소매업,G47859,그 외 기타 분류 안된 상품 전문 소매업,44,충청남도,44710,금산군,44710310,금성면,4471031028,금성면,4471031028100440014,1,대지,44,14,충청남도 금산군 금성면 의총리 44-14,447104571529,충청남도 금산군 금성면 의총음지말길,11,4,4471031028100440014000001,,충청남도 금산군 금성면 의총음지말길 11-4,312911,32709,,,,127.496133518317,36.1332940102811
MA010120220805784838,영진인삼사,,G2,소매,G221,기타 상품 소매,G22199,그 외 기타 상품 전문 소매업,G47859,그 외 기타 분류 안된 상품 전문 소매업,44,충청남도,44710,금산군,44710250,금산읍,4471025022,금산읍,4471025022100070001,1,대지,7,1,충청남도 금산군 금산읍 중도리 7-1,447103257042,충청남도 금산군 금산읍 인삼광장로,47,,4471025022100070001020661,,충청남도 금산군 금산읍 인삼광장로 47,312806,32739,,,,127.498954158378,36.1015057852482
MA010120220805787488,금양약초인삼사,,G2,소매,G221,기타 상품 소매,G22199,그 외 기타 상품 전문 소매업,G47859,그 외 기타 분류 안된 상품 전문 소매업,44,충청남도,44710,금산군,44710250,금산읍,4471025022,금산읍,4471025022100070001,1,대지,7,1,충청남도 금산군 금산읍 중도리 7-1,447103257042,충청남도 금산군 금산읍 인삼광장로,47,,4471025022100070001020661,,충청남도 금산군 금산읍 인삼광장로 47,312806,32739,,,,127.498954158378,36.1015057852482
MA010120220805797696,협동농약사,,G2,소매,G221,기타 상품 소매,G22199,그 외 기타 상품 전문 소매업,G47859,그 외 기타 분류 안된 상품 전문 소매업,44,충청남도,44710,금산군,44710250,금산읍,4471025022,금산읍,4471025022104620001,1,대지,462,1,충청남도 금산군 금산읍 중도리 462-1,447104571023,충청남도 금산군 금산읍 건삼전길,22,3,4471025022104620001019427,,충청남도 금산군 금산읍 건삼전길 22-3,312806,32740,,,,127.491143351156,36.1008711620672
MA010120220805771676,오정불교사,,G2,소매,G221,기타 상품 소매,G22199,그 외 기타 상품 전문 소매업,G47859,그 외 기타 분류 안된 상품 전문 소매업,30,대전광역시,30230,대덕구,30230510,오정동,3023010100,오정동,3023010100100690012,1,대지,69,12,대전광역시 대덕구 오정동 69-12,302304304507,대전광역시 대덕구 한밭대로988번길,11,,3023010100100690012015582,,대전광역시 대덕구 한밭대로988번길 11,306817,34438,,,,127.408597707306,36.3570205521891
MA010120220805785155,비주거용 건물 임대업,,G2,소매,G221,기타 상품 소매,G22199,그 외 기타 상품 전문 소매업,G47859,그 외 기타 분류 안된 상품 전문 소매업,30,대전광역시,30140,중구,30140575,대흥동,3014010500,대흥동,3014010500106300000,1,대지,630,,대전광역시 중구 대흥동 630,301403164033,대전광역시 중구 중앙로,145,,3014010100102160000032432,B,대전광역시 중구 중앙로 145,301804,34838,,,,127.424875146839,36.3283154393241
MA010120220805790127,전원약업사,,G2,소매,G221,기타 상품 소매,G22199,그 외 기타 상품 전문 소매업,G47859,그 외 기타 분류 안된 상품 전문 소매업,44,충청남도,44710,금산군,44710250,금산읍,4471025022,금산읍,4471025022100080001,1,대지,8,1,충청남도 금산군 금산읍 중도리 8-1,447103257044,충청남도 금산군 금산읍 인삼약초로,45,,4471025022100080001020658,,충청남도 금산군 금산읍 인삼약초로 45,312806,32739,,,,127.498324032177,36.1019590115178
MA010120220805765080,무주인삼사,,G2,소매,G221,기타 상품 소매,G22199,그 외 기타 상품 전문 소매업,G47859,그 외 기타 분류 안된 상품 전문 소매업,44,충청남도,44710,금산군,44710250,금산읍,4471025022,금산읍,4471025022100080001,1,대지,8,1,충청남도 금산군 금산읍 중도리 8-1,447103257044,충청남도 금산군 금산읍 인삼약초로,45,,4471025022100080001020658,인삼국제시장,충청남도 금산군 금산읍 인삼약초로 45,312806,32739,,,,127.498324032177,36.1019590115178
MA010120220805767524,청춘약초,,G2,소매,G221,기타 상품 소매,G22199,그 외 기타 상품 전문 소매업,G47859,그 외 기타 분류 안된 상품 전문 소매업,44,충청남도,44710,금산군,44710250,금산읍,4471025022,금산읍,4471025022100310000,1,대지,31,,충청남도 금산군 금산읍 중도리 31,447103257020,충청남도 금산군 금산읍 비단로,144,,4471025022100310000020628,금산약초시장,충청남도 금산군 금산읍 비단로 144,312806,32739,,1,,127.495471179379,36.1003757039707
MA010120220805767525,만물약초인삼사,,G2,소매,G221,기타 상품 소매,G22199,그 외 기타 상품 전문 소매업,G47859,그 외 기타 분류 안된 상품 전문 소매업,44,충청남도,44710,금산군,44710250,금산읍,4471025022,금산읍,4471025022100310000,1,대지,31,,충청남도 금산군 금산읍 중도리 31,447103257020,충청남도 금산군 금산읍 비단로,144,,4471025022100310000020628,금산약초시장,충청남도 금산군 금산읍 비단로 144,312806,32739,,1,,127.495471179379,36.1003757039707
MA010120220805771749,금산참조은인삼사,,G2,소매,G221,기타 상품 소매,G22199,그 외 기타 상품 전문 소매업,G47859,그 외 기타 분류 안된 상품 전문 소매업,44,충청남도,44710,금산군,44710250,금산읍,4471025022,금산읍,4471025022105590010,1,대지,559,10,충청남도 금산군 금산읍 중도리 559-10,447103257020,충청남도 금산군 금산읍 비단로,134,,4471025022105590010017306,,충청남도 금산군 금산읍 비단로 134,312806,32739,,,,127.494944910445,36.0996839485444
MA010120220805785217,성인마트,,G2,소매,G221,기타 상품 소매,G22199,그 외 기타 상품 전문 소매업,G47859,그 외 기타 분류 안된 상품 전문 소매업,30,대전광역시,30110,동구,30110585,대동,3011011000,대동,3011011000101600021,1,대지,160,21,대전광역시 동구 대동 160-21,301103164009,대전광역시 동구 동대전로,63,,3011011000101600021024602,,대전광역시 동구 동대전로 63,300811,34604,,,,127.44150741072,36.3291022647648
MA010120220805762847,대성불교사,,G2,소매,G221,기타 상품 소매,G22199,그 외 기타 상품 전문 소매업,G47859,그 외 기타 분류 안된 상품 전문 소매업,30,대전광역시,30140,중구,30140700,유천1동,3014011500,유천동,3014011500102560002,1,대지,256,2,대전광역시 중구 유천동 256-2,301404295544,대전광역시 중구 유천로47번길,41,,3014011500102560002021901,유,대전광역시 중구 유천로47번길 41,301837,34975,,,,127.395768454277,36.3162764841835
MA010120220805774933,대광상사,,G2,소매,G221,기타 상품 소매,G22199,그 외 기타 상품 전문 소매업,G47859,그 외 기타 분류 안된 상품 전문 소매업,30,대전광역시,30140,중구,30140710,유천2동,3014011500,유천동,3014011500101710019,1,대지,171,19,대전광역시 중구 유천동 171-19,301403165035,대전광역시 중구 유천로,22,,3014011500101710019006301,,대전광역시 중구 유천로 22,301833,34970,,,,127.399001020362,36.3147337329114
MA010120220805777496,신풍홍삼약초,,G2,소매,G221,기타 상품 소매,G22199,그 외 기타 상품 전문 소매업,G47859,그 외 기타 분류 안된 상품 전문 소매업,44,충청남도,44710,금산군,44710250,금산읍,4471025022,금산읍,4471025022100240000,1,대지,24,,충청남도 금산군 금산읍 중도리 24,447103257044,충청남도 금산군 금산읍 인삼약초로,24,,4471025022100240000017736,금산수삼센터,충청남도 금산군 금산읍 인삼약초로 24,312806,32739,,,,127.496457788994,36.1001012577521
MA010120220805790506,대화약품식품사업부,,G2,소매,G221,기타 상품 소매,G22199,그 외 기타 상품 전문 소매업,G47859,그 외 기타 분류 안된 상품 전문 소매업,44,충청남도,44710,금산군,44710250,금산읍,4471025022,금산읍,4471025022100080001,1,대지,8,1,충청남도 금산군 금산읍 중도리 8-1,447103257044,충청남도 금산군 금산읍 인삼약초로,45,,4471025022100080001020658,금산인삼국제시장,충청남도 금산군 금산읍 인삼약초로 45,312806,32739,,,,127.498324032177,36.1019590115178
MA010120220805799795,경일상회,,G2,소매,G221,기타 상품 소매,G22199,그 외 기타 상품 전문 소매업,G47859,그 외 기타 분류 안된 상품 전문 소매업,26,부산광역시,26710,기장군,26710330,철마면,2671033031,철마면,2671033031107430000,1,대지,743,,부산광역시 기장군 철마면 임기리 743,267104220348,부산광역시 기장군 철마면 탑골길,7,,2671033031107430000003745,,부산광역시 기장군 철마면 탑골길 7,619873,46002,,,,129.119394317196,35.3187723242564
MA010120220805760632,파티앤데코,,G2,소매,G221,기타 상품 소매,G22199,그 외 기타 상품 전문 소매업,G47859,그 외 기타 분류 안된 상품 전문 소매업,11,서울특별시,11650,서초구,11650600,방배1동,1165010100,방배동,1165010100109200027,1,대지,920,27,서울특별시 서초구 방배동 920-27,116504163251,서울특별시 서초구 방배로13길,56,,1165010100109200027015110,단곡빌딩,서울특별시 서초구 방배로13길 56,137843,06684,,1,,126.993532806631,37.4822218327125
MA010120220805765317,대선약초인삼사,,G2,소매,G221,기타 상품 소매,G22199,그 외 기타 상품 전문 소매업,G47859,그 외 기타 분류 안된 상품 전문 소매업,44,충청남도,44710,금산군,44710250,금산읍,4471025022,금산읍,4471025022100240000,1,대지,24,,충청남도 금산군 금산읍 중도리 24,447103257044,충청남도 금산군 금산읍 인삼약초로,24,,4471025022100240000017736,,충청남도 금산군 금산읍 인삼약초로 24,312806,32739,,,,127.496457788994,36.1001012577521
MA010120220805767836,한국월드그린,,G2,소매,G221,기타 상품 소매,G22199,그 외 기타 상품 전문 소매업,G47859,그 외 기타 분류 안된 상품 전문 소매업,30,대전광역시,30170,서구,30170530,도마2동,3017010300,도마동,3017010300105600001,1,대지,560,1,대전광역시 서구 도마동 560-1,301703166028,대전광역시 서구 배재로,18,,3017010300105600001030594,,대전광역시 서구 배재로 18,302871,35340,,,,127.368605095293,36.3107219368459
MA010120220805769725,금산영농인삼,,G2,소매,G221,기타 상품 소매,G22199,그 외 기타 상품 전문 소매업,G47859,그 외 기타 분류 안된 상품 전문 소매업,44,충청남도,44710,금산군,44710250,금산읍,4471025025,금산읍,4471025025106730006,1,대지,673,6,충청남도 금산군 금산읍 아인리 673-6,447104571085,충청남도 금산군 금산읍 남사직4길,17,,4471025025101730002014850,,충청남도 금산군 금산읍 남사직4길 17,312805,32742,,,,127.479731056836,36.1069464811412
MA010120220805775031,정천고려홍삼약업사,,G2,소매,G221,기타 상품 소매,G22199,그 외 기타 상품 전문 소매업,G47859,그 외 기타 분류 안된 상품 전문 소매업,44,충청남도,44710,금산군,44710250,금산읍,4471025022,금산읍,4471025022100080001,1,대지,8,1,충청남도 금산군 금산읍 중도리 8-1,447103257044,충청남도 금산군 금산읍 인삼약초로,45,,4471025022100080001020658,,충청남도 금산군 금산읍 인삼약초로 45,312806,32739,,,,127.498324032177,36.1019590115178
MA010120220805775074,신창인삼사,,G2,소매,G221,기타 상품 소매,G22199,그 외 기타 상품 전문 소매업,G47859,그 외 기타 분류 안된 상품 전문 소매업,44,충청남도,44710,금산군,44710250,금산읍,4471025022,금산읍,4471025022100240000,1,대지,24,,충청남도 금산군 금산읍 중도리 24,447103257044,충청남도 금산군 금산읍 인삼약초로,24,,4471025022100240000017736,,충청남도 금산군 금산읍 인삼약초로 24,312806,32739,,,,127.496457788994,36.1001012577521
MA010120220805779912,옥토농약마트,,G2,소매,G221,기타 상품 소매,G22199,그 외 기타 상품 전문 소매업,G47859,그 외 기타 분류 안된 상품 전문 소매업,44,충청남도,44710,금산군,44710390,추부면,4471039023,추부면,4471039023105600033,1,대지,560,33,충청남도 금산군 추부면 마전리 560-33,447103257060,충청남도 금산군 추부면 대학로,70,,4471039023105600033042730,,충청남도 금산군 추부면 대학로 70,312941,32714,,,,127.465391703867,36.1912924776792
MA010120220805782871,조은유통,,G2,소매,G221,기타 상품 소매,G22199,그 외 기타 상품 전문 소매업,G47859,그 외 기타 분류 안된 상품 전문 소매업,30,대전광역시,30140,중구,30140620,석교동,3014010900,옥계동,3014010900100420020,1,대지,42,20,대전광역시 중구 옥계동 42-20,301403010004,대전광역시 중구 대종로,80,,3014010900100420020000568,,대전광역시 중구 대종로 80,301820,35040,,,,127.453768788195,36.3001465592261
MA010120220805788037,사람사랑상사,,G2,소매,G221,기타 상품 소매,G22199,그 외 기타 상품 전문 소매업,G47859,그 외 기타 분류 안된 상품 전문 소매업,30,대전광역시,30140,중구,30140740,산성동,3014011700,산성동,3014011700101400041,1,대지,140,41,대전광역시 중구 산성동 140-41,301404295107,대전광역시 중구 대둔산로494번길,6,,3014011700101400041009107,,대전광역시 중구 대둔산로494번길 6,301817,34979,,1,,127.389683652141,36.3130702500547
MA010120220805793567,악세창고,,G2,소매,G221,기타 상품 소매,G22199,그 외 기타 상품 전문 소매업,G47859,그 외 기타 분류 안된 상품 전문 소매업,30,대전광역시,30140,중구,30140575,대흥동,3014010500,대흥동,3014010500106300000,1,대지,630,,대전광역시 중구 대흥동 630,301403164033,대전광역시 중구 중앙로,145,,3014010100102160000032432,상가A구역가열,대전광역시 중구 중앙로 145,301804,34838,,,,127.424875146839,36.3283154393241
MA010120220805763078,상우약초,,G2,소매,G221,기타 상품 소매,G22199,그 외 기타 상품 전문 소매업,G47859,그 외 기타 분류 안된 상품 전문 소매업,44,충청남도,44710,금산군,44710250,금산읍,4471025022,금산읍,4471025022100320011,1,대지,32,11,충청남도 금산군 금산읍 중도리 32-11,447103257044,충청남도 금산군 금산읍 인삼약초로,25,,4471025022100320011020605,,충청남도 금산군 금산읍 인삼약초로 25,312806,32739,,,,127.496096040267,36.1008507588561
MA010120220805765578,사바누리,,G2,소매,G221,기타 상품 소매,G22199,그 외 기타 상품 전문 소매업,G47859,그 외 기타 분류 안된 상품 전문 소매업,30,대전광역시,30110,동구,30110695,삼성동,3011011800,삼성동,3011011800102950022,1,대지,295,22,대전광역시 동구 삼성동 295-22,301103010002,대전광역시 동구 대전로,894,6,3011011800102950022015386,,대전광역시 동구 대전로 894-6,300812,34621,,,,127.429264876138,36.3387714180337
MA010120220805772364,해조불교사,,G2,소매,G221,기타 상품 소매,G22199,그 외 기타 상품 전문 소매업,G47859,그 외 기타 분류 안된 상품 전문 소매업,30,대전광역시,30140,중구,30140710,유천2동,3014011500,유천동,3014011500102170001,1,대지,217,1,대전광역시 중구 유천동 217-1,301404295544,대전광역시 중구 유천로47번길,23,,3014011500102170001025367,,대전광역시 중구 유천로47번길 23,301836,34973,,,,127.396638240801,36.3165169198511
MA010120220805775090,보문서점붓다존,,G2,소매,G221,기타 상품 소매,G22199,그 외 기타 상품 전문 소매업,G47859,그 외 기타 분류 안된 상품 전문 소매업,30,대전광역시,30110,동구,30110515,중앙동,3011012000,중동,3011012000100270007,1,대지,27,7,대전광역시 동구 중동 27-7,301104292132,대전광역시 동구 대전로797번길,42,,3011012000100270007023762,,대전광역시 동구 대전로797번길 42,300160,34628,,,,127.430620109789,36.3300071148716
MA010120220805775309,정인홍삼약초,,G2,소매,G221,기타 상품 소매,G22199,그 외 기타 상품 전문 소매업,G47859,그 외 기타 분류 안된 상품 전문 소매업,44,충청남도,44710,금산군,44710250,금산읍,4471025022,금산읍,4471025022100330014,1,대지,33,14,충청남도 금산군 금산읍 중도리 33-14,447103257044,충청남도 금산군 금산읍 인삼약초로,30,,4471025022100330014020602,,충청남도 금산군 금산읍 인삼약초로 30,312806,32739,,,,127.496460793787,36.1005788856636
MA010120220805777804,성신헌목재,,G2,소매,G221,기타 상품 소매,G22199,그 외 기타 상품 전문 소매업,G47519,"페인트, 창호 및 기타 건설자재 소매업",30,대전광역시,30140,중구,30140690,태평2동,3014011400,태평동,3014011400104140031,1,대지,414,31,대전광역시 중구 태평동 414-31,301403165034,대전광역시 중구 유등천동로,512,,3014011400104140031018659,,대전광역시 중구 유등천동로 512,301845,34884,,,,127.390819493125,36.3264670773656
MA010120220805769891,가온누리인삼약초,,G2,소매,G221,기타 상품 소매,G22199,그 외 기타 상품 전문 소매업,G47859,그 외 기타 분류 안된 상품 전문 소매업,44,충청남도,44710,금산군,44710250,금산읍,4471025022,금산읍,4471025022100080001,1,대지,8,1,충청남도 금산군 금산읍 중도리 8-1,447103257044,충청남도 금산군 금산읍 인삼약초로,45,,4471025022100080001020658,국제인삼시장,충청남도 금산군 금산읍 인삼약초로 45,312806,32739,,1,,127.498324032177,36.1019590115178
MA010120220805775423,금산하늘꽃인삼,,G2,소매,G221,기타 상품 소매,G22199,그 외 기타 상품 전문 소매업,G47859,그 외 기타 분류 안된 상품 전문 소매업,44,충청남도,44710,금산군,44710250,금산읍,4471025022,금산읍,4471025022100080001,1,대지,8,1,충청남도 금산군 금산읍 중도리 8-1,447103257044,충청남도 금산군 금산읍 인삼약초로,45,,4471025022100080001020658,국제시장,충청남도 금산군 금산읍 인삼약초로 45,312806,32739,,1,,127.498324032177,36.1019590115178
MA010120220805788479,해천홍삼약초,,G2,소매,G221,기타 상품 소매,G22199,그 외 기타 상품 전문 소매업,G47859,그 외 기타 분류 안된 상품 전문 소매업,44,충청남도,44710,금산군,44710250,금산읍,4471025022,금산읍,4471025022100170003,1,대지,17,3,충청남도 금산군 금산읍 중도리 17-3,447103257044,충청남도 금산군 금산읍 인삼약초로,40,,4471025022100170003020650,,충청남도 금산군 금산읍 인삼약초로 40,312806,32739,,,,127.497360951088,36.1006832976183
MA010120220805768252,광덕홍삼약초,,G2,소매,G221,기타 상품 소매,G22199,그 외 기타 상품 전문 소매업,G47859,그 외 기타 분류 안된 상품 전문 소매업,44,충청남도,44710,금산군,44710250,금산읍,4471025024,금산읍,4471025024100310018,1,대지,31,18,충청남도 금산군 금산읍 상리 31-18,447104571697,충청남도 금산군 금산읍 후곤천길,41,,4471025024100310018016684,,충청남도 금산군 금산읍 후곤천길 41,312802,32736,,,,127.487228531007,36.1071144925183
MA010120220805772764,영진약초,,G2,소매,G221,기타 상품 소매,G22199,그 외 기타 상품 전문 소매업,G47859,그 외 기타 분류 안된 상품 전문 소매업,44,충청남도,44710,금산군,44710250,금산읍,4471025022,금산읍,4471025022100320011,1,대지,32,11,충청남도 금산군 금산읍 중도리 32-11,447103257044,충청남도 금산군 금산읍 인삼약초로,25,,4471025022100320011020605,,충청남도 금산군 금산읍 인삼약초로 25,312806,32739,,,,127.496096040267,36.1008507588561
MA010120220805788580,용천상사,,G2,소매,G221,기타 상품 소매,G22199,그 외 기타 상품 전문 소매업,G47859,그 외 기타 분류 안된 상품 전문 소매업,44,충청남도,44710,금산군,44710340,군북면,4471034023,군북면,4471034023101300004,1,대지,130,4,충청남도 금산군 군북면 외부리 130-4,447104571452,충청남도 금산군 군북면 외부2길,15,,4471034023101300004037174,,충청남도 금산군 군북면 외부2길 15,312831,32721,,,,127.504147248106,36.1390913290456
MA010120220805793984,도곡약초,,G2,소매,G221,기타 상품 소매,G22199,그 외 기타 상품 전문 소매업,G47859,그 외 기타 분류 안된 상품 전문 소매업,44,충청남도,44710,금산군,44710250,금산읍,4471025022,금산읍,4471025022100310000,1,대지,31,,충청남도 금산군 금산읍 중도리 31,447103257020,충청남도 금산군 금산읍 비단로,144,,4471025022100310000020628,약초도매시장,충청남도 금산군 금산읍 비단로 144,312806,32739,,1,,127.495471179379,36.1003757039707
MA010120220805799517,성원상사,,G2,소매,G221,기타 상품 소매,G22199,그 외 기타 상품 전문 소매업,G47859,그 외 기타 분류 안된 상품 전문 소매업,47,경상북도,47150,김천시,47150575,대신동,4715011000,삼락동,4715011000109670004,1,대지,967,4,경상북도 김천시 삼락동 967-4,471504718036,경상북도 김천시 거문들1길,82,24,4715011000109670004000001,,경상북도 김천시 거문들1길 82-24,740200,39527,,,,128.078284487326,36.1397862289826
MA010120220805778192,금산묘목나라,,G2,소매,G221,기타 상품 소매,G22199,그 외 기타 상품 전문 소매업,G47859,그 외 기타 분류 안된 상품 전문 소매업,36,세종특별자치시,36110,세종특별자치시,36110330,부강면,3611033027,부강면,3611033027101130001,1,대지,113,1,세종특별자치시 세종특별자치시 부강면 노호리 113-1,361103240044,세종특별자치시 세종특별자치시 부강면 시목부강로,213,,3611033027101130001000001,,세종특별자치시 세종특별자치시 부강면 시목부강로 213,339943,30078,,,,127.400631656496,36.4937539576
MA010120220805786096,육성인삼사,,G2,소매,G221,기타 상품 소매,G22199,그 외 기타 상품 전문 소매업,G47859,그 외 기타 분류 안된 상품 전문 소매업,44,충청남도,44710,금산군,44710250,금산읍,4471025022,금산읍,4471025022104440004,1,대지,444,4,충청남도 금산군 금산읍 중도리 444-4,447104571020,충청남도 금산군 금산읍 건삼전1길,22,,4471025022104440004019456,종묘인삼사,충청남도 금산군 금산읍 건삼전1길 22,312806,32740,,,,127.491998299816,36.1008496304539
MA010120220805761291,금산인삼,,G2,소매,G221,기타 상품 소매,G22199,그 외 기타 상품 전문 소매업,G47859,그 외 기타 분류 안된 상품 전문 소매업,44,충청남도,44710,금산군,44710250,금산읍,4471025022,금산읍,4471025022100300001,1,대지,30,1,충청남도 금산군 금산읍 중도리 30-1,447103257020,충청남도 금산군 금산읍 비단로,140,,4471025022100300001017733,,충청남도 금산군 금산읍 비단로 140,312806,32739,,,,127.495214472584,36.1001694872851
MA010120220805766215,가람인삼,,G2,소매,G221,기타 상품 소매,G22199,그 외 기타 상품 전문 소매업,G47859,그 외 기타 분류 안된 상품 전문 소매업,44,충청남도,44710,금산군,44710250,금산읍,4471025021,금산읍,4471025021104190006,1,대지,419,6,충청남도 금산군 금산읍 신대리 419-6,447103257042,충청남도 금산군 금산읍 인삼광장로,38,,4471025021104190006020684,,충청남도 금산군 금산읍 인삼광장로 38,312804,32739,,,,127.500158865858,36.1005995546126
MA010120220805775825,계룡민속만물,,G2,소매,G221,기타 상품 소매,G22199,그 외 기타 상품 전문 소매업,G47859,그 외 기타 분류 안된 상품 전문 소매업,30,대전광역시,30140,중구,30140640,부사동,3014011100,부사동,3014011100101420017,1,대지,142,17,대전광역시 중구 부사동 142-17,301403164032,대전광역시 중구 보문로,95,,3014011100101420017021372,,대전광역시 중구 보문로 95,301815,35046,,,,127.430506284279,36.3133627746259
MA010120220805794469,신세계장의상사,,G2,소매,G221,기타 상품 소매,G22199,그 외 기타 상품 전문 소매업,G47859,그 외 기타 분류 안된 상품 전문 소매업,30,대전광역시,30140,중구,30140740,산성동,3014011700,산성동,3014011700103090005,1,대지,309,5,대전광역시 중구 산성동 309-5,301403010022,대전광역시 중구 보문산로,114,,3014011700103090005005471,,대전광역시 중구 보문산로 114,301819,35054,,,,127.392850933047,36.3051745518382
MA010120220805794484,고산상회,,G2,소매,G221,기타 상품 소매,G22199,그 외 기타 상품 전문 소매업,G47859,그 외 기타 분류 안된 상품 전문 소매업,44,충청남도,44710,금산군,44710250,금산읍,4471025022,금산읍,4471025022100320013,1,대지,32,13,충청남도 금산군 금산읍 중도리 32-13,447103257020,충청남도 금산군 금산읍 비단로,148,,4471025022100320013020604,,충청남도 금산군 금산읍 비단로 148,312806,32739,,,,127.495651626695,36.1008165497056
MA010120220805761358,금산인삼시장,,G2,소매,G221,기타 상품 소매,G22199,그 외 기타 상품 전문 소매업,G47859,그 외 기타 분류 안된 상품 전문 소매업,44,충청남도,44710,금산군,44710250,금산읍,4471025022,금산읍,4471025022100070001,1,대지,7,1,충청남도 금산군 금산읍 중도리 7-1,447103257042,충청남도 금산군 금산읍 인삼광장로,47,,4471025022100070001020661,인삼쇼핑,충청남도 금산군 금산읍 인삼광장로 47,312806,32739,,,,127.498954158378,36.1015057852482
MA010120220805766243,근대약초인삼사,,G2,소매,G221,기타 상품 소매,G22199,그 외 기타 상품 전문 소매업,G47859,그 외 기타 분류 안된 상품 전문 소매업,44,충청남도,44710,금산군,44710250,금산읍,4471025021,금산읍,4471025021104190006,1,대지,419,6,충청남도 금산군 금산읍 신대리 419-6,447103257042,충청남도 금산군 금산읍 인삼광장로,38,,4471025021104190006020684,,충청남도 금산군 금산읍 인삼광장로 38,312804,32739,,,,127.500158865858,36.1005995546126
MA010120220805766292,우리인삼약초사,,G2,소매,G221,기타 상품 소매,G22199,그 외 기타 상품 전문 소매업,G47859,그 외 기타 분류 안된 상품 전문 소매업,44,충청남도,44710,금산군,44710250,금산읍,4471025022,금산읍,4471025022100240000,1,대지,24,,충청남도 금산군 금산읍 중도리 24,447103257044,충청남도 금산군 금산읍 인삼약초로,24,,4471025022100240000017736,,충청남도 금산군 금산읍 인삼약초로 24,312806,32739,,,,127.496457788994,36.1001012577521
MA010120220805780930,건강백세,,G2,소매,G221,기타 상품 소매,G22199,그 외 기타 상품 전문 소매업,G47859,그 외 기타 분류 안된 상품 전문 소매업,44,충청남도,44710,금산군,44710250,금산읍,4471025022,금산읍,4471025022100230000,1,대지,23,,충청남도 금산군 금산읍 중도리 23,447104571410,충청남도 금산군 금산읍 약초1길,21,3,4471025022100340008020722,수삼센터,충청남도 금산군 금산읍 약초1길 21-3,312806,32739,,,,127.496925940177,36.1003786917079
MA010120220805781015,순심상회,,G2,소매,G221,기타 상품 소매,G22199,그 외 기타 상품 전문 소매업,G47859,그 외 기타 분류 안된 상품 전문 소매업,44,충청남도,44710,금산군,44710250,금산읍,4471025022,금산읍,4471025022100240000,1,대지,24,,충청남도 금산군 금산읍 중도리 24,447103257044,충청남도 금산군 금산읍 인삼약초로,24,,4471025022100240000017736,금산수삼센터,충청남도 금산군 금산읍 인삼약초로 24,312806,32739,,,,127.496457788994,36.1001012577521
MA010120220805773235,원석약초인삼사,,G2,소매,G221,기타 상품 소매,G22199,그 외 기타 상품 전문 소매업,G47859,그 외 기타 분류 안된 상품 전문 소매업,44,충청남도,44710,금산군,44710250,금산읍,4471025022,금산읍,4471025022100230000,1,대지,23,,충청남도 금산군 금산읍 중도리 23,447104571410,충청남도 금산군 금산읍 약초1길,21,3,4471025022100340008020722,,충청남도 금산군 금산읍 약초1길 21-3,312806,32739,,,,127.496925940177,36.1003786917079
MA010120220805776183,한방약초사,,G2,소매,G221,기타 상품 소매,G22199,그 외 기타 상품 전문 소매업,G47859,그 외 기타 분류 안된 상품 전문 소매업,44,충청남도,44710,금산군,44710250,금산읍,4471025022,금산읍,4471025022100240000,1,대지,24,,충청남도 금산군 금산읍 중도리 24,447103257044,충청남도 금산군 금산읍 인삼약초로,24,,4471025022100240000017736,,충청남도 금산군 금산읍 인삼약초로 24,312806,32739,,,,127.496457788994,36.1001012577521
MA010120220805776222,즉석명함,,G2,소매,G221,기타 상품 소매,G22199,그 외 기타 상품 전문 소매업,G47859,그 외 기타 분류 안된 상품 전문 소매업,44,충청남도,44710,금산군,44710250,금산읍,4471025024,금산읍,4471025024100220003,1,대지,22,3,충청남도 금산군 금산읍 상리 22-3,447103257020,충청남도 금산군 금산읍 비단로,301,2,4471025024100220003018609,,충청남도 금산군 금산읍 비단로 301-2,312802,32733,,2,,127.489710246296,36.1097268880128
MA010120220805776233,튼튼원,,G2,소매,G221,기타 상품 소매,G22199,그 외 기타 상품 전문 소매업,G47859,그 외 기타 분류 안된 상품 전문 소매업,44,충청남도,44710,금산군,44710330,부리면,4471033032,부리면,4471033032102130001,1,대지,213,1,충청남도 금산군 부리면 현내리 213-1,447104571065,충청남도 금산군 부리면 금고길,16,2,4471033032102130001006817,,충청남도 금산군 부리면 금고길 16-2,312843,32757,,,,127.562063898521,36.0484335359088
MA010120220805784044,우노꼬레,,G2,소매,G221,기타 상품 소매,G22199,그 외 기타 상품 전문 소매업,G47859,그 외 기타 분류 안된 상품 전문 소매업,30,대전광역시,30140,중구,30140575,대흥동,3014010500,대흥동,3014010500106300000,1,대지,630,,대전광역시 중구 대흥동 630,301403164033,대전광역시 중구 중앙로,145,,3014010100102160000032432,상가아파트,대전광역시 중구 중앙로 145,301804,34838,,,,127.424875146839,36.3283154393241
MA010120220805766502,향우인삼약초사,,G2,소매,G221,기타 상품 소매,G22199,그 외 기타 상품 전문 소매업,G47859,그 외 기타 분류 안된 상품 전문 소매업,44,충청남도,44710,금산군,44710250,금산읍,4471025022,금산읍,4471025022100180026,1,대지,18,26,충청남도 금산군 금산읍 중도리 18-26,447103257038,충청남도 금산군 금산읍 약초로,50,,4471025022100180026017441,,충청남도 금산군 금산읍 약초로 50,312806,32739,,1,,127.4985474408,36.1004080043819
MA010120220805773541,금영약초,,G2,소매,G221,기타 상품 소매,G22199,그 외 기타 상품 전문 소매업,G47859,그 외 기타 분류 안된 상품 전문 소매업,44,충청남도,44710,금산군,44710250,금산읍,4471025022,금산읍,4471025022106380000,1,대지,638,,충청남도 금산군 금산읍 중도리 638,447103257044,충청남도 금산군 금산읍 인삼약초로,4,,4471025022106380000017291,,충청남도 금산군 금산읍 인삼약초로 4,312806,32747,,,,127.493538920025,36.1003746663025
MA010120220805776302,초현약초사,,G2,소매,G221,기타 상품 소매,G22199,그 외 기타 상품 전문 소매업,G47859,그 외 기타 분류 안된 상품 전문 소매업,44,충청남도,44710,금산군,44710250,금산읍,4471025022,금산읍,4471025022100240000,1,대지,24,,충청남도 금산군 금산읍 중도리 24,447103257044,충청남도 금산군 금산읍 인삼약초로,24,,4471025022100240000017736,,충청남도 금산군 금산읍 인삼약초로 24,312806,32739,,,,127.496457788994,36.1001012577521
MA010120220805781246,대양약초인삼사,,G2,소매,G221,기타 상품 소매,G22199,그 외 기타 상품 전문 소매업,G47859,그 외 기타 분류 안된 상품 전문 소매업,44,충청남도,44710,금산군,44710250,금산읍,4471025022,금산읍,4471025022100080001,1,대지,8,1,충청남도 금산군 금산읍 중도리 8-1,447103257044,충청남도 금산군 금산읍 인삼약초로,45,,4471025022100080001020658,,충청남도 금산군 금산읍 인삼약초로 45,312806,32739,,,,127.498324032177,36.1019590115178
MA010120220805789423,천하물산,,G2,소매,G221,기타 상품 소매,G22199,그 외 기타 상품 전문 소매업,G47859,그 외 기타 분류 안된 상품 전문 소매업,44,충청남도,44710,금산군,44710250,금산읍,4471025022,금산읍,4471025022100320009,1,대지,32,9,충청남도 금산군 금산읍 중도리 32-9,447103257044,충청남도 금산군 금산읍 인삼약초로,29,4,4471025022100320009020607,,충청남도 금산군 금산읍 인삼약초로 29-4,312806,32739,,1,,127.496507593765,36.1009571991754
MA010120220805766632,토속홍삼약초,,G2,소매,G221,기타 상품 소매,G22199,그 외 기타 상품 전문 소매업,G47859,그 외 기타 분류 안된 상품 전문 소매업,44,충청남도,44710,금산군,44710250,금산읍,4471025021,금산읍,4471025021106700000,1,대지,670,,충청남도 금산군 금산읍 신대리 670,447103257042,충청남도 금산군 금산읍 인삼광장로,43,,4471025021106700000000001,,충청남도 금산군 금산읍 인삼광장로 43,312804,32739,,1,,127.499426872346,36.1007468011436
MA010120220805773646,호산당약초인삼사,,G2,소매,G221,기타 상품 소매,G22199,그 외 기타 상품 전문 소매업,G47859,그 외 기타 분류 안된 상품 전문 소매업,44,충청남도,44710,금산군,44710250,금산읍,4471025022,금산읍,4471025022100070001,1,대지,7,1,충청남도 금산군 금산읍 중도리 7-1,447103257042,충청남도 금산군 금산읍 인삼광장로,47,,4471025022100070001020661,,충청남도 금산군 금산읍 인삼광장로 47,312806,32739,,,,127.498954158378,36.1015057852482
MA010120220805764425,경인인삼사,,G2,소매,G221,기타 상품 소매,G22199,그 외 기타 상품 전문 소매업,G47859,그 외 기타 분류 안된 상품 전문 소매업,44,충청남도,44710,금산군,44710250,금산읍,4471025022,금산읍,4471025022100080001,1,대지,8,1,충청남도 금산군 금산읍 중도리 8-1,447103257044,충청남도 금산군 금산읍 인삼약초로,45,,4471025022100080001020658,인삼국제시장,충청남도 금산군 금산읍 인삼약초로 45,312806,32739,,,,127.498324032177,36.1019590115178
MA010120220805771023,승현약초인삼사,,G2,소매,G221,기타 상품 소매,G22199,그 외 기타 상품 전문 소매업,G47859,그 외 기타 분류 안된 상품 전문 소매업,44,충청남도,44710,금산군,44710250,금산읍,4471025022,금산읍,4471025022102360020,1,대지,236,20,충청남도 금산군 금산읍 중도리 236-20,447104571697,충청남도 금산군 금산읍 후곤천길,127,3,4471025022102360020019844,,충청남도 금산군 금산읍 후곤천길 127-3,312806,32735,,,,127.496165051297,36.1047617152759
MA010120220805773902,다도약초,,G2,소매,G221,기타 상품 소매,G22199,그 외 기타 상품 전문 소매업,G47859,그 외 기타 분류 안된 상품 전문 소매업,44,충청남도,44710,금산군,44710250,금산읍,4471025022,금산읍,4471025022100310000,1,대지,31,,충청남도 금산군 금산읍 중도리 31,447103257020,충청남도 금산군 금산읍 비단로,144,,4471025022100310000020628,,충청남도 금산군 금산읍 비단로 144,312806,32739,,,,127.495471179379,36.1003757039707
MA010120220805773903,제일약초,,G2,소매,G221,기타 상품 소매,G22199,그 외 기타 상품 전문 소매업,G47859,그 외 기타 분류 안된 상품 전문 소매업,44,충청남도,44710,금산군,44710250,금산읍,4471025022,금산읍,4471025022100310000,1,대지,31,,충청남도 금산군 금산읍 중도리 31,447103257020,충청남도 금산군 금산읍 비단로,144,,4471025022100310000020628,,충청남도 금산군 금산읍 비단로 144,312806,32739,,,,127.495471179379,36.1003757039707
MA010120220805773904,대성약초,,G2,소매,G221,기타 상품 소매,G22199,그 외 기타 상품 전문 소매업,G47859,그 외 기타 분류 안된 상품 전문 소매업,44,충청남도,44710,금산군,44710250,금산읍,4471025022,금산읍,4471025022100310000,1,대지,31,,충청남도 금산군 금산읍 중도리 31,447103257020,충청남도 금산군 금산읍 비단로,144,,4471025022100310000020628,,충청남도 금산군 금산읍 비단로 144,312806,32739,,,,127.495471179379,36.1003757039707
MA010120220805776746,황해약초,,G2,소매,G221,기타 상품 소매,G22199,그 외 기타 상품 전문 소매업,G47859,그 외 기타 분류 안된 상품 전문 소매업,44,충청남도,44710,금산군,44710250,금산읍,4471025022,금산읍,4471025022100310000,1,대지,31,,충청남도 금산군 금산읍 중도리 31,447103257020,충청남도 금산군 금산읍 비단로,144,,4471025022100310000020628,,충청남도 금산군 금산읍 비단로 144,312806,32739,,,,127.495471179379,36.1003757039707
MA010120220805795189,금향,,G2,소매,G221,기타 상품 소매,G22199,그 외 기타 상품 전문 소매업,G47859,그 외 기타 분류 안된 상품 전문 소매업,44,충청남도,44710,금산군,44710250,금산읍,4471025022,금산읍,4471025022100240005,1,대지,24,5,충청남도 금산군 금산읍 중도리 24-5,447103257038,충청남도 금산군 금산읍 약초로,10,,4471025022100240005020629,,충청남도 금산군 금산읍 약초로 10,312806,32748,,,,127.495349668458,36.0987089708331
MA010120220805769094,인준인삼사,,G2,소매,G221,기타 상품 소매,G22199,그 외 기타 상품 전문 소매업,G47859,그 외 기타 분류 안된 상품 전문 소매업,44,충청남도,44710,금산군,44710250,금산읍,4471025022,금산읍,4471025022100320011,1,대지,32,11,충청남도 금산군 금산읍 중도리 32-11,447103257044,충청남도 금산군 금산읍 인삼약초로,25,,4471025022100320011020605,,충청남도 금산군 금산읍 인삼약초로 25,312806,32739,,,,127.496096040267,36.1008507588561
MA010120220805773929,대명약초,,G2,소매,G221,기타 상품 소매,G22199,그 외 기타 상품 전문 소매업,G47859,그 외 기타 분류 안된 상품 전문 소매업,44,충청남도,44710,금산군,44710250,금산읍,4471025022,금산읍,4471025022100240000,1,대지,24,,충청남도 금산군 금산읍 중도리 24,447103257044,충청남도 금산군 금산읍 인삼약초로,24,,4471025022100240000017736,수삼센터,충청남도 금산군 금산읍 인삼약초로 24,312806,32739,,,,127.496457788994,36.1001012577521
MA010120220805774085,송예분약초,,G2,소매,G221,기타 상품 소매,G22199,그 외 기타 상품 전문 소매업,G47859,그 외 기타 분류 안된 상품 전문 소매업,44,충청남도,44710,금산군,44710250,금산읍,4471025022,금산읍,4471025022100310000,1,대지,31,,충청남도 금산군 금산읍 중도리 31,447103257020,충청남도 금산군 금산읍 비단로,144,,4471025022100310000020628,금산약초시장,충청남도 금산군 금산읍 비단로 144,312806,32739,,,,127.495471179379,36.1003757039707
MA010120220805776844,선광약초,,G2,소매,G221,기타 상품 소매,G22199,그 외 기타 상품 전문 소매업,G47859,그 외 기타 분류 안된 상품 전문 소매업,44,충청남도,44710,금산군,44710250,금산읍,4471025022,금산읍,4471025022100310000,1,대지,31,,충청남도 금산군 금산읍 중도리 31,447103257020,충청남도 금산군 금산읍 비단로,144,,4471025022100310000020628,,충청남도 금산군 금산읍 비단로 144,312806,32739,,,,127.495471179379,36.1003757039707
MA010120220805779205,신화유통,,G2,소매,G221,기타 상품 소매,G22199,그 외 기타 상품 전문 소매업,G47859,그 외 기타 분류 안된 상품 전문 소매업,30,대전광역시,30140,중구,30140605,문창동,3014010600,문창동,3014010600100660018,1,대지,66,18,대전광역시 중구 문창동 66-18,301403010018,대전광역시 중구 충무로,168,1,3014010600100660018010646,,대전광역시 중구 충무로 168-1,301809,35024,,,,127.435033482025,36.3205197634502
MA010120220805782057,대경홍삼,,G2,소매,G221,기타 상품 소매,G22199,그 외 기타 상품 전문 소매업,G47859,그 외 기타 분류 안된 상품 전문 소매업,44,충청남도,44710,금산군,44710250,금산읍,4471025022,금산읍,4471025022100170003,1,대지,17,3,충청남도 금산군 금산읍 중도리 17-3,447103257044,충청남도 금산군 금산읍 인삼약초로,40,,4471025022100170003020650,,충청남도 금산군 금산읍 인삼약초로 40,312806,32739,,,,127.497360951088,36.1006832976183
MA010120220805787236,종묘인삼사,,G2,소매,G221,기타 상품 소매,G22199,그 외 기타 상품 전문 소매업,G47859,그 외 기타 분류 안된 상품 전문 소매업,44,충청남도,44710,금산군,44710250,금산읍,4471025022,금산읍,4471025022104440004,1,대지,444,4,충청남도 금산군 금산읍 중도리 444-4,447104571020,충청남도 금산군 금산읍 건삼전1길,22,,4471025022104440004019456,,충청남도 금산군 금산읍 건삼전1길 22,312806,32740,,,,127.491998299816,36.1008496304539
MA010120220805797610,장수식품,,G2,소매,G221,기타 상품 소매,G22199,그 외 기타 상품 전문 소매업,G47859,그 외 기타 분류 안된 상품 전문 소매업,44,충청남도,44710,금산군,44710250,금산읍,4471025022,금산읍,4471025022100310000,1,대지,31,,충청남도 금산군 금산읍 중도리 31,447103257020,충청남도 금산군 금산읍 비단로,144,,4471025022100310000020628,금산약초시장,충청남도 금산군 금산읍 비단로 144,312806,32739,,1,,127.495471179379,36.1003757039707
MA010120220805812732,금산인삼사업,,G2,소매,G221,기타 상품 소매,G22199,그 외 기타 상품 전문 소매업,G47859,그 외 기타 분류 안된 상품 전문 소매업,44,충청남도,44710,금산군,44710370,진산면,4471037021,진산면,4471037021104030002,1,대지,403,2,충청남도 금산군 진산면 만악리 403-2,447103257048,충청남도 금산군 진산면 진산로,569,,4471037021104030002000001,,충청남도 금산군 진산면 진산로 569,312931,32706,,,,127.434754410462,36.1375338731523
MA010120220805800401,영동종합상사,,G2,소매,G221,기타 상품 소매,G22199,그 외 기타 상품 전문 소매업,G47859,그 외 기타 분류 안된 상품 전문 소매업,44,충청남도,44710,금산군,44710250,금산읍,4471025022,금산읍,4471025022100240000,1,대지,24,,충청남도 금산군 금산읍 중도리 24,447103257044,충청남도 금산군 금산읍 인삼약초로,24,,4471025022100240000017736,,충청남도 금산군 금산읍 인삼약초로 24,312806,32739,,,,127.496457788994,36.1001012577521
MA010120220805800417,백산인삼종합상사,,G2,소매,G221,기타 상품 소매,G22199,그 외 기타 상품 전문 소매업,G47859,그 외 기타 분류 안된 상품 전문 소매업,44,충청남도,44710,금산군,44710250,금산읍,4471025022,금산읍,4471025022100080001,1,대지,8,1,충청남도 금산군 금산읍 중도리 8-1,447103257044,충청남도 금산군 금산읍 인삼약초로,45,,4471025022100080001020658,국제시장,충청남도 금산군 금산읍 인삼약초로 45,312806,32739,,,,127.498324032177,36.1019590115178
MA010120220805800446,금산홍삼마을,,G2,소매,G221,기타 상품 소매,G22199,그 외 기타 상품 전문 소매업,G47859,그 외 기타 분류 안된 상품 전문 소매업,44,충청남도,44710,금산군,44710250,금산읍,4471025022,금산읍,4471025022100070001,1,대지,7,1,충청남도 금산군 금산읍 중도리 7-1,447103257042,충청남도 금산군 금산읍 인삼광장로,47,,4471025022100070001020661,인삼쇼핑센터,충청남도 금산군 금산읍 인삼광장로 47,312806,32739,,,,127.498954158378,36.1015057852482
MA010120220805800450,인삼고을,,G2,소매,G221,기타 상품 소매,G22199,그 외 기타 상품 전문 소매업,G47859,그 외 기타 분류 안된 상품 전문 소매업,44,충청남도,44710,금산군,44710250,금산읍,4471025022,금산읍,4471025022100070001,1,대지,7,1,충청남도 금산군 금산읍 중도리 7-1,447103257042,충청남도 금산군 금산읍 인삼광장로,47,,4471025022100070001020661,인삼쇼핑센터,충청남도 금산군 금산읍 인삼광장로 47,312806,32739,,,,127.498954158378,36.1015057852482
MA010120220805837323,행운불교,,G2,소매,G221,기타 상품 소매,G22199,그 외 기타 상품 전문 소매업,G47859,그 외 기타 분류 안된 상품 전문 소매업,30,대전광역시,30200,유성구,30200540,온천2동,3020011700,장대동,3020011700100110044,1,대지,11,44,대전광역시 유성구 장대동 11-44,302003167061,대전광역시 유성구 장대로,22,,3020011700100110044013397,,대전광역시 유성구 장대로 22,305308,34170,,,,127.336636105028,36.3570376904369
MA010120220805800453,큰바위인삼집,,G2,소매,G221,기타 상품 소매,G22199,그 외 기타 상품 전문 소매업,G47859,그 외 기타 분류 안된 상품 전문 소매업,44,충청남도,44710,금산군,44710250,금산읍,4471025022,금산읍,4471025022100070001,1,대지,7,1,충청남도 금산군 금산읍 중도리 7-1,447103257042,충청남도 금산군 금산읍 인삼광장로,47,,4471025022100070001020661,,충청남도 금산군 금산읍 인삼광장로 47,312806,32739,,,,127.498954158378,36.1015057852482
MA010120220805800457,금이약초,,G2,소매,G221,기타 상품 소매,G22199,그 외 기타 상품 전문 소매업,G47859,그 외 기타 분류 안된 상품 전문 소매업,44,충청남도,44710,금산군,44710250,금산읍,4471025022,금산읍,4471025022100300001,1,대지,30,1,충청남도 금산군 금산읍 중도리 30-1,447103257020,충청남도 금산군 금산읍 비단로,140,,4471025022100300001017733,,충청남도 금산군 금산읍 비단로 140,312806,32739,,,,127.495214472584,36.1001694872851
MA010120220805800458,도원당건재약업사,,G2,소매,G221,기타 상품 소매,G22199,그 외 기타 상품 전문 소매업,G47859,그 외 기타 분류 안된 상품 전문 소매업,44,충청남도,44710,금산군,44710250,금산읍,4471025022,금산읍,4471025022100080001,1,대지,8,1,충청남도 금산군 금산읍 중도리 8-1,447103257044,충청남도 금산군 금산읍 인삼약초로,45,,4471025022100080001020658,국제시장,충청남도 금산군 금산읍 인삼약초로 45,312806,32739,,,,127.498324032177,36.1019590115178
MA010120220805800459,태양약초,,G2,소매,G221,기타 상품 소매,G22199,그 외 기타 상품 전문 소매업,G47859,그 외 기타 분류 안된 상품 전문 소매업,44,충청남도,44710,금산군,44710250,금산읍,4471025022,금산읍,4471025022100240000,1,대지,24,,충청남도 금산군 금산읍 중도리 24,447103257044,충청남도 금산군 금산읍 인삼약초로,24,,4471025022100240000017736,,충청남도 금산군 금산읍 인삼약초로 24,312806,32739,,,,127.496457788994,36.1001012577521
MA010120220805800461,현대홍삼생약,,G2,소매,G221,기타 상품 소매,G22199,그 외 기타 상품 전문 소매업,G47859,그 외 기타 분류 안된 상품 전문 소매업,44,충청남도,44710,금산군,44710250,금산읍,4471025022,금산읍,4471025022100070001,1,대지,7,1,충청남도 금산군 금산읍 중도리 7-1,447103257042,충청남도 금산군 금산읍 인삼광장로,47,,4471025022100070001020661,인삼쇼핑,충청남도 금산군 금산읍 인삼광장로 47,312806,32739,,,,127.498954158378,36.1015057852482
MA010120220805800470,신화당,,G2,소매,G221,기타 상품 소매,G22199,그 외 기타 상품 전문 소매업,G47859,그 외 기타 분류 안된 상품 전문 소매업,44,충청남도,44710,금산군,44710250,금산읍,4471025022,금산읍,4471025022100070001,1,대지,7,1,충청남도 금산군 금산읍 중도리 7-1,447103257042,충청남도 금산군 금산읍 인삼광장로,47,,4471025022100070001020661,,충청남도 금산군 금산읍 인삼광장로 47,312806,32739,,,,127.498954158378,36.1015057852482
MA010120220805800471,도현인삼사,,G2,소매,G221,기타 상품 소매,G22199,그 외 기타 상품 전문 소매업,G47859,그 외 기타 분류 안된 상품 전문 소매업,44,충청남도,44710,금산군,44710250,금산읍,4471025022,금산읍,4471025022100070001,1,대지,7,1,충청남도 금산군 금산읍 중도리 7-1,447103257042,충청남도 금산군 금산읍 인삼광장로,47,,4471025022100070001020661,인삼쇼핑센터,충청남도 금산군 금산읍 인삼광장로 47,312806,32739,,,,127.498954158378,36.1015057852482
MA010120220805800475,계룡건재약업사,,G2,소매,G221,기타 상품 소매,G22199,그 외 기타 상품 전문 소매업,G47859,그 외 기타 분류 안된 상품 전문 소매업,44,충청남도,44710,금산군,44710250,금산읍,4471025022,금산읍,4471025022100340001,1,대지,34,1,충청남도 금산군 금산읍 중도리 34-1,447103257044,충청남도 금산군 금산읍 인삼약초로,33,,4471025022100340001020598,,충청남도 금산군 금산읍 인삼약초로 33,312806,32739,,,,127.496796372504,36.1009650142874
MA010120220805800476,한진약초,,G2,소매,G221,기타 상품 소매,G22199,그 외 기타 상품 전문 소매업,G47859,그 외 기타 분류 안된 상품 전문 소매업,44,충청남도,44710,금산군,44710250,금산읍,4471025022,금산읍,4471025022105650000,1,대지,565,,충청남도 금산군 금산읍 중도리 565,447103257020,충청남도 금산군 금산읍 비단로,129,,4471025022105650000019255,,충청남도 금산군 금산읍 비단로 129,312806,32747,,,,127.494398079173,36.099253626
MA010120220805800489,한금인삼사,,G2,소매,G221,기타 상품 소매,G22199,그 외 기타 상품 전문 소매업,G47859,그 외 기타 분류 안된 상품 전문 소매업,44,충청남도,44710,금산군,44710250,금산읍,4471025022,금산읍,4471025022100080001,1,대지,8,1,충청남도 금산군 금산읍 중도리 8-1,447103257044,충청남도 금산군 금산읍 인삼약초로,45,,4471025022100080001020658,금산인삼국제시장,충청남도 금산군 금산읍 인삼약초로 45,312806,32739,,,,127.498324032177,36.1019590115178
MA010120220805800490,국산약초생약,,G2,소매,G221,기타 상품 소매,G22199,그 외 기타 상품 전문 소매업,G47859,그 외 기타 분류 안된 상품 전문 소매업,44,충청남도,44710,금산군,44710250,금산읍,4471025022,금산읍,4471025022100070001,1,대지,7,1,충청남도 금산군 금산읍 중도리 7-1,447103257042,충청남도 금산군 금산읍 인삼광장로,47,,4471025022100070001020661,쇼핑센터,충청남도 금산군 금산읍 인삼광장로 47,312806,32739,,,,127.498954158378,36.1015057852482
MA010120220805800519,65호,,G2,소매,G221,기타 상품 소매,G22199,그 외 기타 상품 전문 소매업,G47859,그 외 기타 분류 안된 상품 전문 소매업,44,충청남도,44710,금산군,44710250,금산읍,4471025022,금산읍,4471025022100240000,1,대지,24,,충청남도 금산군 금산읍 중도리 24,447103257044,충청남도 금산군 금산읍 인삼약초로,24,,4471025022100240000017736,,충청남도 금산군 금산읍 인삼약초로 24,312806,32739,,,,127.496457788994,36.1001012577521
MA010120220805804848,박달재수석경매장,,G2,소매,G221,기타 상품 소매,G22199,그 외 기타 상품 전문 소매업,G47859,그 외 기타 분류 안된 상품 전문 소매업,43,충청북도,43150,제천시,43150360,백운면,4315036029,백운면,4315036029102930014,1,대지,293,14,충청북도 제천시 백운면 원월리 293-14,431503238087,충청북도 제천시 백운면 북부로,229,,4315036029200310001000001,,충청북도 제천시 백운면 북부로 229,390883,27104,,,,128.008057740431,37.1250633126723
MA010120220805813459,광명식품,,G2,소매,G221,기타 상품 소매,G22199,그 외 기타 상품 전문 소매업,G47859,그 외 기타 분류 안된 상품 전문 소매업,44,충청남도,44710,금산군,44710250,금산읍,4471025026,금산읍,4471025026100080000,1,대지,8,,충청남도 금산군 금산읍 상옥리 8,447104571315,충청남도 금산군 금산읍 새창물길,17,,4471025026100090000017938,,충청남도 금산군 금산읍 새창물길 17,312801,32747,,,,127.489103439174,36.1014202312593
MA010120220805800542,남경약초,,G2,소매,G221,기타 상품 소매,G22199,그 외 기타 상품 전문 소매업,G47859,그 외 기타 분류 안된 상품 전문 소매업,44,충청남도,44710,금산군,44710250,금산읍,4471025021,금산읍,4471025021106690003,1,대지,669,3,충청남도 금산군 금산읍 신대리 669-3,447103257044,충청남도 금산군 금산읍 인삼약초로,52,,4471025021106690003020672,,충청남도 금산군 금산읍 인삼약초로 52,312804,32739,,,,127.498961217428,36.1008658981751
MA010120220805800544,일월인삼약초,,G2,소매,G221,기타 상품 소매,G22199,그 외 기타 상품 전문 소매업,G47859,그 외 기타 분류 안된 상품 전문 소매업,44,충청남도,44710,금산군,44710250,금산읍,4471025022,금산읍,4471025022105570011,1,대지,557,11,충청남도 금산군 금산읍 중도리 557-11,447103257044,충청남도 금산군 금산읍 인삼약초로,12,,4471025022105570011017026,,충청남도 금산군 금산읍 인삼약초로 12,312806,32747,,,,127.494427853834,36.1004611223823
MA010120220805800552,제주지네,,G2,소매,G221,기타 상품 소매,G22199,그 외 기타 상품 전문 소매업,G47859,그 외 기타 분류 안된 상품 전문 소매업,44,충청남도,44710,금산군,44710250,금산읍,4471025022,금산읍,4471025022100240000,1,대지,24,,충청남도 금산군 금산읍 중도리 24,447103257044,충청남도 금산군 금산읍 인삼약초로,24,,4471025022100240000017736,,충청남도 금산군 금산읍 인삼약초로 24,312806,32739,,,,127.496457788994,36.1001012577521
MA010120220805800558,덕생당약업사,,G2,소매,G221,기타 상품 소매,G22199,그 외 기타 상품 전문 소매업,G47859,그 외 기타 분류 안된 상품 전문 소매업,44,충청남도,44710,금산군,44710250,금산읍,4471025022,금산읍,4471025022100340001,1,대지,34,1,충청남도 금산군 금산읍 중도리 34-1,447103257044,충청남도 금산군 금산읍 인삼약초로,33,,4471025022100340001020598,,충청남도 금산군 금산읍 인삼약초로 33,312806,32739,,,,127.496796372504,36.1009650142874
MA010120220805808558,조은세상,,G2,소매,G221,기타 상품 소매,G22199,그 외 기타 상품 전문 소매업,G47859,그 외 기타 분류 안된 상품 전문 소매업,52,전북특별자치도,52210,김제시,52210340,용지면,5221034021,용지면,5221034021103500001,1,대지,350,1,전북특별자치도 김제시 용지면 구암리 350-1,522103272055,전북특별자치도 김제시 용지면 용지로,460,,4521034021103500001009436,,전북특별자치도 김제시 용지면 용지로 460,576971,54332,,1,,126.956083263071,35.8536149375507
MA010120220805800559,성원약초인삼사,,G2,소매,G221,기타 상품 소매,G22199,그 외 기타 상품 전문 소매업,G47859,그 외 기타 분류 안된 상품 전문 소매업,44,충청남도,44710,금산군,44710250,금산읍,4471025022,금산읍,4471025022100310000,1,대지,31,,충청남도 금산군 금산읍 중도리 31,447103257020,충청남도 금산군 금산읍 비단로,144,,4471025022100310000020628,,충청남도 금산군 금산읍 비단로 144,312806,32739,,,,127.495471179379,36.1003757039707
MA010120220805816722,금산수삼,,G2,소매,G221,기타 상품 소매,G22199,그 외 기타 상품 전문 소매업,G47859,그 외 기타 분류 안된 상품 전문 소매업,44,충청남도,44710,금산군,44710250,금산읍,4471025023,금산읍,4471025023103130002,1,대지,313,2,충청남도 금산군 금산읍 하옥리 313-2,447104571138,충청남도 금산군 금산읍 동산1길,4,,4471025023103130002000001,,충청남도 금산군 금산읍 동산1길 4,312804,32748,,,,127.492428091463,36.0985407711747
MA010120220805835831,단성,,G2,소매,G221,기타 상품 소매,G22199,그 외 기타 상품 전문 소매업,G47859,그 외 기타 분류 안된 상품 전문 소매업,48,경상남도,48860,산청군,48860370,단성면,4886037021,단성면,4886037021101530004,1,대지,153,4,경상남도 산청군 단성면 성내리 153-4,488603345017,경상남도 산청군 단성면 사직단로,447,2,4886037021101530004014111,,경상남도 산청군 단성면 사직단로 447-2,666941,52251,,,,127.958840495206,35.2976603398597
MA010120220805800782,가람삼업사,,G2,소매,G221,기타 상품 소매,G22199,그 외 기타 상품 전문 소매업,G47859,그 외 기타 분류 안된 상품 전문 소매업,44,충청남도,44710,금산군,44710250,금산읍,4471025021,금산읍,4471025021104190006,1,대지,419,6,충청남도 금산군 금산읍 신대리 419-6,447103257042,충청남도 금산군 금산읍 인삼광장로,38,,4471025021104190006020684,,충청남도 금산군 금산읍 인삼광장로 38,312804,32739,,,,127.500158865858,36.1005995546126
MA010120220805800784,한국건재약업사,,G2,소매,G221,기타 상품 소매,G22199,그 외 기타 상품 전문 소매업,G47859,그 외 기타 분류 안된 상품 전문 소매업,44,충청남도,44710,금산군,44710250,금산읍,4471025022,금산읍,4471025022100320011,1,대지,32,11,충청남도 금산군 금산읍 중도리 32-11,447103257044,충청남도 금산군 금산읍 인삼약초로,25,,4471025022100320011020605,,충청남도 금산군 금산읍 인삼약초로 25,312806,32739,,,,127.496096040267,36.1008507588561
MA010120220805819785,도원인베스트먼트,,G2,소매,G221,기타 상품 소매,G22199,그 외 기타 상품 전문 소매업,G47859,그 외 기타 분류 안된 상품 전문 소매업,30,대전광역시,30140,중구,30140670,오류동,3014011300,오류동,3014011300101710029,1,대지,171,29,대전광역시 중구 오류동 171-29,301403165031,대전광역시 중구 오류로,20,1,3014011300101710029028675,태성빌딩,대전광역시 중구 오류로 20-1,301828,34910,,2,,127.405154051507,36.3224181173267
MA010120220805800799,대웅건재약업사,,G2,소매,G221,기타 상품 소매,G22199,그 외 기타 상품 전문 소매업,G47859,그 외 기타 분류 안된 상품 전문 소매업,44,충청남도,44710,금산군,44710250,금산읍,4471025022,금산읍,4471025022100240000,1,대지,24,,충청남도 금산군 금산읍 중도리 24,447103257044,충청남도 금산군 금산읍 인삼약초로,24,,4471025022100240000017736,,충청남도 금산군 금산읍 인삼약초로 24,312806,32739,,,,127.496457788994,36.1001012577521
MA010120220805800801,길형건재약업사,,G2,소매,G221,기타 상품 소매,G22199,그 외 기타 상품 전문 소매업,G47859,그 외 기타 분류 안된 상품 전문 소매업,44,충청남도,44710,금산군,44710250,금산읍,4471025022,금산읍,4471025022100310000,1,대지,31,,충청남도 금산군 금산읍 중도리 31,447103257020,충청남도 금산군 금산읍 비단로,144,,4471025022100310000020628,,충청남도 금산군 금산읍 비단로 144,312806,32739,,,,127.495471179379,36.1003757039707
MA010120220805800803,남현건재약업사,,G2,소매,G221,기타 상품 소매,G22199,그 외 기타 상품 전문 소매업,G47859,그 외 기타 분류 안된 상품 전문 소매업,44,충청남도,44710,금산군,44710250,금산읍,4471025022,금산읍,4471025022100320011,1,대지,32,11,충청남도 금산군 금산읍 중도리 32-11,447103257044,충청남도 금산군 금산읍 인삼약초로,25,,4471025022100320011020605,,충청남도 금산군 금산읍 인삼약초로 25,312806,32739,,,,127.496096040267,36.1008507588561
MA010120220805800805,진봉건재약업사,,G2,소매,G221,기타 상품 소매,G22199,그 외 기타 상품 전문 소매업,G47859,그 외 기타 분류 안된 상품 전문 소매업,44,충청남도,44710,금산군,44710250,금산읍,4471025022,금산읍,4471025022100240000,1,대지,24,,충청남도 금산군 금산읍 중도리 24,447103257044,충청남도 금산군 금산읍 인삼약초로,24,,4471025022100240000017736,,충청남도 금산군 금산읍 인삼약초로 24,312806,32739,,,,127.496457788994,36.1001012577521
MA010120220805800806,우리약업사,,G2,소매,G221,기타 상품 소매,G22199,그 외 기타 상품 전문 소매업,G47859,그 외 기타 분류 안된 상품 전문 소매업,44,충청남도,44710,금산군,44710250,금산읍,4471025022,금산읍,4471025022102940001,1,대지,294,1,충청남도 금산군 금산읍 중도리 294-1,447104571155,충청남도 금산군 금산읍 뒷담말4길,12,,4471025022102940001017042,,충청남도 금산군 금산읍 뒷담말4길 12,312806,32738,,,,127.493890107397,36.1032570852435
MA010120220805800810,대흥약업사,,G2,소매,G221,기타 상품 소매,G22199,그 외 기타 상품 전문 소매업,G47859,그 외 기타 분류 안된 상품 전문 소매업,44,충청남도,44710,금산군,44710250,금산읍,4471025022,금산읍,4471025022105590020,1,대지,559,20,충청남도 금산군 금산읍 중도리 559-20,447103257020,충청남도 금산군 금산읍 비단로,138,,4471025022105590020000001,,충청남도 금산군 금산읍 비단로 138,312806,32739,,,,127.495223993695,36.0999171096039
MA010120220805800811,호남건재약업사,,G2,소매,G221,기타 상품 소매,G22199,그 외 기타 상품 전문 소매업,G47859,그 외 기타 분류 안된 상품 전문 소매업,44,충청남도,44710,금산군,44710250,금산읍,4471025022,금산읍,4471025022100320013,1,대지,32,13,충청남도 금산군 금산읍 중도리 32-13,447103257020,충청남도 금산군 금산읍 비단로,148,,4471025022100320013020604,,충청남도 금산군 금산읍 비단로 148,312806,32739,,,,127.495651626695,36.1008165497056
MA010120220805800812,백두산약업사,,G2,소매,G221,기타 상품 소매,G22199,그 외 기타 상품 전문 소매업,G47859,그 외 기타 분류 안된 상품 전문 소매업,44,충청남도,44710,금산군,44710250,금산읍,4471025022,금산읍,4471025022106390000,1,대지,639,,충청남도 금산군 금산읍 중도리 639,447103257044,충청남도 금산군 금산읍 인삼약초로,4,1,4471025022106390000019180,,충청남도 금산군 금산읍 인삼약초로 4-1,312806,32747,,,,127.493649966182,36.1003742088601
MA010120220805800813,경희건재약업사,,G2,소매,G221,기타 상품 소매,G22199,그 외 기타 상품 전문 소매업,G47859,그 외 기타 분류 안된 상품 전문 소매업,44,충청남도,44710,금산군,44710250,금산읍,4471025022,금산읍,4471025022100240000,1,대지,24,,충청남도 금산군 금산읍 중도리 24,447103257044,충청남도 금산군 금산읍 인삼약초로,24,,4471025022100240000017736,,충청남도 금산군 금산읍 인삼약초로 24,312806,32739,,,,127.496457788994,36.1001012577521
MA010120220805800814,신용건재약업사,,G2,소매,G221,기타 상품 소매,G22199,그 외 기타 상품 전문 소매업,G47859,그 외 기타 분류 안된 상품 전문 소매업,44,충청남도,44710,금산군,44710250,금산읍,4471025022,금산읍,4471025022100080001,1,대지,8,1,충청남도 금산군 금산읍 중도리 8-1,447103257044,충청남도 금산군 금산읍 인삼약초로,45,,4471025022100080001020658,국제시장,충청남도 금산군 금산읍 인삼약초로 45,312806,32739,,,,127.498324032177,36.1019590115178
MA010120220805800817,대광건재약업사,,G2,소매,G221,기타 상품 소매,G22199,그 외 기타 상품 전문 소매업,G47859,그 외 기타 분류 안된 상품 전문 소매업,44,충청남도,44710,금산군,44710250,금산읍,4471025022,금산읍,4471025022100240000,1,대지,24,,충청남도 금산군 금산읍 중도리 24,447103257044,충청남도 금산군 금산읍 인삼약초로,24,,4471025022100240000017736,,충청남도 금산군 금산읍 인삼약초로 24,312806,32739,,,,127.496457788994,36.1001012577521
MA010120220805800818,낙원건재약업사,,G2,소매,G221,기타 상품 소매,G22199,그 외 기타 상품 전문 소매업,G47859,그 외 기타 분류 안된 상품 전문 소매업,44,충청남도,44710,금산군,44710250,금산읍,4471025022,금산읍,4471025022100240000,1,대지,24,,충청남도 금산군 금산읍 중도리 24,447103257044,충청남도 금산군 금산읍 인삼약초로,24,,4471025022100240000017736,,충청남도 금산군 금산읍 인삼약초로 24,312806,32739,,,,127.496457788994,36.1001012577521
MA010120220805814148,만인산농협신평지점경제사업장,,G2,소매,G221,기타 상품 소매,G22199,그 외 기타 상품 전문 소매업,G47859,그 외 기타 분류 안된 상품 전문 소매업,44,충청남도,44710,금산군,44710390,추부면,4471039028,추부면,4471039028100360005,1,대지,36,5,충청남도 금산군 추부면 신평리 36-5,447103257028,충청남도 금산군 추부면 서대산로,555,,4471039028100360005041890,,충청남도 금산군 추부면 서대산로 555,312943,32710,,,,127.505051392823,36.2280625425716
MA010120220805833509,화랑사,,G2,소매,G221,기타 상품 소매,G22199,그 외 기타 상품 전문 소매업,G47859,그 외 기타 분류 안된 상품 전문 소매업,51,강원특별자치도,51810,인제군,51810310,남면,5181031021,남면,5181031021103610018,1,대지,361,18,강원특별자치도 인제군 남면 신남리 361-18,518104499106,강원특별자치도 인제군 남면 신남로58번길,7,3,4281031021003610018004332,,강원특별자치도 인제군 남면 신남로58번길 7-3,252815,24649,,,,128.080523452952,37.9677210526258
MA010120220805836060,장수치과재료,,G2,소매,G221,기타 상품 소매,G22199,그 외 기타 상품 전문 소매업,G47859,그 외 기타 분류 안된 상품 전문 소매업,30,대전광역시,30110,동구,30110515,중앙동,3011011900,정동,3011011900100270004,1,대지,27,4,대전광역시 동구 정동 27-4,301104292135,대전광역시 동구 대전로815번길,7,,3011011900100270004021335,,대전광역시 동구 대전로815번길 7,300150,34627,,,,127.43170220821,36.3323462692853
MA010120220805846894,경남건재도매한약,,G2,소매,G221,기타 상품 소매,G22199,그 외 기타 상품 전문 소매업,G47859,그 외 기타 분류 안된 상품 전문 소매업,30,대전광역시,30110,동구,30110560,용운동,3011010900,용운동,3011010900103290001,1,대지,329,1,대전광역시 동구 용운동 329-1,301104292188,대전광역시 동구 동부로73번길,136,,3011010900103290001025664,,대전광역시 동구 동부로73번길 136,300820,34662,,,,127.459285131486,36.3276474631257
MA010120220805800836,박감초약업사,,G2,소매,G221,기타 상품 소매,G22199,그 외 기타 상품 전문 소매업,G47859,그 외 기타 분류 안된 상품 전문 소매업,44,충청남도,44710,금산군,44710250,금산읍,4471025022,금산읍,4471025022100240000,1,대지,24,,충청남도 금산군 금산읍 중도리 24,447103257044,충청남도 금산군 금산읍 인삼약초로,24,,4471025022100240000017736,,충청남도 금산군 금산읍 인삼약초로 24,312806,32739,,,,127.496457788994,36.1001012577521
MA010120220805800838,천일건재약업사,,G2,소매,G221,기타 상품 소매,G22199,그 외 기타 상품 전문 소매업,G47859,그 외 기타 분류 안된 상품 전문 소매업,44,충청남도,44710,금산군,44710250,금산읍,4471025022,금산읍,4471025022100180026,1,대지,18,26,충청남도 금산군 금산읍 중도리 18-26,447103257038,충청남도 금산군 금산읍 약초로,50,,4471025022100180026017441,,충청남도 금산군 금산읍 약초로 50,312806,32739,,,,127.4985474408,36.1004080043819
MA010120220805800840,금성약업사,,G2,소매,G221,기타 상품 소매,G22199,그 외 기타 상품 전문 소매업,G47859,그 외 기타 분류 안된 상품 전문 소매업,44,충청남도,44710,금산군,44710250,금산읍,4471025022,금산읍,4471025022100240000,1,대지,24,,충청남도 금산군 금산읍 중도리 24,447103257044,충청남도 금산군 금산읍 인삼약초로,24,,4471025022100240000017736,,충청남도 금산군 금산읍 인삼약초로 24,312806,32739,,,,127.496457788994,36.1001012577521
MA010120220805800842,농후건재약업사,,G2,소매,G221,기타 상품 소매,G22199,그 외 기타 상품 전문 소매업,G47859,그 외 기타 분류 안된 상품 전문 소매업,44,충청남도,44710,금산군,44710250,금산읍,4471025022,금산읍,4471025022100170003,1,대지,17,3,충청남도 금산군 금산읍 중도리 17-3,447103257044,충청남도 금산군 금산읍 인삼약초로,40,,4471025022100170003020650,,충청남도 금산군 금산읍 인삼약초로 40,312806,32739,,,,127.497360951088,36.1006832976183
MA010120220805800843,명보약초인삼사,,G2,소매,G221,기타 상품 소매,G22199,그 외 기타 상품 전문 소매업,G47859,그 외 기타 분류 안된 상품 전문 소매업,44,충청남도,44710,금산군,44710250,금산읍,4471025021,금산읍,4471025021106720001,1,대지,672,1,충청남도 금산군 금산읍 신대리 672-1,447103257044,충청남도 금산군 금산읍 인삼약초로,48,5,4471025021106720001017765,제,충청남도 금산군 금산읍 인삼약초로 48-5,312804,32739,,,,127.499216225894,36.1008017514337
MA010120220805800844,칠성건재약업사,,G2,소매,G221,기타 상품 소매,G22199,그 외 기타 상품 전문 소매업,G47859,그 외 기타 분류 안된 상품 전문 소매업,44,충청남도,44710,금산군,44710250,금산읍,4471025022,금산읍,4471025022100310000,1,대지,31,,충청남도 금산군 금산읍 중도리 31,447103257020,충청남도 금산군 금산읍 비단로,144,,4471025022100310000020628,,충청남도 금산군 금산읍 비단로 144,312806,32739,,,,127.495471179379,36.1003757039707
MA010120220805800847,동방약업사,,G2,소매,G221,기타 상품 소매,G22199,그 외 기타 상품 전문 소매업,G47859,그 외 기타 분류 안된 상품 전문 소매업,44,충청남도,44710,금산군,44710250,금산읍,4471025022,금산읍,4471025022100320011,1,대지,32,11,충청남도 금산군 금산읍 중도리 32-11,447103257044,충청남도 금산군 금산읍 인삼약초로,25,,4471025022100320011020605,동,충청남도 금산군 금산읍 인삼약초로 25,312806,32739,,,,127.496096040267,36.1008507588561
MA010120220805800851,근주약초홍삼,,G2,소매,G221,기타 상품 소매,G22199,그 외 기타 상품 전문 소매업,G47859,그 외 기타 분류 안된 상품 전문 소매업,44,충청남도,44710,금산군,44710250,금산읍,4471025022,금산읍,4471025022100170003,1,대지,17,3,충청남도 금산군 금산읍 중도리 17-3,447103257044,충청남도 금산군 금산읍 인삼약초로,40,,4471025022100170003020650,,충청남도 금산군 금산읍 인삼약초로 40,312806,32739,,,,127.497360951088,36.1006832976183
MA010120220805800854,천안약초,명지,G2,소매,G221,기타 상품 소매,G22199,그 외 기타 상품 전문 소매업,G47859,그 외 기타 분류 안된 상품 전문 소매업,44,충청남도,44710,금산군,44710250,금산읍,4471025022,금산읍,4471025022100320011,1,대지,32,11,충청남도 금산군 금산읍 중도리 32-11,447103257044,충청남도 금산군 금산읍 인삼약초로,25,,4471025022100320011020605,,충청남도 금산군 금산읍 인삼약초로 25,312806,32739,,,,127.496096040267,36.1008507588561
MA010120220805826323,성원불교사,,G2,소매,G221,기타 상품 소매,G22199,그 외 기타 상품 전문 소매업,G47859,그 외 기타 분류 안된 상품 전문 소매업,30,대전광역시,30110,동구,30110620,가양1동,3011011400,가양동,3011011400105310097,1,대지,531,97,대전광역시 동구 가양동 531-97,301103010014,대전광역시 동구 우암로,203,3,3011011400105310097011649,,대전광역시 동구 우암로 203-3,300806,34588,,,,127.43949058188,36.3428075597454
MA010120220805836079,부자농약종묘사,,G2,소매,G221,기타 상품 소매,G22199,그 외 기타 상품 전문 소매업,G47859,그 외 기타 분류 안된 상품 전문 소매업,44,충청남도,44150,공주시,44150540,웅진동,4415010500,산성동,4415010500101870003,1,대지,187,3,충청남도 공주시 산성동 187-3,441504553872,충청남도 공주시 용당길,6,,4415010500101870003751996,,충청남도 공주시 용당길 6,314020,32539,,,,127.124388318219,36.4587298215541
MA010120220805836109,유영엔텍,,G2,소매,G221,기타 상품 소매,G22199,그 외 기타 상품 전문 소매업,G47859,그 외 기타 분류 안된 상품 전문 소매업,28,인천광역시,28260,서구,28260575,신현원창동,2826011100,원창동,2826011100100200006,1,대지,20,6,인천광역시 서구 원창동 20-6,282604268624,인천광역시 서구 원창로89번길,41,,2826011100100200006000001,,인천광역시 서구 원창로89번길 41,404210,22770,,,,126.658981151953,37.5218514770535
MA010120220805845605,덕인당건재한약,,G2,소매,G221,기타 상품 소매,G22199,그 외 기타 상품 전문 소매업,G47859,그 외 기타 분류 안된 상품 전문 소매업,30,대전광역시,30140,중구,30140680,태평1동,3014011400,태평동,3014011400103420035,1,대지,342,35,대전광역시 중구 태평동 342-35,301404295500,대전광역시 중구 수침로111번길,9,,3014011400103420035000001,,대전광역시 중구 수침로111번길 9,301843,34877,,,,127.398127317496,36.3290473633286
MA010120220805806186,지광,,G2,소매,G221,기타 상품 소매,G22199,그 외 기타 상품 전문 소매업,G47859,그 외 기타 분류 안된 상품 전문 소매업,11,서울특별시,11545,금천구,11545510,가산동,1154510100,가산동,1154510100104810011,1,대지,481,11,서울특별시 금천구 가산동 481-11,115453000023,서울특별시 금천구 가마산로,96,,1154510100104810011015653,대륭테크노타운8차,서울특별시 금천구 가마산로 96,153775,08501,,,,126.87746888699,37.4852579413226
MA010120220805814479,진산농협,,G2,소매,G221,기타 상품 소매,G22199,그 외 기타 상품 전문 소매업,G47859,그 외 기타 분류 안된 상품 전문 소매업,44,충청남도,44710,금산군,44710370,진산면,4471037027,진산면,4471037027101560003,1,대지,156,3,충청남도 금산군 진산면 교촌리 156-3,447103000093,충청남도 금산군 진산면 대둔산로,596,,4471037027101560010011268,,충청남도 금산군 진산면 대둔산로 596,312931,32704,,,,127.387939156453,36.1539433884193
MA010120220805801092,신신총포사,,G2,소매,G221,기타 상품 소매,G22199,그 외 기타 상품 전문 소매업,G47859,그 외 기타 분류 안된 상품 전문 소매업,44,충청남도,44710,금산군,44710250,금산읍,4471025024,금산읍,4471025024101060004,1,대지,106,4,충청남도 금산군 금산읍 상리 106-4,447104571259,충청남도 금산군 금산읍 비선길,41,3,4471025024101060004018140,,충청남도 금산군 금산읍 비선길 41-3,312802,32740,,,,127.490321362499,36.102622872595
MA010120220805838982,녹색마을,,G2,소매,G221,기타 상품 소매,G22199,그 외 기타 상품 전문 소매업,G47859,그 외 기타 분류 안된 상품 전문 소매업,46,전라남도,46110,목포시,46110758,신흥동,4611015800,상동,4611015800108830000,1,대지,883,,전라남도 목포시 상동 883,461104643431,전라남도 목포시 신흥로45번길,9,,4611015800108830000018262,동아,전라남도 목포시 신흥로45번길 9,530754,58690,,,,126.424866363278,34.8041473995428
MA010120220805824205,영진미싱,,G2,소매,G221,기타 상품 소매,G22199,그 외 기타 상품 전문 소매업,G47859,그 외 기타 분류 안된 상품 전문 소매업,30,대전광역시,30110,동구,30110515,중앙동,3011010100,원동,3011010100100400001,1,대지,40,1,대전광역시 동구 원동 40-1,301104292485,대전광역시 동구 중앙로200번길,85,,3011010100100400001026093,,대전광역시 동구 중앙로200번길 85,300010,34630,,,,127.433634449655,36.3272926873327
MA010120220805824220,선원미싱,,G2,소매,G221,기타 상품 소매,G22199,그 외 기타 상품 전문 소매업,G47859,그 외 기타 분류 안된 상품 전문 소매업,30,대전광역시,30110,동구,30110515,중앙동,3011010100,원동,3011010100100640001,1,대지,64,1,대전광역시 동구 원동 64-1,301104292129,대전광역시 동구 대전로779번길,26,,3011010100100640004024848,중앙시장,대전광역시 동구 대전로779번길 26,300730,34628,,,,127.432217944898,36.3289289475588
MA010120220805824221,종합미싱,,G2,소매,G221,기타 상품 소매,G22199,그 외 기타 상품 전문 소매업,G47859,그 외 기타 분류 안된 상품 전문 소매업,30,대전광역시,30110,동구,30110515,중앙동,3011010100,원동,3011010100100420001,1,대지,42,1,대전광역시 동구 원동 42-1,301104292485,대전광역시 동구 중앙로200번길,99,,3011010100100420001026509,원동중앙시장,대전광역시 동구 중앙로200번길 99,300010,34630,,,,127.433954319359,36.3267327968907
MA010120220805831480,상아성인용품,,G2,소매,G221,기타 상품 소매,G22199,그 외 기타 상품 전문 소매업,G47859,그 외 기타 분류 안된 상품 전문 소매업,41,경기도,41650,포천시,41650330,가산면,4165033021,가산면,4165033021100430008,1,대지,43,8,경기도 포천시 가산면 마산리 43-8,416503213001,경기도 포천시 가산면 가산로,332,,4165033021100430008019886,,경기도 포천시 가산면 가산로 332,487814,11164,,1,,127.186285135558,37.8462061347999
MA010120220805847212,계룡불교,,G2,소매,G221,기타 상품 소매,G22199,그 외 기타 상품 전문 소매업,G47859,그 외 기타 분류 안된 상품 전문 소매업,30,대전광역시,30170,서구,30170520,도마1동,3017010300,도마동,3017010300101350008,1,대지,135,8,대전광역시 서구 도마동 135-8,301704298208,대전광역시 서구 도마2길,87,,3017010300101350008029787,,대전광역시 서구 도마2길 87,302820,35332,,,,127.383703296484,36.3151713213675
MA010120220805815688,인삼나라,,G2,소매,G221,기타 상품 소매,G22199,그 외 기타 상품 전문 소매업,G47859,그 외 기타 분류 안된 상품 전문 소매업,44,충청남도,44230,논산시,44230410,은진면,4423041026,은진면,4423041026104030019,1,대지,403,19,충청남도 논산시 은진면 교촌리 403-19,442304565349,충청남도 논산시 은진면 방축3길,40,8,4423041026104030019000001,,충청남도 논산시 은진면 방축3길 40-8,320821,32997,,,,127.094339947385,36.1676381732281
MA010120220805841862,한솔유기농산,,G2,소매,G221,기타 상품 소매,G22199,그 외 기타 상품 전문 소매업,G47859,그 외 기타 분류 안된 상품 전문 소매업,44,충청남도,44760,부여군,44760250,부여읍,4476025035,부여읍,4476025035103470004,1,대지,347,4,충청남도 부여군 부여읍 능산리 347-4,447604577480,충청남도 부여군 부여읍 오산로13번길,5,4,4476025035103470004019152,,충청남도 부여군 부여읍 오산로13번길 5-4,323802,33161,,,,126.949571462958,36.2747363302481
MA010120220805800361,양산인삼사,,G2,소매,G221,기타 상품 소매,G22199,그 외 기타 상품 전문 소매업,G47859,그 외 기타 분류 안된 상품 전문 소매업,44,충청남도,44710,금산군,44710250,금산읍,4471025022,금산읍,4471025022100080001,1,대지,8,1,충청남도 금산군 금산읍 중도리 8-1,447103257044,충청남도 금산군 금산읍 인삼약초로,45,,4471025022100080001020658,국제시장,충청남도 금산군 금산읍 인삼약초로 45,312806,32739,,,,127.498324032177,36.1019590115178
MA010120220805869362,광신종묘,,G2,소매,G221,기타 상품 소매,G22199,그 외 기타 상품 전문 소매업,G47859,그 외 기타 분류 안된 상품 전문 소매업,44,충청남도,44150,공주시,44150540,웅진동,4415010500,산성동,4415010500101890008,1,대지,189,8,충청남도 공주시 산성동 189-8,441504553548,충청남도 공주시 산성시장5길,75,34,4415010500101890008000005,,충청남도 공주시 산성시장5길 75-34,314020,32539,,,,127.123083379372,36.4589204187558
MA010120220805875988,금성건재한약,,G2,소매,G221,기타 상품 소매,G22199,그 외 기타 상품 전문 소매업,G47859,그 외 기타 분류 안된 상품 전문 소매업,44,충청남도,44150,공주시,44150540,웅진동,4415010500,산성동,4415010500101700005,1,대지,170,5,충청남도 공주시 산성동 170-5,441503251030,충청남도 공주시 웅진로,217,2,4415010500101700005000001,,충청남도 공주시 웅진로 217-2,314020,32539,,,,127.124456967128,36.4598021349473
MA010120220805847865,진천농약할인마트,,G2,소매,G221,기타 상품 소매,G22199,그 외 기타 상품 전문 소매업,G47859,그 외 기타 분류 안된 상품 전문 소매업,43,충청북도,43750,진천군,43750350,이월면,4375035025,이월면,4375035025105200006,1,대지,520,6,충청북도 진천군 이월면 송림리 520-6,437503000132,충청북도 진천군 이월면 진안로,35,,4375035025105200006000001,,충청북도 진천군 이월면 진안로 35,365821,27813,,,,127.425909314866,36.9334754254578
MA010120220805861647,제이드,,G2,소매,G221,기타 상품 소매,G22199,그 외 기타 상품 전문 소매업,G47859,그 외 기타 분류 안된 상품 전문 소매업,41,경기도,41273,안산시 단원구,41273545,원곡동,4127310800,원곡동,4127310800107980008,1,대지,798,8,경기도 안산시 단원구 원곡동 798-8,412732190002,경기도 안산시 단원구 중앙대로,461,,4127310800107980008028099,,경기도 안산시 단원구 중앙대로 461,425846,15393,,3,,126.790427179706,37.3280159487858
MA010120220805868004,백제불교전시관,,G2,소매,G221,기타 상품 소매,G22199,그 외 기타 상품 전문 소매업,G47859,그 외 기타 분류 안된 상품 전문 소매업,44,충청남도,44150,공주시,44150540,웅진동,4415010600,교동,4415010600100860042,1,대지,86,42,충청남도 공주시 교동 86-42,441504553872,충청남도 공주시 용당길,27,,4415010600100860029757751,,충청남도 공주시 용당길 27,314020,32542,,,,127.12179994268,36.4585973163183
MA010120220805853489,전남식물병원,신안점,G2,소매,G221,기타 상품 소매,G22199,그 외 기타 상품 전문 소매업,G47859,그 외 기타 분류 안된 상품 전문 소매업,46,전라남도,46910,신안군,46910420,암태면,4691042026,암태면,4691042026104770000,1,대지,477,,전라남도 신안군 암태면 기동리 477,469103302007,전라남도 신안군 암태면 중부로,1897,,4691042026104770000000001,,전라남도 신안군 암태면 중부로 1897,535861,58834,,,,126.112686851887,34.8356043630513
MA010120220805869577,황금약초농장,,G2,소매,G221,기타 상품 소매,G22199,그 외 기타 상품 전문 소매업,G47859,그 외 기타 분류 안된 상품 전문 소매업,44,충청남도,44150,공주시,44150400,신풍면,4415040034,신풍면,4415040034103400003,1,대지,340,3,충청남도 공주시 신풍면 화흥리 340-3,441504554222,충청남도 공주시 신풍면 평화길,450,,4415040034103400003000001,,충청남도 공주시 신풍면 평화길 450,314883,32526,,,,126.989031783112,36.5517755613333
MA010120220805856806,진흥상사,,G2,소매,G221,기타 상품 소매,G22199,그 외 기타 상품 전문 소매업,G47859,그 외 기타 분류 안된 상품 전문 소매업,30,대전광역시,30140,중구,30140535,은행선화동,3014010200,선화동,3014010200101210002,1,대지,121,2,대전광역시 중구 선화동 121-2,301404295165,대전광역시 중구 대종로549번길,27,,3014010200101210002018818,,대전광역시 중구 대종로549번길 27,301824,34834,,,,127.420836744633,36.3312044802114
MA010120220805868199,해동불교,,G2,소매,G221,기타 상품 소매,G22199,그 외 기타 상품 전문 소매업,G47859,그 외 기타 분류 안된 상품 전문 소매업,44,충청남도,44150,공주시,44150540,웅진동,4415010500,산성동,4415010500101910001,1,대지,191,1,충청남도 공주시 산성동 191-1,441504553872,충청남도 공주시 용당길,17,,4415010500101910001000001,,충청남도 공주시 용당길 17,314020,32540,,,,127.123116277293,36.4585599192591
MA010120220805874636,청양총포사,,G2,소매,G221,기타 상품 소매,G22199,그 외 기타 상품 전문 소매업,G47859,그 외 기타 분류 안된 상품 전문 소매업,44,충청남도,44790,청양군,44790250,청양읍,4479025021,청양읍,4479025021103330005,1,대지,333,5,충청남도 청양군 청양읍 읍내리 333-5,447903261022,충청남도 청양군 청양읍 중앙로,101,,4479025021103330005009857,,충청남도 청양군 청양읍 중앙로 101,345804,33332,,,,126.802387743,36.4486191233432
MA010120220805881589,세종가발다래모,,G2,소매,G221,기타 상품 소매,G22199,그 외 기타 상품 전문 소매업,G47422,의복 액세서리 및 모조 장신구 소매업,36,세종특별자치시,36110,세종특별자치시,36110250,조치원읍,3611025030,조치원읍,3611025030103830000,1,대지,383,,세종특별자치시 세종특별자치시 조치원읍 죽림리 383,361103258034,세종특별자치시 세종특별자치시 조치원읍 충현로,32,,3611025030102350004000001,,세종특별자치시 세종특별자치시 조치원읍 충현로 32,339884,30034,,2,,127.298977466518,36.5920969074165
MA010120220805869948,장미장묘,,G2,소매,G221,기타 상품 소매,G22199,그 외 기타 상품 전문 소매업,G47859,그 외 기타 분류 안된 상품 전문 소매업,36,세종특별자치시,36110,세종특별자치시,36110250,조치원읍,3611025027,조치원읍,3611025027100630022,1,대지,63,22,세종특별자치시 세종특별자치시 조치원읍 남리 63-22,361104574270,세종특별자치시 세종특별자치시 조치원읍 새내6길,38,,4473025027100630022041096,,세종특별자치시 세종특별자치시 조치원읍 새내6길 38,339802,30027,,,,127.300756582846,36.5984454701058
MA010120220805874862,반포종합건재,,G2,소매,G221,기타 상품 소매,G22199,그 외 기타 상품 전문 소매업,G47519,"페인트, 창호 및 기타 건설자재 소매업",44,충청남도,44150,공주시,44150340,반포면,4415034021,반포면,4415034021103560003,1,대지,356,3,충청남도 공주시 반포면 공암리 356-3,441504553687,충청남도 공주시 반포면 수실1길,8,10,4415034021103560003015737,,충청남도 공주시 반포면 수실1길 8-10,314921,32622,,,,127.251043575751,36.397152172209
MA010120220805879021,세종가든텍,,G2,소매,G221,기타 상품 소매,G22199,그 외 기타 상품 전문 소매업,G47859,그 외 기타 분류 안된 상품 전문 소매업,36,세종특별자치시,36110,세종특별자치시,36110320,연동면,3611032024,연동면,3611032024107900029,1,대지,790,29,세종특별자치시 세종특별자치시 연동면 응암리 790-29,361103258069,세종특별자치시 세종특별자치시 연동면 청연로,380,,4473031027107900029000001,,세종특별자치시 세종특별자치시 연동면 청연로 380,339862,30067,,,,127.336296622015,36.5418848584212
MA010120220805854417,삼우유통,,G2,소매,G221,기타 상품 소매,G22199,그 외 기타 상품 전문 소매업,G47859,그 외 기타 분류 안된 상품 전문 소매업,30,대전광역시,30110,동구,30110695,삼성동,3011011800,삼성동,3011011800103020127,1,대지,302,127,대전광역시 동구 삼성동 302-127,301103010013,대전광역시 동구 옛신탄진로,10,10,3011011800103020127012292,,대전광역시 동구 옛신탄진로 10-10,300815,34568,,,,127.426641574618,36.3418087595348
MA010120220805866868,자연빛깔,,G2,소매,G221,기타 상품 소매,G22199,그 외 기타 상품 전문 소매업,G47859,그 외 기타 분류 안된 상품 전문 소매업,36,세종특별자치시,36110,세종특별자치시,36110250,조치원읍,3611025026,조치원읍,3611025026100670013,1,대지,67,13,세종특별자치시 세종특별자치시 조치원읍 명리 67-13,361104574454,세종특별자치시 세종특별자치시 조치원읍 장안2길,38,,4473025026100670013039001,,세종특별자치시 세종특별자치시 조치원읍 장안2길 38,339803,30026,,,,127.302504234107,36.5995224147002
MA010120220805876765,금강불교사,,G2,소매,G221,기타 상품 소매,G22199,그 외 기타 상품 전문 소매업,G47859,그 외 기타 분류 안된 상품 전문 소매업,44,충청남도,44150,공주시,44150540,웅진동,4415010600,교동,4415010600101210002,1,대지,121,2,충청남도 공주시 교동 121-2,441503251019,충청남도 공주시 봉황로,122,,4415010600101210002757704,,충청남도 공주시 봉황로 122,314020,32542,,,,127.12152954447,36.4568943918151
MA010120220805881897,조치원만물사,,G2,소매,G221,기타 상품 소매,G22199,그 외 기타 상품 전문 소매업,G47859,그 외 기타 분류 안된 상품 전문 소매업,36,세종특별자치시,36110,세종특별자치시,36110250,조치원읍,3611025025,조치원읍,3611025025101020017,1,대지,102,17,세종특별자치시 세종특별자치시 조치원읍 정리 102-17,361104574271,세종특별자치시 세종특별자치시 조치원읍 새내7길,8,,4473025025101020017039153,,세종특별자치시 세종특별자치시 조치원읍 새내7길 8,339882,30028,,1,,127.297999582647,36.5993445237912
MA010120220805852670,깨끗한물수건,,G2,소매,G221,기타 상품 소매,G22199,그 외 기타 상품 전문 소매업,G47859,그 외 기타 분류 안된 상품 전문 소매업,30,대전광역시,30110,동구,30110620,가양1동,3011011400,가양동,3011011400103090038,1,대지,309,38,대전광역시 동구 가양동 309-38,301104292113,대전광역시 동구 대성2길,4,,3011011400103090038016438,가양동,대전광역시 동구 대성2길 4,300804,34602,,,,127.438649739773,36.3378722127534
MA010120220805877316,황금농산,,G2,소매,G221,기타 상품 소매,G22199,그 외 기타 상품 전문 소매업,G47859,그 외 기타 분류 안된 상품 전문 소매업,44,충청남도,44150,공주시,44150340,반포면,4415034029,반포면,4415034029200500002,2,산,50,2,충청남도 공주시 반포면 봉곡리 산50-2,441504554056,충청남도 공주시 반포면 정광터1길,212,1,4415034029200500002013222,,충청남도 공주시 반포면 정광터1길 212-1,314923,32621,,,,127.221912725091,36.4037433414187
MA010120220805868784,사곡농약사,,G2,소매,G221,기타 상품 소매,G22199,그 외 기타 상품 전문 소매업,G47859,그 외 기타 분류 안된 상품 전문 소매업,44,충청남도,44150,공주시,44150540,웅진동,4415010800,금성동,4415010800100200003,1,대지,20,3,충청남도 공주시 금성동 20-3,441504553151,충청남도 공주시 금성길,6,,4415010800100200003752060,,충청남도 공주시 금성길 6,314020,32538,,,,127.123766496039,36.4605598304194
MA010120220805867456,향토사랑,,G2,소매,G221,기타 상품 소매,G22199,그 외 기타 상품 전문 소매업,G47859,그 외 기타 분류 안된 상품 전문 소매업,44,충청남도,44790,청양군,44790250,청양읍,4479025021,청양읍,4479025021101810004,1,대지,181,4,충청남도 청양군 청양읍 읍내리 181-4,447904583271,충청남도 청양군 청양읍 중앙로5길,13,,4479025021101810004009882,,충청남도 청양군 청양읍 중앙로5길 13,345804,33331,,,,126.801280470354,36.4497887988804
MA010120220805868818,고려인삼쎈타,,G2,소매,G221,기타 상품 소매,G22199,그 외 기타 상품 전문 소매업,G47859,그 외 기타 분류 안된 상품 전문 소매업,44,충청남도,44150,공주시,44150570,신관동,4415012000,신관동,4415012000106510003,1,대지,651,3,충청남도 공주시 신관동 651-3,441503251016,충청남도 공주시 번영2로,67,,4415012000106510003759463,종합상가,충청남도 공주시 번영2로 67,314802,32583,,,,127.136004597036,36.473216858332
MA010120220805873676,녹곡퇴비,,G2,소매,G221,기타 상품 소매,G22199,그 외 기타 상품 전문 소매업,G47859,그 외 기타 분류 안된 상품 전문 소매업,44,충청남도,44150,공주시,44150560,옥룡동,4415010900,옥룡동,4415010900102620015,1,대지,262,15,충청남도 공주시 옥룡동 262-15,441504553252,충청남도 공주시 대추골2길,13,,4415010900102620015755003,,충청남도 공주시 대추골2길 13,314804,32561,,,,127.129333268141,36.4537501392723
MA010120220805882821,불서각,,G2,소매,G221,기타 상품 소매,G22199,그 외 기타 상품 전문 소매업,G47859,그 외 기타 분류 안된 상품 전문 소매업,44,충청남도,44150,공주시,44150340,반포면,4415034033,반포면,4415034033107890000,1,대지,789,,충청남도 공주시 반포면 학봉리 789,441503251009,충청남도 공주시 반포면 동학사1로,462,,4415034033107890000013167,,충청남도 공주시 반포면 동학사1로 462,314924,32626,,,,127.218038985616,36.3539065053389
MA010120220805855759,티에스산업안전,,G2,소매,G221,기타 상품 소매,G22199,그 외 기타 상품 전문 소매업,G47859,그 외 기타 분류 안된 상품 전문 소매업,28,인천광역시,28237,부평구,28237592,청천2동,2823710400,청천동,2823710400104240009,1,대지,424,9,인천광역시 부평구 청천동 424-9,282374262754,인천광역시 부평구 평천로255번길,13,,2823710400104240009016930,부평테크노파크,인천광역시 부평구 평천로255번길 13,403858,21315,,4,,126.718422051637,37.5171067047578
MA010120220805869092,창성종묘농약사,,G2,소매,G221,기타 상품 소매,G22199,그 외 기타 상품 전문 소매업,G47859,그 외 기타 분류 안된 상품 전문 소매업,44,충청남도,44150,공주시,44150540,웅진동,4415010500,산성동,4415010500101740045,1,대지,174,45,충청남도 공주시 산성동 174-45,441504553548,충청남도 공주시 산성시장5길,17,,4415010500101740045000003,,충청남도 공주시 산성시장5길 17,314020,32539,,,,127.124489743816,36.4593695421525
MA010120220805878043,신공주액비농산,,G2,소매,G221,기타 상품 소매,G22199,그 외 기타 상품 전문 소매업,G47859,그 외 기타 분류 안된 상품 전문 소매업,44,충청남도,44150,공주시,44150370,정안면,4415037026,정안면,4415037026100780009,1,대지,78,9,충청남도 공주시 정안면 석송리 78-9,441504553749,충청남도 공주시 정안면 신흥길,3,14,4415037026100780009024683,,충청남도 공주시 정안면 신흥길 3-14,314825,32513,,,,127.119705481298,36.5691802399107
MA010120220805847751,카일라스,,G2,소매,G221,기타 상품 소매,G22199,그 외 기타 상품 전문 소매업,G47859,그 외 기타 분류 안된 상품 전문 소매업,11,서울특별시,11170,용산구,11170625,한강로동,1117012400,한강로1가,1117012400103050006,1,대지,305,6,서울특별시 용산구 한강로1가 305-6,111702005005,서울특별시 용산구 한강대로,165,,1117012400103050001014288,보라빌딩,서울특별시 용산구 한강대로 165,140011,04375,,2,,126.971861878838,37.53391831821
MA010120220805578107,라인농산,,G2,소매,G221,기타 상품 소매,G22199,그 외 기타 상품 전문 소매업,G47859,그 외 기타 분류 안된 상품 전문 소매업,43,충청북도,43113,청주시 흥덕구,43113320,옥산면,4311332021,옥산면,4311332021102470003,1,대지,247,3,충청북도 청주시 흥덕구 옥산면 오산리 247-3,431134520467,충청북도 청주시 흥덕구 옥산면 오산5길,11,10,4311332021102470003000002,,충청북도 청주시 흥덕구 옥산면 오산5길 11-10,361914,28110,,,,127.370289256844,36.6653841203014
MA010120220805582361,대흥상회,,G2,소매,G221,기타 상품 소매,G22199,그 외 기타 상품 전문 소매업,G47859,그 외 기타 분류 안된 상품 전문 소매업,43,충청북도,43745,증평군,43745250,증평읍,4374525024,증평읍,4374525024100120005,1,대지,12,5,충청북도 증평군 증평읍 대동리 12-5,437454532160,충청북도 증평군 증평읍 중앙로8길,21,,4374525024100120005007491,,충청북도 증평군 증평읍 중앙로8길 21,368905,27936,,,,127.583673109921,36.7833590338486
MA010120220805587731,덕산중앙농약사,,G2,소매,G221,기타 상품 소매,G22199,그 외 기타 상품 전문 소매업,G47859,그 외 기타 분류 안된 상품 전문 소매업,43,충청북도,43750,진천군,43750253,덕산읍,4375025330,덕산읍,4375025330105890011,1,대지,589,11,충청북도 진천군 덕산읍 용몽리 589-11,437503014048,충청북도 진천군 덕산읍 초금로,749,,4375031030105890011033131,,충청북도 진천군 덕산읍 초금로 749,365843,27852,,,,127.506735766914,36.9111355924007
MA010120220805582611,씨제이씨씨티브이,,G2,소매,G221,기타 상품 소매,G22199,그 외 기타 상품 전문 소매업,G47859,그 외 기타 분류 안된 상품 전문 소매업,43,충청북도,43112,청주시 서원구,43112510,사직1동,4311210100,사직동,4311210100102360017,1,대지,236,17,충청북도 청주시 서원구 사직동 236-17,431123236020,충청북도 청주시 서원구 무심서로,509,,4311310100102360017004864,,충청북도 청주시 서원구 무심서로 509,362827,28554,,,,127.482669805837,36.6365782047228
MA010120220805573740,은행기업사,,G2,소매,G221,기타 상품 소매,G22199,그 외 기타 상품 전문 소매업,G47859,그 외 기타 분류 안된 상품 전문 소매업,43,충청북도,43113,청주시 흥덕구,43113760,강서1동,4311311900,휴암동,4311311900102910000,1,대지,291,,충청북도 청주시 흥덕구 휴암동 291,431133237003,충청북도 청주시 흥덕구 가포산로,49,19,4311311900102910000027009,,충청북도 청주시 흥덕구 가포산로 49-19,361310,28374,,,,127.406771220253,36.6196949585766
MA010120220805602433,태원홍삼수삼,,G2,소매,G221,기타 상품 소매,G22199,그 외 기타 상품 전문 소매업,G47859,그 외 기타 분류 안된 상품 전문 소매업,43,충청북도,43745,증평군,43745250,증평읍,4374525032,증평읍,4374525032100940001,1,대지,94,1,충청북도 증평군 증평읍 송산리 94-1,437453240095,충청북도 증평군 증평읍 중부로,2451,,4374525032100940001004761,증평인삼상설판매장,충청북도 증평군 증평읍 중부로 2451,368906,27914,,,,127.581762536239,36.7958846877096
MA010120220805585641,진천농자재마트,,G2,소매,G221,기타 상품 소매,G22199,그 외 기타 상품 전문 소매업,G47859,그 외 기타 분류 안된 상품 전문 소매업,43,충청북도,43750,진천군,43750250,진천읍,4375025025,진천읍,4375025025105510001,1,대지,551,1,충청북도 진천군 진천읍 성석리 551-1,437503245009,충청북도 진천군 진천읍 성중로,12,,4375025025105510001006501,,충청북도 진천군 진천읍 성중로 12,365806,27844,,,,127.446644076441,36.8646641159461
MA010120220805583087,고려불교,백화점,G2,소매,G221,기타 상품 소매,G22199,그 외 기타 상품 전문 소매업,G47859,그 외 기타 분류 안된 상품 전문 소매업,43,충청북도,43745,증평군,43745250,증평읍,4374525024,증평읍,4374525024100110004,1,대지,11,4,충청북도 증평군 증평읍 대동리 11-4,437454532160,충청북도 증평군 증평읍 중앙로8길,25,,4374525024100110004007620,,충청북도 증평군 증평읍 중앙로8길 25,368905,27936,,,,127.583984993759,36.7831232165963
MA010120220805583119,DJ정보,,G2,소매,G221,기타 상품 소매,G22199,그 외 기타 상품 전문 소매업,G47859,그 외 기타 분류 안된 상품 전문 소매업,43,충청북도,43113,청주시 흥덕구,43113700,운천.신봉동,4311310400,운천동,4311310400116980000,1,대지,1698,,충청북도 청주시 흥덕구 운천동 1698,431133236058,충청북도 청주시 흥덕구 직지대로,787,,4311310400116980000017087,,충청북도 청주시 흥덕구 직지대로 787,361842,28469,,,,127.479518968756,36.6459716681455
MA010120220805574269,태령산농특산물판매장,,G2,소매,G221,기타 상품 소매,G22199,그 외 기타 상품 전문 소매업,G47859,그 외 기타 분류 안된 상품 전문 소매업,43,충청북도,43750,진천군,43750250,진천읍,4375025033,진천읍,4375025033103050008,1,대지,305,8,충청북도 진천군 진천읍 상계리 305-8,437504535054,충청북도 진천군 진천읍 김유신길,117,3,4375025033103050008002040,하목마을체험관내아파트,충청북도 진천군 진천읍 김유신길 117-3,365804,27825,,1,,127.384086222718,36.8349121646461
MA010120220805585856,홍애삼,,G2,소매,G221,기타 상품 소매,G22199,그 외 기타 상품 전문 소매업,G47859,그 외 기타 분류 안된 상품 전문 소매업,43,충청북도,43745,증평군,43745250,증평읍,4374525032,증평읍,4374525032100940001,1,대지,94,1,충청북도 증평군 증평읍 송산리 94-1,437453240095,충청북도 증평군 증평읍 중부로,2451,,4374525032100940001004761,증평인삼상설판매장내,충청북도 증평군 증평읍 중부로 2451,368906,27914,,,,127.581762536239,36.7958846877096
MA010120220805570060,정성사,,G2,소매,G221,기타 상품 소매,G22199,그 외 기타 상품 전문 소매업,S96129,체형 등 기타 신체 관리 서비스업,43,충청북도,43114,청주시 청원구,43114540,율량.사천동,4311410300,율량동,4311410300110250001,1,대지,1025,1,충청북도 청주시 청원구 율량동 1025-1,431144508647,충청북도 청주시 청원구 충청대로115번길,29,2,4311111500110250001038221,,충청북도 청주시 청원구 충청대로115번길 29-2,363819,28333,,,,127.491595801099,36.6669997547512
MA010120220805602938,건강백세7호,,G2,소매,G221,기타 상품 소매,G22199,그 외 기타 상품 전문 소매업,G47859,그 외 기타 분류 안된 상품 전문 소매업,43,충청북도,43745,증평군,43745250,증평읍,4374525032,증평읍,4374525032100940001,1,대지,94,1,충청북도 증평군 증평읍 송산리 94-1,437453240095,충청북도 증평군 증평읍 중부로,2451,,4374525032100940001004761,증평인삼상설판매장,충청북도 증평군 증평읍 중부로 2451,368906,27914,,1,,127.581762536239,36.7958846877096
MA010120220805577189,예당공방,,G2,소매,G221,기타 상품 소매,G22199,그 외 기타 상품 전문 소매업,G47859,그 외 기타 분류 안된 상품 전문 소매업,46,전라남도,46810,강진군,46810250,강진읍,4681025022,강진읍,4681025022100320019,1,대지,32,19,전라남도 강진군 강진읍 남성리 32-19,468103293060,전라남도 강진군 강진읍 중앙로,108,,4681025022100320019609041,,전라남도 강진군 강진읍 중앙로 108,527802,59233,,,,126.768604255174,34.6392625162149
MA010120220805599231,회인농약마트,,G2,소매,G221,기타 상품 소매,G22199,그 외 기타 상품 전문 소매업,G47859,그 외 기타 분류 안된 상품 전문 소매업,43,충청북도,43720,보은군,43720385,회인면,4372038521,회인면,4372038521100060006,1,대지,6,6,충청북도 보은군 회인면 중앙리 6-6,437203241038,충청북도 보은군 회인면 회인로,46,1,4372038521100060006103607,,충청북도 보은군 회인면 회인로 46-1,376893,28929,,,,127.597915954641,36.4916307592171
MA010120220805572790,러브체인성인용품,,G2,소매,G221,기타 상품 소매,G22199,그 외 기타 상품 전문 소매업,G47859,그 외 기타 분류 안된 상품 전문 소매업,43,충청북도,43114,청주시 청원구,43114510,우암동,4311410100,우암동,4311410100103510003,1,대지,351,3,충청북도 청주시 청원구 우암동 351-3,431143236058,충청북도 청주시 청원구 직지대로,855,,4311111300103510003034835,,충청북도 청주시 청원구 직지대로 855,363814,28487,,,,127.485122861577,36.6497517322589
MA010120220805586951,S토이샵,,G2,소매,G221,기타 상품 소매,G22199,그 외 기타 상품 전문 소매업,G47859,그 외 기타 분류 안된 상품 전문 소매업,43,충청북도,43113,청주시 흥덕구,43113756,봉명2.송정동,4311311500,봉명동,4311311500117860000,1,대지,1786,,충청북도 청주시 흥덕구 봉명동 1786,431134512190,충청북도 청주시 흥덕구 과상미로10번길,15,,4311311500117860000016757,,충청북도 청주시 흥덕구 과상미로10번길 15,361819,28451,,1,,127.462263959417,36.6440934408739
MA010120220805596458,선재안전산업,,G2,소매,G221,기타 상품 소매,G22199,그 외 기타 상품 전문 소매업,G47859,그 외 기타 분류 안된 상품 전문 소매업,43,충청북도,43113,청주시 흥덕구,43113700,운천.신봉동,4311310500,신봉동,4311310500101490006,1,대지,149,6,충청북도 청주시 흥덕구 신봉동 149-6,431134512152,충청북도 청주시 흥덕구 1순환로436번길,43,,4311310500101490006015128,,충청북도 청주시 흥덕구 1순환로436번길 43,361839,28458,,,,127.469110308219,36.6537537919034
MA010120220805566306,청풍불교사,,G2,소매,G221,기타 상품 소매,G22199,그 외 기타 상품 전문 소매업,G47859,그 외 기타 분류 안된 상품 전문 소매업,43,충청북도,43111,청주시 상당구,43111545,성안동,4311111100,석교동,4311111100100070005,1,대지,7,5,충청북도 청주시 상당구 석교동 7-5,431113236014,충청북도 청주시 상당구 대성로,28,,4311111100100070005042887,,충청북도 청주시 상당구 대성로 28,360060,28724,,,,127.493481849456,36.6277569173217
MA010120220805617714,유한책임회사하이모,청주지점,G2,소매,G221,기타 상품 소매,G22199,그 외 기타 상품 전문 소매업,G47422,의복 액세서리 및 모조 장신구 소매업,43,충청북도,43113,청주시 흥덕구,43113760,강서1동,4311311700,강서동,4311311700105270000,1,대지,527,,충청북도 청주시 흥덕구 강서동 527,431133014065,충청북도 청주시 흥덕구 2순환로,1256,,4311311700105270000024938,밀레니엄타워,충청북도 청주시 흥덕구 2순환로 1256,361872,28378,,3,,127.43107634547,36.6240791245114
MA010120220805608061,엠케이유통,,G2,소매,G221,기타 상품 소매,G22199,그 외 기타 상품 전문 소매업,G47859,그 외 기타 분류 안된 상품 전문 소매업,41,경기도,41480,파주시,41480510,금촌1동,4148010100,금촌동,4148010100103290158,1,대지,329,158,경기도 파주시 금촌동 329-158,414803206129,경기도 파주시 중앙로,328,,4148010100103290158072046,엠에이치타워,경기도 파주시 중앙로 328,413801,10930,,1,,126.77452614602,37.7648712487381
MA010120220805608164,러브,,G2,소매,G221,기타 상품 소매,G22199,그 외 기타 상품 전문 소매업,G47859,그 외 기타 분류 안된 상품 전문 소매업,43,충청북도,43112,청주시 서원구,43112510,사직1동,4311210100,사직동,4311210100105500005,1,대지,550,5,충청북도 청주시 서원구 사직동 550-5,431123237095,충청북도 청주시 서원구 호국로,139,,4311310100105500005001604,,충청북도 청주시 서원구 호국로 139,362829,28547,,1,,127.476040723105,36.6404526955033
MA010120220805610480,한국꽃돌,,G2,소매,G221,기타 상품 소매,G22199,그 외 기타 상품 전문 소매업,G47859,그 외 기타 분류 안된 상품 전문 소매업,41,경기도,41830,양평군,41830320,강하면,4183032022,강하면,4183032022106970001,1,대지,697,1,경기도 양평군 강하면 왕창리 697-1,418303217019,경기도 양평군 강하면 왕창로,29,,4183032022106970001009008,,경기도 양평군 강하면 왕창로 29,476921,12574,,,,127.388710004533,37.480195050982
MA010120220805620424,보국,,G2,소매,G221,기타 상품 소매,G22199,그 외 기타 상품 전문 소매업,G47859,그 외 기타 분류 안된 상품 전문 소매업,43,충청북도,43111,청주시 상당구,43111720,용암1동,4311112400,용암동,4311112400126500000,1,대지,2650,,충청북도 청주시 상당구 용암동 2650,431114508512,충청북도 청주시 상당구 용암북로160번길,20,,4311112400126500000041762,대화프라자,충청북도 청주시 상당구 용암북로160번길 20,360812,28762,,,,127.514996532562,36.6216643463181
MA010120220805633333,양산종묘농약사,,G2,소매,G221,기타 상품 소매,G22199,그 외 기타 상품 전문 소매업,G47859,그 외 기타 분류 안된 상품 전문 소매업,43,충청북도,43740,영동군,43740390,양산면,4374039021,양산면,4374039021101720001,1,대지,172,1,충청북도 영동군 양산면 가곡리 172-1,437404529005,충청북도 영동군 양산면 가곡5길,4,,4374039021101720001002343,,충청북도 영동군 양산면 가곡5길 4,370831,29161,,,,127.66791393518,36.1234563512917
MA010120220805629545,생약조합상회,,G2,소매,G221,기타 상품 소매,G22199,그 외 기타 상품 전문 소매업,G47859,그 외 기타 분류 안된 상품 전문 소매업,43,충청북도,43740,영동군,43740250,영동읍,4374025021,영동읍,4374025021105880006,1,대지,588,6,충청북도 영동군 영동읍 계산리 588-6,437404529456,충청북도 영동군 영동읍 영동시장3길,15,10,4374025021105880006015186,,충청북도 영동군 영동읍 영동시장3길 15-10,370808,29146,,,,127.775154606881,36.1758001332939
MA010120220805639471,회당철학원,,G2,소매,G221,기타 상품 소매,G22199,그 외 기타 상품 전문 소매업,G47859,그 외 기타 분류 안된 상품 전문 소매업,43,충청북도,43720,보은군,43720250,보은읍,4372025021,보은읍,4372025021101490017,1,대지,149,17,충청북도 보은군 보은읍 삼산리 149-17,437203241011,충청북도 보은군 보은읍 보은로,124,1,4372025021101490017003236,,충청북도 보은군 보은읍 보은로 124-1,376807,28948,,,,127.718055652845,36.4853631315094
MA010120220805608642,천왕불교사,,G2,소매,G221,기타 상품 소매,G22199,그 외 기타 상품 전문 소매업,G47859,그 외 기타 분류 안된 상품 전문 소매업,43,충청북도,43750,진천군,43750250,진천읍,4375025026,진천읍,4375025026100450004,1,대지,45,4,충청북도 진천군 진천읍 벽암리 45-4,437503245024,충청북도 진천군 진천읍 문화로,200,24,4375025026100450004023672,,충청북도 진천군 진천읍 문화로 200-24,365806,27832,,,,127.43703165272,36.8584822863657
MA010120220805611062,영광약초,,G2,소매,G221,기타 상품 소매,G22199,그 외 기타 상품 전문 소매업,G47859,그 외 기타 분류 안된 상품 전문 소매업,41,경기도,41220,평택시,41220610,통복동,4122011400,통복동,4122011400100690003,1,대지,69,3,경기도 평택시 통복동 69-3,412204364814,경기도 평택시 통복시장로25번길,17,,4122011400100690003012870,,경기도 평택시 통복시장로25번길 17,450040,17893,,1,,127.084492033146,36.9977446545936
MA010120220805631515,복전퇴비,,G2,소매,G221,기타 상품 소매,G22199,그 외 기타 상품 전문 소매업,G47859,그 외 기타 분류 안된 상품 전문 소매업,43,충청북도,43740,영동군,43740340,매곡면,4374034028,매곡면,4374034028200230003,2,산,23,3,충청북도 영동군 매곡면 어촌리 산23-3,437403000177,충청북도 영동군 매곡면 괘방령로,674,201,4374034028101550000002184,,충청북도 영동군 매곡면 괘방령로 674-201,370871,29122,,,,127.982762005841,36.1479257064545
MA010120220805635616,경민물산,,G2,소매,G221,기타 상품 소매,G22199,그 외 기타 상품 전문 소매업,G47859,그 외 기타 분류 안된 상품 전문 소매업,44,충청남도,44710,금산군,44710250,금산읍,4471025022,금산읍,4471025022105590001,1,대지,559,1,충청남도 금산군 금산읍 중도리 559-1,447103257020,충청남도 금산군 금산읍 비단로,135,,4471025022105600020017106,,충청남도 금산군 금산읍 비단로 135,312806,32747,,1,,127.494713127938,36.0999102078236
MA010120220805635618,러브성인용품,,G2,소매,G221,기타 상품 소매,G22199,그 외 기타 상품 전문 소매업,G47859,그 외 기타 분류 안된 상품 전문 소매업,29,광주광역시,29200,광산구,29200600,월곡1동,2920012800,월곡동,2920012800105510001,1,대지,551,1,광주광역시 광산구 월곡동 551-1,292004289515,광주광역시 광산구 월곡중앙로37번길,5,,2920012800105510001001103,,광주광역시 광산구 월곡중앙로37번길 5,506827,62347,,,,126.810756428921,35.169545315401
MA010120220805631673,청산유통,,G2,소매,G221,기타 상품 소매,G22199,그 외 기타 상품 전문 소매업,G47859,그 외 기타 분류 안된 상품 전문 소매업,43,충청북도,43730,옥천군,43730250,옥천읍,4373025038,옥천읍,4373025038100120000,1,대지,12,,충청북도 옥천군 옥천읍 삼양리 12,437303242021,충청북도 옥천군 옥천읍 성왕로,1091,,4373025038100120000009163,,충청북도 옥천군 옥천읍 성왕로 1091,373809,29032,,,,127.561320805063,36.3102787935911
MA010120220805635899,부흥농약종묘사,,G2,소매,G221,기타 상품 소매,G22199,그 외 기타 상품 전문 소매업,G47859,그 외 기타 분류 안된 상품 전문 소매업,43,충청북도,43730,옥천군,43730250,옥천읍,4373025036,옥천읍,4373025036101710034,1,대지,171,34,충청북도 옥천군 옥천읍 금구리 171-34,437303242004,충청북도 옥천군 옥천읍 금장로,27,1,4373025036101710034008823,,충청북도 옥천군 옥천읍 금장로 27-1,373806,29038,,,,127.567507066948,36.3019677947185
MA010120220805626675,가산상포，장의사,,G2,소매,G221,기타 상품 소매,G22199,그 외 기타 상품 전문 소매업,G47859,그 외 기타 분류 안된 상품 전문 소매업,43,충청북도,43720,보은군,43720250,보은읍,4372025024,보은읍,4372025024100430003,1,대지,43,3,충청북도 보은군 보은읍 교사리 43-3,437204523205,충청북도 보은군 보은읍 삼산로2길,15,,4372025024100430013003262,,충청북도 보은군 보은읍 삼산로2길 15,376803,28948,,,,127.72005783871,36.4858647152374
MA010120220805634257,현대곶감자재,백화점,G2,소매,G221,기타 상품 소매,G22199,그 외 기타 상품 전문 소매업,G47859,그 외 기타 분류 안된 상품 전문 소매업,43,충청북도,43740,영동군,43740250,영동읍,4374025028,영동읍,4374025028100560006,1,대지,56,6,충청북도 영동군 영동읍 부용리 56-6,437404529301,충청북도 영동군 영동읍 부용1길,5,6,4374025028100770007004345,현대청과내,충청북도 영동군 영동읍 부용1길 5-6,370807,29152,,,,127.768484484062,36.1688769908742
MA010120220805607161,금산인삼,,G2,소매,G221,기타 상품 소매,G22199,그 외 기타 상품 전문 소매업,G47859,그 외 기타 분류 안된 상품 전문 소매업,44,충청남도,44710,금산군,44710390,추부면,4471039026,추부면,4471039026105900001,1,대지,590,1,충청남도 금산군 추부면 장대리 590-1,447103257053,충청남도 금산군 추부면 추풍로,171,,4471039026105900001042561,,충청남도 금산군 추부면 추풍로 171,312942,32711,,,,127.480408099986,36.19069243624
MA010120220805616392,오창농협미곡종합처리장,,G2,소매,G221,기타 상품 소매,G22199,그 외 기타 상품 전문 소매업,G47859,그 외 기타 분류 안된 상품 전문 소매업,43,충청북도,43114,청주시 청원구,43114253,오창읍,4311425335,오창읍,4311425335102200000,1,대지,220,,충청북도 청주시 청원구 오창읍 괴정리 220,431143236068,충청북도 청주시 청원구 오창읍 팔결로,543,,4371025335002410000001108,,충청북도 청주시 청원구 오창읍 팔결로 543,363882,28130,,,,127.466907292082,36.7296638358019
MA010120220805630096,대광불교,,G2,소매,G221,기타 상품 소매,G22199,그 외 기타 상품 전문 소매업,G47859,그 외 기타 분류 안된 상품 전문 소매업,43,충청북도,43730,옥천군,43730250,옥천읍,4373025036,옥천읍,4373025036100060020,1,대지,6,20,충청북도 옥천군 옥천읍 금구리 6-20,437304526372,충청북도 옥천군 옥천읍 중앙로6길,6,,4373025036100060003009205,소매점,충청북도 옥천군 옥천읍 중앙로6길 6,373806,29038,,,,127.568730387232,36.3017817466852
MA010120220805630160,영동불교사,,G2,소매,G221,기타 상품 소매,G22199,그 외 기타 상품 전문 소매업,G47859,그 외 기타 분류 안된 상품 전문 소매업,43,충청북도,43740,영동군,43740250,영동읍,4374025021,영동읍,4374025021104460003,1,대지,446,3,충청북도 영동군 영동읍 계산리 446-3,437403243042,충청북도 영동군 영동읍 영산로,46,,4374025021104450003006517,,충청북도 영동군 영동읍 영산로 46,370808,29146,,,,127.775127704305,36.1787111248127
MA010120220805632309,영동곶감자재,백화점,G2,소매,G221,기타 상품 소매,G22199,그 외 기타 상품 전문 소매업,G47859,그 외 기타 분류 안된 상품 전문 소매업,43,충청북도,43740,영동군,43740250,영동읍,4374025028,영동읍,4374025028103430097,1,대지,343,97,충청북도 영동군 영동읍 부용리 343-97,437403243054,충청북도 영동군 영동읍 학산영동로,1239,,4374025028103430097008113,,충청북도 영동군 영동읍 학산영동로 1239,370807,29149,,1,,127.77290548065,36.1731471750041
MA010120220805634387,현대농약종묘사,,G2,소매,G221,기타 상품 소매,G22199,그 외 기타 상품 전문 소매업,G47859,그 외 기타 분류 안된 상품 전문 소매업,43,충청북도,43740,영동군,43740250,영동읍,4374025021,영동읍,4374025021106770006,1,대지,677,6,충청북도 영동군 영동읍 계산리 677-6,437404529597,충청북도 영동군 영동읍 중앙로1길,18,8,4374025021106770005003912,,충청북도 영동군 영동읍 중앙로1길 18-8,370809,29145,,,,127.776227313543,36.1729905062822
MA010120220805638546,군자산신영각사,,G2,소매,G221,기타 상품 소매,G22199,그 외 기타 상품 전문 소매업,G47859,그 외 기타 분류 안된 상품 전문 소매업,28,인천광역시,28237,부평구,28237550,부평5동,2823710100,부평동,2823710100101920006,1,대지,192,6,인천광역시 부평구 부평동 192-6,282373154037,인천광역시 부평구 시장로,33,,2823710100101920006105964,한남시티프라자,인천광역시 부평구 시장로 33,403821,21394,,2,,126.725723326953,37.4940041589474
MA010120220805645479,오룡,,G2,소매,G221,기타 상품 소매,G22199,그 외 기타 상품 전문 소매업,G47859,그 외 기타 분류 안된 상품 전문 소매업,46,전라남도,46840,무안군,46840256,삼향읍,4684025622,삼향읍,4684025622121180000,1,대지,2118,,전라남도 무안군 삼향읍 남악리 2118,468404688450,전라남도 무안군 삼향읍 남악3로82번가길,45,,4684025622121180000000001,남악도휘에드,전라남도 무안군 삼향읍 남악3로82번가길 45,534821,58567,,,,126.464952697034,34.8140112597628
MA010120220805627004,그린상사,,G2,소매,G221,기타 상품 소매,G22199,그 외 기타 상품 전문 소매업,G47859,그 외 기타 분류 안된 상품 전문 소매업,43,충청북도,43740,영동군,43740250,영동읍,4374025021,영동읍,4374025021100810023,1,대지,81,23,충청북도 영동군 영동읍 계산리 81-23,437403243002,충청북도 영동군 영동읍 계산로,119,1,4374025021108660047003322,,충청북도 영동군 영동읍 계산로 119-1,370802,29143,,,,127.789476177929,36.1707590604365
MA010120220805616790,삽교농협경제사업소,,G2,소매,G221,기타 상품 소매,G22199,그 외 기타 상품 전문 소매업,G47859,그 외 기타 분류 안된 상품 전문 소매업,44,충청남도,44810,예산군,44810253,삽교읍,4481025322,삽교읍,4481025322104800001,1,대지,480,1,충청남도 예산군 삽교읍 삽교리 480-1,448103251049,충청남도 예산군 삽교읍 충의로,486,,4481025322104800001000001,,충청남도 예산군 삽교읍 충의로 486,340901,32416,,,,126.719910318768,36.6873025384359
MA010120220805619724,유림산업,,G2,소매,G221,기타 상품 소매,G22199,그 외 기타 상품 전문 소매업,G47859,그 외 기타 분류 안된 상품 전문 소매업,36,세종특별자치시,36110,세종특별자치시,36110523,어진동,3611011000,어진동,3611011000106860000,1,대지,686,,세종특별자치시 세종특별자치시 어진동 686,361102000002,세종특별자치시 세종특별자치시 한누리대로,350,,3611011000106860000000001,뱅크빌딩,세종특별자치시 세종특별자치시 한누리대로 350,339012,30121,,6,,127.257231129216,36.4954199222281
MA010120220805632702,향수농약사,,G2,소매,G221,기타 상품 소매,G22199,그 외 기타 상품 전문 소매업,G47859,그 외 기타 분류 안된 상품 전문 소매업,43,충청북도,43730,옥천군,43730250,옥천읍,4373025036,옥천읍,4373025036101950023,1,대지,195,23,충청북도 옥천군 옥천읍 금구리 195-23,437303000091,충청북도 옥천군 옥천읍 옥천로,1588,,4373025036101950023002423,,충청북도 옥천군 옥천읍 옥천로 1588,373806,29037,,,,127.564496287813,36.3013061669254
MA010120220805657156,강변수석,,G2,소매,G221,기타 상품 소매,G22199,그 외 기타 상품 전문 소매업,G47859,그 외 기타 분류 안된 상품 전문 소매업,43,충청북도,43130,충주시,43130385,중앙탑면,4313038523,중앙탑면,4313038523102760003,1,대지,276,3,충청북도 충주시 중앙탑면 가흥리 276-3,431304515186,충청북도 충주시 중앙탑면 윗골길,1,,4313038023102760003000001,,충청북도 충주시 중앙탑면 윗골길 1,380921,27446,,,,127.859862145034,37.0743220314286
MA010120220805657201,돌방수석,,G2,소매,G221,기타 상품 소매,G22199,그 외 기타 상품 전문 소매업,G47859,그 외 기타 분류 안된 상품 전문 소매업,43,충청북도,43130,충주시,43130385,중앙탑면,4313038523,중앙탑면,4313038523106220005,1,대지,622,5,충청북도 충주시 중앙탑면 가흥리 622-5,431303197001,충청북도 충주시 중앙탑면 가곡로,1949,,4313038023106220005058598,,충청북도 충주시 중앙탑면 가곡로 1949,380921,27446,,,,127.844747896558,37.0772869539186
MA010120220805655539,고려농약사,,G2,소매,G221,기타 상품 소매,G22199,그 외 기타 상품 전문 소매업,G47859,그 외 기타 분류 안된 상품 전문 소매업,43,충청북도,43130,충주시,43130535,교현.안림동,4313010500,교현동,4313010500103460020,1,대지,346,20,충청북도 충주시 교현동 346-20,431303238057,충청북도 충주시 천변로,249,,4313010500103460020004181,,충청북도 충주시 천변로 249,380950,27384,,,,127.93505888467,36.9735567638509
MA010120220805659281,강촌건설,,G2,소매,G221,기타 상품 소매,G22199,그 외 기타 상품 전문 소매업,G47859,그 외 기타 분류 안된 상품 전문 소매업,43,충청북도,43130,충주시,43130420,엄정면,4313042023,엄정면,4313042023102360006,1,대지,236,6,충청북도 충주시 엄정면 목계리 236-6,431303238003,충청북도 충주시 엄정면 구룡로,443,,4313042023102360006066856,,충청북도 충주시 엄정면 구룡로 443,380842,27314,,,,127.887357316456,37.0782642957348
MA010120220805671967,고려인삼건재,,G2,소매,G221,기타 상품 소매,G22199,그 외 기타 상품 전문 소매업,G47859,그 외 기타 분류 안된 상품 전문 소매업,43,충청북도,43130,충주시,43130515,성내.충인동,4313012400,충의동,4313012400102790000,1,대지,279,,충청북도 충주시 충의동 279,431304515368,충청북도 충주시 충인2길,5,1,4313012400102800000024825,,충청북도 충주시 충인2길 5-1,380050,27385,,,,127.929993352247,36.9734974369748
MA010120220805674305,목계수석관,,G2,소매,G221,기타 상품 소매,G22199,그 외 기타 상품 전문 소매업,G47859,그 외 기타 분류 안된 상품 전문 소매업,43,충청북도,43130,충주시,43130385,중앙탑면,4313038523,중앙탑면,4313038523101140003,1,대지,114,3,충청북도 충주시 중앙탑면 가흥리 114-3,431303197001,충청북도 충주시 중앙탑면 가곡로,2114,,4313038023101140003000001,,충청북도 충주시 중앙탑면 가곡로 2114,380921,27446,,,,127.861960724032,37.0739463811985
MA010120220805669606,현대총포사,,G2,소매,G221,기타 상품 소매,G22199,그 외 기타 상품 전문 소매업,G47859,그 외 기타 분류 안된 상품 전문 소매업,43,충청북도,43130,충주시,43130610,봉방동,4313011500,봉방동,4313011500102400000,1,대지,240,,충청북도 충주시 봉방동 240,431304514711,충청북도 충주시 상방6길,44,,4313011500102400000015716,,충청북도 충주시 상방6길 44,380960,27430,,,,127.914187276518,36.9730615478817
MA010120220805649514,옥천과수영농조합,,G2,소매,G221,기타 상품 소매,G22199,그 외 기타 상품 전문 소매업,G47859,그 외 기타 분류 안된 상품 전문 소매업,43,충청북도,43730,옥천군,43730360,이원면,4373036032,이원면,4373036032106860000,1,대지,686,,충청북도 옥천군 이원면 원동리 686,437304526292,충청북도 옥천군 이원면 원동4길,44,,4373036032106860000030519,,충청북도 옥천군 이원면 원동4길 44,373863,29062,,,,127.653395109615,36.242511301289
MA010120220805659424,제일만물,,G2,소매,G221,기타 상품 소매,G22199,그 외 기타 상품 전문 소매업,G47859,그 외 기타 분류 안된 상품 전문 소매업,43,충청북도,43130,충주시,43130515,성내.충인동,4313010400,충인동,4313010400100230000,1,대지,23,,충청북도 충주시 충인동 23,431304515374,충청북도 충주시 충인8길,21,,4313010400100230000002087,,충청북도 충주시 충인8길 21,380040,27386,,,,127.930674081693,36.9749878507205
MA010120220805661209,미래환경상사,,G2,소매,G221,기타 상품 소매,G22199,그 외 기타 상품 전문 소매업,G47859,그 외 기타 분류 안된 상품 전문 소매업,43,충청북도,43130,충주시,43130610,봉방동,4313011500,봉방동,4313011500100940002,1,대지,94,2,충청북도 충주시 봉방동 94-2,431304514577,충청북도 충주시 봉계11길,6,,4313011500100940002014276,,충청북도 충주시 봉계11길 6,380959,27369,,,,127.914856525195,36.9783095375875
MA010120220805661268,거산수석공예,,G2,소매,G221,기타 상품 소매,G22199,그 외 기타 상품 전문 소매업,G47859,그 외 기타 분류 안된 상품 전문 소매업,43,충청북도,43130,충주시,43130385,중앙탑면,4313038523,중앙탑면,4313038523200110001,2,산,11,1,충청북도 충주시 중앙탑면 가흥리 산11-1,431303197001,충청북도 충주시 중앙탑면 가곡로,2110,,4313038023101100003054260,,충청북도 충주시 중앙탑면 가곡로 2110,380921,27446,,,,127.861737065406,37.0740561316026
MA010120220805657664,가람환경화학,,G2,소매,G221,기타 상품 소매,G22199,그 외 기타 상품 전문 소매업,G47859,그 외 기타 분류 안된 상품 전문 소매업,41,경기도,41670,여주시,41670250,가남읍,4167025037,가남읍,4167025037102450000,1,대지,245,,경기도 여주시 가남읍 금당리 245,416704442065,경기도 여주시 가남읍 금당2길,50,,4173032037102450000015408,,경기도 여주시 가남읍 금당2길 50,469882,12660,,,,127.616362599133,37.2051556282905
MA010120220805682879,세성약포,,G2,소매,G221,기타 상품 소매,G22199,그 외 기타 상품 전문 소매업,G47811,의약품 및 의료용품 소매업,43,충청북도,43130,충주시,43130310,살미면,4313031021,살미면,4313031021102950005,1,대지,295,5,충청북도 충주시 살미면 세성리 295-5,431303238032,충청북도 충주시 살미면 세성로,44,,4313031021102950005034905,,충청북도 충주시 살미면 세성로 44,380933,27493,,,,127.962422930588,36.903632384873
MA010120220805674918,국보수석원,,G2,소매,G221,기타 상품 소매,G22199,그 외 기타 상품 전문 소매업,G47859,그 외 기타 분류 안된 상품 전문 소매업,43,충청북도,43130,충주시,43130640,목행.용탄동,4313011900,목행동,4313011900105970007,1,대지,597,7,충청북도 충주시 목행동 597-7,431304515489,충청북도 충주시 행정13길,1,,4313011900105970007020800,,충청북도 충주시 행정13길 1,380240,27436,,,,127.917110202062,37.0144783489352
MA010120220805647020,명품관,,G2,소매,G221,기타 상품 소매,G22199,그 외 기타 상품 전문 소매업,G47859,그 외 기타 분류 안된 상품 전문 소매업,11,서울특별시,11740,강동구,11740620,천호3동,1174010900,천호동,1174010900104100189,1,대지,410,189,서울특별시 강동구 천호동 410-189,117403124008,서울특별시 강동구 진황도로,22,,1174010900104100189000001,,서울특별시 강동구 진황도로 22,134871,05336,,2,,127.12982679654,37.5391391785004
MA010120220805661626,생약건재약업사,,G2,소매,G221,기타 상품 소매,G22199,그 외 기타 상품 전문 소매업,G47859,그 외 기타 분류 안된 상품 전문 소매업,43,충청북도,43130,충주시,43130571,문화동,4313012700,문화동,4313012700115560000,1,대지,1556,,충청북도 충주시 문화동 1556,431304514643,충청북도 충주시 사직산17길,23,,4313012700115560000027091,,충청북도 충주시 사직산17길 23,380957,27407,,,,127.925943982228,36.9720333395516
MA010120220805666030,돌돌목석공예원,,G2,소매,G221,기타 상품 소매,G22199,그 외 기타 상품 전문 소매업,G47859,그 외 기타 분류 안된 상품 전문 소매업,43,충청북도,43130,충주시,43130370,앙성면,4313037034,앙성면,4313037034106220007,1,대지,622,7,충청북도 충주시 앙성면 능암리 622-7,431303197001,충청북도 충주시 앙성면 가곡로,1511,,4313037034106210012055470,,충청북도 충주시 앙성면 가곡로 1511,380863,27302,,,,127.801024448373,37.0900427672828
MA010120220805659918,석심수석,,G2,소매,G221,기타 상품 소매,G22199,그 외 기타 상품 전문 소매업,G47859,그 외 기타 분류 안된 상품 전문 소매업,43,충청북도,43130,충주시,43130420,엄정면,4313042023,엄정면,4313042023102340006,1,대지,234,6,충청북도 충주시 엄정면 목계리 234-6,431303238003,충청북도 충주시 엄정면 구룡로,435,,4313042023102340006066852,,충청북도 충주시 엄정면 구룡로 435,380842,27314,,,,127.888047969895,37.0786645945039
MA010120220805666302,지호커뮤니케이션,,G2,소매,G221,기타 상품 소매,G22199,그 외 기타 상품 전문 소매업,G47859,그 외 기타 분류 안된 상품 전문 소매업,43,충청북도,43130,충주시,43130540,교현2동,4313010500,교현동,4313010500106150001,1,대지,615,1,충청북도 충주시 교현동 615-1,431302238002,충청북도 충주시 국원대로,68,,4313010500106150001006199,,충청북도 충주시 국원대로 68,380951,27377,,,,127.927885275983,36.9774605446447
MA010120220805678237,참농인,,G2,소매,G221,기타 상품 소매,G22199,그 외 기타 상품 전문 소매업,G47859,그 외 기타 분류 안된 상품 전문 소매업,43,충청북도,43114,청주시 청원구,43114530,내덕2동,4311410200,내덕동,4311410200104140014,1,대지,414,14,충청북도 청주시 청원구 내덕동 414-14,431142014003,충청북도 청주시 청원구 충청대로,45,,4311111400104140014037916,,충청북도 청주시 청원구 충청대로 45,363805,28493,,,,127.490686495692,36.6612002669957
MA010120220805664255,무극불교사,,G2,소매,G221,기타 상품 소매,G22199,그 외 기타 상품 전문 소매업,G47859,그 외 기타 분류 안된 상품 전문 소매업,43,충청북도,43770,음성군,43770253,금왕읍,4377025321,금왕읍,4377025321101020013,1,대지,102,13,충청북도 음성군 금왕읍 무극리 102-13,437704541215,충청북도 음성군 금왕읍 무극로314번길,13,3,4377025321101020013214938,,충청북도 음성군 금왕읍 무극로314번길 13-3,369904,27636,,,,127.596814728711,36.9924448173617
MA010120220805666768,대소농약사,,G2,소매,G221,기타 상품 소매,G22199,그 외 기타 상품 전문 소매업,G47859,그 외 기타 분류 안된 상품 전문 소매업,43,충청북도,43770,음성군,43770340,대소면,4377034021,대소면,4377034021101440010,1,대지,144,10,충청북도 음성군 대소면 오산리 144-10,437703247037,충청북도 음성군 대소면 오산로,81,,4377034021101440010177786,,충청북도 음성군 대소면 오산로 81,369824,27667,,1,,127.485993743849,36.9704413843123
MA010120220805662344,남경수석공예,,G2,소매,G221,기타 상품 소매,G22199,그 외 기타 상품 전문 소매업,G47859,그 외 기타 분류 안된 상품 전문 소매업,43,충청북도,43130,충주시,43130385,중앙탑면,4313038523,중앙탑면,4313038523101140003,1,대지,114,3,충청북도 충주시 중앙탑면 가흥리 114-3,431303197001,충청북도 충주시 중앙탑면 가곡로,2114,,4313038023101140003000001,,충청북도 충주시 중앙탑면 가곡로 2114,380921,27446,,,,127.861960724032,37.0739463811985
MA010120220805681418,정도사,,G2,소매,G221,기타 상품 소매,G22199,그 외 기타 상품 전문 소매업,G47859,그 외 기타 분류 안된 상품 전문 소매업,43,충청북도,43770,음성군,43770370,감곡면,4377037022,감곡면,4377037022101860000,1,대지,186,,충청북도 음성군 감곡면 주천리 186,437704541456,충청북도 음성군 감곡면 음성로2292번길,76,,4377037022101880000205103,,충청북도 음성군 감곡면 음성로2292번길 76,369854,27613,,1,,127.62976878793,37.0817680037173
MA010120220805655106,남강석실,,G2,소매,G221,기타 상품 소매,G22199,그 외 기타 상품 전문 소매업,G47859,그 외 기타 분류 안된 상품 전문 소매업,43,충청북도,43130,충주시,43130385,중앙탑면,4313038523,중앙탑면,4313038523107500054,1,대지,750,54,충청북도 충주시 중앙탑면 가흥리 750-54,431304514493,충청북도 충주시 중앙탑면 묘곡내동길,623,,4313038023107500054000001,,충청북도 충주시 중앙탑면 묘곡내동길 623,380921,27446,,,,127.844168426036,37.0767504536411
MA010120220805660778,신영농약사,,G2,소매,G221,기타 상품 소매,G22199,그 외 기타 상품 전문 소매업,G47859,그 외 기타 분류 안된 상품 전문 소매업,43,충청북도,43770,음성군,43770253,금왕읍,4377025321,금왕읍,4377025321102460003,1,대지,246,3,충청북도 음성군 금왕읍 무극리 246-3,437704541210,충청북도 음성군 금왕읍 무극로285번길,8,,4377025321102460003214666,,충청북도 음성군 금왕읍 무극로285번길 8,369904,27629,,,,127.593139898301,36.9936886918508
MA010120220805686802,조선비료,대리점,G2,소매,G221,기타 상품 소매,G22199,그 외 기타 상품 전문 소매업,G47859,그 외 기타 분류 안된 상품 전문 소매업,43,충청북도,43770,음성군,43770310,소이면,4377031028,소이면,4377031028109990000,1,대지,999,,충청북도 음성군 소이면 충도리 999,437703247050,충청북도 음성군 소이면 충도로,672,,4377031028109990000000001,,충청북도 음성군 소이면 충도로 672,369872,27714,,,,127.733351575807,36.9254783440992
MA010120220805720108,의전문화원,,G2,소매,G221,기타 상품 소매,G22199,그 외 기타 상품 전문 소매업,G47859,그 외 기타 분류 안된 상품 전문 소매업,43,충청북도,43150,제천시,43150518,의림지동,4315011500,고암동,4315011500105860008,1,대지,586,8,충청북도 제천시 고암동 586-8,431503239010,충청북도 제천시 내토로,971,,4315011500105890002000512,엔카,충청북도 제천시 내토로 971,390890,27140,,2,,128.233284629134,37.1617943071482
MA010120220805714370,퀀텀에너지천안,중앙점,G2,소매,G221,기타 상품 소매,G22199,그 외 기타 상품 전문 소매업,G47859,그 외 기타 분류 안된 상품 전문 소매업,44,충청남도,44131,천안시 동남구,44131510,중앙동,4413110400,사직동,4413110400101010000,1,대지,101,,충청남도 천안시 동남구 사직동 101,441314547216,충청남도 천안시 동남구 명동길,6,,4413110400101010000022089,,충청남도 천안시 동남구 명동길 6,330040,31129,,1,,127.147770278576,36.8038118030122
MA010120220805716036,제천불교,백화점,G2,소매,G221,기타 상품 소매,G22199,그 외 기타 상품 전문 소매업,G47859,그 외 기타 분류 안된 상품 전문 소매업,43,충청북도,43150,제천시,43150537,남현동,4315010300,동현동,4315010300102320000,1,대지,232,,충청북도 제천시 동현동 232,431502014004,충청북도 제천시 의병대로,148,,4315010300102320000027457,,충청북도 제천시 의병대로 148,390190,27181,,,,128.217082439228,37.1342559511732
MA010120220805701655,에스씨70,,G2,소매,G221,기타 상품 소매,G22199,그 외 기타 상품 전문 소매업,G47859,그 외 기타 분류 안된 상품 전문 소매업,43,충청북도,43130,충주시,43130571,문화동,4313012700,문화동,4313012700105280000,1,대지,528,,충청북도 충주시 문화동 528,431302238006,충청북도 충주시 탄금대로,31,,4313012700105270000028838,,충청북도 충주시 탄금대로 31,380956,27406,,,,127.925029760229,36.9744372690855
MA010120220805712010,백운유기질비료,,G2,소매,G221,기타 상품 소매,G22199,그 외 기타 상품 전문 소매업,G47859,그 외 기타 분류 안된 상품 전문 소매업,43,충청북도,43150,제천시,43150360,백운면,4315036024,백운면,4315036024104000017,1,대지,400,17,충청북도 제천시 백운면 화당리 400-17,431504518138,충청북도 제천시 백운면 화당로7길,13,20,4315036024104000017012009,,충청북도 제천시 백운면 화당로7길 13-20,390881,27100,,,,127.949873973787,37.1747848718781
MA010120220805712085,휴먼가발,,G2,소매,G221,기타 상품 소매,G22199,그 외 기타 상품 전문 소매업,G47422,의복 액세서리 및 모조 장신구 소매업,44,충청남도,44200,아산시,44200590,온양3동,4420011400,권곡동,4420011400104220007,1,대지,422,7,충청남도 아산시 권곡동 422-7,442003249071,충청남도 아산시 충무로,112,,4420011400104220007064397,,충청남도 아산시 충무로 112,336030,31516,,,,127.007820318017,36.7910174273014
MA010120220805714464,충주농약마트,,G2,소매,G221,기타 상품 소매,G22199,그 외 기타 상품 전문 소매업,G47859,그 외 기타 분류 안된 상품 전문 소매업,43,충청북도,43130,충주시,43130571,문화동,4313012700,문화동,4313012700107170000,1,대지,717,,충청북도 충주시 문화동 717,431302238006,충청북도 충주시 탄금대로,22,,4313012700107170000028974,,충청북도 충주시 탄금대로 22,380956,27405,,,,127.926329405057,36.9741838510252
MA010120220805718369,춘방한약방,,G2,소매,G221,기타 상품 소매,G22199,그 외 기타 상품 전문 소매업,G47859,그 외 기타 분류 안된 상품 전문 소매업,43,충청북도,43800,단양군,43800330,영춘면,4380033021,영춘면,4380033021104090016,1,대지,409,16,충청북도 단양군 영춘면 상리 409-16,438003248045,충청북도 단양군 영춘면 온달평강로,51,1,4380033021104090016018333,,충청북도 단양군 영춘면 온달평강로 51-1,395836,27018,,,,128.483798114597,37.0782211576652
MA010120220805718404,관광수석,,G2,소매,G221,기타 상품 소매,G22199,그 외 기타 상품 전문 소매업,G47859,그 외 기타 분류 안된 상품 전문 소매업,43,충청북도,43800,단양군,43800250,단양읍,4380025037,단양읍,4380025037101290015,1,대지,129,15,충청북도 단양군 단양읍 고수리 129-15,438003248009,충청북도 단양군 단양읍 다리안로,119,,4380025037101290015000001,,충청북도 단양군 단양읍 다리안로 119,395801,27024,,,,128.382888254173,36.9885385455534
MA010120220805710445,조은유박비료,,G2,소매,G221,기타 상품 소매,G22199,그 외 기타 상품 전문 소매업,G47859,그 외 기타 분류 안된 상품 전문 소매업,43,충청북도,43150,제천시,43150310,금성면,4315031030,금성면,4315031030105750000,1,대지,575,,충청북도 제천시 금성면 월림리 575,431504517718,충청북도 제천시 금성면 월림로4길,50,56,4315031030105750000007685,,충청북도 제천시 금성면 월림로4길 50-56,390822,27208,,,,128.169867342932,37.0877885526719
MA010120220805716335,삼봉수석슈퍼,,G2,소매,G221,기타 상품 소매,G22199,그 외 기타 상품 전문 소매업,G47859,그 외 기타 분류 안된 상품 전문 소매업,43,충청북도,43800,단양군,43800253,매포읍,4380025324,매포읍,4380025324100840001,1,대지,84,1,충청북도 단양군 매포읍 하괴리 84-1,438003248030,충청북도 단양군 매포읍 삼봉로,644,13,4380025324100840001012880,,충청북도 단양군 매포읍 삼봉로 644-13,395903,27008,,,,128.34183725063,37.0007769903931
MA010120220805708947,창신한약방,,G2,소매,G221,기타 상품 소매,G22199,그 외 기타 상품 전문 소매업,G47859,그 외 기타 분류 안된 상품 전문 소매업,43,충청북도,43150,제천시,43150528,중앙동,4315010700,중앙로2가,4315010700101090002,1,대지,109,2,충청북도 제천시 중앙로2가 109-2,431504517756,충청북도 제천시 의림대로16길,24,,4315010700101080001031716,,충청북도 제천시 의림대로16길 24,390012,27173,,,,128.213791996436,37.1389118557224
MA010120220805720691,산에향기약초,,G2,소매,G221,기타 상품 소매,G22199,그 외 기타 상품 전문 소매업,G47859,그 외 기타 분류 안된 상품 전문 소매업,43,충청북도,43150,제천시,43150560,용두동,4315012400,왕암동,4315012400105870004,1,대지,587,4,충청북도 제천시 왕암동 587-4,431503239076,충청북도 제천시 한방엑스포로,18,,4315012400105870004000001,제천한방마을,충청북도 제천시 한방엑스포로 18,390250,27116,,,,128.159445516641,37.1455918493198
MA010120220805695013,풍농비료엔피코,대리점,G2,소매,G221,기타 상품 소매,G22199,그 외 기타 상품 전문 소매업,G47859,그 외 기타 분류 안된 상품 전문 소매업,50,제주특별자치도,50130,서귀포시,50130550,효돈동,5013010800,하효동,5013010800102500000,1,대지,250,,제주특별자치도 서귀포시 하효동 250,501304851100,제주특별자치도 서귀포시 하효중앙로124번길,11,,5013010800102500000017068,,제주특별자치도 서귀포시 하효중앙로124번길 11,697030,63606,,,,126.619958232479,33.2617203510397
MA010120220805710737,충북농약사,,G2,소매,G221,기타 상품 소매,G22199,그 외 기타 상품 전문 소매업,G47859,그 외 기타 분류 안된 상품 전문 소매업,43,충청북도,43150,제천시,43150537,남현동,4315010400,남천동,4315010400112460000,1,대지,1246,,충청북도 제천시 남천동 1246,431504517696,충청북도 제천시 용두천로6길,2,,4315010400112460000021960,,충청북도 제천시 용두천로6길 2,390020,27172,,,,128.210092444865,37.1348681263382
MA010120220805720872,소잉피플태양미싱,,G2,소매,G221,기타 상품 소매,G22199,그 외 기타 상품 전문 소매업,G47859,그 외 기타 분류 안된 상품 전문 소매업,43,충청북도,43150,제천시,43150605,화산동,4315010900,화산동,4315010900101860033,1,대지,186,33,충청북도 제천시 화산동 186-33,431504517810,충청북도 제천시 의병대로18길,51,,4315010900101860033023755,,충청북도 제천시 의병대로18길 51,390150,27183,,1,,128.210323371181,37.1317032336629
MA010120220805709340,대광농약농자재마트,,G2,소매,G221,기타 상품 소매,G22199,그 외 기타 상품 전문 소매업,G47859,그 외 기타 분류 안된 상품 전문 소매업,43,충청북도,43800,단양군,43800310,대강면,4380031021,대강면,4380031021101010005,1,대지,101,5,충청북도 단양군 대강면 장림리 101-5,438003248010,충청북도 단양군 대강면 대강로,43,,4380031021101010005002405,,충청북도 단양군 대강면 대강로 43,395813,27027,,,,128.355330371524,36.9216854890043
MA010120220805712595,동진불교사,,G2,소매,G221,기타 상품 소매,G22199,그 외 기타 상품 전문 소매업,G47859,그 외 기타 분류 안된 상품 전문 소매업,43,충청북도,43150,제천시,43150537,남현동,4315010400,남천동,4315010400104230000,1,대지,423,,충청북도 제천시 남천동 423,431503239074,충청북도 제천시 풍양로,132,,4315010400104260000031328,,충청북도 제천시 풍양로 132,390020,27174,,,,128.213311454888,37.135601073248
MA010120220805712613,돌직매장,,G2,소매,G221,기타 상품 소매,G22199,그 외 기타 상품 전문 소매업,G47859,그 외 기타 분류 안된 상품 전문 소매업,43,충청북도,43800,단양군,43800250,단양읍,4380025037,단양읍,4380025037101260000,1,대지,126,,충청북도 단양군 단양읍 고수리 126,438004544032,충청북도 단양군 단양읍 고수동굴길,6,,4380025037101260000010299,,충청북도 단양군 단양읍 고수동굴길 6,395801,27024,,,,128.381986632813,36.9883688449731
MA010120220805723271,청풍케미칼,,G2,소매,G221,기타 상품 소매,G22199,그 외 기타 상품 전문 소매업,G47859,그 외 기타 분류 안된 상품 전문 소매업,43,충청북도,43150,제천시,43150577,신백동,4315012700,자작동,4315012700102520001,1,대지,252,1,충청북도 제천시 자작동 252-1,431502014004,충청북도 제천시 의병대로,851,,4315012700102520001034449,,충청북도 제천시 의병대로 851,390893,27131,,,,128.286248509046,37.1250471152443
MA010120220805695397,케이바이오,,G2,소매,G221,기타 상품 소매,G22199,그 외 기타 상품 전문 소매업,G47859,그 외 기타 분류 안된 상품 전문 소매업,47,경상북도,47150,김천시,47150250,아포읍,4715025026,아포읍,4715025026102380001,1,대지,238,1,경상북도 김천시 아포읍 봉산리 238-1,471504718761,경상북도 김천시 아포읍 작동길,20,22,4715025026102380001000003,,경상북도 김천시 아포읍 작동길 20-22,740863,39672,,,,128.223062732784,36.158013149286
MA010120220805690565,영남유기,,G2,소매,G221,기타 상품 소매,G22199,그 외 기타 상품 전문 소매업,G47859,그 외 기타 분류 안된 상품 전문 소매업,43,충청북도,43130,충주시,43130515,성내.충인동,4313010400,충인동,4313010400100330000,1,대지,33,,충청북도 충주시 충인동 33,431304515367,충청북도 충주시 충인1길,42,1,4313010400100330000000001,,충청북도 충주시 충인1길 42-1,380040,27386,,,,127.931583436681,36.9749626974221
MA010120220805703363,충북원예농협음성지소,,G2,소매,G221,기타 상품 소매,G22199,그 외 기타 상품 전문 소매업,G47859,그 외 기타 분류 안된 상품 전문 소매업,43,충청북도,43770,음성군,43770250,음성읍,4377025021,음성읍,4377025021103700020,1,대지,370,20,충청북도 음성군 음성읍 읍내리 370-20,437704541470,충청북도 음성군 음성읍 음성천동길,80,,4377025021103700020010856,,충청북도 음성군 음성읍 음성천동길 80,369807,27702,,,,127.693902565194,36.9305270900853
MA010120220805711110,환경라인,,G2,소매,G221,기타 상품 소매,G22199,그 외 기타 상품 전문 소매업,G47859,그 외 기타 분류 안된 상품 전문 소매업,43,충청북도,43150,제천시,43150380,송학면,4315038021,송학면,4315038021108280007,1,대지,828,7,충청북도 제천시 송학면 무도리 828-7,431503239077,충청북도 제천시 송학면 흑석무도로,282,,4315038021108280007000001,,충청북도 제천시 송학면 흑석무도로 282,390811,27129,,,,128.253019293258,37.1549739272574
MA010120220805707707,청인한약방,,G2,소매,G221,기타 상품 소매,G22199,그 외 기타 상품 전문 소매업,G47859,그 외 기타 분류 안된 상품 전문 소매업,43,충청북도,43150,제천시,43150537,남현동,4315010400,남천동,4315010400103320000,1,대지,332,,충청북도 제천시 남천동 332,431503239051,충청북도 제천시 용두천로,114,5,4315010400105200000005866,,충청북도 제천시 용두천로 114-5,390020,27174,,,,128.213407455605,37.1373840829594
MA010120220805707740,금산고려인삼사,,G2,소매,G221,기타 상품 소매,G22199,그 외 기타 상품 전문 소매업,G47859,그 외 기타 분류 안된 상품 전문 소매업,43,충청북도,43150,제천시,43150528,중앙동,4315010600,중앙로1가,4315010600100130000,1,대지,13,,충청북도 제천시 중앙로1가 13,431504518098,충청북도 제천시 풍양로17길,10,,4315010600100050000029545,,충청북도 제천시 풍양로17길 10,390011,27173,,,,128.212387096421,37.1376197764223
MA010120220805719405,자재천국,,G2,소매,G221,기타 상품 소매,G22199,그 외 기타 상품 전문 소매업,G47859,그 외 기타 분류 안된 상품 전문 소매업,43,충청북도,43800,단양군,43800250,단양읍,4380025027,단양읍,4380025027102200001,1,대지,220,1,충청북도 단양군 단양읍 상진리 220-1,438003014063,충청북도 단양군 단양읍 단양로,942,,4380025027102200001008813,,충청북도 단양군 단양읍 단양로 942,395806,27027,,,,128.344979699656,36.9763689634591
MA010120220805723194,큐피드,,G2,소매,G221,기타 상품 소매,G22199,그 외 기타 상품 전문 소매업,G47859,그 외 기타 분류 안된 상품 전문 소매업,43,충청북도,43150,제천시,43150528,중앙동,4315010800,명동,4315010800102330002,1,대지,233,2,충청북도 제천시 명동 233-2,431502239002,충청북도 제천시 의림대로,53,,4315010800102330002023599,,충청북도 제천시 의림대로 53,390050,27185,,,,128.207698905893,37.1329643838955
MA010120220805688550,대원유통,,G2,소매,G221,기타 상품 소매,G22199,그 외 기타 상품 전문 소매업,G47859,그 외 기타 분류 안된 상품 전문 소매업,43,충청북도,43770,음성군,43770253,금왕읍,4377025321,금왕읍,4377025321100770042,1,대지,77,42,충청북도 음성군 금왕읍 무극리 77-42,437704541213,충청북도 음성군 금왕읍 무극로308번길,22,1,4377025321100770042215080,,충청북도 음성군 금왕읍 무극로308번길 22-1,369904,27636,,,,127.596496130127,36.9919237981827
MA010120220805688727,대농상사,,G2,소매,G221,기타 상품 소매,G22199,그 외 기타 상품 전문 소매업,G47859,그 외 기타 분류 안된 상품 전문 소매업,43,충청북도,43770,음성군,43770370,감곡면,4377037031,감곡면,4377037031104670001,1,대지,467,1,충청북도 음성군 감곡면 왕장리 467-1,437704541502,충청북도 음성군 감곡면 장감로132번길,16,,4377037031104670000202216,,충청북도 음성군 감곡면 장감로132번길 16,369851,27604,,,,127.638657128802,37.1183932800389
MA010120220805700180,백야홍삼법인,,G2,소매,G221,기타 상품 소매,G22199,그 외 기타 상품 전문 소매업,G47859,그 외 기타 분류 안된 상품 전문 소매업,43,충청북도,43770,음성군,43770253,금왕읍,4377025340,금왕읍,4377025340102700001,1,대지,270,1,충청북도 음성군 금왕읍 각회리 270-1,437704541009,충청북도 음성군 금왕읍 각구실길,194,,4377025340102700001000001,,충청북도 음성군 금왕읍 각구실길 194,369901,27624,,,,127.586220173635,37.005400925661
MA010120220805721645,공덕불교사,,G2,소매,G221,기타 상품 소매,G22199,그 외 기타 상품 전문 소매업,G47859,그 외 기타 분류 안된 상품 전문 소매업,43,충청북도,43150,제천시,43150528,중앙동,4315010600,중앙로1가,4315010600100770000,1,대지,77,,충청북도 제천시 중앙로1가 77,431503239074,충청북도 제천시 풍양로,108,,4315010600100770000028746,중앙시장,충청북도 제천시 풍양로 108,390011,27173,,,,128.211302042692,37.1366217435807
MA010120220805684293,해파공예사,,G2,소매,G221,기타 상품 소매,G22199,그 외 기타 상품 전문 소매업,G47859,그 외 기타 분류 안된 상품 전문 소매업,43,충청북도,43130,충주시,43130385,중앙탑면,4313038523,중앙탑면,4313038523102290010,1,대지,229,10,충청북도 충주시 중앙탑면 가흥리 229-10,431303197001,충청북도 충주시 중앙탑면 가곡로,2074,,4313038023102290010054364,,충청북도 충주시 중앙탑면 가곡로 2074,380921,27446,,,,127.857875580899,37.0746607927131
MA010120220805715658,서원불교,,G2,소매,G221,기타 상품 소매,G22199,그 외 기타 상품 전문 소매업,G47859,그 외 기타 분류 안된 상품 전문 소매업,43,충청북도,43150,제천시,43150310,금성면,4315031021,금성면,4315031021101510000,1,대지,151,,충청북도 제천시 금성면 구룡리 151,431504518018,충청북도 제천시 금성면 청풍호로31길,42,,4315031021101510000000001,,충청북도 제천시 금성면 청풍호로31길 42,390821,27207,,,,128.171152639314,37.0653314860422
MA010120220805710032,소백상회,,G2,소매,G221,기타 상품 소매,G22199,그 외 기타 상품 전문 소매업,G47211,"곡물, 곡분 및 가축 사료 소매업",43,충청북도,43150,제천시,43150528,중앙동,4315010700,중앙로2가,4315010700101140000,1,대지,114,,충청북도 제천시 중앙로2가 114,431503239051,충청북도 제천시 용두천로,125,16,4315010700101150000029638,,충청북도 제천시 용두천로 125-16,390012,27173,,,,128.213069249622,37.1387570742723
MA010120220805407614,와이엔컴퍼니,,G2,소매,G221,기타 상품 소매,G22199,그 외 기타 상품 전문 소매업,G47859,그 외 기타 분류 안된 상품 전문 소매업,41,경기도,41590,화성시,41590330,마도면,4159033025,마도면,4159033025102410002,1,대지,241,2,경기도 화성시 마도면 청원리 241-2,415903210105,경기도 화성시 마도면 청원로,31,19,4159033025102410002008700,,경기도 화성시 마도면 청원로 31-19,445862,18541,,,,126.765654020376,37.1882720750234
MA010120220805436775,고풍화랑,,G2,소매,G221,기타 상품 소매,G22199,그 외 기타 상품 전문 소매업,G47859,그 외 기타 분류 안된 상품 전문 소매업,46,전라남도,46150,순천시,46150515,향동,4615010500,행동,4615010500100610001,1,대지,61,1,전라남도 순천시 행동 61-1,461504650135,전라남도 순천시 행금길,12,,4615010500100610001067257,,전라남도 순천시 행금길 12,540060,57941,,,,127.482823718324,34.9557297955136
MA010120220805408010,통신학교세탁소및군장점,,G2,소매,G221,기타 상품 소매,G22199,그 외 기타 상품 전문 소매업,G47859,그 외 기타 분류 안된 상품 전문 소매업,30,대전광역시,30200,유성구,30200550,신성동,3020013400,자운동,3020013400102400009,1,대지,240,9,대전광역시 유성구 자운동 240-9,302003167060,대전광역시 유성구 자운로,99,,3020013400101900003020791,,대전광역시 유성구 자운로 99,305805,34059,,,,127.34154355176,36.4041189901212
MA010120220805437625,칠성유통,,G2,소매,G221,기타 상품 소매,G22199,그 외 기타 상품 전문 소매업,G47859,그 외 기타 분류 안된 상품 전문 소매업,51,강원특별자치도,51790,화천군,51790330,상서면,5179033028,상서면,5179033028110480008,1,대지,1048,8,강원특별자치도 화천군 상서면 산양리 1048-8,517903013022,강원특별자치도 화천군 상서면 영서로,7822,,4279033028110480008000001,,강원특별자치도 화천군 상서면 영서로 7822,209815,24101,,,,127.659103775522,38.2144768959556
MA010120220805408124,해동건축설비,,G2,소매,G221,기타 상품 소매,G22199,그 외 기타 상품 전문 소매업,G47519,"페인트, 창호 및 기타 건설자재 소매업",11,서울특별시,11380,은평구,11380650,수색동,1138010100,수색동,1138010100102870003,1,대지,287,3,서울특별시 은평구 수색동 287-3,113803005054,서울특별시 은평구 수색로,390,,1138010100102960032010413,,서울특별시 은평구 수색로 390,122875,03486,,,,126.884442378197,37.5896998679395
MA010120220805402767,천안화폐사,,G2,소매,G221,기타 상품 소매,G22199,그 외 기타 상품 전문 소매업,G47859,그 외 기타 분류 안된 상품 전문 소매업,44,충청남도,44131,천안시 동남구,44131570,신방동,4413111600,신방동,4413111600107840001,1,대지,784,1,충청남도 천안시 동남구 신방동 784-1,441313249033,충청남도 천안시 동남구 신촌로,24,,4413111600107840001033303,천안산업기자재유통단지,충청남도 천안시 동남구 신촌로 24,330940,31177,,3,,127.121948677558,36.7874318168802
MA010120220805424750,마산치과종합상사,,G2,소매,G221,기타 상품 소매,G22199,그 외 기타 상품 전문 소매업,G47859,그 외 기타 분류 안된 상품 전문 소매업,48,경상남도,48127,창원시 마산회원구,48127545,석전동,4812710400,석전동,4812710400102530051,1,대지,253,51,경상남도 창원시 마산회원구 석전동 253-51,481274790160,경상남도 창원시 마산회원구 석전동2길,54,1,4812710400102530051023615,,경상남도 창원시 마산회원구 석전동2길 54-1,630807,51304,,,,128.572062789532,35.2306087839712
MA010120220805443374,우리요소수,,G2,소매,G221,기타 상품 소매,G22199,그 외 기타 상품 전문 소매업,G47859,그 외 기타 분류 안된 상품 전문 소매업,44,충청남도,44790,청양군,44790310,운곡면,4479031028,운곡면,4479031028106990003,1,대지,699,3,충청남도 청양군 운곡면 광암리 699-3,447903261024,충청남도 청양군 운곡면 청신로,1399,,4479031028106990003012154,,충청남도 청양군 운곡면 청신로 1399,345871,33313,,,,126.853638533628,36.5692676447519
MA010120220805437864,수남,,G2,소매,G221,기타 상품 소매,G22199,그 외 기타 상품 전문 소매업,G47859,그 외 기타 분류 안된 상품 전문 소매업,48,경상남도,48840,남해군,48840310,이동면,4884031022,이동면,4884031022104540000,1,대지,454,,경상남도 남해군 이동면 초음리 454,488404829382,경상남도 남해군 이동면 초음로119번길,5,6,4884031022104540000034986,,경상남도 남해군 이동면 초음로119번길 5-6,668812,52430,,,,127.937376413037,34.8245206384702
MA010120220805405975,파파윈,,G2,소매,G221,기타 상품 소매,G22199,그 외 기타 상품 전문 소매업,G47859,그 외 기타 분류 안된 상품 전문 소매업,41,경기도,41670,여주시,41670380,산북면,4167038021,산북면,4167038021100530003,1,대지,53,3,경기도 여주시 산북면 상품리 53-3,416703214055,경기도 여주시 산북면 주어로,33,6,4167038021100530003000001,,경기도 여주시 산북면 주어로 33-6,469892,12603,,,,127.439060826084,37.4057395828379
MA010120220805411492,스마일,,G2,소매,G221,기타 상품 소매,G22199,그 외 기타 상품 전문 소매업,G47811,의약품 및 의료용품 소매업,47,경상북도,47150,김천시,47150536,평화남산동,4715010500,평화동,4715010500102450018,1,대지,245,18,경상북도 김천시 평화동 245-18,471503306005,경상북도 김천시 김천로,71,,4715010500102450018002424,,경상북도 김천시 김천로 71,740982,39597,,,,128.110851234987,36.1258449870039
MA010120220805416975,한라불교전시장,,G2,소매,G221,기타 상품 소매,G22199,그 외 기타 상품 전문 소매업,G47859,그 외 기타 분류 안된 상품 전문 소매업,50,제주특별자치도,50130,서귀포시,50130530,중앙동,5013010100,서귀동,5013010100102880016,1,대지,288,16,제주특별자치도 서귀포시 서귀동 288-16,501304850831,제주특별자치도 서귀포시 중앙로72번길,5,,5013010100102880016030848,,제주특별자치도 서귀포시 중앙로72번길 5,697843,63591,,,,126.561756145243,33.2512142054144
MA010120220805430685,약초마을,,G2,소매,G221,기타 상품 소매,G22199,그 외 기타 상품 전문 소매업,G47859,그 외 기타 분류 안된 상품 전문 소매업,27,대구광역시,27110,중구,27110565,성내1동,2711011900,동성로3가,2711011900100660017,1,대지,66,17,대구광역시 중구 동성로3가 66-17,271102007001,대구광역시 중구 중앙대로,378,1,2711011900100660017000001,,대구광역시 중구 중앙대로 378-1,700093,41943,,,,128.593678304298,35.8668168548772
MA010120220805404016,얍얍플라워앤벌룬,,G2,소매,G221,기타 상품 소매,G22199,그 외 기타 상품 전문 소매업,G47859,그 외 기타 분류 안된 상품 전문 소매업,26,부산광역시,26710,기장군,26710256,정관읍,2671025622,정관읍,2671025622107650007,1,대지,765,7,부산광역시 기장군 정관읍 매학리 765-7,267103140005,부산광역시 기장군 정관읍 구연2로,23,7,2671032022107650007000001,그레이스빌,부산광역시 기장군 정관읍 구연2로 23-7,619963,46023,,,,129.182093481421,35.3203058786543
MA010120220805438819,용해물산,,G2,소매,G221,기타 상품 소매,G22199,그 외 기타 상품 전문 소매업,G47859,그 외 기타 분류 안된 상품 전문 소매업,47,경상북도,47113,포항시 북구,47113250,흥해읍,4711325029,흥해읍,4711325029101790000,1,대지,179,,경상북도 포항시 북구 흥해읍 중성리 179,471134712843,경상북도 포항시 북구 흥해읍 흥해로74번길,18,,4711325029101790000000001,,경상북도 포항시 북구 흥해읍 흥해로74번길 18,791941,37541,,,,129.349683106,36.1110282440412
MA010120220805422903,마리텔,,G2,소매,G221,기타 상품 소매,G22199,그 외 기타 상품 전문 소매업,G47859,그 외 기타 분류 안된 상품 전문 소매업,29,광주광역시,29200,광산구,29200637,수완동,2920012300,장덕동,2920012300116370000,1,대지,1637,,광주광역시 광산구 장덕동 1637,292004289581,광주광역시 광산구 장신로50번길,9,8,2920012300116370000000001,,광주광역시 광산구 장신로50번길 9-8,506304,62225,,1,,126.816176527395,35.1901766662233
MA010120220805412797,모이세가발,,G2,소매,G221,기타 상품 소매,G22199,그 외 기타 상품 전문 소매업,G47422,의복 액세서리 및 모조 장신구 소매업,28,인천광역시,28200,남동구,28200521,구월3동,2820010100,구월동,2820010100102010032,1,대지,201,32,인천광역시 남동구 구월동 201-32,282002008004,인천광역시 남동구 인주대로,624,,2820010100111480000004307,한아름빌딩,인천광역시 남동구 인주대로 624,405223,21571,,6,,126.705950119311,37.4495639665077
MA010120220805420571,정통수석,,G2,소매,G221,기타 상품 소매,G22199,그 외 기타 상품 전문 소매업,G47859,그 외 기타 분류 안된 상품 전문 소매업,43,충청북도,43130,충주시,43130420,엄정면,4313042023,엄정면,4313042023102340006,1,대지,234,6,충청북도 충주시 엄정면 목계리 234-6,431303238003,충청북도 충주시 엄정면 구룡로,435,,4313042023102340006066852,,충청북도 충주시 엄정면 구룡로 435,380842,27314,,,,127.888047969895,37.0786645945039
MA010120220805426067,법인풍기고려인삼유통센터,,G2,소매,G221,기타 상품 소매,G22199,그 외 기타 상품 전문 소매업,G47859,그 외 기타 분류 안된 상품 전문 소매업,47,경상북도,47210,영주시,47210250,풍기읍,4721025023,풍기읍,4721025023104460004,1,대지,446,4,경상북도 영주시 풍기읍 산법리 446-4,472103309083,경상북도 영주시 풍기읍 소백로,2156,,4721025023104460000000001,,경상북도 영주시 풍기읍 소백로 2156,750802,36041,,,,128.54068934949,36.8884940864228
MA010120220805476129,천강,,G2,소매,G221,기타 상품 소매,G22199,그 외 기타 상품 전문 소매업,G47859,그 외 기타 분류 안된 상품 전문 소매업,26,부산광역시,26530,사상구,26530670,학장동,2653010700,학장동,2653010700107210012,1,대지,721,12,부산광역시 사상구 학장동 721-12,265303139001,부산광역시 사상구 감전천로,166,,2653010700107210012003917,,부산광역시 사상구 감전천로 166,617843,47018,,,,128.976422078717,35.1482877585532
MA010120220805452835,금학퇴비,,G2,소매,G221,기타 상품 소매,G22199,그 외 기타 상품 전문 소매업,G47859,그 외 기타 분류 안된 상품 전문 소매업,51,강원특별자치도,51780,철원군,51780256,갈말읍,5178025623,갈말읍,5178025623101240002,1,대지,124,2,강원특별자치도 철원군 갈말읍 강포리 124-2,517803000136,강원특별자치도 철원군 갈말읍 호국로,4394,,4278025623100810006032163,,강원특별자치도 철원군 갈말읍 호국로 4394,269801,24046,,,,127.293183407988,38.1172313428382
MA010120220805455343,건강한면역력금산약초,,G2,소매,G221,기타 상품 소매,G22199,그 외 기타 상품 전문 소매업,G47859,그 외 기타 분류 안된 상품 전문 소매업,41,경기도,41111,수원시 장안구,41111572,정자2동,4111113000,정자동,4111113000100450013,1,대지,45,13,경기도 수원시 장안구 정자동 45-13,411114322144,경기도 수원시 장안구 수성로261번길,38,,4111113000100450013042747,,경기도 수원시 장안구 수성로261번길 38,440832,16314,,1,,127.000056388392,37.291493373253
MA010120220805485928,달성나무병원,,G2,소매,G221,기타 상품 소매,G22199,그 외 기타 상품 전문 소매업,G47859,그 외 기타 분류 안된 상품 전문 소매업,27,대구광역시,27710,달성군,27710250,화원읍,2771025021,화원읍,2771025021100340007,1,대지,34,7,대구광역시 달성군 화원읍 천내리 34-7,277104244599,대구광역시 달성군 화원읍 화원로1길,30,28,2771025021100340007019074,,대구광역시 달성군 화원읍 화원로1길 30-28,711837,42955,,,,128.499881801929,35.8055563289586
MA010120220805468277,푸른소방,,G2,소매,G221,기타 상품 소매,G22199,그 외 기타 상품 전문 소매업,G47859,그 외 기타 분류 안된 상품 전문 소매업,11,서울특별시,11710,송파구,11710642,문정2동,1171010800,문정동,1171010800106450002,1,대지,645,2,서울특별시 송파구 문정동 645-2,117104853404,서울특별시 송파구 법원로9길,26,,1171010800103770001000001,이치비지니스파크,서울특별시 송파구 법원로9길 26,138888,05836,,,,127.116627130788,37.4840565660861
MA010120220805453395,제천영재농원&영재약초,,G2,소매,G221,기타 상품 소매,G22199,그 외 기타 상품 전문 소매업,G47859,그 외 기타 분류 안된 상품 전문 소매업,43,충청북도,43150,제천시,43150380,송학면,4315038021,송학면,4315038021102590001,1,대지,259,1,충청북도 제천시 송학면 무도리 259-1,431504517341,충청북도 제천시 송학면 무도2길,31,,4315038021102590001000001,,충청북도 제천시 송학면 무도2길 31,390811,27126,,,,128.261274195998,37.181618941116
MA010120220805448324,항작사군장점,,G2,소매,G221,기타 상품 소매,G22199,그 외 기타 상품 전문 소매업,G47859,그 외 기타 분류 안된 상품 전문 소매업,41,경기도,41500,이천시,41500520,중리동,4150011300,대포동,4150011300100030000,1,대지,3,,경기도 이천시 대포동 3,415003207055,경기도 이천시 진상미로,1778,184,4150011300100030000068398,비승회관,경기도 이천시 진상미로 1778-184,467808,17400,,1,,127.464055386615,37.2037327508631
MA010120220805458920,안양윤가가발,,G2,소매,G221,기타 상품 소매,G22199,그 외 기타 상품 전문 소매업,G47422,의복 액세서리 및 모조 장신구 소매업,41,경기도,41173,안양시 동안구,41173559,인덕원동,4117310200,관양동,4117310200114740001,1,대지,1474,1,경기도 안양시 동안구 관양동 1474-1,411732182001,경기도 안양시 동안구 관악대로,436,,4117310200114740001003429,,경기도 안양시 동안구 관악대로 436,431810,13949,,4,,126.97119876065,37.40456904831
MA010120220805471965,겔마미라클불로점,,G2,소매,G221,기타 상품 소매,G22199,그 외 기타 상품 전문 소매업,G47859,그 외 기타 분류 안된 상품 전문 소매업,27,대구광역시,27140,동구,27140620,불로.봉무동,2714010600,불로동,2714010600111490004,1,대지,1149,4,대구광역시 동구 불로동 1149-4,271403000048,대구광역시 동구 팔공로,176,,2714010600111490004041573,,대구광역시 동구 팔공로 176,701805,41030,,,,128.641346254725,35.91438555844
MA010120220805472105,농부산업,,G2,소매,G221,기타 상품 소매,G22199,그 외 기타 상품 전문 소매업,G47859,그 외 기타 분류 안된 상품 전문 소매업,47,경상북도,47230,영천시,47230250,금호읍,4723025021,금호읍,4723025021100730000,1,대지,73,,경상북도 영천시 금호읍 교대리 73,472303000047,경상북도 영천시 금호읍 대경로,1280,,4723025021100730000066606,,경상북도 영천시 금호읍 대경로 1280,770802,38878,,,,128.873200909166,35.9353029300569
MA010120220805449442,드림조경,,G2,소매,G221,기타 상품 소매,G22199,그 외 기타 상품 전문 소매업,G47859,그 외 기타 분류 안된 상품 전문 소매업,46,전라남도,46720,곡성군,46720400,오산면,4672040028,오산면,4672040028108430002,1,대지,843,2,전라남도 곡성군 오산면 연화리 843-2,467203017023,전라남도 곡성군 오산면 무옥로,184,,4672040028108450001000001,,전라남도 곡성군 오산면 무옥로 184,516922,57517,,,,127.09819087619,35.2620147613607
MA010120220805459439,한국소방ENG,,G2,소매,G221,기타 상품 소매,G22199,그 외 기타 상품 전문 소매업,G47859,그 외 기타 분류 안된 상품 전문 소매업,46,전라남도,46130,여수시,46130780,쌍봉동,4613012800,학동,4613012800100170031,1,대지,17,31,전라남도 여수시 학동 17-31,461303282046,전라남도 여수시 쌍봉로,128,,4613012800100170031010423,오른쪽상가,전라남도 여수시 쌍봉로 128,555807,59679,,,,127.669773457057,34.7652369130754
MA010120220805475319,금산꿀단지,,G2,소매,G221,기타 상품 소매,G22199,그 외 기타 상품 전문 소매업,G47859,그 외 기타 분류 안된 상품 전문 소매업,44,충청남도,44710,금산군,44710310,금성면,4471031021,금성면,4471031021110250000,1,대지,1025,,충청남도 금산군 금성면 양전리 1025,447104571004,충청남도 금산군 금성면 가래울길,36,,4471031021110250000000001,,충청남도 금산군 금성면 가래울길 36,312912,32708,,,,127.488286320135,36.118321197849
MA010120220805449755,샤이맨,,G2,소매,G221,기타 상품 소매,G22199,그 외 기타 상품 전문 소매업,G47859,그 외 기타 분류 안된 상품 전문 소매업,28,인천광역시,28200,남동구,28200690,논현1동,2820011000,논현동,2820011000106760002,1,대지,676,2,인천광역시 남동구 논현동 676-2,282004259488,인천광역시 남동구 소래역로46번길,28,,2820011000101790093031405,대영로데오,인천광역시 남동구 소래역로46번길 28,405825,21673,,,,126.735965791207,37.4014936038385
MA010120220805492080,약초명가,,G2,소매,G221,기타 상품 소매,G22199,그 외 기타 상품 전문 소매업,G47859,그 외 기타 분류 안된 상품 전문 소매업,43,충청북도,43130,충주시,43130310,살미면,4313031031,살미면,4313031031105630001,1,대지,563,1,충청북도 충주시 살미면 향산리 563-1,431304515436,충청북도 충주시 살미면 팔봉향산길,304,99,4313031031105630001000001,,충청북도 충주시 살미면 팔봉향산길 304-99,380932,27493,,,,127.928680250507,36.9125241175265
MA010120220805499955,만제약초인삼사,,G2,소매,G221,기타 상품 소매,G22199,그 외 기타 상품 전문 소매업,G47859,그 외 기타 분류 안된 상품 전문 소매업,44,충청남도,44710,금산군,44710390,추부면,4471039023,추부면,4471039023108790031,1,대지,879,31,충청남도 금산군 추부면 마전리 879-31,447104571622,충청남도 금산군 추부면 추풍천길,27,,4471039023108790031042870,,충청남도 금산군 추부면 추풍천길 27,312941,32714,,,,127.471131288775,36.189909219527
MA010120220805500246,대림인삼사,,G2,소매,G221,기타 상품 소매,G22199,그 외 기타 상품 전문 소매업,G47859,그 외 기타 분류 안된 상품 전문 소매업,52,전북특별자치도,52130,군산시,52130605,중앙동,5213012300,신영동,5213012300100180001,1,대지,18,1,전북특별자치도 군산시 신영동 18-1,521304604652,전북특별자치도 군산시 신금길,18,,4513012300100180001000001,군산공설시장,전북특별자치도 군산시 신금길 18,573250,54027,,1,,126.720324097551,35.9831665563573
MA010120220805508816,디자인씽킹,,G2,소매,G221,기타 상품 소매,G22199,그 외 기타 상품 전문 소매업,G47859,그 외 기타 분류 안된 상품 전문 소매업,11,서울특별시,11140,중구,11140605,을지로동,1114015200,주교동,1114015200101950000,1,대지,195,,서울특별시 중구 주교동 195,111404103250,서울특별시 중구 을지로33길,42,,1114015200101950000000001,,서울특별시 중구 을지로33길 42,100330,04546,,1,,126.99832476521,37.5674658278987
MA010120220805520067,다놀자,,G2,소매,G221,기타 상품 소매,G22199,그 외 기타 상품 전문 소매업,G47859,그 외 기타 분류 안된 상품 전문 소매업,51,강원특별자치도,51150,강릉시,51150510,홍제동,5115010100,홍제동,5115010100109980004,1,대지,998,4,강원특별자치도 강릉시 홍제동 998-4,511502220001,강원특별자치도 강릉시 강릉대로,90,,4215010100109980004000188,,강원특별자치도 강릉시 강릉대로 90,210949,25525,,,,128.881334103016,37.7540862687105
MA010120220805520253,낙원함,,G2,소매,G221,기타 상품 소매,G22199,그 외 기타 상품 전문 소매업,G47859,그 외 기타 분류 안된 상품 전문 소매업,41,경기도,41463,용인시 기흥구,41463516,영덕1동,4146311100,영덕동,4146311100109950008,1,대지,995,8,경기도 용인시 기흥구 영덕동 995-8,414634412299,경기도 용인시 기흥구 흥덕2로75번길,29,9,4146311100109950008000591,,경기도 용인시 기흥구 흥덕2로75번길 29-9,446908,16954,,1,,127.07087494064,37.2738568385642
MA010120220805525202,부성어상자,,G2,소매,G221,기타 상품 소매,G22199,그 외 기타 상품 전문 소매업,G47859,그 외 기타 분류 안된 상품 전문 소매업,50,제주특별자치도,50110,제주시,50110250,한림읍,5011025024,한림읍,5011025024115890000,1,대지,1589,,제주특별자치도 제주시 한림읍 한림리 1589,501103349211,제주특별자치도 제주시 한림읍 한림해안로,124,,5011025024015890000006673,,제주특별자치도 제주시 한림읍 한림해안로 124,695932,63032,,,,126.26058336311,33.4141226564431
MA010120220805512163,현대유통,,G2,소매,G221,기타 상품 소매,G22199,그 외 기타 상품 전문 소매업,G47859,그 외 기타 분류 안된 상품 전문 소매업,44,충청남도,44210,서산시,44210250,대산읍,4421025021,대산읍,4421025021102230005,1,대지,223,5,충청남도 서산시 대산읍 대산리 223-5,442103254011,충청남도 서산시 대산읍 구진로,77,,4421025021102230005006140,,충청남도 서산시 대산읍 구진로 77,356873,31909,,1,,126.431038721593,36.9402922025774
MA010120220805523015,경남농약종묘사,,G2,소매,G221,기타 상품 소매,G22199,그 외 기타 상품 전문 소매업,G47859,그 외 기타 분류 안된 상품 전문 소매업,48,경상남도,48330,양산시,48330340,하북면,4833034021,하북면,4833034021106910029,1,대지,691,29,경상남도 양산시 하북면 순지리 691-29,483304814585,경상남도 양산시 하북면 신평중앙길,5,1,4833034021106910029050947,,경상남도 양산시 하북면 신평중앙길 5-1,626863,50502,,,,129.086321178476,35.4912193202341
MA010120220805495395,리틀파티,,G2,소매,G221,기타 상품 소매,G22199,그 외 기타 상품 전문 소매업,G47859,그 외 기타 분류 안된 상품 전문 소매업,30,대전광역시,30140,중구,30140575,대흥동,3014010500,대흥동,3014010500104240003,1,대지,424,3,대전광역시 중구 대흥동 424-3,301403010006,대전광역시 중구 대흥로,129,,3014010500104240003015492,,대전광역시 중구 대흥로 129,301803,34919,,1,,127.426466191928,36.3239390642053
MA010120220805500536,엑스포인삼사,,G2,소매,G221,기타 상품 소매,G22199,그 외 기타 상품 전문 소매업,G47859,그 외 기타 분류 안된 상품 전문 소매업,30,대전광역시,30230,대덕구,30230510,오정동,3023010100,오정동,3023010100100580001,1,대지,58,1,대전광역시 대덕구 오정동 58-1,302304304508,대전광역시 대덕구 한밭대로989번길,12,,3023010100100580001019674,,대전광역시 대덕구 한밭대로989번길 12,306817,34378,,,,127.408348711446,36.3584092097358
MA010120220805528109,대흥종묘사,,G2,소매,G221,기타 상품 소매,G22199,그 외 기타 상품 전문 소매업,G47859,그 외 기타 분류 안된 상품 전문 소매업,41,경기도,41500,이천시,41500510,창전동,4150010100,창전동,4150010100101530001,1,대지,153,1,경기도 이천시 창전동 153-1,415003207041,경기도 이천시 영창로,164,,4150010100101530001007543,,경기도 이천시 영창로 164,467804,17368,,,,127.440863967928,37.2815088454442
MA010120220805497894,365마대무역상사,,G2,소매,G221,기타 상품 소매,G22199,그 외 기타 상품 전문 소매업,G47859,그 외 기타 분류 안된 상품 전문 소매업,41,경기도,41570,김포시,41570250,통진읍,4157025021,통진읍,4157025021106860000,1,대지,686,,경기도 김포시 통진읍 도사리 686,415702209001,경기도 김포시 통진읍 김포대로,2071,,4157025021106860000009948,,경기도 김포시 통진읍 김포대로 2071,415863,10035,,,,126.614262422136,37.684458828215
MA010120220805506538,고마와유협동조합,,G2,소매,G221,기타 상품 소매,G22199,그 외 기타 상품 전문 소매업,G47859,그 외 기타 분류 안된 상품 전문 소매업,44,충청남도,44150,공주시,44150510,중학동,4415010100,반죽동,4415010100102340002,1,대지,234,2,충청남도 공주시 반죽동 234-2,441503251019,충청남도 공주시 봉황로,80,1,4415010100102340002755241,,충청남도 공주시 봉황로 80-1,314801,32546,,1,,127.121367833611,36.4533439682822
MA010120220805512506,명품쇼핑몰200평,,G2,소매,G221,기타 상품 소매,G22199,그 외 기타 상품 전문 소매업,G47859,그 외 기타 분류 안된 상품 전문 소매업,27,대구광역시,27290,달서구,27290590,본리동,2729011400,본리동,2729011400103770001,1,대지,377,1,대구광역시 달서구 본리동 377-1,272903143013,대구광역시 달서구 와룡로,98,,2729011400103770001029116,,대구광역시 달서구 와룡로 98,704914,42684,,6,,128.537411995457,35.8414258214304
MA010120220805506816,월드소방,,G2,소매,G221,기타 상품 소매,G22199,그 외 기타 상품 전문 소매업,G47859,그 외 기타 분류 안된 상품 전문 소매업,26,부산광역시,26470,연제구,26470730,연산9동,2647010200,연산동,2647010200104050021,1,대지,405,21,부산광역시 연제구 연산동 405-21,264703006054,부산광역시 연제구 과정로,203,,2647010200104050021023294,,부산광역시 연제구 과정로 203,611817,47558,,5,,129.105048072112,35.1875916166575
MA010120220805493290,명현소방,,G2,소매,G221,기타 상품 소매,G22199,그 외 기타 상품 전문 소매업,G47859,그 외 기타 분류 안된 상품 전문 소매업,28,인천광역시,28260,서구,28260530,연희동,2826010500,공촌동,2826010500103120005,1,대지,312,5,인천광역시 서구 공촌동 312-5,282604268470,인천광역시 서구 심곡로208번길,8,9,2826010500103120005011438,,인천광역시 서구 심곡로208번길 8-9,404836,22709,,,,126.683101446584,37.5506334320928
MA010120220805504453,동서미라클브리스,,G2,소매,G221,기타 상품 소매,G22199,그 외 기타 상품 전문 소매업,G47859,그 외 기타 분류 안된 상품 전문 소매업,41,경기도,41360,남양주시,41360262,오남읍,4136026221,오남읍,4136026221107490002,1,대지,749,2,경기도 남양주시 오남읍 양지리 749-2,413603197078,경기도 남양주시 오남읍 양지로,371,,4136026221107490002012304,,경기도 남양주시 오남읍 양지로 371,472881,12036,,2,,127.188488469388,37.7072922267374
MA010120220805504629,에이스테크,,G2,소매,G221,기타 상품 소매,G22199,그 외 기타 상품 전문 소매업,G47859,그 외 기타 분류 안된 상품 전문 소매업,41,경기도,41610,광주시,41610560,광남1동,4161011300,목동,4161011300101260006,1,대지,126,6,경기도 광주시 목동 126-6,416103211005,경기도 광주시 광남안로,199,9,4161011300101260006000001,,경기도 광주시 광남안로 199-9,464020,12770,,1,,127.209003291276,37.3830696815746
MA010120220805507502,남광주영암상회,,G2,소매,G221,기타 상품 소매,G22199,그 외 기타 상품 전문 소매업,G47859,그 외 기타 분류 안된 상품 전문 소매업,29,광주광역시,29110,동구,29110685,학동,2911012200,학동,2911012200100840033,1,대지,84,33,광주광역시 동구 학동 84-33,291104277178,광주광역시 동구 제봉로17번길,20,,2911012200100840033011638,,광주광역시 동구 제봉로17번길 20,501841,61490,,,,126.920764621554,35.1390029456634
MA010120220805491121,러브토이,,G2,소매,G221,기타 상품 소매,G22199,그 외 기타 상품 전문 소매업,G47859,그 외 기타 분류 안된 상품 전문 소매업,11,서울특별시,11560,영등포구,11560710,대림2동,1156013300,대림동,1156013300110320026,1,대지,1032,26,서울특별시 영등포구 대림동 1032-26,115603000026,서울특별시 영등포구 디지털로,381,1,1156013300110320026002877,,서울특별시 영등포구 디지털로 381-1,150824,07418,,1,,126.901804413207,37.4912723736141
MA010120220805510602,대선안전종합상사,,G2,소매,G221,기타 상품 소매,G22199,그 외 기타 상품 전문 소매업,G47859,그 외 기타 분류 안된 상품 전문 소매업,44,충청남도,44133,천안시 서북구,44133590,부성2동,4413310400,두정동,4413310400106840001,1,대지,684,1,충청남도 천안시 서북구 두정동 684-1,441334550519,충청남도 천안시 서북구 오성8길,19,,4413310400106840001048081,상록빌딩,충청남도 천안시 서북구 오성8길 19,331958,31090,,1,,127.130271581856,36.8330281999304
MA010120220805491510,상상샵,,G2,소매,G221,기타 상품 소매,G22199,그 외 기타 상품 전문 소매업,G47859,그 외 기타 분류 안된 상품 전문 소매업,41,경기도,41570,김포시,41570580,운양동,4157010300,운양동,4157010300111290001,1,대지,1129,1,경기도 김포시 운양동 1129-1,415702209001,경기도 김포시 김포대로,1508,,4157010300111290001002557,,경기도 김포시 김포대로 1508,415807,10072,,1,,126.667957501,37.6581785855327
MA010120220805505168,간석수석거래소,,G2,소매,G221,기타 상품 소매,G22199,그 외 기타 상품 전문 소매업,G47859,그 외 기타 분류 안된 상품 전문 소매업,28,인천광역시,28200,남동구,28200550,간석3동,2820010200,간석동,2820010200102240600,1,대지,224,600,인천광역시 남동구 간석동 224-600,282004259018,인천광역시 남동구 간석로72번길,33,,2820010200102240600023058,,인천광역시 남동구 간석로72번길 33,405805,21511,,,,126.715781410657,37.4647249818822
MA010120220805508277,강화귀한삼,,G2,소매,G221,기타 상품 소매,G22199,그 외 기타 상품 전문 소매업,G47859,그 외 기타 분류 안된 상품 전문 소매업,28,인천광역시,28710,강화군,28710310,선원면,2871031024,선원면,2871031024102480000,1,대지,248,,인천광역시 강화군 선원면 신정리 248,287103157029,인천광역시 강화군 선원면 선원사지로,34,,2871031024102560004018566,,인천광역시 강화군 선원면 선원사지로 34,417823,23042,,,,126.50941544694,37.7263606418575
MA010120220805516692,죠스몰,,G2,소매,G221,기타 상품 소매,G22199,그 외 기타 상품 전문 소매업,G47859,그 외 기타 분류 안된 상품 전문 소매업,52,전북특별자치도,52140,익산시,52140580,마동,5214011200,마동,5214011200103400007,1,대지,340,7,전북특별자치도 익산시 마동 340-7,521404607581,전북특별자치도 익산시 서동로11길,10,,4514011200103400007074324,블르빌,전북특별자치도 익산시 서동로11길 10,570964,54598,,,,126.960914710737,35.9341793154047
MA010120220805535030,그린바이오,,G2,소매,G221,기타 상품 소매,G22199,그 외 기타 상품 전문 소매업,G47859,그 외 기타 분류 안된 상품 전문 소매업,41,경기도,41220,평택시,41220253,안중읍,4122025322,안중읍,4122025322105040044,1,대지,504,44,경기도 평택시 안중읍 학현리 504-44,412204364456,경기도 평택시 안중읍 안중초롱길,19,,4122025322105040043043945,양주연립,경기도 평택시 안중읍 안중초롱길 19,451882,17932,,,,126.924088607089,36.9887035767485
MA010120220805542830,엠티앤경남,,G2,소매,G221,기타 상품 소매,G22199,그 외 기타 상품 전문 소매업,G47859,그 외 기타 분류 안된 상품 전문 소매업,48,경상남도,48121,창원시 의창구,48121510,의창동,4812110600,동정동,4812110600105360002,1,대지,536,2,경상남도 창원시 의창구 동정동 536-2,481214781170,경상남도 창원시 의창구 동정길,5,,4812110600105360002018360,남아그린타워,경상남도 창원시 의창구 동정길 5,641490,51191,,1,,128.612410087095,35.2624229560052
MA010120220805554356,영진상사,,G2,소매,G221,기타 상품 소매,G22199,그 외 기타 상품 전문 소매업,G47859,그 외 기타 분류 안된 상품 전문 소매업,30,대전광역시,30230,대덕구,30230570,덕암동,3023011700,평촌동,3023011700105420047,1,대지,542,47,대전광역시 대덕구 평촌동 542-47,302303010031,대전광역시 대덕구 신탄진로,667,,3023011700105420047000279,,대전광역시 대덕구 신탄진로 667,306200,34332,,2,,127.425984221462,36.4378034687009
MA010120220805562407,이미지모발,,G2,소매,G221,기타 상품 소매,G22199,그 외 기타 상품 전문 소매업,G47422,의복 액세서리 및 모조 장신구 소매업,43,충청북도,43114,청주시 청원구,43114520,내덕1동,4311410200,내덕동,4311410200105570005,1,대지,557,5,충청북도 청주시 청원구 내덕동 557-5,431143236064,충청북도 청주시 청원구 공항로,73,,4311111400105570005039285,,충청북도 청주시 청원구 공항로 73,363806,28478,,,,127.486574731601,36.663659182475
MA010120220805564282,보훈성심상조개발,,G2,소매,G221,기타 상품 소매,G22199,그 외 기타 상품 전문 소매업,G47859,그 외 기타 분류 안된 상품 전문 소매업,43,충청북도,43113,청주시 흥덕구,43113751,봉명1동,4311311500,봉명동,4311311500108110001,1,대지,811,1,충청북도 청주시 흥덕구 봉명동 811-1,431134511412,충청북도 청주시 흥덕구 봉명로177번길,86,,4311311500108110001002109,광복회관,충청북도 청주시 흥덕구 봉명로177번길 86,361818,28557,,4,,127.46426377846,36.6419229565479
MA010120220805562540,휴먼헤어,,G2,소매,G221,기타 상품 소매,G22199,그 외 기타 상품 전문 소매업,G47422,의복 액세서리 및 모조 장신구 소매업,43,충청북도,43113,청주시 흥덕구,43113751,봉명1동,4311311500,봉명동,4311311500110510000,1,대지,1051,,충청북도 청주시 흥덕구 봉명동 1051,431133237064,충청북도 청주시 흥덕구 예체로,163,,4311311500110510000003756,,충청북도 청주시 흥덕구 예체로 163,361818,28560,,,,127.468752674627,36.6408780918931
MA010120220805554602,우리농약종묘사,,G2,소매,G221,기타 상품 소매,G22199,그 외 기타 상품 전문 소매업,G47859,그 외 기타 분류 안된 상품 전문 소매업,43,충청북도,43111,청주시 상당구,43111320,미원면,4311132021,미원면,4311132021104380009,1,대지,438,9,충청북도 청주시 상당구 미원면 미원리 438-9,431114520263,충청북도 청주시 상당구 미원면 미원시내2길,12,,4371032021104380009000001,,충청북도 청주시 상당구 미원면 미원시내2길 12,360874,28199,,,,127.654163842821,36.631993279234
MA010120220805556745,광성총포사,,G2,소매,G221,기타 상품 소매,G22199,그 외 기타 상품 전문 소매업,G47859,그 외 기타 분류 안된 상품 전문 소매업,43,충청북도,43111,청주시 상당구,43111670,영운동,4311111900,영운동,4311111900102090002,1,대지,209,2,충청북도 청주시 상당구 영운동 209-2,431113236038,충청북도 청주시 상당구 영운천로,13,2,4311111900102090002029780,,충청북도 청주시 상당구 영운천로 13-2,360090,28743,,,,127.501354641606,36.6159823281375
MA010120220805559094,충북수석,,G2,소매,G221,기타 상품 소매,G22199,그 외 기타 상품 전문 소매업,G47859,그 외 기타 분류 안된 상품 전문 소매업,43,충청북도,43111,청주시 상당구,43111310,낭성면,4311131023,낭성면,4311131023101390004,1,대지,139,4,충청북도 청주시 상당구 낭성면 추정리 139-4,431113236065,충청북도 청주시 상당구 낭성면 단재로,1875,,4371031024001390004056978,,충청북도 청주시 상당구 낭성면 단재로 1875,360862,28194,,,,127.615154752787,36.5982376563354
MA010120220805560993,중부,,G2,소매,G221,기타 상품 소매,G22199,그 외 기타 상품 전문 소매업,G47859,그 외 기타 분류 안된 상품 전문 소매업,43,충청북도,43113,청주시 흥덕구,43113320,옥산면,4311332021,옥산면,4311332021105370003,1,대지,537,3,충청북도 청주시 흥덕구 옥산면 오산리 537-3,431134520491,충청북도 청주시 흥덕구 옥산면 옥산시내2길,7,,4371041021005370003013428,,충청북도 청주시 흥덕구 옥산면 옥산시내2길 7,361914,28113,,,,127.374579436248,36.6643344077231
MA010120220805563006,진천팜농자재마트,,G2,소매,G221,기타 상품 소매,G22199,그 외 기타 상품 전문 소매업,G47859,그 외 기타 분류 안된 상품 전문 소매업,43,충청북도,43750,진천군,43750250,진천읍,4375025025,진천읍,4375025025105470013,1,대지,547,13,충청북도 진천군 진천읍 성석리 547-13,437503245009,충청북도 진천군 진천읍 성중로,4,,4375025025105470013000001,,충청북도 진천군 진천읍 성중로 4,365806,27844,,,,127.44667457233,36.864123344181
MA010120220805550983,디팍스청주점,,G2,소매,G221,기타 상품 소매,G22199,그 외 기타 상품 전문 소매업,G47859,그 외 기타 분류 안된 상품 전문 소매업,43,충청북도,43111,청주시 상당구,43111545,성안동,4311110200,북문로1가,4311110200100660001,1,대지,66,1,충청북도 청주시 상당구 북문로1가 66-1,431113236031,충청북도 청주시 상당구 성안로,29,,4311110200100670008047747,,충청북도 청주시 상당구 성안로 29,360011,28530,,,,127.489296784685,36.6342442831446
MA010120220805561101,장인광고기획,,G2,소매,G221,기타 상품 소매,G22199,그 외 기타 상품 전문 소매업,G47859,그 외 기타 분류 안된 상품 전문 소매업,43,충청북도,43111,청주시 상당구,43111340,남일면,4311134022,남일면,4311134022102540005,1,대지,254,5,충청북도 청주시 상당구 남일면 효촌리 254-5,431114520717,충청북도 청주시 상당구 남일면 효촌송암길,9,18,4311134022102540005000001,,충청북도 청주시 상당구 남일면 효촌송암길 9-18,360844,28187,,,,127.507894871853,36.5905426996565
MA010120220805548720,고려만물사,,G2,소매,G221,기타 상품 소매,G22199,그 외 기타 상품 전문 소매업,G47859,그 외 기타 분류 안된 상품 전문 소매업,43,충청북도,43111,청주시 상당구,43111545,성안동,4311110500,남문로1가,4311110500101250002,1,대지,125,2,충청북도 청주시 상당구 남문로1가 125-2,431113236027,충청북도 청주시 상당구 상당로,19,,4311110500101250002049715,,충청북도 청주시 상당구 상당로 19,360041,28531,,,,127.490947314478,36.6300472447478
MA010120220805557093,영풍인삼사,,G2,소매,G221,기타 상품 소매,G22199,그 외 기타 상품 전문 소매업,G47859,그 외 기타 분류 안된 상품 전문 소매업,47,경상북도,47210,영주시,47210250,풍기읍,4721025029,풍기읍,4721025029101450003,1,대지,145,3,경상북도 영주시 풍기읍 서부리 145-3,472103309053,경상북도 영주시 풍기읍 인삼로,8,,4721025029101450003011718,인삼시장,경상북도 영주시 풍기읍 인삼로 8,750805,36024,,,,128.523612585866,36.8730277243237
MA010120220805563212,아름다운성,,G2,소매,G221,기타 상품 소매,G22199,그 외 기타 상품 전문 소매업,G47859,그 외 기타 분류 안된 상품 전문 소매업,43,충청북도,43114,청주시 청원구,43114530,내덕2동,4311410200,내덕동,4311410200104050029,1,대지,405,29,충청북도 청주시 청원구 내덕동 405-29,431142014003,충청북도 청주시 청원구 충청대로,25,,4311111400104050029037927,,충청북도 청주시 청원구 충청대로 25,363805,28494,,,,127.490194186226,36.6594090565562
MA010120220805548843,한계리산삼농원,,G2,소매,G221,기타 상품 소매,G22199,그 외 기타 상품 전문 소매업,G47859,그 외 기타 분류 안된 상품 전문 소매업,43,충청북도,43111,청주시 상당구,43111330,가덕면,4311133034,가덕면,4311133034102850003,1,대지,285,3,충청북도 청주시 상당구 가덕면 한계리 285-3,431114520670,충청북도 청주시 상당구 가덕면 한계1길,191,9,4371033035002850003072089,,충청북도 청주시 상당구 가덕면 한계1길 191-9,360853,28189,,,,127.562778143308,36.6095984108931
MA010120220805557424,형제농자재마트,,G2,소매,G221,기타 상품 소매,G22199,그 외 기타 상품 전문 소매업,G47859,그 외 기타 분류 안된 상품 전문 소매업,43,충청북도,43112,청주시 서원구,43112310,남이면,4311231039,남이면,4311231039102720008,1,대지,272,8,충청북도 청주시 서원구 남이면 수대리 272-8,431123236067,충청북도 청주시 서원구 남이면 청남로,1402,,4311231039102720008000001,,충청북도 청주시 서원구 남이면 청남로 1402,362811,28180,,,,127.45068389605,36.5661806918297
MA010120220805557475,증평인삼삼순이네,,G2,소매,G221,기타 상품 소매,G22199,그 외 기타 상품 전문 소매업,G47859,그 외 기타 분류 안된 상품 전문 소매업,43,충청북도,43745,증평군,43745250,증평읍,4374525032,증평읍,4374525032100940001,1,대지,94,1,충청북도 증평군 증평읍 송산리 94-1,437453240095,충청북도 증평군 증평읍 중부로,2451,,4374525032100940001004761,증평인삼상설판매장내,충청북도 증평군 증평읍 중부로 2451,368906,27914,,1,,127.581762536239,36.7958846877096
MA010120220805564615,마법의성,,G2,소매,G221,기타 상품 소매,G22199,그 외 기타 상품 전문 소매업,G47859,그 외 기타 분류 안된 상품 전문 소매업,43,충청북도,43112,청주시 서원구,43112510,사직1동,4311210100,사직동,4311210100101420006,1,대지,142,6,충청북도 청주시 서원구 사직동 142-6,431123237036,충청북도 청주시 서원구 사운로,170,1,4311310100101420006017185,,충청북도 청주시 서원구 사운로 170-1,362827,28549,,,,127.47935180466,36.6442601993475
MA010120220805544778,태산원수석공예,,G2,소매,G221,기타 상품 소매,G22199,그 외 기타 상품 전문 소매업,G47859,그 외 기타 분류 안된 상품 전문 소매업,41,경기도,41210,광명시,41210631,하안1동,4121010300,하안동,4121010300105010001,1,대지,501,1,경기도 광명시 하안동 501-1,412103000027,경기도 광명시 범안로,897,,4121010300105010001000001,,경기도 광명시 범안로 897,423844,14260,,,,126.866104870538,37.4539895680362
MA010120220805539548,지리산유통,,G2,소매,G221,기타 상품 소매,G22199,그 외 기타 상품 전문 소매업,G47859,그 외 기타 분류 안된 상품 전문 소매업,48,경상남도,48850,하동군,48850320,악양면,4885032028,악양면,4885032028101080000,1,대지,108,,경상남도 하동군 악양면 등촌리 108,488504832114,경상남도 하동군 악양면 덕기길,7,13,4885032028101080000010048,,경상남도 하동군 악양면 덕기길 7-13,667811,52305,,,,127.716437609271,35.1991482223181
MA010120220805531788,동양ENG,,G2,소매,G221,기타 상품 소매,G22199,그 외 기타 상품 전문 소매업,G47859,그 외 기타 분류 안된 상품 전문 소매업,44,충청남도,44810,예산군,44810250,예산읍,4481025028,예산읍,4481025028104230001,1,대지,423,1,충청남도 예산군 예산읍 관작리 423-1,448103252053,충청남도 예산군 예산읍 충서로,1141,,4481025028104220001004971,,충청남도 예산군 예산읍 충서로 1141,340802,32423,,,,126.830496047837,36.7097060696031
MA010120220805551721,세운안전시스템,,G2,소매,G221,기타 상품 소매,G22199,그 외 기타 상품 전문 소매업,G47859,그 외 기타 분류 안된 상품 전문 소매업,43,충청북도,43111,청주시 상당구,43111720,용암1동,4311112400,용암동,4311112400128060000,1,대지,2806,,충청북도 청주시 상당구 용암동 2806,431114508725,충청북도 청주시 상당구 호미로167번길,41,,4311112400128060000041795,,충청북도 청주시 상당구 호미로167번길 41,360812,28762,,1,,127.516119587118,36.6224344580836
MA010120220805542489,어울농약사,,G2,소매,G221,기타 상품 소매,G22199,그 외 기타 상품 전문 소매업,G47859,그 외 기타 분류 안된 상품 전문 소매업,46,전라남도,46880,장성군,46880360,황룡면,4688036021,황룡면,4688036021101380042,1,대지,138,42,전라남도 장성군 황룡면 월평리 138-42,468803299017,전라남도 장성군 황룡면 뱃나드리로,180,3,4688036021101380042026169,,전라남도 장성군 황룡면 뱃나드리로 180-3,515813,57227,,,,126.77348290895,35.2905051908261
MA010120220805551906,영광,,G2,소매,G221,기타 상품 소매,G22199,그 외 기타 상품 전문 소매업,G47859,그 외 기타 분류 안된 상품 전문 소매업,43,충청북도,43113,청주시 흥덕구,43113320,옥산면,4311332022,옥산면,4311332022101840012,1,대지,184,12,충청북도 청주시 흥덕구 옥산면 덕촌리 184-12,431134520198,충청북도 청주시 흥덕구 옥산면 덕촌덕절길,61,,4371041022101840012000001,,충청북도 청주시 흥덕구 옥산면 덕촌덕절길 61,361913,28114,,,,127.362754191344,36.6590903982809
MA010120220805554130,청주제일수족관,,G2,소매,G221,기타 상품 소매,G22199,그 외 기타 상품 전문 소매업,G47859,그 외 기타 분류 안된 상품 전문 소매업,43,충청북도,43111,청주시 상당구,43111720,용암1동,4311112400,용암동,4311112400111800000,1,대지,1180,,충청북도 청주시 상당구 용암동 1180,431113236043,충청북도 청주시 상당구 용암로,104,,4311112400111800000030057,,충청북도 청주시 상당구 용암로 104,360823,28770,,1,,127.5039504204,36.6163498531773
MA010120220805558283,모바일아이텍충청지사,,G2,소매,G221,기타 상품 소매,G22199,그 외 기타 상품 전문 소매업,G47859,그 외 기타 분류 안된 상품 전문 소매업,43,충청북도,43113,청주시 흥덕구,43113250,오송읍,4311325028,오송읍,4311325028102750019,1,대지,275,19,충청북도 청주시 흥덕구 오송읍 오송리 275-19,431134520476,충청북도 청주시 흥덕구 오송읍 오송길,8,10,4371040028002750019016854,,충청북도 청주시 흥덕구 오송읍 오송길 8-10,361954,28168,,,,127.325373287181,36.6108255269127
MA010120220805550197,임마누엘유통,,G2,소매,G221,기타 상품 소매,G22199,그 외 기타 상품 전문 소매업,G47859,그 외 기타 분류 안된 상품 전문 소매업,43,충청북도,43112,청주시 서원구,43112540,모충동,4311210300,모충동,4311210300104140008,1,대지,414,8,충청북도 청주시 서원구 모충동 414-8,431123237104,충청북도 청주시 서원구 모충로,137,,4311310300104140008019243,,충청북도 청주시 서원구 모충로 137,362808,28656,,,,127.478128069865,36.6290000009435
MA010120220805564164,미광불교사,,G2,소매,G221,기타 상품 소매,G22199,그 외 기타 상품 전문 소매업,G47859,그 외 기타 분류 안된 상품 전문 소매업,43,충청북도,43114,청주시 청원구,43114310,북이면,4311431031,북이면,4311431031100550003,1,대지,55,3,충청북도 청주시 청원구 북이면 토성리 55-3,431143240070,충청북도 청주시 청원구 북이면 장재금대로,244,,4371043031100550003000001,,충청북도 청주시 청원구 북이면 장재금대로 244,363921,28136,,,,127.568689996917,36.750802592897
MA010120220805246933,우주불교만물,,G2,소매,G221,기타 상품 소매,G22199,그 외 기타 상품 전문 소매업,G47859,그 외 기타 분류 안된 상품 전문 소매업,41,경기도,41271,안산시 상록구,41271515,이동,4127110200,이동,4127110200106120023,1,대지,612,23,경기도 안산시 상록구 이동 612-23,412713190020,경기도 안산시 상록구 도매시장로,42,,4127110200106120023013613,지,경기도 안산시 상록구 도매시장로 42,426857,15510,,1,,126.859885084586,37.3103141733814
MA010120220805244387,쏘미굿,,G2,소매,G221,기타 상품 소매,G22199,그 외 기타 상품 전문 소매업,G47859,그 외 기타 분류 안된 상품 전문 소매업,11,서울특별시,11680,강남구,11680580,삼성1동,1168010500,삼성동,1168010500101590000,1,대지,159,,서울특별시 강남구 삼성동 159,116802122002,서울특별시 강남구 영동대로,517,,1168010500101590000017118,아셈타워,서울특별시 강남구 영동대로 517,135525,06164,,37,,127.059767005027,37.5131114112063
MA010120220805263292,한솔안전,,G2,소매,G221,기타 상품 소매,G22199,그 외 기타 상품 전문 소매업,G47859,그 외 기타 분류 안된 상품 전문 소매업,47,경상북도,47150,김천시,47150536,평화남산동,4715010600,남산동,4715010600100620006,1,대지,62,6,경상북도 김천시 남산동 62-6,471504718191,경상북도 김천시 노실고개길,23,,4715010600100620006022845,,경상북도 김천시 노실고개길 23,740974,39612,,,,128.115437089536,36.1186561471442
MA010120220805265636,로하스코,,G2,소매,G221,기타 상품 소매,G22199,그 외 기타 상품 전문 소매업,G47859,그 외 기타 분류 안된 상품 전문 소매업,46,전라남도,46840,무안군,46840256,삼향읍,4684025623,삼향읍,4684025623106200015,1,대지,620,15,전라남도 무안군 삼향읍 용포리 620-15,468403296022,전라남도 무안군 삼향읍 삼향중앙로,392,1,4684031023106200015050857,,전라남도 무안군 삼향읍 삼향중앙로 392-1,534829,58563,,,,126.462447977035,34.8378511432926
MA010120220805252378,약초드림,,G2,소매,G221,기타 상품 소매,G22199,그 외 기타 상품 전문 소매업,G47859,그 외 기타 분류 안된 상품 전문 소매업,41,경기도,41820,가평군,41820330,상면,4182033023,상면,4182033023100230013,1,대지,23,13,경기도 가평군 상면 행현리 23-13,418203216056,경기도 가평군 상면 수목원로,84,11,4182033023100230013008756,,경기도 가평군 상면 수목원로 84-11,477824,12448,,,,127.366973494369,37.7691915611643
MA010120220805232485,신세계,,G2,소매,G221,기타 상품 소매,G22199,그 외 기타 상품 전문 소매업,G47859,그 외 기타 분류 안된 상품 전문 소매업,48,경상남도,48310,거제시,48310530,능포동,4831010100,능포동,4831010100106120080,1,대지,612,80,경상남도 거제시 능포동 612-80,483103337014,경상남도 거제시 능포로,149,1,4831010100106120080038540,,경상남도 거제시 능포로 149-1,656900,53316,,1,,128.731777902412,34.8772356299426
MA010120220805269761,그린F5달서특판,대리점,G2,소매,G221,기타 상품 소매,G22199,그 외 기타 상품 전문 소매업,G47859,그 외 기타 분류 안된 상품 전문 소매업,27,대구광역시,27290,달서구,27290577,이곡2동,2729010800,이곡동,2729010800113140004,1,대지,1314,4,대구광역시 달서구 이곡동 1314-4,272904241237,대구광역시 달서구 선원로23남길,14,,2729010800113140004002574,,대구광역시 달서구 선원로23남길 14,704941,42604,,,,128.504597956119,35.859657123003
MA010120220805234855,마스크랩,코리아,G2,소매,G221,기타 상품 소매,G22199,그 외 기타 상품 전문 소매업,G47859,그 외 기타 분류 안된 상품 전문 소매업,11,서울특별시,11440,마포구,11440660,서교동,1144012100,동교동,1144012100101480009,1,대지,148,9,서울특별시 마포구 동교동 148-9,114404139428,서울특별시 마포구 양화로23길,28,,1144012100101480009011644,,서울특별시 마포구 양화로23길 28,121816,03985,,1,,126.92506375373,37.5596124004782
MA010120220805272535,트리케어,,G2,소매,G221,기타 상품 소매,G22199,그 외 기타 상품 전문 소매업,G47859,그 외 기타 분류 안된 상품 전문 소매업,29,광주광역시,29200,광산구,29200550,신흥동,2920010400,신촌동,2920010400106820016,1,대지,682,16,광주광역시 광산구 신촌동 682-16,292002009004,광주광역시 광산구 상무대로,431,,2920010400106820016000002,,광주광역시 광산구 상무대로 431,506810,62362,,,,126.812954401844,35.1444458960889
MA010120220805264487,코끼리연구소,,G2,소매,G221,기타 상품 소매,G22199,그 외 기타 상품 전문 소매업,G47859,그 외 기타 분류 안된 상품 전문 소매업,11,서울특별시,11110,종로구,11110615,종로1.2.3.4가동,1111015600,종로3가,1111015600101030002,1,대지,103,2,서울특별시 종로구 종로3가 103-2,111103005006,서울특별시 종로구 수표로,98,,1111015600101030002016404,,서울특별시 종로구 수표로 98,110123,03192,,3,,126.989597352983,37.5699431194135
MA010120220805286406,마리팜,연산점,G2,소매,G221,기타 상품 소매,G22199,그 외 기타 상품 전문 소매업,G47859,그 외 기타 분류 안된 상품 전문 소매업,26,부산광역시,26470,연제구,26470680,연산4동,2647010200,연산동,2647010200107300011,1,대지,730,11,부산광역시 연제구 연산동 730-11,264704211058,부산광역시 연제구 고분로13번길,5,11,2647010200107300011010687,전면오른쪽점포,부산광역시 연제구 고분로13번길 5-11,611822,47549,,,,129.08350885937,35.1862069890168
MA010120220805310446,예본컴퍼니,,G2,소매,G221,기타 상품 소매,G22199,그 외 기타 상품 전문 소매업,G47859,그 외 기타 분류 안된 상품 전문 소매업,41,경기도,41500,이천시,41500310,신둔면,4150031032,신둔면,4150031032100500000,1,대지,50,,경기도 이천시 신둔면 마교리 50,415003207057,경기도 이천시 신둔면 황무로,352,63,4150031032100500000000001,,경기도 이천시 신둔면 황무로 352-63,467841,17304,,,,127.391744209286,37.2987111084799
MA010120220805275921,해듬산업안전,,G2,소매,G221,기타 상품 소매,G22199,그 외 기타 상품 전문 소매업,G47859,그 외 기타 분류 안된 상품 전문 소매업,41,경기도,41590,화성시,41590410,정남면,4159041038,정남면,4159041038100980002,1,대지,98,2,경기도 화성시 정남면 고지리 98-2,415903198002,경기도 화성시 정남면 가장로,290,,4159041038100980002013097,,경기도 화성시 정남면 가장로 290,445962,18512,,,,127.011044654319,37.163048498475
MA010120220805307689,국제종합안전,,G2,소매,G221,기타 상품 소매,G22199,그 외 기타 상품 전문 소매업,G47859,그 외 기타 분류 안된 상품 전문 소매업,41,경기도,41610,광주시,41610510,경안동,4161011200,역동,4161011200100270024,1,대지,27,24,경기도 광주시 역동 27-24,416103211038,경기도 광주시 중앙로,71,,4161011200100270024002994,성도빌딩,경기도 광주시 중앙로 71,464807,12759,,1,,127.260561826648,37.4065470094255
MA010120220805278772,고려산업,,G2,소매,G221,기타 상품 소매,G22199,그 외 기타 상품 전문 소매업,G47859,그 외 기타 분류 안된 상품 전문 소매업,26,부산광역시,26440,강서구,26440510,대저1동,2644010100,대저1동,2644010100105600014,1,대지,560,14,부산광역시 강서구 대저1동 560-14,264404208280,부산광역시 강서구 대저중앙로285번길,141,,2644010100105600014015850,,부산광역시 강서구 대저중앙로285번길 141,618805,46701,,,,128.980783271924,35.2240232165916
MA010120220805286684,좋은친구들,,G2,소매,G221,기타 상품 소매,G22199,그 외 기타 상품 전문 소매업,G47859,그 외 기타 분류 안된 상품 전문 소매업,27,대구광역시,27260,수성구,27260640,두산동,2726011100,두산동,2726011100101280005,1,대지,128,5,대구광역시 수성구 두산동 128-5,272604238217,대구광역시 수성구 무학로23길,83,,2726011100101280005015649,,대구광역시 수성구 무학로23길 83,706800,42175,,2,,128.621814384101,35.8338999966071
MA010120220805297362,청명,,G2,소매,G221,기타 상품 소매,G22199,그 외 기타 상품 전문 소매업,G47859,그 외 기타 분류 안된 상품 전문 소매업,52,전북특별자치도,52111,전주시 완산구,52111672,중화산2동,5211112800,중화산동2가,5211112800105930002,1,대지,593,2,전북특별자치도 전주시 완산구 중화산동2가 593-2,521113266087,전북특별자치도 전주시 완산구 효자로,312,,4511112800105930002011990,,전북특별자치도 전주시 완산구 효자로 312,560838,54976,,,,127.119454148335,35.8189012113251
MA010120220805287029,문화예술ATO&비스트Ent,,G2,소매,G221,기타 상품 소매,G22199,그 외 기타 상품 전문 소매업,G47859,그 외 기타 분류 안된 상품 전문 소매업,46,전라남도,46150,순천시,46150515,향동,4615010600,금곡동,4615010600101780000,1,대지,178,,전라남도 순천시 금곡동 178,461504649111,전라남도 순천시 금곡길,61,,4615010600101780000045617,,전라남도 순천시 금곡길 61,540050,57941,,1,,127.479040664894,34.9547172023453
MA010120220805308407,몬스터창고,,G2,소매,G221,기타 상품 소매,G22199,그 외 기타 상품 전문 소매업,G47859,그 외 기타 분류 안된 상품 전문 소매업,41,경기도,41115,수원시 팔달구,41115660,매산동,4111513400,매산로1가,4111513400100540007,1,대지,54,7,경기도 수원시 팔달구 매산로1가 54-7,411153176007,경기도 수원시 팔달구 매산로,7,,4111513400100540007009410,,경기도 수원시 팔달구 매산로 7,442081,16455,,1,,127.002266085518,37.2672193385863
MA010120220805311680,금산인삼건강식품,,G2,소매,G221,기타 상품 소매,G22199,그 외 기타 상품 전문 소매업,G47859,그 외 기타 분류 안된 상품 전문 소매업,11,서울특별시,11410,서대문구,11410640,홍제3동,1141011100,홍제동,1141011100102950025,1,대지,295,25,서울특별시 서대문구 홍제동 295-25,114104136323,서울특별시 서대문구 인왕시장길,46,,1141011100102950003000001,,서울특별시 서대문구 인왕시장길 46,120857,03628,,,,126.944574850078,37.5916084747775
MA010120220805295220,세이프티앤에어로젤,,G2,소매,G221,기타 상품 소매,G22199,그 외 기타 상품 전문 소매업,G47859,그 외 기타 분류 안된 상품 전문 소매업,41,경기도,41670,여주시,41670345,세종대왕면,4167034530,세종대왕면,4167034530104400001,1,대지,440,1,경기도 여주시 세종대왕면 광대리 440-1,416703214050,경기도 여주시 세종대왕면 월평로,562,37,4173035030104400011059555,사무동,경기도 여주시 세종대왕면 월평로 562-37,469811,12647,,,,127.566934934089,37.2580499847264
MA010120220805290287,동서커피,,G2,소매,G221,기타 상품 소매,G22199,그 외 기타 상품 전문 소매업,G47859,그 외 기타 분류 안된 상품 전문 소매업,26,부산광역시,26320,북구,26320572,만덕2동,2632010300,만덕동,2632010300108820007,1,대지,882,7,부산광역시 북구 만덕동 882-7,263203132024,부산광역시 북구 상리로,71,,2632010300108820007000563,,부산광역시 북구 상리로 71,616831,46613,,,,129.041799715506,35.2082480967744
MA010120220805313687,파스텔,,G2,소매,G221,기타 상품 소매,G22199,그 외 기타 상품 전문 소매업,G47859,그 외 기타 분류 안된 상품 전문 소매업,41,경기도,41570,김포시,41570560,장기동,4157010400,장기동,4157010400120830006,1,대지,2083,6,경기도 김포시 장기동 2083-6,415704427682,경기도 김포시 태장로795번길,23,,4157010400120830006000001,,경기도 김포시 태장로795번길 23,415060,10090,,,,126.680907199311,37.6378702002963
MA010120220805288124,선두아그로,,G2,소매,G221,기타 상품 소매,G22199,그 외 기타 상품 전문 소매업,G47859,그 외 기타 분류 안된 상품 전문 소매업,41,경기도,41360,남양주시,41360570,별내동,4136011100,별내동,4136011100109310008,1,대지,931,8,경기도 남양주시 별내동 931-8,413603197037,경기도 남양주시 순화궁로,339,,4136011100109310008000001,정원프라자,경기도 남양주시 순화궁로 339,472501,12105,,4,,127.125895347223,37.6570290399291
MA010120220805314548,동일에스씨,,G2,소매,G221,기타 상품 소매,G22199,그 외 기타 상품 전문 소매업,G47859,그 외 기타 분류 안된 상품 전문 소매업,11,서울특별시,11230,동대문구,11230536,용신동,1123010200,용두동,1123010200101290132,1,대지,129,132,서울특별시 동대문구 용두동 129-132,112304115523,서울특별시 동대문구 천호대로22길,39,2,1123010200101290132040090,,서울특별시 동대문구 천호대로22길 39-2,130821,02589,,1,,127.033585990499,37.5720561390739
MA010120220805277509,이즈히어,,G2,소매,G221,기타 상품 소매,G22199,그 외 기타 상품 전문 소매업,G47859,그 외 기타 분류 안된 상품 전문 소매업,50,제주특별자치도,50130,서귀포시,50130600,대천동,5013011600,강정동,5013011600124800000,1,대지,2480,,제주특별자치도 서귀포시 강정동 2480,501303350237,제주특별자치도 서귀포시 이어도로,760,,5013011600124800000000001,,제주특별자치도 서귀포시 이어도로 760,697828,63564,,,,126.496237132184,33.2355662641265
MA010120220805314743,유한책임회사하이모,여의도지점,G2,소매,G221,기타 상품 소매,G22199,그 외 기타 상품 전문 소매업,G47422,의복 액세서리 및 모조 장신구 소매업,11,서울특별시,11560,영등포구,11560540,여의동,1156011000,여의도동,1156011000100240005,1,대지,24,5,서울특별시 영등포구 여의도동 24-5,115603118019,서울특별시 영등포구 여의나루로,81,,1156011000100240005031229,한마루빌딩,서울특별시 영등포구 여의나루로 81,150877,07327,,3,,126.927734908951,37.5243219143759
MA010120220805293810,에이케이에이보드샵,,G2,소매,G221,기타 상품 소매,G22199,그 외 기타 상품 전문 소매업,G47859,그 외 기타 분류 안된 상품 전문 소매업,41,경기도,41115,수원시 팔달구,41115740,행궁동,4111513100,장안동,4111513100100680003,1,대지,68,3,경기도 수원시 팔달구 장안동 68-3,411153012006,경기도 수원시 팔달구 정조로,877,,4111513100100680003054951,,경기도 수원시 팔달구 정조로 877,442420,16252,,1,,127.015201256981,37.2862573642143
MA010120220805277988,금연태양광발전소,,G2,소매,G221,기타 상품 소매,G22199,그 외 기타 상품 전문 소매업,G47859,그 외 기타 분류 안된 상품 전문 소매업,48,경상남도,48730,함안군,48730350,칠서면,4873035027,칠서면,4873035027103530001,1,대지,353,1,경상남도 함안군 칠서면 계내리 353-1,487304820055,경상남도 함안군 칠서면 계내2길,44,,4873035027103530001030179,,경상남도 함안군 칠서면 계내2길 44,637941,52001,,,,128.485427353883,35.3830567980999
MA010120220805278116,천지사,,G2,소매,G221,기타 상품 소매,G22199,그 외 기타 상품 전문 소매업,G47859,그 외 기타 분류 안된 상품 전문 소매업,47,경상북도,47130,경주시,47130259,외동읍,4713025934,외동읍,4713025934105730000,1,대지,573,,경상북도 경주시 외동읍 괘릉리 573,471304715487,경상북도 경주시 외동읍 볕골길,47,7,4713025934105730000000003,,경상북도 경주시 외동읍 볕골길 47-7,780822,38210,,,,129.324988261539,35.7616298519517
MA010120220805286141,율민스텔라,,G2,소매,G221,기타 상품 소매,G22199,그 외 기타 상품 전문 소매업,G47859,그 외 기타 분류 안된 상품 전문 소매업,41,경기도,41450,하남시,41450560,덕풍3동,4145010800,덕풍동,4145010800108310001,1,대지,831,1,경기도 하남시 덕풍동 831-1,414502000019,경기도 하남시 미사대로,520,,4145010800100070000000001,미사강변자족,경기도 하남시 미사대로 520,465013,12925,,,,127.204604101691,37.55889127082
MA010120220805335512,하진,,G2,소매,G221,기타 상품 소매,G22199,그 외 기타 상품 전문 소매업,G47859,그 외 기타 분류 안된 상품 전문 소매업,11,서울특별시,11680,강남구,11680580,삼성1동,1168010500,삼성동,1168010500101570027,1,대지,157,27,서울특별시 강남구 삼성동 157-27,116803122010,서울특별시 강남구 테헤란로,501,,1168010500101570029016913,브이플렉스,서울특별시 강남구 테헤란로 501,135526,06168,,,,127.056821811183,37.5073734664258
MA010120220805335697,그 외 기타 상품 전문 소매업,,G2,소매,G221,기타 상품 소매,G22199,그 외 기타 상품 전문 소매업,G47859,그 외 기타 분류 안된 상품 전문 소매업,41,경기도,41285,고양시 일산동구,41285590,장항2동,4128510400,장항동,4128510400107380000,1,대지,738,,경기도 고양시 일산동구 장항동 738,412853012034,경기도 고양시 일산동구 고봉로,26,27,4128510400107380000000005,가로판매대,경기도 고양시 일산동구 고봉로 26-27,410837,10364,,,,126.766173739689,37.6636398426018
MA010120220805349754,세풍케미칼,,G2,소매,G221,기타 상품 소매,G22199,그 외 기타 상품 전문 소매업,G47859,그 외 기타 분류 안된 상품 전문 소매업,44,충청남도,44133,천안시 서북구,44133253,성거읍,4413325331,성거읍,4413325331102070001,1,대지,207,1,충청남도 천안시 서북구 성거읍 요방리 207-1,441334550331,충청남도 천안시 서북구 성거읍 성거신용길,8,,4413325331102070001040033,,충청남도 천안시 서북구 성거읍 성거신용길 8,331834,31053,,,,127.180476947328,36.8455330147242
MA010120220805349781,호연불교사,,G2,소매,G221,기타 상품 소매,G22199,그 외 기타 상품 전문 소매업,G47859,그 외 기타 분류 안된 상품 전문 소매업,28,인천광역시,28110,중구,28110540,신흥동,2811012800,신흥동3가,2811012800100140001,1,대지,14,1,인천광역시 중구 신흥동3가 14-1,281103149063,인천광역시 중구 인중로,44,1,2811012800100140001131251,,인천광역시 중구 인중로 44-1,400103,22329,,1,,126.638004975111,37.4639717176661
MA010120220805333697,건국소방,,G2,소매,G221,기타 상품 소매,G22199,그 외 기타 상품 전문 소매업,G47859,그 외 기타 분류 안된 상품 전문 소매업,41,경기도,41570,김포시,41570350,월곶면,4157035030,월곶면,4157035030104650002,1,대지,465,2,경기도 김포시 월곶면 개곡리 465-2,415703209013,경기도 김포시 월곶면 고정로,185,2,4157035030104640000040804,,경기도 김포시 월곶면 고정로 185-2,415872,10003,,1,,126.590775079049,37.7252386070568
MA010120220805327724,삼원약초인삼사,,G2,소매,G221,기타 상품 소매,G22199,그 외 기타 상품 전문 소매업,G47859,그 외 기타 분류 안된 상품 전문 소매업,52,전북특별자치도,52720,진안군,52720250,진안읍,5272025022,진안읍,5272025022102850014,1,대지,285,14,전북특별자치도 진안군 진안읍 군하리 285-14,527203274057,전북특별자치도 진안군 진안읍 진무로,1021,,4572025022102850014006101,,전북특별자치도 진안군 진안읍 진무로 1021,567806,55435,,,,127.422884896502,35.7875019169727
MA010120220805334074,한성친환경농자재,,G2,소매,G221,기타 상품 소매,G22199,그 외 기타 상품 전문 소매업,G47859,그 외 기타 분류 안된 상품 전문 소매업,47,경상북도,47170,안동시,47170630,안기동,4717012800,안기동,4717012800103370107,1,대지,337,107,경상북도 안동시 안기동 337-107,471704721764,경상북도 안동시 안기길,22,,4717012800103370107024628,,경상북도 안동시 안기길 22,760260,36628,,1,,128.718814969461,36.5748156805746
MA010120220805347676,물레방아,,G2,소매,G221,기타 상품 소매,G22199,그 외 기타 상품 전문 소매업,G47859,그 외 기타 분류 안된 상품 전문 소매업,47,경상북도,47210,영주시,47210525,하망동,4721010300,하망동,4721010300103340029,1,대지,334,29,경상북도 영주시 하망동 334-29,472103309052,경상북도 영주시 원당로,135,1,4721010300103340029007661,,경상북도 영주시 원당로 135-1,750912,36082,,,,128.628218851167,36.8236799692841
MA010120220805350379,에프엠,,G2,소매,G221,기타 상품 소매,G22199,그 외 기타 상품 전문 소매업,G47859,그 외 기타 분류 안된 상품 전문 소매업,28,인천광역시,28237,부평구,28237540,부평4동,2823710100,부평동,2823710100102110047,1,대지,211,47,인천광역시 부평구 부평동 211-47,282374262410,인천광역시 부평구 부평문화로71번길,14,,2823710100102110047105020,,인천광역시 부평구 부평문화로71번길 14,403820,21393,,,,126.724318229601,37.4947937721835
MA010120220805358343,수정불교사,,G2,소매,G221,기타 상품 소매,G22199,그 외 기타 상품 전문 소매업,G47859,그 외 기타 분류 안된 상품 전문 소매업,11,서울특별시,11260,중랑구,11260520,면목2동,1126010100,면목동,1126010100101910078,1,대지,191,78,서울특별시 중랑구 면목동 191-78,112603106002,서울특별시 중랑구 봉우재로,7,,1126010100101910078029207,,서울특별시 중랑구 봉우재로 7,131824,02127,,1,,127.074320889496,37.5895708572208
MA010120220805355577,제천약초판매협동조합,,G2,소매,G221,기타 상품 소매,G22199,그 외 기타 상품 전문 소매업,G47859,그 외 기타 분류 안된 상품 전문 소매업,43,충청북도,43150,제천시,43150605,화산동,4315010900,화산동,4315010900100950027,1,대지,95,27,충청북도 제천시 화산동 95-27,431504517769,충청북도 제천시 의림대로2길,21,,4315010900100950027030839,,충청북도 제천시 의림대로2길 21,390150,27196,,,,128.20795926223,37.12810529941
MA010120220805322992,JH모터스,,G2,소매,G221,기타 상품 소매,G22199,그 외 기타 상품 전문 소매업,G45213,자동차 내장용 신품 전기ㆍ전자ㆍ정밀기기 판매업,27,대구광역시,27140,동구,27140755,혁신동,2714012300,각산동,2714012300110760001,1,대지,1076,1,대구광역시 동구 각산동 1076-1,271404226411,대구광역시 동구 과학로2길,19,,2714012300110760001000001,,대구광역시 동구 과학로2길 19,701290,41066,,,,128.718358079737,35.8790922716654
MA010120220805323173,세천농약사,,G2,소매,G221,기타 상품 소매,G22199,그 외 기타 상품 전문 소매업,G47859,그 외 기타 분류 안된 상품 전문 소매업,47,경상북도,47250,상주시,47250530,북문동,4725013600,남적동,4725013600100030001,1,대지,3,1,경상북도 상주시 남적동 3-1,472503311022,경상북도 상주시 북상주로,433,,4725013600100030001102478,,경상북도 상주시 북상주로 433,742360,37153,,,,128.167750094884,36.4659138978785
MA010120220805334586,법인영천한방촌,,G2,소매,G221,기타 상품 소매,G22199,그 외 기타 상품 전문 소매업,G47859,그 외 기타 분류 안된 상품 전문 소매업,47,경상북도,47230,영천시,47230250,금호읍,4723025037,금호읍,4723025037100140000,1,대지,14,,경상북도 영천시 금호읍 원기리 14,472303310006,경상북도 영천시 금호읍 금창로,208,65,4723025037100140000002186,,경상북도 영천시 금호읍 금창로 208-65,770803,38882,,,,128.882530933851,35.9133685177073
MA010120220805348295,황금돼지,,G2,소매,G221,기타 상품 소매,G22199,그 외 기타 상품 전문 소매업,G47859,그 외 기타 분류 안된 상품 전문 소매업,27,대구광역시,27260,수성구,27260652,지산2동,2726011200,지산동,2726011200112500011,1,대지,1250,11,대구광역시 수성구 지산동 1250-11,272604238341,대구광역시 수성구 용학로35길,3,,2726011200112500011002927,,대구광역시 수성구 용학로35길 3,706844,42216,,,,128.628390766613,35.8226729087981
MA010120220805350859,한결약초홍삼,,G2,소매,G221,기타 상품 소매,G22199,그 외 기타 상품 전문 소매업,G47859,그 외 기타 분류 안된 상품 전문 소매업,44,충청남도,44710,금산군,44710250,금산읍,4471025022,금산읍,4471025022100050002,1,대지,5,2,충청남도 금산군 금산읍 중도리 5-2,447103257042,충청남도 금산군 금산읍 인삼광장로,45,,4471025022100050002017466,,충청남도 금산군 금산읍 인삼광장로 45,312806,32739,,,,127.499240715749,36.1011621326045
MA010120220805357952,천지불교용품,,G2,소매,G221,기타 상품 소매,G22199,그 외 기타 상품 전문 소매업,G47859,그 외 기타 분류 안된 상품 전문 소매업,47,경상북도,47113,포항시 북구,47113310,신광면,4711331028,신광면,4711331028105380007,1,대지,538,7,경상북도 포항시 북구 신광면 안덕리 538-7,471134712241,경상북도 포항시 북구 신광면 비학로1197번길,102,,4711331028105380007006332,,경상북도 포항시 북구 신광면 비학로1197번길 102,791871,37521,,,,129.262782087469,36.1600313176677
MA010120220805316832,태양몰딩,,G2,소매,G221,기타 상품 소매,G22199,그 외 기타 상품 전문 소매업,G47859,그 외 기타 분류 안된 상품 전문 소매업,43,충청북도,43112,청주시 서원구,43112530,사창동,4311210200,사창동,4311210200102390005,1,대지,239,5,충청북도 청주시 서원구 사창동 239-5,431123237085,충청북도 청주시 서원구 천석로,3,,4311310200102390005000576,,충청북도 청주시 서원구 천석로 3,362832,28567,,,,127.465433152142,36.6355564253889
MA010120220805325811,장수는장수생약,,G2,소매,G221,기타 상품 소매,G22199,그 외 기타 상품 전문 소매업,G47859,그 외 기타 분류 안된 상품 전문 소매업,46,전라남도,46730,구례군,46730250,구례읍,4673025021,구례읍,4673025021101900001,1,대지,190,1,전라남도 구례군 구례읍 봉동리 190-1,467304664002,전라남도 구례군 구례읍 5일시장작은길,20,,4673025021101890005019723,일시장,전라남도 구례군 구례읍 5일시장작은길 20,542804,57639,,,,127.470081085884,35.2101527921462
MA010120220805345441,오토디자인,,G2,소매,G221,기타 상품 소매,G22199,그 외 기타 상품 전문 소매업,G45212,자동차용 전용 신품 부품 판매업,48,경상남도,48121,창원시 의창구,48121510,의창동,4812110300,서상동,4812110300106770008,1,대지,677,8,경상남도 창원시 의창구 서상동 677-8,481214781786,경상남도 창원시 의창구 평산로195번길,27,,4812110300200100010000001,,경상남도 창원시 의창구 평산로195번길 27,641500,51371,,,,128.623504505055,35.2578405519324
MA010120220805348585,백세약초,,G2,소매,G221,기타 상품 소매,G22199,그 외 기타 상품 전문 소매업,G47859,그 외 기타 분류 안된 상품 전문 소매업,41,경기도,41670,여주시,41670520,중앙동,4167010700,하동,4167010700101820007,1,대지,182,7,경기도 여주시 하동 182-7,416704442320,경기도 여주시 여흥로11번길,44,,4173025027101820007028787,,경기도 여주시 여흥로11번길 44,469107,12623,,,,127.630948548076,37.2982092256836
MA010120220805351564,금산농원,,G2,소매,G221,기타 상품 소매,G22199,그 외 기타 상품 전문 소매업,G47859,그 외 기타 분류 안된 상품 전문 소매업,44,충청남도,44710,금산군,44710250,금산읍,4471025022,금산읍,4471025022100170003,1,대지,17,3,충청남도 금산군 금산읍 중도리 17-3,447103257044,충청남도 금산군 금산읍 인삼약초로,40,,4471025022100170003020650,,충청남도 금산군 금산읍 인삼약초로 40,312806,32739,,,,127.497360951088,36.1006832976183
MA010120220805329667,즐거운상사,,G2,소매,G221,기타 상품 소매,G22199,그 외 기타 상품 전문 소매업,G47859,그 외 기타 분류 안된 상품 전문 소매업,41,경기도,41650,포천시,41650310,군내면,4165031026,군내면,4165031026101540017,1,대지,154,17,경기도 포천시 군내면 직두리 154-17,416503213060,경기도 포천시 군내면 청군로,2800,,4165031026101540016000001,,경기도 포천시 군내면 청군로 2800,487877,11155,,,,127.251190668387,37.8653208493384
MA010120220805356945,케이공구,,G2,소매,G221,기타 상품 소매,G22199,그 외 기타 상품 전문 소매업,G47859,그 외 기타 분류 안된 상품 전문 소매업,48,경상남도,48250,김해시,48250550,북부동,4825010700,삼계동,4825010700109520001,1,대지,952,1,경상남도 김해시 삼계동 952-1,482502335003,경상남도 김해시 생림대로,207,,4825010700109520001000001,,경상남도 김해시 생림대로 207,621070,50845,,,,128.866250107651,35.2877821573847
MA010120220805318198,박정금인삼사,,G2,소매,G221,기타 상품 소매,G22199,그 외 기타 상품 전문 소매업,G47859,그 외 기타 분류 안된 상품 전문 소매업,47,경상북도,47210,영주시,47210250,풍기읍,4721025022,풍기읍,4721025022104660000,1,대지,466,,경상북도 영주시 풍기읍 동부리 466,472103309010,경상북도 영주시 풍기읍 기주로,10,,4721025022104650000013772,,경상북도 영주시 풍기읍 기주로 10,750803,36034,,,,128.533960963921,36.8678399086181
MA010120220805351972,거산목공방,,G2,소매,G221,기타 상품 소매,G22199,그 외 기타 상품 전문 소매업,G47859,그 외 기타 분류 안된 상품 전문 소매업,43,충청북도,43770,음성군,43770320,원남면,4377032021,원남면,4377032021103850002,1,대지,385,2,충청북도 음성군 원남면 보천리 385-2,437703247042,충청북도 음성군 원남면 원중로,7,,4377032021103850002002594,,충청북도 음성군 원남면 원중로 7,369862,27726,,,,127.650548250741,36.8755181861707
MA010120220805354797,한국스티로폼,,G2,소매,G221,기타 상품 소매,G22199,그 외 기타 상품 전문 소매업,G47519,"페인트, 창호 및 기타 건설자재 소매업",48,경상남도,48240,사천시,48240250,사천읍,4824025024,사천읍,4824025024103080001,1,대지,308,1,경상남도 사천시 사천읍 수석리 308-1,482404802304,경상남도 사천시 사천읍 사주길,100,,4824025024103080001040822,,경상남도 사천시 사천읍 사주길 100,664806,52520,,,,128.084365288202,35.0794225538989
MA010120220805362859,제이케이산업,,G2,소매,G221,기타 상품 소매,G22199,그 외 기타 상품 전문 소매업,G47859,그 외 기타 분류 안된 상품 전문 소매업,46,전라남도,46780,보성군,46780340,율어면,4678034022,율어면,4678034022107470000,1,대지,747,,전라남도 보성군 율어면 금천리 747,467804670227,전라남도 보성군 율어면 선암길,98,1,4678034022107470000302044,,전라남도 보성군 율어면 선암길 98-1,546852,59410,,,,127.172948123593,34.8493902604407
MA010120220805391590,평택역전자담배,,G2,소매,G221,기타 상품 소매,G22199,그 외 기타 상품 전문 소매업,G47859,그 외 기타 분류 안된 상품 전문 소매업,41,경기도,41220,평택시,41220590,신평동,4122011300,평택동,4122011300100520002,1,대지,52,2,경기도 평택시 평택동 52-2,412203188122,경기도 평택시 평택로,38,,4122011300100520002014267,,경기도 평택시 평택로 38,450826,17912,,,,127.087809598677,36.9910111570842
MA010120220805399360,삼성팩포장기,,G2,소매,G221,기타 상품 소매,G22199,그 외 기타 상품 전문 소매업,G47859,그 외 기타 분류 안된 상품 전문 소매업,41,경기도,41570,김포시,41570250,통진읍,4157025025,통진읍,4157025025105590006,1,대지,559,6,경기도 김포시 통진읍 가현리 559-6,415704427476,경기도 김포시 통진읍 율마로211번길,158,,4157025025105580005000001,,경기도 김포시 통진읍 율마로211번길 158,415861,10038,,,,126.590007500887,37.6710245796519
MA010120220805394226,서남약업사,,G2,소매,G221,기타 상품 소매,G22199,그 외 기타 상품 전문 소매업,G47859,그 외 기타 분류 안된 상품 전문 소매업,27,대구광역시,27170,서구,27170540,내당4동,2717010100,내당동,2717010100104240003,1,대지,424,3,대구광역시 서구 내당동 424-3,271704229071,대구광역시 서구 달구벌대로329길,70,,2717010100104240003014626,,대구광역시 서구 달구벌대로329길 70,703805,41847,,1,,128.544980441142,35.8567384470291
MA010120220805389120,선비수의&길라이프장례,,G2,소매,G221,기타 상품 소매,G22199,그 외 기타 상품 전문 소매업,G47859,그 외 기타 분류 안된 상품 전문 소매업,47,경상북도,47210,영주시,47210630,가흥2동,4721010500,가흥동,4721010500104790001,1,대지,479,1,경상북도 영주시 가흥동 479-1,472103309042,경상북도 영주시 신재로,3,,4721010500104790001003491,,경상북도 영주시 신재로 3,750902,36057,,,,128.612405511734,36.8306350423681
MA010120220805381449,골드라벨,,G2,소매,G221,기타 상품 소매,G22199,그 외 기타 상품 전문 소매업,G47859,그 외 기타 분류 안된 상품 전문 소매업,47,경상북도,47113,포항시 북구,47113655,죽도동,4711311600,죽도동,4711311600106130007,1,대지,613,7,경상북도 포항시 북구 죽도동 613-7,471133303007,경상북도 포항시 북구 대해로,34,,4711311600106130007131505,,경상북도 포항시 북구 대해로 34,791843,37751,,,,129.357181978288,36.0249086185314
MA010120220805397395,조이자동차할인매장,,G2,소매,G221,기타 상품 소매,G22199,그 외 기타 상품 전문 소매업,G45219,기타 자동차 신품 부품 및 내장품 판매업,51,강원특별자치도,51150,강릉시,51150540,옥천동,5115010900,옥천동,5115010900103020000,1,대지,302,,강원특별자치도 강릉시 옥천동 302,511504460900,강원특별자치도 강릉시 중기1길,8,,4215010900103020000010960,,강원특별자치도 강릉시 중기1길 8,210933,25550,,,,128.902346136629,37.7633608463797
MA010120220805371475,화랑,,G2,소매,G221,기타 상품 소매,G22199,그 외 기타 상품 전문 소매업,G47859,그 외 기타 분류 안된 상품 전문 소매업,48,경상남도,48880,거창군,48880250,거창읍,4888025026,거창읍,4888025026100340005,1,대지,34,5,경상남도 거창군 거창읍 송정리 34-5,488803347013,경상남도 거창군 거창읍 강남로,108,,4888025026100340005022786,,경상남도 거창군 거창읍 강남로 108,670802,50143,,1,,127.909279128674,35.6829227214439
MA010120220805371781,동방에이에스텍,,G2,소매,G221,기타 상품 소매,G22199,그 외 기타 상품 전문 소매업,G47859,그 외 기타 분류 안된 상품 전문 소매업,26,부산광역시,26530,사상구,26530620,괘법동,2653010400,괘법동,2653010400105780000,1,대지,578,,부산광역시 사상구 괘법동 578,265303139004,부산광역시 사상구 괘감로,37,,2653010400105780000002037,산업용품유통상가,부산광역시 사상구 괘감로 37,617726,46977,,2,,128.980430562506,35.159757357537
MA010120220805390557,세이유통,,G2,소매,G221,기타 상품 소매,G22199,그 외 기타 상품 전문 소매업,G47859,그 외 기타 분류 안된 상품 전문 소매업,41,경기도,41115,수원시 팔달구,41115660,매산동,4111513400,매산로1가,4111513400100570031,1,대지,57,31,경기도 수원시 팔달구 매산로1가 57-31,411153012001,경기도 수원시 팔달구 덕영대로,931,1,4111513400100570031009459,,경기도 수원시 팔달구 덕영대로 931-1,442081,16461,,2,,127.001668522311,37.2654893482354
MA010120220805361761,세범이앤지,,G2,소매,G221,기타 상품 소매,G22199,그 외 기타 상품 전문 소매업,G47859,그 외 기타 분류 안된 상품 전문 소매업,46,전라남도,46130,여수시,46130570,중앙동,4613010800,교동,4613010800104320002,1,대지,432,2,전라남도 여수시 교동 432-2,461303282072,전라남도 여수시 중앙로,59,1,4613010800104320002045360,,전라남도 여수시 중앙로 59-1,550803,59736,,3,,127.734184018386,34.7403386210079
MA010120220805390630,소방마트,,G2,소매,G221,기타 상품 소매,G22199,그 외 기타 상품 전문 소매업,G47859,그 외 기타 분류 안된 상품 전문 소매업,43,충청북도,43111,청주시 상당구,43111680,금천동,4311112000,금천동,4311112000101680011,1,대지,168,11,충청북도 청주시 상당구 금천동 168-11,431113236065,충청북도 청주시 상당구 단재로,64,,4311112000101680011085731,,충청북도 청주시 상당구 단재로 64,360802,28712,,1,,127.494401801849,36.6230041508115
MA010120220805398585,러롯,,G2,소매,G221,기타 상품 소매,G22199,그 외 기타 상품 전문 소매업,G47859,그 외 기타 분류 안된 상품 전문 소매업,29,광주광역시,29200,광산구,29200600,월곡1동,2920012800,월곡동,2920012800105500007,1,대지,550,7,광주광역시 광산구 월곡동 550-7,292004289513,광주광역시 광산구 월곡중앙로33번길,9,,2920012800105500007001043,,광주광역시 광산구 월곡중앙로33번길 9,506827,62347,,1,,126.810482695273,35.1692474398002
MA010120220805401047,초원상사,,G2,소매,G221,기타 상품 소매,G22199,그 외 기타 상품 전문 소매업,G47859,그 외 기타 분류 안된 상품 전문 소매업,43,충청북도,43114,청주시 청원구,43114253,오창읍,4311425345,오창읍,4311425345107870005,1,대지,787,5,충청북도 청주시 청원구 오창읍 양청리 787-5,431143240075,충청북도 청주시 청원구 오창읍 중심상업1로,50,,4371025345007870005004839,호수프라자,충청북도 청주시 청원구 오창읍 중심상업1로 50,363883,28120,,,,127.427863959771,36.7143113762347
MA010120220805380140,코도매니아,,G2,소매,G221,기타 상품 소매,G22199,그 외 기타 상품 전문 소매업,G47859,그 외 기타 분류 안된 상품 전문 소매업,26,부산광역시,26290,남구,26290540,대연4동,2629010600,대연동,2629010600110860010,1,대지,1086,10,부산광역시 남구 대연동 1086-10,262903131016,부산광역시 남구 석포로,127,,2629010600110860010028983,,부산광역시 남구 석포로 127,608815,48485,,2,,129.091258475014,35.1287778605263
MA010120220805372604,인천체육사,,G2,소매,G221,기타 상품 소매,G22199,그 외 기타 상품 전문 소매업,G47859,그 외 기타 분류 안된 상품 전문 소매업,28,인천광역시,28200,남동구,28200655,서창2동,2820010500,서창동,2820010500106870003,1,대지,687,3,인천광역시 남동구 서창동 687-3,282003153092,인천광역시 남동구 서창남순환로,223,,2820010500106870003000001,아페리온상가,인천광역시 남동구 서창남순환로 223,405260,21614,,,,126.748921341839,37.4248221266621
MA010120220805391449,기운,,G2,소매,G221,기타 상품 소매,G22199,그 외 기타 상품 전문 소매업,G47859,그 외 기타 분류 안된 상품 전문 소매업,41,경기도,41171,안양시 만안구,41171590,석수1동,4117110200,석수동,4117110200101010242,1,대지,101,242,경기도 안양시 만안구 석수동 101-242,411714346016,경기도 안양시 만안구 경수대로1280번길,19,,4117110200101010242002849,,경기도 안양시 만안구 경수대로1280번길 19,430804,13908,,,,126.909328816192,37.4217472551614
MA010120220805088347,진안인삼사,,G2,소매,G221,기타 상품 소매,G22199,그 외 기타 상품 전문 소매업,G47859,그 외 기타 분류 안된 상품 전문 소매업,52,전북특별자치도,52720,진안군,52720250,진안읍,5272025022,진안읍,5272025022102850014,1,대지,285,14,전북특별자치도 진안군 진안읍 군하리 285-14,527203274057,전북특별자치도 진안군 진안읍 진무로,1021,,4572025022102850014006101,,전북특별자치도 진안군 진안읍 진무로 1021,567806,55435,,,,127.422884896502,35.7875019169727
MA010120220805091373,승승네비게이션,,G2,소매,G221,기타 상품 소매,G22199,그 외 기타 상품 전문 소매업,G45213,자동차 내장용 신품 전기ㆍ전자ㆍ정밀기기 판매업,46,전라남도,46170,나주시,46170600,이창동,4617012800,이창동,4617012800100320002,1,대지,32,2,전라남도 나주시 이창동 32-2,461703284049,전라남도 나주시 예향로,3790,,4617012800100320002017543,,전라남도 나주시 예향로 3790,520951,58273,,,,126.711683927076,34.9933940929012
MA010120220805083744,푸시베리,,G2,소매,G221,기타 상품 소매,G22199,그 외 기타 상품 전문 소매업,G47859,그 외 기타 분류 안된 상품 전문 소매업,11,서울특별시,11440,마포구,11440655,서강동,1144011800,당인동,1144011800100150028,1,대지,15,28,서울특별시 마포구 당인동 15-28,114404139438,서울특별시 마포구 어울마당로2길,13,,1144011800100150028009692,,서울특별시 마포구 어울마당로2길 13,121180,04074,,지,,126.919996247498,37.5462743079979
MA010120220805065385,포스켐,,G2,소매,G221,기타 상품 소매,G22199,그 외 기타 상품 전문 소매업,G47859,그 외 기타 분류 안된 상품 전문 소매업,11,서울특별시,11530,구로구,11530550,구로4동,1153010200,구로동,1153010200101160003,1,대지,116,3,서울특별시 구로구 구로동 116-3,115304148017,서울특별시 구로구 가마산로26길,51,,1153010200101160003016339,,서울특별시 구로구 가마산로26길 51,152845,08303,,,,126.89208694854,37.4941921693262
MA010120220805067581,유일티앤에스,,G2,소매,G221,기타 상품 소매,G22199,그 외 기타 상품 전문 소매업,G47859,그 외 기타 분류 안된 상품 전문 소매업,11,서울특별시,11440,마포구,11440740,상암동,1144012700,상암동,1144012700116020000,1,대지,1602,,서울특별시 마포구 상암동 1602,114403113019,서울특별시 마포구 월드컵북로,400,,1144012700101830013019100,서울산업진흥원,서울특별시 마포구 월드컵북로 400,121904,03925,,2,,126.889890807702,37.5804518814118
MA010120220805081096,건영약초,,G2,소매,G221,기타 상품 소매,G22199,그 외 기타 상품 전문 소매업,G47859,그 외 기타 분류 안된 상품 전문 소매업,44,충청남도,44710,금산군,44710250,금산읍,4471025022,금산읍,4471025022100070001,1,대지,7,1,충청남도 금산군 금산읍 중도리 7-1,447103257042,충청남도 금산군 금산읍 인삼광장로,47,,4471025022100070001020661,인삼쇼핑센터,충청남도 금산군 금산읍 인삼광장로 47,312806,32739,,1,,127.498954158378,36.1015057852482
MA010120220805094846,라이프엔조이,,G2,소매,G221,기타 상품 소매,G22199,그 외 기타 상품 전문 소매업,G47859,그 외 기타 분류 안된 상품 전문 소매업,11,서울특별시,11680,강남구,11680510,신사동,1168010700,신사동,1168010700105590024,1,대지,559,24,서울특별시 강남구 신사동 559-24,116804166144,서울특별시 강남구 논현로151길,30,7,1168010700105590024011601,,서울특별시 강남구 논현로151길 30-7,135890,06037,,,,127.025508563043,37.5201425953629
MA010120220805070729,열린당,,G2,소매,G221,기타 상품 소매,G22199,그 외 기타 상품 전문 소매업,G47859,그 외 기타 분류 안된 상품 전문 소매업,44,충청남도,44710,금산군,44710250,금산읍,4471025022,금산읍,4471025022100180026,1,대지,18,26,충청남도 금산군 금산읍 중도리 18-26,447103257038,충청남도 금산군 금산읍 약초로,50,,4471025022100180026017441,,충청남도 금산군 금산읍 약초로 50,312806,32739,,,,127.4985474408,36.1004080043819
MA010120220805102054,누리,,G2,소매,G221,기타 상품 소매,G22199,그 외 기타 상품 전문 소매업,G47859,그 외 기타 분류 안된 상품 전문 소매업,27,대구광역시,27260,수성구,27260630,파동,2726011000,파동,2726011000106500000,1,대지,650,,대구광역시 수성구 파동 650,272603146031,대구광역시 수성구 파동로,252,,2726011000106500000000001,,대구광역시 수성구 파동로 252,706847,42224,,,,128.610247023984,35.8249900410718
MA010120220805102090,성인용품할인,백화점,G2,소매,G221,기타 상품 소매,G22199,그 외 기타 상품 전문 소매업,G47859,그 외 기타 분류 안된 상품 전문 소매업,41,경기도,41115,수원시 팔달구,41115730,인계동,4111514100,인계동,4111514100110400003,1,대지,1040,3,경기도 수원시 팔달구 인계동 1040-3,411154328229,경기도 수원시 팔달구 인계로124번길,27,18,4111514100110400003011696,,경기도 수원시 팔달구 인계로124번길 27-18,442834,16489,,,,127.031578015279,37.2657374404577
MA010120220805076229,안양만물상,,G2,소매,G221,기타 상품 소매,G22199,그 외 기타 상품 전문 소매업,G47859,그 외 기타 분류 안된 상품 전문 소매업,11,서울특별시,11545,금천구,11545670,시흥1동,1154510300,시흥동,1154510300108530035,1,대지,853,35,서울특별시 금천구 시흥동 853-35,115454151093,서울특별시 금천구 독산로39길,48,,1154510300108530035004899,,서울특별시 금천구 독산로39길 48,153856,08622,,,,126.903215878676,37.4577469679387
MA010120220805068229,고령왕겨,,G2,소매,G221,기타 상품 소매,G22199,그 외 기타 상품 전문 소매업,G47859,그 외 기타 분류 안된 상품 전문 소매업,47,경상북도,47830,고령군,47830253,대가야읍,4783025325,대가야읍,4783025325106050000,1,대지,605,,경상북도 고령군 대가야읍 연조리 605,478304760315,경상북도 고령군 대가야읍 향교길,13,7,4783025025106070000032567,,경상북도 고령군 대가야읍 향교길 13-7,717804,40137,,,,128.265926820137,35.7288974938642
MA010120220805105390,미성약국,,G2,소매,G221,기타 상품 소매,G22199,그 외 기타 상품 전문 소매업,G47811,의약품 및 의료용품 소매업,41,경기도,41113,수원시 권선구,41113662,금곡동,4111313400,금곡동,4111313400110850000,1,대지,1085,,경기도 수원시 권선구 금곡동 1085,411134331203,경기도 수원시 권선구 금곡로102번길,15,,4111313400105660000000002,,경기도 수원시 권선구 금곡로102번길 15,441460,16388,,3,,126.94184358905,37.2734943431526
MA010120220805106253,주연시스템,,G2,소매,G221,기타 상품 소매,G22199,그 외 기타 상품 전문 소매업,G47859,그 외 기타 분류 안된 상품 전문 소매업,41,경기도,41410,군포시,41410510,군포1동,4141010200,당정동,4141010200110540000,1,대지,1054,,경기도 군포시 당정동 1054,414103200008,경기도 군포시 농심로,2,,4141010200110540000000001,삼보스카이비즈,경기도 군포시 농심로 2,435011,15845,,,,126.950220288463,37.3599703980051
MA010120220805099427,인삼,코리아,G2,소매,G221,기타 상품 소매,G22199,그 외 기타 상품 전문 소매업,G47859,그 외 기타 분류 안된 상품 전문 소매업,44,충청남도,44710,금산군,44710250,금산읍,4471025022,금산읍,4471025022100080001,1,대지,8,1,충청남도 금산군 금산읍 중도리 8-1,447103257044,충청남도 금산군 금산읍 인삼약초로,45,,4471025022100080001020658,금산국제인삼시장,충청남도 금산군 금산읍 인삼약초로 45,312806,32739,,1,,127.498324032177,36.1019590115178
MA010120220805082183,청학상사,,G2,소매,G221,기타 상품 소매,G22199,그 외 기타 상품 전문 소매업,G47859,그 외 기타 분류 안된 상품 전문 소매업,11,서울특별시,11380,은평구,11380552,갈현2동,1138010400,갈현동,1138010400105020023,1,대지,502,23,서울특별시 은평구 갈현동 502-23,113803111001,서울특별시 은평구 갈현로,234,7,1138010400105020023030402,,서울특별시 은평구 갈현로 234-7,122814,03332,,2,,126.915547279852,37.6180263168207
MA010120220805099536,더크린911,,G2,소매,G221,기타 상품 소매,G22199,그 외 기타 상품 전문 소매업,G47811,의약품 및 의료용품 소매업,48,경상남도,48123,창원시 성산구,48123550,가음정동,4812313100,가음동,4812313100100430009,1,대지,43,9,경상남도 창원시 성산구 가음동 43-9,481234784021,경상남도 창원시 성산구 가음로92번길,8,,4812313100100430009028209,,경상남도 창원시 성산구 가음로92번길 8,642801,51490,,,,128.702559516361,35.2048077670211
MA010120220805102216,한세이프,,G2,소매,G221,기타 상품 소매,G22199,그 외 기타 상품 전문 소매업,G47859,그 외 기타 분류 안된 상품 전문 소매업,41,경기도,41360,남양주시,41360256,화도읍,4136025629,화도읍,4136025629101850001,1,대지,185,1,경기도 남양주시 화도읍 녹촌리 185-1,413604391231,경기도 남양주시 화도읍 녹촌로106번길,17,,4136025629101850001021285,,경기도 남양주시 화도읍 녹촌로106번길 17,472843,12187,,,,127.290197798819,37.645567113841
MA010120220805074654,마니아,,G2,소매,G221,기타 상품 소매,G22199,그 외 기타 상품 전문 소매업,G47859,그 외 기타 분류 안된 상품 전문 소매업,11,서울특별시,11260,중랑구,11260680,신내1동,1126010600,신내동,1126010600104920024,1,대지,492,24,서울특별시 중랑구 신내동 492-24,112603005028,서울특별시 중랑구 용마산로,557,,1126010600104920024000972,,서울특별시 중랑구 용마산로 557,131868,02072,,2,,127.100241687049,37.6006969514858
MA010120220805082732,스포츠용품판매,,G2,소매,G221,기타 상품 소매,G22199,그 외 기타 상품 전문 소매업,G47859,그 외 기타 분류 안된 상품 전문 소매업,30,대전광역시,30170,서구,30170587,월평2동,3017011300,월평동,3017011300102430000,1,대지,243,,대전광역시 서구 월평동 243,301702010001,대전광역시 서구 대덕대로,325,,3017011300102430000018556,스타게이트시네몰,대전광역시 서구 대덕대로 325,302847,35214,,3,,127.378929870135,36.3619125642216
MA010120220805090379,부산약초,,G2,소매,G221,기타 상품 소매,G22199,그 외 기타 상품 전문 소매업,G47859,그 외 기타 분류 안된 상품 전문 소매업,31,울산광역시,31710,울주군,31710253,언양읍,3171025332,언양읍,3171025332101240002,1,대지,124,2,울산광역시 울주군 언양읍 남부리 124-2,317104319907,울산광역시 울주군 언양읍 장터1길,22,,3171025332101240002010385,서,울산광역시 울주군 언양읍 장터1길 22,689802,44946,,1,,129.125694426382,35.5637012940865
MA010120220805096140,러브스토리,,G2,소매,G221,기타 상품 소매,G22199,그 외 기타 상품 전문 소매업,G47859,그 외 기타 분류 안된 상품 전문 소매업,51,강원특별자치도,51110,춘천시,51110660,퇴계동,5111012300,퇴계동,5111012300103700005,1,대지,370,5,강원특별자치도 춘천시 퇴계동 370-5,511103218042,강원특별자치도 춘천시 퇴계로,75,,4211012300103700005001257,,강원특별자치도 춘천시 퇴계로 75,200943,24370,,1,,127.729215590907,37.8632315604266
MA010120220805090458,광양친환경농자재,,G2,소매,G221,기타 상품 소매,G22199,그 외 기타 상품 전문 소매업,G47859,그 외 기타 분류 안된 상품 전문 소매업,46,전라남도,46230,광양시,46230340,진상면,4623034022,진상면,4623034022103050002,1,대지,305,2,전라남도 광양시 진상면 섬거리 305-2,462303285034,전라남도 광양시 진상면 옥진로,1129,,4623034022103050002048349,일시장,전라남도 광양시 진상면 옥진로 1129,545841,57707,,,,127.719587505547,35.0180407167317
MA010120220805090839,설레임,,G2,소매,G221,기타 상품 소매,G22199,그 외 기타 상품 전문 소매업,G47859,그 외 기타 분류 안된 상품 전문 소매업,46,전라남도,46780,보성군,46780250,보성읍,4678025028,보성읍,4678025028100020014,1,대지,2,14,전라남도 보성군 보성읍 원봉리 2-14,467803290014,전라남도 보성군 보성읍 현충로,32,4,4678025028100020014100748,,전라남도 보성군 보성읍 현충로 32-4,546806,59458,,,,127.076625741836,34.7645760865996
MA010120220805091079,현대유통,,G2,소매,G221,기타 상품 소매,G22199,그 외 기타 상품 전문 소매업,G47859,그 외 기타 분류 안된 상품 전문 소매업,43,충청북도,43150,제천시,43150547,영서동,4315011000,영천동,4315011000105150000,1,대지,515,,충청북도 제천시 영천동 515,431502239002,충청북도 제천시 의림대로,11,,4315011000105150000002484,,충청북도 제천시 의림대로 11,390120,27194,,,,128.205718844874,37.1294525921814
MA010120220805144835,케미나인잠실새내역점,,G2,소매,G221,기타 상품 소매,G22199,그 외 기타 상품 전문 소매업,G47859,그 외 기타 분류 안된 상품 전문 소매업,11,서울특별시,11710,송파구,11710650,잠실본동,1171010100,잠실동,1171010100101800008,1,대지,180,8,서울특별시 송파구 잠실동 180-8,117104169204,서울특별시 송파구 백제고분로7길,25,,1171010100101800008000665,,서울특별시 송파구 백제고분로7길 25,138861,05557,,1,,127.081685094254,37.5108097369535
MA010120220805137097,반야원,,G2,소매,G221,기타 상품 소매,G22199,그 외 기타 상품 전문 소매업,G47859,그 외 기타 분류 안된 상품 전문 소매업,26,부산광역시,26170,동구,26170660,범일2동,2617010400,범일동,2617010400108340058,1,대지,834,58,부산광역시 동구 범일동 834-58,261703127051,부산광역시 동구 범일로,124,1,2617010400108340058022244,,부산광역시 동구 범일로 124-1,601808,48738,,,,129.05965885583,35.1410613961225
MA010120220805142246,해상재난안전SAR구조단,,G2,소매,G221,기타 상품 소매,G22199,그 외 기타 상품 전문 소매업,G47859,그 외 기타 분류 안된 상품 전문 소매업,44,충청남도,44825,태안군,44825253,안면읍,4482525322,안면읍,4482525322103940001,1,대지,394,1,충청남도 태안군 안면읍 정당리 394-1,448252264001,충청남도 태안군 안면읍 안면대로,2515,,4482525322103940001001101,,충청남도 태안군 안면읍 안면대로 2515,357963,32163,,,,126.355749492189,36.5450704020698
MA010120220805107537,봉서추모공원장묘협동조합,,G2,소매,G221,기타 상품 소매,G22199,그 외 기타 상품 전문 소매업,G47859,그 외 기타 분류 안된 상품 전문 소매업,44,충청남도,44800,홍성군,44800320,금마면,4480032022,금마면,4480032022101170000,1,대지,117,,충청남도 홍성군 금마면 봉서리 117,448004586119,충청남도 홍성군 금마면 금마로516번길,85,,4480032022101130000051670,,충청남도 홍성군 금마면 금마로516번길 85,350822,32281,,,,126.764152107178,36.6098648551884
MA010120220805107691,축산과환경,,G2,소매,G221,기타 상품 소매,G22199,그 외 기타 상품 전문 소매업,G47859,그 외 기타 분류 안된 상품 전문 소매업,41,경기도,41150,의정부시,41150520,의정부2동,4115010100,의정부동,4115010100104390023,1,대지,439,23,경기도 의정부시 의정부동 439-23,411504343257,경기도 의정부시 신흥로258번길,25,,4115010100104390023013279,해태프라자,경기도 의정부시 신흥로258번길 25,480942,11670,,,,127.044859207363,37.7393377641672
MA010120220805113292,태광ENG,,G2,소매,G221,기타 상품 소매,G22199,그 외 기타 상품 전문 소매업,G47859,그 외 기타 분류 안된 상품 전문 소매업,48,경상남도,48250,김해시,48250565,칠산서부동,4825011000,흥동,4825011000100420001,1,대지,42,1,경상남도 김해시 흥동 42-1,482503335069,경상남도 김해시 흥동로,60,,4825011000100420001084357,,경상남도 김해시 흥동로 60,621120,50965,,,,128.855307150464,35.2219296282989
MA010120220805115701,삼보불교사,,G2,소매,G221,기타 상품 소매,G22199,그 외 기타 상품 전문 소매업,G47859,그 외 기타 분류 안된 상품 전문 소매업,41,경기도,41670,여주시,41670520,중앙동,4167010300,창동,4167010300101410005,1,대지,141,5,경기도 여주시 창동 141-5,416703214047,경기도 여주시 우암로,49,,4173025023101410005027927,,경기도 여주시 우암로 49,469103,12627,,,,127.631427890088,37.2948368450255
MA010120220805121361,뉴골드PC,,G2,소매,G221,기타 상품 소매,G22199,그 외 기타 상품 전문 소매업,G47859,그 외 기타 분류 안된 상품 전문 소매업,27,대구광역시,27200,남구,27200550,봉덕3동,2720010200,봉덕동,2720010200106860026,1,대지,686,26,대구광역시 남구 봉덕동 686-26,272004232274,대구광역시 남구 이천로5길,8,1,2720010200106860026023323,,대구광역시 남구 이천로5길 8-1,705831,42446,,1,,128.597455105472,35.8431747143094
MA010120220805132383,24시무인편의점,,G2,소매,G221,기타 상품 소매,G22199,그 외 기타 상품 전문 소매업,G47859,그 외 기타 분류 안된 상품 전문 소매업,28,인천광역시,28237,부평구,28237540,부평4동,2823710100,부평동,2823710100102100045,1,대지,210,45,인천광역시 부평구 부평동 210-45,282374262412,인천광역시 부평구 부평문화로79번길,4,1,2823710100102100045103501,,인천광역시 부평구 부평문화로79번길 4-1,403820,21393,,,,126.725235435676,37.4944535273735
MA010120220805146001,늘푸른인삼사,,G2,소매,G221,기타 상품 소매,G22199,그 외 기타 상품 전문 소매업,G47859,그 외 기타 분류 안된 상품 전문 소매업,47,경상북도,47210,영주시,47210250,풍기읍,4721025023,풍기읍,4721025023104460004,1,대지,446,4,경상북도 영주시 풍기읍 산법리 446-4,472103309083,경상북도 영주시 풍기읍 소백로,2156,,4721025023104460000000001,,경상북도 영주시 풍기읍 소백로 2156,750802,36041,,,,128.54068934949,36.8884940864228
MA010120220805114047,아름다운미소,,G2,소매,G221,기타 상품 소매,G22199,그 외 기타 상품 전문 소매업,G47859,그 외 기타 분류 안된 상품 전문 소매업,26,부산광역시,26260,동래구,26260510,수민동,2626010600,수안동,2626010600102750002,1,대지,275,2,부산광역시 동래구 수안동 275-2,262604190506,부산광역시 동래구 충렬대로245번길,8,,2626010600102750002001814,,부산광역시 동래구 충렬대로245번길 8,607824,47813,,,,129.086578148267,35.2014917393225
MA010120220805114080,세존불교용품,,G2,소매,G221,기타 상품 소매,G22199,그 외 기타 상품 전문 소매업,G47859,그 외 기타 분류 안된 상품 전문 소매업,26,부산광역시,26410,금정구,26410510,서1동,2641011000,서동,2641011000105660015,1,대지,566,15,부산광역시 금정구 서동 566-15,264104205264,부산광역시 금정구 서동로88번길,29,3,2641011000105660015010953,,부산광역시 금정구 서동로88번길 29-3,609835,46323,,1,,129.096130170392,35.2156008889156
MA010120220805146541,실버케어,,G2,소매,G221,기타 상품 소매,G22199,그 외 기타 상품 전문 소매업,G47859,그 외 기타 분류 안된 상품 전문 소매업,51,강원특별자치도,51110,춘천시,51110580,소양동,5111010200,요선동,5111010200100120002,1,대지,12,2,강원특별자치도 춘천시 요선동 12-2,511104454410,강원특별자치도 춘천시 소양고개길,50,,4211010200100120002019628,,강원특별자치도 춘천시 소양고개길 50,200030,24272,,,,127.727003116226,37.8820927188856
MA010120220805148181,법인조은견운모,,G2,소매,G221,기타 상품 소매,G22199,그 외 기타 상품 전문 소매업,G47859,그 외 기타 분류 안된 상품 전문 소매업,46,전라남도,46830,영암군,46830253,삼호읍,4683025323,삼호읍,4683025323110870000,1,대지,1087,,전라남도 영암군 삼호읍 서호리 1087,468304685173,전라남도 영암군 삼호읍 목우천길,62,56,4683025323110870000000001,,전라남도 영암군 삼호읍 목우천길 62-56,526898,58465,,,,126.504997533037,34.7318283616274
MA010120220805112004,부라더앤드함스,,G2,소매,G221,기타 상품 소매,G22199,그 외 기타 상품 전문 소매업,G47859,그 외 기타 분류 안된 상품 전문 소매업,11,서울특별시,11140,중구,11140605,을지로동,1114015000,을지로4가,1114015000101250000,1,대지,125,,서울특별시 중구 을지로4가 125,111403101006,서울특별시 중구 을지로,191,,1114015000101250000013638,정산빌딩,서울특별시 중구 을지로 191,100848,04546,,4,,126.999286898624,37.566907220204
MA010120220805114617,동강전기,,G2,소매,G221,기타 상품 소매,G22199,그 외 기타 상품 전문 소매업,G47859,그 외 기타 분류 안된 상품 전문 소매업,29,광주광역시,29155,남구,29155630,월산4동,2915510400,월산동,2915510400109100022,1,대지,910,22,광주광역시 남구 월산동 910-22,291554009003,광주광역시 남구 경열로76번길,34,,2915510400109100022024232,,광주광역시 남구 경열로76번길 34,503829,61619,,1,,126.894022371024,35.1484558199048
MA010120220805117249,하나켐2019,,G2,소매,G221,기타 상품 소매,G22199,그 외 기타 상품 전문 소매업,G47859,그 외 기타 분류 안된 상품 전문 소매업,41,경기도,41210,광명시,41210655,일직동,4121010600,일직동,4121010600105120003,1,대지,512,3,경기도 광명시 일직동 512-3,412103187066,경기도 광명시 양지로,21,,4121010600105120003000005,티타워,경기도 광명시 양지로 21,423090,14345,,,,126.882210650711,37.4176867856069
MA010120220805147018,토이조이,,G2,소매,G221,기타 상품 소매,G22199,그 외 기타 상품 전문 소매업,G47859,그 외 기타 분류 안된 상품 전문 소매업,26,부산광역시,26230,부산진구,26230670,당감1동,2623010900,당감동,2623010900103690002,1,대지,369,2,부산광역시 부산진구 당감동 369-2,262304187241,부산광역시 부산진구 동평로39번길,2,,2623010900103690002012081,,부산광역시 부산진구 동평로39번길 2,614820,47147,,2,,129.033838602767,35.1650632174191
MA010120220805172194,황금로또,,G2,소매,G221,기타 상품 소매,G22199,그 외 기타 상품 전문 소매업,G47859,그 외 기타 분류 안된 상품 전문 소매업,47,경상북도,47130,경주시,47130621,황성동,4713012400,황성동,4713012400103440021,1,대지,344,21,경상북도 경주시 황성동 344-21,471303305082,경상북도 경주시 용담로,28,1,4713012400103440021035294,,경상북도 경주시 용담로 28-1,780954,38087,,,,129.218117989917,35.8617551796301
MA010120220805177961,한울그린텍,,G2,소매,G221,기타 상품 소매,G22199,그 외 기타 상품 전문 소매업,G47859,그 외 기타 분류 안된 상품 전문 소매업,47,경상북도,47170,안동시,47170600,태화동,4717012200,태화동,4717012200102060007,1,대지,206,7,경상북도 안동시 태화동 206-7,471703018013,경상북도 안동시 경동로,471,1,4717012200102060007027293,,경상북도 안동시 경동로 471-1,760904,36646,,,,128.710564161627,36.5669242330964
MA010120220805172435,해피데이,,G2,소매,G221,기타 상품 소매,G22199,그 외 기타 상품 전문 소매업,G47859,그 외 기타 분류 안된 상품 전문 소매업,44,충청남도,44131,천안시 동남구,44131250,목천읍,4413125036,목천읍,4413125036102000008,1,대지,200,8,충청남도 천안시 동남구 목천읍 삼성리 200-8,441314547325,충청남도 천안시 동남구 목천읍 삼성4길,51,,4413125036102000008048897,,충청남도 천안시 동남구 목천읍 삼성4길 51,330845,31226,,,,127.169700429356,36.763394596718
MA010120220805183421,레드컨테이너홍대역점,,G2,소매,G221,기타 상품 소매,G22199,그 외 기타 상품 전문 소매업,G47859,그 외 기타 분류 안된 상품 전문 소매업,11,서울특별시,11440,마포구,11440660,서교동,1144012100,동교동,1144012100101700038,1,대지,170,38,서울특별시 마포구 동교동 170-38,114403113015,서울특별시 마포구 어울마당로,155,1,1144012100101700038000001,,서울특별시 마포구 어울마당로 155-1,121818,04051,,,,126.927092292839,37.5569196894362
MA010120220805172636,약초나라,,G2,소매,G221,기타 상품 소매,G22199,그 외 기타 상품 전문 소매업,G47859,그 외 기타 분류 안된 상품 전문 소매업,26,부산광역시,26530,사상구,26530580,삼락동,2653010100,삼락동,2653010100104170009,1,대지,417,9,부산광역시 사상구 삼락동 417-9,265304217284,부산광역시 사상구 삼덕로46번안길,17,,2653010100104170009017686,,부산광역시 사상구 삼덕로46번안길 17,617827,46914,,,,128.980317637819,35.1718439753076
MA010120220805181228,우리약초,,G2,소매,G221,기타 상품 소매,G22199,그 외 기타 상품 전문 소매업,G47859,그 외 기타 분류 안된 상품 전문 소매업,52,전북특별자치도,52140,익산시,52140520,중앙동,5214010100,창인동1가,5214010100101290017,1,대지,129,17,전북특별자치도 익산시 창인동1가 129-17,521404608032,전북특별자치도 익산시 익산대로20길,26,,4514010100101290017095629,,전북특별자치도 익산시 익산대로20길 26,570991,54593,,,,126.950725764011,35.941962305236
MA010120220805178707,참선진서귀포지사,,G2,소매,G221,기타 상품 소매,G22199,그 외 기타 상품 전문 소매업,G47992,계약배달 판매업,50,제주특별자치도,50130,서귀포시,50130540,천지동,5013010100,서귀동,5013010100103080011,1,대지,308,11,제주특별자치도 서귀포시 서귀동 308-11,501304850828,제주특별자치도 서귀포시 중앙로59번길,18,,5013010100103080011032658,,제주특별자치도 서귀포시 중앙로59번길 18,697844,63592,,,,126.559745593154,33.2498456429301
MA010120220805150598,금곡농약사,,G2,소매,G221,기타 상품 소매,G22199,그 외 기타 상품 전문 소매업,G47859,그 외 기타 분류 안된 상품 전문 소매업,48,경상남도,48170,진주시,48170330,금곡면,4817033027,금곡면,4817033027106480007,1,대지,648,7,경상남도 진주시 금곡면 두문리 648-7,481703019010,경상남도 진주시 금곡면 구암두문로,1024,1,4817033027106480007055730,,경상남도 진주시 금곡면 구암두문로 1024-1,660832,52843,,,,128.186821183838,35.0904684439548
MA010120220805176024,종합식품상사,,G2,소매,G221,기타 상품 소매,G22199,그 외 기타 상품 전문 소매업,G47859,그 외 기타 분류 안된 상품 전문 소매업,26,부산광역시,26230,부산진구,26230510,부전1동,2623010300,부전동,2623010300103250035,1,대지,325,35,부산광역시 부산진구 부전동 325-35,262304187399,부산광역시 부산진구 새싹로14번길,78,,2623010300103250035054847,,부산광역시 부산진구 새싹로14번길 78,614843,47251,,1,,129.060483746213,35.1620264382502
MA010120220805184766,호연상사,,G2,소매,G221,기타 상품 소매,G22199,그 외 기타 상품 전문 소매업,G47859,그 외 기타 분류 안된 상품 전문 소매업,48,경상남도,48240,사천시,48240250,사천읍,4824025028,사천읍,4824025028117210001,1,대지,1721,1,경상남도 사천시 사천읍 구암리 1721-1,482402334003,경상남도 사천시 사천읍 사천대로,1970,,4824025028117210001058165,,경상남도 사천시 사천읍 사천대로 1970,664801,52516,,,,128.087337452392,35.0918791545493
MA010120220805173516,캠핑고래,,G2,소매,G221,기타 상품 소매,G22199,그 외 기타 상품 전문 소매업,G47859,그 외 기타 분류 안된 상품 전문 소매업,29,광주광역시,29200,광산구,29200626,첨단2동,2920011700,산월동,2920011700108550006,1,대지,855,6,광주광역시 광산구 산월동 855-6,292004286752,광주광역시 광산구 풍영정길,461,,2920011700108550006000001,,광주광역시 광산구 풍영정길 461,506305,62272,,,,126.851822166589,35.205395295393
MA010120220805154271,에이스코퍼레이션,,G2,소매,G221,기타 상품 소매,G22199,그 외 기타 상품 전문 소매업,G47519,"페인트, 창호 및 기타 건설자재 소매업",28,인천광역시,28140,동구,28140610,송림4동,2814010700,송림동,2814010700102940000,1,대지,294,,인천광역시 동구 송림동 294,281404250070,인천광역시 동구 방축로83번길,23,,2814010700102940000004016,인천산업용품유통단지,인천광역시 동구 방축로83번길 23,401705,22530,,,,126.654796465778,37.4848261851048
MA010120220805179869,유경상사,,G2,소매,G221,기타 상품 소매,G22199,그 외 기타 상품 전문 소매업,G47859,그 외 기타 분류 안된 상품 전문 소매업,41,경기도,41450,하남시,41450590,춘궁동,4145012100,항동,4145012100101350001,1,대지,135,1,경기도 하남시 항동 135-1,414503202011,경기도 하남시 대성로,27,,4145012100101350001006808,,경기도 하남시 대성로 27,465060,13020,,,,127.195813664756,37.5126398634951
MA010120220805174511,아트발란스,,G2,소매,G221,기타 상품 소매,G22199,그 외 기타 상품 전문 소매업,G47859,그 외 기타 분류 안된 상품 전문 소매업,41,경기도,41150,의정부시,41150578,송산3동,4115010600,민락동,4115010600108030001,1,대지,803,1,경기도 의정부시 민락동 803-1,411503181046,경기도 의정부시 천보로,14,,4115010600108030001000001,민락송학글래드스톤앤그레이스모나코,경기도 의정부시 천보로 14,480090,11813,,,,127.099832877618,37.7436827327244
MA010120220805163691,반석의견고,,G2,소매,G221,기타 상품 소매,G22199,그 외 기타 상품 전문 소매업,G47859,그 외 기타 분류 안된 상품 전문 소매업,43,충청북도,43740,영동군,43740250,영동읍,4374025021,영동읍,4374025021106580012,1,대지,658,12,충청북도 영동군 영동읍 계산리 658-12,437404529037,충청북도 영동군 영동읍 계산로6길,3,,4374025021106580012003568,,충청북도 영동군 영동읍 계산로6길 3,370802,29144,,,,127.783320696513,36.1720791707846
MA010120220805171966,두꺼비상점,,G2,소매,G221,기타 상품 소매,G22199,그 외 기타 상품 전문 소매업,G47859,그 외 기타 분류 안된 상품 전문 소매업,47,경상북도,47130,경주시,47130650,불국동,4713013100,구정동,4713013100104830000,1,대지,483,,경상북도 경주시 구정동 483,471304715136,경상북도 경주시 구정1길,2,,4713013100104830000018895,,경상북도 경주시 구정1길 2,780420,38129,,,,129.297766471553,35.7772185656668
MA010120220805223240,북항상사,,G2,소매,G221,기타 상품 소매,G22199,그 외 기타 상품 전문 소매업,G47859,그 외 기타 분류 안된 상품 전문 소매업,46,전라남도,46110,목포시,46110705,북항동,4611015700,죽교동,4611015700106200137,1,대지,620,137,전라남도 목포시 죽교동 620-137,461103281027,전라남도 목포시 북항로,175,5,4611015700106200137018252,,전라남도 목포시 북항로 175-5,530846,58625,,,,126.366217511364,34.8038290506166
MA010120220805210414,핑크하우스,경남대점,G2,소매,G221,기타 상품 소매,G22199,그 외 기타 상품 전문 소매업,G47859,그 외 기타 분류 안된 상품 전문 소매업,48,경상남도,48125,창원시 마산합포구,48125530,월영동,4812515800,해운동,4812515800100630000,1,대지,63,,경상남도 창원시 마산합포구 해운동 63,481252329003,경상남도 창원시 마산합포구 해안대로,11,,4812515800100630000043335,월드프라자,경상남도 창원시 마산합포구 해안대로 11,631872,51744,,2,,128.560232551275,35.1806439366924
MA010120220805228812,천명불교사,,G2,소매,G221,기타 상품 소매,G22199,그 외 기타 상품 전문 소매업,G47859,그 외 기타 분류 안된 상품 전문 소매업,47,경상북도,47130,경주시,47130250,감포읍,4713025025,감포읍,4713025025101370000,1,대지,137,,경상북도 경주시 감포읍 오류리 137,471303000101,경상북도 경주시 감포읍 동해안로,2674,,4713025025101240001133854,건우씨월드,경상북도 경주시 감포읍 동해안로 2674,780832,38124,,2,,129.518482467169,35.8381450356938
MA010120220805192732,아니마뱀부,,G2,소매,G221,기타 상품 소매,G22199,그 외 기타 상품 전문 소매업,G47859,그 외 기타 분류 안된 상품 전문 소매업,11,서울특별시,11650,서초구,11650540,잠원동,1165010600,잠원동,1165010600100080002,1,대지,8,2,서울특별시 서초구 잠원동 8-2,116504163005,서울특별시 서초구 강남대로107길,21,,1165010600100080016018931,잠원동대능빌딩,서울특별시 서초구 강남대로107길 21,137902,06524,,2,,127.017680131309,37.5179095386959
MA010120220805215977,동부상사,,G2,소매,G221,기타 상품 소매,G22199,그 외 기타 상품 전문 소매업,G47859,그 외 기타 분류 안된 상품 전문 소매업,46,전라남도,46110,목포시,46110520,용당2동,4611010100,용당동,4611010100109600184,1,대지,960,184,전라남도 목포시 용당동 960-184,461103281095,전라남도 목포시 영산로,250,,4611010100109600184014844,,전라남도 목포시 영산로 250,530834,58707,,,,126.393795881407,34.8028968922311
MA010120220805218737,한농농약사,,G2,소매,G221,기타 상품 소매,G22199,그 외 기타 상품 전문 소매업,G47859,그 외 기타 분류 안된 상품 전문 소매업,44,충청남도,44180,보령시,44180250,웅천읍,4418025021,웅천읍,4418025021103480007,1,대지,348,7,충청남도 보령시 웅천읍 대창리 348-7,441804556537,충청남도 보령시 웅천읍 장터중앙길,101,,4418025021103480007026041,,충청남도 보령시 웅천읍 장터중앙길 101,355853,33521,,,,126.600463229491,36.2319760397032
MA010120220805213699,법인늘푸른농장,,G2,소매,G221,기타 상품 소매,G22199,그 외 기타 상품 전문 소매업,G47859,그 외 기타 분류 안된 상품 전문 소매업,52,전북특별자치도,52190,남원시,52190420,이백면,5219042029,이백면,5219042029103290000,1,대지,329,,전북특별자치도 남원시 이백면 과립리 329,521904613549,전북특별자치도 남원시 이백면 입촌길,118,,4519042029103290000044761,,전북특별자치도 남원시 이백면 입촌길 118,590822,55722,,,,127.468340234281,35.4266039476003
MA010120220805200197,샤이맨잠실새내역점,,G2,소매,G221,기타 상품 소매,G22199,그 외 기타 상품 전문 소매업,G47859,그 외 기타 분류 안된 상품 전문 소매업,11,서울특별시,11710,송파구,11710650,잠실본동,1171010100,잠실동,1171010100101780003,1,대지,178,3,서울특별시 송파구 잠실동 178-3,117104169446,서울특별시 송파구 올림픽로8길,13,,1171010100101780003000676,,서울특별시 송파구 올림픽로8길 13,138861,05556,,지,,127.080361534037,37.5106034138509
MA010120220805221951,거상불교사,,G2,소매,G221,기타 상품 소매,G22199,그 외 기타 상품 전문 소매업,G47859,그 외 기타 분류 안된 상품 전문 소매업,44,충청남도,44200,아산시,44200570,온양1동,4420010100,온천동,4420010100100780011,1,대지,78,11,충청남도 아산시 온천동 78-11,442004559743,충청남도 아산시 청운로84번길,20,,4420010100100780011041954,,충청남도 아산시 청운로84번길 20,336011,31520,,,,127.009017954076,36.7809428776367
MA010120220805197863,백세건강식품,,G2,소매,G221,기타 상품 소매,G22199,그 외 기타 상품 전문 소매업,G47859,그 외 기타 분류 안된 상품 전문 소매업,28,인천광역시,28237,부평구,28237690,십정2동,2823710200,십정동,2823710200104470039,1,대지,447,39,인천광역시 부평구 십정동 447-39,282374262310,인천광역시 부평구 백범로488번길,19,,2823710200104470039006640,,인천광역시 부평구 백범로488번길 19,403848,21453,,1,,126.698023503953,37.470330255974
MA010120220805229846,혜암미술공예품,,G2,소매,G221,기타 상품 소매,G22199,그 외 기타 상품 전문 소매업,G47859,그 외 기타 분류 안된 상품 전문 소매업,47,경상북도,47113,포항시 북구,47113360,기북면,4711336022,기북면,4711336022108550000,1,대지,855,,경상북도 포항시 북구 기북면 대곡리 855,471134712070,경상북도 포항시 북구 기북면 기북로354번길,7,7,4711336022108550000001869,,경상북도 포항시 북구 기북면 기북로354번길 7-7,791831,37524,,,,129.164057846445,36.1206716915955
MA010120220805198515,재영,,G2,소매,G221,기타 상품 소매,G22199,그 외 기타 상품 전문 소매업,G47859,그 외 기타 분류 안된 상품 전문 소매업,48,경상남도,48310,거제시,48310310,일운면,4831031025,일운면,4831031025104070000,1,대지,407,,경상남도 거제시 일운면 소동리 407,483104811336,경상남도 거제시 일운면 소동5길,8,,4831031025104070000030094,,경상남도 거제시 일운면 소동5길 8,656892,53326,,,,128.697935159924,34.8397157160794
MA010120220804908076,강화인삼사,,G2,소매,G221,기타 상품 소매,G22199,그 외 기타 상품 전문 소매업,G47859,그 외 기타 분류 안된 상품 전문 소매업,28,인천광역시,28710,강화군,28710250,강화읍,2871025024,강화읍,2871025024100110004,1,대지,11,4,인천광역시 강화군 강화읍 남산리 11-4,287103157016,인천광역시 강화군 강화읍 남문로,58,,2871025024100110006004147,,인천광역시 강화군 강화읍 남문로 58,417805,23037,,,,126.487657702385,37.7430439847093
MA010120220804897154,산채건나물상회,,G2,소매,G221,기타 상품 소매,G22199,그 외 기타 상품 전문 소매업,G47859,그 외 기타 분류 안된 상품 전문 소매업,46,전라남도,46730,구례군,46730250,구례읍,4673025021,구례읍,4673025021101900001,1,대지,190,1,전라남도 구례군 구례읍 봉동리 190-1,467304664002,전라남도 구례군 구례읍 5일시장작은길,20,,4673025021101890005019723,,전라남도 구례군 구례읍 5일시장작은길 20,542804,57639,,,,127.470081085884,35.2101527921462
MA010120220804921989,아주조경,,G2,소매,G221,기타 상품 소매,G22199,그 외 기타 상품 전문 소매업,G47859,그 외 기타 분류 안된 상품 전문 소매업,43,충청북도,43150,제천시,43150330,수산면,4315033021,수산면,4315033021101760009,1,대지,176,9,충청북도 제천시 수산면 수산리 176-9,431503238090,충청북도 제천시 수산면 월악로,3243,,4315033021101760012005854,,충청북도 제천시 수산면 월악로 3243,390843,27220,,,,128.202572417121,36.9330255856303
MA010120220804895060,늘밝은유통,,G2,소매,G221,기타 상품 소매,G22199,그 외 기타 상품 전문 소매업,G47859,그 외 기타 분류 안된 상품 전문 소매업,27,대구광역시,27290,달서구,27290624,상인1동,2729011500,상인동,2729011500115450011,1,대지,1545,11,대구광역시 달서구 상인동 1545-11,272903147011,대구광역시 달서구 상화북로,217,,2729011500115450011015865,,대구광역시 달서구 상화북로 217,704814,42806,,1,,128.548541754014,35.8150142155946
MA010120220804934520,나도유통,,G2,소매,G221,기타 상품 소매,G22199,그 외 기타 상품 전문 소매업,G47859,그 외 기타 분류 안된 상품 전문 소매업,31,울산광역시,31710,울주군,31710256,온양읍,3171025629,온양읍,3171025629101560001,1,대지,156,1,울산광역시 울주군 온양읍 운화리 156-1,317103011005,울산광역시 울주군 온양읍 남창로,431,,3171025629101560001003368,,울산광역시 울주군 온양읍 남창로 431,689905,44973,,2,,129.275317060335,35.417103161483
MA010120220804914709,오로라,,G2,소매,G221,기타 상품 소매,G22199,그 외 기타 상품 전문 소매업,G47859,그 외 기타 분류 안된 상품 전문 소매업,41,경기도,41570,김포시,41570540,사우동,4157010600,사우동,4157010600109280000,1,대지,928,,경기도 김포시 사우동 928,415703209060,경기도 김포시 사우중로,52,,4157010600109280000021798,김포아트프라자,경기도 김포시 사우중로 52,415803,10110,,,,126.719395992154,37.619389734963
MA010120220804930544,천생한약도매,,G2,소매,G221,기타 상품 소매,G22199,그 외 기타 상품 전문 소매업,G47859,그 외 기타 분류 안된 상품 전문 소매업,47,경상북도,47190,구미시,47190670,인동동,4719012200,인의동,4719012200104580000,1,대지,458,,경상북도 구미시 인의동 458,471903308043,경상북도 구미시 여헌로,61,1,4719012200104580000003737,,경상북도 구미시 여헌로 61-1,730320,39433,,,,128.425249987963,36.1070350029859
MA010120220804929985,금산수삼센터수매장41호,,G2,소매,G221,기타 상품 소매,G22199,그 외 기타 상품 전문 소매업,G47859,그 외 기타 분류 안된 상품 전문 소매업,44,충청남도,44710,금산군,44710250,금산읍,4471025022,금산읍,4471025022100240000,1,대지,24,,충청남도 금산군 금산읍 중도리 24,447103257044,충청남도 금산군 금산읍 인삼약초로,24,,4471025022100240000017736,금산수삼센터,충청남도 금산군 금산읍 인삼약초로 24,312806,32739,,,,127.496457788994,36.1001012577521
MA010120220804933843,반야불교사,,G2,소매,G221,기타 상품 소매,G22199,그 외 기타 상품 전문 소매업,G47859,그 외 기타 분류 안된 상품 전문 소매업,44,충청남도,44760,부여군,44760250,부여읍,4476025029,부여읍,4476025029104100000,1,대지,410,,충청남도 부여군 부여읍 구아리 410,447603259115,충청남도 부여군 부여읍 성왕로,176,,4476025029104100000017982,,충청남도 부여군 부여읍 성왕로 176,323805,33144,,,,126.908195550654,36.2806595907895
MA010120220804925947,가흥이엔씨,,G2,소매,G221,기타 상품 소매,G22199,그 외 기타 상품 전문 소매업,G47859,그 외 기타 분류 안된 상품 전문 소매업,41,경기도,41135,성남시 분당구,41135662,금곡동,4113511100,금곡동,4113511100103010002,1,대지,301,2,경기도 성남시 분당구 금곡동 301-2,411353180005,경기도 성남시 분당구 대왕판교로,177,1,4113511100103010002056560,,경기도 성남시 분당구 대왕판교로 177-1,463869,13552,,1,,127.100676307459,37.3595145461338
MA010120220804936624,티씨씨,,G2,소매,G221,기타 상품 소매,G22199,그 외 기타 상품 전문 소매업,G47859,그 외 기타 분류 안된 상품 전문 소매업,41,경기도,41390,시흥시,41390630,연성동,4139011900,하중동,4139011900108730001,1,대지,873,1,경기도 시흥시 하중동 873-1,413903199055,경기도 시흥시 하중로,233,,4139011900108730001010321,금천프라자,경기도 시흥시 하중로 233,429252,14976,,,,126.806467868538,37.3910790669202
MA010120220804896305,라임플러스포항지사,,G2,소매,G221,기타 상품 소매,G22199,그 외 기타 상품 전문 소매업,G47859,그 외 기타 분류 안된 상품 전문 소매업,47,경상북도,47111,포항시 남구,47111545,해도동,4711110300,해도동,4711110300100350006,1,대지,35,6,경상북도 포항시 남구 해도동 35-6,471113303058,경상북도 포항시 남구 해동로,37,,4711110300100350006097733,,경상북도 포항시 남구 해동로 37,790838,37806,,2,,129.373278139275,36.0227709823657
MA010120220804904678,해피,코리아,G2,소매,G221,기타 상품 소매,G22199,그 외 기타 상품 전문 소매업,G47859,그 외 기타 분류 안된 상품 전문 소매업,48,경상남도,48240,사천시,48240250,사천읍,4824025025,사천읍,4824025025101370014,1,대지,137,14,경상남도 사천시 사천읍 사주리 137-14,482403334046,경상남도 사천시 사천읍 진삼로,1329,,4824025025101370014032043,,경상남도 사천시 사천읍 진삼로 1329,664802,52524,,,,128.080323137768,35.0713828293731
MA010120220804901798,에스지순우리인삼,,G2,소매,G221,기타 상품 소매,G22199,그 외 기타 상품 전문 소매업,G47859,그 외 기타 분류 안된 상품 전문 소매업,41,경기도,41194,부천시 소사구,41194580,역곡3동,4119410400,괴안동,4119410400101170004,1,대지,117,4,경기도 부천시 소사구 괴안동 117-4,411943185018,경기도 부천시 소사구 부광로,28,,4119710400101170004000325,일부호,경기도 부천시 소사구 부광로 28,422803,14684,,1,,126.813615651553,37.4823723320301
MA010120220804956492,법인삼이오,,G2,소매,G221,기타 상품 소매,G22199,그 외 기타 상품 전문 소매업,G47859,그 외 기타 분류 안된 상품 전문 소매업,51,강원특별자치도,51110,춘천시,51110630,효자2동,5111011200,효자동,5111011200101920001,1,대지,192,1,강원특별자치도 춘천시 효자동 192-1,511104454014,강원특별자치도 춘천시 강원대학길,1,,4211011200101920001025051,효자동강원대학교,강원특별자치도 춘천시 강원대학길 1,200701,24341,,2,,127.748389741947,37.8680303290331
MA010120220804969893,경호강수석,,G2,소매,G221,기타 상품 소매,G22199,그 외 기타 상품 전문 소매업,G47859,그 외 기타 분류 안된 상품 전문 소매업,48,경상남도,48860,산청군,48860320,오부면,4886032021,오부면,4886032021104100001,1,대지,410,1,경상남도 산청군 오부면 양촌리 410-1,488603345044,경상남도 산청군 오부면 산수로,545,,4886032021104110001028922,,경상남도 산청군 오부면 산수로 545,666821,52205,,,,127.862180388905,35.4588002038852
MA010120220804970001,판다기프트,,G2,소매,G221,기타 상품 소매,G22199,그 외 기타 상품 전문 소매업,G47859,그 외 기타 분류 안된 상품 전문 소매업,11,서울특별시,11650,서초구,11650580,반포3동,1165010600,잠원동,1165010600100690002,1,대지,69,2,서울특별시 서초구 잠원동 69-2,116503121017,서울특별시 서초구 신반포로,189,,1165010600100690003017607,반포쇼핑타운,서울특별시 서초구 신반포로 189,137908,06512,,1,,127.004863278497,37.5065490981713
MA010120220804968104,잇츠릿네일,,G2,소매,G221,기타 상품 소매,G22199,그 외 기타 상품 전문 소매업,G47859,그 외 기타 분류 안된 상품 전문 소매업,41,경기도,41310,구리시,41310510,갈매동,4131010100,갈매동,4131010100105270000,1,대지,527,,경기도 구리시 갈매동 527,413104853960,경기도 구리시 갈매순환로204번길,7,22,4131010100101100013000001,SMJHOUSE,경기도 구리시 갈매순환로204번길 7-22,471859,11901,,,,127.121580854188,37.6381850008677
MA010120220804963005,강화인삼센터정인네,,G2,소매,G221,기타 상품 소매,G22199,그 외 기타 상품 전문 소매업,G47859,그 외 기타 분류 안된 상품 전문 소매업,28,인천광역시,28710,강화군,28710250,강화읍,2871025025,강화읍,2871025025108440001,1,대지,844,1,인천광역시 강화군 강화읍 갑곳리 844-1,287102157001,인천광역시 강화군 강화읍 강화대로,335,,2871025025108460000002454,,인천광역시 강화군 강화읍 강화대로 335,417942,23027,,1,,126.492519372773,37.7422091046471
MA010120220804976266,맥스포,,G2,소매,G221,기타 상품 소매,G22199,그 외 기타 상품 전문 소매업,G47859,그 외 기타 분류 안된 상품 전문 소매업,41,경기도,41450,하남시,41450610,미사1동,4145010900,망월동,4145010900111340001,1,대지,1134,1,경기도 하남시 망월동 1134-1,414503202059,경기도 하남시 미사강변동로,72,,4145010900111340001000001,업무시설주식회사,경기도 하남시 미사강변동로 72,465150,12912,,,,127.193825156765,37.5615764048469
MA010120220804952513,달보드레공방,,G2,소매,G221,기타 상품 소매,G22199,그 외 기타 상품 전문 소매업,G47859,그 외 기타 분류 안된 상품 전문 소매업,41,경기도,41500,이천시,41500340,마장면,4150034023,마장면,4150034023108720000,1,대지,872,,경기도 이천시 마장면 관리 872,415004421280,경기도 이천시 마장면 마도로248번길,150,31,4150034023108720000000001,,경기도 이천시 마장면 마도로248번길 150-31,467811,17382,,,,127.349607331463,37.2841562322712
MA010120220804944445,서경물산,,G2,소매,G221,기타 상품 소매,G22199,그 외 기타 상품 전문 소매업,G47859,그 외 기타 분류 안된 상품 전문 소매업,41,경기도,41590,화성시,41590256,우정읍,4159025631,우정읍,4159025631106400003,1,대지,640,3,경기도 화성시 우정읍 화산리 640-3,415904431131,경기도 화성시 우정읍 장포길,31,7,4159025631106400003011632,,경기도 화성시 우정읍 장포길 31-7,445953,18569,,,,126.790142905494,37.0643048862637
MA010120220804952637,제일초재식품,,G2,소매,G221,기타 상품 소매,G22199,그 외 기타 상품 전문 소매업,G47859,그 외 기타 분류 안된 상품 전문 소매업,26,부산광역시,26230,부산진구,26230510,부전1동,2623010300,부전동,2623010300103470040,1,대지,347,40,부산광역시 부산진구 부전동 347-40,262304187388,부산광역시 부산진구 부전로162번길,28,,2623010300103470040031235,,부산광역시 부산진구 부전로162번길 28,614843,47252,,2,,129.058977601682,35.1619168815073
MA010120220804958160,명푸드,,G2,소매,G221,기타 상품 소매,G22199,그 외 기타 상품 전문 소매업,G47859,그 외 기타 분류 안된 상품 전문 소매업,52,전북특별자치도,52111,전주시 완산구,52111730,효자5동,5211114200,효자동3가,5211114200116450004,1,대지,1645,4,전북특별자치도 전주시 완산구 효자동3가 1645-4,521113266094,전북특별자치도 전주시 완산구 마전로,13,,4511114200116450004000001,,전북특별자치도 전주시 완산구 마전로 13,560901,54962,,,,127.104077283726,35.8223042471724
MA010120220804976845,신성종합물산,,G2,소매,G221,기타 상품 소매,G22199,그 외 기타 상품 전문 소매업,G47859,그 외 기타 분류 안된 상품 전문 소매업,31,울산광역시,31140,남구,31140570,삼산동,3114010500,달동,3114010500112720014,1,대지,1272,14,울산광역시 남구 달동 1272-14,311404310086,울산광역시 남구 달삼로4번길,6,,3114010500112720014006521,,울산광역시 남구 달삼로4번길 6,680804,44721,,,,129.330010034673,35.5341266980048
MA010120220804953632,약초,백화점,G2,소매,G221,기타 상품 소매,G22199,그 외 기타 상품 전문 소매업,G47859,그 외 기타 분류 안된 상품 전문 소매업,27,대구광역시,27110,중구,27110595,대신동,2711015400,대신동,2711015400101150014,1,대지,115,14,대구광역시 중구 대신동 115-14,271104223142,대구광역시 중구 큰장로26길,48,,2711015400101150014002818,,대구광역시 중구 큰장로26길 48,700320,41927,,,,128.580801172746,35.8684108349728
MA010120220804945859,연화불교,,G2,소매,G221,기타 상품 소매,G22199,그 외 기타 상품 전문 소매업,G47859,그 외 기타 분류 안된 상품 전문 소매업,41,경기도,41220,평택시,41220256,포승읍,4122025625,포승읍,4122025625101410007,1,대지,141,7,경기도 평택시 포승읍 희곡리 141-7,412204364321,경기도 평택시 포승읍 송내안골길,123,,4122025625101410007047440,,경기도 평택시 포승읍 송내안골길 123,451823,17961,,,,126.865239260413,36.9699538478097
MA010120220804953664,만호무인항공,,G2,소매,G221,기타 상품 소매,G22199,그 외 기타 상품 전문 소매업,G47859,그 외 기타 분류 안된 상품 전문 소매업,46,전라남도,46710,담양군,46710250,담양읍,4671025024,담양읍,4671025024101830000,1,대지,183,,전라남도 담양군 담양읍 객사리 183,467104658016,전라남도 담양군 담양읍 객사3길,5,2,4671025024101830000001399,만호무인항공,전라남도 담양군 담양읍 객사3길 5-2,517802,57340,,1,,126.981809680897,35.3234525025003
MA010120220804994238,그린야드,,G2,소매,G221,기타 상품 소매,G22199,그 외 기타 상품 전문 소매업,G47859,그 외 기타 분류 안된 상품 전문 소매업,47,경상북도,47730,의성군,47730310,단촌면,4773031031,단촌면,4773031031106590000,1,대지,659,,경상북도 의성군 단촌면 하화리 659,477304745539,경상북도 의성군 단촌면 행화길,796,1,4773031031106590000028806,,경상북도 의성군 단촌면 행화길 796-1,769823,37329,,,,128.686174489458,36.4143194786927
MA010120220804988876,성인용품파워샵,,G2,소매,G221,기타 상품 소매,G22199,그 외 기타 상품 전문 소매업,G47859,그 외 기타 분류 안된 상품 전문 소매업,47,경상북도,47170,안동시,47170555,용상동,4717011000,용상동,4717011000104530004,1,대지,453,4,경상북도 안동시 용상동 453-4,471703018013,경상북도 안동시 경동로,1043,,4717011000104530004020607,,경상북도 안동시 경동로 1043,760901,36722,,,,128.767128140666,36.550718534888
MA010120220805015892,아이품매트,,G2,소매,G221,기타 상품 소매,G22199,그 외 기타 상품 전문 소매업,G47859,그 외 기타 분류 안된 상품 전문 소매업,29,광주광역시,29170,북구,29170696,양산동,2917012800,양산동,2917012800108310000,1,대지,831,,광주광역시 북구 양산동 831,291704286480,광주광역시 북구 양산택지로33번길,29,8,2917012800108310000000001,,광주광역시 북구 양산택지로33번길 29-8,500895,61071,,1,,126.875701905716,35.2091537599557
MA010120220805018293,범진약초원,,G2,소매,G221,기타 상품 소매,G22199,그 외 기타 상품 전문 소매업,G47859,그 외 기타 분류 안된 상품 전문 소매업,11,서울특별시,11230,동대문구,11230545,제기동,1123010300,제기동,1123010300110800000,1,대지,1080,,서울특별시 동대문구 제기동 1080,112304115239,서울특별시 동대문구 약령동길,52,,1123010300110800000031763,,서울특별시 동대문구 약령동길 52,130864,02570,,1,,127.037982433656,37.5806052432889
MA010120220804986771,태양유니온,,G2,소매,G221,기타 상품 소매,G22199,그 외 기타 상품 전문 소매업,G47859,그 외 기타 분류 안된 상품 전문 소매업,41,경기도,41360,남양주시,41360262,오남읍,4136026221,오남읍,4136026221105430036,1,대지,543,36,경기도 남양주시 오남읍 양지리 543-36,413604391556,경기도 남양주시 오남읍 양지로281번길,96,34,4136026221105430003000001,,경기도 남양주시 오남읍 양지로281번길 96-34,472881,12047,,,,127.189932488571,37.691000292609
MA010120220805018632,천상불교,,G2,소매,G221,기타 상품 소매,G22199,그 외 기타 상품 전문 소매업,G47859,그 외 기타 분류 안된 상품 전문 소매업,30,대전광역시,30140,중구,30140535,은행선화동,3014010200,선화동,3014010200101220025,1,대지,122,25,대전광역시 중구 선화동 122-25,301403010011,대전광역시 중구 선화로,133,1,3014010200101220025016397,,대전광역시 중구 선화로 133-1,301824,34834,,,,127.421692915679,36.3309401213534
MA010120220804992501,성심불교사,,G2,소매,G221,기타 상품 소매,G22199,그 외 기타 상품 전문 소매업,G47859,그 외 기타 분류 안된 상품 전문 소매업,51,강원특별자치도,51130,원주시,51130515,중앙동,5113010900,학성동,5113010900103260017,1,대지,326,17,강원특별자치도 원주시 학성동 326-17,511303219066,강원특별자치도 원주시 중앙로,203,,4213010900103260017016929,,강원특별자치도 원주시 중앙로 203,220963,26415,,,,127.947004609636,37.354081590134
MA010120220805013879,엠마오기독,백화점,G2,소매,G221,기타 상품 소매,G22199,그 외 기타 상품 전문 소매업,G47859,그 외 기타 분류 안된 상품 전문 소매업,29,광주광역시,29110,동구,29110525,충장동,2911010200,금남로5가,2911010200100590000,1,대지,59,,광주광역시 동구 금남로5가 59,291103009019,광주광역시 동구 금남로,162,10,2911010200100580009002762,,광주광역시 동구 금남로 162-10,501852,61476,,2,,126.910402263116,35.1526062842701
MA010120220805016739,선시티,,G2,소매,G221,기타 상품 소매,G22199,그 외 기타 상품 전문 소매업,G47859,그 외 기타 분류 안된 상품 전문 소매업,27,대구광역시,27140,동구,27140590,효목1동,2714010300,효목동,2714010300101630028,1,대지,163,28,대구광역시 동구 효목동 163-28,271404226370,대구광역시 동구 화랑로37길,100,,2714010300101630028045755,,대구광역시 동구 화랑로37길 100,701842,41176,,1,,128.643631497924,35.881336803309
MA010120220805019164,샤이맨창원역점,,G2,소매,G221,기타 상품 소매,G22199,그 외 기타 상품 전문 소매업,G47859,그 외 기타 분류 안된 상품 전문 소매업,48,경상남도,48121,창원시 의창구,48121520,팔룡동,4812112900,팔용동,4812112900101350004,1,대지,135,4,경상남도 창원시 의창구 팔용동 135-4,481214781308,경상남도 창원시 의창구 사화로18번길,3,2,4812112900101350004000001,,경상남도 창원시 의창구 사화로18번길 3-2,641849,51377,,,,128.609498687121,35.2563333957347
MA010120220805016780,한가람원예자재,,G2,소매,G221,기타 상품 소매,G22199,그 외 기타 상품 전문 소매업,G47859,그 외 기타 분류 안된 상품 전문 소매업,52,전북특별자치도,52140,익산시,52140570,동산동,5214011100,동산동,5214011100110360010,1,대지,1036,10,전북특별자치도 익산시 동산동 1036-10,521404607586,전북특별자치도 익산시 서동로16길,11,,4514011100110360010073342,,전북특별자치도 익산시 서동로16길 11,570959,54609,,,,126.960671742838,35.9325029226791
MA010120220804982405,지리산산삼산야초,,G2,소매,G221,기타 상품 소매,G22199,그 외 기타 상품 전문 소매업,G47859,그 외 기타 분류 안된 상품 전문 소매업,11,서울특별시,11500,강서구,11500630,방화1동,1150010900,방화동,1150010900105800059,1,대지,580,59,서울특별시 강서구 방화동 580-59,115004145369,서울특별시 강서구 방화동로16길,26,,1150010900105800059003787,,서울특별시 강서구 방화동로16길 26,157221,07604,,,,126.812669760613,37.5713176316497
MA010120220804985622,탄천굼벵이,,G2,소매,G221,기타 상품 소매,G22199,그 외 기타 상품 전문 소매업,G47859,그 외 기타 분류 안된 상품 전문 소매업,44,충청남도,44150,공주시,44150590,월송동,4415012600,송선동,4415012600105360009,1,대지,536,9,충청남도 공주시 송선동 536-9,441504553675,충청남도 공주시 송선농공단지길,19,,4415012600105360009000001,,충청남도 공주시 송선농공단지길 19,314120,32590,,,,127.158658701831,36.4803711424038
MA010120220804988045,잇찌요찌,,G2,소매,G221,기타 상품 소매,G22199,그 외 기타 상품 전문 소매업,G47422,의복 액세서리 및 모조 장신구 소매업,29,광주광역시,29200,광산구,29200525,송정2동,2920010100,송정동,2920010100108840001,1,대지,884,1,광주광역시 광산구 송정동 884-1,292004289023,광주광역시 광산구 광산로30번길,65,,2920010100108840001011401,일시장,광주광역시 광산구 광산로30번길 65,506807,62435,,,,126.79689633931,35.13708297025
MA010120220804982701,지리산참농퇴비,,G2,소매,G221,기타 상품 소매,G22199,그 외 기타 상품 전문 소매업,G47859,그 외 기타 분류 안된 상품 전문 소매업,46,전라남도,46730,구례군,46730250,구례읍,4673025026,구례읍,4673025026112380002,1,대지,1238,2,전라남도 구례군 구례읍 봉서리 1238-2,467304664116,전라남도 구례군 구례읍 방죽동길,62,8,4673025026112380002018236,,전라남도 구례군 구례읍 방죽동길 62-8,542805,57660,,,,127.457266992911,35.2027297312804
MA010120220805012310,우성농약사,,G2,소매,G221,기타 상품 소매,G22199,그 외 기타 상품 전문 소매업,G47859,그 외 기타 분류 안된 상품 전문 소매업,47,경상북도,47920,봉화군,47920250,봉화읍,4792025026,봉화읍,4792025026101050023,1,대지,105,23,경상북도 봉화군 봉화읍 해저리 105-23,479203309081,경상북도 봉화군 봉화읍 봉화로,1098,2,4792025026101050023000001,,경상북도 봉화군 봉화읍 봉화로 1098-2,755804,36236,,,,128.730109784075,36.8910581774333
MA010120220805001888,유로퍼티발,,G2,소매,G221,기타 상품 소매,G22199,그 외 기타 상품 전문 소매업,G47859,그 외 기타 분류 안된 상품 전문 소매업,30,대전광역시,30110,동구,30110740,산내동,3011014200,구도동,3011014200103800000,1,대지,380,,대전광역시 동구 구도동 380,301104304520,대전광역시 동구 안골로28번길,80,,3011014200103800000000001,창고,대전광역시 동구 안골로28번길 80,300300,34708,,,,127.467571064131,36.2716791229359
MA010120220805031126,엠피디,,G2,소매,G221,기타 상품 소매,G22199,그 외 기타 상품 전문 소매업,G47859,그 외 기타 분류 안된 상품 전문 소매업,41,경기도,41173,안양시 동안구,41173559,인덕원동,4117310200,관양동,4117310200107920002,1,대지,792,2,경기도 안양시 동안구 관양동 792-2,411733196015,경기도 안양시 동안구 벌말로,123,,4117310200107920002013332,평촌스마트베이,경기도 안양시 동안구 벌말로 123,431804,14056,,,,126.968309482599,37.3994865504194
MA010120220805049198,제이테크,,G2,소매,G221,기타 상품 소매,G22199,그 외 기타 상품 전문 소매업,G47859,그 외 기타 분류 안된 상품 전문 소매업,44,충청남도,44230,논산시,44230360,연산면,4423036026,연산면,4423036026101270040,1,대지,127,40,충청남도 논산시 연산면 청동리 127-40,442304565460,충청남도 논산시 연산면 선비로231번길,20,1,4423036026101270040000001,,충청남도 논산시 연산면 선비로231번길 20-1,320875,32913,,,,127.2020902505,36.2133850579065
MA010120220805034132,일화당약국,,G2,소매,G221,기타 상품 소매,G22199,그 외 기타 상품 전문 소매업,G47859,그 외 기타 분류 안된 상품 전문 소매업,11,서울특별시,11230,동대문구,11230545,제기동,1123010300,제기동,1123010300108920128,1,대지,892,128,서울특별시 동대문구 제기동 892-128,112304115241,서울특별시 동대문구 약령서길,32,,1123010300108920128031850,,서울특별시 동대문구 약령서길 32,130864,02569,,,,127.036283847198,37.5797498334837
MA010120220805055204,대영상사,,G2,소매,G221,기타 상품 소매,G22199,그 외 기타 상품 전문 소매업,G47859,그 외 기타 분류 안된 상품 전문 소매업,11,서울특별시,11320,도봉구,11320690,방학1동,1132010600,방학동,1132010600106460000,1,대지,646,,서울특별시 도봉구 방학동 646,113204127080,서울특별시 도봉구 도당로19길,52,,1132010600106460000002727,서쪽점포,서울특별시 도봉구 도당로19길 52,132845,01352,,1,,127.039569109672,37.6693249071587
MA010120220805034227,바티카노,,G2,소매,G221,기타 상품 소매,G22199,그 외 기타 상품 전문 소매업,G47859,그 외 기타 분류 안된 상품 전문 소매업,26,부산광역시,26410,금정구,26410590,부곡3동,2641010900,부곡동,2641010900100260004,1,대지,26,4,부산광역시 금정구 부곡동 26-4,264103135043,부산광역시 금정구 오륜대로,27,,2641010900100260004003053,,부산광역시 금정구 오륜대로 27,609817,46253,,,,129.09517621718,35.242129127878
MA010120220805038998,남양전기소방자재,,G2,소매,G221,기타 상품 소매,G22199,그 외 기타 상품 전문 소매업,G47859,그 외 기타 분류 안된 상품 전문 소매업,51,강원특별자치도,51130,원주시,51130530,개운동,5113010500,개운동,5113010500102880004,1,대지,288,4,강원특별자치도 원주시 개운동 288-4,511303219011,강원특별자치도 원주시 남원로,614,,4213010500102880008003635,,강원특별자치도 원주시 남원로 614,220931,26446,,,,127.951587130813,37.3379980644958
MA010120220805041889,중앙농자재,,G2,소매,G221,기타 상품 소매,G22199,그 외 기타 상품 전문 소매업,G47859,그 외 기타 분류 안된 상품 전문 소매업,46,전라남도,46840,무안군,46840360,해제면,4684036026,해제면,4684036026110740007,1,대지,1074,7,전라남도 무안군 해제면 신정리 1074-7,468403296054,전라남도 무안군 해제면 해제중앙로,16,,4684036026110740007000001,,전라남도 무안군 해제면 해제중앙로 16,534874,58502,,,,126.295043756704,35.1131559496623
MA010120220805049821,누리119플러스,,G2,소매,G221,기타 상품 소매,G22199,그 외 기타 상품 전문 소매업,G47859,그 외 기타 분류 안된 상품 전문 소매업,11,서울특별시,11260,중랑구,11260630,묵2동,1126010400,묵동,1126010400102360054,1,대지,236,54,서울특별시 중랑구 묵동 236-54,112603106011,서울특별시 중랑구 중랑천로,314,,1126010400102360054007616,,서울특별시 중랑구 중랑천로 314,131851,02004,,2,,127.073120657512,37.6126639925258
MA010120220805052510,쓰리업위그,,G2,소매,G221,기타 상품 소매,G22199,그 외 기타 상품 전문 소매업,G47422,의복 액세서리 및 모조 장신구 소매업,29,광주광역시,29155,남구,29155710,효덕동,2915510700,노대동,2915510700108130000,1,대지,813,,광주광역시 남구 노대동 813,291553161020,광주광역시 남구 효덕로,194,,2915510700106900001000001,,광주광역시 남구 효덕로 194,503320,61744,,,,126.900377970257,35.1021310843118
MA010120220805056000,우성수석,,G2,소매,G221,기타 상품 소매,G22199,그 외 기타 상품 전문 소매업,G47859,그 외 기타 분류 안된 상품 전문 소매업,44,충청남도,44180,보령시,44180565,대천5동,4418011000,신흑동,4418011000110150002,1,대지,1015,2,충청남도 보령시 신흑동 1015-2,441803252011,충청남도 보령시 대해로,662,,4418011000110150002015996,,충청남도 보령시 대해로 662,355944,33491,,1,,126.538091042073,36.3174450479348
MA010120220805060907,뉴플러스통신,,G2,소매,G221,기타 상품 소매,G22199,그 외 기타 상품 전문 소매업,G47859,그 외 기타 분류 안된 상품 전문 소매업,50,제주특별자치도,50110,제주시,50110650,연동,5011013700,연동,5011013700103030017,1,대지,303,17,제주특별자치도 제주시 연동 303-17,501103349111,제주특별자치도 제주시 신대로,109,,5011013700103030017008717,,제주특별자치도 제주시 신대로 109,690814,63122,,,,126.49712142281,33.4869569574602
MA010120220805024474,현수리버스텔라,,G2,소매,G221,기타 상품 소매,G22199,그 외 기타 상품 전문 소매업,G47859,그 외 기타 분류 안된 상품 전문 소매업,41,경기도,41450,하남시,41450560,덕풍3동,4145010800,덕풍동,4145010800108310001,1,대지,831,1,경기도 하남시 덕풍동 831-1,414502000019,경기도 하남시 미사대로,520,,4145010800100070000000001,한강미사2차,경기도 하남시 미사대로 520,465013,12925,,,,127.204604101691,37.55889127082
MA010120220805034850,다온마켓,,G2,소매,G221,기타 상품 소매,G22199,그 외 기타 상품 전문 소매업,G47859,그 외 기타 분류 안된 상품 전문 소매업,44,충청남도,44150,공주시,44150540,웅진동,4415010700,웅진동,4415010700102990003,1,대지,299,3,충청남도 공주시 웅진동 299-3,441504553059,충청남도 공주시 고마나루길,51,12,4415010700102990003750453,금강온천,충청남도 공주시 고마나루길 51-12,314020,32535,,1,,127.107481669412,36.4628555498157
MA010120220805061209,경보사,,G2,소매,G221,기타 상품 소매,G22199,그 외 기타 상품 전문 소매업,G47859,그 외 기타 분류 안된 상품 전문 소매업,27,대구광역시,27110,중구,27110650,남산2동,2711015600,남산동,2711015600109320009,1,대지,932,9,대구광역시 중구 남산동 932-9,271102007001,대구광역시 중구 중앙대로,345,1,2711015600109320009026237,,대구광역시 중구 중앙대로 345-1,700832,41967,,,,128.593048301259,35.8641037579996
MA010120220805061260,김찬월가모,,G2,소매,G221,기타 상품 소매,G22199,그 외 기타 상품 전문 소매업,G47422,의복 액세서리 및 모조 장신구 소매업,11,서울특별시,11140,중구,11140520,소공동,1114011400,태평로2가,1114011400103410002,1,대지,341,2,서울특별시 중구 태평로2가 341-2,111402005001,서울특별시 중구 세종대로,81,,1114011400103410005022403,외,서울특별시 중구 세종대로 81,100865,04514,,,,126.976434754132,37.5635531649018
MA010120220805037259,원탑티켓,,G2,소매,G221,기타 상품 소매,G22199,그 외 기타 상품 전문 소매업,G47859,그 외 기타 분류 안된 상품 전문 소매업,11,서울특별시,11710,송파구,11710520,풍납2동,1171010300,풍납동,1171010300102310012,1,대지,231,12,서울특별시 송파구 풍납동 231-12,117104169440,서울특별시 송파구 올림픽로51길,34,,1171010300102310012024580,,서울특별시 송파구 올림픽로51길 34,138874,05528,,1,,127.117755466547,37.5329799818195
MA010120220805063836,제이피,,G2,소매,G221,기타 상품 소매,G22199,그 외 기타 상품 전문 소매업,G47859,그 외 기타 분류 안된 상품 전문 소매업,26,부산광역시,26260,동래구,26260570,온천3동,2626010800,온천동,2626010800114410013,1,대지,1441,13,부산광역시 동래구 온천동 1441-13,262602006006,부산광역시 동래구 충렬대로,152,,2626010800114410013000001,,부산광역시 동래구 충렬대로 152,607836,47824,,7,,129.076589952015,35.2046102836877
MA010120220805056785,에스클래시,,G2,소매,G221,기타 상품 소매,G22199,그 외 기타 상품 전문 소매업,G47859,그 외 기타 분류 안된 상품 전문 소매업,31,울산광역시,31140,남구,31140570,삼산동,3114010600,삼산동,3114010600115740004,1,대지,1574,4,울산광역시 남구 삼산동 1574-4,311403170027,울산광역시 남구 삼산중로,90,,3114010600115740004007891,일부,울산광역시 남구 삼산중로 90,680816,44705,,2,,129.33572419076,35.5414858823177
MA010120220805025255,늑대와여우,,G2,소매,G221,기타 상품 소매,G22199,그 외 기타 상품 전문 소매업,G47859,그 외 기타 분류 안된 상품 전문 소매업,43,충청북도,43113,청주시 흥덕구,43113747,가경동,4311311300,가경동,4311311300114550001,1,대지,1455,1,충청북도 청주시 흥덕구 가경동 1455-1,431134511058,충청북도 청주시 흥덕구 2순환로1261번길,4,,4311311300114550001009208,,충청북도 청주시 흥덕구 2순환로1261번길 4,361802,28397,,2,,127.432148156333,36.6238229249981
MA010120220805033519,현대프라자,,G2,소매,G221,기타 상품 소매,G22199,그 외 기타 상품 전문 소매업,G47859,그 외 기타 분류 안된 상품 전문 소매업,52,전북특별자치도,52180,정읍시,52180580,농소동,5218012400,용계동,5218012400100420001,1,대지,42,1,전북특별자치도 정읍시 용계동 42-1,521803270044,전북특별자치도 정읍시 충정로,571,,4518012400100420001080051,,전북특별자치도 정읍시 충정로 571,580090,56153,,,,126.825727263094,35.5849618035588
MA010120220804735851,연꽃불교,,G2,소매,G221,기타 상품 소매,G22199,그 외 기타 상품 전문 소매업,G47859,그 외 기타 분류 안된 상품 전문 소매업,48,경상남도,48121,창원시 의창구,48121540,봉림동,4812112700,봉곡동,4812112700100300011,1,대지,30,11,경상남도 창원시 의창구 봉곡동 30-11,481214781606,경상남도 창원시 의창구 지귀로24번길,11,1,4812112700100300011004421,,경상남도 창원시 의창구 지귀로24번길 11-1,641821,51177,,1,,128.651127011447,35.244849621264
MA010120220804739004,진석이엔지,,G2,소매,G221,기타 상품 소매,G22199,그 외 기타 상품 전문 소매업,G47859,그 외 기타 분류 안된 상품 전문 소매업,52,전북특별자치도,52140,익산시,52140646,영등1동,5214012200,영등동,5214012200101910035,1,대지,191,35,전북특별자치도 익산시 영등동 191-35,521403269028,전북특별자치도 익산시 약촌로,174,,4514012200101910035000002,익산지식산업센터,전북특별자치도 익산시 약촌로 174,570979,54630,,,,126.974750992741,35.9492968599995
MA010120220804746694,일호상회,,G2,소매,G221,기타 상품 소매,G22199,그 외 기타 상품 전문 소매업,G47859,그 외 기타 분류 안된 상품 전문 소매업,47,경상북도,47920,봉화군,47920250,봉화읍,4792025031,봉화읍,4792025031103940018,1,대지,394,18,경상북도 봉화군 봉화읍 내성리 394-18,479204772248,경상북도 봉화군 봉화읍 신시장1길,11,13,4792025031103940018006766,봉화상설시장번영회,경상북도 봉화군 봉화읍 신시장1길 11-13,755805,36239,,1,,128.736338893677,36.8907240267427
MA010120220804751927,주문진종합불교사,,G2,소매,G221,기타 상품 소매,G22199,그 외 기타 상품 전문 소매업,G47859,그 외 기타 분류 안된 상품 전문 소매업,51,강원특별자치도,51150,강릉시,51150250,주문진읍,5115025022,주문진읍,5115025022101080004,1,대지,108,4,강원특별자치도 강릉시 주문진읍 교항리 108-4,511503220022,강원특별자치도 강릉시 주문진읍 연주로,352,,4215025022101080004031912,,강원특별자치도 강릉시 주문진읍 연주로 352,210801,25419,,,,128.8253984589,37.8836335376001
MA010120220804733248,감초당한약방,,G2,소매,G221,기타 상품 소매,G22199,그 외 기타 상품 전문 소매업,G47859,그 외 기타 분류 안된 상품 전문 소매업,51,강원특별자치도,51150,강릉시,51150540,옥천동,5115010900,옥천동,5115010900101460003,1,대지,146,3,강원특별자치도 강릉시 옥천동 146-3,511503220032,강원특별자치도 강릉시 율곡로,2856,,4215010900101460003013245,,강원특별자치도 강릉시 율곡로 2856,210933,25551,,,,128.896633891131,37.7587415474642
MA010120220804736694,강원약초,,G2,소매,G221,기타 상품 소매,G22199,그 외 기타 상품 전문 소매업,G47859,그 외 기타 분류 안된 상품 전문 소매업,51,강원특별자치도,51760,평창군,51760360,진부면,5176036021,진부면,5176036021100770002,1,대지,77,2,강원특별자치도 평창군 진부면 하진부리 77-2,517604484206,강원특별자치도 평창군 진부면 석두산길,74,1,4276036021100770028015440,,강원특별자치도 평창군 진부면 석두산길 74-1,232948,25325,,,,128.560358171921,37.639847700801
MA010120220804746961,신성총포,,G2,소매,G221,기타 상품 소매,G22199,그 외 기타 상품 전문 소매업,G47859,그 외 기타 분류 안된 상품 전문 소매업,51,강원특별자치도,51820,고성군,51820330,토성면,5182033035,토성면,5182033035100420034,1,대지,42,34,강원특별자치도 고성군 토성면 봉포리 42-34,518202000023,강원특별자치도 고성군 토성면 동해대로,4859,,4282033035100420034015236,,강원특별자치도 고성군 토성면 동해대로 4859,219832,24765,,,,128.567915317437,38.2463202789654
MA010120220804758003,동신과학，미림조경,,G2,소매,G221,기타 상품 소매,G22199,그 외 기타 상품 전문 소매업,G47859,그 외 기타 분류 안된 상품 전문 소매업,51,강원특별자치도,51210,속초시,51210570,노학동,5121010600,교동,5121010600106680009,1,대지,668,9,강원특별자치도 속초시 교동 668-9,512103223025,강원특별자치도 속초시 중앙로,28,,4221010600106680009004029,,강원특별자치도 속초시 중앙로 28,217803,24854,,,,128.58021834921,38.1988624868878
MA010120220804730361,흥농종묘,,G2,소매,G221,기타 상품 소매,G22199,그 외 기타 상품 전문 소매업,G47859,그 외 기타 분류 안된 상품 전문 소매업,51,강원특별자치도,51760,평창군,51760360,진부면,5176036021,진부면,5176036021101330002,1,대지,133,2,강원특별자치도 평창군 진부면 하진부리 133-2,517603228026,강원특별자치도 평창군 진부면 청송로,98,,4276036021101330002018071,외,강원특별자치도 평창군 진부면 청송로 98,232948,25333,,,,128.557196625601,37.6365561531883
MA010120220804743609,아리랑종묘사,,G2,소매,G221,기타 상품 소매,G22199,그 외 기타 상품 전문 소매업,G47859,그 외 기타 분류 안된 상품 전문 소매업,51,강원특별자치도,51830,양양군,51830250,양양읍,5183025021,양양읍,5183025021100760002,1,대지,76,2,강원특별자치도 양양군 양양읍 남문리 76-2,518304505040,강원특별자치도 양양군 양양읍 남문7길,6,2,4283025021100750019014110,,강원특별자치도 양양군 양양읍 남문7길 6-2,215804,25030,,,,128.621857623021,38.0745576207026
MA010120220804750397,엔조이,,G2,소매,G221,기타 상품 소매,G22199,그 외 기타 상품 전문 소매업,G47859,그 외 기타 분류 안된 상품 전문 소매업,51,강원특별자치도,51210,속초시,51210540,금호동,5121010300,중앙동,5121010300104680011,1,대지,468,11,강원특별자치도 속초시 중앙동 468-11,512103223025,강원특별자치도 속초시 중앙로,184,8,4221010300104680011014558,,강원특별자치도 속초시 중앙로 184-8,217807,24824,,,,128.59324511002,38.206811748627
MA010120220804737610,백두대간약초나라,,G2,소매,G221,기타 상품 소매,G22199,그 외 기타 상품 전문 소매업,G47859,그 외 기타 분류 안된 상품 전문 소매업,51,강원특별자치도,51770,정선군,51770350,임계면,5177035022,임계면,5177035022107490003,1,대지,749,3,강원특별자치도 정선군 임계면 도전리 749-3,517704487073,강원특별자치도 정선군 임계면 눈꽃마을길,178,30,4277035022107490003000001,,강원특별자치도 정선군 임계면 눈꽃마을길 178-30,233871,26112,,,,128.907918241753,37.5025175234261
MA010120220804750671,강원약초상회,,G2,소매,G221,기타 상품 소매,G22199,그 외 기타 상품 전문 소매업,G47859,그 외 기타 분류 안된 상품 전문 소매업,51,강원특별자치도,51210,속초시,51210540,금호동,5121010300,중앙동,5121010300104940018,1,대지,494,18,강원특별자치도 속초시 중앙동 494-18,512103223007,강원특별자치도 속초시 수복로,199,1,4221010300104940018016695,,강원특별자치도 속초시 수복로 199-1,217807,24831,,,,128.588752067654,38.205467380538
MA010120220804728154,금정산소방,,G2,소매,G221,기타 상품 소매,G22199,그 외 기타 상품 전문 소매업,G47859,그 외 기타 분류 안된 상품 전문 소매업,26,부산광역시,26260,동래구,26260520,복산동,2626010300,칠산동,2626010300100360010,1,대지,36,10,부산광역시 동래구 칠산동 36-10,262604190068,부산광역시 동래구 동래로159번길,119,8,2626010300100360010001624,,부산광역시 동래구 동래로159번길 119-8,607030,47801,,,,129.093245141062,35.2071620045881
MA010120220804728165,요코하마,,G2,소매,G221,기타 상품 소매,G22199,그 외 기타 상품 전문 소매업,G47859,그 외 기타 분류 안된 상품 전문 소매업,27,대구광역시,27290,달서구,27290640,송현2동,2729012200,송현동,2729012200119290019,1,대지,1929,19,대구광역시 달서구 송현동 1929-19,272904241352,대구광역시 달서구 송현동1길,6,,2729012200119290019031069,,대구광역시 달서구 송현동1길 6,704825,42741,,,,128.549755126194,35.8301920609698
MA010120220804756057,원산한약국,,G2,소매,G221,기타 상품 소매,G22199,그 외 기타 상품 전문 소매업,G47811,의약품 및 의료용품 소매업,51,강원특별자치도,51210,속초시,51210540,금호동,5121010300,중앙동,5121010300104930161,1,대지,493,161,강원특별자치도 속초시 중앙동 493-161,512104469219,강원특별자치도 속초시 중앙로129번길,60,,4221010300104930162017637,,강원특별자치도 속초시 중앙로129번길 60,217807,24832,,,,128.589216664824,38.2053079521997
MA010120220804740214,유한책임회사하이모,강릉지점,G2,소매,G221,기타 상품 소매,G22199,그 외 기타 상품 전문 소매업,G47422,의복 액세서리 및 모조 장신구 소매업,51,강원특별자치도,51150,강릉시,51150510,홍제동,5115010100,홍제동,5115010100109910000,1,대지,991,,강원특별자치도 강릉시 홍제동 991,511503220048,강원특별자치도 강릉시 하슬라로,18,,4215010100109910000011408,,강원특별자치도 강릉시 하슬라로 18,210949,25518,,,,128.879999575687,37.7551525508141
MA010120220804757346,대산화학,,G2,소매,G221,기타 상품 소매,G22199,그 외 기타 상품 전문 소매업,G47859,그 외 기타 분류 안된 상품 전문 소매업,31,울산광역시,31140,남구,31140520,신정2동,3114010400,신정동,3114010400112170002,1,대지,1217,2,울산광역시 남구 신정동 1217-2,311404310351,울산광역시 남구 봉월로8번길,11,,3114010400112170002012506,,울산광역시 남구 봉월로8번길 11,680828,44678,,3,,129.308369588896,35.5336960604055
MA010120220804759423,정우스포츠,,G2,소매,G221,기타 상품 소매,G22199,그 외 기타 상품 전문 소매업,G47859,그 외 기타 분류 안된 상품 전문 소매업,27,대구광역시,27720,군위군,27720250,군위읍,2772025022,군위읍,2772025022102890002,1,대지,289,2,대구광역시 군위군 군위읍 서부리 289-2,277204742255,대구광역시 군위군 군위읍 중앙길,60,,4772025022102890002009712,,대구광역시 군위군 군위읍 중앙길 60,716804,43119,,,,128.566411374009,36.2336347347717
MA010120220804744322,광영불교사,,G2,소매,G221,기타 상품 소매,G22199,그 외 기타 상품 전문 소매업,G47859,그 외 기타 분류 안된 상품 전문 소매업,51,강원특별자치도,51210,속초시,51210540,금호동,5121010300,중앙동,5121010300104720023,1,대지,472,23,강원특별자치도 속초시 중앙동 472-23,512103223016,강원특별자치도 속초시 중앙시장로,98,5,4221010300104720023008786,,강원특별자치도 속초시 중앙시장로 98-5,217807,24832,,,,128.590648842478,38.2044958342378
MA010120220804747652,비누아이,,G2,소매,G221,기타 상품 소매,G22199,그 외 기타 상품 전문 소매업,G47859,그 외 기타 분류 안된 상품 전문 소매업,43,충청북도,43130,충주시,43130250,주덕읍,4313025021,주덕읍,4313025021101850005,1,대지,185,5,충청북도 충주시 주덕읍 신양리 185-5,431304514880,충청북도 충주시 주덕읍 시장길,14,,4313025021101850005028441,,충청북도 충주시 주덕읍 시장길 14,380884,27462,,1,,127.798170692202,36.9743577611079
MA010120220804746240,고기사랑,,G2,소매,G221,기타 상품 소매,G22199,그 외 기타 상품 전문 소매업,G47859,그 외 기타 분류 안된 상품 전문 소매업,51,강원특별자치도,51210,속초시,51210520,동명동,5121010200,동명동,5121010200105240009,1,대지,524,9,강원특별자치도 속초시 동명동 524-9,512104469183,강원특별자치도 속초시 우렁2길,3,,4221010200105240009015492,,강원특별자치도 속초시 우렁2길 3,217810,24827,,,,128.588133385851,38.2090429827666
MA010120220804752537,양양고려불교사,,G2,소매,G221,기타 상품 소매,G22199,그 외 기타 상품 전문 소매업,G47859,그 외 기타 분류 안된 상품 전문 소매업,51,강원특별자치도,51830,양양군,51830250,양양읍,5183025025,양양읍,5183025025103170007,1,대지,317,7,강원특별자치도 양양군 양양읍 연창리 317-7,518304505021,강원특별자치도 양양군 양양읍 관아길,4,26,4283025025103170007014285,,강원특별자치도 양양군 양양읍 관아길 4-26,215803,25021,,,,128.625506289792,38.0792816009363
MA010120220804772821,금산수삼센터,,G2,소매,G221,기타 상품 소매,G22199,그 외 기타 상품 전문 소매업,G47859,그 외 기타 분류 안된 상품 전문 소매업,44,충청남도,44710,금산군,44710250,금산읍,4471025022,금산읍,4471025022100240000,1,대지,24,,충청남도 금산군 금산읍 중도리 24,447103257044,충청남도 금산군 금산읍 인삼약초로,24,,4471025022100240000017736,금산수삼센터,충청남도 금산군 금산읍 인삼약초로 24,312806,32739,,,,127.496457788994,36.1001012577521
MA010120220804779347,여주상회,,G2,소매,G221,기타 상품 소매,G22199,그 외 기타 상품 전문 소매업,G47859,그 외 기타 분류 안된 상품 전문 소매업,51,강원특별자치도,51190,태백시,51190515,황지동,5119010100,황지동,5119010100100360003,1,대지,36,3,강원특별자치도 태백시 황지동 36-3,511903000156,강원특별자치도 태백시 태백로,940,,4219010100100360003000001,,강원특별자치도 태백시 태백로 940,235800,26012,,,,128.993566437072,37.1736757996275
MA010120220804799709,한진소방,,G2,소매,G221,기타 상품 소매,G22199,그 외 기타 상품 전문 소매업,G47859,그 외 기타 분류 안된 상품 전문 소매업,11,서울특별시,11230,동대문구,11230650,장안1동,1123010600,장안동,1123010600101900028,1,대지,190,28,서울특별시 동대문구 장안동 190-28,112303005038,서울특별시 동대문구 한천로,78,,1123010600101900028017415,,서울특별시 동대문구 한천로 78,130837,02627,,,,127.063637116558,37.5684487938667
MA010120220804783567,대현산업안전,,G2,소매,G221,기타 상품 소매,G22199,그 외 기타 상품 전문 소매업,G47859,그 외 기타 분류 안된 상품 전문 소매업,47,경상북도,47150,김천시,47150516,자산동,4715010300,모암동,4715010300101580006,1,대지,158,6,경상북도 김천시 모암동 158-6,471504718813,경상북도 김천시 중앙시장3길,2,,4715010300101580006004423,,경상북도 김천시 중앙시장3길 2,740010,39590,,,,128.124770695106,36.1189203228232
MA010120220804783599,거성유통,,G2,소매,G221,기타 상품 소매,G22199,그 외 기타 상품 전문 소매업,G47859,그 외 기타 분류 안된 상품 전문 소매업,27,대구광역시,27290,달서구,27290515,성당동,2729010100,성당동,2729010100102810002,1,대지,281,2,대구광역시 달서구 성당동 281-2,272903147004,대구광역시 달서구 대명천로,37,,2729010100108040013027131,,대구광역시 달서구 대명천로 37,704915,42680,,,,128.55541286696,35.8382834076235
MA010120220804796800,신화유통,,G2,소매,G221,기타 상품 소매,G22199,그 외 기타 상품 전문 소매업,G47859,그 외 기타 분류 안된 상품 전문 소매업,30,대전광역시,30170,서구,30170560,괴정동,3017010800,괴정동,3017010800100730037,1,대지,73,37,대전광역시 서구 괴정동 73-37,301704298022,대전광역시 서구 갈마로219번길,47,,3017010800100730037007389,위스퀘어빌딩,대전광역시 서구 갈마로219번길 47,302815,35293,,,,127.380849950233,36.3375026390006
MA010120220804764150,동양선구점,,G2,소매,G221,기타 상품 소매,G22199,그 외 기타 상품 전문 소매업,G47859,그 외 기타 분류 안된 상품 전문 소매업,51,강원특별자치도,51820,고성군,51820253,거진읍,5182025321,거진읍,5182025321101340000,1,대지,134,,강원특별자치도 고성군 거진읍 거진리 134,518204502026,강원특별자치도 고성군 거진읍 거진길,93,,4282025321101340000017728,,강원특별자치도 고성군 거진읍 거진길 93,219901,24712,,,,128.459930238653,38.4499449217552
MA010120220804786134,노라스,,G2,소매,G221,기타 상품 소매,G22199,그 외 기타 상품 전문 소매업,G47859,그 외 기타 분류 안된 상품 전문 소매업,41,경기도,41111,수원시 장안구,41111580,영화동,4111113400,영화동,4111113400103910005,1,대지,391,5,경기도 수원시 장안구 영화동 391-5,411114322284,경기도 수원시 장안구 장안로64번길,26,,4111113400103910005048949,,경기도 수원시 장안구 장안로64번길 26,440820,16273,,,,127.005108727969,37.2906012353535
MA010120220804771086,중부농자재,,G2,소매,G221,기타 상품 소매,G22199,그 외 기타 상품 전문 소매업,G47859,그 외 기타 분류 안된 상품 전문 소매업,51,강원특별자치도,51800,양구군,51800340,해안면,5180034023,해안면,5180034023116840021,1,대지,1684,21,강원특별자치도 양구군 해안면 만대리 1684-21,518003232023,강원특별자치도 양구군 해안면 만대로,90,,4280034023016840021011860,,강원특별자치도 양구군 해안면 만대로 90,255841,24564,,,,128.128613679879,38.2669526972129
MA010120220804771639,잉꼬폐백,,G2,소매,G221,기타 상품 소매,G22199,그 외 기타 상품 전문 소매업,G47859,그 외 기타 분류 안된 상품 전문 소매업,43,충청북도,43150,제천시,43150528,중앙동,4315010600,중앙로1가,4315010600100770000,1,대지,77,,충청북도 제천시 중앙로1가 77,431503239074,충청북도 제천시 풍양로,108,,4315010600100770000028746,중앙시장,충청북도 제천시 풍양로 108,390011,27173,,,,128.211302042692,37.1366217435807
MA010120220804794879,골드프라샤,,G2,소매,G221,기타 상품 소매,G22199,그 외 기타 상품 전문 소매업,G47859,그 외 기타 분류 안된 상품 전문 소매업,41,경기도,41610,광주시,41610560,광남1동,4161010800,중대동,4161010800102800017,1,대지,280,17,경기도 광주시 중대동 280-17,416103211033,경기도 광주시 순암로,405,,4161010800102800017010268,,경기도 광주시 순암로 405,464080,12768,,,,127.208730303122,37.4067850258949
MA010120220804798283,한국초재,,G2,소매,G221,기타 상품 소매,G22199,그 외 기타 상품 전문 소매업,G47859,그 외 기타 분류 안된 상품 전문 소매업,26,부산광역시,26110,중구,26110580,남포동,2611013600,남포동1가,2611013600100470001,1,대지,47,1,부산광역시 중구 남포동1가 47-1,261103006003,부산광역시 중구 태종로,4,1,2611013600100470001005054,태성빌딩,부산광역시 중구 태종로 4-1,600041,48984,,,,129.035470347,35.0975111130112
MA010120220804771959,온새미로,,G2,소매,G221,기타 상품 소매,G22199,그 외 기타 상품 전문 소매업,G47859,그 외 기타 분류 안된 상품 전문 소매업,44,충청남도,44760,부여군,44760250,부여읍,4476025029,부여읍,4476025029104320000,1,대지,432,,충청남도 부여군 부여읍 구아리 432,447604577358,충청남도 부여군 부여읍 성왕로173번길,12,,4476025029104250002025390,,충청남도 부여군 부여읍 성왕로173번길 12,323805,33141,,,,126.907560124047,36.2814972089713
MA010120220804769976,선명불교사,,G2,소매,G221,기타 상품 소매,G22199,그 외 기타 상품 전문 소매업,G47859,그 외 기타 분류 안된 상품 전문 소매업,51,강원특별자치도,51210,속초시,51210540,금호동,5121010300,중앙동,5121010300104940006,1,대지,494,6,강원특별자치도 속초시 중앙동 494-6,512103223016,강원특별자치도 속초시 중앙시장로,62,,4221010300104940004017220,,강원특별자치도 속초시 중앙시장로 62,217807,24831,,,,128.588717967109,38.2059993233597
MA010120220804787560,아름다운나날,,G2,소매,G221,기타 상품 소매,G22199,그 외 기타 상품 전문 소매업,G47859,그 외 기타 분류 안된 상품 전문 소매업,30,대전광역시,30110,동구,30110515,중앙동,3011011300,소제동,3011011300103060011,1,대지,306,11,대전광역시 동구 소제동 306-11,301103010001,대전광역시 동구 계족로,258,,3011011300103060011018233,,대전광역시 동구 계족로 258,300080,34602,,,,127.439317892203,36.3358601382816
MA010120220804777596,법인홍백,,G2,소매,G221,기타 상품 소매,G22199,그 외 기타 상품 전문 소매업,G47859,그 외 기타 분류 안된 상품 전문 소매업,44,충청남도,44710,금산군,44710250,금산읍,4471025021,금산읍,4471025021103260000,1,대지,326,,충청남도 금산군 금산읍 신대리 326,447103000194,충청남도 금산군 금산읍 무금로,2258,31,4471025021103260000012772,,충청남도 금산군 금산읍 무금로 2258-31,312804,32724,,,,127.505668567407,36.0939255121521
MA010120220804795983,파트너,,G2,소매,G221,기타 상품 소매,G22199,그 외 기타 상품 전문 소매업,G47859,그 외 기타 분류 안된 상품 전문 소매업,48,경상남도,48129,창원시 진해구,48129540,여좌동,4812913700,여좌동,4812913700108020005,1,대지,802,5,경상남도 창원시 진해구 여좌동 802-5,481293331067,경상남도 창원시 진해구 충장로,159,,4812913700108020005015407,,경상남도 창원시 진해구 충장로 159,645806,51694,,2,,128.66943324147,35.1522499528439
MA010120220804825416,스마일상사,,G2,소매,G221,기타 상품 소매,G22199,그 외 기타 상품 전문 소매업,G47859,그 외 기타 분류 안된 상품 전문 소매업,41,경기도,41150,의정부시,41150573,송산1동,4115010500,용현동,4115010500102680042,1,대지,268,42,경기도 의정부시 용현동 268-42,411503181035,경기도 의정부시 용민로,30,,4115010500102680042018164,,경기도 의정부시 용민로 30,480838,11785,,2,,127.082157985312,37.7352903346082
MA010120220804833258,양키캔들,동두천점,G2,소매,G221,기타 상품 소매,G22199,그 외 기타 상품 전문 소매업,G47813,"화장품, 비누 및 방향제 소매업",41,경기도,41250,동두천시,41250565,불현동,4125010200,지행동,4125010200107300003,1,대지,730,3,경기도 동두천시 지행동 730-3,412503215066,경기도 동두천시 평화로,2297,,4125010200107300003000189,,경기도 동두천시 평화로 2297,483020,11356,,1,,127.05688939549,37.8928107014735
MA010120220804802450,지니팩토리,,G2,소매,G221,기타 상품 소매,G22199,그 외 기타 상품 전문 소매업,G47859,그 외 기타 분류 안된 상품 전문 소매업,41,경기도,41570,김포시,41570570,구래동,4157010900,구래동,4157010900168810004,1,대지,6881,4,경기도 김포시 구래동 6881-4,415704838103,경기도 김포시 김포한강9로75번길,142,,4157010900168810004000001,태림더끌리움1차,경기도 김포시 김포한강9로75번길 142,415080,10071,,3,,126.622513950434,37.6445092260353
MA010120220804839520,팡팡악세사리,,G2,소매,G221,기타 상품 소매,G22199,그 외 기타 상품 전문 소매업,G47422,의복 액세서리 및 모조 장신구 소매업,48,경상남도,48330,양산시,48330570,덕계동,4833012000,덕계동,4833012000109900000,1,대지,990,,경상남도 양산시 덕계동 990,483304814169,경상남도 양산시 덕계11길,7,,4833012000109930000024806,,경상남도 양산시 덕계11길 7,626842,50553,,,,129.151315078033,35.3752943124257
MA010120220804839565,한일유통,,G2,소매,G221,기타 상품 소매,G22199,그 외 기타 상품 전문 소매업,G47859,그 외 기타 분류 안된 상품 전문 소매업,52,전북특별자치도,52140,익산시,52140530,평화동,5214011700,목천동,5214011700104110007,1,대지,411,7,전북특별자치도 익산시 목천동 411-7,521403269012,전북특별자치도 익산시 목천로,20,,4514011700104110007093219,,전북특별자치도 익산시 목천로 20,570010,54672,,,,126.932228474742,35.9160605392505
MA010120220804817679,송파맘,,G2,소매,G221,기타 상품 소매,G22199,그 외 기타 상품 전문 소매업,G47859,그 외 기타 분류 안된 상품 전문 소매업,11,서울특별시,11710,송파구,11710646,장지동,1171010800,문정동,1171010800101030023,1,대지,103,23,서울특별시 송파구 문정동 103-23,117104169237,서울특별시 송파구 새말로15길,8,,1171010800101030023002950,,서울특별시 송파구 새말로15길 8,138870,05801,,,,127.130072392778,37.4850786881663
MA010120220804847091,온누리에프엔에스,,G2,소매,G221,기타 상품 소매,G22199,그 외 기타 상품 전문 소매업,G47859,그 외 기타 분류 안된 상품 전문 소매업,41,경기도,41285,고양시 일산동구,41285510,식사동,4128510100,식사동,4128510100109410004,1,대지,941,4,경기도 고양시 일산동구 식사동 941-4,412853193027,경기도 고양시 일산동구 은행마을로,46,13,4128510100109410004000127,,경기도 고양시 일산동구 은행마을로 46-13,410820,10304,,,,126.805617403073,37.6670991206358
MA010120220804823155,신화지앤씨,,G2,소매,G221,기타 상품 소매,G22199,그 외 기타 상품 전문 소매업,G47859,그 외 기타 분류 안된 상품 전문 소매업,41,경기도,41390,시흥시,41390570,목감동,4139012400,조남동,4139012400106590000,1,대지,659,,경기도 시흥시 조남동 659,413903350922,경기도 시흥시 목감남서로,9,7,4139012400103690002000001,더드림,경기도 시흥시 목감남서로 9-7,429320,14988,,,,126.851563087095,37.3775928856112
MA010120220804843372,임진농협경제사업소,,G2,소매,G221,기타 상품 소매,G22199,그 외 기타 상품 전문 소매업,G47859,그 외 기타 분류 안된 상품 전문 소매업,41,경기도,41800,연천군,41800310,군남면,4180031021,군남면,4180031021106400001,1,대지,640,1,경기도 연천군 군남면 진상리 640-1,418003215070,경기도 연천군 군남면 군남로,98,1,4180031021106400001000001,,경기도 연천군 군남면 군남로 98-1,486823,11007,,,,127.021763396714,38.0590085705579
MA010120220804846560,벽제원,,G2,소매,G221,기타 상품 소매,G22199,그 외 기타 상품 전문 소매업,G47859,그 외 기타 분류 안된 상품 전문 소매업,41,경기도,41281,고양시 덕양구,41281590,고양동,4128111700,대자동,4128111700102780001,1,대지,278,1,경기도 고양시 덕양구 대자동 278-1,412814376270,경기도 고양시 덕양구 통일로414번길,211,,4128111700102780001009146,,경기도 고양시 덕양구 통일로414번길 211,412801,10278,,,,126.890837964017,37.6760113453221
MA010120220804807429,은밀한편의점,금촌점,G2,소매,G221,기타 상품 소매,G22199,그 외 기타 상품 전문 소매업,G47859,그 외 기타 분류 안된 상품 전문 소매업,41,경기도,41480,파주시,41480510,금촌1동,4148010100,금촌동,4148010100103290292,1,대지,329,292,경기도 파주시 금촌동 329-292,414803206108,경기도 파주시 금정로,108,,4148010100103290292000001,,경기도 파주시 금정로 108,413801,10929,,,,126.771816317264,37.7640191270052
MA010120220804810208,원모,,G2,소매,G221,기타 상품 소매,G22199,그 외 기타 상품 전문 소매업,G47422,의복 액세서리 및 모조 장신구 소매업,41,경기도,41281,고양시 덕양구,41281655,행신3동,4128112800,행신동,4128112800109500000,1,대지,950,,경기도 고양시 덕양구 행신동 950,412813192094,경기도 고양시 덕양구 중앙로,554,,4128112800109500000011714,희성프라자,경기도 고양시 덕양구 중앙로 554,412836,10495,,2,,126.83587337247,37.6236997045792
MA010120220804828748,다솔법인,,G2,소매,G221,기타 상품 소매,G22199,그 외 기타 상품 전문 소매업,G47859,그 외 기타 분류 안된 상품 전문 소매업,46,전라남도,46170,나주시,46170390,금천면,4617039021,금천면,4617039021102250014,1,대지,225,14,전라남도 나주시 금천면 오강리 225-14,461703281095,전라남도 나주시 금천면 영산로,5696,,4617039021102250014080318,,전라남도 나주시 금천면 영산로 5696,520824,58215,,,,126.751548533378,35.0351529431747
MA010120220804834750,신세계,,G2,소매,G221,기타 상품 소매,G22199,그 외 기타 상품 전문 소매업,G47859,그 외 기타 분류 안된 상품 전문 소매업,41,경기도,41360,남양주시,41360256,화도읍,4136025621,화도읍,4136025621101030001,1,대지,103,1,경기도 남양주시 화도읍 마석우리 103-1,413603000120,경기도 남양주시 화도읍 경춘로,2045,,4136025621101030001000001,,경기도 남양주시 화도읍 경춘로 2045,472845,12180,,,,127.315528246102,37.652286463989
MA010120220804845586,와이케이이앤씨,,G2,소매,G221,기타 상품 소매,G22199,그 외 기타 상품 전문 소매업,G47859,그 외 기타 분류 안된 상품 전문 소매업,41,경기도,41281,고양시 덕양구,41281580,창릉동,4128111200,동산동,4128111200103760000,1,대지,376,,경기도 고양시 덕양구 동산동 376,412813000008,경기도 고양시 덕양구 통일로,140,,4128111200100130030000001,삼송테크노밸리,경기도 고양시 덕양구 통일로 140,412090,10594,,2,,126.902163530509,37.6491270036836
MA010120220804823914,교촌인삼사,,G2,소매,G221,기타 상품 소매,G22199,그 외 기타 상품 전문 소매업,G47859,그 외 기타 분류 안된 상품 전문 소매업,47,경상북도,47210,영주시,47210250,풍기읍,4721025022,풍기읍,4721025022104660000,1,대지,466,,경상북도 영주시 풍기읍 동부리 466,472103309010,경상북도 영주시 풍기읍 기주로,10,,4721025022104650000013772,,경상북도 영주시 풍기읍 기주로 10,750803,36034,,,,128.533960963921,36.8678399086181
MA010120220804843994,법인영신,,G2,소매,G221,기타 상품 소매,G22199,그 외 기타 상품 전문 소매업,G47859,그 외 기타 분류 안된 상품 전문 소매업,46,전라남도,46730,구례군,46730310,문척면,4673031021,문척면,4673031021107010010,1,대지,701,10,전라남도 구례군 문척면 월전리 701-10,467303288012,전라남도 구례군 문척면 수달생태로,218,17,4673031021107010006000001,,전라남도 구례군 문척면 수달생태로 218-17,542812,57630,,,,127.485429192886,35.1908215241868
MA010120220804841078,청암이앤씨,,G2,소매,G221,기타 상품 소매,G22199,그 외 기타 상품 전문 소매업,G47859,그 외 기타 분류 안된 상품 전문 소매업,11,서울특별시,11710,송파구,11710620,가락본동,1171010700,가락동,1171010700100790005,1,대지,79,5,서울특별시 송파구 가락동 79-5,117104169333,서울특별시 송파구 송파대로28길,24,,1171010700100790005007046,,서울특별시 송파구 송파대로28길 24,138713,05718,,,,127.120544331495,37.4942880769094
MA010120220804847326,하나유통,,G2,소매,G221,기타 상품 소매,G22199,그 외 기타 상품 전문 소매업,G47859,그 외 기타 분류 안된 상품 전문 소매업,41,경기도,41281,고양시 덕양구,41281622,화정2동,4128112300,화정동,4128112300109800001,1,대지,980,1,경기도 고양시 덕양구 화정동 980-1,412814376366,경기도 고양시 덕양구 화신로272번길,34,,4128112300109800001012797,미주프라자,경기도 고양시 덕양구 화신로272번길 34,412827,10500,,3,,126.831843785272,37.6323975512361
MA010120220804811057,이포팜농약사,,G2,소매,G221,기타 상품 소매,G22199,그 외 기타 상품 전문 소매업,G47859,그 외 기타 분류 안된 상품 전문 소매업,41,경기도,41670,여주시,41670330,금사면,4167033021,금사면,4167033021103150001,1,대지,315,1,경기도 여주시 금사면 이포리 315-1,416703012067,경기도 여주시 금사면 이여로,1241,,4173034021103150001046564,,경기도 여주시 금사면 이여로 1241,469832,12604,,,,127.530339869619,37.3874712906657
MA010120220804841264,가인상사,,G2,소매,G221,기타 상품 소매,G22199,그 외 기타 상품 전문 소매업,G47859,그 외 기타 분류 안된 상품 전문 소매업,43,충청북도,43113,청주시 흥덕구,43113751,봉명1동,4311311500,봉명동,4311311500107960000,1,대지,796,,충청북도 청주시 흥덕구 봉명동 796,431134512194,충청북도 청주시 흥덕구 1순환로577번길,3,,4311311500107960000002125,,충청북도 청주시 흥덕구 1순환로577번길 3,361818,28557,,,,127.461892193713,36.6417609610546
MA010120220804830303,용사의집,,G2,소매,G221,기타 상품 소매,G22199,그 외 기타 상품 전문 소매업,G47859,그 외 기타 분류 안된 상품 전문 소매업,51,강원특별자치도,51790,화천군,51790330,상서면,5179033028,상서면,5179033028107380041,1,대지,738,41,강원특별자치도 화천군 상서면 산양리 738-41,517903013022,강원특별자치도 화천군 상서면 영서로,7715,,4279033028000000000003313,,강원특별자치도 화천군 상서면 영서로 7715,209815,24101,,,,127.662051583771,38.2071181129414
MA010120220804833153,약초,,G2,소매,G221,기타 상품 소매,G22199,그 외 기타 상품 전문 소매업,G47859,그 외 기타 분류 안된 상품 전문 소매업,41,경기도,41650,포천시,41650370,일동면,4165037024,일동면,4165037024106620001,1,대지,662,1,경기도 포천시 일동면 화대리 662-1,416503213050,경기도 포천시 일동면 화동로,1210,,4165037024106620002048063,,경기도 포천시 일동면 화동로 1210,487857,11117,,,,127.328651461722,37.9676028822565
MA010120220804868126,원당불교,,G2,소매,G221,기타 상품 소매,G22199,그 외 기타 상품 전문 소매업,G47859,그 외 기타 분류 안된 상품 전문 소매업,41,경기도,41281,고양시 덕양구,41281540,성사1동,4128110100,주교동,4128110100106210011,1,대지,621,11,경기도 고양시 덕양구 주교동 621-11,412814376094,경기도 고양시 덕양구 마상로140번길,15,,4128110100106210011014202,,경기도 고양시 덕양구 마상로140번길 15,412812,10462,,1,,126.837756947349,37.6587055220441
MA010120220804874123,은혜사,,G2,소매,G221,기타 상품 소매,G22199,그 외 기타 상품 전문 소매업,G47859,그 외 기타 분류 안된 상품 전문 소매업,41,경기도,41461,용인시 처인구,41461256,이동읍,4146125623,이동읍,4146125623107310005,1,대지,731,5,경기도 용인시 처인구 이동읍 묘봉리 731-5,414613203043,경기도 용인시 처인구 이동읍 묘봉로,1,,4146133023107310005005055,,경기도 용인시 처인구 이동읍 묘봉로 1,449832,17138,,,,127.212632457356,37.1240136112717
MA010120220804886304,법밀,,G2,소매,G221,기타 상품 소매,G22199,그 외 기타 상품 전문 소매업,G47859,그 외 기타 분류 안된 상품 전문 소매업,11,서울특별시,11710,송파구,11710520,풍납2동,1171010300,풍납동,1171010300102710016,1,대지,271,16,서울특별시 송파구 풍납동 271-16,117103123019,서울특별시 송파구 토성로,16,,1171010300102710016024757,,서울특별시 송파구 토성로 16,138874,05535,,2,,127.112129225665,37.5308320658783
MA010120220804891756,아토즈캠핑,천안점,G2,소매,G221,기타 상품 소매,G22199,그 외 기타 상품 전문 소매업,G47631,운동 및 경기용품 소매업,44,충청남도,44133,천안시 서북구,44133580,부성1동,4413311000,신당동,4413311000104240025,1,대지,424,25,충청남도 천안시 서북구 신당동 424-25,441334862912,충청남도 천안시 서북구 상고1길,5,,4413311000104240025000001,,충청남도 천안시 서북구 상고1길 5,331280,31081,,2,,127.153715577203,36.8573660816261
MA010120220804868905,그 외 기타 정보 서비스업,,G2,소매,G221,기타 상품 소매,G22199,그 외 기타 상품 전문 소매업,G47859,그 외 기타 분류 안된 상품 전문 소매업,11,서울특별시,11530,구로구,11530530,구로2동,1153010200,구로동,1153010200100870006,1,대지,87,6,서울특별시 구로구 구로동 87-6,115304148252,서울특별시 구로구 구로중앙로19가길,33,,1153010200100870006023189,,서울특별시 구로구 구로중앙로19가길 33,152840,08306,,,,126.88978134776,37.4933430945529
MA010120220804868971,대성상사,,G2,소매,G221,기타 상품 소매,G22199,그 외 기타 상품 전문 소매업,G47859,그 외 기타 분류 안된 상품 전문 소매업,27,대구광역시,27720,군위군,27720250,군위읍,2772025022,군위읍,2772025022104030010,1,대지,403,10,대구광역시 군위군 군위읍 서부리 403-10,277204742073,대구광역시 군위군 군위읍 동서길,35,4,4772025022104030010009662,,대구광역시 군위군 군위읍 동서길 35-4,716804,43115,,,,128.566187655798,36.2363589741556
MA010120220804861001,한국소방이엔지,,G2,소매,G221,기타 상품 소매,G22199,그 외 기타 상품 전문 소매업,G47859,그 외 기타 분류 안된 상품 전문 소매업,41,경기도,41210,광명시,41210660,학온동,4121010500,노온사동,4121010500104060003,1,대지,406,3,경기도 광명시 노온사동 406-3,412103000122,경기도 광명시 광명로,472,1,4121010500104060003012730,일부,경기도 광명시 광명로 472-1,423080,14302,,1,,126.847592742857,37.4425603178383
MA010120220804869275,인화상사,,G2,소매,G221,기타 상품 소매,G22199,그 외 기타 상품 전문 소매업,G47859,그 외 기타 분류 안된 상품 전문 소매업,44,충청남도,44210,서산시,44210310,인지면,4421031027,인지면,4421031027108430002,1,대지,843,2,충청남도 서산시 인지면 화수리 843-2,442104562767,충청남도 서산시 인지면 화수2길,88,50,4421031027108430002000001,,충청남도 서산시 인지면 화수2길 88-50,356883,32014,,,,126.412941472274,36.7645543719633
MA010120220804861350,엘림,,G2,소매,G221,기타 상품 소매,G22199,그 외 기타 상품 전문 소매업,G47859,그 외 기타 분류 안된 상품 전문 소매업,41,경기도,41610,광주시,41610253,초월읍,4161025332,초월읍,4161025332101750005,1,대지,175,5,경기도 광주시 초월읍 도평리 175-5,416104433150,경기도 광주시 초월읍 도평길51번길,6,39,4161025332101750005000001,써니하우스,경기도 광주시 초월읍 도평길51번길 6-39,464964,12734,,3,,127.295828124909,37.396003211694
MA010120220804855473,진홍원,,G2,소매,G221,기타 상품 소매,G22199,그 외 기타 상품 전문 소매업,G47859,그 외 기타 분류 안된 상품 전문 소매업,44,충청남도,44710,금산군,44710250,금산읍,4471025021,금산읍,4471025021106700000,1,대지,670,,충청남도 금산군 금산읍 신대리 670,447103257042,충청남도 금산군 금산읍 인삼광장로,43,,4471025021106700000000001,,충청남도 금산군 금산읍 인삼광장로 43,312804,32739,,,,127.499426872346,36.1007468011436
MA010120220804858061,부안육묘장,,G2,소매,G221,기타 상품 소매,G22199,그 외 기타 상품 전문 소매업,G47859,그 외 기타 분류 안된 상품 전문 소매업,52,전북특별자치도,52800,부안군,52800250,부안읍,5280025022,부안읍,5280025022100270003,1,대지,27,3,전북특별자치도 부안군 부안읍 서외리 27-3,528004640383,전북특별자치도 부안군 부안읍 시장길,4,1,4580025022100210000030323,,전북특별자치도 부안군 부안읍 시장길 4-1,579803,56308,,,,126.7329150552,35.727383750302
MA010120220804890654,한국금행사GBCOK,,G2,소매,G221,기타 상품 소매,G22199,그 외 기타 상품 전문 소매업,G47859,그 외 기타 분류 안된 상품 전문 소매업,41,경기도,41113,수원시 권선구,41113680,권선2동,4111313700,권선동,4111313700111950006,1,대지,1195,6,경기도 수원시 권선구 권선동 1195-6,411134325182,경기도 수원시 권선구 덕영대로1207번길,26,11,4111313700111950006029965,,경기도 수원시 권선구 덕영대로1207번길 26-11,441831,16584,,,,127.023501159273,37.2503224724321
MA010120220804885420,한국산양산삼협동조합제1문판매장,,G2,소매,G221,기타 상품 소매,G22199,그 외 기타 상품 전문 소매업,G47859,그 외 기타 분류 안된 상품 전문 소매업,48,경상남도,48870,함양군,48870320,휴천면,4887032021,휴천면,4887032021201230021,2,산,123,21,경상남도 함양군 휴천면 월평리 산123-21,488704838421,경상남도 함양군 휴천면 지리산가는길,635,,4887032021201230021017176,,경상남도 함양군 휴천면 지리산가는길 635,676881,50052,,,,127.700123950314,35.444508932476
MA010120220804890838,새론이엔씨,,G2,소매,G221,기타 상품 소매,G22199,그 외 기타 상품 전문 소매업,G47859,그 외 기타 분류 안된 상품 전문 소매업,11,서울특별시,11215,광진구,11215830,자양2동,1121510500,자양동,1121510500106050003,1,대지,605,3,서울특별시 광진구 자양동 605-3,112154112485,서울특별시 광진구 자양번영로6길,60,,1121510500106050003012541,,서울특별시 광진구 자양번영로6길 60,143865,05099,,,,127.078754810672,37.5315347883271
MA010120220804893217,퍼스트플러스,,G2,소매,G221,기타 상품 소매,G22199,그 외 기타 상품 전문 소매업,G47859,그 외 기타 분류 안된 상품 전문 소매업,41,경기도,41196,부천시 오정구,41196520,원종1동,4119610400,원종동,4119610400100690038,1,대지,69,38,경기도 부천시 오정구 원종동 69-38,411963012096,경기도 부천시 오정구 소사로,850,,4119910400100690038040896,,경기도 부천시 오정구 소사로 850,421817,14412,,1,,126.805991620433,37.5318341718087
MA010120220804850734,에코티엘,,G2,소매,G221,기타 상품 소매,G22199,그 외 기타 상품 전문 소매업,G47859,그 외 기타 분류 안된 상품 전문 소매업,41,경기도,41220,평택시,41220560,송북동,4122011100,독곡동,4122011100102390001,1,대지,239,1,경기도 평택시 독곡동 239-1,412203012070,경기도 평택시 삼봉로,20,,4122011100102390001000001,,경기도 평택시 삼봉로 20,459800,17719,,,,127.065079268082,37.0897386801973
MA010120220804891366,이지모터스군위,,G2,소매,G221,기타 상품 소매,G22199,그 외 기타 상품 전문 소매업,G47859,그 외 기타 분류 안된 상품 전문 소매업,27,대구광역시,27720,군위군,27720250,군위읍,2772025022,군위읍,2772025022100140010,1,대지,14,10,대구광역시 군위군 군위읍 서부리 14-10,277204742254,대구광역시 군위군 군위읍 중앙6길,11,,4772025022100140010010119,이지모터스군위대리점,대구광역시 군위군 군위읍 중앙6길 11,716804,43115,,,,128.567074951188,36.2401319540372
MA010120220804850995,수진유통,,G2,소매,G221,기타 상품 소매,G22199,그 외 기타 상품 전문 소매업,G47859,그 외 기타 분류 안된 상품 전문 소매업,41,경기도,41220,평택시,41220259,청북읍,4122025932,청북읍,4122025932104790004,1,대지,479,4,경기도 평택시 청북읍 고렴리 479-4,412203000117,경기도 평택시 청북읍 서해로,1966,,4122035032104790004045787,,경기도 평택시 청북읍 서해로 1966,451831,17794,,,,126.920338879541,37.0620939465247
MA010120220804859778,나리유통,,G2,소매,G221,기타 상품 소매,G22199,그 외 기타 상품 전문 소매업,G47859,그 외 기타 분류 안된 상품 전문 소매업,41,경기도,41610,광주시,41610330,도척면,4161033023,도척면,4161033023102310002,1,대지,231,2,경기도 광주시 도척면 방도리 231-2,416103012064,경기도 광주시 도척면 마도로,84,,4161033023102310002000001,,경기도 광주시 도척면 마도로 84,464851,12818,,,,127.340141220313,37.2805165989915
MA010120220804851167,동일상사,,G2,소매,G221,기타 상품 소매,G22199,그 외 기타 상품 전문 소매업,G47859,그 외 기타 분류 안된 상품 전문 소매업,51,강원특별자치도,51170,동해시,51170520,송정동,5117010300,송정동,5117010300108480233,1,대지,848,233,강원특별자치도 동해시 송정동 848-233,511704463157,강원특별자치도 동해시 송정시장길,6,,4217010300008480233008263,,강원특별자치도 동해시 송정시장길 6,240806,25786,,,,129.12517680621,37.4987892934381
MA010120220806354538,여의불교미술원,,G2,소매,G221,기타 상품 소매,G22199,그 외 기타 상품 전문 소매업,G47859,그 외 기타 분류 안된 상품 전문 소매업,11,서울특별시,11380,은평구,11380580,응암1동,1138010700,응암동,1138010700101950029,1,대지,195,29,서울특별시 은평구 응암동 195-29,113803111003,서울특별시 은평구 백련산로,134,,1138010700101950029022671,홍은빌라,서울특별시 은평구 백련산로 134,122908,03475,,1,,126.924459963387,37.5971294031803
MA010120220806938747,굿모닝가발,,G2,소매,G221,기타 상품 소매,G22199,그 외 기타 상품 전문 소매업,G47422,의복 액세서리 및 모조 장신구 소매업,31,울산광역시,31140,남구,31140625,대현동,3114010800,야음동,3114010800105700001,1,대지,570,1,울산광역시 남구 야음동 570-1,311403169026,울산광역시 남구 번영로,66,,3114010800105700001003729,번영로롯데인벤스스위트,울산광역시 남구 번영로 66,680837,44756,,2,,129.331226264045,35.531967670433
MA010120220806025143,미깡상점,,G2,소매,G221,기타 상품 소매,G22199,그 외 기타 상품 전문 소매업,G47859,그 외 기타 분류 안된 상품 전문 소매업,36,세종특별자치시,36110,세종특별자치시,36110515,새롬동,3611010800,새롬동,3611010800105930000,1,대지,593,,세종특별자치시 세종특별자치시 새롬동 593,361103351239,세종특별자치시 세종특별자치시 새롬중앙1로,13,,3611010800103410094000001,새뜸마을메이저시티6단지,세종특별자치시 세종특별자치시 새롬중앙1로 13,339009,30126,,1,,127.249882976788,36.4837114811563
MA010120220806682193,가람,,G2,소매,G221,기타 상품 소매,G22199,그 외 기타 상품 전문 소매업,G47859,그 외 기타 분류 안된 상품 전문 소매업,11,서울특별시,11305,강북구,11305545,송중동,1130510100,미아동,1130510100102580557,1,대지,258,557,서울특별시 강북구 미아동 258-557,113054124453,서울특별시 강북구 오현로9길,156,,1130510100102580557020289,명칭없음,서울특별시 강북구 오현로9길 156,142808,01153,,1,,127.032385733602,37.6234940581195
MA010120220806212180,육기원,,G2,소매,G221,기타 상품 소매,G22199,그 외 기타 상품 전문 소매업,G47859,그 외 기타 분류 안된 상품 전문 소매업,30,대전광역시,30200,유성구,30200546,노은1동,3020011900,노은동,3020011900105530002,1,대지,553,2,대전광역시 유성구 노은동 553-2,302002010004,대전광역시 유성구 한밭대로,138,,3020011900105530002010179,노은노블레스,대전광역시 유성구 한밭대로 138,305325,34145,,1,,127.315828424555,36.3663766040078
MA010120220806215443,드림원정보,,G2,소매,G221,기타 상품 소매,G22199,그 외 기타 상품 전문 소매업,G47859,그 외 기타 분류 안된 상품 전문 소매업,30,대전광역시,30140,중구,30140740,산성동,3014011700,산성동,3014011700101640006,1,대지,164,6,대전광역시 중구 산성동 164-6,301403000093,대전광역시 중구 대둔산로,437,,3014011700101640006003224,남성빌딩,대전광역시 중구 대둔산로 437,301818,34988,,4,,127.387232900966,36.3083560267984
MA010120220807632106,에이스정보통신,,G2,소매,G221,기타 상품 소매,G22199,그 외 기타 상품 전문 소매업,G47859,그 외 기타 분류 안된 상품 전문 소매업,29,광주광역시,29140,서구,29140790,화정4동,2914011900,화정동,2914011900103500014,1,대지,350,14,광주광역시 서구 화정동 350-14,291403160058,광주광역시 서구 화정로,126,,2914011900103500014026944,대주피오레아파트,광주광역시 서구 화정로 126,502244,62025,,4,,126.870819027642,35.144007622378
MA010120220806590532,수자인방재,,G2,소매,G221,기타 상품 소매,G22199,그 외 기타 상품 전문 소매업,G47859,그 외 기타 분류 안된 상품 전문 소매업,11,서울특별시,11215,광진구,11215770,중곡4동,1121510100,중곡동,1121510100102920000,1,대지,292,,서울특별시 광진구 중곡동 292,112153005028,서울특별시 광진구 용마산로,174,,1121510100102920000004818,에스케이,서울특별시 광진구 용마산로 174,143907,04938,,5,,127.086377802869,37.5686325647381
MA010120220806801115,리리올,,G2,소매,G221,기타 상품 소매,G22199,그 외 기타 상품 전문 소매업,G47859,그 외 기타 분류 안된 상품 전문 소매업,11,서울특별시,11305,강북구,11305660,인수동,1130510300,수유동,1130510300105100014,1,대지,510,14,서울특별시 강북구 수유동 510-14,113054124508,서울특별시 강북구 인수봉로55가길,30,,1130510300105100014002134,동익,서울특별시 강북구 인수봉로55가길 30,142885,01024,,1,,127.009562033642,37.6352199471027
MA010120220807839460,한국이벤트,,G2,소매,G221,기타 상품 소매,G22199,그 외 기타 상품 전문 소매업,G47859,그 외 기타 분류 안된 상품 전문 소매업,46,전라남도,46230,광양시,46230250,광양읍,4623025022,광양읍,4623025022108500001,1,대지,850,1,전라남도 광양시 광양읍 구산리 850-1,462304655225,전라남도 광양시 광양읍 서북2길,115,,4623025022108500001000001,칠성E-편한세상,전라남도 광양시 광양읍 서북2길 115,545723,57738,,1,,127.576170821703,34.9748105414187
MA010120220807435541,스마일ST,,G2,소매,G221,기타 상품 소매,G22199,그 외 기타 상품 전문 소매업,G47859,그 외 기타 분류 안된 상품 전문 소매업,31,울산광역시,31140,남구,31140550,신정5동,3114010400,신정동,3114010400118740000,1,대지,1874,,울산광역시 남구 신정동 1874,311403169026,울산광역시 남구 번영로,195,,3114010400101380004008967,동문아뮤티,울산광역시 남구 번영로 195,680015,44687,,3,,129.325246093025,35.5424633932912
MA010120220807197149,에이비씨커피,,G2,소매,G221,기타 상품 소매,G22199,그 외 기타 상품 전문 소매업,G47859,그 외 기타 분류 안된 상품 전문 소매업,52,전북특별자치도,52130,군산시,52130690,수송동,5213014100,수송동,5213014100104160006,1,대지,416,6,전북특별자치도 군산시 수송동 416-6,521304604996,전북특별자치도 군산시 진포2길,8,,4513014100104160006000001,스타팰리스,전북특별자치도 군산시 진포2길 8,573370,54082,,1,,126.716075252006,35.9713233779416
MA010120220806047271,천안무선모형,,G2,소매,G221,기타 상품 소매,G22199,그 외 기타 상품 전문 소매업,G47859,그 외 기타 분류 안된 상품 전문 소매업,44,충청남도,44133,천안시 서북구,44133510,성정1동,4413310200,성정동,4413310200101430004,1,대지,143,4,충청남도 천안시 서북구 성정동 143-4,441333250053,충청남도 천안시 서북구 봉정로,164,,4413310200101430004053396,,충청남도 천안시 서북구 봉정로 164,331998,31143,,1,,127.142482224933,36.8164788577647
MA010120220806049525,충남불교사,,G2,소매,G221,기타 상품 소매,G22199,그 외 기타 상품 전문 소매업,G47859,그 외 기타 분류 안된 상품 전문 소매업,44,충청남도,44131,천안시 동남구,44131510,중앙동,4413110500,영성동,4413110500100530004,1,대지,53,4,충청남도 천안시 동남구 영성동 53-4,441314547412,충청남도 천안시 동남구 수선정길,25,,4413110500100530004023166,,충청남도 천안시 동남구 수선정길 25,330050,31131,,,,127.15182649974,36.8036805385266
MA010120220806058035,금산건강식품,,G2,소매,G221,기타 상품 소매,G22199,그 외 기타 상품 전문 소매업,G47859,그 외 기타 분류 안된 상품 전문 소매업,44,충청남도,44200,아산시,44200570,온양1동,4420010100,온천동,4420010100102150007,1,대지,215,7,충청남도 아산시 온천동 215-7,442004559415,충청남도 아산시 시장남길,13,,4420010100102150007039953,,충청남도 아산시 시장남길 13,336815,31513,,,,127.002139722266,36.7830518105555
MA010120220806062059,미소소방안전,,G2,소매,G221,기타 상품 소매,G22199,그 외 기타 상품 전문 소매업,G47859,그 외 기타 분류 안된 상품 전문 소매업,44,충청남도,44200,아산시,44200600,온양4동,4420010200,실옥동,4420010200102260002,1,대지,226,2,충청남도 아산시 실옥동 226-2,442003253051,충청남도 아산시 실옥로,98,,4420010200102260002000001,,충청남도 아산시 실옥로 98,336020,31503,,,,126.98861694239,36.7903503151952
MA010120220806069891,가마솥집,,G2,소매,G221,기타 상품 소매,G22199,그 외 기타 상품 전문 소매업,G47859,그 외 기타 분류 안된 상품 전문 소매업,44,충청남도,44200,아산시,44200570,온양1동,4420010100,온천동,4420010100103490000,1,대지,349,,충청남도 아산시 온천동 349,442003253052,충청남도 아산시 아산로,28,,4420010100103490000038735,,충청남도 아산시 아산로 28,336817,31507,,,,126.99890210208,36.7851514231874
MA010120220806070516,향기가있는세상,,G2,소매,G221,기타 상품 소매,G22199,그 외 기타 상품 전문 소매업,G47859,그 외 기타 분류 안된 상품 전문 소매업,44,충청남도,44133,천안시 서북구,44133510,성정1동,4413310200,성정동,4413310200107010012,1,대지,701,12,충청남도 천안시 서북구 성정동 701-12,441334550352,충청남도 천안시 서북구 성정3길,37,,4413310200107010012052735,,충청남도 천안시 서북구 성정3길 37,331968,31142,,1,,127.137261701305,36.8177195181706
MA010120220806054008,신항계분,,G2,소매,G221,기타 상품 소매,G22199,그 외 기타 상품 전문 소매업,G47859,그 외 기타 분류 안된 상품 전문 소매업,44,충청남도,44200,아산시,44200360,둔포면,4420036026,둔포면,4420036026101130008,1,대지,113,8,충청남도 아산시 둔포면 신항리 113-8,442004559681,충청남도 아산시 둔포면 윤보선로336번길,56,5,4420036026101130008076391,,충청남도 아산시 둔포면 윤보선로336번길 56-5,336873,31421,,,,127.020577436982,36.9011670754722
MA010120220806070594,병천석재,,G2,소매,G221,기타 상품 소매,G22199,그 외 기타 상품 전문 소매업,G47859,그 외 기타 분류 안된 상품 전문 소매업,44,충청남도,44131,천안시 동남구,44131360,병천면,4413136022,병천면,4413136022101760005,1,대지,176,5,충청남도 천안시 동남구 병천면 병천리 176-5,441313249055,충청남도 천안시 동남구 병천면 충절로,1778,,4413136022101760005046001,,충청남도 천안시 동남구 병천면 충절로 1778,330861,31254,,,,127.302178602877,36.7621677002425
MA010120220806051709,각원사봉향각,,G2,소매,G221,기타 상품 소매,G22199,그 외 기타 상품 전문 소매업,G47859,그 외 기타 분류 안된 상품 전문 소매업,44,충청남도,44131,천안시 동남구,44131590,신안동,4413111900,안서동,4413111900105290000,1,대지,529,,충청남도 천안시 동남구 안서동 529,441314547012,충청남도 천안시 동남구 각원사길,215,,4413111900101680000004331,골짜기휴게소,충청남도 천안시 동남구 각원사길 215,330997,31066,,,,127.193387752162,36.834555273567
MA010120220806060181,국민상회,,G2,소매,G221,기타 상품 소매,G22199,그 외 기타 상품 전문 소매업,G47859,그 외 기타 분류 안된 상품 전문 소매업,44,충청남도,44131,천안시 동남구,44131510,중앙동,4413110400,사직동,4413110400101760005,1,대지,176,5,충청남도 천안시 동남구 사직동 176-5,441314547721,충청남도 천안시 동남구 큰시장길,32,,4413110400101760005024056,,충청남도 천안시 동남구 큰시장길 32,330040,31129,,,,127.150186913148,36.8018623750489
MA010120220806060201,파티앤벌룬천안지사,코리아,G2,소매,G221,기타 상품 소매,G22199,그 외 기타 상품 전문 소매업,G47859,그 외 기타 분류 안된 상품 전문 소매업,44,충청남도,44133,천안시 서북구,44133590,부성2동,4413310400,두정동,4413310400108620000,1,대지,862,,충청남도 천안시 서북구 두정동 862,441334550553,충청남도 천안시 서북구 원두정6길,39,9,4413310400108620000000001,,충청남도 천안시 서북구 원두정6길 39-9,331959,31107,,,,127.13766847731,36.8320737028669
MA010120220806062354,자하생식원,,G2,소매,G221,기타 상품 소매,G22199,그 외 기타 상품 전문 소매업,G47859,그 외 기타 분류 안된 상품 전문 소매업,44,충청남도,44200,아산시,44200590,온양3동,4420011300,모종동,4420011300103890001,1,대지,389,1,충청남도 아산시 모종동 389-1,442003253090,충청남도 아산시 문화로,319,,4420011300103890001041440,,충청남도 아산시 문화로 319,336801,31525,,,,127.017420559577,36.7844112382857
MA010120220806056362,경기농약사,,G2,소매,G221,기타 상품 소매,G22199,그 외 기타 상품 전문 소매업,G47859,그 외 기타 분류 안된 상품 전문 소매업,44,충청남도,44133,천안시 서북구,44133250,성환읍,4413325021,성환읍,4413325021104490181,1,대지,449,181,충청남도 천안시 서북구 성환읍 성환리 449-181,441334550375,충청남도 천안시 서북구 성환읍 성환11길,11,8,4413325021104490181015500,,충청남도 천안시 서북구 성환읍 성환11길 11-8,331805,31016,,,,127.129224935361,36.9171380858283
MA010120220806062636,온양약업사,,G2,소매,G221,기타 상품 소매,G22199,그 외 기타 상품 전문 소매업,G47859,그 외 기타 분류 안된 상품 전문 소매업,44,충청남도,44200,아산시,44200570,온양1동,4420010100,온천동,4420010100101090020,1,대지,109,20,충청남도 아산시 온천동 109-20,442003249071,충청남도 아산시 충무로,29,,4420010100101040017040949,,충청남도 아산시 충무로 29,336011,31513,,,,127.004862033961,36.7837996561534
MA010120220806071545,한서야생산삼유통센타,,G2,소매,G221,기타 상품 소매,G22199,그 외 기타 상품 전문 소매업,G47859,그 외 기타 분류 안된 상품 전문 소매업,44,충청남도,44210,서산시,44210380,운산면,4421038035,운산면,4421038035101700001,1,대지,170,1,충청남도 서산시 운산면 가좌리 170-1,442104562115,충청남도 서산시 운산면 남댕동길,133,43,4421038035101700001000001,,충청남도 서산시 운산면 남댕동길 133-43,356831,31947,,,,126.565605968021,36.7946038649456
MA010120220806050321,매표소,,G2,소매,G221,기타 상품 소매,G22199,그 외 기타 상품 전문 소매업,G47859,그 외 기타 분류 안된 상품 전문 소매업,44,충청남도,44133,천안시 서북구,44133256,직산읍,4413325631,직산읍,4413325631102340001,1,대지,234,1,충청남도 천안시 서북구 직산읍 양당리 234-1,441333250024,충청남도 천안시 서북구 직산읍 부송로,191,,4413325631102340001030077,,충청남도 천안시 서북구 직산읍 부송로 191,331813,31029,,,,127.112632175126,36.8823906481902
MA010120220806059047,제이드브러시,,G2,소매,G221,기타 상품 소매,G22199,그 외 기타 상품 전문 소매업,G47859,그 외 기타 분류 안된 상품 전문 소매업,30,대전광역시,30110,동구,30110545,신인동,3011010200,인동,3011010200100770025,1,대지,77,25,대전광역시 동구 인동 77-25,301103164006,대전광역시 동구 대전천동로,474,23,3011010200100770025000001,,대전광역시 동구 대전천동로 474-23,300827,34631,,,,127.435099714926,36.324421620173
MA010120220806065060,서해총포사,,G2,소매,G221,기타 상품 소매,G22199,그 외 기타 상품 전문 소매업,G47859,그 외 기타 분류 안된 상품 전문 소매업,44,충청남도,44200,아산시,44200360,둔포면,4420036021,둔포면,4420036021104140009,1,대지,414,9,충청남도 아산시 둔포면 둔포리 414-9,442003000116,충청남도 아산시 둔포면 둔포중앙로,146,,4420036021104140009067778,,충청남도 아산시 둔포면 둔포중앙로 146,336872,31403,,,,127.037790766232,36.9277361495132
MA010120220806044111,천안불교상회,,G2,소매,G221,기타 상품 소매,G22199,그 외 기타 상품 전문 소매업,G47859,그 외 기타 분류 안된 상품 전문 소매업,44,충청남도,44131,천안시 동남구,44131510,중앙동,4413110400,사직동,4413110400101490000,1,대지,149,,충청남도 천안시 동남구 사직동 149,441313249021,충청남도 천안시 동남구 사직로,21,,4413110400101490000025115,,충청남도 천안시 동남구 사직로 21,330040,31129,,,,127.149156484919,36.8021069719127
MA010120220806046341,아이센스,,G2,소매,G221,기타 상품 소매,G22199,그 외 기타 상품 전문 소매업,G47859,그 외 기타 분류 안된 상품 전문 소매업,44,충청남도,44270,당진시,44270380,신평면,4427038024,신평면,4427038024105130003,1,대지,513,3,충청남도 당진시 신평면 상오리 513-3,442703265122,충청남도 당진시 신평면 덕평로,1310,,4427038024105130003000001,,충청남도 당진시 신평면 덕평로 1310,343815,31747,,,,126.752806487886,36.8718423183145
MA010120220806048885,대본,,G2,소매,G221,기타 상품 소매,G22199,그 외 기타 상품 전문 소매업,G47859,그 외 기타 분류 안된 상품 전문 소매업,28,인천광역시,28245,계양구,28245601,효성1동,2824510100,효성동,2824510100102770009,1,대지,277,9,인천광역시 계양구 효성동 277-9,282453008032,인천광역시 계양구 새벌로,132,,2824510100102770009209239,,인천광역시 계양구 새벌로 132,407829,21110,,,,126.717145198728,37.5287355607631
MA010120220806055241,U.SJunk,,G2,소매,G221,기타 상품 소매,G22199,그 외 기타 상품 전문 소매업,G47859,그 외 기타 분류 안된 상품 전문 소매업,44,충청남도,44200,아산시,44200380,인주면,4420038025,인주면,4420038025100360074,1,대지,36,74,충청남도 아산시 인주면 밀두리 36-74,442004559579,충청남도 아산시 인주면 영인산로117번길,9,20,4420038025100360074061905,U,충청남도 아산시 인주면 영인산로117번길 9-20,336831,31434,,,,126.897002946987,36.8660353932703
MA010120220806057511,천안축산기구,,G2,소매,G221,기타 상품 소매,G22199,그 외 기타 상품 전문 소매업,G47859,그 외 기타 분류 안된 상품 전문 소매업,44,충청남도,44131,천안시 동남구,44131560,일봉동,4413111400,다가동,4413111400100300000,1,대지,30,,충청남도 천안시 동남구 다가동 30,441313249067,충청남도 천안시 동남구 풍세로,933,,4413111400100300000026926,주공4단지,충청남도 천안시 동남구 풍세로 933,330733,31188,,,,127.150092351729,36.7935992949487
MA010120220806057730,현대상사,,G2,소매,G221,기타 상품 소매,G22199,그 외 기타 상품 전문 소매업,G47859,그 외 기타 분류 안된 상품 전문 소매업,44,충청남도,44131,천안시 동남구,44131570,신방동,4413111600,신방동,4413111600107800000,1,대지,780,,충청남도 천안시 동남구 신방동 780,441314547457,충청남도 천안시 동남구 신촌1길,26,7,4413111600107800000035626,,충청남도 천안시 동남구 신촌1길 26-7,330940,31177,,,,127.11895681271,36.7870653896598
MA010120220806065651,둔포농약사,,G2,소매,G221,기타 상품 소매,G22199,그 외 기타 상품 전문 소매업,G47859,그 외 기타 분류 안된 상품 전문 소매업,44,충청남도,44200,아산시,44200360,둔포면,4420036027,둔포면,4420036027103350000,1,대지,335,,충청남도 아산시 둔포면 관대리 335,442004559061,충청남도 아산시 둔포면 관대길39번길,15,,4420036027103350000084886,,충청남도 아산시 둔포면 관대길39번길 15,336871,31411,,,,127.031663587901,36.9031380412571
MA010120220806069517,친환경농업컨설팅,,G2,소매,G221,기타 상품 소매,G22199,그 외 기타 상품 전문 소매업,G47859,그 외 기타 분류 안된 상품 전문 소매업,44,충청남도,44133,천안시 서북구,44133580,부성1동,4413311100,부대동,4413311100101050017,1,대지,105,17,충청남도 천안시 서북구 부대동 105-17,441334550231,충청남도 천안시 서북구 부대3길,8,16,4413311100101050017044043,,충청남도 천안시 서북구 부대3길 8-16,331240,31084,,1,,127.15522484755,36.8440187676381
MA010120220806068034,해피상사,,G2,소매,G221,기타 상품 소매,G22199,그 외 기타 상품 전문 소매업,G47859,그 외 기타 분류 안된 상품 전문 소매업,44,충청남도,44131,천안시 동남구,44131560,일봉동,4413111400,다가동,4413111400100280014,1,대지,28,14,충청남도 천안시 동남구 다가동 28-14,441313249067,충청남도 천안시 동남구 풍세로,945,,4413111400100280014030883,,충청남도 천안시 동남구 풍세로 945,330110,31188,,,,127.149832320459,36.7924011425167
MA010120220806044629,대풍농약종묘사,,G2,소매,G221,기타 상품 소매,G22199,그 외 기타 상품 전문 소매업,G47859,그 외 기타 분류 안된 상품 전문 소매업,44,충청남도,44131,천안시 동남구,44131510,중앙동,4413110400,사직동,4413110400100090001,1,대지,9,1,충청남도 천안시 동남구 사직동 9-1,441313249034,충청남도 천안시 동남구 영성로,57,,4413110400100090001020214,중앙시장,충청남도 천안시 동남구 영성로 57,330040,31129,,1,,127.149797706458,36.8033947554812
MA010120220806044634,한도농약종묘사,,G2,소매,G221,기타 상품 소매,G22199,그 외 기타 상품 전문 소매업,G47859,그 외 기타 분류 안된 상품 전문 소매업,44,충청남도,44131,천안시 동남구,44131510,중앙동,4413110500,영성동,4413110500101130007,1,대지,113,7,충청남도 천안시 동남구 영성동 113-7,441313249006,충청남도 천안시 동남구 대흥로,102,,4413110500101130007025520,,충청남도 천안시 동남구 대흥로 102,330050,31131,,,,127.151325275818,36.7995270525537
MA010120220806057897,법승불교,백화점,G2,소매,G221,기타 상품 소매,G22199,그 외 기타 상품 전문 소매업,G47859,그 외 기타 분류 안된 상품 전문 소매업,44,충청남도,44200,아산시,44200600,온양4동,4420010300,방축동,4420010300101560000,1,대지,156,,충청남도 아산시 방축동 156,442003015033,충청남도 아산시 온천대로,1237,,4420010300101560000000001,,충청남도 아산시 온천대로 1237,336070,31501,,,,126.976192724171,36.7877893123753
MA010120220806061916,하트뱅크,,G2,소매,G221,기타 상품 소매,G22199,그 외 기타 상품 전문 소매업,G47859,그 외 기타 분류 안된 상품 전문 소매업,44,충청남도,44133,천안시 서북구,44133253,성거읍,4413325331,성거읍,4413325331101380008,1,대지,138,8,충청남도 천안시 서북구 성거읍 요방리 138-8,441333250051,충청남도 천안시 서북구 성거읍 망향로,371,,4413325331101380008039784,,충청남도 천안시 서북구 성거읍 망향로 371,331834,31053,,,,127.183871568276,36.8538269801331
MA010120220806066006,백작맞춤가발,,G2,소매,G221,기타 상품 소매,G22199,그 외 기타 상품 전문 소매업,G47422,의복 액세서리 및 모조 장신구 소매업,11,서울특별시,11740,강동구,11740640,성내1동,1174010800,성내동,1174010800105530020,1,대지,553,20,서울특별시 강동구 성내동 553-20,117403124006,서울특별시 강동구 성내로,4,,1174010800105530020006793,,서울특별시 강동구 성내로 4,134851,05398,,3,,127.121179428276,37.5304086659667
MA010120220806089833,맥스,,G2,소매,G221,기타 상품 소매,G22199,그 외 기타 상품 전문 소매업,G47859,그 외 기타 분류 안된 상품 전문 소매업,44,충청남도,44133,천안시 서북구,44133510,성정1동,4413310200,성정동,4413310200109940000,1,대지,994,,충청남도 천안시 서북구 성정동 994,441333015009,충청남도 천안시 서북구 백석로,210,,4413310200109940000052388,,충청남도 천안시 서북구 백석로 210,331970,31140,,2,,127.132881198641,36.8187247251633
MA010120220806112077,식송,,G2,소매,G221,기타 상품 소매,G22199,그 외 기타 상품 전문 소매업,G47859,그 외 기타 분류 안된 상품 전문 소매업,44,충청남도,44200,아산시,44200360,둔포면,4420036035,둔포면,4420036035101860006,1,대지,186,6,충청남도 아산시 둔포면 염작리 186-6,442004559710,충청남도 아산시 둔포면 이화길157번길,33,9,4420036035101860006071166,,충청남도 아산시 둔포면 이화길157번길 33-9,336875,31410,,,,127.077986324158,36.9195526509425
MA010120220806118459,고달선원,,G2,소매,G221,기타 상품 소매,G22199,그 외 기타 상품 전문 소매업,G47859,그 외 기타 분류 안된 상품 전문 소매업,41,경기도,41463,용인시 기흥구,41463510,신갈동,4146310100,신갈동,4146310100100530012,1,대지,53,12,경기도 용인시 기흥구 신갈동 53-12,414634412167,경기도 용인시 기흥구 신갈로58번길,17,,4146310100100530012022404,,경기도 용인시 기흥구 신갈로58번길 17,446596,16969,,3,,127.107595934806,37.2725767129069
MA010120220806081006,자비불교사,,G2,소매,G221,기타 상품 소매,G22199,그 외 기타 상품 전문 소매업,G47859,그 외 기타 분류 안된 상품 전문 소매업,44,충청남도,44200,아산시,44200580,온양2동,4420010100,온천동,4420010100102030006,1,대지,203,6,충청남도 아산시 온천동 203-6,442003253010,충청남도 아산시 남산로,45,,4420010100102030006038595,,충청남도 아산시 남산로 45,336818,31566,,,,126.998644510559,36.7806999104795
MA010120220806089910,제일상사,,G2,소매,G221,기타 상품 소매,G22199,그 외 기타 상품 전문 소매업,G47859,그 외 기타 분류 안된 상품 전문 소매업,44,충청남도,44200,아산시,44200580,온양2동,4420010100,온천동,4420010100101670007,1,대지,167,7,충청남도 아산시 온천동 167-7,442003253047,충청남도 아산시 시민로,316,,4420010100101670007038218,,충청남도 아산시 시민로 316,336818,31570,,,,126.996684223144,36.7776541000341
MA010120220806098174,민속불교사,,G2,소매,G221,기타 상품 소매,G22199,그 외 기타 상품 전문 소매업,G47859,그 외 기타 분류 안된 상품 전문 소매업,44,충청남도,44200,아산시,44200610,온양5동,4420011200,용화동,4420011200102620001,1,대지,262,1,충청남도 아산시 용화동 262-1,442004559398,충청남도 아산시 시민로303번길,10,,4420011200102620001000001,,충청남도 아산시 시민로303번길 10,336050,31566,,,,126.995037581978,36.7769511720697
MA010120220806112441,태성바이오,,G2,소매,G221,기타 상품 소매,G22199,그 외 기타 상품 전문 소매업,G47859,그 외 기타 분류 안된 상품 전문 소매업,44,충청남도,44131,천안시 동남구,44131360,병천면,4413136023,병천면,4413136023103320002,1,대지,332,2,충청남도 천안시 동남구 병천면 탑원리 332-2,441314547724,충청남도 천안시 동남구 병천면 탑원1길,67,2,4413136023103320002049594,,충청남도 천안시 동남구 병천면 탑원1길 67-2,330863,31256,,,,127.304513941347,36.7579715605086
MA010120220806115762,미듬종합상사,,G2,소매,G221,기타 상품 소매,G22199,그 외 기타 상품 전문 소매업,G47859,그 외 기타 분류 안된 상품 전문 소매업,44,충청남도,44133,천안시 서북구,44133253,성거읍,4413325324,성거읍,4413325324101290009,1,대지,129,9,충청남도 천안시 서북구 성거읍 오색당리 129-9,441334550171,충청남도 천안시 서북구 성거읍 모전1길,121,,4413325324101290009000001,,충청남도 천안시 서북구 성거읍 모전1길 121,331831,31045,,,,127.193277692793,36.8888017917942
MA010120220806087209,도고성인용품점,,G2,소매,G221,기타 상품 소매,G22199,그 외 기타 상품 전문 소매업,G47859,그 외 기타 분류 안된 상품 전문 소매업,44,충청남도,44200,아산시,44200400,도고면,4420040033,도고면,4420040033104210007,1,대지,421,7,충청남도 아산시 도고면 향산리 421-7,442003015031,충청남도 아산시 도고면 도고산로,716,,4420040033104210007027003,,충청남도 아산시 도고면 도고산로 716,336912,31550,,,,126.88708033166,36.7498551379747
MA010120220806104341,남산불교만물상회,,G2,소매,G221,기타 상품 소매,G22199,그 외 기타 상품 전문 소매업,G47859,그 외 기타 분류 안된 상품 전문 소매업,44,충청남도,44131,천안시 동남구,44131510,중앙동,4413110500,영성동,4413110500101070010,1,대지,107,10,충청남도 천안시 동남구 영성동 107-10,441313249034,충청남도 천안시 동남구 영성로,16,,4413110500101070010026780,,충청남도 천안시 동남구 영성로 16,330050,31131,,,,127.151012081591,36.7998067953276
MA010120220806104362,도원항아리,,G2,소매,G221,기타 상품 소매,G22199,그 외 기타 상품 전문 소매업,G47859,그 외 기타 분류 안된 상품 전문 소매업,30,대전광역시,30140,중구,30140575,대흥동,3014010500,대흥동,3014010500103850011,1,대지,385,11,대전광역시 중구 대흥동 385-11,301404295589,대전광역시 중구 충무로107번길,41,32,3014010500103850011010188,,대전광역시 중구 충무로107번길 41-32,301806,34937,,,,127.426833506858,36.3198193710168
MA010120220806110201,흥농팜아그로,,G2,소매,G221,기타 상품 소매,G22199,그 외 기타 상품 전문 소매업,G47859,그 외 기타 분류 안된 상품 전문 소매업,44,충청남도,44131,천안시 동남구,44131310,풍세면,4413131025,풍세면,4413131025101380000,1,대지,138,,충청남도 천안시 동남구 풍세면 남관리 138,441313249067,충청남도 천안시 동남구 풍세면 풍세로,471,,4413131025101380000051111,,충청남도 천안시 동남구 풍세면 풍세로 471,330911,31213,,1,,127.127273158324,36.7552924241959
MA010120220806107311,박승철위그스튜디오천안.,아산점,G2,소매,G221,기타 상품 소매,G22199,그 외 기타 상품 전문 소매업,G47422,의복 액세서리 및 모조 장신구 소매업,44,충청남도,44200,아산시,44200253,배방읍,4420025331,배방읍,4420025331117550000,1,대지,1755,,충청남도 아산시 배방읍 장재리 1755,442002250003,충청남도 아산시 배방읍 고속철대로,147,,4420025331117550000000001,우성메디피아,충청남도 아산시 배방읍 고속철대로 147,336857,31470,,,,127.105762380403,36.797449669566
MA010120220806118988,다올유통,,G2,소매,G221,기타 상품 소매,G22199,그 외 기타 상품 전문 소매업,G47859,그 외 기타 분류 안된 상품 전문 소매업,26,부산광역시,26260,동래구,26260750,안락2동,2626010200,안락동,2626010200104680028,1,대지,468,28,부산광역시 동래구 안락동 468-28,262604190341,부산광역시 동래구 안락로125번가길,10,,2626010200104680028020839,빌딩,부산광역시 동래구 안락로125번가길 10,607826,47785,,1,,129.11138198891,35.1994755860194
MA010120220806078699,광령장묘석재,,G2,소매,G221,기타 상품 소매,G22199,그 외 기타 상품 전문 소매업,G47519,"페인트, 창호 및 기타 건설자재 소매업",44,충청남도,44131,천안시 동남구,44131320,광덕면,4413132029,광덕면,4413132029101800001,1,대지,180,1,충청남도 천안시 동남구 광덕면 행정리 180-1,441313249003,충청남도 천안시 동남구 광덕면 광덕로,450,,4413132029101800001074386,,충청남도 천안시 동남구 광덕면 광덕로 450,330922,31223,,,,127.149151385791,36.6837447887928
MA010120220806119304,한누리안전,,G2,소매,G221,기타 상품 소매,G22199,그 외 기타 상품 전문 소매업,G47859,그 외 기타 분류 안된 상품 전문 소매업,48,경상남도,48870,함양군,48870250,함양읍,4887025028,함양읍,4887025028103090010,1,대지,309,10,경상남도 함양군 함양읍 백연리 309-10,488704838219,경상남도 함양군 함양읍 삼휴길,29,10,4887025028103090002000001,,경상남도 함양군 함양읍 삼휴길 29-10,676803,50044,,,,127.717963158997,35.517237280842
MA010120220806088051,한서심마니산삼협회,,G2,소매,G221,기타 상품 소매,G22199,그 외 기타 상품 전문 소매업,G47859,그 외 기타 분류 안된 상품 전문 소매업,44,충청남도,44210,서산시,44210380,운산면,4421038035,운산면,4421038035101700001,1,대지,170,1,충청남도 서산시 운산면 가좌리 170-1,442104562115,충청남도 서산시 운산면 남댕동길,133,43,4421038035101700001000001,,충청남도 서산시 운산면 남댕동길 133-43,356831,31947,,,,126.565605968021,36.7946038649456
MA010120220806088171,시나브로누수설비,,G2,소매,G221,기타 상품 소매,G22199,그 외 기타 상품 전문 소매업,G47859,그 외 기타 분류 안된 상품 전문 소매업,44,충청남도,44200,아산시,44200410,신창면,4420041025,신창면,4420041025100290004,1,대지,29,4,충청남도 아산시 신창면 행목리 29-4,442004559801,충청남도 아산시 신창면 행목로192번길,73,93,4420041025100290004022356,,충청남도 아산시 신창면 행목로192번길 73-93,336884,31558,,,,126.966519082223,36.7737295783212
MA010120220806093541,파티사랑,,G2,소매,G221,기타 상품 소매,G22199,그 외 기타 상품 전문 소매업,G47859,그 외 기타 분류 안된 상품 전문 소매업,44,충청남도,44133,천안시 서북구,44133590,부성2동,4413310400,두정동,4413310400106110001,1,대지,611,1,충청남도 천안시 서북구 두정동 611-1,441334550072,충청남도 천안시 서북구 늘푸른3길,7,1,4413310400106110001049131,,충청남도 천안시 서북구 늘푸른3길 7-1,331958,31099,,,,127.127770841388,36.8257409522867
MA010120220806117071,천안밧데리,,G2,소매,G221,기타 상품 소매,G22199,그 외 기타 상품 전문 소매업,G45212,자동차용 전용 신품 부품 판매업,44,충청남도,44131,천안시 동남구,44131590,신안동,4413111800,신부동,4413111800103980003,1,대지,398,3,충청남도 천안시 동남구 신부동 398-3,441313249040,충청남도 천안시 동남구 중앙로,247,,4413111800103980003005696,,충청남도 천안시 동남구 중앙로 247,330993,31117,,1,,127.151624176241,36.8204144107134
MA010120220806091005,금산인삼도매,,G2,소매,G221,기타 상품 소매,G22199,그 외 기타 상품 전문 소매업,G47859,그 외 기타 분류 안된 상품 전문 소매업,44,충청남도,44200,아산시,44200570,온양1동,4420010100,온천동,4420010100102150019,1,대지,215,19,충청남도 아산시 온천동 215-19,442004559412,충청남도 아산시 시장길,16,,4420010100102150019036960,,충청남도 아산시 시장길 16,336815,31513,,,,127.002352582207,36.7833131299895
MA010120220806099700,예인축산,,G2,소매,G221,기타 상품 소매,G22199,그 외 기타 상품 전문 소매업,G47859,그 외 기타 분류 안된 상품 전문 소매업,44,충청남도,44200,아산시,44200350,음봉면,4420035031,음봉면,4420035031101960001,1,대지,196,1,충청남도 아산시 음봉면 쌍룡리 196-1,442004559558,충청남도 아산시 음봉면 연암율금로431번길,12,,4420035031101960001073769,,충청남도 아산시 음봉면 연암율금로431번길 12,336865,31414,,,,127.069822328273,36.8769898754497
MA010120220806079380,생활잡화성인용품,,G2,소매,G221,기타 상품 소매,G22199,그 외 기타 상품 전문 소매업,G47859,그 외 기타 분류 안된 상품 전문 소매업,44,충청남도,44200,아산시,44200620,온양6동,4420010900,좌부동,4420010900102230000,1,대지,223,,충청남도 아산시 좌부동 223,442003253046,충청남도 아산시 순천향로,959,,4420010900102230000045014,좌측상가,충청남도 아산시 순천향로 959,336210,31581,,1,,127.027136648564,36.7615570946518
MA010120220806091246,금산인삼도매집,,G2,소매,G221,기타 상품 소매,G22199,그 외 기타 상품 전문 소매업,G47859,그 외 기타 분류 안된 상품 전문 소매업,44,충청남도,44131,천안시 동남구,44131510,중앙동,4413110400,사직동,4413110400101460000,1,대지,146,,충청남도 천안시 동남구 사직동 146,441313249021,충청남도 천안시 동남구 사직로,19,,4413110400101460000025069,,충청남도 천안시 동남구 사직로 19,330040,31129,,,,127.149156240271,36.8019808165925
MA010120220806100030,미래모,,G2,소매,G221,기타 상품 소매,G22199,그 외 기타 상품 전문 소매업,G47422,의복 액세서리 및 모조 장신구 소매업,44,충청남도,44133,천안시 서북구,44133520,성정2동,4413310200,성정동,4413310200106190007,1,대지,619,7,충청남도 천안시 서북구 성정동 619-7,441332249004,충청남도 천안시 서북구 쌍용대로,302,,4413310200106190007048892,,충청남도 천안시 서북구 쌍용대로 302,331936,31134,,3,,127.137273400988,36.8242705662082
MA010120220806088797,이바이오팜,,G2,소매,G221,기타 상품 소매,G22199,그 외 기타 상품 전문 소매업,G47859,그 외 기타 분류 안된 상품 전문 소매업,44,충청남도,44131,천안시 동남구,44131360,병천면,4413136023,병천면,4413136023103330001,1,대지,333,1,충청남도 천안시 동남구 병천면 탑원리 333-1,441314547724,충청남도 천안시 동남구 병천면 탑원1길,72,,4413136023103330001005249,,충청남도 천안시 동남구 병천면 탑원1길 72,330863,31256,,,,127.304985437871,36.7582587098767
MA010120220806083233,금강파워텍,,G2,소매,G221,기타 상품 소매,G22199,그 외 기타 상품 전문 소매업,G47859,그 외 기타 분류 안된 상품 전문 소매업,44,충청남도,44133,천안시 서북구,44133580,부성1동,4413310400,두정동,4413310400115390000,1,대지,1539,,충청남도 천안시 서북구 두정동 1539,441333250030,충청남도 천안시 서북구 성정두정로,126,,4413310400115390000045162,,충청남도 천안시 서북구 성정두정로 126,331962,31102,,1,,127.142093739254,36.836709196645
MA010120220806100301,핑크레이디,,G2,소매,G221,기타 상품 소매,G22199,그 외 기타 상품 전문 소매업,G47859,그 외 기타 분류 안된 상품 전문 소매업,44,충청남도,44133,천안시 서북구,44133510,성정1동,4413310200,성정동,4413310200107030008,1,대지,703,8,충청남도 천안시 서북구 성정동 703-8,441332249004,충청남도 천안시 서북구 쌍용대로,224,,4413310200107030008052501,,충청남도 천안시 서북구 쌍용대로 224,331968,31142,,1,,127.135658133907,36.8172347592238
MA010120220806080092,천안소방,백화점,G2,소매,G221,기타 상품 소매,G22199,그 외 기타 상품 전문 소매업,G47859,그 외 기타 분류 안된 상품 전문 소매업,44,충청남도,44131,천안시 동남구,44131540,원성2동,4413110700,원성동,4413110700106500008,1,대지,650,8,충청남도 천안시 동남구 원성동 650-8,441313249071,충청남도 천안시 동남구 충무로,527,,4413110700106500008028118,,충청남도 천안시 동남구 충무로 527,330954,31187,,,,127.16399736761,36.7991047543877
MA010120220806094877,yh스토리,,G2,소매,G221,기타 상품 소매,G22199,그 외 기타 상품 전문 소매업,G47859,그 외 기타 분류 안된 상품 전문 소매업,41,경기도,41480,파주시,41480540,교하동,4148011000,오도동,4148011000100190019,1,대지,19,19,경기도 파주시 오도동 19-19,414804418679,경기도 파주시 장명산길,205,3,4148025924100190019015276,,경기도 파주시 장명산길 205-3,413070,10864,,,,126.728399058234,37.7473853566631
MA010120220806103571,대성상사,,G2,소매,G221,기타 상품 소매,G22199,그 외 기타 상품 전문 소매업,G47859,그 외 기타 분류 안된 상품 전문 소매업,44,충청남도,44200,아산시,44200590,온양3동,4420011400,권곡동,4420011400105460060,1,대지,546,60,충청남도 아산시 권곡동 546-60,442003253091,충청남도 아산시 번영로,159,,4420011400105460060031933,,충청남도 아산시 번영로 159,336030,31519,,1,,127.008592792001,36.7856917869104
MA010120220806080370,아산건재약업사,,G2,소매,G221,기타 상품 소매,G22199,그 외 기타 상품 전문 소매업,G47859,그 외 기타 분류 안된 상품 전문 소매업,44,충청남도,44200,아산시,44200570,온양1동,4420010100,온천동,4420010100102420025,1,대지,242,25,충청남도 아산시 온천동 242-25,442004559403,충청남도 아산시 시민로393번길,7,1,4420010100102420025031853,,충청남도 아산시 시민로393번길 7-1,336011,31507,,,,127.000201651037,36.7837456884273
MA010120220806111866,바로체크정보통신,,G2,소매,G221,기타 상품 소매,G22199,그 외 기타 상품 전문 소매업,G47859,그 외 기타 분류 안된 상품 전문 소매업,44,충청남도,44200,아산시,44200610,온양5동,4420011200,용화동,4420011200107000000,1,대지,700,,충청남도 아산시 용화동 700,442004559394,충청남도 아산시 시민로258번길,3,11,4420011200107000000040020,,충청남도 아산시 시민로258번길 3-11,336050,31569,,,,126.995284216894,36.7737792518735
MA010120220806133871,블루웍스,,G2,소매,G221,기타 상품 소매,G22199,그 외 기타 상품 전문 소매업,G47859,그 외 기타 분류 안된 상품 전문 소매업,43,충청북도,43760,괴산군,43760250,괴산읍,4376025029,괴산읍,4376025029105700002,1,대지,570,2,충청북도 괴산군 괴산읍 대덕리 570-2,437604854203,충청북도 괴산군 괴산읍 대제산단2길,71,,4376025029105700002000001,,충청북도 괴산군 괴산읍 대제산단2길 71,367801,28023,,,,127.813727634181,36.8182314371302
MA010120220806152167,서천냉동냉장,,G2,소매,G221,기타 상품 소매,G22199,그 외 기타 상품 전문 소매업,G47859,그 외 기타 분류 안된 상품 전문 소매업,44,충청남도,44770,서천군,44770253,서천읍,4477025321,서천읍,4477025321102260001,1,대지,226,1,충청남도 서천군 서천읍 군사리 226-1,447703260045,충청남도 서천군 서천읍 서문로,58,1,4477025321102260001030155,,충청남도 서천군 서천읍 서문로 58-1,325802,33637,,,,126.70172140619,36.0792554530641
MA010120220806150183,서해농약종묘사,,G2,소매,G221,기타 상품 소매,G22199,그 외 기타 상품 전문 소매업,G47859,그 외 기타 분류 안된 상품 전문 소매업,44,충청남도,44770,서천군,44770410,서면,4477041026,서면,4477041026104830001,1,대지,483,1,충청남도 서천군 서면 신합리 483-1,447703260009,충청남도 서천군 서면 서인로,737,,4477041026104830001023774,,충청남도 서천군 서면 서인로 737,325892,33602,,,,126.547008819641,36.1519306023534
MA010120220806127257,아산원예농업협동조합,,G2,소매,G221,기타 상품 소매,G22199,그 외 기타 상품 전문 소매업,G47859,그 외 기타 분류 안된 상품 전문 소매업,44,충청남도,44200,아산시,44200590,온양3동,4420011300,모종동,4420011300103380001,1,대지,338,1,충청남도 아산시 모종동 338-1,442003253022,충청남도 아산시 모종로,49,,4420011300103380001000001,,충청남도 아산시 모종로 49,336801,31517,,,,127.022316572492,36.7855548366652
MA010120220806157116,약불,,G2,소매,G221,기타 상품 소매,G22199,그 외 기타 상품 전문 소매업,G47859,그 외 기타 분류 안된 상품 전문 소매업,47,경상북도,47730,의성군,47730370,금성면,4773037041,금성면,4773037041103010000,1,대지,301,,경상북도 의성군 금성면 만천리 301,477303315001,경상북도 의성군 금성면 공룡로,468,,4773037041103010000000001,,경상북도 의성군 금성면 공룡로 468,769854,37351,,,,128.723682415088,36.2958803790819
MA010120220806166352,보령소방,,G2,소매,G221,기타 상품 소매,G22199,그 외 기타 상품 전문 소매업,G47859,그 외 기타 분류 안된 상품 전문 소매업,44,충청남도,44180,보령시,44180525,대천2동,4418010100,대천동,4418010100104520033,1,대지,452,33,충청남도 보령시 대천동 452-33,441803252020,충청남도 보령시 보령북로,128,,4418010100104520033022278,,충청남도 보령시 보령북로 128,355931,33439,,,,126.592418662652,36.3544016091836
MA010120220806127489,성환농협경제사업소,,G2,소매,G221,기타 상품 소매,G22199,그 외 기타 상품 전문 소매업,G47859,그 외 기타 분류 안된 상품 전문 소매업,44,충청남도,44133,천안시 서북구,44133250,성환읍,4413325034,성환읍,4413325034101840008,1,대지,184,8,충청남도 천안시 서북구 성환읍 대홍리 184-8,441334550084,충청남도 천안시 서북구 성환읍 대홍3길,6,,4413325034101840008035296,,충청남도 천안시 서북구 성환읍 대홍3길 6,331801,31006,,,,127.135491841504,36.9389105126265
MA010120220806140824,금산인삼집,,G2,소매,G221,기타 상품 소매,G22199,그 외 기타 상품 전문 소매업,G47859,그 외 기타 분류 안된 상품 전문 소매업,47,경상북도,47113,포항시 북구,47113655,죽도동,4711311600,죽도동,4711311600101490003,1,대지,149,3,경상북도 포항시 북구 죽도동 149-3,471134712584,경상북도 포항시 북구 죽도시장2길,2,,4711311600101490003094410,,경상북도 포항시 북구 죽도시장2길 2,791842,37741,,,,129.366183853742,36.0343988746505
MA010120220806143623,보령상회,,G2,소매,G221,기타 상품 소매,G22199,그 외 기타 상품 전문 소매업,G47859,그 외 기타 분류 안된 상품 전문 소매업,44,충청남도,44180,보령시,44180525,대천2동,4418010100,대천동,4418010100103460005,1,대지,346,5,충청남도 보령시 대천동 346-5,441803252047,충청남도 보령시 대흥로,75,,4418010100103460005015387,,충청남도 보령시 대흥로 75,355012,33449,,1,,126.590720399144,36.3510704735386
MA010120220806145012,덕성바이오,,G2,소매,G221,기타 상품 소매,G22199,그 외 기타 상품 전문 소매업,G47859,그 외 기타 분류 안된 상품 전문 소매업,44,충청남도,44180,보령시,44180525,대천2동,4418010100,대천동,4418010100105390005,1,대지,539,5,충청남도 보령시 대천동 539-5,441803252038,충청남도 보령시 토정로,92,,4418010100105390005000166,,충청남도 보령시 토정로 92,355931,33450,,,,126.578669631945,36.360815327568
MA010120220806166682,유로페이,,G2,소매,G221,기타 상품 소매,G22199,그 외 기타 상품 전문 소매업,G47859,그 외 기타 분류 안된 상품 전문 소매업,11,서울특별시,11500,강서구,11500605,가양3동,1150010400,가양동,1150010400104490004,1,대지,449,4,서울특별시 강서구 가양동 449-4,115003115008,서울특별시 강서구 양천로,551,17,1150010400104490004000001,일부한화비즈메트로1차,서울특별시 강서구 양천로 551-17,157804,07532,,9,,126.860937117698,37.559112797212
MA010120220806152705,한산제일농약사,,G2,소매,G221,기타 상품 소매,G22199,그 외 기타 상품 전문 소매업,G47859,그 외 기타 분류 안된 상품 전문 소매업,44,충청남도,44770,서천군,44770340,한산면,4477034021,한산면,4477034021101020048,1,대지,102,48,충청남도 서천군 한산면 지현리 102-48,447704580905,충청남도 서천군 한산면 한산모시길,32,1,4477034021101020059045376,,충청남도 서천군 한산면 한산모시길 32-1,325844,33624,,1,,126.803469541217,36.0844942924289
MA010120220806143875,수원상회안전공사,,G2,소매,G221,기타 상품 소매,G22199,그 외 기타 상품 전문 소매업,G47859,그 외 기타 분류 안된 상품 전문 소매업,44,충청남도,44180,보령시,44180535,대천3동,4418010400,동대동,4418010400113210001,1,대지,1321,1,충청남도 보령시 동대동 1321-1,441804556699,충청남도 보령시 희망1길,86,,4418010400113210001008190,,충청남도 보령시 희망1길 86,355936,33468,,,,126.601129589589,36.3459149063411
MA010120220806148944,대천불교,백화점,G2,소매,G221,기타 상품 소매,G22199,그 외 기타 상품 전문 소매업,G47859,그 외 기타 분류 안된 상품 전문 소매업,44,충청남도,44180,보령시,44180525,대천2동,4418010100,대천동,4418010100101520007,1,대지,152,7,충청남도 보령시 대천동 152-7,441803252003,충청남도 보령시 남대천로,4,,4418010100101520007014908,,충청남도 보령시 남대천로 4,355930,33454,,,,126.595734818993,36.3529890200652
MA010120220806160312,유림농건재,백화점,G2,소매,G221,기타 상품 소매,G22199,그 외 기타 상품 전문 소매업,G47519,"페인트, 창호 및 기타 건설자재 소매업",48,경상남도,48870,함양군,48870330,유림면,4887033024,유림면,4887033024103100005,1,대지,310,5,경상남도 함양군 유림면 화촌리 310-5,488703000202,경상남도 함양군 유림면 천왕봉로,2879,,4887033024103100005006240,,경상남도 함양군 유림면 천왕봉로 2879,676891,50051,,,,127.791495303514,35.4669994060542
MA010120220806166939,서천축산업협동조합경제사업장,,G2,소매,G221,기타 상품 소매,G22199,그 외 기타 상품 전문 소매업,G47859,그 외 기타 분류 안된 상품 전문 소매업,44,충청남도,44770,서천군,44770253,서천읍,4477025325,서천읍,4477025325103300001,1,대지,330,1,충청남도 서천군 서천읍 태월리 330-1,447703260039,충청남도 서천군 서천읍 화석로,10,,4477025325103300001000001,,충청남도 서천군 서천읍 화석로 10,325805,33631,,,,126.712446866934,36.100343101217
MA010120220806166945,주산농협경제사업장,,G2,소매,G221,기타 상품 소매,G22199,그 외 기타 상품 전문 소매업,G47859,그 외 기타 분류 안된 상품 전문 소매업,44,충청남도,44180,보령시,44180380,주산면,4418038021,주산면,4418038021106620007,1,대지,662,7,충청남도 보령시 주산면 금암리 662-7,441803252053,충청남도 보령시 주산면 충서로,436,,4418038021106620007000001,,충청남도 보령시 주산면 충서로 436,355861,33517,,,,126.633578566376,36.2008465989898
MA010120220806160727,강화약초홍삼원,,G2,소매,G221,기타 상품 소매,G22199,그 외 기타 상품 전문 소매업,G47859,그 외 기타 분류 안된 상품 전문 소매업,28,인천광역시,28710,강화군,28710250,강화읍,2871025025,강화읍,2871025025108490000,1,대지,849,,인천광역시 강화군 강화읍 갑곳리 849,287103150025,인천광역시 강화군 강화읍 중앙로,17,9,2871025025108490000000356,강화풍물시장,인천광역시 강화군 강화읍 중앙로 17-9,417942,23027,,,,126.492865139954,37.7414177478633
MA010120220806131961,에셀,,G2,소매,G221,기타 상품 소매,G22199,그 외 기타 상품 전문 소매업,G47859,그 외 기타 분류 안된 상품 전문 소매업,41,경기도,41220,평택시,41220370,현덕면,4122037031,현덕면,4122037031104320003,1,대지,432,3,경기도 평택시 현덕면 장수리 432-3,412202012006,경기도 평택시 현덕면 서동대로,215,4,4122037031104320003000001,,경기도 평택시 현덕면 서동대로 215-4,451811,17948,,,,126.903406141971,36.9287301326188
MA010120220806145574,서천석재,,G2,소매,G221,기타 상품 소매,G22199,그 외 기타 상품 전문 소매업,G47519,"페인트, 창호 및 기타 건설자재 소매업",44,충청남도,44770,서천군,44770253,서천읍,4477025330,서천읍,4477025330106740007,1,대지,674,7,충청남도 서천군 서천읍 화금리 674-7,447703260045,충청남도 서천군 서천읍 서문로,78,,4477025330106740007030201,,충청남도 서천군 서천읍 서문로 78,325804,33633,,,,126.70262548488,36.0809249528886
MA010120220806147311,금산인삼슈퍼,,G2,소매,G221,기타 상품 소매,G22199,그 외 기타 상품 전문 소매업,G47859,그 외 기타 분류 안된 상품 전문 소매업,44,충청남도,44770,서천군,44770253,서천읍,4477025321,서천읍,4477025321108610008,1,대지,861,8,충청남도 서천군 서천읍 군사리 861-8,447704580848,충청남도 서천군 서천읍 충절로59번길,33,,4477025321108610008028811,,충청남도 서천군 서천읍 충절로59번길 33,325802,33642,,,,126.689919741089,36.0764857983379
MA010120220806170593,자이언트,,G2,소매,G221,기타 상품 소매,G22199,그 외 기타 상품 전문 소매업,G47859,그 외 기타 분류 안된 상품 전문 소매업,30,대전광역시,30200,유성구,30200530,온천1동,3020011100,봉명동,3020011100105630025,1,대지,563,25,대전광역시 유성구 봉명동 563-25,302003010024,대전광역시 유성구 계룡로,21,1,3020011100105630025013691,,대전광역시 유성구 계룡로 21-1,305301,34175,,,,127.333601433947,36.3560458968124
MA010120220806170630,한밭도장기기,,G2,소매,G221,기타 상품 소매,G22199,그 외 기타 상품 전문 소매업,G47859,그 외 기타 분류 안된 상품 전문 소매업,30,대전광역시,30110,동구,30110695,삼성동,3011011800,삼성동,3011011800103530017,1,대지,353,17,대전광역시 동구 삼성동 353-17,301103164030,대전광역시 동구 현암로,25,,3011011800103530017012099,,대전광역시 동구 현암로 25,300816,34567,,1,,127.420150304646,36.3423364150806
MA010120220806142366,해양전자,,G2,소매,G221,기타 상품 소매,G22199,그 외 기타 상품 전문 소매업,G47859,그 외 기타 분류 안된 상품 전문 소매업,44,충청남도,44180,보령시,44180565,대천5동,4418011000,신흑동,4418011000110020001,1,대지,1002,1,충청남도 보령시 신흑동 1002-1,441803252011,충청남도 보령시 대해로,647,,4418011000110020001017220,,충청남도 보령시 대해로 647,355944,33491,,,,126.53976309702,36.3171541087869
MA010120220806145753,서부선외기,,G2,소매,G221,기타 상품 소매,G22199,그 외 기타 상품 전문 소매업,G47859,그 외 기타 분류 안된 상품 전문 소매업,44,충청남도,44770,서천군,44770400,비인면,4477040030,비인면,4477040030103960002,1,대지,396,2,충청남도 서천군 비인면 다사리 396-2,447703260001,충청남도 서천군 비인면 갯벌체험로,923,,4477040030103960004000001,,충청남도 서천군 비인면 갯벌체험로 923,325881,33609,,,,126.614138563143,36.1018061930921
MA010120220806170855,베이비핀아,,G2,소매,G221,기타 상품 소매,G22199,그 외 기타 상품 전문 소매업,G47859,그 외 기타 분류 안된 상품 전문 소매업,30,대전광역시,30170,서구,30170540,변동,3017010200,변동,3017010200100650063,1,대지,65,63,대전광역시 서구 변동 65-63,301703166015,대전광역시 서구 도마로,95,,3017010200100650064026332,,대전광역시 서구 도마로 95,302837,35316,,,,127.380818539557,36.3218943350663
MA010120220806144069,러브샵,,G2,소매,G221,기타 상품 소매,G22199,그 외 기타 상품 전문 소매업,G47859,그 외 기타 분류 안된 상품 전문 소매업,44,충청남도,44770,서천군,44770253,서천읍,4477025321,서천읍,4477025321101720003,1,대지,172,3,충청남도 서천군 서천읍 군사리 172-3,447704580071,충청남도 서천군 서천읍 군사길,30,,4477025321101720003029813,,충청남도 서천군 서천읍 군사길 30,325802,33645,,,,126.697922380194,36.0769117831394
MA010120220806153414,연화불교만물,,G2,소매,G221,기타 상품 소매,G22199,그 외 기타 상품 전문 소매업,G47859,그 외 기타 분류 안된 상품 전문 소매업,44,충청남도,44180,보령시,44180515,대천1동,4418010100,대천동,4418010100102880334,1,대지,288,334,충청남도 보령시 대천동 288-334,441803252003,충청남도 보령시 남대천로,94,,4418010100102880334000001,,충청남도 보령시 남대천로 94,355934,33457,,,,126.59080368692,36.3457988890125
MA010120220806142545,부민농약종묘사,,G2,소매,G221,기타 상품 소매,G22199,그 외 기타 상품 전문 소매업,G47859,그 외 기타 분류 안된 상품 전문 소매업,44,충청남도,44180,보령시,44180250,웅천읍,4418025021,웅천읍,4418025021107280011,1,대지,728,11,충청남도 보령시 웅천읍 대창리 728-11,441804556537,충청남도 보령시 웅천읍 장터중앙길,133,11,4418025021107280011027004,,충청남도 보령시 웅천읍 장터중앙길 133-11,355853,33521,,,,126.599090458773,36.2328726398812
MA010120220806151645,다인,,G2,소매,G221,기타 상품 소매,G22199,그 외 기타 상품 전문 소매업,G47859,그 외 기타 분류 안된 상품 전문 소매업,44,충청남도,44770,서천군,44770380,판교면,4477038029,판교면,4477038029101440003,1,대지,144,3,충청남도 서천군 판교면 현암리 144-3,447703260034,충청남도 서천군 판교면 종판로,902,,4477038029101440003011666,,충청남도 서천군 판교면 종판로 902,325822,33615,,,,126.690604537246,36.1538296149214
MA010120220806158432,섹시코코,,G2,소매,G221,기타 상품 소매,G22199,그 외 기타 상품 전문 소매업,G47859,그 외 기타 분류 안된 상품 전문 소매업,26,부산광역시,26350,해운대구,26350510,우1동,2635010500,우동,2635010500105480020,1,대지,548,20,부산광역시 해운대구 우동 548-20,263504199010,부산광역시 해운대구 구남로8번길,7,,2635010500105480020006950,,부산광역시 해운대구 구남로8번길 7,612819,48094,,,,129.158859214946,35.1627907545584
MA010120220806167890,살림꽃협동조합,,G2,소매,G221,기타 상품 소매,G22199,그 외 기타 상품 전문 소매업,G47859,그 외 기타 분류 안된 상품 전문 소매업,52,전북특별자치도,52190,남원시,52190460,산내면,5219046022,산내면,5219046022105080000,1,대지,508,,전북특별자치도 남원시 산내면 백일리 508,521903000202,전북특별자치도 남원시 산내면 천왕봉로,806,,4519046022105080000042554,,전북특별자치도 남원시 산내면 천왕봉로 806,590853,55804,,,,127.638443668731,35.4177397440709
MA010120220806149781,VIP드레스업,,G2,소매,G221,기타 상품 소매,G22199,그 외 기타 상품 전문 소매업,G45219,기타 자동차 신품 부품 및 내장품 판매업,44,충청남도,44180,보령시,44180545,대천4동,4418010500,명천동,4418010500105130003,1,대지,513,3,충청남도 보령시 명천동 513-3,441803252019,충청남도 보령시 보령남로,62,,4418010500105130003007647,중원케미칼,충청남도 보령시 보령남로 62,355940,33474,,,,126.600471668869,36.3395053507238
MA010120220806180473,e75덴탈,,G2,소매,G221,기타 상품 소매,G22199,그 외 기타 상품 전문 소매업,G47859,그 외 기타 분류 안된 상품 전문 소매업,30,대전광역시,30140,중구,30140560,중촌동,3014010400,중촌동,3014010400100210007,1,대지,21,7,대전광역시 중구 중촌동 21-7,301404295283,대전광역시 중구 목중로54번길,43,,3014010400100210007017636,,대전광역시 중구 목중로54번길 43,301840,34808,,2,,127.408497491523,36.339970676465
MA010120220806195128,서울농약종묘사,,G2,소매,G221,기타 상품 소매,G22199,그 외 기타 상품 전문 소매업,G47859,그 외 기타 분류 안된 상품 전문 소매업,30,대전광역시,30200,유성구,30200540,온천2동,3020011700,장대동,3020011700102110005,1,대지,211,5,대전광역시 유성구 장대동 211-5,302004301351,대전광역시 유성구 유성대로720번길,7,,3020011700102110005010691,,대전광역시 유성구 유성대로720번길 7,305308,34172,,,,127.332639486663,36.3577698235671
MA010120220806202750,명신유통,,G2,소매,G221,기타 상품 소매,G22199,그 외 기타 상품 전문 소매업,G47859,그 외 기타 분류 안된 상품 전문 소매업,30,대전광역시,30230,대덕구,30230525,회덕동,3023010300,읍내동,3023010300104830092,1,대지,483,92,대전광역시 대덕구 읍내동 483-92,302304304367,대전광역시 대덕구 아리랑로113번길,8,,3023010300104830092008290,,대전광역시 대덕구 아리랑로113번길 8,306822,34359,,1,,127.417896605995,36.3750118196478
MA010120220806197944,케이아그로사이언스,,G2,소매,G221,기타 상품 소매,G22199,그 외 기타 상품 전문 소매업,G47859,그 외 기타 분류 안된 상품 전문 소매업,44,충청남도,44150,공주시,44150330,계룡면,4415033031,계룡면,4415033031102370004,1,대지,237,4,충청남도 공주시 계룡면 화헌리 237-4,441504554284,충청남도 공주시 계룡면 화마루길,17,2,4415033031102370004009775,,충청남도 공주시 계룡면 화마루길 17-2,314833,32618,,,,127.136483268459,36.3259466657253
MA010120220806198140,천인상사,,G2,소매,G221,기타 상품 소매,G22199,그 외 기타 상품 전문 소매업,G47859,그 외 기타 분류 안된 상품 전문 소매업,44,충청남도,44710,금산군,44710340,군북면,4471034023,군북면,4471034023107210000,1,대지,721,,충청남도 금산군 군북면 외부리 721,447104571117,충청남도 금산군 군북면 대암길,34,30,4471034023107200000038093,,충청남도 금산군 군북면 대암길 34-30,312831,32721,,,,127.497536135012,36.1548539475398
MA010120220806178724,금강불교,,G2,소매,G221,기타 상품 소매,G22199,그 외 기타 상품 전문 소매업,G47859,그 외 기타 분류 안된 상품 전문 소매업,30,대전광역시,30230,대덕구,30230560,석봉동,3023011100,석봉동,3023011100104160013,1,대지,416,13,대전광역시 대덕구 석봉동 416-13,302304304265,대전광역시 대덕구 석봉로43번길,30,,3023011100104160013020460,,대전광역시 대덕구 석봉로43번길 30,306810,34318,,,,127.426780695442,36.4488308156791
MA010120220806208224,세진브리딩,,G2,소매,G221,기타 상품 소매,G22199,그 외 기타 상품 전문 소매업,G47859,그 외 기타 분류 안된 상품 전문 소매업,30,대전광역시,30200,유성구,30200520,진잠동,3020010400,용계동,3020010400104810024,1,대지,481,24,대전광역시 유성구 용계동 481-24,302004301333,대전광역시 유성구 유성대로250번길,81,7,3020010400104810024016522,,대전광역시 유성구 유성대로250번길 81-7,305363,34218,,,,127.318793940783,36.3203005189694
MA010120220806181352,세진산업,,G2,소매,G221,기타 상품 소매,G22199,그 외 기타 상품 전문 소매업,G47859,그 외 기타 분류 안된 상품 전문 소매업,30,대전광역시,30140,중구,30140740,산성동,3014011900,안영동,3014011900106540004,1,대지,654,4,대전광역시 중구 안영동 654-4,301404295484,대전광역시 중구 성산로4번길,14,,3014011900106540004032052,,대전광역시 중구 성산로4번길 14,301211,35083,,,,127.38113615835,36.2910548902742
MA010120220806206285,현대미싱,,G2,소매,G221,기타 상품 소매,G22199,그 외 기타 상품 전문 소매업,G47859,그 외 기타 분류 안된 상품 전문 소매업,30,대전광역시,30200,유성구,30200540,온천2동,3020011700,장대동,3020011700100110052,1,대지,11,52,대전광역시 유성구 장대동 11-52,302004301351,대전광역시 유성구 유성대로720번길,70,,3020011700100110052013314,,대전광역시 유성구 유성대로720번길 70,305308,34172,,1,,127.335868215103,36.3572381099126
MA010120220806193747,태전불교사,,G2,소매,G221,기타 상품 소매,G22199,그 외 기타 상품 전문 소매업,G47859,그 외 기타 분류 안된 상품 전문 소매업,30,대전광역시,30170,서구,30170520,도마1동,3017010300,도마동,3017010300100940001,1,대지,94,1,대전광역시 서구 도마동 94-1,301704298582,대전광역시 서구 조달청길,170,,3017010300100940001027339,,대전광역시 서구 조달청길 170,302819,35331,,1,,127.381461913398,36.3190896156065
MA010120220806183622,우리산업,,G2,소매,G221,기타 상품 소매,G22199,그 외 기타 상품 전문 소매업,G47859,그 외 기타 분류 안된 상품 전문 소매업,30,대전광역시,30170,서구,30170535,정림동,3017010400,정림동,3017010400100010001,1,대지,1,1,대전광역시 서구 정림동 1-1,301703000095,대전광역시 서구 계백로,1327,,3017010400100010001016040,,대전광역시 서구 계백로 1327,302854,35340,,,,127.369602738915,36.3097726162167
MA010120220806201743,호중명가,,G2,소매,G221,기타 상품 소매,G22199,그 외 기타 상품 전문 소매업,G47221,음료 소매업,43,충청북도,43730,옥천군,43730370,군서면,4373037022,군서면,4373037022105730001,1,대지,573,1,충청북도 옥천군 군서면 금산리 573-1,437304526119,충청북도 옥천군 군서면 동평5길,27,13,4373037022105730001000001,,충청북도 옥천군 군서면 동평5길 27-13,373841,29059,,,,127.537002961962,36.2615466179176
MA010120220806191555,플란텍,코리아,G2,소매,G221,기타 상품 소매,G22199,그 외 기타 상품 전문 소매업,G47859,그 외 기타 분류 안된 상품 전문 소매업,30,대전광역시,30170,서구,30170597,관저2동,3017011600,관저동,3017011600115410000,1,대지,1541,,대전광역시 서구 관저동 1541,301703166013,대전광역시 서구 구봉로,137,,3017011600115410000000001,,대전광역시 서구 구봉로 137,302812,35382,,6,,127.338180129668,36.2966903340968
MA010120220806175535,유성불교,,G2,소매,G221,기타 상품 소매,G22199,그 외 기타 상품 전문 소매업,G47859,그 외 기타 분류 안된 상품 전문 소매업,30,대전광역시,30200,유성구,30200540,온천2동,3020011700,장대동,3020011700102020005,1,대지,202,5,대전광역시 유성구 장대동 202-5,302004301351,대전광역시 유성구 유성대로720번길,27,1,3020011700102020005013207,,대전광역시 유성구 유성대로720번길 27-1,305308,34172,,,,127.333395787787,36.3574613161304
MA010120220806179931,세원유통,,G2,소매,G221,기타 상품 소매,G22199,그 외 기타 상품 전문 소매업,G47859,그 외 기타 분류 안된 상품 전문 소매업,30,대전광역시,30230,대덕구,30230510,오정동,3023010100,오정동,3023010100104830006,1,대지,483,6,대전광역시 대덕구 오정동 483-6,302303010002,대전광역시 대덕구 대전로,1009,,3023010100104830006007217,,대전광역시 대덕구 대전로 1009,306821,34445,,,,127.419096703798,36.345277944036
MA010120220806199910,건재도매대동한약,,G2,소매,G221,기타 상품 소매,G22199,그 외 기타 상품 전문 소매업,G47859,그 외 기타 분류 안된 상품 전문 소매업,30,대전광역시,30170,서구,30170540,변동,3017010200,변동,3017010200100730006,1,대지,73,6,대전광역시 서구 변동 73-6,301703166017,대전광역시 서구 도솔로,217,,3017010200100730006012477,,대전광역시 서구 도솔로 217,302838,35326,,1,,127.375611349812,36.3298141492157
MA010120220806177559,기성농약종묘사,,G2,소매,G221,기타 상품 소매,G22199,그 외 기타 상품 전문 소매업,G47859,그 외 기타 분류 안된 상품 전문 소매업,30,대전광역시,30170,서구,30170600,기성동,3017011700,흑석동,3017011700108820000,1,대지,882,,대전광역시 서구 흑석동 882,301703000096,대전광역시 서구 벌곡로,651,,3017011700108820000002148,,대전광역시 서구 벌곡로 651,302010,35426,,1,,127.340658553446,36.2547420375573
MA010120220806192177,평화당한약건재도매,,G2,소매,G221,기타 상품 소매,G22199,그 외 기타 상품 전문 소매업,G47859,그 외 기타 분류 안된 상품 전문 소매업,30,대전광역시,30170,서구,30170586,월평1동,3017011300,월평동,3017011300110170000,1,대지,1017,,대전광역시 서구 월평동 1017,301703166040,대전광역시 서구 월평로,28,1,3017011300110170000019375,,대전광역시 서구 월평로 28-1,302852,35225,,,,127.360473626488,36.3559768627761
MA010120220806204813,자운기업,,G2,소매,G221,기타 상품 소매,G22199,그 외 기타 상품 전문 소매업,G47859,그 외 기타 분류 안된 상품 전문 소매업,30,대전광역시,30200,유성구,30200550,신성동,3020013400,자운동,3020013400100270011,1,대지,27,11,대전광역시 유성구 자운동 27-11,302003167060,대전광역시 유성구 자운로,9,,3020013400100270011005392,,대전광역시 유성구 자운로 9,305804,34105,,,,127.349258608947,36.3942919634076
MA010120220806207216,꽃물,,G2,소매,G221,기타 상품 소매,G22199,그 외 기타 상품 전문 소매업,G47859,그 외 기타 분류 안된 상품 전문 소매업,44,충청남도,44150,공주시,44150340,반포면,4415034031,반포면,4415034031101540003,1,대지,154,3,충청남도 공주시 반포면 하신리 154-3,441504554235,충청남도 공주시 반포면 하신소2길,29,2,4415034031101540003013365,,충청남도 공주시 반포면 하신소2길 29-2,314923,32625,,,,127.237238311071,36.3844378121693
MA010120220806171443,사랑하나,,G2,소매,G221,기타 상품 소매,G22199,그 외 기타 상품 전문 소매업,G47859,그 외 기타 분류 안된 상품 전문 소매업,43,충청북도,43111,청주시 상당구,43111720,용암1동,4311112400,용암동,4311112400115100000,1,대지,1510,,충청북도 청주시 상당구 용암동 1510,431114508555,충청북도 청주시 상당구 월평로144번길,54,,4311112400115100000030370,,충청북도 청주시 상당구 월평로144번길 54,360823,28775,,,,127.500324920592,36.6088587079635
MA010120220806180391,제일상사구통합,,G2,소매,G221,기타 상품 소매,G22199,그 외 기타 상품 전문 소매업,G47859,그 외 기타 분류 안된 상품 전문 소매업,30,대전광역시,30140,중구,30140655,용두동,3014011200,용두동,3014011200100710031,1,대지,71,31,대전광역시 중구 용두동 71-31,301404295520,대전광역시 중구 용두로28번길,7,,3014011200100710031013660,,대전광역시 중구 용두로28번길 7,301831,34855,,,,127.409199129471,36.3271715690671
MA010120220807549311,성인용품,,G2,소매,G221,기타 상품 소매,G22199,그 외 기타 상품 전문 소매업,G47859,그 외 기타 분류 안된 상품 전문 소매업,29,광주광역시,29170,북구,29170570,임동,2917010500,임동,2917010500100940231,1,대지,94,231,광주광역시 북구 임동 94-231,291703009019,광주광역시 북구 금남로,2,1,2917010500100940231012306,,광주광역시 북구 금남로 2-1,500869,61243,,,,126.89657579368,35.1599413527342
MA010120220807524278,해원당,,G2,소매,G221,기타 상품 소매,G22199,그 외 기타 상품 전문 소매업,G47859,그 외 기타 분류 안된 상품 전문 소매업,29,광주광역시,29200,광산구,29200580,우산동,2920010900,우산동,2920010900102210013,1,대지,221,13,광주광역시 광산구 우산동 221-13,292002009004,광주광역시 광산구 상무대로,507,6,2920010900102210013000001,,광주광역시 광산구 상무대로 507-6,506812,62362,,,,126.821319091221,35.143169573246
MA010120220807536424,에코유,,G2,소매,G221,기타 상품 소매,G22199,그 외 기타 상품 전문 소매업,G47859,그 외 기타 분류 안된 상품 전문 소매업,46,전라남도,46170,나주시,46170430,봉황면,4617043022,봉황면,4617043022107900000,1,대지,790,,전라남도 나주시 봉황면 철천리 790,461704652268,전라남도 나주시 봉황면 선동길,142,3,4617043022107900000090439,,전라남도 나주시 봉황면 선동길 142-3,520851,58308,,,,126.796421373238,34.9395096091157
MA010120220807544111,플러스팜,,G2,소매,G221,기타 상품 소매,G22199,그 외 기타 상품 전문 소매업,G47859,그 외 기타 분류 안된 상품 전문 소매업,46,전라남도,46880,장성군,46880350,삼계면,4688035033,삼계면,4688035033104730001,1,대지,473,1,전라남도 장성군 삼계면 화산리 473-1,468803298051,전라남도 장성군 삼계면 영장로,1216,90,4688035033104730002015667,,전라남도 장성군 삼계면 영장로 1216-90,515871,57234,,,,126.636497794109,35.2876022934865
MA010120220807534325,상무사,,G2,소매,G221,기타 상품 소매,G22199,그 외 기타 상품 전문 소매업,G47859,그 외 기타 분류 안된 상품 전문 소매업,46,전라남도,46880,장성군,46880340,삼서면,4688034025,삼서면,4688034025105160010,1,대지,516,10,전라남도 장성군 삼서면 대도리 516-10,468803299053,전라남도 장성군 삼서면 태청로,426,,4688034025105160010027355,,전라남도 장성군 삼서면 태청로 426,515882,57253,,,,126.605495579961,35.2404824085488
MA010120220807532282,호남위생산업,,G2,소매,G221,기타 상품 소매,G22199,그 외 기타 상품 전문 소매업,S96913,세탁물 공급업,29,광주광역시,29170,북구,29170676,오치1동,2917011500,오치동,2917011500109850004,1,대지,985,4,광주광역시 북구 오치동 985-4,291704286718,광주광역시 북구 천지인로115번길,11,5,2917011500109850004001954,,광주광역시 북구 천지인로115번길 11-5,500838,61131,,,,126.911059150135,35.1843165430823
MA010120220807541926,승리농약사,,G2,소매,G221,기타 상품 소매,G22199,그 외 기타 상품 전문 소매업,G47859,그 외 기타 분류 안된 상품 전문 소매업,52,전북특별자치도,52180,정읍시,52180545,시기동,5218010400,시기동,5218010400102670017,1,대지,267,17,전북특별자치도 정읍시 시기동 267-17,521803270043,전북특별자치도 정읍시 초산로,49,1,4518010400102670017082134,,전북특별자치도 정읍시 초산로 49-1,580060,56162,,,,126.853791350068,35.5633679898876
MA010120220807541937,계림총포사,,G2,소매,G221,기타 상품 소매,G22199,그 외 기타 상품 전문 소매업,G47859,그 외 기타 분류 안된 상품 전문 소매업,29,광주광역시,29155,남구,29155670,백운1동,2915510500,백운동,2915510500104940008,1,대지,494,8,광주광역시 남구 백운동 494-8,291553161006,광주광역시 남구 백운로,24,,2915510500104940008006258,,광주광역시 남구 백운로 24,503807,61643,,,,126.908697684568,35.1360830539305
MA010120220807542250,금산수삼센터,,G2,소매,G221,기타 상품 소매,G22199,그 외 기타 상품 전문 소매업,G47859,그 외 기타 분류 안된 상품 전문 소매업,29,광주광역시,29170,북구,29170620,우산동,2917011000,우산동,2917011000102310048,1,대지,231,48,광주광역시 북구 우산동 231-48,291702162002,광주광역시 북구 동문대로,89,,2917011000102310048021983,,광주광역시 북구 동문대로 89,500850,61194,,,,126.923455091883,35.1719043165916
MA010120220807553639,제이카,,G2,소매,G221,기타 상품 소매,G22199,그 외 기타 상품 전문 소매업,G45213,자동차 내장용 신품 전기ㆍ전자ㆍ정밀기기 판매업,29,광주광역시,29170,북구,29170580,신안동,2917010600,신안동,2917010600103360001,1,대지,336,1,광주광역시 북구 신안동 336-1,291702009011,광주광역시 북구 서암대로,89,2,2917010600103360001032193,외,광주광역시 북구 서암대로 89-2,500830,61112,,,,126.894574140158,35.1716032034031
MA010120220807553897,담양인삼,,G2,소매,G221,기타 상품 소매,G22199,그 외 기타 상품 전문 소매업,G47859,그 외 기타 분류 안된 상품 전문 소매업,46,전라남도,46710,담양군,46710250,담양읍,4671025024,담양읍,4671025024102640016,1,대지,264,16,전라남도 담양군 담양읍 객사리 264-16,467103286019,전라남도 담양군 담양읍 추성로,1335,,4671025024102640016010111,,전라남도 담양군 담양읍 추성로 1335,517802,57340,,,,126.984185872283,35.3200007216789
MA010120220807520750,천관,불교용품점,G2,소매,G221,기타 상품 소매,G22199,그 외 기타 상품 전문 소매업,G47859,그 외 기타 분류 안된 상품 전문 소매업,29,광주광역시,29170,북구,29170635,풍향동,2917011100,풍향동,2917011100105790054,1,대지,579,54,광주광역시 북구 풍향동 579-54,291703162070,광주광역시 북구 참판로,40,1,2917011100105790054004317,,광주광역시 북구 참판로 40-1,500879,61164,,1,,126.929698495048,35.1622815936181
MA010120220807537126,신진사,,G2,소매,G221,기타 상품 소매,G22199,그 외 기타 상품 전문 소매업,G47859,그 외 기타 분류 안된 상품 전문 소매업,46,전라남도,46880,장성군,46880340,삼서면,4688034025,삼서면,4688034025105160010,1,대지,516,10,전라남도 장성군 삼서면 대도리 516-10,468803299053,전라남도 장성군 삼서면 태청로,426,,4688034025105160010027355,,전라남도 장성군 삼서면 태청로 426,515882,57253,,,,126.605495579961,35.2404824085488
MA010120220807520965,썬소일,,G2,소매,G221,기타 상품 소매,G22199,그 외 기타 상품 전문 소매업,G47859,그 외 기타 분류 안된 상품 전문 소매업,29,광주광역시,29170,북구,29170685,석곡동,2917012100,망월동,2917012100111660015,1,대지,1166,15,광주광역시 북구 망월동 1166-15,291702162002,광주광역시 북구 동문대로,630,5,2917012100111660015037470,,광주광역시 북구 동문대로 630-5,500500,61140,,,,126.94857829901,35.2129382380975
MA010120220807532932,모세정보,,G2,소매,G221,기타 상품 소매,G22199,그 외 기타 상품 전문 소매업,G47859,그 외 기타 분류 안된 상품 전문 소매업,29,광주광역시,29155,남구,29155545,사직동,2915510300,서동,2915510300100650029,1,대지,65,29,광주광역시 남구 서동 65-29,291554283363,광주광역시 남구 서동로2번길,3,,2915510300100650029029185,,광주광역시 남구 서동로2번길 3,503817,61637,,1,,126.90400276453,35.1443088624849
MA010120220807525325,대명도기,,G2,소매,G221,기타 상품 소매,G22199,그 외 기타 상품 전문 소매업,G47859,그 외 기타 분류 안된 상품 전문 소매업,29,광주광역시,29170,북구,29170580,신안동,2917010600,신안동,2917010600105020005,1,대지,502,5,광주광역시 북구 신안동 502-5,291703162066,광주광역시 북구 자산로,96,1,2917010600105020005033065,,광주광역시 북구 자산로 96-1,500828,61230,,,,126.901945819197,35.1666699537806
MA010120220807525342,포인트샵,,G2,소매,G221,기타 상품 소매,G22199,그 외 기타 상품 전문 소매업,G47859,그 외 기타 분류 안된 상품 전문 소매업,29,광주광역시,29170,북구,29170696,양산동,2917012800,양산동,2917012800109510000,1,대지,951,,광주광역시 북구 양산동 951,291703162048,광주광역시 북구 연양로,63,,2917012800109500000000001,,광주광역시 북구 연양로 63,500896,61071,,,,126.87427799787,35.206691599531
MA010120220807528230,부라더미싱,,G2,소매,G221,기타 상품 소매,G22199,그 외 기타 상품 전문 소매업,G47859,그 외 기타 분류 안된 상품 전문 소매업,29,광주광역시,29170,북구,29170555,중앙동,2917010300,누문동,2917010300102060001,1,대지,206,1,광주광역시 북구 누문동 206-1,291703009025,광주광역시 북구 천변우로,265,1,2917010300102060001047041,,광주광역시 북구 천변우로 265-1,500030,61241,,,,126.903836929643,35.1546833935264
MA010120220807542974,다사랑,,G2,소매,G221,기타 상품 소매,G22199,그 외 기타 상품 전문 소매업,G47859,그 외 기타 분류 안된 상품 전문 소매업,29,광주광역시,29170,북구,29170662,두암2동,2917011400,두암동,2917011400105990006,1,대지,599,6,광주광역시 북구 두암동 599-6,291703162002,광주광역시 북구 군왕로,174,,2917011400105990006038820,,광주광역시 북구 군왕로 174,500806,61152,,,,126.934011458358,35.1766336393901
MA010120220807545685,가람,,G2,소매,G221,기타 상품 소매,G22199,그 외 기타 상품 전문 소매업,G47859,그 외 기타 분류 안된 상품 전문 소매업,46,전라남도,46880,장성군,46880250,장성읍,4688025024,장성읍,4688025024110500008,1,대지,1050,8,전라남도 장성군 장성읍 영천리 1050-8,468804697385,전라남도 장성군 장성읍 청운3길,17,2,4688025024110500008026952,,전라남도 장성군 장성읍 청운3길 17-2,515805,57220,,,,126.782826575488,35.3030869661026
MA010120220807521545,재원종합상사,,G2,소매,G221,기타 상품 소매,G22199,그 외 기타 상품 전문 소매업,G47859,그 외 기타 분류 안된 상품 전문 소매업,29,광주광역시,29170,북구,29170580,신안동,2917010600,신안동,2917010600102490006,1,대지,249,6,광주광역시 북구 신안동 249-6,291703009021,광주광역시 북구 무등로,86,,2917010600102490006031665,,광주광역시 북구 무등로 86,500830,61248,,,,126.893327145919,35.1682220205957
MA010120220807523401,하나유통,,G2,소매,G221,기타 상품 소매,G22199,그 외 기타 상품 전문 소매업,G47859,그 외 기타 분류 안된 상품 전문 소매업,46,전라남도,46110,목포시,46110758,신흥동,4611015800,상동,4611015800108790000,1,대지,879,,전라남도 목포시 상동 879,461103281029,전라남도 목포시 비파로,73,,4611015800108790000007781,,전라남도 목포시 비파로 73,530822,58690,,,,126.425101580053,34.8048966701003
MA010120220807530949,에이모가발,,G2,소매,G221,기타 상품 소매,G22199,그 외 기타 상품 전문 소매업,G47859,그 외 기타 분류 안된 상품 전문 소매업,29,광주광역시,29155,남구,29155640,월산5동,2915510400,월산동,2915510400110150003,1,대지,1015,3,광주광역시 남구 월산동 1015-3,291552009001,광주광역시 남구 대남대로,337,,2915510400110150003021067,,광주광역시 남구 대남대로 337,503851,61613,,2,,126.893087469506,35.141667747777
MA010120220807528542,신사가발점,,G2,소매,G221,기타 상품 소매,G22199,그 외 기타 상품 전문 소매업,G47422,의복 액세서리 및 모조 장신구 소매업,30,대전광역시,30140,중구,30140575,대흥동,3014010500,대흥동,3014010500101190006,1,대지,119,6,대전광역시 중구 대흥동 119-6,301403010006,대전광역시 중구 대흥로,157,,3014010500101190006012082,,대전광역시 중구 대흥로 157,301802,34927,,4,,127.429356043469,36.3249380371962
MA010120220807535572,금성아그로,,G2,소매,G221,기타 상품 소매,G22199,그 외 기타 상품 전문 소매업,G47859,그 외 기타 분류 안된 상품 전문 소매업,46,전라남도,46710,담양군,46710370,금성면,4671037027,금성면,4671037027109270000,1,대지,927,,전라남도 담양군 금성면 봉서리 927,467104658259,전라남도 담양군 금성면 와룡길,57,9,4671037027109270000001930,,전라남도 담양군 금성면 와룡길 57-9,517812,57353,,,,127.033881425804,35.3432964921738
MA010120220807551669,호남원예사,,G2,소매,G221,기타 상품 소매,G22199,그 외 기타 상품 전문 소매업,G47859,그 외 기타 분류 안된 상품 전문 소매업,29,광주광역시,29170,북구,29170620,우산동,2917011000,우산동,2917011000105540010,1,대지,554,10,광주광역시 북구 우산동 554-10,291702162002,광주광역시 북구 동문대로,13,,2917011000105540010021248,,광주광역시 북구 동문대로 13,500850,61215,,,,126.919344347267,35.1660788766394
MA010120220807521835,광주수석원,,G2,소매,G221,기타 상품 소매,G22199,그 외 기타 상품 전문 소매업,G47859,그 외 기타 분류 안된 상품 전문 소매업,29,광주광역시,29140,서구,29140800,서창동,2914013100,마륵동,2914013100101670013,1,대지,167,13,광주광역시 서구 마륵동 167-13,291404280119,광주광역시 서구 마륵벽진길,17,,2914013100101670014000002,,광주광역시 서구 마륵벽진길 17,502151,61999,,,,126.845899377548,35.1433024740045
MA010120220807533952,삼정테크,,G2,소매,G221,기타 상품 소매,G22199,그 외 기타 상품 전문 소매업,G47859,그 외 기타 분류 안된 상품 전문 소매업,29,광주광역시,29170,북구,29170602,운암2동,2917010900,운암동,2917010900114980000,1,대지,1498,,광주광역시 북구 운암동 1498,291704851454,광주광역시 북구 하남대로793번길,9,3,2917010900114980000000001,,광주광역시 북구 하남대로793번길 9-3,500858,61263,,,,126.879370586469,35.1716160583512
MA010120220807541449,조이월드,,G2,소매,G221,기타 상품 소매,G22199,그 외 기타 상품 전문 소매업,G47859,그 외 기타 분류 안된 상품 전문 소매업,29,광주광역시,29170,북구,29170535,중흥동,2917010100,중흥동,2917010100102880007,1,대지,288,7,광주광역시 북구 중흥동 288-7,291703162029,광주광역시 북구 서방로,48,1,2917010100102880007007018,,광주광역시 북구 서방로 48-1,500873,61208,,,,126.918229184431,35.1726039605267
MA010120220807543876,수인상사,,G2,소매,G221,기타 상품 소매,G22199,그 외 기타 상품 전문 소매업,G47859,그 외 기타 분류 안된 상품 전문 소매업,29,광주광역시,29170,북구,29170510,중흥1동,2917010100,중흥동,2917010100107510016,1,대지,751,16,광주광역시 북구 중흥동 751-16,291704286130,광주광역시 북구 독립로367번길,56,,2917010100107510016009297,,광주광역시 북구 독립로367번길 56,500878,61228,,,,126.912530013888,35.1641182001701
MA010120220807598955,유림농업컨설팅,,G2,소매,G221,기타 상품 소매,G22199,그 외 기타 상품 전문 소매업,G47859,그 외 기타 분류 안된 상품 전문 소매업,46,전라남도,46730,구례군,46730250,구례읍,4673025030,구례읍,4673025030100570001,1,대지,57,1,전라남도 구례군 구례읍 봉북리 57-1,467303288024,전라남도 구례군 구례읍 중앙로,76,,4673025030100570001016810,,전라남도 구례군 구례읍 중앙로 76,542802,57638,,,,127.467875472705,35.2123876496879
MA010120220807590092,미림가발,,G2,소매,G221,기타 상품 소매,G22199,그 외 기타 상품 전문 소매업,G47422,의복 액세서리 및 모조 장신구 소매업,29,광주광역시,29140,서구,29140730,광천동,2914011500,광천동,2914011500106500164,1,대지,650,164,광주광역시 서구 광천동 650-164,291403160065,광주광역시 서구 화운로,308,,2914011500106500164002509,,광주광역시 서구 화운로 308,502802,61913,,,,126.877512169554,35.1664674415992
MA010120220807594277,그 외 기타 상품 전문 소매업,,G2,소매,G221,기타 상품 소매,G22199,그 외 기타 상품 전문 소매업,G47859,그 외 기타 분류 안된 상품 전문 소매업,46,전라남도,46870,영광군,46870330,불갑면,4687033026,불갑면,4687033026100080000,1,대지,8,,전라남도 영광군 불갑면 모악리 8,468703298024,전라남도 영광군 불갑면 불갑사로,450,,4687033026100070001006731,,전라남도 영광군 불갑면 불갑사로 450,513832,57058,,,,126.550052461234,35.1996745538491
MA010120220807601241,제일사료,,G2,소매,G221,기타 상품 소매,G22199,그 외 기타 상품 전문 소매업,G47211,"곡물, 곡분 및 가축 사료 소매업",29,광주광역시,29140,서구,29140575,양동,2914010400,양동,2914010400100050232,1,대지,5,232,광주광역시 서구 양동 5-232,291404280409,광주광역시 서구 천변좌로262번길,15,1,2914010400100050232006472,,광주광역시 서구 천변좌로262번길 15-1,502822,61925,,,,126.903225691659,35.1518436222047
MA010120220807562041,동광상회,,G2,소매,G221,기타 상품 소매,G22199,그 외 기타 상품 전문 소매업,G47859,그 외 기타 분류 안된 상품 전문 소매업,46,전라남도,46710,담양군,46710340,창평면,4671034021,창평면,4671034021102090005,1,대지,209,5,전라남도 담양군 창평면 창평리 209-5,467103286014,전라남도 담양군 창평면 의병로,133,,4671034021102090005005275,,전라남도 담양군 창평면 의병로 133,517883,57389,,,,127.015139040661,35.2381048857842
MA010120220807568795,민중기매매상사,,G2,소매,G221,기타 상품 소매,G22199,그 외 기타 상품 전문 소매업,G47859,그 외 기타 분류 안된 상품 전문 소매업,29,광주광역시,29200,광산구,29200700,신창동,2920011800,신창동,2920011800110790003,1,대지,1079,3,광주광역시 광산구 신창동 1079-3,292002009002,광주광역시 광산구 북문대로,386,10,2920011800110790003042091,,광주광역시 광산구 북문대로 386-10,506839,62273,,,,126.85180204583,35.1922896006292
MA010120220807599300,고려인삼,,G2,소매,G221,기타 상품 소매,G22199,그 외 기타 상품 전문 소매업,G47859,그 외 기타 분류 안된 상품 전문 소매업,29,광주광역시,29200,광산구,29200525,송정2동,2920010100,송정동,2920010100108120009,1,대지,812,9,광주광역시 광산구 송정동 812-9,292003163005,광주광역시 광산구 내상로,48,,2920010100108120009010021,,광주광역시 광산구 내상로 48,506806,62435,,,,126.797684492219,35.1378414318919
MA010120220807592926,동방석재상조장의사,,G2,소매,G221,기타 상품 소매,G22199,그 외 기타 상품 전문 소매업,G47859,그 외 기타 분류 안된 상품 전문 소매업,29,광주광역시,29155,남구,29155510,양림동,2915511300,양림동,2915511300100230020,1,대지,23,20,광주광역시 남구 양림동 23-20,291553009007,광주광역시 남구 천변좌로,464,1,2915511300100230023004224,,광주광역시 남구 천변좌로 464-1,503821,61662,,,,126.918778437186,35.1390917670002
MA010120220807569158,광주총포사,,G2,소매,G221,기타 상품 소매,G22199,그 외 기타 상품 전문 소매업,G47859,그 외 기타 분류 안된 상품 전문 소매업,29,광주광역시,29170,북구,29170555,중앙동,2917010200,유동,2917010200100160002,1,대지,16,2,광주광역시 북구 유동 16-2,291703162003,광주광역시 북구 금재로,14,,2917010200100160002015442,,광주광역시 북구 금재로 14,500863,61247,,,,126.905040744325,35.1576408031001
MA010120220807597420,멀티샵,,G2,소매,G221,기타 상품 소매,G22199,그 외 기타 상품 전문 소매업,G47859,그 외 기타 분류 안된 상품 전문 소매업,29,광주광역시,29140,서구,29140760,화정1동,2914011900,화정동,2914011900100120017,1,대지,12,17,광주광역시 서구 화정동 12-17,291403160002,광주광역시 서구 군분2로,54,,2914011900100120017024412,금호월드,광주광역시 서구 군분2로 54,502733,61937,,,,126.88157517298,35.1577463295582
MA010120220807584831,에이치엠컴퍼니,,G2,소매,G221,기타 상품 소매,G22199,그 외 기타 상품 전문 소매업,G47859,그 외 기타 분류 안된 상품 전문 소매업,41,경기도,41480,파주시,41480570,운정3동,4148010800,야당동,4148010800110830000,1,대지,1083,,경기도 파주시 야당동 1083,414803206150,경기도 파주시 소리천로,25,,4148010800110830000000001,유은타워7차,경기도 파주시 소리천로 25,413200,10908,,,,126.761464948839,37.7148508528289
MA010120220807595000,창생당한약방,,G2,소매,G221,기타 상품 소매,G22199,그 외 기타 상품 전문 소매업,G47859,그 외 기타 분류 안된 상품 전문 소매업,29,광주광역시,29155,남구,29155630,월산4동,2915510400,월산동,2915510400109050009,1,대지,905,9,광주광역시 남구 월산동 905-9,291554009003,광주광역시 남구 경열로76번길,19,1,2915510400109050009024196,,광주광역시 남구 경열로76번길 19-1,503829,61619,,,,126.89443787591,35.1496279515772
MA010120220807563001,엠지소방,,G2,소매,G221,기타 상품 소매,G22199,그 외 기타 상품 전문 소매업,G47859,그 외 기타 분류 안된 상품 전문 소매업,30,대전광역시,30230,대덕구,30230520,대화동,3023010200,대화동,3023010200106110000,1,대지,611,,대전광역시 대덕구 대화동 611,302303168004,대전광역시 대덕구 대화로,120,,3023010200102900019010461,,대전광역시 대덕구 대화로 120,306800,34366,,,,127.407232883053,36.3666407207014
MA010120220807584928,에스와이플렉스,,G2,소매,G221,기타 상품 소매,G22199,그 외 기타 상품 전문 소매업,G47859,그 외 기타 분류 안된 상품 전문 소매업,11,서울특별시,11305,강북구,11305595,번1동,1130510200,번동,1130510200104460013,1,대지,446,13,서울특별시 강북구 번동 446-13,113053005039,서울특별시 강북구 도봉로,328,,1130510200104460013016363,가든타워빌딩,서울특별시 강북구 도봉로 328,142703,01062,,,,127.02518595275,37.6371277351902
MA010120220807560805,해남기업,,G2,소매,G221,기타 상품 소매,G22199,그 외 기타 상품 전문 소매업,G47859,그 외 기타 분류 안된 상품 전문 소매업,46,전라남도,46710,담양군,46710320,고서면,4671032022,고서면,4671032022106180000,1,대지,618,,전라남도 담양군 고서면 고읍리 618,467104658164,전라남도 담양군 고서면 봉황동길,46,11,4671032022106180000000001,,전라남도 담양군 고서면 봉황동길 46-11,517861,57378,,,,126.994728787109,35.2043501411946
MA010120220807600365,청라원,,G2,소매,G221,기타 상품 소매,G22199,그 외 기타 상품 전문 소매업,G47859,그 외 기타 분류 안된 상품 전문 소매업,29,광주광역시,29200,광산구,29200670,평동,2920014500,옥동,2920014500101750005,1,대지,175,5,광주광역시 광산구 옥동 175-5,292003163051,광주광역시 광산구 평동로,804,1,2920014500101750005027685,,광주광역시 광산구 평동로 804-1,506500,62420,,,,126.762293195041,35.124202678733
MA010120220807570215,만수당한약방,,G2,소매,G221,기타 상품 소매,G22199,그 외 기타 상품 전문 소매업,G47859,그 외 기타 분류 안된 상품 전문 소매업,29,광주광역시,29170,북구,29170620,우산동,2917011000,우산동,2917011000102560004,1,대지,256,4,광주광역시 북구 우산동 256-4,291702162002,광주광역시 북구 동문대로,73,,2917011000102560004047570,,광주광역시 북구 동문대로 73,500850,61209,,,,126.922029012766,35.1708848729181
MA010120220807589183,포인트유통,,G2,소매,G221,기타 상품 소매,G22199,그 외 기타 상품 전문 소매업,G47859,그 외 기타 분류 안된 상품 전문 소매업,29,광주광역시,29200,광산구,29200610,월곡2동,2920012700,산정동,2920012700109420006,1,대지,942,6,광주광역시 광산구 산정동 942-6,292003163009,광주광역시 광산구 목련로,70,,2920012700109420006001330,산정동,광주광역시 광산구 목련로 70,506056,62343,,1,,126.805415361072,35.1721688141634
MA010120220807558418,천일당,,G2,소매,G221,기타 상품 소매,G22199,그 외 기타 상품 전문 소매업,G47859,그 외 기타 분류 안된 상품 전문 소매업,43,충청북도,43720,보은군,43720315,속리산면,4372031523,속리산면,4372031523103120001,1,대지,312,1,충청북도 보은군 속리산면 중판리 312-1,437203000172,충청북도 보은군 속리산면 속리산로,915,,4372031523103120001002050,,충청북도 보은군 속리산면 속리산로 915,376862,28910,,,,127.7958138089,36.5180044917918
MA010120220807594030,진흥농약,,G2,소매,G221,기타 상품 소매,G22199,그 외 기타 상품 전문 소매업,G47859,그 외 기타 분류 안된 상품 전문 소매업,46,전라남도,46870,영광군,46870360,염산면,4687036023,염산면,4687036023107210011,1,대지,721,11,전라남도 영광군 염산면 봉남리 721-11,468703298037,전라남도 영광군 염산면 천년로,16,2,4687036023107210011019920,,전라남도 영광군 염산면 천년로 16-2,513862,57066,,,,126.373313511859,35.217005676469
MA010120220807595779,금산인삼사,,G2,소매,G221,기타 상품 소매,G22199,그 외 기타 상품 전문 소매업,G47859,그 외 기타 분류 안된 상품 전문 소매업,29,광주광역시,29200,광산구,29200600,월곡1동,2920012800,월곡동,2920012800106870003,1,대지,687,3,광주광역시 광산구 월곡동 687-3,292003163014,광주광역시 광산구 사암로,300,,2920012800106870003004771,월곡시장,광주광역시 광산구 사암로 300,506055,62347,,,,126.809643660504,35.1713012169118
MA010120220807600558,블랙스톤바이오,,G2,소매,G221,기타 상품 소매,G22199,그 외 기타 상품 전문 소매업,G47859,그 외 기타 분류 안된 상품 전문 소매업,29,광주광역시,29140,서구,29140740,유덕동,2914011600,유촌동,2914011600102220000,1,대지,222,,광주광역시 서구 유촌동 222,291402009010,광주광역시 서구 빛고을대로,7,,2914011600102220000000001,,광주광역시 서구 빛고을대로 7,502861,61911,,,,126.855158336566,35.1633781605678
MA010120220807558607,드론으로DRONERO,,G2,소매,G221,기타 상품 소매,G22199,그 외 기타 상품 전문 소매업,G47859,그 외 기타 분류 안된 상품 전문 소매업,52,전북특별자치도,52750,임실군,52750355,오수면,5275035521,오수면,5275035521103900018,1,대지,390,18,전북특별자치도 임실군 오수면 오수리 390-18,527503277023,전북특별자치도 임실군 오수면 오수로,182,,4575035521103900018127713,,전북특별자치도 임실군 오수면 오수로 182,566895,55951,,,,127.326396659848,35.5403652494313
MA010120220807596040,토비특판진도영업소,,G2,소매,G221,기타 상품 소매,G22199,그 외 기타 상품 전문 소매업,G47859,그 외 기타 분류 안된 상품 전문 소매업,46,전라남도,46900,진도군,46900250,진도읍,4690025026,진도읍,4690025026113850007,1,대지,1385,7,전라남도 진도군 진도읍 포산리 1385-7,469004855012,전라남도 진도군 진도읍 포서2길,3,,4690025026113850070001596,,전라남도 진도군 진도읍 포서2길 3,539804,58932,,,,126.238215172855,34.459342495632
MA010120220807596060,삼화불교,,G2,소매,G221,기타 상품 소매,G22199,그 외 기타 상품 전문 소매업,G47859,그 외 기타 분류 안된 상품 전문 소매업,29,광주광역시,29140,서구,29140575,양동,2914010400,양동,2914010400102710005,1,대지,271,5,광주광역시 서구 양동 271-5,291403009001,광주광역시 서구 구성로,1,,2914010400102710005007714,,광주광역시 서구 구성로 1,502822,61924,,,,126.897957110126,35.1524522247317
MA010120220807570615,관음사,,G2,소매,G221,기타 상품 소매,G22199,그 외 기타 상품 전문 소매업,G47859,그 외 기타 분류 안된 상품 전문 소매업,27,대구광역시,27170,서구,27170565,비산2.3동,2717010200,비산동,2717010200100130014,1,대지,13,14,대구광역시 서구 비산동 13-14,271704229101,대구광역시 서구 달서로40길,17,19,2717010200100130014022371,,대구광역시 서구 달서로40길 17-19,703809,41736,,,,128.574576173888,35.8800092395832
MA010120220807598900,금호당,,G2,소매,G221,기타 상품 소매,G22199,그 외 기타 상품 전문 소매업,G47859,그 외 기타 분류 안된 상품 전문 소매업,29,광주광역시,29200,광산구,29200525,송정2동,2920010100,송정동,2920010100108330009,1,대지,833,9,광주광역시 광산구 송정동 833-9,292004289022,광주광역시 광산구 광산로29번길,18,,2920010100108330009005084,,광주광역시 광산구 광산로29번길 18,506806,62430,,,,126.794057627001,35.1401698472127
MA010120220807617445,에이엠방재시스템,,G2,소매,G221,기타 상품 소매,G22199,그 외 기타 상품 전문 소매업,G47859,그 외 기타 분류 안된 상품 전문 소매업,29,광주광역시,29200,광산구,29200630,신가동,2920011900,신가동,2920011900110020007,1,대지,1002,7,광주광역시 광산구 신가동 1002-7,292004289114,광주광역시 광산구 목련로394번길,23,7,2920011900110020007042633,,광주광역시 광산구 목련로394번길 23-7,506901,62300,,,,126.83374555514,35.1840998900951
MA010120220807605358,경진상사,,G2,소매,G221,기타 상품 소매,G22199,그 외 기타 상품 전문 소매업,G47422,의복 액세서리 및 모조 장신구 소매업,29,광주광역시,29110,동구,29110525,충장동,2911013100,금남로1가,2911013100100230000,1,대지,23,,광주광역시 동구 금남로1가 23,291103159008,광주광역시 동구 서석로,56,,2911013100100010023007035,금남지하상가,광주광역시 동구 서석로 56,501742,61485,,,,126.920020796701,35.1478358028256
MA010120220807605385,산삼과산야초,,G2,소매,G221,기타 상품 소매,G22199,그 외 기타 상품 전문 소매업,G47859,그 외 기타 분류 안된 상품 전문 소매업,29,광주광역시,29140,서구,29140760,화정1동,2914012100,내방동,2914012100108350002,1,대지,835,2,광주광역시 서구 내방동 835-2,291404280163,광주광역시 서구 상무대로1005번길,15,,2914012100108350002018411,,광주광역시 서구 상무대로1005번길 15,502808,61976,,,,126.871704529266,35.1531393457619
MA010120220807619842,금산인삼쎈타,,G2,소매,G221,기타 상품 소매,G22199,그 외 기타 상품 전문 소매업,G47859,그 외 기타 분류 안된 상품 전문 소매업,29,광주광역시,29200,광산구,29200626,첨단2동,2920011500,월계동,2920011500107700003,1,대지,770,3,광주광역시 광산구 월계동 770-3,292003163039,광주광역시 광산구 월계로,114,,2920011500107700003017756,,광주광역시 광산구 월계로 114,506824,62266,,1,,126.837947062454,35.2134716534112
MA010120220807630352,바바,,G2,소매,G221,기타 상품 소매,G22199,그 외 기타 상품 전문 소매업,G47859,그 외 기타 분류 안된 상품 전문 소매업,41,경기도,41390,시흥시,41390597,배곧2동,4139013500,배곧동,4139013500102920003,1,대지,292,3,경기도 시흥시 배곧동 292-3,413903350759,경기도 시흥시 서울대학로,59,69,4139013200117710001000044,배곧테크노밸리,경기도 시흥시 서울대학로 59-69,,15012,,,,126.710380054664,37.3586441954847
MA010120220807633089,네비마스터,,G2,소매,G221,기타 상품 소매,G22199,그 외 기타 상품 전문 소매업,G47859,그 외 기타 분류 안된 상품 전문 소매업,29,광주광역시,29140,서구,29140660,농성2동,2914010600,농성동,2914010600106560054,1,대지,656,54,광주광역시 서구 농성동 656-54,291403009010,광주광역시 서구 군분로,207,2,2914010600106560054016038,,광주광역시 서구 군분로 207-2,502813,61982,,,,126.883584278037,35.1496180099291
MA010120220807622554,부부마트,,G2,소매,G221,기타 상품 소매,G22199,그 외 기타 상품 전문 소매업,G47859,그 외 기타 분류 안된 상품 전문 소매업,29,광주광역시,29140,서구,29140760,화정1동,2914011900,화정동,2914011900107820014,1,대지,782,14,광주광역시 서구 화정동 782-14,291402009004,광주광역시 서구 상무대로,1087,,2914011900107820014023689,,광주광역시 서구 상무대로 1087,502835,61979,,,,126.880715023493,35.153013347508
MA010120220807611068,루이보스,코리아,G2,소매,G221,기타 상품 소매,G22199,그 외 기타 상품 전문 소매업,G47859,그 외 기타 분류 안된 상품 전문 소매업,29,광주광역시,29140,서구,29140752,상무2동,2914011800,쌍촌동,2914011800109120013,1,대지,912,13,광주광역시 서구 쌍촌동 912-13,291404280303,광주광역시 서구 운천로103번길,4,,2914011800109120013011210,,광주광역시 서구 운천로103번길 4,502854,62002,,3,,126.857863479844,35.1415684568828
MA010120220807628183,현진상회,,G2,소매,G221,기타 상품 소매,G22199,그 외 기타 상품 전문 소매업,G47859,그 외 기타 분류 안된 상품 전문 소매업,29,광주광역시,29140,서구,29140575,양동,2914010400,양동,2914010400100050000,1,대지,5,,광주광역시 서구 양동 5,291403009007,광주광역시 서구 천변좌로,262,,2914010400100050000004876,양동시장,광주광역시 서구 천변좌로 262,502822,61925,,,,126.904442778364,35.1527820029399
MA010120220807638758,해와달,,G2,소매,G221,기타 상품 소매,G22199,그 외 기타 상품 전문 소매업,G47859,그 외 기타 분류 안된 상품 전문 소매업,29,광주광역시,29140,서구,29140590,양3동,2914010400,양동,2914010400104380209,1,대지,438,209,광주광역시 서구 양동 438-209,291403009007,광주광역시 서구 천변좌로,154,,2914010400104380209005396,,광주광역시 서구 천변좌로 154,502826,61919,,,,126.895610979669,35.1591202883986
MA010120220807618186,남부상회,,G2,소매,G221,기타 상품 소매,G22199,그 외 기타 상품 전문 소매업,G47859,그 외 기타 분류 안된 상품 전문 소매업,29,광주광역시,29140,서구,29140730,광천동,2914011500,광천동,2914011500107140024,1,대지,714,24,광주광역시 서구 광천동 714-24,291403160043,광주광역시 서구 칠성로,151,2,2914011500107140024001163,,광주광역시 서구 칠성로 151-2,502802,61907,,,,126.874120978162,35.1660944085777
MA010120220807606999,케이씨제이팜,,G2,소매,G221,기타 상품 소매,G22199,그 외 기타 상품 전문 소매업,G47859,그 외 기타 분류 안된 상품 전문 소매업,11,서울특별시,11320,도봉구,11320512,창2동,1132010700,창동,1132010700108040000,1,대지,804,,서울특별시 도봉구 창동 804,113204127065,서울특별시 도봉구 덕릉로63가길,61,,1132010700108040000017653,창동대우아파트,서울특별시 도봉구 덕릉로63가길 61,132784,01465,,,,127.037334149118,37.6426115132009
MA010120220807631617,포인트샵,,G2,소매,G221,기타 상품 소매,G22199,그 외 기타 상품 전문 소매업,G47859,그 외 기타 분류 안된 상품 전문 소매업,29,광주광역시,29200,광산구,29200640,하남동,2920012500,하남동,2920012500100210002,1,대지,21,2,광주광역시 광산구 하남동 21-2,292002009008,광주광역시 광산구 하남대로,107,,2920012500100210002021105,,광주광역시 광산구 하남대로 107,506250,62233,,,,126.805527491353,35.180398369514
MA010120220807626741,광산소방설비공사,,G2,소매,G221,기타 상품 소매,G22199,그 외 기타 상품 전문 소매업,G47859,그 외 기타 분류 안된 상품 전문 소매업,29,광주광역시,29140,서구,29140800,서창동,2914013200,매월동,2914013200109480000,1,대지,948,,광주광역시 서구 매월동 948,291403160009,광주광역시 서구 매월2로,53,,2914013200109460000024501,산업용재유통센터,광주광역시 서구 매월2로 53,502795,62074,,,,126.860287964665,35.1162249385525
MA010120220807636988,퓨어메이트,,G2,소매,G221,기타 상품 소매,G22199,그 외 기타 상품 전문 소매업,G47859,그 외 기타 분류 안된 상품 전문 소매업,29,광주광역시,29140,서구,29140760,화정1동,2914011900,화정동,2914011900100120017,1,대지,12,17,광주광역시 서구 화정동 12-17,291403160002,광주광역시 서구 군분2로,54,,2914011900100120017024412,금호월드,광주광역시 서구 군분2로 54,502733,61937,,,,126.88157517298,35.1577463295582
MA010120220807609594,연아불교용품,,G2,소매,G221,기타 상품 소매,G22199,그 외 기타 상품 전문 소매업,G47859,그 외 기타 분류 안된 상품 전문 소매업,46,전라남도,46170,나주시,46170520,영강동,4617010400,삼영동,4617010400101610005,1,대지,161,5,전라남도 나주시 삼영동 161-5,461703284048,전라남도 나주시 영산포로,261,1,4617010400101610005001878,,전라남도 나주시 영산포로 261-1,520230,58264,,,,126.707504387828,35.0043989538266
MA010120220807612010,광천당한약방,,G2,소매,G221,기타 상품 소매,G22199,그 외 기타 상품 전문 소매업,G47859,그 외 기타 분류 안된 상품 전문 소매업,29,광주광역시,29140,서구,29140790,화정4동,2914011900,화정동,2914011900108050004,1,대지,805,4,광주광역시 서구 화정동 805-4,291403160036,광주광역시 서구 월드컵4강로,75,1,2914011900108050004020465,,광주광역시 서구 월드컵4강로 75-1,502839,62026,,,,126.873848285163,35.1436502693013
MA010120220807616802,금재유관무상사,,G2,소매,G221,기타 상품 소매,G22199,그 외 기타 상품 전문 소매업,G47859,그 외 기타 분류 안된 상품 전문 소매업,29,광주광역시,29170,북구,29170535,중흥동,2917010100,중흥동,2917010100103480050,1,대지,348,50,광주광역시 북구 중흥동 348-50,291704286386,광주광역시 북구 서암대로223번길,6,,2917010100103480050008828,,광주광역시 북구 서암대로223번길 6,500874,61218,,,,126.908694984177,35.1679731842961
MA010120220807623994,동아유통,,G2,소매,G221,기타 상품 소매,G22199,그 외 기타 상품 전문 소매업,G47859,그 외 기타 분류 안된 상품 전문 소매업,29,광주광역시,29200,광산구,29200640,하남동,2920012700,산정동,2920012700109450017,1,대지,945,17,광주광역시 광산구 산정동 945-17,292004289233,광주광역시 광산구 산정로61번길,17,,2920012700109450008004630,,광주광역시 광산구 산정로61번길 17,506250,62343,,,,126.803923551816,35.1717067170372
MA010120220807614938,그린A&C,,G2,소매,G221,기타 상품 소매,G22199,그 외 기타 상품 전문 소매업,G47859,그 외 기타 분류 안된 상품 전문 소매업,29,광주광역시,29140,서구,29140780,화정3동,2914011900,화정동,2914011900108270021,1,대지,827,21,광주광역시 서구 화정동 827-21,291403160034,광주광역시 서구 염화로,121,,2914011900108270021021701,,광주광역시 서구 염화로 121,502838,62038,,,,126.877722675142,35.1431584919687
MA010120220807640058,포인트샵,,G2,소매,G221,기타 상품 소매,G22199,그 외 기타 상품 전문 소매업,G47859,그 외 기타 분류 안된 상품 전문 소매업,29,광주광역시,29200,광산구,29200630,신가동,2920011900,신가동,2920011900109300009,1,대지,930,9,광주광역시 광산구 신가동 930-9,292002009008,광주광역시 광산구 하남대로,279,,2920011900109300009015774,,광주광역시 광산구 하남대로 279,506809,62312,,2,,126.824171111759,35.1793722827153
MA010120220807605000,강남종합상사,,G2,소매,G221,기타 상품 소매,G22199,그 외 기타 상품 전문 소매업,G47859,그 외 기타 분류 안된 상품 전문 소매업,46,전라남도,46870,영광군,46870250,영광읍,4687025039,영광읍,4687025039101070010,1,대지,107,10,전라남도 영광군 영광읍 신하리 107-10,468703298037,전라남도 영광군 영광읍 천년로,1373,,4687025039101070010023429,,전라남도 영광군 영광읍 천년로 1373,513805,57039,,,,126.495841705138,35.2685754948755
MA010120220807602969,호남혼구사,,G2,소매,G221,기타 상품 소매,G22199,그 외 기타 상품 전문 소매업,G47859,그 외 기타 분류 안된 상품 전문 소매업,29,광주광역시,29140,서구,29140575,양동,2914010400,양동,2914010400101430001,1,대지,143,1,광주광역시 서구 양동 143-1,291403009001,광주광역시 서구 구성로,127,1,2914010400101430001007762,,광주광역시 서구 구성로 127-1,502823,61926,,,,126.908968569871,35.1490178003352
MA010120220807603005,삼성당건재한약방,,G2,소매,G221,기타 상품 소매,G22199,그 외 기타 상품 전문 소매업,G47859,그 외 기타 분류 안된 상품 전문 소매업,29,광주광역시,29140,서구,29140575,양동,2914010400,양동,2914010400101410003,1,대지,141,3,광주광역시 서구 양동 141-3,291403009001,광주광역시 서구 구성로,129,,2914010400101430003004855,,광주광역시 서구 구성로 129,502823,61926,,,,126.909078282203,35.1490449235353
MA010120220807673559,피노,,G2,소매,G221,기타 상품 소매,G22199,그 외 기타 상품 전문 소매업,G47859,그 외 기타 분류 안된 상품 전문 소매업,44,충청남도,44131,천안시 동남구,44131360,병천면,4413136021,병천면,4413136021102680001,1,대지,268,1,충청남도 천안시 동남구 병천면 가전리 268-1,441314547007,충청남도 천안시 동남구 병천면 가전4길,5,,4413136021102680001037161,,충청남도 천안시 동남구 병천면 가전4길 5,330861,31253,,,,127.279486260098,36.7709189257649
MA010120220807643473,솔테크,,G2,소매,G221,기타 상품 소매,G22199,그 외 기타 상품 전문 소매업,G47859,그 외 기타 분류 안된 상품 전문 소매업,29,광주광역시,29140,서구,29140800,서창동,2914012900,벽진동,2914012900101770004,1,대지,177,4,광주광역시 서구 벽진동 177-4,291404280154,광주광역시 서구 벽진길,34,,2914012900101770004012599,,광주광역시 서구 벽진길 34,502151,62010,,,,126.834839211161,35.1318946923637
MA010120220807643627,토비,,G2,소매,G221,기타 상품 소매,G22199,그 외 기타 상품 전문 소매업,G47859,그 외 기타 분류 안된 상품 전문 소매업,29,광주광역시,29140,서구,29140821,금호1동,2914013000,금호동,2914013000107570013,1,대지,757,13,광주광역시 서구 금호동 757-13,291404280069,광주광역시 서구 금화로73번길,6,39,2914013000107570013019247,,광주광역시 서구 금화로73번길 6-39,502806,62006,,,,126.85753722311,35.133582006136
MA010120220807685722,윤수당건재약방,,G2,소매,G221,기타 상품 소매,G22199,그 외 기타 상품 전문 소매업,G47859,그 외 기타 분류 안된 상품 전문 소매업,46,전라남도,46110,목포시,46110780,삼향동,4611016000,석현동,4611016000105240000,1,대지,524,,전라남도 목포시 석현동 524,461103295110,전라남도 목포시 녹색로,1,,4611016000105240000028538,,전라남도 목포시 녹색로 1,530829,58606,,,,126.423516595254,34.8253508368812
MA010120220807687506,오대양육대주,,G2,소매,G221,기타 상품 소매,G22199,그 외 기타 상품 전문 소매업,G47859,그 외 기타 분류 안된 상품 전문 소매업,11,서울특별시,11140,중구,11140540,회현동,1114012400,충무로1가,1114012400100520041,1,대지,52,41,서울특별시 중구 충무로1가 52-41,111403101004,서울특별시 중구 소공로,58,,1114012200100010001000001,회현지하쇼핑센터,서울특별시 중구 소공로 58,100011,04535,,,,126.982060835234,37.5604006655827
MA010120220807654531,아트모,,G2,소매,G221,기타 상품 소매,G22199,그 외 기타 상품 전문 소매업,G47422,의복 액세서리 및 모조 장신구 소매업,27,대구광역시,27290,달서구,27290555,감삼동,2729011300,감삼동,2729011300100650005,1,대지,65,5,대구광역시 달서구 감삼동 65-5,272902007002,대구광역시 달서구 달구벌대로,1613,,2729011300100650002018577,,대구광역시 달서구 달구벌대로 1613,704953,42640,,2,,128.542863638437,35.852611341897
MA010120220807682097,목포총포사,,G2,소매,G221,기타 상품 소매,G22199,그 외 기타 상품 전문 소매업,G47859,그 외 기타 분류 안된 상품 전문 소매업,46,전라남도,46110,목포시,46110595,목원동,4611010800,호남동,4611010800102890000,1,대지,289,,전라남도 목포시 호남동 289,461103281095,전라남도 목포시 영산로,161,,4611010800102890000018445,,전라남도 목포시 영산로 161,530300,58712,,,,126.387808382344,34.7968456003383
MA010120220807683510,브라더미싱,,G2,소매,G221,기타 상품 소매,G22199,그 외 기타 상품 전문 소매업,G47859,그 외 기타 분류 안된 상품 전문 소매업,46,전라남도,46110,목포시,46110655,만호동,4611011700,복만동,4611011700100030032,1,대지,3,32,전라남도 목포시 복만동 3-32,461104643784,전라남도 목포시 해안로237번길,26,,4611011700100030032056276,,전라남도 목포시 해안로237번길 26,530130,58753,,,,126.385734854401,34.7876499263413
MA010120220807646882,광주스마트폰친구아이폰사설수리,센터점,G2,소매,G221,기타 상품 소매,G22199,그 외 기타 상품 전문 소매업,G47859,그 외 기타 분류 안된 상품 전문 소매업,29,광주광역시,29140,서구,29140760,화정1동,2914011900,화정동,2914011900100120017,1,대지,12,17,광주광역시 서구 화정동 12-17,291403160002,광주광역시 서구 군분2로,54,,2914011900100120017024412,금호월드,광주광역시 서구 군분2로 54,502733,61937,,1,,126.88157517298,35.1577463295582
MA010120220807682248,그린골드,,G2,소매,G221,기타 상품 소매,G22199,그 외 기타 상품 전문 소매업,G47859,그 외 기타 분류 안된 상품 전문 소매업,26,부산광역시,26320,북구,26320520,구포2동,2632010500,구포동,2632010500110410008,1,대지,1041,8,부산광역시 북구 구포동 1041-8,263203006026,부산광역시 북구 낙동북로,659,1,2632010500110410008016199,,부산광역시 북구 낙동북로 659-1,616802,46585,,,,128.997190312439,35.2020534455337
MA010120220807683604,무안소형덤프,,G2,소매,G221,기타 상품 소매,G22199,그 외 기타 상품 전문 소매업,G47859,그 외 기타 분류 안된 상품 전문 소매업,46,전라남도,46840,무안군,46840250,무안읍,4684025026,무안읍,4684025026103600001,1,대지,360,1,전라남도 무안군 무안읍 고절리 360-1,468404688016,전라남도 무안군 무안읍 고절길,60,3,4684025026103580001054427,,전라남도 무안군 무안읍 고절길 60-3,534801,58520,,,,126.466992941643,35.0058796457039
MA010120220807689966,금성상회,,G2,소매,G221,기타 상품 소매,G22199,그 외 기타 상품 전문 소매업,G47859,그 외 기타 분류 안된 상품 전문 소매업,46,전라남도,46110,목포시,46110595,목원동,4611010700,남교동,4611010700100540009,1,대지,54,9,전라남도 목포시 남교동 54-9,461104643506,전라남도 목포시 영산로121번길,48,,4611010700100540009037810,,전라남도 목포시 영산로121번길 48,530310,58724,,,,126.381630547744,34.7944527127936
MA010120220807654750,은영포장,,G2,소매,G221,기타 상품 소매,G22199,그 외 기타 상품 전문 소매업,G47859,그 외 기타 분류 안된 상품 전문 소매업,50,제주특별자치도,50110,제주시,50110630,아라동,5011011700,아라일동,5011011700161510003,1,대지,6151,3,제주특별자치도 제주시 아라일동 6151-3,501104848610,제주특별자치도 제주시 인다4길,46,,5011011700118150002049653,,제주특별자치도 제주시 인다4길 46,690121,63248,,,,126.548574815391,33.4704394671171
MA010120220807685927,서해수석,,G2,소매,G221,기타 상품 소매,G22199,그 외 기타 상품 전문 소매업,G47859,그 외 기타 분류 안된 상품 전문 소매업,46,전라남도,46110,목포시,46110645,삼학동,4611010200,산정동,4611010200113520027,1,대지,1352,27,전라남도 목포시 산정동 1352-27,461104643586,전라남도 목포시 용당로5번길,18,,4611010200113520027006681,,전라남도 목포시 용당로5번길 18,530480,58744,,,,126.399945547196,34.7881985517602
MA010120220807690172,공간,,G2,소매,G221,기타 상품 소매,G22199,그 외 기타 상품 전문 소매업,G47859,그 외 기타 분류 안된 상품 전문 소매업,46,전라남도,46110,목포시,46110655,만호동,4611012600,축복동1가,4611012600100030005,1,대지,3,5,전라남도 목포시 축복동1가 3-5,461104643786,전라남도 목포시 해안로259번길,3,1,4611012600100030005043372,,전라남도 목포시 해안로259번길 3-1,530130,58752,,,,126.389277388833,34.7873071933845
MA010120220807680308,한터원예사,,G2,소매,G221,기타 상품 소매,G22199,그 외 기타 상품 전문 소매업,G47859,그 외 기타 분류 안된 상품 전문 소매업,46,전라남도,46840,무안군,46840250,무안읍,4684025024,무안읍,4684025024110410001,1,대지,1041,1,전라남도 무안군 무안읍 교촌리 1041-1,468403296035,전라남도 무안군 무안읍 창포로,13,14,4684025024110410001060162,,전라남도 무안군 무안읍 창포로 13-14,534802,58526,,,,126.473534217971,34.9885928606256
MA010120220807686190,보배생활건강,,G2,소매,G221,기타 상품 소매,G22199,그 외 기타 상품 전문 소매업,G47859,그 외 기타 분류 안된 상품 전문 소매업,31,울산광역시,31710,울주군,31710253,언양읍,3171025330,언양읍,3171025330102490019,1,대지,249,19,울산광역시 울주군 언양읍 동부리 249-19,317104319270,울산광역시 울주군 언양읍 동부3길,3,,3171025330102490019010479,,울산광역시 울주군 언양읍 동부3길 3,689804,44941,,,,129.125409987587,35.5675449835025
MA010120220807682642,안동상회,,G2,소매,G221,기타 상품 소매,G22199,그 외 기타 상품 전문 소매업,G47859,그 외 기타 분류 안된 상품 전문 소매업,46,전라남도,46840,무안군,46840360,해제면,4684036025,해제면,4684036025109250061,1,대지,925,61,전라남도 무안군 해제면 양매리 925-61,468403296042,전라남도 무안군 해제면 현해로,1661,,4684036025109250061000001,,전라남도 무안군 해제면 현해로 1661,534874,58502,,,,126.296530639331,35.1124525262552
MA010120220807688211,힘찬,,G2,소매,G221,기타 상품 소매,G22199,그 외 기타 상품 전문 소매업,G47859,그 외 기타 분류 안된 상품 전문 소매업,46,전라남도,46110,목포시,46110780,삼향동,4611016300,대양동,4611016300100750018,1,대지,75,18,전라남도 목포시 대양동 75-18,461103281030,전라남도 목포시 산양로,52,,4611016300100750018028285,근화희망타운3차,전라남도 목포시 산양로 52,530741,58604,,1,,126.42853985962,34.8371467256526
MA010120220807649981,행운필연구소,,G2,소매,G221,기타 상품 소매,G22199,그 외 기타 상품 전문 소매업,G47859,그 외 기타 분류 안된 상품 전문 소매업,29,광주광역시,29140,서구,29140790,화정4동,2914011900,화정동,2914011900109280001,1,대지,928,1,광주광역시 서구 화정동 928-1,291404280296,광주광역시 서구 염화로57번길,17,,2914011900109280001024303,금호,광주광역시 서구 염화로57번길 17,502799,62028,,,,126.871154981255,35.1397265126
MA010120220807686525,진영상사,,G2,소매,G221,기타 상품 소매,G22199,그 외 기타 상품 전문 소매업,G47859,그 외 기타 분류 안된 상품 전문 소매업,46,전라남도,46110,목포시,46110655,만호동,4611015200,경동1가,4611015200100020001,1,대지,2,1,전라남도 목포시 경동1가 2-1,461104643527,전라남도 목포시 영산로40번길,12,4,4611015200100020001027827,,전라남도 목포시 영산로40번길 12-4,530130,58754,,,,126.383038880053,34.7858154697944
MA010120220807672964,엔드리스,,G2,소매,G221,기타 상품 소매,G22199,그 외 기타 상품 전문 소매업,G45213,자동차 내장용 신품 전기ㆍ전자ㆍ정밀기기 판매업,29,광주광역시,29155,남구,29155538,봉선2동,2915511500,봉선동,2915511500100160003,1,대지,16,3,광주광역시 남구 봉선동 16-3,291553161013,광주광역시 남구 오방로,10,,2915511500100160003000001,,광주광역시 남구 오방로 10,503810,61682,,,,126.919384026022,35.1258511424194
MA010120220807653252,센스모,,G2,소매,G221,기타 상품 소매,G22199,그 외 기타 상품 전문 소매업,G47422,의복 액세서리 및 모조 장신구 소매업,52,전북특별자치도,52180,정읍시,52180535,내장상동,5218010300,상동,5218010300105940012,1,대지,594,12,전북특별자치도 정읍시 상동 594-12,521804610247,전북특별자치도 정읍시 동부3길,1,,4518010300105940012081912,,전북특별자치도 정읍시 동부3길 1,580801,56187,,2,,126.858889459094,35.5622023764572
MA010120220807655931,희조불교용품,,G2,소매,G221,기타 상품 소매,G22199,그 외 기타 상품 전문 소매업,G47859,그 외 기타 분류 안된 상품 전문 소매업,11,서울특별시,11380,은평구,11380590,응암2동,1138010700,응암동,1138010700103970278,1,대지,397,278,서울특별시 은평구 응암동 397-278,113803005055,서울특별시 은평구 응암로,230,,1138010700105760021020382,뒤쪽호,서울특별시 은평구 응암로 230,122919,03467,,1,,126.917976663225,37.5924399204505
MA010120220807647950,화니유통,,G2,소매,G221,기타 상품 소매,G22199,그 외 기타 상품 전문 소매업,G47859,그 외 기타 분류 안된 상품 전문 소매업,29,광주광역시,29140,서구,29140745,치평동,2914011800,쌍촌동,2914011800109730017,1,대지,973,17,광주광역시 서구 쌍촌동 973-17,291403160024,광주광역시 서구 상무평화로,156,1,2914011800109730017009216,,광주광역시 서구 상무평화로 156-1,502820,61964,,,,126.855378879678,35.1503988525724
MA010120220807670521,신일장제협동조합,,G2,소매,G221,기타 상품 소매,G22199,그 외 기타 상품 전문 소매업,G47859,그 외 기타 분류 안된 상품 전문 소매업,29,광주광역시,29200,광산구,29200700,신창동,2920011800,신창동,2920011800110210013,1,대지,1021,13,광주광역시 광산구 신창동 1021-13,292004286752,광주광역시 광산구 풍영정길,59,,2920011800110210013014257,,광주광역시 광산구 풍영정길 59,506839,62294,,,,126.841281321071,35.1819377340963
MA010120220807685258,곱슬이인삼집,,G2,소매,G221,기타 상품 소매,G22199,그 외 기타 상품 전문 소매업,G47859,그 외 기타 분류 안된 상품 전문 소매업,46,전라남도,46110,목포시,46110645,삼학동,4611010200,산정동,4611010200113830000,1,대지,1383,,전라남도 목포시 산정동 1383,461103281075,전라남도 목포시 자유로,122,,4611010200113830000036110,자유시장,전라남도 목포시 자유로 122,530817,58737,,,,126.403233048905,34.7929200083413
MA010120220807642899,제이에스종합방재,,G2,소매,G221,기타 상품 소매,G22199,그 외 기타 상품 전문 소매업,G47859,그 외 기타 분류 안된 상품 전문 소매업,29,광주광역시,29140,서구,29140800,서창동,2914013200,매월동,2914013200109480000,1,대지,948,,광주광역시 서구 매월동 948,291403160009,광주광역시 서구 매월2로,53,,2914013200109460000024501,호,광주광역시 서구 매월2로 53,502795,62074,,,,126.860287964665,35.1162249385525
MA010120220806029284,두림헬스케어,,G2,소매,G221,기타 상품 소매,G22199,그 외 기타 상품 전문 소매업,G47859,그 외 기타 분류 안된 상품 전문 소매업,28,인천광역시,28237,부평구,28237660,부개2동,2823710700,부개동,2823710700105020001,1,대지,502,1,인천광역시 부평구 부개동 502-1,282373000066,인천광역시 부평구 부흥로,408,,2823710700105020001101119,일부호,인천광역시 부평구 부흥로 408,403102,21398,,2,,126.737313339944,37.4974362946865
MA010120220806020375,양키캔들,당진점,G2,소매,G221,기타 상품 소매,G22199,그 외 기타 상품 전문 소매업,L68112,비주거용 건물 임대업,44,충청남도,44270,당진시,44270510,당진1동,4427010600,수청동,4427010600110410000,1,대지,1041,,충청남도 당진시 수청동 1041,442703265144,충청남도 당진시 시청2로,49,19,4427010600110410000000001,시네마타워,충청남도 당진시 시청2로 49-19,343050,31774,,2,,126.64668100825,36.8871181136163
MA010120220806025018,신화유통,,G2,소매,G221,기타 상품 소매,G22199,그 외 기타 상품 전문 소매업,G47859,그 외 기타 분류 안된 상품 전문 소매업,30,대전광역시,30110,동구,30110665,성남동,3011011600,성남동,3011011600102050311,1,대지,205,311,대전광역시 동구 성남동 205-311,301103010001,대전광역시 동구 계족로,387,,3011011600102050311007865,,대전광역시 동구 계족로 387,300819,34580,,,,127.432358953685,36.346384199928
MA010120220806037414,맥스민,,G2,소매,G221,기타 상품 소매,G22199,그 외 기타 상품 전문 소매업,G47859,그 외 기타 분류 안된 상품 전문 소매업,11,서울특별시,11530,구로구,11530540,구로3동,1153010200,구로동,1153010200111280003,1,대지,1128,3,서울특별시 구로구 구로동 1128-3,115304148336,서울특별시 구로구 디지털로32가길,16,,1153010200111280003022710,,서울특별시 구로구 디지털로32가길 16,152880,08393,,,,126.898581674511,37.4829533497151
MA010120220806025178,중앙종묘,,G2,소매,G221,기타 상품 소매,G22199,그 외 기타 상품 전문 소매업,G47859,그 외 기타 분류 안된 상품 전문 소매업,44,충청남도,44270,당진시,44270253,송악읍,4427025321,송악읍,4427025321101550061,1,대지,155,61,충청남도 당진시 송악읍 기지시리 155-61,442704595094,충청남도 당진시 송악읍 기지시1길,59,,4483025621101550061088183,,충청남도 당진시 송악읍 기지시1길 59,343825,31733,,,,126.692818504141,36.9043130681453
MA010120220806037888,경기도장애인복지협회,,G2,소매,G221,기타 상품 소매,G22199,그 외 기타 상품 전문 소매업,G47859,그 외 기타 분류 안된 상품 전문 소매업,41,경기도,41133,성남시 중원구,41133670,도촌동,4113310700,도촌동,4113310700100610007,1,대지,61,7,경기도 성남시 중원구 도촌동 61-7,411333179026,경기도 성남시 중원구 희망로,87,,4113310700100620000019084,,경기도 성남시 중원구 희망로 87,462080,13419,,,,127.15096952824,37.4187663330779
MA010120220806021377,신평흥농종묘,,G2,소매,G221,기타 상품 소매,G22199,그 외 기타 상품 전문 소매업,G47859,그 외 기타 분류 안된 상품 전문 소매업,44,충청남도,44270,당진시,44270380,신평면,4427038021,신평면,4427038021103860043,1,대지,386,43,충청남도 당진시 신평면 금천리 386-43,442703265131,충청남도 당진시 신평면 신평로,812,31,4483038021103860043085137,,충청남도 당진시 신평면 신평로 812-31,343812,31741,,1,,126.773696769363,36.8847696459372
MA010120220806021448,삽교농약종묘사,,G2,소매,G221,기타 상품 소매,G22199,그 외 기타 상품 전문 소매업,G47859,그 외 기타 분류 안된 상품 전문 소매업,44,충청남도,44810,예산군,44810253,삽교읍,4481025338,삽교읍,4481025338102650034,1,대지,265,34,충청남도 예산군 삽교읍 신가리 265-34,448103263014,충청남도 예산군 삽교읍 삽교로,102,,4481025338102650034000447,,충청남도 예산군 삽교읍 삽교로 102,340905,32414,,,,126.739897996799,36.6859691517378
MA010120220806019336,풍년농약사,,G2,소매,G221,기타 상품 소매,G22199,그 외 기타 상품 전문 소매업,G47859,그 외 기타 분류 안된 상품 전문 소매업,44,충청남도,44810,예산군,44810253,삽교읍,4481025321,삽교읍,4481025321108030238,1,대지,803,238,충청남도 예산군 삽교읍 두리 803-238,448103263014,충청남도 예산군 삽교읍 삽교로,69,,4481025321108030238000556,,충청남도 예산군 삽교읍 삽교로 69,340902,32414,,,,126.736461922065,36.68631303626
MA010120220807369260,흥농종묘농약사,,G2,소매,G221,기타 상품 소매,G22199,그 외 기타 상품 전문 소매업,G47859,그 외 기타 분류 안된 상품 전문 소매업,52,전북특별자치도,52790,고창군,52790380,대산면,5279038025,대산면,5279038025101820019,1,대지,182,19,전북특별자치도 고창군 대산면 매산리 182-19,527903279072,전북특별자치도 고창군 대산면 대성로,227,,4579038025101820019027241,,전북특별자치도 고창군 대산면 대성로 227,585864,56468,,,,126.599442939059,35.3384914986166
MA010120220807381630,민속만물,,G2,소매,G221,기타 상품 소매,G22199,그 외 기타 상품 전문 소매업,G47859,그 외 기타 분류 안된 상품 전문 소매업,52,전북특별자치도,52800,부안군,52800250,부안읍,5280025024,부안읍,5280025024105740069,1,대지,574,69,전북특별자치도 부안군 부안읍 봉덕리 574-69,528004640367,전북특별자치도 부안군 부안읍 송정길,4,,4580025024105740069023889,,전북특별자치도 부안군 부안읍 송정길 4,579805,56313,,,,126.736159113974,35.7257055286347
MA010120220807390760,전주만물,,G2,소매,G221,기타 상품 소매,G22199,그 외 기타 상품 전문 소매업,G47859,그 외 기타 분류 안된 상품 전문 소매업,52,전북특별자치도,52113,전주시 덕진구,52113525,진북동,5211310200,진북동,5211310200102690009,1,대지,269,9,전북특별자치도 전주시 덕진구 진북동 269-9,521133266028,전북특별자치도 전주시 덕진구 반촌로,45,,4511310200102690009008077,,전북특별자치도 전주시 덕진구 반촌로 45,561835,55003,,,,127.146510202823,35.8311914924519
MA010120220807390857,팜앤테크,,G2,소매,G221,기타 상품 소매,G22199,그 외 기타 상품 전문 소매업,G47859,그 외 기타 분류 안된 상품 전문 소매업,52,전북특별자치도,52111,전주시 완산구,52111680,서신동,5211112900,서신동,5211112900108410011,1,대지,841,11,전북특별자치도 전주시 완산구 서신동 841-11,521114598187,전북특별자치도 전주시 완산구 서신천변3길,6,,4511112900108410011024059,,전북특별자치도 전주시 완산구 서신천변3길 6,560821,54953,,,,127.113635448452,35.8279645135603
MA010120220807393202,태농팜,,G2,소매,G221,기타 상품 소매,G22199,그 외 기타 상품 전문 소매업,G47859,그 외 기타 분류 안된 상품 전문 소매업,50,제주특별자치도,50130,서귀포시,50130310,안덕면,5013031025,안덕면,5013031025124750001,1,대지,2475,1,제주특별자치도 서귀포시 안덕면 사계리 2475-1,501304850300,제주특별자치도 서귀포시 안덕면 사계남로13번길,1,1,5013031025124750001000001,,제주특별자치도 서귀포시 안덕면 사계남로13번길 1-1,699922,63528,,,,126.293573087006,33.2296215369903
MA010120220807378729,갤러리데이지,,G2,소매,G221,기타 상품 소매,G22199,그 외 기타 상품 전문 소매업,G47859,그 외 기타 분류 안된 상품 전문 소매업,50,제주특별자치도,50110,제주시,50110310,한경면,5011031030,한경면,5011031030121200012,1,대지,2120,12,제주특별자치도 제주시 한경면 저지리 2120-12,501104848635,제주특별자치도 제주시 한경면 저지12길,97,12,5011031030121200012000001,,제주특별자치도 제주시 한경면 저지12길 97-12,695947,63005,,,,126.267533656562,33.3378530432825
MA010120220807381748,서해불교만물,,G2,소매,G221,기타 상품 소매,G22199,그 외 기타 상품 전문 소매업,G47859,그 외 기타 분류 안된 상품 전문 소매업,41,경기도,41390,시흥시,41390589,정왕본동,4139013200,정왕동,4139013200115170007,1,대지,1517,7,경기도 시흥시 정왕동 1517-7,413904397557,경기도 시흥시 정왕천로408번길,7,,4139013200115170007014630,,경기도 시흥시 정왕천로408번길 7,429455,15051,,,,126.752667715334,37.3436659997337
MA010120220807376820,메디셀러,,G2,소매,G221,기타 상품 소매,G22199,그 외 기타 상품 전문 소매업,G47859,그 외 기타 분류 안된 상품 전문 소매업,11,서울특별시,11680,강남구,11680565,청담동,1168010400,청담동,1168010400100930011,1,대지,93,11,서울특별시 강남구 청담동 93-11,116804166539,서울특별시 강남구 압구정로80길,34,,1168010400100930011017757,원일빌딩,서울특별시 강남구 압구정로80길 34,135517,06016,,3,,127.04394985365,37.524795356453
MA010120220807389440,원일어상자,,G2,소매,G221,기타 상품 소매,G22199,그 외 기타 상품 전문 소매업,G47859,그 외 기타 분류 안된 상품 전문 소매업,44,충청남도,44770,서천군,44770250,장항읍,4477025030,장항읍,4477025030108870056,1,대지,887,56,충청남도 서천군 장항읍 원수리 887-56,447704580449,충청남도 서천군 장항읍 성주산길,3,,4477025030108870056008825,,충청남도 서천군 장항읍 성주산길 3,325906,33675,,,,126.702528113792,36.0094486986457
MA010120220807391182,한국농약,,G2,소매,G221,기타 상품 소매,G22199,그 외 기타 상품 전문 소매업,G47859,그 외 기타 분류 안된 상품 전문 소매업,52,전북특별자치도,52800,부안군,52800250,부안읍,5280025022,부안읍,5280025022100420082,1,대지,42,82,전북특별자치도 부안군 부안읍 서외리 42-82,528003280032,전북특별자치도 부안군 부안읍 번영로,104,,4580025022100420082030573,,전북특별자치도 부안군 부안읍 번영로 104,579803,56311,,,,126.731757975324,35.7263447141085
MA010120220807393629,농민농약,백화점,G2,소매,G221,기타 상품 소매,G22199,그 외 기타 상품 전문 소매업,G47859,그 외 기타 분류 안된 상품 전문 소매업,52,전북특별자치도,52800,부안군,52800410,줄포면,5280041021,줄포면,5280041021103820028,1,대지,382,28,전북특별자치도 부안군 줄포면 줄포리 382-28,528003280086,전북특별자치도 부안군 줄포면 줄포중앙로,64,,4580041021103820028071969,,전북특별자치도 부안군 줄포면 줄포중앙로 64,579883,56326,,,,126.679211027347,35.5914836869939
MA010120220807393637,호광인삼약초사,,G2,소매,G221,기타 상품 소매,G22199,그 외 기타 상품 전문 소매업,G47859,그 외 기타 분류 안된 상품 전문 소매업,52,전북특별자치도,52800,부안군,52800410,줄포면,5280041021,줄포면,5280041021107280003,1,대지,728,3,전북특별자치도 부안군 줄포면 줄포리 728-3,528003280096,전북특별자치도 부안군 줄포면 부안로,865,,4580041021107280003071575,,전북특별자치도 부안군 줄포면 부안로 865,579883,56326,,,,126.676854261609,35.5876018407875
MA010120220807391368,신흥농약사,,G2,소매,G221,기타 상품 소매,G22199,그 외 기타 상품 전문 소매업,G47859,그 외 기타 분류 안된 상품 전문 소매업,52,전북특별자치도,52800,부안군,52800250,부안읍,5280025032,부안읍,5280025032101720006,1,대지,172,6,전북특별자치도 부안군 부안읍 신흥리 172-6,528003280019,전북특별자치도 부안군 부안읍 돌모산로,1,,4580025032101720006028757,,전북특별자치도 부안군 부안읍 돌모산로 1,579801,56320,,,,126.732783174152,35.6973620249534
MA010120220807404271,농민의집,,G2,소매,G221,기타 상품 소매,G22199,그 외 기타 상품 전문 소매업,G47859,그 외 기타 분류 안된 상품 전문 소매업,52,전북특별자치도,52720,진안군,52720250,진안읍,5272025021,진안읍,5272025021104030028,1,대지,403,28,전북특별자치도 진안군 진안읍 군상리 403-28,527203274057,전북특별자치도 진안군 진안읍 진무로,1117,,4572025021104050010005940,,전북특별자치도 진안군 진안읍 진무로 1117,567804,55430,,,,127.4306982666,35.7923680120926
MA010120220807394033,함안종합광고사,,G2,소매,G221,기타 상품 소매,G22199,그 외 기타 상품 전문 소매업,G47859,그 외 기타 분류 안된 상품 전문 소매업,48,경상남도,48730,함안군,48730250,가야읍,4873025021,가야읍,4873025021104760020,1,대지,476,20,경상남도 함안군 가야읍 말산리 476-20,487303335004,경상남도 함안군 가야읍 가야로,37,2,4873025021104760020000001,,경상남도 함안군 가야읍 가야로 37-2,637804,52041,,,,128.405477289232,35.2775585772072
MA010120220807394050,대원농약사,,G2,소매,G221,기타 상품 소매,G22199,그 외 기타 상품 전문 소매업,G47859,그 외 기타 분류 안된 상품 전문 소매업,52,전북특별자치도,52210,김제시,52210510,요촌동,5221010100,요촌동,5221010100102880040,1,대지,288,40,전북특별자치도 김제시 요촌동 288-40,522103272083,전북특별자치도 김제시 남북로,210,7,4521010100102880040056542,,전북특별자치도 김제시 남북로 210-7,576806,54384,,,,126.884807044613,35.802953039281
MA010120220807370284,허브성인용품,,G2,소매,G221,기타 상품 소매,G22199,그 외 기타 상품 전문 소매업,G47859,그 외 기타 분류 안된 상품 전문 소매업,28,인천광역시,28185,연수구,28185766,청학동,2818510400,청학동,2818510400105030001,1,대지,503,1,인천광역시 연수구 청학동 503-1,281853152006,인천광역시 연수구 먼우금로,197,,2818510400105030001044932,이리옴프라자,인천광역시 연수구 먼우금로 197,406831,21926,,1,,126.67617313419,37.4150043745288
MA010120220807382277,한국세탁기기,,G2,소매,G221,기타 상품 소매,G22199,그 외 기타 상품 전문 소매업,G47859,그 외 기타 분류 안된 상품 전문 소매업,28,인천광역시,28177,미추홀구,28177650,주안4동,2817710500,주안동,2817710500114690020,1,대지,1469,20,인천광역시 미추홀구 주안동 1469-20,281774253266,인천광역시 미추홀구 미추홀대로614번길,10,,2817010600114690020006348,,인천광역시 미추홀구 미추홀대로614번길 10,402859,22151,,,,126.680467063518,37.4518854936646
MA010120220807394651,하나유통,,G2,소매,G221,기타 상품 소매,G22199,그 외 기타 상품 전문 소매업,G47859,그 외 기타 분류 안된 상품 전문 소매업,44,충청남도,44810,예산군,44810250,예산읍,4481025028,예산읍,4481025028103090006,1,대지,309,6,충청남도 예산군 예산읍 관작리 309-6,448103263019,충청남도 예산군 예산읍 신례원로,58,,4481025028103090006010744,,충청남도 예산군 예산읍 신례원로 58,340802,32423,,,,126.835888269057,36.716075567359
MA010120220807377427,북시흥농협경제사업소,,G2,소매,G221,기타 상품 소매,G22199,그 외 기타 상품 전문 소매업,G47859,그 외 기타 분류 안된 상품 전문 소매업,41,경기도,41390,시흥시,41390550,매화동,4139010800,매화동,4139010800100590002,1,대지,59,2,경기도 시흥시 매화동 59-2,413903199065,경기도 시흥시 매화로,14,,4139010800100590002021049,,경기도 시흥시 매화로 14,429816,14939,,,,126.815762974777,37.4182145999227
MA010120220807405405,마령흥농농약사,,G2,소매,G221,기타 상품 소매,G22199,그 외 기타 상품 전문 소매업,G47859,그 외 기타 분류 안된 상품 전문 소매업,52,전북특별자치도,52720,진안군,52720370,마령면,5272037021,마령면,5272037021109750003,1,대지,975,3,전북특별자치도 진안군 마령면 평지리 975-3,527203274024,전북특별자치도 진안군 마령면 서평로,192,,4572037021109740009000884,,전북특별자치도 진안군 마령면 서평로 192,567872,55451,,,,127.370291585469,35.7332570675743
MA010120220807405667,만물상회,,G2,소매,G221,기타 상품 소매,G22199,그 외 기타 상품 전문 소매업,G47859,그 외 기타 분류 안된 상품 전문 소매업,52,전북특별자치도,52740,장수군,52740310,산서면,5274031034,산서면,5274031034101480000,1,대지,148,,전북특별자치도 장수군 산서면 동화리 148,527403276015,전북특별자치도 장수군 산서면 비행로,25,2,4574031034101480001002953,,전북특별자치도 장수군 산서면 비행로 25-2,597822,55647,,,,127.395503203235,35.5850337622
MA010120220807392518,한국농약사,,G2,소매,G221,기타 상품 소매,G22199,그 외 기타 상품 전문 소매업,G47859,그 외 기타 분류 안된 상품 전문 소매업,52,전북특별자치도,52800,부안군,52800360,변산면,5280036025,변산면,5280036025104040006,1,대지,404,6,전북특별자치도 부안군 변산면 지서리 404-6,528003280087,전북특별자치도 부안군 변산면 지서로,78,,4580036025104040006018443,,전북특별자치도 부안군 변산면 지서로 78,579856,56342,,,,126.528321571531,35.6641715429303
MA010120220807403904,심마니인삼종합상사,,G2,소매,G221,기타 상품 소매,G22199,그 외 기타 상품 전문 소매업,G47859,그 외 기타 분류 안된 상품 전문 소매업,52,전북특별자치도,52720,진안군,52720250,진안읍,5272025021,진안읍,5272025021104030006,1,대지,403,6,전북특별자치도 진안군 진안읍 군상리 403-6,527203274057,전북특별자치도 진안군 진안읍 진무로,1126,,4572025021104030006004916,,전북특별자치도 진안군 진안읍 진무로 1126,567804,55431,,,,127.431573018128,35.7925271018144
MA010120220807375703,성호개발,,G2,소매,G221,기타 상품 소매,G22199,그 외 기타 상품 전문 소매업,G47859,그 외 기타 분류 안된 상품 전문 소매업,52,전북특별자치도,52113,전주시 덕진구,52113665,여의동,5211313100,만성동,5211313100113430005,1,대지,1343,5,전북특별자치도 전주시 덕진구 만성동 1343-5,521133351432,전북특별자치도 전주시 덕진구 만성북로,11,,4511313100113430005000001,,전북특별자치도 전주시 덕진구 만성북로 11,561330,54858,,,,127.07663777916,35.8500836254383
MA010120220807375968,선운산한약초,,G2,소매,G221,기타 상품 소매,G22199,그 외 기타 상품 전문 소매업,G47859,그 외 기타 분류 안된 상품 전문 소매업,52,전북특별자치도,52790,고창군,52790310,고수면,5279031033,고수면,5279031033100970001,1,대지,97,1,전북특별자치도 고창군 고수면 두평리 97-1,527904637253,전북특별자치도 고창군 고수면 두평1길,22,10,4579031033100970001028083,,전북특별자치도 고창군 고수면 두평1길 22-10,585842,56447,,,,126.693459900182,35.3699433378717
MA010120220807400104,비엘산업,,G2,소매,G221,기타 상품 소매,G22199,그 외 기타 상품 전문 소매업,G47859,그 외 기타 분류 안된 상품 전문 소매업,46,전라남도,46130,여수시,46130800,여천동,4613013500,선원동,4613013500113070002,1,대지,1307,2,전라남도 여수시 선원동 1307-2,461304646350,전라남도 여수시 무선4길,11,9,4613013500113070002024247,,전라남도 여수시 무선4길 11-9,555801,59640,,,,127.653052041884,34.7737648254193
MA010120220807409657,흥농농약사,,G2,소매,G221,기타 상품 소매,G22199,그 외 기타 상품 전문 소매업,G47859,그 외 기타 분류 안된 상품 전문 소매업,52,전북특별자치도,52730,무주군,52730310,무풍면,5273031021,무풍면,5273031021111610060,1,대지,1161,60,전북특별자치도 무주군 무풍면 현내리 1161-60,527303275062,전북특별자치도 무주군 무풍면 현내로,210,,4573031021111610060020686,,전북특별자치도 무주군 무풍면 현내로 210,568821,55559,,,,127.84832661658,35.969057114719
MA010120220807409663,한농종묘,,G2,소매,G221,기타 상품 소매,G22199,그 외 기타 상품 전문 소매업,G47859,그 외 기타 분류 안된 상품 전문 소매업,52,전북특별자치도,52730,무주군,52730340,안성면,5273034021,안성면,5273034021113080046,1,대지,1308,46,전북특별자치도 무주군 안성면 장기리 1308-46,527303275061,전북특별자치도 무주군 안성면 안성로,275,7,4573034021113080046006744,,전북특별자치도 무주군 안성면 안성로 275-7,568845,55535,,,,127.653655254485,35.8658862850132
MA010120220807419765,남원지리산한약,,G2,소매,G221,기타 상품 소매,G22199,그 외 기타 상품 전문 소매업,G47859,그 외 기타 분류 안된 상품 전문 소매업,52,전북특별자치도,52190,남원시,52190550,금동,5219010600,금동,5219010600102640001,1,대지,264,1,전북특별자치도 남원시 금동 264-1,521903271030,전북특별자치도 남원시 의총로,51,,4519010600102640001307488,공설시장,전북특별자치도 남원시 의총로 51,590980,55768,,1,,127.375861148408,35.4046196519992
MA010120220807424305,동양불교사,,G2,소매,G221,기타 상품 소매,G22199,그 외 기타 상품 전문 소매업,G47859,그 외 기타 분류 안된 상품 전문 소매업,52,전북특별자치도,52190,남원시,52190550,금동,5219010600,금동,5219010600102640001,1,대지,264,1,전북특별자치도 남원시 금동 264-1,521903271030,전북특별자치도 남원시 의총로,51,,4519010600102640001307488,호,전북특별자치도 남원시 의총로 51,590980,55768,,,,127.375861148408,35.4046196519992
MA010120220807431686,슬기로운S생활,,G2,소매,G221,기타 상품 소매,G22199,그 외 기타 상품 전문 소매업,G47859,그 외 기타 분류 안된 상품 전문 소매업,41,경기도,41570,김포시,41570570,구래동,4157010900,구래동,4157010900168810004,1,대지,6881,4,경기도 김포시 구래동 6881-4,415704838103,경기도 김포시 김포한강9로75번길,142,,4157010900168810004000001,태림더끌리움1차,경기도 김포시 김포한강9로75번길 142,415080,10071,,1,,126.622513950434,37.6445092260353
MA010120220807427490,오수만물,,G2,소매,G221,기타 상품 소매,G22199,그 외 기타 상품 전문 소매업,G47859,그 외 기타 분류 안된 상품 전문 소매업,52,전북특별자치도,52750,임실군,52750355,오수면,5275035529,오수면,5275035529106750018,1,대지,675,18,전북특별자치도 임실군 오수면 오산리 675-18,527501000014,전북특별자치도 임실군 오수면 순천완주고속도로,73,,4575035529106750018000001,오수하행선휴게소,전북특별자치도 임실군 오수면 순천완주고속도로 73,566893,55949,,,,127.309395130511,35.5410139359898
MA010120220807431741,순화당한약방,,G2,소매,G221,기타 상품 소매,G22199,그 외 기타 상품 전문 소매업,G47859,그 외 기타 분류 안된 상품 전문 소매업,52,전북특별자치도,52770,순창군,52770250,순창읍,5277025022,순창읍,5277025022107170003,1,대지,717,3,전북특별자치도 순창군 순창읍 남계리 717-3,527704634174,전북특별자치도 순창군 순창읍 순창2길,17,,4577025022007170003001226,,전북특별자치도 순창군 순창읍 순창2길 17,595803,56045,,,,127.143638451577,35.3712292149166
MA010120220807420049,장터아그리텍,,G2,소매,G221,기타 상품 소매,G22199,그 외 기타 상품 전문 소매업,G47859,그 외 기타 분류 안된 상품 전문 소매업,52,전북특별자치도,52770,순창군,52770250,순창읍,5277025022,순창읍,5277025022103880006,1,대지,388,6,전북특별자치도 순창군 순창읍 남계리 388-6,527704634178,전북특별자치도 순창군 순창읍 순창6길,42,,4577025022003880005001522,,전북특별자치도 순창군 순창읍 순창6길 42,595803,56044,,,,127.146853037877,35.3719734526131
MA010120220807424479,흥농종묘사,,G2,소매,G221,기타 상품 소매,G22199,그 외 기타 상품 전문 소매업,G47859,그 외 기타 분류 안된 상품 전문 소매업,52,전북특별자치도,52750,임실군,52750380,관촌면,5275038026,관촌면,5275038026104960011,1,대지,496,11,전북특별자치도 임실군 관촌면 관촌리 496-11,527504631144,전북특별자치도 임실군 관촌면 사선6길,2,,4575038026104960011000001,,전북특별자치도 임실군 관촌면 사선6길 2,566812,55910,,2,,127.270245039675,35.6746791165962
MA010120220807410177,그린산업,,G2,소매,G221,기타 상품 소매,G22199,그 외 기타 상품 전문 소매업,G47859,그 외 기타 분류 안된 상품 전문 소매업,41,경기도,41192,부천시 원미구,41192670,상동,4119210900,상동,4119210900104590000,1,대지,459,,경기도 부천시 원미구 상동 459,411924352299,경기도 부천시 원미구 송내대로74번길,44,,4119510900104590000000001,이데아시티,경기도 부천시 원미구 송내대로74번길 44,420816,14623,,,,126.756461325405,37.4896656075142
MA010120220807432047,쌍치종묘농약사,,G2,소매,G221,기타 상품 소매,G22199,그 외 기타 상품 전문 소매업,G47859,그 외 기타 분류 안된 상품 전문 소매업,52,전북특별자치도,52770,순창군,52770360,쌍치면,5277036033,쌍치면,5277036033102950005,1,대지,295,5,전북특별자치도 순창군 쌍치면 쌍계리 295-5,527703278031,전북특별자치도 순창군 쌍치면 쌍계로,41,,4577036033002910001000163,,전북특별자치도 순창군 쌍치면 쌍계로 41,595893,56008,,,,127.002799551815,35.5005185484347
MA010120220807410294,신전농자재마트,,G2,소매,G221,기타 상품 소매,G22199,그 외 기타 상품 전문 소매업,G47859,그 외 기타 분류 안된 상품 전문 소매업,46,전라남도,46810,강진군,46810350,신전면,4681035022,신전면,4681035022107230002,1,대지,723,2,전라남도 강진군 신전면 용월리 723-2,468103293053,전라남도 강진군 신전면 백도로,1541,,4681035022107230002080345,,전라남도 강진군 신전면 백도로 1541,527891,59252,,,,126.721861919731,34.513873382789
MA010120220807413260,나래신당,,G2,소매,G221,기타 상품 소매,G22199,그 외 기타 상품 전문 소매업,G47859,그 외 기타 분류 안된 상품 전문 소매업,48,경상남도,48250,김해시,48250590,삼안동,4825011900,삼방동,4825011900100340004,1,대지,34,4,경상남도 김해시 삼방동 34-4,482504805457,경상남도 김해시 삼안로131번길,14,,4825011900100340004015176,,경상남도 김해시 삼안로131번길 14,621908,50822,,3,,128.913858102861,35.2399335930889
MA010120220807421849,자유불교용품,,G2,소매,G221,기타 상품 소매,G22199,그 외 기타 상품 전문 소매업,G47859,그 외 기타 분류 안된 상품 전문 소매업,46,전라남도,46110,목포시,46110510,용당1동,4611010100,용당동,4611010100110490001,1,대지,1049,1,전라남도 목포시 용당동 1049-1,461104643295,전라남도 목포시 산정로186번길,16,1,4611010100110490001028757,,전라남도 목포시 산정로186번길 16-1,530361,58652,,,,126.392749320695,34.8055327612219
MA010120220807430291,광명농약사,,G2,소매,G221,기타 상품 소매,G22199,그 외 기타 상품 전문 소매업,G47859,그 외 기타 분류 안된 상품 전문 소매업,52,전북특별자치도,52770,순창군,52770250,순창읍,5277025022,순창읍,5277025022103250008,1,대지,325,8,전북특별자치도 순창군 순창읍 남계리 325-8,527704634178,전북특별자치도 순창군 순창읍 순창6길,47,,4577025022003250008001703,,전북특별자치도 순창군 순창읍 순창6길 47,595803,56042,,,,127.147425540987,35.372125981105
MA010120220807408550,흥농종묘사,,G2,소매,G221,기타 상품 소매,G22199,그 외 기타 상품 전문 소매업,G47859,그 외 기타 분류 안된 상품 전문 소매업,52,전북특별자치도,52730,무주군,52730250,무주읍,5273025021,무주읍,5273025021109170002,1,대지,917,2,전북특별자치도 무주군 무주읍 읍내리 917-2,527304625219,전북특별자치도 무주군 무주읍 주계로4길,1,,4573025021109170002001449,,전북특별자치도 무주군 무주읍 주계로4길 1,568806,55516,,,,127.658217905542,36.0063532955676
MA010120220807408553,풍년농약종묘사,,G2,소매,G221,기타 상품 소매,G22199,그 외 기타 상품 전문 소매업,G47859,그 외 기타 분류 안된 상품 전문 소매업,52,전북특별자치도,52730,무주군,52730250,무주읍,5273025021,무주읍,5273025021111010001,1,대지,1101,1,전북특별자치도 무주군 무주읍 읍내리 1101-1,527303275044,전북특별자치도 무주군 무주읍 주계로,57,,4573025021111010001001665,,전북특별자치도 무주군 무주읍 주계로 57,568806,55508,,,,127.656585496714,36.0061189146326
MA010120220807437170,부여친환경,,G2,소매,G221,기타 상품 소매,G22199,그 외 기타 상품 전문 소매업,G47859,그 외 기타 분류 안된 상품 전문 소매업,44,충청남도,44760,부여군,44760250,부여읍,4476025028,부여읍,4476025028105250000,1,대지,525,,충청남도 부여군 부여읍 동남리 525,447603259115,충청남도 부여군 부여읍 성왕로,131,,4476025028105250005021925,,충청남도 부여군 부여읍 성왕로 131,323806,33142,,,,126.904759675749,36.2778181512231
MA010120220807432773,루비,,G2,소매,G221,기타 상품 소매,G22199,그 외 기타 상품 전문 소매업,G47859,그 외 기타 분류 안된 상품 전문 소매업,27,대구광역시,27260,수성구,27260640,두산동,2726011100,두산동,2726011100107440002,1,대지,744,2,대구광역시 수성구 두산동 744-2,272604238333,대구광역시 수성구 용학로25길,36,,2726011100107440002005725,,대구광역시 수성구 용학로25길 36,706801,42216,,,,128.62506909905,35.8252771265629
MA010120220807437303,보름달,,G2,소매,G221,기타 상품 소매,G22199,그 외 기타 상품 전문 소매업,G47859,그 외 기타 분류 안된 상품 전문 소매업,28,인천광역시,28237,부평구,28237690,십정2동,2823710200,십정동,2823710200104080048,1,대지,408,48,인천광역시 부평구 십정동 408-48,282373154072,인천광역시 부평구 열우물로,18,,2823710200104080048015138,마이빌,인천광역시 부평구 열우물로 18,403848,21446,,1,,126.701055649327,37.4696892405293
MA010120220807423584,관촌석재,,G2,소매,G221,기타 상품 소매,G22199,그 외 기타 상품 전문 소매업,G47519,"페인트, 창호 및 기타 건설자재 소매업",52,전북특별자치도,52750,임실군,52750380,관촌면,5275038026,관촌면,5275038026107370002,1,대지,737,2,전북특별자치도 임실군 관촌면 관촌리 737-2,527503266092,전북특별자치도 임실군 관촌면 춘향로,3572,,4575038026107370002000001,,전북특별자치도 임실군 관촌면 춘향로 3572,566812,55910,,1,,127.265816185624,35.6814846193712
MA010120220807426664,제일농약사,,G2,소매,G221,기타 상품 소매,G22199,그 외 기타 상품 전문 소매업,G47859,그 외 기타 분류 안된 상품 전문 소매업,52,전북특별자치도,52770,순창군,52770250,순창읍,5277025022,순창읍,5277025022104060000,1,대지,406,,전북특별자치도 순창군 순창읍 남계리 406,527704634178,전북특별자치도 순창군 순창읍 순창6길,26,,4577025022104060000000001,,전북특별자치도 순창군 순창읍 순창6길 26,595803,56044,,,,127.145323938651,35.3722547125694
MA010120220807432940,중앙종묘사,,G2,소매,G221,기타 상품 소매,G22199,그 외 기타 상품 전문 소매업,G47859,그 외 기타 분류 안된 상품 전문 소매업,52,전북특별자치도,52750,임실군,52750250,임실읍,5275025022,임실읍,5275025022102330004,1,대지,233,4,전북특별자치도 임실군 임실읍 이도리 233-4,527504631121,전북특별자치도 임실군 임실읍 봉황11길,66,,4575025022109340026120475,,전북특별자치도 임실군 임실읍 봉황11길 66,566805,55928,,,,127.282593418931,35.6148956647474
MA010120220807428601,신선약초,,G2,소매,G221,기타 상품 소매,G22199,그 외 기타 상품 전문 소매업,G47859,그 외 기타 분류 안된 상품 전문 소매업,52,전북특별자치도,52190,남원시,52190550,금동,5219010600,금동,5219010600104110006,1,대지,411,6,전북특별자치도 남원시 금동 411-6,521904613084,전북특별자치도 남원시 금하정2길,32,,4519010600104110006304482,,전북특별자치도 남원시 금하정2길 32,590982,55768,,,,127.374620142859,35.4052634420435
MA010120220807414156,도현,,G2,소매,G221,기타 상품 소매,G22199,그 외 기타 상품 전문 소매업,G47859,그 외 기타 분류 안된 상품 전문 소매업,48,경상남도,48840,남해군,48840380,설천면,4884038026,설천면,4884038026108170001,1,대지,817,1,경상남도 남해군 설천면 문의리 817-1,488404829324,경상남도 남해군 설천면 설천로775번길,34,11,4884038026108170001008635,,경상남도 남해군 설천면 설천로775번길 34-11,668892,52401,,,,127.908126982554,34.9299945527377
MA010120220807423799,애마상사,,G2,소매,G221,기타 상품 소매,G22199,그 외 기타 상품 전문 소매업,G47859,그 외 기타 분류 안된 상품 전문 소매업,52,전북특별자치도,52190,남원시,52190520,죽항동,5219010300,죽항동,5219010300100450000,1,대지,45,,전북특별자치도 남원시 죽항동 45,521903271012,전북특별자치도 남원시 동문로,34,,4519010300100450000306959,,전북특별자치도 남원시 동문로 34,590987,55772,,,,127.386294536836,35.4086336453165
MA010120220807416982,재구가발,,G2,소매,G221,기타 상품 소매,G22199,그 외 기타 상품 전문 소매업,G47422,의복 액세서리 및 모조 장신구 소매업,11,서울특별시,11215,광진구,11215860,구의2동,1121510300,구의동,1121510300100570038,1,대지,57,38,서울특별시 광진구 구의동 57-38,112152000008,서울특별시 광진구 천호대로,699,,1121510300100570038007278,,서울특별시 광진구 천호대로 699,143818,04962,,3,,127.092330940296,37.5496170269558
MA010120220807422346,삼각지퇴비,,G2,소매,G221,기타 상품 소매,G22199,그 외 기타 상품 전문 소매업,G47859,그 외 기타 분류 안된 상품 전문 소매업,52,전북특별자치도,52740,장수군,52740310,산서면,5274031024,산서면,5274031024106930000,1,대지,693,,전북특별자치도 장수군 산서면 봉서리 693,527403276001,전북특별자치도 장수군 산서면 계월로,216,49,4574031024106930000000001,,전북특별자치도 장수군 산서면 계월로 216-49,597821,55652,,,,127.377645972017,35.5580522821285
MA010120220807409122,모노모,,G2,소매,G221,기타 상품 소매,G22199,그 외 기타 상품 전문 소매업,G47422,의복 액세서리 및 모조 장신구 소매업,41,경기도,41173,안양시 동안구,41173566,부림동,4117310200,관양동,4117310200116030008,1,대지,1603,8,경기도 안양시 동안구 관양동 1603-8,411734349080,경기도 안양시 동안구 관평로182번길,30,,4117310200116030009004623,한솔빌딩,경기도 안양시 동안구 관평로182번길 30,431786,14066,,4,,126.962168655087,37.3934749291108
MA010120220807435405,맹가미,,G2,소매,G221,기타 상품 소매,G22199,그 외 기타 상품 전문 소매업,G47422,의복 액세서리 및 모조 장신구 소매업,52,전북특별자치도,52190,남원시,52190520,죽항동,5219010200,하정동,5219010200101680001,1,대지,168,1,전북특별자치도 남원시 하정동 168-1,521904613201,전북특별자치도 남원시 동헌길,52,,4519010200101680001316952,,전북특별자치도 남원시 동헌길 52,590987,55763,,,,127.379266895705,35.4078357189602
MA010120220807431296,순창서울농약사,,G2,소매,G221,기타 상품 소매,G22199,그 외 기타 상품 전문 소매업,G47859,그 외 기타 분류 안된 상품 전문 소매업,52,전북특별자치도,52770,순창군,52770250,순창읍,5277025022,순창읍,5277025022104180000,1,대지,418,,전북특별자치도 순창군 순창읍 남계리 418,527703278016,전북특별자치도 순창군 순창읍 남계로,57,1,4577025022004180000001582,,전북특별자치도 순창군 순창읍 남계로 57-1,595803,56045,,,,127.144750794806,35.3717416440674
MA010120220807438543,해피니스,,G2,소매,G221,기타 상품 소매,G22199,그 외 기타 상품 전문 소매업,G47859,그 외 기타 분류 안된 상품 전문 소매업,44,충청남도,44180,보령시,44180525,대천2동,4418010100,대천동,4418010100103640026,1,대지,364,26,충청남도 보령시 대천동 364-26,441803252052,충청남도 보령시 중앙로,181,,4418010100103640026022490,,충청남도 보령시 중앙로 181,355931,33449,,,,126.585304289003,36.3535210157902
MA010120220807419668,연화불교사,,G2,소매,G221,기타 상품 소매,G22199,그 외 기타 상품 전문 소매업,G47859,그 외 기타 분류 안된 상품 전문 소매업,52,전북특별자치도,52770,순창군,52770250,순창읍,5277025022,순창읍,5277025022102270028,1,대지,227,28,전북특별자치도 순창군 순창읍 남계리 227-28,527703278029,전북특별자치도 순창군 순창읍 순창로,230,5,4577025022002180007000245,,전북특별자치도 순창군 순창읍 순창로 230-5,595803,56041,,,,127.143689801427,35.3753662441546
MA010120220807427252,남원퇴비,,G2,소매,G221,기타 상품 소매,G22199,그 외 기타 상품 전문 소매업,G47859,그 외 기타 분류 안된 상품 전문 소매업,52,전북특별자치도,52190,남원시,52190330,송동면,5219033030,송동면,5219033030102480000,1,대지,248,,전북특별자치도 남원시 송동면 연산리 248,521903271008,전북특별자치도 남원시 송동면 노송로,319,2,4519033030102480000039193,,전북특별자치도 남원시 송동면 노송로 319-2,590931,55793,,,,127.317401659857,35.3335377632554
MA010120220807438591,도로시컴퍼니,,G2,소매,G221,기타 상품 소매,G22199,그 외 기타 상품 전문 소매업,G47859,그 외 기타 분류 안된 상품 전문 소매업,11,서울특별시,11500,강서구,11500593,화곡8동,1150010300,화곡동,1150010300103410001,1,대지,341,1,서울특별시 강서구 화곡동 341-1,115004145125,서울특별시 강서구 곰달래로25길,57,,1150010300103410001012502,,서울특별시 강서구 곰달래로25길 57,157880,07757,,3,,126.848279732179,37.5331664810511
MA010120220807448295,제일원예사,,G2,소매,G221,기타 상품 소매,G22199,그 외 기타 상품 전문 소매업,G47859,그 외 기타 분류 안된 상품 전문 소매업,46,전라남도,46790,화순군,46790250,화순읍,4679025031,화순읍,4679025031106260009,1,대지,626,9,전라남도 화순군 화순읍 삼천리 626-9,467904673266,전라남도 화순군 화순읍 시장길,43,1,4679025031106260009042067,,전라남도 화순군 화순읍 시장길 43-1,519807,58122,,,,126.982975579261,35.059626087131
MA010120220807456602,문수다한약방,,G2,소매,G221,기타 상품 소매,G22199,그 외 기타 상품 전문 소매업,G47859,그 외 기타 분류 안된 상품 전문 소매업,29,광주광역시,29110,동구,29110590,산수1동,2911011000,산수동,2911011000105500057,1,대지,550,57,광주광역시 동구 산수동 550-57,291103009021,광주광역시 동구 무등로,432,,2911011000105500057004969,,광주광역시 동구 무등로 432,501820,61417,,,,126.928506185593,35.1576208677246
MA010120220807467647,양동전남농약사,,G2,소매,G221,기타 상품 소매,G22199,그 외 기타 상품 전문 소매업,G47859,그 외 기타 분류 안된 상품 전문 소매업,29,광주광역시,29140,서구,29140575,양동,2914010400,양동,2914010400103070004,1,대지,307,4,광주광역시 서구 양동 307-4,291404280007,광주광역시 서구 경열로143번길,1,,2914010400103070004024589,,광주광역시 서구 경열로143번길 1,502825,61923,,,,126.900567081719,35.1541038838107
MA010120220807469952,신솔ENG,,G2,소매,G221,기타 상품 소매,G22199,그 외 기타 상품 전문 소매업,G47859,그 외 기타 분류 안된 상품 전문 소매업,29,광주광역시,29110,동구,29110525,충장동,2911010300,충장로5가,2911010300100830001,1,대지,83,1,광주광역시 동구 충장로5가 83-1,291103009008,광주광역시 동구 충장로,30,1,2911010300100830001003333,,광주광역시 동구 충장로 30-1,501015,61477,,3,,126.911764598155,35.1512462296835
MA010120220807471734,남해화학곡성,대리점,G2,소매,G221,기타 상품 소매,G22199,그 외 기타 상품 전문 소매업,G47859,그 외 기타 분류 안된 상품 전문 소매업,46,전라남도,46720,곡성군,46720250,곡성읍,4672025021,곡성읍,4672025021101360003,1,대지,136,3,전라남도 곡성군 곡성읍 읍내리 136-3,467203287006,전라남도 곡성군 곡성읍 낙동원로,21,,4672025021101360003002116,,전라남도 곡성군 곡성읍 낙동원로 21,516804,57534,,,,127.300507952093,35.283232455133
MA010120220807471839,우수영석재사,,G2,소매,G221,기타 상품 소매,G22199,그 외 기타 상품 전문 소매업,G47859,그 외 기타 분류 안된 상품 전문 소매업,46,전라남도,46820,해남군,46820420,문내면,4682042023,문내면,4682042023107240002,1,대지,724,2,전라남도 해남군 문내면 동외리 724-2,468204682137,전라남도 해남군 문내면 동영길,91,,4682042023107240002000001,,전라남도 해남군 문내면 동영길 91,536872,59004,,,,126.312573804367,34.6030023920098
MA010120220807475220,비와이무역,,G2,소매,G221,기타 상품 소매,G22199,그 외 기타 상품 전문 소매업,G47859,그 외 기타 분류 안된 상품 전문 소매업,29,광주광역시,29155,남구,29155630,월산4동,2915510400,월산동,2915510400109610020,1,대지,961,20,광주광역시 남구 월산동 961-20,291554283117,광주광역시 남구 금화로415번길,22,,2915510400109610020027240,,광주광역시 남구 금화로415번길 22,503829,61611,,,,126.889428794545,35.1450535841192
MA010120220807460937,건강을지키는사람들,,G2,소매,G221,기타 상품 소매,G22199,그 외 기타 상품 전문 소매업,G47859,그 외 기타 분류 안된 상품 전문 소매업,29,광주광역시,29155,남구,29155700,주월2동,2915510600,주월동,2915510600109740128,1,대지,974,128,광주광역시 남구 주월동 974-128,291554283074,광주광역시 남구 군분로23번길,3,,2915510600109740128010821,,광주광역시 남구 군분로23번길 3,503837,61607,,,,126.894741137926,35.1357021770076
MA010120220807472035,화순원예사,,G2,소매,G221,기타 상품 소매,G22199,그 외 기타 상품 전문 소매업,G47859,그 외 기타 분류 안된 상품 전문 소매업,46,전라남도,46790,화순군,46790250,화순읍,4679025022,화순읍,4679025022100910006,1,대지,91,6,전라남도 화순군 화순읍 향청리 91-6,467903291032,전라남도 화순군 화순읍 진각로,116,,4679025022100910005046935,,전라남도 화순군 화순읍 진각로 116,519808,58118,,,,126.986022762712,35.0615644315595
MA010120220807457469,삼천불교상사,,G2,소매,G221,기타 상품 소매,G22199,그 외 기타 상품 전문 소매업,G47859,그 외 기타 분류 안된 상품 전문 소매업,29,광주광역시,29155,남구,29155530,방림2동,2915511400,방림동,2915511400105090110,1,대지,509,110,광주광역시 남구 방림동 509-110,291553009007,광주광역시 남구 천변좌로,518,,2915511400105090110000222,,광주광역시 남구 천변좌로 518,503052,61678,,,,126.921755968616,35.1350466071792
MA010120220807449337,남광건재상,,G2,소매,G221,기타 상품 소매,G22199,그 외 기타 상품 전문 소매업,G47859,그 외 기타 분류 안된 상품 전문 소매업,29,광주광역시,29110,동구,29110685,학동,2911012200,학동,2911012200100610022,1,대지,61,22,광주광역시 동구 학동 61-22,291104277178,광주광역시 동구 제봉로17번길,1,,2911012200100610010011762,,광주광역시 동구 제봉로17번길 1,501841,61490,,,,126.921948645146,35.1401033761666
MA010120220807459665,대산산업,,G2,소매,G221,기타 상품 소매,G22199,그 외 기타 상품 전문 소매업,G47859,그 외 기타 분류 안된 상품 전문 소매업,29,광주광역시,29155,남구,29155690,주월1동,2915510600,주월동,2915510600109690007,1,대지,969,7,광주광역시 남구 주월동 969-7,291554283724,광주광역시 남구 회재로1224번길,17,,2915510600109690007013551,,광주광역시 남구 회재로1224번길 17,503832,61718,,,,126.896018399903,35.1321969774834
MA010120220807442786,예가원,,G2,소매,G221,기타 상품 소매,G22199,그 외 기타 상품 전문 소매업,G47859,그 외 기타 분류 안된 상품 전문 소매업,52,전북특별자치도,52750,임실군,52750250,임실읍,5275025034,임실읍,5275025034106840000,1,대지,684,,전북특별자치도 임실군 임실읍 금성리 684,527504631333,전북특별자치도 임실군 임실읍 치즈마을1길,23,,4575025034106840000123112,,전북특별자치도 임실군 임실읍 치즈마을1길 23,566801,55923,,,,127.29551153524,35.6370543382616
MA010120220807465200,센스모,,G2,소매,G221,기타 상품 소매,G22199,그 외 기타 상품 전문 소매업,G47422,의복 액세서리 및 모조 장신구 소매업,29,광주광역시,29155,남구,29155690,주월1동,2915510600,주월동,2915510600109710012,1,대지,971,12,광주광역시 남구 주월동 971-12,291553000074,광주광역시 남구 회재로,1224,1,2915510600109710012010150,,광주광역시 남구 회재로 1224-1,503832,61718,,,,126.894820993738,35.1333316618521
MA010120220807465245,부강바이오,,G2,소매,G221,기타 상품 소매,G22199,그 외 기타 상품 전문 소매업,G47859,그 외 기타 분류 안된 상품 전문 소매업,46,전라남도,46780,보성군,46780370,조성면,4678037032,조성면,4678037032106350006,1,대지,635,6,전라남도 보성군 조성면 용전리 635-6,467804670089,전라남도 보성군 조성면 대흥길,112,,4678037032106350006000001,,전라남도 보성군 조성면 대흥길 112,546914,59434,,,,127.2256084299,34.793524881473
MA010120220807474640,카로드,,G2,소매,G221,기타 상품 소매,G22199,그 외 기타 상품 전문 소매업,G47859,그 외 기타 분류 안된 상품 전문 소매업,30,대전광역시,30110,동구,30110530,효동,3011010400,천동,3011010400100640001,1,대지,64,1,대전광역시 동구 천동 64-1,301103010002,대전광역시 동구 대전로,500,,3011010400100640001000002,,대전광역시 동구 대전로 500,300030,34689,,,,127.449326912451,36.3098960726888
MA010120220807455899,춘향불교만물상,,G2,소매,G221,기타 상품 소매,G22199,그 외 기타 상품 전문 소매업,G47859,그 외 기타 분류 안된 상품 전문 소매업,29,광주광역시,29170,북구,29170663,두암3동,2917011400,두암동,2917011400108680025,1,대지,868,25,광주광역시 북구 두암동 868-25,291703162002,광주광역시 북구 군왕로,90,,2917011400108680025038035,,광주광역시 북구 군왕로 90,500883,61156,,,,126.932820970669,35.1692057991452
MA010120220807460010,유종학상사,,G2,소매,G221,기타 상품 소매,G22199,그 외 기타 상품 전문 소매업,G47859,그 외 기타 분류 안된 상품 전문 소매업,29,광주광역시,29110,동구,29110685,학동,2911012200,학동,2911012200106280001,1,대지,628,1,광주광역시 동구 학동 628-1,291103159003,광주광역시 동구 남문로,740,,2911012200106280001013247,,광주광역시 동구 남문로 740,501840,61457,,,,126.926242668161,35.1361580973527
MA010120220807467261,상지통신,,G2,소매,G221,기타 상품 소매,G22199,그 외 기타 상품 전문 소매업,G47859,그 외 기타 분류 안된 상품 전문 소매업,46,전라남도,46790,화순군,46790250,화순읍,4679025021,화순읍,4679025021100700005,1,대지,70,5,전라남도 화순군 화순읍 교리 70-5,467903291032,전라남도 화순군 화순읍 진각로,181,18,4679025021100780006046921,화순서라2차,전라남도 화순군 화순읍 진각로 181-18,519804,58112,,,,126.984936333839,35.0677567397588
MA010120220807475358,송정수석,,G2,소매,G221,기타 상품 소매,G22199,그 외 기타 상품 전문 소매업,G47859,그 외 기타 분류 안된 상품 전문 소매업,29,광주광역시,29155,남구,29155630,월산4동,2915510400,월산동,2915510400109180037,1,대지,918,37,광주광역시 남구 월산동 918-37,291552009001,광주광역시 남구 대남대로,410,,2915510400109180037025855,,광주광역시 남구 대남대로 410,503829,61617,,,,126.889282828264,35.1474961394623
MA010120220807463760,영신당,,G2,소매,G221,기타 상품 소매,G22199,그 외 기타 상품 전문 소매업,G47859,그 외 기타 분류 안된 상품 전문 소매업,29,광주광역시,29110,동구,29110685,학동,2911012200,학동,2911012200101650004,1,대지,165,4,광주광역시 동구 학동 165-4,291103009025,광주광역시 동구 천변우로,467,,2911012200101650004000001,,광주광역시 동구 천변우로 467,501841,61489,,1,,126.918359441709,35.1411195506208
MA010120220807456313,스칼렛가발광주점,,G2,소매,G221,기타 상품 소매,G22199,그 외 기타 상품 전문 소매업,G47422,의복 액세서리 및 모조 장신구 소매업,29,광주광역시,29155,남구,29155630,월산4동,2915510400,월산동,2915510400109840022,1,대지,984,22,광주광역시 남구 월산동 984-22,291554283120,광주광역시 남구 금화로440번길,11,1,2915510400109840022025489,,광주광역시 남구 금화로440번길 11-1,503830,61623,,2,,126.892194821358,35.1445603277391
MA010120220807458359,명인원한약국,,G2,소매,G221,기타 상품 소매,G22199,그 외 기타 상품 전문 소매업,G47859,그 외 기타 분류 안된 상품 전문 소매업,29,광주광역시,29155,남구,29155640,월산5동,2915510400,월산동,2915510400110280020,1,대지,1028,20,광주광역시 남구 월산동 1028-20,291554283089,광주광역시 남구 군분로66번길,5,1,2915510400110280020026623,,광주광역시 남구 군분로66번길 5-1,503831,61613,,,,126.892914636199,35.139576435345
MA010120220807469596,금산인삼,,G2,소매,G221,기타 상품 소매,G22199,그 외 기타 상품 전문 소매업,G47859,그 외 기타 분류 안된 상품 전문 소매업,29,광주광역시,29110,동구,29110560,계림1동,2911010900,계림동,2911010900104190005,1,대지,419,5,광주광역시 동구 계림동 419-5,291103009002,광주광역시 동구 동계천로,45,1,2911010100104190005002221,,광주광역시 동구 동계천로 45-1,501804,61428,,,,126.917259321478,35.1547293574239
MA010120220807477983,우성원예사,,G2,소매,G221,기타 상품 소매,G22199,그 외 기타 상품 전문 소매업,G47859,그 외 기타 분류 안된 상품 전문 소매업,46,전라남도,46720,곡성군,46720250,곡성읍,4672025021,곡성읍,4672025021101980003,1,대지,198,3,전라남도 곡성군 곡성읍 읍내리 198-3,467203287003,전라남도 곡성군 곡성읍 곡성로,867,,4672025021101980003000642,,전라남도 곡성군 곡성읍 곡성로 867,516804,57535,,,,127.298256226338,35.2806962564879
MA010120220807496379,세원당한약방,,G2,소매,G221,기타 상품 소매,G22199,그 외 기타 상품 전문 소매업,G47859,그 외 기타 분류 안된 상품 전문 소매업,29,광주광역시,29110,동구,29110590,산수1동,2911011000,산수동,2911011000105470041,1,대지,547,41,광주광역시 동구 산수동 547-41,291104277092,광주광역시 동구 무등로415번길,10,,2911011000105470041019986,,광주광역시 동구 무등로415번길 10,501820,61406,,,,126.928592594635,35.1592163252449
MA010120220807504881,유한책임회사하이모,광주지점,G2,소매,G221,기타 상품 소매,G22199,그 외 기타 상품 전문 소매업,G47422,의복 액세서리 및 모조 장신구 소매업,29,광주광역시,29140,서구,29140760,화정1동,2914011900,화정동,2914011900101770001,1,대지,177,1,광주광역시 서구 화정동 177-1,291402009006,광주광역시 서구 죽봉대로,37,,2914011900101770001022748,씨엔에스비즈니스센터,광주광역시 서구 죽봉대로 37,502834,61978,,3,,126.882707334392,35.1565666500469
MA010120220807515210,무등박제/호돌이총포사,,G2,소매,G221,기타 상품 소매,G22199,그 외 기타 상품 전문 소매업,G47859,그 외 기타 분류 안된 상품 전문 소매업,29,광주광역시,29110,동구,29110590,산수1동,2911011000,산수동,2911011000104630001,1,대지,463,1,광주광역시 동구 산수동 463-1,291103009021,광주광역시 동구 무등로,417,3,2911011000104630001005119,,광주광역시 동구 무등로 417-3,501820,61406,,,,126.927879458065,35.1589004269948
MA010120220807475885,대한유통,,G2,소매,G221,기타 상품 소매,G22199,그 외 기타 상품 전문 소매업,G47859,그 외 기타 분류 안된 상품 전문 소매업,29,광주광역시,29200,광산구,29200640,하남동,2920012300,장덕동,2920012300109770008,1,대지,977,8,광주광역시 광산구 장덕동 977-8,292003163068,광주광역시 광산구 하남산단5번로,46,,2920012300109770008000001,,광주광역시 광산구 하남산단5번로 46,506831,62228,,,,126.800844482779,35.1964348534543
MA010120220807482658,일등통신상사,,G2,소매,G221,기타 상품 소매,G22199,그 외 기타 상품 전문 소매업,G47859,그 외 기타 분류 안된 상품 전문 소매업,29,광주광역시,29110,동구,29110525,충장동,2911010200,금남로5가,2911010200100740010,1,대지,74,10,광주광역시 동구 금남로5가 74-10,291103009019,광주광역시 동구 금남로,161,32,2911010200100740010001466,,광주광역시 동구 금남로 161-32,501852,61471,,,,126.912168370244,35.1533737336516
MA010120220807506977,법인국제우드,,G2,소매,G221,기타 상품 소매,G22199,그 외 기타 상품 전문 소매업,G47859,그 외 기타 분류 안된 상품 전문 소매업,52,전북특별자치도,52190,남원시,52190590,도통동,5219011700,월락동,5219011700104790015,1,대지,479,15,전북특별자치도 남원시 월락동 479-15,521904613496,전북특별자치도 남원시 월미길,18,,4519011700104790015302374,,전북특별자치도 남원시 월미길 18,590983,55736,,,,127.399927493979,35.4227128687044
MA010120220807476037,무등원,,G2,소매,G221,기타 상품 소매,G22199,그 외 기타 상품 전문 소매업,G47859,그 외 기타 분류 안된 상품 전문 소매업,29,광주광역시,29110,동구,29110730,지원1동,2911011900,소태동,2911011900104850007,1,대지,485,7,광주광역시 동구 소태동 485-7,291103159017,광주광역시 동구 학소로,58,,2911011900104850007027381,,광주광역시 동구 학소로 58,501828,61501,,,,126.934886839463,35.1251123295473
MA010120220807491875,소원,,G2,소매,G221,기타 상품 소매,G22199,그 외 기타 상품 전문 소매업,G47859,그 외 기타 분류 안된 상품 전문 소매업,50,제주특별자치도,50130,서귀포시,50130530,중앙동,5013010100,서귀동,5013010100102740006,1,대지,274,6,제주특별자치도 서귀포시 서귀동 274-6,501303350254,제주특별자치도 서귀포시 중정로,69,,5013010100102740006031643,,제주특별자치도 서귀포시 중정로 69,697842,63591,,3,,126.56372383505,33.248263776302
MA010120220807487541,엔코아콜렉션,,G2,소매,G221,기타 상품 소매,G22199,그 외 기타 상품 전문 소매업,G47859,그 외 기타 분류 안된 상품 전문 소매업,52,전북특별자치도,52111,전주시 완산구,52111605,노송동,5211114700,서노송동,5211114700106320006,1,대지,632,6,전북특별자치도 전주시 완산구 서노송동 632-6,521114598068,전북특별자치도 전주시 완산구 노송여울1길,19,,4511114700106320006031355,,전북특별자치도 전주시 완산구 노송여울1길 19,560913,54995,,,,127.145048307351,35.824560001155
MA010120220807478509,성북의료용품,,G2,소매,G221,기타 상품 소매,G22199,그 외 기타 상품 전문 소매업,G47859,그 외 기타 분류 안된 상품 전문 소매업,29,광주광역시,29155,남구,29155690,주월1동,2915510600,주월동,2915510600103710045,1,대지,371,45,광주광역시 남구 주월동 371-45,291552161001,광주광역시 남구 서문대로,817,,2915510600103710045012871,,광주광역시 남구 서문대로 817,503835,61720,,1,,126.899968819851,35.1317856752673
MA010120220807487660,세이드,,G2,소매,G221,기타 상품 소매,G22199,그 외 기타 상품 전문 소매업,G47859,그 외 기타 분류 안된 상품 전문 소매업,41,경기도,41370,오산시,41370560,초평동,4137011800,두곡동,4137011800100670007,1,대지,67,7,경기도 오산시 두곡동 67-7,413703352201,경기도 오산시 두곡로,18,13,4137011800100670007000001,,경기도 오산시 두곡로 18-13,447180,18128,,2,,127.046523610271,37.1315388275698
MA010120220807492194,영천불교서점,,G2,소매,G221,기타 상품 소매,G22199,그 외 기타 상품 전문 소매업,G47859,그 외 기타 분류 안된 상품 전문 소매업,47,경상북도,47230,영천시,47230540,완산동,4723011300,완산동,4723011300109820034,1,대지,982,34,경상북도 영천시 완산동 982-34,472304730382,경상북도 영천시 시장2길,10,,4723011300110660002010684,,경상북도 영천시 시장2길 10,770905,38889,,,,128.937529790525,35.9638279519762
MA010120220807480928,해와달불교용품,백화점,G2,소매,G221,기타 상품 소매,G22199,그 외 기타 상품 전문 소매업,G47859,그 외 기타 분류 안된 상품 전문 소매업,29,광주광역시,29110,동구,29110560,계림1동,2911010900,계림동,2911010900105590014,1,대지,559,14,광주광역시 동구 계림동 559-14,291103009021,광주광역시 동구 무등로,325,,2911010900105590014000241,,광주광역시 동구 무등로 325,501806,61401,,1,,126.918777707635,35.1619142206876
MA010120220807513381,백억홍삼월드,,G2,소매,G221,기타 상품 소매,G22199,그 외 기타 상품 전문 소매업,G47859,그 외 기타 분류 안된 상품 전문 소매업,44,충청남도,44710,금산군,44710250,금산읍,4471025022,금산읍,4471025022100050002,1,대지,5,2,충청남도 금산군 금산읍 중도리 5-2,447103257042,충청남도 금산군 금산읍 인삼광장로,45,,4471025022100050002017466,,충청남도 금산군 금산읍 인삼광장로 45,312806,32739,,,,127.499240715749,36.1011621326045
MA010120220807510886,러브샵,,G2,소매,G221,기타 상품 소매,G22199,그 외 기타 상품 전문 소매업,G47859,그 외 기타 분류 안된 상품 전문 소매업,46,전라남도,46890,완도군,46890250,완도읍,4689025021,완도읍,4689025021112360005,1,대지,1236,5,전라남도 완도군 완도읍 군내리 1236-5,468903300001,전라남도 완도군 완도읍 개포로,160,8,4689025021112360005007540,,전라남도 완도군 완도읍 개포로 160-8,537800,59114,,,,126.74556146385,34.3191631611407
MA010120220807476936,천지홍삼,,G2,소매,G221,기타 상품 소매,G22199,그 외 기타 상품 전문 소매업,G47859,그 외 기타 분류 안된 상품 전문 소매업,29,광주광역시,29155,남구,29155630,월산4동,2915510400,월산동,2915510400109450025,1,대지,945,25,광주광역시 남구 월산동 945-25,291554283123,광주광역시 남구 금화로446번길,11,,2915510400109450025029505,,광주광역시 남구 금화로446번길 11,503829,61622,,1,,126.892708973545,35.1457866354491
MA010120220807481382,동명총포사,,G2,소매,G221,기타 상품 소매,G22199,그 외 기타 상품 전문 소매업,G47859,그 외 기타 분류 안된 상품 전문 소매업,29,광주광역시,29110,동구,29110560,계림1동,2911010900,계림동,2911010900105770010,1,대지,577,10,광주광역시 동구 계림동 577-10,291104277203,광주광역시 동구 중흥로227번길,2,,2911010900105770010000882,,광주광역시 동구 중흥로227번길 2,501803,61420,,,,126.918505582796,35.1596335991261
MA010120220807495731,해동불교,백화점,G2,소매,G221,기타 상품 소매,G22199,그 외 기타 상품 전문 소매업,G47859,그 외 기타 분류 안된 상품 전문 소매업,29,광주광역시,29110,동구,29110560,계림1동,2911010900,계림동,2911010900104650003,1,대지,465,3,광주광역시 동구 계림동 465-3,291103009017,광주광역시 동구 경양로,256,,2911010900104650003002584,,광주광역시 동구 경양로 256,501804,61428,,,,126.918025908607,35.1563883808762
MA010120220807514227,미농농약사,,G2,소매,G221,기타 상품 소매,G22199,그 외 기타 상품 전문 소매업,G47859,그 외 기타 분류 안된 상품 전문 소매업,29,광주광역시,29170,북구,29170620,우산동,2917011000,우산동,2917011000101740023,1,대지,174,23,광주광역시 북구 우산동 174-23,291704286675,광주광역시 북구 중문로10번길,21,1,2917011000101740023023792,,광주광역시 북구 중문로10번길 21-1,500849,61193,,,,126.919490698278,35.1735061629181
MA010120220807514261,삼남총포사,,G2,소매,G221,기타 상품 소매,G22199,그 외 기타 상품 전문 소매업,G47859,그 외 기타 분류 안된 상품 전문 소매업,29,광주광역시,29170,북구,29170676,오치1동,2917011500,오치동,2917011500110350003,1,대지,1035,3,광주광역시 북구 오치동 1035-3,291703162031,광주광역시 북구 서하로,310,,2917011500110350003001599,,광주광역시 북구 서하로 310,500836,61132,,,,126.914339360278,35.1867074994923
MA010120220807495830,정산한약방,,G2,소매,G221,기타 상품 소매,G22199,그 외 기타 상품 전문 소매업,G47859,그 외 기타 분류 안된 상품 전문 소매업,29,광주광역시,29110,동구,29110560,계림1동,2911010900,계림동,2911010900105530014,1,대지,553,14,광주광역시 동구 계림동 553-14,291103162073,광주광역시 동구 중앙로,341,,2911010900105530014000255,,광주광역시 동구 중앙로 341,501806,61401,,,,126.919973806487,35.1622034515618
MA010120220807511425,섬진강수석감상실,,G2,소매,G221,기타 상품 소매,G22199,그 외 기타 상품 전문 소매업,G47859,그 외 기타 분류 안된 상품 전문 소매업,29,광주광역시,29170,북구,29170535,중흥동,2917010100,중흥동,2917010100103480012,1,대지,348,12,광주광역시 북구 중흥동 348-12,291704286558,광주광역시 북구 우치로1번길,11,,2917010100103480012010758,,광주광역시 북구 우치로1번길 11,500874,61218,,,,126.909046080775,35.1681176656977
MA010120220807493594,산여울,,G2,소매,G221,기타 상품 소매,G22199,그 외 기타 상품 전문 소매업,J59111,일반 영화 및 비디오물 제작업,29,광주광역시,29110,동구,29110525,충장동,2911010100,대인동,2911010100100270000,1,대지,27,,광주광역시 동구 대인동 27,291104277060,광주광역시 동구 독립로264번길,25,,2911010100100270000001299,반도상가,광주광역시 동구 독립로264번길 25,501715,61470,,,,126.913660861013,35.1534559287854
MA010120220807495976,비주거용 건물 임대업,,G2,소매,G221,기타 상품 소매,G22199,그 외 기타 상품 전문 소매업,G47859,그 외 기타 분류 안된 상품 전문 소매업,30,대전광역시,30140,중구,30140575,대흥동,3014010500,대흥동,3014010500104520003,1,대지,452,3,대전광역시 중구 대흥동 452-3,301403164032,대전광역시 중구 보문로,246,,3014010500104520003010848,지하상가,대전광역시 중구 보문로 246,301726,34917,,,,127.422872654052,36.3246006791943
MA010120220807514457,티쇼핑,,G2,소매,G221,기타 상품 소매,G22199,그 외 기타 상품 전문 소매업,G47859,그 외 기타 분류 안된 상품 전문 소매업,52,전북특별자치도,52113,전주시 덕진구,52113580,금암1동,5211310700,금암동,5211310700104700003,1,대지,470,3,전북특별자치도 전주시 덕진구 금암동 470-3,521132266001,전북특별자치도 전주시 덕진구 기린대로,398,,4511310700104700003005443,전체,전북특별자치도 전주시 덕진구 기린대로 398,561802,54931,,5,,127.132487536158,35.8376787998875
MA010120220807506474,서남환경,,G2,소매,G221,기타 상품 소매,G22199,그 외 기타 상품 전문 소매업,G47859,그 외 기타 분류 안된 상품 전문 소매업,46,전라남도,46720,곡성군,46720250,곡성읍,4672025021,곡성읍,4672025021101220002,1,대지,122,2,전라남도 곡성군 곡성읍 읍내리 122-2,467203287006,전라남도 곡성군 곡성읍 낙동원로,20,,4672025021101220002000102,,전라남도 곡성군 곡성읍 낙동원로 20,516804,57533,,,,127.300805207681,35.2833579035309
MA010120220807475612,스타일모,,G2,소매,G221,기타 상품 소매,G22199,그 외 기타 상품 전문 소매업,G47422,의복 액세서리 및 모조 장신구 소매업,29,광주광역시,29155,남구,29155690,주월1동,2915510600,주월동,2915510600112870001,1,대지,1287,1,광주광역시 남구 주월동 1287-1,291553161009,광주광역시 남구 봉선로,2,,2915510600112870001029955,,광주광역시 남구 봉선로 2,503838,61697,,,,126.90170114923,35.1328146468679
MA010120220807493956,백제당한약방,,G2,소매,G221,기타 상품 소매,G22199,그 외 기타 상품 전문 소매업,G47859,그 외 기타 분류 안된 상품 전문 소매업,29,광주광역시,29170,북구,29170535,중흥동,2917010100,중흥동,2917010100103230001,1,대지,323,1,광주광역시 북구 중흥동 323-1,291703162030,광주광역시 북구 서양로,56,,2917010100103230001008409,모아,광주광역시 북구 서양로 56,500777,61219,,,,126.907079161259,35.1699369159072
MA010120220807475625,조비,대리점,G2,소매,G221,기타 상품 소매,G22199,그 외 기타 상품 전문 소매업,G47859,그 외 기타 분류 안된 상품 전문 소매업,46,전라남도,46720,곡성군,46720370,옥과면,4672037028,옥과면,4672037028105070007,1,대지,507,7,전라남도 곡성군 옥과면 수리 507-7,467204661172,전라남도 곡성군 옥과면 수리길,23,1,4672037028105070007022755,,전라남도 곡성군 옥과면 수리길 23-1,516914,57508,,,,127.159394780454,35.3087291511475
MA010120220807232267,대신퇴비,,G2,소매,G221,기타 상품 소매,G22199,그 외 기타 상품 전문 소매업,G47859,그 외 기타 분류 안된 상품 전문 소매업,52,전북특별자치도,52111,전주시 완산구,52111702,삼천2동,5211113700,삼천동1가,5211113700106670011,1,대지,667,11,전북특별자치도 전주시 완산구 삼천동1가 667-11,521114598220,전북특별자치도 전주시 완산구 솟대2길,16,1,4511113700106670011025126,,전북특별자치도 전주시 완산구 솟대2길 16-1,560809,55091,,,,127.124208503359,35.795085047003
MA010120220807232276,대풍원예사,,G2,소매,G221,기타 상품 소매,G22199,그 외 기타 상품 전문 소매업,G47859,그 외 기타 분류 안된 상품 전문 소매업,52,전북특별자치도,52140,익산시,52140400,금마면,5214040021,금마면,5214040021108610004,1,대지,861,4,전북특별자치도 익산시 금마면 동고도리 861-4,521404607150,전북특별자치도 익산시 금마면 금마길,46,,4514040021108610004048935,,전북특별자치도 익산시 금마면 금마길 46,570912,54572,,1,,127.052232172682,35.9906730083139
MA010120220807237191,반딧불식물크리닉,,G2,소매,G221,기타 상품 소매,G22199,그 외 기타 상품 전문 소매업,G47859,그 외 기타 분류 안된 상품 전문 소매업,52,전북특별자치도,52730,무주군,52730250,무주읍,5273025021,무주읍,5273025021110560003,1,대지,1056,3,전북특별자치도 무주군 무주읍 읍내리 1056-3,527303275011,전북특별자치도 무주군 무주읍 단천로,35,,4573025021110560003002101,,전북특별자치도 무주군 무주읍 단천로 35,568806,55509,,,,127.656261316532,36.0058142758434
MA010120220807237235,동아당한약방,,G2,소매,G221,기타 상품 소매,G22199,그 외 기타 상품 전문 소매업,G47811,의약품 및 의료용품 소매업,52,전북특별자치도,52111,전주시 완산구,52111530,풍남동,5211111100,전동,5211111100100450001,1,대지,45,1,전북특별자치도 전주시 완산구 전동 45-1,521113266077,전북특별자치도 전주시 완산구 팔달로,146,,4511111100100450001034447,,전북특별자치도 전주시 완산구 팔달로 146,560040,55042,,,,127.148229502803,35.8154083321764
MA010120220807246081,농원유기질퇴비,,G2,소매,G221,기타 상품 소매,G22199,그 외 기타 상품 전문 소매업,G47859,그 외 기타 분류 안된 상품 전문 소매업,52,전북특별자치도,52750,임실군,52750400,덕치면,5275040028,덕치면,5275040028104860008,1,대지,486,8,전북특별자치도 임실군 덕치면 회문리 486-8,527504631368,전북특별자치도 임실군 덕치면 회문3길,19,16,4575040028104860008000001,,전북특별자치도 임실군 덕치면 회문3길 19-16,566872,55941,,,,127.151284730801,35.5174944802295
MA010120220807232438,씰총포.잠수,,G2,소매,G221,기타 상품 소매,G22199,그 외 기타 상품 전문 소매업,G47859,그 외 기타 분류 안된 상품 전문 소매업,52,전북특별자치도,52111,전주시 완산구,52111530,풍남동,5211111200,전동3가,5211111200100980000,1,대지,98,,전북특별자치도 전주시 완산구 전동3가 98,521114598395,전북특별자치도 전주시 완산구 풍남문5길,4,3,4511111200100980000017951,,전북특별자치도 전주시 완산구 풍남문5길 4-3,560043,55043,,,,127.14330161344,35.8132512816908
MA010120220807237299,유일정보통신,,G2,소매,G221,기타 상품 소매,G22199,그 외 기타 상품 전문 소매업,G47859,그 외 기타 분류 안된 상품 전문 소매업,52,전북특별자치도,52113,전주시 덕진구,52113540,인후1동,5211310300,인후동1가,5211310300110330000,1,대지,1033,,전북특별자치도 전주시 덕진구 인후동1가 1033,521133267042,전북특별자치도 전주시 덕진구 심방죽로,78,,4511310300110330000034026,두산위브,전북특별자치도 전주시 덕진구 심방죽로 78,561713,54920,,,,127.152641206886,35.8425757547585
MA010120220807241203,꾸미지오,,G2,소매,G221,기타 상품 소매,G22199,그 외 기타 상품 전문 소매업,G47859,그 외 기타 분류 안된 상품 전문 소매업,52,전북특별자치도,52140,익산시,52140610,모현동,5214011500,모현동2가,5214011500104640002,1,대지,464,2,전북특별자치도 익산시 모현동2가 464-2,521404607294,전북특별자치도 익산시 동서로4길,22,3,4514011500104640002069355,,전북특별자치도 익산시 동서로4길 22-3,570971,54653,,,,126.938411189797,35.9582510582196
MA010120220807244429,중앙농자재,,G2,소매,G221,기타 상품 소매,G22199,그 외 기타 상품 전문 소매업,G47859,그 외 기타 분류 안된 상품 전문 소매업,52,전북특별자치도,52730,무주군,52730340,안성면,5273034021,안성면,5273034021115060001,1,대지,1506,1,전북특별자치도 무주군 안성면 장기리 1506-1,527304625144,전북특별자치도 무주군 안성면 시장윗길,7,,4573034021115060001004117,,전북특별자치도 무주군 안성면 시장윗길 7,568845,55535,,,,127.65421020176,35.8673973395429
MA010120220807249703,용화불교,백화점,G2,소매,G221,기타 상품 소매,G22199,그 외 기타 상품 전문 소매업,G47859,그 외 기타 분류 안된 상품 전문 소매업,52,전북특별자치도,52113,전주시 덕진구,52113590,금암2동,5211310700,금암동,5211310700102000023,1,대지,200,23,전북특별자치도 전주시 덕진구 금암동 200-23,521133267005,전북특별자치도 전주시 덕진구 건산로,43,1,4511310700102000023005722,,전북특별자치도 전주시 덕진구 건산로 43-1,561800,54926,,,,127.142285928275,35.8331342726079
MA010120220807251987,정진상사,,G2,소매,G221,기타 상품 소매,G22199,그 외 기타 상품 전문 소매업,G47859,그 외 기타 분류 안된 상품 전문 소매업,52,전북특별자치도,52111,전주시 완산구,52111510,중앙동,5211111900,태평동,5211111900101130010,1,대지,113,10,전북특별자치도 전주시 완산구 태평동 113-10,521113266018,전북특별자치도 전주시 완산구 대동로,1,15,4511111900101130010019360,,전북특별자치도 전주시 완산구 대동로 1-15,560080,54998,,,,127.135835648457,35.8214163567826
MA010120220807229036,풍남불교,,G2,소매,G221,기타 상품 소매,G22199,그 외 기타 상품 전문 소매업,G47859,그 외 기타 분류 안된 상품 전문 소매업,52,전북특별자치도,52111,전주시 완산구,52111660,서서학동,5211112600,서서학동,5211112600101500002,1,대지,150,2,전북특별자치도 전주시 완산구 서서학동 150-2,521113266077,전북특별자치도 전주시 완산구 팔달로,28,1,4511112600101500003010372,,전북특별자치도 전주시 완산구 팔달로 28-1,560815,55100,,,,127.149615506672,35.8051322358363
MA010120220807234233,이정원식물병원,,G2,소매,G221,기타 상품 소매,G22199,그 외 기타 상품 전문 소매업,G47859,그 외 기타 분류 안된 상품 전문 소매업,52,전북특별자치도,52730,무주군,52730320,설천면,5273032024,설천면,5273032024109040123,1,대지,904,123,전북특별자치도 무주군 설천면 소천리 904-123,527303275022,전북특별자치도 무주군 설천면 무설로,1571,,4573032024109040123014879,,전북특별자치도 무주군 설천면 무설로 1571,568816,55549,,,,127.786587129063,36.0103745726647
MA010120220807237701,서도남성용품,,G2,소매,G221,기타 상품 소매,G22199,그 외 기타 상품 전문 소매업,G47859,그 외 기타 분류 안된 상품 전문 소매업,52,전북특별자치도,52111,전주시 완산구,52111713,효자3동,5211114000,효자동1가,5211114000104540001,1,대지,454,1,전북특별자치도 전주시 완산구 효자동1가 454-1,521113266053,전북특별자치도 전주시 완산구 용머리로,36,,4511114000104540001010939,서도프라자,전북특별자치도 전주시 완산구 용머리로 36,560857,55080,,2,,127.114477503091,35.8055133085773
MA010120220807234550,금강농약사,,G2,소매,G221,기타 상품 소매,G22199,그 외 기타 상품 전문 소매업,G47859,그 외 기타 분류 안된 상품 전문 소매업,52,전북특별자치도,52710,완주군,52710330,이서면,5271033028,이서면,5271033028107560000,1,대지,756,,전북특별자치도 완주군 이서면 은교리 756,527104619230,전북특별자치도 완주군 이서면 애통길,160,,4571033028107560000016898,,전북특별자치도 완주군 이서면 애통길 160,565853,55367,,,,126.998030323775,35.8181944766263
MA010120220807237875,원광한약업사,,G2,소매,G221,기타 상품 소매,G22199,그 외 기타 상품 전문 소매업,G47859,그 외 기타 분류 안된 상품 전문 소매업,52,전북특별자치도,52111,전주시 완산구,52111530,풍남동,5211111200,전동3가,5211111200100420000,1,대지,42,,전북특별자치도 전주시 완산구 전동3가 42,521114598392,전북특별자치도 전주시 완산구 풍남문2길,86,,4511111200100420000030147,,전북특별자치도 전주시 완산구 풍남문2길 86,560043,55043,,,,127.144884005267,35.8133124732454
MA010120220807243440,부흥팜마켓,,G2,소매,G221,기타 상품 소매,G22199,그 외 기타 상품 전문 소매업,G47859,그 외 기타 분류 안된 상품 전문 소매업,52,전북특별자치도,52710,완주군,52710360,고산면,5271036021,고산면,5271036021105820001,1,대지,582,1,전북특별자치도 완주군 고산면 읍내리 582-1,527104619323,전북특별자치도 완주군 고산면 읍내1길,5,,4571036021105820001027761,,전북특별자치도 완주군 고산면 읍내1길 5,565864,55311,,,,127.2067375911,35.9755006971279
MA010120220807253388,나인유통,,G2,소매,G221,기타 상품 소매,G22199,그 외 기타 상품 전문 소매업,G47859,그 외 기타 분류 안된 상품 전문 소매업,52,전북특별자치도,52111,전주시 완산구,52111510,중앙동,5211111300,다가동1가,5211111300100890000,1,대지,89,,전북특별자치도 전주시 완산구 다가동1가 89,521114598392,전북특별자치도 전주시 완산구 풍남문2길,129,,4511111300100890000030773,,전북특별자치도 전주시 완산구 풍남문2길 129,560051,55043,,,,127.142916619948,35.8145225178546
MA010120220807231540,전주건재한약,,G2,소매,G221,기타 상품 소매,G22199,그 외 기타 상품 전문 소매업,G47859,그 외 기타 분류 안된 상품 전문 소매업,52,전북특별자치도,52111,전주시 완산구,52111510,중앙동,5211110400,중앙동4가,5211110400100810003,1,대지,81,3,전북특별자치도 전주시 완산구 중앙동4가 81-3,521114598394,전북특별자치도 전주시 완산구 풍남문4길,19,,4511110400100810003030793,,전북특별자치도 전주시 완산구 풍남문4길 19,560014,55043,,,,127.145294982182,35.8141771876668
MA010120220807237956,설천농약사,,G2,소매,G221,기타 상품 소매,G22199,그 외 기타 상품 전문 소매업,G47859,그 외 기타 분류 안된 상품 전문 소매업,52,전북특별자치도,52730,무주군,52730320,설천면,5273032024,설천면,5273032024109040088,1,대지,904,88,전북특별자치도 무주군 설천면 소천리 904-88,527303275022,전북특별자치도 무주군 설천면 무설로,1589,,4573032024109040088014885,,전북특별자치도 무주군 설천면 무설로 1589,568816,55549,,,,127.787529331994,36.0091968222058
MA010120220807237964,농민농약사,,G2,소매,G221,기타 상품 소매,G22199,그 외 기타 상품 전문 소매업,G47859,그 외 기타 분류 안된 상품 전문 소매업,52,전북특별자치도,52710,완주군,52710250,삼례읍,5271025021,삼례읍,5271025021110220011,1,대지,1022,11,전북특별자치도 완주군 삼례읍 삼례리 1022-11,527103273034,전북특별자치도 완주군 삼례읍 삼봉로,41,,4571025021110220011000921,,전북특별자치도 완주군 삼례읍 삼봉로 41,565802,55340,,,,127.076033642742,35.9129553040883
MA010120220807237999,전국퇴비,,G2,소매,G221,기타 상품 소매,G22199,그 외 기타 상품 전문 소매업,G47859,그 외 기타 분류 안된 상품 전문 소매업,52,전북특별자치도,52111,전주시 완산구,52111702,삼천2동,5211113700,삼천동1가,5211113700106810002,1,대지,681,2,전북특별자치도 전주시 완산구 삼천동1가 681-2,521114598219,전북특별자치도 전주시 완산구 솟대1길,46,,4511113700106810002007322,상가,전북특별자치도 전주시 완산구 솟대1길 46,560810,55091,,1,,127.121529105106,35.793573661366
MA010120220807253995,고산석재,,G2,소매,G221,기타 상품 소매,G22199,그 외 기타 상품 전문 소매업,G47859,그 외 기타 분류 안된 상품 전문 소매업,52,전북특별자치도,52710,완주군,52710360,고산면,5271036021,고산면,5271036021105750000,1,대지,575,,전북특별자치도 완주군 고산면 읍내리 575,527104619326,전북특별자치도 완주군 고산면 읍내4길,11,1,4571036021105750000025928,외,전북특별자치도 완주군 고산면 읍내4길 11-1,565864,55311,,,,127.207743643282,35.9743904396414
MA010120220807233266,대승상사,,G2,소매,G221,기타 상품 소매,G22199,그 외 기타 상품 전문 소매업,G47859,그 외 기타 분류 안된 상품 전문 소매업,52,전북특별자치도,52111,전주시 완산구,52111605,노송동,5211112100,남노송동,5211112100101670002,1,대지,167,2,전북특별자치도 전주시 완산구 남노송동 167-2,521114598093,전북특별자치도 전주시 완산구 마당재2길,8,,4511112100101670002016950,,전북특별자치도 전주시 완산구 마당재2길 8,560110,55034,,,,127.161021237601,35.8210698163304
MA010120220807236340,전주총포사,,G2,소매,G221,기타 상품 소매,G22199,그 외 기타 상품 전문 소매업,G47859,그 외 기타 분류 안된 상품 전문 소매업,52,전북특별자치도,52113,전주시 덕진구,52113600,팔복동,5211310800,팔복동1가,5211310800101390031,1,대지,139,31,전북특별자치도 전주시 덕진구 팔복동1가 139-31,521134601277,전북특별자치도 전주시 덕진구 신복5길,11,,4511310800101390031027182,,전북특별자치도 전주시 덕진구 신복5길 11,561840,54845,,,,127.105823677948,35.8540900791672
MA010120220807245410,칠성불교사,,G2,소매,G221,기타 상품 소매,G22199,그 외 기타 상품 전문 소매업,G47859,그 외 기타 분류 안된 상품 전문 소매업,52,전북특별자치도,52113,전주시 덕진구,52113590,금암2동,5211310700,금암동,5211310700101860001,1,대지,186,1,전북특별자치도 전주시 덕진구 금암동 186-1,521133267005,전북특별자치도 전주시 덕진구 건산로,19,,4511310700101860001005605,,전북특별자치도 전주시 덕진구 건산로 19,561800,54925,,,,127.139918909612,35.8339662088854
MA010120220807256463,선우안전네트워크,,G2,소매,G221,기타 상품 소매,G22199,그 외 기타 상품 전문 소매업,G47859,그 외 기타 분류 안된 상품 전문 소매업,52,전북특별자치도,52111,전주시 완산구,52111701,삼천1동,5211113700,삼천동1가,5211113700105740005,1,대지,574,5,전북특별자치도 전주시 완산구 삼천동1가 574-5,521113266038,전북특별자치도 전주시 완산구 성지산로,25,,4511113700105740005025346,,전북특별자치도 전주시 완산구 성지산로 25,560806,55084,,1,,127.121129832133,35.8001803270998
MA010120220807238193,대성농약사,,G2,소매,G221,기타 상품 소매,G22199,그 외 기타 상품 전문 소매업,G47859,그 외 기타 분류 안된 상품 전문 소매업,52,전북특별자치도,52113,전주시 덕진구,52113550,인후2동,5211310400,인후동2가,5211310400102370001,1,대지,237,1,전북특별자치도 전주시 덕진구 인후동2가 237-1,521133267044,전북특별자치도 전주시 덕진구 안덕원로,154,,4511310400102370001008816,,전북특별자치도 전주시 덕진구 안덕원로 154,561854,55001,,,,127.145306883376,35.8328512682311
MA010120220807250359,라이온미싱,,G2,소매,G221,기타 상품 소매,G22199,그 외 기타 상품 전문 소매업,G47859,그 외 기타 분류 안된 상품 전문 소매업,52,전북특별자치도,52111,전주시 완산구,52111530,풍남동,5211111100,전동,5211111100100850002,1,대지,85,2,전북특별자치도 전주시 완산구 전동 85-2,521114598392,전북특별자치도 전주시 완산구 풍남문2길,22,,4511111100100850005030824,,전북특별자치도 전주시 완산구 풍남문2길 22,560040,55043,,1,,127.147640312321,35.8139309896908
MA010120220807249206,만물농약사,,G2,소매,G221,기타 상품 소매,G22199,그 외 기타 상품 전문 소매업,G47859,그 외 기타 분류 안된 상품 전문 소매업,52,전북특별자치도,52740,장수군,52740335,장계면,5274033521,장계면,5274033521105230004,1,대지,523,4,전북특별자치도 장수군 장계면 장계리 523-4,527404628302,전북특별자치도 장수군 장계면 천변안길,18,,4574033521105230004003468,,전북특별자치도 장수군 장계면 천변안길 18,597842,55614,,,,127.581083896187,35.7299452523921
MA010120220807230507,부귀농약사,,G2,소매,G221,기타 상품 소매,G22199,그 외 기타 상품 전문 소매업,G47859,그 외 기타 분류 안된 상품 전문 소매업,52,전북특별자치도,52720,진안군,52720380,부귀면,5272038021,부귀면,5272038021107340014,1,대지,734,14,전북특별자치도 진안군 부귀면 거석리 734-14,527203274021,전북특별자치도 진안군 부귀면 부귀로,311,,4572038021107340014017908,,전북특별자치도 진안군 부귀면 부귀로 311,567911,55416,,,,127.361805256084,35.836423125308
MA010120220807247733,하나상사,,G2,소매,G221,기타 상품 소매,G22199,그 외 기타 상품 전문 소매업,G47859,그 외 기타 분류 안된 상품 전문 소매업,52,전북특별자치도,52710,완주군,52710320,상관면,5271032023,상관면,5271032023103290003,1,대지,329,3,전북특별자치도 완주군 상관면 용암리 329-3,527103266092,전북특별자치도 완주군 상관면 춘향로,4114,,4571032023103290003038097,,전북특별자치도 완주군 상관면 춘향로 4114,565833,55360,,1,,127.233836946463,35.7196118783434
MA010120220807259424,센스모,,G2,소매,G221,기타 상품 소매,G22199,그 외 기타 상품 전문 소매업,G47422,의복 액세서리 및 모조 장신구 소매업,52,전북특별자치도,52111,전주시 완산구,52111671,중화산1동,5211112800,중화산동2가,5211112800106480007,1,대지,648,7,전북특별자치도 전주시 완산구 중화산동2가 648-7,521112266003,전북특별자치도 전주시 완산구 백제대로,230,,4511112800106480007029561,,전북특별자치도 전주시 완산구 백제대로 230,560833,54985,,4,,127.123462893294,35.8136698484636
MA010120220807290369,유한책임회사하이모,전주지점,G2,소매,G221,기타 상품 소매,G22199,그 외 기타 상품 전문 소매업,G47422,의복 액세서리 및 모조 장신구 소매업,52,전북특별자치도,52111,전주시 완산구,52111730,효자5동,5211114100,효자동2가,5211114100112440001,1,대지,1244,1,전북특별자치도 전주시 완산구 효자동2가 1244-1,521113266082,전북특별자치도 전주시 완산구 홍산로,245,,4511114100112440001000001,서광빌딩,전북특별자치도 전주시 완산구 홍산로 245,560800,54966,,6,,127.105473731312,35.8155345633219
MA010120220807279000,세진석재산업,,G2,소매,G221,기타 상품 소매,G22199,그 외 기타 상품 전문 소매업,G47859,그 외 기타 분류 안된 상품 전문 소매업,52,전북특별자치도,52111,전주시 완산구,52111703,삼천3동,5211113600,용복동,5211113600102310000,1,대지,231,,전북특별자치도 전주시 완산구 용복동 231,521113266046,전북특별자치도 전주시 완산구 쑥고개로,15,,4511113600102310000000001,,전북특별자치도 전주시 완산구 쑥고개로 15,560297,55072,,,,127.069954845945,35.7908478443255
MA010120220807272404,현대인삼,,G2,소매,G221,기타 상품 소매,G22199,그 외 기타 상품 전문 소매업,G47859,그 외 기타 분류 안된 상품 전문 소매업,11,서울특별시,11230,동대문구,11230545,제기동,1123010300,제기동,1123010300110460001,1,대지,1046,1,서울특별시 동대문구 제기동 1046-1,112304115033,서울특별시 동대문구 고산자로36길,4,,1123010300110460001034752,,서울특별시 동대문구 고산자로36길 4,130865,02571,,1,,127.038739993053,37.5787579596422
MA010120220807264299,한사랑기프트오렌지팟,,G2,소매,G221,기타 상품 소매,G22199,그 외 기타 상품 전문 소매업,G47859,그 외 기타 분류 안된 상품 전문 소매업,52,전북특별자치도,52111,전주시 완산구,52111680,서신동,5211112900,서신동,5211112900107790007,1,대지,779,7,전북특별자치도 전주시 완산구 서신동 779-7,521114598006,전북특별자치도 전주시 완산구 감나무3길,8,,4511112900107790007026502,한사랑기프트,전북특별자치도 전주시 완산구 감나무3길 8,560821,54950,,1,,127.121984257425,35.8307952955623
MA010120220807266199,명품퇴비,,G2,소매,G221,기타 상품 소매,G22199,그 외 기타 상품 전문 소매업,G47859,그 외 기타 분류 안된 상품 전문 소매업,52,전북특별자치도,52710,완주군,52710320,상관면,5271032023,상관면,5271032023103880002,1,대지,388,2,전북특별자치도 완주군 상관면 용암리 388-2,527104619095,전북특별자치도 완주군 상관면 마자길,15,27,4571032023103880002008441,,전북특별자치도 완주군 상관면 마자길 15-27,565833,55360,,,,127.233498907444,35.7249660970837
MA010120220807279393,태극마크,,G2,소매,G221,기타 상품 소매,G22199,그 외 기타 상품 전문 소매업,G47859,그 외 기타 분류 안된 상품 전문 소매업,51,강원특별자치도,51780,철원군,51780256,갈말읍,5178025625,갈말읍,5178025625111090010,1,대지,1109,10,강원특별자치도 철원군 갈말읍 문혜리 1109-10,517803230010,강원특별자치도 철원군 갈말읍 두루미로,99,1,4278025625111090007031080,,강원특별자치도 철원군 갈말읍 두루미로 99-1,269804,24031,,,,127.320449243642,38.1850702001253
MA010120220807273124,건강이야기,,G2,소매,G221,기타 상품 소매,G22199,그 외 기타 상품 전문 소매업,G47859,그 외 기타 분류 안된 상품 전문 소매업,52,전북특별자치도,52111,전주시 완산구,52111692,평화2동,5211113200,평화동1가,5211113200106960000,1,대지,696,,전북특별자치도 전주시 완산구 평화동1가 696,521114598380,전북특별자치도 전주시 완산구 평화18길,11,,4511113200106960000025079,코오롱,전북특별자치도 전주시 완산구 평화18길 11,560779,55122,,,,127.135259116109,35.7946675550548
MA010120220807258475,제일상사,,G2,소매,G221,기타 상품 소매,G22199,그 외 기타 상품 전문 소매업,G47859,그 외 기타 분류 안된 상품 전문 소매업,52,전북특별자치도,52111,전주시 완산구,52111712,효자2동,5211114000,효자동1가,5211114000106220007,1,대지,622,7,전북특별자치도 전주시 완산구 효자동1가 622-7,521113266008,전북특별자치도 전주시 완산구 거마평로,190,,4511114000106220007028290,,전북특별자치도 전주시 완산구 거마평로 190,560855,55055,,,,127.115666819676,35.8092974713282
MA010120220807258584,파란,,G2,소매,G221,기타 상품 소매,G22199,그 외 기타 상품 전문 소매업,G47859,그 외 기타 분류 안된 상품 전문 소매업,52,전북특별자치도,52111,전주시 완산구,52111672,중화산2동,5211112800,중화산동2가,5211112800107700007,1,대지,770,7,전북특별자치도 전주시 완산구 중화산동2가 770-7,521113266071,전북특별자치도 전주시 완산구 중화산로,89,,4511112800107700007027403,,전북특별자치도 전주시 완산구 중화산로 89,560839,54975,,2,,127.117970521717,35.8183438950297
MA010120220807257270,칠칠칠복지용구,,G2,소매,G221,기타 상품 소매,G22199,그 외 기타 상품 전문 소매업,G47859,그 외 기타 분류 안된 상품 전문 소매업,52,전북특별자치도,52111,전주시 완산구,52111711,효자1동,5211114000,효자동1가,5211114000101930009,1,대지,193,9,전북특별자치도 전주시 완산구 효자동1가 193-9,521113266053,전북특별자치도 전주시 완산구 용머리로,161,,4511114000101930009027881,,전북특별자치도 전주시 완산구 용머리로 161,560852,55049,,,,127.127655786542,35.806302161425
MA010120220807257277,바빌런,,G2,소매,G221,기타 상품 소매,G22199,그 외 기타 상품 전문 소매업,G47859,그 외 기타 분류 안된 상품 전문 소매업,52,전북특별자치도,52113,전주시 덕진구,52113612,우아2동,5211311400,우아동2가,5211311400108590007,1,대지,859,7,전북특별자치도 전주시 덕진구 우아동2가 859-7,521134601435,전북특별자치도 전주시 덕진구 진버들6길,8,11,4511311400108590007000001,,전북특별자치도 전주시 덕진구 진버들6길 8-11,561222,55014,,,,127.167859931504,35.8367964305468
MA010120220807317384,수앤삼,,G2,소매,G221,기타 상품 소매,G22199,그 외 기타 상품 전문 소매업,G47859,그 외 기타 분류 안된 상품 전문 소매업,52,전북특별자치도,52140,익산시,52140520,중앙동,5214010300,중앙동1가,5214010300100160008,1,대지,16,8,전북특별자치도 익산시 중앙동1가 16-8,521403269061,전북특별자치도 익산시 중앙로,3,1,4514010300100160008095709,제,전북특별자치도 익산시 중앙로 3-1,570121,54593,,,,126.947557351646,35.9400323037749
MA010120220807319829,서림바이오,,G2,소매,G221,기타 상품 소매,G22199,그 외 기타 상품 전문 소매업,G47859,그 외 기타 분류 안된 상품 전문 소매업,52,전북특별자치도,52140,익산시,52140410,왕궁면,5214041024,왕궁면,5214041024100500000,1,대지,50,,전북특별자치도 익산시 왕궁면 온수리 50,521403269033,전북특별자치도 익산시 왕궁면 우주로,19,,4514041024100500000000001,,전북특별자치도 익산시 왕궁면 우주로 19,570945,54579,,,,127.083157379065,35.9236213320556
MA010120220807321955,소잉팩토리,,G2,소매,G221,기타 상품 소매,G22199,그 외 기타 상품 전문 소매업,G47859,그 외 기타 분류 안된 상품 전문 소매업,52,전북특별자치도,52140,익산시,52140646,영등1동,5214012200,영등동,5214012200108570005,1,대지,857,5,전북특별자치도 익산시 영등동 857-5,521403016011,전북특별자치도 익산시 무왕로,1090,,4514012200108570005058579,부라더소잉팩토리익산점,전북특별자치도 익산시 무왕로 1090,570982,54638,,2,,126.977785443913,35.9583098671284
MA010120220807297928,금마석제,,G2,소매,G221,기타 상품 소매,G22199,그 외 기타 상품 전문 소매업,G47859,그 외 기타 분류 안된 상품 전문 소매업,52,전북특별자치도,52140,익산시,52140400,금마면,5214040022,금마면,5214040022101110005,1,대지,111,5,전북특별자치도 익산시 금마면 서고도리 111-5,521403269013,전북특별자치도 익산시 금마면 미륵사지로,135,1,4514040022101110005016465,,전북특별자치도 익산시 금마면 미륵사지로 135-1,570913,54573,,,,127.047112976022,35.9977588314729
MA010120220807299727,익산묘원조경,,G2,소매,G221,기타 상품 소매,G22199,그 외 기타 상품 전문 소매업,G47859,그 외 기타 분류 안된 상품 전문 소매업,52,전북특별자치도,52140,익산시,52140250,함열읍,5214025021,함열읍,5214025021105450043,1,대지,545,43,전북특별자치도 익산시 함열읍 와리 545-43,521404607920,전북특별자치도 익산시 함열읍 와리3길,3,,4514025021105450043042124,,전북특별자치도 익산시 함열읍 와리3길 3,570804,54511,,,,126.957311103038,36.0819982404434
MA010120220807307659,부라더미싱,,G2,소매,G221,기타 상품 소매,G22199,그 외 기타 상품 전문 소매업,G47859,그 외 기타 분류 안된 상품 전문 소매업,52,전북특별자치도,52140,익산시,52140520,중앙동,5214010700,갈산동,5214010700100530002,1,대지,53,2,전북특별자치도 익산시 갈산동 53-2,521403269034,전북특별자치도 익산시 인북로,82,,4514010700100530002087599,,전북특별자치도 익산시 인북로 82,570030,54600,,,,126.952369390338,35.9363482257563
MA010120220807312945,자활복지회,,G2,소매,G221,기타 상품 소매,G22199,그 외 기타 상품 전문 소매업,G47859,그 외 기타 분류 안된 상품 전문 소매업,52,전북특별자치도,52140,익산시,52140520,중앙동,5214010100,창인동1가,5214010100101930000,1,대지,193,,전북특별자치도 익산시 창인동1가 193,521404608032,전북특별자치도 익산시 익산대로20길,37,1,4514010100101930000095665,,전북특별자치도 익산시 익산대로20길 37-1,570991,54594,,,,126.952188663758,35.9420169713706
MA010120220807315369,금산인삼사,,G2,소매,G221,기타 상품 소매,G22199,그 외 기타 상품 전문 소매업,G47859,그 외 기타 분류 안된 상품 전문 소매업,52,전북특별자치도,52140,익산시,52140595,남중동,5214011300,남중동,5214011300105360001,1,대지,536,1,전북특별자치도 익산시 남중동 536-1,521403269034,전북특별자치도 익산시 인북로,294,1,4514011300105360001064042,,전북특별자치도 익산시 인북로 294-1,570957,54633,,,,126.959862719868,35.954565064303
MA010120220807315371,변약초,,G2,소매,G221,기타 상품 소매,G22199,그 외 기타 상품 전문 소매업,G47859,그 외 기타 분류 안된 상품 전문 소매업,52,전북특별자치도,52140,익산시,52140595,남중동,5214011300,남중동,5214011300100350037,1,대지,35,37,전북특별자치도 익산시 남중동 35-37,521404608117,전북특별자치도 익산시 인북로9길,5,,4514011300100140002081464,북부시장,전북특별자치도 익산시 인북로9길 5,570954,54619,,,,126.958023861743,35.9523293582932
MA010120220807322059,정스토어,,G2,소매,G221,기타 상품 소매,G22199,그 외 기타 상품 전문 소매업,G47859,그 외 기타 분류 안된 상품 전문 소매업,52,전북특별자치도,52140,익산시,52140310,오산면,5214031025,오산면,5214031025102100001,1,대지,210,1,전북특별자치도 익산시 오산면 신지리 210-1,521404607793,전북특별자치도 익산시 오산면 신석2길,54,,4514031025102100001101955,,전북특별자치도 익산시 오산면 신석2길 54,570923,54671,,,,126.882115703851,35.932018889325
MA010120220807309354,수정갤러리,,G2,소매,G221,기타 상품 소매,G22199,그 외 기타 상품 전문 소매업,G47859,그 외 기타 분류 안된 상품 전문 소매업,41,경기도,41610,광주시,41610340,퇴촌면,4161034024,퇴촌면,4161034024103460001,1,대지,346,1,경기도 광주시 퇴촌면 영동리 346-1,416103211020,경기도 광주시 퇴촌면 정영로,859,,4161034024103460001000001,,경기도 광주시 퇴촌면 정영로 859,464983,12712,,,,127.375795144345,37.477236489389
MA010120220807315446,개미약초,,G2,소매,G221,기타 상품 소매,G22199,그 외 기타 상품 전문 소매업,G47859,그 외 기타 분류 안된 상품 전문 소매업,52,전북특별자치도,52140,익산시,52140595,남중동,5214011300,남중동,5214011300100350037,1,대지,35,37,전북특별자치도 익산시 남중동 35-37,521404608117,전북특별자치도 익산시 인북로9길,5,,4514011300100140002081464,남중동북부시장,전북특별자치도 익산시 인북로9길 5,570954,54619,,,,126.958023861743,35.9523293582932
MA010120220807317848,상아산업,,G2,소매,G221,기타 상품 소매,G22199,그 외 기타 상품 전문 소매업,G47859,그 외 기타 분류 안된 상품 전문 소매업,52,전북특별자치도,52210,김제시,52210350,백구면,5221035023,백구면,5221035023103080006,1,대지,308,6,전북특별자치도 김제시 백구면 유강리 308-6,522103272061,전북특별자치도 김제시 백구면 유강로,503,,4521035023103080006000001,,전북특별자치도 김제시 백구면 유강로 503,576913,54327,,,,126.934480784481,35.8987037618339
MA010120220807317910,태경상사,,G2,소매,G221,기타 상품 소매,G22199,그 외 기타 상품 전문 소매업,G47859,그 외 기타 분류 안된 상품 전문 소매업,52,전북특별자치도,52140,익산시,52140320,황등면,5214032027,황등면,5214032027107710011,1,대지,771,11,전북특별자치도 익산시 황등면 율촌리 771-11,521404607655,전북특별자치도 익산시 황등면 석재단지길,28,62,4514032027107710011024134,,전북특별자치도 익산시 황등면 석재단지길 28-62,570811,54531,,,,126.946825309778,36.0235585715189
MA010120220807324659,서울원예농약사,,G2,소매,G221,기타 상품 소매,G22199,그 외 기타 상품 전문 소매업,G47859,그 외 기타 분류 안된 상품 전문 소매업,52,전북특별자치도,52210,김제시,52210510,요촌동,5221010100,요촌동,5221010100102880002,1,대지,288,2,전북특별자치도 김제시 요촌동 288-2,522103272083,전북특별자치도 김제시 남북로,210,,4521010100102880002056502,,전북특별자치도 김제시 남북로 210,576806,54384,,,,126.884674660878,35.8026915461402
MA010120220807298328,부흥농약할인마트,,G2,소매,G221,기타 상품 소매,G22199,그 외 기타 상품 전문 소매업,G47859,그 외 기타 분류 안된 상품 전문 소매업,52,전북특별자치도,52111,전주시 완산구,52111530,풍남동,5211111100,전동,5211111100102130005,1,대지,213,5,전북특별자치도 전주시 완산구 전동 213-5,521113266077,전북특별자치도 전주시 완산구 팔달로,105,,4511111100102130005000001,,전북특별자치도 전주시 완산구 팔달로 105,560040,55043,,,,127.149108650499,35.812162705949
MA010120220807300108,태민당한약건재약업사,,G2,소매,G221,기타 상품 소매,G22199,그 외 기타 상품 전문 소매업,G47859,그 외 기타 분류 안된 상품 전문 소매업,52,전북특별자치도,52140,익산시,52140595,남중동,5214011300,남중동,5214011300105320022,1,대지,532,22,전북특별자치도 익산시 남중동 532-22,521403269034,전북특별자치도 익산시 인북로,287,,4514011300105320022096515,,전북특별자치도 익산시 인북로 287,570957,54648,,,,126.959186819986,35.9540601416361
MA010120220807322503,감초당약업사,,G2,소매,G221,기타 상품 소매,G22199,그 외 기타 상품 전문 소매업,G47859,그 외 기타 분류 안된 상품 전문 소매업,52,전북특별자치도,52140,익산시,52140595,남중동,5214011300,남중동,5214011300103750287,1,대지,375,287,전북특별자치도 익산시 남중동 375-287,521403269008,전북특별자치도 익산시 동서로,203,,4514011300103750287050681,,전북특별자치도 익산시 동서로 203,570956,54648,,1,,126.956870093476,35.9541764927563
MA010120220807304216,화엄불교사,,G2,소매,G221,기타 상품 소매,G22199,그 외 기타 상품 전문 소매업,G47859,그 외 기타 분류 안된 상품 전문 소매업,52,전북특별자치도,52140,익산시,52140560,인화동,5214010900,인화동1가,5214010900100440006,1,대지,44,6,전북특별자치도 익산시 인화동1가 44-6,521403269034,전북특별자치도 익산시 인북로,27,,4514010900100440006085487,,전북특별자치도 익산시 인북로 27,570983,54603,,,,126.949989403435,35.932138450369
MA010120220807309743,풍년팜컨설팅,,G2,소매,G221,기타 상품 소매,G22199,그 외 기타 상품 전문 소매업,G47859,그 외 기타 분류 안된 상품 전문 소매업,52,전북특별자치도,52210,김제시,52210450,금산면,5221045023,금산면,5221045023101200014,1,대지,120,14,전북특별자치도 김제시 금산면 원평리 120-14,522103272057,전북특별자치도 김제시 금산면 원평로,49,1,4521045023101200014037638,,전북특별자치도 김제시 금산면 원평로 49-1,576961,54348,,,,126.992374738337,35.7134848196582
MA010120220807309771,한국농약씨앗,,G2,소매,G221,기타 상품 소매,G22199,그 외 기타 상품 전문 소매업,G47859,그 외 기타 분류 안된 상품 전문 소매업,52,전북특별자치도,52140,익산시,52140520,중앙동,5214010100,창인동1가,5214010100100070003,1,대지,7,3,전북특별자치도 익산시 창인동1가 7-3,521402269001,전북특별자치도 익산시 익산대로,179,,4514010100100070003095559,,전북특별자치도 익산시 익산대로 179,570990,54662,,1,,126.947788603279,35.9422855108868
MA010120220807320536,엔비int,,G2,소매,G221,기타 상품 소매,G22199,그 외 기타 상품 전문 소매업,G47859,그 외 기타 분류 안된 상품 전문 소매업,52,전북특별자치도,52140,익산시,52140595,남중동,5214011300,남중동,5214011300100050037,1,대지,5,37,전북특별자치도 익산시 남중동 5-37,521404608081,전북특별자치도 익산시 인북로13길,27,3,4514011300100050037066515,,전북특별자치도 익산시 인북로13길 27-3,570954,54648,,,,126.956902686174,35.9553931791524
MA010120220807327535,대덕상사,,G2,소매,G221,기타 상품 소매,G22199,그 외 기타 상품 전문 소매업,G47859,그 외 기타 분류 안된 상품 전문 소매업,52,전북특별자치도,52210,김제시,52210410,진봉면,5221041024,진봉면,5221041024100690027,1,대지,69,27,전북특별자치도 김제시 진봉면 상궐리 69-27,522104617016,전북특별자치도 김제시 진봉면 해망1길,38,30,4521041024100690027001009,,전북특별자치도 김제시 진봉면 해망1길 38-30,576873,54303,,1,,126.783456120687,35.8594301878767
MA010120220807323045,태성당건재한약도매,,G2,소매,G221,기타 상품 소매,G22199,그 외 기타 상품 전문 소매업,G47859,그 외 기타 분류 안된 상품 전문 소매업,52,전북특별자치도,52210,김제시,52210510,요촌동,5221010100,요촌동,5221010100104450004,1,대지,445,4,전북특별자치도 김제시 요촌동 445-4,522104616286,전북특별자치도 김제시 동헌4길,18,5,4521010100104230009000001,,전북특별자치도 김제시 동헌4길 18-5,576807,54385,,,,126.883715347977,35.8004915403249
MA010120220807302988,준성인용품,,G2,소매,G221,기타 상품 소매,G22199,그 외 기타 상품 전문 소매업,G47859,그 외 기타 분류 안된 상품 전문 소매업,44,충청남도,44760,부여군,44760420,장암면,4476042029,장암면,4476042029102830003,1,대지,283,3,충청남도 부여군 장암면 합곡리 283-3,447603259240,충청남도 부여군 장암면 충절로,1734,,4476042029102830003044444,,충청남도 부여군 장암면 충절로 1734,323913,33182,,,,126.869766696284,36.2308509424883
MA010120220807311973,연화불교사,,G2,소매,G221,기타 상품 소매,G22199,그 외 기타 상품 전문 소매업,G47859,그 외 기타 분류 안된 상품 전문 소매업,52,전북특별자치도,52210,김제시,52210510,요촌동,5221010100,요촌동,5221010100101860014,1,대지,186,14,전북특별자치도 김제시 요촌동 186-14,522104616275,전북특별자치도 김제시 동서9길,45,,4521010100101860014055977,,전북특별자치도 김제시 동서9길 45,576806,54390,,,,126.887322370315,35.8001795326873
MA010120220807300883,성산농약종묘,,G2,소매,G221,기타 상품 소매,G22199,그 외 기타 상품 전문 소매업,G47859,그 외 기타 분류 안된 상품 전문 소매업,52,전북특별자치도,52210,김제시,52210510,요촌동,5221010700,서암동,5221010700104350003,1,대지,435,3,전북특별자치도 김제시 서암동 435-3,522104616506,전북특별자치도 김제시 성산길,97,,4521010700104350003000001,,전북특별자치도 김제시 성산길 97,576807,54385,,,,126.881301456566,35.8019221897204
MA010120220807307159,믿음유통,,G2,소매,G221,기타 상품 소매,G22199,그 외 기타 상품 전문 소매업,G47859,그 외 기타 분류 안된 상품 전문 소매업,52,전북특별자치도,52140,익산시,52140610,모현동,5214011500,모현동2가,5214011500102960003,1,대지,296,3,전북특별자치도 익산시 모현동2가 296-3,521403269014,전북특별자치도 익산시 배산로,193,6,4514011500102960003069317,,전북특별자치도 익산시 배산로 193-6,570970,54654,,,,126.941938551566,35.9551074883706
MA010120220807308846,조원비료상사,,G2,소매,G221,기타 상품 소매,G22199,그 외 기타 상품 전문 소매업,G47859,그 외 기타 분류 안된 상품 전문 소매업,52,전북특별자치도,52210,김제시,52210340,용지면,5221034028,용지면,5221034028100790000,1,대지,79,,전북특별자치도 김제시 용지면 용암리 79,522103272082,전북특별자치도 김제시 용지면 황토로,386,,4521034028100790000009000,,전북특별자치도 김제시 용지면 황토로 386,576973,54335,,,,126.973627393036,35.8281415140698
MA010120220807312279,석연수석,,G2,소매,G221,기타 상품 소매,G22199,그 외 기타 상품 전문 소매업,G47859,그 외 기타 분류 안된 상품 전문 소매업,52,전북특별자치도,52140,익산시,52140310,오산면,5214031021,오산면,5214031021106060011,1,대지,606,11,전북특별자치도 익산시 오산면 송학리 606-11,521404607419,전북특별자치도 익산시 오산면 무왕로2길,240,,4514031021106060011000001,석연수석,전북특별자치도 익산시 오산면 무왕로2길 240,570922,54666,,,,126.926132875202,35.9420758648078
MA010120220807319505,동아총포사,,G2,소매,G221,기타 상품 소매,G22199,그 외 기타 상품 전문 소매업,G47859,그 외 기타 분류 안된 상품 전문 소매업,52,전북특별자치도,52140,익산시,52140656,신동,5214012100,신동,5214012100107600023,1,대지,760,23,전북특별자치도 익산시 신동 760-23,521404608065,전북특별자치도 익산시 익산대로64길,37,,4514012100107600023069892,,전북특별자치도 익산시 익산대로64길 37,570976,54645,,,,126.953649498957,35.9645846119776
MA010120220807314899,스마일유통,,G2,소매,G221,기타 상품 소매,G22199,그 외 기타 상품 전문 소매업,G47859,그 외 기타 분류 안된 상품 전문 소매업,52,전북특별자치도,52140,익산시,52140580,마동,5214011200,마동,5214011200101650048,1,대지,165,48,전북특별자치도 익산시 마동 165-48,521403269023,전북특별자치도 익산시 선화로,340,,4514011200101650048078438,,전북특별자치도 익산시 선화로 340,570962,54627,,,,126.967315164007,35.945816272779
MA010120220807314998,마리-가든,,G2,소매,G221,기타 상품 소매,G22199,그 외 기타 상품 전문 소매업,G47859,그 외 기타 분류 안된 상품 전문 소매업,52,전북특별자치도,52130,군산시,52130550,신풍동,5213010900,송풍동,5213010900109320001,1,대지,932,1,전북특별자치도 군산시 송풍동 932-1,521303268100,전북특별자치도 군산시 청소년회관로,49,,4513010900109320001013985,,전북특별자치도 군산시 청소년회관로 49,573130,54112,,,,126.699457248375,35.9797725279175
MA010120220807326345,춘강농약사,,G2,소매,G221,기타 상품 소매,G22199,그 외 기타 상품 전문 소매업,G47859,그 외 기타 분류 안된 상품 전문 소매업,52,전북특별자치도,52210,김제시,52210340,용지면,5221034032,용지면,5221034032103460079,1,대지,346,79,전북특별자치도 김제시 용지면 장신리 346-79,522104616975,전북특별자치도 김제시 용지면 춘강길,11,,4521034032103460079005033,,전북특별자치도 김제시 용지면 춘강길 11,576974,54333,,,,126.987644993643,35.8556141029039
MA010120220807329037,삼보판매장,,G2,소매,G221,기타 상품 소매,G22199,그 외 기타 상품 전문 소매업,G47859,그 외 기타 분류 안된 상품 전문 소매업,51,강원특별자치도,51150,강릉시,51150510,홍제동,5115010100,홍제동,5115010100100570001,1,대지,57,1,강원특별자치도 강릉시 홍제동 57-1,511504460381,강원특별자치도 강릉시 명주로17번길,16,,4215010100100570001000149,,강원특별자치도 강릉시 명주로17번길 16,210948,25535,,1,,128.888783810901,37.7512285101636
MA010120220807341202,파이렌소방안전,,G2,소매,G221,기타 상품 소매,G22199,그 외 기타 상품 전문 소매업,G47859,그 외 기타 분류 안된 상품 전문 소매업,52,전북특별자치도,52140,익산시,52140520,중앙동,5214010100,창인동1가,5214010100101520012,1,대지,152,12,전북특별자치도 익산시 창인동1가 152-12,521404608027,전북특별자치도 익산시 익산대로16길,23,1,4514010100101520012095075,,전북특별자치도 익산시 익산대로16길 23-1,570991,54593,,3,,126.950106140057,35.9403488251534
MA010120220807349180,삼마테크,,G2,소매,G221,기타 상품 소매,G22199,그 외 기타 상품 전문 소매업,G47859,그 외 기타 분류 안된 상품 전문 소매업,52,전북특별자치도,52113,전주시 덕진구,52113650,조촌동,5211312600,성덕동,5211312600101710009,1,대지,171,9,전북특별자치도 전주시 덕진구 성덕동 171-9,521133016027,전북특별자치도 전주시 덕진구 새만금북로,366,,4511312600101710009000001,,전북특별자치도 전주시 덕진구 새만금북로 366,561390,54801,,,,127.038385398,35.88470106183
MA010120220807356625,평화당한약건재,,G2,소매,G221,기타 상품 소매,G22199,그 외 기타 상품 전문 소매업,G47859,그 외 기타 분류 안된 상품 전문 소매업,52,전북특별자치도,52800,부안군,52800250,부안읍,5280025021,부안읍,5280025021101420009,1,대지,142,9,전북특별자치도 부안군 부안읍 동중리 142-9,528004640383,전북특별자치도 부안군 부안읍 시장길,9,2,4580025021101420009030481,,전북특별자치도 부안군 부안읍 시장길 9-2,579802,56308,,,,126.733665872583,35.7276197450638
MA010120220807360334,대진농자재,,G2,소매,G221,기타 상품 소매,G22199,그 외 기타 상품 전문 소매업,G47859,그 외 기타 분류 안된 상품 전문 소매업,52,전북특별자치도,52790,고창군,52790250,고창읍,5279025021,고창읍,5279025021105950004,1,대지,595,4,전북특별자치도 고창군 고창읍 읍내리 595-4,527903279015,전북특별자치도 고창군 고창읍 동리로,9,,4579025021105950004004578,,전북특별자치도 고창군 고창읍 동리로 9,585808,56437,,,,126.6933184493,35.4334679612558
MA010120220807353662,부림종묘농약사,,G2,소매,G221,기타 상품 소매,G22199,그 외 기타 상품 전문 소매업,G47859,그 외 기타 분류 안된 상품 전문 소매업,52,전북특별자치도,52800,부안군,52800250,부안읍,5280025022,부안읍,5280025022100270005,1,대지,27,5,전북특별자치도 부안군 부안읍 서외리 27-5,528004640383,전북특별자치도 부안군 부안읍 시장길,2,1,4580025022100270005030324,,전북특별자치도 부안군 부안읍 시장길 2-1,579803,56308,,,,126.732749261659,35.7273833821995
MA010120220807352286,터미널농약사,,G2,소매,G221,기타 상품 소매,G22199,그 외 기타 상품 전문 소매업,G47859,그 외 기타 분류 안된 상품 전문 소매업,52,전북특별자치도,52180,정읍시,52180420,칠보면,5218042025,칠보면,5218042025105950000,1,대지,595,,전북특별자치도 정읍시 칠보면 시산리 595,521804640478,전북특별자치도 정읍시 칠보면 칠보2길,4,,4518042025105950000032642,,전북특별자치도 정읍시 칠보면 칠보2길 4,580943,56128,,,,126.992925967703,35.6032847222005
MA010120220807349507,크린바이오,,G2,소매,G221,기타 상품 소매,G22199,그 외 기타 상품 전문 소매업,G47859,그 외 기타 분류 안된 상품 전문 소매업,52,전북특별자치도,52180,정읍시,52180360,덕천면,5218036025,덕천면,5218036025109200002,1,대지,920,2,전북특별자치도 정읍시 덕천면 달천리 920-2,521803016014,전북특별자치도 정읍시 덕천면 황토현로,684,1,4518036025109200002073566,,전북특별자치도 정읍시 덕천면 황토현로 684-1,580831,56149,,,,126.843463591689,35.633052014389
MA010120220807353920,영창상회,,G2,소매,G221,기타 상품 소매,G22199,그 외 기타 상품 전문 소매업,G47859,그 외 기타 분류 안된 상품 전문 소매업,52,전북특별자치도,52800,부안군,52800250,부안읍,5280025021,부안읍,5280025021101320191,1,대지,132,191,전북특별자치도 부안군 부안읍 동중리 132-191,528004640383,전북특별자치도 부안군 부안읍 시장길,29,,4580025021101320191023913,,전북특별자치도 부안군 부안읍 시장길 29,579802,56308,,,,126.735788661584,35.7274351577078
MA010120220807357033,내장불교사,,G2,소매,G221,기타 상품 소매,G22199,그 외 기타 상품 전문 소매업,G47859,그 외 기타 분류 안된 상품 전문 소매업,52,전북특별자치도,52180,정읍시,52180545,시기동,5218010400,시기동,5218010400102750044,1,대지,275,44,전북특별자치도 정읍시 시기동 275-44,521804611018,전북특별자치도 정읍시 태평6길,22,5,4518010400104090083078474,,전북특별자치도 정읍시 태평6길 22-5,580060,56164,,,,126.854895448218,35.5627834797727
MA010120220807350858,신진총포사,,G2,소매,G221,기타 상품 소매,G22199,그 외 기타 상품 전문 소매업,G47859,그 외 기타 분류 안된 상품 전문 소매업,52,전북특별자치도,52180,정읍시,52180510,수성동,5218010100,수성동,5218010100105420002,1,대지,542,2,전북특별자치도 정읍시 수성동 542-2,521804610908,전북특별자치도 정읍시 중앙2길,8,,4518010100105420002018939,,전북특별자치도 정읍시 중앙2길 8,580803,56163,,,,126.851554628217,35.5680159544802
MA010120220807361186,연지유통,,G2,소매,G221,기타 상품 소매,G22199,그 외 기타 상품 전문 소매업,G47859,그 외 기타 분류 안된 상품 전문 소매업,52,전북특별자치도,52180,정읍시,52180570,연지동,5218010500,연지동,5218010500104650000,1,대지,465,,전북특별자치도 정읍시 연지동 465,521804610626,전북특별자치도 정읍시 연지3길,11,,4518010500104650000020094,,전북특별자치도 정읍시 연지3길 11,580807,56158,,,,126.840000367879,35.570389611758
MA010120220807366346,고창종묘농약사,,G2,소매,G221,기타 상품 소매,G22199,그 외 기타 상품 전문 소매업,G47859,그 외 기타 분류 안된 상품 전문 소매업,52,전북특별자치도,52790,고창군,52790250,고창읍,5279025021,고창읍,5279025021106250001,1,대지,625,1,전북특별자치도 고창군 고창읍 읍내리 625-1,527903279026,전북특별자치도 고창군 고창읍 보릿골로,117,,4579025021106250001005955,,전북특별자치도 고창군 고창읍 보릿골로 117,585808,56436,,,,126.695357720558,35.4358796328569
MA010120220807351277,상하농약사,,G2,소매,G221,기타 상품 소매,G22199,그 외 기타 상품 전문 소매업,G47859,그 외 기타 분류 안된 상품 전문 소매업,52,전북특별자치도,52790,고창군,52790350,상하면,5279035026,상하면,5279035026109340001,1,대지,934,1,전북특별자치도 고창군 상하면 하장리 934-1,527904637407,전북특별자치도 고창군 상하면 상하1길,18,,4579035026109340001012594,,전북특별자치도 고창군 상하면 상하1길 18,585913,56410,,,,126.490574649589,35.4441933602842
MA010120220807342694,원불교기쁨나라,,G2,소매,G221,기타 상품 소매,G22199,그 외 기타 상품 전문 소매업,G47859,그 외 기타 분류 안된 상품 전문 소매업,52,전북특별자치도,52140,익산시,52140656,신동,5214012000,신용동,5214012000103440002,1,대지,344,2,전북특별자치도 익산시 신용동 344-2,521402269001,전북특별자치도 익산시 익산대로,501,,4514012000103260013070410,,전북특별자치도 익산시 익산대로 501,570749,54536,,,,126.951603650427,35.9744613758208
MA010120220807364591,농자재,,G2,소매,G221,기타 상품 소매,G22199,그 외 기타 상품 전문 소매업,G47859,그 외 기타 분류 안된 상품 전문 소매업,52,전북특별자치도,52790,고창군,52790390,심원면,5279039027,심원면,5279039027107380004,1,대지,738,4,전북특별자치도 고창군 심원면 연화리 738-4,527903279042,전북특별자치도 고창군 심원면 심원로,182,,4579039027107380004022127,,전북특별자치도 고창군 심원면 심원로 182,585923,56400,,,,126.548300431998,35.5227643082685
MA010120220807366315,중앙농약사,,G2,소매,G221,기타 상품 소매,G22199,그 외 기타 상품 전문 소매업,G47859,그 외 기타 분류 안된 상품 전문 소매업,52,전북특별자치도,52790,고창군,52790380,대산면,5279038025,대산면,5279038025102020010,1,대지,202,10,전북특별자치도 고창군 대산면 매산리 202-10,527903279007,전북특별자치도 고창군 대산면 공음대산로,922,,4579038025102020010027231,,전북특별자치도 고창군 대산면 공음대산로 922,585864,56468,,,,126.597847840807,35.3407395163629
MA010120220807366344,대농종묘농약사,,G2,소매,G221,기타 상품 소매,G22199,그 외 기타 상품 전문 소매업,G47859,그 외 기타 분류 안된 상품 전문 소매업,52,전북특별자치도,52790,고창군,52790400,흥덕면,5279040021,흥덕면,5279040021102380013,1,대지,238,13,전북특별자치도 고창군 흥덕면 흥덕리 238-13,527902000025,전북특별자치도 고창군 흥덕면 선운대로,3732,,4579040021102380013016499,,전북특별자치도 고창군 흥덕면 선운대로 3732,585821,56415,,,,126.699650001107,35.5195768434939
MA010120220807356226,초현당약업사,,G2,소매,G221,기타 상품 소매,G22199,그 외 기타 상품 전문 소매업,G47859,그 외 기타 분류 안된 상품 전문 소매업,52,전북특별자치도,52180,정읍시,52180545,시기동,5218010400,시기동,5218010400103290000,1,대지,329,,전북특별자치도 정읍시 시기동 329,521803270032,전북특별자치도 정읍시 우암로,20,11,4518010400103290000082297,,전북특별자치도 정읍시 우암로 20-11,580060,56162,,,,126.854659563621,35.5651355842778
MA010120220807358010,고창제분소,,G2,소매,G221,기타 상품 소매,G22199,그 외 기타 상품 전문 소매업,G47859,그 외 기타 분류 안된 상품 전문 소매업,52,전북특별자치도,52790,고창군,52790250,고창읍,5279025021,고창읍,5279025021103470008,1,대지,347,8,전북특별자치도 고창군 고창읍 읍내리 347-8,527903279015,전북특별자치도 고창군 고창읍 동리로,54,,4579025021103470008003758,,전북특별자치도 고창군 고창읍 동리로 54,585807,56438,,,,126.698209874775,35.4329845623351
MA010120220807354737,한울기획,,G2,소매,G221,기타 상품 소매,G22199,그 외 기타 상품 전문 소매업,G47859,그 외 기타 분류 안된 상품 전문 소매업,52,전북특별자치도,52800,부안군,52800250,부안읍,5280025022,부안읍,5280025022102150005,1,대지,215,5,전북특별자치도 부안군 부안읍 서외리 215-5,528003280045,전북특별자치도 부안군 부안읍 부풍로,14,,4580025022102150005026423,,전북특별자치도 부안군 부안읍 부풍로 14,579803,56309,,1,,126.732850942952,35.7300333459699
MA010120220807354823,부농농자재유통부안얀마농기계，부농농자재,대리점,G2,소매,G221,기타 상품 소매,G22199,그 외 기타 상품 전문 소매업,G47859,그 외 기타 분류 안된 상품 전문 소매업,52,전북특별자치도,52800,부안군,52800330,행안면,5280033025,행안면,5280033025102270010,1,대지,227,10,전북특별자치도 부안군 행안면 신기리 227-10,528003280032,전북특별자치도 부안군 행안면 번영로,11,4,4580033025102270010000001,,전북특별자치도 부안군 행안면 번영로 11-4,579832,56310,,,,126.72228209623,35.7241962167109
MA010120220807360023,흥덕풍년비료마트,,G2,소매,G221,기타 상품 소매,G22199,그 외 기타 상품 전문 소매업,G47859,그 외 기타 분류 안된 상품 전문 소매업,52,전북특별자치도,52790,고창군,52790400,흥덕면,5279040021,흥덕면,5279040021105620000,1,대지,562,,전북특별자치도 고창군 흥덕면 흥덕리 562,527902000025,전북특별자치도 고창군 흥덕면 선운대로,3714,,4579040021105620000020674,,전북특별자치도 고창군 흥덕면 선운대로 3714,585821,56415,,1,,126.698696106804,35.5181774465951
MA010120220807347837,풍농비료정읍,대리점,G2,소매,G221,기타 상품 소매,G22199,그 외 기타 상품 전문 소매업,G47859,그 외 기타 분류 안된 상품 전문 소매업,52,전북특별자치도,52180,정읍시,52180570,연지동,5218010500,연지동,5218010500100490050,1,대지,49,50,전북특별자치도 정읍시 연지동 49-50,521803270057,전북특별자치도 정읍시 서부로,34,,4518010500100490050020500,,전북특별자치도 정읍시 서부로 34,580805,56160,,3,,126.846121421142,35.5711096049955
MA010120220807350303,보령석재,,G2,소매,G221,기타 상품 소매,G22199,그 외 기타 상품 전문 소매업,G47859,그 외 기타 분류 안된 상품 전문 소매업,52,전북특별자치도,52790,고창군,52790250,고창읍,5279025030,고창읍,5279025030102540003,1,대지,254,3,전북특별자치도 고창군 고창읍 덕산리 254-3,527903279026,전북특별자치도 고창군 고창읍 보릿골로,61,6,4579025030102540003004652,,전북특별자치도 고창군 고창읍 보릿골로 61-6,585802,56438,,,,126.694771807734,35.4306325021683
MA010120220807350350,삼일원예농약사,,G2,소매,G221,기타 상품 소매,G22199,그 외 기타 상품 전문 소매업,G47859,그 외 기타 분류 안된 상품 전문 소매업,52,전북특별자치도,52800,부안군,52800410,줄포면,5280041021,줄포면,5280041021104110002,1,대지,411,2,전북특별자치도 부안군 줄포면 줄포리 411-2,528003280086,전북특별자치도 부안군 줄포면 줄포중앙로,54,,4580041021104120002071942,,전북특별자치도 부안군 줄포면 줄포중앙로 54,579883,56326,,,,126.678938736458,35.5905906842452
MA010120220807360197,국제광고,,G2,소매,G221,기타 상품 소매,G22199,그 외 기타 상품 전문 소매업,G47859,그 외 기타 분류 안된 상품 전문 소매업,52,전북특별자치도,52180,정읍시,52180510,수성동,5218010100,수성동,5218010100107230002,1,대지,723,2,전북특별자치도 정읍시 수성동 723-2,521803270061,전북특별자치도 정읍시 중앙로,139,,4518010100107230002082157,,전북특별자치도 정읍시 중앙로 139,580803,56163,,,,126.853852328664,35.5662341920637
MA010120220807362685,썬킴글로벌,코리아,G2,소매,G221,기타 상품 소매,G22199,그 외 기타 상품 전문 소매업,G47859,그 외 기타 분류 안된 상품 전문 소매업,52,전북특별자치도,52180,정읍시,52180380,정우면,5218038022,정우면,5218038022100350000,1,대지,35,,전북특별자치도 정읍시 정우면 산북리 35,521803270035,전북특별자치도 정읍시 정우면 정신로,816,,4518038022100350000000001,,전북특별자치도 정읍시 정우면 정신로 816,580821,56140,,1,,126.885468110457,35.6581730620547
MA010120220807099491,강화인삼센터다미네,,G2,소매,G221,기타 상품 소매,G22199,그 외 기타 상품 전문 소매업,G47859,그 외 기타 분류 안된 상품 전문 소매업,28,인천광역시,28710,강화군,28710250,강화읍,2871025025,강화읍,2871025025108440001,1,대지,844,1,인천광역시 강화군 강화읍 갑곳리 844-1,287102157001,인천광역시 강화군 강화읍 강화대로,335,,2871025025108460000002454,,인천광역시 강화군 강화읍 강화대로 335,417942,23027,,1,,126.492519372773,37.7422091046471
MA010120220807096940,이에스소방,,G2,소매,G221,기타 상품 소매,G22199,그 외 기타 상품 전문 소매업,G47859,그 외 기타 분류 안된 상품 전문 소매업,11,서울특별시,11230,동대문구,11230536,용신동,1123010200,용두동,1123010200101180044,1,대지,118,44,서울특별시 동대문구 용두동 118-44,112304115149,서울특별시 동대문구 무학로28길,9,6,1123010200101180044036556,,서울특별시 동대문구 무학로28길 9-6,130820,02584,,,,127.031413794727,37.5749489305311
MA010120220807104210,형제농약종묘사,,G2,소매,G221,기타 상품 소매,G22199,그 외 기타 상품 전문 소매업,G47859,그 외 기타 분류 안된 상품 전문 소매업,47,경상북도,47150,김천시,47150516,자산동,4715010200,용두동,4715010200101310000,1,대지,131,,경상북도 김천시 용두동 131,471503306026,경상북도 김천시 용암로,6,,4715010200101310000004843,,경상북도 김천시 용암로 6,740040,39577,,,,128.127662994454,36.1200105704221
MA010120220807079052,동화호신총포,,G2,소매,G221,기타 상품 소매,G22199,그 외 기타 상품 전문 소매업,G47859,그 외 기타 분류 안된 상품 전문 소매업,27,대구광역시,27290,달서구,27290555,감삼동,2729011300,감삼동,2729011300100650005,1,대지,65,5,대구광역시 달서구 감삼동 65-5,272902007002,대구광역시 달서구 달구벌대로,1613,,2729011300100650002018577,,대구광역시 달서구 달구벌대로 1613,704953,42640,,3,,128.542863638437,35.852611341897
MA010120220807100639,휴토피아,,G2,소매,G221,기타 상품 소매,G22199,그 외 기타 상품 전문 소매업,G47859,그 외 기타 분류 안된 상품 전문 소매업,28,인천광역시,28185,연수구,28185780,동춘1동,2818510500,동춘동,2818510500109200000,1,대지,920,,인천광역시 연수구 동춘동 920,281853008020,인천광역시 연수구 앵고개로,183,,2818510500109200000001526,여성의굉장,인천광역시 연수구 앵고개로 183,406801,21965,,3,,126.665985465635,37.412137832627
MA010120220807068453,민,코리아,G2,소매,G221,기타 상품 소매,G22199,그 외 기타 상품 전문 소매업,G47859,그 외 기타 분류 안된 상품 전문 소매업,52,전북특별자치도,52113,전주시 덕진구,52113641,송천1동,5211312200,송천동2가,5211312200113300014,1,대지,1330,14,전북특별자치도 전주시 덕진구 송천동2가 1330-14,521134854852,전북특별자치도 전주시 덕진구 세병2길,32,18,4511312200113300014000001,트윈타워,전북특별자치도 전주시 덕진구 세병2길 32-18,561302,55149,,,,127.12579065901,35.872366284753
MA010120220807080182,풍농비료농자재,,G2,소매,G221,기타 상품 소매,G22199,그 외 기타 상품 전문 소매업,G47859,그 외 기타 분류 안된 상품 전문 소매업,48,경상남도,48170,진주시,48170515,천전동,4817010100,망경동,4817010100102400021,1,대지,240,21,경상남도 진주시 망경동 240-21,481703332022,경상남도 진주시 망경로,232,,4817010100102400021086763,,경상남도 진주시 망경로 232,660800,52713,,,,128.079434162449,35.1827115479524
MA010120220807098134,케이엠글로벌,,G2,소매,G221,기타 상품 소매,G22199,그 외 기타 상품 전문 소매업,G47216,"빵류, 과자류 및 당류 소매업",46,전라남도,46130,여수시,46130780,쌍봉동,4613013100,소호동,4613013100103530000,1,대지,353,,전라남도 여수시 소호동 353,461304646557,전라남도 여수시 소호5길,22,,4613013100103530000013010,금호,전라남도 여수시 소호5길 22,555713,59666,,,,127.651206675484,34.7460476898721
MA010120220807066608,삼우글로벌워터,,G2,소매,G221,기타 상품 소매,G22199,그 외 기타 상품 전문 소매업,G47859,그 외 기타 분류 안된 상품 전문 소매업,43,충청북도,43770,음성군,43770350,삼성면,4377035028,삼성면,4377035028102100001,1,대지,210,1,충청북도 음성군 삼성면 선정리 210-1,437703247064,충청북도 음성군 삼성면 선정로,88,26,4377035028102100001180803,,충청북도 음성군 삼성면 선정로 88-26,369832,27654,,,,127.508897711254,36.9932597676147
MA010120220807128829,이안컴퍼니,,G2,소매,G221,기타 상품 소매,G22199,그 외 기타 상품 전문 소매업,G47859,그 외 기타 분류 안된 상품 전문 소매업,41,경기도,41287,고양시 일산서구,41287570,대화동,4128710400,대화동,4128710400121930006,1,대지,2193,6,경기도 고양시 일산서구 대화동 2193-6,412874382117,경기도 고양시 일산서구 일산로741번길,11,9,4128710400121930006002637,,경기도 고양시 일산서구 일산로741번길 11-9,411804,10377,,,,126.751530267326,37.6773317985649
MA010120220807121298,스카이로드,,G2,소매,G221,기타 상품 소매,G22199,그 외 기타 상품 전문 소매업,G47859,그 외 기타 분류 안된 상품 전문 소매업,46,전라남도,46110,목포시,46110757,하당동,4611015800,상동,4611015800108600001,1,대지,860,1,전라남도 목포시 상동 860-1,461103281056,전라남도 목포시 옥암로,95,,4611015800108600001026030,쇼핑천국포르모,전라남도 목포시 옥암로 95,530822,58662,,,,126.425852655948,34.8069013159703
MA010120220807129089,큰농부작은농부,,G2,소매,G221,기타 상품 소매,G22199,그 외 기타 상품 전문 소매업,G47859,그 외 기타 분류 안된 상품 전문 소매업,46,전라남도,46730,구례군,46730250,구례읍,4673025023,구례읍,4673025023105820014,1,대지,582,14,전라남도 구례군 구례읍 백련리 582-14,467304664278,전라남도 구례군 구례읍 의료원길,15,,4673025023105820014014633,,전라남도 구례군 구례읍 의료원길 15,542802,57648,,,,127.46045675404,35.2133715136505
MA010120220807118712,판다샵,,G2,소매,G221,기타 상품 소매,G22199,그 외 기타 상품 전문 소매업,G47859,그 외 기타 분류 안된 상품 전문 소매업,26,부산광역시,26530,사상구,26530620,괘법동,2653010400,괘법동,2653010400105330001,1,대지,533,1,부산광역시 사상구 괘법동 533-1,265303132023,부산광역시 사상구 사상로,201,,2653010400105330001000242,,부산광역시 사상구 사상로 201,617807,46969,,1,,128.980984825203,35.1631547397614
MA010120220807121463,델타쿼드,,G2,소매,G221,기타 상품 소매,G22199,그 외 기타 상품 전문 소매업,G47859,그 외 기타 분류 안된 상품 전문 소매업,11,서울특별시,11680,강남구,11680655,도곡1동,1168011800,도곡동,1168011800109090003,1,대지,909,3,서울특별시 강남구 도곡동 909-3,116802000003,서울특별시 강남구 남부순환로,2645,,1168011800109090003000888,한독빌딩,서울특별시 강남구 남부순환로 2645,135859,06271,,4,,127.039155409418,37.4855852936062
MA010120220807132348,에스엘테크,,G2,소매,G221,기타 상품 소매,G22199,그 외 기타 상품 전문 소매업,G47859,그 외 기타 분류 안된 상품 전문 소매업,41,경기도,41590,화성시,41590330,마도면,4159033025,마도면,4159033025101240002,1,대지,124,2,경기도 화성시 마도면 청원리 124-2,415904430368,경기도 화성시 마도면 마도로539번길,34,,4159033030106290006008451,,경기도 화성시 마도면 마도로539번길 34,445862,18537,,,,126.760574417867,37.1919382083538
MA010120220807116500,바이인터내셔널,,G2,소매,G221,기타 상품 소매,G22199,그 외 기타 상품 전문 소매업,G47859,그 외 기타 분류 안된 상품 전문 소매업,41,경기도,41192,부천시 원미구,41192630,중1동,4119210800,중동,4119210800111310003,1,대지,1131,3,경기도 부천시 원미구 중동 1131-3,411923185020,경기도 부천시 원미구 신흥로,167,,4119510800111310003035330,신영빌딩,경기도 부천시 원미구 신흥로 167,420852,14580,,,,126.776935358474,37.49849083936
MA010120220807113960,양키캔들,용인점,G2,소매,G221,기타 상품 소매,G22199,그 외 기타 상품 전문 소매업,G47813,"화장품, 비누 및 방향제 소매업",41,경기도,41463,용인시 기흥구,41463540,기흥동,4146310800,고매동,4146310800108890000,1,대지,889,,경기도 용인시 기흥구 고매동 889,414633352016,경기도 용인시 기흥구 신고매로,59,,4146310800102710000000001,기흥파워센터,경기도 용인시 기흥구 신고매로 59,446901,17086,,B1,,127.114252764556,37.2234095078342
MA010120220807135461,제이멀티샵,,G2,소매,G221,기타 상품 소매,G22199,그 외 기타 상품 전문 소매업,G47859,그 외 기타 분류 안된 상품 전문 소매업,28,인천광역시,28260,서구,28260530,연희동,2826010600,연희동,2826010600106870002,1,대지,687,2,인천광역시 서구 연희동 687-2,282603156046,인천광역시 서구 서곶로,349,,2826010600106870002011872,,인천광역시 서구 서곶로 349,404836,22722,,2,,126.676703819343,37.5488861785649
MA010120220807143513,에지앤큐,,G2,소매,G221,기타 상품 소매,G22199,그 외 기타 상품 전문 소매업,G47859,그 외 기타 분류 안된 상품 전문 소매업,41,경기도,41590,화성시,41590262,남양읍,4159026221,남양읍,4159026221111690003,1,대지,1169,3,경기도 화성시 남양읍 남양리 1169-3,415904430215,경기도 화성시 남양읍 남양시장로66번길,10,8,4159010100111690003003609,,경기도 화성시 남양읍 남양시장로66번길 10-8,445851,18261,,1,,126.815981983206,37.2081570200872
MA010120220807114131,25시대화방,,G2,소매,G221,기타 상품 소매,G22199,그 외 기타 상품 전문 소매업,G47859,그 외 기타 분류 안된 상품 전문 소매업,27,대구광역시,27140,동구,27140580,신천4동,2714010200,신천동,2714010200103370001,1,대지,337,1,대구광역시 동구 신천동 337-1,271404226069,대구광역시 동구 동부로30길,40,,2714010200103370001034658,,대구광역시 동구 동부로30길 40,701829,41249,,5,,128.628588706066,35.8734855840996
MA010120220807135564,뻔뻔한운동,,G2,소매,G221,기타 상품 소매,G22199,그 외 기타 상품 전문 소매업,R91139,그 외 기타 스포츠시설 운영업,48,경상남도,48270,밀양시,48270530,삼문동,4827010400,삼문동,4827010400107270007,1,대지,727,7,경상남도 밀양시 삼문동 727-7,482704808322,경상남도 밀양시 미리벌로2길,34,,4827010400107090010087155,명희빌딩,경상남도 밀양시 미리벌로2길 34,627150,50438,,3,,128.746781820187,35.4834662790702
MA010120220807137747,미래사,,G2,소매,G221,기타 상품 소매,G22199,그 외 기타 상품 전문 소매업,G47859,그 외 기타 분류 안된 상품 전문 소매업,41,경기도,41650,포천시,41650370,일동면,4165037023,일동면,4165037023100910112,1,대지,91,112,경기도 포천시 일동면 기산리 91-112,416504439092,경기도 포천시 일동면 기산서길,3,4,4165037023100910009000001,,경기도 포천시 일동면 기산서길 3-4,487851,11116,,,,127.317513899283,37.9578943974261
MA010120220807135829,에스팜,,G2,소매,G221,기타 상품 소매,G22199,그 외 기타 상품 전문 소매업,G47859,그 외 기타 분류 안된 상품 전문 소매업,43,충청북도,43112,청주시 서원구,43112550,산남동,4311210500,미평동,4311210500102220004,1,대지,222,4,충청북도 청주시 서원구 미평동 222-4,431123237039,충청북도 청주시 서원구 산미로,34,1,4311310700102220004028307,,충청북도 청주시 서원구 산미로 34-1,362160,28633,,1,,127.468390019624,36.6012748027904
MA010120220807133685,세이프플러스,,G2,소매,G221,기타 상품 소매,G22199,그 외 기타 상품 전문 소매업,G47859,그 외 기타 분류 안된 상품 전문 소매업,41,경기도,41480,파주시,41480253,파주읍,4148025325,파주읍,4148025325104240020,1,대지,424,20,경기도 파주시 파주읍 백석리 424-20,414804418216,경기도 파주시 파주읍 매바위길,5,16,4148025325104240020000001,,경기도 파주시 파주읍 매바위길 5-16,413861,10839,,,,126.801688438208,37.8016973305861
MA010120220807168584,약초발효원,,G2,소매,G221,기타 상품 소매,G22199,그 외 기타 상품 전문 소매업,G47859,그 외 기타 분류 안된 상품 전문 소매업,48,경상남도,48860,산청군,48860340,금서면,4886034026,금서면,4886034026113000108,1,대지,1300,108,경상남도 산청군 금서면 특리 1300-108,488604835429,경상남도 산청군 금서면 동의보감로555번길,45,15,4886034026113000057000001,,경상남도 산청군 금서면 동의보감로555번길 45-15,666831,52229,,,,127.830565361225,35.4405996168806
MA010120220807160997,현서농약할인마트,,G2,소매,G221,기타 상품 소매,G22199,그 외 기타 상품 전문 소매업,G47859,그 외 기타 분류 안된 상품 전문 소매업,47,경상북도,47750,청송군,47750340,현서면,4775034043,현서면,4775034043101100004,1,대지,110,4,경상북도 청송군 현서면 구산리 110-4,477503316003,경상북도 청송군 현서면 구산북로,48,,4775034043101100004007772,,경상북도 청송군 현서면 구산북로 48,763872,37462,,,,128.89784448418,36.274554392981
MA010120220807180831,한국화공약품,,G2,소매,G221,기타 상품 소매,G22199,그 외 기타 상품 전문 소매업,G47859,그 외 기타 분류 안된 상품 전문 소매업,52,전북특별자치도,52130,군산시,52130660,경암동,5213013600,경암동,5213013600106270022,1,대지,627,22,전북특별자치도 군산시 경암동 627-22,521303268109,전북특별자치도 군산시 해망로,69,3,4513013600106270022010385,,전북특별자치도 군산시 해망로 69-3,573860,54030,,,,126.723744555507,35.9816784336363
MA010120220807180840,신명인삼약초,,G2,소매,G221,기타 상품 소매,G22199,그 외 기타 상품 전문 소매업,G47859,그 외 기타 분류 안된 상품 전문 소매업,44,충청남도,44710,금산군,44710250,금산읍,4471025022,금산읍,4471025022100320013,1,대지,32,13,충청남도 금산군 금산읍 중도리 32-13,447103257020,충청남도 금산군 금산읍 비단로,148,,4471025022100320013020604,,충청남도 금산군 금산읍 비단로 148,312806,32739,,,,127.495651626695,36.1008165497056
MA010120220807150190,광주농약사,,G2,소매,G221,기타 상품 소매,G22199,그 외 기타 상품 전문 소매업,G47859,그 외 기타 분류 안된 상품 전문 소매업,46,전라남도,46840,무안군,46840360,해제면,4684036026,해제면,4684036026100230000,1,대지,23,,전라남도 무안군 해제면 신정리 23,468403296042,전라남도 무안군 해제면 현해로,1695,4,4684036026100230000003216,,전라남도 무안군 해제면 현해로 1695-4,534874,58502,,,,126.293841088425,35.1101564891464
MA010120220807184545,옥구농약사,,G2,소매,G221,기타 상품 소매,G22199,그 외 기타 상품 전문 소매업,G47859,그 외 기타 분류 안된 상품 전문 소매업,52,전북특별자치도,52130,군산시,52130250,옥구읍,5213025026,옥구읍,5213025026104560002,1,대지,456,2,전북특별자치도 군산시 옥구읍 선제리 456-2,521303268081,전북특별자치도 군산시 옥구읍 옥구로,20,,4513025026104560002016250,,전북특별자치도 군산시 옥구읍 옥구로 20,573902,54172,,,,126.683995720508,35.9225222886044
MA010120220807166705,법인삼이오,,G2,소매,G221,기타 상품 소매,G22199,그 외 기타 상품 전문 소매업,G47859,그 외 기타 분류 안된 상품 전문 소매업,41,경기도,41461,용인시 처인구,41461350,백암면,4146135030,백암면,4146135030100130005,1,대지,13,5,경기도 용인시 처인구 백암면 근창리 13-5,414613203016,경기도 용인시 처인구 백암면 근창로,38,3,4146135030100130005014319,강림슈퍼,경기도 용인시 처인구 백암면 근창로 38-3,449865,17177,,1,,127.370285073259,37.1636148684672
MA010120220807177108,에이텍,,G2,소매,G221,기타 상품 소매,G22199,그 외 기타 상품 전문 소매업,G47859,그 외 기타 분류 안된 상품 전문 소매업,47,경상북도,47230,영천시,47230390,북안면,4723039030,북안면,4723039030106520004,1,대지,652,4,경상북도 영천시 북안면 도천리 652-4,472303310039,경상북도 영천시 북안면 운북로,1720,,4723039030106520004000001,,경상북도 영천시 북안면 운북로 1720,770881,38909,,,,129.013853095608,35.8917738902797
MA010120220807181098,원각만물,,G2,소매,G221,기타 상품 소매,G22199,그 외 기타 상품 전문 소매업,G47859,그 외 기타 분류 안된 상품 전문 소매업,52,전북특별자치도,52130,군산시,52130605,중앙동,5213012500,평화동,5213012500100650025,1,대지,65,25,전북특별자치도 군산시 평화동 65-25,521304605052,전북특별자치도 군산시 평화길,16,,4513012500100650025010256,,전북특별자치도 군산시 평화길 16,573240,54027,,,,126.719370746108,35.9830922316756
MA010120220807184658,반야불교사,,G2,소매,G221,기타 상품 소매,G22199,그 외 기타 상품 전문 소매업,G47859,그 외 기타 분류 안된 상품 전문 소매업,52,전북특별자치도,52130,군산시,52130560,삼학동,5213010700,금광동,5213010700101590003,1,대지,159,3,전북특별자치도 군산시 금광동 159-3,521304604110,전북특별자치도 군산시 금광길,28,3,4513010700101590003019946,,전북특별자치도 군산시 금광길 28-3,573310,54024,,,,126.708650550757,35.9824358159415
MA010120220807153468,플라워차일드,,G2,소매,G221,기타 상품 소매,G22199,그 외 기타 상품 전문 소매업,G47859,그 외 기타 분류 안된 상품 전문 소매업,46,전라남도,46150,순천시,46150320,서면,4615032028,서면,4615032028100470000,1,대지,47,,전라남도 순천시 서면 선평리 47,461503283009,전라남도 순천시 서면 삼산로,246,,4615032028100470000000001,,전라남도 순천시 서면 삼산로 246,540813,57926,,,,127.503884874144,34.983794218845
MA010120220807156132,억불안전유통,,G2,소매,G221,기타 상품 소매,G22199,그 외 기타 상품 전문 소매업,G47859,그 외 기타 분류 안된 상품 전문 소매업,52,전북특별자치도,52190,남원시,52190540,노암동,5219012300,신촌동,5219012300102220000,1,대지,222,,전북특별자치도 남원시 신촌동 222,521904613400,전북특별자치도 남원시 신촌안길,3,,4519012300102220000000001,,전북특별자치도 남원시 신촌안길 3,590090,55794,,,,127.39990085814,35.4084091003878
MA010120220807184911,대림톱밥,,G2,소매,G221,기타 상품 소매,G22199,그 외 기타 상품 전문 소매업,G47859,그 외 기타 분류 안된 상품 전문 소매업,52,전북특별자치도,52130,군산시,52130640,흥남동,5213013200,동흥남동,5213013200104030002,1,대지,403,2,전북특별자치도 군산시 동흥남동 403-2,521303268104,전북특별자치도 군산시 팔마로,170,1,4513013200104030002028801,,전북특별자치도 군산시 팔마로 170-1,573200,54083,,,,126.719947767142,35.973558527561
MA010120220807186998,대동해석,,G2,소매,G221,기타 상품 소매,G22199,그 외 기타 상품 전문 소매업,G47859,그 외 기타 분류 안된 상품 전문 소매업,52,전북특별자치도,52130,군산시,52130650,조촌동,5213013400,조촌동,5213013400108280000,1,대지,828,,전북특별자치도 군산시 조촌동 828,521303268036,전북특별자치도 군산시 백릉로,102,,4513013400108280000039522,,전북특별자치도 군산시 백릉로 102,573885,54076,,,,126.737315606895,35.9753101509728
MA010120220807183139,학길슈퍼，중앙소방전기철물,,G2,소매,G221,기타 상품 소매,G22199,그 외 기타 상품 전문 소매업,G47859,그 외 기타 분류 안된 상품 전문 소매업,52,전북특별자치도,52130,군산시,52130690,수송동,5213014100,수송동,5213014100104440029,1,대지,444,29,전북특별자치도 군산시 수송동 444-29,521304605023,전북특별자치도 군산시 축동안길,61,,4513014100104440029029383,,전북특별자치도 군산시 축동안길 61,573370,54089,,,,126.713633273631,35.9690464635739
MA010120220807159409,모던통상,,G2,소매,G221,기타 상품 소매,G22199,그 외 기타 상품 전문 소매업,G47859,그 외 기타 분류 안된 상품 전문 소매업,47,경상북도,47850,칠곡군,47850256,석적읍,4785025625,석적읍,4785025625106170011,1,대지,617,11,경상북도 칠곡군 석적읍 중지리 617-11,478503322009,경상북도 칠곡군 석적읍 석적로,128,,4785025625106170011036386,,경상북도 칠곡군 석적읍 석적로 128,718832,39848,,,,128.400171196506,36.0103589169572
MA010120220807175666,OK종합상사,,G2,소매,G221,기타 상품 소매,G22199,그 외 기타 상품 전문 소매업,G47859,그 외 기타 분류 안된 상품 전문 소매업,44,충청남도,44770,서천군,44770310,마서면,4477031025,마서면,4477031025105510010,1,대지,551,10,충청남도 서천군 마서면 송석리 551-10,447704580600,충청남도 서천군 마서면 와석길,32,1,4477031025105510010033711,,충청남도 서천군 마서면 와석길 32-1,325815,33650,,,,126.633178852003,36.0742167252506
MA010120220807170678,더블루성주,,G2,소매,G221,기타 상품 소매,G22199,그 외 기타 상품 전문 소매업,G47859,그 외 기타 분류 안된 상품 전문 소매업,47,경상북도,47190,구미시,47190630,광평동,4719011400,광평동,4719011400102950001,1,대지,295,1,경상북도 구미시 광평동 295-1,471904724281,경상북도 구미시 박정희로27길,7,,4719011400102950001028632,,경상북도 구미시 박정희로27길 7,730080,39323,,,,128.355741118075,36.1100946814367
MA010120220807181680,군산플라스틱파레트,,G2,소매,G221,기타 상품 소매,G22199,그 외 기타 상품 전문 소매업,G47859,그 외 기타 분류 안된 상품 전문 소매업,52,전북특별자치도,52130,군산시,52130360,개정면,5213036025,개정면,5213036025102750002,1,대지,275,2,전북특별자치도 군산시 개정면 통사리 275-2,521303268117,전북특별자치도 군산시 개정면 번영로,805,,4513036025002750002221104,,전북특별자치도 군산시 개정면 번영로 805,573923,54065,,,,126.801530630039,35.9501358045491
MA010120220807151938,백향목,코리아,G2,소매,G221,기타 상품 소매,G22199,그 외 기타 상품 전문 소매업,G47859,그 외 기타 분류 안된 상품 전문 소매업,11,서울특별시,11740,강동구,11740560,고덕2동,1174010200,고덕동,1174010200102270001,1,대지,227,1,서울특별시 강동구 고덕동 227-1,117404172100,서울특별시 강동구 동남로82길,147,37,1174010200102270001017987,,서울특별시 강동구 동남로82길 147-37,134803,05220,,,,127.164780544658,37.5606744685142
MA010120220807165853,대전정림우표사,,G2,소매,G221,기타 상품 소매,G22199,그 외 기타 상품 전문 소매업,G47859,그 외 기타 분류 안된 상품 전문 소매업,30,대전광역시,30170,서구,30170535,정림동,3017010400,정림동,3017010400106100000,1,대지,610,,대전광역시 서구 정림동 610,301704298559,대전광역시 서구 정림동로7번길,22,,3017010400106100000016349,,대전광역시 서구 정림동로7번길 22,302855,35396,,1,,127.366420704826,36.3055378451971
MA010120220807173919,경봉,,G2,소매,G221,기타 상품 소매,G22199,그 외 기타 상품 전문 소매업,G47859,그 외 기타 분류 안된 상품 전문 소매업,41,경기도,41273,안산시 단원구,41273610,대부동,4127311000,대부동동,4127311000106420001,1,대지,642,1,경기도 안산시 단원구 대부동동 642-1,412734373339,경기도 안산시 단원구 작은상재미길,65,,4127311000106420001000001,,경기도 안산시 단원구 작은상재미길 65,425320,15643,,,,126.606207421503,37.235091169378
MA010120220807187898,부라더미싱,,G2,소매,G221,기타 상품 소매,G22199,그 외 기타 상품 전문 소매업,G47859,그 외 기타 분류 안된 상품 전문 소매업,52,전북특별자치도,52130,군산시,52130605,중앙동,5213012100,중앙로2가,5213012100100820004,1,대지,82,4,전북특별자치도 군산시 중앙로2가 82-4,521303268096,전북특별자치도 군산시 중앙로,102,,4513012100100820004024206,,전북특별자치도 군산시 중앙로 102,573042,54029,,,,126.71750891635,35.9827994679846
MA010120220807195360,수정상사,,G2,소매,G221,기타 상품 소매,G22199,그 외 기타 상품 전문 소매업,G47859,그 외 기타 분류 안된 상품 전문 소매업,52,전북특별자치도,52130,군산시,52130720,미성동,5213015100,산북동,5213015100115500000,1,대지,1550,,전북특별자치도 군산시 산북동 1550,521304604720,전북특별자치도 군산시 십자다리길,69,,4513015100115500000000379,,전북특별자치도 군산시 십자다리길 69,573876,54160,,,,126.660088932355,35.9707632810814
MA010120220807212415,기은유통,,G2,소매,G221,기타 상품 소매,G22199,그 외 기타 상품 전문 소매업,G47859,그 외 기타 분류 안된 상품 전문 소매업,11,서울특별시,11260,중랑구,11260630,묵2동,1126010400,묵동,1126010400102330103,1,대지,233,103,서울특별시 중랑구 묵동 233-103,112603106010,서울특별시 중랑구 중랑역로,249,,1126010400102330103000001,,서울특별시 중랑구 중랑역로 249,131851,02001,,2,,127.075977832325,37.6156354495169
MA010120220807227774,장미상사,,G2,소매,G221,기타 상품 소매,G22199,그 외 기타 상품 전문 소매업,G47859,그 외 기타 분류 안된 상품 전문 소매업,52,전북특별자치도,52111,전주시 완산구,52111691,평화1동,5211113200,평화동1가,5211113200104450001,1,대지,445,1,전북특별자치도 전주시 완산구 평화동1가 445-1,521114598079,전북특별자치도 전주시 완산구 덕적골2길,10,,4511113200104450001000930,평화주공아파트,전북특별자치도 전주시 완산구 덕적골2길 10,560873,55120,,,,127.139180074789,35.7974750228392
MA010120220807210145,금광농약사,,G2,소매,G221,기타 상품 소매,G22199,그 외 기타 상품 전문 소매업,G47859,그 외 기타 분류 안된 상품 전문 소매업,52,전북특별자치도,52130,군산시,52130320,회현면,5213032022,회현면,5213032022103690006,1,대지,369,6,전북특별자치도 군산시 회현면 금광리 369-6,521303268114,전북특별자치도 군산시 회현면 회현로,190,,4513032022003690006203789,,전북특별자치도 군산시 회현면 회현로 190,573832,54177,,,,126.757255270655,35.9122563541162
MA010120220807207743,무지개수족관,,G2,소매,G221,기타 상품 소매,G22199,그 외 기타 상품 전문 소매업,G47859,그 외 기타 분류 안된 상품 전문 소매업,52,전북특별자치도,52130,군산시,52130690,수송동,5213014200,미장동,5213014200103960028,1,대지,396,28,전북특별자치도 군산시 미장동 396-28,521303268004,전북특별자치도 군산시 경포천로,138,,4513014200103960028030030,,전북특별자치도 군산시 경포천로 138,573370,54084,,,,126.726198586747,35.9710314714618
MA010120220807225824,세창당약업사,,G2,소매,G221,기타 상품 소매,G22199,그 외 기타 상품 전문 소매업,G47859,그 외 기타 분류 안된 상품 전문 소매업,52,전북특별자치도,52111,전주시 완산구,52111635,완산동,5211112400,서완산동2가,5211112400100860004,1,대지,86,4,전북특별자치도 전주시 완산구 서완산동2가 86-4,521113266053,전북특별자치도 전주시 완산구 용머리로,241,2,4511112400100860004028391,,전북특별자치도 전주시 완산구 용머리로 241-2,560152,55047,,,,127.136080162527,35.8090688077501
MA010120220807198107,부흥종묘농약사,,G2,소매,G221,기타 상품 소매,G22199,그 외 기타 상품 전문 소매업,G47859,그 외 기타 분류 안된 상품 전문 소매업,52,전북특별자치도,52130,군산시,52130605,중앙동,5213012300,신영동,5213012300100160013,1,대지,16,13,전북특별자치도 군산시 신영동 16-13,521303268009,전북특별자치도 군산시 구시장로,32,,4513012300100160013010440,,전북특별자치도 군산시 구시장로 32,573250,54027,,1,,126.719837225147,35.9828770259204
MA010120220807211077,선제농약사,,G2,소매,G221,기타 상품 소매,G22199,그 외 기타 상품 전문 소매업,G47859,그 외 기타 분류 안된 상품 전문 소매업,52,전북특별자치도,52130,군산시,52130250,옥구읍,5213025026,옥구읍,5213025026105130002,1,대지,513,2,전북특별자치도 군산시 옥구읍 선제리 513-2,521304604770,전북특별자치도 군산시 옥구읍 예기길,4,,4513025026105130002016259,,전북특별자치도 군산시 옥구읍 예기길 4,573902,54172,,,,126.684605797259,35.9223526569446
MA010120220807206155,유진방재,,G2,소매,G221,기타 상품 소매,G22199,그 외 기타 상품 전문 소매업,G47859,그 외 기타 분류 안된 상품 전문 소매업,11,서울특별시,11440,마포구,11440680,합정동,1144012200,합정동,1144012200104290028,1,대지,429,28,서울특별시 마포구 합정동 429-28,114404139511,서울특별시 마포구 월드컵로7길,27,14,1144012200104290028023715,옥상층,서울특별시 마포구 월드컵로7길 27-14,121887,04022,,,,126.909996974447,37.5523398383881
MA010120220807228159,농민농약사,,G2,소매,G221,기타 상품 소매,G22199,그 외 기타 상품 전문 소매업,G47859,그 외 기타 분류 안된 상품 전문 소매업,52,전북특별자치도,52710,완주군,52710253,봉동읍,5271025328,봉동읍,5271025328102250001,1,대지,225,1,전북특별자치도 완주군 봉동읍 장기리 225-1,527103016033,전북특별자치도 완주군 봉동읍 봉동로,140,,4571025328102250001008357,,전북특별자치도 완주군 봉동읍 봉동로 140,565907,55326,,,,127.168471478197,35.9374651480608
MA010120220807194587,고려인삼,,G2,소매,G221,기타 상품 소매,G22199,그 외 기타 상품 전문 소매업,G47859,그 외 기타 분류 안된 상품 전문 소매업,52,전북특별자치도,52130,군산시,52130605,중앙동,5213012300,신영동,5213012300100180001,1,대지,18,1,전북특별자치도 군산시 신영동 18-1,521304604652,전북특별자치도 군산시 신금길,18,,4513012300100180001000001,군산공설시장,전북특별자치도 군산시 신금길 18,573250,54027,,,,126.720324097551,35.9831665563573
MA010120220807194591,대웅인삼,,G2,소매,G221,기타 상품 소매,G22199,그 외 기타 상품 전문 소매업,G47859,그 외 기타 분류 안된 상품 전문 소매업,52,전북특별자치도,52130,군산시,52130605,중앙동,5213012300,신영동,5213012300100180001,1,대지,18,1,전북특별자치도 군산시 신영동 18-1,521304604652,전북특별자치도 군산시 신금길,18,,4513012300100180001000001,군산공설시장,전북특별자치도 군산시 신금길 18,573250,54027,,,,126.720324097551,35.9831665563573
MA010120220807214141,대전한방,,G2,소매,G221,기타 상품 소매,G22199,그 외 기타 상품 전문 소매업,G47859,그 외 기타 분류 안된 상품 전문 소매업,30,대전광역시,30110,동구,30110515,중앙동,3011012000,중동,3011012000100560018,1,대지,56,18,대전광역시 동구 중동 56-18,301104292134,대전광역시 동구 대전로813번길,61,,3011012000100560018022988,,대전광역시 동구 대전로813번길 61,300160,34627,,,,127.429076286744,36.3307876787091
MA010120220807196624,농민퇴비,,G2,소매,G221,기타 상품 소매,G22199,그 외 기타 상품 전문 소매업,G47859,그 외 기타 분류 안된 상품 전문 소매업,44,충청남도,44760,부여군,44760350,구룡면,4476035030,구룡면,4476035030106750000,1,대지,675,,충청남도 부여군 구룡면 용당리 675,447604577522,충청남도 부여군 구룡면 용당로2번길,38,11,4476035030106750000042130,,충청남도 부여군 구룡면 용당로2번길 38-11,323832,33190,,,,126.824744243388,36.2334970610145
MA010120220807211786,미성농약사,,G2,소매,G221,기타 상품 소매,G22199,그 외 기타 상품 전문 소매업,G47859,그 외 기타 분류 안된 상품 전문 소매업,52,전북특별자치도,52130,군산시,52130720,미성동,5213015100,산북동,5213015100108940010,1,대지,894,10,전북특별자치도 군산시 산북동 894-10,521303268008,전북특별자치도 군산시 공항로,391,,4513015100108940011005892,,전북특별자치도 군산시 공항로 391,573876,54167,,,,126.657258996537,35.9560200515734
MA010120220807214507,신월농약사,,G2,소매,G221,기타 상품 소매,G22199,그 외 기타 상품 전문 소매업,G47859,그 외 기타 분류 안된 상품 전문 소매업,46,전라남도,46840,무안군,46840370,운남면,4684037024,운남면,4684037024110090003,1,대지,1009,3,전라남도 무안군 운남면 내리 1009-3,468403296050,전라남도 무안군 운남면 신월로,558,14,4684037024110090003043265,,전라남도 무안군 운남면 신월로 558-14,534861,58539,,,,126.298879732765,34.9621472100588
MA010120220806927644,브라보마이카,,G2,소매,G221,기타 상품 소매,G22199,그 외 기타 상품 전문 소매업,G47859,그 외 기타 분류 안된 상품 전문 소매업,11,서울특별시,11740,강동구,11740620,천호3동,1174010900,천호동,1174010900101920001,1,대지,192,1,서울특별시 강동구 천호동 192-1,117404172312,서울특별시 강동구 진황도로27다길,3,3,1174010900101920001010895,,서울특별시 강동구 진황도로27다길 3-3,134864,05333,,,,127.132375518763,37.5407671578563
MA010120220806925715,디방코,,G2,소매,G221,기타 상품 소매,G22199,그 외 기타 상품 전문 소매업,G47859,그 외 기타 분류 안된 상품 전문 소매업,11,서울특별시,11560,영등포구,11560540,여의동,1156011000,여의도동,1156011000100230006,1,대지,23,6,서울특별시 영등포구 여의도동 23-6,115602118002,서울특별시 영등포구 의사당대로,83,,1156011000100230006031681,서울핀테크랩,서울특별시 영등포구 의사당대로 83,150724,07325,,8,,126.923448400809,37.523364151418
MA010120220806909417,아이올라벌룬,,G2,소매,G221,기타 상품 소매,G22199,그 외 기타 상품 전문 소매업,G47859,그 외 기타 분류 안된 상품 전문 소매업,47,경상북도,47113,포항시 북구,47113700,장량동,4711312100,장성동,4711312100114070018,1,대지,1407,18,경상북도 포항시 북구 장성동 1407-18,471134712548,경상북도 포항시 북구 장량로113번길,29,,4711312100114070018115288,아이올라벌룬,경상북도 포항시 북구 장량로113번길 29,791851,37587,,1,,129.392617829898,36.0845812956145
MA010120220806917469,대진,,G2,소매,G221,기타 상품 소매,G22199,그 외 기타 상품 전문 소매업,G47859,그 외 기타 분류 안된 상품 전문 소매업,41,경기도,41360,남양주시,41360545,다산1동,4136011200,다산동,4136011200161680002,1,대지,6168,2,경기도 남양주시 다산동 6168-2,413603351606,경기도 남양주시 다산중앙로82번안길,106,,4136011200134380014000001,다산지금,경기도 남양주시 다산중앙로82번안길 106,,12249,,,,127.164703855789,37.6132114110888
MA010120220806929614,우리수조,,G2,소매,G221,기타 상품 소매,G22199,그 외 기타 상품 전문 소매업,G47859,그 외 기타 분류 안된 상품 전문 소매업,41,경기도,41285,고양시 일산동구,41285580,장항1동,4128510400,장항동,4128510400106230007,1,대지,623,7,경기도 고양시 일산동구 장항동 623-7,412854379060,경기도 고양시 일산동구 노첨길24번길,96,49,4128510400106230007000001,,경기도 고양시 일산동구 노첨길24번길 96-49,410834,10433,,,,126.779471131452,37.6319869328828
MA010120220806909986,불교사,,G2,소매,G221,기타 상품 소매,G22199,그 외 기타 상품 전문 소매업,G47859,그 외 기타 분류 안된 상품 전문 소매업,30,대전광역시,30200,유성구,30200540,온천2동,3020011700,장대동,3020011700100110053,1,대지,11,53,대전광역시 유성구 장대동 11-53,302004301351,대전광역시 유성구 유성대로720번길,68,,3020011700100110053013318,,대전광역시 유성구 유성대로720번길 68,305308,34172,,,,127.335700903417,36.357193521328
MA010120220806932844,GL소방,,G2,소매,G221,기타 상품 소매,G22199,그 외 기타 상품 전문 소매업,G47859,그 외 기타 분류 안된 상품 전문 소매업,36,세종특별자치시,36110,세종특별자치시,36110250,조치원읍,3611025026,조치원읍,3611025026100800005,1,대지,80,5,세종특별자치시 세종특별자치시 조치원읍 명리 80-5,361104574272,세종특별자치시 세종특별자치시 조치원읍 새내8길,69,,4473025026100800005038822,,세종특별자치시 세종특별자치시 조치원읍 새내8길 69,339803,30026,,,,127.302226029496,36.5998295079468
MA010120220806933939,엠에스산업,,G2,소매,G221,기타 상품 소매,G22199,그 외 기타 상품 전문 소매업,G47859,그 외 기타 분류 안된 상품 전문 소매업,41,경기도,41150,의정부시,41150568,신곡2동,4115010400,신곡동,4115010400107610006,1,대지,761,6,경기도 의정부시 신곡동 761-6,411504343344,경기도 의정부시 청사로5번길,8,7,4115010400107610006021306,씨티메디타운,경기도 의정부시 청사로5번길 8-7,480864,11775,,,,127.070304599524,37.7491639109614
MA010120220806910165,문갤러리,,G2,소매,G221,기타 상품 소매,G22199,그 외 기타 상품 전문 소매업,G47859,그 외 기타 분류 안된 상품 전문 소매업,43,충청북도,43112,청주시 서원구,43112310,남이면,4311231040,남이면,4311231040106280001,1,대지,628,1,충청북도 청주시 서원구 남이면 부용외천리 628-1,431123236067,충청북도 청주시 서원구 남이면 청남로,925,6,4371038025006280001031762,,충청북도 청주시 서원구 남이면 청남로 925-6,362814,28185,,,,127.426621015367,36.5356934356889
MA010120220806913162,러브센스,,G2,소매,G221,기타 상품 소매,G22199,그 외 기타 상품 전문 소매업,G47859,그 외 기타 분류 안된 상품 전문 소매업,29,광주광역시,29170,북구,29170535,중흥동,2917010100,중흥동,2917010100102700022,1,대지,270,22,광주광역시 북구 중흥동 270-22,291703162029,광주광역시 북구 서방로,31,,2917010100102700022006838,,광주광역시 북구 서방로 31,500873,61190,,1,,126.916560037702,35.1731706774534
MA010120220806930971,충남인삼,,G2,소매,G221,기타 상품 소매,G22199,그 외 기타 상품 전문 소매업,G47859,그 외 기타 분류 안된 상품 전문 소매업,11,서울특별시,11560,영등포구,11560535,영등포동,1156010600,영등포동5가,1156010600100180001,1,대지,18,1,서울특별시 영등포구 영등포동5가 18-1,115603118022,서울특별시 영등포구 영등포로,225,,1156010600100180001034891,,서울특별시 영등포구 영등포로 225,150030,07250,,1,,126.906653653063,37.5199192522038
MA010120220806900188,푸른안전,,G2,소매,G221,기타 상품 소매,G22199,그 외 기타 상품 전문 소매업,G47859,그 외 기타 분류 안된 상품 전문 소매업,43,충청북도,43114,청주시 청원구,43114550,오근장동,4311410800,정하동,4311410800100420018,1,대지,42,18,충청북도 청주시 청원구 정하동 42-18,431143236060,충청북도 청주시 청원구 토성로,58,,4311113400100420018045902,,충청북도 청주시 청원구 토성로 58,363225,28353,,,,127.463942281348,36.672211051509
MA010120220806908092,올드메탈,,G2,소매,G221,기타 상품 소매,G22199,그 외 기타 상품 전문 소매업,G47859,그 외 기타 분류 안된 상품 전문 소매업,46,전라남도,46730,구례군,46730330,토지면,4673033023,토지면,4673033023107910000,1,대지,791,,전라남도 구례군 토지면 외곡리 791,467304664048,전라남도 구례군 토지면 기촌길,4,1,4673033023107910000012409,,전라남도 구례군 토지면 기촌길 4-1,542863,57623,,,,127.602688183954,35.20213831688
MA010120220806900553,서부시스템,,G2,소매,G221,기타 상품 소매,G22199,그 외 기타 상품 전문 소매업,G47859,그 외 기타 분류 안된 상품 전문 소매업,26,부산광역시,26380,사하구,26380571,신평1동,2638010400,신평동,2638010400101110541,1,대지,111,541,부산광역시 사하구 신평동 111-541,263804202188,부산광역시 사하구 다대로144번길,86,,2638010400101110541012564,,부산광역시 사하구 다대로144번길 86,604833,49441,,,,128.975606778899,35.0913823424065
MA010120220806931127,반누리반품닷컴,천안점,G2,소매,G221,기타 상품 소매,G22199,그 외 기타 상품 전문 소매업,G47859,그 외 기타 분류 안된 상품 전문 소매업,44,충청남도,44131,천안시 동남구,44131510,중앙동,4413110100,대흥동,4413110100101020010,1,대지,102,10,충청남도 천안시 동남구 대흥동 102-10,441314547216,충청남도 천안시 동남구 명동길,47,,4413110100101020010017950,오렌지씨네스타,충청남도 천안시 동남구 명동길 47,330010,31129,,,,127.148371657227,36.8076858318917
MA010120220806926420,우담농장,,G2,소매,G221,기타 상품 소매,G22199,그 외 기타 상품 전문 소매업,G47859,그 외 기타 분류 안된 상품 전문 소매업,48,경상남도,48860,산청군,48860400,신등면,4886040027,신등면,4886040027101640000,1,대지,164,,경상남도 산청군 신등면 율현리 164,488604835211,경상남도 산청군 신등면 신차로993번길,6,53,4886040027101640000013622,,경상남도 산청군 신등면 신차로993번길 6-53,666953,52253,,,,127.976094360791,35.4141488297017
MA010120220806939236,경기종합미싱,,G2,소매,G221,기타 상품 소매,G22199,그 외 기타 상품 전문 소매업,G47859,그 외 기타 분류 안된 상품 전문 소매업,41,경기도,41273,안산시 단원구,41273570,초지동,4127310700,초지동,4127310700107420000,1,대지,742,,경기도 안산시 단원구 초지동 742,412733191066,경기도 안산시 단원구 원포공원로,54,,4127310700107420000036318,프라임아트,경기도 안산시 단원구 원포공원로 54,425856,15455,,1,,126.809851235703,37.3033154036772
MA010120220806970666,라인정보통신,,G2,소매,G221,기타 상품 소매,G22199,그 외 기타 상품 전문 소매업,G47859,그 외 기타 분류 안된 상품 전문 소매업,41,경기도,41220,평택시,41220310,진위면,4122031022,진위면,4122031022104020000,1,대지,402,,경기도 평택시 진위면 마산리 402,412203188024,경기도 평택시 진위면 삼남로,687,5,4122031022104020000020887,,경기도 평택시 진위면 삼남로 687-5,451865,17718,,,,127.09159535296,37.0847382545891
MA010120220806955608,케이에스코포레이션지점,,G2,소매,G221,기타 상품 소매,G22199,그 외 기타 상품 전문 소매업,G47859,그 외 기타 분류 안된 상품 전문 소매업,41,경기도,41192,부천시 원미구,41192690,상2동,4119210900,상동,4119210900105440003,1,대지,544,3,경기도 부천시 원미구 상동 544-3,411923000065,경기도 부천시 원미구 길주로,86,,4119510900105440003033173,해피플러스,경기도 부천시 원미구 길주로 86,420864,14544,,,,126.751932079221,37.5052435586949
MA010120220806958033,엘제이트레이딩,,G2,소매,G221,기타 상품 소매,G22199,그 외 기타 상품 전문 소매업,G47859,그 외 기타 분류 안된 상품 전문 소매업,48,경상남도,48170,진주시,48170680,상평동,4817012100,상평동,4817012100101990021,1,대지,199,21,경상남도 진주시 상평동 199-21,481704796434,경상남도 진주시 돗골로94번길,8,,4817012100101990021407181,,경상남도 진주시 돗골로94번길 8,660902,52804,,,,128.113227414746,35.1764660681528
MA010120220806953162,베스트안전산업,,G2,소매,G221,기타 상품 소매,G22199,그 외 기타 상품 전문 소매업,G47859,그 외 기타 분류 안된 상품 전문 소매업,41,경기도,41650,포천시,41650380,이동면,4165038024,이동면,4165038024112250007,1,대지,1225,7,경기도 포천시 이동면 노곡리 1225-7,416503213020,경기도 포천시 이동면 성장로,740,,4165038024112250007054805,,경기도 포천시 이동면 성장로 740,487861,11112,,,,127.321441276982,38.0052545716612
MA010120220806940389,한국당건강마트,,G2,소매,G221,기타 상품 소매,G22199,그 외 기타 상품 전문 소매업,G47859,그 외 기타 분류 안된 상품 전문 소매업,41,경기도,41390,시흥시,41390520,신천동,4139010200,신천동,4139010200107400003,1,대지,740,3,경기도 시흥시 신천동 740-3,413904397308,경기도 시흥시 삼미시장3길,17,,4139010200107400003005654,,경기도 시흥시 삼미시장3길 17,429830,14948,,1,,126.783437532165,37.4398292222067
MA010120220806948301,진안농약마트,,G2,소매,G221,기타 상품 소매,G22199,그 외 기타 상품 전문 소매업,G47859,그 외 기타 분류 안된 상품 전문 소매업,52,전북특별자치도,52720,진안군,52720250,진안읍,5272025021,진안읍,5272025021104020022,1,대지,402,22,전북특별자치도 진안군 진안읍 군상리 402-22,527203274046,전북특별자치도 진안군 진안읍 진장로,2,,4572025021104020022004913,,전북특별자치도 진안군 진안읍 진장로 2,567804,55432,,,,127.431493734626,35.7921849087484
MA010120220806941050,마이산상회,,G2,소매,G221,기타 상품 소매,G22199,그 외 기타 상품 전문 소매업,G47859,그 외 기타 분류 안된 상품 전문 소매업,52,전북특별자치도,52720,진안군,52720370,마령면,5272037022,마령면,5272037022100570001,1,대지,57,1,전북특별자치도 진안군 마령면 동촌리 57-1,527203274013,전북특별자치도 진안군 마령면 마이산남로,212,,4572037022100570001004142,,전북특별자치도 진안군 마령면 마이산남로 212,567872,55450,,,,127.396025609657,35.7579869492772
MA010120220806943734,산죽유통,,G2,소매,G221,기타 상품 소매,G22199,그 외 기타 상품 전문 소매업,G47859,그 외 기타 분류 안된 상품 전문 소매업,41,경기도,41550,안성시,41550400,죽산면,4155040021,죽산면,4155040021104970001,1,대지,497,1,경기도 안성시 죽산면 죽산리 497-1,415503208065,경기도 안성시 죽산면 죽주로,268,,4155040021104970001008652,,경기도 안성시 죽산면 죽주로 268,456894,17519,,,,127.424801895328,37.0755068048646
MA010120220806946128,한양산삼영농조합,,G2,소매,G221,기타 상품 소매,G22199,그 외 기타 상품 전문 소매업,G47859,그 외 기타 분류 안된 상품 전문 소매업,48,경상남도,48870,함양군,48870310,마천면,4887031029,마천면,4887031029101370005,1,대지,137,5,경상남도 함양군 마천면 구양리 137-5,488704838189,경상남도 함양군 마천면 별약수길,176,,4887031029101370001101356,,경상남도 함양군 마천면 별약수길 176,676913,50056,,,,127.699742069036,35.4385625968842
MA010120220806951504,국도산업,,G2,소매,G221,기타 상품 소매,G22199,그 외 기타 상품 전문 소매업,G47859,그 외 기타 분류 안된 상품 전문 소매업,29,광주광역시,29200,광산구,29200690,본량동,2920017600,덕림동,2920017600112160000,1,대지,1216,,광주광역시 광산구 덕림동 1216,292003353028,광주광역시 광산구 빛동14로,25,,2920017600101660008000001,일부,광주광역시 광산구 빛동14로 25,506410,62405,,,,126.673061174225,35.1777967749721
MA010120220806977509,트윈스붙임머리,,G2,소매,G221,기타 상품 소매,G22199,그 외 기타 상품 전문 소매업,G47422,의복 액세서리 및 모조 장신구 소매업,11,서울특별시,11740,강동구,11740530,명일1동,1174010100,명일동,1174010100103410006,1,대지,341,6,서울특별시 강동구 명일동 341-6,117403124003,서울특별시 강동구 상암로,213,,1174010100103410006019536,,서울특별시 강동구 상암로 213,134830,05294,,2,,127.146316146557,37.5467693788216
MA010120220806938245,한국농약사,,G2,소매,G221,기타 상품 소매,G22199,그 외 기타 상품 전문 소매업,G47859,그 외 기타 분류 안된 상품 전문 소매업,51,강원특별자치도,51230,삼척시,51230250,도계읍,5123025030,도계읍,5123025030103930007,1,대지,393,7,강원특별자치도 삼척시 도계읍 도계리 393-7,512303224007,강원특별자치도 삼척시 도계읍 도계로,287,,4223025030103930007000001,,강원특별자치도 삼척시 도계읍 도계로 287,245905,25947,,,,129.044818378647,37.2347657168892
MA010120220806951525,모발장인,,G2,소매,G221,기타 상품 소매,G22199,그 외 기타 상품 전문 소매업,G47422,의복 액세서리 및 모조 장신구 소매업,41,경기도,41285,고양시 일산동구,41285560,마두1동,4128510500,마두동,4128510500108500011,1,대지,850,11,경기도 고양시 일산동구 마두동 850-11,412854379152,경기도 고양시 일산동구 율천로8번길,8,11,4128510500108500011006270,,경기도 고양시 일산동구 율천로8번길 8-11,410812,10407,,1,,126.784120146278,37.6657823444453
MA010120220806969900,프러스유통,,G2,소매,G221,기타 상품 소매,G22199,그 외 기타 상품 전문 소매업,G47859,그 외 기타 분류 안된 상품 전문 소매업,11,서울특별시,11110,종로구,11110615,종로1.2.3.4가동,1111015600,종로3가,1111015600101660000,1,대지,166,,서울특별시 종로구 종로3가 166,111103100013,서울특별시 종로구 종로,150,1,1111015600101660000013768,,서울특별시 종로구 종로 150-1,110123,03193,,,,126.994362850834,37.5702587915365
MA010120220806973131,거광무역,,G2,소매,G221,기타 상품 소매,G22199,그 외 기타 상품 전문 소매업,G47859,그 외 기타 분류 안된 상품 전문 소매업,48,경상남도,48310,거제시,48310580,고현동,4831010900,고현동,4831010900110540000,1,대지,1054,,경상남도 거제시 고현동 1054,483104811661,경상남도 거제시 중곡로2길,22,1,4831010900110540000026428,고려5차,경상남도 거제시 중곡로2길 22-1,656762,53248,,2,,128.632744226194,34.8941261853226
MA010120220806975980,법인풍년농약,,G2,소매,G221,기타 상품 소매,G22199,그 외 기타 상품 전문 소매업,G47859,그 외 기타 분류 안된 상품 전문 소매업,47,경상북도,47920,봉화군,47920360,재산면,4792036021,재산면,4792036021106600019,1,대지,660,19,경상북도 봉화군 재산면 현동리 660-19,479203324021,경상북도 봉화군 재산면 재산로,529,,4792036021106600019013808,,경상북도 봉화군 재산면 재산로 529,755874,36262,,,,128.963070234722,36.8182163946244
MA010120220806996966,벚꽃수석,,G2,소매,G221,기타 상품 소매,G22199,그 외 기타 상품 전문 소매업,G47859,그 외 기타 분류 안된 상품 전문 소매업,48,경상남도,48129,창원시 진해구,48129590,이동,4812914100,이동,4812914100106110009,1,대지,611,9,경상남도 창원시 진해구 이동 611-9,481294793380,경상남도 창원시 진해구 이동로40번길,5,,4812914100106110009000001,,경상남도 창원시 진해구 이동로40번길 5,645808,51655,,,,128.696859315427,35.1503457884455
MA010120220807007987,건강나라,,G2,소매,G221,기타 상품 소매,G22199,그 외 기타 상품 전문 소매업,G47859,그 외 기타 분류 안된 상품 전문 소매업,27,대구광역시,27170,서구,27170565,비산2.3동,2717010200,비산동,2717010200104320025,1,대지,432,25,대구광역시 서구 비산동 432-25,271704229060,대구광역시 서구 국채보상로75길,36,18,2717010200104320025007612,,대구광역시 서구 국채보상로75길 36-18,703812,41800,,,,128.572763955384,35.8751577924197
MA010120220807013189,성원유통,,G2,소매,G221,기타 상품 소매,G22199,그 외 기타 상품 전문 소매업,G47859,그 외 기타 분류 안된 상품 전문 소매업,28,인천광역시,28237,부평구,28237520,부평2동,2823710100,부평동,2823710100107680242,1,대지,768,242,인천광역시 부평구 부평동 768-242,282373000028,인천광역시 부평구 경인로,838,,2823710100107680242202095,,인천광역시 부평구 경인로 838,403831,21432,,1,,126.71466165324,37.4827514376484
MA010120220807013210,형제농약,,G2,소매,G221,기타 상품 소매,G22199,그 외 기타 상품 전문 소매업,G47859,그 외 기타 분류 안된 상품 전문 소매업,47,경상북도,47830,고령군,47830360,우곡면,4783036041,우곡면,4783036041103700001,1,대지,370,1,경상북도 고령군 우곡면 연리 370-1,478304760017,경상북도 고령군 우곡면 객기나루길,366,,4783036041103700001011845,,경상북도 고령군 우곡면 객기나루길 366,717821,40155,,,,128.366625936392,35.6318450982587
MA010120220806992094,고려불교인산가,,G2,소매,G221,기타 상품 소매,G22199,그 외 기타 상품 전문 소매업,G47859,그 외 기타 분류 안된 상품 전문 소매업,41,경기도,41131,성남시 수정구,41131540,태평1동,4113110200,태평동,4113110200164220000,1,대지,6422,,경기도 성남시 수정구 태평동 6422,411314334418,경기도 성남시 수정구 수정로99번길,8,,4113110200164230000000300,,경기도 성남시 수정구 수정로99번길 8,461824,13310,,1,,127.131284800522,37.4413062264098
MA010120220807015951,지앤비바이오,,G2,소매,G221,기타 상품 소매,G22199,그 외 기타 상품 전문 소매업,G47859,그 외 기타 분류 안된 상품 전문 소매업,52,전북특별자치도,52130,군산시,52130340,서수면,5213034024,서수면,5213034024102630001,1,대지,263,1,전북특별자치도 군산시 서수면 마룡리 263-1,521304604486,전북특별자치도 군산시 서수면 상장곤윗길,14,,4513034024102630001000001,,전북특별자치도 군산시 서수면 상장곤윗길 14,573941,54052,,,,126.882645026836,36.0086786828898
MA010120220806997323,임주석의풍기인삼이야기,,G2,소매,G221,기타 상품 소매,G22199,그 외 기타 상품 전문 소매업,G47859,그 외 기타 분류 안된 상품 전문 소매업,47,경상북도,47210,영주시,47210250,풍기읍,4721025022,풍기읍,4721025022104420008,1,대지,442,8,경상북도 영주시 풍기읍 동부리 442-8,472103309077,경상북도 영주시 풍기읍 동성로,40,6,4721025022104420008012965,,경상북도 영주시 풍기읍 동성로 40-6,750803,36036,,,,128.531723426389,36.8697879263985
MA010120220807016044,코스모스건대지점,,G2,소매,G221,기타 상품 소매,G22199,그 외 기타 상품 전문 소매업,G47859,그 외 기타 분류 안된 상품 전문 소매업,11,서울특별시,11215,광진구,11215710,화양동,1121510700,화양동,1121510700100070003,1,대지,7,3,서울특별시 광진구 화양동 7-3,112153000002,서울특별시 광진구 아차산로,229,,1121510700100070003016566,한림타워,서울특별시 광진구 아차산로 229,143717,05018,,,,127.069010908537,37.5407851485167
MA010120220806986902,창수네약초,,G2,소매,G221,기타 상품 소매,G22199,그 외 기타 상품 전문 소매업,G47859,그 외 기타 분류 안된 상품 전문 소매업,46,전라남도,46730,구례군,46730250,구례읍,4673025021,구례읍,4673025021101900001,1,대지,190,1,전라남도 구례군 구례읍 봉동리 190-1,467304664002,전라남도 구례군 구례읍 5일시장작은길,20,,4673025021101890005019723,,전라남도 구례군 구례읍 5일시장작은길 20,542804,57639,,,,127.470081085884,35.2101527921462
MA010120220806992537,윌로펌프서비스,,G2,소매,G221,기타 상품 소매,G22199,그 외 기타 상품 전문 소매업,G47859,그 외 기타 분류 안된 상품 전문 소매업,41,경기도,41650,포천시,41650330,가산면,4165033026,가산면,4165033026104900005,1,대지,490,5,경기도 포천시 가산면 금현리 490-5,416503213039,경기도 포천시 가산면 정금로,401,,4165033026104900005000001,,경기도 포천시 가산면 정금로 401,487813,11167,,,,127.199162580782,37.822616115613
MA010120220807011191,화영유통,,G2,소매,G221,기타 상품 소매,G22199,그 외 기타 상품 전문 소매업,G47859,그 외 기타 분류 안된 상품 전문 소매업,28,인천광역시,28177,미추홀구,28177670,주안6동,2817710500,주안동,2817710500109610002,1,대지,961,2,인천광역시 미추홀구 주안동 961-2,281773008014,인천광역시 미추홀구 주안로,177,,2817010600109610002124627,명성빌딩,인천광역시 미추홀구 주안로 177,402848,22133,,3,,126.689560742978,37.4638300804936
MA010120220806982416,성인용품제일산업,,G2,소매,G221,기타 상품 소매,G22199,그 외 기타 상품 전문 소매업,G47859,그 외 기타 분류 안된 상품 전문 소매업,11,서울특별시,11110,종로구,11110615,종로1.2.3.4가동,1111015600,종로3가,1111015600101560001,1,대지,156,1,서울특별시 종로구 종로3가 156-1,111103100013,서울특별시 종로구 종로,146,1,1111015600101560001017268,,서울특별시 종로구 종로 146-1,110123,03193,,2,,126.993808192327,37.5702497537951
MA010120220806995511,샤이맨,수유점,G2,소매,G221,기타 상품 소매,G22199,그 외 기타 상품 전문 소매업,G47859,그 외 기타 분류 안된 상품 전문 소매업,11,서울특별시,11305,강북구,11305635,수유3동,1130510300,수유동,1130510300101910038,1,대지,191,38,서울특별시 강북구 수유동 191-38,113054124142,서울특별시 강북구 도봉로89길,10,,1130510300101910038007860,,서울특별시 강북구 도봉로89길 10,142878,01074,,1,,127.026081743302,37.6392538650678
MA010120220806985068,양지사,,G2,소매,G221,기타 상품 소매,G22199,그 외 기타 상품 전문 소매업,G47859,그 외 기타 분류 안된 상품 전문 소매업,28,인천광역시,28200,남동구,28200550,간석3동,2820010200,간석동,2820010200100030026,1,대지,3,26,인천광역시 남동구 간석동 3-26,282003008030,인천광역시 남동구 평온로,30,,2820010200100030026020437,,인천광역시 남동구 평온로 30,405800,21515,,,,126.713408723515,37.4762881899451
MA010120220807009045,도와라벨,,G2,소매,G221,기타 상품 소매,G22199,그 외 기타 상품 전문 소매업,G47859,그 외 기타 분류 안된 상품 전문 소매업,29,광주광역시,29170,북구,29170620,우산동,2917011000,우산동,2917011000105180133,1,대지,518,133,광주광역시 북구 우산동 518-133,291702009011,광주광역시 북구 서암대로,299,,2917011000105180133021441,,광주광역시 북구 서암대로 299,500850,61215,,,,126.916534731937,35.1657074165251
MA010120220806985198,비알시스텍,,G2,소매,G221,기타 상품 소매,G22199,그 외 기타 상품 전문 소매업,G47859,그 외 기타 분류 안된 상품 전문 소매업,48,경상남도,48127,창원시 마산회원구,48127520,회원2동,4812710800,회원동,4812710800106660035,1,대지,666,35,경상남도 창원시 마산회원구 회원동 666-35,481274790483,경상남도 창원시 마산회원구 회원북25길,48,,4812710800106660027008655,,경상남도 창원시 마산회원구 회원북25길 48,630824,51291,,,,128.565062316376,35.220119004039
MA010120220807016726,퍼팩트라인,,G2,소매,G221,기타 상품 소매,G22199,그 외 기타 상품 전문 소매업,G47859,그 외 기타 분류 안된 상품 전문 소매업,47,경상북도,47820,청도군,47820253,청도읍,4782025321,청도읍,4782025321104930006,1,대지,493,6,경상북도 청도군 청도읍 고수리 493-6,478204757018,경상북도 청도군 청도읍 고수구길,67,1,4782025321104930006053702,,경상북도 청도군 청도읍 고수구길 67-1,714802,38344,,,,128.740997417831,35.644038110739
MA010120220806998590,해성마크사,,G2,소매,G221,기타 상품 소매,G22199,그 외 기타 상품 전문 소매업,G47859,그 외 기타 분류 안된 상품 전문 소매업,28,인천광역시,28110,중구,28110520,연안동,2811011800,항동7가,2811011800100580007,1,대지,58,7,인천광역시 중구 항동7가 58-7,281103149027,인천광역시 중구 연안부두로,35,,2811011800100580007113816,,인천광역시 중구 연안부두로 35,400802,22348,,,,126.602311066949,37.4549730594842
MA010120220807009439,백제화분원예자재,,G2,소매,G221,기타 상품 소매,G22199,그 외 기타 상품 전문 소매업,G47859,그 외 기타 분류 안된 상품 전문 소매업,44,충청남도,44150,공주시,44150360,의당면,4415036026,의당면,4415036026106470000,1,대지,647,,충청남도 공주시 의당면 청룡리 647,441504553590,충청남도 공주시 의당면 새동네길,14,,4415036026106470000000001,,충청남도 공주시 의당면 새동네길 14,314813,32517,,,,127.140891719197,36.4978308711779
MA010120220807019227,약초산방,,G2,소매,G221,기타 상품 소매,G22199,그 외 기타 상품 전문 소매업,G47859,그 외 기타 분류 안된 상품 전문 소매업,51,강원특별자치도,51770,정선군,51770340,북평면,5177034024,북평면,5177034024101400000,1,대지,140,,강원특별자치도 정선군 북평면 문곡리 140,517704487238,강원특별자치도 정선군 북평면 스무길,195,,4277034024101400000014815,,강원특별자치도 정선군 북평면 스무길 195,233854,26103,,,,128.698062450474,37.4248921916042
MA010120220806990779,신시,,G2,소매,G221,기타 상품 소매,G22199,그 외 기타 상품 전문 소매업,G47859,그 외 기타 분류 안된 상품 전문 소매업,43,충청북도,43740,영동군,43740390,양산면,4374039023,양산면,4374039023105780004,1,대지,578,4,충청북도 영동군 양산면 봉곡리 578-4,437403243035,충청북도 영동군 양산면 양산심천로,144,,4374039023105780001001340,,충청북도 영동군 양산면 양산심천로 144,370831,29162,,,,127.682135609611,36.1405349493062
MA010120220806996342,행운,,G2,소매,G221,기타 상품 소매,G22199,그 외 기타 상품 전문 소매업,G47859,그 외 기타 분류 안된 상품 전문 소매업,52,전북특별자치도,52130,군산시,52130605,중앙동,5213012100,중앙로2가,5213012100101070002,1,대지,107,2,전북특별자치도 군산시 중앙로2가 107-2,521304604741,전북특별자치도 군산시 약전안길,7,,4513012100101070002022474,,전북특별자치도 군산시 약전안길 7,573042,54029,,,,126.717628416399,35.9834936986158
MA010120220807001607,광주불교사,,G2,소매,G221,기타 상품 소매,G22199,그 외 기타 상품 전문 소매업,G47859,그 외 기타 분류 안된 상품 전문 소매업,29,광주광역시,29110,동구,29110685,학동,2911012200,학동,2911012200100810028,1,대지,81,28,광주광역시 동구 학동 81-28,291103009025,광주광역시 동구 천변우로,485,1,2911012200100810028011433,,광주광역시 동구 천변우로 485-1,501841,61489,,1,,126.919447163241,35.1397231670364
MA010120220807020189,현풍구지전자담배,,G2,소매,G221,기타 상품 소매,G22199,그 외 기타 상품 전문 소매업,G47859,그 외 기타 분류 안된 상품 전문 소매업,27,대구광역시,27710,달성군,27710265,현풍읍,2771026522,현풍읍,2771026522104970001,1,대지,497,1,대구광역시 달성군 현풍읍 중리 497-1,277103341006,대구광역시 달성군 현풍읍 테크노상업로,34,,2771036022104970001000001,,대구광역시 달성군 현풍읍 테크노상업로 34,711873,43017,,1,,128.454094669678,35.6919937039197
MA010120220807005058,흥농종묘,,G2,소매,G221,기타 상품 소매,G22199,그 외 기타 상품 전문 소매업,G47859,그 외 기타 분류 안된 상품 전문 소매업,41,경기도,41800,연천군,41800330,백학면,4180033021,백학면,4180033021104940001,1,대지,494,1,경기도 연천군 백학면 두일리 494-1,418003215013,경기도 연천군 백학면 두백로,18,,4180033021104940001004749,,경기도 연천군 백학면 두백로 18,486881,11048,,,,126.914938658266,38.0310151792033
MA010120220806989079,선자,,G2,소매,G221,기타 상품 소매,G22199,그 외 기타 상품 전문 소매업,G47859,그 외 기타 분류 안된 상품 전문 소매업,48,경상남도,48840,남해군,48840360,서면,4884036028,서면,4884036028100050001,1,대지,5,1,경상남도 남해군 서면 중현리 5-1,488403343043,경상남도 남해군 서면 화방로,346,49,4884036028100050001044668,,경상남도 남해군 서면 화방로 346-49,668872,52406,,,,127.860447467448,34.8728706987737
MA010120220806999694,부라더미싱소잉팩토리,구리점,G2,소매,G221,기타 상품 소매,G22199,그 외 기타 상품 전문 소매업,G47859,그 외 기타 분류 안된 상품 전문 소매업,41,경기도,41310,구리시,41310520,동구동,4131010300,인창동,4131010300107010001,1,대지,701,1,경기도 구리시 인창동 701-1,413104388055,경기도 구리시 동구릉로136번길,35,,4131010300107010001001713,아이원패션로데오타운,경기도 구리시 동구릉로136번길 35,471040,11915,,,,127.139885433601,37.6116126511408
MA010120220806999739,예일유통,,G2,소매,G221,기타 상품 소매,G22199,그 외 기타 상품 전문 소매업,G47859,그 외 기타 분류 안된 상품 전문 소매업,41,경기도,41480,파주시,41480250,문산읍,4148025030,문산읍,4148025030102590003,1,대지,259,3,경기도 파주시 문산읍 이천리 259-3,414803206042,경기도 파주시 문산읍 사임당로,416,,4148025030102590003000001,,경기도 파주시 문산읍 사임당로 416,413907,10810,,,,126.833078055405,37.8599926956828
MA010120220806978689,천하통일,,G2,소매,G221,기타 상품 소매,G22199,그 외 기타 상품 전문 소매업,G47859,그 외 기타 분류 안된 상품 전문 소매업,44,충청남도,44825,태안군,44825320,남면,4482532023,남면,4482532023103780004,1,대지,378,4,충청남도 태안군 남면 신장리 378-4,448253264040,충청남도 태안군 남면 남면로,86,7,4482532023103780004013901,,충청남도 태안군 남면 남면로 86-7,357951,32153,,,,126.295270686337,36.6744628246301
MA010120220807024166,리얼모,,G2,소매,G221,기타 상품 소매,G22199,그 외 기타 상품 전문 소매업,G47422,의복 액세서리 및 모조 장신구 소매업,48,경상남도,48121,창원시 의창구,48121510,의창동,4812110200,중동,4812110200107580004,1,대지,758,4,경상남도 창원시 의창구 중동 758-4,481214781534,경상남도 창원시 의창구 의창대로282번길,4,8,4812110200100770005000001,남산빌딩,경상남도 창원시 의창구 의창대로282번길 4-8,641510,51380,,,,128.628412288098,35.260955904686
MA010120220807042904,사랑은행,,G2,소매,G221,기타 상품 소매,G22199,그 외 기타 상품 전문 소매업,G47859,그 외 기타 분류 안된 상품 전문 소매업,51,강원특별자치도,51110,춘천시,51110620,효자1동,5111011200,효자동,5111011200106730012,1,대지,673,12,강원특별자치도 춘천시 효자동 673-12,511103218003,강원특별자치도 춘천시 공지로,354,,4211011200106730012027876,,강원특별자치도 춘천시 공지로 354,200954,24337,,1,,127.727341621158,37.8702794296983
MA010120220807056825,제아,,G2,소매,G221,기타 상품 소매,G22199,그 외 기타 상품 전문 소매업,G47859,그 외 기타 분류 안된 상품 전문 소매업,52,전북특별자치도,52113,전주시 덕진구,52113600,팔복동,5211310900,팔복동2가,5211310900100130007,1,대지,13,7,전북특별자치도 전주시 덕진구 팔복동2가 13-7,521132266001,전북특별자치도 전주시 덕진구 기린대로,662,,4511310900100130007027029,,전북특별자치도 전주시 덕진구 기린대로 662,561842,54845,,4,,127.109197283112,35.8519600979675
MA010120220807049069,고려식물약국,,G2,소매,G221,기타 상품 소매,G22199,그 외 기타 상품 전문 소매업,G47859,그 외 기타 분류 안된 상품 전문 소매업,41,경기도,41590,화성시,41590256,우정읍,4159025632,우정읍,4159025632102900012,1,대지,290,12,경기도 화성시 우정읍 조암리 290-12,415903210002,경기도 화성시 우정읍 31만세로,43,,4159025632102900012024666,,경기도 화성시 우정읍 31만세로 43,445955,18567,,,,126.818737146647,37.0828239600406
MA010120220807057154,명주약초,,G2,소매,G221,기타 상품 소매,G22199,그 외 기타 상품 전문 소매업,G47859,그 외 기타 분류 안된 상품 전문 소매업,31,울산광역시,31140,남구,31140540,신정4동,3114010400,신정동,3114010400108530033,1,대지,853,33,울산광역시 남구 신정동 853-33,311403170032,울산광역시 남구 수암로,118,1,3114010400108530033030559,,울산광역시 남구 수암로 118-1,680831,44749,,1,,129.320121113549,35.5279739640804
MA010120220807030249,아토즈캠핑,하남점,G2,소매,G221,기타 상품 소매,G22199,그 외 기타 상품 전문 소매업,G47631,운동 및 경기용품 소매업,41,경기도,41450,하남시,41450560,덕풍3동,4145010800,덕풍동,4145010800107420000,1,대지,742,,경기도 하남시 덕풍동 742,414503202016,경기도 하남시 덕풍동로,111,50,4145010800107420000000001,트윈렉스,경기도 하남시 덕풍동로 111-50,465831,12927,,2,,127.208614193063,37.5520547031383
MA010120220807062885,"열쇠,도장만물사",,G2,소매,G221,기타 상품 소매,G22199,그 외 기타 상품 전문 소매업,G47859,그 외 기타 분류 안된 상품 전문 소매업,41,경기도,41135,성남시 분당구,41135620,야탑1동,4113510700,야탑동,4113510700103530001,1,대지,353,1,경기도 성남시 분당구 야탑동 353-1,411354340306,경기도 성남시 분당구 야탑로69번길,21,,4113510700103530001010286,,경기도 성남시 분당구 야탑로69번길 21,463828,13497,,,,127.126353302475,37.4116501285208
MA010120220807044233,엔젤바이오,,G2,소매,G221,기타 상품 소매,G22199,그 외 기타 상품 전문 소매업,G47859,그 외 기타 분류 안된 상품 전문 소매업,26,부산광역시,26470,연제구,26470610,거제1동,2647010100,거제동,2647010100114620061,1,대지,1462,61,부산광역시 연제구 거제동 1462-61,264704211300,부산광역시 연제구 온천천공원길,60,1,2647010100114620061011863,,부산광역시 연제구 온천천공원길 60-1,611803,47517,,,,129.087481786903,35.1934739311683
MA010120220807033825,타일세상,,G2,소매,G221,기타 상품 소매,G22199,그 외 기타 상품 전문 소매업,G47519,"페인트, 창호 및 기타 건설자재 소매업",41,경기도,41461,용인시 처인구,41461250,포곡읍,4146125023,포곡읍,4146125023100840007,1,대지,84,7,경기도 용인시 처인구 포곡읍 둔전리 84-7,414614409905,경기도 용인시 처인구 포곡읍 포곡로234번길,2,5,4146125023100840007039608,,경기도 용인시 처인구 포곡읍 포곡로234번길 2-5,449812,17028,,1,,127.228327211052,37.2763970237996
MA010120220807026054,부전이엔에스,,G2,소매,G221,기타 상품 소매,G22199,그 외 기타 상품 전문 소매업,G47859,그 외 기타 분류 안된 상품 전문 소매업,31,울산광역시,31710,울주군,31710259,범서읍,3171025927,범서읍,3171025927109450001,1,대지,945,1,울산광역시 울주군 범서읍 구영리 945-1,317104319098,울산광역시 울주군 범서읍 구영앞길,78,1,3171025927109450001005742,,울산광역시 울주군 범서읍 구영앞길 78-1,689852,44925,,,,129.238318250645,35.568708431018
MA010120220807039383,동탄농자재농사넷,,G2,소매,G221,기타 상품 소매,G22199,그 외 기타 상품 전문 소매업,G47859,그 외 기타 분류 안된 상품 전문 소매업,41,경기도,41590,화성시,41590600,동탄6동,4159013900,금곡동,4159013900103590000,1,대지,359,,경기도 화성시 금곡동 359,415903210131,경기도 화성시 금곡로,195,9,4159042033103590000000001,,경기도 화성시 금곡로 195-9,,18511,,,,127.079129446265,37.1779170546558
MA010120220807042066,소소씨엔에프,,G2,소매,G221,기타 상품 소매,G22199,그 외 기타 상품 전문 소매업,G47859,그 외 기타 분류 안된 상품 전문 소매업,41,경기도,41285,고양시 일산동구,41285551,백석1동,4128510600,백석동,4128510600112150001,1,대지,1215,1,경기도 고양시 일산동구 백석동 1215-1,412854379002,경기도 고양시 일산동구 강송로113번길,21,,4128510600112150001005042,,경기도 고양시 일산동구 강송로113번길 21,410816,10420,,,,126.785903976472,37.6484687510861
MA010120220807039728,원덕인삼,,G2,소매,G221,기타 상품 소매,G22199,그 외 기타 상품 전문 소매업,G47859,그 외 기타 분류 안된 상품 전문 소매업,11,서울특별시,11230,동대문구,11230545,제기동,1123010300,제기동,1123010300110170000,1,대지,1017,,서울특별시 동대문구 제기동 1017,112303105008,서울특별시 동대문구 왕산로,139,10,1123010300110170000034751,삼화상가,서울특별시 동대문구 왕산로 139-10,130865,02571,,,,127.039170228233,37.578838907128
MA010120220807021377,통일하우시스,,G2,소매,G221,기타 상품 소매,G22199,그 외 기타 상품 전문 소매업,G47859,그 외 기타 분류 안된 상품 전문 소매업,47,경상북도,47250,상주시,47250250,함창읍,4725025028,함창읍,4725025028106180001,1,대지,618,1,경상북도 상주시 함창읍 윤직리 618-1,472503311066,경상북도 상주시 함창읍 함창로,595,5,4725025028106180001046520,,경상북도 상주시 함창읍 함창로 595-5,742801,37111,,,,128.191197111551,36.5800134042151
MA010120220806733650,제주소방공사,,G2,소매,G221,기타 상품 소매,G22199,그 외 기타 상품 전문 소매업,G47859,그 외 기타 분류 안된 상품 전문 소매업,50,제주특별자치도,50110,제주시,50110560,삼도2동,5011010600,삼도이동,5011010600102110001,1,대지,211,1,제주특별자치도 제주시 삼도이동 211-1,501103349037,제주특별자치도 제주시 남성로,166,2,5011010600102110001035645,,제주특별자치도 제주시 남성로 166-2,690809,63170,,,,126.523178025425,33.5092481401621
MA010120220806744515,제일농자재,,G2,소매,G221,기타 상품 소매,G22199,그 외 기타 상품 전문 소매업,G47859,그 외 기타 분류 안된 상품 전문 소매업,47,경상북도,47250,상주시,47250450,공검면,4725045025,공검면,4725045025101880045,1,대지,188,45,경상북도 상주시 공검면 양정리 188-45,472504733534,경상북도 상주시 공검면 양정1길,20,,4725045025101880045008110,,경상북도 상주시 공검면 양정1길 20,742822,37132,,,,128.159587488226,36.5118327278112
MA010120220806752646,대동불교사,,G2,소매,G221,기타 상품 소매,G22199,그 외 기타 상품 전문 소매업,G47859,그 외 기타 분류 안된 상품 전문 소매업,50,제주특별자치도,50110,제주시,50110520,일도2동,5011010200,일도이동,5011010200110200016,1,대지,1020,16,제주특별자치도 제주시 일도이동 1020-16,501104847833,제주특별자치도 제주시 삼성로13길,32,,5011010200110200016031009,,제주특별자치도 제주시 삼성로13길 32,690834,63267,,,,126.533281867964,33.5096743004109
MA010120220806750206,가로판매점,,G2,소매,G221,기타 상품 소매,G22199,그 외 기타 상품 전문 소매업,G47859,그 외 기타 분류 안된 상품 전문 소매업,28,인천광역시,28237,부평구,28237540,부평4동,2823710100,부평동,2823710100104170038,1,대지,417,38,인천광역시 부평구 부평동 417-38,282372008008,인천광역시 부평구 부평대로,158,,2823710100104170038106645,,인천광역시 부평구 부평대로 158,403826,21354,,,,126.721756853902,37.5054826767711
MA010120220806760833,소중한선물,,G2,소매,G221,기타 상품 소매,G22199,그 외 기타 상품 전문 소매업,G47859,그 외 기타 분류 안된 상품 전문 소매업,51,강원특별자치도,51130,원주시,51130550,단구동,5113010700,단구동,5113010700115500002,1,대지,1550,2,강원특별자치도 원주시 단구동 1550-2,511304457578,강원특별자치도 원주시 천매봉길,32,19,4213010700115500002001484,,강원특별자치도 원주시 천매봉길 32-19,220944,26483,,1,,127.943441666963,37.3237013750976
MA010120220806762244,천자봉수석,,G2,소매,G221,기타 상품 소매,G22199,그 외 기타 상품 전문 소매업,G47859,그 외 기타 분류 안된 상품 전문 소매업,48,경상남도,48129,창원시 진해구,48129620,풍호동,4812914500,장천동,4812914500104410001,1,대지,441,1,경상남도 창원시 진해구 장천동 441-1,481294793579,경상남도 창원시 진해구 충장로671번길,5,,4812914500104410001023540,,경상남도 창원시 진해구 충장로671번길 5,645320,51628,,,,128.704475960103,35.1298981622759
MA010120220806743089,케이에스소방,,G2,소매,G221,기타 상품 소매,G22199,그 외 기타 상품 전문 소매업,G47859,그 외 기타 분류 안된 상품 전문 소매업,30,대전광역시,30110,동구,30110695,삼성동,3011011800,삼성동,3011011800103710024,1,대지,371,24,대전광역시 동구 삼성동 371-24,301104292578,대전광역시 동구 현암로10번길,12,,3011011800103710024011331,,대전광역시 동구 현암로10번길 12,300816,34563,,2,,127.421781115047,36.3431687630052
MA010120220806764553,명품,,G2,소매,G221,기타 상품 소매,G22199,그 외 기타 상품 전문 소매업,G47859,그 외 기타 분류 안된 상품 전문 소매업,46,전라남도,46150,순천시,46150620,중앙동,4615012000,남내동,4615012000101250001,1,대지,125,1,전라남도 순천시 남내동 125-1,461503283038,전라남도 순천시 중앙로,104,,4615012000101250001000001,,전라남도 순천시 중앙로 104,540210,57942,,,,127.484000701593,34.9548057046159
MA010120220806751777,한길소방,,G2,소매,G221,기타 상품 소매,G22199,그 외 기타 상품 전문 소매업,G47859,그 외 기타 분류 안된 상품 전문 소매업,46,전라남도,46710,담양군,46710250,담양읍,4671025025,담양읍,4671025025102510003,1,대지,251,3,전라남도 담양군 담양읍 백동리 251-3,467104658139,전라남도 담양군 담양읍 미리산길,31,73,4671025025102510003002768,,전라남도 담양군 담양읍 미리산길 31-73,517806,57347,,,,126.982318117456,35.3117892886932
MA010120220806727646,지원에너지,,G2,소매,G221,기타 상품 소매,G22199,그 외 기타 상품 전문 소매업,G47859,그 외 기타 분류 안된 상품 전문 소매업,44,충청남도,44131,천안시 동남구,44131350,수신면,4413135022,수신면,4413135022101250003,1,대지,125,3,충청남도 천안시 동남구 수신면 신풍리 125-3,441313249001,충청남도 천안시 동남구 수신면 5산단로,144,5,4413135022101250003000001,,충청남도 천안시 동남구 수신면 5산단로 144-5,330882,31251,,,,127.271573639338,36.7409751242272
MA010120220806733231,제이제이산업,,G2,소매,G221,기타 상품 소매,G22199,그 외 기타 상품 전문 소매업,G47859,그 외 기타 분류 안된 상품 전문 소매업,44,충청남도,44230,논산시,44230253,연무읍,4423025331,연무읍,4423025331111260122,1,대지,1126,122,충청남도 논산시 연무읍 안심리 1126-122,442304565255,충청남도 논산시 연무읍 동안로849번길,30,,4423025331111260122000001,,충청남도 논산시 연무읍 동안로849번길 30,320838,33009,,1,,127.099069982782,36.1373626960313
MA010120220806786828,엔피아이,코리아,G2,소매,G221,기타 상품 소매,G22199,그 외 기타 상품 전문 소매업,G47859,그 외 기타 분류 안된 상품 전문 소매업,41,경기도,41590,화성시,41590590,동탄5동,4159013100,영천동,4159013100108360002,1,대지,836,2,경기도 화성시 영천동 836-2,415903012058,경기도 화성시 동탄기흥로,594,7,4159013100101510006000001,루체스타비즈,경기도 화성시 동탄기흥로 594-7,445130,18469,,8,,127.094691224163,37.2135062151786
MA010120220806792050,혜성농자재,,G2,소매,G221,기타 상품 소매,G22199,그 외 기타 상품 전문 소매업,G47859,그 외 기타 분류 안된 상품 전문 소매업,47,경상북도,47230,영천시,47230310,청통면,4723031029,청통면,4723031029101770000,1,대지,177,,경상북도 영천시 청통면 신학리 177,472303310024,경상북도 영천시 청통면 청통로,588,,4723031029101770000055306,,경상북도 영천시 청통면 청통로 588,770894,38869,,,,128.830217816782,35.994212966417
MA010120220806765218,정우에너텍유한책임회사석남동지점,,G2,소매,G221,기타 상품 소매,G22199,그 외 기타 상품 전문 소매업,G47859,그 외 기타 분류 안된 상품 전문 소매업,28,인천광역시,28260,서구,28260560,석남2동,2826011000,석남동,2826011000102230883,1,대지,223,883,인천광역시 서구 석남동 223-883,282602000013,인천광역시 서구 봉수대로,325,4,2826011000102230883000001,,인천광역시 서구 봉수대로 325-4,404825,22771,,,,126.660890679831,37.5048460957699
MA010120220806781717,홍조,,G2,소매,G221,기타 상품 소매,G22199,그 외 기타 상품 전문 소매업,G47859,그 외 기타 분류 안된 상품 전문 소매업,48,경상남도,48840,남해군,48840310,이동면,4884031023,이동면,4884031023110310003,1,대지,1031,3,경상남도 남해군 이동면 석평리 1031-3,488403343050,경상남도 남해군 이동면 석평로,147,,4884031023110310003037672,,경상남도 남해군 이동면 석평로 147,668812,52431,,,,127.939345761387,34.8006101621579
MA010120220806800615,금산인삼사,,G2,소매,G221,기타 상품 소매,G22199,그 외 기타 상품 전문 소매업,G47859,그 외 기타 분류 안된 상품 전문 소매업,26,부산광역시,26320,북구,26320510,구포1동,2632010500,구포동,2632010500105960016,1,대지,596,16,부산광역시 북구 구포동 596-16,263204196098,부산광역시 북구 낙동대로1776번길,31,,2632010500105960016003604,,부산광역시 북구 낙동대로1776번길 31,616801,46581,,1,,129.00455023841,35.2084652398239
MA010120220806782030,월드프라자,,G2,소매,G221,기타 상품 소매,G22199,그 외 기타 상품 전문 소매업,G47859,그 외 기타 분류 안된 상품 전문 소매업,52,전북특별자치도,52130,군산시,52130710,소룡동,5213014600,소룡동,5213014600115550009,1,대지,1555,9,전북특별자치도 군산시 소룡동 1555-9,521303268008,전북특별자치도 군산시 공항로,119,,4513014600115550009025482,,전북특별자치도 군산시 공항로 119,573882,54012,,,,126.676585177418,35.9737018346953
MA010120220806771364,송화인삼,,G2,소매,G221,기타 상품 소매,G22199,그 외 기타 상품 전문 소매업,G47859,그 외 기타 분류 안된 상품 전문 소매업,11,서울특별시,11230,동대문구,11230545,제기동,1123010300,제기동,1123010300110190000,1,대지,1019,,서울특별시 동대문구 제기동 1019,112304115033,서울특별시 동대문구 고산자로36길,3,,1123010300110190000034389,경동시장,서울특별시 동대문구 고산자로36길 3,130865,02571,,2,,127.039147690267,37.5790371332837
MA010120220806787703,쌍둥이네인삼,,G2,소매,G221,기타 상품 소매,G22199,그 외 기타 상품 전문 소매업,G47859,그 외 기타 분류 안된 상품 전문 소매업,44,충청남도,44710,금산군,44710250,금산읍,4471025022,금산읍,4471025022100180006,1,대지,18,6,충청남도 금산군 금산읍 중도리 18-6,447104571410,충청남도 금산군 금산읍 약초1길,21,4,4471025022100180006017759,,충청남도 금산군 금산읍 약초1길 21-4,312806,32739,,,,127.497257772424,36.1001700371881
MA010120220806782564,대선불교용품,,G2,소매,G221,기타 상품 소매,G22199,그 외 기타 상품 전문 소매업,G47859,그 외 기타 분류 안된 상품 전문 소매업,26,부산광역시,26710,기장군,26710250,기장읍,2671025026,기장읍,2671025026100970014,1,대지,97,14,부산광역시 기장군 기장읍 대라리 97-14,267103140050,부산광역시 기장군 기장읍 차성남로,83,,2671025026100970014005586,일부,부산광역시 기장군 기장읍 차성남로 83,619903,46065,,1,,129.217240055486,35.241206087111
MA010120220806787776,빅케이스,,G2,소매,G221,기타 상품 소매,G22199,그 외 기타 상품 전문 소매업,G47859,그 외 기타 분류 안된 상품 전문 소매업,26,부산광역시,26110,중구,26110580,남포동,2611013600,남포동1가,2611013600100110000,1,대지,11,,부산광역시 중구 남포동1가 11,261103006005,부산광역시 중구 구덕로,12,,2611013600100110000000001,도시철도남포역,부산광역시 중구 구덕로 12,600041,48954,,,,129.03459106105,35.0978683235965
MA010120220806804206,부농농자재,,G2,소매,G221,기타 상품 소매,G22199,그 외 기타 상품 전문 소매업,G47859,그 외 기타 분류 안된 상품 전문 소매업,46,전라남도,46810,강진군,46810250,강진읍,4681025021,강진읍,4681025021100710003,1,대지,71,3,전라남도 강진군 강진읍 동성리 71-3,468103017036,전라남도 강진군 강진읍 청자로,10,,4681025021100710003609012,,전라남도 강진군 강진읍 청자로 10,527803,59240,,,,126.77708989404,34.6391611343957
MA010120220806805645,밤프,,G2,소매,G221,기타 상품 소매,G22199,그 외 기타 상품 전문 소매업,G47859,그 외 기타 분류 안된 상품 전문 소매업,51,강원특별자치도,51110,춘천시,51110390,동내면,5111039025,동내면,5111039025103720001,1,대지,372,1,강원특별자치도 춘천시 동내면 학곡리 372-1,511102218001,강원특별자치도 춘천시 동내면 순환대로,618,,4211039025103720001000001,,강원특별자치도 춘천시 동내면 순환대로 618,200882,24408,,,,127.760419227935,37.8387089887838
MA010120220806777420,꿈공장,,G2,소매,G221,기타 상품 소매,G22199,그 외 기타 상품 전문 소매업,G47859,그 외 기타 분류 안된 상품 전문 소매업,11,서울특별시,11230,동대문구,11230536,용신동,1123010100,신설동,1123010100101090005,1,대지,109,5,서울특별시 동대문구 신설동 109-5,112304115545,서울특별시 동대문구 천호대로4길,21,,1123010100101090005000001,서울풍물시장,서울특별시 동대문구 천호대로4길 21,130813,02586,,,,127.025503840736,37.5727068781748
MA010120220806793275,한일인삼,,G2,소매,G221,기타 상품 소매,G22199,그 외 기타 상품 전문 소매업,G47859,그 외 기타 분류 안된 상품 전문 소매업,11,서울특별시,11230,동대문구,11230545,제기동,1123010300,제기동,1123010300109850001,1,대지,985,1,서울특별시 동대문구 제기동 985-1,112303105007,서울특별시 동대문구 약령중앙로,32,,1123010300109850001031650,,서울특별시 동대문구 약령중앙로 32,130864,02570,,1,,127.037258176999,37.5812001299478
MA010120220806772109,다래모,,G2,소매,G221,기타 상품 소매,G22199,그 외 기타 상품 전문 소매업,G47422,의복 액세서리 및 모조 장신구 소매업,52,전북특별자치도,52111,전주시 완산구,52111680,서신동,5211112900,서신동,5211112900109460012,1,대지,946,12,전북특별자치도 전주시 완산구 서신동 946-12,521114598023,전북특별자치도 전주시 완산구 고사평1길,8,4,4511112900109460012000001,,전북특별자치도 전주시 완산구 고사평1길 8-4,560822,54943,,,,127.108864233725,35.8350708475848
MA010120220806777611,좋은친구들,3호점,G2,소매,G221,기타 상품 소매,G22199,그 외 기타 상품 전문 소매업,G47859,그 외 기타 분류 안된 상품 전문 소매업,48,경상남도,48880,거창군,48880250,거창읍,4888025024,거창읍,4888025024110050016,1,대지,1005,16,경상남도 거창군 거창읍 대평리 1005-16,488803347013,경상남도 거창군 거창읍 강남로,216,,4888025024110050016022905,,경상남도 거창군 거창읍 강남로 216,670804,50145,,,,127.920704179831,35.6860713499805
MA010120220806798915,우림소방,,G2,소매,G221,기타 상품 소매,G22199,그 외 기타 상품 전문 소매업,G47859,그 외 기타 분류 안된 상품 전문 소매업,50,제주특별자치도,50130,서귀포시,50130550,효돈동,5013010900,신효동,5013010900100920000,1,대지,92,,제주특별자치도 서귀포시 신효동 92,501303350334,제주특별자치도 서귀포시 효돈순환로,83,,5013010900100920000000001,,제주특별자치도 서귀포시 효돈순환로 83,697855,63605,,,,126.619752150913,33.2671745868246
MA010120220806778120,아토즈캠핑,일산점,G2,소매,G221,기타 상품 소매,G22199,그 외 기타 상품 전문 소매업,G47631,운동 및 경기용품 소매업,41,경기도,41287,고양시 일산서구,41287600,덕이동,4128710500,덕이동,4128710500102630019,1,대지,263,19,경기도 고양시 일산서구 덕이동 263-19,412873194033,경기도 고양시 일산서구 탄중로,111,,4128710500102630019003847,덕이동양우로데오메인타운,경기도 고양시 일산서구 탄중로 111,411808,10233,,2,,126.757577720809,37.6930664102467
MA010120220806815909,딩동,,G2,소매,G221,기타 상품 소매,G22199,그 외 기타 상품 전문 소매업,G47859,그 외 기타 분류 안된 상품 전문 소매업,26,부산광역시,26110,중구,26110570,광복동,2611013200,창선동2가,2611013200100450001,1,대지,45,1,부산광역시 중구 창선동2가 45-1,261103125001,부산광역시 중구 광복로,32,,2611013200100450001001580,,부산광역시 중구 광복로 32,600819,48953,,,,129.028452001347,35.0992508973599
MA010120220806843456,당진불교용품,,G2,소매,G221,기타 상품 소매,G22199,그 외 기타 상품 전문 소매업,G47859,그 외 기타 분류 안된 상품 전문 소매업,44,충청남도,44270,당진시,44270510,당진1동,4427010100,읍내동,4427010100102600006,1,대지,260,6,충청남도 당진시 읍내동 260-6,442703265016,충청남도 당진시 당진중앙2로,211,50,4483025021102600006087481,대금,충청남도 당진시 당진중앙2로 211-50,343921,31770,,,,126.635479633036,36.8978072948692
MA010120220806810888,채영약초인삼사,,G2,소매,G221,기타 상품 소매,G22199,그 외 기타 상품 전문 소매업,G47859,그 외 기타 분류 안된 상품 전문 소매업,44,충청남도,44710,금산군,44710250,금산읍,4471025022,금산읍,4471025022100070001,1,대지,7,1,충청남도 금산군 금산읍 중도리 7-1,447103257042,충청남도 금산군 금산읍 인삼광장로,47,,4471025022100070001020661,,충청남도 금산군 금산읍 인삼광장로 47,312806,32739,,1,,127.498954158378,36.1015057852482
MA010120220806819384,수석겔러리,,G2,소매,G221,기타 상품 소매,G22199,그 외 기타 상품 전문 소매업,G47859,그 외 기타 분류 안된 상품 전문 소매업,41,경기도,41670,여주시,41670520,중앙동,4167010800,교동,4167010800100840006,1,대지,84,6,경기도 여주시 교동 84-6,416703214032,경기도 여주시 세종로,246,,4173025028100840006056466,,경기도 여주시 세종로 246,469108,12652,,2,,127.637147938219,37.2763622308517
MA010120220806830389,남양농장,,G2,소매,G221,기타 상품 소매,G22199,그 외 기타 상품 전문 소매업,G47859,그 외 기타 분류 안된 상품 전문 소매업,52,전북특별자치도,52180,정읍시,52180430,산내면,5218043022,산내면,5218043022103490001,1,대지,349,1,전북특별자치도 정읍시 산내면 장금리 349-1,521804610379,전북특별자치도 정읍시 산내면 사승1길,29,,4518043022103490001071386,,전북특별자치도 정읍시 산내면 사승1길 29,580892,56125,,,,127.063563264745,35.5567161922399
MA010120220806816594,여명불교사,,G2,소매,G221,기타 상품 소매,G22199,그 외 기타 상품 전문 소매업,G47859,그 외 기타 분류 안된 상품 전문 소매업,27,대구광역시,27140,동구,27140620,불로.봉무동,2714010600,불로동,2714010600106140001,1,대지,614,1,대구광역시 동구 불로동 614-1,271403000048,대구광역시 동구 팔공로,115,,2714010600106140001038443,,대구광역시 동구 팔공로 115,701807,41038,,,,128.640740734734,35.9092033229597
MA010120220806849575,현진안전,,G2,소매,G221,기타 상품 소매,G22199,그 외 기타 상품 전문 소매업,G47859,그 외 기타 분류 안된 상품 전문 소매업,52,전북특별자치도,52113,전주시 덕진구,52113600,팔복동,5211313300,팔복동4가,5211313300101260012,1,대지,126,12,전북특별자치도 전주시 덕진구 팔복동4가 126-12,521133267070,전북특별자치도 전주시 덕진구 팔과정로,219,17,4511313300101260049024128,,전북특별자치도 전주시 덕진구 팔과정로 219-17,561204,54849,,,,127.096340551941,35.866841793615
MA010120220806833528,수입브랜드할인매장,,G2,소매,G221,기타 상품 소매,G22199,그 외 기타 상품 전문 소매업,G47859,그 외 기타 분류 안된 상품 전문 소매업,30,대전광역시,30200,유성구,30200540,온천2동,3020011700,장대동,3020011700103370002,1,대지,337,2,대전광역시 유성구 장대동 337-2,302002167001,대전광역시 유성구 유성대로,791,,3020011700103370002010721,삐아네따빌딩,대전광역시 유성구 유성대로 791,305308,34165,,,,127.336805751342,36.3627957194344
MA010120220806814627,양키캔들,화성향남점,G2,소매,G221,기타 상품 소매,G22199,그 외 기타 상품 전문 소매업,G47813,"화장품, 비누 및 방향제 소매업",41,경기도,41590,화성시,41590259,향남읍,4159025926,향남읍,4159025926114700002,1,대지,1470,2,경기도 화성시 향남읍 하길리 1470-2,415904848211,경기도 화성시 향남읍 상신하길로298번길,7,21,4159025926114700002000001,케이티시네마원,경기도 화성시 향남읍 상신하길로298번길 7-21,445938,18611,,1,,126.912474800265,37.1151613463961
MA010120220806814911,하나방재,,G2,소매,G221,기타 상품 소매,G22199,그 외 기타 상품 전문 소매업,G47859,그 외 기타 분류 안된 상품 전문 소매업,41,경기도,41480,파주시,41480520,금촌2동,4148010100,금촌동,4148010100109860005,1,대지,986,5,경기도 파주시 금촌동 986-5,414803206160,경기도 파주시 금빛로,15,,4148010100109860005008251,미라클프라자,경기도 파주시 금빛로 15,413826,10915,,,,126.766636869805,37.7509359850536
MA010120220806842371,한진가락,대리점,G2,소매,G221,기타 상품 소매,G22199,그 외 기타 상품 전문 소매업,G47859,그 외 기타 분류 안된 상품 전문 소매업,41,경기도,41450,하남시,41450590,춘궁동,4145012000,상사창동,4145012000103170001,1,대지,317,1,경기도 하남시 상사창동 317-1,414504406237,경기도 하남시 춘궁로207번길,5,,4145012000103170001006347,,경기도 하남시 춘궁로207번길 5,465060,13021,,,,127.192816372669,37.5038780299481
MA010120220806828973,흥해수석,,G2,소매,G221,기타 상품 소매,G22199,그 외 기타 상품 전문 소매업,G47859,그 외 기타 분류 안된 상품 전문 소매업,47,경상북도,47113,포항시 북구,47113250,흥해읍,4711325023,흥해읍,4711325023101270004,1,대지,127,4,경상북도 포항시 북구 흥해읍 마산리 127-4,471132000023,경상북도 포항시 북구 흥해읍 동해대로,1562,,4711325023101270004012779,,경상북도 포항시 북구 흥해읍 동해대로 1562,791946,37543,,,,129.341942606429,36.1113600800082
MA010120220806821145,조선불교,,G2,소매,G221,기타 상품 소매,G22199,그 외 기타 상품 전문 소매업,G47859,그 외 기타 분류 안된 상품 전문 소매업,51,강원특별자치도,51130,원주시,51130660,무실동,5113011500,무실동,5113011500109580000,1,대지,958,,강원특별자치도 원주시 무실동 958,511303219073,강원특별자치도 원주시 북원로,1847,,4213011500109580000000001,,강원특별자치도 원주시 북원로 1847,220150,26396,,,,127.915601244743,37.313783810533
MA010120220806840183,미미유통,,G2,소매,G221,기타 상품 소매,G22199,그 외 기타 상품 전문 소매업,G47859,그 외 기타 분류 안된 상품 전문 소매업,11,서울특별시,11620,관악구,11620695,신림동,1162010200,신림동,1162010200114160032,1,대지,1416,32,서울특별시 관악구 신림동 1416-32,116203005083,서울특별시 관악구 봉천로,272,,1162010200114160032012670,,서울특별시 관악구 봉천로 272,151890,08753,,1,,126.931139736798,37.4876800736987
MA010120220806840209,디에이치그린텍,,G2,소매,G221,기타 상품 소매,G22199,그 외 기타 상품 전문 소매업,G47859,그 외 기타 분류 안된 상품 전문 소매업,29,광주광역시,29140,서구,29140800,서창동,2914013200,매월동,2914013200109480000,1,대지,948,,광주광역시 서구 매월동 948,291403160009,광주광역시 서구 매월2로,53,,2914013200109460000024501,광주산업용재유통센터,광주광역시 서구 매월2로 53,502795,62074,,,,126.860287964665,35.1162249385525
MA010120220806842938,천하가발,,G2,소매,G221,기타 상품 소매,G22199,그 외 기타 상품 전문 소매업,G47422,의복 액세서리 및 모조 장신구 소매업,11,서울특별시,11560,영등포구,11560515,영등포본동,1156010100,영등포동,1156010100104230111,1,대지,423,111,서울특별시 영등포구 영등포동 423-111,115603000028,서울특별시 영등포구 경인로,830,1,1156010100104230035035864,,서울특별시 영등포구 경인로 830-1,150300,07306,,,,126.905222334156,37.5157284480046
MA010120220806826552,양지소방전기,,G2,소매,G221,기타 상품 소매,G22199,그 외 기타 상품 전문 소매업,G47859,그 외 기타 분류 안된 상품 전문 소매업,47,경상북도,47830,고령군,47830340,다산면,4783034034,다산면,4783034034101510002,1,대지,151,2,경상북도 고령군 다산면 상곡리 151-2,478304760137,경상북도 고령군 다산면 상곡3길,5,,4783034034101510002008494,,경상북도 고령군 다산면 상곡3길 5,717873,40108,,,,128.449736167182,35.8245014036543
MA010120220806880871,늘푸른상사,,G2,소매,G221,기타 상품 소매,G22199,그 외 기타 상품 전문 소매업,G47859,그 외 기타 분류 안된 상품 전문 소매업,46,전라남도,46770,고흥군,46770410,대서면,4677041024,대서면,4677041024111310002,1,대지,1131,2,전라남도 고흥군 대서면 화산리 1131-2,467703289037,전라남도 고흥군 대서면 봉두로,572,,4677041024111310002048910,,전라남도 고흥군 대서면 봉두로 572,548863,59507,,,,127.285872567488,34.7720077567044
MA010120220806853861,이엠로하스,,G2,소매,G221,기타 상품 소매,G22199,그 외 기타 상품 전문 소매업,G47859,그 외 기타 분류 안된 상품 전문 소매업,47,경상북도,47850,칠곡군,47850360,약목면,4785036030,약목면,4785036030101140000,1,대지,114,,경상북도 칠곡군 약목면 남계리 114,478504766132,경상북도 칠곡군 약목면 남계2길,28,,4785036030101140000027280,,경상북도 칠곡군 약목면 남계2길 28,718811,39827,,,,128.365518228053,36.0307280147802
MA010120220806853901,메리팡,,G2,소매,G221,기타 상품 소매,G22199,그 외 기타 상품 전문 소매업,G47859,그 외 기타 분류 안된 상품 전문 소매업,48,경상남도,48123,창원시 성산구,48123520,중앙동,4812312500,중앙동,4812312500100570013,1,대지,57,13,경상남도 창원시 성산구 중앙동 57-13,481233327038,경상남도 창원시 성산구 용지로,75,,4812312500100570013001359,,경상남도 창원시 성산구 용지로 75,642844,51520,,1,,128.676011384922,35.2230584781615
MA010120220806867463,유림국기상패사완주점,,G2,소매,G221,기타 상품 소매,G22199,그 외 기타 상품 전문 소매업,G47859,그 외 기타 분류 안된 상품 전문 소매업,52,전북특별자치도,52710,완주군,52710330,이서면,5271033028,이서면,5271033028107510013,1,대지,751,13,전북특별자치도 완주군 이서면 은교리 751-13,527104619297,전북특별자치도 완주군 이서면 원은교길,15,,4571033028107510013015245,,전북특별자치도 완주군 이서면 원은교길 15,565853,55367,,,,127.003341835907,35.8188073038472
MA010120220806851662,진풍삼,,G2,소매,G221,기타 상품 소매,G22199,그 외 기타 상품 전문 소매업,G47859,그 외 기타 분류 안된 상품 전문 소매업,47,경상북도,47210,영주시,47210250,풍기읍,4721025023,풍기읍,4721025023104790000,1,대지,479,,경상북도 영주시 풍기읍 산법리 479,472103309083,경상북도 영주시 풍기읍 소백로,2165,,4721025023104790000000001,,경상북도 영주시 풍기읍 소백로 2165,750802,36040,,,,128.540106413458,36.889627904147
MA010120220806856917,양키캔들이마트,파주운정점,G2,소매,G221,기타 상품 소매,G22199,그 외 기타 상품 전문 소매업,G47813,"화장품, 비누 및 방향제 소매업",41,경기도,41480,파주시,41480570,운정3동,4148011300,동패동,4148011300117630000,1,대지,1763,,경기도 파주시 동패동 1763,414803206100,경기도 파주시 한울로,123,,4148011300100580000000001,양키캔들이마트,경기도 파주시 한울로 123,413100,10905,,1,,126.745103078255,37.7103928454146
MA010120220806863113,다들안전,,G2,소매,G221,기타 상품 소매,G22199,그 외 기타 상품 전문 소매업,G47859,그 외 기타 분류 안된 상품 전문 소매업,41,경기도,41590,화성시,41590320,비봉면,4159032027,비봉면,4159032027102910009,1,대지,291,9,경기도 화성시 비봉면 청요리 291-9,415903210103,경기도 화성시 비봉면 주석로,719,,4159032027102910009000001,,경기도 화성시 비봉면 주석로 719,445843,18525,,1,,126.89885039226,37.1988227617708
MA010120220806863444,호성퇴비,,G2,소매,G221,기타 상품 소매,G22199,그 외 기타 상품 전문 소매업,G47859,그 외 기타 분류 안된 상품 전문 소매업,52,전북특별자치도,52113,전주시 덕진구,52113550,인후2동,5211310400,인후동2가,5211310400102150005,1,대지,215,5,전북특별자치도 전주시 덕진구 인후동2가 215-5,521134601149,전북특별자치도 전주시 덕진구 모래내7길,11,,4511310400102150005000001,,전북특별자치도 전주시 덕진구 모래내7길 11,561833,54926,,,,127.144590334741,35.8344203211496
MA010120220806889524,성인용품,,G2,소매,G221,기타 상품 소매,G22199,그 외 기타 상품 전문 소매업,G47859,그 외 기타 분류 안된 상품 전문 소매업,11,서울특별시,11530,구로구,11530530,구로2동,1153010200,구로동,1153010200107060057,1,대지,706,57,서울특별시 구로구 구로동 706-57,115304148213,서울특별시 구로구 구로동로25길,25,1,1153010200107060057023839,,서울특별시 구로구 구로동로25길 25-1,152871,08310,,1,,126.88268443156,37.4904800685469
MA010120220806879926,도깨비불교사,,G2,소매,G221,기타 상품 소매,G22199,그 외 기타 상품 전문 소매업,G47859,그 외 기타 분류 안된 상품 전문 소매업,27,대구광역시,27140,동구,27140760,공산동,2714013300,진인동,2714013300101230059,1,대지,123,59,대구광역시 동구 진인동 123-59,271403142001,대구광역시 동구 갓바위로,243,5,2714013300101230059017810,,대구광역시 동구 갓바위로 243-5,701420,41008,,,,128.727017011181,35.9707918221264
MA010120220806858312,이마라,양산지점,G2,소매,G221,기타 상품 소매,G22199,그 외 기타 상품 전문 소매업,G47859,그 외 기타 분류 안된 상품 전문 소매업,48,경상남도,48330,양산시,48330570,덕계동,4833012100,매곡동,4833012100103010000,1,대지,301,,경상남도 양산시 매곡동 301,483304814204,경상남도 양산시 매곡4길,35,,4833012100103070001004869,,경상남도 양산시 매곡4길 35,626841,50540,,,,129.171084746757,35.3694978341963
MA010120220806866611,깨비초재,,G2,소매,G221,기타 상품 소매,G22199,그 외 기타 상품 전문 소매업,G47859,그 외 기타 분류 안된 상품 전문 소매업,26,부산광역시,26260,동래구,26260510,수민동,2626010600,수안동,2626010600104690001,1,대지,469,1,부산광역시 동래구 수안동 469-1,262604190103,부산광역시 동래구 명륜로112번길,36,,2626010600104690001016243,,부산광역시 동래구 명륜로112번길 36,607824,47814,,1,,129.084764760991,35.2031360479898
MA010120220806556573,그린팜,,G2,소매,G221,기타 상품 소매,G22199,그 외 기타 상품 전문 소매업,G47859,그 외 기타 분류 안된 상품 전문 소매업,52,전북특별자치도,52140,익산시,52140530,평화동,5214011700,목천동,5214011700104110007,1,대지,411,7,전북특별자치도 익산시 목천동 411-7,521403269012,전북특별자치도 익산시 목천로,20,,4514011700104110007093219,,전북특별자치도 익산시 목천로 20,570010,54672,,,,126.932228474742,35.9160605392505
MA010120220806554057,법인혜성농산,,G2,소매,G221,기타 상품 소매,G22199,그 외 기타 상품 전문 소매업,G47859,그 외 기타 분류 안된 상품 전문 소매업,44,충청남도,44270,당진시,44270350,면천면,4427035021,면천면,4427035021100990002,1,대지,99,2,충청남도 당진시 면천면 성상리 99-2,442704595151,충청남도 당진시 면천면 대촌2길,11,,4427035021100990002000001,,충청남도 당진시 면천면 대촌2길 11,343884,31805,,,,126.682742237288,36.8121581204477
MA010120220806570089,라라코퍼레이션,,G2,소매,G221,기타 상품 소매,G22199,그 외 기타 상품 전문 소매업,G47859,그 외 기타 분류 안된 상품 전문 소매업,43,충청북도,43730,옥천군,43730380,군북면,4373038023,군북면,4373038023104010002,1,대지,401,2,충청북도 옥천군 군북면 증약리 401-2,437303242014,충청북도 옥천군 군북면 비야대정로,390,,4373038023104010002000001,,충청북도 옥천군 군북면 비야대정로 390,373851,29001,,,,127.527370724555,36.3613856271571
MA010120220806559661,페이시M,,G2,소매,G221,기타 상품 소매,G22199,그 외 기타 상품 전문 소매업,G47859,그 외 기타 분류 안된 상품 전문 소매업,28,인천광역시,28237,부평구,28237550,부평5동,2823710100,부평동,2823710100101260010,1,대지,126,10,인천광역시 부평구 부평동 126-10,282373154004,인천광역시 부평구 광장로,30,,2823710100102240001400283,대아상가,인천광역시 부평구 광장로 30,403817,21404,,,,126.724481087861,37.4904783404358
MA010120220806592273,다온다움,,G2,소매,G221,기타 상품 소매,G22199,그 외 기타 상품 전문 소매업,G47859,그 외 기타 분류 안된 상품 전문 소매업,26,부산광역시,26350,해운대구,26350530,중1동,2635010600,중동,2635010600113940286,1,대지,1394,286,부산광역시 해운대구 중동 1394-286,263503133043,부산광역시 해운대구 해운대해변로,291,,2635010600113940286022032,크리스탈비치오피스텔,부산광역시 해운대구 해운대해변로 291,612727,48095,,4,,129.162469906932,35.16073480598
MA010120220806586466,천태불교마트,,G2,소매,G221,기타 상품 소매,G22199,그 외 기타 상품 전문 소매업,G47859,그 외 기타 분류 안된 상품 전문 소매업,28,인천광역시,28260,서구,28260580,가좌1동,2826011200,가좌동,2826011200101140002,1,대지,114,2,인천광역시 서구 가좌동 114-2,282604268026,인천광역시 서구 가정로152번길,6,1,2826011200101140002018740,,인천광역시 서구 가정로152번길 6-1,404251,22833,,1,,126.672591870992,37.4980585217314
MA010120220806590742,이서농원,,G2,소매,G221,기타 상품 소매,G22199,그 외 기타 상품 전문 소매업,G47859,그 외 기타 분류 안된 상품 전문 소매업,43,충청북도,43113,청주시 흥덕구,43113756,봉명2.송정동,4311311500,봉명동,4311311500128600000,1,대지,2860,,충청북도 청주시 흥덕구 봉명동 2860,431134511374,충청북도 청주시 흥덕구 백봉로197번길,7,,4311311500128600000014615,,충청북도 청주시 흥덕구 백봉로197번길 7,361856,28463,,4,,127.457265200703,36.6497357704271
MA010120220806568438,넥스트신소재,,G2,소매,G221,기타 상품 소매,G22199,그 외 기타 상품 전문 소매업,G47859,그 외 기타 분류 안된 상품 전문 소매업,47,경상북도,47190,구미시,47190660,임오동,4719011800,오태동,4719011800107630007,1,대지,763,7,경상북도 구미시 오태동 763-7,471904724107,경상북도 구미시 금오대로24길,40,,4719011800107630007000001,,경상북도 구미시 금오대로24길 40,730142,39363,,,,128.354313922039,36.0709381649483
MA010120220806565829,국산생약초,,G2,소매,G221,기타 상품 소매,G22199,그 외 기타 상품 전문 소매업,G47859,그 외 기타 분류 안된 상품 전문 소매업,41,경기도,41196,부천시 오정구,41196530,원종2동,4119610400,원종동,4119610400102110002,1,대지,211,2,경기도 부천시 오정구 원종동 211-2,411963186012,경기도 부천시 오정구 원종로,21,,4119910400102110002023905,,경기도 부천시 오정구 원종로 21,421821,14430,,1,,126.802368791243,37.5241786709391
MA010120220806552714,흙사랑,,G2,소매,G221,기타 상품 소매,G22199,그 외 기타 상품 전문 소매업,G47859,그 외 기타 분류 안된 상품 전문 소매업,47,경상북도,47730,의성군,47730370,금성면,4773037037,금성면,4773037037100070005,1,대지,7,5,경상북도 의성군 금성면 대리리 7-5,477304745501,경상북도 의성군 금성면 탑리1길,7,4,4773037037100070005058155,,경상북도 의성군 금성면 탑리1길 7-4,769852,37356,,,,128.684100869251,36.2529317069912
MA010120220806555382,위그스투디오,,G2,소매,G221,기타 상품 소매,G22199,그 외 기타 상품 전문 소매업,G47422,의복 액세서리 및 모조 장신구 소매업,48,경상남도,48170,진주시,48170678,하대동,4817012000,하대동,4817012000103450024,1,대지,345,24,경상남도 진주시 하대동 345-24,481703332016,경상남도 진주시 도동로,223,,4817012000103450024009463,,경상남도 진주시 도동로 223,660997,52771,,3,,128.121879647082,35.1902031241119
MA010120220806555935,케이제이바이오,,G2,소매,G221,기타 상품 소매,G22199,그 외 기타 상품 전문 소매업,G47859,그 외 기타 분류 안된 상품 전문 소매업,48,경상남도,48850,하동군,48850370,진교면,4885037025,진교면,4885037025100620000,1,대지,62,,경상남도 하동군 진교면 양포리 62,488504832133,경상남도 하동군 진교면 들포길,260,,4885037025100620000000001,,경상남도 하동군 진교면 들포길 260,667911,52349,,,,127.910511434451,35.0030941416382
MA010120220806566263,용호불교,,G2,소매,G221,기타 상품 소매,G22199,그 외 기타 상품 전문 소매업,G47859,그 외 기타 분류 안된 상품 전문 소매업,43,충청북도,43111,청주시 상당구,43111545,성안동,4311110500,남문로1가,4311110500101370001,1,대지,137,1,충청북도 청주시 상당구 남문로1가 137-1,431113236027,충청북도 청주시 상당구 상당로,11,,4311110500101370001049730,,충청북도 청주시 상당구 상당로 11,360041,28531,,3,,127.491032182078,36.6293259917895
MA010120220806558741,정원그린,,G2,소매,G221,기타 상품 소매,G22199,그 외 기타 상품 전문 소매업,G47859,그 외 기타 분류 안된 상품 전문 소매업,27,대구광역시,27200,남구,27200586,대명3동,2720010300,대명동,2720010300122370037,1,대지,2237,37,대구광역시 남구 대명동 2237-37,272003144009,대구광역시 남구 양지로,79,,2720010300122370037011893,,대구광역시 남구 양지로 79,705822,42407,,1,,128.578037636683,35.851316376742
MA010120220806561882,하나안전시스템,,G2,소매,G221,기타 상품 소매,G22199,그 외 기타 상품 전문 소매업,G47859,그 외 기타 분류 안된 상품 전문 소매업,29,광주광역시,29140,서구,29140590,양3동,2914010400,양동,2914010400104380038,1,대지,438,38,광주광역시 서구 양동 438-38,291404280401,광주광역시 서구 천변좌로130번길,3,,2914010400104380038007024,,광주광역시 서구 천변좌로130번길 3,502826,61918,,1,,126.893129611583,35.1597941444088
MA010120220806580053,동명이앤지,,G2,소매,G221,기타 상품 소매,G22199,그 외 기타 상품 전문 소매업,G47859,그 외 기타 분류 안된 상품 전문 소매업,28,인천광역시,28185,연수구,28185630,옥련1동,2818510100,옥련동,2818510100104300002,1,대지,430,2,인천광역시 연수구 옥련동 430-2,281854256218,인천광역시 연수구 청량로185번길,31,,2818510100104300002103158,SM프라자,인천광역시 연수구 청량로185번길 31,406835,21952,,,,126.651092517127,37.4230061027728
MA010120220806622342,성인용품,,G2,소매,G221,기타 상품 소매,G22199,그 외 기타 상품 전문 소매업,G47859,그 외 기타 분류 안된 상품 전문 소매업,43,충청북도,43760,괴산군,43760250,괴산읍,4376025021,괴산읍,4376025021106590006,1,대지,659,6,충청북도 괴산군 괴산읍 동부리 659-6,437603246023,충청북도 괴산군 괴산읍 읍내로,273,1,4376025021106590006203463,,충청북도 괴산군 괴산읍 읍내로 273-1,367805,28030,,,,127.793592783323,36.8078698680559
MA010120220806627992,샤이맨,,G2,소매,G221,기타 상품 소매,G22199,그 외 기타 상품 전문 소매업,G47859,그 외 기타 분류 안된 상품 전문 소매업,28,인천광역시,28200,남동구,28200521,구월3동,2820010100,구월동,2820010100114040015,1,대지,1404,15,인천광역시 남동구 구월동 1404-15,282004259363,인천광역시 남동구 문화서로4번길,47,2,2820010100114040015002116,,인천광역시 남동구 문화서로4번길 47-2,405840,21568,,1,,126.697730750341,37.444767873078
MA010120220806601595,이엠파머스,,G2,소매,G221,기타 상품 소매,G22199,그 외 기타 상품 전문 소매업,G47859,그 외 기타 분류 안된 상품 전문 소매업,47,경상북도,47760,영양군,47760250,영양읍,4776025031,영양읍,4776025031100940000,1,대지,94,,경상북도 영양군 영양읍 무창리 94,477603317024,경상북도 영양군 영양읍 영양창수로,1306,75,4776025031100940000008153,,경상북도 영양군 영양읍 영양창수로 1306-75,764802,36529,,,,129.21738105465,36.6227469624023
MA010120220806633900,대송의전,,G2,소매,G221,기타 상품 소매,G22199,그 외 기타 상품 전문 소매업,G47859,그 외 기타 분류 안된 상품 전문 소매업,47,경상북도,47113,포항시 북구,47113680,우창동,4711311800,우현동,4711311800103060006,1,대지,306,6,경상북도 포항시 북구 우현동 306-6,471133304018,경상북도 포항시 북구 소티재로,69,10,4711311800103060006115944,,경상북도 포항시 북구 소티재로 69-10,791814,37642,,,,129.353079600343,36.0573798838379
MA010120220806602052,청송불교내4호,백화점,G2,소매,G221,기타 상품 소매,G22199,그 외 기타 상품 전문 소매업,G47859,그 외 기타 분류 안된 상품 전문 소매업,27,대구광역시,27110,중구,27110565,성내1동,2711012800,완전동,2711012800100020001,1,대지,2,1,대구광역시 중구 완전동 2-1,271104223013,대구광역시 중구 교동4길,29,,2711012800100020001007070,일부,대구광역시 중구 교동4길 29,700170,41912,,1,,128.599598027022,35.8727127365843
MA010120220806610355,성진기업,,G2,소매,G221,기타 상품 소매,G22199,그 외 기타 상품 전문 소매업,G47859,그 외 기타 분류 안된 상품 전문 소매업,28,인천광역시,28177,미추홀구,28177540,용현1.4동,2817710200,용현동,2817710200100110018,1,대지,11,18,인천광역시 미추홀구 용현동 11-18,281774253744,인천광역시 미추홀구 한나루로489번길,28,,2817010200100110018138788,,인천광역시 미추홀구 한나루로489번길 28,402818,22209,,3,,126.665642989515,37.4510515959657
MA010120220806620669,신구멍가게24갈산점,,G2,소매,G221,기타 상품 소매,G22199,그 외 기타 상품 전문 소매업,G47859,그 외 기타 분류 안된 상품 전문 소매업,28,인천광역시,28237,부평구,28237642,갈산2동,2823710600,갈산동,2823710600103670003,1,대지,367,3,인천광역시 부평구 갈산동 367-3,282373008034,인천광역시 부평구 주부토로,182,,2823710600103670003101863,승진빌딩,인천광역시 부평구 주부토로 182,403804,21336,,,,126.726270905823,37.5112776571324
MA010120220806623098,반도OA,,G2,소매,G221,기타 상품 소매,G22199,그 외 기타 상품 전문 소매업,G47859,그 외 기타 분류 안된 상품 전문 소매업,11,서울특별시,11215,광진구,11215780,능동,1121510200,능동,1121510200102510013,1,대지,251,13,서울특별시 광진구 능동 251-13,112154112509,서울특별시 광진구 천호대로120길,44,,1121510200102510013020605,,서울특별시 광진구 천호대로120길 44,143849,04988,,,,127.085713917674,37.5523250098931
MA010120220806631537,명원,,G2,소매,G221,기타 상품 소매,G22199,그 외 기타 상품 전문 소매업,G47859,그 외 기타 분류 안된 상품 전문 소매업,44,충청남도,44710,금산군,44710250,금산읍,4471025022,금산읍,4471025022105470000,1,대지,547,,충청남도 금산군 금산읍 중도리 547,447104571070,충청남도 금산군 금산읍 금산천1길,103,6,4471025022105470000000001,,충청남도 금산군 금산읍 금산천1길 103-6,312806,32740,,,,127.492239511167,36.100352975174
MA010120220806610788,예당농장약초원,,G2,소매,G221,기타 상품 소매,G22199,그 외 기타 상품 전문 소매업,G47859,그 외 기타 분류 안된 상품 전문 소매업,44,충청남도,44810,예산군,44810250,예산읍,4481025025,예산읍,4481025025103510004,1,대지,351,4,충청남도 예산군 예산읍 산성리 351-4,448103263024,충청남도 예산군 예산읍 역전로,106,,4481025025103510004004249,예일빌딩,충청남도 예산군 예산읍 역전로 106,340803,32430,,,,126.829882505801,36.688474642945
MA010120220806626249,하나농자재,,G2,소매,G221,기타 상품 소매,G22199,그 외 기타 상품 전문 소매업,G47859,그 외 기타 분류 안된 상품 전문 소매업,41,경기도,41550,안성시,41550400,죽산면,4155040022,죽산면,4155040022200910020,2,산,91,20,경기도 안성시 죽산면 매산리 산91-20,415502012010,경기도 안성시 죽산면 죽양대로,95,4,4155040022200910020000001,,경기도 안성시 죽산면 죽양대로 95-4,456893,17518,,,,127.435474633775,37.0893985288605
MA010120220806608121,삼경,,G2,소매,G221,기타 상품 소매,G22199,그 외 기타 상품 전문 소매업,G47859,그 외 기타 분류 안된 상품 전문 소매업,43,충청북도,43114,청주시 청원구,43114253,오창읍,4311425345,오창읍,4311425345107740004,1,대지,774,4,충청북도 청주시 청원구 오창읍 양청리 774-4,431144520430,충청북도 청주시 청원구 오창읍 양청2길,35,13,4371025345007740004004713,리슈빌Ⅰ,충청북도 청주시 청원구 오창읍 양청2길 35-13,363883,28115,,,,127.427115108883,36.7205678252766
MA010120220806611088,썸앤썸,,G2,소매,G221,기타 상품 소매,G22199,그 외 기타 상품 전문 소매업,G47859,그 외 기타 분류 안된 상품 전문 소매업,43,충청북도,43150,제천시,43150605,화산동,4315010900,화산동,4315010900101930008,1,대지,193,8,충청북도 제천시 화산동 193-8,431504517508,충청북도 제천시 숭의로1길,20,,4315010900101930008023750,,충청북도 제천시 숭의로1길 20,390150,27183,,,,128.209128362763,37.1336886360679
MA010120220806602837,황성,불교용품점,G2,소매,G221,기타 상품 소매,G22199,그 외 기타 상품 전문 소매업,G47859,그 외 기타 분류 안된 상품 전문 소매업,47,경상북도,47750,청송군,47750370,진보면,4775037036,진보면,4775037036104760004,1,대지,476,4,경상북도 청송군 진보면 진안리 476-4,477503316017,경상북도 청송군 진보면 진보로,95,6,4775037036104760004003670,,경상북도 청송군 진보면 진보로 95-6,763816,37409,,,,129.042551771872,36.5296761169949
MA010120220806608226,행복한배꼽방,,G2,소매,G221,기타 상품 소매,G22199,그 외 기타 상품 전문 소매업,G47859,그 외 기타 분류 안된 상품 전문 소매업,52,전북특별자치도,52140,익산시,52140580,마동,5214011200,마동,5214011200100550012,1,대지,55,12,전북특별자치도 익산시 마동 55-12,521404607493,전북특별자치도 익산시 보석로2길,2,,4514011200100550012076778,,전북특별자치도 익산시 보석로2길 2,570962,54627,,1,,126.969645065254,35.9395532501199
MA010120220806621722,강남중고폰폰사요몰,,G2,소매,G221,기타 상품 소매,G22199,그 외 기타 상품 전문 소매업,G47859,그 외 기타 분류 안된 상품 전문 소매업,11,서울특별시,11650,서초구,11650520,서초2동,1165010800,서초동,1165010800113280011,1,대지,1328,11,서울특별시 서초구 서초동 1328-11,116502102001,서울특별시 서초구 강남대로,359,,1165010800113280011027576,대우도씨에빛,서울특별시 서초구 강남대로 359,137858,06621,,,,127.028609688755,37.4947966155314
MA010120220806629938,안흥농자재마트,,G2,소매,G221,기타 상품 소매,G22199,그 외 기타 상품 전문 소매업,G47859,그 외 기타 분류 안된 상품 전문 소매업,51,강원특별자치도,51730,횡성군,51730320,안흥면,5173032021,안흥면,5173032021101060003,1,대지,106,3,강원특별자치도 횡성군 안흥면 안흥리 106-3,517303219074,강원특별자치도 횡성군 안흥면 서동로,1248,,4273032021101060003000001,,강원특별자치도 횡성군 안흥면 서동로 1248,225821,25271,,,,128.163895154834,37.4196472189621
MA010120220806635170,제이비파워텍,,G2,소매,G221,기타 상품 소매,G22199,그 외 기타 상품 전문 소매업,G47859,그 외 기타 분류 안된 상품 전문 소매업,28,인천광역시,28110,중구,28110620,영종동,2811014500,중산동,2811014500110340001,1,대지,1034,1,인천광역시 중구 중산동 1034-1,281103149055,인천광역시 중구 중산로,4,,2811014500110340001224318,,인천광역시 중구 중산로 4,400841,22358,,3,,126.555819794269,37.4998756110788
MA010120220806594960,택티컬리스트,,G2,소매,G221,기타 상품 소매,G22199,그 외 기타 상품 전문 소매업,G47859,그 외 기타 분류 안된 상품 전문 소매업,41,경기도,41133,성남시 중원구,41133540,금광2동,4113310300,금광동,4113310300126850000,1,대지,2685,,경기도 성남시 중원구 금광동 2685,411333179004,경기도 성남시 중원구 광명로,377,,4113310300126850000016155,신구대학교,경기도 성남시 중원구 광명로 377,462743,13174,,,,127.167699313737,37.4488557142535
MA010120220806597816,샤이맨세종나성점,,G2,소매,G221,기타 상품 소매,G22199,그 외 기타 상품 전문 소매업,G47859,그 외 기타 분류 안된 상품 전문 소매업,36,세종특별자치시,36110,세종특별자치시,36110518,나성동,3611010700,나성동,3611010700107900000,1,대지,790,,세종특별자치시 세종특별자치시 나성동 790,361103351278,세종특별자치시 세종특별자치시 나성북1로,22,,3611010700103610023000001,디펠리체,세종특별자치시 세종특별자치시 나성북1로 22,339003,30128,,,,127.258768125593,36.4910910469878
MA010120220806600643,대한약초,,G2,소매,G221,기타 상품 소매,G22199,그 외 기타 상품 전문 소매업,G47859,그 외 기타 분류 안된 상품 전문 소매업,51,강원특별자치도,51810,인제군,51810310,남면,5181031024,남면,5181031024100650000,1,대지,65,,강원특별자치도 인제군 남면 부평리 65,518103233011,강원특별자치도 인제군 남면 부평정자로,293,,4281031024000650000005071,,강원특별자치도 인제군 남면 부평정자로 293,252813,24646,,,,128.119231275791,37.978548181403
MA010120220806603822,줄렛,코리아,G2,소매,G221,기타 상품 소매,G22199,그 외 기타 상품 전문 소매업,G47859,그 외 기타 분류 안된 상품 전문 소매업,48,경상남도,48240,사천시,48240550,벌용동,4824010800,벌리동,4824010800102500001,1,대지,250,1,경상남도 사천시 벌리동 250-1,482403334023,경상남도 사천시 벌리로,40,,4824010800102500001016517,,경상남도 사천시 벌리로 40,664833,52560,,,,128.084079924394,34.9382593429811
MA010120220806652665,하늘원,,G2,소매,G221,기타 상품 소매,G22199,그 외 기타 상품 전문 소매업,G47859,그 외 기타 분류 안된 상품 전문 소매업,28,인천광역시,28200,남동구,28200550,간석3동,2820010200,간석동,2820010200100010012,1,대지,1,12,인천광역시 남동구 간석동 1-12,282003008023,인천광역시 남동구 만월로,165,,2820010200100010012024489,일부호,인천광역시 남동구 만월로 165,405800,21513,,1,,126.711677497978,37.4766804211402
MA010120220806676630,빠나나성인용품,,G2,소매,G221,기타 상품 소매,G22199,그 외 기타 상품 전문 소매업,G47859,그 외 기타 분류 안된 상품 전문 소매업,51,강원특별자치도,51150,강릉시,51150665,경포동,5115013800,안현동,5115013800108670000,1,대지,867,,강원특별자치도 강릉시 안현동 867,511503220002,강원특별자치도 강릉시 경포로,479,,4215013800108670000017524,,강원특별자치도 강릉시 경포로 479,210380,25460,,2,,128.904336178724,37.8033258801506
MA010120220806671774,자비원한약방,,G2,소매,G221,기타 상품 소매,G22199,그 외 기타 상품 전문 소매업,G47811,의약품 및 의료용품 소매업,11,서울특별시,11170,용산구,11170580,효창동,1117011900,효창동,1117011900100050145,1,대지,5,145,서울특별시 용산구 효창동 5-145,111704106327,서울특별시 용산구 임정로11길,15,,1117011900100050145016431,효창한신아파트,서울특별시 용산구 임정로11길 15,140741,04319,,2,,126.958370642806,37.5426450251339
MA010120220806639728,해동논슬립상사,,G2,소매,G221,기타 상품 소매,G22199,그 외 기타 상품 전문 소매업,G47859,그 외 기타 분류 안된 상품 전문 소매업,41,경기도,41450,하남시,41450600,초이동,4145012300,초이동,4145012300101070003,1,대지,107,3,경기도 하남시 초이동 107-3,414504406227,경기도 하남시 초이로99번길,41,21,4145012300101070003009593,,경기도 하남시 초이로99번길 41-21,465220,12986,,,,127.168096338046,37.5403342830441
MA010120220806655796,천금당보건식품원,,G2,소매,G221,기타 상품 소매,G22199,그 외 기타 상품 전문 소매업,G47859,그 외 기타 분류 안된 상품 전문 소매업,52,전북특별자치도,52111,전주시 완산구,52111510,중앙동,5211111900,태평동,5211111900100610031,1,대지,61,31,전북특별자치도 전주시 완산구 태평동 61-31,521114598369,전북특별자치도 전주시 완산구 태평3길,31,3,4511111900100610031031619,,전북특별자치도 전주시 완산구 태평3길 31-3,560080,54997,,,,127.141859326736,35.8235273588473
MA010120220806651154,현주종합상사,,G2,소매,G221,기타 상품 소매,G22199,그 외 기타 상품 전문 소매업,G47859,그 외 기타 분류 안된 상품 전문 소매업,44,충청남도,44200,아산시,44200350,음봉면,4420035025,음봉면,4420035025100680002,1,대지,68,2,충청남도 아산시 음봉면 산정리 68-2,442003253060,충청남도 아산시 음봉면 아산온천로,454,,4420035025100680000000002,,충청남도 아산시 음봉면 아산온천로 454,336862,31443,,,,127.005606292528,36.8506169437856
MA010120220806666796,농민,백화점,G2,소매,G221,기타 상품 소매,G22199,그 외 기타 상품 전문 소매업,G47859,그 외 기타 분류 안된 상품 전문 소매업,47,경상북도,47130,경주시,47130256,건천읍,4713025631,건천읍,4713025631103320004,1,대지,332,4,경상북도 경주시 건천읍 건천리 332-4,471303305071,경상북도 경주시 건천읍 내서로,1136,,4713025631103320004044095,,경상북도 경주시 건천읍 내서로 1136,780901,38178,,,,129.1045434389,35.8477513389199
MA010120220806661897,다놀자성인용품서수원,,G2,소매,G221,기타 상품 소매,G22199,그 외 기타 상품 전문 소매업,G47859,그 외 기타 분류 안된 상품 전문 소매업,41,경기도,41113,수원시 권선구,41113650,구운동,4111313200,구운동,4111313200109210003,1,대지,921,3,경기도 수원시 권선구 구운동 921-3,411133000064,경기도 수원시 권선구 수인로,277,,4111313200109210003027222,,경기도 수원시 권선구 수인로 277,441819,16405,,2,,126.972147649779,37.2819571070896
MA010120220806643676,조은안전,,G2,소매,G221,기타 상품 소매,G22199,그 외 기타 상품 전문 소매업,G47859,그 외 기타 분류 안된 상품 전문 소매업,36,세종특별자치시,36110,세종특별자치시,36110570,대평동,3611010400,대평동,3611010400106680000,1,대지,668,,세종특별자치시 세종특별자치시 대평동 668,361102000002,세종특별자치시 세종특별자치시 한누리대로,2236,,3611010400105680001000001,해들마을6단지,세종특별자치시 세종특별자치시 한누리대로 2236,339005,30152,,,,127.277089421059,36.474225290386
MA010120220806651592,동명불교센타,,G2,소매,G221,기타 상품 소매,G22199,그 외 기타 상품 전문 소매업,G47859,그 외 기타 분류 안된 상품 전문 소매업,27,대구광역시,27710,달성군,27710250,화원읍,2771025024,화원읍,2771025024107850001,1,대지,785,1,대구광역시 달성군 화원읍 설화리 785-1,277103007026,대구광역시 달성군 화원읍 비슬로,2428,,2771025024107850001000512,,대구광역시 달성군 화원읍 비슬로 2428,711833,42957,,1,,128.485308592601,35.7958514917913
MA010120220806673034,캣츠,,G2,소매,G221,기타 상품 소매,G22199,그 외 기타 상품 전문 소매업,G47859,그 외 기타 분류 안된 상품 전문 소매업,48,경상남도,48860,산청군,48860340,금서면,4886034028,금서면,4886034028105000000,1,대지,500,,경상남도 산청군 금서면 주상리 500,488603345048,경상남도 산청군 금서면 화계오봉로,93,,4886034028105000000026645,,경상남도 산청군 금서면 화계오봉로 93,666834,52228,,,,127.786727663567,35.4559627777492
MA010120220806651722,제주스마트파종센터,,G2,소매,G221,기타 상품 소매,G22199,그 외 기타 상품 전문 소매업,G47859,그 외 기타 분류 안된 상품 전문 소매업,50,제주특별자치도,50110,제주시,50110250,한림읍,5011025027,한림읍,5011025027115840000,1,대지,1584,,제주특별자치도 제주시 한림읍 명월리 1584,501103349067,제주특별자치도 제주시 한림읍 명월성로,305,,5011025027015820000002885,한림농협종자트레이파종센터,제주특별자치도 제주시 한림읍 명월성로 305,695927,63014,,2,,126.264353352411,33.3813722807743
MA010120220806664848,티앤케이,,G2,소매,G221,기타 상품 소매,G22199,그 외 기타 상품 전문 소매업,G47859,그 외 기타 분류 안된 상품 전문 소매업,41,경기도,41450,하남시,41450610,미사1동,4145010900,망월동,4145010900111400000,1,대지,1140,,경기도 하남시 망월동 1140,414503202055,경기도 하남시 미사강변한강로,290,3,4145010900101520037000003,미사강변도시3단지,경기도 하남시 미사강변한강로 290-3,465150,12912,,,,127.196842505615,37.5641212290124
MA010120220806644129,하이웨이,코리아,G2,소매,G221,기타 상품 소매,G22199,그 외 기타 상품 전문 소매업,G47859,그 외 기타 분류 안된 상품 전문 소매업,41,경기도,41570,김포시,41570253,고촌읍,4157025324,고촌읍,4157025324110680001,1,대지,1068,1,경기도 김포시 고촌읍 신곡리 1068-1,415704427514,경기도 김포시 고촌읍 장차로5번길,5,25,4157025324105330008000003,,경기도 김포시 고촌읍 장차로5번길 5-25,415819,10126,,5,,126.768469808538,37.6030712288234
MA010120220806654574,아가씨,명동점,G2,소매,G221,기타 상품 소매,G22199,그 외 기타 상품 전문 소매업,G47422,의복 액세서리 및 모조 장신구 소매업,11,서울특별시,11140,중구,11140550,명동,1114012500,충무로2가,1114012500100110001,1,대지,11,1,서울특별시 중구 충무로2가 11-1,111404103160,서울특별시 중구 명동8가길,27,,1114012500100110001020449,선샤인빌딩,서울특별시 중구 명동8가길 27,100860,04537,,2,,126.986565144967,37.5620050382783
MA010120220806690247,에스라인,,G2,소매,G221,기타 상품 소매,G22199,그 외 기타 상품 전문 소매업,G47859,그 외 기타 분류 안된 상품 전문 소매업,28,인천광역시,28260,서구,28260690,불로대곡동,2826012100,불로동,2826012100107980001,1,대지,798,1,인천광역시 서구 불로동 798-1,282604268149,인천광역시 서구 검단로768번길,19,,2826012100103430000031309,불로금호어울림아파트,인천광역시 서구 검단로768번길 19,404270,22631,,,,126.68824940431,37.6133380296336
MA010120220806709408,대성유통,,G2,소매,G221,기타 상품 소매,G22199,그 외 기타 상품 전문 소매업,G47859,그 외 기타 분류 안된 상품 전문 소매업,28,인천광역시,28177,미추홀구,28177600,도화1동,2817710400,도화동,2817710400106340019,1,대지,634,19,인천광역시 미추홀구 도화동 634-19,281773000028,인천광역시 미추홀구 경인로,180,1,2817010500106340019104575,,인천광역시 미추홀구 경인로 180-1,402811,22164,,1,,126.662571202037,37.465648211602
MA010120220806695552,대운소방,,G2,소매,G221,기타 상품 소매,G22199,그 외 기타 상품 전문 소매업,G47859,그 외 기타 분류 안된 상품 전문 소매업,44,충청남도,44200,아산시,44200330,탕정면,4420033025,탕정면,4420033025101540000,1,대지,154,,충청남도 아산시 탕정면 매곡리 154,442003253042,충청남도 아산시 탕정면 선문로,225,,4420033025101540000001205,,충청남도 아산시 탕정면 선문로 225,336843,31460,,,,127.085728580715,36.7978352527681
MA010120220806693312,안전소방,,G2,소매,G221,기타 상품 소매,G22199,그 외 기타 상품 전문 소매업,G47859,그 외 기타 분류 안된 상품 전문 소매업,48,경상남도,48121,창원시 의창구,48121250,동읍,4812125022,동읍,4812125022101020037,1,대지,102,37,경상남도 창원시 의창구 동읍 용전리 102-37,481214781403,경상남도 창원시 의창구 동읍 용남길,81,6,4812125022101020037051500,,경상남도 창원시 의창구 동읍 용남길 81-6,641862,51127,,,,128.656442553932,35.2766260091558
MA010120220806696400,식물약국애성아그로,,G2,소매,G221,기타 상품 소매,G22199,그 외 기타 상품 전문 소매업,G47859,그 외 기타 분류 안된 상품 전문 소매업,50,제주특별자치도,50110,제주시,50110530,이도1동,5011010300,이도일동,5011010300112580009,1,대지,1258,9,제주특별자치도 제주시 이도일동 1258-9,501103349055,제주특별자치도 제주시 동광로,13,,5011010300112580009024564,,제주특별자치도 제주시 동광로 13,690828,63197,,,,126.53034444068,33.5015578903171
MA010120220806691838,초월약초,,G2,소매,G221,기타 상품 소매,G22199,그 외 기타 상품 전문 소매업,G47859,그 외 기타 분류 안된 상품 전문 소매업,47,경상북도,47290,경산시,47290520,중앙동,4729010200,삼북동,4729010200102680001,1,대지,268,1,경상북도 경산시 삼북동 268-1,472904739064,경상북도 경산시 경안로29길,11,,4729010200102680001001113,동편,경상북도 경산시 경안로29길 11,712020,38630,,1,,128.73651342853,35.8200597160336
MA010120220806683999,수성상사,,G2,소매,G221,기타 상품 소매,G22199,그 외 기타 상품 전문 소매업,G47859,그 외 기타 분류 안된 상품 전문 소매업,27,대구광역시,27230,북구,27230526,칠성동,2723010200,칠성동2가,2723010200105480002,1,대지,548,2,대구광역시 북구 칠성동2가 548-2,272304235384,대구광역시 북구 칠성남로37길,30,,2723010200105480002042775,,대구광역시 북구 칠성남로37길 30,702852,41580,,,,128.600945244922,35.8780385542059
MA010120220806705361,소방,코리아,G2,소매,G221,기타 상품 소매,G22199,그 외 기타 상품 전문 소매업,G47859,그 외 기타 분류 안된 상품 전문 소매업,52,전북특별자치도,52140,익산시,52140530,평화동,5214010600,평화동,5214010600101330014,1,대지,133,14,전북특별자치도 익산시 평화동 133-14,521402269001,전북특별자치도 익산시 익산대로,93,,4514010600101330014086571,삼일빌딩,전북특별자치도 익산시 익산대로 93,570010,54668,,,,126.944879028885,35.9347678442487
MA010120220806713724,장생인삼사,,G2,소매,G221,기타 상품 소매,G22199,그 외 기타 상품 전문 소매업,G47859,그 외 기타 분류 안된 상품 전문 소매업,47,경상북도,47210,영주시,47210250,풍기읍,4721025029,풍기읍,4721025029101450003,1,대지,145,3,경상북도 영주시 풍기읍 서부리 145-3,472103309053,경상북도 영주시 풍기읍 인삼로,8,,4721025029101450003011718,인삼시장,경상북도 영주시 풍기읍 인삼로 8,750805,36024,,,,128.523612585866,36.8730277243237
MA010120220806700250,다건시스템,,G2,소매,G221,기타 상품 소매,G22199,그 외 기타 상품 전문 소매업,G47859,그 외 기타 분류 안된 상품 전문 소매업,29,광주광역시,29200,광산구,29200670,평동,2920015400,동산동,2920015400108760007,1,대지,876,7,광주광역시 광산구 동산동 876-7,292004289661,광주광역시 광산구 평동월곡길,12,,2920015400108760007027077,,광주광역시 광산구 평동월곡길 12,506508,62459,,,,126.712078256901,35.1151883433733
MA010120220806708605,현대캐미칼,,G2,소매,G221,기타 상품 소매,G22199,그 외 기타 상품 전문 소매업,G47859,그 외 기타 분류 안된 상품 전문 소매업,43,충청북도,43113,청주시 흥덕구,43113760,강서1동,4311311700,강서동,4311311700102520003,1,대지,252,3,충청북도 청주시 흥덕구 강서동 252-3,431133237096,충청북도 청주시 흥덕구 호암로,94,,4311311700102520000000001,,충청북도 청주시 흥덕구 호암로 94,361872,28381,,,,127.422728418276,36.6123852907276
MA010120220806711197,대선,,G2,소매,G221,기타 상품 소매,G22199,그 외 기타 상품 전문 소매업,G47859,그 외 기타 분류 안된 상품 전문 소매업,30,대전광역시,30170,서구,30170586,월평1동,3017011300,월평동,3017011300113910000,1,대지,1391,,대전광역시 서구 월평동 1391,301704298530,대전광역시 서구 월평새뜸로4번길,33,,3017011300113910000020492,,대전광역시 서구 월평새뜸로4번길 33,302852,35226,,1,,127.355310917757,36.3525678604838
MA010120220806716777,성물공방착한목자,,G2,소매,G221,기타 상품 소매,G22199,그 외 기타 상품 전문 소매업,G47859,그 외 기타 분류 안된 상품 전문 소매업,28,인천광역시,28140,동구,28140605,송림3.5동,2814010700,송림동,2814010700101020118,1,대지,102,118,인천광역시 동구 송림동 102-118,281403150024,인천광역시 동구 재능로,1,,2814010700101020118022618,송림동,인천광역시 동구 재능로 1,401818,22574,,1,,126.649877955894,37.470314539091
MA010120220806711563,모웰,,G2,소매,G221,기타 상품 소매,G22199,그 외 기타 상품 전문 소매업,G47422,의복 액세서리 및 모조 장신구 소매업,41,경기도,41192,부천시 원미구,41192630,중1동,4119210800,중동,4119210800111410005,1,대지,1141,5,경기도 부천시 원미구 중동 1141-5,411923000065,경기도 부천시 원미구 길주로,288,,4119510800111410005045219,제,경기도 부천시 원미구 길주로 288,420852,14548,,4,,126.774242487003,37.5027114336139
MA010120220806402656,밥풀이,,G2,소매,G221,기타 상품 소매,G22199,그 외 기타 상품 전문 소매업,G47859,그 외 기타 분류 안된 상품 전문 소매업,41,경기도,41463,용인시 기흥구,41463590,보정동,4146311800,보정동,4146311800112620000,1,대지,1262,,경기도 용인시 기흥구 보정동 1262,414633204056,경기도 용인시 기흥구 죽현로,8,20,4146311800112620000023764,아이원프라자,경기도 용인시 기흥구 죽현로 8-20,446858,16897,,,,127.109660214903,37.3198702410319
MA010120220806415026,비티콜렉션,,G2,소매,G221,기타 상품 소매,G22199,그 외 기타 상품 전문 소매업,G47859,그 외 기타 분류 안된 상품 전문 소매업,41,경기도,41192,부천시 원미구,41192630,중1동,4119210800,중동,4119210800111620001,1,대지,1162,1,경기도 부천시 원미구 중동 1162-1,411924352260,경기도 부천시 원미구 석천로177번길,21,,4119510800111620001035314,화이트밸리,경기도 부천시 원미구 석천로177번길 21,420852,14546,,,,126.761664796137,37.5032453489601
MA010120220806380930,화성교역,,G2,소매,G221,기타 상품 소매,G22199,그 외 기타 상품 전문 소매업,G47859,그 외 기타 분류 안된 상품 전문 소매업,48,경상남도,48123,창원시 성산구,48123520,중앙동,4812312500,중앙동,4812312500100880008,1,대지,88,8,경상남도 창원시 성산구 중앙동 88-8,481234784202,경상남도 창원시 성산구 용지로123번길,6,,4812312500100880008003287,,경상남도 창원시 성산구 용지로123번길 6,642844,51514,,,,128.679101447697,35.2269810113056
MA010120220806400599,국제상사,,G2,소매,G221,기타 상품 소매,G22199,그 외 기타 상품 전문 소매업,G47422,의복 액세서리 및 모조 장신구 소매업,41,경기도,41550,안성시,41550520,안성2동,4155012400,도기동,4155012400100020000,1,대지,2,,경기도 안성시 도기동 2,415502000021,경기도 안성시 안성맞춤대로,981,,4155012400100020000020562,,경기도 안성시 안성맞춤대로 981,456270,17595,,,,127.267227327716,37.0012043975483
MA010120220806395073,다드림약초,,G2,소매,G221,기타 상품 소매,G22199,그 외 기타 상품 전문 소매업,G47859,그 외 기타 분류 안된 상품 전문 소매업,47,경상북도,47210,영주시,47210600,휴천2동,4721010400,휴천동,4721010400103210045,1,대지,321,45,경상북도 영주시 휴천동 321-45,472104727290,경상북도 영주시 선비로33번길,2,,4721010400103210045014378,,경상북도 영주시 선비로33번길 2,750915,36131,,,,128.625315559294,36.8082854450024
MA010120220806421469,소바,,G2,소매,G221,기타 상품 소매,G22199,그 외 기타 상품 전문 소매업,G47859,그 외 기타 분류 안된 상품 전문 소매업,26,부산광역시,26260,동래구,26260550,온천1동,2626010800,온천동,2626010800101590061,1,대지,159,61,부산광역시 동래구 온천동 159-61,262602000010,부산광역시 동래구 중앙대로,1487,,2626010800101590029013089,,부산광역시 동래구 중앙대로 1487,607831,47710,,,,129.084397432539,35.2183988534616
MA010120220806381435,무인성인용품,,G2,소매,G221,기타 상품 소매,G22199,그 외 기타 상품 전문 소매업,G47859,그 외 기타 분류 안된 상품 전문 소매업,46,전라남도,46110,목포시,46110535,연동,4611010200,산정동,4611010200110440204,1,대지,1044,204,전라남도 목포시 산정동 1044-204,461103281032,전라남도 목포시 산정로,111,,4611010200110440204000703,,전라남도 목포시 산정로 111,530807,58731,,,,126.39276823003,34.7984839459566
MA010120220806389471,대방종합상사,,G2,소매,G221,기타 상품 소매,G22199,그 외 기타 상품 전문 소매업,G47859,그 외 기타 분류 안된 상품 전문 소매업,44,충청남도,44770,서천군,44770390,종천면,4477039027,종천면,4477039027105800005,1,대지,580,5,충청남도 서천군 종천면 산천리 580-5,447704580998,충청남도 서천군 종천면 희리산길,123,,4477039027105800005000001,장군산업,충청남도 서천군 종천면 희리산길 123,325872,33612,,,,126.665105343466,36.1058166751654
MA010120220806381976,경인저울,,G2,소매,G221,기타 상품 소매,G22199,그 외 기타 상품 전문 소매업,G47859,그 외 기타 분류 안된 상품 전문 소매업,48,경상남도,48250,김해시,48250320,주촌면,4825032024,주촌면,4825032024107430001,1,대지,743,1,경상남도 김해시 주촌면 천곡리 743-1,482504805527,경상남도 김해시 주촌면 서부로1638번길,32,,4825032024107430001029532,,경상남도 김해시 주촌면 서부로1638번길 32,621848,50968,,,,128.82963977776,35.2340629669454
MA010120220806382069,터프파파,,G2,소매,G221,기타 상품 소매,G22199,그 외 기타 상품 전문 소매업,G47859,그 외 기타 분류 안된 상품 전문 소매업,41,경기도,41450,하남시,41450530,신장2동,4145010600,신장동,4145010600105190004,1,대지,519,4,경기도 하남시 신장동 519-4,414503202012,경기도 하남시 대청로,9,,4145010600105190004003176,우정빌딩,경기도 하남시 대청로 9,465810,12950,,7,,127.213366813782,37.53999086457
MA010120220806382212,리베,,G2,소매,G221,기타 상품 소매,G22199,그 외 기타 상품 전문 소매업,G47859,그 외 기타 분류 안된 상품 전문 소매업,46,전라남도,46110,목포시,46110757,하당동,4611015800,상동,4611015800108670005,1,대지,867,5,전라남도 목포시 상동 867-5,461104643265,전라남도 목포시 비파로108번길,18,,4611015800108670005000001,,전라남도 목포시 비파로108번길 18,530822,58662,,,,126.425362682408,34.8082150416189
MA010120220806422101,노을상사,,G2,소매,G221,기타 상품 소매,G22199,그 외 기타 상품 전문 소매업,G47859,그 외 기타 분류 안된 상품 전문 소매업,48,경상남도,48129,창원시 진해구,48129620,풍호동,4812914500,장천동,4812914500104220006,1,대지,422,6,경상남도 창원시 진해구 장천동 422-6,481294793578,경상남도 창원시 진해구 충장로657번길,28,,4812914500104220006023606,,경상남도 창원시 진해구 충장로657번길 28,645320,51628,,,,128.706595877873,35.1305532548847
MA010120220806387780,관음불교전시관,,G2,소매,G221,기타 상품 소매,G22199,그 외 기타 상품 전문 소매업,G47859,그 외 기타 분류 안된 상품 전문 소매업,47,경상북도,47170,안동시,47170585,서구동,4717012000,광석동,4717012000100200070,1,대지,20,70,경상북도 안동시 광석동 20-70,471703307014,경상북도 안동시 대안로,77,1,4717012000100200070013226,,경상북도 안동시 대안로 77-1,760220,36697,,,,128.721418822284,36.5652992772306
MA010120220806399239,김영만물상사,,G2,소매,G221,기타 상품 소매,G22199,그 외 기타 상품 전문 소매업,G47859,그 외 기타 분류 안된 상품 전문 소매업,11,서울특별시,11140,중구,11140540,회현동,1114012400,충무로1가,1114012400100520041,1,대지,52,41,서울특별시 중구 충무로1가 52-41,111403101004,서울특별시 중구 소공로,58,,1114012200100010001000001,회현지하쇼핑센터,서울특별시 중구 소공로 58,100011,04535,,,,126.982060835234,37.5604006655827
MA010120220806409623,나눔공동체,,G2,소매,G221,기타 상품 소매,G22199,그 외 기타 상품 전문 소매업,G47859,그 외 기타 분류 안된 상품 전문 소매업,43,충청북도,43112,청주시 서원구,43112320,현도면,4311232032,현도면,4311232032102510007,1,대지,251,7,충청북도 청주시 서원구 현도면 매봉리 251-7,431124520231,충청북도 청주시 서원구 현도면 매봉길,32,18,4371037032002510007039012,,충청북도 청주시 서원구 현도면 매봉길 32-18,362822,28218,,,,127.423303118629,36.4718857827427
MA010120220806407155,불교만물사,,G2,소매,G221,기타 상품 소매,G22199,그 외 기타 상품 전문 소매업,G47859,그 외 기타 분류 안된 상품 전문 소매업,48,경상남도,48850,하동군,48850250,하동읍,4885025021,하동읍,4885025021103190016,1,대지,319,16,경상남도 하동군 하동읍 읍내리 319-16,488504832417,경상남도 하동군 하동읍 중앙1길,1,,4885025021103190016021331,,경상남도 하동군 하동읍 중앙1길 1,667804,52329,,,,127.747774684538,35.0705542527407
MA010120220806414421,도향향방,,G2,소매,G221,기타 상품 소매,G22199,그 외 기타 상품 전문 소매업,G47859,그 외 기타 분류 안된 상품 전문 소매업,47,경상북도,47290,경산시,47290310,와촌면,4729031032,와촌면,4729031032103700001,1,대지,370,1,경상북도 경산시 와촌면 신한리 370-1,472903313002,경상북도 경산시 와촌면 갓바위로,37,,4729031032103700001071911,,경상북도 경산시 와촌면 갓바위로 37,712841,38400,,1,,128.791012385566,35.9619778239976
MA010120220806407561,부산종합유통,,G2,소매,G221,기타 상품 소매,G22199,그 외 기타 상품 전문 소매업,G47859,그 외 기타 분류 안된 상품 전문 소매업,26,부산광역시,26410,금정구,26410520,서2동,2641011000,서동,2641011000103020265,1,대지,302,265,부산광역시 금정구 서동 302-265,264103135033,부산광역시 금정구 서동로,148,,2641011000103020265012536,,부산광역시 금정구 서동로 148,609832,46326,,2,,129.102536146432,35.2149130278887
MA010120220806410278,정기농약사,,G2,소매,G221,기타 상품 소매,G22199,그 외 기타 상품 전문 소매업,G47859,그 외 기타 분류 안된 상품 전문 소매업,52,전북특별자치도,52130,군산시,52130340,서수면,5213034021,서수면,5213034021108000006,1,대지,800,6,전북특별자치도 군산시 서수면 서수리 800-6,521303016007,전북특별자치도 군산시 서수면 탑천로,594,1,4513034021108000006013348,,전북특별자치도 군산시 서수면 탑천로 594-1,573943,54055,,,,126.877629480886,35.9811860367796
MA010120220806442111,대광불교,,G2,소매,G221,기타 상품 소매,G22199,그 외 기타 상품 전문 소매업,G47859,그 외 기타 분류 안된 상품 전문 소매업,41,경기도,41610,광주시,41610590,오포2동,4161011900,매산동,4161011900100660001,1,대지,66,1,경기도 광주시 매산동 66-1,416104433183,경기도 광주시 매자리길,113,,4161025026100660001042490,,경기도 광주시 매자리길 113,464893,12798,,,,127.258040121323,37.3529597467645
MA010120220806450235,본가발,,G2,소매,G221,기타 상품 소매,G22199,그 외 기타 상품 전문 소매업,G47422,의복 액세서리 및 모조 장신구 소매업,28,인천광역시,28237,부평구,28237510,부평1동,2823710100,부평동,2823710100102610006,1,대지,261,6,인천광역시 부평구 부평동 261-6,282373154027,인천광역시 부평구 부평문화로,38,,2823710100102610006004435,,인천광역시 부평구 부평문화로 38,403819,21389,,7,,126.720613286087,37.4936858432292
MA010120220806431940,청담,,G2,소매,G221,기타 상품 소매,G22199,그 외 기타 상품 전문 소매업,G47859,그 외 기타 분류 안된 상품 전문 소매업,29,광주광역시,29140,서구,29140745,치평동,2914012000,치평동,2914012000112380001,1,대지,1238,1,광주광역시 서구 치평동 1238-1,291403160029,광주광역시 서구 시청로,41,,2914012000112380001000001,대우디오빌,광주광역시 서구 시청로 41,502739,61949,,18,,126.851084636295,35.1521783436884
MA010120220806445594,티엠소방,,G2,소매,G221,기타 상품 소매,G22199,그 외 기타 상품 전문 소매업,G47859,그 외 기타 분류 안된 상품 전문 소매업,11,서울특별시,11410,서대문구,11410615,연희동,1141011700,연희동,1141011700107190010,1,대지,719,10,서울특별시 서대문구 연희동 719-10,114104136426,서울특별시 서대문구 홍연길,97,,1141011700107190010019019,,서울특별시 서대문구 홍연길 97,120827,03696,,1,,126.931793278579,37.5771408423444
MA010120220806464743,다온상사,,G2,소매,G221,기타 상품 소매,G22199,그 외 기타 상품 전문 소매업,G47859,그 외 기타 분류 안된 상품 전문 소매업,41,경기도,41210,광명시,41210660,학온동,4121010500,노온사동,4121010500107570006,1,대지,757,6,경기도 광명시 노온사동 757-6,412104361278,경기도 광명시 장절로3번길,19,,4121010500107570006000001,,경기도 광명시 장절로3번길 19,423080,14334,,,,126.847963666526,37.4267840180717
MA010120220806451576,우리네농산,,G2,소매,G221,기타 상품 소매,G22199,그 외 기타 상품 전문 소매업,G47859,그 외 기타 분류 안된 상품 전문 소매업,27,대구광역시,27230,북구,27230770,읍내동,2723011800,읍내동,2723011800104410027,1,대지,441,27,대구광역시 북구 읍내동 441-27,272304235339,대구광역시 북구 칠곡중앙대로126길,21,37,2723011800104410027039113,,대구광역시 북구 칠곡중앙대로126길 21-37,702847,41401,,,,128.555155178761,35.9502179671296
MA010120220806425462,백제인삼,,G2,소매,G221,기타 상품 소매,G22199,그 외 기타 상품 전문 소매업,G47859,그 외 기타 분류 안된 상품 전문 소매업,11,서울특별시,11230,동대문구,11230545,제기동,1123010300,제기동,1123010300110190000,1,대지,1019,,서울특별시 동대문구 제기동 1019,112304115033,서울특별시 동대문구 고산자로36길,3,,1123010300110190000034389,경동시장,서울특별시 동대문구 고산자로36길 3,130865,02571,,2,,127.039147690267,37.5790371332837
MA010120220806441269,이엠텍솔루션,,G2,소매,G221,기타 상품 소매,G22199,그 외 기타 상품 전문 소매업,G47859,그 외 기타 분류 안된 상품 전문 소매업,41,경기도,41135,성남시 분당구,41135655,삼평동,4113510900,삼평동,4113510900106620000,1,대지,662,,경기도 성남시 분당구 삼평동 662,411354340520,경기도 성남시 분당구 판교역로192번길,16,,4113510900106620000000001,판교타워,경기도 성남시 분당구 판교역로192번길 16,463400,13524,,8,,127.111433730963,37.3977443691571
MA010120220806438639,다모란,당산점,G2,소매,G221,기타 상품 소매,G22199,그 외 기타 상품 전문 소매업,G47422,의복 액세서리 및 모조 장신구 소매업,11,서울특별시,11560,영등포구,11560560,당산2동,1156011500,당산동5가,1156011500100110034,1,대지,11,34,서울특별시 영등포구 당산동5가 11-34,115604154122,서울특별시 영등포구 당산로44길,3,,1156011500100110034028758,삼성타운,서울특별시 영등포구 당산로44길 3,150045,07214,,,,126.901083651871,37.5319070528786
MA010120220806452923,에이아이네트워크,,G2,소매,G221,기타 상품 소매,G22199,그 외 기타 상품 전문 소매업,N75999,그 외 기타 분류 안된 사업 지원 서비스업,26,부산광역시,26170,동구,26170660,범일2동,2617010400,범일동,2617010400108300295,1,대지,830,295,부산광역시 동구 범일동 830-295,261704006013,부산광역시 동구 자성로141번길,11,,2617010400108300295013706,삼환오피스텔,부산광역시 동구 자성로141번길 11,601709,48742,,13,,129.065596086707,35.1381036078286
MA010120220806476731,경기포장,,G2,소매,G221,기타 상품 소매,G22199,그 외 기타 상품 전문 소매업,G47859,그 외 기타 분류 안된 상품 전문 소매업,52,전북특별자치도,52140,익산시,52140310,오산면,5214031024,오산면,5214031024102260002,1,대지,226,2,전북특별자치도 익산시 오산면 오산리 226-2,521404607799,전북특별자치도 익산시 오산면 신오산길,41,15,4514031024102260002100487,,전북특별자치도 익산시 오산면 신오산길 41-15,570924,54670,,,,126.908593084795,35.9286803291914
MA010120220806497814,약산인삼사,,G2,소매,G221,기타 상품 소매,G22199,그 외 기타 상품 전문 소매업,G47859,그 외 기타 분류 안된 상품 전문 소매업,27,대구광역시,27200,남구,27200660,대명11동,2720010300,대명동,2720010300111380004,1,대지,1138,4,대구광역시 남구 대명동 1138-4,272004232086,대구광역시 남구 대명서8길,23,2,2720010300111380004000096,,대구광역시 남구 대명서8길 23-2,705813,42482,,,,128.557205689106,35.8360163148561
MA010120220806474318,푸름약초,,G2,소매,G221,기타 상품 소매,G22199,그 외 기타 상품 전문 소매업,G47859,그 외 기타 분류 안된 상품 전문 소매업,52,전북특별자치도,52140,익산시,52140560,인화동,5214011000,인화동2가,5214011000100170000,1,대지,17,,전북특별자치도 익산시 인화동2가 17,521404608116,전북특별자치도 익산시 인북로8길,33,,4514011000100170000085460,,전북특별자치도 익산시 인북로8길 33,570985,54604,,,,126.953746487258,35.9313288371231
MA010120220806506061,오어사경내매점,,G2,소매,G221,기타 상품 소매,G22199,그 외 기타 상품 전문 소매업,G47859,그 외 기타 분류 안된 상품 전문 소매업,47,경상북도,47111,포항시 남구,47111256,오천읍,4711125623,오천읍,4711125623100340000,1,대지,34,,경상북도 포항시 남구 오천읍 항사리 34,471113303033,경상북도 포항시 남구 오천읍 오어로,1,,4711125623100340000053732,,경상북도 포항시 남구 오천읍 오어로 1,790901,37895,,,,129.368838680901,35.9266413385175
MA010120220806503568,비에프씨글로벌,,G2,소매,G221,기타 상품 소매,G22199,그 외 기타 상품 전문 소매업,G47859,그 외 기타 분류 안된 상품 전문 소매업,26,부산광역시,26230,부산진구,26230570,양정2동,2623010100,양정동,2623010100100940011,1,대지,94,11,부산광역시 부산진구 양정동 94-11,262303129044,부산광역시 부산진구 연수로,18,1,2623010100100940011000002,서기빌딩,부산광역시 부산진구 연수로 18-1,614851,47221,,12,,129.073472942638,35.1735558351073
MA010120220806469622,대성잡화,,G2,소매,G221,기타 상품 소매,G22199,그 외 기타 상품 전문 소매업,G47859,그 외 기타 분류 안된 상품 전문 소매업,11,서울특별시,11740,강동구,11740620,천호3동,1174010900,천호동,1174010900105500007,1,대지,550,7,서울특별시 강동구 천호동 550-7,117403124008,서울특별시 강동구 진황도로,3,,1174010900105500001010003,,서울특별시 강동구 진황도로 3,134871,05334,,2,,127.128289907637,37.5402671074701
MA010120220806480107,고려봉밀,,G2,소매,G221,기타 상품 소매,G22199,그 외 기타 상품 전문 소매업,G47859,그 외 기타 분류 안된 상품 전문 소매업,44,충청남도,44710,금산군,44710250,금산읍,4471025022,금산읍,4471025022100350011,1,대지,35,11,충청남도 금산군 금산읍 중도리 35-11,447103257020,충청남도 금산군 금산읍 비단로,150,,4471025022100320007020592,,충청남도 금산군 금산읍 비단로 150,312806,32739,,,,127.495586583327,36.101069157034
MA010120220806467056,중앙불교,,G2,소매,G221,기타 상품 소매,G22199,그 외 기타 상품 전문 소매업,G47859,그 외 기타 분류 안된 상품 전문 소매업,30,대전광역시,30110,동구,30110515,중앙동,3011012000,중동,3011012000100270031,1,대지,27,31,대전광역시 동구 중동 27-31,301104292484,대전광역시 동구 중앙로194번길,8,1,3011012000100270031023699,,대전광역시 동구 중앙로194번길 8-1,300160,34628,,1,,127.430887998307,36.3301142905703
MA010120220806470535,농사스토어,,G2,소매,G221,기타 상품 소매,G22199,그 외 기타 상품 전문 소매업,G47859,그 외 기타 분류 안된 상품 전문 소매업,47,경상북도,47170,안동시,47170320,북후면,4717032021,북후면,4717032021105750001,1,대지,575,1,경상북도 안동시 북후면 옹천리 575-1,471703018016,경상북도 안동시 북후면 북평로,892,,4717032021105750001025567,,경상북도 안동시 북후면 북평로 892,760894,36614,,,,128.703256833386,36.6861802084957
MA010120220806481183,힐스템,,G2,소매,G221,기타 상품 소매,G22199,그 외 기타 상품 전문 소매업,S96129,체형 등 기타 신체 관리 서비스업,41,경기도,41463,용인시 기흥구,41463520,구갈동,4146310200,구갈동,4146310200103540004,1,대지,354,4,경기도 용인시 기흥구 구갈동 354-4,414634412043,경기도 용인시 기흥구 구갈로60번길,19,,4146310200103540004021626,금강프라자,경기도 용인시 기흥구 구갈로60번길 19,446569,16972,,,,127.113503739045,37.2799417018906
MA010120220806481300,동부바이오,,G2,소매,G221,기타 상품 소매,G22199,그 외 기타 상품 전문 소매업,G47859,그 외 기타 분류 안된 상품 전문 소매업,27,대구광역시,27710,달성군,27710265,현풍읍,2771026523,현풍읍,2771026523102710007,1,대지,271,7,대구광역시 달성군 현풍읍 부리 271-7,277103148047,대구광역시 달성군 현풍읍 현풍중앙로,108,,2771036023102710007016903,,대구광역시 달성군 현풍읍 현풍중앙로 108,711872,42999,,1,,128.442566765203,35.6984137041551
MA010120220806491496,세이프티119,,G2,소매,G221,기타 상품 소매,G22199,그 외 기타 상품 전문 소매업,G47859,그 외 기타 분류 안된 상품 전문 소매업,28,인천광역시,28237,부평구,28237592,청천2동,2823710400,청천동,2823710400101780033,1,대지,178,33,인천광역시 부평구 청천동 178-33,282374262271,인천광역시 부평구 마장로426번길,12,13,2823710400101780033016230,,인천광역시 부평구 마장로426번길 12-13,403853,21312,,,,126.704956243503,37.5155331242247
MA010120220806468054,케이비텍,,G2,소매,G221,기타 상품 소매,G22199,그 외 기타 상품 전문 소매업,G47859,그 외 기타 분류 안된 상품 전문 소매업,51,강원특별자치도,51800,양구군,51800315,국토정중앙면,5180031531,국토정중앙면,5180031531105740001,1,대지,574,1,강원특별자치도 양구군 국토정중앙면 죽리 574-1,518003218052,강원특별자치도 양구군 국토정중앙면 춘양로,2720,,4280031031105740001000001,,강원특별자치도 양구군 국토정중앙면 춘양로 2720,255810,24558,,,,127.992264075978,38.0701194914503
MA010120220806468072,루어스타일,,G2,소매,G221,기타 상품 소매,G22199,그 외 기타 상품 전문 소매업,G47859,그 외 기타 분류 안된 상품 전문 소매업,29,광주광역시,29140,서구,29140650,농성1동,2914010600,농성동,2914010600100070003,1,대지,7,3,광주광역시 서구 농성동 7-3,291402009004,광주광역시 서구 상무대로,1214,,2914010600100070003000001,,광주광역시 서구 상무대로 1214,502809,61921,,,,126.894298747164,35.155378508607
MA010120220806497071,황금농자재할인마트,,G2,소매,G221,기타 상품 소매,G22199,그 외 기타 상품 전문 소매업,G47859,그 외 기타 분류 안된 상품 전문 소매업,46,전라남도,46840,무안군,46840370,운남면,4684037023,운남면,4684037023104060037,1,대지,406,37,전라남도 무안군 운남면 연리 406-37,468403296029,전라남도 무안군 운남면 운해로,596,,4684037023104060037043401,,전라남도 무안군 운남면 운해로 596,534861,58537,,,,126.342080167779,34.9613253064257
MA010120220806494489,땅살림농부마트,,G2,소매,G221,기타 상품 소매,G22199,그 외 기타 상품 전문 소매업,G47859,그 외 기타 분류 안된 상품 전문 소매업,52,전북특별자치도,52740,장수군,52740250,장수읍,5274025021,장수읍,5274025021104560012,1,대지,456,12,전북특별자치도 장수군 장수읍 장수리 456-12,527403276033,전북특별자치도 장수군 장수읍 장천로,186,,4574025021104560012010169,,전북특별자치도 장수군 장수읍 장천로 186,597803,55633,,,,127.519079748044,35.6487720605004
MA010120220806524375,한국장례시민협동조합,,G2,소매,G221,기타 상품 소매,G22199,그 외 기타 상품 전문 소매업,G47859,그 외 기타 분류 안된 상품 전문 소매업,43,충청북도,43130,충주시,43130640,목행.용탄동,4313011900,목행동,4313011900100220034,1,대지,22,34,충청북도 충주시 목행동 22-34,431304514396,충청북도 충주시 두루봉길,8,,4313011900100220034000001,충주영광장례식장,충청북도 충주시 두루봉길 8,380240,27329,,,,127.931755646167,37.001974853274
MA010120220806537743,대한양봉원,,G2,소매,G221,기타 상품 소매,G22199,그 외 기타 상품 전문 소매업,G47859,그 외 기타 분류 안된 상품 전문 소매업,48,경상남도,48880,거창군,48880250,거창읍,4888025024,거창읍,4888025024114980004,1,대지,1498,4,경상남도 거창군 거창읍 대평리 1498-4,488803347011,경상남도 거창군 거창읍 창동로,71,1,4888025024114980004020551,,경상남도 거창군 거창읍 창동로 71-1,670804,50145,,1,,127.922059301498,35.6838349065404
MA010120220806522409,좋은사람들장의용품,백화점,G2,소매,G221,기타 상품 소매,G22199,그 외 기타 상품 전문 소매업,G47859,그 외 기타 분류 안된 상품 전문 소매업,46,전라남도,46130,여수시,46130710,문수동,4613012000,문수동,4613012000100810012,1,대지,81,12,전라남도 여수시 문수동 81-12,461303282027,전라남도 여수시 문수로,157,,4613012000100810012010441,,전라남도 여수시 문수로 157,550816,59699,,,,127.710039708891,34.7580860411461
MA010120220806546364,서울농자재,,G2,소매,G221,기타 상품 소매,G22199,그 외 기타 상품 전문 소매업,G47859,그 외 기타 분류 안된 상품 전문 소매업,27,대구광역시,27710,달성군,27710250,화원읍,2771025024,화원읍,2771025024107790001,1,대지,779,1,대구광역시 달성군 화원읍 설화리 779-1,277103007026,대구광역시 달성군 화원읍 비슬로,2420,,2771025024107790001018670,,대구광역시 달성군 화원읍 비슬로 2420,711833,42957,,1,,128.484607028418,35.7955988194005
MA010120220806522589,신용유통,,G2,소매,G221,기타 상품 소매,G22199,그 외 기타 상품 전문 소매업,G47859,그 외 기타 분류 안된 상품 전문 소매업,41,경기도,41590,화성시,41590550,반월동,4159012000,반월동,4159012000100910007,1,대지,91,7,경기도 화성시 반월동 91-7,415903177018,경기도 화성시 영통로,10,,4159012000000910007029956,,경기도 화성시 영통로 10,445330,18380,,,,127.065528427606,37.2323398261412
MA010120220806525291,순동,,G2,소매,G221,기타 상품 소매,G22199,그 외 기타 상품 전문 소매업,G47859,그 외 기타 분류 안된 상품 전문 소매업,48,경상남도,48840,남해군,48840310,이동면,4884031023,이동면,4884031023106150002,1,대지,615,2,경상남도 남해군 이동면 석평리 615-2,488404829435,경상남도 남해군 이동면 석평로58번길,12,11,4884031023106150002028904,,경상남도 남해군 이동면 석평로58번길 12-11,668812,52431,,,,127.945649539215,34.8024091488049
MA010120220806530779,터치바이최점숙,,G2,소매,G221,기타 상품 소매,G22199,그 외 기타 상품 전문 소매업,G47859,그 외 기타 분류 안된 상품 전문 소매업,27,대구광역시,27290,달서구,27290585,신당동,2729012500,호산동,2729012500103790004,1,대지,379,4,대구광역시 달서구 호산동 379-4,272904241625,대구광역시 달서구 호산동로35길,27,7,2729012500103790004008413,,대구광역시 달서구 호산동로35길 27-7,704947,42708,,3,,128.484297999801,35.8503033111546
MA010120220806512392,아임플라스틱강남,,G2,소매,G221,기타 상품 소매,G22199,그 외 기타 상품 전문 소매업,G47859,그 외 기타 분류 안된 상품 전문 소매업,11,서울특별시,11680,강남구,11680640,역삼1동,1168010100,역삼동,1168010100106010003,1,대지,601,3,서울특별시 강남구 역삼동 601-3,116804166346,서울특별시 강남구 봉은사로2길,3,,1168010100106010003000001,이수빌딩,서울특별시 강남구 봉은사로2길 3,135907,06123,,2,,127.025559748626,37.5043840203638
MA010120220806528442,포유세이프티,,G2,소매,G221,기타 상품 소매,G22199,그 외 기타 상품 전문 소매업,G47859,그 외 기타 분류 안된 상품 전문 소매업,11,서울특별시,11215,광진구,11215740,중곡1동,1121510100,중곡동,1121510100106240004,1,대지,624,4,서울특별시 광진구 중곡동 624-4,112154112225,서울특별시 광진구 동일로64길,13,,1121510100106240004020330,,서울특별시 광진구 동일로64길 13,143912,04917,,,,127.07551462596,37.5607653077689
MA010120220806536700,경보통상,,G2,소매,G221,기타 상품 소매,G22199,그 외 기타 상품 전문 소매업,G47859,그 외 기타 분류 안된 상품 전문 소매업,41,경기도,41281,고양시 덕양구,41281510,주교동,4128110100,주교동,4128110100105610001,1,대지,561,1,경기도 고양시 덕양구 주교동 561-1,412814376172,경기도 고양시 덕양구 원당로125번길,80,,4128110100105610001017812,삼림아파트,경기도 고양시 덕양구 원당로125번길 80,412810,10298,,,,126.835804904806,37.6651087917386
MA010120220806545103,석문약초석문탕제원,,G2,소매,G221,기타 상품 소매,G22199,그 외 기타 상품 전문 소매업,G47859,그 외 기타 분류 안된 상품 전문 소매업,44,충청남도,44710,금산군,44710250,금산읍,4471025021,금산읍,4471025021106690001,1,대지,669,1,충청남도 금산군 금산읍 신대리 669-1,447103257044,충청남도 금산군 금산읍 인삼약초로,54,,4471025021106690001020673,,충청남도 금산군 금산읍 인삼약초로 54,312804,32739,,,,127.499083311866,36.1008563776063
MA010120220806542730,모이라,,G2,소매,G221,기타 상품 소매,G22199,그 외 기타 상품 전문 소매업,G47859,그 외 기타 분류 안된 상품 전문 소매업,46,전라남도,46150,순천시,46150320,서면,4615032034,서면,4615032034201740005,2,산,174,5,전라남도 순천시 서면 청소리 산174-5,461504650043,전라남도 순천시 서면 청소길,434,,4615032034201780000000001,,전라남도 순천시 서면 청소길 434,540814,57904,,,,127.503383946763,35.0664877743862
MA010120220806550394,가람인삼약초,,G2,소매,G221,기타 상품 소매,G22199,그 외 기타 상품 전문 소매업,G47859,그 외 기타 분류 안된 상품 전문 소매업,44,충청남도,44710,금산군,44710250,금산읍,4471025021,금산읍,4471025021104190006,1,대지,419,6,충청남도 금산군 금산읍 신대리 419-6,447103257042,충청남도 금산군 금산읍 인삼광장로,38,,4471025021104190006020684,,충청남도 금산군 금산읍 인삼광장로 38,312804,32739,,,,127.500158865858,36.1005995546126
MA010120220806521432,러브돌성인용품,,G2,소매,G221,기타 상품 소매,G22199,그 외 기타 상품 전문 소매업,G47859,그 외 기타 분류 안된 상품 전문 소매업,11,서울특별시,11260,중랑구,11260565,면목본동,1126010100,면목동,1126010100100740004,1,대지,74,4,서울특별시 중랑구 면목동 74-4,112603106004,서울특별시 중랑구 상봉로,45,,1126010100100740004031139,,서울특별시 중랑구 상봉로 45,131816,02162,,2,,127.093377120057,37.5899447468363
MA010120220806548248,새남터성당성물점,,G2,소매,G221,기타 상품 소매,G22199,그 외 기타 상품 전문 소매업,G47859,그 외 기타 분류 안된 상품 전문 소매업,11,서울특별시,11170,용산구,11170640,이촌2동,1117012900,이촌동,1117012900101990001,1,대지,199,1,서울특별시 용산구 이촌동 199-1,111703102008,서울특별시 용산구 이촌로,80,8,1117012900101990001010910,새남터성당,서울특별시 용산구 이촌로 80-8,140909,04374,,1,,126.957068098375,37.5251291016991
MA010120220806543234,영광장례식장장의차,,G2,소매,G221,기타 상품 소매,G22199,그 외 기타 상품 전문 소매업,G47859,그 외 기타 분류 안된 상품 전문 소매업,43,충청북도,43130,충주시,43130640,목행.용탄동,4313011900,목행동,4313011900100220034,1,대지,22,34,충청북도 충주시 목행동 22-34,431304514396,충청북도 충주시 두루봉길,8,,4313011900100220034000001,,충청북도 충주시 두루봉길 8,380240,27329,,,,127.931755646167,37.001974853274
MA010120220807852158,광천농약사,,G2,소매,G221,기타 상품 소매,G22199,그 외 기타 상품 전문 소매업,G47859,그 외 기타 분류 안된 상품 전문 소매업,46,전라남도,46150,순천시,46150350,주암면,4615035033,주암면,4615035033100390001,1,대지,39,1,전라남도 순천시 주암면 광천리 39-1,461504649731,전라남도 순천시 주암면 외광길,2,,4615035033100390001018894,,전라남도 순천시 주암면 외광길 2,540842,57910,,,,127.235759691132,35.0766594299008
MA010120220807856046,나드리,,G2,소매,G221,기타 상품 소매,G22199,그 외 기타 상품 전문 소매업,G47422,의복 액세서리 및 모조 장신구 소매업,46,전라남도,46150,순천시,46150620,중앙동,4615012000,남내동,4615012000101250001,1,대지,125,1,전라남도 순천시 남내동 125-1,461503283038,전라남도 순천시 중앙로,104,,4615012000101250001000001,순천씨내몰,전라남도 순천시 중앙로 104,540210,57942,,,,127.484000701593,34.9548057046159
MA010120220807857815,지앤티,,G2,소매,G221,기타 상품 소매,G22199,그 외 기타 상품 전문 소매업,G47859,그 외 기타 분류 안된 상품 전문 소매업,46,전라남도,46170,나주시,46170360,다시면,4617036031,다시면,4617036031101480001,1,대지,148,1,전라남도 나주시 다시면 송촌리 148-1,461704652313,전라남도 나주시 다시면 송촌송정길,13,1,4617036031101480001052290,,전라남도 나주시 다시면 송촌송정길 13-1,520933,58287,,,,126.609072821973,35.0210046093719
MA010120220807846423,협정종묘사,,G2,소매,G221,기타 상품 소매,G22199,그 외 기타 상품 전문 소매업,G47859,그 외 기타 분류 안된 상품 전문 소매업,46,전라남도,46150,순천시,46150540,매곡동,4615010700,매곡동,4615010700101190009,1,대지,119,9,전라남도 순천시 매곡동 119-9,461504649390,전라남도 순천시 북문길,75,,4615010700101190009019102,,전라남도 순천시 북문길 75,540947,57939,,,,127.484772068278,34.9593726183416
MA010120220807860565,신안자원,,G2,소매,G221,기타 상품 소매,G22199,그 외 기타 상품 전문 소매업,G47859,그 외 기타 분류 안된 상품 전문 소매업,46,전라남도,46150,순천시,46150380,낙안면,4615038032,낙안면,4615038032104810002,1,대지,481,2,전라남도 순천시 낙안면 이곡리 481-2,461504649587,전라남도 순천시 낙안면 신기1길,33,3,4615038032104810002000001,,전라남도 순천시 낙안면 신기1길 33-3,540912,57918,,,,127.344470209251,34.8746521796183
MA010120220807846593,가나유통,,G2,소매,G221,기타 상품 소매,G22199,그 외 기타 상품 전문 소매업,G47859,그 외 기타 분류 안된 상품 전문 소매업,46,전라남도,46150,순천시,46150570,덕연동,4615011400,연향동,4615011400113480019,1,대지,1348,19,전라남도 순천시 연향동 1348-19,461504649679,전라남도 순천시 연향번영8길,22,,4615011400113480019038251,,전라남도 순천시 연향번영8길 22,540953,57978,,,,127.516235334634,34.9500849667984
MA010120220807846612,이미지호,,G2,소매,G221,기타 상품 소매,G22199,그 외 기타 상품 전문 소매업,S96999,그 외 기타 달리 분류되지 않은 개인 서비스업,11,서울특별시,11650,서초구,11650600,방배1동,1165010100,방배동,1165010100109100012,1,대지,910,12,서울특별시 서초구 방배동 910-12,116503121010,서울특별시 서초구 방배로,93,,1165010100109100012015082,보령빌딩,서울특별시 서초구 방배로 93,137842,06686,,3,,126.996596793139,37.4825733541333
MA010120220807856289,친환경흙사랑,,G2,소매,G221,기타 상품 소매,G22199,그 외 기타 상품 전문 소매업,G47859,그 외 기타 분류 안된 상품 전문 소매업,46,전라남도,46230,광양시,46230250,광양읍,4623025023,광양읍,4623025023109250008,1,대지,925,8,전라남도 광양시 광양읍 칠성리 925-8,462304655228,전라남도 광양시 광양읍 서북5길,11,,4623025023109250008000001,,전라남도 광양시 광양읍 서북5길 11,545809,57738,,1,,127.577545195092,34.9740378467499
MA010120220807856362,불교홈쇼핑,,G2,소매,G221,기타 상품 소매,G22199,그 외 기타 상품 전문 소매업,G47859,그 외 기타 분류 안된 상품 전문 소매업,46,전라남도,46150,순천시,46150590,남제동,4615011700,인제동,4615011700103670010,1,대지,367,10,전라남도 순천시 인제동 367-10,461504649515,전라남도 순천시 성남뒷길,33,,4615011700103670010062098,,전라남도 순천시 성남뒷길 33,540160,57959,,,,127.49077422958,34.9450526405958
MA010120220807847370,신영종합장식,,G2,소매,G221,기타 상품 소매,G22199,그 외 기타 상품 전문 소매업,G47859,그 외 기타 분류 안된 상품 전문 소매업,46,전라남도,46150,순천시,46150580,풍덕동,4615011500,풍덕동,4615011500112880004,1,대지,1288,4,전라남도 순천시 풍덕동 1288-4,461504649928,전라남도 순천시 장평5길,23,,4615011500112880003028464,,전라남도 순천시 장평5길 23,540972,57961,,,,127.497215430693,34.9403482838943
MA010120220807859171,청산유통,,G2,소매,G221,기타 상품 소매,G22199,그 외 기타 상품 전문 소매업,G47859,그 외 기타 분류 안된 상품 전문 소매업,46,전라남도,46150,순천시,46150560,조곡동,4615011100,조곡동,4615011100101330001,1,대지,133,1,전라남도 순천시 조곡동 133-1,461503283024,전라남도 순천시 이수로,132,,4615011100101330001000001,,전라남도 순천시 이수로 132,540963,57964,,1,,127.50052415839,34.9480414944897
MA010120220807847631,동광양총포사,,G2,소매,G221,기타 상품 소매,G22199,그 외 기타 상품 전문 소매업,G47859,그 외 기타 분류 안된 상품 전문 소매업,46,전라남도,46230,광양시,46230330,옥곡면,4623033024,옥곡면,4623033024114150001,1,대지,1415,1,전라남도 광양시 옥곡면 신금리 1415-1,462304655502,전라남도 광양시 옥곡면 큰골1길,16,,4623033024114150001000001,,전라남도 광양시 옥곡면 큰골1길 16,545833,57726,,,,127.700106391304,34.9871118272254
MA010120220807851834,중앙농약사,,G2,소매,G221,기타 상품 소매,G22199,그 외 기타 상품 전문 소매업,G47859,그 외 기타 분류 안된 상품 전문 소매업,46,전라남도,46150,순천시,46150350,주암면,4615035025,주암면,4615035025102580012,1,대지,258,12,전라남도 순천시 주암면 창촌리 258-12,461503017003,전라남도 순천시 주암면 동주로,2507,,4615035025102580012023412,,전라남도 순천시 주암면 동주로 2507,540841,57911,,,,127.27843916963,35.0589291481703
MA010120220807862364,광우수석,,G2,소매,G221,기타 상품 소매,G22199,그 외 기타 상품 전문 소매업,G47859,그 외 기타 분류 안된 상품 전문 소매업,46,전라남도,46230,광양시,46230320,옥룡면,4623032021,옥룡면,4623032021102720002,1,대지,272,2,전라남도 광양시 옥룡면 산남리 272-2,462303285031,전라남도 광양시 옥룡면 신재로,300,,4623032021102720002012041,,전라남도 광양시 옥룡면 신재로 300,545822,57730,,,,127.60165848079,34.9934894821424
MA010120220806217898,미성계분,,G2,소매,G221,기타 상품 소매,G22199,그 외 기타 상품 전문 소매업,G47859,그 외 기타 분류 안된 상품 전문 소매업,44,충청남도,44230,논산시,44230330,노성면,4423033033,노성면,4423033033100060001,1,대지,6,1,충청남도 논산시 노성면 구암리 6-1,442304565914,충청남도 논산시 노성면 호월로467번길,62,,4423033033100050001034960,,충청남도 논산시 노성면 호월로467번길 62,320921,32900,,,,127.118631565454,36.3191347375025
MA010120220806210077,복천불교용품,,G2,소매,G221,기타 상품 소매,G22199,그 외 기타 상품 전문 소매업,G47859,그 외 기타 분류 안된 상품 전문 소매업,30,대전광역시,30200,유성구,30200540,온천2동,3020011700,장대동,3020011700101910012,1,대지,191,12,대전광역시 유성구 장대동 191-12,302004301351,대전광역시 유성구 유성대로720번길,35,,3020011700101910012013086,,대전광역시 유성구 유성대로720번길 35,305308,34172,,,,127.333941862879,36.3574958382306
MA010120220806213227,가야불교사,,G2,소매,G221,기타 상품 소매,G22199,그 외 기타 상품 전문 소매업,G47859,그 외 기타 분류 안된 상품 전문 소매업,30,대전광역시,30170,서구,30170520,도마1동,3017010300,도마동,3017010300101310041,1,대지,131,41,대전광역시 서구 도마동 131-41,301704298211,대전광역시 서구 도마5길,46,,3017010300101310001029300,,대전광역시 서구 도마5길 46,302161,35332,,,,127.381249972139,36.3167292006261
MA010120220806221282,한국소방,,G2,소매,G221,기타 상품 소매,G22199,그 외 기타 상품 전문 소매업,G47859,그 외 기타 분류 안된 상품 전문 소매업,30,대전광역시,30170,서구,30170590,가수원동,3017011400,가수원동,3017011400100990001,1,대지,99,1,대전광역시 서구 가수원동 99-1,301704298402,대전광역시 서구 벌곡로1384번길,58,,3017011400100990001025021,,대전광역시 서구 벌곡로1384번길 58,302800,35388,,1,,127.357129136284,36.3042592470674
MA010120220806251076,유한책임회사하이모,대전지점,G2,소매,G221,기타 상품 소매,G22199,그 외 기타 상품 전문 소매업,G47422,의복 액세서리 및 모조 장신구 소매업,30,대전광역시,30170,서구,30170630,둔산1동,3017011200,둔산동,3017011200114130000,1,대지,1413,,대전광역시 서구 둔산동 1413,301703166022,대전광역시 서구 둔산중로,50,,3017011200114130000022310,파이낸스타워,대전광역시 서구 둔산중로 50,302831,35241,,5,,127.387265774976,36.3510086683967
MA010120220806216155,구봉농약종묘사,,G2,소매,G221,기타 상품 소매,G22199,그 외 기타 상품 전문 소매업,G47859,그 외 기타 분류 안된 상품 전문 소매업,30,대전광역시,30200,유성구,30200520,진잠동,3020010100,원내동,3020010100104920004,1,대지,492,4,대전광역시 유성구 원내동 492-4,302003167066,대전광역시 유성구 진잠로,54,,3020010100104920004000001,,대전광역시 유성구 진잠로 54,305809,34231,,,,127.31698250933,36.296469042913
MA010120220806221601,둔산페인트,,G2,소매,G221,기타 상품 소매,G22199,그 외 기타 상품 전문 소매업,G47859,그 외 기타 분류 안된 상품 전문 소매업,30,대전광역시,30140,중구,30140620,석교동,3014010700,석교동,3014010700100430005,1,대지,43,5,대전광역시 중구 석교동 43-5,301403165008,대전광역시 중구 돌다리로,26,,3014010700100430005005909,,대전광역시 중구 돌다리로 26,301820,35064,,,,127.44131864995,36.3074746965678
MA010120220806235294,미래유통,,G2,소매,G221,기타 상품 소매,G22199,그 외 기타 상품 전문 소매업,G47859,그 외 기타 분류 안된 상품 전문 소매업,30,대전광역시,30200,유성구,30200600,관평동,3020014600,관평동,3020014600109600000,1,대지,960,,대전광역시 유성구 관평동 960,302003167080,대전광역시 유성구 테크노중앙로,72,,3020014600109600000002588,대덕신대륙프라자,대전광역시 유성구 테크노중앙로 72,305509,34018,,,,127.392953764438,36.4253635664451
MA010120220806233514,신탄진농약마트,,G2,소매,G221,기타 상품 소매,G22199,그 외 기타 상품 전문 소매업,G47859,그 외 기타 분류 안된 상품 전문 소매업,30,대전광역시,30230,대덕구,30230560,석봉동,3023011100,석봉동,3023011100101940008,1,대지,194,8,대전광역시 대덕구 석봉동 194-8,302304304262,대전광역시 대덕구 석봉로37번길,65,,3023011100101940008022837,,대전광역시 대덕구 석봉로37번길 65,306811,34318,,1,,127.425918699371,36.4503027828408
MA010120220806235596,제이케이시스템,,G2,소매,G221,기타 상품 소매,G22199,그 외 기타 상품 전문 소매업,G47859,그 외 기타 분류 안된 상품 전문 소매업,11,서울특별시,11710,송파구,11710642,문정2동,1171010800,문정동,1171010800106340000,1,대지,634,,서울특별시 송파구 문정동 634,117103123017,서울특별시 송파구 충민로,66,,1171010800105600000000001,제엘동,서울특별시 송파구 충민로 66,138888,05838,,5,,127.12496063833,37.4776148454472
MA010120220806225741,미성불교사,,G2,소매,G221,기타 상품 소매,G22199,그 외 기타 상품 전문 소매업,G47859,그 외 기타 분류 안된 상품 전문 소매업,30,대전광역시,30200,유성구,30200530,온천1동,3020011100,봉명동,3020011100105610005,1,대지,561,5,대전광역시 유성구 봉명동 561-5,302004301346,대전광역시 유성구 유성대로710번길,86,,3020011100105610005011856,,대전광역시 유성구 유성대로710번길 86,305301,34175,,1,,127.336175983806,36.3562639750779
MA010120220806234244,쑥뜸테라피,,G2,소매,G221,기타 상품 소매,G22199,그 외 기타 상품 전문 소매업,S96999,그 외 기타 달리 분류되지 않은 개인 서비스업,30,대전광역시,30170,서구,30170587,월평2동,3017011300,월평동,3017011300102270000,1,대지,227,,대전광역시 서구 월평동 227,301704298183,대전광역시 서구 대덕대로335번길,23,,3017011300102270000018974,,대전광역시 서구 대덕대로335번길 23,302847,35213,,4,,127.378109472781,36.3627622660915
MA010120220806241570,다은공방,,G2,소매,G221,기타 상품 소매,G22199,그 외 기타 상품 전문 소매업,G47859,그 외 기타 분류 안된 상품 전문 소매업,30,대전광역시,30230,대덕구,30230533,비래동,3023011000,비래동,3023011000101330001,1,대지,133,1,대전광역시 대덕구 비래동 133-1,302304304406,대전광역시 대덕구 우암동로18번길,2,,3023011000101330001015012,,대전광역시 대덕구 우암동로18번길 2,306809,34415,,,,127.452194829368,36.3591705133138
MA010120220806217748,가원수석,,G2,소매,G221,기타 상품 소매,G22199,그 외 기타 상품 전문 소매업,G47859,그 외 기타 분류 안된 상품 전문 소매업,30,대전광역시,30170,서구,30170540,변동,3017010200,변동,3017010200102520122,1,대지,252,122,대전광역시 서구 변동 252-122,301704298389,대전광역시 서구 배재로232번길,8,,3017010200102520122012886,,대전광역시 서구 배재로232번길 8,302838,35327,,1,,127.370907708688,36.3290448130376
MA010120220806238966,가온컴퍼니,,G2,소매,G221,기타 상품 소매,G22199,그 외 기타 상품 전문 소매업,G47859,그 외 기타 분류 안된 상품 전문 소매업,41,경기도,41285,고양시 일산동구,41285600,고봉동,4128511300,성석동,4128511300105220004,1,대지,522,4,경기도 고양시 일산동구 성석동 522-4,412853193045,경기도 고양시 일산동구 성현로,185,5,4128511300105220004018016,다온그린빌,경기도 고양시 일산동구 성현로 185-5,410570,10252,,2,,126.806527648445,37.7093924309112
MA010120220806217752,Cheap이동통신췹,,G2,소매,G221,기타 상품 소매,G22199,그 외 기타 상품 전문 소매업,G47859,그 외 기타 분류 안된 상품 전문 소매업,30,대전광역시,30170,서구,30170555,탄방동,3017010600,탄방동,3017010600100830008,1,대지,83,8,대전광역시 서구 탄방동 83-8,301703010024,대전광역시 서구 계룡로,625,,3017010600100830008023695,,대전광역시 서구 계룡로 625,302857,35264,,,,127.39206582107,36.3396021593274
MA010120220806263717,본당구기획,,G2,소매,G221,기타 상품 소매,G22199,그 외 기타 상품 전문 소매업,G47859,그 외 기타 분류 안된 상품 전문 소매업,43,충청북도,43113,청주시 흥덕구,43113741,복대1동,4311311400,복대동,4311311400100340003,1,대지,34,3,충청북도 청주시 흥덕구 복대동 34-3,431134511392,충청북도 청주시 흥덕구 복대로200번길,4,,4311311400100340003013607,,충청북도 청주시 흥덕구 복대로200번길 4,361810,28586,,3,,127.441028249314,36.6342525175818
MA010120220806264230,디지털도어락할인마트,,G2,소매,G221,기타 상품 소매,G22199,그 외 기타 상품 전문 소매업,G47859,그 외 기타 분류 안된 상품 전문 소매업,43,충청북도,43112,청주시 서원구,43112570,수곡1동,4311210700,수곡동,4311210700103470000,1,대지,347,,충청북도 청주시 서원구 수곡동 347,431124512206,충청북도 청주시 서원구 구룡산로326번길,50,,4311310900103470000018509,,충청북도 청주시 서원구 구룡산로326번길 50,362835,28694,,1,,127.479569782634,36.6162792548683
MA010120220806272877,제일농자재,,G2,소매,G221,기타 상품 소매,G22199,그 외 기타 상품 전문 소매업,G47859,그 외 기타 분류 안된 상품 전문 소매업,41,경기도,41273,안산시 단원구,41273565,신길동,4127310300,신길동,4127310300100030006,1,대지,3,6,경기도 안산시 단원구 신길동 3-6,412733012020,경기도 안산시 단원구 도일로,100,,4127310300113680015010796,,경기도 안산시 단원구 도일로 100,425838,15399,,,,126.783963328877,37.3393572992647
MA010120220806290699,돌방수석,,G2,소매,G221,기타 상품 소매,G22199,그 외 기타 상품 전문 소매업,G47859,그 외 기타 분류 안된 상품 전문 소매업,44,충청남도,44210,서산시,44210525,동문1동,4421010500,잠홍동,4421010500104120008,1,대지,412,8,충청남도 서산시 잠홍동 412-8,442104562610,충청남도 서산시 잠홍1길,43,24,4421010500104120008026959,,충청남도 서산시 잠홍1길 43-24,356040,31966,,,,126.47995667032,36.7967923209766
MA010120220806275651,청주비닐봉투,,G2,소매,G221,기타 상품 소매,G22199,그 외 기타 상품 전문 소매업,G47859,그 외 기타 분류 안된 상품 전문 소매업,43,충청북도,43112,청주시 서원구,43112590,성화.개신.죽림동,4311210800,성화동,4311210800105260000,1,대지,526,,충청북도 청주시 서원구 성화동 526,431124511659,충청북도 청주시 서원구 신성화로46번길,21,12,4311311000105260000000001,,충청북도 청주시 서원구 신성화로46번길 21-12,362230,28639,,,,127.459391109012,36.6197830587836
MA010120220806280605,잡화,,G2,소매,G221,기타 상품 소매,G22199,그 외 기타 상품 전문 소매업,G47859,그 외 기타 분류 안된 상품 전문 소매업,11,서울특별시,11230,동대문구,11230560,전농1동,1123010400,전농동,1123010400106430036,1,대지,643,36,서울특별시 동대문구 전농동 643-36,112303005025,서울특별시 동대문구 답십리로,56,,1123010400106430036029182,,서울특별시 동대문구 답십리로 56,130859,02591,,2,,127.04717232837,37.5760519085844
MA010120220806289142,윤덕인삼사,,G2,소매,G221,기타 상품 소매,G22199,그 외 기타 상품 전문 소매업,G47859,그 외 기타 분류 안된 상품 전문 소매업,44,충청남도,44210,서산시,44210535,동문2동,4421010200,동문동,4421010200109000000,1,대지,900,,충청남도 서산시 동문동 900,442104562420,충청남도 서산시 시장3길,5,6,4421010200109000000033259,,충청남도 서산시 시장3길 5-6,356803,31981,,,,126.455608537222,36.7826171552149
MA010120220806268566,호반수족관,,G2,소매,G221,기타 상품 소매,G22199,그 외 기타 상품 전문 소매업,G47859,그 외 기타 분류 안된 상품 전문 소매업,43,충청북도,43113,청주시 흥덕구,43113700,운천.신봉동,4311310400,운천동,4311310400113010000,1,대지,1301,,충청북도 청주시 흥덕구 운천동 1301,431134511733,충청북도 청주시 흥덕구 운천로18번길,21,,4311310400113010000014004,,충청북도 청주시 흥덕구 운천로18번길 21,361842,28468,,,,127.476751180113,36.6504974226379
MA010120220806280955,건영인삼사,,G2,소매,G221,기타 상품 소매,G22199,그 외 기타 상품 전문 소매업,G47859,그 외 기타 분류 안된 상품 전문 소매업,47,경상북도,47210,영주시,47210250,풍기읍,4721025029,풍기읍,4721025029101450003,1,대지,145,3,경상북도 영주시 풍기읍 서부리 145-3,472103309053,경상북도 영주시 풍기읍 인삼로,8,,4721025029101450003011718,,경상북도 영주시 풍기읍 인삼로 8,750805,36024,,,,128.523612585866,36.8730277243237
MA010120220806292555,한양불교만물,,G2,소매,G221,기타 상품 소매,G22199,그 외 기타 상품 전문 소매업,G47859,그 외 기타 분류 안된 상품 전문 소매업,44,충청남도,44210,서산시,44210535,동문2동,4421010200,동문동,4421010200102920004,1,대지,292,4,충청남도 서산시 동문동 292-4,442103254097,충청남도 서산시 시장8로,1,8,4421010200102920004034471,,충청남도 서산시 시장8로 1-8,356801,31981,,,,126.458850599857,36.7803791878429
MA010120220806291147,정진,,G2,소매,G221,기타 상품 소매,G22199,그 외 기타 상품 전문 소매업,G47859,그 외 기타 분류 안된 상품 전문 소매업,11,서울특별시,11110,종로구,11110615,종로1.2.3.4가동,1111012900,견지동,1111012900100680018,1,대지,68,18,서울특별시 종로구 견지동 68-18,111103100009,서울특별시 종로구 우정국로,52,,1111012900100680018014659,동,서울특별시 종로구 우정국로 52,110170,03145,,1,,126.983155731643,37.5735373466858
MA010120220806256137,시온산업,,G2,소매,G221,기타 상품 소매,G22199,그 외 기타 상품 전문 소매업,G47859,그 외 기타 분류 안된 상품 전문 소매업,44,충청남도,44210,서산시,44210550,석남동,4421010900,예천동,4421010900102400021,1,대지,240,21,충청남도 서산시 예천동 240-21,442103254108,충청남도 서산시 양열로,267,,4421010900102400021000001,,충청남도 서산시 양열로 267,356807,32006,,,,126.447222212281,36.7617269094974
MA010120220806281804,기찬유통,,G2,소매,G221,기타 상품 소매,G22199,그 외 기타 상품 전문 소매업,G47859,그 외 기타 분류 안된 상품 전문 소매업,27,대구광역시,27290,달서구,27290515,성당동,2729010100,성당동,2729010100101270006,1,대지,127,6,대구광역시 달서구 성당동 127-6,272903007011,대구광역시 달서구 성당로,125,,2729010100101270006027380,,대구광역시 달서구 성당로 125,704915,42673,,,,128.565690644096,35.8465486416581
MA010120220806267424,자연식품,,G2,소매,G221,기타 상품 소매,G22199,그 외 기타 상품 전문 소매업,G47859,그 외 기타 분류 안된 상품 전문 소매업,43,충청북도,43113,청주시 흥덕구,43113751,봉명1동,4311311500,봉명동,4311311500108230000,1,대지,823,,충청북도 청주시 흥덕구 봉명동 823,431134511417,충청북도 청주시 흥덕구 봉명로209번길,37,,4311311500108230000002192,,충청북도 청주시 흥덕구 봉명로209번길 37,361818,28557,,,,127.464831564612,36.6415062234544
MA010120220806279639,대성오토글라스,,G2,소매,G221,기타 상품 소매,G22199,그 외 기타 상품 전문 소매업,G47859,그 외 기타 분류 안된 상품 전문 소매업,41,경기도,41360,남양주시,41360259,진건읍,4136025923,진건읍,4136025923105630000,1,대지,563,,경기도 남양주시 진건읍 진관리 563,413604391684,경기도 남양주시 진건읍 진관로502번길,42,16,4136025923105630000000001,,경기도 남양주시 진건읍 진관로502번길 42-16,472831,12139,,,,127.159479876888,37.6543755701843
MA010120220806265952,조아조아,,G2,소매,G221,기타 상품 소매,G22199,그 외 기타 상품 전문 소매업,G47859,그 외 기타 분류 안된 상품 전문 소매업,30,대전광역시,30110,동구,30110640,용전동,3011011500,용전동,3011011500100670009,1,대지,67,9,대전광역시 동구 용전동 67-9,301104292211,대전광역시 동구 동서대로1695번길,76,,3011011500100670009003127,,대전광역시 동구 동서대로1695번길 76,300824,34549,,,,127.436961109308,36.3526216025105
MA010120220806291843,고려만물사,,G2,소매,G221,기타 상품 소매,G22199,그 외 기타 상품 전문 소매업,G47859,그 외 기타 분류 안된 상품 전문 소매업,44,충청남도,44210,서산시,44210540,수석동,4421010700,석림동,4421010700106090004,1,대지,609,4,충청남도 서산시 석림동 609-4,442103254184,충청남도 서산시 한마음5로,97,,4421010700106090004039056,,충청남도 서산시 한마음5로 97,356819,31991,,,,126.460353248515,36.7769618164869
MA010120220806315215,영춘생약상회,,G2,소매,G221,기타 상품 소매,G22199,그 외 기타 상품 전문 소매업,G47859,그 외 기타 분류 안된 상품 전문 소매업,43,충청북도,43800,단양군,43800330,영춘면,4380033021,영춘면,4380033021104090015,1,대지,409,15,충청북도 단양군 영춘면 상리 409-15,438003248045,충청북도 단양군 영춘면 온달평강로,55,,4380033021104090015018409,,충청북도 단양군 영춘면 온달평강로 55,395836,27018,,,,128.483778965936,37.0783925848385
MA010120220806325557,천지산업,,G2,소매,G221,기타 상품 소매,G22199,그 외 기타 상품 전문 소매업,G47859,그 외 기타 분류 안된 상품 전문 소매업,43,충청북도,43112,청주시 서원구,43112320,현도면,4311232021,현도면,4311232021101840002,1,대지,184,2,충청북도 청주시 서원구 현도면 상삼리 184-2,431123240045,충청북도 청주시 서원구 현도면 시목외천로,415,,4311232021101840002000001,,충청북도 청주시 서원구 현도면 시목외천로 415,362823,28211,,,,127.413049274844,36.5244408309697
MA010120220806300960,나누리정보통신,,G2,소매,G221,기타 상품 소매,G22199,그 외 기타 상품 전문 소매업,G47859,그 외 기타 분류 안된 상품 전문 소매업,44,충청남도,44210,서산시,44210370,음암면,4421037030,음암면,4421037030101930003,1,대지,193,3,충청남도 서산시 음암면 부장리 193-3,442103254134,충청남도 서산시 음암면 음암로,572,,4421037030101930005027961,,충청남도 서산시 음암면 음암로 572,356842,31936,,,,126.524466958907,36.7904546087025
MA010120220806306341,소원안전,,G2,소매,G221,기타 상품 소매,G22199,그 외 기타 상품 전문 소매업,G47859,그 외 기타 분류 안된 상품 전문 소매업,44,충청남도,44800,홍성군,44800253,광천읍,4480025321,광천읍,4480025321102890000,1,대지,289,,충청남도 홍성군 광천읍 신진리 289,448003252053,충청남도 홍성군 광천읍 충서로,319,,4480025321102890000028271,,충청남도 홍성군 광천읍 충서로 319,350906,32289,,,,126.620119305518,36.5114303416702
MA010120220806303707,에스에이치유통,,G2,소매,G221,기타 상품 소매,G22199,그 외 기타 상품 전문 소매업,G47859,그 외 기타 분류 안된 상품 전문 소매업,48,경상남도,48170,진주시,48170515,천전동,4817010100,망경동,4817010100101280036,1,대지,128,36,경상남도 진주시 망경동 128-36,481703332003,경상남도 진주시 강남로,327,,4817010100101280036400360,,경상남도 진주시 강남로 327,660800,52706,,,,128.081660835118,35.1867114856643
MA010120220806326115,식물나라팜아그로,,G2,소매,G221,기타 상품 소매,G22199,그 외 기타 상품 전문 소매업,G47859,그 외 기타 분류 안된 상품 전문 소매업,43,충청북도,43113,청주시 흥덕구,43113250,오송읍,4311325028,오송읍,4311325028102460049,1,대지,246,49,충청북도 청주시 흥덕구 오송읍 오송리 246-49,431133014012,충청북도 청주시 흥덕구 오송읍 가로수로,188,14,4371025628102460049000002,,충청북도 청주시 흥덕구 오송읍 가로수로 188-14,361954,28168,,,,127.325869757801,36.6092742140463
MA010120220806295447,패션,동대문,G2,소매,G221,기타 상품 소매,G22199,그 외 기타 상품 전문 소매업,G47859,그 외 기타 분류 안된 상품 전문 소매업,44,충청남도,44210,서산시,44210250,대산읍,4421025031,대산읍,4421025031101210053,1,대지,121,53,충청남도 서산시 대산읍 독곶리 121-53,442103254035,충청남도 서산시 대산읍 독곶1로,81,1,4421025026101210053001391,,충청남도 서산시 대산읍 독곶1로 81-1,356874,31900,,,,126.369595370046,36.9914061568944
MA010120220806297897,도반석실,,G2,소매,G221,기타 상품 소매,G22199,그 외 기타 상품 전문 소매업,G47859,그 외 기타 분류 안된 상품 전문 소매업,44,충청남도,44210,서산시,44210540,수석동,4421010700,석림동,4421010700102950003,1,대지,295,3,충청남도 서산시 석림동 295-3,442103254220,충청남도 서산시 중앙로,195,,4421010700102950003040010,,충청남도 서산시 중앙로 195,356816,32002,,,,126.469044588558,36.7722611100731
MA010120220806299672,서산타투스튜디오,,G2,소매,G221,기타 상품 소매,G22199,그 외 기타 상품 전문 소매업,G47859,그 외 기타 분류 안된 상품 전문 소매업,44,충청남도,44210,서산시,44210510,부춘동,4421010100,읍내동,4421010100101440001,1,대지,144,1,충청남도 서산시 읍내동 144-1,442103254135,충청남도 서산시 읍내1로,35,,4421010100101440001036258,,충청남도 서산시 읍내1로 35,356805,31984,,,,126.450517850622,36.7801427467119
MA010120220806296001,아그로팜,,G2,소매,G221,기타 상품 소매,G22199,그 외 기타 상품 전문 소매업,G47859,그 외 기타 분류 안된 상품 전문 소매업,44,충청남도,44210,서산시,44210390,해미면,4421039032,해미면,4421039032100040020,1,대지,4,20,충청남도 서산시 해미면 웅소성리 4-20,442104562562,충청남도 서산시 해미면 웅소성1길,115,,4421039032100040020000001,,충청남도 서산시 해미면 웅소성1길 115,356822,31958,,,,126.514441921335,36.7367981181049
MA010120220806310935,부강,,G2,소매,G221,기타 상품 소매,G22199,그 외 기타 상품 전문 소매업,G47859,그 외 기타 분류 안된 상품 전문 소매업,44,충청남도,44210,서산시,44210550,석남동,4421011300,장동,4421011300105070000,1,대지,507,,충청남도 서산시 장동 507,442104562619,충청남도 서산시 장동옥동미길,36,,4421011300105070000060285,,충청남도 서산시 장동옥동미길 36,356110,32011,,,,126.470813944485,36.7282948583285
MA010120220806319566,수석한국인,,G2,소매,G221,기타 상품 소매,G22199,그 외 기타 상품 전문 소매업,G47859,그 외 기타 분류 안된 상품 전문 소매업,43,충청북도,43760,괴산군,43760250,괴산읍,4376025022,괴산읍,4376025022103990002,1,대지,399,2,충청북도 괴산군 괴산읍 서부리 399-2,437604538585,충청북도 괴산군 괴산읍 읍내로2길,7,4,4376025022103990002204488,,충청북도 괴산군 괴산읍 읍내로2길 7-4,367802,28034,,,,127.791773219719,36.8052868652382
MA010120220806302763,엑스보이&걸프렌드,,G2,소매,G221,기타 상품 소매,G22199,그 외 기타 상품 전문 소매업,G47859,그 외 기타 분류 안된 상품 전문 소매업,52,전북특별자치도,52113,전주시 덕진구,52113550,인후2동,5211310400,인후동2가,5211310400102530012,1,대지,253,12,전북특별자치도 전주시 덕진구 인후동2가 253-12,521133267005,전북특별자치도 전주시 덕진구 건산로,83,1,4511310400102530012008636,,전북특별자치도 전주시 덕진구 건산로 83-1,561854,55001,,,,127.146534823052,35.8325433496455
MA010120220806317759,삼성차유리,,G2,소매,G221,기타 상품 소매,G22199,그 외 기타 상품 전문 소매업,G45219,기타 자동차 신품 부품 및 내장품 판매업,43,충청북도,43114,청주시 청원구,43114520,내덕1동,4311410200,내덕동,4311410200107370005,1,대지,737,5,충청북도 청주시 청원구 내덕동 737-5,431144508344,충청북도 청주시 청원구 새터로125번길,5,,4311111400107370005039735,,충청북도 청주시 청원구 새터로125번길 5,363806,28344,,,,127.477901376501,36.6610810393638
MA010120220806311689,태안농협농자재마트,,G2,소매,G221,기타 상품 소매,G22199,그 외 기타 상품 전문 소매업,G47859,그 외 기타 분류 안된 상품 전문 소매업,44,충청남도,44825,태안군,44825250,태안읍,4482525021,태안읍,4482525021108880002,1,대지,888,2,충청남도 태안군 태안읍 동문리 888-2,448254592083,충청남도 태안군 태안읍 동문4길,10,,4482525021108880002005152,,충청남도 태안군 태안읍 동문4길 10,357905,32143,,,,126.30639519514,36.7486261839967
MA010120220806296778,태안약초인삼사,,G2,소매,G221,기타 상품 소매,G22199,그 외 기타 상품 전문 소매업,G47859,그 외 기타 분류 안된 상품 전문 소매업,44,충청남도,44825,태안군,44825250,태안읍,4482525022,태안읍,4482525022101700004,1,대지,170,4,충청남도 태안군 태안읍 남문리 170-4,448254592173,충청남도 태안군 태안읍 시장1길,34,,4482525022101700003015704,,충청남도 태안군 태안읍 시장1길 34,357901,32143,,,,126.296183977931,36.7534321696977
MA010120220806315059,한국불상,,G2,소매,G221,기타 상품 소매,G22199,그 외 기타 상품 전문 소매업,G47859,그 외 기타 분류 안된 상품 전문 소매업,43,충청북도,43111,청주시 상당구,43111330,가덕면,4311133026,가덕면,4311133026100740001,1,대지,74,1,충청북도 청주시 상당구 가덕면 노동리 74-1,431114520676,충청북도 청주시 상당구 가덕면 행정노동길,178,6,4371033027000740001069285,,충청북도 청주시 상당구 가덕면 행정노동길 178-6,360852,28203,,,,127.533635228582,36.5506721085618
MA010120220806320565,선진농약사,,G2,소매,G221,기타 상품 소매,G22199,그 외 기타 상품 전문 소매업,G47859,그 외 기타 분류 안된 상품 전문 소매업,43,충청북도,43114,청주시 청원구,43114250,내수읍,4311425021,내수읍,4311425021100360002,1,대지,36,2,충청북도 청주시 청원구 내수읍 내수리 36-2,431143014017,충청북도 청주시 청원구 내수읍 내수로,721,,4371025021000360002049044,,충청북도 청주시 청원구 내수읍 내수로 721,363932,28144,,,,127.535440155371,36.7261492729041
MA010120220806364497,효성농약사,,G2,소매,G221,기타 상품 소매,G22199,그 외 기타 상품 전문 소매업,G47859,그 외 기타 분류 안된 상품 전문 소매업,47,경상북도,47280,문경시,47280590,점촌3동,4728010300,흥덕동,4728010300103080004,1,대지,308,4,경상북도 문경시 흥덕동 308-4,472803303047,경상북도 문경시 중앙로,197,,4728010300103080004024848,,경상북도 문경시 중앙로 197,745891,36966,,,,128.203325629624,36.6020042357666
MA010120220806341502,고성유통,,G2,소매,G221,기타 상품 소매,G22199,그 외 기타 상품 전문 소매업,G47859,그 외 기타 분류 안된 상품 전문 소매업,26,부산광역시,26230,부산진구,26230770,범천1동,2623010400,범천동,2623010400108410047,1,대지,841,47,부산광역시 부산진구 범천동 841-47,262304187798,부산광역시 부산진구 중앙번영로20번가길,5,9,2623010400108410067001343,,부산광역시 부산진구 중앙번영로20번가길 5-9,614827,47363,,,,129.061851265954,35.1436014256845
MA010120220806365075,청공불교용품,,G2,소매,G221,기타 상품 소매,G22199,그 외 기타 상품 전문 소매업,G47859,그 외 기타 분류 안된 상품 전문 소매업,47,경상북도,47290,경산시,47290310,와촌면,4729031026,와촌면,4729031026104210000,1,대지,421,,경상북도 경산시 와촌면 상암리 421,472904739550,경상북도 경산시 와촌면 와천동길22길,26,,4729031026104210000068467,,경상북도 경산시 와촌면 와천동길22길 26,712843,38415,,,,128.846398199986,35.9376827028111
MA010120220806365463,강화농협인삼센터홍기네,,G2,소매,G221,기타 상품 소매,G22199,그 외 기타 상품 전문 소매업,G47859,그 외 기타 분류 안된 상품 전문 소매업,28,인천광역시,28710,강화군,28710250,강화읍,2871025025,강화읍,2871025025108440001,1,대지,844,1,인천광역시 강화군 강화읍 갑곳리 844-1,287102157001,인천광역시 강화군 강화읍 강화대로,335,,2871025025108460000002454,,인천광역시 강화군 강화읍 강화대로 335,417942,23027,,1,,126.492519372773,37.7422091046471
MA010120220806339259,삼한,,G2,소매,G221,기타 상품 소매,G22199,그 외 기타 상품 전문 소매업,G47859,그 외 기타 분류 안된 상품 전문 소매업,41,경기도,41390,시흥시,41390592,정왕2동,4139013200,정왕동,4139013200113640000,1,대지,1364,,경기도 시흥시 정왕동 1364,413902199001,경기도 시흥시 공단1대로,204,,4139013200113640000014640,시화유통상가,경기도 시흥시 공단1대로 204,429879,15090,,,,126.724701548813,37.3377115059812
MA010120220806347965,율후엔터테인먼트,,G2,소매,G221,기타 상품 소매,G22199,그 외 기타 상품 전문 소매업,G47859,그 외 기타 분류 안된 상품 전문 소매업,44,충청남도,44133,천안시 서북구,44133540,쌍용2동,4413310700,쌍용동,4413310700117030000,1,대지,1703,,충청남도 천안시 서북구 쌍용동 1703,441333250056,충청남도 천안시 서북구 월봉4로,47,1,4413310700117030000057972,,충청남도 천안시 서북구 월봉4로 47-1,331955,31179,,,,127.114627150752,36.7911066311329
MA010120220806365917,고고커머스,,G2,소매,G221,기타 상품 소매,G22199,그 외 기타 상품 전문 소매업,G47859,그 외 기타 분류 안된 상품 전문 소매업,11,서울특별시,11680,강남구,11680640,역삼1동,1168010100,역삼동,1168010100107030005,1,대지,703,5,서울특별시 강남구 역삼동 703-5,116804166502,서울특별시 강남구 선릉로93길,54,,1168010100107030005022574,,서울특별시 강남구 선릉로93길 54,135513,06151,,6,,127.044311036085,37.5042703541765
MA010120220806378722,대한소방공사,,G2,소매,G221,기타 상품 소매,G22199,그 외 기타 상품 전문 소매업,G47859,그 외 기타 분류 안된 상품 전문 소매업,41,경기도,41670,여주시,41670380,산북면,4167038021,산북면,4167038021102650000,1,대지,265,,경기도 여주시 산북면 상품리 265,416703214030,경기도 여주시 산북면 상품로,41,5,4173039021102650000050554,,경기도 여주시 산북면 상품로 41-5,469892,12603,,,,127.438042018203,37.3995263649381
MA010120220806336873,제이인트,,G2,소매,G221,기타 상품 소매,G22199,그 외 기타 상품 전문 소매업,G47859,그 외 기타 분류 안된 상품 전문 소매업,47,경상북도,47190,구미시,47190680,진미동,4719012500,임수동,4719012500100920009,1,대지,92,9,경상북도 구미시 임수동 92-9,471903018095,경상북도 구미시 3공단1로,302,7,4719012500100920009008041,구미공구상가,경상북도 구미시 3공단1로 302-7,730720,39391,,,,128.402646516423,36.1098790445333
MA010120220806339740,정안,,G2,소매,G221,기타 상품 소매,G22199,그 외 기타 상품 전문 소매업,G47859,그 외 기타 분류 안된 상품 전문 소매업,27,대구광역시,27260,수성구,27260560,만촌2동,2726010200,만촌동,2726010200107660000,1,대지,766,,대구광역시 수성구 만촌동 766,272604238081,대구광역시 수성구 달구벌대로541길,24,,2726010200107660000024894,,대구광역시 수성구 달구벌대로541길 24,706806,42066,,,,128.658225508095,35.854768978277
MA010120220806339747,자연주의와산야초,,G2,소매,G221,기타 상품 소매,G22199,그 외 기타 상품 전문 소매업,G47859,그 외 기타 분류 안된 상품 전문 소매업,44,충청남도,44131,천안시 동남구,44131320,광덕면,4413132025,광덕면,4413132025102230001,1,대지,223,1,충청남도 천안시 동남구 광덕면 매당리 223-1,441314547630,충청남도 천안시 동남구 광덕면 자무실길,2,,4413132025102230001071805,,충청남도 천안시 동남구 광덕면 자무실길 2,330923,31221,,,,127.110192379234,36.7063424535234
MA010120220806358137,다온홍삼약초,,G2,소매,G221,기타 상품 소매,G22199,그 외 기타 상품 전문 소매업,G47859,그 외 기타 분류 안된 상품 전문 소매업,44,충청남도,44710,금산군,44710250,금산읍,4471025022,금산읍,4471025022100070001,1,대지,7,1,충청남도 금산군 금산읍 중도리 7-1,447103257042,충청남도 금산군 금산읍 인삼광장로,47,,4471025022100070001020661,인삼호텔,충청남도 금산군 금산읍 인삼광장로 47,312806,32739,,1,,127.498954158378,36.1015057852482
MA010120220806371810,대박PC,,G2,소매,G221,기타 상품 소매,G22199,그 외 기타 상품 전문 소매업,G47859,그 외 기타 분류 안된 상품 전문 소매업,11,서울특별시,11350,노원구,11350665,상계3.4동,1135010500,상계동,1135010500100060000,1,대지,6,,서울특별시 노원구 상계동 6,113504130143,서울특별시 노원구 덕릉로143길,23,10,1135010500100060000004771,,서울특별시 노원구 덕릉로143길 23-10,139809,01633,,3,,127.085016295453,37.6752473700456
MA010120220806349561,금산약초,,G2,소매,G221,기타 상품 소매,G22199,그 외 기타 상품 전문 소매업,G47859,그 외 기타 분류 안된 상품 전문 소매업,47,경상북도,47113,포항시 북구,47113655,죽도동,4711311600,죽도동,4711311600105920001,1,대지,592,1,경상북도 포항시 북구 죽도동 592-1,471134712588,경상북도 포항시 북구 죽도시장6길,3,18,4711311600105920001094397,,경상북도 포항시 북구 죽도시장6길 3-18,791843,37741,,1,,129.367292448295,36.0347463874948
MA010120220806361018,금천상사,,G2,소매,G221,기타 상품 소매,G22199,그 외 기타 상품 전문 소매업,G47859,그 외 기타 분류 안된 상품 전문 소매업,44,충청남도,44270,당진시,44270380,신평면,4427038021,신평면,4427038021103090008,1,대지,309,8,충청남도 당진시 신평면 금천리 309-8,442704595010,충청남도 당진시 신평면 각골길,48,3,4483038021103090008084697,,충청남도 당진시 신평면 각골길 48-3,343812,31746,,,,126.773148743143,36.8804253074327
MA010120220806366510,설유통,,G2,소매,G221,기타 상품 소매,G22199,그 외 기타 상품 전문 소매업,G47859,그 외 기타 분류 안된 상품 전문 소매업,52,전북특별자치도,52710,완주군,52710320,상관면,5271032022,상관면,5271032022104810013,1,대지,481,13,전북특별자치도 완주군 상관면 죽림리 481-13,527103266092,전북특별자치도 완주군 상관면 춘향로,4293,20,4571032022104810013008931,,전북특별자치도 완주군 상관면 춘향로 4293-20,565833,55360,,,,127.225169469661,35.7343371765083
MA010120220806358744,성불당,,G2,소매,G221,기타 상품 소매,G22199,그 외 기타 상품 전문 소매업,G47859,그 외 기타 분류 안된 상품 전문 소매업,29,광주광역시,29140,서구,29140575,양동,2914010400,양동,2914010400100600016,1,대지,60,16,광주광역시 서구 양동 60-16,291403009007,광주광역시 서구 천변좌로,286,,2914010400100600016024755,,광주광역시 서구 천변좌로 286,502824,61925,,1,,126.90639792432,35.1513503660348
MA010120220806340481,코모도,,G2,소매,G221,기타 상품 소매,G22199,그 외 기타 상품 전문 소매업,G47859,그 외 기타 분류 안된 상품 전문 소매업,31,울산광역시,31140,남구,31140570,삼산동,3114010600,삼산동,3114010600115590011,1,대지,1559,11,울산광역시 남구 삼산동 1559-11,311403170026,울산광역시 남구 삼산로,331,,3114010600115590011004592,,울산광역시 남구 삼산로 331,680817,44713,,2,,129.343413372786,35.5401472338276
MA010120220806366908,연,,G2,소매,G221,기타 상품 소매,G22199,그 외 기타 상품 전문 소매업,G47859,그 외 기타 분류 안된 상품 전문 소매업,11,서울특별시,11680,강남구,11680630,대치4동,1168010600,대치동,1168010600108890056,1,대지,889,56,서울특별시 강남구 대치동 889-56,116804166751,서울특별시 강남구 테헤란로64길,14,,1168010600108890058028218,,서울특별시 강남구 테헤란로64길 14,135839,06192,,,,127.050983511397,37.5039883511424
MA010120220806356250,에스에이치바이오,,G2,소매,G221,기타 상품 소매,G22199,그 외 기타 상품 전문 소매업,G47859,그 외 기타 분류 안된 상품 전문 소매업,11,서울특별시,11440,마포구,11440565,공덕동,1144010100,아현동,1144010100104370003,1,대지,437,3,서울특별시 마포구 아현동 437-3,114402113001,서울특별시 마포구 마포대로,196,,1144010100104370003000659,고려아카데미텔,서울특별시 마포구 마포대로 196,121861,04206,,3,,126.956181676768,37.5513478822443
MA010120220807692527,농심원예사,,G2,소매,G221,기타 상품 소매,G22199,그 외 기타 상품 전문 소매업,G47859,그 외 기타 분류 안된 상품 전문 소매업,46,전라남도,46840,무안군,46840253,일로읍,4684025326,일로읍,4684025326101110034,1,대지,111,34,전라남도 무안군 일로읍 월암리 111-34,468403296031,전라남도 무안군 일로읍 일로로,101,1,4684025326101110034038718,,전라남도 무안군 일로읍 일로로 101-1,534904,58574,,,,126.496161998895,34.8471896814582
MA010120220807690838,소라수족관,,G2,소매,G221,기타 상품 소매,G22199,그 외 기타 상품 전문 소매업,G47859,그 외 기타 분류 안된 상품 전문 소매업,46,전라남도,46840,무안군,46840256,삼향읍,4684025621,삼향읍,4684025621104330001,1,대지,433,1,전라남도 무안군 삼향읍 임성리 433-1,468403281036,전라남도 무안군 삼향읍 삼일로,18,12,4684025621104330001000001,,전라남도 무안군 삼향읍 삼일로 18-12,534823,58565,,,,126.455407325808,34.8278954780274
MA010120220807715253,흥농원예사,,G2,소매,G221,기타 상품 소매,G22199,그 외 기타 상품 전문 소매업,G47859,그 외 기타 분류 안된 상품 전문 소매업,46,전라남도,46840,무안군,46840250,무안읍,4684025023,무안읍,4684025023100380003,1,대지,38,3,전라남도 무안군 무안읍 성남리 38-3,468403296010,전라남도 무안군 무안읍 무안중앙로,39,,4684025023100380003057567,흥농원예사,전라남도 무안군 무안읍 무안중앙로 39,534803,58525,,,,126.474832307903,34.9894187310533
MA010120220807717450,자연농약사,,G2,소매,G221,기타 상품 소매,G22199,그 외 기타 상품 전문 소매업,G47859,그 외 기타 분류 안된 상품 전문 소매업,46,전라남도,46910,신안군,46910330,자은면,4691033029,자은면,4691033029101570000,1,대지,157,,전라남도 신안군 자은면 구영리 157,469104706028,전라남도 신안군 자은면 구영1길,49,6,4691033029101570000000001,,전라남도 신안군 자은면 구영1길 49-6,535872,58829,,,,126.046481453736,34.8868685407847
MA010120220807701321,전자삼거리소매업,,G2,소매,G221,기타 상품 소매,G22199,그 외 기타 상품 전문 소매업,G47859,그 외 기타 분류 안된 상품 전문 소매업,46,전라남도,46110,목포시,46110640,동명동,4611010200,산정동,4611010200110800513,1,대지,1080,513,전라남도 목포시 산정동 1080-513,461104643104,전라남도 목포시 동명로23번길,5,7,4611010200110800513006637,,전라남도 목포시 동명로23번길 5-7,530811,58742,,,,126.395009989496,34.7892828390063
MA010120220807706103,제일화물알선사,,G2,소매,G221,기타 상품 소매,G22199,그 외 기타 상품 전문 소매업,G47859,그 외 기타 분류 안된 상품 전문 소매업,46,전라남도,46840,무안군,46840340,현경면,4684034024,현경면,4684034024106200013,1,대지,620,13,전라남도 무안군 현경면 외반리 620-13,468403296042,전라남도 무안군 현경면 현해로,98,,4684034024106200013010767,,전라남도 무안군 현경면 현해로 98,534844,58512,,,,126.410387205562,35.0213737473014
MA010120220807715272,두레상회,,G2,소매,G221,기타 상품 소매,G22199,그 외 기타 상품 전문 소매업,G47859,그 외 기타 분류 안된 상품 전문 소매업,46,전라남도,46840,무안군,46840250,무안읍,4684025023,무안읍,4684025023108130014,1,대지,813,14,전라남도 무안군 무안읍 성남리 813-14,468404688216,전라남도 무안군 무안읍 성남2길,23,,4684025023108130014058707,,전라남도 무안군 무안읍 성남2길 23,534803,58529,,,,126.474380538222,34.9864152067328
MA010120220807715563,호남원예사,,G2,소매,G221,기타 상품 소매,G22199,그 외 기타 상품 전문 소매업,G47859,그 외 기타 분류 안된 상품 전문 소매업,46,전라남도,46840,무안군,46840250,무안읍,4684025023,무안읍,4684025023100380000,1,대지,38,,전라남도 무안군 무안읍 성남리 38,468403296010,전라남도 무안군 무안읍 무안중앙로,37,,4684025023100380000057582,,전라남도 무안군 무안읍 무안중앙로 37,534803,58525,,,,126.475008180144,34.9893203407586
MA010120220807721144,모라인대구,,G2,소매,G221,기타 상품 소매,G22199,그 외 기타 상품 전문 소매업,G47422,의복 액세서리 및 모조 장신구 소매업,27,대구광역시,27230,북구,27230725,태전1동,2723012600,태전동,2723012600109730000,1,대지,973,,대구광역시 북구 태전동 973,272302145001,대구광역시 북구 칠곡중앙대로,355,,2723012600109730000041938,,대구광역시 북구 칠곡중앙대로 355,702868,41452,,,,128.54727315857,35.9273678262794
MA010120220807694747,형제농약사,,G2,소매,G221,기타 상품 소매,G22199,그 외 기타 상품 전문 소매업,G47859,그 외 기타 분류 안된 상품 전문 소매업,46,전라남도,46840,무안군,46840253,일로읍,4684025326,일로읍,4684025326101860274,1,대지,186,274,전라남도 무안군 일로읍 월암리 186-274,468404688017,전라남도 무안군 일로읍 공원길,16,,4684025326101860274033922,,전라남도 무안군 일로읍 공원길 16,534904,58574,,,,126.495483055758,34.8491519056024
MA010120220807699617,삼양총포사,,G2,소매,G221,기타 상품 소매,G22199,그 외 기타 상품 전문 소매업,G47859,그 외 기타 분류 안된 상품 전문 소매업,46,전라남도,46110,목포시,46110565,대성동,4611010400,대성동,4611010400101270072,1,대지,127,72,전라남도 목포시 대성동 127-72,461103281083,전라남도 목포시 청호로,53,,4611010400101270072036045,,전라남도 목포시 청호로 53,530803,58718,,,,126.382454850869,34.7982067025238
MA010120220807697200,희망상회,,G2,소매,G221,기타 상품 소매,G22199,그 외 기타 상품 전문 소매업,G47859,그 외 기타 분류 안된 상품 전문 소매업,46,전라남도,46840,무안군,46840360,해제면,4684036026,해제면,4684036026101210010,1,대지,121,10,전라남도 무안군 해제면 신정리 121-10,468403296042,전라남도 무안군 해제면 현해로,1723,,4684036026101210010060271,,전라남도 무안군 해제면 현해로 1723,534874,58502,,,,126.290956997715,35.1100765601737
MA010120220807706572,청계농사원,,G2,소매,G221,기타 상품 소매,G22199,그 외 기타 상품 전문 소매업,G47859,그 외 기타 분류 안된 상품 전문 소매업,46,전라남도,46840,무안군,46840330,청계면,4684033023,청계면,4684033023104650016,1,대지,465,16,전라남도 무안군 청계면 도림리 465-16,468404688467,전라남도 무안군 청계면 연곡길,24,11,4684033023104650014023488,,전라남도 무안군 청계면 연곡길 24-11,534834,58552,,,,126.428682606011,34.9097811309091
MA010120220807719376,선일당한약방,,G2,소매,G221,기타 상품 소매,G22199,그 외 기타 상품 전문 소매업,G47859,그 외 기타 분류 안된 상품 전문 소매업,46,전라남도,46110,목포시,46110645,삼학동,4611010200,산정동,4611010200113570003,1,대지,1357,3,전라남도 목포시 산정동 1357-3,461103281008,전라남도 목포시 남해로,31,,4611010200113570003036204,,전라남도 목포시 남해로 31,530480,58738,,,,126.39906757961,34.7902403923622
MA010120220807695358,예향,,G2,소매,G221,기타 상품 소매,G22199,그 외 기타 상품 전문 소매업,G47859,그 외 기타 분류 안된 상품 전문 소매업,46,전라남도,46110,목포시,46110757,하당동,4611015800,상동,4611015800100750001,1,대지,75,1,전라남도 목포시 상동 75-1,461104643754,전라남도 목포시 하당로197번길,8,1,4611015800100750001001167,,전라남도 목포시 하당로197번길 8-1,530822,58660,,,,126.417658405276,34.8081513749895
MA010120220807702267,목포가발라라,전문점,G2,소매,G221,기타 상품 소매,G22199,그 외 기타 상품 전문 소매업,G47422,의복 액세서리 및 모조 장신구 소매업,46,전라남도,46110,목포시,46110510,용당1동,4611010100,용당동,4611010100112000006,1,대지,1200,6,전라남도 목포시 용당동 1200-6,461104643461,전라남도 목포시 양을로236번길,2,,4611010100112000006021617,,전라남도 목포시 양을로236번길 2,530838,58647,,1,,126.395567421162,34.811712327867
MA010120220807716255,천장농약사,,G2,소매,G221,기타 상품 소매,G22199,그 외 기타 상품 전문 소매업,G47859,그 외 기타 분류 안된 상품 전문 소매업,46,전라남도,46840,무안군,46840360,해제면,4684036034,해제면,4684036034106600001,1,대지,660,1,전라남도 무안군 해제면 천장리 660-1,468403296042,전라남도 무안군 해제면 현해로,2093,,4684036034106600001005463,천장주유소,전라남도 무안군 해제면 현해로 2093,534871,58508,,,,126.293910642721,35.0817374616151
MA010120220807693690,목포영신당,,G2,소매,G221,기타 상품 소매,G22199,그 외 기타 상품 전문 소매업,G47859,그 외 기타 분류 안된 상품 전문 소매업,46,전라남도,46110,목포시,46110640,동명동,4611011800,동명동,4611011800103400000,1,대지,340,,전라남도 목포시 동명동 340,461103281032,전라남도 목포시 산정로,8,,4611011800103400000045773,,전라남도 목포시 산정로 8,530805,58742,,,,126.392475937698,34.7891710637125
MA010120220807709517,양키캔들목포하당점,,G2,소매,G221,기타 상품 소매,G22199,그 외 기타 상품 전문 소매업,G47813,"화장품, 비누 및 방향제 소매업",46,전라남도,46110,목포시,46110758,신흥동,4611015800,상동,4611015800109830006,1,대지,983,6,전라남도 목포시 상동 983-6,461103281049,전라남도 목포시 신흥로,16,,4611015800109830006039378,,전라남도 목포시 신흥로 16,530826,58691,,,,126.422981950349,34.8016956942048
MA010120220807714240,호남수석전시관,,G2,소매,G221,기타 상품 소매,G22199,그 외 기타 상품 전문 소매업,G47859,그 외 기타 분류 안된 상품 전문 소매업,46,전라남도,46840,무안군,46840330,청계면,4684033032,청계면,4684033032100700001,1,대지,70,1,전라남도 무안군 청계면 송현리 70-1,468403281095,전라남도 무안군 청계면 영산로,1986,4,4684033032100700001020182,,전라남도 무안군 청계면 영산로 1986-4,534831,58541,,,,126.434556306021,34.9340376907437
MA010120220807692036,영남농약농자재마트,,G2,소매,G221,기타 상품 소매,G22199,그 외 기타 상품 전문 소매업,G47859,그 외 기타 분류 안된 상품 전문 소매업,46,전라남도,46110,목포시,46110595,목원동,4611010800,호남동,4611010800104340000,1,대지,434,,전라남도 목포시 호남동 434,461103281083,전라남도 목포시 청호로,6,,4611010800104360000053763,,전라남도 목포시 청호로 6,530300,58712,,,,126.38703865334,34.7960214561495
MA010120220807700489,뽀빠이봉투,,G2,소매,G221,기타 상품 소매,G22199,그 외 기타 상품 전문 소매업,G47859,그 외 기타 분류 안된 상품 전문 소매업,46,전라남도,46110,목포시,46110800,부흥동,4611016400,옥암동,4611016400110400026,1,대지,1040,26,전라남도 목포시 옥암동 1040-26,461103281038,전라남도 목포시 삼향천로,20,1,4611016400110400026042852,,전라남도 목포시 삼향천로 20-1,530847,58686,,,,126.434966794285,34.8037350024115
MA010120220807698294,압해식물약국,,G2,소매,G221,기타 상품 소매,G22199,그 외 기타 상품 전문 소매업,G47859,그 외 기타 분류 안된 상품 전문 소매업,46,전라남도,46910,신안군,46910253,압해읍,4691025326,압해읍,4691025326105860002,1,대지,586,2,전라남도 신안군 압해읍 학교리 586-2,469103302002,전라남도 신안군 압해읍 복룡로,4,1,4691043026105790003000001,,전라남도 신안군 압해읍 복룡로 4-1,535815,58824,,,,126.311883667106,34.8655312325503
MA010120220807720476,더인컴퍼니,,G2,소매,G221,기타 상품 소매,G22199,그 외 기타 상품 전문 소매업,G47859,그 외 기타 분류 안된 상품 전문 소매업,29,광주광역시,29140,서구,29140830,풍암동,2914012800,풍암동,2914012800108800009,1,대지,880,9,광주광역시 서구 풍암동 880-9,291404280463,광주광역시 서구 풍암신흥안길,11,1,2914012800108800009026514,,광주광역시 서구 풍암신흥안길 11-1,502832,62050,,,,126.863275679038,35.1204467333039
MA010120220807692212,진도상회,,G2,소매,G221,기타 상품 소매,G22199,그 외 기타 상품 전문 소매업,G47859,그 외 기타 분류 안된 상품 전문 소매업,46,전라남도,46110,목포시,46110660,유달동,4611015500,금화동,4611015500100040007,1,대지,4,7,전라남도 목포시 금화동 4-7,461103281090,전라남도 목포시 해안로,132,1,4611015500100040007000002,,전라남도 목포시 해안로 132-1,530050,58759,,,,126.378707830086,34.7805833659113
MA010120220807700731,플레이샵,,G2,소매,G221,기타 상품 소매,G22199,그 외 기타 상품 전문 소매업,G47859,그 외 기타 분류 안된 상품 전문 소매업,46,전라남도,46110,목포시,46110595,목원동,4611010800,호남동,4611010800101490000,1,대지,149,,전라남도 목포시 호남동 149,461103281095,전라남도 목포시 영산로,108,15,4611010800101490000042197,,전라남도 목포시 영산로 108-15,530300,58730,,,,126.386379323117,34.7920970616704
MA010120220807716759,자은낚시,,G2,소매,G221,기타 상품 소매,G22199,그 외 기타 상품 전문 소매업,G47859,그 외 기타 분류 안된 상품 전문 소매업,46,전라남도,46910,신안군,46910330,자은면,4691033029,자은면,4691033029101050000,1,대지,105,,전라남도 신안군 자은면 구영리 105,469104706028,전라남도 신안군 자은면 구영1길,58,1,4691033029101050000000001,,전라남도 신안군 자은면 구영1길 58-1,535872,58829,,,,126.045693205135,34.8869254501444
MA010120220807718103,수철이네왕새우튀김고려대점,,G2,소매,G221,기타 상품 소매,G22199,그 외 기타 상품 전문 소매업,G47859,그 외 기타 분류 안된 상품 전문 소매업,11,서울특별시,11680,강남구,11680655,도곡1동,1168011800,도곡동,1168011800105540002,1,대지,554,2,서울특별시 강남구 도곡동 554-2,116804166031,서울특별시 강남구 강남대로58길,34,,1168011800105540002000258,경덕빌딩,서울특별시 강남구 강남대로58길 34,135858,06259,,,,127.034826859244,37.4897853459495
MA010120220807692348,팜한농무안총판,,G2,소매,G221,기타 상품 소매,G22199,그 외 기타 상품 전문 소매업,G47859,그 외 기타 분류 안된 상품 전문 소매업,46,전라남도,46840,무안군,46840253,일로읍,4684025326,일로읍,4684025326102270096,1,대지,227,96,전라남도 무안군 일로읍 월암리 227-96,468403281036,전라남도 무안군 일로읍 삼일로,460,1,4684025326102270096034011,,전라남도 무안군 일로읍 삼일로 460-1,534904,58575,,,,126.487230955894,34.8486396567737
MA010120220807714911,엄다농약사,,G2,소매,G221,기타 상품 소매,G22199,그 외 기타 상품 전문 소매업,G47859,그 외 기타 분류 안된 상품 전문 소매업,46,전라남도,46860,함평군,46860340,엄다면,4686034021,엄다면,4686034021108240003,1,대지,824,3,전라남도 함평군 엄다면 엄다리 824-3,468604691205,전라남도 함평군 엄다면 엄다길,45,,4686034021108240003026988,,전라남도 함평군 엄다면 엄다길 45,525821,57164,,,,126.515192494361,35.0099756469098
MA010120220807717785,마가린차차,,G2,소매,G221,기타 상품 소매,G22199,그 외 기타 상품 전문 소매업,G47859,그 외 기타 분류 안된 상품 전문 소매업,52,전북특별자치도,52190,남원시,52190570,향교동,5219011100,향교동,5219011100102000015,1,대지,200,15,전북특별자치도 남원시 향교동 200-15,521904613192,전북특별자치도 남원시 동부시장길,28,4,4519011100102000015314493,,전북특별자치도 남원시 동부시장길 28-4,590989,55750,,,,127.387632285395,35.4121084370766
MA010120220807696417,목석원,,G2,소매,G221,기타 상품 소매,G22199,그 외 기타 상품 전문 소매업,G47859,그 외 기타 분류 안된 상품 전문 소매업,46,전라남도,46840,무안군,46840256,삼향읍,4684025621,삼향읍,4684025621109000001,1,대지,900,1,전라남도 무안군 삼향읍 임성리 900-1,468404688361,전라남도 무안군 삼향읍 종월길,21,,4684031021109000001052322,,전라남도 무안군 삼향읍 종월길 21,534823,58565,,,,126.444920394897,34.8235754724019
MA010120220807756123,지에스,,G2,소매,G221,기타 상품 소매,G22199,그 외 기타 상품 전문 소매업,G47859,그 외 기타 분류 안된 상품 전문 소매업,52,전북특별자치도,52140,익산시,52140652,어양동,5214012300,어양동,5214012300105450005,1,대지,545,5,전북특별자치도 익산시 어양동 545-5,521404607856,전북특별자치도 익산시 어곳2길,48,,4514012300105450005000001,,전북특별자치도 익산시 어곳2길 48,570210,54540,,,,126.977793460899,35.9692689374467
MA010120220807745478,혁신퇴비,,G2,소매,G221,기타 상품 소매,G22199,그 외 기타 상품 전문 소매업,G47859,그 외 기타 분류 안된 상품 전문 소매업,46,전라남도,46170,나주시,46170330,반남면,4617033027,반남면,4617033027102080005,1,대지,208,5,전라남도 나주시 반남면 청송리 208-5,461704652511,전라남도 나주시 반남면 장송길,54,98,4617033027102080005044240,,전라남도 나주시 반남면 장송길 54-98,520921,58298,,,,126.657310132437,34.938457718543
MA010120220807745483,송암퇴비,,G2,소매,G221,기타 상품 소매,G22199,그 외 기타 상품 전문 소매업,G47859,그 외 기타 분류 안된 상품 전문 소매업,46,전라남도,46170,나주시,46170310,세지면,4617031026,세지면,4617031026104270017,1,대지,427,17,전라남도 나주시 세지면 송제리 427-17,461703284041,전라남도 나주시 세지면 세지로,93,,4617031026104270008097462,,전라남도 나주시 세지면 세지로 93,520871,58316,,,,126.71780668809,34.9295723640871
MA010120220807748986,유성안전상사,,G2,소매,G221,기타 상품 소매,G22199,그 외 기타 상품 전문 소매업,G47859,그 외 기타 분류 안된 상품 전문 소매업,30,대전광역시,30200,유성구,30200540,온천2동,3020011700,장대동,3020011700100110050,1,대지,11,50,대전광역시 유성구 장대동 11-50,302003167061,대전광역시 유성구 장대로,25,,3020011700100110050013102,,대전광역시 유성구 장대로 25,305308,34172,,1,,127.336358312134,36.3572096960405
MA010120220807748989,뉴.월드플랫폼,,G2,소매,G221,기타 상품 소매,G22199,그 외 기타 상품 전문 소매업,G47859,그 외 기타 분류 안된 상품 전문 소매업,43,충청북도,43130,충주시,43130250,주덕읍,4313025021,주덕읍,4313025021101850010,1,대지,185,10,충청북도 충주시 주덕읍 신양리 185-10,431303238038,충청북도 충주시 주덕읍 신덕로,1375,,4313025021101850010000001,,충청북도 충주시 주덕읍 신덕로 1375,380884,27462,,1,,127.797383678749,36.9742729434263
MA010120220807766245,함평군농협원예조합공동사업법인,,G2,소매,G221,기타 상품 소매,G22199,그 외 기타 상품 전문 소매업,G47859,그 외 기타 분류 안된 상품 전문 소매업,46,전라남도,46860,함평군,46860310,손불면,4686031028,손불면,4686031028109040002,1,대지,904,2,전라남도 함평군 손불면 죽암리 904-2,468604691279,전라남도 함평군 손불면 죽암죽장길,18,,4686031028109040002000001,,전라남도 함평군 손불면 죽암죽장길 18,525841,57113,,,,126.479176193901,35.112689831116
MA010120220807737008,덕수당한약,,G2,소매,G221,기타 상품 소매,G22199,그 외 기타 상품 전문 소매업,G47811,의약품 및 의료용품 소매업,46,전라남도,46170,나주시,46170540,금남동,4617011200,남내동,4617011200100140003,1,대지,14,3,전라남도 나주시 남내동 14-3,461703284066,전라남도 나주시 중앙로,24,,4617011200100140003009177,,전라남도 나주시 중앙로 24,520080,58254,,,,126.720076245762,35.0313887846601
MA010120220807745627,팜한농영암,대리점,G2,소매,G221,기타 상품 소매,G22199,그 외 기타 상품 전문 소매업,G47859,그 외 기타 분류 안된 상품 전문 소매업,46,전라남도,46830,영암군,46830340,시종면,4683034026,시종면,4683034026104900000,1,대지,490,,전라남도 영암군 시종면 내동리 490,468303295092,전라남도 영암군 시종면 육거리로,53,1,4683034026104900000000001,,전라남도 영암군 시종면 육거리로 53-1,526843,58427,,,,126.604030396275,34.8666171769941
MA010120220807753894,문농약사,,G2,소매,G221,기타 상품 소매,G22199,그 외 기타 상품 전문 소매업,G47859,그 외 기타 분류 안된 상품 전문 소매업,46,전라남도,46890,완도군,46890250,완도읍,4689025021,완도읍,4689025021112400000,1,대지,1240,,전라남도 완도군 완도읍 군내리 1240,468904700008,전라남도 완도군 완도읍 개포로114번길,42,,4689025021112400000007650,,전라남도 완도군 완도읍 개포로114번길 42,537800,59119,,,,126.746270183893,34.3183352687273
MA010120220807769670,흥농농약사,,G2,소매,G221,기타 상품 소매,G22199,그 외 기타 상품 전문 소매업,G47859,그 외 기타 분류 안된 상품 전문 소매업,46,전라남도,46770,고흥군,46770380,과역면,4677038026,과역면,4677038026100710020,1,대지,71,20,전라남도 고흥군 과역면 과역리 71-20,467703289003,전라남도 고흥군 과역면 고흥로,2973,,4677038026100690001039139,,전라남도 고흥군 과역면 고흥로 2973,548831,59511,,,,127.361331804758,34.6782309918612
MA010120220807746026,전남원예사,,G2,소매,G221,기타 상품 소매,G22199,그 외 기타 상품 전문 소매업,G47859,그 외 기타 분류 안된 상품 전문 소매업,46,전라남도,46170,나주시,46170600,이창동,4617012800,이창동,4617012800101900001,1,대지,190,1,전라남도 나주시 이창동 190-1,461704652488,전라남도 나주시 이창1길,13,9,4617012800101900001017239,,전라남도 나주시 이창1길 13-9,520952,58274,,,,126.7130811056,34.9947855287857
MA010120220807737268,해찬,,G2,소매,G221,기타 상품 소매,G22199,그 외 기타 상품 전문 소매업,G47859,그 외 기타 분류 안된 상품 전문 소매업,46,전라남도,46170,나주시,46170520,영강동,4617010400,삼영동,4617010400101850002,1,대지,185,2,전라남도 나주시 삼영동 185-2,461703284006,전라남도 나주시 구진포로,465,7,4617010400101850002001315,,전라남도 나주시 구진포로 465-7,520230,58263,,1,,126.709889544308,35.0083527155899
MA010120220807759621,그 외 기타 상품 전문 소매업,,G2,소매,G221,기타 상품 소매,G22199,그 외 기타 상품 전문 소매업,G47859,그 외 기타 분류 안된 상품 전문 소매업,46,전라남도,46730,구례군,46730350,광의면,4673035021,광의면,4673035021100090000,1,대지,9,,전라남도 구례군 광의면 연파리 9,467303288002,전라남도 구례군 광의면 광의철쭉동산로,187,28,4673035021100090000000001,,전라남도 구례군 광의면 광의철쭉동산로 187-28,542841,57611,,,,127.458650704932,35.2612935165705
MA010120220807729572,글로벌푸드법인,,G2,소매,G221,기타 상품 소매,G22199,그 외 기타 상품 전문 소매업,G47859,그 외 기타 분류 안된 상품 전문 소매업,46,전라남도,46770,고흥군,46770420,두원면,4677042021,두원면,4677042021109960000,1,대지,996,,전라남도 고흥군 두원면 학곡리 996,467703289004,전라남도 고흥군 두원면 고흥만로,1448,237,4677042021109960000000001,,전라남도 고흥군 두원면 고흥만로 1448-237,548871,59514,,,,127.245120355464,34.6406419411313
MA010120220807741739,소망의집,,G2,소매,G221,기타 상품 소매,G22199,그 외 기타 상품 전문 소매업,G47859,그 외 기타 분류 안된 상품 전문 소매업,46,전라남도,46170,나주시,46170340,공산면,4617034021,공산면,4617034021108610008,1,대지,861,8,전라남도 나주시 공산면 금곡리 861-8,461703284024,전라남도 나주시 공산면 덕음로,26,,4617034021108610008041725,,전라남도 나주시 공산면 덕음로 26,520892,58290,,,,126.609250415339,34.9444510803193
MA010120220807732666,유한책임회사하이모,목포지점,G2,소매,G221,기타 상품 소매,G22199,그 외 기타 상품 전문 소매업,G47422,의복 액세서리 및 모조 장신구 소매업,46,전라남도,46110,목포시,46110756,상동,4611015800,상동,4611015800102200000,1,대지,220,,전라남도 목포시 상동 220,461103281095,전라남도 목포시 영산로,525,,4611015800101930007000331,목포종합버스터미널,전라남도 목포시 영산로 525,530822,58642,,2,,126.417108787348,34.8132596544233
MA010120220807744137,대덕상사,,G2,소매,G221,기타 상품 소매,G22199,그 외 기타 상품 전문 소매업,G47859,그 외 기타 분류 안된 상품 전문 소매업,46,전라남도,46170,나주시,46170390,금천면,4617039021,금천면,4617039021102220011,1,대지,222,11,전라남도 나주시 금천면 오강리 222-11,461703284010,전라남도 나주시 금천면 금영로,975,1,4617039021102220011080470,,전라남도 나주시 금천면 금영로 975-1,520824,58215,,,,126.753533909038,35.0345530705085
MA010120220807752013,서울농약사,,G2,소매,G221,기타 상품 소매,G22199,그 외 기타 상품 전문 소매업,G47859,그 외 기타 분류 안된 상품 전문 소매업,46,전라남도,46830,영암군,46830330,신북면,4683033030,신북면,4683033030101320001,1,대지,132,1,전라남도 영암군 신북면 월평리 132-1,468304685473,전라남도 영암군 신북면 황금동1길,7,1,4683033030101320001029151,,전라남도 영암군 신북면 황금동1길 7-1,526812,58401,,,,126.690533315733,34.8883934517974
MA010120220807754597,럭셔리성인용품,,G2,소매,G221,기타 상품 소매,G22199,그 외 기타 상품 전문 소매업,G47859,그 외 기타 분류 안된 상품 전문 소매업,31,울산광역시,31140,남구,31140540,신정4동,3114010400,신정동,3114010400118330008,1,대지,1833,8,울산광역시 남구 신정동 1833-8,311403170032,울산광역시 남구 수암로,77,,3114010400118330008040207,,울산광역시 남구 수암로 77,680831,44739,,,,129.316624920799,35.5302037543729
MA010120220807744472,태산석재,,G2,소매,G221,기타 상품 소매,G22199,그 외 기타 상품 전문 소매업,G47859,그 외 기타 분류 안된 상품 전문 소매업,46,전라남도,46170,나주시,46170390,금천면,4617039031,금천면,4617039031103970057,1,대지,397,57,전라남도 나주시 금천면 원곡리 397-57,461703281095,전라남도 나주시 금천면 영산로,5661,,4617039031103150000085128,,전라남도 나주시 금천면 영산로 5661,520824,58211,,,,126.748106192369,35.0355514649177
MA010120220807764618,나비,,G2,소매,G221,기타 상품 소매,G22199,그 외 기타 상품 전문 소매업,G47859,그 외 기타 분류 안된 상품 전문 소매업,46,전라남도,46860,함평군,46860330,학교면,4686033029,학교면,4686033029101870001,1,대지,187,1,전라남도 함평군 학교면 죽정리 187-1,468604691281,전라남도 함평군 학교면 죽정길,201,,4686033029101870001032358,,전라남도 함평군 학교면 죽정길 201,525813,57161,,,,126.561778849114,35.0195991609798
MA010120220807750346,영암산야초,,G2,소매,G221,기타 상품 소매,G22199,그 외 기타 상품 전문 소매업,G47859,그 외 기타 분류 안된 상품 전문 소매업,46,전라남도,46830,영암군,46830250,영암읍,4683025024,영암읍,4683025024101110001,1,대지,111,1,전라남도 영암군 영암읍 동무리 111-1,468303295123,전라남도 영암군 영암읍 중앙로,48,,4683025024101110001018159,,전라남도 영암군 영암읍 중앙로 48,526804,58416,,,,126.698479846813,34.8002202261588
MA010120220807755284,지성농약사,,G2,소매,G221,기타 상품 소매,G22199,그 외 기타 상품 전문 소매업,G47859,그 외 기타 분류 안된 상품 전문 소매업,46,전라남도,46860,함평군,46860320,신광면,4686032032,신광면,4686032032102920003,1,대지,292,3,전라남도 함평군 신광면 유천리 292-3,468603297007,전라남도 함평군 신광면 손무로,64,,4686025032102840002015751,,전라남도 함평군 신광면 손무로 64,525851,57136,,,,126.484122779846,35.1110344637961
MA010120220807772787,좋은친구,화정점,G2,소매,G221,기타 상품 소매,G22199,그 외 기타 상품 전문 소매업,G47859,그 외 기타 분류 안된 상품 전문 소매업,41,경기도,41281,고양시 덕양구,41281622,화정2동,4128112300,화정동,4128112300109810001,1,대지,981,1,경기도 고양시 덕양구 화정동 981-1,412814376366,경기도 고양시 덕양구 화신로272번길,48,,4128112300109810001012923,유퍼스트빌딩,경기도 고양시 덕양구 화신로272번길 48,412827,10500,,4,,126.831955816859,37.6329563214429
MA010120220807748255,서인당한약방,,G2,소매,G221,기타 상품 소매,G22199,그 외 기타 상품 전문 소매업,G47811,의약품 및 의료용품 소매업,46,전라남도,46170,나주시,46170550,성북동,4617011400,성북동,4617011400101520002,1,대지,152,2,전라남도 나주시 성북동 152-2,461704652273,전라남도 나주시 성북1길,17,,4617011400101520002007318,,전라남도 나주시 성북1길 17,520050,58255,,,,126.72100822096,35.0344646193391
MA010120220807740442,삼호농산,,G2,소매,G221,기타 상품 소매,G22199,그 외 기타 상품 전문 소매업,G47859,그 외 기타 분류 안된 상품 전문 소매업,46,전라남도,46840,무안군,46840250,무안읍,4684025024,무안읍,4684025024107430004,1,대지,743,4,전라남도 무안군 무안읍 교촌리 743-4,468404688025,전라남도 무안군 무안읍 교촌길,124,,4684025024107430004058597,,전라남도 무안군 무안읍 교촌길 124,534802,58521,,,,126.460480101517,34.9867057689399
MA010120220807740456,하나종합설비,,G2,소매,G221,기타 상품 소매,G22199,그 외 기타 상품 전문 소매업,G47859,그 외 기타 분류 안된 상품 전문 소매업,46,전라남도,46860,함평군,46860250,함평읍,4686025023,함평읍,4686025023101970002,1,대지,197,2,전라남도 함평군 함평읍 내교리 197-2,468604691140,전라남도 함평군 함평읍 서부길,94,6,4686025023101970002046311,,전라남도 함평군 함평읍 서부길 94-6,525803,57153,,,,126.520627319617,35.062366669379
MA010120220807738423,태양종묘사,,G2,소매,G221,기타 상품 소매,G22199,그 외 기타 상품 전문 소매업,G47859,그 외 기타 분류 안된 상품 전문 소매업,46,전라남도,46170,나주시,46170550,성북동,4617011400,성북동,4617011400101050004,1,대지,105,4,전라남도 나주시 성북동 105-4,461703281095,전라남도 나주시 영산로,5430,,4617011400101050004004698,,전라남도 나주시 영산로 5430,520050,58255,,,,126.72245103267,35.0355766188508
MA010120220807765789,씽크이십일,코리아,G2,소매,G221,기타 상품 소매,G22199,그 외 기타 상품 전문 소매업,G47859,그 외 기타 분류 안된 상품 전문 소매업,11,서울특별시,11650,서초구,11650520,서초2동,1165010800,서초동,1165010800113300010,1,대지,1330,10,서울특별시 서초구 서초동 1330-10,116503121014,서울특별시 서초구 사임당로,175,,1165010800113300010000001,,서울특별시 서초구 사임당로 175,137858,06626,,4,,127.028676845368,37.4929855751178
MA010120220807792046,호남종묘사,,G2,소매,G221,기타 상품 소매,G22199,그 외 기타 상품 전문 소매업,G47859,그 외 기타 분류 안된 상품 전문 소매업,46,전라남도,46810,강진군,46810400,마량면,4681040024,마량면,4681040024109870071,1,대지,987,71,전라남도 강진군 마량면 마량리 987-71,468104679105,전라남도 강진군 마량면 마량7길,14,,4681040024109870071042264,,전라남도 강진군 마량면 마량7길 14,527911,59269,,,,126.817430579446,34.4509334641147
MA010120220807799409,약초와더덕동동주,,G2,소매,G221,기타 상품 소매,G22199,그 외 기타 상품 전문 소매업,G47859,그 외 기타 분류 안된 상품 전문 소매업,43,충청북도,43800,단양군,43800250,단양읍,4380025037,단양읍,4380025037101110011,1,대지,111,11,충청북도 단양군 단양읍 고수리 111-11,438004544032,충청북도 단양군 단양읍 고수동굴길,3,9,4380025037101110011010326,,충청북도 단양군 단양읍 고수동굴길 3-9,395801,27024,,,,128.381783019815,36.9876684268687
MA010120220807799475,제주테크엘이디,,G2,소매,G221,기타 상품 소매,G22199,그 외 기타 상품 전문 소매업,G47859,그 외 기타 분류 안된 상품 전문 소매업,50,제주특별자치도,50110,제주시,50110680,이호동,5011012600,이호이동,5011012600119470002,1,대지,1947,2,제주특별자치도 제주시 이호이동 1947-2,501104847494,제주특별자치도 제주시 덕지2길,35,,5011012600119470002000001,,제주특별자치도 제주시 덕지2길 35,690231,63110,,,,126.451370577021,33.4920642097953
MA010120220807797080,다솜유통,,G2,소매,G221,기타 상품 소매,G22199,그 외 기타 상품 전문 소매업,G47859,그 외 기타 분류 안된 상품 전문 소매업,30,대전광역시,30230,대덕구,30230510,오정동,3023010100,오정동,3023010100103900001,1,대지,390,1,대전광역시 대덕구 오정동 390-1,302303010002,대전광역시 대덕구 대전로,1164,,3023010100103900001018104,,대전광역시 대덕구 대전로 1164,306819,34436,,,,127.415790559909,36.3582844161386
MA010120220807809099,현산농약사,,G2,소매,G221,기타 상품 소매,G22199,그 외 기타 상품 전문 소매업,G47859,그 외 기타 분류 안된 상품 전문 소매업,46,전라남도,46820,해남군,46820330,현산면,4682033025,현산면,4682033025107820010,1,대지,782,10,전라남도 해남군 현산면 일평리 782-10,468203294025,전라남도 해남군 현산면 현산북평로,129,,4682033025107820010000001,,전라남도 해남군 현산면 현산북평로 129,536911,59058,,,,126.552303769002,34.4563168938764
MA010120220807774341,멀티,,G2,소매,G221,기타 상품 소매,G22199,그 외 기타 상품 전문 소매업,G47859,그 외 기타 분류 안된 상품 전문 소매업,27,대구광역시,27260,수성구,27260602,황금2동,2726010700,황금동,2726010700107560003,1,대지,756,3,대구광역시 수성구 황금동 756-3,272603007015,대구광역시 수성구 희망로,165,,2726010700107560003010167,,대구광역시 수성구 희망로 165,706852,42143,,1,,128.617033199627,35.8469589334446
MA010120220807788736,탐진총포사,,G2,소매,G221,기타 상품 소매,G22199,그 외 기타 상품 전문 소매업,G47859,그 외 기타 분류 안된 상품 전문 소매업,46,전라남도,46810,강진군,46810250,강진읍,4681025021,강진읍,4681025021100840002,1,대지,84,2,전라남도 강진군 강진읍 동성리 84-2,468103017036,전라남도 강진군 강진읍 청자로,43,12,4681025021100840002000001,,전라남도 강진군 강진읍 청자로 43-12,527803,59240,,,,126.780768162575,34.6381221374946
MA010120220807790696,풍년농약사,,G2,소매,G221,기타 상품 소매,G22199,그 외 기타 상품 전문 소매업,G47859,그 외 기타 분류 안된 상품 전문 소매업,46,전라남도,46810,강진군,46810250,강진읍,4681025021,강진읍,4681025021101840016,1,대지,184,16,전라남도 강진군 강진읍 동성리 184-16,468104679157,전라남도 강진군 강진읍 보은로4길,2,,4681025021101840016604551,,전라남도 강진군 강진읍 보은로4길 2,527803,59231,,,,126.774135898392,34.6385337096596
MA010120220807795568,정광사수퍼,,G2,소매,G221,기타 상품 소매,G22199,그 외 기타 상품 전문 소매업,G47859,그 외 기타 분류 안된 상품 전문 소매업,46,전라남도,46800,장흥군,46800253,관산읍,4680025326,관산읍,4680025326104260001,1,대지,426,1,전라남도 장흥군 관산읍 옥당리 426-1,468003292028,전라남도 장흥군 관산읍 정남진로,7,,4680025326104260001042897,,전라남도 장흥군 관산읍 정남진로 7,529875,59347,,,,126.939469088264,34.5625919933931
MA010120220807808535,지력원예사,,G2,소매,G221,기타 상품 소매,G22199,그 외 기타 상품 전문 소매업,G47859,그 외 기타 분류 안된 상품 전문 소매업,46,전라남도,46900,진도군,46900350,지산면,4690035021,지산면,4690035021101170030,1,대지,117,30,전라남도 진도군 지산면 인지리 117-30,469003301030,전라남도 진도군 지산면 지산로,1193,,4690035021101170030012625,,전라남도 진도군 지산면 지산로 1193,539853,58950,,,,126.16746524912,34.4243022106368
MA010120220807774785,켐온메터리얼스,,G2,소매,G221,기타 상품 소매,G22199,그 외 기타 상품 전문 소매업,G47859,그 외 기타 분류 안된 상품 전문 소매업,26,부산광역시,26290,남구,26290610,용당동,2629010800,용당동,2629010800201000000,2,산,100,,부산광역시 남구 용당동 산100,262903131019,부산광역시 남구 신선로,365,,2629010800201000000012068,부경대학교,부산광역시 남구 신선로 365,608739,48548,,,,129.089429119424,35.11599491569
MA010120220807778945,영농상회,,G2,소매,G221,기타 상품 소매,G22199,그 외 기타 상품 전문 소매업,G47859,그 외 기타 분류 안된 상품 전문 소매업,46,전라남도,46770,고흥군,46770340,도화면,4677034027,도화면,4677034027105290006,1,대지,529,6,전라남도 고흥군 도화면 당오리 529-6,467704667204,전라남도 고흥군 도화면 동신길,31,1,4677034027105290006011691,소매점,전라남도 고흥군 도화면 동신길 31-1,548892,59529,,,,127.319865878671,34.5100662871443
MA010120220807803437,다이브타임,,G2,소매,G221,기타 상품 소매,G22199,그 외 기타 상품 전문 소매업,G47859,그 외 기타 분류 안된 상품 전문 소매업,50,제주특별자치도,50130,서귀포시,50130310,안덕면,5013031026,안덕면,5013031026116000000,1,대지,1600,,제주특별자치도 서귀포시 안덕면 덕수리 1600,501303349240,제주특별자치도 서귀포시 안덕면 평화로,431,,5013031026116000000000001,,제주특별자치도 서귀포시 안덕면 평화로 431,699922,63527,,1,,126.313515460357,33.2764277896905
MA010120220807808843,해동기계,,G2,소매,G221,기타 상품 소매,G22199,그 외 기타 상품 전문 소매업,G47859,그 외 기타 분류 안된 상품 전문 소매업,46,전라남도,46800,장흥군,46800256,대덕읍,4680025622,대덕읍,4680025622100640008,1,대지,64,8,전라남도 장흥군 대덕읍 연정리 64-8,468003017034,전라남도 장흥군 대덕읍 대대로,1002,,4680025622100640008040165,,전라남도 장흥군 대덕읍 대대로 1002,529901,59364,,,,126.895711555638,34.4986945425822
MA010120220807781693,대지상사,,G2,소매,G221,기타 상품 소매,G22199,그 외 기타 상품 전문 소매업,G47859,그 외 기타 분류 안된 상품 전문 소매업,44,충청남도,44133,천안시 서북구,44133580,부성1동,4413310900,업성동,4413310900101730000,1,대지,173,,충청남도 천안시 서북구 업성동 173,441333250021,충청남도 천안시 서북구 번영로,708,,4413310900101730000000001,,충청남도 천안시 서북구 번영로 708,331290,31077,,,,127.137914571866,36.8567546922554
MA010120220807793914,장흥편백랜드,,G2,소매,G221,기타 상품 소매,G22199,그 외 기타 상품 전문 소매업,G47859,그 외 기타 분류 안된 상품 전문 소매업,46,전라남도,46800,장흥군,46800250,장흥읍,4680025024,장흥읍,4680025024101210008,1,대지,121,8,전라남도 장흥군 장흥읍 예양리 121-8,468004676316,전라남도 장흥군 장흥읍 예양1길,21,,4680025024101210008006037,,전라남도 장흥군 장흥읍 예양1길 21,529807,59332,,,,126.902235241442,34.6741750959376
MA010120220807806487,백인당,,G2,소매,G221,기타 상품 소매,G22199,그 외 기타 상품 전문 소매업,G47519,"페인트, 창호 및 기타 건설자재 소매업",46,전라남도,46820,해남군,46820250,해남읍,4682025023,해남읍,4682025023100740003,1,대지,74,3,전라남도 해남군 해남읍 읍내리 74-3,468203294022,전라남도 해남군 해남읍 중앙2로,42,,4682025023100740003000001,,전라남도 해남군 해남읍 중앙2로 42,536805,59035,,,,126.597943476123,34.5701841132773
MA010120220807775313,일광바이오충북본부,,G2,소매,G221,기타 상품 소매,G22199,그 외 기타 상품 전문 소매업,G47859,그 외 기타 분류 안된 상품 전문 소매업,30,대전광역시,30170,서구,30170550,용문동,3017010500,용문동,3017010500102600042,1,대지,260,42,대전광역시 서구 용문동 260-42,301704298088,대전광역시 서구 계룡로662번길,50,,3017010500102600042008266,,대전광역시 서구 계룡로662번길 50,302845,35303,,2,,127.392746833696,36.3354725348776
MA010120220807784639,대경안전철물,,G2,소매,G221,기타 상품 소매,G22199,그 외 기타 상품 전문 소매업,G47859,그 외 기타 분류 안된 상품 전문 소매업,44,충청남도,44180,보령시,44180565,대천5동,4418010700,내항동,4418010700102570000,1,대지,257,,충청남도 보령시 내항동 257,441803252017,충청남도 보령시 명해로,83,,4418010700102570000000001,,충청남도 보령시 명해로 83,355080,33492,,,,126.593543094488,36.3352644833245
MA010120220807808046,풍년농약사,,G2,소매,G221,기타 상품 소매,G22199,그 외 기타 상품 전문 소매업,G47859,그 외 기타 분류 안된 상품 전문 소매업,46,전라남도,46890,완도군,46890250,완도읍,4689025021,완도읍,4689025021112720015,1,대지,1272,15,전라남도 완도군 완도읍 군내리 1272-15,468902300001,전라남도 완도군 완도읍 장보고대로,213,,4689025021112720015008128,,전라남도 완도군 완도읍 장보고대로 213,537800,59120,,,,126.749099667662,34.3167905495344
MA010120220807777471,대흥농약사,,G2,소매,G221,기타 상품 소매,G22199,그 외 기타 상품 전문 소매업,G47859,그 외 기타 분류 안된 상품 전문 소매업,46,전라남도,46770,고흥군,46770330,금산면,4677033021,금산면,4677033021103600017,1,대지,360,17,전라남도 고흥군 금산면 대흥리 360-17,467704667017,전라남도 고흥군 금산면 거금중앙길,118,,4677033021103600017068744,,전라남도 고흥군 금산면 거금중앙길 118,548931,59564,,,,127.127217498119,34.4616769129929
MA010120220807777473,천일농약사,,G2,소매,G221,기타 상품 소매,G22199,그 외 기타 상품 전문 소매업,G47859,그 외 기타 분류 안된 상품 전문 소매업,46,전라남도,46770,고흥군,46770253,도양읍,4677025324,도양읍,4677025324122370004,1,대지,2237,4,전라남도 고흥군 도양읍 봉암리 2237-4,467704667114,전라남도 고흥군 도양읍 녹동시장길,10,,4677025324122370002062279,,전라남도 고흥군 도양읍 녹동시장길 10,548905,59558,,,,127.136205980969,34.5278342071197
MA010120220807801535,황금농산,,G2,소매,G221,기타 상품 소매,G22199,그 외 기타 상품 전문 소매업,G47859,그 외 기타 분류 안된 상품 전문 소매업,47,경상북도,47150,김천시,47150320,남면,4715032028,남면,4715032028108050000,1,대지,805,,경상북도 김천시 남면 초곡리 805,471504718836,경상북도 김천시 남면 초곡길,139,,4715032028108050000000001,,경상북도 김천시 남면 초곡길 139,740871,39662,,,,128.18152565096,36.1336395317256
MA010120220807812396,풍농아라리,,G2,소매,G221,기타 상품 소매,G22199,그 외 기타 상품 전문 소매업,G47859,그 외 기타 분류 안된 상품 전문 소매업,46,전라남도,46900,진도군,46900330,의신면,4690033029,의신면,4690033029110460000,1,대지,1046,,전라남도 진도군 의신면 초사리 1046,469004855861,전라남도 진도군 의신면 초전길,22,14,4690033029110460001026343,,전라남도 진도군 의신면 초전길 22-14,539835,58936,,,,126.331828744409,34.443105159841
MA010120220807814343,신성장제,,G2,소매,G221,기타 상품 소매,G22199,그 외 기타 상품 전문 소매업,G47859,그 외 기타 분류 안된 상품 전문 소매업,46,전라남도,46810,강진군,46810360,성전면,4681036023,성전면,4681036023100380003,1,대지,38,3,전라남도 강진군 성전면 송월리 38-3,468103284049,전라남도 강진군 성전면 예향로,181,14,4681036023100380002000001,,전라남도 강진군 성전면 예향로 181-14,527813,59202,,,,126.707885813898,34.7079832527542
MA010120220807815930,해남,불교용품점,G2,소매,G221,기타 상품 소매,G22199,그 외 기타 상품 전문 소매업,G47859,그 외 기타 분류 안된 상품 전문 소매업,46,전라남도,46820,해남군,46820250,해남읍,4682025022,해남읍,4682025022101730003,1,대지,173,3,전라남도 해남군 해남읍 평동리 173-3,468203294031,전라남도 해남군 해남읍 홍교로,96,,4682025022101730003000001,,전라남도 해남군 해남읍 홍교로 96,536801,59043,,,,126.601292014917,34.5672744319894
MA010120220807821489,에이스상사,,G2,소매,G221,기타 상품 소매,G22199,그 외 기타 상품 전문 소매업,G47859,그 외 기타 분류 안된 상품 전문 소매업,41,경기도,41111,수원시 장안구,41111591,송죽동,4111113500,송죽동,4111113500102720011,1,대지,272,11,경기도 수원시 장안구 송죽동 272-11,411113174015,경기도 수원시 장안구 파장로,11,,4111113500102720011046445,,경기도 수원시 장안구 파장로 11,440800,16301,,1,,126.998860766974,37.3039276787715
MA010120220807811215,삼호냉동,,G2,소매,G221,기타 상품 소매,G22199,그 외 기타 상품 전문 소매업,N75999,그 외 기타 분류 안된 사업 지원 서비스업,46,전라남도,46830,영암군,46830310,덕진면,4683031027,덕진면,4683031027102640001,1,대지,264,1,전라남도 영암군 덕진면 덕진리 264-1,468304685071,전라남도 영암군 덕진면 내촌길,18,31,4683031027102640001000288,,전라남도 영암군 덕진면 내촌길 18-31,526823,58408,,,,126.696449992569,34.820343603497
MA010120220807832024,법인행복한토기장이,,G2,소매,G221,기타 상품 소매,G22199,그 외 기타 상품 전문 소매업,G47859,그 외 기타 분류 안된 상품 전문 소매업,46,전라남도,46800,장흥군,46800320,안양면,4680032026,안양면,4680032026103140005,1,대지,314,5,전라남도 장흥군 안양면 모령리 314-5,468003292024,전라남도 장흥군 안양면 용안로,599,,4680032026103140005028672,모령리,전라남도 장흥군 안양면 용안로 599,529852,59341,,,,126.965468440495,34.6417577769854
MA010120220807809859,금강불교전시관,,G2,소매,G221,기타 상품 소매,G22199,그 외 기타 상품 전문 소매업,G47859,그 외 기타 분류 안된 상품 전문 소매업,47,경상북도,47850,칠곡군,47850320,동명면,4785032036,동명면,4785032036108220000,1,대지,822,,경상북도 칠곡군 동명면 기성리 822,478503000049,경상북도 칠곡군 동명면 팔공산로,54,,4785032036108220000000001,,경상북도 칠곡군 동명면 팔공산로 54,718923,39855,,,,128.596560008089,35.9981008542868
MA010120220807814610,경남식품김현화흑마늘장아찌,,G2,소매,G221,기타 상품 소매,G22199,그 외 기타 상품 전문 소매업,G47859,그 외 기타 분류 안된 상품 전문 소매업,28,인천광역시,28200,남동구,28200522,구월4동,2820010100,구월동,2820010100112660011,1,대지,1266,11,인천광역시 남동구 구월동 1266-11,282004259079,인천광역시 남동구 구월로266번길,63,,2820010100112660011024878,,인천광역시 남동구 구월로266번길 63,405839,21534,,1,,126.719951412334,37.4528776515602
MA010120220807818031,선진친환경농자재,,G2,소매,G221,기타 상품 소매,G22199,그 외 기타 상품 전문 소매업,G47859,그 외 기타 분류 안된 상품 전문 소매업,46,전라남도,46820,해남군,46820250,해남읍,4682025036,해남읍,4682025036108050002,1,대지,805,2,전라남도 해남군 해남읍 구교리 805-2,468203294006,전라남도 해남군 해남읍 명량로,2995,1,4682025036108050002000001,,전라남도 해남군 해남읍 명량로 2995-1,536803,59023,,,,126.579994205609,34.58122037309
MA010120220807822161,큰뿌리유통,,G2,소매,G221,기타 상품 소매,G22199,그 외 기타 상품 전문 소매업,G47859,그 외 기타 분류 안된 상품 전문 소매업,47,경상북도,47210,영주시,47210250,풍기읍,4721025029,풍기읍,4721025029101390005,1,대지,139,5,경상북도 영주시 풍기읍 서부리 139-5,472104727534,경상북도 영주시 풍기읍 인삼로3번길,4,,4721025029101390005011731,,경상북도 영주시 풍기읍 인삼로3번길 4,750805,36025,,1,,128.524556532452,36.8731237380247
MA010120220807842979,남도총포사,,G2,소매,G221,기타 상품 소매,G22199,그 외 기타 상품 전문 소매업,G47859,그 외 기타 분류 안된 상품 전문 소매업,46,전라남도,46150,순천시,46150580,풍덕동,4615011500,풍덕동,4615011500112900026,1,대지,1290,26,전라남도 순천시 풍덕동 1290-26,461504650083,전라남도 순천시 풍덕2길,13,,4615011500112900005005443,,전라남도 순천시 풍덕2길 13,540972,57961,,,,127.495628590103,34.9404088509967
MA010120220807810071,선두총포사,,G2,소매,G221,기타 상품 소매,G22199,그 외 기타 상품 전문 소매업,G47859,그 외 기타 분류 안된 상품 전문 소매업,46,전라남도,46820,해남군,46820250,해남읍,4682025033,해남읍,4682025033100960000,1,대지,96,,전라남도 해남군 해남읍 남동리 96,468204682077,전라남도 해남군 해남읍 남동천길,14,,4682025033100960000000001,,전라남도 해남군 해남읍 남동천길 14,536805,59035,,,,126.596770389124,34.5693869773093
MA010120220807810089,고도리원예사,,G2,소매,G221,기타 상품 소매,G22199,그 외 기타 상품 전문 소매업,G47859,그 외 기타 분류 안된 상품 전문 소매업,46,전라남도,46820,해남군,46820250,해남읍,4682025024,해남읍,4682025024104010042,1,대지,401,42,전라남도 해남군 해남읍 고도리 401-42,468203294022,전라남도 해남군 해남읍 중앙2로,153,,4682025024104010042000001,,전라남도 해남군 해남읍 중앙2로 153,536801,59042,,,,126.5946839684,34.5659275541862
MA010120220807814845,풍년농약사,,G2,소매,G221,기타 상품 소매,G22199,그 외 기타 상품 전문 소매업,G47859,그 외 기타 분류 안된 상품 전문 소매업,46,전라남도,46890,완도군,46890253,금일읍,4689025328,금일읍,4689025328100310011,1,대지,31,11,전라남도 완도군 금일읍 사동리 31-11,468904854380,전라남도 완도군 금일읍 죽동2길,17,,4689025328100310011027486,,전라남도 완도군 금일읍 죽동2길 17,537905,59143,,,,127.073853335709,34.3353073339096
MA010120220807816538,강진석물,,G2,소매,G221,기타 상품 소매,G22199,그 외 기타 상품 전문 소매업,G47859,그 외 기타 분류 안된 상품 전문 소매업,46,전라남도,46810,강진군,46810370,작천면,4681037025,작천면,4681037025104070000,1,대지,407,,전라남도 강진군 작천면 토마리 407,468104679390,전라남도 강진군 작천면 토동1길,38,,4681037025104070000102163,,전라남도 강진군 작천면 토동1길 38,527823,59216,,,,126.81492093866,34.6900561387065
MA010120220807833103,해양교육문화연구소,,G2,소매,G221,기타 상품 소매,G22199,그 외 기타 상품 전문 소매업,G47859,그 외 기타 분류 안된 상품 전문 소매업,46,전라남도,46820,해남군,46820340,송지면,4682034031,송지면,4682034031101950004,1,대지,195,4,전라남도 해남군 송지면 통호리 195-4,468204682537,전라남도 해남군 송지면 중대동길,5,4,4682034031101950004000001,,전라남도 해남군 송지면 중대동길 5-4,536924,59066,,1,,126.567204375621,34.3249009867586
MA010120220807814997,청해원예사,,G2,소매,G221,기타 상품 소매,G22199,그 외 기타 상품 전문 소매업,G47859,그 외 기타 분류 안된 상품 전문 소매업,46,전라남도,46890,완도군,46890250,완도읍,4689025021,완도읍,4689025021112700003,1,대지,1270,3,전라남도 완도군 완도읍 군내리 1270-3,468904700016,전라남도 완도군 완도읍 개포로62번길,42,10,4689025021112700003008336,,전라남도 완도군 완도읍 개포로62번길 42-10,537800,59118,,,,126.748845725501,34.3181512659799
MA010120220807818230,소안선구점,,G2,소매,G221,기타 상품 소매,G22199,그 외 기타 상품 전문 소매업,G47859,그 외 기타 분류 안된 상품 전문 소매업,46,전라남도,46890,완도군,46890360,소안면,4689036021,소안면,4689036021110590001,1,대지,1059,1,전라남도 완도군 소안면 비자리 1059-1,468903300015,전라남도 완도군 소안면 소안로,248,,4689036021110590001039035,,전라남도 완도군 소안면 소안로 248,537831,59165,,,,126.652362427218,34.1683493189329
MA010120220807844683,대건금속,,G2,소매,G221,기타 상품 소매,G22199,그 외 기타 상품 전문 소매업,G47859,그 외 기타 분류 안된 상품 전문 소매업,46,전라남도,46150,순천시,46150590,남제동,4615011600,남정동,4615011600104950001,1,대지,495,1,전라남도 순천시 남정동 495-1,461504649271,전라남도 순천시 동신흥6길,4,,4615011600104950001013655,,전라남도 순천시 동신흥6길 4,540941,57997,,,,127.48905155624,34.9370012432528
MA010120220807815143,삼산농약사,,G2,소매,G221,기타 상품 소매,G22199,그 외 기타 상품 전문 소매업,G47859,그 외 기타 분류 안된 상품 전문 소매업,46,전라남도,46800,장흥군,46800253,관산읍,4680025332,관산읍,4680025332100750001,1,대지,75,1,전라남도 장흥군 관산읍 삼산리 75-1,468004676202,전라남도 장흥군 관산읍 산동1길,14,,4680025332100750001046218,,전라남도 장흥군 관산읍 산동1길 14,529874,59357,,,,126.954775982628,34.52767641751
MA010120220807825620,마리아성물방,,G2,소매,G221,기타 상품 소매,G22199,그 외 기타 상품 전문 소매업,G47859,그 외 기타 분류 안된 상품 전문 소매업,27,대구광역시,27110,중구,27110660,남산3동,2711015600,남산동,2711015600105780015,1,대지,578,15,대구광역시 중구 남산동 578-15,271104223095,대구광역시 중구 명륜로12길,35,,2711015600105780015022656,,대구광역시 중구 명륜로12길 35,700834,41969,,,,128.588382886028,35.862759758486
MA010120220807837352,대룡당한약당,,G2,소매,G221,기타 상품 소매,G22199,그 외 기타 상품 전문 소매업,G47859,그 외 기타 분류 안된 상품 전문 소매업,46,전라남도,46150,순천시,46150560,조곡동,4615011100,조곡동,4615011100101530015,1,대지,153,15,전라남도 순천시 조곡동 153-15,461503283029,전라남도 순천시 팔마로,91,,4615011100101530015011361,,전라남도 순천시 팔마로 91,540963,57964,,,,127.498465669278,34.9461660757658
MA010120220807825883,진주춘강약초,,G2,소매,G221,기타 상품 소매,G22199,그 외 기타 상품 전문 소매업,G47859,그 외 기타 분류 안된 상품 전문 소매업,48,경상남도,48170,진주시,48170420,집현면,4817042025,집현면,4817042025106190000,1,대지,619,,경상남도 진주시 집현면 정평리 619,481703332046,경상남도 진주시 집현면 응석로,326,4,4817042025106190000003856,,경상남도 진주시 집현면 응석로 326-4,660932,52637,,,,128.063061414887,35.287614019412
MA010120220807815477,관산원예,,G2,소매,G221,기타 상품 소매,G22199,그 외 기타 상품 전문 소매업,G47859,그 외 기타 분류 안된 상품 전문 소매업,46,전라남도,46800,장흥군,46800253,관산읍,4680025326,관산읍,4680025326104530013,1,대지,453,13,전라남도 장흥군 관산읍 옥당리 453-13,468003292045,전라남도 장흥군 관산읍 칠관로,1567,,4680025326104530013042612,,전라남도 장흥군 관산읍 칠관로 1567,529875,59346,,,,126.937878070389,34.5627354258808
MA010120220807823242,금산홍삼,,G2,소매,G221,기타 상품 소매,G22199,그 외 기타 상품 전문 소매업,G47859,그 외 기타 분류 안된 상품 전문 소매업,44,충청남도,44710,금산군,44710250,금산읍,4471025023,금산읍,4471025023102920012,1,대지,292,12,충청남도 금산군 금산읍 하옥리 292-12,447104571204,충청남도 금산군 금산읍 방아동1길,29,2,4471025023102920012019018,,충청남도 금산군 금산읍 방아동1길 29-2,312804,32748,,,,127.490819311514,36.0969792683719
MA010120220807839864,팔마종합상사,,G2,소매,G221,기타 상품 소매,G22199,그 외 기타 상품 전문 소매업,G47859,그 외 기타 분류 안된 상품 전문 소매업,46,전라남도,46150,순천시,46150580,풍덕동,4615011500,풍덕동,4615011500108690026,1,대지,869,26,전라남도 순천시 풍덕동 869-26,461504650005,전라남도 순천시 중앙초등3길,30,,4615011500108690026019211,,전라남도 순천시 중앙초등3길 30,540970,57963,,1,,127.503643377139,34.9425482143451
MA010120220807813670,하나로농약사,,G2,소매,G221,기타 상품 소매,G22199,그 외 기타 상품 전문 소매업,G47859,그 외 기타 분류 안된 상품 전문 소매업,46,전라남도,46810,강진군,46810350,신전면,4681035022,신전면,4681035022107310049,1,대지,731,49,전라남도 강진군 신전면 용월리 731-49,468104679246,전라남도 강진군 신전면 신전중앙길,34,,4681035022107310049080245,,전라남도 강진군 신전면 신전중앙길 34,527891,59252,,,,126.720932948507,34.514862860966
MA010120220807815583,미성친환경농자재,,G2,소매,G221,기타 상품 소매,G22199,그 외 기타 상품 전문 소매업,G47859,그 외 기타 분류 안된 상품 전문 소매업,46,전라남도,46810,강진군,46810250,강진읍,4681025025,강진읍,4681025025100710003,1,대지,71,3,전라남도 강진군 강진읍 목리 71-3,468104679332,전라남도 강진군 강진읍 이학래길,21,,4681025025100710003600776,,전라남도 강진군 강진읍 이학래길 21,527802,59240,,,,126.778600742819,34.6328989125787
MA010120220807812137,우리낚시총포사,,G2,소매,G221,기타 상품 소매,G22199,그 외 기타 상품 전문 소매업,G47859,그 외 기타 분류 안된 상품 전문 소매업,46,전라남도,46820,해남군,46820250,해남읍,4682025024,해남읍,4682025024104770008,1,대지,477,8,전라남도 해남군 해남읍 고도리 477-8,468203294003,전라남도 해남군 해남읍 남부순환로,126,,4682025024104770008000001,,전라남도 해남군 해남읍 남부순환로 126,536801,59042,,,,126.598032891849,34.5651904321481
MA010120220807818841,으뜸바이오산업,,G2,소매,G221,기타 상품 소매,G22199,그 외 기타 상품 전문 소매업,G47859,그 외 기타 분류 안된 상품 전문 소매업,46,전라남도,46810,강진군,46810320,칠량면,4681032023,칠량면,4681032023111370066,1,대지,1137,66,전라남도 강진군 칠량면 영동리 1137-66,468103293039,전라남도 강진군 칠량면 칠량로,68,7,4681032023111370006200207,,전라남도 강진군 칠량면 칠량로 68-7,527862,59261,,,,126.798202798768,34.5725273963061
MA010120220807833726,시민생활환경회의장흥분사무소사,,G2,소매,G221,기타 상품 소매,G22199,그 외 기타 상품 전문 소매업,G47859,그 외 기타 분류 안된 상품 전문 소매업,46,전라남도,46800,장흥군,46800340,장평면,4680034026,장평면,4680034026103970007,1,대지,397,7,전라남도 장흥군 장평면 봉림리 397-7,468004676093,전라남도 장흥군 장평면 농공단지길,40,,4680034026103970007015436,,전라남도 장흥군 장평면 농공단지길 40,529842,59303,,,,126.931914406712,34.8065780911211
MA010120220807810614,제일농약사,,G2,소매,G221,기타 상품 소매,G22199,그 외 기타 상품 전문 소매업,G47859,그 외 기타 분류 안된 상품 전문 소매업,46,전라남도,46890,완도군,46890250,완도읍,4689025021,완도읍,4689025021112720011,1,대지,1272,11,전라남도 완도군 완도읍 군내리 1272-11,468902300001,전라남도 완도군 완도읍 장보고대로,217,,4689025021112720011008141,,전라남도 완도군 완도읍 장보고대로 217,537800,59120,,1,,126.749448301912,34.3164667298393
MA010120220807810752,해진석재,,G2,소매,G221,기타 상품 소매,G22199,그 외 기타 상품 전문 소매업,G47859,그 외 기타 분류 안된 상품 전문 소매업,46,전라남도,46820,해남군,46820400,황산면,4682040025,황산면,4682040025100220001,1,대지,22,1,전라남도 해남군 황산면 우항리 22-1,468203294006,전라남도 해남군 황산면 명량로,1614,4,4682040025100220001000001,,전라남도 해남군 황산면 명량로 1614-4,536862,59007,,,,126.446746115714,34.5775701488144
MA010120220807819118,태성선구점,,G2,소매,G221,기타 상품 소매,G22199,그 외 기타 상품 전문 소매업,G47859,그 외 기타 분류 안된 상품 전문 소매업,46,전라남도,46890,완도군,46890256,노화읍,4689025621,노화읍,4689025621108810000,1,대지,881,,전라남도 완도군 노화읍 이포리 881,468903300008,전라남도 완도군 노화읍 노화로,859,,4689025621108810000032490,,전라남도 완도군 노화읍 노화로 859,537848,59158,,,,126.571237707421,34.1767921647598
MA010120220808097843,허브트리,,G2,소매,G221,기타 상품 소매,G22199,그 외 기타 상품 전문 소매업,G47859,그 외 기타 분류 안된 상품 전문 소매업,11,서울특별시,11470,양천구,11470540,목4동,1147010200,목동,1147010200107390005,1,대지,739,5,서울특별시 양천구 목동 739-5,114704142179,서울특별시 양천구 목동중앙본로7길,37,20,1147010200107390005000001,목동길성그랑프리텔,서울특별시 양천구 목동중앙본로7길 37-20,158815,07960,,1,,126.866417255115,37.5388106296929
MA010120220808149827,수미가발,,G2,소매,G221,기타 상품 소매,G22199,그 외 기타 상품 전문 소매업,G47422,의복 액세서리 및 모조 장신구 소매업,41,경기도,41115,수원시 팔달구,41115730,인계동,4111514100,인계동,4111514100111700000,1,대지,1170,,경기도 수원시 팔달구 인계동 1170,411152012012,경기도 수원시 팔달구 중부대로,80,,4111514100107400012000001,인계한양수자인,경기도 수원시 팔달구 중부대로 80,442070,16471,,1,,127.025978469847,37.2760737429021
MA010120220808305857,메가파이어,,G2,소매,G221,기타 상품 소매,G22199,그 외 기타 상품 전문 소매업,G47859,그 외 기타 분류 안된 상품 전문 소매업,11,서울특별시,11545,금천구,11545690,시흥3동,1154510300,시흥동,1154510300109840000,1,대지,984,,서울특별시 금천구 시흥동 984,115452005010,서울특별시 금천구 시흥대로,97,,1154510300109840000003394,시흥유통상가,서울특별시 금천구 시흥대로 97,153755,08639,,2,,126.900306843152,37.4439320161249
MA010120220808631883,초이스,,G2,소매,G221,기타 상품 소매,G22199,그 외 기타 상품 전문 소매업,G47859,그 외 기타 분류 안된 상품 전문 소매업,28,인천광역시,28185,연수구,28185830,송도2동,2818510600,송도동,2818510600100150012,1,대지,15,12,인천광역시 연수구 송도동 15-12,281854256265,인천광역시 연수구 컨벤시아대로42번길,8,,2818510600100150012000001,송도코오롱더프라우1단지,인천광역시 연수구 컨벤시아대로42번길 8,406082,22001,,3,,126.652491498515,37.3989621238792
MA010120220809177370,이화불교사,,G2,소매,G221,기타 상품 소매,G22199,그 외 기타 상품 전문 소매업,G47859,그 외 기타 분류 안된 상품 전문 소매업,47,경상북도,47113,포항시 북구,47113520,중앙동,4711310500,여천동,4711310500101310000,1,대지,131,,경상북도 포항시 북구 여천동 131,471133304013,경상북도 포항시 북구 불종로,73,7,4711310500101310000108722,자연빌,경상북도 포항시 북구 불종로 73-7,791080,37736,,1,,129.367526814153,36.0388682895992
MA010120220808580949,한국피톤치드연구소,,G2,소매,G221,기타 상품 소매,G22199,그 외 기타 상품 전문 소매업,G47859,그 외 기타 분류 안된 상품 전문 소매업,41,경기도,41135,성남시 분당구,41135550,정자1동,4113510300,정자동,4113510300101740001,1,대지,174,1,경기도 성남시 분당구 정자동 174-1,411353180021,경기도 성남시 분당구 정자일로,121,,4113510300101740001000002,분당더샵스타파크,경기도 성남시 분당구 정자일로 121,463872,13560,,2,,127.105543923579,37.361339387989
MA010120220808485972,마리텔,,G2,소매,G221,기타 상품 소매,G22199,그 외 기타 상품 전문 소매업,G47859,그 외 기타 분류 안된 상품 전문 소매업,29,광주광역시,29200,광산구,29200580,우산동,2920010900,우산동,2920010900115880001,1,대지,1588,1,광주광역시 광산구 우산동 1588-1,292002009009,광주광역시 광산구 무진대로,279,,2920010900115880001003417,우산동동부센트레빌,광주광역시 광산구 무진대로 279,506725,62355,,1,,126.810883956615,35.1618749654382
MA010120220809328165,바른씨엔에프,,G2,소매,G221,기타 상품 소매,G22199,그 외 기타 상품 전문 소매업,G47859,그 외 기타 분류 안된 상품 전문 소매업,11,서울특별시,11545,금천구,11545690,시흥3동,1154510300,시흥동,1154510300109840000,1,대지,984,,서울특별시 금천구 시흥동 984,115452005010,서울특별시 금천구 시흥대로,97,,1154510300109840000003394,시흥유통상가,서울특별시 금천구 시흥대로 97,153755,08639,,3,,126.900942153737,37.4420494300069
MA010120220807916992,누리기획,,G2,소매,G221,기타 상품 소매,G22199,그 외 기타 상품 전문 소매업,G47859,그 외 기타 분류 안된 상품 전문 소매업,46,전라남도,46130,여수시,46130800,여천동,4613013700,화장동,4613013700108820000,1,대지,882,,전라남도 여수시 화장동 882,461303282015,전라남도 여수시 덕양로,157,,4613013700108820000000001,주공3단지,전라남도 여수시 덕양로 157,555723,59636,,2,,127.635764255741,34.7730000057234
MA010120220808062462,다온세이프티,,G2,소매,G221,기타 상품 소매,G22199,그 외 기타 상품 전문 소매업,G47859,그 외 기타 분류 안된 상품 전문 소매업,11,서울특별시,11230,동대문구,11230536,용신동,1123010200,용두동,1123010200102370055,1,대지,237,55,서울특별시 동대문구 용두동 237-55,112304115526,서울특별시 동대문구 천호대로25길,61,,1123010200102370055000001,명칭없음,서울특별시 동대문구 천호대로25길 61,130823,02585,,1,,127.034007045415,37.5769394097522
MA010120220808761007,호야산업,,G2,소매,G221,기타 상품 소매,G22199,그 외 기타 상품 전문 소매업,G47859,그 외 기타 분류 안된 상품 전문 소매업,41,경기도,41461,용인시 처인구,41461540,동부동,4146110700,마평동,4146110700106980003,1,대지,698,3,경기도 용인시 처인구 마평동 698-3,414613203007,경기도 용인시 처인구 고림로,56,,4146110700106980003000001,엔젤하임,경기도 용인시 처인구 고림로 56,449929,17152,,2,,127.214653979757,37.2380202177549
MA010120220808283646,은아인삼,,G2,소매,G221,기타 상품 소매,G22199,그 외 기타 상품 전문 소매업,G47859,그 외 기타 분류 안된 상품 전문 소매업,26,부산광역시,26230,부산진구,26230510,부전1동,2623010300,부전동,2623010300105730026,1,대지,573,26,부산광역시 부산진구 부전동 573-26,262304187696,부산광역시 부산진구 중앙대로783번길,23,,2623010300105730021011896,부전점포,부산광역시 부산진구 중앙대로783번길 23,614848,47251,,2,,129.061156600134,35.1630333001005
MA010120220808130412,조아요,,G2,소매,G221,기타 상품 소매,G22199,그 외 기타 상품 전문 소매업,G47422,의복 액세서리 및 모조 장신구 소매업,11,서울특별시,11740,강동구,11740650,성내2동,1174010800,성내동,1174010800100640013,1,대지,64,13,서울특별시 강동구 성내동 64-13,117402000008,서울특별시 강동구 천호대로,1006,,1174010800100640013000002,브라운스톤천호,서울특별시 강동구 천호대로 1006,134840,05378,,3,,127.12374877508,37.537965394607
MA010120220808823388,성진사이언스,,G2,소매,G221,기타 상품 소매,G22199,그 외 기타 상품 전문 소매업,G47859,그 외 기타 분류 안된 상품 전문 소매업,11,서울특별시,11350,노원구,11350665,상계3.4동,1135010500,상계동,1135010500113200000,1,대지,1320,,서울특별시 노원구 상계동 1320,113504130127,서울특별시 노원구 덕릉로127길,25,,1135010500100600012003647,미라보,서울특별시 노원구 덕릉로127길 25,139204,01634,,2,,127.08157835568,37.6722495369929
MA010120220807952951,칠성인삼,,G2,소매,G221,기타 상품 소매,G22199,그 외 기타 상품 전문 소매업,G47859,그 외 기타 분류 안된 상품 전문 소매업,27,대구광역시,27230,북구,27230526,칠성동,2723010100,칠성동1가,2723010100100230008,1,대지,23,8,대구광역시 북구 칠성동1가 23-8,272304235404,대구광역시 북구 칠성시장로7길,17,18,2723010100100170003000001,칠성상가,대구광역시 북구 칠성시장로7길 17-18,702061,41582,,1,,128.602543974381,35.8755030478709
MA010120220809007419,데이플라컴퍼니,,G2,소매,G221,기타 상품 소매,G22199,그 외 기타 상품 전문 소매업,G47859,그 외 기타 분류 안된 상품 전문 소매업,11,서울특별시,11740,강동구,11740590,암사3동,1174010700,암사동,1174010700104410010,1,대지,441,10,서울특별시 강동구 암사동 441-10,117403124001,서울특별시 강동구 고덕로,47,,1174010700104410010023575,정산아파트,서울특별시 강동구 고덕로 47,134855,05238,,3,,127.130420194589,37.5550141150205
MA010120220809020269,고려불교,,G2,소매,G221,기타 상품 소매,G22199,그 외 기타 상품 전문 소매업,G47859,그 외 기타 분류 안된 상품 전문 소매업,27,대구광역시,27230,북구,27230526,칠성동,2723010100,칠성동1가,2723010100100850000,1,대지,85,,대구광역시 북구 칠성동1가 85,272304235403,대구광역시 북구 칠성시장로5길,14,,2723010100100850000043715,북문상가,대구광역시 북구 칠성시장로5길 14,702061,41582,,1,,128.603860847365,35.8754674458159
MA010120220809059150,태극미싱부속상사,,G2,소매,G221,기타 상품 소매,G22199,그 외 기타 상품 전문 소매업,G47859,그 외 기타 분류 안된 상품 전문 소매업,27,대구광역시,27110,중구,27110595,대신동,2711015400,대신동,2711015400100690026,1,대지,69,26,대구광역시 중구 대신동 69-26,271103141003,대구광역시 중구 달성공원로,10,,2711015400100690026002766,,대구광역시 중구 달성공원로 10,700814,41925,,,,128.579744261032,35.8714976455926
MA010120220809066304,세명농약사,,G2,소매,G221,기타 상품 소매,G22199,그 외 기타 상품 전문 소매업,G47859,그 외 기타 분류 안된 상품 전문 소매업,47,경상북도,47850,칠곡군,47850360,약목면,4785036028,약목면,4785036028101590001,1,대지,159,1,경상북도 칠곡군 약목면 복성리 159-1,478502000028,경상북도 칠곡군 약목면 칠곡대로,634,,4785036028101590001027057,,경상북도 칠곡군 약목면 칠곡대로 634,718814,39823,,1,,128.363502764552,36.0367345846231
MA010120220809037649,"로또복권,금성인삼사",,G2,소매,G221,기타 상품 소매,G22199,그 외 기타 상품 전문 소매업,G47859,그 외 기타 분류 안된 상품 전문 소매업,27,대구광역시,27110,중구,27110575,성내2동,2711011900,동성로3가,2711011900100490000,1,대지,49,,대구광역시 중구 동성로3가 49,271103141002,대구광역시 중구 남성로,56,,2711011900100490000006795,,대구광역시 중구 남성로 56,700093,41936,,,,128.592730958987,35.8670547069814
MA010120220809050987,금성수족관,,G2,소매,G221,기타 상품 소매,G22199,그 외 기타 상품 전문 소매업,G47859,그 외 기타 분류 안된 상품 전문 소매업,27,대구광역시,27170,서구,27170640,평리3동,2717010300,평리동,2717010300107180006,1,대지,718,6,대구광역시 서구 평리동 718-6,271703143005,대구광역시 서구 북비산로,214,,2717010300107180025018069,,대구광역시 서구 북비산로 214,703839,41770,,,,128.556726932598,35.8788902213573
MA010120220809070230,신일종합상사,,G2,소매,G221,기타 상품 소매,G22199,그 외 기타 상품 전문 소매업,G47859,그 외 기타 분류 안된 상품 전문 소매업,27,대구광역시,27140,동구,27140590,효목1동,2714010300,효목동,2714010300101780019,1,대지,178,19,대구광역시 동구 효목동 178-19,271404226370,대구광역시 동구 화랑로37길,60,,2714010300101780019045853,,대구광역시 동구 화랑로37길 60,701843,41177,,1,,128.644683364926,35.8797273937212
MA010120220809063870,재림수지,,G2,소매,G221,기타 상품 소매,G22199,그 외 기타 상품 전문 소매업,G47859,그 외 기타 분류 안된 상품 전문 소매업,27,대구광역시,27110,중구,27110517,동인동,2711010300,동인동3가,2711010300102890001,1,대지,289,1,대구광역시 중구 동인동3가 289-1,271104223024,대구광역시 중구 국채보상로149길,73,,2711010300102890001012703,,대구광역시 중구 국채보상로149길 73,700845,41906,,,,128.611007168022,35.8718753719979
MA010120220809051394,보강인삼사,,G2,소매,G221,기타 상품 소매,G22199,그 외 기타 상품 전문 소매업,G47859,그 외 기타 분류 안된 상품 전문 소매업,27,대구광역시,27110,중구,27110595,대신동,2711015400,대신동,2711015400101150183,1,대지,115,183,대구광역시 중구 대신동 115-183,271103007001,대구광역시 중구 국채보상로,452,12,2711015400101150183000001,,대구광역시 중구 국채보상로 452-12,700320,41926,,,,128.58002323664,35.8699349951247
MA010120220809040896,경동인삼사,,G2,소매,G221,기타 상품 소매,G22199,그 외 기타 상품 전문 소매업,G47859,그 외 기타 분류 안된 상품 전문 소매업,27,대구광역시,27110,중구,27110595,대신동,2711015400,대신동,2711015400101150088,1,대지,115,88,대구광역시 중구 대신동 115-88,271103007001,대구광역시 중구 국채보상로,454,,2711015400101150088014394,,대구광역시 중구 국채보상로 454,700320,41926,,1,,128.580284612801,35.8702739914518
MA010120220809054948,천지만물사,,G2,소매,G221,기타 상품 소매,G22199,그 외 기타 상품 전문 소매업,G47859,그 외 기타 분류 안된 상품 전문 소매업,27,대구광역시,27110,중구,27110565,성내1동,2711010800,봉산동,2711010800102300262,1,대지,230,262,대구광역시 중구 봉산동 230-262,271103141007,대구광역시 중구 명륜로,121,53,2711010800102300262027404,,대구광역시 중구 명륜로 121-53,700823,41958,,,,128.596430577316,35.8605263677147
MA010120220809070692,은진섬유,,G2,소매,G221,기타 상품 소매,G22199,그 외 기타 상품 전문 소매업,G47859,그 외 기타 분류 안된 상품 전문 소매업,27,대구광역시,27170,서구,27170675,상중이동,2717010600,이현동,2717010600100420299,1,대지,42,299,대구광역시 서구 이현동 42-299,271703143005,대구광역시 서구 북비산로,12,22,2717010600100420299030711,,대구광역시 서구 북비산로 12-22,703830,41752,,2,,128.533238398254,35.876425863792
MA010120220809043502,애드아이템,,G2,소매,G221,기타 상품 소매,G22199,그 외 기타 상품 전문 소매업,G47859,그 외 기타 분류 안된 상품 전문 소매업,27,대구광역시,27230,북구,27230671,복현1동,2723011200,복현동,2723011200104670012,1,대지,467,12,대구광역시 북구 복현동 467-12,272304235030,대구광역시 북구 경대로23길,8,,2723011200104670012020423,,대구광역시 북구 경대로23길 8,702832,41565,,,,128.618349483445,35.8904662655803
MA010120220809064723,아리랑농약사,,G2,소매,G221,기타 상품 소매,G22199,그 외 기타 상품 전문 소매업,G47859,그 외 기타 분류 안된 상품 전문 소매업,47,경상북도,47850,칠곡군,47850360,약목면,4785036028,약목면,4785036028109490005,1,대지,949,5,경상북도 칠곡군 약목면 복성리 949-5,478504766409,경상북도 칠곡군 약목면 약목로2길,2,1,4785036028109490005027087,,경상북도 칠곡군 약목면 약목로2길 2-1,718814,39826,,1,,128.366539821695,36.0327079153182
MA010120220809064945,칠곡농약사,,G2,소매,G221,기타 상품 소매,G22199,그 외 기타 상품 전문 소매업,G47859,그 외 기타 분류 안된 상품 전문 소매업,27,대구광역시,27230,북구,27230770,읍내동,2723011800,읍내동,2723011800107890005,1,대지,789,5,대구광역시 북구 읍내동 789-5,272302145001,대구광역시 북구 칠곡중앙대로,542,1,2723011800107890006042070,,대구광역시 북구 칠곡중앙대로 542-1,702849,41433,,,,128.551186982447,35.9439523503553
MA010120220809067663,큰장인삼직판장,,G2,소매,G221,기타 상품 소매,G22199,그 외 기타 상품 전문 소매업,G47859,그 외 기타 분류 안된 상품 전문 소매업,27,대구광역시,27110,중구,27110595,대신동,2711015400,대신동,2711015400101150426,1,대지,115,426,대구광역시 중구 대신동 115-426,271103141016,대구광역시 중구 큰장로,120,11,2711015400101150426002759,,대구광역시 중구 큰장로 120-11,700320,41926,,1,,128.57935463398,35.8691597926188
MA010120220809039250,조성호WIGFORMAN,,G2,소매,G221,기타 상품 소매,G22199,그 외 기타 상품 전문 소매업,G47859,그 외 기타 분류 안된 상품 전문 소매업,27,대구광역시,27110,중구,27110680,대봉1동,2711015700,대봉동,2711015700100200045,1,대지,20,45,대구광역시 중구 대봉동 20-45,271104223054,대구광역시 중구 달구벌대로440길,7,,2711015700100200045018214,,대구광역시 중구 달구벌대로440길 7,700809,41951,,2,,128.603887133852,35.8624906518128
MA010120220809037512,전자담배,,G2,소매,G221,기타 상품 소매,G22199,그 외 기타 상품 전문 소매업,G47859,그 외 기타 분류 안된 상품 전문 소매업,27,대구광역시,27140,동구,27140640,지저동,2714010800,지저동,2714010800106840005,1,대지,684,5,대구광역시 동구 지저동 684-5,271403007002,대구광역시 동구 공항로,250,,2714010800106840005000483,,대구광역시 동구 공항로 250,701853,41045,,,,128.639863600858,35.8962209820821
MA010120220809063336,아진미싱,,G2,소매,G221,기타 상품 소매,G22199,그 외 기타 상품 전문 소매업,G47859,그 외 기타 분류 안된 상품 전문 소매업,27,대구광역시,27110,중구,27110595,대신동,2711015400,대신동,2711015400101660010,1,대지,166,10,대구광역시 중구 대신동 166-10,271104223061,대구광역시 중구 달성공원로4길,28,,2711015400101660010003035,,대구광역시 중구 달성공원로4길 28,700815,41925,,,,128.581039308044,35.8714806045966
MA010120220809069659,드림유통,,G2,소매,G221,기타 상품 소매,G22199,그 외 기타 상품 전문 소매업,G47859,그 외 기타 분류 안된 상품 전문 소매업,27,대구광역시,27110,중구,27110517,동인동,2711010100,동인동1가,2711010100103680003,1,대지,368,3,대구광역시 중구 동인동1가 368-3,271103141011,대구광역시 중구 태평로,256,4,2711010100103680003011096,,대구광역시 중구 태평로 256-4,700421,41905,,,,128.605125532654,35.8722965560787
MA010120220809110097,영천수석원,,G2,소매,G221,기타 상품 소매,G22199,그 외 기타 상품 전문 소매업,G47859,그 외 기타 분류 안된 상품 전문 소매업,47,경상북도,47230,영천시,47230250,금호읍,4723025026,금호읍,4723025026101060004,1,대지,106,4,경상북도 영천시 금호읍 원제리 106-4,472304730031,경상북도 영천시 금호읍 고수골길,26,,4723025026101060004000001,,경상북도 영천시 금호읍 고수골길 26,770805,38874,,,,128.904546943308,35.9533358686144
MA010120220809081484,청운약업사,,G2,소매,G221,기타 상품 소매,G22199,그 외 기타 상품 전문 소매업,G47859,그 외 기타 분류 안된 상품 전문 소매업,27,대구광역시,27230,북구,27230735,태전2동,2723012600,태전동,2723012600110250016,1,대지,1025,16,대구광역시 북구 태전동 1025-16,272303145048,대구광역시 북구 팔거천서로,43,2,2723012600110250016022670,,대구광역시 북구 팔거천서로 43-2,702866,41460,,1,,128.551492198457,35.928953441184
MA010120220809116149,누리허브,,G2,소매,G221,기타 상품 소매,G22199,그 외 기타 상품 전문 소매업,G47859,그 외 기타 분류 안된 상품 전문 소매업,48,경상남도,48127,창원시 마산회원구,48127250,내서읍,4812725025,내서읍,4812725025110540000,1,대지,1054,,경상남도 창원시 마산회원구 내서읍 중리 1054,481273330025,경상남도 창원시 마산회원구 내서읍 중리상곡로,20,,4812725025110540000043010,중리백로2차,경상남도 창원시 마산회원구 내서읍 중리상곡로 20,630788,51228,,,,128.50511266113,35.2435095827189
MA010120220809117303,형제총포사,,G2,소매,G221,기타 상품 소매,G22199,그 외 기타 상품 전문 소매업,G47859,그 외 기타 분류 안된 상품 전문 소매업,47,경상북도,47130,경주시,47130630,동천동,4713012600,동천동,4713012600109130001,1,대지,913,1,경상북도 경주시 동천동 913-1,471303305039,경상북도 경주시 알천북로,265,2,4713012600109130001040377,,경상북도 경주시 알천북로 265-2,780933,38111,,,,129.227410160215,35.8469142505308
MA010120220809082147,산성불교사,,G2,소매,G221,기타 상품 소매,G22199,그 외 기타 상품 전문 소매업,G47859,그 외 기타 분류 안된 상품 전문 소매업,41,경기도,41133,성남시 중원구,41133510,성남동,4113310100,성남동,4113310100131250000,1,대지,3125,,경기도 성남시 중원구 성남동 3125,411332179001,경기도 성남시 중원구 둔촌대로,181,,4113310100131250000066444,,경기도 성남시 중원구 둔촌대로 181,462827,13371,,1,,127.139038060415,37.429836446038
MA010120220809078805,조양,,G2,소매,G221,기타 상품 소매,G22199,그 외 기타 상품 전문 소매업,G47859,그 외 기타 분류 안된 상품 전문 소매업,47,경상북도,47850,칠곡군,47850370,기산면,4785037028,기산면,4785037028106210017,1,대지,621,17,경상북도 칠곡군 기산면 죽전리 621-17,478504766022,경상북도 칠곡군 기산면 강정길,26,24,4785037028106210017001468,,경상북도 칠곡군 기산면 강정길 26-24,718852,39914,,,,128.386735170838,35.9835075168841
MA010120220809107197,한국신용카드체크기,,G2,소매,G221,기타 상품 소매,G22199,그 외 기타 상품 전문 소매업,G47859,그 외 기타 분류 안된 상품 전문 소매업,47,경상북도,47111,포항시 남구,47111525,상대동,4711110200,대도동,4711110200100570001,1,대지,57,1,경상북도 포항시 남구 대도동 57-1,471114709094,경상북도 포항시 남구 대해로91번길,2,,4711110200100570001132378,,경상북도 포항시 남구 대해로91번길 2,790821,37779,,,,129.363164158828,36.0224392315386
MA010120220809110804,대일전기,,G2,소매,G221,기타 상품 소매,G22199,그 외 기타 상품 전문 소매업,G47859,그 외 기타 분류 안된 상품 전문 소매업,47,경상북도,47130,경주시,47130621,황성동,4713012400,황성동,4713012400110710009,1,대지,1071,9,경상북도 경주시 황성동 1071-9,471304715983,경상북도 경주시 유림로33번길,58,,4713012400110710009000001,,경상북도 경주시 유림로33번길 58,780952,38071,,,,129.219263196888,35.8754298280887
MA010120220809110864,청통농약사,,G2,소매,G221,기타 상품 소매,G22199,그 외 기타 상품 전문 소매업,G47859,그 외 기타 분류 안된 상품 전문 소매업,47,경상북도,47230,영천시,47230310,청통면,4723031030,청통면,4723031030100440000,1,대지,44,,경상북도 영천시 청통면 치일리 44,472303310032,경상북도 영천시 청통면 금송로,1011,,4723031030100440001047204,,경상북도 영천시 청통면 금송로 1011,770892,38869,,,,128.820139317571,35.9942492107198
MA010120220809105527,풍기인삼,,G2,소매,G221,기타 상품 소매,G22199,그 외 기타 상품 전문 소매업,G47859,그 외 기타 분류 안된 상품 전문 소매업,47,경상북도,47130,경주시,47130550,성건동,4713010800,성건동,4713010800103390002,1,대지,339,2,경상북도 경주시 성건동 339-2,471303305009,경상북도 경주시 금성로,295,,4713010800103390002004779,중앙시장,경상북도 경주시 금성로 295,780943,38156,,,,129.206743536349,35.8439528612304
MA010120220809107316,조홍건재한약품,,G2,소매,G221,기타 상품 소매,G22199,그 외 기타 상품 전문 소매업,G47859,그 외 기타 분류 안된 상품 전문 소매업,47,경상북도,47130,경주시,47130530,황오동,4713010500,황오동,4713010500101840004,1,대지,184,4,경상북도 경주시 황오동 184-4,471303305066,경상북도 경주시 화랑로,138,,4713010500101840004000787,,경상북도 경주시 화랑로 138,780958,38153,,,,129.216034905226,35.8441872667328
MA010120220809109065,영풍농약사,,G2,소매,G221,기타 상품 소매,G22199,그 외 기타 상품 전문 소매업,G47859,그 외 기타 분류 안된 상품 전문 소매업,47,경상북도,47230,영천시,47230250,금호읍,4723025021,금호읍,4723025021101600007,1,대지,160,7,경상북도 영천시 금호읍 교대리 160-7,472303310033,경상북도 영천시 금호읍 금호로,122,,4723025021101600007066774,,경상북도 영천시 금호읍 금호로 122,770802,38877,,,,128.874963991006,35.9316079505304
MA010120220809112826,시장불교서점,,G2,소매,G221,기타 상품 소매,G22199,그 외 기타 상품 전문 소매업,G47859,그 외 기타 분류 안된 상품 전문 소매업,47,경상북도,47230,영천시,47230540,완산동,4723011300,완산동,4723011300109820003,1,대지,982,3,경상북도 영천시 완산동 982-3,472304730384,경상북도 영천시 시장4길,52,,4723011300109820003010647,,경상북도 영천시 시장4길 52,770905,38889,,,,128.938582056907,35.9642524801552
MA010120220809105794,새아유통,,G2,소매,G221,기타 상품 소매,G22199,그 외 기타 상품 전문 소매업,G47859,그 외 기타 분류 안된 상품 전문 소매업,47,경상북도,47230,영천시,47230555,남부동,4723011200,금노동,4723011200105840007,1,대지,584,7,경상북도 영천시 금노동 584-7,472303305004,경상북도 영천시 강변로,43,,4723011200105840007010475,,경상북도 영천시 강변로 43,770060,38887,,1,,128.927566759092,35.9611500511857
MA010120220809105858,중앙농약사,,G2,소매,G221,기타 상품 소매,G22199,그 외 기타 상품 전문 소매업,G47859,그 외 기타 분류 안된 상품 전문 소매업,47,경상북도,47230,영천시,47230250,금호읍,4723025021,금호읍,4723025021101590005,1,대지,159,5,경상북도 영천시 금호읍 교대리 159-5,472303310006,경상북도 영천시 금호읍 금창로,3,1,4723025021101590005047828,,경상북도 영천시 금호읍 금창로 3-1,770802,38877,,,,128.875539700369,35.9315899436029
MA010120220809113127,해동농약사,,G2,소매,G221,기타 상품 소매,G22199,그 외 기타 상품 전문 소매업,G47859,그 외 기타 분류 안된 상품 전문 소매업,47,경상북도,47130,경주시,47130550,성건동,4713010800,성건동,4713010800103420001,1,대지,342,1,경상북도 경주시 성건동 342-1,471304715968,경상북도 경주시 원효로51번길,13,,4713010800103420001022596,,경상북도 경주시 원효로51번길 13,780943,38156,,,,129.206284878884,35.8433756073383
MA010120220809107664,화랑총포사,,G2,소매,G221,기타 상품 소매,G22199,그 외 기타 상품 전문 소매업,G47859,그 외 기타 분류 안된 상품 전문 소매업,47,경상북도,47130,경주시,47130530,황오동,4713010500,황오동,4713010500102870000,1,대지,287,,경상북도 경주시 황오동 287,471303305048,경상북도 경주시 원효로,137,,4713010500102870000000001,,경상북도 경주시 원효로 137,780958,38153,,,,129.216007184623,35.8419982416975
MA010120220809109416,새마을농약사,,G2,소매,G221,기타 상품 소매,G22199,그 외 기타 상품 전문 소매업,G47859,그 외 기타 분류 안된 상품 전문 소매업,47,경상북도,47130,경주시,47130259,외동읍,4713025921,외동읍,4713025921110180007,1,대지,1018,7,경상북도 경주시 외동읍 입실리 1018-7,471304716018,경상북도 경주시 외동읍 입실시장길,8,6,4713025921110180007072597,,경상북도 경주시 외동읍 입실시장길 8-6,780827,38213,,,,129.325708852102,35.7145998897381
MA010120220809113261,포항총포레져,,G2,소매,G221,기타 상품 소매,G22199,그 외 기타 상품 전문 소매업,G47859,그 외 기타 분류 안된 상품 전문 소매업,47,경상북도,47113,포항시 북구,47113665,용흥동,4711311700,용흥동,4711311700103290009,1,대지,329,9,경상북도 포항시 북구 용흥동 329-9,471133304028,경상북도 포항시 북구 용흥로,68,,4711311700103290009136419,,경상북도 포항시 북구 용흥로 68,791811,37688,,,,129.352937886903,36.0354795708813
MA010120220809115259,금호친환경,,G2,소매,G221,기타 상품 소매,G22199,그 외 기타 상품 전문 소매업,G47859,그 외 기타 분류 안된 상품 전문 소매업,47,경상북도,47230,영천시,47230250,금호읍,4723025022,금호읍,4723025022101140005,1,대지,114,5,경상북도 영천시 금호읍 덕성리 114-5,472303310033,경상북도 영천시 금호읍 금호로,69,,4723025022101140005047566,,경상북도 영천시 금호읍 금호로 69,770802,38881,,,,128.869303040386,35.9306960472547
MA010120220809095701,천개의우물주,,G2,소매,G221,기타 상품 소매,G22199,그 외 기타 상품 전문 소매업,G47859,그 외 기타 분류 안된 상품 전문 소매업,27,대구광역시,27230,북구,27230526,칠성동,2723010100,칠성동1가,2723010100100180121,1,대지,18,121,대구광역시 북구 칠성동1가 18-121,272304235404,대구광역시 북구 칠성시장로7길,39,2,2723010100100180121008866,,대구광역시 북구 칠성시장로7길 39-2,702061,41582,,,,128.601758422562,35.8755315503273
MA010120220809106202,한국원예자재센타,,G2,소매,G221,기타 상품 소매,G22199,그 외 기타 상품 전문 소매업,G47859,그 외 기타 분류 안된 상품 전문 소매업,47,경상북도,47130,경주시,47130605,월성동,4713012300,보문동,4713012300103060001,1,대지,306,1,경상북도 경주시 보문동 306-1,471304715491,경상북도 경주시 보문마을3길,58,,4713012300103060001000001,,경상북도 경주시 보문마을3길 58,780100,38175,,,,129.253815827291,35.8332304665803
MA010120220809106275,경주레저총포사,,G2,소매,G221,기타 상품 소매,G22199,그 외 기타 상품 전문 소매업,G47859,그 외 기타 분류 안된 상품 전문 소매업,47,경상북도,47130,경주시,47130570,황남동,4713010900,사정동,4713010900100490008,1,대지,49,8,경상북도 경주시 사정동 49-8,471303305009,경상북도 경주시 금성로,220,,4713010900100490008009539,,경상북도 경주시 금성로 220,780939,38167,,,,129.207373318801,35.8371293827025
MA010120220809109738,불교서점,,G2,소매,G221,기타 상품 소매,G22199,그 외 기타 상품 전문 소매업,G47859,그 외 기타 분류 안된 상품 전문 소매업,47,경상북도,47130,경주시,47130530,황오동,4713010500,황오동,4713010500101100009,1,대지,110,9,경상북도 경주시 황오동 110-9,471303305047,경상북도 경주시 원화로,230,1,4713010500101100009029309,,경상북도 경주시 원화로 230-1,780957,38160,,,,129.217675127229,35.8410934455634
MA010120220809101865,성심한약품,,G2,소매,G221,기타 상품 소매,G22199,그 외 기타 상품 전문 소매업,G47859,그 외 기타 분류 안된 상품 전문 소매업,47,경상북도,47130,경주시,47130550,성건동,4713010800,성건동,4713010800101780026,1,대지,178,26,경상북도 경주시 성건동 178-26,471303305009,경상북도 경주시 금성로,335,,4713010800101780026004716,,경상북도 경주시 금성로 335,780942,38142,,,,129.206766449641,35.8475746421622
MA010120220809122417,대신농약할인마트,,G2,소매,G221,기타 상품 소매,G22199,그 외 기타 상품 전문 소매업,G47859,그 외 기타 분류 안된 상품 전문 소매업,47,경상북도,47230,영천시,47230510,동부동,4723010100,조교동,4723010100106960001,1,대지,696,1,경상북도 영천시 조교동 696-1,472303018037,경상북도 영천시 호국로,156,,4723010100106960001000001,대신농약할인마트,경상북도 영천시 호국로 156,770120,38865,,,,128.954480916547,35.976122960922
MA010120220809155471,굿모닝가발,,G2,소매,G221,기타 상품 소매,G22199,그 외 기타 상품 전문 소매업,G47422,의복 액세서리 및 모조 장신구 소매업,47,경상북도,47111,포항시 남구,47111590,대이동,4711111600,대잠동,4711111600109550000,1,대지,955,,경상북도 포항시 남구 대잠동 955,471112303001,경상북도 포항시 남구 새천년대로,408,,4711111600109550000120628,,경상북도 포항시 남구 새천년대로 408,790826,37762,,,,129.343443772526,36.0123207919893
MA010120220809135445,신진농약사,,G2,소매,G221,기타 상품 소매,G22199,그 외 기타 상품 전문 소매업,G47859,그 외 기타 분류 안된 상품 전문 소매업,47,경상북도,47230,영천시,47230320,신녕면,4723032027,신녕면,4723032027108670007,1,대지,867,7,경상북도 영천시 신녕면 화성리 867-7,472304730260,경상북도 영천시 신녕면 본관시장길,21,1,4723032027108670007047096,,경상북도 영천시 신녕면 본관시장길 21-1,770812,38803,,,,128.787142286569,36.0419808498526
MA010120220809120863,동화농약종묘사,,G2,소매,G221,기타 상품 소매,G22199,그 외 기타 상품 전문 소매업,G47859,그 외 기타 분류 안된 상품 전문 소매업,47,경상북도,47230,영천시,47230510,동부동,4723010100,조교동,4723010100107590000,1,대지,759,,경상북도 영천시 조교동 759,472304730580,경상북도 영천시 장천2길,17,,4723010100107590000000001,,경상북도 영천시 장천2길 17,770120,38865,,,,128.952984095986,35.9707138649346
MA010120220809122838,듀오시스템,,G2,소매,G221,기타 상품 소매,G22199,그 외 기타 상품 전문 소매업,G47859,그 외 기타 분류 안된 상품 전문 소매업,47,경상북도,47130,경주시,47130621,황성동,4713012400,황성동,4713012400102760006,1,대지,276,6,경상북도 경주시 황성동 276-6,471304716328,경상북도 경주시 황성로69번길,9,,4713012400102760006024772,청우3차,경상북도 경주시 황성로69번길 9,780953,38080,,,,129.216799801932,35.8684742540521
MA010120220809143510,지키미,,G2,소매,G221,기타 상품 소매,G22199,그 외 기타 상품 전문 소매업,G47859,그 외 기타 분류 안된 상품 전문 소매업,47,경상북도,47113,포항시 북구,47113250,흥해읍,4711325027,흥해읍,4711325027103310003,1,대지,331,3,경상북도 포항시 북구 흥해읍 남성리 331-3,471133304003,경상북도 포항시 북구 흥해읍 남미질로,21,,4711325027103310003012330,효심가정방문요양센터,경상북도 포항시 북구 흥해읍 남미질로 21,791943,37545,,1,,129.345495294917,36.1053710727825
MA010120220809120961,풍농,,G2,소매,G221,기타 상품 소매,G22199,그 외 기타 상품 전문 소매업,G47859,그 외 기타 분류 안된 상품 전문 소매업,47,경상북도,47230,영천시,47230250,금호읍,4723025021,금호읍,4723025021103510003,1,대지,351,3,경상북도 영천시 금호읍 교대리 351-3,472304730055,경상북도 영천시 금호읍 교대길,31,,4723025021103510003000001,,경상북도 영천시 금호읍 교대길 31,770802,38879,,,,128.870535571208,35.9336324285279
MA010120220809133388,유림농약농자재,백화점,G2,소매,G221,기타 상품 소매,G22199,그 외 기타 상품 전문 소매업,G47859,그 외 기타 분류 안된 상품 전문 소매업,47,경상북도,47230,영천시,47230250,금호읍,4723025021,금호읍,4723025021101680006,1,대지,168,6,경상북도 영천시 금호읍 교대리 168-6,472304730089,경상북도 영천시 금호읍 금호시장길,50,1,4723025021101680006047487,,경상북도 영천시 금호읍 금호시장길 50-1,770802,38877,,,,128.872575520936,35.9318074398521
MA010120220809123226,삼창민속,,G2,소매,G221,기타 상품 소매,G22199,그 외 기타 상품 전문 소매업,G47859,그 외 기타 분류 안된 상품 전문 소매업,47,경상북도,47230,영천시,47230520,중앙동,4723012700,매산동,4723012700111370000,1,대지,1137,,경상북도 영천시 매산동 1137,472304730204,경상북도 영천시 매산숲길,39,,4723012700111370000000001,,경상북도 영천시 매산숲길 39,770220,38822,,,,128.92071435945,36.0350941402486
MA010120220809129343,예당수석공방,,G2,소매,G221,기타 상품 소매,G22199,그 외 기타 상품 전문 소매업,G47859,그 외 기타 분류 안된 상품 전문 소매업,47,경상북도,47130,경주시,47130330,내남면,4713033025,내남면,4713033025105820011,1,대지,582,11,경상북도 경주시 내남면 용장리 582-11,471303305063,경상북도 경주시 내남면 포석로,357,,4713033025105820011092674,,경상북도 경주시 내남면 포석로 357,780853,38197,,,,129.205142557917,35.7732948672376
MA010120220809129492,양키캔들경주점,,G2,소매,G221,기타 상품 소매,G22199,그 외 기타 상품 전문 소매업,G46499,그 외 기타 생활용품 도매업,47,경상북도,47130,경주시,47130530,황오동,4713010500,황오동,4713010500103410027,1,대지,341,27,경상북도 경주시 황오동 341-27,471303305048,경상북도 경주시 원효로,118,2,4713010500103410007007019,,경상북도 경주시 원효로 118-2,780958,38159,,,,129.213831793756,35.8417680428361
MA010120220809136163,대창농약사,,G2,소매,G221,기타 상품 소매,G22199,그 외 기타 상품 전문 소매업,G47859,그 외 기타 분류 안된 상품 전문 소매업,47,경상북도,47230,영천시,47230400,대창면,4723040032,대창면,4723040032110760016,1,대지,1076,16,경상북도 영천시 대창면 대창리 1076-16,472303310006,경상북도 영천시 대창면 금창로,685,,4723040032110760036006617,,경상북도 영천시 대창면 금창로 685,770912,38911,,,,128.896896837647,35.8752783809794
MA010120220809136223,평천농약사종묘,,G2,소매,G221,기타 상품 소매,G22199,그 외 기타 상품 전문 소매업,G47859,그 외 기타 분류 안된 상품 전문 소매업,47,경상북도,47230,영천시,47230370,임고면,4723037025,임고면,4723037025107460001,1,대지,746,1,경상북도 영천시 임고면 평천리 746-1,472303018008,경상북도 영천시 임고면 포은로,769,,4723037025107460001048492,,경상북도 영천시 임고면 포은로 769,770864,38819,,,,128.983843103743,36.0423557085228
MA010120220809158563,석천어상자,,G2,소매,G221,기타 상품 소매,G22199,그 외 기타 상품 전문 소매업,G47859,그 외 기타 분류 안된 상품 전문 소매업,47,경상북도,47111,포항시 남구,47111250,구룡포읍,4711125028,구룡포읍,4711125028101570300,1,대지,157,300,경상북도 포항시 남구 구룡포읍 병포리 157-300,471114709184,경상북도 포항시 남구 구룡포읍 병포길,23,,4711125028101570031063705,,경상북도 포항시 남구 구룡포읍 병포길 23,790804,37935,,,,129.551026136153,35.985414867428
MA010120220809121280,짱스타,,G2,소매,G221,기타 상품 소매,G22199,그 외 기타 상품 전문 소매업,G47859,그 외 기타 분류 안된 상품 전문 소매업,47,경상북도,47130,경주시,47130515,중부동,4713010600,노동동,4713010600101390015,1,대지,139,15,경상북도 경주시 노동동 139-15,471303305007,경상북도 경주시 계림로,93,2,4713010600101390015007219,,경상북도 경주시 계림로 93-2,780020,38154,,2,,129.213407097033,35.8428120707502
MA010120220809156406,심마니산약초,,G2,소매,G221,기타 상품 소매,G22199,그 외 기타 상품 전문 소매업,G47859,그 외 기타 분류 안된 상품 전문 소매업,47,경상북도,47113,포항시 북구,47113330,송라면,4711333022,송라면,4711333022102610018,1,대지,261,18,경상북도 포항시 북구 송라면 하송리 261-18,471132000023,경상북도 포항시 북구 송라면 동해대로,2829,,4711333022102610018007435,,경상북도 포항시 북구 송라면 동해대로 2829,791861,37513,,,,129.354208167292,36.2185519523115
MA010120220809156481,해빈수석민속품경매장,,G2,소매,G221,기타 상품 소매,G22199,그 외 기타 상품 전문 소매업,G47859,그 외 기타 분류 안된 상품 전문 소매업,44,충청남도,44825,태안군,44825330,근흥면,4482533021,근흥면,4482533021107000004,1,대지,700,4,충청남도 태안군 근흥면 두야리 700-4,448253264002,충청남도 태안군 근흥면 근흥로,209,1,4482533021107000004001789,,충청남도 태안군 근흥면 근흥로 209-1,357943,32126,,,,126.256614016319,36.7494970291992
MA010120220809121370,마니불교,,G2,소매,G221,기타 상품 소매,G22199,그 외 기타 상품 전문 소매업,G47859,그 외 기타 분류 안된 상품 전문 소매업,47,경상북도,47130,경주시,47130550,성건동,4713010800,성건동,4713010800104320002,1,대지,432,2,경상북도 경주시 성건동 432-2,471304715172,경상북도 경주시 금성로319번길,39,1,4713010800104320002039324,,경상북도 경주시 금성로319번길 39-1,780961,38143,,1,,129.202722832111,35.8462252163206
MA010120220809149856,대구경북능금농협임고사업소,,G2,소매,G221,기타 상품 소매,G22199,그 외 기타 상품 전문 소매업,G47859,그 외 기타 분류 안된 상품 전문 소매업,47,경상북도,47230,영천시,47230370,임고면,4723037025,임고면,4723037025107740011,1,대지,774,11,경상북도 영천시 임고면 평천리 774-11,472303018008,경상북도 영천시 임고면 포은로,743,,4723037025107740011048239,,경상북도 영천시 임고면 포은로 743,770864,38819,,1,,128.981351277853,36.0412075280245
MA010120220809156618,중앙종묘농약사,,G2,소매,G221,기타 상품 소매,G22199,그 외 기타 상품 전문 소매업,G47859,그 외 기타 분류 안된 상품 전문 소매업,47,경상북도,47111,포항시 남구,47111545,해도동,4711110300,해도동,4711110300100160024,1,대지,16,24,경상북도 포항시 남구 해도동 16-24,471113303054,경상북도 포항시 남구 축항로,23,5,4711110300100160024098457,,경상북도 포항시 남구 축항로 23-5,790838,37786,,,,129.37095790945,36.0293580897908
MA010120220809125831,중앙농약종묘사,,G2,소매,G221,기타 상품 소매,G22199,그 외 기타 상품 전문 소매업,G47859,그 외 기타 분류 안된 상품 전문 소매업,47,경상북도,47130,경주시,47130550,성건동,4713010800,성건동,4713010800102550004,1,대지,255,4,경상북도 경주시 성건동 255-4,471303305066,경상북도 경주시 화랑로,41,,4713010800102550004004859,,경상북도 경주시 화랑로 41,780942,38143,,,,129.205324982803,35.8450781907949
MA010120220809136531,고려건재한약품,,G2,소매,G221,기타 상품 소매,G22199,그 외 기타 상품 전문 소매업,G47859,그 외 기타 분류 안된 상품 전문 소매업,47,경상북도,47130,경주시,47130550,성건동,4713010800,성건동,4713010800103570004,1,대지,357,4,경상북도 경주시 성건동 357-4,471303305009,경상북도 경주시 금성로,288,1,4713010800103570004022632,,경상북도 경주시 금성로 288-1,780943,38155,,,,129.207277859759,35.843267259175
MA010120220809121688,마하불교사,,G2,소매,G221,기타 상품 소매,G22199,그 외 기타 상품 전문 소매업,G47859,그 외 기타 분류 안된 상품 전문 소매업,47,경상북도,47230,영천시,47230540,완산동,4723011300,완산동,4723011300109820018,1,대지,982,18,경상북도 영천시 완산동 982-18,472303310014,경상북도 영천시 시장로,69,,4723011300109820018010697,,경상북도 영천시 시장로 69,770905,38889,,,,128.938057644318,35.9636572313352
MA010120220809125869,영남농약사,,G2,소매,G221,기타 상품 소매,G22199,그 외 기타 상품 전문 소매업,G47859,그 외 기타 분류 안된 상품 전문 소매업,47,경상북도,47230,영천시,47230555,남부동,4723011200,금노동,4723011200104130011,1,대지,413,11,경상북도 영천시 금노동 413-11,472303018036,경상북도 영천시 천문로,128,,4723011200104130011000001,,경상북도 영천시 천문로 128,770060,38896,,,,128.930233961475,35.9500599214492
MA010120220809121796,서라벌잠수,,G2,소매,G221,기타 상품 소매,G22199,그 외 기타 상품 전문 소매업,G47859,그 외 기타 분류 안된 상품 전문 소매업,47,경상북도,47130,경주시,47130250,감포읍,4713025023,감포읍,4713025023111970028,1,대지,1197,28,경상북도 경주시 감포읍 전촌리 1197-28,471303000101,경상북도 경주시 감포읍 동해안로,2056,5,4713025023111970028106534,,경상북도 경주시 감포읍 동해안로 2056-5,780834,38122,,,,129.491901253294,35.7909920237186
MA010120220809154849,경북총포사,,G2,소매,G221,기타 상품 소매,G22199,그 외 기타 상품 전문 소매업,G47859,그 외 기타 분류 안된 상품 전문 소매업,47,경상북도,47113,포항시 북구,47113520,중앙동,4711310900,대신동,4711310900100800001,1,대지,80,1,경상북도 포항시 북구 대신동 80-1,471133304016,경상북도 포항시 북구 선착로,9,,4711310900100800001102866,,경상북도 포항시 북구 선착로 9,791080,37720,,,,129.364849841047,36.0476517312895
MA010120220809134379,대농농약사,,G2,소매,G221,기타 상품 소매,G22199,그 외 기타 상품 전문 소매업,G47859,그 외 기타 분류 안된 상품 전문 소매업,47,경상북도,47230,영천시,47230350,화남면,4723035027,화남면,4723035027101850003,1,대지,185,3,경상북도 영천시 화남면 삼창리 185-3,472303018036,경상북도 영천시 화남면 천문로,1624,1,4723035027101850003046362,,경상북도 영천시 화남면 천문로 1624-1,770832,38810,,,,128.892864983085,36.0622810281544
MA010120220809134383,대구농약사,,G2,소매,G221,기타 상품 소매,G22199,그 외 기타 상품 전문 소매업,G47859,그 외 기타 분류 안된 상품 전문 소매업,47,경상북도,47230,영천시,47230250,금호읍,4723025027,금호읍,4723025027106920007,1,대지,692,7,경상북도 영천시 금호읍 냉천리 692-7,472303310033,경상북도 영천시 금호읍 금호로,142,,4723025027106920003047819,,경상북도 영천시 금호읍 금호로 142,770804,38877,,,,128.877091963445,35.932106329577
MA010120220809121972,감초당한약방,,G2,소매,G221,기타 상품 소매,G22199,그 외 기타 상품 전문 소매업,G47859,그 외 기타 분류 안된 상품 전문 소매업,47,경상북도,47130,경주시,47130253,안강읍,4713025333,안강읍,4713025333103180016,1,대지,318,16,경상북도 경주시 안강읍 안강리 318-16,471304715530,경상북도 경주시 안강읍 북부리5길,3,,4713025333103180016128784,,경상북도 경주시 안강읍 북부리5길 3,780807,38008,,,,129.227915499795,35.992457545166
MA010120220809134569,흥농종묘사,,G2,소매,G221,기타 상품 소매,G22199,그 외 기타 상품 전문 소매업,G47859,그 외 기타 분류 안된 상품 전문 소매업,47,경상북도,47230,영천시,47230320,신녕면,4723032028,신녕면,4723032028108360006,1,대지,836,6,경상북도 영천시 신녕면 완전리 836-6,472304730279,경상북도 영천시 신녕면 불바위길,14,,4723032028108360004046617,,경상북도 영천시 신녕면 불바위길 14,770814,38803,,,,128.789477352809,36.0412251389279
MA010120220809157261,만덕불교전시관,,G2,소매,G221,기타 상품 소매,G22199,그 외 기타 상품 전문 소매업,G47859,그 외 기타 분류 안된 상품 전문 소매업,47,경상북도,47113,포항시 북구,47113520,중앙동,4711311100,동빈2가,4711311100101260022,1,대지,126,22,경상북도 포항시 북구 동빈2가 126-22,471133304008,경상북도 포항시 북구 동빈로,48,1,4711311100101260022107191,,경상북도 포항시 북구 동빈로 48-1,791080,37728,,,,129.369219986646,36.041321556221
MA010120220809130604,나무,,G2,소매,G221,기타 상품 소매,G22199,그 외 기타 상품 전문 소매업,G47859,그 외 기타 분류 안된 상품 전문 소매업,47,경상북도,47230,영천시,47230535,서부동,4723012400,오수동,4723012400100120000,1,대지,12,,경상북도 영천시 오수동 12,472304730409,경상북도 영천시 쌍계길,38,,4723012400100120000000001,,경상북도 영천시 쌍계길 38,770240,38840,,1,,128.912131362478,35.962235073683
MA010120220809132879,현대농약사,,G2,소매,G221,기타 상품 소매,G22199,그 외 기타 상품 전문 소매업,G47859,그 외 기타 분류 안된 상품 전문 소매업,47,경상북도,47230,영천시,47230540,완산동,4723011300,완산동,4723011300109940011,1,대지,994,11,경상북도 영천시 완산동 994-11,472303310020,경상북도 영천시 완산로,56,,4723011300109940011001999,,경상북도 영천시 완산로 56,770906,38894,,,,128.939289260097,35.9650700410438
MA010120220809132884,세훈종묘농약사,,G2,소매,G221,기타 상품 소매,G22199,그 외 기타 상품 전문 소매업,G47859,그 외 기타 분류 안된 상품 전문 소매업,47,경상북도,47230,영천시,47230540,완산동,4723011300,완산동,4723011300109800016,1,대지,980,16,경상북도 영천시 완산동 980-16,472303310020,경상북도 영천시 완산로,42,,4723011300109800016000001,,경상북도 영천시 완산로 42,770905,38894,,,,128.939260618347,35.9638991031509
MA010120220809155188,경진불교서적용품,,G2,소매,G221,기타 상품 소매,G22199,그 외 기타 상품 전문 소매업,G47859,그 외 기타 분류 안된 상품 전문 소매업,47,경상북도,47230,영천시,47230540,완산동,4723011300,완산동,4723011300110810002,1,대지,1081,2,경상북도 영천시 완산동 1081-2,472303310036,경상북도 영천시 역전로,14,,4723011300110810002010028,,경상북도 영천시 역전로 14,770906,38891,,,,128.935068858636,35.9624529803908
MA010120220809155242,천수당약재,,G2,소매,G221,기타 상품 소매,G22199,그 외 기타 상품 전문 소매업,G47859,그 외 기타 분류 안된 상품 전문 소매업,47,경상북도,47113,포항시 북구,47113655,죽도동,4711311600,죽도동,4711311600105850010,1,대지,585,10,경상북도 포항시 북구 죽도동 585-10,471134712579,경상북도 포항시 북구 죽도시장10길,1,,4711311600105850010094953,,경상북도 포항시 북구 죽도시장10길 1,791843,37741,,,,129.367930301065,36.034932003938
MA010120220809160860,포항농약종묘사,,G2,소매,G221,기타 상품 소매,G22199,그 외 기타 상품 전문 소매업,G47859,그 외 기타 분류 안된 상품 전문 소매업,47,경상북도,47113,포항시 북구,47113655,죽도동,4711311600,죽도동,4711311600101580031,1,대지,158,31,경상북도 포항시 북구 죽도동 158-31,471133304052,경상북도 포항시 북구 죽도로,17,,4711311600101580031105381,,경상북도 포항시 북구 죽도로 17,791842,37739,,,,129.363112361855,36.034810864464
MA010120220809170431,제일양행,,G2,소매,G221,기타 상품 소매,G22199,그 외 기타 상품 전문 소매업,G47859,그 외 기타 분류 안된 상품 전문 소매업,47,경상북도,47113,포항시 북구,47113250,흥해읍,4711325023,흥해읍,4711325023100360001,1,대지,36,1,경상북도 포항시 북구 흥해읍 마산리 36-1,471132000023,경상북도 포항시 북구 흥해읍 동해대로,1594,,4711325023100360001012371,,경상북도 포항시 북구 흥해읍 동해대로 1594,791946,37536,,,,129.342299901443,36.1144164404227
MA010120220809181502,동진케미텍,,G2,소매,G221,기타 상품 소매,G22199,그 외 기타 상품 전문 소매업,G47859,그 외 기타 분류 안된 상품 전문 소매업,47,경상북도,47111,포항시 남구,47111590,대이동,4711111700,이동,4711111700106620006,1,대지,662,6,경상북도 포항시 남구 이동 662-6,471112303003,경상북도 포항시 남구 포스코대로,123,,4711111700106620006127726,,경상북도 포항시 남구 포스코대로 123,790320,37676,,,,129.339198400841,36.0258916399928
MA010120220809166468,일출양행,,G2,소매,G221,기타 상품 소매,G22199,그 외 기타 상품 전문 소매업,G47859,그 외 기타 분류 안된 상품 전문 소매업,47,경상북도,47113,포항시 북구,47113665,용흥동,4711311700,용흥동,4711311700101070003,1,대지,107,3,경상북도 포항시 북구 용흥동 107-3,471132303001,경상북도 포항시 북구 새천년대로,681,,4711311700101070003136776,,경상북도 포항시 북구 새천년대로 681,791809,37688,,,,129.357753764088,36.034042444565
MA010120220809170473,영웅마크사,,G2,소매,G221,기타 상품 소매,G22199,그 외 기타 상품 전문 소매업,G47422,의복 액세서리 및 모조 장신구 소매업,47,경상북도,47111,포항시 남구,47111256,오천읍,4711125630,오천읍,4711125630103920010,1,대지,392,10,경상북도 포항시 남구 오천읍 용덕리 392-10,471113303055,경상북도 포항시 남구 오천읍 충무로,45,,4711125630103920010053708,,경상북도 포항시 남구 오천읍 충무로 45,790908,37903,,,,129.414684686241,35.9763541390086
MA010120220809190087,중앙창호,,G2,소매,G221,기타 상품 소매,G22199,그 외 기타 상품 전문 소매업,G47859,그 외 기타 분류 안된 상품 전문 소매업,47,경상북도,47113,포항시 북구,47113655,죽도동,4711311600,죽도동,4711311600102120000,1,대지,212,,경상북도 포항시 북구 죽도동 212,471134712670,경상북도 포항시 북구 중흥로255번길,43,,4711311600102120000130385,,경상북도 포항시 북구 중흥로255번길 43,791842,37749,,,,129.356977949295,36.0281111556241
MA010120220809190196,태양상사,,G2,소매,G221,기타 상품 소매,G22199,그 외 기타 상품 전문 소매업,G47859,그 외 기타 분류 안된 상품 전문 소매업,47,경상북도,47111,포항시 남구,47111545,해도동,4711110300,해도동,4711110300101720028,1,대지,172,28,경상북도 포항시 남구 해도동 172-28,471112303004,경상북도 포항시 남구 희망대로,881,,4711110300101720028116688,,경상북도 포항시 남구 희망대로 881,790863,37823,,2,,129.368981139336,36.0118729001829
MA010120220809170610,대한유통,,G2,소매,G221,기타 상품 소매,G22199,그 외 기타 상품 전문 소매업,G47859,그 외 기타 분류 안된 상품 전문 소매업,47,경상북도,47111,포항시 남구,47111545,해도동,4711110300,해도동,4711110300100330195,1,대지,33,195,경상북도 포항시 남구 해도동 33-195,471113303054,경상북도 포항시 남구 축항로,10,,4711110300100330195098027,,경상북도 포항시 남구 축항로 10,790838,37788,,,,129.369646623525,36.0285370925582
MA010120220809159085,대송장의사,,G2,소매,G221,기타 상품 소매,G22199,그 외 기타 상품 전문 소매업,G47859,그 외 기타 분류 안된 상품 전문 소매업,47,경상북도,47111,포항시 남구,47111590,대이동,4711111600,대잠동,4711111600109550011,1,대지,955,11,경상북도 포항시 남구 대잠동 955-11,471112303004,경상북도 포항시 남구 희망대로,645,,4711111600109550011121324,,경상북도 포항시 남구 희망대로 645,790826,37762,,2,,129.344089834453,36.0116684523224
MA010120220809172876,대림만물,,G2,소매,G221,기타 상품 소매,G22199,그 외 기타 상품 전문 소매업,G47859,그 외 기타 분류 안된 상품 전문 소매업,51,강원특별자치도,51190,태백시,51190515,황지동,5119010100,황지동,5119010100100380218,1,대지,38,218,강원특별자치도 태백시 황지동 38-218,511904466129,강원특별자치도 태백시 시장북길,28,,4219010100100380175004752,,강원특별자치도 태백시 시장북길 28,235800,26012,,,,128.992992991363,37.1737034677702
MA010120220809184095,포항소방,,G2,소매,G221,기타 상품 소매,G22199,그 외 기타 상품 전문 소매업,G47859,그 외 기타 분류 안된 상품 전문 소매업,47,경상북도,47111,포항시 남구,47111550,송도동,4711110400,송도동,4711110400104820007,1,대지,482,7,경상북도 포항시 남구 송도동 482-7,471113303054,경상북도 포항시 남구 축항로,87,,4711110400104820007098228,,경상북도 포항시 남구 축항로 87,790831,37799,,,,129.377957218919,36.0301023896378
MA010120220809159232,고려인삼사,,G2,소매,G221,기타 상품 소매,G22199,그 외 기타 상품 전문 소매업,G47859,그 외 기타 분류 안된 상품 전문 소매업,47,경상북도,47113,포항시 북구,47113655,죽도동,4711311600,죽도동,4711311600100020200,1,대지,2,200,경상북도 포항시 북구 죽도동 2-200,471134712580,경상북도 포항시 북구 죽도시장11길,4,,4711311600100020200095292,,경상북도 포항시 북구 죽도시장11길 4,791818,37740,,,,129.368256362672,36.0354481349378
MA010120220809182034,동해농약종묘사,,G2,소매,G221,기타 상품 소매,G22199,그 외 기타 상품 전문 소매업,G47859,그 외 기타 분류 안된 상품 전문 소매업,47,경상북도,47113,포항시 북구,47113250,흥해읍,4711325028,흥해읍,4711325028100010018,1,대지,1,18,경상북도 포항시 북구 흥해읍 성내리 1-18,471133304047,경상북도 포항시 북구 흥해읍 흥해로,85,,4711325028100010018011744,,경상북도 포항시 북구 흥해읍 흥해로 85,791947,37539,,,,129.347753496832,36.1122283619965
MA010120220809190832,노블시스템,,G2,소매,G221,기타 상품 소매,G22199,그 외 기타 상품 전문 소매업,G45213,자동차 내장용 신품 전기ㆍ전자ㆍ정밀기기 판매업,47,경상북도,47111,포항시 남구,47111253,연일읍,4711125324,연일읍,4711125324101650008,1,대지,165,8,경상북도 포항시 남구 연일읍 오천리 165-8,471113303010,경상북도 포항시 남구 연일읍 동문로,99,,4711125324101650008051348,,경상북도 포항시 남구 연일읍 동문로 99,790884,37841,,,,129.352799437968,35.9991271458753
MA010120220809161680,워터뱅크,,G2,소매,G221,기타 상품 소매,G22199,그 외 기타 상품 전문 소매업,G47859,그 외 기타 분류 안된 상품 전문 소매업,47,경상북도,47111,포항시 남구,47111545,해도동,4711110300,해도동,4711110300100860015,1,대지,86,15,경상북도 포항시 남구 해도동 86-15,471114709532,경상북도 포항시 남구 중앙로68번길,30,1,4711110300100860015000001,,경상북도 포항시 남구 중앙로68번길 30-1,790861,37807,,,,129.372920265366,36.0197147007878
MA010120220809177607,호미자루,,G2,소매,G221,기타 상품 소매,G22199,그 외 기타 상품 전문 소매업,G47859,그 외 기타 분류 안된 상품 전문 소매업,11,서울특별시,11305,강북구,11305660,인수동,1130510300,수유동,1130510300103110005,1,대지,311,5,서울특별시 강북구 수유동 311-5,113054124178,서울특별시 강북구 삼양로117길,27,,1130510300103110005001020,좌측,서울특별시 강북구 삼양로117길 27,142882,01030,,1,,127.014559970887,37.6437337423449
MA010120220809184613,아람가방,,G2,소매,G221,기타 상품 소매,G22199,그 외 기타 상품 전문 소매업,G47859,그 외 기타 분류 안된 상품 전문 소매업,47,경상북도,47113,포항시 북구,47113655,죽도동,4711311600,죽도동,4711311600105930018,1,대지,593,18,경상북도 포항시 북구 죽도동 593-18,471134712585,경상북도 포항시 북구 죽도시장3길,2,2,4711311600105930018094808,,경상북도 포항시 북구 죽도시장3길 2-2,791843,37740,,,,129.366184857308,36.0351737062331
MA010120220809190521,제이튠즈,,G2,소매,G221,기타 상품 소매,G22199,그 외 기타 상품 전문 소매업,G45219,기타 자동차 신품 부품 및 내장품 판매업,47,경상북도,47113,포항시 북구,47113655,죽도동,4711311600,죽도동,4711311600103340005,1,대지,334,5,경상북도 포항시 북구 죽도동 334-5,471133303028,경상북도 포항시 북구 양학천로,95,,4711311600103340005131838,,경상북도 포항시 북구 양학천로 95,791843,37780,,1,,129.360204897914,36.0221371424097
MA010120220809180458,풍기인삼직매장,,G2,소매,G221,기타 상품 소매,G22199,그 외 기타 상품 전문 소매업,G47859,그 외 기타 분류 안된 상품 전문 소매업,47,경상북도,47113,포항시 북구,47113655,죽도동,4711311600,죽도동,4711311600100480033,1,대지,48,33,경상북도 포항시 북구 죽도동 48-33,471133303047,경상북도 포항시 북구 중앙로,203,,4711311600100480033135570,,경상북도 포항시 북구 중앙로 203,791841,37773,,,,129.366134422831,36.0312644045215
MA010120220809180593,포항장재,,G2,소매,G221,기타 상품 소매,G22199,그 외 기타 상품 전문 소매업,G47859,그 외 기타 분류 안된 상품 전문 소매업,47,경상북도,47113,포항시 북구,47113250,흥해읍,4711325050,흥해읍,4711325050103910000,1,대지,391,,경상북도 포항시 북구 흥해읍 대련리 391,471134712350,경상북도 포항시 북구 흥해읍 새마을로394번길,66,22,4711325050103910000000001,,경상북도 포항시 북구 흥해읍 새마을로394번길 66-22,791944,37653,,,,129.316890674842,36.0466334625716
MA010120220809178165,앤,,G2,소매,G221,기타 상품 소매,G22199,그 외 기타 상품 전문 소매업,G47422,의복 액세서리 및 모조 장신구 소매업,47,경상북도,47111,포항시 남구,47111525,상대동,4711110100,상도동,4711110100105820000,1,대지,582,,경상북도 포항시 남구 상도동 582,471113303049,경상북도 포항시 남구 중흥로,77,,4711110100105820000118244,,경상북도 포항시 남구 중흥로 77,790828,37761,,1,,129.348923626366,36.0127451288903
MA010120220809187004,동해소방,,G2,소매,G221,기타 상품 소매,G22199,그 외 기타 상품 전문 소매업,G47859,그 외 기타 분류 안된 상품 전문 소매업,47,경상북도,47111,포항시 남구,47111320,동해면,4711132021,동해면,4711132021106020052,1,대지,602,52,경상북도 포항시 남구 동해면 도구리 602-52,471114709394,경상북도 포항시 남구 동해면 일월로41번길,5,13,4711132021106020052067551,,경상북도 포항시 남구 동해면 일월로41번길 5-13,790852,37925,,2,,129.436780744941,35.9894759682749
MA010120220809160511,나리,,G2,소매,G221,기타 상품 소매,G22199,그 외 기타 상품 전문 소매업,G47422,의복 액세서리 및 모조 장신구 소매업,47,경상북도,47111,포항시 남구,47111545,해도동,4711110300,해도동,4711110300100720019,1,대지,72,19,경상북도 포항시 남구 해도동 72-19,471114709531,경상북도 포항시 남구 중앙로67번길,8,,4711110300100720019129681,,경상북도 포항시 남구 중앙로67번길 8,790862,37815,,,,129.36858991423,36.0191786655182
MA010120220809165934,성인용품소매점,,G2,소매,G221,기타 상품 소매,G22199,그 외 기타 상품 전문 소매업,G47859,그 외 기타 분류 안된 상품 전문 소매업,47,경상북도,47113,포항시 북구,47113250,흥해읍,4711325027,흥해읍,4711325027102490000,1,대지,249,,경상북도 포항시 북구 흥해읍 남성리 249,471133304047,경상북도 포항시 북구 흥해읍 흥해로,26,,4711325027102490000012215,,경상북도 포항시 북구 흥해읍 흥해로 26,791943,37545,,,,129.345068526871,36.1078211008323
MA010120220808862222,덕원유통,,G2,소매,G221,기타 상품 소매,G22199,그 외 기타 상품 전문 소매업,G47859,그 외 기타 분류 안된 상품 전문 소매업,27,대구광역시,27140,동구,27140620,불로.봉무동,2714010600,불로동,2714010600111390003,1,대지,1139,3,대구광역시 동구 불로동 1139-3,271403000048,대구광역시 동구 팔공로,188,,2714010600111390003041593,,대구광역시 동구 팔공로 188,701805,41030,,,,128.64136859226,35.9154666093199
MA010120220808862261,대경정보통신,,G2,소매,G221,기타 상품 소매,G22199,그 외 기타 상품 전문 소매업,G47859,그 외 기타 분류 안된 상품 전문 소매업,27,대구광역시,27110,중구,27110517,동인동,2711010300,동인동3가,2711010300102710093,1,대지,271,93,대구광역시 중구 동인동3가 271-93,271103141011,대구광역시 중구 태평로,283,9,2711010300102710093012026,,대구광역시 중구 태평로 283-9,700845,41904,,,,128.608282572945,35.8734708614594
MA010120220808874966,해동불교,,G2,소매,G221,기타 상품 소매,G22199,그 외 기타 상품 전문 소매업,G47859,그 외 기타 분류 안된 상품 전문 소매업,27,대구광역시,27230,북구,27230526,칠성동,2723010100,칠성동1가,2723010100101760028,1,대지,176,28,대구광역시 북구 칠성동1가 176-28,272303145040,대구광역시 북구 칠성남로,202,2,2723010100101760003042993,칠성동,대구광역시 북구 칠성남로 202-2,702061,41582,,2,,128.602524922336,35.8762061921594
MA010120220808857228,우성산업,,G2,소매,G221,기타 상품 소매,G22199,그 외 기타 상품 전문 소매업,G47859,그 외 기타 분류 안된 상품 전문 소매업,27,대구광역시,27260,수성구,27260570,수성1가동,2726010300,수성동1가,2726010300105500001,1,대지,550,1,대구광역시 수성구 수성동1가 550-1,272604238204,대구광역시 수성구 명덕로76안길,17,,2726010300105500001012106,,대구광역시 수성구 명덕로76안길 17,706832,42136,,,,128.610734179291,35.8507292312125
MA010120220808875429,여래불교사,,G2,소매,G221,기타 상품 소매,G22199,그 외 기타 상품 전문 소매업,G47859,그 외 기타 분류 안된 상품 전문 소매업,27,대구광역시,27140,동구,27140620,불로.봉무동,2714010600,불로동,2714010600111390000,1,대지,1139,,대구광역시 동구 불로동 1139,271403000048,대구광역시 동구 팔공로,190,,2714010600111390000041597,,대구광역시 동구 팔공로 190,701805,41030,,,,128.64137175684,35.9156197581778
MA010120220808880941,금성불교사,,G2,소매,G221,기타 상품 소매,G22199,그 외 기타 상품 전문 소매업,G47859,그 외 기타 분류 안된 상품 전문 소매업,27,대구광역시,27140,동구,27140541,신암5동,2714010100,신암동,2714010100100700018,1,대지,70,18,대구광역시 동구 신암동 70-18,271404226219,대구광역시 동구 아양로39길,37,,2714010100100700018040037,,대구광역시 동구 아양로39길 37,701810,41182,,,,128.6336466053,35.8890245659247
MA010120220808853557,원진상사,,G2,소매,G221,기타 상품 소매,G22199,그 외 기타 상품 전문 소매업,G47859,그 외 기타 분류 안된 상품 전문 소매업,27,대구광역시,27260,수성구,27260580,수성2.3가동,2726010400,수성동2가,2726010400100850000,1,대지,85,,대구광역시 수성구 수성동2가 85,272603146008,대구광역시 수성구 들안로,255,,2726010400100850000013122,,대구광역시 수성구 들안로 255,706032,42132,,,,128.616720182925,35.8528025510959
MA010120220808857614,조조낚시,,G2,소매,G221,기타 상품 소매,G22199,그 외 기타 상품 전문 소매업,G47859,그 외 기타 분류 안된 상품 전문 소매업,27,대구광역시,27230,북구,27230631,산격4동,2723011100,산격동,2723011100114370053,1,대지,1437,53,대구광역시 북구 산격동 1437-53,272304235233,대구광역시 북구 산격로9길,26,,2723011100114370053041336,,대구광역시 북구 산격로9길 26,702839,41537,,1,,128.602663537147,35.8946236392217
MA010120220808867772,토큰박스,,G2,소매,G221,기타 상품 소매,G22199,그 외 기타 상품 전문 소매업,G47859,그 외 기타 분류 안된 상품 전문 소매업,27,대구광역시,27140,동구,27140580,신천4동,2714010200,신천동,2714010200104840012,1,대지,484,12,대구광역시 동구 신천동 484-12,271403142046,대구광역시 동구 효신로,25,,2714010200104840012045380,,대구광역시 동구 효신로 25,701828,41246,,,,128.634185873126,35.8743106906889
MA010120220808875690,송운사대한불교삼보조계종,,G2,소매,G221,기타 상품 소매,G22199,그 외 기타 상품 전문 소매업,G47422,의복 액세서리 및 모조 장신구 소매업,31,울산광역시,31710,울주군,31710380,상북면,3171038034,상북면,3171038034201770002,2,산,177,2,울산광역시 울주군 상북면 등억알프스리 산177-2,317103173070,울산광역시 울주군 상북면 자수정로,212,,3171038031200200000017778,,울산광역시 울주군 상북면 자수정로 212,689824,44952,,,,129.092807621957,35.5471198822544
MA010120220808865493,하나로정보통신,,G2,소매,G221,기타 상품 소매,G22199,그 외 기타 상품 전문 소매업,G47859,그 외 기타 분류 안된 상품 전문 소매업,27,대구광역시,27260,수성구,27260602,황금2동,2726010700,황금동,2726010700107680002,1,대지,768,2,대구광역시 수성구 황금동 768-2,272603007015,대구광역시 수성구 희망로,182,,2726010700107680002017734,,대구광역시 수성구 희망로 182,706852,42145,,,,128.618693601673,35.8464229214019
MA010120220808873469,한울프로종합상사,,G2,소매,G221,기타 상품 소매,G22199,그 외 기타 상품 전문 소매업,G47859,그 외 기타 분류 안된 상품 전문 소매업,27,대구광역시,27140,동구,27140655,동촌동,2714011000,검사동,2714011000110200002,1,대지,1020,2,대구광역시 동구 검사동 1020-2,271403142010,대구광역시 동구 동촌로,66,,2714011000110200002033537,,대구광역시 동구 동촌로 66,701862,41155,,,,128.649581180629,35.8884462660372
MA010120220808860718,보경약업사,,G2,소매,G221,기타 상품 소매,G22199,그 외 기타 상품 전문 소매업,G47859,그 외 기타 분류 안된 상품 전문 소매업,27,대구광역시,27140,동구,27140510,신암1동,2714010100,신암동,2714010100106100048,1,대지,610,48,대구광역시 동구 신암동 610-48,271403142041,대구광역시 동구 평화로,82,,2714010100106100048030177,,대구광역시 동구 평화로 82,701819,41198,,,,128.62266802005,35.8850191867114
MA010120220808863324,나이스유통,,G2,소매,G221,기타 상품 소매,G22199,그 외 기타 상품 전문 소매업,G47859,그 외 기타 분류 안된 상품 전문 소매업,47,경상북도,47850,칠곡군,47850360,약목면,4785036028,약목면,4785036028101510001,1,대지,151,1,경상북도 칠곡군 약목면 복성리 151-1,478502000028,경상북도 칠곡군 약목면 칠곡대로,648,,4785036028101510001026598,,경상북도 칠곡군 약목면 칠곡대로 648,718814,39825,,,,128.36488803488,36.0359979025499
MA010120220808865802,수성상사,,G2,소매,G221,기타 상품 소매,G22199,그 외 기타 상품 전문 소매업,G47859,그 외 기타 분류 안된 상품 전문 소매업,47,경상북도,47850,칠곡군,47850310,지천면,4785031038,지천면,4785031038100310010,1,대지,31,10,경상북도 칠곡군 지천면 금호리 31-10,478503322033,경상북도 칠곡군 지천면 금송로,343,,4785031038100310007000005,,경상북도 칠곡군 지천면 금송로 343,718821,39868,,,,128.448367777123,35.9505631316216
MA010120220808873762,영초약업사,,G2,소매,G221,기타 상품 소매,G22199,그 외 기타 상품 전문 소매업,G47859,그 외 기타 분류 안된 상품 전문 소매업,27,대구광역시,27140,동구,27140620,불로.봉무동,2714010600,불로동,2714010600100300021,1,대지,30,21,대구광역시 동구 불로동 30-21,271404226326,대구광역시 동구 팔공로32길,10,3,2714010600100300021027629,,대구광역시 동구 팔공로32길 10-3,701805,41033,,,,128.642384525696,35.9126321761223
MA010120220808854310,영동농산,,G2,소매,G221,기타 상품 소매,G22199,그 외 기타 상품 전문 소매업,G47859,그 외 기타 분류 안된 상품 전문 소매업,48,경상남도,48890,합천군,48890310,봉산면,4889031030,봉산면,4889031030108700000,1,대지,870,,경상남도 합천군 봉산면 양지리 870,488903348046,경상남도 합천군 봉산면 서부로,3628,,4889031030108700000006578,,경상남도 합천군 봉산면 서부로 3628,678932,50211,,,,128.001562481612,35.5875056271333
MA010120220808876329,수림소방,,G2,소매,G221,기타 상품 소매,G22199,그 외 기타 상품 전문 소매업,G47859,그 외 기타 분류 안된 상품 전문 소매업,27,대구광역시,27260,수성구,27260620,상동,2726010900,상동,2726010900100640010,1,대지,64,10,대구광역시 수성구 상동 64-10,272603146015,대구광역시 수성구 상화로,47,,2726010900100640010008972,,대구광역시 수성구 상화로 47,706827,42160,,1,,128.612184265041,35.834876673407
MA010120220808879016,풍기인삼농협수성교점,,G2,소매,G221,기타 상품 소매,G22199,그 외 기타 상품 전문 소매업,G47859,그 외 기타 분류 안된 상품 전문 소매업,27,대구광역시,27260,수성구,27260570,수성1가동,2726010300,수성동1가,2726010300100450002,1,대지,45,2,대구광역시 수성구 수성동1가 45-2,272602007002,대구광역시 수성구 달구벌대로,2296,,2726010300100450002000001,,대구광역시 수성구 달구벌대로 2296,706831,42122,,,,128.613534952886,35.8594867955616
MA010120220808879048,아르모,대구점,G2,소매,G221,기타 상품 소매,G22199,그 외 기타 상품 전문 소매업,G47422,의복 액세서리 및 모조 장신구 소매업,27,대구광역시,27140,동구,27140600,효목2동,2714010300,효목동,2714010300102790006,1,대지,279,6,대구광역시 동구 효목동 279-6,271403142009,대구광역시 동구 동부로,183,,2714010300102790006022609,,대구광역시 동구 동부로 183,701844,41230,,,,128.632162449514,35.8782221067224
MA010120220808891324,홍일유통,,G2,소매,G221,기타 상품 소매,G22199,그 외 기타 상품 전문 소매업,G47859,그 외 기타 분류 안된 상품 전문 소매업,27,대구광역시,27260,수성구,27260560,만촌2동,2726010200,만촌동,2726010200109770025,1,대지,977,25,대구광역시 수성구 만촌동 977-25,272603146010,대구광역시 수성구 무열로,127,,2726010200109770025035438,,대구광역시 수성구 무열로 127,706810,42051,,,,128.648591200956,35.8695360440765
MA010120220808856505,물속이야기수족관,,G2,소매,G221,기타 상품 소매,G22199,그 외 기타 상품 전문 소매업,G47859,그 외 기타 분류 안된 상품 전문 소매업,27,대구광역시,27140,동구,27140570,신천3동,2714010200,신천동,2714010200102760019,1,대지,276,19,대구광역시 동구 신천동 276-19,271404226166,대구광역시 동구 송라로12길,11,,2714010200102760019024698,,대구광역시 동구 송라로12길 11,701823,41254,,1,,128.619483462257,35.8738249830643
MA010120220808871551,동남,,G2,소매,G221,기타 상품 소매,G22199,그 외 기타 상품 전문 소매업,G47859,그 외 기타 분류 안된 상품 전문 소매업,27,대구광역시,27170,서구,27170630,평리2동,2717010300,평리동,2717010300111410029,1,대지,1141,29,대구광역시 서구 평리동 1141-29,271704229314,대구광역시 서구 통학로18길,17,52,2717010300111410029001711,,대구광역시 서구 통학로18길 17-52,703845,41819,,,,128.565390863188,35.8690181857522
MA010120220808879365,비젼,,G2,소매,G221,기타 상품 소매,G22199,그 외 기타 상품 전문 소매업,G47859,그 외 기타 분류 안된 상품 전문 소매업,27,대구광역시,27170,서구,27170675,상중이동,2717010500,중리동,2717010500111010003,1,대지,1101,3,대구광역시 서구 중리동 1101-3,271704229286,대구광역시 서구 와룡로72길,56,,2717010500111010003000001,,대구광역시 서구 와룡로72길 56,703832,41843,,,,128.543797551026,35.8648099467643
MA010120220808893275,진흥상사,,G2,소매,G221,기타 상품 소매,G22199,그 외 기타 상품 전문 소매업,G47859,그 외 기타 분류 안된 상품 전문 소매업,41,경기도,41135,성남시 분당구,41135620,야탑1동,4113510700,야탑동,4113510700103610004,1,대지,361,4,경기도 성남시 분당구 야탑동 361-4,411354340277,경기도 성남시 분당구 성남대로926번길,10,,4113510700103610004000001,,경기도 성남시 분당구 성남대로926번길 10,463828,13506,,5,,127.129890439687,37.4125743449496
MA010120220808859119,금호엔지니어링,,G2,소매,G221,기타 상품 소매,G22199,그 외 기타 상품 전문 소매업,G47859,그 외 기타 분류 안된 상품 전문 소매업,27,대구광역시,27110,중구,27110575,성내2동,2711013000,수창동,2711013000100410006,1,대지,41,6,대구광역시 중구 수창동 41-6,271103141009,대구광역시 중구 서성로,94,1,2711013000100410006005053,,대구광역시 중구 서성로 94-1,700850,41916,,,,128.587973677857,35.8749846829418
MA010120220808877128,규랑BalanceTherapy,,G2,소매,G221,기타 상품 소매,G22199,그 외 기타 상품 전문 소매업,G47221,음료 소매업,27,대구광역시,27260,수성구,27260680,고산2동,2726011400,시지동,2726011400102580010,1,대지,258,10,대구광역시 수성구 시지동 258-10,272604238093,대구광역시 수성구 달구벌대로622길,1,,2726011400102580010000001,,대구광역시 수성구 달구벌대로622길 1,706220,42255,,1,,128.697650941244,35.8421701376936
MA010120220808872087,명혁,,G2,소매,G221,기타 상품 소매,G22199,그 외 기타 상품 전문 소매업,G47859,그 외 기타 분류 안된 상품 전문 소매업,27,대구광역시,27260,수성구,27260560,만촌2동,2726010200,만촌동,2726010200107670004,1,대지,767,4,대구광역시 수성구 만촌동 767-4,272604238081,대구광역시 수성구 달구벌대로541길,30,,2726010200107670004006628,,대구광역시 수성구 달구벌대로541길 30,706806,42066,,,,128.658701918503,35.8553211051282
MA010120220808872226,제이아트블라썸,,G2,소매,G221,기타 상품 소매,G22199,그 외 기타 상품 전문 소매업,G47859,그 외 기타 분류 안된 상품 전문 소매업,27,대구광역시,27260,수성구,27260670,고산1동,2726011800,신매동,2726011800105840002,1,대지,584,2,대구광역시 수성구 신매동 584-2,272604238318,대구광역시 수성구 신매로8길,8,5,2726011800105840002026986,제이아트블라썸,대구광역시 수성구 신매로8길 8-5,706170,42283,,,,128.708992450626,35.8343136796672
MA010120220808883999,예당수석,,G2,소매,G221,기타 상품 소매,G22199,그 외 기타 상품 전문 소매업,G47859,그 외 기타 분류 안된 상품 전문 소매업,27,대구광역시,27260,수성구,27260520,범어2동,2726010100,범어동,2726010100102540016,1,대지,254,16,대구광역시 수성구 범어동 254-16,272603146012,대구광역시 수성구 범어로,134,,2726010100102540016032450,,대구광역시 수성구 범어로 134,706823,42030,,,,128.635846071803,35.8613567648935
MA010120220808859393,아원산업,,G2,소매,G221,기타 상품 소매,G22199,그 외 기타 상품 전문 소매업,G47859,그 외 기타 분류 안된 상품 전문 소매업,27,대구광역시,27290,달서구,27290626,상인3동,2729011500,상인동,2729011500115770009,1,대지,1577,9,대구광역시 달서구 상인동 1577-9,272904241194,대구광역시 달서구 상인로5길,26,,2729011500115770009016490,,대구광역시 달서구 상인로5길 26,704819,42815,,,,128.549257137792,35.8102649089555
MA010120220808866776,영콘테이너,,G2,소매,G221,기타 상품 소매,G22199,그 외 기타 상품 전문 소매업,G47859,그 외 기타 분류 안된 상품 전문 소매업,27,대구광역시,27140,동구,27140620,불로.봉무동,2714010600,불로동,2714010600103040015,1,대지,304,15,대구광역시 동구 불로동 304-15,271404226323,대구광역시 동구 팔공로29길,29,,2714010600103040015000001,,대구광역시 동구 팔공로29길 29,701805,41035,,,,128.637792314829,35.9117937851694
MA010120220808859610,효림ENG,,G2,소매,G221,기타 상품 소매,G22199,그 외 기타 상품 전문 소매업,G47859,그 외 기타 분류 안된 상품 전문 소매업,27,대구광역시,27140,동구,27140570,신천3동,2714010200,신천동,2714010200102830001,1,대지,283,1,대구광역시 동구 신천동 283-1,271403142009,대구광역시 동구 동부로,76,,2714010200102830001022696,,대구광역시 동구 동부로 76,701823,41255,,,,128.62068190755,35.8750433766322
MA010120220808930869,부라더유통,,G2,소매,G221,기타 상품 소매,G22199,그 외 기타 상품 전문 소매업,G47859,그 외 기타 분류 안된 상품 전문 소매업,27,대구광역시,27170,서구,27170525,내당2.3동,2717010100,내당동,2717010100108840000,1,대지,884,,대구광역시 서구 내당동 884,271702007002,대구광역시 서구 달구벌대로,1883,,2717010100108840000006188,,대구광역시 서구 달구벌대로 1883,703806,41870,,3,,128.570254808006,35.8619077246696
MA010120220808933804,지산퇴비,,G2,소매,G221,기타 상품 소매,G22199,그 외 기타 상품 전문 소매업,G47859,그 외 기타 분류 안된 상품 전문 소매업,47,경상북도,47830,고령군,47830253,대가야읍,4783025326,대가야읍,4783025326104100000,1,대지,410,,경상북도 고령군 대가야읍 지산리 410,478304760272,경상북도 고령군 대가야읍 주산순환길,13,16,4783025026104100000029796,,경상북도 고령군 대가야읍 주산순환길 13-16,717801,40138,,,,128.259157431071,35.7243453495692
MA010120220808899194,다원친환경,,G2,소매,G221,기타 상품 소매,G22199,그 외 기타 상품 전문 소매업,G47859,그 외 기타 분류 안된 상품 전문 소매업,47,경상북도,47230,영천시,47230350,화남면,4723035029,화남면,4723035029102260000,1,대지,226,,경상북도 영천시 화남면 안천리 226,472304730685,경상북도 영천시 화남면 한천길,133,,4723035029102260000035328,,경상북도 영천시 화남면 한천길 133,770831,38810,,,,128.894003346424,36.0745806834962
MA010120220808912842,건아유통,,G2,소매,G221,기타 상품 소매,G22199,그 외 기타 상품 전문 소매업,G47859,그 외 기타 분류 안된 상품 전문 소매업,27,대구광역시,27140,동구,27140720,안심1동,2714011800,율하동,2714011800101150004,1,대지,115,4,대구광역시 동구 율하동 115-4,271403142014,대구광역시 동구 반야월로,84,,2714011800101150004025106,,대구광역시 동구 반야월로 84,701836,41118,,,,128.697508408702,35.873378283732
MA010120220808933848,명가방재,,G2,소매,G221,기타 상품 소매,G22199,그 외 기타 상품 전문 소매업,G47859,그 외 기타 분류 안된 상품 전문 소매업,27,대구광역시,27290,달서구,27290535,두류1.2동,2729010200,두류동,2729010200100740024,1,대지,74,24,대구광역시 달서구 두류동 74-24,272902007002,대구광역시 달서구 달구벌대로,1858,,2729010200100740027023665,,대구광역시 달서구 달구벌대로 1858,704908,42661,,,,128.567828314164,35.8606778139664
MA010120220808905181,씨에스유통,,G2,소매,G221,기타 상품 소매,G22199,그 외 기타 상품 전문 소매업,G47859,그 외 기타 분류 안된 상품 전문 소매업,47,경상북도,47113,포항시 북구,47113700,장량동,4711312100,장성동,4711312100113980015,1,대지,1398,15,경상북도 포항시 북구 장성동 1398-15,471133304032,경상북도 포항시 북구 장량로,101,,4711312100113980015109547,,경상북도 포항시 북구 장량로 101,791851,37582,,,,129.391454578513,36.0820907958564
MA010120220808894701,그 외 기타 상품 전문 소매업,,G2,소매,G221,기타 상품 소매,G22199,그 외 기타 상품 전문 소매업,G47859,그 외 기타 분류 안된 상품 전문 소매업,27,대구광역시,27260,수성구,27260620,상동,2726010900,상동,2726010900103240006,1,대지,324,6,대구광역시 수성구 상동 324-6,272604238186,대구광역시 수성구 들안로9길,11,,2726010900103240006003388,뉴욕하이빌,대구광역시 수성구 들안로9길 11,706828,42163,,,,128.616004479821,35.8338971743636
MA010120220808910800,금강무역불교,,G2,소매,G221,기타 상품 소매,G22199,그 외 기타 상품 전문 소매업,G47859,그 외 기타 분류 안된 상품 전문 소매업,27,대구광역시,27110,중구,27110650,남산2동,2711015600,남산동,2711015600106140012,1,대지,614,12,대구광역시 중구 남산동 614-12,271104223128,대구광역시 중구 중앙대로65길,23,,2711015600106140012026091,,대구광역시 중구 중앙대로65길 23,700442,41967,,,,128.591425089322,35.8620977006132
MA010120220808934851,창조종합하우징,,G2,소매,G221,기타 상품 소매,G22199,그 외 기타 상품 전문 소매업,G47859,그 외 기타 분류 안된 상품 전문 소매업,27,대구광역시,27170,서구,27170675,상중이동,2717010500,중리동,2717010500110520001,1,대지,1052,1,대구광역시 서구 중리동 1052-1,271704229284,대구광역시 서구 와룡로69길,27,,2717010500111710000030680,,대구광역시 서구 와룡로69길 27,703833,41756,,,,128.534708823248,35.863682828492
MA010120220808900450,연꽃피는무해불교,,G2,소매,G221,기타 상품 소매,G22199,그 외 기타 상품 전문 소매업,G47859,그 외 기타 분류 안된 상품 전문 소매업,27,대구광역시,27260,수성구,27260651,지산1동,2726011200,지산동,2726011200109870001,1,대지,987,1,대구광역시 수성구 지산동 987-1,272604238408,대구광역시 수성구 청수로36길,61,,2726011200109870001016115,,대구광역시 수성구 청수로36길 61,706841,42177,,2,,128.627121525891,35.8363784798026
MA010120220808906490,시지농약사,,G2,소매,G221,기타 상품 소매,G22199,그 외 기타 상품 전문 소매업,G47859,그 외 기타 분류 안된 상품 전문 소매업,27,대구광역시,27260,수성구,27260680,고산2동,2726011400,시지동,2726011400101690006,1,대지,169,6,대구광역시 수성구 시지동 169-6,272603146026,대구광역시 수성구 천을로,6,1,2726011400101690006000002,,대구광역시 수성구 천을로 6-1,706220,42262,,,,128.69236032338,35.8437136279282
MA010120220808914096,씨프로마린,,G2,소매,G221,기타 상품 소매,G22199,그 외 기타 상품 전문 소매업,G47859,그 외 기타 분류 안된 상품 전문 소매업,44,충청남도,44770,서천군,44770370,문산면,4477037022,문산면,4477037022102950001,1,대지,295,1,충청남도 서천군 문산면 문장리 295-1,447704580352,충청남도 서천군 문산면 서문로580번길,21,,4477037022102950000000001,,충청남도 서천군 문산면 서문로580번길 21,325922,33620,,,,126.732592322391,36.1131509523558
MA010120220808924969,한국소방공사,,G2,소매,G221,기타 상품 소매,G22199,그 외 기타 상품 전문 소매업,G47859,그 외 기타 분류 안된 상품 전문 소매업,11,서울특별시,11110,종로구,11110615,종로1.2.3.4가동,1111015500,관수동,1111015500100150000,1,대지,15,,서울특별시 종로구 관수동 15,111103005006,서울특별시 종로구 수표로,90,1,1111015500100150000016889,,서울특별시 종로구 수표로 90-1,110420,03192,,1,,126.989778541781,37.5693845180508
MA010120220808920933,유한책임회사하이모대구범어지점,,G2,소매,G221,기타 상품 소매,G22199,그 외 기타 상품 전문 소매업,G47422,의복 액세서리 및 모조 장신구 소매업,27,대구광역시,27260,수성구,27260561,만촌3동,2726010200,만촌동,2726010200110400009,1,대지,1040,9,대구광역시 수성구 만촌동 1040-9,272602007002,대구광역시 수성구 달구벌대로,2598,,2726010200110400009000001,수성에스큐브,대구광역시 수성구 달구벌대로 2598,706808,42067,,,,128.64661937615,35.8582448189745
MA010120220808895597,동대구총포사,,G2,소매,G221,기타 상품 소매,G22199,그 외 기타 상품 전문 소매업,G47859,그 외 기타 분류 안된 상품 전문 소매업,27,대구광역시,27140,동구,27140655,동촌동,2714010900,입석동,2714010900109640010,1,대지,964,10,대구광역시 동구 입석동 964-10,271404226288,대구광역시 동구 입석로1길,2,,2714010900109640010037123,,대구광역시 동구 입석로1길 2,701866,41141,,,,128.645538410633,35.8932236729198
MA010120220808909343,영신유통,,G2,소매,G221,기타 상품 소매,G22199,그 외 기타 상품 전문 소매업,G47859,그 외 기타 분류 안된 상품 전문 소매업,27,대구광역시,27140,동구,27140590,효목1동,2714010300,효목동,2714010300100860007,1,대지,86,7,대구광역시 동구 효목동 86-7,271403142043,대구광역시 동구 효동로,119,1,2714010300100860007021427,,대구광역시 동구 효동로 119-1,701840,41169,,,,128.641172057543,35.8866420774931
MA010120220808901248,더좋은유통,,G2,소매,G221,기타 상품 소매,G22199,그 외 기타 상품 전문 소매업,G47859,그 외 기타 분류 안된 상품 전문 소매업,27,대구광역시,27260,수성구,27260680,고산2동,2726011400,시지동,2726011400101910002,1,대지,191,2,대구광역시 수성구 시지동 191-2,272602007002,대구광역시 수성구 달구벌대로,3037,,2726011400101910002027240,,대구광역시 수성구 달구벌대로 3037,706220,42260,,,,128.688929017969,35.8426535215181
MA010120220808907059,바나다샵,,G2,소매,G221,기타 상품 소매,G22199,그 외 기타 상품 전문 소매업,G47859,그 외 기타 분류 안된 상품 전문 소매업,27,대구광역시,27200,남구,27200640,대명9동,2720010300,대명동,2720010300108200005,1,대지,820,5,대구광역시 남구 대명동 820-5,272004232063,대구광역시 남구 대명로36길,39,,2720010300108200005008475,,대구광역시 남구 대명로36길 39,705805,42487,,1,,128.575153425067,35.8375666456039
MA010120220808937652,잉꼬,,G2,소매,G221,기타 상품 소매,G22199,그 외 기타 상품 전문 소매업,G47859,그 외 기타 분류 안된 상품 전문 소매업,27,대구광역시,27170,서구,27170590,비산5동,2717010200,비산동,2717010200111920035,1,대지,1192,35,대구광역시 서구 비산동 1192-35,271703143002,대구광역시 서구 달서로,251,,2717010200111920035022780,,대구광역시 서구 달서로 251,703823,41717,,,,128.573139035987,35.884605886711
MA010120220808901883,금산인삼,,G2,소매,G221,기타 상품 소매,G22199,그 외 기타 상품 전문 소매업,G47859,그 외 기타 분류 안된 상품 전문 소매업,27,대구광역시,27140,동구,27140600,효목2동,2714010300,효목동,2714010300105410001,1,대지,541,1,대구광역시 동구 효목동 541-1,271404226366,대구광역시 동구 화랑로25길,7,,2714010300105410001042202,,대구광역시 동구 화랑로25길 7,701846,41239,,,,128.640218474963,35.8747691340957
MA010120220808902026,부르르,,G2,소매,G221,기타 상품 소매,G22199,그 외 기타 상품 전문 소매업,G47859,그 외 기타 분류 안된 상품 전문 소매업,27,대구광역시,27290,달서구,27290625,상인2동,2729011500,상인동,2729011500114280011,1,대지,1428,11,대구광역시 달서구 상인동 1428-11,272903147008,대구광역시 달서구 상원로,40,1,2729011500114280011013994,,대구광역시 달서구 상원로 40-1,704809,42791,,,,128.536435032605,35.8137187346138
MA010120220808915897,알라딘컴퍼니,,G2,소매,G221,기타 상품 소매,G22199,그 외 기타 상품 전문 소매업,G47859,그 외 기타 분류 안된 상품 전문 소매업,11,서울특별시,11680,강남구,11680565,청담동,1168010400,청담동,1168010400101260013,1,대지,126,13,서울특별시 강남구 청담동 126-13,116804166538,서울특별시 강남구 압구정로79길,51,6,1168010400101260013017536,,서울특별시 강남구 압구정로79길 51-6,135957,06013,,2,,127.051507461856,37.5258464748139
MA010120220808960858,춘광약업사,,G2,소매,G221,기타 상품 소매,G22199,그 외 기타 상품 전문 소매업,G47859,그 외 기타 분류 안된 상품 전문 소매업,27,대구광역시,27290,달서구,27290515,성당동,2729010100,성당동,2729010100106530004,1,대지,653,4,대구광역시 달서구 성당동 653-4,272903147026,대구광역시 달서구 야외음악당로,79,,2729010100106530004028848,,대구광역시 달서구 야외음악당로 79,704917,42656,,,,128.552321147238,35.8443250695253
MA010120220808980494,영유통,,G2,소매,G221,기타 상품 소매,G22199,그 외 기타 상품 전문 소매업,G47859,그 외 기타 분류 안된 상품 전문 소매업,11,서울특별시,11350,노원구,11350640,상계2동,1135010500,상계동,1135010500103870196,1,대지,387,196,서울특별시 노원구 상계동 387-196,113503110003,서울특별시 노원구 상계로,136,,1135010500103870196006926,,서울특별시 노원구 상계로 136,139816,01698,,,,127.069856143071,37.6582648324386
MA010120220808946525,이지정보,,G2,소매,G221,기타 상품 소매,G22199,그 외 기타 상품 전문 소매업,G47859,그 외 기타 분류 안된 상품 전문 소매업,27,대구광역시,27140,동구,27140541,신암5동,2714010100,신암동,2714010100100940038,1,대지,94,38,대구광역시 동구 신암동 94-38,271404226219,대구광역시 동구 아양로39길,27,,2714010100100940038019206,,대구광역시 동구 아양로39길 27,701810,41183,,2,,128.63371684764,35.8881314866341
MA010120220808952165,서울기계,,G2,소매,G221,기타 상품 소매,G22199,그 외 기타 상품 전문 소매업,G47859,그 외 기타 분류 안된 상품 전문 소매업,41,경기도,41610,광주시,41610600,신현동,4161011500,신현동,4161011500105550000,1,대지,555,,경기도 광주시 신현동 555,416104433277,경기도 광주시 새말길167번길,41,3,4161025022105550000000001,외,경기도 광주시 새말길167번길 41-3,464895,12821,,,,127.162298926979,37.3763042312743
MA010120220808961084,화광석재,,G2,소매,G221,기타 상품 소매,G22199,그 외 기타 상품 전문 소매업,G47859,그 외 기타 분류 안된 상품 전문 소매업,47,경상북도,47830,고령군,47830253,대가야읍,4783025322,대가야읍,4783025322102990000,1,대지,299,,경상북도 고령군 대가야읍 고아리 299,478303320014,경상북도 고령군 대가야읍 일량로,111,,4783025022102990000000001,,경상북도 고령군 대가야읍 일량로 111,717802,40142,,,,128.272516422564,35.7193202758298
MA010120220808964204,꿈꾸는여우,,G2,소매,G221,기타 상품 소매,G22199,그 외 기타 상품 전문 소매업,G47422,의복 액세서리 및 모조 장신구 소매업,27,대구광역시,27290,달서구,27290585,신당동,2729010700,신당동,2729010700117880000,1,대지,1788,,대구광역시 달서구 신당동 1788,272904241018,대구광역시 달서구 계대동문로11길,6,,2729010700117880000001623,,대구광역시 달서구 계대동문로11길 6,704922,42609,,,,128.498901847784,35.8558082992595
MA010120220808944025,계림상사,,G2,소매,G221,기타 상품 소매,G22199,그 외 기타 상품 전문 소매업,G47859,그 외 기타 분류 안된 상품 전문 소매업,27,대구광역시,27170,서구,27170565,비산2.3동,2717010200,비산동,2717010200100230039,1,대지,23,39,대구광역시 서구 비산동 23-39,271703143005,대구광역시 서구 북비산로,384,1,2717010200100230041008221,,대구광역시 서구 북비산로 384-1,703809,41795,,1,,128.575115588513,35.8787315522834
MA010120220808947456,동방불교사,,G2,소매,G221,기타 상품 소매,G22199,그 외 기타 상품 전문 소매업,G47859,그 외 기타 분류 안된 상품 전문 소매업,27,대구광역시,27290,달서구,27290563,죽전동,2729011300,감삼동,2729011300100550006,1,대지,55,6,대구광역시 달서구 감삼동 55-6,272904229071,대구광역시 달서구 달구벌대로329길,33,10,2729011300100550006018768,,대구광역시 달서구 달구벌대로329길 33-10,704902,42641,,,,128.544858863398,35.85503683381
MA010120220808961451,보생당,,G2,소매,G221,기타 상품 소매,G22199,그 외 기타 상품 전문 소매업,G47859,그 외 기타 분류 안된 상품 전문 소매업,27,대구광역시,27170,서구,27170600,비산6동,2717010200,비산동,2717010200104620007,1,대지,462,7,대구광역시 서구 비산동 462-7,271704229091,대구광역시 서구 달서로25길,30,,2717010200104620007002392,,대구광역시 서구 달서로25길 30,703815,41789,,,,128.568399849183,35.874511969856
MA010120220808975491,디제이컴퍼니,,G2,소매,G221,기타 상품 소매,G22199,그 외 기타 상품 전문 소매업,G47859,그 외 기타 분류 안된 상품 전문 소매업,47,경상북도,47130,경주시,47130259,외동읍,4713025922,외동읍,4713025922110100001,1,대지,1010,1,경상북도 경주시 외동읍 모화리 1010-1,471303000104,경상북도 경주시 외동읍 산업로,2006,,4713025922110100001136951,,경상북도 경주시 외동읍 산업로 2006,780825,38205,,,,129.33245554548,35.6928623549339
MA010120220808941518,봉황사,,G2,소매,G221,기타 상품 소매,G22199,그 외 기타 상품 전문 소매업,G47859,그 외 기타 분류 안된 상품 전문 소매업,27,대구광역시,27290,달서구,27290535,두류1.2동,2729010200,두류동,2729010200108530011,1,대지,853,11,대구광역시 달서구 두류동 853-11,272904241151,대구광역시 달서구 명덕로2길,35,,2729010200108530012026484,,대구광역시 달서구 명덕로2길 35,704906,42662,,,,128.571273851408,35.8602543102977
MA010120220808975823,세정상사,,G2,소매,G221,기타 상품 소매,G22199,그 외 기타 상품 전문 소매업,G47859,그 외 기타 분류 안된 상품 전문 소매업,27,대구광역시,27170,서구,27170675,상중이동,2717010600,이현동,2717010600100350018,1,대지,35,18,대구광역시 서구 이현동 35-18,271703143005,대구광역시 서구 북비산로,98,,2717010600100350018002362,,대구광역시 서구 북비산로 98,703829,41757,,,,128.54374050342,35.8784180406728
MA010120220808984874,국제수족관,,G2,소매,G221,기타 상품 소매,G22199,그 외 기타 상품 전문 소매업,G47859,그 외 기타 분류 안된 상품 전문 소매업,27,대구광역시,27170,서구,27170695,원대동,2717010900,원대동3가,2717010900112760006,1,대지,1276,6,대구광역시 서구 원대동3가 1276-6,271704229010,대구광역시 서구 고성로15길,19,,2717010900112760006026650,,대구광역시 서구 고성로15길 19,703828,41730,,,,128.576202386686,35.8849622204669
MA010120220808962148,재우사,,G2,소매,G221,기타 상품 소매,G22199,그 외 기타 상품 전문 소매업,G47859,그 외 기타 분류 안된 상품 전문 소매업,47,경상북도,47850,칠곡군,47850310,지천면,4785031048,지천면,4785031048108630041,1,대지,863,41,경상북도 칠곡군 지천면 연호리 863-41,478504766423,경상북도 칠곡군 지천면 연호2길,10,,4785031048108630041000001,,경상북도 칠곡군 지천면 연호2길 10,718822,39865,,,,128.506137676959,35.9333610073604
MA010120220808973761,제이모토,,G2,소매,G221,기타 상품 소매,G22199,그 외 기타 상품 전문 소매업,G45213,자동차 내장용 신품 전기ㆍ전자ㆍ정밀기기 판매업,27,대구광역시,27170,서구,27170675,상중이동,2717010500,중리동,2717010500111360158,1,대지,1136,158,대구광역시 서구 중리동 1136-158,271704229282,대구광역시 서구 와룡로66길,64,,2717010500111360158004501,,대구광역시 서구 와룡로66길 64,703832,41843,,,,128.544595237732,35.8619881012979
MA010120220808942335,금산인삼사,,G2,소매,G221,기타 상품 소매,G22199,그 외 기타 상품 전문 소매업,G47859,그 외 기타 분류 안된 상품 전문 소매업,27,대구광역시,27170,서구,27170525,내당2.3동,2717010100,내당동,2717010100109680029,1,대지,968,29,대구광역시 서구 내당동 968-29,271704229106,대구광역시 서구 달서로4길,17,13,2717010100109680029000723,,대구광역시 서구 달서로4길 17-13,703806,41810,,,,128.572031517383,35.8644257198397
MA010120220808945283,코리아,,G2,소매,G221,기타 상품 소매,G22199,그 외 기타 상품 전문 소매업,G47859,그 외 기타 분류 안된 상품 전문 소매업,27,대구광역시,27170,서구,27170675,상중이동,2717010500,중리동,2717010500111570000,1,대지,1157,,대구광역시 서구 중리동 1157,271703143013,대구광역시 서구 와룡로,318,,2717010500111570000001044,,대구광역시 서구 와룡로 318,703833,41845,,1,,128.538366773761,35.8610587415565
MA010120220808950991,코리아,,G2,소매,G221,기타 상품 소매,G22199,그 외 기타 상품 전문 소매업,G47859,그 외 기타 분류 안된 상품 전문 소매업,27,대구광역시,27290,달서구,27290571,용산1동,2729011100,용산동,2729011100109260003,1,대지,926,3,대구광역시 달서구 용산동 926-3,272904241545,대구광역시 달서구 장산1길,127,,2729011100109260003000287,,대구광역시 달서구 장산1길 127,704936,42629,,,,128.525709497049,35.8585437494773
MA010120220808953354,소원불교,,G2,소매,G221,기타 상품 소매,G22199,그 외 기타 상품 전문 소매업,G47859,그 외 기타 분류 안된 상품 전문 소매업,27,대구광역시,27200,남구,27200590,대명4동,2720010300,대명동,2720010300130260001,1,대지,3026,1,대구광역시 남구 대명동 3026-1,272004232031,대구광역시 남구 대경7길,2,,2720010300130260001007246,,대구광역시 남구 대경7길 2,705825,42458,,,,128.573478734443,35.8491503385537
MA010120220808956262,대한소방,,G2,소매,G221,기타 상품 소매,G22199,그 외 기타 상품 전문 소매업,G47859,그 외 기타 분류 안된 상품 전문 소매업,27,대구광역시,27710,달성군,27710262,옥포읍,2771026225,옥포읍,2771026225108520005,1,대지,852,5,대구광역시 달성군 옥포읍 간경리 852-5,277104244303,대구광역시 달성군 옥포읍 비슬로457길,7,4,2771034025108520005010329,,대구광역시 달성군 옥포읍 비슬로457길 7-4,711841,42972,,,,128.470727880531,35.790948164113
MA010120220808976662,오토원,,G2,소매,G221,기타 상품 소매,G22199,그 외 기타 상품 전문 소매업,G45213,자동차 내장용 신품 전기ㆍ전자ㆍ정밀기기 판매업,27,대구광역시,27290,달서구,27290515,성당동,2729010100,성당동,2729010100108240038,1,대지,824,38,대구광역시 달서구 성당동 824-38,272903147004,대구광역시 달서구 대명천로,89,,2729010100108240038028151,,대구광역시 달서구 대명천로 89,704917,42681,,,,128.549908075265,35.8391926170247
MA010120220808945354,미래모,,G2,소매,G221,기타 상품 소매,G22199,그 외 기타 상품 전문 소매업,G47422,의복 액세서리 및 모조 장신구 소매업,27,대구광역시,27170,서구,27170540,내당4동,2717010100,내당동,2717010100104680006,1,대지,468,6,대구광역시 서구 내당동 468-6,271702007002,대구광역시 서구 달구벌대로,1737,1,2717010100104680006030727,,대구광역시 서구 달구벌대로 1737-1,703804,41857,,,,128.555243330942,35.8573719906352
MA010120220808956660,도라도라,,G2,소매,G221,기타 상품 소매,G22199,그 외 기타 상품 전문 소매업,G47859,그 외 기타 분류 안된 상품 전문 소매업,27,대구광역시,27200,남구,27200550,봉덕3동,2720010200,봉덕동,2720010200109830016,1,대지,983,16,대구광역시 남구 봉덕동 983-16,272003144007,대구광역시 남구 봉덕로,16,,2720010200109830016019860,,대구광역시 남구 봉덕로 16,705829,42445,,1,,128.592145039625,35.8449573810906
MA010120220808962941,미스터카,,G2,소매,G221,기타 상품 소매,G22199,그 외 기타 상품 전문 소매업,G45213,자동차 내장용 신품 전기ㆍ전자ㆍ정밀기기 판매업,47,경상북도,47830,고령군,47830340,다산면,4783034031,다산면,4783034031102570003,1,대지,257,3,경상북도 고령군 다산면 평리리 257-3,478303320003,경상북도 고령군 다산면 다산로,700,,4783034031102570003031164,,경상북도 고령군 다산면 다산로 700,717873,40109,,,,128.454111096852,35.822907548436
MA010120220808974440,처음양초,,G2,소매,G221,기타 상품 소매,G22199,그 외 기타 상품 전문 소매업,G47859,그 외 기타 분류 안된 상품 전문 소매업,47,경상북도,47290,경산시,47290520,중앙동,4729011700,중방동,4729011700108820013,1,대지,882,13,경상북도 경산시 중방동 882-13,472904739067,경상북도 경산시 경안로32길,17,,4729011700108820013000390,,경상북도 경산시 경안로32길 17,712804,38632,,,,128.739771626711,35.8218238571801
MA010120220808977368,6.9체인,,G2,소매,G221,기타 상품 소매,G22199,그 외 기타 상품 전문 소매업,G47859,그 외 기타 분류 안된 상품 전문 소매업,27,대구광역시,27290,달서구,27290515,성당동,2729010100,성당동,2729010100100760005,1,대지,76,5,대구광역시 달서구 성당동 76-5,272904241259,대구광역시 달서구 성당로39길,9,,2729010100100760005026333,,대구광역시 달서구 성당로39길 9,704915,42669,,1,,128.571500553767,35.8504288289128
MA010120220808989675,진안인삼사,,G2,소매,G221,기타 상품 소매,G22199,그 외 기타 상품 전문 소매업,G47859,그 외 기타 분류 안된 상품 전문 소매업,27,대구광역시,27290,달서구,27290590,본리동,2729011400,본리동,2729011400101450005,1,대지,145,5,대구광역시 달서구 본리동 145-5,272903143012,대구광역시 달서구 당산로,27,,2729011400101450005029786,달서시장,대구광역시 달서구 당산로 27,704912,42676,,,,128.544265483171,35.8398510235014
MA010120220808992758,에이스상사,,G2,소매,G221,기타 상품 소매,G22199,그 외 기타 상품 전문 소매업,G47859,그 외 기타 분류 안된 상품 전문 소매업,27,대구광역시,27290,달서구,27290650,본동,2729012400,본동,2729012400108530004,1,대지,853,4,대구광역시 달서구 본동 853-4,272903143013,대구광역시 달서구 와룡로,38,1,2729012400108530004029083,,대구광역시 달서구 와룡로 38-1,704807,42733,,,,128.537164189462,35.8360400841601
MA010120220809019676,부강미싱상사,,G2,소매,G221,기타 상품 소매,G22199,그 외 기타 상품 전문 소매업,G47859,그 외 기타 분류 안된 상품 전문 소매업,27,대구광역시,27110,중구,27110595,대신동,2711013500,시장북로,2711013500101100000,1,대지,110,,대구광역시 중구 시장북로 110,271104223061,대구광역시 중구 달성공원로4길,39,,2711013500101100001003129,,대구광역시 중구 달성공원로4길 39,700814,41925,,,,128.581719517838,35.8717239688779
MA010120220809022797,이천상사,,G2,소매,G221,기타 상품 소매,G22199,그 외 기타 상품 전문 소매업,G47859,그 외 기타 분류 안된 상품 전문 소매업,27,대구광역시,27110,중구,27110650,남산2동,2711015600,남산동,2711015600106610036,1,대지,661,36,대구광역시 중구 남산동 661-36,271102007001,대구광역시 중구 중앙대로,327,,2711015600106610036026296,,대구광역시 중구 중앙대로 327,700831,41967,,,,128.592794673881,35.8624940734557
MA010120220809022822,오만물,,G2,소매,G221,기타 상품 소매,G22199,그 외 기타 상품 전문 소매업,G47859,그 외 기타 분류 안된 상품 전문 소매업,11,서울특별시,11380,은평구,11380520,불광1동,1138010300,불광동,1138010300106300048,1,대지,630,48,서울특별시 은평구 불광동 630-48,113804133278,서울특별시 은평구 진흥로19길,2,,1138010300106300048000001,,서울특별시 은평구 진흥로19길 2,122847,03361,,,,126.941547717841,37.6111224686944
MA010120220809025574,우정사,,G2,소매,G221,기타 상품 소매,G22199,그 외 기타 상품 전문 소매업,G47859,그 외 기타 분류 안된 상품 전문 소매업,27,대구광역시,27110,중구,27110565,성내1동,2711010800,봉산동,2711010800101270001,1,대지,127,1,대구광역시 중구 봉산동 127-1,271102007002,대구광역시 중구 달구벌대로,2160,,2711010600101810000000001,메트로프라자,대구광역시 중구 달구벌대로 2160,700823,41959,,,,128.59893756425,35.8640885848443
MA010120220809028191,보성상사,,G2,소매,G221,기타 상품 소매,G22199,그 외 기타 상품 전문 소매업,G47859,그 외 기타 분류 안된 상품 전문 소매업,27,대구광역시,27140,동구,27140685,해안동,2714011200,둔산동,2714011200110670002,1,대지,1067,2,대구광역시 동구 둔산동 1067-2,271404226115,대구광역시 동구 둔산로51길,46,10,2714011200110660003000001,,대구광역시 동구 둔산로51길 46-10,701160,41057,,1,,128.670748954277,35.8966152071636
MA010120220809030549,에코즈,,G2,소매,G221,기타 상품 소매,G22199,그 외 기타 상품 전문 소매업,G47859,그 외 기타 분류 안된 상품 전문 소매업,27,대구광역시,27290,달서구,27290650,본동,2729012400,본동,2729012400105930002,1,대지,593,2,대구광역시 달서구 본동 593-2,272904241621,대구광역시 달서구 학산로7안길,83,25,2729012400105930002009596,B,대구광역시 달서구 학산로7안길 83-25,704806,42727,,,,128.52877655766,35.8360930275183
MA010120220809019916,심는가모이희주헤어랩,,G2,소매,G221,기타 상품 소매,G22199,그 외 기타 상품 전문 소매업,G47422,의복 액세서리 및 모조 장신구 소매업,27,대구광역시,27170,서구,27170525,내당2.3동,2717010100,내당동,2717010100108850032,1,대지,885,32,대구광역시 서구 내당동 885-32,271702007002,대구광역시 서구 달구벌대로,1887,,2717010100108850032006499,일부,대구광역시 서구 달구벌대로 1887,703806,41870,,3,,128.570622879934,35.8620470959929
MA010120220809030731,성보약업사,,G2,소매,G221,기타 상품 소매,G22199,그 외 기타 상품 전문 소매업,G47859,그 외 기타 분류 안된 상품 전문 소매업,27,대구광역시,27110,중구,27110575,성내2동,2711010900,장관동,2711010900100500000,1,대지,50,,대구광역시 중구 장관동 50,271104223052,대구광역시 중구 달구벌대로415길,40,,2711010900100500000006105,,대구광역시 중구 달구벌대로415길 40,700240,41934,,,,128.590405407442,35.8681308498913
MA010120220809016914,일신농자재상사,,G2,소매,G221,기타 상품 소매,G22199,그 외 기타 상품 전문 소매업,G47519,"페인트, 창호 및 기타 건설자재 소매업",47,경상북도,47850,칠곡군,47850250,왜관읍,4785025021,왜관읍,4785025021102810180,1,대지,281,180,경상북도 칠곡군 왜관읍 왜관리 281-180,478504766500,경상북도 칠곡군 왜관읍 중앙로12길,14,,4785025021102810180039605,,경상북도 칠곡군 왜관읍 중앙로12길 14,718805,39895,,,,128.397889416758,35.988541655121
MA010120220808990261,천수불교사,,G2,소매,G221,기타 상품 소매,G22199,그 외 기타 상품 전문 소매업,G47859,그 외 기타 분류 안된 상품 전문 소매업,47,경상북도,47290,경산시,47290530,남부동,4729010100,삼남동,4729010100101520012,1,대지,152,12,경상북도 경산시 삼남동 152-12,472903000052,경상북도 경산시 경안로,73,,4729010100101520012006460,,경상북도 경산시 경안로 73,712030,38644,,,,128.738572216357,35.8140104027098
MA010120220809007705,마이비생활건강,,G2,소매,G221,기타 상품 소매,G22199,그 외 기타 상품 전문 소매업,G47859,그 외 기타 분류 안된 상품 전문 소매업,11,서울특별시,11200,성동구,11200690,성수2가3동,1120011500,성수동2가,1120011500103150056,1,대지,315,56,서울특별시 성동구 성수동2가 315-56,112004109413,서울특별시 성동구 연무장길,49,,1120011500103150056000001,,서울특별시 성동구 연무장길 49,133835,04782,,3,,127.054925066441,37.542801769361
MA010120220809016956,부농농약사,,G2,소매,G221,기타 상품 소매,G22199,그 외 기타 상품 전문 소매업,G47859,그 외 기타 분류 안된 상품 전문 소매업,47,경상북도,47250,상주시,47250520,남원동,4725010700,남성동,4725010700100880013,1,대지,88,13,경상북도 상주시 남성동 88-13,472503311074,경상북도 상주시 왕산로,173,,4725010700100880013095647,,경상북도 상주시 왕산로 173,742903,37195,,,,128.162459015421,36.4133766420473
MA010120220809026073,풍기형제인삼사,,G2,소매,G221,기타 상품 소매,G22199,그 외 기타 상품 전문 소매업,G47859,그 외 기타 분류 안된 상품 전문 소매업,47,경상북도,47210,영주시,47210250,풍기읍,4721025023,풍기읍,4721025023104460004,1,대지,446,4,경상북도 영주시 풍기읍 산법리 446-4,472103309083,경상북도 영주시 풍기읍 소백로,2156,,4721025023104460000000001,선비골인삼시장,경상북도 영주시 풍기읍 소백로 2156,750802,36041,,,,128.54068934949,36.8884940864228
MA010120220809031311,매일미싱유통,,G2,소매,G221,기타 상품 소매,G22199,그 외 기타 상품 전문 소매업,G47859,그 외 기타 분류 안된 상품 전문 소매업,27,대구광역시,27170,서구,27170565,비산2.3동,2717010200,비산동,2717010200101560030,1,대지,156,30,대구광역시 서구 비산동 156-30,271703141003,대구광역시 서구 달성공원로,11,,2717010200101560030007755,,대구광역시 서구 달성공원로 11,703812,41802,,,,128.579297754359,35.8713142773188
MA010120220809033785,세화인삼사,,G2,소매,G221,기타 상품 소매,G22199,그 외 기타 상품 전문 소매업,G47859,그 외 기타 분류 안된 상품 전문 소매업,27,대구광역시,27110,중구,27110575,성내2동,2711013700,남성로,2711013700100610001,1,대지,61,1,대구광역시 중구 남성로 61-1,271103141002,대구광역시 중구 남성로,33,1,2711013700100610001006444,,대구광역시 중구 남성로 33-1,700230,41934,,,,128.59052337674,35.8679400475331
MA010120220809020949,대우농기계총판,,G2,소매,G221,기타 상품 소매,G22199,그 외 기타 상품 전문 소매업,G47859,그 외 기타 분류 안된 상품 전문 소매업,47,경상북도,47920,봉화군,47920250,봉화읍,4792025031,봉화읍,4792025031103940018,1,대지,394,18,경상북도 봉화군 봉화읍 내성리 394-18,479204772248,경상북도 봉화군 봉화읍 신시장1길,3,3,4792025031103940018006756,봉화상설시장번영회,경상북도 봉화군 봉화읍 신시장1길 3-3,755805,36239,,,,128.73547750618,36.8903311720651
MA010120220809031535,칠성불교상회,,G2,소매,G221,기타 상품 소매,G22199,그 외 기타 상품 전문 소매업,G47859,그 외 기타 분류 안된 상품 전문 소매업,27,대구광역시,27230,북구,27230526,칠성동,2723010100,칠성동1가,2723010100100890000,1,대지,89,,대구광역시 북구 칠성동1가 89,272303145042,대구광역시 북구 칠성시장로,19,,2723010100100910011043941,경명시장,대구광역시 북구 칠성시장로 19,702061,41582,,,,128.604065179387,35.8757170363082
MA010120220809036324,연꽃세상,,G2,소매,G221,기타 상품 소매,G22199,그 외 기타 상품 전문 소매업,G47859,그 외 기타 분류 안된 상품 전문 소매업,27,대구광역시,27140,동구,27140640,지저동,2714010800,지저동,2714010800104620006,1,대지,462,6,대구광역시 동구 지저동 462-6,271403007002,대구광역시 동구 공항로,206,,2714010800104620006009375,,대구광역시 동구 공항로 206,701850,41040,,,,128.63658103691,35.898698830075
MA010120220809035689,편한세상,,G2,소매,G221,기타 상품 소매,G22199,그 외 기타 상품 전문 소매업,G47859,그 외 기타 분류 안된 상품 전문 소매업,27,대구광역시,27230,북구,27230526,칠성동,2723010200,칠성동2가,2723010200102450009,1,대지,245,9,대구광역시 북구 칠성동2가 245-9,272303145040,대구광역시 북구 칠성남로,84,1,2723010200102450009042855,,대구광역시 북구 칠성남로 84-1,702852,41588,,,,128.589641456038,35.878657304836
MA010120220808991452,원화종합상사,,G2,소매,G221,기타 상품 소매,G22199,그 외 기타 상품 전문 소매업,G47859,그 외 기타 분류 안된 상품 전문 소매업,27,대구광역시,27170,서구,27170620,평리1동,2717010300,평리동,2717010300106600009,1,대지,660,9,대구광역시 서구 평리동 660-9,271703143005,대구광역시 서구 북비산로,290,17,2717010300106600009011462,,대구광역시 서구 북비산로 290-17,703838,41778,,,,128.565280067119,35.8785807941798
MA010120220809024453,원테크,,G2,소매,G221,기타 상품 소매,G22199,그 외 기타 상품 전문 소매업,G47859,그 외 기타 분류 안된 상품 전문 소매업,47,경상북도,47170,안동시,47170250,풍산읍,4717025037,풍산읍,4717025037102020003,1,대지,202,3,경상북도 안동시 풍산읍 괴정리 202-3,471704722024,경상북도 안동시 풍산읍 절뒤길,59,,4717025037102020003000001,주건축물,경상북도 안동시 풍산읍 절뒤길 59,760802,36618,,,,128.537690287626,36.6015915454599
MA010120220809011987,동명농약종묘사,,G2,소매,G221,기타 상품 소매,G22199,그 외 기타 상품 전문 소매업,G47859,그 외 기타 분류 안된 상품 전문 소매업,47,경상북도,47850,칠곡군,47850320,동명면,4785032030,동명면,4785032030104590003,1,대지,459,3,경상북도 칠곡군 동명면 금암리 459-3,478504766094,경상북도 칠곡군 동명면 금암중앙길,104,,4785032030104590003014476,,경상북도 칠곡군 동명면 금암중앙길 104,718922,39858,,,,128.553933927843,35.9880003459272
MA010120220809015516,만물상회,,G2,소매,G221,기타 상품 소매,G22199,그 외 기타 상품 전문 소매업,G47422,의복 액세서리 및 모조 장신구 소매업,27,대구광역시,27230,북구,27230770,읍내동,2723011800,읍내동,2723011800112010001,1,대지,1201,1,대구광역시 북구 읍내동 1201-1,272302145001,대구광역시 북구 칠곡중앙대로,526,,2723011800112010001042059,,대구광역시 북구 칠곡중앙대로 526,702849,41434,,1,,128.551225454945,35.9425190424787
MA010120220809024727,서문불교사,,G2,소매,G221,기타 상품 소매,G22199,그 외 기타 상품 전문 소매업,G47859,그 외 기타 분류 안된 상품 전문 소매업,27,대구광역시,27170,서구,27170620,평리1동,2717010300,평리동,2717010300108590002,1,대지,859,2,대구광역시 서구 평리동 859-2,271703143010,대구광역시 서구 통학로,180,,2717010300108590002009735,,대구광역시 서구 통학로 180,703842,41786,,,,128.56312022747,35.8762929796132
MA010120220808994692,이편한장부,,G2,소매,G221,기타 상품 소매,G22199,그 외 기타 상품 전문 소매업,G47859,그 외 기타 분류 안된 상품 전문 소매업,11,서울특별시,11305,강북구,11305635,수유3동,1130510300,수유동,1130510300101910035,1,대지,191,35,서울특별시 강북구 수유동 191-35,113053005038,서울특별시 강북구 한천로,1035,,1130510300101910035007769,우성빌딩,서울특별시 강북구 한천로 1035,142722,01074,,2,,127.026603114462,37.6397853296636
MA010120220808992058,비타민성인용품,,G2,소매,G221,기타 상품 소매,G22199,그 외 기타 상품 전문 소매업,G47859,그 외 기타 분류 안된 상품 전문 소매업,41,경기도,41670,여주시,41670250,가남읍,4167025026,가남읍,4167025026101610000,1,대지,161,,경기도 여주시 가남읍 건장리 161,416702012002,경기도 여주시 가남읍 경충대로,1255,,4173032026101610000013934,,경기도 여주시 가남읍 경충대로 1255,469881,12663,,,,127.545436775388,37.1999710507217
MA010120220809034967,가야인삼사,,G2,소매,G221,기타 상품 소매,G22199,그 외 기타 상품 전문 소매업,G47859,그 외 기타 분류 안된 상품 전문 소매업,27,대구광역시,27110,중구,27110575,성내2동,2711013700,남성로,2711013700100960000,1,대지,96,,대구광역시 중구 남성로 96,271103141002,대구광역시 중구 남성로,50,,2711013700100930001006546,,대구광역시 중구 남성로 50,700230,41936,,,,128.592035831693,35.8671720601056
MA010120220809012672,참농약종묘사,,G2,소매,G221,기타 상품 소매,G22199,그 외 기타 상품 전문 소매업,G47859,그 외 기타 분류 안된 상품 전문 소매업,47,경상북도,47840,성주군,47840250,성주읍,4784025029,성주읍,4784025029106720001,1,대지,672,1,경상북도 성주군 성주읍 백전리 672-1,478404763437,경상북도 성주군 성주읍 성주순환로2길,20,,4784025029106720000000002,좌측,경상북도 성주군 성주읍 성주순환로2길 20,719803,40021,,,,128.279918105202,35.9231628665897
MA010120220809019564,한일상회,,G2,소매,G221,기타 상품 소매,G22199,그 외 기타 상품 전문 소매업,G47859,그 외 기타 분류 안된 상품 전문 소매업,27,대구광역시,27230,북구,27230526,칠성동,2723010100,칠성동1가,2723010100100890000,1,대지,89,,대구광역시 북구 칠성동1가 89,272303145042,대구광역시 북구 칠성시장로,19,,2723010100100910011043941,칠성동,대구광역시 북구 칠성시장로 19,702061,41582,,,,128.604065179387,35.8757170363082
MA010120220809025451,미싱마트,,G2,소매,G221,기타 상품 소매,G22199,그 외 기타 상품 전문 소매업,G47859,그 외 기타 분류 안된 상품 전문 소매업,27,대구광역시,27170,서구,27170565,비산2.3동,2717010200,비산동,2717010200101560026,1,대지,156,26,대구광역시 서구 비산동 156-26,271703141003,대구광역시 서구 달성공원로,13,,2717010200101560026007120,,대구광역시 서구 달성공원로 13,703812,41802,,,,128.579280087386,35.8715397958607
MA010120220808985649,누리컴퍼니,,G2,소매,G221,기타 상품 소매,G22199,그 외 기타 상품 전문 소매업,G47859,그 외 기타 분류 안된 상품 전문 소매업,11,서울특별시,11230,동대문구,11230650,장안1동,1123010600,장안동,1123010600104130003,1,대지,413,3,서울특별시 동대문구 장안동 413-3,112304115615,서울특별시 동대문구 한천로2길,16,,1123010600104130003018095,,서울특별시 동대문구 한천로2길 16,130843,02633,,,,127.059320091985,37.5629369467163
MA010120220808691012,프레시필,,G2,소매,G221,기타 상품 소매,G22199,그 외 기타 상품 전문 소매업,G47859,그 외 기타 분류 안된 상품 전문 소매업,11,서울특별시,11230,동대문구,11230660,장안2동,1123010600,장안동,1123010600100980008,1,대지,98,8,서울특별시 동대문구 장안동 98-8,112304115178,서울특별시 동대문구 사가정로25길,13,,1123010600100980008014510,,서울특별시 동대문구 사가정로25길 13,130835,02516,,1,,127.070257944441,37.5794732137504
MA010120220808704383,대박상회,,G2,소매,G221,기타 상품 소매,G22199,그 외 기타 상품 전문 소매업,G47859,그 외 기타 분류 안된 상품 전문 소매업,26,부산광역시,26710,기장군,26710250,기장읍,2671025033,기장읍,2671025033104160034,1,대지,416,34,부산광역시 기장군 기장읍 시랑리 416-34,267104220172,부산광역시 기장군 기장읍 용궁길,68,,2671025033104160034012885,,부산광역시 기장군 기장읍 용궁길 68,619902,46084,,1,,129.221646420505,35.1893106945923
MA010120220808721922,남문약초원,,G2,소매,G221,기타 상품 소매,G22199,그 외 기타 상품 전문 소매업,G47859,그 외 기타 분류 안된 상품 전문 소매업,41,경기도,41115,수원시 팔달구,41115740,행궁동,4111512400,영동,4111512400100050024,1,대지,5,24,경기도 수원시 팔달구 영동 5-24,411154328403,경기도 수원시 팔달구 팔달문로4번길,3,,4111512400100050024050693,,경기도 수원시 팔달구 팔달문로4번길 3,442010,16262,,,,127.017736475844,37.2773817729884
MA010120220808709764,윌로펌프고령현성모타,대리점,G2,소매,G221,기타 상품 소매,G22199,그 외 기타 상품 전문 소매업,G47859,그 외 기타 분류 안된 상품 전문 소매업,47,경상북도,47830,고령군,47830253,대가야읍,4783025322,대가야읍,4783025322101180029,1,대지,118,29,경상북도 고령군 대가야읍 고아리 118-29,478303320005,경상북도 고령군 대가야읍 대가야로,1313,,4783025022101180029029010,,경상북도 고령군 대가야읍 대가야로 1313,717802,40141,,,,128.268858533113,35.7262891675144
MA010120220808724580,목포불교용품,백화점,G2,소매,G221,기타 상품 소매,G22199,그 외 기타 상품 전문 소매업,G47859,그 외 기타 분류 안된 상품 전문 소매업,46,전라남도,46110,목포시,46110640,동명동,4611010200,산정동,4611010200111080017,1,대지,1108,17,전라남도 목포시 산정동 1108-17,461103281032,전라남도 목포시 산정로,34,,4611010200111080017025539,,전라남도 목포시 산정로 34,530812,58740,,,,126.393278667416,34.7914556016601
MA010120220808704829,잡화상회,,G2,소매,G221,기타 상품 소매,G22199,그 외 기타 상품 전문 소매업,G47859,그 외 기타 분류 안된 상품 전문 소매업,51,강원특별자치도,51730,횡성군,51730310,우천면,5173031031,우천면,5173031031107440001,1,대지,744,1,강원특별자치도 횡성군 우천면 우항리 744-1,517303226086,강원특별자치도 횡성군 우천면 한우로,1439,,4273031031107440001033754,,강원특별자치도 횡성군 우천면 한우로 1439,225814,25248,,,,128.077399311165,37.4472261785728
MA010120220808726354,위스매직,,G2,소매,G221,기타 상품 소매,G22199,그 외 기타 상품 전문 소매업,G47859,그 외 기타 분류 안된 상품 전문 소매업,51,강원특별자치도,51130,원주시,51130310,소초면,5113031025,소초면,5113031025114430002,1,대지,1443,2,강원특별자치도 원주시 소초면 수암리 1443-2,511304457393,강원특별자치도 원주시 소초면 수암젓둔길,10,1,4213031025114430002000001,,강원특별자치도 원주시 소초면 수암젓둔길 10-1,220833,26309,,,,127.975359696425,37.3926838763595
MA010120220808726975,인삼사,명지,G2,소매,G221,기타 상품 소매,G22199,그 외 기타 상품 전문 소매업,G47859,그 외 기타 분류 안된 상품 전문 소매업,47,경상북도,47210,영주시,47210250,풍기읍,4721025021,풍기읍,4721025021101570006,1,대지,157,6,경상북도 영주시 풍기읍 성내리 157-6,472103309053,경상북도 영주시 풍기읍 인삼로,17,,4721025021101570002011785,,경상북도 영주시 풍기읍 인삼로 17,750805,36026,,1,,128.523881365246,36.8718799926219
MA010120220808727040,백제수석갤러리,,G2,소매,G221,기타 상품 소매,G22199,그 외 기타 상품 전문 소매업,G47859,그 외 기타 분류 안된 상품 전문 소매업,29,광주광역시,29110,동구,29110560,계림1동,2911010900,계림동,2911010900105720011,1,대지,572,11,광주광역시 동구 계림동 572-11,291103162073,광주광역시 동구 중앙로,311,,2911010900105720011000962,,광주광역시 동구 중앙로 311,501803,61420,,1,,126.920338572335,35.1595807366487
MA010120220808727482,스토어24,김포구래점,G2,소매,G221,기타 상품 소매,G22199,그 외 기타 상품 전문 소매업,G47859,그 외 기타 분류 안된 상품 전문 소매업,41,경기도,41570,김포시,41570570,구래동,4157010900,구래동,4157010900168810003,1,대지,6881,3,경기도 김포시 구래동 6881-3,415704838103,경기도 김포시 김포한강9로75번길,132,,4157010900168810003000001,김포안강럭스나인,경기도 김포시 김포한강9로75번길 132,415080,10071,,,,126.621970721473,37.6443813495502
MA010120220808696860,에이스전기,,G2,소매,G221,기타 상품 소매,G22199,그 외 기타 상품 전문 소매업,G47859,그 외 기타 분류 안된 상품 전문 소매업,41,경기도,41360,남양주시,41360510,호평동,4136010100,호평동,4136010100102980079,1,대지,298,79,경기도 남양주시 호평동 298-79,413604391699,경기도 남양주시 천마산로12번길,25,14,4136010100102980079000002,,경기도 남양주시 천마산로12번길 25-14,472120,12141,,,,127.252025887739,37.6629536562189
MA010120220808689167,포:레스트,,G2,소매,G221,기타 상품 소매,G22199,그 외 기타 상품 전문 소매업,G47859,그 외 기타 분류 안된 상품 전문 소매업,11,서울특별시,11440,마포구,11440660,서교동,1144012000,서교동,1144012000103950007,1,대지,395,7,서울특별시 마포구 서교동 395-7,114404139419,서울특별시 마포구 양화로12길,26,,1144012000103950007010714,,서울특별시 마포구 양화로12길 26,121840,04043,,1,,126.918779341871,37.5518957071569
MA010120220808729450,더샵,,G2,소매,G221,기타 상품 소매,G22199,그 외 기타 상품 전문 소매업,G47859,그 외 기타 분류 안된 상품 전문 소매업,41,경기도,41370,오산시,41370543,신장1동,4137010400,궐동,4137010400105860012,1,대지,586,12,경기도 오산시 궐동 586-12,413703198045,경기도 오산시 청학로,111,,4137010400105860012016533,,경기도 오산시 청학로 111,447140,18118,,,,127.064294285633,37.1590488974844
MA010120220808713493,니르바나,,G2,소매,G221,기타 상품 소매,G22199,그 외 기타 상품 전문 소매업,G47859,그 외 기타 분류 안된 상품 전문 소매업,28,인천광역시,28185,연수구,28185630,옥련1동,2818510100,옥련동,2818510100105470013,1,대지,547,13,인천광역시 연수구 옥련동 547-13,281853008016,인천광역시 연수구 능허대로,183,,2818510100105470013143702,송도비즈니스센터,인천광역시 연수구 능허대로 183,406835,21946,,,,126.649676204537,37.4190464637654
MA010120220808718996,나래인삼사,,G2,소매,G221,기타 상품 소매,G22199,그 외 기타 상품 전문 소매업,G47859,그 외 기타 분류 안된 상품 전문 소매업,47,경상북도,47210,영주시,47210250,풍기읍,4721025032,풍기읍,4721025032101600006,1,대지,160,6,경상북도 영주시 풍기읍 창락리 160-6,472103309091,경상북도 영주시 풍기읍 죽령로,1365,,4721025032101600006012167,,경상북도 영주시 풍기읍 죽령로 1365,750804,36020,,,,128.480390874641,36.8846475649869
MA010120220808727709,굿모닝정보통신,,G2,소매,G221,기타 상품 소매,G22199,그 외 기타 상품 전문 소매업,G47859,그 외 기타 분류 안된 상품 전문 소매업,31,울산광역시,31140,남구,31140570,삼산동,3114010600,삼산동,3114010600115910004,1,대지,1591,4,울산광역시 남구 삼산동 1591-4,311403170001,울산광역시 남구 갈밭로,24,,3114010600115910004005877,울산산업공구월드,울산광역시 남구 갈밭로 24,680815,44717,,,,129.342635980933,35.5357832094548
MA010120220808692556,신성소방자재,,G2,소매,G221,기타 상품 소매,G22199,그 외 기타 상품 전문 소매업,G47859,그 외 기타 분류 안된 상품 전문 소매업,28,인천광역시,28200,남동구,28200522,구월4동,2820010100,구월동,2820010100112860009,1,대지,1286,9,인천광역시 남동구 구월동 1286-9,282002008004,인천광역시 남동구 인주대로,740,,2820010100112860009006896,신성빌딩,인천광역시 남동구 인주대로 740,405839,21588,,,,126.719220586246,37.4488393891832
MA010120220808728944,미군까페,,G2,소매,G221,기타 상품 소매,G22199,그 외 기타 상품 전문 소매업,G47859,그 외 기타 분류 안된 상품 전문 소매업,41,경기도,41830,양평군,41830250,양평읍,4183025025,양평읍,4183025025101180000,1,대지,118,,경기도 양평군 양평읍 공흥리 118,418303000145,경기도 양평군 양평읍 경강로,2031,,4183025025101180000000001,,경기도 양평군 양평읍 경강로 2031,476801,12547,,1,,127.505638501353,37.5007728016039
MA010120220808703739,부부성인용품,,G2,소매,G221,기타 상품 소매,G22199,그 외 기타 상품 전문 소매업,G47859,그 외 기타 분류 안된 상품 전문 소매업,11,서울특별시,11560,영등포구,11560710,대림2동,1156013300,대림동,1156013300110190003,1,대지,1019,3,서울특별시 영등포구 대림동 1019-3,115603118027,서울특별시 영등포구 대림로,107,2,1156013300110190003002892,,서울특별시 영등포구 대림로 107-2,150824,07443,,1,,126.902675182529,37.4912100236587
MA010120220808706285,인형의집,신림점,G2,소매,G221,기타 상품 소매,G22199,그 외 기타 상품 전문 소매업,G47859,그 외 기타 분류 안된 상품 전문 소매업,11,서울특별시,11620,관악구,11620695,신림동,1162010200,신림동,1162010200114250008,1,대지,1425,8,서울특별시 관악구 신림동 1425-8,116204160397,서울특별시 관악구 봉천로12길,42,,1162010200114250008012121,효정,서울특별시 관악구 봉천로12길 42,151891,08753,,,,126.929761089327,37.4868052844627
MA010120220808709062,금산인삼약초,,G2,소매,G221,기타 상품 소매,G22199,그 외 기타 상품 전문 소매업,G47859,그 외 기타 분류 안된 상품 전문 소매업,30,대전광역시,30230,대덕구,30230510,오정동,3023010100,오정동,3023010100100580021,1,대지,58,21,대전광역시 대덕구 오정동 58-21,302302010004,대전광역시 대덕구 한밭대로,991,,3023010100100580021015710,,대전광역시 대덕구 한밭대로 991,306817,34378,,1,,127.408513994127,36.3580571873418
MA010120220808720792,운곡허브,,G2,소매,G221,기타 상품 소매,G22199,그 외 기타 상품 전문 소매업,G47859,그 외 기타 분류 안된 상품 전문 소매업,26,부산광역시,26410,금정구,26410635,선두구동,2641010100,두구동,2641010100112060001,1,대지,1206,1,부산광역시 금정구 두구동 1206-1,264104205471,부산광역시 금정구 조리3길,46,9,2641010100112070012000001,,부산광역시 금정구 조리3길 46-9,609370,46208,,,,129.114032549318,35.3028621240554
MA010120220808709215,니까,,G2,소매,G221,기타 상품 소매,G22199,그 외 기타 상품 전문 소매업,G47859,그 외 기타 분류 안된 상품 전문 소매업,26,부산광역시,26230,부산진구,26230740,개금1동,2623011100,개금동,2623011100105540123,1,대지,554,123,부산광역시 부산진구 개금동 554-123,262304187371,부산광역시 부산진구 복지로41번길,65,,2623011100105540123022692,,부산광역시 부산진구 복지로41번길 65,614814,47379,,,,129.024011644753,35.1502414251499
MA010120220808721741,미르,,G2,소매,G221,기타 상품 소매,G22199,그 외 기타 상품 전문 소매업,G47859,그 외 기타 분류 안된 상품 전문 소매업,46,전라남도,46110,목포시,46110510,용당1동,4611010100,용당동,4611010100109640173,1,대지,964,173,전라남도 목포시 용당동 964-173,461104643511,전라남도 목포시 영산로245번길,44,,4611010100109640173000454,,전라남도 목포시 영산로245번길 44,530361,58649,,,,126.390919054568,34.8062447299292
MA010120220808755504,금화,,G2,소매,G221,기타 상품 소매,G22199,그 외 기타 상품 전문 소매업,G47859,그 외 기타 분류 안된 상품 전문 소매업,41,경기도,41131,성남시 수정구,41131530,신흥3동,4113110100,신흥동,4113110100137690000,1,대지,3769,,경기도 성남시 수정구 신흥동 3769,411313178033,경기도 성남시 수정구 시민로,160,,4113110100137690000033696,,경기도 성남시 수정구 시민로 160,461812,13347,,1,,127.143513699961,37.4424453090613
MA010120220808750712,현대프라자,,G2,소매,G221,기타 상품 소매,G22199,그 외 기타 상품 전문 소매업,G47859,그 외 기타 분류 안된 상품 전문 소매업,44,충청남도,44200,아산시,44200620,온양6동,4420011000,읍내동,4420011000103230008,1,대지,323,8,충청남도 아산시 읍내동 323-8,442003253046,충청남도 아산시 순천향로,856,,4420011000103230008035572,,충청남도 아산시 순천향로 856,336190,31560,,,,127.016686539003,36.7575129950777
MA010120220808753041,우이농수산물,,G2,소매,G221,기타 상품 소매,G22199,그 외 기타 상품 전문 소매업,G47859,그 외 기타 분류 안된 상품 전문 소매업,46,전라남도,46910,신안군,46910350,도초면,4691035031,도초면,4691035031101760006,1,대지,176,6,전라남도 신안군 도초면 우이도리 176-6,469104706244,전라남도 신안군 도초면 우이진리길,34,12,4691035031101760002000001,,전라남도 신안군 도초면 우이진리길 34-12,535897,58853,,,,125.851872076824,34.6194032746115
MA010120220808751275,백두대간약초수석,,G2,소매,G221,기타 상품 소매,G22199,그 외 기타 상품 전문 소매업,G47859,그 외 기타 분류 안된 상품 전문 소매업,30,대전광역시,30230,대덕구,30230580,목상동,3023011200,목상동,3023011200100210009,1,대지,21,9,대전광역시 대덕구 목상동 21-9,302304304055,대전광역시 대덕구 대덕대로1524번길,34,,3023011200100210009020666,,대전광역시 대덕구 대덕대로1524번길 34,306210,34321,,1,,127.415716750165,36.4490591028645
MA010120220808764433,딩동,,G2,소매,G221,기타 상품 소매,G22199,그 외 기타 상품 전문 소매업,G47859,그 외 기타 분류 안된 상품 전문 소매업,31,울산광역시,31140,남구,31140570,삼산동,3114010500,달동,3114010500113530005,1,대지,1353,5,울산광역시 남구 달동 1353-5,311404310684,울산광역시 남구 왕생로66번길,13,1,3114010500113530005006933,,울산광역시 남구 왕생로66번길 13-1,680805,44703,,1,,129.332642765322,35.5397704723759
MA010120220808732470,마스테코이엔지,,G2,소매,G221,기타 상품 소매,G22199,그 외 기타 상품 전문 소매업,G47859,그 외 기타 분류 안된 상품 전문 소매업,44,충청남도,44131,천안시 동남구,44131580,청룡동,4413111100,청당동,4413111100104940000,1,대지,494,,충청남도 천안시 동남구 청당동 494,441313249074,충청남도 천안시 동남구 청수11로,13,21,4413111100104940000000001,,충청남도 천안시 동남구 청수11로 13-21,330270,31198,,6,,127.153512580568,36.7838358697083
MA010120220808746128,문경약업사,,G2,소매,G221,기타 상품 소매,G22199,그 외 기타 상품 전문 소매업,G47859,그 외 기타 분류 안된 상품 전문 소매업,11,서울특별시,11230,동대문구,11230545,제기동,1123010300,제기동,1123010300111400030,1,대지,1140,30,서울특별시 동대문구 제기동 1140-30,112303105007,서울특별시 동대문구 약령중앙로,13,,1123010300111400030032139,,서울특별시 동대문구 약령중앙로 13,130864,02569,,3,,127.036781820986,37.5794433414445
MA010120220808749197,명진상사,,G2,소매,G221,기타 상품 소매,G22199,그 외 기타 상품 전문 소매업,G47859,그 외 기타 분류 안된 상품 전문 소매업,48,경상남도,48310,거제시,48310540,아주동,4831010500,아주동,4831010500103350005,1,대지,335,5,경상남도 거제시 아주동 335-5,483104811405,경상남도 거제시 아주로3길,10,,4831010500103350000034605,시티파크,경상남도 거제시 아주로3길 10,656902,53304,,,,128.691728072541,34.8659750434127
MA010120220808735660,예목수석좌대,,G2,소매,G221,기타 상품 소매,G22199,그 외 기타 상품 전문 소매업,G47859,그 외 기타 분류 안된 상품 전문 소매업,26,부산광역시,26500,수영구,26500750,망미2동,2650010100,망미동,2650010100102650033,1,대지,265,33,부산광역시 수영구 망미동 265-33,265003138017,부산광역시 수영구 수미로,29,2,2650010100102650033019059,예목수석좌대,부산광역시 수영구 수미로 29-2,613820,48216,,1,,129.114110808614,35.1738714005198
MA010120220808749422,만물유통,,G2,소매,G221,기타 상품 소매,G22199,그 외 기타 상품 전문 소매업,G47859,그 외 기타 분류 안된 상품 전문 소매업,47,경상북도,47170,안동시,47170510,중구동,4717012400,목성동,4717012400100620001,1,대지,62,1,경상북도 안동시 목성동 62-1,471703303047,경상북도 안동시 중앙로,1,1,4717012400100620001049123,,경상북도 안동시 중앙로 1-1,760190,36696,,,,128.727021811127,36.5666148174638
MA010120220808754822,유일전기소방,,G2,소매,G221,기타 상품 소매,G22199,그 외 기타 상품 전문 소매업,G47859,그 외 기타 분류 안된 상품 전문 소매업,26,부산광역시,26380,사하구,26380550,당리동,2638010200,당리동,2638010200103500017,1,대지,350,17,부산광역시 사하구 당리동 350-17,263803134017,부산광역시 사하구 승학로,138,,2638010200103500017002793,,부산광역시 사하구 승학로 138,604831,49331,,,,128.982113969724,35.1033790170311
MA010120220808760850,하늘휴,,G2,소매,G221,기타 상품 소매,G22199,그 외 기타 상품 전문 소매업,G47859,그 외 기타 분류 안된 상품 전문 소매업,47,경상북도,47113,포항시 북구,47113520,중앙동,4711310900,대신동,4711310900100780033,1,대지,78,33,경상북도 포항시 북구 대신동 78-33,471133304016,경상북도 포항시 북구 선착로,4,,4711310900100780033103313,,경상북도 포항시 북구 선착로 4,791080,37726,,1,,129.364753901249,36.0470409523505
MA010120220808766147,용성자연토,,G2,소매,G221,기타 상품 소매,G22199,그 외 기타 상품 전문 소매업,G47859,그 외 기타 분류 안된 상품 전문 소매업,52,전북특별자치도,52710,완주군,52710330,이서면,5271033027,이서면,5271033027107750001,1,대지,775,1,전북특별자치도 완주군 이서면 용서리 775-1,527104619428,전북특별자치도 완주군 이서면 지사제안길,37,1,4571033027100040001000001,,전북특별자치도 완주군 이서면 지사제안길 37-1,565854,55365,,4,,127.021426213532,35.8301703314041
MA010120220808731200,소소하루,,G2,소매,G221,기타 상품 소매,G22199,그 외 기타 상품 전문 소매업,G47859,그 외 기타 분류 안된 상품 전문 소매업,52,전북특별자치도,52113,전주시 덕진구,52113641,송천1동,5211312100,송천동1가,5211312100100970006,1,대지,97,6,전북특별자치도 전주시 덕진구 송천동1가 97-6,521134601338,전북특별자치도 전주시 덕진구 오송1길,37,13,4511312100100970006000001,,전북특별자치도 전주시 덕진구 오송1길 37-13,561816,54823,,,,127.130660104939,35.8639614104577
MA010120220808794931,신아소방,,G2,소매,G221,기타 상품 소매,G22199,그 외 기타 상품 전문 소매업,G47859,그 외 기타 분류 안된 상품 전문 소매업,11,서울특별시,11230,동대문구,11230536,용신동,1123010200,용두동,1123010200101290490,1,대지,129,490,서울특별시 동대문구 용두동 129-490,112304115137,서울특별시 동대문구 무학로16길,23,,1123010200101290490040469,,서울특별시 동대문구 무학로16길 23,130821,02589,,,,127.031728920224,37.5706060505568
MA010120220808806780,신라약업사,,G2,소매,G221,기타 상품 소매,G22199,그 외 기타 상품 전문 소매업,G47859,그 외 기타 분류 안된 상품 전문 소매업,27,대구광역시,27110,중구,27110575,성내2동,2711013700,남성로,2711013700101310000,1,대지,131,,대구광역시 중구 남성로 131,271103141002,대구광역시 중구 남성로,10,1,2711013900100130000014729,,대구광역시 중구 남성로 10-1,700230,41933,,1,,128.588235748164,35.8687002463087
MA010120220808806987,보현출판불교사,,G2,소매,G221,기타 상품 소매,G22199,그 외 기타 상품 전문 소매업,G47859,그 외 기타 분류 안된 상품 전문 소매업,27,대구광역시,27110,중구,27110650,남산2동,2711015600,남산동,2711015600106130021,1,대지,613,21,대구광역시 중구 남산동 613-21,271104223009,대구광역시 중구 관덕정길,80,,2711015600106130021021936,,대구광역시 중구 관덕정길 80,700442,41966,,,,128.590863532317,35.862249322556
MA010120220808792804,링크,코리아,G2,소매,G221,기타 상품 소매,G22199,그 외 기타 상품 전문 소매업,G47859,그 외 기타 분류 안된 상품 전문 소매업,11,서울특별시,11140,중구,11140550,명동,1114012500,충무로2가,1114012500100600003,1,대지,60,3,서울특별시 중구 충무로2가 60-3,111402100001,서울특별시 중구 삼일대로,299,,1114012500100600003019644,이화빌딩,서울특별시 중구 삼일대로 299,100861,04537,,,,126.988466692046,37.5615637509765
MA010120220808795444,팜한농연천,대리점,G2,소매,G221,기타 상품 소매,G22199,그 외 기타 상품 전문 소매업,G47859,그 외 기타 분류 안된 상품 전문 소매업,41,경기도,41800,연천군,41800330,백학면,4180033028,백학면,4180033028100050003,1,대지,5,3,경기도 연천군 백학면 두현리 5-3,418003215014,경기도 연천군 백학면 두일로,115,,4180033028100050003004680,,경기도 연천군 백학면 두일로 115,486882,11048,,,,126.910191726368,38.0287683468272
MA010120220808803829,경덕사,,G2,소매,G221,기타 상품 소매,G22199,그 외 기타 상품 전문 소매업,G47859,그 외 기타 분류 안된 상품 전문 소매업,27,대구광역시,27200,남구,27200550,봉덕3동,2720010200,봉덕동,2720010200113380086,1,대지,1338,86,대구광역시 남구 봉덕동 1338-86,272004232371,대구광역시 남구 효서길,86,,2720010200113380086021147,,대구광역시 남구 효서길 86,705832,42505,,1,,128.5941009158,35.8381638307232
MA010120220808807033,12호,,G2,소매,G221,기타 상품 소매,G22199,그 외 기타 상품 전문 소매업,G47422,의복 액세서리 및 모조 장신구 소매업,27,대구광역시,27110,중구,27110565,성내1동,2711012400,태평로1가,2711012400100010181,1,대지,1,181,대구광역시 중구 태평로1가 1-181,272303141011,대구광역시 중구 태평로,161,,2723010200103020155000001,,대구광역시 중구 태평로 161,700111,41581,,,,128.596129599265,35.875876833739
MA010120220808807116,신풍식당,,G2,소매,G221,기타 상품 소매,G22199,그 외 기타 상품 전문 소매업,G47859,그 외 기타 분류 안된 상품 전문 소매업,27,대구광역시,27110,중구,27110575,성내2동,2711013700,남성로,2711013700100980000,1,대지,98,,대구광역시 중구 남성로 98,271103141002,대구광역시 중구 남성로,46,,2711013700100980000006555,,대구광역시 중구 남성로 46,700230,41936,,,,128.591625410425,35.8671324423223
MA010120220808807181,고려인삼사,,G2,소매,G221,기타 상품 소매,G22199,그 외 기타 상품 전문 소매업,G47859,그 외 기타 분류 안된 상품 전문 소매업,27,대구광역시,27110,중구,27110575,성내2동,2711011400,종로2가,2711011400100930003,1,대지,93,3,대구광역시 중구 종로2가 93-3,271103141010,대구광역시 중구 종로,16,,2711011400100930003006588,,대구광역시 중구 종로 16,700192,41935,,,,128.592248469274,35.8672863901035
MA010120220808813123,도깨비장터,,G2,소매,G221,기타 상품 소매,G22199,그 외 기타 상품 전문 소매업,G47859,그 외 기타 분류 안된 상품 전문 소매업,46,전라남도,46230,광양시,46230530,중마동,4623010600,중동,4623010600113930006,1,대지,1393,6,전라남도 광양시 중동 1393-6,462303285040,전라남도 광양시 중마로,197,,4623010600113930006000001,,전라남도 광양시 중마로 197,545880,57783,,,,127.688834318992,34.9423784056894
MA010120220808795845,삼진물산,,G2,소매,G221,기타 상품 소매,G22199,그 외 기타 상품 전문 소매업,G47859,그 외 기타 분류 안된 상품 전문 소매업,11,서울특별시,11110,종로구,11110630,종로5.6가동,1111016200,효제동,1111016200101710010,1,대지,171,10,서울특별시 종로구 효제동 171-10,111104100332,서울특별시 종로구 종로39길,39,,1111016200101710010011714,,서울특별시 종로구 종로39길 39,110850,03126,,,,127.004856234687,37.5723581450996
MA010120220808805958,아름다운비밀,,G2,소매,G221,기타 상품 소매,G22199,그 외 기타 상품 전문 소매업,G47859,그 외 기타 분류 안된 상품 전문 소매업,27,대구광역시,27110,중구,27110565,성내1동,2711014800,동성로1가,2711014800100110019,1,대지,11,19,대구광역시 중구 동성로1가 11-19,271103141006,대구광역시 중구 동성로,70,3,2711014800100130003014854,,대구광역시 중구 동성로 70-3,700091,41912,,,,128.596016415974,35.8729946828698
MA010120220808782842,그린라이프,,G2,소매,G221,기타 상품 소매,G22199,그 외 기타 상품 전문 소매업,G47859,그 외 기타 분류 안된 상품 전문 소매업,41,경기도,41463,용인시 기흥구,41463575,동백2동,4146311600,중동,4146311600110330000,1,대지,1033,,경기도 용인시 기흥구 중동 1033,414634412115,경기도 용인시 기흥구 동백중앙로16번길,16,4,4146311600110330000000001,,경기도 용인시 기흥구 동백중앙로16번길 16-4,446916,17015,,,,127.165118472638,37.256291718005
MA010120220808782905,우일에프엔시,,G2,소매,G221,기타 상품 소매,G22199,그 외 기타 상품 전문 소매업,G47859,그 외 기타 분류 안된 상품 전문 소매업,47,경상북도,47210,영주시,47210590,휴천1동,4721010400,휴천동,4721010400113530001,1,대지,1353,1,경상북도 영주시 휴천동 1353-1,472103018026,경상북도 영주시 영봉로,100,4,4721010400113530001000002,,경상북도 영주시 영봉로 100-4,750914,36167,,,,128.648919169742,36.8153396667215
MA010120220808804269,제일부라더미싱,,G2,소매,G221,기타 상품 소매,G22199,그 외 기타 상품 전문 소매업,G47859,그 외 기타 분류 안된 상품 전문 소매업,27,대구광역시,27110,중구,27110595,대신동,2711015400,대신동,2711015400101780013,1,대지,178,13,대구광역시 중구 대신동 178-13,271103141003,대구광역시 중구 달성공원로,6,1,2711015400101780013014111,,대구광역시 중구 달성공원로 6-1,700815,41925,,,,128.579649271677,35.8711744828083
MA010120220808813914,영통불교,,G2,소매,G221,기타 상품 소매,G22199,그 외 기타 상품 전문 소매업,G47859,그 외 기타 분류 안된 상품 전문 소매업,28,인천광역시,28710,강화군,28710320,불은면,2871032025,불은면,2871032025103770002,1,대지,377,2,인천광역시 강화군 불은면 신현리 377-2,287104271282,인천광역시 강화군 불은면 덕진로178번길,41,5,2871032025103770002027915,,인천광역시 강화군 불은면 덕진로178번길 41-5,417831,23047,,,,126.511879325853,37.6568070941205
MA010120220808775292,와이피유통,,G2,소매,G221,기타 상품 소매,G22199,그 외 기타 상품 전문 소매업,G47859,그 외 기타 분류 안된 상품 전문 소매업,41,경기도,41220,평택시,41220520,서정동,4122010100,서정동,4122010100107950006,1,대지,795,6,경기도 평택시 서정동 795-6,412203188111,경기도 평택시 특구로,28,,4122010100107950006006251,,경기도 평택시 특구로 28,459813,17773,,3,,127.063520266206,37.0680868077795
MA010120220808793878,명품,백화점,G2,소매,G221,기타 상품 소매,G22199,그 외 기타 상품 전문 소매업,G47859,그 외 기타 분류 안된 상품 전문 소매업,46,전라남도,46150,순천시,46150661,왕조1동,4615013300,조례동,4615013300109830000,1,대지,983,,전라남도 순천시 조례동 983,461504649611,전라남도 순천시 신월길,83,,4615013300109830000000001,,전라남도 순천시 신월길 83,540967,57946,,,,127.519519336872,34.9604548320398
MA010120220808789207,일일원예철물,,G2,소매,G221,기타 상품 소매,G22199,그 외 기타 상품 전문 소매업,G47859,그 외 기타 분류 안된 상품 전문 소매업,48,경상남도,48250,김해시,48250370,대동면,4825037025,대동면,4825037025100130496,1,대지,13,496,경상남도 김해시 대동면 초정리 13-496,482504805308,경상남도 김해시 대동면 동남로49번길,42,,4825037025100130496091458,,경상남도 김해시 대동면 동남로49번길 42,621899,50808,,,,128.990238932561,35.2375117191424
MA010120220808811602,오산유통,,G2,소매,G221,기타 상품 소매,G22199,그 외 기타 상품 전문 소매업,G47859,그 외 기타 분류 안된 상품 전문 소매업,41,경기도,41370,오산시,41370560,초평동,4137011700,벌음동,4137011700101340018,1,대지,134,18,경기도 오산시 벌음동 134-18,413703210137,경기도 오산시 발안로,1233,9,4137011700101340018017637,,경기도 오산시 발안로 1233-9,447190,18104,,,,127.035407230904,37.1368409130735
MA010120220808813740,현대디씨,,G2,소매,G221,기타 상품 소매,G22199,그 외 기타 상품 전문 소매업,G47859,그 외 기타 분류 안된 상품 전문 소매업,27,대구광역시,27170,서구,27170550,비산1동,2717010200,비산동,2717010200108020006,1,대지,802,6,대구광역시 서구 비산동 802-6,271704229330,대구광역시 서구 통학로49길,18,,2717010200108020006025282,,대구광역시 서구 통학로49길 18,703818,41739,,1,,128.561463272409,35.8815682171408
MA010120220808786689,샤이맨광주,상무점,G2,소매,G221,기타 상품 소매,G22199,그 외 기타 상품 전문 소매업,G47859,그 외 기타 분류 안된 상품 전문 소매업,29,광주광역시,29140,서구,29140745,치평동,2914012000,치평동,2914012000112230001,1,대지,1223,1,광주광역시 서구 치평동 1223-1,291403160035,광주광역시 서구 운천로,247,,2914012000112230001000001,스타타워,광주광역시 서구 운천로 247,502827,61948,,1,,126.854405617778,35.1546160507454
MA010120220808811679,고려홍삼,전문점,G2,소매,G221,기타 상품 소매,G22199,그 외 기타 상품 전문 소매업,G47859,그 외 기타 분류 안된 상품 전문 소매업,44,충청남도,44710,금산군,44710250,금산읍,4471025021,금산읍,4471025021106450000,1,대지,645,,충청남도 금산군 금산읍 신대리 645,447103257043,충청남도 금산군 금산읍 인삼로,178,,4471025021106450000020683,,충청남도 금산군 금산읍 인삼로 178,312804,32722,,,,127.500946487825,36.1022184385253
MA010120220808789646,삼부산업,,G2,소매,G221,기타 상품 소매,G22199,그 외 기타 상품 전문 소매업,G47859,그 외 기타 분류 안된 상품 전문 소매업,27,대구광역시,27290,달서구,27290650,본동,2729012400,본동,2729012400106080007,1,대지,608,7,대구광역시 달서구 본동 608-7,272904241620,대구광역시 달서구 학산로7길,89,4,2729012400106080007009360,,대구광역시 달서구 학산로7길 89-4,704806,42727,,2,,128.530385355408,35.8363068479153
MA010120220808809099,고려불교용품,,G2,소매,G221,기타 상품 소매,G22199,그 외 기타 상품 전문 소매업,G47859,그 외 기타 분류 안된 상품 전문 소매업,48,경상남도,48820,고성군,48820250,고성읍,4882025024,고성읍,4882025024102910002,1,대지,291,2,경상남도 고성군 고성읍 동외리 291-2,488204826547,경상남도 고성군 고성읍 중앙로43번길,33,,4882025024102910002004773,,경상남도 고성군 고성읍 중앙로43번길 33,638803,52942,,,,128.325026331794,34.9755005570629
MA010120220808779153,신풍원예자재,,G2,소매,G221,기타 상품 소매,G22199,그 외 기타 상품 전문 소매업,G47859,그 외 기타 분류 안된 상품 전문 소매업,46,전라남도,46830,영암군,46830250,영암읍,4683025021,영암읍,4683025021101630005,1,대지,163,5,전라남도 영암군 영암읍 회문리 163-5,468303295090,전라남도 영암군 영암읍 월출로,9,8,4683025021101630005000001,,전라남도 영암군 영암읍 월출로 9-8,526805,58413,,,,126.684630898423,34.7953896335012
MA010120220808809248,24시편의점,,G2,소매,G221,기타 상품 소매,G22199,그 외 기타 상품 전문 소매업,G47859,그 외 기타 분류 안된 상품 전문 소매업,11,서울특별시,11410,서대문구,11410585,신촌동,1141011600,창천동,1141011600100130037,1,대지,13,37,서울특별시 서대문구 창천동 13-37,114104136239,서울특별시 서대문구 연세로4길,34,,1141011600100130037022461,,서울특별시 서대문구 연세로4길 34,120833,03777,,1,,126.938556402606,37.5576199797344
MA010120220808815000,신세계,,G2,소매,G221,기타 상품 소매,G22199,그 외 기타 상품 전문 소매업,G47859,그 외 기타 분류 안된 상품 전문 소매업,48,경상남도,48250,김해시,48250620,장유2동,4825012900,대청동,4825012900100560011,1,대지,56,11,경상남도 김해시 대청동 56-11,482504805361,경상남도 김해시 번화1로67번길,12,,4825031027100560011093657,광희빌딩,경상남도 김해시 번화1로67번길 12,621280,50988,,3,,128.798753535628,35.1932690372702
MA010120220808824114,영광미싱,,G2,소매,G221,기타 상품 소매,G22199,그 외 기타 상품 전문 소매업,G47859,그 외 기타 분류 안된 상품 전문 소매업,27,대구광역시,27110,중구,27110595,대신동,2711015400,대신동,2711015400101770013,1,대지,177,13,대구광역시 중구 대신동 177-13,271104223061,대구광역시 중구 달성공원로4길,10,,2711015400101770013002796,,대구광역시 중구 달성공원로4길 10,700815,41925,,,,128.58006292985,35.8713763048285
MA010120220808824117,일성미싱상회,,G2,소매,G221,기타 상품 소매,G22199,그 외 기타 상품 전문 소매업,G47859,그 외 기타 분류 안된 상품 전문 소매업,27,대구광역시,27110,중구,27110595,대신동,2711015400,대신동,2711015400100900001,1,대지,90,1,대구광역시 중구 대신동 90-1,271104223061,대구광역시 중구 달성공원로4길,33,,2711015400100920004003214,,대구광역시 중구 달성공원로4길 33,700814,41925,,,,128.581375489587,35.8716834418997
MA010120220808824133,경남미싱,,G2,소매,G221,기타 상품 소매,G22199,그 외 기타 상품 전문 소매업,G47859,그 외 기타 분류 안된 상품 전문 소매업,27,대구광역시,27110,중구,27110595,대신동,2711015400,대신동,2711015400101770013,1,대지,177,13,대구광역시 중구 대신동 177-13,271104223061,대구광역시 중구 달성공원로4길,10,,2711015400101770013002796,,대구광역시 중구 달성공원로4길 10,700815,41925,,,,128.58006292985,35.8713763048285
MA010120220808822585,대한약업사,,G2,소매,G221,기타 상품 소매,G22199,그 외 기타 상품 전문 소매업,G47859,그 외 기타 분류 안된 상품 전문 소매업,27,대구광역시,27110,중구,27110595,대신동,2711015400,대신동,2711015400101150133,1,대지,115,133,대구광역시 중구 대신동 115-133,271104223144,대구광역시 중구 큰장로28길,2,10,2711015400101150133027504,,대구광역시 중구 큰장로28길 2-10,700320,41926,,,,128.579289832499,35.8692417477864
MA010120220808824159,한영미싱,,G2,소매,G221,기타 상품 소매,G22199,그 외 기타 상품 전문 소매업,G47859,그 외 기타 분류 안된 상품 전문 소매업,27,대구광역시,27110,중구,27110595,대신동,2711015400,대신동,2711015400100760000,1,대지,76,,대구광역시 중구 대신동 76,271104223061,대구광역시 중구 달성공원로4길,31,,2711015400100760000003112,,대구광역시 중구 달성공원로4길 31,700814,41925,,,,128.581198209742,35.8716767645337
MA010120220808815511,동성한약방,,G2,소매,G221,기타 상품 소매,G22199,그 외 기타 상품 전문 소매업,G47859,그 외 기타 분류 안된 상품 전문 소매업,27,대구광역시,27110,중구,27110575,성내2동,2711011900,동성로3가,2711011900100470000,1,대지,47,,대구광역시 중구 동성로3가 47,271103141002,대구광역시 중구 남성로,52,,2711011900100450001006582,,대구광역시 중구 남성로 52,700093,41936,,,,128.592367514558,35.8671496403365
MA010120220808818366,영남인삼사,,G2,소매,G221,기타 상품 소매,G22199,그 외 기타 상품 전문 소매업,G47859,그 외 기타 분류 안된 상품 전문 소매업,27,대구광역시,27110,중구,27110575,성내2동,2711011900,동성로3가,2711011900100500001,1,대지,50,1,대구광역시 중구 동성로3가 50-1,271103141002,대구광역시 중구 남성로,58,,2711011900100500001006800,,대구광역시 중구 남성로 58,700093,41936,,,,128.592930545361,35.8670700830311
MA010120220808818411,한창상회,,G2,소매,G221,기타 상품 소매,G22199,그 외 기타 상품 전문 소매업,G47859,그 외 기타 분류 안된 상품 전문 소매업,27,대구광역시,27110,중구,27110575,성내2동,2711013900,계산동2가,2711013900100360000,1,대지,36,,대구광역시 중구 계산동2가 36,271104223119,대구광역시 중구 약령길,37,,2711013900100360000006182,,대구광역시 중구 약령길 37,700082,41933,,,,128.588833174476,35.868124624004
MA010120220808818473,청신한약방,,G2,소매,G221,기타 상품 소매,G22199,그 외 기타 상품 전문 소매업,G47811,의약품 및 의료용품 소매업,27,대구광역시,27110,중구,27110575,성내2동,2711013700,남성로,2711013700101220000,1,대지,122,,대구광역시 중구 남성로 122,271103141002,대구광역시 중구 남성로,16,1,2711013700101220000006181,,대구광역시 중구 남성로 16-1,700230,41933,,,,128.588770182511,35.8682966746443
MA010120220808818475,대영당한약방,,G2,소매,G221,기타 상품 소매,G22199,그 외 기타 상품 전문 소매업,G47811,의약품 및 의료용품 소매업,27,대구광역시,27110,중구,27110575,성내2동,2711013700,남성로,2711013700101230000,1,대지,123,,대구광역시 중구 남성로 123,271103141002,대구광역시 중구 남성로,16,,2711013700101230000006180,,대구광역시 중구 남성로 16,700230,41933,,,,128.588649150775,35.8683343213428
MA010120220808835391,양총포사,,G2,소매,G221,기타 상품 소매,G22199,그 외 기타 상품 전문 소매업,G47859,그 외 기타 분류 안된 상품 전문 소매업,27,대구광역시,27230,북구,27230550,침산1동,2723010600,침산동,2723010600116600005,1,대지,1660,5,대구광역시 북구 침산동 1660-5,272304235406,대구광역시 북구 침산남로13길,18,,2723010600116600005010377,,대구광역시 북구 침산남로13길 18,702859,41551,,,,128.581017395513,35.8904319380575
MA010120220808835463,황제약초인삼사,,G2,소매,G221,기타 상품 소매,G22199,그 외 기타 상품 전문 소매업,G47859,그 외 기타 분류 안된 상품 전문 소매업,44,충청남도,44710,금산군,44710250,금산읍,4471025022,금산읍,4471025022100320011,1,대지,32,11,충청남도 금산군 금산읍 중도리 32-11,447103257044,충청남도 금산군 금산읍 인삼약초로,25,,4471025022100320011020605,,충청남도 금산군 금산읍 인삼약초로 25,312806,32739,,,,127.496096040267,36.1008507588561
MA010120220808818487,화춘한약,,G2,소매,G221,기타 상품 소매,G22199,그 외 기타 상품 전문 소매업,G47859,그 외 기타 분류 안된 상품 전문 소매업,27,대구광역시,27110,중구,27110575,성내2동,2711013700,남성로,2711013700101140000,1,대지,114,,대구광역시 중구 남성로 114,271103141002,대구광역시 중구 남성로,28,1,2711013700101140000006400,,대구광역시 중구 남성로 28-1,700230,41933,,,,128.589866931085,35.8677775213382
MA010120220808818491,대보한약방,,G2,소매,G221,기타 상품 소매,G22199,그 외 기타 상품 전문 소매업,G47859,그 외 기타 분류 안된 상품 전문 소매업,27,대구광역시,27200,남구,27200660,대명11동,2720010300,대명동,2720010300115130010,1,대지,1513,10,대구광역시 남구 대명동 1513-10,272004232017,대구광역시 남구 골안길,89,,2720010300115130010002134,,대구광역시 남구 골안길 89,705814,42496,,1,,128.56295509068,35.8346169702183
MA010120220808845630,대구명성장재상사,,G2,소매,G221,기타 상품 소매,G22199,그 외 기타 상품 전문 소매업,G47859,그 외 기타 분류 안된 상품 전문 소매업,27,대구광역시,27110,중구,27110517,동인동,2711010400,동인동4가,2711010400104360002,1,대지,436,2,대구광역시 중구 동인동4가 436-2,271104223025,대구광역시 중구 국채보상로150길,8,,2711010400104360002013056,,대구광역시 중구 국채보상로150길 8,700847,41946,,,,128.611560896695,35.8680561181592
MA010120220808818863,대명당약업사,,G2,소매,G221,기타 상품 소매,G22199,그 외 기타 상품 전문 소매업,G47859,그 외 기타 분류 안된 상품 전문 소매업,27,대구광역시,27110,중구,27110575,성내2동,2711013700,남성로,2711013700101440000,1,대지,144,,대구광역시 중구 남성로 144,271103141002,대구광역시 중구 남성로,6,,2711013700101440000006713,,대구광역시 중구 남성로 6,700230,41933,,,,128.587755212288,35.8690310116041
MA010120220808835947,송원총포사,,G2,소매,G221,기타 상품 소매,G22199,그 외 기타 상품 전문 소매업,G47859,그 외 기타 분류 안된 상품 전문 소매업,27,대구광역시,27200,남구,27200640,대명9동,2720010300,대명동,2720010300104170043,1,대지,417,43,대구광역시 남구 대명동 417-43,272003007012,대구광역시 남구 앞산순환로,563,,2720010300104170042016982,,대구광역시 남구 앞산순환로 563,705803,42453,,,,128.586169773747,35.833357535585
MA010120220808840556,제주삼대약초,,G2,소매,G221,기타 상품 소매,G22199,그 외 기타 상품 전문 소매업,G47859,그 외 기타 분류 안된 상품 전문 소매업,50,제주특별자치도,50110,제주시,50110670,외도동,5011012300,외도일동,5011012300122150000,1,대지,2215,,제주특별자치도 제주시 외도일동 2215,501104847043,제주특별자치도 제주시 계명길,25,12,5011012300122150000057971,,제주특별자치도 제주시 계명길 25-12,690191,63072,,2,,126.424512469607,33.487182003662
MA010120220808845714,동영그린텍,,G2,소매,G221,기타 상품 소매,G22199,그 외 기타 상품 전문 소매업,G47859,그 외 기타 분류 안된 상품 전문 소매업,47,경상북도,47840,성주군,47840250,성주읍,4784025028,성주읍,4784025028105940000,1,대지,594,,경상북도 성주군 성주읍 예산리 594,478403321017,경상북도 성주군 성주읍 성주순환로,131,,4784025028105940000000001,,경상북도 성주군 성주읍 성주순환로 131,719801,40018,,,,128.283370696725,35.9270190766569
MA010120220808816280,가발사랑,,G2,소매,G221,기타 상품 소매,G22199,그 외 기타 상품 전문 소매업,G47422,의복 액세서리 및 모조 장신구 소매업,26,부산광역시,26470,연제구,26470690,연산5동,2647010200,연산동,2647010200113640001,1,대지,1364,1,부산광역시 연제구 연산동 1364-1,264702000010,부산광역시 연제구 중앙대로,1035,,2647010200113640001002456,,부산광역시 연제구 중앙대로 1035,611830,47542,,,,129.07732844957,35.181014404168
MA010120220808818889,대웅당약업사,,G2,소매,G221,기타 상품 소매,G22199,그 외 기타 상품 전문 소매업,G47859,그 외 기타 분류 안된 상품 전문 소매업,27,대구광역시,27110,중구,27110575,성내2동,2711011100,수동,2711011100100820000,1,대지,82,,대구광역시 중구 수동 82,271104223119,대구광역시 중구 약령길,64,,2711011100100820000027671,,대구광역시 중구 약령길 64,700220,41934,,1,,128.589550271144,35.8691063941165
MA010120220808822754,일흥상회,,G2,소매,G221,기타 상품 소매,G22199,그 외 기타 상품 전문 소매업,G47422,의복 액세서리 및 모조 장신구 소매업,27,대구광역시,27110,중구,27110595,대신동,2711015400,대신동,2711015400101150377,1,대지,115,377,대구광역시 중구 대신동 115-377,271104223144,대구광역시 중구 큰장로28길,28,,2711015400101150377002851,,대구광역시 중구 큰장로28길 28,700320,41926,,1,,128.580766412877,35.869447609294
MA010120220808821451,효성약업사,,G2,소매,G221,기타 상품 소매,G22199,그 외 기타 상품 전문 소매업,G47859,그 외 기타 분류 안된 상품 전문 소매업,27,대구광역시,27110,중구,27110595,대신동,2711015400,대신동,2711015400101150089,1,대지,115,89,대구광역시 중구 대신동 115-89,271103007001,대구광역시 중구 국채보상로,452,5,2711015400101150089014395,,대구광역시 중구 국채보상로 452-5,700320,41926,,,,128.580293355333,35.8701567275769
MA010120220808833803,동서불교,,G2,소매,G221,기타 상품 소매,G22199,그 외 기타 상품 전문 소매업,G47859,그 외 기타 분류 안된 상품 전문 소매업,27,대구광역시,27110,중구,27110650,남산2동,2711015600,남산동,2711015600106130007,1,대지,613,7,대구광역시 중구 남산동 613-7,271103141007,대구광역시 중구 명륜로,55,,2711015600106130007021933,,대구광역시 중구 명륜로 55,700442,41966,,,,128.590793886534,35.862088038921
MA010120220808849035,태동설비,,G2,소매,G221,기타 상품 소매,G22199,그 외 기타 상품 전문 소매업,G47859,그 외 기타 분류 안된 상품 전문 소매업,27,대구광역시,27260,수성구,27260620,상동,2726010900,상동,2726010900103910001,1,대지,391,1,대구광역시 수성구 상동 391-1,272604238213,대구광역시 수성구 무학로11길,42,26,2726010900103910001002029,,대구광역시 수성구 무학로11길 42-26,706829,42168,,,,128.613574404987,35.8313886026013
MA010120220808852694,신세계상사,,G2,소매,G221,기타 상품 소매,G22199,그 외 기타 상품 전문 소매업,G47859,그 외 기타 분류 안된 상품 전문 소매업,27,대구광역시,27710,달성군,27710380,구지면,2771038025,구지면,2771038025107550003,1,대지,755,3,대구광역시 달성군 구지면 평촌리 755-3,277104244072,대구광역시 달성군 구지면 구지동로16길,42,,2771038025101450000047548,,대구광역시 달성군 구지면 구지동로16길 42,711891,43013,,,,128.44485090207,35.6455675220505
MA010120220808834104,허브장군,,G2,소매,G221,기타 상품 소매,G22199,그 외 기타 상품 전문 소매업,G47859,그 외 기타 분류 안된 상품 전문 소매업,52,전북특별자치도,52180,정읍시,52180420,칠보면,5218042024,칠보면,5218042024100260003,1,대지,26,3,전북특별자치도 정읍시 칠보면 무성리 26-3,521803270046,전북특별자치도 정읍시 칠보면 칠보중앙로,131,,4518042024100260003033992,,전북특별자치도 정읍시 칠보면 칠보중앙로 131,580941,56128,,,,126.988952539241,35.6068715700077
MA010120220808843383,엘이오,,G2,소매,G221,기타 상품 소매,G22199,그 외 기타 상품 전문 소매업,G47859,그 외 기타 분류 안된 상품 전문 소매업,43,충청북도,43745,증평군,43745250,증평읍,4374525025,증평읍,4374525025100150000,1,대지,15,,충청북도 증평군 증평읍 신동리 15,437453244026,충청북도 증평군 증평읍 중앙로,190,,4374525025100150000006887,,충청북도 증평군 증평읍 중앙로 190,368907,27930,,4,,127.580253245774,36.7829522470191
MA010120220808819761,경신소방기구상사,,G2,소매,G221,기타 상품 소매,G22199,그 외 기타 상품 전문 소매업,G47859,그 외 기타 분류 안된 상품 전문 소매업,27,대구광역시,27110,중구,27110575,성내2동,2711015000,북성로1가,2711015000100360002,1,대지,36,2,대구광역시 중구 북성로1가 36-2,271103141008,대구광역시 중구 북성로,82,,2711015000100360002005286,,대구광역시 중구 북성로 82,700824,41918,,,,128.591243394135,35.8740492738855
MA010120220808821989,강남약업사,,G2,소매,G221,기타 상품 소매,G22199,그 외 기타 상품 전문 소매업,G47859,그 외 기타 분류 안된 상품 전문 소매업,27,대구광역시,27110,중구,27110595,대신동,2711015400,대신동,2711015400101150283,1,대지,115,283,대구광역시 중구 대신동 115-283,271104223144,대구광역시 중구 큰장로28길,15,,2711015400101150283000001,,대구광역시 중구 큰장로28길 15,700320,41926,,,,128.580288166441,35.8698954638043
MA010120220808828391,성원보일러,,G2,소매,G221,기타 상품 소매,G22199,그 외 기타 상품 전문 소매업,G47859,그 외 기타 분류 안된 상품 전문 소매업,27,대구광역시,27110,중구,27110585,성내3동,2711013400,서성로1가,2711013400100970004,1,대지,97,4,대구광역시 중구 서성로1가 97-4,271103141009,대구광역시 중구 서성로,51,2,2711013400100970004001262,,대구광역시 중구 서성로 51-2,700261,41921,,1,,128.587202805208,35.871309195831
MA010120220808817360,크린케어시스템,,G2,소매,G221,기타 상품 소매,G22199,그 외 기타 상품 전문 소매업,G47859,그 외 기타 분류 안된 상품 전문 소매업,52,전북특별자치도,52111,전주시 완산구,52111730,효자5동,5211114200,효자동3가,5211114200114190004,1,대지,1419,4,전북특별자치도 전주시 완산구 효자동3가 1419-4,521114598177,전북특별자치도 전주시 완산구 서곡6길,4,6,4511114200114190004023001,,전북특별자치도 전주시 완산구 서곡6길 4-6,560870,54956,,,,127.102435393408,35.8363382602235
MA010120220808550088,글로벌스톤갤러리,,G2,소매,G221,기타 상품 소매,G22199,그 외 기타 상품 전문 소매업,G47859,그 외 기타 분류 안된 상품 전문 소매업,11,서울특별시,11650,서초구,11650652,양재2동,1165010200,양재동,1165010200102170000,1,대지,217,,서울특별시 서초구 양재동 217,116504163469,서울특별시 서초구 양재대로11길,36,,1165010200102170000000001,금관,서울특별시 서초구 양재대로11길 36,137917,06772,,,,127.035379052617,37.461835858534
MA010120220808524432,아가월드대구지사,,G2,소매,G221,기타 상품 소매,G22199,그 외 기타 상품 전문 소매업,G47859,그 외 기타 분류 안된 상품 전문 소매업,27,대구광역시,27110,중구,27110680,대봉1동,2711015700,대봉동,2711015700102140350,1,대지,214,350,대구광역시 중구 대봉동 214-350,271104223080,대구광역시 중구 동덕로6길,26,2,2711015700102140350018400,,대구광역시 중구 동덕로6길 26-2,700811,41953,,,,128.605935104494,35.85645266472
MA010120220808545161,마리텔산하점,,G2,소매,G221,기타 상품 소매,G22199,그 외 기타 상품 전문 소매업,G47859,그 외 기타 분류 안된 상품 전문 소매업,31,울산광역시,31200,북구,31200540,강동동,3120011800,산하동,3120011800109750007,1,대지,975,7,울산광역시 북구 산하동 975-7,312003000101,울산광역시 북구 동해안로,1669,,3120011800102490000000001,이진블루시티,울산광역시 북구 동해안로 1669,683260,44264,,1,,129.439934740093,35.6333356709744
MA010120220808516200,MS상사,,G2,소매,G221,기타 상품 소매,G22199,그 외 기타 상품 전문 소매업,G47859,그 외 기타 분류 안된 상품 전문 소매업,30,대전광역시,30200,유성구,30200530,온천1동,3020011200,구암동,3020011200105930005,1,대지,593,5,대전광역시 유성구 구암동 593-5,302004301344,대전광역시 유성구 유성대로694번길,56,,3020011200105930005014044,,대전광역시 유성구 유성대로694번길 56,305800,34177,,1,,127.334731029759,36.3544566687592
MA010120220808540438,지킴안전,,G2,소매,G221,기타 상품 소매,G22199,그 외 기타 상품 전문 소매업,G47859,그 외 기타 분류 안된 상품 전문 소매업,44,충청남도,44200,아산시,44200350,음봉면,4420035035,음봉면,4420035035101740001,1,대지,174,1,충청남도 아산시 음봉면 동암리 174-1,442004559699,충청남도 아산시 음봉면 음봉로415번길,14,13,4420035035101740001067557,,충청남도 아산시 음봉면 음봉로415번길 14-13,336861,31415,,2,,127.058883514175,36.844123544164
MA010120220808556798,뭉치TV방송,,G2,소매,G221,기타 상품 소매,G22199,그 외 기타 상품 전문 소매업,G47859,그 외 기타 분류 안된 상품 전문 소매업,48,경상남도,48121,창원시 의창구,48121310,북면,4812131027,북면,4812131027104320003,1,대지,432,3,경상남도 창원시 의창구 북면 외감리 432-3,481214781062,경상남도 창원시 의창구 북면 달천길52번길,5,,4812131027104320007000001,,경상남도 창원시 의창구 북면 달천길52번길 5,641871,51113,,,,128.600637948269,35.2884714683794
MA010120220808555014,대광불교사,,G2,소매,G221,기타 상품 소매,G22199,그 외 기타 상품 전문 소매업,G47859,그 외 기타 분류 안된 상품 전문 소매업,43,충청북도,43113,청주시 흥덕구,43113700,운천.신봉동,4311310400,운천동,4311310400116480000,1,대지,1648,,충청북도 청주시 흥덕구 운천동 1648,431133236020,충청북도 청주시 흥덕구 무심서로,629,,4311310400116480000017011,,충청북도 청주시 흥덕구 무심서로 629,361842,28469,,,,127.479916616439,36.6469793289412
MA010120220808525557,앳이즈,,G2,소매,G221,기타 상품 소매,G22199,그 외 기타 상품 전문 소매업,G47859,그 외 기타 분류 안된 상품 전문 소매업,11,서울특별시,11380,은평구,11380640,증산동,1138011000,증산동,1138011000100920117,1,대지,92,117,서울특별시 은평구 증산동 92-117,113804133266,서울특별시 은평구 증산로9길,32,17,1138011000100920117010857,,서울특별시 은평구 증산로9길 32-17,122935,03494,,,,126.907192788349,37.5868998423577
MA010120220808517522,살구골상회,,G2,소매,G221,기타 상품 소매,G22199,그 외 기타 상품 전문 소매업,G47859,그 외 기타 분류 안된 상품 전문 소매업,41,경기도,41117,수원시 영통구,41117585,영통3동,4111710500,영통동,4111710500109890002,1,대지,989,2,경기도 수원시 영통구 영통동 989-2,411173177003,경기도 수원시 영통구 매영로,368,,4111710500109890002001270,현대아파트,경기도 수원시 영통구 매영로 368,443470,16701,,,,127.072228103111,37.2504109010037
MA010120220808523277,우리약초,,G2,소매,G221,기타 상품 소매,G22199,그 외 기타 상품 전문 소매업,G47859,그 외 기타 분류 안된 상품 전문 소매업,52,전북특별자치도,52111,전주시 완산구,52111530,풍남동,5211111100,전동,5211111100102550004,1,대지,255,4,전북특별자치도 전주시 완산구 전동 255-4,521113266077,전북특별자치도 전주시 완산구 팔달로,100,,4511111100102550004034327,,전북특별자치도 전주시 완산구 팔달로 100,560040,55044,,,,127.149727056787,35.8115130293255
MA010120220808528538,진성상사,,G2,소매,G221,기타 상품 소매,G22199,그 외 기타 상품 전문 소매업,G47859,그 외 기타 분류 안된 상품 전문 소매업,28,인천광역시,28245,계양구,28245602,효성2동,2824510100,효성동,2824510100106550159,1,대지,655,159,인천광역시 계양구 효성동 655-159,282452000016,인천광역시 계양구 봉오대로,395,,2824510100106550159000001,일부,인천광역시 계양구 봉오대로 395,407832,21099,,1,,126.693844015409,37.5249563304355
MA010120220808534084,헤스본&다산,,G2,소매,G221,기타 상품 소매,G22199,그 외 기타 상품 전문 소매업,G47859,그 외 기타 분류 안된 상품 전문 소매업,27,대구광역시,27170,서구,27170675,상중이동,2717010500,중리동,2717010500107060006,1,대지,706,6,대구광역시 서구 중리동 706-6,271704241104,대구광역시 서구 당산로41서길,116,,2717010500107060006014834,,대구광역시 서구 당산로41서길 116,703832,41846,,,,128.542885209978,35.8588650600298
MA010120220808541864,한국천종산삼,,G2,소매,G221,기타 상품 소매,G22199,그 외 기타 상품 전문 소매업,G47859,그 외 기타 분류 안된 상품 전문 소매업,41,경기도,41610,광주시,41610340,퇴촌면,4161034024,퇴촌면,4161034024104610002,1,대지,461,2,경기도 광주시 퇴촌면 영동리 461-2,416103211020,경기도 광주시 퇴촌면 정영로,778,,4161034024104610002002275,,경기도 광주시 퇴촌면 정영로 778,464983,12712,,,,127.367255572684,37.4787409885026
MA010120220808528808,김기범,,G2,소매,G221,기타 상품 소매,G22199,그 외 기타 상품 전문 소매업,G47859,그 외 기타 분류 안된 상품 전문 소매업,41,경기도,41570,김포시,41570515,김포본동,4157010100,북변동,4157010100104110006,1,대지,411,6,경기도 김포시 북변동 411-6,415704427264,경기도 김포시 북변중로65번길,55,,4157010100104110006022212,,경기도 김포시 북변중로65번길 55,415832,10106,,,,126.710766516104,37.6248018354945
MA010120220808531836,민테크,,G2,소매,G221,기타 상품 소매,G22199,그 외 기타 상품 전문 소매업,G47859,그 외 기타 분류 안된 상품 전문 소매업,47,경상북도,47850,칠곡군,47850256,석적읍,4785025622,석적읍,4785025622100730002,1,대지,73,2,경상북도 칠곡군 석적읍 중리 73-2,478504766301,경상북도 칠곡군 석적읍 북중리13길,34,,4785025622100730002000001,,경상북도 칠곡군 석적읍 북중리13길 34,718833,39832,,,,128.41228844116,36.0814791313241
MA010120220808548103,하프스페이스,,G2,소매,G221,기타 상품 소매,G22199,그 외 기타 상품 전문 소매업,G47859,그 외 기타 분류 안된 상품 전문 소매업,11,서울특별시,11680,강남구,11680640,역삼1동,1168010100,역삼동,1168010100106820000,1,대지,682,,서울특별시 강남구 역삼동 682,116803122004,서울특별시 강남구 봉은사로,326,,1168010100106820000021329,남전빌딩,서울특별시 강남구 봉은사로 326,135916,06143,,,,127.042674205474,37.5096499566552
MA010120220808515584,나노맥스,,G2,소매,G221,기타 상품 소매,G22199,그 외 기타 상품 전문 소매업,G47859,그 외 기타 분류 안된 상품 전문 소매업,43,충청북도,43130,충주시,43130625,칠금.금릉동,4313011600,칠금동,4313011600109230000,1,대지,923,,충청북도 충주시 칠금동 923,431304514266,충청북도 충주시 대가미5길,19,,4313011600109230000000001,,충청북도 충주시 대가미5길 19,380965,27363,,,,127.922479848972,36.981827724617
MA010120220808579490,에스제이시스템,,G2,소매,G221,기타 상품 소매,G22199,그 외 기타 상품 전문 소매업,G47859,그 외 기타 분류 안된 상품 전문 소매업,41,경기도,41461,용인시 처인구,41461259,남사읍,4146125929,남사읍,4146125929103210006,1,대지,321,6,경기도 용인시 처인구 남사읍 창리 321-6,414613012069,경기도 용인시 처인구 남사읍 경기동로,479,6,4146125929103210006000001,,경기도 용인시 처인구 남사읍 경기동로 479-6,449885,17121,,,,127.175309518762,37.1397261089405
MA010120220808576677,돈이되는농업,,G2,소매,G221,기타 상품 소매,G22199,그 외 기타 상품 전문 소매업,G47859,그 외 기타 분류 안된 상품 전문 소매업,52,전북특별자치도,52113,전주시 덕진구,52113642,송천2동,5211311900,전미동1가,5211311900110950027,1,대지,1095,27,전북특별자치도 전주시 덕진구 전미동1가 1095-27,521133016032,전북특별자치도 전주시 덕진구 과학로,238,,4511311900110950027000001,,전북특별자치도 전주시 덕진구 과학로 238,561311,54814,,,,127.129196929669,35.8902074380274
MA010120220808592890,신산인삼사,,G2,소매,G221,기타 상품 소매,G22199,그 외 기타 상품 전문 소매업,G47859,그 외 기타 분류 안된 상품 전문 소매업,50,제주특별자치도,50110,제주시,50110520,일도2동,5011010200,일도이동,5011010200109860032,1,대지,986,32,제주특별자치도 제주시 일도이동 986-32,501104847597,제주특별자치도 제주시 동문로18길,31,,5011010200109860032064135,,제주특별자치도 제주시 동문로18길 31,690834,63266,,,,126.536608437308,33.5115260341034
MA010120220808577158,사랑이꽃피는집,,G2,소매,G221,기타 상품 소매,G22199,그 외 기타 상품 전문 소매업,G47859,그 외 기타 분류 안된 상품 전문 소매업,52,전북특별자치도,52130,군산시,52130650,조촌동,5213013500,경장동,5213013500104910010,1,대지,491,10,전북특별자치도 군산시 경장동 491-10,521303268036,전북특별자치도 군산시 백릉로,12,,4513013500104910010029440,,전북특별자치도 군산시 백릉로 12,573884,54077,,1,,126.728397319627,35.9732354811523
MA010120220808558237,브릿지미디어,,G2,소매,G221,기타 상품 소매,G22199,그 외 기타 상품 전문 소매업,N75911,문서 작성업,46,전라남도,46150,순천시,46150590,남제동,4615011600,남정동,4615011600105320011,1,대지,532,11,전라남도 순천시 남정동 532-11,461504649135,전라남도 순천시 남경길,29,,4615011600105320011005224,,전라남도 순천시 남경길 29,540942,57959,,2,,127.490785210441,34.9413839778309
MA010120220808574677,아파나아,,G2,소매,G221,기타 상품 소매,G22199,그 외 기타 상품 전문 소매업,S96129,체형 등 기타 신체 관리 서비스업,41,경기도,41117,수원시 영통구,41117610,광교2동,4111710400,하동,4111710400109880001,1,대지,988,1,경기도 수원시 영통구 하동 988-1,411174331225,경기도 수원시 영통구 광교중앙로248번길,40,,4111710400109880001000001,,경기도 수원시 영통구 광교중앙로248번길 40,443280,16512,,2,,127.065974060061,37.291087540583
MA010120220808564066,금조원,,G2,소매,G221,기타 상품 소매,G22199,그 외 기타 상품 전문 소매업,G47859,그 외 기타 분류 안된 상품 전문 소매업,48,경상남도,48170,진주시,48170565,중앙동,4817011600,수정동,4817011600100250009,1,대지,25,9,경상남도 진주시 수정동 25-9,481703332048,경상남도 진주시 장대로,55,1,4817011600100250009004769,,경상남도 진주시 장대로 55-1,660180,52755,,,,128.087035488767,35.1962351663315
MA010120220808577543,비에이치켐,,G2,소매,G221,기타 상품 소매,G22199,그 외 기타 상품 전문 소매업,G47859,그 외 기타 분류 안된 상품 전문 소매업,11,서울특별시,11530,구로구,11530540,구로3동,1153010200,구로동,1153010200101970048,1,대지,197,48,서울특별시 구로구 구로동 197-48,115304148333,서울특별시 구로구 디지털로29길,38,,1153010200101970048022654,에이스테크노타워,서울특별시 구로구 디지털로29길 38,152779,08381,,,,126.893322007537,37.484498451982
MA010120220808585487,앤의하루,,G2,소매,G221,기타 상품 소매,G22199,그 외 기타 상품 전문 소매업,G47859,그 외 기타 분류 안된 상품 전문 소매업,52,전북특별자치도,52111,전주시 완산구,52111530,풍남동,5211111100,전동,5211111100103030181,1,대지,303,181,전북특별자치도 전주시 완산구 전동 303-181,521114598392,전북특별자치도 전주시 완산구 풍남문2길,53,,4511111100103030181040033,청년몰앤의하루남부시장,전북특별자치도 전주시 완산구 풍남문2길 53,560040,55043,,2,,127.147338278188,35.8121558761748
MA010120220808580490,태림원,,G2,소매,G221,기타 상품 소매,G22199,그 외 기타 상품 전문 소매업,G47859,그 외 기타 분류 안된 상품 전문 소매업,11,서울특별시,11650,서초구,11650660,내곡동,1165011000,염곡동,1165011000101010005,1,대지,101,5,서울특별시 서초구 염곡동 101-5,116504163503,서울특별시 서초구 염곡안길,11,,1165011000101010005000391,,서울특별시 서초구 염곡안길 11,137180,06793,,,,127.05070645856,37.4622087008011
MA010120220808575414,보라테크,,G2,소매,G221,기타 상품 소매,G22199,그 외 기타 상품 전문 소매업,G47859,그 외 기타 분류 안된 상품 전문 소매업,48,경상남도,48121,창원시 의창구,48121520,팔룡동,4812112900,팔용동,4812112900100400005,1,대지,40,5,경상남도 창원시 의창구 팔용동 40-5,481214781634,경상남도 창원시 의창구 차룡로48번길,44,,4812112900100400005000001,창원스마트업타워,경상남도 창원시 의창구 차룡로48번길 44,641847,51391,,15,,128.631388652257,35.2411519807037
MA010120220808580989,나바몰N젤샵당일퀵배송,,G2,소매,G221,기타 상품 소매,G22199,그 외 기타 상품 전문 소매업,G47859,그 외 기타 분류 안된 상품 전문 소매업,41,경기도,41390,시흥시,41390589,정왕본동,4139013200,정왕동,4139013200123210006,1,대지,2321,6,경기도 시흥시 정왕동 2321-6,413904397693,경기도 시흥시 오동마을로6번안길,10,,4139013200123210006014050,,경기도 시흥시 오동마을로6번안길 10,429930,15049,,,,126.742977867486,37.3523222343437
MA010120220808586367,으뜸유통,,G2,소매,G221,기타 상품 소매,G22199,그 외 기타 상품 전문 소매업,G47859,그 외 기타 분류 안된 상품 전문 소매업,11,서울특별시,11560,영등포구,11560605,문래동,1156012000,문래동2가,1156012000100360009,1,대지,36,9,서울특별시 영등포구 문래동2가 36-9,115603000028,서울특별시 영등포구 경인로,703,,1156012000100360009024214,,서울특별시 영등포구 경인로 703,150092,07289,,,,126.891926644208,37.5112660730262
MA010120220808573062,생선가게,,G2,소매,G221,기타 상품 소매,G22199,그 외 기타 상품 전문 소매업,G47859,그 외 기타 분류 안된 상품 전문 소매업,52,전북특별자치도,52790,고창군,52790250,고창읍,5279025021,고창읍,5279025021105760011,1,대지,576,11,전북특별자치도 고창군 고창읍 읍내리 576-11,527903279015,전북특별자치도 고창군 고창읍 동리로,54,1,4579025021105760011003801,,전북특별자치도 고창군 고창읍 동리로 54-1,585808,56438,,,,126.698100119887,35.4328851433552
MA010120220808578951,신등상회,,G2,소매,G221,기타 상품 소매,G22199,그 외 기타 상품 전문 소매업,G47859,그 외 기타 분류 안된 상품 전문 소매업,48,경상남도,48730,함안군,48730340,대산면,4873034023,대산면,4873034023109050000,1,대지,905,,경상남도 함안군 대산면 평림리 905,487304820543,경상남도 함안군 대산면 평림3길,74,14,4873034023109050000015349,,경상남도 함안군 대산면 평림3길 74-14,637913,52013,,,,128.437833781935,35.3415810504008
MA010120220808586769,바른약초,,G2,소매,G221,기타 상품 소매,G22199,그 외 기타 상품 전문 소매업,G47859,그 외 기타 분류 안된 상품 전문 소매업,46,전라남도,46170,나주시,46170550,성북동,4617011400,성북동,4617011400101340003,1,대지,134,3,전라남도 나주시 성북동 134-3,461703284011,전라남도 나주시 나주로,208,11,4617011400101340003006913,,전라남도 나주시 나주로 208-11,520050,58255,,,,126.722977822193,35.0353524790098
MA010120220808576268,일루다,,G2,소매,G221,기타 상품 소매,G22199,그 외 기타 상품 전문 소매업,G47859,그 외 기타 분류 안된 상품 전문 소매업,50,제주특별자치도,50110,제주시,50110610,삼양동,5011013100,도련이동,5011013100104620003,1,대지,462,3,제주특별자치도 제주시 도련이동 462-3,501104847637,제주특별자치도 제주시 매촌4길,11,,5011013100104620003000001,,제주특별자치도 제주시 매촌4길 11,690071,63326,,,,126.591867647935,33.5156423405927
MA010120220808581703,비토이,,G2,소매,G221,기타 상품 소매,G22199,그 외 기타 상품 전문 소매업,G47859,그 외 기타 분류 안된 상품 전문 소매업,41,경기도,41570,김포시,41570340,대곶면,4157034025,대곶면,4157034025100330001,1,대지,33,1,경기도 김포시 대곶면 율생리 33-1,415703209038,경기도 김포시 대곶면 대명항로,186,,4157034025100330001004280,,경기도 김포시 대곶면 대명항로 186,415854,10039,,3,,126.598416934765,37.6543764541394
MA010120220808568544,몬스터창고,부천역점,G2,소매,G221,기타 상품 소매,G22199,그 외 기타 상품 전문 소매업,G47859,그 외 기타 분류 안된 상품 전문 소매업,41,경기도,41192,부천시 원미구,41192520,심곡2동,4119210200,심곡동,4119210200101700008,1,대지,170,8,경기도 부천시 원미구 심곡동 170-8,411924352134,경기도 부천시 원미구 부천로10번길,9,,4119510200101700008024551,,경기도 부천시 원미구 부천로10번길 9,420823,14644,,3,,126.783442254145,37.4852221229109
MA010120220808571357,행복유통,,G2,소매,G221,기타 상품 소매,G22199,그 외 기타 상품 전문 소매업,G47859,그 외 기타 분류 안된 상품 전문 소매업,27,대구광역시,27200,남구,27200515,이천동,2720010100,이천동,2720010100103980009,1,대지,398,9,대구광역시 남구 이천동 398-9,272003141015,대구광역시 남구 이천로,156,,2720010100103980009023983,,대구광역시 남구 이천로 156,705837,42431,,1,,128.598579000745,35.8550548840485
MA010120220808582009,전진인더스트리,,G2,소매,G221,기타 상품 소매,G22199,그 외 기타 상품 전문 소매업,G47859,그 외 기타 분류 안된 상품 전문 소매업,28,인천광역시,28200,남동구,28200710,논현고잔동,2820011100,고잔동,2820011100101810000,1,대지,181,,인천광역시 남동구 고잔동 181,282004259238,인천광역시 남동구 논현고잔로130번길,14,,2820011100101810000000001,,인천광역시 남동구 논현고잔로130번길 14,405816,21677,,,,126.714896537805,37.3940653344124
MA010120220808625460,한솔유통,,G2,소매,G221,기타 상품 소매,G22199,그 외 기타 상품 전문 소매업,G47859,그 외 기타 분류 안된 상품 전문 소매업,51,강원특별자치도,51780,철원군,51780259,동송읍,5178025921,동송읍,5178025921106850038,1,대지,685,38,강원특별자치도 철원군 동송읍 이평리 685-38,517803230029,강원특별자치도 철원군 동송읍 이평3로,144,,4278025921106850038000001,,강원특별자치도 철원군 동송읍 이평3로 144,269816,24016,,,,127.222278770203,38.2081168105664
MA010120220808609584,달구벌총포사,,G2,소매,G221,기타 상품 소매,G22199,그 외 기타 상품 전문 소매업,G47859,그 외 기타 분류 안된 상품 전문 소매업,27,대구광역시,27170,서구,27170675,상중이동,2717010600,이현동,2717010600101940001,1,대지,194,1,대구광역시 서구 이현동 194-1,271703143005,대구광역시 서구 북비산로,75,,2717010600101940001031655,,대구광역시 서구 북비산로 75,703829,41748,,2,,128.541178211172,35.8787573404744
MA010120220808612181,미랩,,G2,소매,G221,기타 상품 소매,G22199,그 외 기타 상품 전문 소매업,G47859,그 외 기타 분류 안된 상품 전문 소매업,11,서울특별시,11440,마포구,11440590,용강동,1144010400,도화동,1144010400105560000,1,대지,556,,서울특별시 마포구 도화동 556,114402113001,서울특별시 마포구 마포대로,73,,1144010400105560000003674,SK허브그린,서울특별시 마포구 마포대로 73,121815,04157,,,,126.948967775601,37.5423079661221
MA010120220808639808,코미웰빙,,G2,소매,G221,기타 상품 소매,G22199,그 외 기타 상품 전문 소매업,G47859,그 외 기타 분류 안된 상품 전문 소매업,41,경기도,41450,하남시,41450620,미사2동,4145010900,망월동,4145010900109660000,1,대지,966,,경기도 하남시 망월동 966,414502202002,경기도 하남시 미사강변대로,222,,4145010900105150003000001,앙프라자,경기도 하남시 미사강변대로 222,465150,12909,,5,,127.184224187081,37.5695115212517
MA010120220808633656,돈키호테,,G2,소매,G221,기타 상품 소매,G22199,그 외 기타 상품 전문 소매업,G47859,그 외 기타 분류 안된 상품 전문 소매업,26,부산광역시,26110,중구,26110580,남포동,2611014100,남포동6가,2611014100100700006,1,대지,70,6,부산광역시 중구 남포동6가 70-6,261103006005,부산광역시 중구 구덕로,82,,2611014100100700006004470,,부산광역시 중구 구덕로 82,600046,48981,,2,,129.026877133927,35.0976461169916
MA010120220808633867,늘푸른원예사,,G2,소매,G221,기타 상품 소매,G22199,그 외 기타 상품 전문 소매업,G47859,그 외 기타 분류 안된 상품 전문 소매업,46,전라남도,46780,보성군,46780250,보성읍,4678025029,보성읍,4678025029103890013,1,대지,389,13,전라남도 보성군 보성읍 주봉리 389-13,467803290014,전라남도 보성군 보성읍 현충로,31,,4678025029103890020100736,,전라남도 보성군 보성읍 현충로 31,546806,59458,,,,127.076243929959,34.7651171771508
MA010120220808610105,경북해양수족관,,G2,소매,G221,기타 상품 소매,G22199,그 외 기타 상품 전문 소매업,G47859,그 외 기타 분류 안된 상품 전문 소매업,47,경상북도,47111,포항시 남구,47111320,동해면,4711132021,동해면,4711132021105990001,1,대지,599,1,경상북도 포항시 남구 동해면 도구리 599-1,471114709394,경상북도 포항시 남구 동해면 일월로41번길,8,,4711132021105990001091993,,경상북도 포항시 남구 동해면 일월로41번길 8,790852,37925,,,,129.43803852987,35.9892792129437
MA010120220808626703,영컴퍼니,,G2,소매,G221,기타 상품 소매,G22199,그 외 기타 상품 전문 소매업,G47859,그 외 기타 분류 안된 상품 전문 소매업,48,경상남도,48330,양산시,48330253,물금읍,4833025324,물금읍,4833025324105440010,1,대지,544,10,경상남도 양산시 물금읍 범어리 544-10,483304814652,경상남도 양산시 물금읍 오봉5길,12,,4833025324105440010000001,상가,경상남도 양산시 물금읍 오봉5길 12,626814,50600,,1,,128.996205428942,35.3298091233307
MA010120220808642761,엠디에스,코리아,G2,소매,G221,기타 상품 소매,G22199,그 외 기타 상품 전문 소매업,G47859,그 외 기타 분류 안된 상품 전문 소매업,41,경기도,41590,화성시,41590410,정남면,4159041028,정남면,4159041028102790005,1,대지,279,5,경기도 화성시 정남면 신리 279-5,415904430852,경기도 화성시 정남면 신리길,59,,4159041028102790005000001,,경기도 화성시 정남면 신리길 59,445967,18519,,,,126.976232429225,37.1653983895272
MA010120220808610830,고려콘베어,,G2,소매,G221,기타 상품 소매,G22199,그 외 기타 상품 전문 소매업,G47859,그 외 기타 분류 안된 상품 전문 소매업,41,경기도,41220,평택시,41220640,세교동,4122012200,신대동,4122012200101230030,1,대지,123,30,경기도 평택시 신대동 123-30,412203188122,경기도 평택시 평택로,177,,4122012200101230030011911,,경기도 평택시 평택로 177,450819,17828,,1,,127.077821929821,37.0006687215826
MA010120220808618862,대한C.T,,G2,소매,G221,기타 상품 소매,G22199,그 외 기타 상품 전문 소매업,G47859,그 외 기타 분류 안된 상품 전문 소매업,43,충청북도,43114,청주시 청원구,43114520,내덕1동,4311410200,내덕동,4311410200106520019,1,대지,652,19,충청북도 청주시 청원구 내덕동 652-19,431143236061,충청북도 청주시 청원구 향군로,133,,4311111400106520019035673,,충청북도 청주시 청원구 향군로 133,363808,28483,,1,,127.480096456475,36.6561340459702
MA010120220808637922,쑥쑥식물병원,,G2,소매,G221,기타 상품 소매,G22199,그 외 기타 상품 전문 소매업,G47859,그 외 기타 분류 안된 상품 전문 소매업,26,부산광역시,26440,강서구,26440550,가락동,2644010500,죽림동,2644010500105520001,1,대지,552,1,부산광역시 강서구 죽림동 552-1,264403000041,부산광역시 강서구 식만로,41,2,2644010500105520001000001,,부산광역시 강서구 식만로 41-2,618330,46707,,,,128.901358985665,35.1999739414225
MA010120220808605884,박스스토리,,G2,소매,G221,기타 상품 소매,G22199,그 외 기타 상품 전문 소매업,G47859,그 외 기타 분류 안된 상품 전문 소매업,41,경기도,41360,남양주시,41360250,와부읍,4136025021,와부읍,4136025021105540001,1,대지,554,1,경기도 남양주시 와부읍 덕소리 554-1,413603197017,경기도 남양주시 와부읍 덕소로,150,,4136025021105540001017933,강변현대아파트,경기도 남양주시 와부읍 덕소로 150,472731,12272,,,,127.213833777658,37.580660946453
MA010120220808608608,신세계유통,,G2,소매,G221,기타 상품 소매,G22199,그 외 기타 상품 전문 소매업,G47859,그 외 기타 분류 안된 상품 전문 소매업,28,인천광역시,28237,부평구,28237581,산곡3동,2823710300,산곡동,2823710300103620021,1,대지,362,21,인천광역시 부평구 산곡동 362-21,282373154066,인천광역시 부평구 마장로,189,,2823710300103620021006678,,인천광역시 부평구 마장로 189,403840,21383,,1,,126.702956929818,37.4948501133745
MA010120220808608776,엑스,,G2,소매,G221,기타 상품 소매,G22199,그 외 기타 상품 전문 소매업,G47859,그 외 기타 분류 안된 상품 전문 소매업,41,경기도,41220,평택시,41220620,비전1동,4122012600,청룡동,4122012600100850001,1,대지,85,1,경기도 평택시 청룡동 85-1,412203012021,경기도 평택시 만세로,1474,,4122012600100850001020044,,경기도 평택시 만세로 1474,450804,17875,,,,127.125385027235,37.0323730318119
MA010120220808624806,코에코디시해남군,대리점,G2,소매,G221,기타 상품 소매,G22199,그 외 기타 상품 전문 소매업,G47859,그 외 기타 분류 안된 상품 전문 소매업,46,전라남도,46820,해남군,46820430,화원면,4682043033,화원면,4682043033114730001,1,대지,1473,1,전라남도 해남군 화원면 산호리 1473-1,468204682018,전라남도 해남군 화원면 개초길,443,7,4682043033114730001000001,,전라남도 해남군 화원면 개초길 443-7,536884,59003,,,,126.28049482574,34.6441652978892
MA010120220808629832,바바라벌룬,,G2,소매,G221,기타 상품 소매,G22199,그 외 기타 상품 전문 소매업,G47859,그 외 기타 분류 안된 상품 전문 소매업,48,경상남도,48250,김해시,48250580,활천동,4825011700,삼정동,4825011700101970023,1,대지,197,23,경상남도 김해시 삼정동 197-23,482504805904,경상남도 김해시 활천로36번길,29,,4825011700101970023051867,,경상남도 김해시 활천로36번길 29,621912,50928,,,,128.896053752702,35.2324457295995
MA010120220808630141,서진농업,,G2,소매,G221,기타 상품 소매,G22199,그 외 기타 상품 전문 소매업,G47859,그 외 기타 분류 안된 상품 전문 소매업,47,경상북도,47280,문경시,47280610,점촌5동,4728011000,모전동,4728011000112680000,1,대지,1268,,경상북도 문경시 모전동 1268,472804853738,경상북도 문경시 당교12길,22,,4728011000112680000000001,,경상북도 문경시 당교12길 22,745050,36986,,,,128.190898599951,36.5838550262196
MA010120220808660948,아이케이디스포져,,G2,소매,G221,기타 상품 소매,G22199,그 외 기타 상품 전문 소매업,G47859,그 외 기타 분류 안된 상품 전문 소매업,11,서울특별시,11620,관악구,11620525,보라매동,1162010100,봉천동,1162010100106700055,1,대지,670,55,서울특별시 관악구 봉천동 670-55,116204160398,서울특별시 관악구 봉천로13가길,16,,1162010100106700055038117,,서울특별시 관악구 봉천로13가길 16,151821,08720,,지,,126.93128544159,37.4890857305939
MA010120220808677760,제이엠유통,,G2,소매,G221,기타 상품 소매,G22199,그 외 기타 상품 전문 소매업,G47859,그 외 기타 분류 안된 상품 전문 소매업,30,대전광역시,30230,대덕구,30230550,신탄진동,3023012600,신탄진동,3023012600101400020,1,대지,140,20,대전광역시 대덕구 신탄진동 140-20,302304304357,대전광역시 대덕구 신탄진로810번길,13,,3023012600101400020022901,,대전광역시 대덕구 신탄진로810번길 13,306815,34311,,2,,127.429832496726,36.4500364295298
MA010120220808683207,헨나상사,코리아,G2,소매,G221,기타 상품 소매,G22199,그 외 기타 상품 전문 소매업,G47859,그 외 기타 분류 안된 상품 전문 소매업,11,서울특별시,11440,마포구,11440710,연남동,1144012400,연남동,1144012400105710004,1,대지,571,4,서울특별시 마포구 연남동 571-4,114403113019,서울특별시 마포구 월드컵북로,40,,1144012400105710004025339,스페이스,서울특별시 마포구 월드컵북로 40,121869,03991,,4,,126.918523476836,37.5582295430768
MA010120220808680981,시흥성인용품몬스터창고,,G2,소매,G221,기타 상품 소매,G22199,그 외 기타 상품 전문 소매업,G47859,그 외 기타 분류 안된 상품 전문 소매업,41,경기도,41390,시흥시,41390591,정왕1동,4139013200,정왕동,4139013200117370017,1,대지,1737,17,경기도 시흥시 정왕동 1737-17,413903199049,경기도 시흥시 중심상가로,193,,4139013200117370017014506,센타프라자,경기도 시흥시 중심상가로 193,429861,15066,,3,,126.736560798447,37.3444061131216
MA010120220808687662,천기초약초,백화점,G2,소매,G221,기타 상품 소매,G22199,그 외 기타 상품 전문 소매업,G47859,그 외 기타 분류 안된 상품 전문 소매업,47,경상북도,47113,포항시 북구,47113655,죽도동,4711311600,죽도동,4711311600105970001,1,대지,597,1,경상북도 포항시 북구 죽도동 597-1,471134712591,경상북도 포항시 북구 죽도시장길,6,,4711311600105970001095244,,경상북도 포항시 북구 죽도시장길 6,791843,37741,,,,129.366118645958,36.0348146174954
MA010120220808675071,불교용품점,,G2,소매,G221,기타 상품 소매,G22199,그 외 기타 상품 전문 소매업,G47859,그 외 기타 분류 안된 상품 전문 소매업,48,경상남도,48720,의령군,48720415,궁류면,4872041521,궁류면,4872041521101220003,1,대지,122,3,경상남도 의령군 궁류면 평촌리 122-3,487203339054,경상남도 의령군 궁류면 청정로,1202,20,4872041521101220003014778,,경상남도 의령군 궁류면 청정로 1202-20,636942,52115,,,,128.240216703431,35.4368610957769
MA010120220808678147,마야불교용품,,G2,소매,G221,기타 상품 소매,G22199,그 외 기타 상품 전문 소매업,G47859,그 외 기타 분류 안된 상품 전문 소매업,48,경상남도,48250,김해시,48250565,칠산서부동,4825011000,흥동,4825011000105090001,1,대지,509,1,경상남도 김해시 흥동 509-1,482502335002,경상남도 김해시 금관대로,1088,28,4825011000105090001058210,,경상남도 김해시 금관대로 1088-28,621120,50963,,,,128.850811923258,35.2246749983302
MA010120220808686580,대성안전상사,,G2,소매,G221,기타 상품 소매,G22199,그 외 기타 상품 전문 소매업,G47859,그 외 기타 분류 안된 상품 전문 소매업,36,세종특별자치시,36110,세종특별자치시,36110250,조치원읍,3611025031,조치원읍,3611025031100580001,1,대지,58,1,세종특별자치시 세종특별자치시 조치원읍 번암리 58-1,361103258038,세종특별자치시 세종특별자치시 조치원읍 허만석로,61,1,4473025031100580001040726,,세종특별자치시 세종특별자치시 조치원읍 허만석로 61-1,339804,30037,,1,,127.2971031558,36.5870732263633
MA010120220808664328,풍농비료장성,대리점,G2,소매,G221,기타 상품 소매,G22199,그 외 기타 상품 전문 소매업,G47859,그 외 기타 분류 안된 상품 전문 소매업,46,전라남도,46880,장성군,46880380,북일면,4688038024,북일면,4688038024102240000,1,대지,224,,전라남도 장성군 북일면 월계리 224,468804697253,전라남도 장성군 북일면 안정길,82,4,4688038024102240000003989,,전라남도 장성군 북일면 안정길 82-4,515832,57230,,,,126.793842390179,35.3771685980837
MA010120220808675502,한국인삼분점,,G2,소매,G221,기타 상품 소매,G22199,그 외 기타 상품 전문 소매업,G47859,그 외 기타 분류 안된 상품 전문 소매업,52,전북특별자치도,52720,진안군,52720250,진안읍,5272025022,진안읍,5272025022102850014,1,대지,285,14,전북특별자치도 진안군 진안읍 군하리 285-14,527203274057,전북특별자치도 진안군 진안읍 진무로,1021,,4572025022102850014006101,,전북특별자치도 진안군 진안읍 진무로 1021,567806,55435,,,,127.422884896502,35.7875019169727
MA010120220808681877,서준농산,,G2,소매,G221,기타 상품 소매,G22199,그 외 기타 상품 전문 소매업,G47859,그 외 기타 분류 안된 상품 전문 소매업,28,인천광역시,28200,남동구,28200510,구월1동,2820010100,구월동,2820010100108080003,1,대지,808,3,인천광역시 남동구 구월동 808-3,282002153001,인천광역시 남동구 남동대로,588,,2820010100108080003000001,,인천광역시 남동구 남동대로 588,405833,21587,,,,126.707771070725,37.4346657464074
MA010120220808645625,월광미디어,,G2,소매,G221,기타 상품 소매,G22199,그 외 기타 상품 전문 소매업,G47859,그 외 기타 분류 안된 상품 전문 소매업,26,부산광역시,26290,남구,26290690,문현2동,2629010900,문현동,2629010900104840051,1,대지,484,51,부산광역시 남구 문현동 484-51,262904193381,부산광역시 남구 전포대로68번가길,7,,2629010900104840051016952,,부산광역시 남구 전포대로68번가길 7,608826,48412,,,,129.067345905003,35.1430932347321
MA010120220808684560,삼성유통,,G2,소매,G221,기타 상품 소매,G22199,그 외 기타 상품 전문 소매업,G47859,그 외 기타 분류 안된 상품 전문 소매업,41,경기도,41115,수원시 팔달구,41115670,고등동,4111513700,고등동,4111513700102370001,1,대지,237,1,경기도 수원시 팔달구 고등동 237-1,411153176014,경기도 수원시 팔달구 팔달로,30,,4111513700102370001010216,,경기도 수원시 팔달구 팔달로 30,442883,16454,,1,,127.001307864204,37.2714722682517
MA010120220808645666,제이케이산업안전,,G2,소매,G221,기타 상품 소매,G22199,그 외 기타 상품 전문 소매업,G47859,그 외 기타 분류 안된 상품 전문 소매업,30,대전광역시,30140,중구,30140740,산성동,3014011800,사정동,3014011800104900004,1,대지,490,4,대전광역시 중구 사정동 490-4,301403000093,대전광역시 중구 대둔산로,281,,3014011800104900004029352,,대전광역시 중구 대둔산로 281,301819,35082,,1,,127.383780549776,36.2945790714875
MA010120220808668115,에로손,,G2,소매,G221,기타 상품 소매,G22199,그 외 기타 상품 전문 소매업,G47859,그 외 기타 분류 안된 상품 전문 소매업,41,경기도,41150,의정부시,41150520,의정부2동,4115010100,의정부동,4115010100104160004,1,대지,416,4,경기도 의정부시 의정부동 416-4,411503181002,경기도 의정부시 가능로,114,,4115010100104160004004620,,경기도 의정부시 가능로 114,480845,11664,,2,,127.043695024547,37.7467892138652
MA010120220808673028,톰과앤디,,G2,소매,G221,기타 상품 소매,G22199,그 외 기타 상품 전문 소매업,G47859,그 외 기타 분류 안된 상품 전문 소매업,11,서울특별시,11230,동대문구,11230536,용신동,1123010200,용두동,1123010200102350010,1,대지,235,10,서울특별시 동대문구 용두동 235-10,112304115514,서울특별시 동대문구 천호대로13길,28,,1123010200102350010036826,,서울특별시 동대문구 천호대로13길 28,130823,02583,,4,,127.030055523488,37.5753547317259
MA010120220808662478,해피아이,,G2,소매,G221,기타 상품 소매,G22199,그 외 기타 상품 전문 소매업,G47859,그 외 기타 분류 안된 상품 전문 소매업,30,대전광역시,30110,동구,30110515,중앙동,3011012000,중동,3011012000100280001,1,대지,28,1,대전광역시 동구 중동 28-1,301104292132,대전광역시 동구 대전로797번길,37,,3011012000100280001023831,,대전광역시 동구 대전로797번길 37,300160,34628,,4,,127.430987290318,36.3299427090697
MA010120220808662585,바로대피,,G2,소매,G221,기타 상품 소매,G22199,그 외 기타 상품 전문 소매업,G47859,그 외 기타 분류 안된 상품 전문 소매업,28,인천광역시,28237,부평구,28237690,십정2동,2823710200,십정동,2823710200104030003,1,대지,403,3,인천광역시 부평구 십정동 403-3,282373154072,인천광역시 부평구 열우물로,59,,2823710200104030022004462,현정빌딩,인천광역시 부평구 열우물로 59,403848,21452,,,,126.699561631636,37.4729741278738
MA010120220808682526,태진종합상사남양주지사,,G2,소매,G221,기타 상품 소매,G22199,그 외 기타 상품 전문 소매업,G47859,그 외 기타 분류 안된 상품 전문 소매업,41,경기도,41360,남양주시,41360259,진건읍,4136025921,진건읍,4136025921103300002,1,대지,330,2,경기도 남양주시 진건읍 사능리 330-2,413604391433,경기도 남양주시 진건읍 사릉로264번길,116,,4136025921103300002000001,,경기도 남양주시 진건읍 사릉로264번길 116,472831,12140,,,,127.19866154728,37.6565685452919
MA010120220808662673,법인백두대간약초,,G2,소매,G221,기타 상품 소매,G22199,그 외 기타 상품 전문 소매업,G47859,그 외 기타 분류 안된 상품 전문 소매업,47,경상북도,47920,봉화군,47920340,춘양면,4792034029,춘양면,4792034029108810008,1,대지,881,8,경상북도 봉화군 춘양면 소로리 881-8,479203324019,경상북도 봉화군 춘양면 의양로,100,1,4792034029108810008003315,,경상북도 봉화군 춘양면 의양로 100-1,755845,36217,,,,128.913165666035,36.9326680841863
MA010120220808668519,연천농약사,,G2,소매,G221,기타 상품 소매,G22199,그 외 기타 상품 전문 소매업,G47859,그 외 기타 분류 안된 상품 전문 소매업,41,경기도,41800,연천군,41800250,연천읍,4180025021,연천읍,4180025021100340117,1,대지,34,117,경기도 연천군 연천읍 차탄리 34-117,418003215030,경기도 연천군 연천읍 연천로,301,,4180025021100340117023758,,경기도 연천군 연천읍 연천로 301,486803,11014,,1,,127.075135238489,38.1038071835159
MA010120220808685342,디에스소방설비,,G2,소매,G221,기타 상품 소매,G22199,그 외 기타 상품 전문 소매업,G47859,그 외 기타 분류 안된 상품 전문 소매업,41,경기도,41590,화성시,41590370,장안면,4159037023,장안면,4159037023104190027,1,대지,419,27,경기도 화성시 장안면 수촌리 419-27,415903210002,경기도 화성시 장안면 31만세로,551,,4159037023104190027000001,,경기도 화성시 장안면 31만세로 551,445944,18581,,,,126.862720905676,37.1026434375155
MA010120220808676871,부산천기초,,G2,소매,G221,기타 상품 소매,G22199,그 외 기타 상품 전문 소매업,G47859,그 외 기타 분류 안된 상품 전문 소매업,26,부산광역시,26110,중구,26110560,부평동,2611012300,부평동1가,2611012300100290004,1,대지,29,4,부산광역시 중구 부평동1가 29-4,261103125006,부산광역시 중구 중구로,29,2,2611012300100290004001082,,부산광역시 중구 중구로 29-2,600804,48978,,1,,129.027662303829,35.1005708169987
MA010120220808351804,기둥소방안전,,G2,소매,G221,기타 상품 소매,G22199,그 외 기타 상품 전문 소매업,G47859,그 외 기타 분류 안된 상품 전문 소매업,41,경기도,41273,안산시 단원구,41273570,초지동,4127310700,초지동,4127310700107190000,1,대지,719,,경기도 안산시 단원구 초지동 719,412733190011,경기도 안산시 단원구 광덕3로,57,,4127310700107190000029595,,경기도 안산시 단원구 광덕3로 57,425853,15441,,,,126.818974992521,37.313268118085
MA010120220808371347,아트팩토리,,G2,소매,G221,기타 상품 소매,G22199,그 외 기타 상품 전문 소매업,G47859,그 외 기타 분류 안된 상품 전문 소매업,26,부산광역시,26140,서구,26140640,충무동,2614012000,충무동1가,2614012000100070005,1,대지,7,5,부산광역시 서구 충무동1가 7-5,261403006005,부산광역시 서구 구덕로,102,1,2614012000100070006013376,C볼링장프로샵,부산광역시 서구 구덕로 102-1,602011,49247,,3,,129.024391865556,35.0969126425252
MA010120220808349738,기목씨앤에스,,G2,소매,G221,기타 상품 소매,G22199,그 외 기타 상품 전문 소매업,N75911,문서 작성업,41,경기도,41390,시흥시,41390591,정왕1동,4139013200,정왕동,4139013200113670001,1,대지,1367,1,경기도 시흥시 정왕동 1367-1,413902199001,경기도 시흥시 공단1대로,244,,4139013200113670001016345,공구상가,경기도 시흥시 공단1대로 244,429853,15103,,,,126.728445299906,37.3353324328239
MA010120220808357625,선진소방,,G2,소매,G221,기타 상품 소매,G22199,그 외 기타 상품 전문 소매업,G47859,그 외 기타 분류 안된 상품 전문 소매업,41,경기도,41630,양주시,41630340,장흥면,4163034021,장흥면,4163034021101150015,1,대지,115,15,경기도 양주시 장흥면 교현리 115-15,416303000136,경기도 양주시 장흥면 호국로,509,2,4163034021101150015000001,,경기도 양주시 장흥면 호국로 509-2,482811,11523,,1,,126.971146371683,37.7168004695573
MA010120220808347499,다올소방,,G2,소매,G221,기타 상품 소매,G22199,그 외 기타 상품 전문 소매업,G47859,그 외 기타 분류 안된 상품 전문 소매업,41,경기도,41310,구리시,41310520,동구동,4131010200,사노동,4131010200102110007,1,대지,211,7,경기도 구리시 사노동 211-7,413104388066,경기도 구리시 동구릉로390번길,3,,4131010200102110007001243,,경기도 구리시 동구릉로390번길 3,471040,11906,,2,,127.142405549091,37.6324584701539
MA010120220808352479,용현종합상사,,G2,소매,G221,기타 상품 소매,G22199,그 외 기타 상품 전문 소매업,G47859,그 외 기타 분류 안된 상품 전문 소매업,28,인천광역시,28140,동구,28140610,송림4동,2814010700,송림동,2814010700102940000,1,대지,294,,인천광역시 동구 송림동 294,281404250070,인천광역시 동구 방축로83번길,23,,2814010700102940000004016,인천산업용품유통단지,인천광역시 동구 방축로83번길 23,401705,22530,,,,126.654796465778,37.4848261851048
MA010120220808363303,현대하이샷시,,G2,소매,G221,기타 상품 소매,G22199,그 외 기타 상품 전문 소매업,G47859,그 외 기타 분류 안된 상품 전문 소매업,51,강원특별자치도,51750,영월군,51750330,북면,5175033021,북면,5175033021111670002,1,대지,1167,2,강원특별자치도 영월군 북면 마차리 1167-2,517504481086,강원특별자치도 영월군 북면 마차중앙1길,19,,4275033021111670002014737,,강원특별자치도 영월군 북면 마차중앙1길 19,230872,26209,,,,128.455978694862,37.2560405652845
MA010120220808348037,산삼명가,,G2,소매,G221,기타 상품 소매,G22199,그 외 기타 상품 전문 소매업,G47859,그 외 기타 분류 안된 상품 전문 소매업,52,전북특별자치도,52140,익산시,52140690,삼성동,5214013400,부송동,5214013400110500005,1,대지,1050,5,전북특별자치도 익산시 부송동 1050-5,521403269018,전북특별자치도 익산시 부송로,14,,4514013400110500005063622,,전북특별자치도 익산시 부송로 14,570973,54568,,1,,126.993426913166,35.9536973921813
MA010120220808375211,현대가발악세서리,,G2,소매,G221,기타 상품 소매,G22199,그 외 기타 상품 전문 소매업,G47422,의복 액세서리 및 모조 장신구 소매업,31,울산광역시,31110,중구,31110585,중앙동,3111010500,옥교동,3111010500101200002,1,대지,120,2,울산광역시 중구 옥교동 120-2,311103169026,울산광역시 중구 번영로,329,,3111010500101200003010227,,울산광역시 중구 번영로 329,681190,44531,,1,,129.323207756844,35.5547300787361
MA010120220808359009,대림프라자,,G2,소매,G221,기타 상품 소매,G22199,그 외 기타 상품 전문 소매업,G47859,그 외 기타 분류 안된 상품 전문 소매업,41,경기도,41550,안성시,41550380,원곡면,4155038022,원곡면,4155038022101840007,1,대지,184,7,경기도 안성시 원곡면 칠곡리 184-7,415503012021,경기도 안성시 원곡면 만세로,1072,,4155038022101840007025970,,경기도 안성시 원곡면 만세로 1072,456812,17555,,,,127.159386628923,37.0498941872023
MA010120220808375353,국제분사기안전관리,,G2,소매,G221,기타 상품 소매,G22199,그 외 기타 상품 전문 소매업,G47859,그 외 기타 분류 안된 상품 전문 소매업,30,대전광역시,30140,중구,30140630,대사동,3014011000,대사동,3014011000100850019,1,대지,85,19,대전광역시 중구 대사동 85-19,301403164032,대전광역시 중구 보문로,140,,3014011000100850019025221,,대전광역시 중구 보문로 140,301801,35022,,,,127.42722418667,36.3159068615653
MA010120220808353670,룰루랄라,,G2,소매,G221,기타 상품 소매,G22199,그 외 기타 상품 전문 소매업,G47859,그 외 기타 분류 안된 상품 전문 소매업,47,경상북도,47190,구미시,47190510,송정동,4719011000,송정동,4719011000104470002,1,대지,447,2,경상북도 구미시 송정동 447-2,471904724081,경상북도 구미시 구미중앙로42길,5,66,4719011000104470002017051,,경상북도 구미시 구미중앙로42길 5-66,730913,39271,,7,,128.353215518354,36.1195311306722
MA010120220808385875,대진약초인삼사,,G2,소매,G221,기타 상품 소매,G22199,그 외 기타 상품 전문 소매업,G47859,그 외 기타 분류 안된 상품 전문 소매업,44,충청남도,44710,금산군,44710250,금산읍,4471025021,금산읍,4471025021104190006,1,대지,419,6,충청남도 금산군 금산읍 신대리 419-6,447103257042,충청남도 금산군 금산읍 인삼광장로,38,,4471025021104190006020684,,충청남도 금산군 금산읍 인삼광장로 38,312804,32739,,,,127.500158865858,36.1005995546126
MA010120220808346159,샤이맨,주안점,G2,소매,G221,기타 상품 소매,G22199,그 외 기타 상품 전문 소매업,G47859,그 외 기타 분류 안된 상품 전문 소매업,28,인천광역시,28177,미추홀구,28177620,주안1동,2817710500,주안동,2817710500101340001,1,대지,134,1,인천광역시 미추홀구 주안동 134-1,281774253280,인천광역시 미추홀구 미추홀대로734번길,25,14,2817010600101340001043984,,인천광역시 미추홀구 미추홀대로734번길 25-14,402835,22135,,2,,126.68200098351,37.4632964043825
MA010120220808367627,러브샵,,G2,소매,G221,기타 상품 소매,G22199,그 외 기타 상품 전문 소매업,G47859,그 외 기타 분류 안된 상품 전문 소매업,11,서울특별시,11530,구로구,11530550,구로4동,1153010200,구로동,1153010200107480056,1,대지,748,56,서울특별시 구로구 구로동 748-56,115303116010,서울특별시 구로구 도림로,19,1,1153010200107480056021505,우측,서울특별시 구로구 도림로 19-1,152872,08320,,1,,126.887304065639,37.4863759715873
MA010120220808348865,제이씨엠컴퍼니,,G2,소매,G221,기타 상품 소매,G22199,그 외 기타 상품 전문 소매업,G47859,그 외 기타 분류 안된 상품 전문 소매업,26,부산광역시,26170,동구,26170510,초량1동,2617010100,초량동,2617010100109910053,1,대지,991,53,부산광역시 동구 초량동 991-53,261704181566,부산광역시 동구 초량상로63번길,32,,2617010100109910053010078,,부산광역시 동구 초량상로63번길 32,601835,48812,,,,129.035967814968,35.1175088035805
MA010120220808356658,아이제이케이,,G2,소매,G221,기타 상품 소매,G22199,그 외 기타 상품 전문 소매업,G47859,그 외 기타 분류 안된 상품 전문 소매업,41,경기도,41271,안산시 상록구,41271560,본오3동,4127110400,본오동,4127110400108770008,1,대지,877,8,경기도 안산시 상록구 본오동 877-8,412713190035,경기도 안산시 상록구 상록수로,28,,4127110400108770008033315,,경기도 안산시 상록구 상록수로 28,426815,15532,,,,126.863002086025,37.3021184039333
MA010120220808346531,프로텍트,,G2,소매,G221,기타 상품 소매,G22199,그 외 기타 상품 전문 소매업,G47859,그 외 기타 분류 안된 상품 전문 소매업,11,서울특별시,11140,중구,11140635,약수동,1114016200,신당동,1114016200103690028,1,대지,369,28,서울특별시 중구 신당동 369-28,111403101014,서울특별시 중구 다산로,130,1,1114016200103690028007019,,서울특별시 중구 다산로 130-1,100841,04590,,1,,127.011226782119,37.5553468999749
MA010120220808344258,삼시유통,,G2,소매,G221,기타 상품 소매,G22199,그 외 기타 상품 전문 소매업,G47859,그 외 기타 분류 안된 상품 전문 소매업,41,경기도,41220,평택시,41220610,통복동,4122011400,통복동,4122011400100860012,1,대지,86,12,경기도 평택시 통복동 86-12,412203188084,경기도 평택시 중앙로,3,,4122011400100860012015498,,경기도 평택시 중앙로 3,450040,17893,,2,,127.083849421693,36.9956816310437
MA010120220808368364,왜관소방,,G2,소매,G221,기타 상품 소매,G22199,그 외 기타 상품 전문 소매업,G47859,그 외 기타 분류 안된 상품 전문 소매업,47,경상북도,47850,칠곡군,47850250,왜관읍,4785025021,왜관읍,4785025021101470000,1,대지,147,,경상북도 칠곡군 왜관읍 왜관리 147,478504766579,경상북도 칠곡군 왜관읍 회동3길,49,,4785025021101470000038861,,경상북도 칠곡군 왜관읍 회동3길 49,718805,39889,,,,128.4019757458,35.9913776475662
MA010120220808405930,풍기인삼,,G2,소매,G221,기타 상품 소매,G22199,그 외 기타 상품 전문 소매업,G47859,그 외 기타 분류 안된 상품 전문 소매업,41,경기도,41133,성남시 중원구,41133660,하대원동,4113310900,하대원동,4113310900102660001,1,대지,266,1,경기도 성남시 중원구 하대원동 266-1,411333179008,경기도 성남시 중원구 마지로,118,,4113310900102660001008965,하대원공설시장,경기도 성남시 중원구 마지로 118,462839,13407,,1,,127.14226480611,37.4274088728435
MA010120220808400480,이음붙임머리공작소,,G2,소매,G221,기타 상품 소매,G22199,그 외 기타 상품 전문 소매업,G47859,그 외 기타 분류 안된 상품 전문 소매업,11,서울특별시,11440,마포구,11440660,서교동,1144012100,동교동,1144012100101700010,1,대지,170,10,서울특별시 마포구 동교동 170-10,114403113015,서울특별시 마포구 어울마당로,153,3,1144012100101700010011827,전체호,서울특별시 마포구 어울마당로 153-3,121818,04051,,1,,126.926820671655,37.5569195214001
MA010120220808397962,효성엠에스,,G2,소매,G221,기타 상품 소매,G22199,그 외 기타 상품 전문 소매업,G47859,그 외 기타 분류 안된 상품 전문 소매업,50,제주특별자치도,50110,제주시,50110650,연동,5011013700,연동,5011013700102760009,1,대지,276,9,제주특별자치도 제주시 연동 276-9,501103349109,제주특별자치도 제주시 신광로,103,,5011013700102760009008602,신제주오피스텔,제주특별자치도 제주시 신광로 103,690814,63136,,,,126.490076131177,33.4828710021357
MA010120220808392864,법인자산농산,,G2,소매,G221,기타 상품 소매,G22199,그 외 기타 상품 전문 소매업,G47859,그 외 기타 분류 안된 상품 전문 소매업,43,충청북도,43114,청주시 청원구,43114310,북이면,4311431032,북이면,4311431032100130001,1,대지,13,1,충청북도 청주시 청원구 북이면 장재리 13-1,431144520575,충청북도 청주시 청원구 북이면 장재1길,12,3,4371043032000130001046252,,충청북도 청주시 청원구 북이면 장재1길 12-3,363922,28136,,,,127.563675282122,36.7480059854606
MA010120220808409502,시티소방,,G2,소매,G221,기타 상품 소매,G22199,그 외 기타 상품 전문 소매업,G47859,그 외 기타 분류 안된 상품 전문 소매업,52,전북특별자치도,52113,전주시 덕진구,52113570,덕진동,5211310500,덕진동1가,5211310500112670022,1,대지,1267,22,전북특별자치도 전주시 덕진구 덕진동1가 1267-22,521132266001,전북특별자치도 전주시 덕진구 기린대로,465,,4511310500112670022020384,,전북특별자치도 전주시 덕진구 기린대로 465,561810,54893,,,,127.126040720022,35.8414710143236
MA010120220808421221,하나그린,,G2,소매,G221,기타 상품 소매,G22199,그 외 기타 상품 전문 소매업,G47859,그 외 기타 분류 안된 상품 전문 소매업,47,경상북도,47840,성주군,47840250,성주읍,4784025023,성주읍,4784025023100180003,1,대지,18,3,경상북도 성주군 성주읍 대황리 18-3,478403321019,경상북도 성주군 성주읍 심산로,19,,4784025023100180003033244,,경상북도 성주군 성주읍 심산로 19,719804,40057,,,,128.273468394037,35.9182299357009
MA010120220808429836,초원명품한방약초,,G2,소매,G221,기타 상품 소매,G22199,그 외 기타 상품 전문 소매업,G47859,그 외 기타 분류 안된 상품 전문 소매업,41,경기도,41150,의정부시,41150567,신곡1동,4115010400,신곡동,4115010400104230020,1,대지,423,20,경기도 의정부시 신곡동 423-20,411504343098,경기도 의정부시 동일로494번길,66,,4115010400104230020021042,,경기도 의정부시 동일로494번길 66,480830,11737,,,,127.061430645006,37.7344920854257
MA010120220808399025,제이원,,G2,소매,G221,기타 상품 소매,G22199,그 외 기타 상품 전문 소매업,G47859,그 외 기타 분류 안된 상품 전문 소매업,41,경기도,41287,고양시 일산서구,41287600,덕이동,4128710500,덕이동,4128710500115430000,1,대지,1543,,경기도 고양시 일산서구 덕이동 1543,412873194048,경기도 고양시 일산서구 하이파크2로,40,,4128710500100000000000005,금문프라자,경기도 고양시 일산서구 하이파크2로 40,411809,10234,,8,,126.753578213517,37.6990495975442
MA010120220808421627,도로에엠마,,G2,소매,G221,기타 상품 소매,G22199,그 외 기타 상품 전문 소매업,G47859,그 외 기타 분류 안된 상품 전문 소매업,41,경기도,41150,의정부시,41150578,송산3동,4115010700,낙양동,4115010700107420001,1,대지,742,1,경기도 의정부시 낙양동 742-1,411503181013,경기도 의정부시 민락로,389,,4115010700107420001000001,,경기도 의정부시 민락로 389,480080,11770,,,,127.112865306266,37.755960170167
MA010120220808424187,"그리다,주",,G2,소매,G221,기타 상품 소매,G22199,그 외 기타 상품 전문 소매업,G47859,그 외 기타 분류 안된 상품 전문 소매업,41,경기도,41461,용인시 처인구,41461253,모현읍,4146125327,모현읍,4146125327100020002,1,대지,2,2,경기도 용인시 처인구 모현읍 능원리 2-2,414614409871,경기도 용인시 처인구 모현읍 충렬로8번길,63,5,4146131027100020002041494,,경기도 용인시 처인구 모현읍 충렬로8번길 63-5,449852,16884,,,,127.177431171115,37.3440888262486
MA010120220808391651,골드만,,G2,소매,G221,기타 상품 소매,G22199,그 외 기타 상품 전문 소매업,G47859,그 외 기타 분류 안된 상품 전문 소매업,43,충청북도,43114,청주시 청원구,43114310,북이면,4311431041,북이면,4311431041101520000,1,대지,152,,충청북도 청주시 청원구 북이면 대율리 152,431144520190,충청북도 청주시 청원구 북이면 대율다락말길,40,34,4371043041101520000000001,,충청북도 청주시 청원구 북이면 대율다락말길 40-34,363923,28138,,,,127.52191873937,36.7379237930595
MA010120220808404771,쓰리랑PC동우회,,G2,소매,G221,기타 상품 소매,G22199,그 외 기타 상품 전문 소매업,G47859,그 외 기타 분류 안된 상품 전문 소매업,41,경기도,41150,의정부시,41150615,흥선동,4115011000,가능동,4115011000107190035,1,대지,719,35,경기도 의정부시 가능동 719-35,411503181057,경기도 의정부시 흥선로,51,,4115011000107190035005938,,경기도 의정부시 흥선로 51,480812,11661,,1,,127.033300564417,37.7442248486317
MA010120220808404882,산야초원,,G2,소매,G221,기타 상품 소매,G22199,그 외 기타 상품 전문 소매업,G47859,그 외 기타 분류 안된 상품 전문 소매업,51,강원특별자치도,51170,동해시,51170600,북평동,5117011300,구미동,5117011300104860008,1,대지,486,8,강원특별자치도 동해시 구미동 486-8,511704463176,강원특별자치도 동해시 오일장1길,11,,4217011300004860008023297,,강원특별자치도 동해시 오일장1길 11,240200,25813,,,,129.125800675604,37.4821124235311
MA010120220808416487,성인용품레드타임,,G2,소매,G221,기타 상품 소매,G22199,그 외 기타 상품 전문 소매업,G47859,그 외 기타 분류 안된 상품 전문 소매업,41,경기도,41281,고양시 덕양구,41281550,성사2동,4128110600,성사동,4128110600103370002,1,대지,337,2,경기도 고양시 덕양구 성사동 337-2,412812192001,경기도 고양시 덕양구 고양대로,1436,,4128110600103370002001614,,경기도 고양시 덕양구 고양대로 1436,412022,10479,,2,,126.843288723841,37.6527034545188
MA010120220808424568,금화상사,,G2,소매,G221,기타 상품 소매,G22199,그 외 기타 상품 전문 소매업,G47859,그 외 기타 분류 안된 상품 전문 소매업,26,부산광역시,26320,북구,26320530,금곡동,2632010100,금곡동,2632010100114230000,1,대지,1423,,부산광역시 북구 금곡동 1423,263203132022,부산광역시 북구 효열로,69,,2632010100114230000016778,,부산광역시 북구 효열로 69,616813,46508,,1,,129.013845199255,35.2522425574644
MA010120220808427464,금산당약업사,,G2,소매,G221,기타 상품 소매,G22199,그 외 기타 상품 전문 소매업,G47859,그 외 기타 분류 안된 상품 전문 소매업,27,대구광역시,27110,중구,27110595,대신동,2711015400,대신동,2711015400101150007,1,대지,115,7,대구광역시 중구 대신동 115-7,271103007001,대구광역시 중구 국채보상로,452,,2711015400101150007003194,,대구광역시 중구 국채보상로 452,700320,41926,,,,128.580040566672,35.8702501678954
MA010120220808416780,대원퇴비,,G2,소매,G221,기타 상품 소매,G22199,그 외 기타 상품 전문 소매업,G47859,그 외 기타 분류 안된 상품 전문 소매업,44,충청남도,44760,부여군,44760410,임천면,4476041025,임천면,4476041025102200004,1,대지,220,4,충청남도 부여군 임천면 비정리 220-4,447603259240,충청남도 부여군 임천면 충절로,825,,4476041025102200004063149,,충청남도 부여군 임천면 충절로 825,323921,33223,,,,126.898757105791,36.159647826417
MA010120220808389422,대경케미칼,,G2,소매,G221,기타 상품 소매,G22199,그 외 기타 상품 전문 소매업,G47859,그 외 기타 분류 안된 상품 전문 소매업,52,전북특별자치도,52113,전주시 덕진구,52113650,조촌동,5211312500,용정동,5211312500101890001,1,대지,189,1,전북특별자치도 전주시 덕진구 용정동 189-1,521134601352,전북특별자치도 전주시 덕진구 용신길,75,,4511312500101890001014056,,전북특별자치도 전주시 덕진구 용신길 75,561380,54806,,,,127.059867134862,35.8801139192938
MA010120220808468284,플라워,,G2,소매,G221,기타 상품 소매,G22199,그 외 기타 상품 전문 소매업,G47859,그 외 기타 분류 안된 상품 전문 소매업,41,경기도,41463,용인시 기흥구,41463530,상갈동,4146310300,상갈동,4146310300101000022,1,대지,100,22,경기도 용인시 기흥구 상갈동 100-22,414633204042,경기도 용인시 기흥구 신갈로,24,,4146310300101000022020341,,경기도 용인시 기흥구 신갈로 24,446905,17067,,,,127.105685160017,37.2687670317839
MA010120220808470712,농민농약사,,G2,소매,G221,기타 상품 소매,G22199,그 외 기타 상품 전문 소매업,G47859,그 외 기타 분류 안된 상품 전문 소매업,47,경상북도,47920,봉화군,47920250,봉화읍,4792025031,봉화읍,4792025031104260009,1,대지,426,9,경상북도 봉화군 봉화읍 내성리 426-9,479204772160,경상북도 봉화군 봉화읍 보밑길,24,20,4792025031104260009000001,,경상북도 봉화군 봉화읍 보밑길 24-20,755805,36239,,,,128.735090347687,36.8915621637877
MA010120220808460150,제일유통,,G2,소매,G221,기타 상품 소매,G22199,그 외 기타 상품 전문 소매업,G47859,그 외 기타 분류 안된 상품 전문 소매업,44,충청남도,44230,논산시,44230420,채운면,4423042021,채운면,4423042021102150006,1,대지,215,6,충청남도 논산시 채운면 화산리 215-6,442303000095,충청남도 논산시 채운면 계백로,654,,4423042021105380038017390,,충청남도 논산시 채운면 계백로 654,320811,32945,,,,127.0658293272,36.1786429618478
MA010120220808457817,연우,,G2,소매,G221,기타 상품 소매,G22199,그 외 기타 상품 전문 소매업,G47859,그 외 기타 분류 안된 상품 전문 소매업,41,경기도,41285,고양시 일산동구,41285510,식사동,4128510100,식사동,4128510100108140000,1,대지,814,,경기도 고양시 일산동구 식사동 814,412853193010,경기도 고양시 일산동구 동국로,27,,4128510100108090004022480,식사동동국대학교일산병원,경기도 고양시 일산동구 동국로 27,410773,10326,,,,126.805570382882,37.6764331805474
MA010120220808444806,일월상사,,G2,소매,G221,기타 상품 소매,G22199,그 외 기타 상품 전문 소매업,G47859,그 외 기타 분류 안된 상품 전문 소매업,47,경상북도,47130,경주시,47130550,성건동,4713010800,성건동,4713010800103740015,1,대지,374,15,경상북도 경주시 성건동 374-15,471303305048,경상북도 경주시 원효로,21,,4713010800103740015039352,,경상북도 경주시 원효로 21,780943,38156,,2,,129.203082250577,35.8424162095648
MA010120220808471134,피에스시스템,,G2,소매,G221,기타 상품 소매,G22199,그 외 기타 상품 전문 소매업,G47859,그 외 기타 분류 안된 상품 전문 소매업,28,인천광역시,28110,중구,28110630,용유동,2811015100,덕교동,2811015100101280067,1,대지,128,67,인천광역시 중구 덕교동 128-67,281104247213,인천광역시 중구 용유로21번길,3,1,2811015100101280067226503,,인천광역시 중구 용유로21번길 3-1,400410,22385,,,,126.422266246595,37.4259475474738
MA010120220808469492,테일즈하우스#,,G2,소매,G221,기타 상품 소매,G22199,그 외 기타 상품 전문 소매업,G47859,그 외 기타 분류 안된 상품 전문 소매업,41,경기도,41287,고양시 일산서구,41287560,주엽2동,4128710200,주엽동,4128710200101150000,1,대지,115,,경기도 고양시 일산서구 주엽동 115,412873192094,경기도 고양시 일산서구 중앙로,1455,,4128710200101150000002014,대우시티프라자,경기도 고양시 일산서구 중앙로 1455,411838,10387,,4,,126.758533948027,37.6709043568068
MA010120220808440249,제이피,,G2,소매,G221,기타 상품 소매,G22199,그 외 기타 상품 전문 소매업,G47859,그 외 기타 분류 안된 상품 전문 소매업,26,부산광역시,26260,동래구,26260570,온천3동,2626010800,온천동,2626010800114410013,1,대지,1441,13,부산광역시 동래구 온천동 1441-13,262602006006,부산광역시 동래구 충렬대로,152,,2626010800114410013000001,,부산광역시 동래구 충렬대로 152,607836,47824,,9,,129.076589952015,35.2046102836877
MA010120220808440301,부자농약종묘사,,G2,소매,G221,기타 상품 소매,G22199,그 외 기타 상품 전문 소매업,G47859,그 외 기타 분류 안된 상품 전문 소매업,47,경상북도,47230,영천시,47230520,중앙동,4723012300,오미동,4723012300111550001,1,대지,1155,1,경상북도 영천시 오미동 1155-1,472303018036,경상북도 영천시 천문로,606,,4723012300111550001001329,,경상북도 영천시 천문로 606,770270,38823,,,,128.923916594929,35.9888537412726
MA010120220808471745,롤링벌룬,,G2,소매,G221,기타 상품 소매,G22199,그 외 기타 상품 전문 소매업,G47422,의복 액세서리 및 모조 장신구 소매업,11,서울특별시,11440,마포구,11440660,서교동,1144012000,서교동,1144012000103280022,1,대지,328,22,서울특별시 마포구 서교동 328-22,114404139466,서울특별시 마포구 와우산로29길,34,,1144012000103280022009870,,서울특별시 마포구 와우산로29길 34,121836,04052,,,,126.928270725713,37.5554517855481
MA010120220808432353,세종하이테크,,G2,소매,G221,기타 상품 소매,G22199,그 외 기타 상품 전문 소매업,G47859,그 외 기타 분류 안된 상품 전문 소매업,29,광주광역시,29140,서구,29140830,풍암동,2914012800,풍암동,2914012800111480001,1,대지,1148,1,광주광역시 서구 풍암동 1148-1,291404280454,광주광역시 서구 풍암순환로188번길,45,,2914012800111480001027705,,광주광역시 서구 풍암순환로188번길 45,502832,62060,,3,,126.885873194813,35.129411649444
MA010120220808459100,애드원,,G2,소매,G221,기타 상품 소매,G22199,그 외 기타 상품 전문 소매업,G47859,그 외 기타 분류 안된 상품 전문 소매업,41,경기도,41281,고양시 덕양구,41281590,고양동,4128111600,고양동,4128111600101650000,1,대지,165,,경기도 고양시 덕양구 고양동 165,412813012033,경기도 고양시 덕양구 혜음로,56,,4128111600101650000006775,남천빌딩,경기도 고양시 덕양구 혜음로 56,412800,10274,,,,126.902508976448,37.7055645924699
MA010120220808467435,나무가족,,G2,소매,G221,기타 상품 소매,G22199,그 외 기타 상품 전문 소매업,G47859,그 외 기타 분류 안된 상품 전문 소매업,28,인천광역시,28177,미추홀구,28177560,용현3동,2817710200,용현동,2817710200104330019,1,대지,433,19,인천광역시 미추홀구 용현동 433-19,281774253283,인천광역시 미추홀구 비룡길,57,,2817010200104330019043069,,인천광역시 미추홀구 비룡길 57,402830,22183,,,,126.65410258875,37.4538385420221
MA010120220808448682,수석다인,,G2,소매,G221,기타 상품 소매,G22199,그 외 기타 상품 전문 소매업,G47859,그 외 기타 분류 안된 상품 전문 소매업,44,충청남도,44800,홍성군,44800250,홍성읍,4480025021,홍성읍,4480025021105330005,1,대지,533,5,충청남도 홍성군 홍성읍 오관리 533-5,448004586231,충청남도 홍성군 홍성읍 문화로90번길,56,16,4480025021105330005000001,,충청남도 홍성군 홍성읍 문화로90번길 56-16,350817,32236,,,,126.664921856417,36.595920843151
MA010120220808459269,명포,,G2,소매,G221,기타 상품 소매,G22199,그 외 기타 상품 전문 소매업,G47859,그 외 기타 분류 안된 상품 전문 소매업,48,경상남도,48840,남해군,48840310,이동면,4884031024,이동면,4884031024110510009,1,대지,1051,9,경상남도 남해군 이동면 무림리 1051-9,488404829234,경상남도 남해군 이동면 무림로68번길,14,,4884031024110510009030708,,경상남도 남해군 이동면 무림로68번길 14,668811,52431,,,,127.953041664858,34.7990524695124
MA010120220808467557,해밀캘리그라피,,G2,소매,G221,기타 상품 소매,G22199,그 외 기타 상품 전문 소매업,G47859,그 외 기타 분류 안된 상품 전문 소매업,48,경상남도,48870,함양군,48870250,함양읍,4887025024,함양읍,4887025024101800004,1,대지,180,4,경상남도 함양군 함양읍 교산리 180-4,488704838041,경상남도 함양군 함양읍 교산2길,22,1,4887025024101800004012602,,경상남도 함양군 함양읍 교산2길 22-1,676801,50037,,,,127.728936910756,35.5226692851628
MA010120220808432856,피트이앤지,,G2,소매,G221,기타 상품 소매,G22199,그 외 기타 상품 전문 소매업,G47859,그 외 기타 분류 안된 상품 전문 소매업,11,서울특별시,11230,동대문구,11230536,용신동,1123010100,신설동,1123010100100960024,1,대지,96,24,서울특별시 동대문구 신설동 96-24,112304115049,서울특별시 동대문구 난계로30길,65,,1123010100100960024039821,일부,서울특별시 동대문구 난계로30길 65,130811,02586,,,,127.026285027841,37.5730220550605
MA010120220808494638,명서불교사,,G2,소매,G221,기타 상품 소매,G22199,그 외 기타 상품 전문 소매업,G47859,그 외 기타 분류 안된 상품 전문 소매업,48,경상남도,48121,창원시 의창구,48121530,명곡동,4812112400,명서동,4812112400100400001,1,대지,40,1,경상남도 창원시 의창구 명서동 40-1,481213327016,경상남도 창원시 의창구 명서로,2,,4812112400100400001014305,,경상남도 창원시 의창구 명서로 2,641813,51169,,,,128.642075140749,35.2486768299784
MA010120220808478949,가발랜드,,G2,소매,G221,기타 상품 소매,G22199,그 외 기타 상품 전문 소매업,G47422,의복 액세서리 및 모조 장신구 소매업,11,서울특별시,11620,관악구,11620685,신사동,1162010200,신림동,1162010200104990050,1,대지,499,50,서울특별시 관악구 신림동 499-50,116203120006,서울특별시 관악구 신사로,110,,1162010200104990050014262,,서울특별시 관악구 신사로 110,151871,08702,,4,,126.914586233853,37.4875971853856
MA010120220808479014,아름답다,,G2,소매,G221,기타 상품 소매,G22199,그 외 기타 상품 전문 소매업,G47859,그 외 기타 분류 안된 상품 전문 소매업,41,경기도,41650,포천시,41650250,소흘읍,4165025027,소흘읍,4165025027100110013,1,대지,11,13,경기도 포천시 소흘읍 이가팔리 11-13,416503213039,경기도 포천시 소흘읍 정금로,17,,4165025027100110013000001,,경기도 포천시 소흘읍 정금로 17,487825,11181,,,,127.163106597776,37.8148602702478
MA010120220808484424,신촌환경,,G2,소매,G221,기타 상품 소매,G22199,그 외 기타 상품 전문 소매업,G47859,그 외 기타 분류 안된 상품 전문 소매업,46,전라남도,46840,무안군,46840370,운남면,4684037021,운남면,4684037021103620000,1,대지,362,,전라남도 무안군 운남면 하묘리 362,468404688309,전라남도 무안군 운남면 운남신촌1길,61,,4684037021103620000041830,,전라남도 무안군 운남면 운남신촌1길 61,534863,58537,,,,126.35694640781,34.972843298519
MA010120220808487040,"그리스열쇠,방충망,아이리시스얼굴인식도어락,디지털지문번호",,G2,소매,G221,기타 상품 소매,G22199,그 외 기타 상품 전문 소매업,G47859,그 외 기타 분류 안된 상품 전문 소매업,48,경상남도,48250,김해시,48250540,내외동,4825010800,내동,4825010800110950008,1,대지,1095,8,경상남도 김해시 내동 1095-8,482503335074,경상남도 김해시 우암로,95,,4825010800110950008053641,A호,경상남도 김해시 우암로 95,621903,50950,,,,128.862513872142,35.2388513933279
MA010120220808500695,부여안전,,G2,소매,G221,기타 상품 소매,G22199,그 외 기타 상품 전문 소매업,G47859,그 외 기타 분류 안된 상품 전문 소매업,44,충청남도,44760,부여군,44760250,부여읍,4476025035,부여읍,4476025035101470000,1,대지,147,,충청남도 부여군 부여읍 능산리 147,447603015060,충청남도 부여군 부여읍 왕릉로,304,28,4476025035101470000008272,,충청남도 부여군 부여읍 왕릉로 304-28,323802,33161,,,,126.967570112109,36.2699662440013
MA010120220808506231,양키캔들구리갈매점,,G2,소매,G221,기타 상품 소매,G22199,그 외 기타 상품 전문 소매업,G47912,전자상거래 소매업,41,경기도,41310,구리시,41310510,갈매동,4131010100,갈매동,4131010100106040001,1,대지,604,1,경기도 구리시 갈매동 604-1,413103351113,경기도 구리시 갈매중앙로,89,5,4131010100106040001000001,리첸타워,경기도 구리시 갈매중앙로 89-5,471080,11901,,1,,127.117141872772,37.6324502176416
MA010120220808490640,중앙불교사,,G2,소매,G221,기타 상품 소매,G22199,그 외 기타 상품 전문 소매업,G47859,그 외 기타 분류 안된 상품 전문 소매업,11,서울특별시,11530,구로구,11530530,구로2동,1153010200,구로동,1153010200107220038,1,대지,722,38,서울특별시 구로구 구로동 722-38,115304148203,서울특별시 구로구 구로동로17길,12,,1153010200107220038024235,,서울특별시 구로구 구로동로17길 12,152871,08316,,,,126.883897472118,37.4884540005471
MA010120220808498654,제이에이치종합방재,,G2,소매,G221,기타 상품 소매,G22199,그 외 기타 상품 전문 소매업,G47859,그 외 기타 분류 안된 상품 전문 소매업,11,서울특별시,11560,영등포구,11560550,당산1동,1156011300,당산동3가,1156011300100910001,1,대지,91,1,서울특별시 영등포구 당산동3가 91-1,115604154075,서울특별시 영등포구 국회대로38길,8,,1156011300100910001029113,문화빌딩,서울특별시 영등포구 국회대로38길 8,150803,07257,,4,,126.898783254141,37.5262738455156
MA010120220808506932,신동방소방,,G2,소매,G221,기타 상품 소매,G22199,그 외 기타 상품 전문 소매업,G47859,그 외 기타 분류 안된 상품 전문 소매업,11,서울특별시,11530,구로구,11530530,구로2동,1153010200,구로동,1153010200106360062,1,대지,636,62,서울특별시 구로구 구로동 636-62,115304148110,서울특별시 구로구 경인로54길,4,,1153010200106360062017390,,서울특별시 구로구 경인로54길 4,152866,08278,,,,126.878077137898,37.5005937041528
MA010120220808485548,현대가발,,G2,소매,G221,기타 상품 소매,G22199,그 외 기타 상품 전문 소매업,G47422,의복 액세서리 및 모조 장신구 소매업,30,대전광역시,30110,동구,30110515,중앙동,3011012000,중동,3011012000100270001,1,대지,27,1,대전광역시 동구 중동 27-1,301103164033,대전광역시 동구 중앙로,194,1,3011012000100270001023499,,대전광역시 동구 중앙로 194-1,300160,34628,,2,,127.430800140783,36.330339901349
MA010120220808493769,명주약초,,G2,소매,G221,기타 상품 소매,G22199,그 외 기타 상품 전문 소매업,G47811,의약품 및 의료용품 소매업,31,울산광역시,31170,동구,31170580,남목1동,3117010800,서부동,3117010800103360006,1,대지,336,6,울산광역시 동구 서부동 336-6,311703000101,울산광역시 동구 동해안로,16,,3117010800103360006009944,,울산광역시 동구 동해안로 16,682807,44012,,1,,129.425724233175,35.5406632499292
MA010120220808491591,파이랙스,,G2,소매,G221,기타 상품 소매,G22199,그 외 기타 상품 전문 소매업,G47859,그 외 기타 분류 안된 상품 전문 소매업,41,경기도,41463,용인시 기흥구,41463550,서농동,4146311000,서천동,4146311000107630000,1,대지,763,,경기도 용인시 기흥구 서천동 763,414634412320,경기도 용인시 기흥구 서천동로21번길,24,,4146311000107630000000001,세인트케슬,경기도 용인시 기흥구 서천동로21번길 24,446906,17106,,1,,127.078810029203,37.2389544226801
MA010120220808493904,연동만물중탕,,G2,소매,G221,기타 상품 소매,G22199,그 외 기타 상품 전문 소매업,G47859,그 외 기타 분류 안된 상품 전문 소매업,26,부산광역시,26470,연제구,26470650,연산1동,2647010200,연산동,2647010200103120042,1,대지,312,42,부산광역시 연제구 연산동 312-42,264703137020,부산광역시 연제구 연동로,8,,2647010200103120042015614,,부산광역시 연제구 연동로 8,611811,47552,,1,,129.093368725856,35.1884519826549
MA010120220808478009,덕인당인삼,,G2,소매,G221,기타 상품 소매,G22199,그 외 기타 상품 전문 소매업,G47859,그 외 기타 분류 안된 상품 전문 소매업,11,서울특별시,11230,동대문구,11230545,제기동,1123010300,제기동,1123010300110190000,1,대지,1019,,서울특별시 동대문구 제기동 1019,112304115033,서울특별시 동대문구 고산자로36길,3,,1123010300110190000034389,신관,서울특별시 동대문구 고산자로36길 3,130865,02571,,2,,127.039147690267,37.5790371332837
MA010120220808494355,신흥톱밥,,G2,소매,G221,기타 상품 소매,G22199,그 외 기타 상품 전문 소매업,G47992,계약배달 판매업,31,울산광역시,31710,울주군,31710360,두동면,3171036026,두동면,3171036026101750003,1,대지,175,3,울산광역시 울주군 두동면 봉계리 175-3,317104319890,울산광역시 울주군 두동면 이중배내길,89,11,3171036026101750003000001,,울산광역시 울주군 두동면 이중배내길 89-11,689843,44914,,,,129.217266014613,35.7045554950905
MA010120220808494363,뱀사골특산품,,G2,소매,G221,기타 상품 소매,G22199,그 외 기타 상품 전문 소매업,G47859,그 외 기타 분류 안된 상품 전문 소매업,52,전북특별자치도,52190,남원시,52190460,산내면,5219046027,산내면,5219046027102400000,1,대지,240,,전북특별자치도 남원시 산내면 부운리 240,521903000201,전북특별자치도 남원시 산내면 지리산로,799,,4519046027102400000023965,,전북특별자치도 남원시 산내면 지리산로 799,590852,55805,,,,127.579721343147,35.3741151096718
MA010120220808507799,소나기시리,,G2,소매,G221,기타 상품 소매,G22199,그 외 기타 상품 전문 소매업,G47859,그 외 기타 분류 안된 상품 전문 소매업,31,울산광역시,31140,남구,31140570,삼산동,3114010500,달동,3114010500112720003,1,대지,1272,3,울산광역시 남구 달동 1272-3,311403170011,울산광역시 남구 달삼로,8,,3114010500112720004006259,,울산광역시 남구 달삼로 8,680804,44721,,,,129.330128136751,35.5351606339355
MA010120220808510690,광주불교문화사,,G2,소매,G221,기타 상품 소매,G22199,그 외 기타 상품 전문 소매업,G47859,그 외 기타 분류 안된 상품 전문 소매업,29,광주광역시,29110,동구,29110685,학동,2911012200,학동,2911012200100810028,1,대지,81,28,광주광역시 동구 학동 81-28,291103009025,광주광역시 동구 천변우로,485,1,2911012200100810028011433,,광주광역시 동구 천변우로 485-1,501841,61489,,2,,126.919447163241,35.1397231670364
MA010120220808512899,포인트엘,,G2,소매,G221,기타 상품 소매,G22199,그 외 기타 상품 전문 소매업,M71531,경영 컨설팅업,11,서울특별시,11710,송파구,11710620,가락본동,1171010700,가락동,1171010700100980007,1,대지,98,7,서울특별시 송파구 가락동 98-7,117104169333,서울특별시 송파구 송파대로28길,13,,1171010700100980007007449,거북이빌딩,서울특별시 송파구 송파대로28길 13,138710,05719,,3,,127.119413466509,37.4942531851282
MA010120220808195822,잉크프렌즈,,G2,소매,G221,기타 상품 소매,G22199,그 외 기타 상품 전문 소매업,G47859,그 외 기타 분류 안된 상품 전문 소매업,41,경기도,41360,남양주시,41360570,별내동,4136011100,별내동,4136011100110060001,1,대지,1006,1,경기도 남양주시 별내동 1006-1,413603197091,경기도 남양주시 별내중앙로,30,,4136011100110060001000001,,경기도 남양주시 별내중앙로 30,472501,12113,,,,127.125683921812,37.6458931229874
MA010120220808174643,하나소방,,G2,소매,G221,기타 상품 소매,G22199,그 외 기타 상품 전문 소매업,G47859,그 외 기타 분류 안된 상품 전문 소매업,48,경상남도,48250,김해시,48250540,내외동,4825010800,내동,4825010800110890009,1,대지,1089,9,경상남도 김해시 내동 1089-9,482504805053,경상남도 김해시 경원로11번길,15,8,4825010800110890009053567,,경상남도 김해시 경원로11번길 15-8,621903,50950,,,,128.863110826896,35.2399776985714
MA010120220808187984,속초불교사,,G2,소매,G221,기타 상품 소매,G22199,그 외 기타 상품 전문 소매업,G47811,의약품 및 의료용품 소매업,51,강원특별자치도,51210,속초시,51210540,금호동,5121010400,금호동,5121010400104880379,1,대지,488,379,강원특별자치도 속초시 금호동 488-379,512104469143,강원특별자치도 속초시 수복로201번길,4,,4221010400104880379000001,,강원특별자치도 속초시 수복로201번길 4,217807,24831,,,,128.588449205984,38.2057146999051
MA010120220808175046,와이즈,,G2,소매,G221,기타 상품 소매,G22199,그 외 기타 상품 전문 소매업,G47859,그 외 기타 분류 안된 상품 전문 소매업,28,인천광역시,28177,미추홀구,28177540,용현1.4동,2817710200,용현동,2817710200101680008,1,대지,168,8,인천광역시 미추홀구 용현동 168-8,281774253619,인천광역시 미추홀구 인하로47번길,51,,2817010200101680008221658,,인천광역시 미추홀구 인하로47번길 51,402824,22207,,B1,,126.656627545369,37.4528277649733
MA010120220808182398,이클립스,,G2,소매,G221,기타 상품 소매,G22199,그 외 기타 상품 전문 소매업,G47859,그 외 기타 분류 안된 상품 전문 소매업,29,광주광역시,29170,북구,29170510,중흥1동,2917010100,중흥동,2917010100106970002,1,대지,697,2,광주광역시 북구 중흥동 697-2,291703009024,광주광역시 북구 중흥로,153,15,2917010100106970002009414,,광주광역시 북구 중흥로 153-15,500876,61234,,,,126.910698533556,35.1626927171389
MA010120220808188132,아이엔지유통,,G2,소매,G221,기타 상품 소매,G22199,그 외 기타 상품 전문 소매업,G47859,그 외 기타 분류 안된 상품 전문 소매업,46,전라남도,46730,구례군,46730250,구례읍,4673025022,구례읍,4673025022100480006,1,대지,48,6,전라남도 구례군 구례읍 봉남리 48-6,467303288009,전라남도 구례군 구례읍 봉성로,5,10,4673025022100460026000001,,전라남도 구례군 구례읍 봉성로 5-10,542803,57655,,,,127.463692227759,35.2029306328967
MA010120220808193412,그 외 기타 상품 전문 소매업,,G2,소매,G221,기타 상품 소매,G22199,그 외 기타 상품 전문 소매업,G47859,그 외 기타 분류 안된 상품 전문 소매업,28,인천광역시,28710,강화군,28710420,서도면,2871042021,서도면,2871042021105150004,1,대지,515,4,인천광역시 강화군 서도면 주문도리 515-4,287104271584,인천광역시 강화군 서도면 주문도길,318,1,2871042021105150003034127,,인천광역시 강화군 서도면 주문도길 318-1,417933,23008,,,,126.243987827032,37.6413393250066
MA010120220808213478,아모르슬라임,,G2,소매,G221,기타 상품 소매,G22199,그 외 기타 상품 전문 소매업,G47859,그 외 기타 분류 안된 상품 전문 소매업,43,충청북도,43114,청주시 청원구,43114253,오창읍,4311425345,오창읍,4311425345107360022,1,대지,736,22,충청북도 청주시 청원구 오창읍 양청리 736-22,431144520439,충청북도 청주시 청원구 오창읍 양청택지1길,25,7,4371025345107360022000001,,충청북도 청주시 청원구 오창읍 양청택지1길 25-7,363883,28115,,,,127.421102587188,36.7182283185482
MA010120220808175195,일일마켓,,G2,소매,G221,기타 상품 소매,G22199,그 외 기타 상품 전문 소매업,G47859,그 외 기타 분류 안된 상품 전문 소매업,47,경상북도,47730,의성군,47730380,봉양면,4773038039,봉양면,4773038039107920004,1,대지,792,4,경상북도 의성군 봉양면 도원리 792-4,477304745176,경상북도 의성군 봉양면 문화마을길,18,4,4773038039107920004000001,,경상북도 의성군 봉양면 문화마을길 18-4,769912,37363,,,,128.57595954521,36.2936841617367
MA010120220808186109,케이지케미칼영주,북부대리점,G2,소매,G221,기타 상품 소매,G22199,그 외 기타 상품 전문 소매업,G47859,그 외 기타 분류 안된 상품 전문 소매업,47,경상북도,47210,영주시,47210360,봉현면,4721036026,봉현면,4721036026102020002,1,대지,202,2,경상북도 영주시 봉현면 노좌리 202-2,472104727108,경상북도 영주시 봉현면 노좌로29번길,3,,4721036026102020002028302,,경상북도 영주시 봉현면 노좌로29번길 3,750891,36047,,,,128.500865611264,36.7948383924968
MA010120220808202102,에스피티,,G2,소매,G221,기타 상품 소매,G22199,그 외 기타 상품 전문 소매업,G47859,그 외 기타 분류 안된 상품 전문 소매업,41,경기도,41220,평택시,41220253,안중읍,4122025326,안중읍,4122025326105710002,1,대지,571,2,경기도 평택시 안중읍 용성리 571-2,412204364551,경기도 평택시 안중읍 용성길,148,24,4122025326105710002040225,,경기도 평택시 안중읍 용성길 148-24,451883,17817,,,,126.952289686879,37.0139305378224
MA010120220808209550,K전자시스템,,G2,소매,G221,기타 상품 소매,G22199,그 외 기타 상품 전문 소매업,G47859,그 외 기타 분류 안된 상품 전문 소매업,47,경상북도,47230,영천시,47230250,금호읍,4723025021,금호읍,4723025021104000036,1,대지,400,36,경상북도 영천시 금호읍 교대리 400-36,472303000047,경상북도 영천시 금호읍 대경로,1238,,4723025021104000036000001,,경상북도 영천시 금호읍 대경로 1238,770802,38879,,,,128.868838813672,35.9340373230128
MA010120220808186219,리치몰,,G2,소매,G221,기타 상품 소매,G22199,그 외 기타 상품 전문 소매업,G47859,그 외 기타 분류 안된 상품 전문 소매업,47,경상북도,47190,구미시,47190690,양포동,4719012800,옥계동,4719012800108370011,1,대지,837,11,경상북도 구미시 옥계동 837-11,471904724398,경상북도 구미시 산호대로29길,13,12,4719012800108370011036220,중간,경상북도 구미시 산호대로29길 13-12,730824,39185,,1,,128.418796908673,36.1378311386947
MA010120220808214354,언니네악세사리,,G2,소매,G221,기타 상품 소매,G22199,그 외 기타 상품 전문 소매업,G47859,그 외 기타 분류 안된 상품 전문 소매업,26,부산광역시,26410,금정구,26410665,청룡노포동,2641010200,노포동,2641010200101330000,1,대지,133,,부산광역시 금정구 노포동 133,264102000010,부산광역시 금정구 중앙대로,2238,,2641010200101880002000070,부산종합버스터미널,부산광역시 금정구 중앙대로 2238,609360,46204,,,,129.095481123971,35.2846847653064
MA010120220808202350,이엔지이엔알,,G2,소매,G221,기타 상품 소매,G22199,그 외 기타 상품 전문 소매업,G47859,그 외 기타 분류 안된 상품 전문 소매업,11,서울특별시,11530,구로구,11530540,구로3동,1153010200,구로동,1153010200101970033,1,대지,197,33,서울특별시 구로구 구로동 197-33,115304148335,서울특별시 구로구 디지털로31길,38,21,1153010200101970033022766,이앤씨벤처드림타워3차,서울특별시 구로구 디지털로31길 38-21,152719,08376,,,,126.893714866835,37.4865260738973
MA010120220808215199,청명상사,,G2,소매,G221,기타 상품 소매,G22199,그 외 기타 상품 전문 소매업,G47859,그 외 기타 분류 안된 상품 전문 소매업,41,경기도,41650,포천시,41650320,내촌면,4165032023,내촌면,4165032023107650000,1,대지,765,,경기도 포천시 내촌면 음현리 765,416503213009,경기도 포천시 내촌면 내촌로,32,,4165032023107650000003352,청명상가,경기도 포천시 내촌면 내촌로 32,487835,11192,,,,127.226675613111,37.7830503646697
MA010120220808206565,황금상사,,G2,소매,G221,기타 상품 소매,G22199,그 외 기타 상품 전문 소매업,G47859,그 외 기타 분류 안된 상품 전문 소매업,48,경상남도,48820,고성군,48820400,회화면,4882040025,회화면,4882040025111970003,1,대지,1197,3,경상남도 고성군 회화면 삼덕리 1197-3,488202328001,경상남도 고성군 회화면 남해안대로,3925,17,4882040025111970003000001,,경상남도 고성군 회화면 남해안대로 3925-17,638811,52913,,,,128.372975407846,35.0769938891446
MA010120220808200340,부영농약종묘사,,G2,소매,G221,기타 상품 소매,G22199,그 외 기타 상품 전문 소매업,G47859,그 외 기타 분류 안된 상품 전문 소매업,47,경상북도,47290,경산시,47290250,하양읍,4729025022,하양읍,4729025022105590005,1,대지,559,5,경상북도 경산시 하양읍 동서리 559-5,472903018052,경상북도 경산시 하양읍 하양로,157,,4729025022105590004033436,,경상북도 경산시 하양읍 하양로 157,712908,38417,,1,,128.823020557561,35.9170264382601
MA010120220808195040,놀이터,,G2,소매,G221,기타 상품 소매,G22199,그 외 기타 상품 전문 소매업,G47859,그 외 기타 분류 안된 상품 전문 소매업,11,서울특별시,11305,강북구,11305635,수유3동,1130510300,수유동,1130510300101910070,1,대지,191,70,서울특별시 강북구 수유동 191-70,113054124571,서울특별시 강북구 한천로139길,25,,1130510300101910070008544,우측,서울특별시 강북구 한천로139길 25,142878,01074,,4,,127.025730462497,37.6391097846315
MA010120220808245291,익산소방,,G2,소매,G221,기타 상품 소매,G22199,그 외 기타 상품 전문 소매업,G47859,그 외 기타 분류 안된 상품 전문 소매업,52,전북특별자치도,52140,익산시,52140570,동산동,5214011100,동산동,5214011100110470016,1,대지,1047,16,전북특별자치도 익산시 동산동 1047-16,521404607619,전북특별자치도 익산시 서동로8길,43,,4514011100110470016073636,,전북특별자치도 익산시 서동로8길 43,570960,54609,,,,126.963009717185,35.9329813250649
MA010120220808251210,대정농협자재센터농기계센터,,G2,소매,G221,기타 상품 소매,G22199,그 외 기타 상품 전문 소매업,G47859,그 외 기타 분류 안된 상품 전문 소매업,50,제주특별자치도,50130,서귀포시,50130250,대정읍,5013025021,대정읍,5013025021134530000,1,대지,3453,,제주특별자치도 서귀포시 대정읍 상모리 3453,501303349236,제주특별자치도 서귀포시 대정읍 일주서로,2460,,5013025021134530000000001,,제주특별자치도 서귀포시 대정읍 일주서로 2460,699934,63509,,,,126.264205521557,33.2340405156947
MA010120220808248566,조루땡,,G2,소매,G221,기타 상품 소매,G22199,그 외 기타 상품 전문 소매업,G47859,그 외 기타 분류 안된 상품 전문 소매업,47,경상북도,47280,문경시,47280580,점촌2동,4728010100,점촌동,4728010100101970103,1,대지,197,103,경상북도 문경시 점촌동 197-103,472804736679,경상북도 문경시 중앙시장길,22,,4728010100101970103002329,,경상북도 문경시 중앙시장길 22,745885,36954,,,,128.197165235079,36.5938844239714
MA010120220808228139,우리화폐,,G2,소매,G221,기타 상품 소매,G22199,그 외 기타 상품 전문 소매업,G47859,그 외 기타 분류 안된 상품 전문 소매업,11,서울특별시,11650,서초구,11650621,방배4동,1165010100,방배동,1165010100108820010,1,대지,882,10,서울특별시 서초구 방배동 882-10,116504163401,서울특별시 서초구 서초대로33길,12,10,1165010100108820010009403,,서울특별시 서초구 서초대로33길 12-10,137840,06588,,,,126.997161852904,37.489366971419
MA010120220808220321,그린스토어,,G2,소매,G221,기타 상품 소매,G22199,그 외 기타 상품 전문 소매업,G47859,그 외 기타 분류 안된 상품 전문 소매업,41,경기도,41390,시흥시,41390597,배곧2동,4139013500,배곧동,4139013500101960001,1,대지,196,1,경기도 시흥시 배곧동 196-1,413904853128,경기도 시흥시 서울대학로278번길,25,18,4139013200150060241000001,다인로얄팰리스배곧3차,경기도 시흥시 서울대학로278번길 25-18,,15011,,2,,126.729292037374,37.3697896065045
MA010120220808222400,한국에스비티,,G2,소매,G221,기타 상품 소매,G22199,그 외 기타 상품 전문 소매업,G47859,그 외 기타 분류 안된 상품 전문 소매업,28,인천광역시,28237,부평구,28237641,갈산1동,2823710600,갈산동,2823710600100940000,1,대지,94,,인천광역시 부평구 갈산동 94,282373008034,인천광역시 부평구 주부토로,236,,2823710600100940000111706,,인천광역시 부평구 주부토로 236,403800,21330,,,,126.726808406095,37.515864998516
MA010120220808236008,동서상회,,G2,소매,G221,기타 상품 소매,G22199,그 외 기타 상품 전문 소매업,G47859,그 외 기타 분류 안된 상품 전문 소매업,46,전라남도,46780,보성군,46780380,득량면,4678038022,득량면,4678038022106230001,1,대지,623,1,전라남도 보성군 득량면 송곡리 623-1,467803290019,전라남도 보성군 득량면 충의로,1445,32,4678038022106230001123064,,전라남도 보성군 득량면 충의로 1445-32,546923,59438,,,,127.161497680875,34.7642136573951
MA010120220808251649,호리물산,,G2,소매,G221,기타 상품 소매,G22199,그 외 기타 상품 전문 소매업,G47859,그 외 기타 분류 안된 상품 전문 소매업,26,부산광역시,26230,부산진구,26230510,부전1동,2623010300,부전동,2623010300102620005,1,대지,262,5,부산광역시 부산진구 부전동 262-5,262304187691,부산광역시 부산진구 중앙대로743번길,19,,2623010300102620005054863,,부산광역시 부산진구 중앙대로743번길 19,614844,47254,,5,,129.059057970951,35.1594463313073
MA010120220808218021,복돼지,,G2,소매,G221,기타 상품 소매,G22199,그 외 기타 상품 전문 소매업,G47859,그 외 기타 분류 안된 상품 전문 소매업,41,경기도,41550,안성시,41550510,안성1동,4155010100,봉산동,4155010100100700002,1,대지,70,2,경기도 안성시 봉산동 70-2,415503208041,경기도 안성시 장기로,149,,4155010100100700002019071,,경기도 안성시 장기로 149,456030,17591,,,,127.279016063184,37.0052681700391
MA010120220808249356,쓰리현's공방,,G2,소매,G221,기타 상품 소매,G22199,그 외 기타 상품 전문 소매업,G47859,그 외 기타 분류 안된 상품 전문 소매업,41,경기도,41800,연천군,41800253,전곡읍,4180025321,전곡읍,4180025321104560023,1,대지,456,23,경기도 연천군 전곡읍 전곡리 456-23,418004445303,경기도 연천군 전곡읍 은전로85번길,27,,4180025321104560023002840,,경기도 연천군 전곡읍 은전로85번길 27,486903,11029,,,,127.068430309928,38.0294313981136
MA010120220808246668,강남성인용품몬스터창고,,G2,소매,G221,기타 상품 소매,G22199,그 외 기타 상품 전문 소매업,G47859,그 외 기타 분류 안된 상품 전문 소매업,11,서울특별시,11680,강남구,11680521,논현1동,1168010800,논현동,1168010800101990024,1,대지,199,24,서울특별시 강남구 논현동 199-24,116804166338,서울특별시 강남구 봉은사로1길,9,,1168010800101990024009364,해연빌딩,서울특별시 강남구 봉은사로1길 9,135827,06120,,,,127.024836267091,37.5053933006893
MA010120220808229075,버드종합상사,,G2,소매,G221,기타 상품 소매,G22199,그 외 기타 상품 전문 소매업,G47859,그 외 기타 분류 안된 상품 전문 소매업,26,부산광역시,26440,강서구,26440510,대저1동,2644010100,대저1동,2644010100105070001,1,대지,507,1,부산광역시 강서구 대저1동 507-1,264403136037,부산광역시 강서구 대저중앙로,294,,2644010100105070001039502,,부산광역시 강서구 대저중앙로 294,618805,46702,,,,128.979227575146,35.2205611478788
MA010120220808239562,핑크하우스,,G2,소매,G221,기타 상품 소매,G22199,그 외 기타 상품 전문 소매업,G47859,그 외 기타 분류 안된 상품 전문 소매업,48,경상남도,48250,김해시,48250550,북부동,4825010700,삼계동,4825010700115050004,1,대지,1505,4,경상남도 김해시 삼계동 1505-4,482504805863,경상남도 김해시 해반천로130번길,39,,4825010700115050004000001,코아루센텀오피스텔,경상남도 김해시 해반천로130번길 39,621070,50902,,,,128.871620200232,35.2603663341112
MA010120220808234410,꿀단지,,G2,소매,G221,기타 상품 소매,G22199,그 외 기타 상품 전문 소매업,G47859,그 외 기타 분류 안된 상품 전문 소매업,44,충청남도,44150,공주시,44150590,월송동,4415012600,송선동,4415012600105540008,1,대지,554,8,충청남도 공주시 송선동 554-8,441503251036,충청남도 공주시 장기로,201,,4415012600105540010000001,,충청남도 공주시 장기로 201,314120,32589,,,,127.160952868585,36.4835491648317
MA010120220808255637,스타일에이,,G2,소매,G221,기타 상품 소매,G22199,그 외 기타 상품 전문 소매업,G47859,그 외 기타 분류 안된 상품 전문 소매업,41,경기도,41480,파주시,41480540,교하동,4148012100,연다산동,4148012100107870003,1,대지,787,3,경기도 파주시 연다산동 787-3,414804418234,경기도 파주시 모련안길,3,,4148012100107870003000001,,경기도 파주시 모련안길 3,413833,10864,,,,126.714013072783,37.7440898333478
MA010120220808229750,대한소방A.S,,G2,소매,G221,기타 상품 소매,G22199,그 외 기타 상품 전문 소매업,G47859,그 외 기타 분류 안된 상품 전문 소매업,11,서울특별시,11305,강북구,11305535,미아동,1130510100,미아동,1130510100102170079,1,대지,217,79,서울특별시 강북구 미아동 217-79,113054124339,서울특별시 강북구 솔매로45길,95,14,1130510100102170079035547,,서울특별시 강북구 솔매로45길 95-14,142810,01118,,,,127.023439017676,37.6302535746511
MA010120220808237407,두양전기소방자재,,G2,소매,G221,기타 상품 소매,G22199,그 외 기타 상품 전문 소매업,G47859,그 외 기타 분류 안된 상품 전문 소매업,51,강원특별자치도,51130,원주시,51130530,개운동,5113010500,개운동,5113010500102880004,1,대지,288,4,강원특별자치도 원주시 개운동 288-4,511303219011,강원특별자치도 원주시 남원로,614,,4213010500102880008003635,,강원특별자치도 원주시 남원로 614,220931,26446,,,,127.951587130813,37.3379980644958
MA010120220808275975,PP은하유통,,G2,소매,G221,기타 상품 소매,G22199,그 외 기타 상품 전문 소매업,G47859,그 외 기타 분류 안된 상품 전문 소매업,28,인천광역시,28177,미추홀구,28177520,숭의1.3동,2817710100,숭의동,2817710100103420021,1,대지,342,21,인천광역시 미추홀구 숭의동 342-21,281773151030,인천광역시 미추홀구 석정로,5,,2817010100103420021180657,,인천광역시 미추홀구 석정로 5,402816,22174,,1,,126.641468833041,37.4605584502349
MA010120220808268812,케이에프교원안전산업,,G2,소매,G221,기타 상품 소매,G22199,그 외 기타 상품 전문 소매업,G47859,그 외 기타 분류 안된 상품 전문 소매업,51,강원특별자치도,51130,원주시,51130550,단구동,5113010700,단구동,5113010700114670000,1,대지,1467,,강원특별자치도 원주시 단구동 1467,511304457139,강원특별자치도 원주시 단구초교길,19,,4213010700100570001002638,대흥,강원특별자치도 원주시 단구초교길 19,220768,26452,,,,127.965438152721,37.3225418447258
MA010120220808273576,에스비텍,,G2,소매,G221,기타 상품 소매,G22199,그 외 기타 상품 전문 소매업,G47859,그 외 기타 분류 안된 상품 전문 소매업,41,경기도,41610,광주시,41610253,초월읍,4161025328,초월읍,4161025328106320001,1,대지,632,1,경기도 광주시 초월읍 신월리 632-1,416104433253,경기도 광주시 초월읍 산수로440번길,29,,4161025328106320001032809,외필지,경기도 광주시 초월읍 산수로440번길 29,464864,12729,,,,127.313299419045,37.3988594900079
MA010120220808281962,마이비,,G2,소매,G221,기타 상품 소매,G22199,그 외 기타 상품 전문 소매업,G47859,그 외 기타 분류 안된 상품 전문 소매업,30,대전광역시,30200,유성구,30200546,노은1동,3020011900,노은동,3020011900104990006,1,대지,499,6,대전광역시 유성구 노은동 499-6,302003167016,대전광역시 유성구 노은서로,79,,3020011900104990006010092,,대전광역시 유성구 노은서로 79,305325,34088,,,,127.31257995731,36.3676738263342
MA010120220808276665,강산수석원,,G2,소매,G221,기타 상품 소매,G22199,그 외 기타 상품 전문 소매업,G47859,그 외 기타 분류 안된 상품 전문 소매업,47,경상북도,47130,경주시,47130530,황오동,4713010500,황오동,4713010500103890051,1,대지,389,51,경상북도 경주시 황오동 389-51,471303305038,경상북도 경주시 알천남로,262,,4713010500103890051000001,,경상북도 경주시 알천남로 262,780958,38149,,,,129.226624712404,35.8449465231972
MA010120220808284939,이니월드,,G2,소매,G221,기타 상품 소매,G22199,그 외 기타 상품 전문 소매업,G47859,그 외 기타 분류 안된 상품 전문 소매업,41,경기도,41133,성남시 중원구,41133570,상대원1동,4113310500,상대원동,4113310500105130022,1,대지,513,22,경기도 성남시 중원구 상대원동 513-22,411332179001,경기도 성남시 중원구 둔촌대로,464,,4113310500105130022000001,드림테크노,경기도 성남시 중원구 둔촌대로 464,462806,13229,,4,,127.168259882432,37.4317086167116
MA010120220808299136,이제염오,,G2,소매,G221,기타 상품 소매,G22199,그 외 기타 상품 전문 소매업,G47859,그 외 기타 분류 안된 상품 전문 소매업,46,전라남도,46770,고흥군,46770370,점암면,4677037026,점암면,4677037026103690000,1,대지,369,,전라남도 고흥군 점암면 성기리 369,467704667668,전라남도 고흥군 점암면 팔봉길,21,,4677037026103690000041938,,전라남도 고흥군 점암면 팔봉길 21,548813,59518,,,,127.413804913204,34.6384825467531
MA010120220808293592,천열,,G2,소매,G221,기타 상품 소매,G22199,그 외 기타 상품 전문 소매업,G47859,그 외 기타 분류 안된 상품 전문 소매업,48,경상남도,48840,남해군,48840250,남해읍,4884025030,남해읍,4884025030101870000,1,대지,187,,경상남도 남해군 남해읍 입현리 187,488404829015,경상남도 남해군 남해읍 강진만로158번길,5,6,4884025030101870000035411,,경상남도 남해군 남해읍 강진만로158번길 5-6,668806,52429,,,,127.923908384424,34.8302482014938
MA010120220808282854,홍가문조은삼,,G2,소매,G221,기타 상품 소매,G22199,그 외 기타 상품 전문 소매업,G47859,그 외 기타 분류 안된 상품 전문 소매업,44,충청남도,44710,금산군,44710250,금산읍,4471025022,금산읍,4471025022100080001,1,대지,8,1,충청남도 금산군 금산읍 중도리 8-1,447103257044,충청남도 금산군 금산읍 인삼약초로,45,,4471025022100080001020658,국제시장,충청남도 금산군 금산읍 인삼약초로 45,312806,32739,,,,127.498324032177,36.1019590115178
MA010120220808288610,이브유통,,G2,소매,G221,기타 상품 소매,G22199,그 외 기타 상품 전문 소매업,G47859,그 외 기타 분류 안된 상품 전문 소매업,41,경기도,41135,성남시 분당구,41135620,야탑1동,4113510700,야탑동,4113510700103530002,1,대지,353,2,경기도 성남시 분당구 야탑동 353-2,411354340306,경기도 성남시 분당구 야탑로69번길,18,,4113510700103530002019258,동아프라자,경기도 성남시 분당구 야탑로69번길 18,463828,13497,,2,,127.12677118039,37.4116136404299
MA010120220808294062,석담방,,G2,소매,G221,기타 상품 소매,G22199,그 외 기타 상품 전문 소매업,G47859,그 외 기타 분류 안된 상품 전문 소매업,27,대구광역시,27200,남구,27200515,이천동,2720010100,이천동,2720010100104260001,1,대지,426,1,대구광역시 남구 이천동 426-1,272004232269,대구광역시 남구 이천로27길,22,,2720010100104260001023456,,대구광역시 남구 이천로27길 22,705837,42423,,,,128.597615332556,35.8522651437653
MA010120220808286167,꿀밤유통,,G2,소매,G221,기타 상품 소매,G22199,그 외 기타 상품 전문 소매업,G47859,그 외 기타 분류 안된 상품 전문 소매업,41,경기도,41370,오산시,41370546,신장2동,4137010400,궐동,4137010400100400003,1,대지,40,3,경기도 오산시 궐동 40-3,413703198031,경기도 오산시 오산로,361,,4137010400100400003001599,,경기도 오산시 오산로 361,447140,18115,,,,127.066500752359,37.1589395529714
MA010120220808263034,광명사,,G2,소매,G221,기타 상품 소매,G22199,그 외 기타 상품 전문 소매업,G47859,그 외 기타 분류 안된 상품 전문 소매업,43,충청북도,43111,청주시 상당구,43111545,성안동,4311110500,남문로1가,4311110500100200003,1,대지,20,3,충청북도 청주시 상당구 남문로1가 20-3,431113236027,충청북도 청주시 상당구 상당로,29,,4311110500100200003049597,,충청북도 청주시 상당구 상당로 29,360041,28531,,1,,127.490885606006,36.6308945601859
MA010120220808286367,펀엔터테인먼트,,G2,소매,G221,기타 상품 소매,G22199,그 외 기타 상품 전문 소매업,G47859,그 외 기타 분류 안된 상품 전문 소매업,28,인천광역시,28200,남동구,28200560,만수1동,2820010300,만수동,2820010300109340002,1,대지,934,2,인천광역시 남동구 만수동 934-2,282004259733,인천광역시 남동구 하촌서로17번길,30,,2820010300109340002027440,,인천광역시 남동구 하촌서로17번길 30,405863,21538,,1,,126.727916644493,37.4504635283569
MA010120220808270850,해오름약초,,G2,소매,G221,기타 상품 소매,G22199,그 외 기타 상품 전문 소매업,G47859,그 외 기타 분류 안된 상품 전문 소매업,48,경상남도,48860,산청군,48860360,시천면,4886036029,시천면,4886036029106330005,1,대지,633,5,경상남도 산청군 시천면 동당리 633-5,488602345002,경상남도 산청군 시천면 지리산대로,930,,4886036029106330005000001,,경상남도 산청군 시천면 지리산대로 930,666933,52236,,,,127.777837440601,35.266611792266
MA010120220808283672,소방용품,,G2,소매,G221,기타 상품 소매,G22199,그 외 기타 상품 전문 소매업,G47859,그 외 기타 분류 안된 상품 전문 소매업,52,전북특별자치도,52210,김제시,52210350,백구면,5221035026,백구면,5221035026107500000,1,대지,750,,전북특별자치도 김제시 백구면 반월리 750,522104854802,전북특별자치도 김제시 백구면 백구공단2길,32,,4521035026107500000000001,,전북특별자치도 김제시 백구면 백구공단2길 32,576912,54328,,,,126.957655501204,35.8948117596815
MA010120220808317768,퀸메이드,,G2,소매,G221,기타 상품 소매,G22199,그 외 기타 상품 전문 소매업,G47422,의복 액세서리 및 모조 장신구 소매업,30,대전광역시,30140,중구,30140535,은행선화동,3014010200,선화동,3014010200100050003,1,대지,5,3,대전광역시 중구 선화동 5-3,301403010004,대전광역시 중구 대종로,509,,3014010200100050003014849,소청,대전광역시 중구 대종로 509,301822,34838,,1,,127.424569080578,36.3293799154558
MA010120220808317775,팔팔농장,,G2,소매,G221,기타 상품 소매,G22199,그 외 기타 상품 전문 소매업,G47859,그 외 기타 분류 안된 상품 전문 소매업,44,충청남도,44825,태안군,44825250,태안읍,4482525021,태안읍,4482525021104810018,1,대지,481,18,충청남도 태안군 태안읍 동문리 481-18,448253264043,충청남도 태안군 태안읍 중앙로,83,,4482525021104810018007075,,충청남도 태안군 태안읍 중앙로 83,357905,32141,,2,,126.298320664692,36.7536700641662
MA010120220808301295,연미사,,G2,소매,G221,기타 상품 소매,G22199,그 외 기타 상품 전문 소매업,G47859,그 외 기타 분류 안된 상품 전문 소매업,43,충청북도,43150,제천시,43150560,용두동,4315011100,하소동,4315011100101860008,1,대지,186,8,충청북도 제천시 하소동 186-8,431503239075,충청북도 제천시 하소로,14,,4315011100101860009024193,,충청북도 제천시 하소로 14,390240,27160,,3,,128.199350096491,37.1373199346894
MA010120220808326411,삼원봉투,,G2,소매,G221,기타 상품 소매,G22199,그 외 기타 상품 전문 소매업,G47859,그 외 기타 분류 안된 상품 전문 소매업,28,인천광역시,28177,미추홀구,28177670,주안6동,2817710500,주안동,2817710500109530008,1,대지,953,8,인천광역시 미추홀구 주안동 953-8,281774253026,인천광역시 미추홀구 경원대로852번길,16,11,2817010600109530008061458,일부,인천광역시 미추홀구 경원대로852번길 16-11,402848,22144,,1,,126.690802986001,37.4586164975442
MA010120220808334861,애터미파주광탄글로벌센터,,G2,소매,G221,기타 상품 소매,G22199,그 외 기타 상품 전문 소매업,G47859,그 외 기타 분류 안된 상품 전문 소매업,41,경기도,41480,파주시,41480350,광탄면,4148035027,광탄면,4148035027101880108,1,대지,188,108,경기도 파주시 광탄면 신산리 188-108,414804418781,경기도 파주시 광탄면 큰여울길,20,11,4148035027101880108036101,,경기도 파주시 광탄면 큰여울길 20-11,413854,10948,,2,,126.849378434658,37.7793880875345
MA010120220808307746,진군유통,,G2,소매,G221,기타 상품 소매,G22199,그 외 기타 상품 전문 소매업,G47859,그 외 기타 분류 안된 상품 전문 소매업,28,인천광역시,28260,서구,28260550,석남1동,2826011000,석남동,2826011000101990130,1,대지,199,130,인천광역시 서구 석남동 199-130,282603156073,인천광역시 서구 율도로,24,,2826011000101990130017788,,인천광역시 서구 율도로 24,404822,22787,,1,,126.664685507477,37.5135966354217
MA010120220808321633,태성종합상사,,G2,소매,G221,기타 상품 소매,G22199,그 외 기타 상품 전문 소매업,G47859,그 외 기타 분류 안된 상품 전문 소매업,52,전북특별자치도,52130,군산시,52130710,소룡동,5213014600,소룡동,5213014600115730014,1,대지,1573,14,전북특별자치도 군산시 소룡동 1573-14,521304604599,전북특별자치도 군산시 소룡안1길,19,,4513014600115730014025616,,전북특별자치도 군산시 소룡안1길 19,573882,54013,,,,126.680656190602,35.9704502724321
MA010120220808335042,옥용불교용품,,G2,소매,G221,기타 상품 소매,G22199,그 외 기타 상품 전문 소매업,G47859,그 외 기타 분류 안된 상품 전문 소매업,48,경상남도,48730,함안군,48730250,가야읍,4873025021,가야읍,4873025021100600002,1,대지,60,2,경상남도 함안군 가야읍 말산리 60-2,487303335004,경상남도 함안군 가야읍 가야로,108,,4873025021100600002008848,,경상남도 함안군 가야읍 가야로 108,637804,52045,,,,128.412943273136,35.2783908683249
MA010120220808337594,중앙농약농자재센터,,G2,소매,G221,기타 상품 소매,G22199,그 외 기타 상품 전문 소매업,G47859,그 외 기타 분류 안된 상품 전문 소매업,52,전북특별자치도,52130,군산시,52130350,대야면,5213035021,대야면,5213035021103880000,1,대지,388,,전북특별자치도 군산시 대야면 산월리 388,521303268020,전북특별자치도 군산시 대야면 대야관통로,86,,4513035021103880000000809,,전북특별자치도 군산시 대야면 대야관통로 86,573912,54060,,1,,126.81513186362,35.944849219325
MA010120220808308022,이안소방,,G2,소매,G221,기타 상품 소매,G22199,그 외 기타 상품 전문 소매업,G47859,그 외 기타 분류 안된 상품 전문 소매업,11,서울특별시,11530,구로구,11530730,고척2동,1153010600,고척동,1153010600100410002,1,대지,41,2,서울특별시 구로구 고척동 41-2,115304148461,서울특별시 구로구 중앙로14길,27,,1153010600100410002011185,신도교회,서울특별시 구로구 중앙로14길 27,152082,08218,,,,126.862876780198,37.5073255643803
MA010120220808342195,거목,,G2,소매,G221,기타 상품 소매,G22199,그 외 기타 상품 전문 소매업,G47859,그 외 기타 분류 안된 상품 전문 소매업,46,전라남도,46230,광양시,46230250,광양읍,4623025030,광양읍,4623025030108840008,1,대지,884,8,전라남도 광양시 광양읍 용강리 884-8,462303285035,전라남도 광양시 광양읍 용강로,66,,4623025030108840008000001,,전라남도 광양시 광양읍 용강로 66,545801,57746,,,,127.607627209629,34.9755946360909
MA010120220808327289,호민ENG,,G2,소매,G221,기타 상품 소매,G22199,그 외 기타 상품 전문 소매업,G47859,그 외 기타 분류 안된 상품 전문 소매업,30,대전광역시,30200,유성구,30200520,진잠동,3020010100,원내동,3020010100103370008,1,대지,337,8,대전광역시 유성구 원내동 337-8,302004301428,대전광역시 유성구 진잠로74번길,22,,3020010100103370008019050,,대전광역시 유성구 진잠로74번길 22,305808,34230,,,,127.31776994115,36.2984765947221
MA010120220808329983,한미진,,G2,소매,G221,기타 상품 소매,G22199,그 외 기타 상품 전문 소매업,G47859,그 외 기타 분류 안된 상품 전문 소매업,41,경기도,41370,오산시,41370530,남촌동,4137010400,궐동,4137010400106870002,1,대지,687,2,경기도 오산시 궐동 687-2,413703198012,경기도 오산시 대호로,83,,4137010400106870002012267,드라마타워,경기도 오산시 대호로 83,447140,18123,,1,,127.053992321863,37.1577565148025
MA010120220808335911,JW유통,,G2,소매,G221,기타 상품 소매,G22199,그 외 기타 상품 전문 소매업,G47859,그 외 기타 분류 안된 상품 전문 소매업,11,서울특별시,11215,광진구,11215840,자양3동,1121510500,자양동,1121510500102270007,1,대지,227,7,서울특별시 광진구 자양동 227-7,112153000002,서울특별시 광진구 아차산로,272,,1121510500102270007022413,더샵스타시티,서울특별시 광진구 아차산로 272,143758,05065,,8,,127.073012802866,37.5370345820595
MA010120220808314235,광주상회,,G2,소매,G221,기타 상품 소매,G22199,그 외 기타 상품 전문 소매업,G47859,그 외 기타 분류 안된 상품 전문 소매업,41,경기도,41500,이천시,41500530,관고동,4150011100,사음동,4150011100101690003,1,대지,169,3,경기도 이천시 사음동 169-3,415002012002,경기도 이천시 경충대로,2919,,4150011100101690014012525,,경기도 이천시 경충대로 2919,467020,17308,,,,127.420025400737,37.2936224100296
MA010120220808309071,성인용품,,G2,소매,G221,기타 상품 소매,G22199,그 외 기타 상품 전문 소매업,G47859,그 외 기타 분류 안된 상품 전문 소매업,41,경기도,41570,김포시,41570340,대곶면,4157034023,대곶면,4157034023113200000,1,대지,1320,,경기도 김포시 대곶면 약암리 1320,415703209146,경기도 김포시 대곶면 약암로,872,1,4157034023113200000000001,,경기도 김포시 대곶면 약암로 872-1,415830,10042,,1,,126.553687370383,37.63184443738
MA010120220808314359,레드몽,,G2,소매,G221,기타 상품 소매,G22199,그 외 기타 상품 전문 소매업,G47859,그 외 기타 분류 안된 상품 전문 소매업,41,경기도,41250,동두천시,41250535,중앙동,4125010300,생연동,4125010300106500013,1,대지,650,13,경기도 동두천시 생연동 650-13,412503189025,경기도 동두천시 정장로,33,,4125010300106500013008055,,경기도 동두천시 정장로 33,483802,11329,,1,,127.054476337824,37.904334929063
MA010120220808338913,흥농스테비아,,G2,소매,G221,기타 상품 소매,G22199,그 외 기타 상품 전문 소매업,G47859,그 외 기타 분류 안된 상품 전문 소매업,47,경상북도,47230,영천시,47230540,완산동,4723011300,완산동,4723011300109880032,1,대지,988,32,경상북도 영천시 완산동 988-32,472304730385,경상북도 영천시 시장5길,23,,4723011300109880032005404,,경상북도 영천시 시장5길 23,770905,38889,,,,128.938544871314,35.9654515144054
MA010120220808306482,관기길삼남매,,G2,소매,G221,기타 상품 소매,G22199,그 외 기타 상품 전문 소매업,G47859,그 외 기타 분류 안된 상품 전문 소매업,47,경상북도,47230,영천시,47230555,남부동,4723011100,도동,4723011100102670001,1,대지,267,1,경상북도 영천시 도동 267-1,472303310029,경상북도 영천시 한방로,14,,4723011100102670001000001,,경상북도 영천시 한방로 14,770230,38896,,,,128.930645492632,35.9428356375897
MA010120220808328104,물음표,,G2,소매,G221,기타 상품 소매,G22199,그 외 기타 상품 전문 소매업,G47859,그 외 기타 분류 안된 상품 전문 소매업,29,광주광역시,29170,북구,29170580,신안동,2917010600,신안동,2917010600102490001,1,대지,249,1,광주광역시 북구 신안동 249-1,291703009021,광주광역시 북구 무등로,82,,2917010600102490001031660,,광주광역시 북구 무등로 82,500830,61248,,,,126.892942827444,35.1683208309369
MA010120220808027370,아토즈캠핑,오산점,G2,소매,G221,기타 상품 소매,G22199,그 외 기타 상품 전문 소매업,G47631,운동 및 경기용품 소매업,41,경기도,41220,평택시,41220310,진위면,4122031027,진위면,4122031027101510003,1,대지,151,3,경기도 평택시 진위면 갈곶리 151-3,412203188063,경기도 평택시 진위면 엘지로,107,,4122031027101510003000001,,경기도 평택시 진위면 엘지로 107,451862,17707,,,,127.076993803191,37.1262517376764
MA010120220808027710,피케이안전,,G2,소매,G221,기타 상품 소매,G22199,그 외 기타 상품 전문 소매업,G47859,그 외 기타 분류 안된 상품 전문 소매업,26,부산광역시,26530,사상구,26530645,감전동,2653010500,감전동,2653010500105020001,1,대지,502,1,부산광역시 사상구 감전동 502-1,265302006002,부산광역시 사상구 낙동대로,910,,2653010500105020001015535,마트월드,부산광역시 사상구 낙동대로 910,617723,47029,,,,128.970549909223,35.1413722494204
MA010120220808022229,온하늘,,G2,소매,G221,기타 상품 소매,G22199,그 외 기타 상품 전문 소매업,G47859,그 외 기타 분류 안된 상품 전문 소매업,41,경기도,41360,남양주시,41360570,별내동,4136011100,별내동,4136011100110060002,1,대지,1006,2,경기도 남양주시 별내동 1006-2,413603197091,경기도 남양주시 별내중앙로,26,,4136011100110060002000001,,경기도 남양주시 별내중앙로 26,472501,12113,,10,,127.125966862502,37.6456946049022
MA010120220808027754,스톤컴퍼니,,G2,소매,G221,기타 상품 소매,G22199,그 외 기타 상품 전문 소매업,G47859,그 외 기타 분류 안된 상품 전문 소매업,51,강원특별자치도,51770,정선군,51770250,정선읍,5177025021,정선읍,5177025021103590002,1,대지,359,2,강원특별자치도 정선군 정선읍 봉양리 359-2,517703229023,강원특별자치도 정선군 정선읍 정선로,1369,,4277025021103590001009501,,강원특별자치도 정선군 정선읍 정선로 1369,233804,26130,,,,128.666072806274,37.3800942789205
MA010120220808017550,풍년아그로,,G2,소매,G221,기타 상품 소매,G22199,그 외 기타 상품 전문 소매업,G47859,그 외 기타 분류 안된 상품 전문 소매업,36,세종특별자치시,36110,세종특별자치시,36110330,부강면,3611033021,부강면,3611033021104710003,1,대지,471,3,세종특별자치시 세종특별자치시 부강면 부강리 471-3,361104574726,세종특별자치시 세종특별자치시 부강면 시장길,22,,4371038021004710003029898,,세종특별자치시 세종특별자치시 부강면 시장길 22,339941,30075,,,,127.368497924347,36.5287320760583
MA010120220808041407,그린러쉬법인,,G2,소매,G221,기타 상품 소매,G22199,그 외 기타 상품 전문 소매업,G47859,그 외 기타 분류 안된 상품 전문 소매업,46,전라남도,46150,순천시,46150661,왕조1동,4615013200,왕지동,4615013200108630003,1,대지,863,3,전라남도 순천시 왕지동 863-3,461503283020,전라남도 순천시 왕지로,2,,4615013200108630003000001,소매점,전라남도 순천시 왕지로 2,540330,57932,,2,,127.522435450766,34.9696633967302
MA010120220808022596,고탁상회,,G2,소매,G221,기타 상품 소매,G22199,그 외 기타 상품 전문 소매업,G47859,그 외 기타 분류 안된 상품 전문 소매업,27,대구광역시,27200,남구,27200530,봉덕1동,2720010200,봉덕동,2720010200109530031,1,대지,953,31,대구광역시 남구 봉덕동 953-31,272003144007,대구광역시 남구 봉덕로,115,,2720010200109550010026984,,대구광역시 남구 봉덕로 115,705021,42439,,,,128.603415181217,35.8451048728665
MA010120220808007560,더심플,,G2,소매,G221,기타 상품 소매,G22199,그 외 기타 상품 전문 소매업,G47859,그 외 기타 분류 안된 상품 전문 소매업,41,경기도,41570,김포시,41570570,구래동,4157010900,구래동,4157010900168820006,1,대지,6882,6,경기도 김포시 구래동 6882-6,415703209172,경기도 김포시 김포한강9로,95,,4157010900168820006000001,센타프라자,경기도 김포시 김포한강9로 95,415080,10071,,,,126.625683260606,37.6451680292413
MA010120220808025582,살랑골산약초,,G2,소매,G221,기타 상품 소매,G22199,그 외 기타 상품 전문 소매업,G47859,그 외 기타 분류 안된 상품 전문 소매업,51,강원특별자치도,51810,인제군,51810320,북면,5181032022,북면,5181032022111220000,1,대지,1122,,강원특별자치도 인제군 북면 월학리 1122,518104499035,강원특별자치도 인제군 북면 냇강마을안길,58,1,4281032022011220000013088,,강원특별자치도 인제군 북면 냇강마을안길 58-1,252826,24610,,,,128.202314785253,38.1483713241383
MA010120220808038904,오륙도분식,,G2,소매,G221,기타 상품 소매,G22199,그 외 기타 상품 전문 소매업,G47859,그 외 기타 분류 안된 상품 전문 소매업,26,부산광역시,26290,남구,26290580,용호2동,2629010700,용호동,2629010700104950002,1,대지,495,2,부산광역시 남구 용호동 495-2,262904193234,부산광역시 남구 용호로177번길,10,,2629010700104950002010603,일부호,부산광역시 남구 용호로177번길 10,608092,48587,,1,,129.111687883805,35.1162308324488
MA010120220808023254,월드상사,,G2,소매,G221,기타 상품 소매,G22199,그 외 기타 상품 전문 소매업,G47859,그 외 기타 분류 안된 상품 전문 소매업,30,대전광역시,30170,서구,30170586,월평1동,3017011300,월평동,3017011300113940000,1,대지,1394,,대전광역시 서구 월평동 1394,301704298530,대전광역시 서구 월평새뜸로4번길,23,,3017011300113940000021266,,대전광역시 서구 월평새뜸로4번길 23,302852,35226,,1,,127.354919690383,36.3522806470072
MA010120220808033895,러브샵,,G2,소매,G221,기타 상품 소매,G22199,그 외 기타 상품 전문 소매업,G47859,그 외 기타 분류 안된 상품 전문 소매업,27,대구광역시,27170,서구,27170610,비산7동,2717010200,비산동,2717010200109270003,1,대지,927,3,대구광역시 서구 비산동 927-3,271704229120,대구광역시 서구 달서천로53길,15,,2717010200109270003025182,,대구광역시 서구 달서천로53길 15,703820,41721,,,,128.561947184959,35.885346735724
MA010120220808043182,에이스모가발,,G2,소매,G221,기타 상품 소매,G22199,그 외 기타 상품 전문 소매업,G47422,의복 액세서리 및 모조 장신구 소매업,41,경기도,41210,광명시,41210550,광명4동,4121010100,광명동,4121010100101580377,1,대지,158,377,경기도 광명시 광명동 158-377,412103000022,경기도 광명시 오리로,945,,4121010100101580377005058,광명시근린생활시설,경기도 광명시 오리로 945,423858,14263,,2,,126.857910318777,37.4781901543117
MA010120220808018434,가람산업안전,,G2,소매,G221,기타 상품 소매,G22199,그 외 기타 상품 전문 소매업,G47859,그 외 기타 분류 안된 상품 전문 소매업,41,경기도,41500,이천시,41500515,증포동,4150011000,송정동,4150011000101100001,1,대지,110,1,경기도 이천시 송정동 110-1,415004421760,경기도 이천시 증신로248번길,30,,4150011000101100001000001,,경기도 이천시 증신로248번길 30,467802,17345,,,,127.444776878112,37.294937592922
MA010120220808026037,신세계유통,,G2,소매,G221,기타 상품 소매,G22199,그 외 기타 상품 전문 소매업,G47859,그 외 기타 분류 안된 상품 전문 소매업,41,경기도,41590,화성시,41590262,남양읍,4159026229,남양읍,4159026229102200003,1,대지,220,3,경기도 화성시 남양읍 송림리 220-3,415903210128,경기도 화성시 남양읍 화성로,1280,,4159010900102200003005294,,경기도 화성시 남양읍 화성로 1280,445858,18258,,,,126.822923121666,37.2170519410022
MA010120220808008204,정석이앤지,,G2,소매,G221,기타 상품 소매,G22199,그 외 기타 상품 전문 소매업,G47859,그 외 기타 분류 안된 상품 전문 소매업,50,제주특별자치도,50110,제주시,50110530,이도1동,5011010300,이도일동,5011010300117890006,1,대지,1789,6,제주특별자치도 제주시 이도일동 1789-6,501103349184,제주특별자치도 제주시 중앙로,186,2,5011010300117890006021837,,제주특별자치도 제주시 중앙로 186-2,690828,63198,,,,126.527585388116,33.502304738578
MA010120220808034430,엔드리스제주지사,,G2,소매,G221,기타 상품 소매,G22199,그 외 기타 상품 전문 소매업,G47859,그 외 기타 분류 안된 상품 전문 소매업,50,제주특별자치도,50110,제주시,50110253,애월읍,5011025321,애월읍,5011025321140110000,1,대지,4011,,제주특별자치도 제주시 애월읍 광령리 4011,501104847105,제주특별자치도 제주시 애월읍 고성10길,37,1,5011025321140110000000002,엠지엠타운하우스,제주특별자치도 제주시 애월읍 고성10길 37-1,695900,63062,,,,126.422042802556,33.455623859945
MA010120220808040904,야누스가발,,G2,소매,G221,기타 상품 소매,G22199,그 외 기타 상품 전문 소매업,G47422,의복 액세서리 및 모조 장신구 소매업,30,대전광역시,30110,동구,30110515,중앙동,3011012000,중동,3011012000103170000,1,대지,317,,대전광역시 동구 중동 317,301103164033,대전광역시 동구 중앙로,200,,3011012000103170000022644,구지하상가,대전광역시 동구 중앙로 200,300733,34627,,,,127.431169457853,36.3306629930764
MA010120220808027022,기장밧데리,해운대,G2,소매,G221,기타 상품 소매,G22199,그 외 기타 상품 전문 소매업,G45212,자동차용 전용 신품 부품 판매업,26,부산광역시,26710,기장군,26710250,기장읍,2671025034,기장읍,2671025034103360001,1,대지,336,1,부산광역시 기장군 기장읍 내리 336-1,267102006018,부산광역시 기장군 기장읍 기장대로,111,3,2671025034103360001000002,,부산광역시 기장군 기장읍 기장대로 111-3,619902,46076,,,,129.207553400124,35.207203594016
MA010120220808053668,강화인삼센터,,G2,소매,G221,기타 상품 소매,G22199,그 외 기타 상품 전문 소매업,G47859,그 외 기타 분류 안된 상품 전문 소매업,28,인천광역시,28710,강화군,28710250,강화읍,2871025025,강화읍,2871025025108440001,1,대지,844,1,인천광역시 강화군 강화읍 갑곳리 844-1,287102157001,인천광역시 강화군 강화읍 강화대로,335,,2871025025108460000002454,강화인삼농협,인천광역시 강화군 강화읍 강화대로 335,417942,23027,,1,,126.492519372773,37.7422091046471
MA010120220808046105,황금약초원,,G2,소매,G221,기타 상품 소매,G22199,그 외 기타 상품 전문 소매업,G47859,그 외 기타 분류 안된 상품 전문 소매업,43,충청북도,43740,영동군,43740320,황간면,4374032031,황간면,4374032031102510000,1,대지,251,,충청북도 영동군 황간면 우천리 251,437404529452,충청북도 영동군 황간면 연화동길,28,,4374032031102510000002993,,충청북도 영동군 황간면 연화동길 28,370864,29112,,,,127.863523184895,36.2336633677534
MA010120220808070011,바다솔루션,,G2,소매,G221,기타 상품 소매,G22199,그 외 기타 상품 전문 소매업,G47859,그 외 기타 분류 안된 상품 전문 소매업,26,부산광역시,26350,해운대구,26350650,재송1동,2635010400,재송동,2635010400112090000,1,대지,1209,,부산광역시 해운대구 재송동 1209,263502006009,부산광역시 해운대구 센텀북대로,60,,2635010400112190000000001,센텀아이에스타워,부산광역시 해운대구 센텀북대로 60,612051,48059,,17,,129.125410327862,35.1766383496924
MA010120220808049065,이시스텍,,G2,소매,G221,기타 상품 소매,G22199,그 외 기타 상품 전문 소매업,G47859,그 외 기타 분류 안된 상품 전문 소매업,44,충청남도,44133,천안시 서북구,44133510,성정1동,4413310200,성정동,4413310200101960016,1,대지,196,16,충청남도 천안시 서북구 성정동 196-16,441333250053,충청남도 천안시 서북구 봉정로,116,,4413310200101960016054574,성정빌딩,충청남도 천안시 서북구 봉정로 116,331998,31145,,3,,127.141533307152,36.8124159856216
MA010120220808075322,정이엔지,,G2,소매,G221,기타 상품 소매,G22199,그 외 기타 상품 전문 소매업,G47859,그 외 기타 분류 안된 상품 전문 소매업,28,인천광역시,28200,남동구,28200521,구월3동,2820010100,구월동,2820010100113520005,1,대지,1352,5,인천광역시 남동구 구월동 1352-5,282004259358,인천광역시 남동구 문화서로28번길,13,27,2820010100113520005002482,,인천광역시 남동구 문화서로28번길 13-27,405840,21569,,,,126.696934298444,37.4489104838155
MA010120220808087148,반야,,G2,소매,G221,기타 상품 소매,G22199,그 외 기타 상품 전문 소매업,G47859,그 외 기타 분류 안된 상품 전문 소매업,48,경상남도,48240,사천시,48240595,남양동,4824012200,백천동,4824012200103960002,1,대지,396,2,경상남도 사천시 백천동 396-2,482404802258,경상남도 사천시 배천길,30,46,4824012200103960002010882,,경상남도 사천시 배천길 30-46,664090,52547,,,,128.07168171121,34.9922961700873
MA010120220808057456,위너스통상,,G2,소매,G221,기타 상품 소매,G22199,그 외 기타 상품 전문 소매업,G47859,그 외 기타 분류 안된 상품 전문 소매업,41,경기도,41360,남양주시,41360253,진접읍,4136025328,진접읍,4136025328111170000,1,대지,1117,,경기도 남양주시 진접읍 금곡리 1117,413603197065,경기도 남양주시 진접읍 해밀예당1로,272,,4136025328111170000000001,신안인스빌아파트,경기도 남양주시 진접읍 해밀예당1로 272,472838,12061,,,,127.207152107458,37.7226495113373
MA010120220808062184,명화이엔에스,,G2,소매,G221,기타 상품 소매,G22199,그 외 기타 상품 전문 소매업,G47859,그 외 기타 분류 안된 상품 전문 소매업,47,경상북도,47130,경주시,47130259,외동읍,4713025936,외동읍,4713025936102510000,1,대지,251,,경상북도 경주시 외동읍 문산리 251,471303305018,경상북도 경주시 외동읍 문구로,86,,4713025936102510000000001,,경상북도 경주시 외동읍 문구로 86,780826,38207,,,,129.313621432175,35.6859185376975
MA010120220808059979,대양,,G2,소매,G221,기타 상품 소매,G22199,그 외 기타 상품 전문 소매업,G47859,그 외 기타 분류 안된 상품 전문 소매업,26,부산광역시,26290,남구,26290580,용호2동,2629010700,용호동,2629010700105590016,1,대지,559,16,부산광역시 남구 용호동 559-16,262904193244,부산광역시 남구 용호로269번길,5,9,2629010700105590016011544,,부산광역시 남구 용호로269번길 5-9,608839,48593,,,,129.112264550861,35.1088312868466
MA010120220808046855,다누리,,G2,소매,G221,기타 상품 소매,G22199,그 외 기타 상품 전문 소매업,G47859,그 외 기타 분류 안된 상품 전문 소매업,41,경기도,41285,고양시 일산동구,41285551,백석1동,4128510600,백석동,4128510600112830001,1,대지,1283,1,경기도 고양시 일산동구 백석동 1283-1,412853193028,경기도 고양시 일산동구 일산로,67,,4128510600112830001003918,명성프라자,경기도 고양시 일산동구 일산로 67,410816,10446,,,,126.789009288593,37.6442847786993
MA010120220808055001,일신농약할인마트,,G2,소매,G221,기타 상품 소매,G22199,그 외 기타 상품 전문 소매업,G47859,그 외 기타 분류 안된 상품 전문 소매업,47,경상북도,47290,경산시,47290250,하양읍,4729025021,하양읍,4729025021104500000,1,대지,450,,경상북도 경산시 하양읍 금락리 450,472904739657,경상북도 경산시 하양읍 조산천서길,45,,4729025022105920050030088,,경상북도 경산시 하양읍 조산천서길 45,712902,38434,,,,128.820535967051,35.9159197471036
MA010120220808062849,삼대약초,,G2,소매,G221,기타 상품 소매,G22199,그 외 기타 상품 전문 소매업,G47859,그 외 기타 분류 안된 상품 전문 소매업,46,전라남도,46730,구례군,46730250,구례읍,4673025021,구례읍,4673025021101900001,1,대지,190,1,전라남도 구례군 구례읍 봉동리 190-1,467304664002,전라남도 구례군 구례읍 5일시장작은길,20,,4673025021101890005019723,5일시장,전라남도 구례군 구례읍 5일시장작은길 20,542804,57639,,,,127.470081085884,35.2101527921462
MA010120220808078830,창원당,,G2,소매,G221,기타 상품 소매,G22199,그 외 기타 상품 전문 소매업,G47811,의약품 및 의료용품 소매업,48,경상남도,48121,창원시 의창구,48121530,명곡동,4812112400,명서동,4812112400101410001,1,대지,141,1,경상남도 창원시 의창구 명서동 141-1,481214781215,경상남도 창원시 의창구 명지로94번길,4,17,4812112400101410001006042,,경상남도 창원시 의창구 명지로94번길 4-17,641814,51174,,1,,128.646808502855,35.2485944712085
MA010120220808065775,에스케이상사,,G2,소매,G221,기타 상품 소매,G22199,그 외 기타 상품 전문 소매업,G47859,그 외 기타 분류 안된 상품 전문 소매업,51,강원특별자치도,51230,삼척시,51230530,교동,5123010600,교동,5123010600100370003,1,대지,37,3,강원특별자치도 삼척시 교동 37-3,512304472016,강원특별자치도 삼척시 광진길,112,,4223010600100370003000002,,강원특별자치도 삼척시 광진길 112,245930,25910,,,,129.18285663391,37.4519384487497
MA010120220808063237,아름다운사람들,,G2,소매,G221,기타 상품 소매,G22199,그 외 기타 상품 전문 소매업,G47859,그 외 기타 분류 안된 상품 전문 소매업,44,충청남도,44133,천안시 서북구,44133530,쌍용1동,4413310700,쌍용동,4413310700111220000,1,대지,1122,,충청남도 천안시 서북구 쌍용동 1122,441334550196,충청남도 천안시 서북구 미라8길,4,,4413310700111220000056684,,충청남도 천안시 서북구 미라8길 4,331950,31155,,,,127.127722305551,36.8032763330913
MA010120220808071462,탑크로스이앤텍,,G2,소매,G221,기타 상품 소매,G22199,그 외 기타 상품 전문 소매업,G47859,그 외 기타 분류 안된 상품 전문 소매업,41,경기도,41271,안산시 상록구,41271515,이동,4127110200,이동,4127110200107140003,1,대지,714,3,경기도 안산시 상록구 이동 714-3,412713190010,경기도 안산시 상록구 광덕1로,355,,4127110200107140003043087,월드비지니스센터,경기도 안산시 상록구 광덕1로 355,426863,15494,,,,126.849073183148,37.3072734025231
MA010120220808076507,엠에스패션,,G2,소매,G221,기타 상품 소매,G22199,그 외 기타 상품 전문 소매업,G47859,그 외 기타 분류 안된 상품 전문 소매업,44,충청남도,44200,아산시,44200360,둔포면,4420036026,둔포면,4420036026100170003,1,대지,17,3,충청남도 아산시 둔포면 신항리 17-3,442004559795,충청남도 아산시 둔포면 해위안길,127,,4420036026100170003077943,퍼스트빌리지,충청남도 아산시 둔포면 해위안길 127,336873,31421,,1,,127.029058088233,36.8968130020438
MA010120220808069041,효인상사,,G2,소매,G221,기타 상품 소매,G22199,그 외 기타 상품 전문 소매업,G47859,그 외 기타 분류 안된 상품 전문 소매업,51,강원특별자치도,51750,영월군,51750380,무릉도원면,5175038021,무릉도원면,5175038021100310000,1,대지,31,,강원특별자치도 영월군 무릉도원면 무릉리 31,517504481090,강원특별자치도 영월군 무릉도원면 명마동길,212,2,4275037021100310000010403,,강원특별자치도 영월군 무릉도원면 명마동길 212-2,230862,26201,,,,128.294493271631,37.2956315183264
MA010120220808053308,시크릿박스,,G2,소매,G221,기타 상품 소매,G22199,그 외 기타 상품 전문 소매업,G47859,그 외 기타 분류 안된 상품 전문 소매업,41,경기도,41650,포천시,41650250,소흘읍,4165025024,소흘읍,4165025024100500002,1,대지,50,2,경기도 포천시 소흘읍 이곡리 50-2,416503012038,경기도 포천시 소흘읍 광릉수목원로,753,,4165025024100500002000001,,경기도 포천시 소흘읍 광릉수목원로 753,487829,11187,,,,127.154962204169,37.7706250969308
MA010120220808069310,금산인삼,,G2,소매,G221,기타 상품 소매,G22199,그 외 기타 상품 전문 소매업,G47859,그 외 기타 분류 안된 상품 전문 소매업,44,충청남도,44131,천안시 동남구,44131360,병천면,4413136022,병천면,4413136022102930016,1,대지,293,16,충청남도 천안시 동남구 병천면 병천리 293-16,441314547475,충청남도 천안시 동남구 병천면 아우내장터1길,33,,4413136022102930016048925,,충청남도 천안시 동남구 병천면 아우내장터1길 33,330861,31254,,,,127.297304123359,36.7614861214274
MA010120220808082102,켐로지스,,G2,소매,G221,기타 상품 소매,G22199,그 외 기타 상품 전문 소매업,G47859,그 외 기타 분류 안된 상품 전문 소매업,52,전북특별자치도,52130,군산시,52130710,소룡동,5213014700,오식도동,5213014700105040004,1,대지,504,4,전북특별자치도 군산시 오식도동 504-4,521303268057,전북특별자치도 군산시 서해로,495,,4513014700105040004000001,,전북특별자치도 군산시 서해로 495,573880,54001,,2,,126.552558597525,35.9707259357234
MA010120220808069407,국제상사,,G2,소매,G221,기타 상품 소매,G22199,그 외 기타 상품 전문 소매업,G47859,그 외 기타 분류 안된 상품 전문 소매업,29,광주광역시,29110,동구,29110740,지원2동,2911011900,소태동,2911011900106870000,1,대지,687,,광주광역시 동구 소태동 687,291103159003,광주광역시 동구 남문로,562,1,2911011900106870000014747,,광주광역시 동구 남문로 562-1,501829,61503,,1,,126.933463668231,35.1213438513097
MA010120220808050931,성도농약사,,G2,소매,G221,기타 상품 소매,G22199,그 외 기타 상품 전문 소매업,G47859,그 외 기타 분류 안된 상품 전문 소매업,47,경상북도,47920,봉화군,47920340,춘양면,4792034021,춘양면,4792034021104270014,1,대지,427,14,경상북도 봉화군 춘양면 의양리 427-14,479204772314,경상북도 봉화군 춘양면 의양로5길,2,,4792034021104270014003365,,경상북도 봉화군 춘양면 의양로5길 2,755847,36216,,,,128.912994210546,36.9347880831214
MA010120220808051035,으뜸탑바이오,,G2,소매,G221,기타 상품 소매,G22199,그 외 기타 상품 전문 소매업,G47859,그 외 기타 분류 안된 상품 전문 소매업,47,경상북도,47840,성주군,47840250,성주읍,4784025024,성주읍,4784025024106690066,1,대지,669,66,경상북도 성주군 성주읍 성산리 669-66,478404763212,경상북도 성주군 성주읍 성산7길,8,,4784025024106690066028232,좌측상가,경상북도 성주군 성주읍 성산7길 8,719804,40028,,1,,128.289350035682,35.9172313355151
MA010120220808114990,루브르,조치원점,G2,소매,G221,기타 상품 소매,G22199,그 외 기타 상품 전문 소매업,G47859,그 외 기타 분류 안된 상품 전문 소매업,36,세종특별자치시,36110,세종특별자치시,36110250,조치원읍,3611025021,조치원읍,3611025021100090021,1,대지,9,21,세종특별자치시 세종특별자치시 조치원읍 원리 9-21,361103258031,세종특별자치시 세종특별자치시 조치원읍 조치원로,9,2,4473025021100090021000001,,세종특별자치시 세종특별자치시 조치원읍 조치원로 9-2,339883,30023,,,,127.29782904559,36.6014986735454
MA010120220808122590,금산초재,,G2,소매,G221,기타 상품 소매,G22199,그 외 기타 상품 전문 소매업,G47859,그 외 기타 분류 안된 상품 전문 소매업,26,부산광역시,26110,중구,26110580,남포동,2611013600,남포동1가,2611013600100210006,1,대지,21,6,부산광역시 중구 남포동1가 21-6,261103006005,부산광역시 중구 구덕로,13,,2611013600100170003006029,,부산광역시 중구 구덕로 13,600041,48984,,1,,129.034320622897,35.0975754755809
MA010120220808088033,덕정사,,G2,소매,G221,기타 상품 소매,G22199,그 외 기타 상품 전문 소매업,G47859,그 외 기타 분류 안된 상품 전문 소매업,41,경기도,41281,고양시 덕양구,41281576,삼송1동,4128111100,삼송동,4128111100100470015,1,대지,47,15,경기도 고양시 덕양구 삼송동 47-15,412814376128,경기도 고양시 덕양구 삼송로193번길,71,,4128111100100420002025478,,경기도 고양시 덕양구 삼송로193번길 71,412080,10556,,,,126.893734327547,37.6560572763562
MA010120220808117954,참좋은,대리점,G2,소매,G221,기타 상품 소매,G22199,그 외 기타 상품 전문 소매업,G47859,그 외 기타 분류 안된 상품 전문 소매업,52,전북특별자치도,52140,익산시,52140350,성당면,5214035025,성당면,5214035025106900002,1,대지,690,2,전북특별자치도 익산시 성당면 두동리 690-2,521403269024,전북특별자치도 익산시 성당면 성당로,645,57,4514035025106900001006052,,전북특별자치도 익산시 성당면 성당로 645-57,570853,54504,,,,126.918189811448,36.1212620218956
MA010120220808101655,엑스웰니스,,G2,소매,G221,기타 상품 소매,G22199,그 외 기타 상품 전문 소매업,G47859,그 외 기타 분류 안된 상품 전문 소매업,51,강원특별자치도,51110,춘천시,51110630,효자2동,5111011200,효자동,5111011200106530012,1,대지,653,12,강원특별자치도 춘천시 효자동 653-12,511103218018,강원특별자치도 춘천시 서부대성로,160,1,4211011200106530012028724,전체,강원특별자치도 춘천시 서부대성로 160-1,200952,24330,,3,,127.736696540107,37.8761313682436
MA010120220808128722,에이치공구,,G2,소매,G221,기타 상품 소매,G22199,그 외 기타 상품 전문 소매업,G47859,그 외 기타 분류 안된 상품 전문 소매업,28,인천광역시,28110,중구,28110560,도원동,2811013200,도원동,2811013200100370020,1,대지,37,20,인천광역시 중구 도원동 37-20,281104247059,인천광역시 중구 도원로10번길,25,24,2811013200100370020140887,,인천광역시 중구 도원로10번길 25-24,400140,22329,,2,,126.637257897617,37.4665282857802
MA010120220808112883,산양산삼약초이야기,,G2,소매,G221,기타 상품 소매,G22199,그 외 기타 상품 전문 소매업,G47859,그 외 기타 분류 안된 상품 전문 소매업,43,충청북도,43111,청주시 상당구,43111720,용암1동,4311112400,용암동,4311112400125780000,1,대지,2578,,충청북도 청주시 상당구 용암동 2578,431114508510,충청북도 청주시 상당구 용암북로138번길,18,1,4311112400125780000041702,,충청북도 청주시 상당구 용암북로138번길 18-1,360812,28763,,4,,127.513400824795,36.6204186626366
MA010120220808120968,우표박사,,G2,소매,G221,기타 상품 소매,G22199,그 외 기타 상품 전문 소매업,G47859,그 외 기타 분류 안된 상품 전문 소매업,11,서울특별시,11140,중구,11140540,회현동,1114012400,충무로1가,1114012400100520041,1,대지,52,41,서울특별시 중구 충무로1가 52-41,111403101004,서울특별시 중구 소공로,58,,1114012200100010001000001,회현지하쇼핑센터,서울특별시 중구 소공로 58,100011,04535,,,,126.982060835234,37.5604006655827
MA010120220808088594,모단,코리아,G2,소매,G221,기타 상품 소매,G22199,그 외 기타 상품 전문 소매업,G47859,그 외 기타 분류 안된 상품 전문 소매업,44,충청남도,44770,서천군,44770410,서면,4477041024,서면,4477041024102630239,1,대지,263,239,충청남도 서천군 서면 부사리 263-239,447704580253,충청남도 서천군 서면 부원길,460,39,4477041024102630239023740,,충청남도 서천군 서면 부원길 460-39,325891,33600,,,,126.544407836766,36.1635822799417
MA010120220808107992,옷바웃골농장,,G2,소매,G221,기타 상품 소매,G22199,그 외 기타 상품 전문 소매업,G47859,그 외 기타 분류 안된 상품 전문 소매업,51,강원특별자치도,51770,정선군,51770250,정선읍,5177025030,정선읍,5177025030106220001,1,대지,622,1,강원특별자치도 정선군 정선읍 광하리 622-1,517704487106,강원특별자치도 정선군 정선읍 망하길,114,,4277025030106220001000001,,강원특별자치도 정선군 정선읍 망하길 114,233802,26133,,,,128.603753809267,37.3535947039503
MA010120220808105128,다와상사,,G2,소매,G221,기타 상품 소매,G22199,그 외 기타 상품 전문 소매업,G47859,그 외 기타 분류 안된 상품 전문 소매업,28,인천광역시,28260,서구,28260720,오류왕길동,2826012000,왕길동,2826012000100320001,1,대지,32,1,인천광역시 서구 왕길동 32-1,282602000013,인천광역시 서구 봉수대로,1244,,2826012000100320001026000,,인천광역시 서구 봉수대로 1244,404290,22673,,1,,126.661457077319,37.5872166830335
MA010120220808089019,영동불교사,,G2,소매,G221,기타 상품 소매,G22199,그 외 기타 상품 전문 소매업,G47859,그 외 기타 분류 안된 상품 전문 소매업,26,부산광역시,26170,동구,26170650,범일1동,2617010400,범일동,2617010400113090005,1,대지,1309,5,부산광역시 동구 범일동 1309-5,261704181170,부산광역시 동구 범곡북로3번길,17,,2617010400113090005007427,,부산광역시 동구 범곡북로3번길 17,601800,48722,,,,129.054631530377,35.1413900893352
MA010120220808121515,영광토탈써비스,,G2,소매,G221,기타 상품 소매,G22199,그 외 기타 상품 전문 소매업,G47859,그 외 기타 분류 안된 상품 전문 소매업,27,대구광역시,27170,서구,27170675,상중이동,2717010500,중리동,2717010500110300010,1,대지,1030,10,대구광역시 서구 중리동 1030-10,271703007001,대구광역시 서구 국채보상로,38,18,2717010500110300010029761,,대구광역시 서구 국채보상로 38-18,703833,41755,,,,128.535525236801,35.8669796211803
MA010120220808094429,제이원소방,,G2,소매,G221,기타 상품 소매,G22199,그 외 기타 상품 전문 소매업,G47859,그 외 기타 분류 안된 상품 전문 소매업,41,경기도,41192,부천시 원미구,41192630,중1동,4119210800,중동,4119210800111490002,1,대지,1149,2,경기도 부천시 원미구 중동 1149-2,411923000065,경기도 부천시 원미구 길주로,252,,4119510800111490002022781,금광베네스타,경기도 부천시 원미구 길주로 252,420852,14548,,9,,126.770214781449,37.5032262497676
MA010120220808105504,화산종묘농약사,,G2,소매,G221,기타 상품 소매,G22199,그 외 기타 상품 전문 소매업,G47859,그 외 기타 분류 안된 상품 전문 소매업,41,경기도,41590,화성시,41590570,화산동,4159012600,안녕동,4159012600100190001,1,대지,19,1,경기도 화성시 안녕동 19-1,415903210084,경기도 화성시 용주로,16,,4159012600000190001017016,,경기도 화성시 용주로 16,445380,18360,,,,127.015016069224,37.2054877204416
MA010120220808113871,라온농원,,G2,소매,G221,기타 상품 소매,G22199,그 외 기타 상품 전문 소매업,G47859,그 외 기타 분류 안된 상품 전문 소매업,43,충청북도,43750,진천군,43750250,진천읍,4375025024,진천읍,4375025024104710030,1,대지,471,30,충청북도 진천군 진천읍 읍내리 471-30,437504535080,충청북도 진천군 진천읍 대촌3길,21,,4375025024104710030034457,,충청북도 진천군 진천읍 대촌3길 21,365807,27849,,1,,127.443330831087,36.8618651021884
MA010120220808124430,대신인삼,,G2,소매,G221,기타 상품 소매,G22199,그 외 기타 상품 전문 소매업,G47859,그 외 기타 분류 안된 상품 전문 소매업,47,경상북도,47210,영주시,47210250,풍기읍,4721025022,풍기읍,4721025022104960002,1,대지,496,2,경상북도 영주시 풍기읍 동부리 496-2,472104727080,경상북도 영주시 풍기읍 기주로46번길,12,4,4721025022104960002013000,영남타운,경상북도 영주시 풍기읍 기주로46번길 12-4,750803,36034,,,,128.531443084946,36.8686652756915
MA010120220808089701,그린마대천막,,G2,소매,G221,기타 상품 소매,G22199,그 외 기타 상품 전문 소매업,G47859,그 외 기타 분류 안된 상품 전문 소매업,27,대구광역시,27710,달성군,27710380,구지면,2771038024,구지면,2771038024100020008,1,대지,2,8,대구광역시 달성군 구지면 가천리 2-8,277103341009,대구광역시 달성군 구지면 테크노순환로,6,,2771038024100020008025617,,대구광역시 달성군 구지면 테크노순환로 6,711891,42993,,,,128.448131752722,35.6725728850253
MA010120220808124626,신농민농약사,,G2,소매,G221,기타 상품 소매,G22199,그 외 기타 상품 전문 소매업,G47859,그 외 기타 분류 안된 상품 전문 소매업,44,충청남도,44760,부여군,44760250,부여읍,4476025032,부여읍,4476025032103880002,1,대지,388,2,충청남도 부여군 부여읍 구교리 388-2,447603259115,충청남도 부여군 부여읍 성왕로,160,26,4476025032103880002021587,,충청남도 부여군 부여읍 성왕로 160-26,323804,33144,,1,,126.907296026417,36.2789286096999
MA010120220808108846,초심남구,,G2,소매,G221,기타 상품 소매,G22199,그 외 기타 상품 전문 소매업,G47859,그 외 기타 분류 안된 상품 전문 소매업,27,대구광역시,27200,남구,27200640,대명9동,2720010300,대명동,2720010300104590017,1,대지,459,17,대구광역시 남구 대명동 459-17,272004232331,대구광역시 남구 큰골길,99,,2720010300104590017014198,,대구광역시 남구 큰골길 99,705803,42452,,,,128.581521475084,35.836680969522
MA010120220808121926,케이에이케미칼,,G2,소매,G221,기타 상품 소매,G22199,그 외 기타 상품 전문 소매업,G47859,그 외 기타 분류 안된 상품 전문 소매업,28,인천광역시,28140,동구,28140570,송현3동,2814010300,송현동,2814010300101290000,1,대지,129,,인천광역시 동구 송현동 129,281404250066,인천광역시 동구 방축로37번길,30,,2814010300101290000001672,인천산업용품유통단지,인천광역시 동구 방축로37번길 30,401704,22530,,,,126.652754921392,37.4861987386311
MA010120220808127310,경남석재,,G2,소매,G221,기타 상품 소매,G22199,그 외 기타 상품 전문 소매업,G47859,그 외 기타 분류 안된 상품 전문 소매업,48,경상남도,48730,함안군,48730320,군북면,4873032022,군북면,4873032022102870007,1,대지,287,7,경상남도 함안군 군북면 중암리 287-7,487302330001,경상남도 함안군 군북면 함마대로,741,,4873032022102870007054346,,경상남도 함안군 군북면 함마대로 741,637822,52066,,,,128.342083527901,35.266201704188
MA010120220808127585,도도산업,,G2,소매,G221,기타 상품 소매,G22199,그 외 기타 상품 전문 소매업,G47859,그 외 기타 분류 안된 상품 전문 소매업,27,대구광역시,27260,수성구,27260602,황금2동,2726010700,황금동,2726010700105890000,1,대지,589,,대구광역시 수성구 황금동 589,272604238405,대구광역시 수성구 청수로31길,10,8,2726010700105890000000001,,대구광역시 수성구 청수로31길 10-8,706852,42110,,,,128.626120777452,35.8404832173356
MA010120220808098033,영화상사,,G2,소매,G221,기타 상품 소매,G22199,그 외 기타 상품 전문 소매업,G45220,자동차 중고 부품 및 내장품 판매업,41,경기도,41111,수원시 장안구,41111580,영화동,4111113400,영화동,4111113400100870000,1,대지,87,,경기도 수원시 장안구 영화동 87,411112012008,경기도 수원시 장안구 경수대로,823,,4111113400100870000042178,,경기도 수원시 장안구 경수대로 823,440816,16267,,,,127.016353341258,37.2947630104809
MA010120220808114446,커버박스,봉명점,G2,소매,G221,기타 상품 소매,G22199,그 외 기타 상품 전문 소매업,G47859,그 외 기타 분류 안된 상품 전문 소매업,30,대전광역시,30200,유성구,30200530,온천1동,3020011100,봉명동,3020011100106150004,1,대지,615,4,대전광역시 유성구 봉명동 615-4,302003167083,대전광역시 유성구 대학로,50,,3020011100106150004000001,미담빌딩,대전광역시 유성구 대학로 50,305301,34185,,,,127.343491889214,36.3579193538619
MA010120220808120017,전국열쇠이마트월계점,,G2,소매,G221,기타 상품 소매,G22199,그 외 기타 상품 전문 소매업,S95393,"시계, 귀금속 및 악기 수리업",11,서울특별시,11350,노원구,11350580,월계3동,1135010200,월계동,1135010200103330001,1,대지,333,1,서울특별시 노원구 월계동 333-1,113504130262,서울특별시 노원구 마들로3길,15,,1135010200103330001018859,열쇠도장코너월계이마트,서울특별시 노원구 마들로3길 15,139842,01906,,3,,127.061987368585,37.6265095366332
MA010120220808127684,금강불교사,,G2,소매,G221,기타 상품 소매,G22199,그 외 기타 상품 전문 소매업,G47859,그 외 기타 분류 안된 상품 전문 소매업,11,서울특별시,11590,동작구,11590530,상도1동,1159010200,상도동,1159010200101590027,1,대지,159,27,서울특별시 동작구 상도동 159-27,115903119005,서울특별시 동작구 상도로,308,,1159010200101590027029318,,서울특별시 동작구 상도로 308,156836,07032,,,,126.949663571177,37.5003575756652
MA010120220808095442,풍기인삼상회,,G2,소매,G221,기타 상품 소매,G22199,그 외 기타 상품 전문 소매업,G47859,그 외 기타 분류 안된 상품 전문 소매업,47,경상북도,47210,영주시,47210250,풍기읍,4721025029,풍기읍,4721025029101410004,1,대지,141,4,경상북도 영주시 풍기읍 서부리 141-4,472103309053,경상북도 영주시 풍기읍 인삼로,11,,4721025029101410004011713,,경상북도 영주시 풍기읍 인삼로 11,750805,36025,,,,128.524164766578,36.8725971671131
MA010120220808114584,만평불교사,,G2,소매,G221,기타 상품 소매,G22199,그 외 기타 상품 전문 소매업,G47859,그 외 기타 분류 안된 상품 전문 소매업,27,대구광역시,27170,서구,27170610,비산7동,2717010200,비산동,2717010200112580001,1,대지,1258,1,대구광역시 서구 비산동 1258-1,271704229116,대구광역시 서구 달서천로41길,82,,2717010200112580001029445,,대구광역시 서구 달서천로41길 82,703820,41713,,,,128.562273947151,35.8884514356527
MA010120220808120244,남원종합농약,,G2,소매,G221,기타 상품 소매,G22199,그 외 기타 상품 전문 소매업,G47859,그 외 기타 분류 안된 상품 전문 소매업,52,전북특별자치도,52190,남원시,52190550,금동,5219010600,금동,5219010600103850000,1,대지,385,,전북특별자치도 남원시 금동 385,521903271005,전북특별자치도 남원시 금동로,67,,4519010600103850000070253,,전북특별자치도 남원시 금동로 67,590981,55766,,,,127.371216488856,35.4048413181264
MA010120220808156549,구백안전,,G2,소매,G221,기타 상품 소매,G22199,그 외 기타 상품 전문 소매업,G47859,그 외 기타 분류 안된 상품 전문 소매업,48,경상남도,48170,진주시,48170678,하대동,4817012000,하대동,4817012000101240003,1,대지,124,3,경상남도 진주시 하대동 124-3,481703332017,경상남도 진주시 도동천로,210,,4817012000101240003011573,,경상남도 진주시 도동천로 210,660995,52776,,,,128.120023186457,35.1869305749611
MA010120220808153415,러브하우스,,G2,소매,G221,기타 상품 소매,G22199,그 외 기타 상품 전문 소매업,G47859,그 외 기타 분류 안된 상품 전문 소매업,50,제주특별자치도,50110,제주시,50110550,삼도1동,5011010500,삼도일동,5011010500105790009,1,대지,579,9,제주특별자치도 제주시 삼도일동 579-9,501103349090,제주특별자치도 제주시 서광로,248,,5011010500105790009028997,,제주특별자치도 제주시 서광로 248,690846,63186,,,,126.522865485661,33.4995187649628
MA010120220808167131,한도머니,,G2,소매,G221,기타 상품 소매,G22199,그 외 기타 상품 전문 소매업,G47859,그 외 기타 분류 안된 상품 전문 소매업,11,서울특별시,11230,동대문구,11230730,휘경2동,1123010900,휘경동,1123010900102860130,1,대지,286,130,서울특별시 동대문구 휘경동 286-130,112304115118,서울특별시 동대문구 망우로18가길,43,9,1123010900102860130006633,,서울특별시 동대문구 망우로18가길 43-9,130878,02498,,,,127.061219849592,37.5884611486607
MA010120220808150743,팜엔코포천,대리점,G2,소매,G221,기타 상품 소매,G22199,그 외 기타 상품 전문 소매업,G47859,그 외 기타 분류 안된 상품 전문 소매업,41,경기도,41650,포천시,41650320,내촌면,4165032021,내촌면,4165032021102570009,1,대지,257,9,경기도 포천시 내촌면 진목리 257-9,416504439747,경기도 포천시 내촌면 포천로427번길,12,,4165032021102570000000001,,경기도 포천시 내촌면 포천로427번길 12,487836,11190,,,,127.21054171198,37.8140642736549
MA010120220808134228,하늘정원,,G2,소매,G221,기타 상품 소매,G22199,그 외 기타 상품 전문 소매업,G47859,그 외 기타 분류 안된 상품 전문 소매업,43,충청북도,43111,청주시 상당구,43111330,가덕면,4311133025,가덕면,4311133025104440005,1,대지,444,5,충청북도 청주시 상당구 가덕면 상대리 444-5,431113240004,충청북도 청주시 상당구 가덕면 고은두산로,362,28,4371033026004440005070449,,충청북도 청주시 상당구 가덕면 고은두산로 362-28,360852,28191,,1,,127.522407145276,36.5452068516708
MA010120220808150817,스튜디오물,,G2,소매,G221,기타 상품 소매,G22199,그 외 기타 상품 전문 소매업,G47859,그 외 기타 분류 안된 상품 전문 소매업,48,경상남도,48250,김해시,48250520,회현동,4825010400,봉황동,4825010400100250003,1,대지,25,3,경상남도 김해시 봉황동 25-3,482504805012,경상남도 김해시 가락로23번길,21,,4825010400100250003054920,,경상남도 김해시 가락로23번길 21,621040,50926,,1,,128.880094965401,35.2281707939291
MA010120220808157136,부부유통,,G2,소매,G221,기타 상품 소매,G22199,그 외 기타 상품 전문 소매업,G47859,그 외 기타 분류 안된 상품 전문 소매업,41,경기도,41590,화성시,41590360,팔탄면,4159036028,팔탄면,4159036028103610002,1,대지,361,2,경기도 화성시 팔탄면 덕천리 361-2,415903210082,경기도 화성시 팔탄면 온천로,273,,4159036028103610002000001,,경기도 화성시 팔탄면 온천로 273,445919,18577,,,,126.871460808841,37.1431920606292
MA010120220808132085,컨텍스트,,G2,소매,G221,기타 상품 소매,G22199,그 외 기타 상품 전문 소매업,G47859,그 외 기타 분류 안된 상품 전문 소매업,41,경기도,41820,가평군,41820330,상면,4182033029,상면,4182033029101010023,1,대지,101,23,경기도 가평군 상면 봉수리 101-23,418203216018,경기도 가평군 상면 봉수로,40,63,4182033029101010023000001,,경기도 가평군 상면 봉수로 40-63,477822,12440,,,,127.287645890226,37.8501375366181
MA010120220808134762,케이디종합안전물산,,G2,소매,G221,기타 상품 소매,G22199,그 외 기타 상품 전문 소매업,G47859,그 외 기타 분류 안된 상품 전문 소매업,48,경상남도,48820,고성군,48820330,하이면,4882033021,하이면,4882033021105100004,1,대지,510,4,경상남도 고성군 하이면 덕호리 510-4,488203342032,경상남도 고성군 하이면 하이로,272,,4882033021105100004000001,,경상남도 고성군 하이면 하이로 272,638932,52961,,1,,128.122606553817,34.9301399225751
MA010120220808138256,오곡농약사,,G2,소매,G221,기타 상품 소매,G22199,그 외 기타 상품 전문 소매업,G47859,그 외 기타 분류 안된 상품 전문 소매업,46,전라남도,46720,곡성군,46720310,오곡면,4672031021,오곡면,4672031021104530000,1,대지,453,,전라남도 곡성군 오곡면 오지리 453,467203287005,전라남도 곡성군 오곡면 기차마을로,127,,4672031021104530000007261,,전라남도 곡성군 오곡면 기차마을로 127,516821,57544,,,,127.315089412067,35.2705135333009
MA010120220808166103,대한불교사,,G2,소매,G221,기타 상품 소매,G22199,그 외 기타 상품 전문 소매업,G47859,그 외 기타 분류 안된 상품 전문 소매업,44,충청남도,44131,천안시 동남구,44131510,중앙동,4413110500,영성동,4413110500100750001,1,대지,75,1,충청남도 천안시 동남구 영성동 75-1,441313249040,충청남도 천안시 동남구 중앙로,39,,4413110500100750001022573,,충청남도 천안시 동남구 중앙로 39,330050,31131,,,,127.15275299334,36.801877129246
MA010120220808161091,친구상사,,G2,소매,G221,기타 상품 소매,G22199,그 외 기타 상품 전문 소매업,G47859,그 외 기타 분류 안된 상품 전문 소매업,41,경기도,41670,여주시,41670530,오학동,4167012200,현암동,4167012200102110001,1,대지,211,1,경기도 여주시 현암동 211-1,416703196001,경기도 여주시 강변북로,81,,4167012200102110001000001,,경기도 여주시 강변북로 81,469121,12639,,,,127.641017416924,37.3031918287545
MA010120220808138799,호맥,재송점,G2,소매,G221,기타 상품 소매,G22199,그 외 기타 상품 전문 소매업,G47859,그 외 기타 분류 안된 상품 전문 소매업,26,부산광역시,26350,해운대구,26350650,재송1동,2635010400,재송동,2635010400110800007,1,대지,1080,7,부산광역시 해운대구 재송동 1080-7,263503133036,부산광역시 해운대구 재송1로,54,,2635010400110800007005263,호맥,부산광역시 해운대구 재송1로 54,612831,48055,,1,,129.123717401953,35.1874998386316
MA010120220808169199,안전산업,,G2,소매,G221,기타 상품 소매,G22199,그 외 기타 상품 전문 소매업,G47859,그 외 기타 분류 안된 상품 전문 소매업,41,경기도,41590,화성시,41590360,팔탄면,4159036024,팔탄면,4159036024102780002,1,대지,278,2,경기도 화성시 팔탄면 가재리 278-2,415903012004,경기도 화성시 팔탄면 삼천병마로,547,,4159036024102790000007601,,경기도 화성시 팔탄면 삼천병마로 547,445911,18533,,1,,126.928141035188,37.1583327163629
MA010120220807862870,대원불교사,,G2,소매,G221,기타 상품 소매,G22199,그 외 기타 상품 전문 소매업,G47859,그 외 기타 분류 안된 상품 전문 소매업,46,전라남도,46150,순천시,46150610,장천동,4615011900,장천동,4615011900100270040,1,대지,27,40,전라남도 순천시 장천동 27-40,461503283024,전라남도 순천시 이수로,7,2,4615011900100270040011120,,전라남도 순천시 이수로 7-2,540960,57956,,,,127.488873018753,34.947494032869
MA010120220807873767,비젼농자재,,G2,소매,G221,기타 상품 소매,G22199,그 외 기타 상품 전문 소매업,G47859,그 외 기타 분류 안된 상품 전문 소매업,46,전라남도,46780,보성군,46780370,조성면,4678037031,조성면,4678037031102760000,1,대지,276,,전라남도 보성군 조성면 동촌리 276,467804856951,전라남도 보성군 조성면 예당호동길,32,11,4678037031102760000000001,,전라남도 보성군 조성면 예당호동길 32-11,546912,59435,,,,127.199850659495,34.7832126646066
MA010120220807879985,한들,,G2,소매,G221,기타 상품 소매,G22199,그 외 기타 상품 전문 소매업,G47859,그 외 기타 분류 안된 상품 전문 소매업,47,경상북도,47150,김천시,47150380,대항면,4715038027,대항면,4715038027102060041,1,대지,206,41,경상북도 김천시 대항면 복전리 206-41,471504718398,경상북도 김천시 대항면 복전길,67,,4715038027102060041007922,,경상북도 김천시 대항면 복전길 67,740813,39564,,,,128.028935660932,36.1314159698052
MA010120220807865051,백운불교사,,G2,소매,G221,기타 상품 소매,G22199,그 외 기타 상품 전문 소매업,G47859,그 외 기타 분류 안된 상품 전문 소매업,46,전라남도,46230,광양시,46230250,광양읍,4623025025,광양읍,4623025025108460006,1,대지,846,6,전라남도 광양시 광양읍 목성리 846-6,462303283034,전라남도 광양시 광양읍 매천로,864,,4623025025108460006013546,,전라남도 광양시 광양읍 매천로 864,545803,57751,,,,127.589360107022,34.9739179830449
MA010120220807869717,남양상사,,G2,소매,G221,기타 상품 소매,G22199,그 외 기타 상품 전문 소매업,G47859,그 외 기타 분류 안된 상품 전문 소매업,46,전라남도,46230,광양시,46230250,광양읍,4623025023,광양읍,4623025023109280006,1,대지,928,6,전라남도 광양시 광양읍 칠성리 928-6,462304655068,전라남도 광양시 광양읍 남등1길,52,,4623025023109280006043495,,전라남도 광양시 광양읍 남등1길 52,545809,57739,,,,127.578535032465,34.9746460674932
MA010120220807869809,마스터캘리포토그라피,,G2,소매,G221,기타 상품 소매,G22199,그 외 기타 상품 전문 소매업,G47859,그 외 기타 분류 안된 상품 전문 소매업,46,전라남도,46150,순천시,46150310,해룡면,4615031022,해룡면,4615031022120380005,1,대지,2038,5,전라남도 순천시 해룡면 신대리 2038-5,461503283041,전라남도 순천시 해룡면 신대로,12,,4615031022120380005000001,,전라남도 순천시 해룡면 신대로 12,540853,58016,,,,127.551759053817,34.9270608373449
MA010120220807869812,청솔원예사,,G2,소매,G221,기타 상품 소매,G22199,그 외 기타 상품 전문 소매업,G47859,그 외 기타 분류 안된 상품 전문 소매업,46,전라남도,46150,순천시,46150635,도사동,4615012700,덕월동,4615012700109080001,1,대지,908,1,전라남도 순천시 덕월동 908-1,461504649585,전라남도 순천시 신곡길,1,,4615012700109080001008987,,전라남도 순천시 신곡길 1,540943,57997,,,,127.484089183545,34.9214271948197
MA010120220807863518,모터치,,G2,소매,G221,기타 상품 소매,G22199,그 외 기타 상품 전문 소매업,G47422,의복 액세서리 및 모조 장신구 소매업,46,전라남도,46150,순천시,46150570,덕연동,4615011400,연향동,4615011400113700019,1,대지,1370,19,전라남도 순천시 연향동 1370-19,461504649909,전라남도 순천시 장자보3길,34,,4615011400113700019056518,,전라남도 순천시 장자보3길 34,540954,57979,,2,,127.515096729178,34.9465744241766
MA010120220807874702,양키캔들,순천점,G2,소매,G221,기타 상품 소매,G22199,그 외 기타 상품 전문 소매업,G47813,"화장품, 비누 및 방향제 소매업",46,전라남도,46150,순천시,46150661,왕조1동,4615013200,왕지동,4615013200108630003,1,대지,863,3,전라남도 순천시 왕지동 863-3,461503283020,전라남도 순천시 왕지로,2,,4615013200108630003000001,K,전라남도 순천시 왕지로 2,540330,57932,,1,,127.522435450766,34.9696633967302
MA010120220807870082,구례남원삼성설비누수,,G2,소매,G221,기타 상품 소매,G22199,그 외 기타 상품 전문 소매업,G47859,그 외 기타 분류 안된 상품 전문 소매업,46,전라남도,46730,구례군,46730250,구례읍,4673025030,구례읍,4673025030100890002,1,대지,89,2,전라남도 구례군 구례읍 봉북리 89-2,467303288009,전라남도 구례군 구례읍 봉성로,103,1,4673025030100890002016994,,전라남도 구례군 구례읍 봉성로 103-1,542802,57649,,,,127.464532352658,35.2116163552243
MA010120220807876949,웅이만물,,G2,소매,G221,기타 상품 소매,G22199,그 외 기타 상품 전문 소매업,G47859,그 외 기타 분류 안된 상품 전문 소매업,46,전라남도,46150,순천시,46150590,남제동,4615011600,남정동,4615011600105300014,1,대지,530,14,전라남도 순천시 남정동 530-14,461504649514,전라남도 순천시 성남공원길,5,,4615011600105300014028930,,전라남도 순천시 성남공원길 5,540942,57959,,,,127.488856393049,34.9410041610386
MA010120220807865862,상태불교만물상,,G2,소매,G221,기타 상품 소매,G22199,그 외 기타 상품 전문 소매업,G47859,그 외 기타 분류 안된 상품 전문 소매업,46,전라남도,46150,순천시,46150540,매곡동,4615010700,매곡동,4615010700101180005,1,대지,118,5,전라남도 순천시 매곡동 118-5,461503283038,전라남도 순천시 중앙로,162,,4615010700101180005071435,,전라남도 순천시 중앙로 162,540947,57939,,,,127.484579133555,34.9600764633248
MA010120220807879048,금강서적，용품점,,G2,소매,G221,기타 상품 소매,G22199,그 외 기타 상품 전문 소매업,G47859,그 외 기타 분류 안된 상품 전문 소매업,46,전라남도,46150,순천시,46150250,승주읍,4615025032,승주읍,4615025032108020000,1,대지,802,,전라남도 순천시 승주읍 죽학리 802,461504649504,전라남도 순천시 승주읍 선암사길,450,,4615025032100480001022227,선암사경내용품점,전라남도 순천시 승주읍 선암사길 450,540802,57909,,,,127.327354117859,34.9961885356453
MA010120220807879377,영생당한약약업사,,G2,소매,G221,기타 상품 소매,G22199,그 외 기타 상품 전문 소매업,G47859,그 외 기타 분류 안된 상품 전문 소매업,46,전라남도,46150,순천시,46150340,월등면,4615034022,월등면,4615034022100700004,1,대지,70,4,전라남도 순천시 월등면 농선리 70-4,461503283022,전라남도 순천시 월등면 월등로,1029,,4615034022100700004073365,,전라남도 순천시 월등면 월등로 1029,540832,57902,,,,127.42730612843,35.1033659434319
MA010120220807868535,선각당,,G2,소매,G221,기타 상품 소매,G22199,그 외 기타 상품 전문 소매업,G47859,그 외 기타 분류 안된 상품 전문 소매업,46,전라남도,46150,순천시,46150250,승주읍,4615025032,승주읍,4615025032108020000,1,대지,802,,전라남도 순천시 승주읍 죽학리 802,461504649504,전라남도 순천시 승주읍 선암사길,450,,4615025032100480001022227,,전라남도 순천시 승주읍 선암사길 450,540802,57909,,,,127.327354117859,34.9961885356453
MA010120220807864143,지야물산,,G2,소매,G221,기타 상품 소매,G22199,그 외 기타 상품 전문 소매업,G47859,그 외 기타 분류 안된 상품 전문 소매업,29,광주광역시,29200,광산구,29200626,첨단2동,2920011700,산월동,2920011700104180003,1,대지,418,3,광주광역시 광산구 산월동 418-3,292003163049,광주광역시 광산구 첨단월봉로,100,,2920011700104180003044435,,광주광역시 광산구 첨단월봉로 100,506305,62272,,,,126.849448202016,35.206419908003
MA010120220807872062,아래농약사,,G2,소매,G221,기타 상품 소매,G22199,그 외 기타 상품 전문 소매업,G47859,그 외 기타 분류 안된 상품 전문 소매업,46,전라남도,46150,순천시,46150580,풍덕동,4615011500,풍덕동,4615011500112600007,1,대지,1260,7,전라남도 순천시 풍덕동 1260-7,461503283029,전라남도 순천시 팔마로,45,,4615011500112600007011274,,전라남도 순천시 팔마로 45,540972,57960,,,,127.493355968074,34.9465925563739
MA010120220807862584,21세기,,G2,소매,G221,기타 상품 소매,G22199,그 외 기타 상품 전문 소매업,G47859,그 외 기타 분류 안된 상품 전문 소매업,41,경기도,41570,김포시,41570256,양촌읍,4157025622,양촌읍,4157025622104870001,1,대지,487,1,경기도 김포시 양촌읍 누산리 487-1,415702209001,경기도 김포시 양촌읍 김포대로,1610,,4157032022104870001002248,,경기도 김포시 양촌읍 김포대로 1610,415842,10053,,1,,126.658925117285,37.6631532397619
MA010120220807864573,이태리샵,,G2,소매,G221,기타 상품 소매,G22199,그 외 기타 상품 전문 소매업,G47859,그 외 기타 분류 안된 상품 전문 소매업,46,전라남도,46150,순천시,46150610,장천동,4615011900,장천동,4615011900100860002,1,대지,86,2,전라남도 순천시 장천동 86-2,461503283024,전라남도 순천시 이수로,35,,4615011900100860002069389,,전라남도 순천시 이수로 35,540960,57956,,,,127.491267138658,34.9487733471157
MA010120220807869236,고흥장갑,,G2,소매,G221,기타 상품 소매,G22199,그 외 기타 상품 전문 소매업,G47422,의복 액세서리 및 모조 장신구 소매업,46,전라남도,46770,고흥군,46770253,도양읍,4677025324,도양읍,4677025324127830003,1,대지,2783,3,전라남도 고흥군 도양읍 봉암리 2783-3,467703289018,전라남도 고흥군 도양읍 비봉로,154,,4677025324127830003063665,,전라남도 고흥군 도양읍 비봉로 154,548907,59557,,,,127.134887688668,34.5276193214929
MA010120220807869259,오복유통,,G2,소매,G221,기타 상품 소매,G22199,그 외 기타 상품 전문 소매업,G47859,그 외 기타 분류 안된 상품 전문 소매업,46,전라남도,46230,광양시,46230250,광양읍,4623025024,광양읍,4623025024102750005,1,대지,275,5,전라남도 광양시 광양읍 읍내리 275-5,462304655077,전라남도 광양시 광양읍 남문길,98,,4623025024102750005045013,,전라남도 광양시 광양읍 남문길 98,545805,57743,,,,127.586062242326,34.9752138908565
MA010120220807883057,솜리만물사,,G2,소매,G221,기타 상품 소매,G22199,그 외 기타 상품 전문 소매업,G47859,그 외 기타 분류 안된 상품 전문 소매업,52,전북특별자치도,52140,익산시,52140570,동산동,5214011100,동산동,5214011100110470002,1,대지,1047,2,전북특별자치도 익산시 동산동 1047-2,521404607619,전북특별자치도 익산시 서동로8길,33,,4514011100110470002073386,,전북특별자치도 익산시 서동로8길 33,570960,54609,,1,,126.961968200829,35.9326655642902
MA010120220807883080,해인바이오,,G2,소매,G221,기타 상품 소매,G22199,그 외 기타 상품 전문 소매업,G47859,그 외 기타 분류 안된 상품 전문 소매업,47,경상북도,47250,상주시,47250430,외서면,4725043025,외서면,4725043025101400004,1,대지,140,4,경상북도 상주시 외서면 봉강리 140-4,472503311075,경상북도 상주시 외서면 우산로,287,,4725043025101400004003050,,경상북도 상주시 외서면 우산로 287,742921,37135,,,,128.137600892801,36.4709179226339
MA010120220807897728,법인청산,,G2,소매,G221,기타 상품 소매,G22199,그 외 기타 상품 전문 소매업,G47859,그 외 기타 분류 안된 상품 전문 소매업,46,전라남도,46770,고흥군,46770370,점암면,4677037021,점암면,4677037021103580001,1,대지,358,1,전라남도 고흥군 점암면 천학리 358-1,467703289034,전라남도 고흥군 점암면 해창로,589,,4677037021103580001038041,,전라남도 고흥군 점암면 해창로 589,548813,59519,,,,127.377191510695,34.6287666680382
MA010120220807897792,순천황우,,G2,소매,G221,기타 상품 소매,G22199,그 외 기타 상품 전문 소매업,G47859,그 외 기타 분류 안된 상품 전문 소매업,46,전라남도,46150,순천시,46150340,월등면,4615034030,월등면,4615034030102740001,1,대지,274,1,전라남도 순천시 월등면 월림리 274-1,461504649187,전라남도 순천시 월등면 당산길,23,,4615034030102740001000001,,전라남도 순천시 월등면 당산길 23,540831,57902,,,,127.39649875516,35.0810897837437
MA010120220807900371,유한책임회사하이모,순천지점,G2,소매,G221,기타 상품 소매,G22199,그 외 기타 상품 전문 소매업,G47422,의복 액세서리 및 모조 장신구 소매업,46,전라남도,46150,순천시,46150570,덕연동,4615011400,연향동,4615011400116840004,1,대지,1684,4,전라남도 순천시 연향동 1684-4,461503283029,전라남도 순천시 팔마로,326,,4615011400116840004000001,하이모빌딩,전라남도 순천시 팔마로 326,540976,58002,,3,,127.518393057134,34.934599095885
MA010120220807919014,여수갤러리,,G2,소매,G221,기타 상품 소매,G22199,그 외 기타 상품 전문 소매업,G47422,의복 액세서리 및 모조 장신구 소매업,46,전라남도,46130,여수시,46130535,한려동,4613010300,공화동,4613010300106840000,1,대지,684,,전라남도 여수시 공화동 684,461303282020,전라남도 여수시 동문로,126,,4613010300106840000004630,,전라남도 여수시 동문로 126,550020,59744,,,,127.744434130105,34.7472622092998
MA010120220807905319,미쎄스터,,G2,소매,G221,기타 상품 소매,G22199,그 외 기타 상품 전문 소매업,G47859,그 외 기타 분류 안된 상품 전문 소매업,46,전라남도,46130,여수시,46130790,시전동,4613013300,신기동,4613013300100170002,1,대지,17,2,전라남도 여수시 신기동 17-2,461303282046,전라남도 여수시 쌍봉로,180,,4613013300100170002040179,,전라남도 여수시 쌍봉로 180,555802,59681,,,,127.675392209457,34.7644306739557
MA010120220807905386,사랑이벤트,,G2,소매,G221,기타 상품 소매,G22199,그 외 기타 상품 전문 소매업,G47859,그 외 기타 분류 안된 상품 전문 소매업,46,전라남도,46130,여수시,46130310,소라면,4613031021,소라면,4613031021110760009,1,대지,1076,9,전라남도 여수시 소라면 덕양리 1076-9,461304646260,전라남도 여수시 소라면 덕양삼거리길,2,10,4613031021110760009000001,,전라남도 여수시 소라면 덕양삼거리길 2-10,556813,59649,,,,127.633471265449,34.7917159337844
MA010120220807910725,만덕불교사,,G2,소매,G221,기타 상품 소매,G22199,그 외 기타 상품 전문 소매업,G47859,그 외 기타 분류 안된 상품 전문 소매업,46,전라남도,46130,여수시,46130600,충무동,4613011000,충무동,4613011000105780000,1,대지,578,,전라남도 여수시 충무동 578,461304646901,전라남도 여수시 충무5길,11,,4613011000105780000006823,,전라남도 여수시 충무5길 11,550100,59733,,,,127.72976507292,34.7419786776777
MA010120220807914881,문화유통,,G2,소매,G221,기타 상품 소매,G22199,그 외 기타 상품 전문 소매업,G47859,그 외 기타 분류 안된 상품 전문 소매업,31,울산광역시,31110,중구,31110530,반구2동,3111011800,반구동,3111011800100200004,1,대지,20,4,울산광역시 중구 반구동 20-4,311103169026,울산광역시 중구 번영로,546,,3111011800100200004016751,,울산광역시 중구 번영로 546,681804,44506,,,,129.342221769695,35.5673912666372
MA010120220807916961,여수불교,백화점,G2,소매,G221,기타 상품 소매,G22199,그 외 기타 상품 전문 소매업,G47859,그 외 기타 분류 안된 상품 전문 소매업,46,전라남도,46130,여수시,46130780,쌍봉동,4613012800,학동,4613012800100280003,1,대지,28,3,전라남도 여수시 학동 28-3,461303282041,전라남도 여수시 선소로,119,,4613012800100280003030385,,전라남도 여수시 선소로 119,555807,59679,,,,127.669079244824,34.7631314613897
MA010120220807915106,현대농약사,,G2,소매,G221,기타 상품 소매,G22199,그 외 기타 상품 전문 소매업,G47859,그 외 기타 분류 안된 상품 전문 소매업,46,전라남도,46130,여수시,46130310,소라면,4613031022,소라면,4613031022109080000,1,대지,908,,전라남도 여수시 소라면 죽림리 908,461303282039,전라남도 여수시 소라면 서부로,37,,4613031022109080000000001,,전라남도 여수시 소라면 서부로 37,556811,59654,,,,127.627360083958,34.7609738705924
MA010120220807895594,동부생약,,G2,소매,G221,기타 상품 소매,G22199,그 외 기타 상품 전문 소매업,G47859,그 외 기타 분류 안된 상품 전문 소매업,46,전라남도,46150,순천시,46150310,해룡면,4615031024,해룡면,4615031024105030001,1,대지,503,1,전라남도 순천시 해룡면 대안리 503-1,461503282087,전라남도 순천시 해룡면 여순로,1679,,4615031024105030001000002,,전라남도 순천시 해룡면 여순로 1679,540851,58019,,1,,127.523679440972,34.9207762794745
MA010120220807901016,유한책임회사하이모광주광산지점,,G2,소매,G221,기타 상품 소매,G22199,그 외 기타 상품 전문 소매업,G47422,의복 액세서리 및 모조 장신구 소매업,29,광주광역시,29200,광산구,29200637,수완동,2920011400,수완동,2920011400110800000,1,대지,1080,,광주광역시 광산구 수완동 1080,292002009005,광주광역시 광산구 임방울대로,348,,2920011400110800000000001,남궁빌딩,광주광역시 광산구 임방울대로 348,506304,62247,,,,126.824376487015,35.1910721613795
MA010120220807899112,광양생약재배,,G2,소매,G221,기타 상품 소매,G22199,그 외 기타 상품 전문 소매업,G47859,그 외 기타 분류 안된 상품 전문 소매업,46,전라남도,46230,광양시,46230250,광양읍,4623025025,광양읍,4623025025106840003,1,대지,684,3,전라남도 광양시 광양읍 목성리 684-3,462304655279,전라남도 광양시 광양읍 시장길,12,,4623025025106840003012268,,전라남도 광양시 광양읍 시장길 12,545803,57751,,,,127.591175265606,34.9720252946205
MA010120220807901142,참좋은,,G2,소매,G221,기타 상품 소매,G22199,그 외 기타 상품 전문 소매업,G47859,그 외 기타 분류 안된 상품 전문 소매업,46,전라남도,46150,순천시,46150610,장천동,4615011900,장천동,4615011900100370008,1,대지,37,8,전라남도 순천시 장천동 37-8,461504649912,전라남도 순천시 장천2길,20,,4615011900100370008028040,주식,전라남도 순천시 장천2길 20,540960,57956,,2,,127.489463170471,34.9491682227074
MA010120220807884128,삼성건업,,G2,소매,G221,기타 상품 소매,G22199,그 외 기타 상품 전문 소매업,G47519,"페인트, 창호 및 기타 건설자재 소매업",41,경기도,41115,수원시 팔달구,41115670,고등동,4111513700,고등동,4111513700102410006,1,대지,241,6,경기도 수원시 팔달구 고등동 241-6,411154328012,경기도 수원시 팔달구 갓매산로86번길,15,,4111513700102410006010259,,경기도 수원시 팔달구 갓매산로86번길 15,442883,16454,,,,127.001927954081,37.2707604373192
MA010120220807899207,흥양농협봉래지점자재판매장,,G2,소매,G221,기타 상품 소매,G22199,그 외 기타 상품 전문 소매업,G47859,그 외 기타 분류 안된 상품 전문 소매업,46,전라남도,46770,고흥군,46770360,봉래면,4677036024,봉래면,4677036024108780143,1,대지,878,143,전라남도 고흥군 봉래면 신금리 878-143,467704667066,전라남도 고흥군 봉래면 나로도항길,26,5,4677036024108780143008978,,전라남도 고흥군 봉래면 나로도항길 26-5,548943,59569,,,,127.458632828328,34.4641820974875
MA010120220807917628,동부팜마트,,G2,소매,G221,기타 상품 소매,G22199,그 외 기타 상품 전문 소매업,G47859,그 외 기타 분류 안된 상품 전문 소매업,46,전라남도,46130,여수시,46130800,여천동,4613013700,화장동,4613013700108940008,1,대지,894,8,전라남도 여수시 화장동 894-8,461303282082,전라남도 여수시 화산로,20,1,4613013700108940008000001,,전라남도 여수시 화산로 20-1,555090,59643,,,,127.640996620213,34.7715573751213
MA010120220807881712,광양종묘사,,G2,소매,G221,기타 상품 소매,G22199,그 외 기타 상품 전문 소매업,G47859,그 외 기타 분류 안된 상품 전문 소매업,46,전라남도,46230,광양시,46230250,광양읍,4623025031,광양읍,4623025031102680005,1,대지,268,5,전라남도 광양시 광양읍 인동리 268-5,462303285031,전라남도 광양시 광양읍 신재로,5,1,4623025031102680005000001,,전라남도 광양시 광양읍 신재로 5-1,545806,57752,,,,127.589169734923,34.9718006849471
MA010120220807886774,장지유통,,G2,소매,G221,기타 상품 소매,G22199,그 외 기타 상품 전문 소매업,G47859,그 외 기타 분류 안된 상품 전문 소매업,41,경기도,41610,광주시,41610560,광남1동,4161011100,장지동,4161011100102250006,1,대지,225,6,경기도 광주시 장지동 225-6,416102012014,경기도 광주시 포은대로,639,,4161011100102240003000001,,경기도 광주시 포은대로 639,464070,12779,,,,127.242506189817,37.3835193085311
MA010120220807899230,순천농협황전지점경제과,,G2,소매,G221,기타 상품 소매,G22199,그 외 기타 상품 전문 소매업,G47859,그 외 기타 분류 안된 상품 전문 소매업,46,전라남도,46150,순천시,46150340,월등면,4615034022,월등면,4615034022100740003,1,대지,74,3,전라남도 순천시 월등면 농선리 74-3,461503283022,전라남도 순천시 월등면 월등로,1040,,4615033024100090003081405,,전라남도 순천시 월등면 월등로 1040,540832,57902,,,,127.428696682695,35.1029103546477
MA010120220807913642,고려홍삼건강식품원,,G2,소매,G221,기타 상품 소매,G22199,그 외 기타 상품 전문 소매업,G47859,그 외 기타 분류 안된 상품 전문 소매업,46,전라남도,46130,여수시,46130600,충무동,4613011000,충무동,4613011000105820000,1,대지,582,,전라남도 여수시 충무동 582,461304646902,전라남도 여수시 충무연등천길,18,1,4613011000105820000006421,,전라남도 여수시 충무연등천길 18-1,550100,59733,,1,,127.729546370653,34.7419439320957
MA010120220807893623,제일농원주,,G2,소매,G221,기타 상품 소매,G22199,그 외 기타 상품 전문 소매업,G47859,그 외 기타 분류 안된 상품 전문 소매업,46,전라남도,46150,순천시,46150580,풍덕동,4615011500,풍덕동,4615011500112640000,1,대지,1264,,전라남도 순천시 풍덕동 1264,461503283026,전라남도 순천시 장평로,60,,4615011500112640000006816,E,전라남도 순천시 장평로 60,540972,57961,,,,127.496084036576,34.9451482521977
MA010120220807910116,아이카드랜드,,G2,소매,G221,기타 상품 소매,G22199,그 외 기타 상품 전문 소매업,G47859,그 외 기타 분류 안된 상품 전문 소매업,46,전라남도,46130,여수시,46130780,쌍봉동,4613012800,학동,4613012800100540000,1,대지,54,,전라남도 여수시 학동 54,461303282046,전라남도 여수시 쌍봉로,32,,4613012800100540000000005,신동아파밀리에,전라남도 여수시 쌍봉로 32,555704,59672,,,,127.658253788251,34.7643712982061
MA010120220807938348,황금유통,,G2,소매,G221,기타 상품 소매,G22199,그 외 기타 상품 전문 소매업,G47859,그 외 기타 분류 안된 상품 전문 소매업,41,경기도,41310,구리시,41310570,수택1동,4131010500,수택동,4131010500104750016,1,대지,475,16,경기도 구리시 수택동 475-16,413104388121,경기도 구리시 안골로57번길,9,,4131010500104750016004902,,경기도 구리시 안골로57번길 9,471031,11927,,,,127.137255034517,37.5977585221283
MA010120220807947232,티이엠,,G2,소매,G221,기타 상품 소매,G22199,그 외 기타 상품 전문 소매업,G47859,그 외 기타 분류 안된 상품 전문 소매업,46,전라남도,46130,여수시,46130780,쌍봉동,4613013100,소호동,4613013100109230000,1,대지,923,,전라남도 여수시 소호동 923,461303282043,전라남도 여수시 소호로,295,,4613013100200970000000001,디오션리조트콘도,전라남도 여수시 소호로 295,555060,59670,,2,,127.643333188164,34.7333887813733
MA010120220807954552,대흥당건재한약방,,G2,소매,G221,기타 상품 소매,G22199,그 외 기타 상품 전문 소매업,G47859,그 외 기타 분류 안된 상품 전문 소매업,52,전북특별자치도,52113,전주시 덕진구,52113525,진북동,5211310200,진북동,5211310200103410003,1,대지,341,3,전북특별자치도 전주시 덕진구 진북동 341-3,521133266013,전북특별자치도 전주시 덕진구 권삼득로,127,,4511310200103410003005760,,전북특별자치도 전주시 덕진구 권삼득로 127,561836,54929,,,,127.141651917361,35.8313595429839
MA010120220807958187,황금사불교용품전시장,,G2,소매,G221,기타 상품 소매,G22199,그 외 기타 상품 전문 소매업,G47859,그 외 기타 분류 안된 상품 전문 소매업,52,전북특별자치도,52111,전주시 완산구,52111605,노송동,5211114700,서노송동,5211114700107400000,1,대지,740,,전북특별자치도 전주시 완산구 서노송동 740,521113266028,전북특별자치도 전주시 완산구 반촌로,22,,4511114700107400000031702,,전북특별자치도 전주시 완산구 반촌로 22,560915,55006,,,,127.146173818373,35.8288125797946
MA010120220807928778,수풍컬렉션,,G2,소매,G221,기타 상품 소매,G22199,그 외 기타 상품 전문 소매업,G47859,그 외 기타 분류 안된 상품 전문 소매업,43,충청북도,43130,충주시,43130385,중앙탑면,4313038524,중앙탑면,4313038524111020015,1,대지,1102,15,충청북도 충주시 중앙탑면 장천리 1102-15,431303238068,충청북도 충주시 중앙탑면 첨단산업로,1137,,4313038524111020015000001,,충청북도 충주시 중앙탑면 첨단산업로 1137,380921,27447,,,,127.865775955338,37.0603759044363
MA010120220807949829,케이지비,,G2,소매,G221,기타 상품 소매,G22199,그 외 기타 상품 전문 소매업,G47859,그 외 기타 분류 안된 상품 전문 소매업,11,서울특별시,11560,영등포구,11560550,당산1동,1156011300,당산동3가,1156011300103950025,1,대지,395,25,서울특별시 영등포구 당산동3가 395-25,115604154069,서울특별시 영등포구 국회대로28길,17,,1156011300103950025031013,,서울특별시 영등포구 국회대로28길 17,150804,07256,,4,,126.894279521373,37.5271168414304
MA010120220807958473,한국농약마트,,G2,소매,G221,기타 상품 소매,G22199,그 외 기타 상품 전문 소매업,G47859,그 외 기타 분류 안된 상품 전문 소매업,52,전북특별자치도,52720,진안군,52720250,진안읍,5272025021,진안읍,5272025021104060028,1,대지,406,28,전북특별자치도 진안군 진안읍 군상리 406-28,527203274057,전북특별자치도 진안군 진안읍 진무로,1097,1,4572025021104060028007122,,전북특별자치도 진안군 진안읍 진무로 1097-1,567804,55430,,,,127.428506307395,35.7920513911132
MA010120220807926891,썸,,G2,소매,G221,기타 상품 소매,G22199,그 외 기타 상품 전문 소매업,G47422,의복 액세서리 및 모조 장신구 소매업,46,전라남도,46130,여수시,46130780,쌍봉동,4613012800,학동,4613012800100610000,1,대지,61,,전라남도 여수시 학동 61,461303282025,전라남도 여수시 무선로,6,,4613012800100610000005919,이레타운,전라남도 여수시 무선로 6,555808,59672,,1,,127.656362088688,34.7613528138998
MA010120220807929593,한양민속불기사,,G2,소매,G221,기타 상품 소매,G22199,그 외 기타 상품 전문 소매업,G47859,그 외 기타 분류 안된 상품 전문 소매업,46,전라남도,46130,여수시,46130600,충무동,4613011000,충무동,4613011000102430000,1,대지,243,,전라남도 여수시 충무동 243,461303282073,전라남도 여수시 진남로,30,,4613011000102430000030530,,전라남도 여수시 진남로 30,550100,59731,,,,127.731265142053,34.7424384059199
MA010120220807955297,봉동농약사,,G2,소매,G221,기타 상품 소매,G22199,그 외 기타 상품 전문 소매업,G47859,그 외 기타 분류 안된 상품 전문 소매업,52,전북특별자치도,52710,완주군,52710253,봉동읍,5271025329,봉동읍,5271025329112100004,1,대지,1210,4,전북특별자치도 완주군 봉동읍 낙평리 1210-4,527103273029,전북특별자치도 완주군 봉동읍 봉동중앙로,105,,4571025329112100004000001,,전북특별자치도 완주군 봉동읍 봉동중앙로 105,565903,55329,,,,127.161151036349,35.9289494423928
MA010120220807955298,고구려인삼사,,G2,소매,G221,기타 상품 소매,G22199,그 외 기타 상품 전문 소매업,G47859,그 외 기타 분류 안된 상품 전문 소매업,47,경상북도,47210,영주시,47210250,풍기읍,4721025023,풍기읍,4721025023104460004,1,대지,446,4,경상북도 영주시 풍기읍 산법리 446-4,472103309083,경상북도 영주시 풍기읍 소백로,2156,,4721025023104460000000001,외,경상북도 영주시 풍기읍 소백로 2156,750802,36041,,,,128.54068934949,36.8884940864228
MA010120220807958877,대한총포사,,G2,소매,G221,기타 상품 소매,G22199,그 외 기타 상품 전문 소매업,G47859,그 외 기타 분류 안된 상품 전문 소매업,52,전북특별자치도,52113,전주시 덕진구,52113550,인후2동,5211310400,인후동2가,5211310400115720017,1,대지,1572,17,전북특별자치도 전주시 덕진구 인후동2가 1572-17,521133266009,전북특별자치도 전주시 덕진구 견훤로,415,,4511310400115720017004498,,전북특별자치도 전주시 덕진구 견훤로 415,561853,54906,,,,127.151821599317,35.8481195176861
MA010120220807934527,21세기,,G2,소매,G221,기타 상품 소매,G22199,그 외 기타 상품 전문 소매업,G47859,그 외 기타 분류 안된 상품 전문 소매업,41,경기도,41287,고양시 일산서구,41287600,덕이동,4128710500,덕이동,4128710500103100001,1,대지,310,1,경기도 고양시 일산서구 덕이동 310-1,412873012061,경기도 고양시 일산서구 경의로,948,,4128710500103100001007035,,경기도 고양시 일산서구 경의로 948,411808,10231,,,,126.75997485906,37.7021351109043
MA010120220807934729,대민이엔지,,G2,소매,G221,기타 상품 소매,G22199,그 외 기타 상품 전문 소매업,G47859,그 외 기타 분류 안된 상품 전문 소매업,41,경기도,41281,고양시 덕양구,41281622,화정2동,4128112300,화정동,4128112300109480000,1,대지,948,,경기도 고양시 덕양구 화정동 948,412813192087,경기도 고양시 덕양구 화신로,309,,4128112300109480000012820,별빛마을벽산9단지,경기도 고양시 덕양구 화신로 309,412740,10502,,,,126.826747663767,37.631570282051
MA010120220807948440,전라남도관광협회여수시지부사,,G2,소매,G221,기타 상품 소매,G22199,그 외 기타 상품 전문 소매업,G47859,그 외 기타 분류 안된 상품 전문 소매업,46,전라남도,46130,여수시,46130790,시전동,4613013300,신기동,4613013300100520007,1,대지,52,7,전라남도 여수시 신기동 52-7,461303282086,전라남도 여수시 흥국로,75,,4613013300100520007004819,,전라남도 여수시 흥국로 75,555802,59680,,2,,127.670600187416,34.7621135295352
MA010120220807953320,이화불교사,,G2,소매,G221,기타 상품 소매,G22199,그 외 기타 상품 전문 소매업,G47859,그 외 기타 분류 안된 상품 전문 소매업,52,전북특별자치도,52113,전주시 덕진구,52113580,금암1동,5211310700,금암동,5211310700104600014,1,대지,460,14,전북특별자치도 전주시 덕진구 금암동 460-14,521133267002,전북특별자치도 전주시 덕진구 가리내로,20,,4511310700104600014005406,,전북특별자치도 전주시 덕진구 가리내로 20,561801,54933,,,,127.133865619679,35.8344327451864
MA010120220807960520,한국국악사,,G2,소매,G221,기타 상품 소매,G22199,그 외 기타 상품 전문 소매업,G47859,그 외 기타 분류 안된 상품 전문 소매업,52,전북특별자치도,52113,전주시 덕진구,52113525,진북동,5211310200,진북동,5211310200103290008,1,대지,329,8,전북특별자치도 전주시 덕진구 진북동 329-8,521132266001,전북특별자치도 전주시 덕진구 기린대로,270,2,4511310200103290008005205,,전북특별자치도 전주시 덕진구 기린대로 270-2,561835,55004,,,,127.142545668055,35.8298443722306
MA010120220807922745,회춘당한약국,,G2,소매,G221,기타 상품 소매,G22199,그 외 기타 상품 전문 소매업,G47859,그 외 기타 분류 안된 상품 전문 소매업,46,전라남도,46130,여수시,46130570,중앙동,4613010800,교동,4613010800106190001,1,대지,619,1,전라남도 여수시 교동 619-1,461304646110,전라남도 여수시 교동시장3길,1,,4613010800106190001013802,,전라남도 여수시 교동시장3길 1,550803,59734,,,,127.731099131138,34.7397081727559
MA010120220807935230,에이스건설기계매매상사,,G2,소매,G221,기타 상품 소매,G22199,그 외 기타 상품 전문 소매업,G47859,그 외 기타 분류 안된 상품 전문 소매업,41,경기도,41670,여주시,41670510,여흥동,4167010100,상동,4167010100104960000,1,대지,496,,경기도 여주시 상동 496,416704442454,경기도 여주시 칠산길,71,1,4167010100104960000000001,,경기도 여주시 칠산길 71-1,469101,12634,,,,127.646202147592,37.2869362250282
MA010120220807927894,감초당한약방,,G2,소매,G221,기타 상품 소매,G22199,그 외 기타 상품 전문 소매업,G47811,의약품 및 의료용품 소매업,52,전북특별자치도,52790,고창군,52790380,대산면,5279038025,대산면,5279038025102000038,1,대지,200,38,전북특별자치도 고창군 대산면 매산리 200-38,527904637192,전북특별자치도 고창군 대산면 대산시장길,18,2,4579038025109240000027217,,전북특별자치도 고창군 대산면 대산시장길 18-2,585864,56468,,,,126.599675815869,35.3403399873384
MA010120220807953817,서울상사,,G2,소매,G221,기타 상품 소매,G22199,그 외 기타 상품 전문 소매업,G47859,그 외 기타 분류 안된 상품 전문 소매업,52,전북특별자치도,52113,전주시 덕진구,52113560,인후3동,5211310300,인후동1가,5211310300108580002,1,대지,858,2,전북특별자치도 전주시 덕진구 인후동1가 858-2,521133267060,전북특별자치도 전주시 덕진구 정언신로,107,,4511310300108580002028256,아중현대,전북특별자치도 전주시 덕진구 정언신로 107,561781,55018,,,,127.164365569306,35.8329709162589
MA010120220807940353,세진산업,,G2,소매,G221,기타 상품 소매,G22199,그 외 기타 상품 전문 소매업,G47859,그 외 기타 분류 안된 상품 전문 소매업,46,전라남도,46130,여수시,46130310,소라면,4613031028,소라면,4613031028101060003,1,대지,106,3,전라남도 여수시 소라면 대포리 106-3,461303282087,전라남도 여수시 소라면 여순로,218,,4613031028101060003000001,,전라남도 여수시 소라면 여순로 218,556812,59609,,,,127.618497221291,34.8247208510679
MA010120220807953949,한양소방,,G2,소매,G221,기타 상품 소매,G22199,그 외 기타 상품 전문 소매업,G47859,그 외 기타 분류 안된 상품 전문 소매업,52,전북특별자치도,52113,전주시 덕진구,52113525,진북동,5211310200,진북동,5211310200102940003,1,대지,294,3,전북특별자치도 전주시 덕진구 진북동 294-3,521133266077,전북특별자치도 전주시 덕진구 팔달로,301,,4511310200102940003005268,,전북특별자치도 전주시 덕진구 팔달로 301,561835,54992,,,,127.141447170434,35.8282414296645
MA010120220807933022,펠리즈창원,,G2,소매,G221,기타 상품 소매,G22199,그 외 기타 상품 전문 소매업,G47859,그 외 기타 분류 안된 상품 전문 소매업,48,경상남도,48123,창원시 성산구,48123530,상남동,4812312700,상남동,4812312700100250000,1,대지,25,,경상남도 창원시 성산구 상남동 25,481234784084,경상남도 창원시 성산구 마디미로38번길,11,,4812312700100250000027165,,경상남도 창원시 성산구 마디미로38번길 11,642832,51496,,,,128.682330554018,35.2216640348546
MA010120220807965962,현대불교사,,G2,소매,G221,기타 상품 소매,G22199,그 외 기타 상품 전문 소매업,G47859,그 외 기타 분류 안된 상품 전문 소매업,52,전북특별자치도,52113,전주시 덕진구,52113590,금암2동,5211310700,금암동,5211310700101950005,1,대지,195,5,전북특별자치도 전주시 덕진구 금암동 195-5,521134601143,전북특별자치도 전주시 덕진구 모래내1길,4,,4511310700101950005009330,,전북특별자치도 전주시 덕진구 모래내1길 4,561800,54925,,,,127.140549946371,35.8340646109489
MA010120220807964330,이태리샵,,G2,소매,G221,기타 상품 소매,G22199,그 외 기타 상품 전문 소매업,G47859,그 외 기타 분류 안된 상품 전문 소매업,52,전북특별자치도,52113,전주시 덕진구,52113525,진북동,5211310200,진북동,5211310200103200084,1,대지,320,84,전북특별자치도 전주시 덕진구 진북동 320-84,521132266001,전북특별자치도 전주시 덕진구 기린대로,269,,4511310200103200084000001,,전북특별자치도 전주시 덕진구 기린대로 269,561835,54993,,,,127.142157689885,35.829493340919
MA010120220807962597,세진,,G2,소매,G221,기타 상품 소매,G22199,그 외 기타 상품 전문 소매업,G47859,그 외 기타 분류 안된 상품 전문 소매업,52,전북특별자치도,52113,전주시 덕진구,52113611,우아1동,5211311500,우아동3가,5211311500107450093,1,대지,745,93,전북특별자치도 전주시 덕진구 우아동3가 745-93,521132266002,전북특별자치도 전주시 덕진구 동부대로,694,,4511311500107450093002494,,전북특별자치도 전주시 덕진구 동부대로 694,561826,54817,,1,,127.160084657173,35.8506232961355
MA010120220807972918,진원홍삼,,G2,소매,G221,기타 상품 소매,G22199,그 외 기타 상품 전문 소매업,G47859,그 외 기타 분류 안된 상품 전문 소매업,52,전북특별자치도,52720,진안군,52720250,진안읍,5272025021,진안읍,5272025021102340000,1,대지,234,,전북특별자치도 진안군 진안읍 군상리 234,527203274057,전북특별자치도 진안군 진안읍 진무로,1166,,4572025021102340000010054,,전북특별자치도 진안군 진안읍 진무로 1166,567804,55422,,,,127.434251985031,35.7949238114995
MA010120220807975346,형제비석,,G2,소매,G221,기타 상품 소매,G22199,그 외 기타 상품 전문 소매업,G47859,그 외 기타 분류 안된 상품 전문 소매업,52,전북특별자치도,52113,전주시 덕진구,52113570,덕진동,5211310500,덕진동1가,5211310500113380010,1,대지,1338,10,전북특별자치도 전주시 덕진구 덕진동1가 1338-10,521133267061,전북특별자치도 전주시 덕진구 조경단로,301,,4511310500113380010000001,,전북특별자치도 전주시 덕진구 조경단로 301,561810,54895,,,,127.123576994617,35.851585667681
MA010120220807980565,창경인삼사,,G2,소매,G221,기타 상품 소매,G22199,그 외 기타 상품 전문 소매업,G47859,그 외 기타 분류 안된 상품 전문 소매업,44,충청남도,44710,금산군,44710250,금산읍,4471025022,금산읍,4471025022100320009,1,대지,32,9,충청남도 금산군 금산읍 중도리 32-9,447103257044,충청남도 금산군 금산읍 인삼약초로,29,4,4471025022100320009020607,,충청남도 금산군 금산읍 인삼약초로 29-4,312806,32739,,,,127.496507593765,36.1009571991754
MA010120220807993623,애즈원,,G2,소매,G221,기타 상품 소매,G22199,그 외 기타 상품 전문 소매업,G47859,그 외 기타 분류 안된 상품 전문 소매업,41,경기도,41630,양주시,41630530,회천1동,4163011100,봉양동,4163011100101380000,1,대지,138,,경기도 양주시 봉양동 138,416304436355,경기도 양주시 칠봉산로228번길,165,13,4163011100101380000000001,,경기도 양주시 칠봉산로228번길 165-13,482090,11448,,,,127.08120608323,37.8607136731544
MA010120220807964768,우리두리이벤트,,G2,소매,G221,기타 상품 소매,G22199,그 외 기타 상품 전문 소매업,G47859,그 외 기타 분류 안된 상품 전문 소매업,52,전북특별자치도,52113,전주시 덕진구,52113570,덕진동,5211310500,덕진동1가,5211310500112750008,1,대지,1275,8,전북특별자치도 전주시 덕진구 덕진동1가 1275-8,521132266001,전북특별자치도 전주시 덕진구 기린대로,493,,4511310500112750008022550,,전북특별자치도 전주시 덕진구 기린대로 493,561810,54893,,,,127.124117486296,35.8432304668532
MA010120220807964840,믿음유통,,G2,소매,G221,기타 상품 소매,G22199,그 외 기타 상품 전문 소매업,G47859,그 외 기타 분류 안된 상품 전문 소매업,52,전북특별자치도,52113,전주시 덕진구,52113590,금암2동,5211310700,금암동,5211310700115610001,1,대지,1561,1,전북특별자치도 전주시 덕진구 금암동 1561-1,521133267061,전북특별자치도 전주시 덕진구 조경단로,74,,4511310700115610001021903,,전북특별자치도 전주시 덕진구 조경단로 74,561805,54922,,,,127.138967944259,35.8408078559239
MA010120220807980852,우주불교마트,,G2,소매,G221,기타 상품 소매,G22199,그 외 기타 상품 전문 소매업,G47859,그 외 기타 분류 안된 상품 전문 소매업,28,인천광역시,28177,미추홀구,28177580,학익1동,2817710300,학익동,2817710300106700003,1,대지,670,3,인천광역시 미추홀구 학익동 670-3,281773151009,인천광역시 미추홀구 소성로,252,,2817010300106700003173438,,인천광역시 미추홀구 소성로 252,402041,22226,,1,,126.675372234717,37.4382933776009
MA010120220807993928,상림비료나주,대리점,G2,소매,G221,기타 상품 소매,G22199,그 외 기타 상품 전문 소매업,G47859,그 외 기타 분류 안된 상품 전문 소매업,46,전라남도,46170,나주시,46170390,금천면,4617039023,금천면,4617039023103660014,1,대지,366,14,전라남도 나주시 금천면 광암리 366-14,461703284010,전라남도 나주시 금천면 금영로,689,,4617039023103660003083561,,전라남도 나주시 금천면 금영로 689,520821,58220,,,,126.765070630651,35.0126184026046
MA010120220807964899,무주장의사,,G2,소매,G221,기타 상품 소매,G22199,그 외 기타 상품 전문 소매업,G47859,그 외 기타 분류 안된 상품 전문 소매업,52,전북특별자치도,52730,무주군,52730250,무주읍,5273025022,무주읍,5273025022113930000,1,대지,1393,,전북특별자치도 무주군 무주읍 당산리 1393,527304625181,전북특별자치도 무주군 무주읍 우명길,7,8,4573025022113940000024644,,전북특별자치도 무주군 무주읍 우명길 7-8,568802,55513,,,,127.655355160292,35.998176926212
MA010120220807962994,무주유비,,G2,소매,G221,기타 상품 소매,G22199,그 외 기타 상품 전문 소매업,G47859,그 외 기타 분류 안된 상품 전문 소매업,52,전북특별자치도,52730,무주군,52730350,부남면,5273035024,부남면,5273035024113720003,1,대지,1372,3,전북특별자치도 무주군 부남면 장안리 1372-3,527303275010,전북특별자치도 무주군 부남면 노루재로,390,1,4573035024101660003000002,,전북특별자치도 무주군 부남면 노루재로 390-1,568852,55504,,,,127.595245895276,35.8919292046287
MA010120220807971502,흥농종묘,,G2,소매,G221,기타 상품 소매,G22199,그 외 기타 상품 전문 소매업,G47859,그 외 기타 분류 안된 상품 전문 소매업,52,전북특별자치도,52730,무주군,52730340,안성면,5273034021,안성면,5273034021115500006,1,대지,1550,6,전북특별자치도 무주군 안성면 장기리 1550-6,527303275061,전북특별자치도 무주군 안성면 안성로,269,,4573034021115500006006776,,전북특별자치도 무주군 안성면 안성로 269,568845,55535,,,,127.653706763386,35.8654173623171
MA010120220807978421,거문ST,,G2,소매,G221,기타 상품 소매,G22199,그 외 기타 상품 전문 소매업,G47859,그 외 기타 분류 안된 상품 전문 소매업,52,전북특별자치도,52113,전주시 덕진구,52113665,여의동,5211313000,여의동,5211313000110180002,1,대지,1018,2,전북특별자치도 전주시 덕진구 여의동 1018-2,521133266051,전북특별자치도 전주시 덕진구 온고을로,533,,4511313000110170005013419,,전북특별자치도 전주시 덕진구 온고을로 533,561330,54857,,,,127.071593797192,35.8544758521894
MA010120220807987545,진안인삼홍삼시장,,G2,소매,G221,기타 상품 소매,G22199,그 외 기타 상품 전문 소매업,G47859,그 외 기타 분류 안된 상품 전문 소매업,52,전북특별자치도,52720,진안군,52720250,진안읍,5272025029,진안읍,5272025029109390001,1,대지,939,1,전북특별자치도 진안군 진안읍 구룡리 939-1,527204622173,전북특별자치도 진안군 진안읍 석곡길,66,2,4572025029109390001000001,,전북특별자치도 진안군 진안읍 석곡길 66-2,567803,55421,,,,127.45244546542,35.7727578972665
MA010120220807994480,대동해석,,G2,소매,G221,기타 상품 소매,G22199,그 외 기타 상품 전문 소매업,G47859,그 외 기타 분류 안된 상품 전문 소매업,52,전북특별자치도,52130,군산시,52130650,조촌동,5213013400,조촌동,5213013400107330002,1,대지,733,2,전북특별자치도 군산시 조촌동 733-2,521303268094,전북특별자치도 군산시 조촌로,124,,4513013400107330002000001,,전북특별자치도 군산시 조촌로 124,573885,54075,,,,126.738014438674,35.9752125430062
MA010120220807965377,수호홍삼,,G2,소매,G221,기타 상품 소매,G22199,그 외 기타 상품 전문 소매업,G47859,그 외 기타 분류 안된 상품 전문 소매업,52,전북특별자치도,52720,진안군,52720250,진안읍,5272025021,진안읍,5272025021102340000,1,대지,234,,전북특별자치도 진안군 진안읍 군상리 234,527203274057,전북특별자치도 진안군 진안읍 진무로,1166,,4572025021102340000010054,,전북특별자치도 진안군 진안읍 진무로 1166,567804,55422,,1,,127.434251985031,35.7949238114995
MA010120220808002224,그녀들의꽃수다협동조합,,G2,소매,G221,기타 상품 소매,G22199,그 외 기타 상품 전문 소매업,G47859,그 외 기타 분류 안된 상품 전문 소매업,52,전북특별자치도,52790,고창군,52790420,신림면,5279042026,신림면,5279042026103380000,1,대지,338,,전북특별자치도 고창군 신림면 신평리 338,527904637548,전북특별자치도 고창군 신림면 신평신기길,16,4,4579042026103380000000001,,전북특별자치도 고창군 신림면 신평신기길 16-4,585831,56423,,,,126.734159916909,35.4716812991161
MA010120220807965441,홍인약초사,,G2,소매,G221,기타 상품 소매,G22199,그 외 기타 상품 전문 소매업,G47859,그 외 기타 분류 안된 상품 전문 소매업,52,전북특별자치도,52720,진안군,52720250,진안읍,5272025021,진안읍,5272025021102340000,1,대지,234,,전북특별자치도 진안군 진안읍 군상리 234,527203274057,전북특별자치도 진안군 진안읍 진무로,1166,,4572025021102340000010054,,전북특별자치도 진안군 진안읍 진무로 1166,567804,55422,,1,,127.434251985031,35.7949238114995
MA010120220807965464,핸드폰보호필름,전문점,G2,소매,G221,기타 상품 소매,G22199,그 외 기타 상품 전문 소매업,G47859,그 외 기타 분류 안된 상품 전문 소매업,52,전북특별자치도,52113,전주시 덕진구,52113570,덕진동,5211310500,덕진동1가,5211310500112610004,1,대지,1261,4,전북특별자치도 전주시 덕진구 덕진동1가 1261-4,521134601134,전북특별자치도 전주시 덕진구 명륜4길,17,,4511310500112610004022625,덕진동,전북특별자치도 전주시 덕진구 명륜4길 17,561807,54898,,,,127.126553048736,35.8434622533904
MA010120220807965607,진안한방약초센터진안군직거래사업단,3호점,G2,소매,G221,기타 상품 소매,G22199,그 외 기타 상품 전문 소매업,G47859,그 외 기타 분류 안된 상품 전문 소매업,52,전북특별자치도,52720,진안군,52720250,진안읍,5272025021,진안읍,5272025021102340000,1,대지,234,,전북특별자치도 진안군 진안읍 군상리 234,527203274057,전북특별자치도 진안군 진안읍 진무로,1166,,4572025021102340000010054,,전북특별자치도 진안군 진안읍 진무로 1166,567804,55422,,1,,127.434251985031,35.7949238114995
MA010120220807979247,잠잠트레이딩,,G2,소매,G221,기타 상품 소매,G22199,그 외 기타 상품 전문 소매업,G45220,자동차 중고 부품 및 내장품 판매업,41,경기도,41610,광주시,41610253,초월읍,4161025325,초월읍,4161025325102010000,1,대지,201,,경기도 광주시 초월읍 학동리 201,416104433157,경기도 광주시 초월읍 동막골길,113,,4161025325102010000035123,,경기도 광주시 초월읍 동막골길 113,464865,12731,,,,127.327860260264,37.3814573764659
MA010120220807968127,부귀인삼사,,G2,소매,G221,기타 상품 소매,G22199,그 외 기타 상품 전문 소매업,G47859,그 외 기타 분류 안된 상품 전문 소매업,52,전북특별자치도,52720,진안군,52720250,진안읍,5272025021,진안읍,5272025021104590001,1,대지,459,1,전북특별자치도 진안군 진안읍 군상리 459-1,527203274056,전북특별자치도 진안군 진안읍 중앙로,119,4,4572025021104590001023129,,전북특별자치도 진안군 진안읍 중앙로 119-4,567804,55422,,,,127.43008677579,35.7938482620333
MA010120220809354663,진명상사,,G2,소매,G221,기타 상품 소매,G22199,그 외 기타 상품 전문 소매업,G47859,그 외 기타 분류 안된 상품 전문 소매업,47,경상북도,47250,상주시,47250250,함창읍,4725025022,함창읍,4725025022105820003,1,대지,582,3,경상북도 상주시 함창읍 오동리 582-3,472504733245,경상북도 상주시 함창읍 모개낭1길,7,,4725025022105730002049027,,경상북도 상주시 함창읍 모개낭1길 7,742804,37114,,,,128.180783140826,36.5667358233426
MA010120220809360782,큰들농약사,,G2,소매,G221,기타 상품 소매,G22199,그 외 기타 상품 전문 소매업,G47859,그 외 기타 분류 안된 상품 전문 소매업,47,경상북도,47250,상주시,47250250,함창읍,4725025023,함창읍,4725025023101680001,1,대지,168,1,경상북도 상주시 함창읍 오사리 168-1,472503311001,경상북도 상주시 함창읍 가야로,56,,4725025023101680001000001,,경상북도 상주시 함창읍 가야로 56,742804,37117,,1,,128.179239969914,36.5658950612002
MA010120220809371194,카본플러스,,G2,소매,G221,기타 상품 소매,G22199,그 외 기타 상품 전문 소매업,G47859,그 외 기타 분류 안된 상품 전문 소매업,52,전북특별자치도,52140,익산시,52140400,금마면,5214040021,금마면,5214040021108040010,1,대지,804,10,전북특별자치도 익산시 금마면 동고도리 804-10,521404607147,전북특별자치도 익산시 금마면 금마2길,30,,4514040021108040010049375,,전북특별자치도 익산시 금마면 금마2길 30,570912,54572,,,,127.054904585877,35.9904014445389
MA010120220809356852,경북유기상회,,G2,소매,G221,기타 상품 소매,G22199,그 외 기타 상품 전문 소매업,G47859,그 외 기타 분류 안된 상품 전문 소매업,47,경상북도,47280,문경시,47280580,점촌2동,4728010100,점촌동,4728010100101590058,1,대지,159,58,경상북도 문경시 점촌동 159-58,472804736677,경상북도 문경시 중앙시장1길,2,25,4728010100101590058027766,,경상북도 문경시 중앙시장1길 2-25,745885,36954,,,,128.198060597761,36.5939745456541
MA010120220809379791,둘리인삼사,,G2,소매,G221,기타 상품 소매,G22199,그 외 기타 상품 전문 소매업,G47859,그 외 기타 분류 안된 상품 전문 소매업,47,경상북도,47210,영주시,47210250,풍기읍,4721025023,풍기읍,4721025023104460004,1,대지,446,4,경상북도 영주시 풍기읍 산법리 446-4,472103309083,경상북도 영주시 풍기읍 소백로,2156,,4721025023104460000000001,,경상북도 영주시 풍기읍 소백로 2156,750802,36041,,,,128.54068934949,36.8884940864228
MA010120220809379800,풍기홍삼,,G2,소매,G221,기타 상품 소매,G22199,그 외 기타 상품 전문 소매업,G47859,그 외 기타 분류 안된 상품 전문 소매업,47,경상북도,47210,영주시,47210250,풍기읍,4721025023,풍기읍,4721025023104460004,1,대지,446,4,경상북도 영주시 풍기읍 산법리 446-4,472103309083,경상북도 영주시 풍기읍 소백로,2156,,4721025023104460000000001,,경상북도 영주시 풍기읍 소백로 2156,750802,36041,,,,128.54068934949,36.8884940864228
MA010120220809353548,남해상사,,G2,소매,G221,기타 상품 소매,G22199,그 외 기타 상품 전문 소매업,G47859,그 외 기타 분류 안된 상품 전문 소매업,47,경상북도,47280,문경시,47280580,점촌2동,4728010100,점촌동,4728010100100910016,1,대지,91,16,경상북도 문경시 점촌동 91-16,472803304021,경상북도 문경시 신흥로,100,,4728010100100910016024269,,경상북도 문경시 신흥로 100,745887,36948,,,,128.199079941526,36.5905221425029
MA010120220809358960,성주봉마트식당,,G2,소매,G221,기타 상품 소매,G22199,그 외 기타 상품 전문 소매업,G47859,그 외 기타 분류 안된 상품 전문 소매업,47,경상북도,47250,상주시,47250440,은척면,4725044023,은척면,4725044023107080001,1,대지,708,1,경상북도 상주시 은척면 우기리 708-1,472504733640,경상북도 상주시 은척면 우기1길,35,,4725044023107080001005564,,경상북도 상주시 은척면 우기1길 35,742931,37104,,,,128.062059911593,36.5389812862816
MA010120220809373697,점촌위탁영농자,,G2,소매,G221,기타 상품 소매,G22199,그 외 기타 상품 전문 소매업,G47859,그 외 기타 분류 안된 상품 전문 소매업,47,경상북도,47280,문경시,47280320,산양면,4728032030,산양면,4728032030103690001,1,대지,369,1,경상북도 문경시 산양면 존도리 369-1,472803018043,경상북도 문경시 산양면 금천로,188,5,4728032030103690001829742,,경상북도 문경시 산양면 금천로 188-5,745822,36936,,,,128.249458040423,36.6247953037253
MA010120220809352140,명성상회,,G2,소매,G221,기타 상품 소매,G22199,그 외 기타 상품 전문 소매업,G47859,그 외 기타 분류 안된 상품 전문 소매업,47,경상북도,47250,상주시,47250410,화서면,4725041021,화서면,4725041021101280025,1,대지,128,25,경상북도 상주시 화서면 신봉리 128-25,472504733888,경상북도 상주시 화서면 화령남6길,20,1,4725041021101280026058684,,경상북도 상주시 화서면 화령남6길 20-1,742863,37139,,,,127.951996341969,36.4448603476417
MA010120220809353686,태광농약자재마트,,G2,소매,G221,기타 상품 소매,G22199,그 외 기타 상품 전문 소매업,G47859,그 외 기타 분류 안된 상품 전문 소매업,47,경상북도,47280,문경시,47280250,문경읍,4728025022,문경읍,4728025022100900001,1,대지,90,1,경상북도 문경시 문경읍 하리 90-1,472803312027,경상북도 문경시 문경읍 주흘로,31,9,4728025022100900001036621,,경상북도 문경시 문경읍 주흘로 31-9,745804,36917,,1,,128.107414749632,36.7354926147536
MA010120220809359143,신광농자재마트,,G2,소매,G221,기타 상품 소매,G22199,그 외 기타 상품 전문 소매업,G47859,그 외 기타 분류 안된 상품 전문 소매업,47,경상북도,47250,상주시,47250520,남원동,4725010700,남성동,4725010700101040004,1,대지,104,4,경상북도 상주시 남성동 104-4,472504733845,경상북도 상주시 풍물시장길,48,,4725010700101040004095503,,경상북도 상주시 풍물시장길 48,742903,37212,,,,128.162330892739,36.4130084317204
MA010120220809375629,공성농협경제사업장,,G2,소매,G221,기타 상품 소매,G22199,그 외 기타 상품 전문 소매업,G47859,그 외 기타 분류 안된 상품 전문 소매업,47,경상북도,47250,상주시,47250350,공성면,4725035022,공성면,4725035022107990002,1,대지,799,2,경상북도 상주시 공성면 금계리 799-2,472503311052,경상북도 상주시 공성면 웅산로,1222,,4725035022107990002075801,,경상북도 상주시 공성면 웅산로 1222,742841,37269,,,,128.087016882592,36.2828823948389
MA010120220809353713,대성농약,,G2,소매,G221,기타 상품 소매,G22199,그 외 기타 상품 전문 소매업,G47859,그 외 기타 분류 안된 상품 전문 소매업,47,경상북도,47250,상주시,47250410,화서면,4725041021,화서면,4725041021101320054,1,대지,132,54,경상북도 상주시 화서면 신봉리 132-54,472504733885,경상북도 상주시 화서면 화령남3길,15,1,4725041021101320054060531,,경상북도 상주시 화서면 화령남3길 15-1,742863,37139,,,,127.950896371426,36.444292392198
MA010120220809378201,무주자연약초,,G2,소매,G221,기타 상품 소매,G22199,그 외 기타 상품 전문 소매업,G47859,그 외 기타 분류 안된 상품 전문 소매업,52,전북특별자치도,52190,남원시,52190520,죽항동,5219010200,하정동,5219010200101380000,1,대지,138,,전북특별자치도 남원시 하정동 138,521904613201,전북특별자치도 남원시 동헌길,10,,4519010200101380000315997,,전북특별자치도 남원시 동헌길 10,590987,55763,,,,127.376764416568,35.4071044714302
MA010120220809350920,경선승복사,,G2,소매,G221,기타 상품 소매,G22199,그 외 기타 상품 전문 소매업,G47859,그 외 기타 분류 안된 상품 전문 소매업,47,경상북도,47280,문경시,47280590,점촌3동,4728010300,흥덕동,4728010300108060005,1,대지,806,5,경상북도 문경시 흥덕동 806-5,472804736422,경상북도 문경시 신흥1길,11,5,4728010300108060005024974,,경상북도 문경시 신흥1길 11-5,745890,36967,,,,128.203850869772,36.5998453375357
MA010120220809353853,강변농자재,,G2,소매,G221,기타 상품 소매,G22199,그 외 기타 상품 전문 소매업,G47859,그 외 기타 분류 안된 상품 전문 소매업,47,경상북도,47280,문경시,47280320,산양면,4728032033,산양면,4728032033106370001,1,대지,637,1,경상북도 문경시 산양면 반곡리 637-1,472803018039,경상북도 문경시 산양면 상무로,801,,4728032033106370001000002,,경상북도 문경시 산양면 상무로 801,745823,36937,,,,128.213279990539,36.6132118919449
MA010120220809379423,스마일정품인삼사,,G2,소매,G221,기타 상품 소매,G22199,그 외 기타 상품 전문 소매업,G47859,그 외 기타 분류 안된 상품 전문 소매업,47,경상북도,47210,영주시,47210250,풍기읍,4721025029,풍기읍,4721025029101330005,1,대지,133,5,경상북도 영주시 풍기읍 서부리 133-5,472104727534,경상북도 영주시 풍기읍 인삼로3번길,26,,4721025029101320003011874,,경상북도 영주시 풍기읍 인삼로3번길 26,750805,36025,,,,128.52577343154,36.8728468248589
MA010120220809372967,대금인삼사,,G2,소매,G221,기타 상품 소매,G22199,그 외 기타 상품 전문 소매업,G47859,그 외 기타 분류 안된 상품 전문 소매업,44,충청남도,44710,금산군,44710250,금산읍,4471025022,금산읍,4471025022104380009,1,대지,438,9,충청남도 금산군 금산읍 중도리 438-9,447104571020,충청남도 금산군 금산읍 건삼전1길,20,31,4471025022104380009019463,,충청남도 금산군 금산읍 건삼전1길 20-31,312806,32740,,,,127.492575743413,36.1008472580271
MA010120220809374797,고려유기농삼,,G2,소매,G221,기타 상품 소매,G22199,그 외 기타 상품 전문 소매업,G47859,그 외 기타 분류 안된 상품 전문 소매업,47,경상북도,47250,상주시,47250470,화남면,4725047025,화남면,4725047025101990000,1,대지,199,,경상북도 상주시 화남면 소곡리 199,472503000173,경상북도 상주시 화남면 원정소곡로,1099,3,4725047025101990000000001,,경상북도 상주시 화남면 원정소곡로 1099-3,742982,37141,,,,127.92234612584,36.4115078581548
MA010120220809371966,도일전기소방,,G2,소매,G221,기타 상품 소매,G22199,그 외 기타 상품 전문 소매업,G47859,그 외 기타 분류 안된 상품 전문 소매업,46,전라남도,46110,목포시,46110758,신흥동,4611015800,상동,4611015800109410008,1,대지,941,8,전라남도 목포시 상동 941-8,461104643651,전라남도 목포시 입암로20번길,15,,4611015800109410008053692,,전라남도 목포시 입암로20번길 15,530826,58697,,3,,126.418379171977,34.8004478843434
MA010120220809349726,상주불교,,G2,소매,G221,기타 상품 소매,G22199,그 외 기타 상품 전문 소매업,G47859,그 외 기타 분류 안된 상품 전문 소매업,47,경상북도,47250,상주시,47250520,남원동,4725010700,남성동,4725010700100120026,1,대지,12,26,경상북도 상주시 남성동 12-26,472504733135,경상북도 상주시 남성4길,30,,4725010700100120026092538,,경상북도 상주시 남성4길 30,742903,37195,,,,128.161210791719,36.4141547366708
MA010120220809362096,용궁수석,,G2,소매,G221,기타 상품 소매,G22199,그 외 기타 상품 전문 소매업,G47859,그 외 기타 분류 안된 상품 전문 소매업,47,경상북도,47280,문경시,47280360,마성면,4728036025,마성면,4728036025201720000,2,산,172,,경상북도 문경시 마성면 신현리 산172,472804736699,경상북도 문경시 마성면 진남1길,8,,4728036025101720000015596,,경상북도 문경시 마성면 진남1길 8,745862,36923,,,,128.134677989533,36.6557517196676
MA010120220809364929,공주피토락,,G2,소매,G221,기타 상품 소매,G22199,그 외 기타 상품 전문 소매업,G47859,그 외 기타 분류 안된 상품 전문 소매업,44,충청남도,44150,공주시,44150370,정안면,4415037038,정안면,4415037038101100012,1,대지,110,12,충청남도 공주시 정안면 대산리 110-12,441503251038,충청남도 공주시 정안면 정안마곡사로,151,,4415037038102930003024090,,충청남도 공주시 정안면 정안마곡사로 151,314823,32510,,,,127.107338087763,36.6174122153527
MA010120220809368000,금성상회,,G2,소매,G221,기타 상품 소매,G22199,그 외 기타 상품 전문 소매업,G47859,그 외 기타 분류 안된 상품 전문 소매업,29,광주광역시,29140,서구,29140575,양동,2914010400,양동,2914010400100050000,1,대지,5,,광주광역시 서구 양동 5,291403009007,광주광역시 서구 천변좌로,262,,2914010400100050000004876,양동시장,광주광역시 서구 천변좌로 262,502822,61925,,,,126.904442778364,35.1527820029399
MA010120220809379538,보은물산,,G2,소매,G221,기타 상품 소매,G22199,그 외 기타 상품 전문 소매업,G47859,그 외 기타 분류 안된 상품 전문 소매업,47,경상북도,47210,영주시,47210550,영주1동,4721010100,영주동,4721010100100330008,1,대지,33,8,경상북도 영주시 영주동 33-8,472103309006,경상북도 영주시 광복로,38,,4721010100100330008005236,,경상북도 영주시 광복로 38,750907,36077,,,,128.622588063307,36.8277033664172
MA010120220809362762,육농사,,G2,소매,G221,기타 상품 소매,G22199,그 외 기타 상품 전문 소매업,G47859,그 외 기타 분류 안된 상품 전문 소매업,47,경상북도,47280,문경시,47280370,농암면,4728037021,농암면,4728037021101950028,1,대지,195,28,경상북도 문경시 농암면 농암리 195-28,472804736131,경상북도 문경시 농암면 농암길,35,,4728037021101950028821690,,경상북도 문경시 농암면 농암길 35,745873,37000,,,,128.00487155694,36.6017163831416
MA010120220809348750,대구문집,,G2,소매,G221,기타 상품 소매,G22199,그 외 기타 상품 전문 소매업,G47519,"페인트, 창호 및 기타 건설자재 소매업",47,경상북도,47250,상주시,47250530,북문동,4725010900,무양동,4725010900100010306,1,대지,1,306,경상북도 상주시 무양동 1-306,472502018003,경상북도 상주시 경상대로,3089,1,4725010900100010306000001,,경상북도 상주시 경상대로 3089-1,742905,37165,,,,128.150670605363,36.4229165080152
MA010120220809351468,대일스텐알미늄,,G2,소매,G221,기타 상품 소매,G22199,그 외 기타 상품 전문 소매업,G47859,그 외 기타 분류 안된 상품 전문 소매업,47,경상북도,47250,상주시,47250560,동성동,4725010200,성동동,4725010200102300002,1,대지,230,2,경상북도 상주시 성동동 230-2,472504733129,경상북도 상주시 남문2길,86,,4725010200102300002096001,,경상북도 상주시 남문2길 86,742020,37193,,,,128.164697181699,36.4139405561675
MA010120220809354203,함창농약사,,G2,소매,G221,기타 상품 소매,G22199,그 외 기타 상품 전문 소매업,G47859,그 외 기타 분류 안된 상품 전문 소매업,47,경상북도,47250,상주시,47250250,함창읍,4725025021,함창읍,4725025021101290011,1,대지,129,11,경상북도 상주시 함창읍 구향리 129-11,472504733860,경상북도 상주시 함창읍 함창시장2길,33,,4725025021101290011049360,,경상북도 상주시 함창읍 함창시장2길 33,742802,37116,,,,128.179252011936,36.5681566836114
MA010120220809375467,대구경북능금농협공성사업소,,G2,소매,G221,기타 상품 소매,G22199,그 외 기타 상품 전문 소매업,G47859,그 외 기타 분류 안된 상품 전문 소매업,47,경상북도,47250,상주시,47250350,공성면,4725035021,공성면,4725035021100710005,1,대지,71,5,경상북도 상주시 공성면 옥산리 71-5,472504733355,경상북도 상주시 공성면 산현3길,6,,4725035021100710005073046,,경상북도 상주시 공성면 산현3길 6,742844,37267,,,,128.09615821589,36.2871063954966
MA010120220809352823,옥산총포사,,G2,소매,G221,기타 상품 소매,G22199,그 외 기타 상품 전문 소매업,G47859,그 외 기타 분류 안된 상품 전문 소매업,47,경상북도,47250,상주시,47250350,공성면,4725035027,공성면,4725035027108550005,1,대지,855,5,경상북도 상주시 공성면 산현리 855-5,472503311005,경상북도 상주시 공성면 공성중앙로,57,,4725035027108550005079417,,경상북도 상주시 공성면 공성중앙로 57,742844,37267,,,,128.092682825754,36.2829298772161
MA010120220809358058,돌돌수석원,,G2,소매,G221,기타 상품 소매,G22199,그 외 기타 상품 전문 소매업,G47859,그 외 기타 분류 안된 상품 전문 소매업,43,충청북도,43130,충주시,43130370,앙성면,4313037034,앙성면,4313037034106220007,1,대지,622,7,충청북도 충주시 앙성면 능암리 622-7,431303197001,충청북도 충주시 앙성면 가곡로,1511,,4313037034106210012055470,,충청북도 충주시 앙성면 가곡로 1511,380863,27302,,,,127.801024448373,37.0900427672828
MA010120220809354454,제일농약사,,G2,소매,G221,기타 상품 소매,G22199,그 외 기타 상품 전문 소매업,G47859,그 외 기타 분류 안된 상품 전문 소매업,47,경상북도,47250,상주시,47250560,동성동,4725010200,성동동,4725010200101660002,1,대지,166,2,경상북도 상주시 성동동 166-2,472503303047,경상북도 상주시 중앙로,261,,4725010200101660002091253,,경상북도 상주시 중앙로 261,742020,37192,,,,128.166976721696,36.4165225220979
MA010120220809360323,결세라믹디자인,,G2,소매,G221,기타 상품 소매,G22199,그 외 기타 상품 전문 소매업,G47859,그 외 기타 분류 안된 상품 전문 소매업,47,경상북도,47250,상주시,47250570,신흥동,4725011200,신봉동,4725011200105100004,1,대지,510,4,경상북도 상주시 신봉동 510-4,472502018003,경상북도 상주시 경상대로,2824,45,4725011200105100004000001,동도타운,경상북도 상주시 경상대로 2824-45,742130,37206,,,,128.150990778872,36.3992771086038
MA010120220809347486,황금목공센타,,G2,소매,G221,기타 상품 소매,G22199,그 외 기타 상품 전문 소매업,G47859,그 외 기타 분류 안된 상품 전문 소매업,47,경상북도,47250,상주시,47250520,남원동,4725010700,남성동,4725010700101130042,1,대지,113,42,경상북도 상주시 남성동 113-42,472503311009,경상북도 상주시 남성로,26,3,4725010700101130042095631,,경상북도 상주시 남성로 26-3,742903,37212,,,,128.161124729612,36.4128669774103
MA010120220809353056,모서고급포도박스,,G2,소매,G221,기타 상품 소매,G22199,그 외 기타 상품 전문 소매업,G47859,그 외 기타 분류 안된 상품 전문 소매업,47,경상북도,47250,상주시,47250390,모서면,4725039021,모서면,4725039021102430000,1,대지,243,,경상북도 상주시 모서면 삼포리 243,472504733365,경상북도 상주시 모서면 삼포3길,24,,4725039021102430000065728,,경상북도 상주시 모서면 삼포3길 24,742891,37275,,,,127.96242062308,36.3414524449289
MA010120220809358429,금강민속품,,G2,소매,G221,기타 상품 소매,G22199,그 외 기타 상품 전문 소매업,G47859,그 외 기타 분류 안된 상품 전문 소매업,47,경상북도,47280,문경시,47280360,마성면,4728036026,마성면,4728036026104750004,1,대지,475,4,경상북도 문경시 마성면 오천리 475-4,472804736174,경상북도 문경시 마성면 동성길,107,,4728036026104750004034480,,경상북도 문경시 마성면 동성길 107,745862,36922,,,,128.126728695716,36.6842923727905
MA010120220809381837,이다원인삼가,,G2,소매,G221,기타 상품 소매,G22199,그 외 기타 상품 전문 소매업,G47859,그 외 기타 분류 안된 상품 전문 소매업,47,경상북도,47210,영주시,47210250,풍기읍,4721025022,풍기읍,4721025022104870000,1,대지,487,,경상북도 영주시 풍기읍 동부리 487,472103309010,경상북도 영주시 풍기읍 기주로,26,,4721025022104870000000001,,경상북도 영주시 풍기읍 기주로 26,750803,36034,,,,128.532494112444,36.8679489365096
MA010120220809381838,산야인삼사,,G2,소매,G221,기타 상품 소매,G22199,그 외 기타 상품 전문 소매업,G47859,그 외 기타 분류 안된 상품 전문 소매업,47,경상북도,47210,영주시,47210250,풍기읍,4721025029,풍기읍,4721025029101450003,1,대지,145,3,경상북도 영주시 풍기읍 서부리 145-3,472103309053,경상북도 영주시 풍기읍 인삼로,8,,4721025029101450003011718,인삼시장,경상북도 영주시 풍기읍 인삼로 8,750805,36024,,,,128.523612585866,36.8730277243237
MA010120220809384747,대원인삼사,,G2,소매,G221,기타 상품 소매,G22199,그 외 기타 상품 전문 소매업,G47859,그 외 기타 분류 안된 상품 전문 소매업,47,경상북도,47210,영주시,47210250,풍기읍,4721025029,풍기읍,4721025029101450003,1,대지,145,3,경상북도 영주시 풍기읍 서부리 145-3,472103309053,경상북도 영주시 풍기읍 인삼로,8,,4721025029101450003011718,,경상북도 영주시 풍기읍 인삼로 8,750805,36024,,,,128.523612585866,36.8730277243237
MA010120220809387656,전국인삼사,,G2,소매,G221,기타 상품 소매,G22199,그 외 기타 상품 전문 소매업,G47859,그 외 기타 분류 안된 상품 전문 소매업,47,경상북도,47210,영주시,47210250,풍기읍,4721025029,풍기읍,4721025029101450003,1,대지,145,3,경상북도 영주시 풍기읍 서부리 145-3,472103309053,경상북도 영주시 풍기읍 인삼로,8,,4721025029101450003011718,인삼시장,경상북도 영주시 풍기읍 인삼로 8,750805,36024,,,,128.523612585866,36.8730277243237
MA010120220809387750,한국농자재,,G2,소매,G221,기타 상품 소매,G22199,그 외 기타 상품 전문 소매업,G47859,그 외 기타 분류 안된 상품 전문 소매업,47,경상북도,47920,봉화군,47920370,명호면,4792037021,명호면,4792037021102550009,1,대지,255,9,경상북도 봉화군 명호면 도천리 255-9,479204772101,경상북도 봉화군 명호면 도천길,23,1,4792037021102550009004545,,경상북도 봉화군 명호면 도천길 23-1,755862,36252,,,,128.899076680884,36.8582678413528
MA010120220809380228,동양당건재약업사,,G2,소매,G221,기타 상품 소매,G22199,그 외 기타 상품 전문 소매업,G47859,그 외 기타 분류 안된 상품 전문 소매업,47,경상북도,47210,영주시,47210250,풍기읍,4721025021,풍기읍,4721025021100350044,1,대지,35,44,경상북도 영주시 풍기읍 성내리 35-44,472104727086,경상북도 영주시 풍기읍 기주로76번길,15,5,4721025021100350056012642,,경상북도 영주시 풍기읍 기주로76번길 15-5,750805,36029,,,,128.527415295005,36.8702578479036
MA010120220809381869,예지인,,G2,소매,G221,기타 상품 소매,G22199,그 외 기타 상품 전문 소매업,G47859,그 외 기타 분류 안된 상품 전문 소매업,47,경상북도,47210,영주시,47210250,풍기읍,4721025023,풍기읍,4721025023104460004,1,대지,446,4,경상북도 영주시 풍기읍 산법리 446-4,472103309083,경상북도 영주시 풍기읍 소백로,2156,,4721025023104460000000001,선비골인삼시장,경상북도 영주시 풍기읍 소백로 2156,750802,36041,,,,128.54068934949,36.8884940864228
MA010120220809381881,부부인삼,,G2,소매,G221,기타 상품 소매,G22199,그 외 기타 상품 전문 소매업,G47859,그 외 기타 분류 안된 상품 전문 소매업,47,경상북도,47210,영주시,47210250,풍기읍,4721025022,풍기읍,4721025022104660000,1,대지,466,,경상북도 영주시 풍기읍 동부리 466,472103309010,경상북도 영주시 풍기읍 기주로,10,,4721025022104650000013772,,경상북도 영주시 풍기읍 기주로 10,750803,36034,,,,128.533960963921,36.8678399086181
MA010120220809383246,장호인삼사,,G2,소매,G221,기타 상품 소매,G22199,그 외 기타 상품 전문 소매업,G47859,그 외 기타 분류 안된 상품 전문 소매업,47,경상북도,47210,영주시,47210250,풍기읍,4721025029,풍기읍,4721025029101450003,1,대지,145,3,경상북도 영주시 풍기읍 서부리 145-3,472103309053,경상북도 영주시 풍기읍 인삼로,8,,4721025029101450003011718,,경상북도 영주시 풍기읍 인삼로 8,750805,36024,,,,128.523612585866,36.8730277243237
MA010120220809383257,정인삼사,,G2,소매,G221,기타 상품 소매,G22199,그 외 기타 상품 전문 소매업,G47859,그 외 기타 분류 안된 상품 전문 소매업,47,경상북도,47210,영주시,47210250,풍기읍,4721025023,풍기읍,4721025023104460004,1,대지,446,4,경상북도 영주시 풍기읍 산법리 446-4,472103309083,경상북도 영주시 풍기읍 소백로,2156,,4721025023104460000000001,,경상북도 영주시 풍기읍 소백로 2156,750802,36041,,1,,128.54068934949,36.8884940864228
MA010120220809384848,풍농비료,,G2,소매,G221,기타 상품 소매,G22199,그 외 기타 상품 전문 소매업,G47859,그 외 기타 분류 안된 상품 전문 소매업,47,경상북도,47900,예천군,47900250,예천읍,4790025034,예천읍,4790025034104620011,1,대지,462,11,경상북도 예천군 예천읍 우계리 462-11,479004769027,경상북도 예천군 예천읍 광대원길,52,4,4790025034104620011049587,,경상북도 예천군 예천읍 광대원길 52-4,757801,36817,,1,,128.466116051623,36.6719918552425
MA010120220809384851,수정인삼사,,G2,소매,G221,기타 상품 소매,G22199,그 외 기타 상품 전문 소매업,G47859,그 외 기타 분류 안된 상품 전문 소매업,47,경상북도,47210,영주시,47210250,풍기읍,4721025029,풍기읍,4721025029101450003,1,대지,145,3,경상북도 영주시 풍기읍 서부리 145-3,472103309053,경상북도 영주시 풍기읍 인삼로,8,,4721025029101450003011718,,경상북도 영주시 풍기읍 인삼로 8,750805,36024,,,,128.523612585866,36.8730277243237
MA010120220809384891,양지인삼사,,G2,소매,G221,기타 상품 소매,G22199,그 외 기타 상품 전문 소매업,G47859,그 외 기타 분류 안된 상품 전문 소매업,47,경상북도,47210,영주시,47210250,풍기읍,4721025022,풍기읍,4721025022104660000,1,대지,466,,경상북도 영주시 풍기읍 동부리 466,472103309010,경상북도 영주시 풍기읍 기주로,10,,4721025022104650000013772,외,경상북도 영주시 풍기읍 기주로 10,750803,36034,,,,128.533960963921,36.8678399086181
MA010120220809386111,대웅인삼사,,G2,소매,G221,기타 상품 소매,G22199,그 외 기타 상품 전문 소매업,G47859,그 외 기타 분류 안된 상품 전문 소매업,47,경상북도,47210,영주시,47210250,풍기읍,4721025029,풍기읍,4721025029101450003,1,대지,145,3,경상북도 영주시 풍기읍 서부리 145-3,472103309053,경상북도 영주시 풍기읍 인삼로,8,,4721025029101450003011718,,경상북도 영주시 풍기읍 인삼로 8,750805,36024,,,,128.523612585866,36.8730277243237
MA010120220809386118,풍기인삼명가,,G2,소매,G221,기타 상품 소매,G22199,그 외 기타 상품 전문 소매업,G47859,그 외 기타 분류 안된 상품 전문 소매업,47,경상북도,47210,영주시,47210250,풍기읍,4721025021,풍기읍,4721025021101290002,1,대지,129,2,경상북도 영주시 풍기읍 성내리 129-2,472103309053,경상북도 영주시 풍기읍 인삼로,50,,4721025021101340003010536,,경상북도 영주시 풍기읍 인삼로 50,750805,36027,,,,128.522328578741,36.8693590422868
MA010120220809386139,밭농약사,,G2,소매,G221,기타 상품 소매,G22199,그 외 기타 상품 전문 소매업,G47859,그 외 기타 분류 안된 상품 전문 소매업,47,경상북도,47900,예천군,47900400,지보면,4790040022,지보면,4790040022101400012,1,대지,140,12,경상북도 예천군 지보면 마전리 140-12,479003323016,경상북도 예천군 지보면 지보로,163,,4790040022101400012017037,,경상북도 예천군 지보면 지보로 163,757853,36853,,,,128.388018444393,36.5447964708933
MA010120220809387856,핑크러브,,G2,소매,G221,기타 상품 소매,G22199,그 외 기타 상품 전문 소매업,G47859,그 외 기타 분류 안된 상품 전문 소매업,47,경상북도,47210,영주시,47210560,영주2동,4721010100,영주동,4721010100105050004,1,대지,505,4,경상북도 영주시 영주동 505-4,472103309008,경상북도 영주시 구성로,387,,4721010100105050004006637,,경상북도 영주시 구성로 387,750910,36096,,,,128.620174282053,36.8253846628863
MA010120220809380245,법전농약사,,G2,소매,G221,기타 상품 소매,G22199,그 외 기타 상품 전문 소매업,G47859,그 외 기타 분류 안된 상품 전문 소매업,47,경상북도,47920,봉화군,47920330,법전면,4792033021,법전면,4792033021102470010,1,대지,247,10,경상북도 봉화군 법전면 법전리 247-10,479203324010,경상북도 봉화군 법전면 법전로,98,,4792033021102470010005023,,경상북도 봉화군 법전면 법전로 98,755832,36219,,,,128.87650248707,36.9107742589904
MA010120220809384958,경풍인삼사,,G2,소매,G221,기타 상품 소매,G22199,그 외 기타 상품 전문 소매업,G47859,그 외 기타 분류 안된 상품 전문 소매업,47,경상북도,47210,영주시,47210250,풍기읍,4721025029,풍기읍,4721025029101450003,1,대지,145,3,경상북도 영주시 풍기읍 서부리 145-3,472103309053,경상북도 영주시 풍기읍 인삼로,8,,4721025029101450003011718,인삼시장,경상북도 영주시 풍기읍 인삼로 8,750805,36024,,,,128.523612585866,36.8730277243237
MA010120220809384966,동주인삼사,,G2,소매,G221,기타 상품 소매,G22199,그 외 기타 상품 전문 소매업,G47859,그 외 기타 분류 안된 상품 전문 소매업,47,경상북도,47210,영주시,47210250,풍기읍,4721025029,풍기읍,4721025029101450003,1,대지,145,3,경상북도 영주시 풍기읍 서부리 145-3,472103309053,경상북도 영주시 풍기읍 인삼로,8,,4721025029101450003011718,,경상북도 영주시 풍기읍 인삼로 8,750805,36024,,,,128.523612585866,36.8730277243237
MA010120220809384972,나한불교상회,,G2,소매,G221,기타 상품 소매,G22199,그 외 기타 상품 전문 소매업,G47859,그 외 기타 분류 안된 상품 전문 소매업,47,경상북도,47210,영주시,47210560,영주2동,4721010100,영주동,4721010100105040007,1,대지,504,7,경상북도 영주시 영주동 504-7,472103309008,경상북도 영주시 구성로,377,,4721010100105040006007027,,경상북도 영주시 구성로 377,750910,36096,,,,128.620967696175,36.8247431420407
MA010120220809387898,新명산인삼사,,G2,소매,G221,기타 상품 소매,G22199,그 외 기타 상품 전문 소매업,G47859,그 외 기타 분류 안된 상품 전문 소매업,47,경상북도,47210,영주시,47210250,풍기읍,4721025029,풍기읍,4721025029101450003,1,대지,145,3,경상북도 영주시 풍기읍 서부리 145-3,472103309053,경상북도 영주시 풍기읍 인삼로,8,,4721025029101450003011718,인삼시장,경상북도 영주시 풍기읍 인삼로 8,750805,36024,,,,128.523612585866,36.8730277243237
MA010120220809380499,서울농약종묘사,,G2,소매,G221,기타 상품 소매,G22199,그 외 기타 상품 전문 소매업,G47859,그 외 기타 분류 안된 상품 전문 소매업,47,경상북도,47920,봉화군,47920340,춘양면,4792034021,춘양면,4792034021103450008,1,대지,345,8,경상북도 봉화군 춘양면 의양리 345-8,479203324019,경상북도 봉화군 춘양면 의양로,40,1,4792034021103450007002986,,경상북도 봉화군 춘양면 의양로 40-1,755847,36216,,,,128.913780727932,36.9379647754216
MA010120220809381999,대중인삼사,,G2,소매,G221,기타 상품 소매,G22199,그 외 기타 상품 전문 소매업,G47859,그 외 기타 분류 안된 상품 전문 소매업,47,경상북도,47210,영주시,47210250,풍기읍,4721025029,풍기읍,4721025029101410003,1,대지,141,3,경상북도 영주시 풍기읍 서부리 141-3,472103309053,경상북도 영주시 풍기읍 인삼로,11,1,4721025029101410004011645,,경상북도 영주시 풍기읍 인삼로 11-1,750805,36025,,,,128.524082703936,36.8724180173823
MA010120220809385040,조순화인삼사,,G2,소매,G221,기타 상품 소매,G22199,그 외 기타 상품 전문 소매업,G47859,그 외 기타 분류 안된 상품 전문 소매업,47,경상북도,47210,영주시,47210250,풍기읍,4721025022,풍기읍,4721025022104660000,1,대지,466,,경상북도 영주시 풍기읍 동부리 466,472103309010,경상북도 영주시 풍기읍 기주로,10,,4721025022104650000013772,,경상북도 영주시 풍기읍 기주로 10,750803,36034,,,,128.533960963921,36.8678399086181
MA010120220809386259,상도인삼사,,G2,소매,G221,기타 상품 소매,G22199,그 외 기타 상품 전문 소매업,G47859,그 외 기타 분류 안된 상품 전문 소매업,47,경상북도,47210,영주시,47210250,풍기읍,4721025029,풍기읍,4721025029101450003,1,대지,145,3,경상북도 영주시 풍기읍 서부리 145-3,472103309053,경상북도 영주시 풍기읍 인삼로,8,,4721025029101450003011718,인삼시장,경상북도 영주시 풍기읍 인삼로 8,750805,36024,,,,128.523612585866,36.8730277243237
MA010120220809386260,심마니인삼고을,,G2,소매,G221,기타 상품 소매,G22199,그 외 기타 상품 전문 소매업,G47859,그 외 기타 분류 안된 상품 전문 소매업,47,경상북도,47210,영주시,47210250,풍기읍,4721025022,풍기읍,4721025022104660000,1,대지,466,,경상북도 영주시 풍기읍 동부리 466,472103309010,경상북도 영주시 풍기읍 기주로,10,,4721025022104650000013772,외,경상북도 영주시 풍기읍 기주로 10,750803,36034,,,,128.533960963921,36.8678399086181
MA010120220809386361,삼포인삼사풍기홍삼사과,,G2,소매,G221,기타 상품 소매,G22199,그 외 기타 상품 전문 소매업,G47859,그 외 기타 분류 안된 상품 전문 소매업,47,경상북도,47210,영주시,47210250,풍기읍,4721025022,풍기읍,4721025022105440000,1,대지,544,,경상북도 영주시 풍기읍 동부리 544,472103309010,경상북도 영주시 풍기읍 기주로,62,,4721025022105440000012819,,경상북도 영주시 풍기읍 기주로 62,750803,36035,,,,128.529020126921,36.8691920346125
MA010120220809388228,횡재인삼,,G2,소매,G221,기타 상품 소매,G22199,그 외 기타 상품 전문 소매업,G47859,그 외 기타 분류 안된 상품 전문 소매업,47,경상북도,47210,영주시,47210250,풍기읍,4721025022,풍기읍,4721025022104660000,1,대지,466,,경상북도 영주시 풍기읍 동부리 466,472103309010,경상북도 영주시 풍기읍 기주로,10,,4721025022104650000013772,풍기인삼시장,경상북도 영주시 풍기읍 기주로 10,750803,36034,,,,128.533960963921,36.8678399086181
MA010120220809388282,심천인삼사,,G2,소매,G221,기타 상품 소매,G22199,그 외 기타 상품 전문 소매업,G47859,그 외 기타 분류 안된 상품 전문 소매업,47,경상북도,47210,영주시,47210250,풍기읍,4721025023,풍기읍,4721025023104460004,1,대지,446,4,경상북도 영주시 풍기읍 산법리 446-4,472103309083,경상북도 영주시 풍기읍 소백로,2156,,4721025023104460000000001,외,경상북도 영주시 풍기읍 소백로 2156,750802,36041,,,,128.54068934949,36.8884940864228
MA010120220809388286,풍기장안인삼사,,G2,소매,G221,기타 상품 소매,G22199,그 외 기타 상품 전문 소매업,G47859,그 외 기타 분류 안된 상품 전문 소매업,47,경상북도,47210,영주시,47210525,하망동,4721010300,하망동,4721010300103440071,1,대지,344,71,경상북도 영주시 하망동 344-71,472103309046,경상북도 영주시 영주로,232,5,4721010300103440071006748,세화빌딩,경상북도 영주시 영주로 232-5,750912,36075,,,,128.625272469944,36.8253240792533
MA010120220809388306,천지인홍삼사,,G2,소매,G221,기타 상품 소매,G22199,그 외 기타 상품 전문 소매업,G47859,그 외 기타 분류 안된 상품 전문 소매업,47,경상북도,47210,영주시,47210250,풍기읍,4721025023,풍기읍,4721025023104460004,1,대지,446,4,경상북도 영주시 풍기읍 산법리 446-4,472103309083,경상북도 영주시 풍기읍 소백로,2156,,4721025023104460000000001,외,경상북도 영주시 풍기읍 소백로 2156,750802,36041,,,,128.54068934949,36.8884940864228
MA010120220809380738,민속만물,,G2,소매,G221,기타 상품 소매,G22199,그 외 기타 상품 전문 소매업,G47859,그 외 기타 분류 안된 상품 전문 소매업,11,서울특별시,11215,광진구,11215847,자양4동,1121510500,자양동,1121510500100160024,1,대지,16,24,서울특별시 광진구 자양동 16-24,112154112311,서울특별시 광진구 아차산로24길,30,,1121510500100160023015167,,서울특별시 광진구 아차산로24길 30,143841,05071,,1,,127.064416197992,37.5398867444715
MA010120220809382123,희망의집갱생복지,,G2,소매,G221,기타 상품 소매,G22199,그 외 기타 상품 전문 소매업,G47859,그 외 기타 분류 안된 상품 전문 소매업,47,경상북도,47280,문경시,47280610,점촌5동,4728011000,모전동,4728011000101080004,1,대지,108,4,경상북도 문경시 모전동 108-4,472803018044,경상북도 문경시 모전로,80,,4728011000101080004026572,,경상북도 문경시 모전로 80,745882,36952,,,,128.1905991334,36.5883634600927
MA010120220809382129,성현불교상회,,G2,소매,G221,기타 상품 소매,G22199,그 외 기타 상품 전문 소매업,G47859,그 외 기타 분류 안된 상품 전문 소매업,47,경상북도,47210,영주시,47210550,영주1동,4721010100,영주동,4721010100103210029,1,대지,321,29,경상북도 영주시 영주동 321-29,472104727062,경상북도 영주시 구성로378번길,33,,4721010100103210029006684,,경상북도 영주시 구성로378번길 33,750906,36076,,,,128.622841499795,36.8253753110393
MA010120220809386452,유인삼마을,,G2,소매,G221,기타 상품 소매,G22199,그 외 기타 상품 전문 소매업,G47859,그 외 기타 분류 안된 상품 전문 소매업,47,경상북도,47210,영주시,47210250,풍기읍,4721025029,풍기읍,4721025029100960005,1,대지,96,5,경상북도 영주시 풍기읍 서부리 96-5,472104727534,경상북도 영주시 풍기읍 인삼로3번길,33,,4721025029100960009011887,,경상북도 영주시 풍기읍 인삼로3번길 33,750805,36025,,,,128.526173553587,36.8732291211722
MA010120220809386469,선비골풍기인견인삼,,G2,소매,G221,기타 상품 소매,G22199,그 외 기타 상품 전문 소매업,G47859,그 외 기타 분류 안된 상품 전문 소매업,47,경상북도,47210,영주시,47210250,풍기읍,4721025021,풍기읍,4721025021101910002,1,대지,191,2,경상북도 영주시 풍기읍 성내리 191-2,472103309010,경상북도 영주시 풍기읍 기주로,117,,4721025021101890002012006,,경상북도 영주시 풍기읍 기주로 117,750805,36027,,,,128.522952289895,36.8708377201476
MA010120220809388334,대정인삼사,,G2,소매,G221,기타 상품 소매,G22199,그 외 기타 상품 전문 소매업,G47859,그 외 기타 분류 안된 상품 전문 소매업,47,경상북도,47210,영주시,47210250,풍기읍,4721025023,풍기읍,4721025023104460004,1,대지,446,4,경상북도 영주시 풍기읍 산법리 446-4,472103309083,경상북도 영주시 풍기읍 소백로,2156,,4721025023104460000000001,,경상북도 영주시 풍기읍 소백로 2156,750802,36041,,,,128.54068934949,36.8884940864228
MA010120220809388335,선화인삼사,,G2,소매,G221,기타 상품 소매,G22199,그 외 기타 상품 전문 소매업,G47859,그 외 기타 분류 안된 상품 전문 소매업,47,경상북도,47210,영주시,47210250,풍기읍,4721025023,풍기읍,4721025023104460004,1,대지,446,4,경상북도 영주시 풍기읍 산법리 446-4,472103309083,경상북도 영주시 풍기읍 소백로,2156,,4721025023104460000000001,,경상북도 영주시 풍기읍 소백로 2156,750802,36041,,,,128.54068934949,36.8884940864228
MA010120220809388336,중앙인삼사,,G2,소매,G221,기타 상품 소매,G22199,그 외 기타 상품 전문 소매업,G47859,그 외 기타 분류 안된 상품 전문 소매업,47,경상북도,47210,영주시,47210250,풍기읍,4721025023,풍기읍,4721025023104460004,1,대지,446,4,경상북도 영주시 풍기읍 산법리 446-4,472103309083,경상북도 영주시 풍기읍 소백로,2156,,4721025023104460000000001,,경상북도 영주시 풍기읍 소백로 2156,750802,36041,,,,128.54068934949,36.8884940864228
MA010120220809388337,우리홍삼사,,G2,소매,G221,기타 상품 소매,G22199,그 외 기타 상품 전문 소매업,G47859,그 외 기타 분류 안된 상품 전문 소매업,47,경상북도,47210,영주시,47210250,풍기읍,4721025023,풍기읍,4721025023104460004,1,대지,446,4,경상북도 영주시 풍기읍 산법리 446-4,472103309083,경상북도 영주시 풍기읍 소백로,2156,,4721025023104460000000001,,경상북도 영주시 풍기읍 소백로 2156,750802,36041,,,,128.54068934949,36.8884940864228
MA010120220809388338,황금인삼사,,G2,소매,G221,기타 상품 소매,G22199,그 외 기타 상품 전문 소매업,G47859,그 외 기타 분류 안된 상품 전문 소매업,47,경상북도,47210,영주시,47210250,풍기읍,4721025023,풍기읍,4721025023104460004,1,대지,446,4,경상북도 영주시 풍기읍 산법리 446-4,472103309083,경상북도 영주시 풍기읍 소백로,2156,,4721025023104460000000001,,경상북도 영주시 풍기읍 소백로 2156,750802,36041,,,,128.54068934949,36.8884940864228
MA010120220809388339,삼신인삼사,,G2,소매,G221,기타 상품 소매,G22199,그 외 기타 상품 전문 소매업,G47859,그 외 기타 분류 안된 상품 전문 소매업,47,경상북도,47210,영주시,47210250,풍기읍,4721025023,풍기읍,4721025023104460004,1,대지,446,4,경상북도 영주시 풍기읍 산법리 446-4,472103309083,경상북도 영주시 풍기읍 소백로,2156,,4721025023104460000000001,외,경상북도 영주시 풍기읍 소백로 2156,750802,36041,,,,128.54068934949,36.8884940864228
MA010120220809388341,풍기인삼향기,,G2,소매,G221,기타 상품 소매,G22199,그 외 기타 상품 전문 소매업,G47859,그 외 기타 분류 안된 상품 전문 소매업,47,경상북도,47210,영주시,47210250,풍기읍,4721025023,풍기읍,4721025023104460004,1,대지,446,4,경상북도 영주시 풍기읍 산법리 446-4,472103309083,경상북도 영주시 풍기읍 소백로,2156,,4721025023104460000000001,풍기선비골인삼시장,경상북도 영주시 풍기읍 소백로 2156,750802,36041,,,,128.54068934949,36.8884940864228
MA010120220809380872,제일인삼사,,G2,소매,G221,기타 상품 소매,G22199,그 외 기타 상품 전문 소매업,G47859,그 외 기타 분류 안된 상품 전문 소매업,47,경상북도,47210,영주시,47210250,풍기읍,4721025023,풍기읍,4721025023104460004,1,대지,446,4,경상북도 영주시 풍기읍 산법리 446-4,472103309083,경상북도 영주시 풍기읍 소백로,2156,,4721025023104460000000001,외,경상북도 영주시 풍기읍 소백로 2156,750802,36041,,,,128.54068934949,36.8884940864228
MA010120220809383776,천지은인삼사,,G2,소매,G221,기타 상품 소매,G22199,그 외 기타 상품 전문 소매업,G47859,그 외 기타 분류 안된 상품 전문 소매업,47,경상북도,47210,영주시,47210250,풍기읍,4721025032,풍기읍,4721025032101600006,1,대지,160,6,경상북도 영주시 풍기읍 창락리 160-6,472103309091,경상북도 영주시 풍기읍 죽령로,1365,,4721025032101600006012167,,경상북도 영주시 풍기읍 죽령로 1365,750804,36020,,,,128.480390874641,36.8846475649869
MA010120220809386554,부부인삼농원,,G2,소매,G221,기타 상품 소매,G22199,그 외 기타 상품 전문 소매업,G47859,그 외 기타 분류 안된 상품 전문 소매업,47,경상북도,47210,영주시,47210250,풍기읍,4721025028,풍기읍,4721025028102030001,1,대지,203,1,경상북도 영주시 풍기읍 교촌리 203-1,472104727182,경상북도 영주시 풍기읍 동양대로129번길,140,9,4721025028102030001007533,,경상북도 영주시 풍기읍 동양대로129번길 140-9,750801,36019,,,,128.528466789807,36.8841919700331
MA010120220809381135,영주포장,,G2,소매,G221,기타 상품 소매,G22199,그 외 기타 상품 전문 소매업,G47859,그 외 기타 분류 안된 상품 전문 소매업,47,경상북도,47210,영주시,47210630,가흥2동,4721010500,가흥동,4721010500104470001,1,대지,447,1,경상북도 영주시 가흥동 447-1,472104727430,경상북도 영주시 영주로53번길,167,,4721010500104470001000002,,경상북도 영주시 영주로53번길 167,750902,36057,,,,128.609607004847,36.8281321291495
MA010120220809382354,풍일인삼사,,G2,소매,G221,기타 상품 소매,G22199,그 외 기타 상품 전문 소매업,G47859,그 외 기타 분류 안된 상품 전문 소매업,47,경상북도,47210,영주시,47210250,풍기읍,4721025029,풍기읍,4721025029101450003,1,대지,145,3,경상북도 영주시 풍기읍 서부리 145-3,472103309053,경상북도 영주시 풍기읍 인삼로,8,,4721025029101450003011718,풍기인삼시장,경상북도 영주시 풍기읍 인삼로 8,750805,36024,,,,128.523612585866,36.8730277243237
MA010120220809383973,한아에쎄스,,G2,소매,G221,기타 상품 소매,G22199,그 외 기타 상품 전문 소매업,G47859,그 외 기타 분류 안된 상품 전문 소매업,47,경상북도,47920,봉화군,47920250,봉화읍,4792025026,봉화읍,4792025026106150001,1,대지,615,1,경상북도 봉화군 봉화읍 해저리 615-1,479203309081,경상북도 봉화군 봉화읍 봉화로,1006,,4792025026106150001006335,,경상북도 봉화군 봉화읍 봉화로 1006,755804,36236,,,,128.719770727954,36.8926949318588
MA010120220809385369,풍기환웅홍삼,,G2,소매,G221,기타 상품 소매,G22199,그 외 기타 상품 전문 소매업,G47859,그 외 기타 분류 안된 상품 전문 소매업,47,경상북도,47210,영주시,47210250,풍기읍,4721025022,풍기읍,4721025022104660000,1,대지,466,,경상북도 영주시 풍기읍 동부리 466,472103309010,경상북도 영주시 풍기읍 기주로,10,,4721025022104650000013772,풍기인삼홍삼센터,경상북도 영주시 풍기읍 기주로 10,750803,36034,,,,128.533960963921,36.8678399086181
MA010120220809385388,대영인삼사,,G2,소매,G221,기타 상품 소매,G22199,그 외 기타 상품 전문 소매업,G47859,그 외 기타 분류 안된 상품 전문 소매업,47,경상북도,47210,영주시,47210250,풍기읍,4721025029,풍기읍,4721025029101450003,1,대지,145,3,경상북도 영주시 풍기읍 서부리 145-3,472103309053,경상북도 영주시 풍기읍 인삼로,8,,4721025029101450003011718,,경상북도 영주시 풍기읍 인삼로 8,750805,36024,,,,128.523612585866,36.8730277243237
MA010120220809381223,큰뿌리인삼사,,G2,소매,G221,기타 상품 소매,G22199,그 외 기타 상품 전문 소매업,G47859,그 외 기타 분류 안된 상품 전문 소매업,47,경상북도,47210,영주시,47210250,풍기읍,4721025029,풍기읍,4721025029101450003,1,대지,145,3,경상북도 영주시 풍기읍 서부리 145-3,472103309053,경상북도 영주시 풍기읍 인삼로,8,,4721025029101450003011718,인삼시장,경상북도 영주시 풍기읍 인삼로 8,750805,36024,,,,128.523612585866,36.8730277243237
MA010120220809385449,일월인삼사,,G2,소매,G221,기타 상품 소매,G22199,그 외 기타 상품 전문 소매업,G47859,그 외 기타 분류 안된 상품 전문 소매업,47,경상북도,47210,영주시,47210250,풍기읍,4721025029,풍기읍,4721025029101450003,1,대지,145,3,경상북도 영주시 풍기읍 서부리 145-3,472103309053,경상북도 영주시 풍기읍 인삼로,8,,4721025029101450003011718,,경상북도 영주시 풍기읍 인삼로 8,750805,36024,,,,128.523612585866,36.8730277243237
MA010120220809386914,행운인삼사,,G2,소매,G221,기타 상품 소매,G22199,그 외 기타 상품 전문 소매업,G47859,그 외 기타 분류 안된 상품 전문 소매업,47,경상북도,47210,영주시,47210250,풍기읍,4721025023,풍기읍,4721025023104460004,1,대지,446,4,경상북도 영주시 풍기읍 산법리 446-4,472103309083,경상북도 영주시 풍기읍 소백로,2156,,4721025023104460000000001,외,경상북도 영주시 풍기읍 소백로 2156,750802,36041,,,,128.54068934949,36.8884940864228
MA010120220809386923,태성인삼사,,G2,소매,G221,기타 상품 소매,G22199,그 외 기타 상품 전문 소매업,G47859,그 외 기타 분류 안된 상품 전문 소매업,47,경상북도,47210,영주시,47210250,풍기읍,4721025022,풍기읍,4721025022104660000,1,대지,466,,경상북도 영주시 풍기읍 동부리 466,472103309010,경상북도 영주시 풍기읍 기주로,10,,4721025022104650000013772,풍기인삼시장,경상북도 영주시 풍기읍 기주로 10,750803,36034,,,,128.533960963921,36.8678399086181
MA010120220809386926,명인인삼사,,G2,소매,G221,기타 상품 소매,G22199,그 외 기타 상품 전문 소매업,G47859,그 외 기타 분류 안된 상품 전문 소매업,47,경상북도,47210,영주시,47210250,풍기읍,4721025022,풍기읍,4721025022104660000,1,대지,466,,경상북도 영주시 풍기읍 동부리 466,472103309010,경상북도 영주시 풍기읍 기주로,10,,4721025022104650000013772,외,경상북도 영주시 풍기읍 기주로 10,750803,36034,,,,128.533960963921,36.8678399086181
MA010120220809386961,대성인삼,,G2,소매,G221,기타 상품 소매,G22199,그 외 기타 상품 전문 소매업,G47859,그 외 기타 분류 안된 상품 전문 소매업,47,경상북도,47210,영주시,47210250,풍기읍,4721025022,풍기읍,4721025022104660000,1,대지,466,,경상북도 영주시 풍기읍 동부리 466,472103309010,경상북도 영주시 풍기읍 기주로,10,,4721025022104650000013772,,경상북도 영주시 풍기읍 기주로 10,750803,36034,,,,128.533960963921,36.8678399086181
MA010120220809382592,대경인삼,,G2,소매,G221,기타 상품 소매,G22199,그 외 기타 상품 전문 소매업,G47859,그 외 기타 분류 안된 상품 전문 소매업,47,경상북도,47210,영주시,47210250,풍기읍,4721025022,풍기읍,4721025022104660000,1,대지,466,,경상북도 영주시 풍기읍 동부리 466,472103309010,경상북도 영주시 풍기읍 기주로,10,,4721025022104650000013772,수삼센터,경상북도 영주시 풍기읍 기주로 10,750803,36034,,,,128.533960963921,36.8678399086181
MA010120220809384129,환경농자재,,G2,소매,G221,기타 상품 소매,G22199,그 외 기타 상품 전문 소매업,G47859,그 외 기타 분류 안된 상품 전문 소매업,47,경상북도,47210,영주시,47210250,풍기읍,4721025022,풍기읍,4721025022104550010,1,대지,455,10,경상북도 영주시 풍기읍 동부리 455-10,472104727175,경상북도 영주시 풍기읍 동성로2번길,45,19,4721025022104550010000001,,경상북도 영주시 풍기읍 동성로2번길 45-19,750803,36036,,,,128.533741831475,36.8697799110841
MA010120220809384163,상록인삼사,,G2,소매,G221,기타 상품 소매,G22199,그 외 기타 상품 전문 소매업,G47859,그 외 기타 분류 안된 상품 전문 소매업,47,경상북도,47210,영주시,47210250,풍기읍,4721025029,풍기읍,4721025029101390004,1,대지,139,4,경상북도 영주시 풍기읍 서부리 139-4,472103309077,경상북도 영주시 풍기읍 동성로,108,27,4721025029101390005011734,,경상북도 영주시 풍기읍 동성로 108-27,750805,36025,,,,128.524712066354,36.8730496613962
MA010120220809386963,금장인삼,,G2,소매,G221,기타 상품 소매,G22199,그 외 기타 상품 전문 소매업,G47859,그 외 기타 분류 안된 상품 전문 소매업,47,경상북도,47210,영주시,47210250,풍기읍,4721025022,풍기읍,4721025022104660000,1,대지,466,,경상북도 영주시 풍기읍 동부리 466,472103309010,경상북도 영주시 풍기읍 기주로,10,,4721025022104650000013772,수삼센터,경상북도 영주시 풍기읍 기주로 10,750803,36034,,,,128.533960963921,36.8678399086181
MA010120220809386964,팔도인삼,,G2,소매,G221,기타 상품 소매,G22199,그 외 기타 상품 전문 소매업,G47859,그 외 기타 분류 안된 상품 전문 소매업,47,경상북도,47210,영주시,47210250,풍기읍,4721025022,풍기읍,4721025022104660000,1,대지,466,,경상북도 영주시 풍기읍 동부리 466,472103309010,경상북도 영주시 풍기읍 기주로,10,,4721025022104650000013772,풍기인삼홍삼센터,경상북도 영주시 풍기읍 기주로 10,750803,36034,,1,,128.533960963921,36.8678399086181
MA010120220809386965,대진인삼,,G2,소매,G221,기타 상품 소매,G22199,그 외 기타 상품 전문 소매업,G47859,그 외 기타 분류 안된 상품 전문 소매업,47,경상북도,47210,영주시,47210250,풍기읍,4721025022,풍기읍,4721025022104660000,1,대지,466,,경상북도 영주시 풍기읍 동부리 466,472103309010,경상북도 영주시 풍기읍 기주로,10,,4721025022104650000013772,홍삼인삼센터,경상북도 영주시 풍기읍 기주로 10,750803,36034,,,,128.533960963921,36.8678399086181
MA010120220809386966,태양인삼사,,G2,소매,G221,기타 상품 소매,G22199,그 외 기타 상품 전문 소매업,G47859,그 외 기타 분류 안된 상품 전문 소매업,47,경상북도,47210,영주시,47210250,풍기읍,4721025029,풍기읍,4721025029101450003,1,대지,145,3,경상북도 영주시 풍기읍 서부리 145-3,472103309053,경상북도 영주시 풍기읍 인삼로,8,,4721025029101450003011718,인삼시장,경상북도 영주시 풍기읍 인삼로 8,750805,36024,,,,128.523612585866,36.8730277243237
MA010120220809386970,연화인삼,,G2,소매,G221,기타 상품 소매,G22199,그 외 기타 상품 전문 소매업,G47859,그 외 기타 분류 안된 상품 전문 소매업,47,경상북도,47210,영주시,47210250,풍기읍,4721025022,풍기읍,4721025022104660000,1,대지,466,,경상북도 영주시 풍기읍 동부리 466,472103309010,경상북도 영주시 풍기읍 기주로,10,,4721025022104650000013772,,경상북도 영주시 풍기읍 기주로 10,750803,36034,,,,128.533960963921,36.8678399086181
MA010120220809386971,매일인삼,,G2,소매,G221,기타 상품 소매,G22199,그 외 기타 상품 전문 소매업,G47859,그 외 기타 분류 안된 상품 전문 소매업,47,경상북도,47210,영주시,47210250,풍기읍,4721025022,풍기읍,4721025022104660000,1,대지,466,,경상북도 영주시 풍기읍 동부리 466,472103309010,경상북도 영주시 풍기읍 기주로,10,,4721025022104650000013772,풍기인삼홍삼센터,경상북도 영주시 풍기읍 기주로 10,750803,36034,,,,128.533960963921,36.8678399086181
MA010120220809386972,풍기장수인삼마을,,G2,소매,G221,기타 상품 소매,G22199,그 외 기타 상품 전문 소매업,G47859,그 외 기타 분류 안된 상품 전문 소매업,47,경상북도,47210,영주시,47210250,풍기읍,4721025022,풍기읍,4721025022104660000,1,대지,466,,경상북도 영주시 풍기읍 동부리 466,472103309010,경상북도 영주시 풍기읍 기주로,10,,4721025022104650000013772,,경상북도 영주시 풍기읍 기주로 10,750803,36034,,,,128.533960963921,36.8678399086181
MA010120220809386983,수억인삼,,G2,소매,G221,기타 상품 소매,G22199,그 외 기타 상품 전문 소매업,G47859,그 외 기타 분류 안된 상품 전문 소매업,47,경상북도,47210,영주시,47210250,풍기읍,4721025022,풍기읍,4721025022104660000,1,대지,466,,경상북도 영주시 풍기읍 동부리 466,472103309010,경상북도 영주시 풍기읍 기주로,10,,4721025022104650000013772,수삼센터,경상북도 영주시 풍기읍 기주로 10,750803,36034,,,,128.533960963921,36.8678399086181
MA010120220809387030,인삼원,,G2,소매,G221,기타 상품 소매,G22199,그 외 기타 상품 전문 소매업,G47859,그 외 기타 분류 안된 상품 전문 소매업,47,경상북도,47210,영주시,47210250,풍기읍,4721025023,풍기읍,4721025023104460004,1,대지,446,4,경상북도 영주시 풍기읍 산법리 446-4,472103309083,경상북도 영주시 풍기읍 소백로,2156,,4721025023104460000000001,,경상북도 영주시 풍기읍 소백로 2156,750802,36041,,,,128.54068934949,36.8884940864228
MA010120220809387082,작물농약팜마트,,G2,소매,G221,기타 상품 소매,G22199,그 외 기타 상품 전문 소매업,G47859,그 외 기타 분류 안된 상품 전문 소매업,47,경상북도,47900,예천군,47900250,예천읍,4790025033,예천읍,4790025033106010004,1,대지,601,4,경상북도 예천군 예천읍 통명리 601-4,479003305021,경상북도 예천군 예천읍 보문로,61,17,4790025033106010004000001,,경상북도 예천군 예천읍 보문로 61-17,757801,36818,,,,128.472104227681,36.6581049170803
MA010120220809381525,청우인삼사,,G2,소매,G221,기타 상품 소매,G22199,그 외 기타 상품 전문 소매업,G47859,그 외 기타 분류 안된 상품 전문 소매업,47,경상북도,47210,영주시,47210250,풍기읍,4721025023,풍기읍,4721025023104460004,1,대지,446,4,경상북도 영주시 풍기읍 산법리 446-4,472103309083,경상북도 영주시 풍기읍 소백로,2156,,4721025023104460000000001,,경상북도 영주시 풍기읍 소백로 2156,750802,36041,,,,128.54068934949,36.8884940864228
MA010120220809384334,소망인삼사,,G2,소매,G221,기타 상품 소매,G22199,그 외 기타 상품 전문 소매업,G47859,그 외 기타 분류 안된 상품 전문 소매업,47,경상북도,47210,영주시,47210250,풍기읍,4721025029,풍기읍,4721025029101450003,1,대지,145,3,경상북도 영주시 풍기읍 서부리 145-3,472103309053,경상북도 영주시 풍기읍 인삼로,8,,4721025029101450003011718,,경상북도 영주시 풍기읍 인삼로 8,750805,36024,,,,128.523612585866,36.8730277243237
MA010120220809384346,태극인삼사,,G2,소매,G221,기타 상품 소매,G22199,그 외 기타 상품 전문 소매업,G47859,그 외 기타 분류 안된 상품 전문 소매업,47,경상북도,47210,영주시,47210250,풍기읍,4721025029,풍기읍,4721025029101450003,1,대지,145,3,경상북도 영주시 풍기읍 서부리 145-3,472103309053,경상북도 영주시 풍기읍 인삼로,8,,4721025029101450003011718,,경상북도 영주시 풍기읍 인삼로 8,750805,36024,,,,128.523612585866,36.8730277243237
MA010120220809384357,광명인삼사,,G2,소매,G221,기타 상품 소매,G22199,그 외 기타 상품 전문 소매업,G47859,그 외 기타 분류 안된 상품 전문 소매업,47,경상북도,47210,영주시,47210250,풍기읍,4721025022,풍기읍,4721025022104660000,1,대지,466,,경상북도 영주시 풍기읍 동부리 466,472103309010,경상북도 영주시 풍기읍 기주로,10,,4721025022104650000013772,풍기수삼센터,경상북도 영주시 풍기읍 기주로 10,750803,36034,,,,128.533960963921,36.8678399086181
MA010120220809384367,대한인삼사,,G2,소매,G221,기타 상품 소매,G22199,그 외 기타 상품 전문 소매업,G47859,그 외 기타 분류 안된 상품 전문 소매업,47,경상북도,47210,영주시,47210250,풍기읍,4721025029,풍기읍,4721025029101450003,1,대지,145,3,경상북도 영주시 풍기읍 서부리 145-3,472103309053,경상북도 영주시 풍기읍 인삼로,8,,4721025029101450003011718,인삼시장,경상북도 영주시 풍기읍 인삼로 8,750805,36024,,,,128.523612585866,36.8730277243237
MA010120220809384371,미르인삼사,,G2,소매,G221,기타 상품 소매,G22199,그 외 기타 상품 전문 소매업,G47859,그 외 기타 분류 안된 상품 전문 소매업,47,경상북도,47210,영주시,47210250,풍기읍,4721025029,풍기읍,4721025029101380003,1,대지,138,3,경상북도 영주시 풍기읍 서부리 138-3,472104727534,경상북도 영주시 풍기읍 인삼로3번길,5,,4721025029101380003011724,,경상북도 영주시 풍기읍 인삼로3번길 5,750805,36025,,,,128.524616173166,36.8733031750914
MA010120220809384374,수원인삼사,,G2,소매,G221,기타 상품 소매,G22199,그 외 기타 상품 전문 소매업,G47859,그 외 기타 분류 안된 상품 전문 소매업,47,경상북도,47210,영주시,47210250,풍기읍,4721025029,풍기읍,4721025029101450003,1,대지,145,3,경상북도 영주시 풍기읍 서부리 145-3,472103309053,경상북도 영주시 풍기읍 인삼로,8,,4721025029101450003011718,인삼시장,경상북도 영주시 풍기읍 인삼로 8,750805,36024,,,,128.523612585866,36.8730277243237
MA010120220809385700,한국바이오비료,대리점,G2,소매,G221,기타 상품 소매,G22199,그 외 기타 상품 전문 소매업,G47859,그 외 기타 분류 안된 상품 전문 소매업,47,경상북도,47210,영주시,47210250,풍기읍,4721025023,풍기읍,4721025023100310002,1,대지,31,2,경상북도 영주시 풍기읍 산법리 31-2,472103309083,경상북도 영주시 풍기읍 소백로,2048,37,4721025023100310002016775,,경상북도 영주시 풍기읍 소백로 2048-37,750802,36041,,,,128.543513287308,36.8816728431073
MA010120220809387214,한마음인삼사,,G2,소매,G221,기타 상품 소매,G22199,그 외 기타 상품 전문 소매업,G47859,그 외 기타 분류 안된 상품 전문 소매업,47,경상북도,47210,영주시,47210250,풍기읍,4721025029,풍기읍,4721025029101450003,1,대지,145,3,경상북도 영주시 풍기읍 서부리 145-3,472103309053,경상북도 영주시 풍기읍 인삼로,8,,4721025029101450003011718,,경상북도 영주시 풍기읍 인삼로 8,750805,36024,,,,128.523612585866,36.8730277243237
MA010120220809381600,한동팜농자재,,G2,소매,G221,기타 상품 소매,G22199,그 외 기타 상품 전문 소매업,G47859,그 외 기타 분류 안된 상품 전문 소매업,47,경상북도,47920,봉화군,47920250,봉화읍,4792025023,봉화읍,4792025023102780004,1,대지,278,4,경상북도 봉화군 봉화읍 유곡리 278-4,479203324004,경상북도 봉화군 봉화읍 다덕로,350,,4792025023102780004025153,,경상북도 봉화군 봉화읍 다덕로 350,755801,36241,,,,128.772247483145,36.9068617990365
MA010120220809384375,한보인삼사,,G2,소매,G221,기타 상품 소매,G22199,그 외 기타 상품 전문 소매업,G47859,그 외 기타 분류 안된 상품 전문 소매업,47,경상북도,47210,영주시,47210250,풍기읍,4721025029,풍기읍,4721025029101450003,1,대지,145,3,경상북도 영주시 풍기읍 서부리 145-3,472103309053,경상북도 영주시 풍기읍 인삼로,8,,4721025029101450003011718,,경상북도 영주시 풍기읍 인삼로 8,750805,36024,,,,128.523612585866,36.8730277243237
MA010120220809384377,대구우경인삼사,,G2,소매,G221,기타 상품 소매,G22199,그 외 기타 상품 전문 소매업,G47859,그 외 기타 분류 안된 상품 전문 소매업,47,경상북도,47210,영주시,47210250,풍기읍,4721025022,풍기읍,4721025022104660000,1,대지,466,,경상북도 영주시 풍기읍 동부리 466,472103309010,경상북도 영주시 풍기읍 기주로,10,,4721025022104650000013772,,경상북도 영주시 풍기읍 기주로 10,750803,36034,,,,128.533960963921,36.8678399086181
MA010120220809384379,현대만석인삼사,,G2,소매,G221,기타 상품 소매,G22199,그 외 기타 상품 전문 소매업,G47859,그 외 기타 분류 안된 상품 전문 소매업,47,경상북도,47210,영주시,47210250,풍기읍,4721025029,풍기읍,4721025029101450003,1,대지,145,3,경상북도 영주시 풍기읍 서부리 145-3,472103309053,경상북도 영주시 풍기읍 인삼로,8,,4721025029101450003011718,인삼시장,경상북도 영주시 풍기읍 인삼로 8,750805,36024,,,,128.523612585866,36.8730277243237
MA010120220809384380,국제인삼사,,G2,소매,G221,기타 상품 소매,G22199,그 외 기타 상품 전문 소매업,G47859,그 외 기타 분류 안된 상품 전문 소매업,47,경상북도,47210,영주시,47210250,풍기읍,4721025029,풍기읍,4721025029101450003,1,대지,145,3,경상북도 영주시 풍기읍 서부리 145-3,472103309053,경상북도 영주시 풍기읍 인삼로,8,,4721025029101450003011718,,경상북도 영주시 풍기읍 인삼로 8,750805,36024,,,,128.523612585866,36.8730277243237
MA010120220809384389,자연인삼사,,G2,소매,G221,기타 상품 소매,G22199,그 외 기타 상품 전문 소매업,G47859,그 외 기타 분류 안된 상품 전문 소매업,47,경상북도,47210,영주시,47210250,풍기읍,4721025023,풍기읍,4721025023104460004,1,대지,446,4,경상북도 영주시 풍기읍 산법리 446-4,472103309083,경상북도 영주시 풍기읍 소백로,2156,,4721025023104460000000001,외,경상북도 영주시 풍기읍 소백로 2156,750802,36041,,,,128.54068934949,36.8884940864228
MA010120220809379964,흥농농약사,,G2,소매,G221,기타 상품 소매,G22199,그 외 기타 상품 전문 소매업,G47859,그 외 기타 분류 안된 상품 전문 소매업,47,경상북도,47210,영주시,47210525,하망동,4721010300,하망동,4721010300103390003,1,대지,339,3,경상북도 영주시 하망동 339-3,472104727245,경상북도 영주시 번영로132번길,16,,4721010300103390004000002,,경상북도 영주시 번영로132번길 16,750912,36082,,,,128.627025541898,36.8239575994105
MA010120220809384484,풍기고려인삼사,,G2,소매,G221,기타 상품 소매,G22199,그 외 기타 상품 전문 소매업,G47859,그 외 기타 분류 안된 상품 전문 소매업,47,경상북도,47210,영주시,47210250,풍기읍,4721025029,풍기읍,4721025029101420003,1,대지,142,3,경상북도 영주시 풍기읍 서부리 142-3,472103309053,경상북도 영주시 풍기읍 인삼로,10,,4721025029101420008011646,,경상북도 영주시 풍기읍 인삼로 10,750805,36024,,,,128.523728221448,36.8726388064707
MA010120220809384531,천하인삼사,,G2,소매,G221,기타 상품 소매,G22199,그 외 기타 상품 전문 소매업,G47859,그 외 기타 분류 안된 상품 전문 소매업,47,경상북도,47210,영주시,47210250,풍기읍,4721025029,풍기읍,4721025029101450003,1,대지,145,3,경상북도 영주시 풍기읍 서부리 145-3,472103309053,경상북도 영주시 풍기읍 인삼로,8,,4721025029101450003011718,,경상북도 영주시 풍기읍 인삼로 8,750805,36024,,,,128.523612585866,36.8730277243237
MA010120220809384535,화신인삼사,,G2,소매,G221,기타 상품 소매,G22199,그 외 기타 상품 전문 소매업,G47859,그 외 기타 분류 안된 상품 전문 소매업,47,경상북도,47210,영주시,47210250,풍기읍,4721025029,풍기읍,4721025029101400003,1,대지,140,3,경상북도 영주시 풍기읍 서부리 140-3,472103309053,경상북도 영주시 풍기읍 인삼로,7,,4721025029101400003011715,,경상북도 영주시 풍기읍 인삼로 7,750805,36025,,,,128.5242719386,36.8729111464196
MA010120220809384536,단산인삼사,,G2,소매,G221,기타 상품 소매,G22199,그 외 기타 상품 전문 소매업,G47859,그 외 기타 분류 안된 상품 전문 소매업,47,경상북도,47210,영주시,47210250,풍기읍,4721025022,풍기읍,4721025022104660000,1,대지,466,,경상북도 영주시 풍기읍 동부리 466,472103309010,경상북도 영주시 풍기읍 기주로,10,,4721025022104650000013772,수삼센터,경상북도 영주시 풍기읍 기주로 10,750803,36034,,,,128.533960963921,36.8678399086181
MA010120220809385869,대장금인삼사,,G2,소매,G221,기타 상품 소매,G22199,그 외 기타 상품 전문 소매업,G47859,그 외 기타 분류 안된 상품 전문 소매업,47,경상북도,47210,영주시,47210250,풍기읍,4721025021,풍기읍,4721025021101310002,1,대지,131,2,경상북도 영주시 풍기읍 성내리 131-2,472103309053,경상북도 영주시 풍기읍 인삼로,44,,4721025021101310002000001,대림빌딩,경상북도 영주시 풍기읍 인삼로 44,750805,36027,,,,128.522607842988,36.8698690412015
MA010120220809385873,풍년인삼사,,G2,소매,G221,기타 상품 소매,G22199,그 외 기타 상품 전문 소매업,G47859,그 외 기타 분류 안된 상품 전문 소매업,47,경상북도,47210,영주시,47210250,풍기읍,4721025029,풍기읍,4721025029101380012,1,대지,138,12,경상북도 영주시 풍기읍 서부리 138-12,472104727534,경상북도 영주시 풍기읍 인삼로3번길,3,,4721025029101380012000001,,경상북도 영주시 풍기읍 인삼로3번길 3,750805,36025,,,,128.524481809187,36.8733139091794
MA010120220809385878,순흥인삼사,,G2,소매,G221,기타 상품 소매,G22199,그 외 기타 상품 전문 소매업,G47859,그 외 기타 분류 안된 상품 전문 소매업,47,경상북도,47210,영주시,47210250,풍기읍,4721025029,풍기읍,4721025029101380003,1,대지,138,3,경상북도 영주시 풍기읍 서부리 138-3,472104727534,경상북도 영주시 풍기읍 인삼로3번길,5,,4721025029101380003011724,,경상북도 영주시 풍기읍 인삼로3번길 5,750805,36025,,,,128.524616173166,36.8733031750914
MA010120220809387499,동신인삼위탁직매장,,G2,소매,G221,기타 상품 소매,G22199,그 외 기타 상품 전문 소매업,G47859,그 외 기타 분류 안된 상품 전문 소매업,47,경상북도,47210,영주시,47210250,풍기읍,4721025029,풍기읍,4721025029101400003,1,대지,140,3,경상북도 영주시 풍기읍 서부리 140-3,472103309053,경상북도 영주시 풍기읍 인삼로,7,,4721025029101400003011715,,경상북도 영주시 풍기읍 인삼로 7,750805,36025,,,,128.5242719386,36.8729111464196
MA010120220809383167,고향인삼사,,G2,소매,G221,기타 상품 소매,G22199,그 외 기타 상품 전문 소매업,G47859,그 외 기타 분류 안된 상품 전문 소매업,47,경상북도,47210,영주시,47210250,풍기읍,4721025023,풍기읍,4721025023104460004,1,대지,446,4,경상북도 영주시 풍기읍 산법리 446-4,472103309083,경상북도 영주시 풍기읍 소백로,2156,,4721025023104460000000001,선비골인삼시장,경상북도 영주시 풍기읍 소백로 2156,750802,36041,,,,128.54068934949,36.8884940864228
MA010120220809384587,풍기금계인삼사,,G2,소매,G221,기타 상품 소매,G22199,그 외 기타 상품 전문 소매업,G47859,그 외 기타 분류 안된 상품 전문 소매업,47,경상북도,47210,영주시,47210250,풍기읍,4721025029,풍기읍,4721025029101420005,1,대지,142,5,경상북도 영주시 풍기읍 서부리 142-5,472103309053,경상북도 영주시 풍기읍 인삼로,14,,4721025029101420007000001,,경상북도 영주시 풍기읍 인삼로 14,750805,36024,,,,128.523656476842,36.8724144735331
MA010120220809384676,풍기인삼종합전시장,,G2,소매,G221,기타 상품 소매,G22199,그 외 기타 상품 전문 소매업,G47859,그 외 기타 분류 안된 상품 전문 소매업,47,경상북도,47210,영주시,47210250,풍기읍,4721025029,풍기읍,4721025029101410001,1,대지,141,1,경상북도 영주시 풍기읍 서부리 141-1,472103309053,경상북도 영주시 풍기읍 인삼로,9,,4721025029101410001011714,,경상북도 영주시 풍기읍 인삼로 9,750805,36025,,,,128.524200550153,36.8727048295035
MA010120220809385969,인삼명가송방,,G2,소매,G221,기타 상품 소매,G22199,그 외 기타 상품 전문 소매업,G47859,그 외 기타 분류 안된 상품 전문 소매업,47,경상북도,47210,영주시,47210250,풍기읍,4721025029,풍기읍,4721025029101450003,1,대지,145,3,경상북도 영주시 풍기읍 서부리 145-3,472104727532,경상북도 영주시 풍기읍 인삼로10번길,10,,4721025029101450012011679,,경상북도 영주시 풍기읍 인삼로10번길 10,750805,36024,,,,128.523288693554,36.8730949478755
MA010120220809387635,홍익인삼사,,G2,소매,G221,기타 상품 소매,G22199,그 외 기타 상품 전문 소매업,G47859,그 외 기타 분류 안된 상품 전문 소매업,47,경상북도,47210,영주시,47210250,풍기읍,4721025022,풍기읍,4721025022104660000,1,대지,466,,경상북도 영주시 풍기읍 동부리 466,472103309010,경상북도 영주시 풍기읍 기주로,10,,4721025022104650000013772,풍기인삼시장,경상북도 영주시 풍기읍 기주로 10,750803,36034,,,,128.533960963921,36.8678399086181
MA010120220809207678,오아시스,,G2,소매,G221,기타 상품 소매,G22199,그 외 기타 상품 전문 소매업,G47859,그 외 기타 분류 안된 상품 전문 소매업,41,경기도,41360,남양주시,41360253,진접읍,4136025323,진접읍,4136025323105830001,1,대지,583,1,경기도 남양주시 진접읍 내곡리 583-1,413604391184,경기도 남양주시 진접읍 금강로779번길,3,5,4136025323105830001021736,,경기도 남양주시 진접읍 금강로779번길 3-5,472863,12075,,,,127.15204741526,37.6718013343923
MA010120220809198747,태승인삼사,,G2,소매,G221,기타 상품 소매,G22199,그 외 기타 상품 전문 소매업,G47859,그 외 기타 분류 안된 상품 전문 소매업,47,경상북도,47210,영주시,47210250,풍기읍,4721025021,풍기읍,4721025021101290002,1,대지,129,2,경상북도 영주시 풍기읍 성내리 129-2,472103309053,경상북도 영주시 풍기읍 인삼로,50,,4721025021101340003010536,,경상북도 영주시 풍기읍 인삼로 50,750805,36027,,,,128.522328578741,36.8693590422868
MA010120220809212135,엔비코어,,G2,소매,G221,기타 상품 소매,G22199,그 외 기타 상품 전문 소매업,G47859,그 외 기타 분류 안된 상품 전문 소매업,47,경상북도,47190,구미시,47190700,공단동,4719011300,공단동,4719011300102670114,1,대지,267,114,경상북도 구미시 공단동 267-114,471904724006,경상북도 구미시 1공단로6길,53,27,4719011300102670114000001,,경상북도 구미시 1공단로6길 53-27,730906,39374,,,,128.379857217573,36.0977530832469
MA010120220809215263,유한책임회사하이모,포항지점,G2,소매,G221,기타 상품 소매,G22199,그 외 기타 상품 전문 소매업,G47422,의복 액세서리 및 모조 장신구 소매업,47,경상북도,47111,포항시 남구,47111545,해도동,4711110300,해도동,4711110300101180001,1,대지,118,1,경상북도 포항시 남구 해도동 118-1,471112303003,경상북도 포항시 남구 포스코대로,419,,4711110300101180001000001,하이모빌딩,경상북도 포항시 남구 포스코대로 419,790863,37820,,2,,129.368352170497,36.0142008784599
MA010120220809225877,동해가스산업,,G2,소매,G221,기타 상품 소매,G22199,그 외 기타 상품 전문 소매업,G47859,그 외 기타 분류 안된 상품 전문 소매업,47,경상북도,47930,울진군,47930370,죽변면,4793037022,죽변면,4793037022109180000,1,대지,918,,경상북도 울진군 죽변면 후정리 918,479302000023,경상북도 울진군 죽변면 동해대로,5067,,4793037022109180000000001,,경상북도 울진군 죽변면 동해대로 5067,767813,36314,,,,129.404538309574,37.0585834358302
MA010120220809212737,드림케미칼,,G2,소매,G221,기타 상품 소매,G22199,그 외 기타 상품 전문 소매업,G47859,그 외 기타 분류 안된 상품 전문 소매업,47,경상북도,47113,포항시 북구,47113700,장량동,4711312200,양덕동,4711312200106590002,1,대지,659,2,경상북도 포항시 북구 양덕동 659-2,471134712849,경상북도 포항시 북구 장량중앙로65번길,3,,4711312200106590002000001,,경상북도 포항시 북구 장량중앙로65번길 3,791270,37572,,2,,129.388702100658,36.0901644323092
MA010120220809203457,서천꽃게간장게장,,G2,소매,G221,기타 상품 소매,G22199,그 외 기타 상품 전문 소매업,G47859,그 외 기타 분류 안된 상품 전문 소매업,52,전북특별자치도,52111,전주시 완산구,52111712,효자2동,5211114000,효자동1가,5211114000103260018,1,대지,326,18,전북특별자치도 전주시 완산구 효자동1가 326-18,521114598263,전북특별자치도 전주시 완산구 오두정2길,12,8,4511114000103260018013578,,전북특별자치도 전주시 완산구 오두정2길 12-8,560854,55054,,,,127.118387215862,35.8083304729125
MA010120220809227366,화일유통,,G2,소매,G221,기타 상품 소매,G22199,그 외 기타 상품 전문 소매업,G47216,"빵류, 과자류 및 당류 소매업",47,경상북도,47930,울진군,47930250,울진읍,4793025021,울진읍,4793025021106030009,1,대지,603,9,경상북도 울진군 울진읍 읍내리 603-9,479304775175,경상북도 울진군 울진읍 새마실2길,35,,4793025021106030009021277,,경상북도 울진군 울진읍 새마실2길 35,767801,36322,,,,129.402101146567,36.9990950931423
MA010120220809220528,영덕종합총포사,,G2,소매,G221,기타 상품 소매,G22199,그 외 기타 상품 전문 소매업,G47859,그 외 기타 분류 안된 상품 전문 소매업,47,경상북도,47770,영덕군,47770250,영덕읍,4777025022,영덕읍,4777025022101740003,1,대지,174,3,경상북도 영덕군 영덕읍 화개리 174-3,477704754360,경상북도 영덕군 영덕읍 화개길,29,,4777025022101740003023490,,경상북도 영덕군 영덕읍 화개길 29,766816,36429,,,,129.367086784318,36.4170032558836
MA010120220809221832,백마산업안전,,G2,소매,G221,기타 상품 소매,G22199,그 외 기타 상품 전문 소매업,G47859,그 외 기타 분류 안된 상품 전문 소매업,47,경상북도,47930,울진군,47930370,죽변면,4793037022,죽변면,4793037022106380000,1,대지,638,,경상북도 울진군 죽변면 후정리 638,479303325028,경상북도 울진군 죽변면 죽변북로,160,1,4793037022106380000002646,,경상북도 울진군 죽변면 죽변북로 160-1,767813,36315,,,,129.410539780647,37.0684970668728
MA010120220809221873,흥농농약사,,G2,소매,G221,기타 상품 소매,G22199,그 외 기타 상품 전문 소매업,G47859,그 외 기타 분류 안된 상품 전문 소매업,47,경상북도,47930,울진군,47930253,평해읍,4793025321,평해읍,4793025321108780001,1,대지,878,1,경상북도 울진군 평해읍 평해리 878-1,479304775345,경상북도 울진군 평해읍 평해6길,8,1,4793025321108780002026603,,경상북도 울진군 평해읍 평해6길 8-1,767902,36366,,,,129.4422522427,36.7268786120955
MA010120220809224508,동해선구,,G2,소매,G221,기타 상품 소매,G22199,그 외 기타 상품 전문 소매업,G47859,그 외 기타 분류 안된 상품 전문 소매업,47,경상북도,47930,울진군,47930380,후포면,4793038021,후포면,4793038021106230133,1,대지,623,133,경상북도 울진군 후포면 후포리 623-133,479303325021,경상북도 울진군 후포면 울진대게로,145,,4793038021106230133015472,,경상북도 울진군 후포면 울진대게로 145,767834,36369,,,,129.455094949775,36.6813625810973
MA010120220809213526,진생칸,,G2,소매,G221,기타 상품 소매,G22199,그 외 기타 상품 전문 소매업,G47859,그 외 기타 분류 안된 상품 전문 소매업,47,경상북도,47111,포항시 남구,47111253,연일읍,4711125324,연일읍,4711125324102260018,1,대지,226,18,경상북도 포항시 남구 연일읍 오천리 226-18,471114709677,경상북도 포항시 남구 연일읍 형산강남로418번길,66,5,4711125324102260018000001,,경상북도 포항시 남구 연일읍 형산강남로418번길 66-5,790884,37839,,,,129.358580098362,35.9944184844781
MA010120220809220735,영덕불교사,,G2,소매,G221,기타 상품 소매,G22199,그 외 기타 상품 전문 소매업,G47859,그 외 기타 분류 안된 상품 전문 소매업,47,경상북도,47770,영덕군,47770360,영해면,4777036030,영해면,4777036030103470002,1,대지,347,2,경상북도 영덕군 영해면 성내리 347-2,477704754001,경상북도 영덕군 영해면 318만세1길,76,,4777036030103470002009095,,경상북도 영덕군 영해면 318만세1길 76,766815,36413,,,,129.409449893614,36.5388706532849
MA010120220809227491,경국,,G2,소매,G221,기타 상품 소매,G22199,그 외 기타 상품 전문 소매업,G47859,그 외 기타 분류 안된 상품 전문 소매업,48,경상남도,48840,남해군,48840360,서면,4884036028,서면,4884036028108170000,1,대지,817,,경상남도 남해군 서면 중현리 817,488404829395,경상남도 남해군 서면 화방로492번안길,33,,4884036028108170000044093,,경상남도 남해군 서면 화방로492번안길 33,668872,52406,,,,127.843373491665,34.8759558333771
MA010120220809195413,건아이앤씨,,G2,소매,G221,기타 상품 소매,G22199,그 외 기타 상품 전문 소매업,G47859,그 외 기타 분류 안된 상품 전문 소매업,47,경상북도,47113,포항시 북구,47113690,두호동,4711312000,두호동,4711312000106350000,1,대지,635,,경상북도 포항시 북구 두호동 635,471133304014,경상북도 포항시 북구 삼호로,221,,4711312000106350000114005,롯데,경상북도 포항시 북구 삼호로 221,791751,37709,,6,,129.376430577809,36.0582794964332
MA010120220809198190,삼생당한약방,,G2,소매,G221,기타 상품 소매,G22199,그 외 기타 상품 전문 소매업,G47811,의약품 및 의료용품 소매업,47,경상북도,47113,포항시 북구,47113250,흥해읍,4711325028,흥해읍,4711325028100330000,1,대지,33,,경상북도 포항시 북구 흥해읍 성내리 33,471133304044,경상북도 포항시 북구 흥해읍 한동로,66,,4711325028100330000011764,,경상북도 포항시 북구 흥해읍 한동로 66,791947,37542,,,,129.348611270898,36.1100852186026
MA010120220809221119,강구아이스박스,,G2,소매,G221,기타 상품 소매,G22199,그 외 기타 상품 전문 소매업,G47859,그 외 기타 분류 안된 상품 전문 소매업,47,경상북도,47770,영덕군,47770310,강구면,4777031038,강구면,4777031038102630002,1,대지,263,2,경상북도 영덕군 강구면 금호리 263-2,477703318002,경상북도 영덕군 강구면 강영로,338,,4777031038102630002011322,,경상북도 영덕군 강구면 강영로 338,766822,36452,,,,129.380501897928,36.3901496543885
MA010120220809226318,평해농약종묘사,,G2,소매,G221,기타 상품 소매,G22199,그 외 기타 상품 전문 소매업,G47859,그 외 기타 분류 안된 상품 전문 소매업,47,경상북도,47930,울진군,47930253,평해읍,4793025321,평해읍,4793025321108780003,1,대지,878,3,경상북도 울진군 평해읍 평해리 878-3,479303325031,경상북도 울진군 평해읍 평해로,64,9,4793025321108720001026628,,경상북도 울진군 평해읍 평해로 64-9,767902,36366,,,,129.442173726315,36.7265198685653
MA010120220809226325,중앙종묘사,,G2,소매,G221,기타 상품 소매,G22199,그 외 기타 상품 전문 소매업,G47859,그 외 기타 분류 안된 상품 전문 소매업,47,경상북도,47930,울진군,47930253,평해읍,4793025321,평해읍,4793025321108550001,1,대지,855,1,경상북도 울진군 평해읍 평해리 855-1,479303325031,경상북도 울진군 평해읍 평해로,50,,4793025321108550001026638,,경상북도 울진군 평해읍 평해로 50,767902,36366,,,,129.44111324882,36.724838955318
MA010120220809223648,성길선구,,G2,소매,G221,기타 상품 소매,G22199,그 외 기타 상품 전문 소매업,G47859,그 외 기타 분류 안된 상품 전문 소매업,47,경상북도,47930,울진군,47930380,후포면,4793038021,후포면,4793038021106230031,1,대지,623,31,경상북도 울진군 후포면 후포리 623-31,479303325021,경상북도 울진군 후포면 울진대게로,117,,4793038021106230031016133,,경상북도 울진군 후포면 울진대게로 117,767834,36369,,,,129.452470579134,36.6800833707441
MA010120220809222424,칠성불교전시관,,G2,소매,G221,기타 상품 소매,G22199,그 외 기타 상품 전문 소매업,G47859,그 외 기타 분류 안된 상품 전문 소매업,26,부산광역시,26530,사상구,26530670,학장동,2653010700,학장동,2653010700104870003,1,대지,487,3,부산광역시 사상구 학장동 487-3,265304217364,부산광역시 사상구 학감대로134번길,14,,2653010700104870003000001,,부산광역시 사상구 학감대로134번길 14,617841,47047,,,,128.988793103255,35.1431107657126
MA010120220809240874,동해가스산업주,,G2,소매,G221,기타 상품 소매,G22199,그 외 기타 상품 전문 소매업,G47859,그 외 기타 분류 안된 상품 전문 소매업,47,경상북도,47930,울진군,47930370,죽변면,4793037022,죽변면,4793037022109180002,1,대지,918,2,경상북도 울진군 죽변면 후정리 918-2,479302000023,경상북도 울진군 죽변면 동해대로,5069,,4793037022109180002000001,,경상북도 울진군 죽변면 동해대로 5069,767813,36314,,,,129.404481996508,37.0589359111363
MA010120220809256037,한성농약종묘사,,G2,소매,G221,기타 상품 소매,G22199,그 외 기타 상품 전문 소매업,G47859,그 외 기타 분류 안된 상품 전문 소매업,47,경상북도,47750,청송군,47750370,진보면,4775037036,진보면,4775037036104720003,1,대지,472,3,경상북도 청송군 진보면 진안리 472-3,477503316017,경상북도 청송군 진보면 진보로,109,,4775037036104720003002566,,경상북도 청송군 진보면 진보로 109,763816,37409,,,,129.043795905432,36.5290150955698
MA010120220809256081,석범장의사,,G2,소매,G221,기타 상품 소매,G22199,그 외 기타 상품 전문 소매업,G47859,그 외 기타 분류 안된 상품 전문 소매업,47,경상북도,47730,의성군,47730250,의성읍,4773025021,의성읍,4773025021105000014,1,대지,500,14,경상북도 의성군 의성읍 후죽리 500-14,477304745559,경상북도 의성군 의성읍 후죽2길,26,,4773025021104910006012817,,경상북도 의성군 의성읍 후죽2길 26,769805,37337,,,,128.697073993901,36.3546952303984
MA010120220809256095,산복농원,,G2,소매,G221,기타 상품 소매,G22199,그 외 기타 상품 전문 소매업,G47859,그 외 기타 분류 안된 상품 전문 소매업,47,경상북도,47730,의성군,47730330,옥산면,4773033031,옥산면,4773033031104370000,1,대지,437,,경상북도 의성군 옥산면 구성리 437,477304745567,경상북도 의성군 옥산면 정자구성길,56,1,4773033031104370000047233,,경상북도 의성군 옥산면 정자구성길 56-1,769842,37324,,,,128.808865873771,36.3934935441621
MA010120220809259953,녹색산업기술,,G2,소매,G221,기타 상품 소매,G22199,그 외 기타 상품 전문 소매업,G47859,그 외 기타 분류 안된 상품 전문 소매업,47,경상북도,47730,의성군,47730250,의성읍,4773025022,의성읍,4773025022104480000,1,대지,448,,경상북도 의성군 의성읍 중리리 448,477303018017,경상북도 의성군 의성읍 의성길안로,152,,4773025022104480000062829,,경상북도 의성군 의성읍 의성길안로 152,769803,37331,,,,128.715934101957,36.3628507021578
MA010120220809243768,삼성농약사,,G2,소매,G221,기타 상품 소매,G22199,그 외 기타 상품 전문 소매업,G47859,그 외 기타 분류 안된 상품 전문 소매업,47,경상북도,47750,청송군,47750350,안덕면,4775035033,안덕면,4775035033103760001,1,대지,376,1,경상북도 청송군 안덕면 명당리 376-1,477503316013,경상북도 청송군 안덕면 안덕로,55,,4775035033103760001010930,,경상북도 청송군 안덕면 안덕로 55,763861,37451,,,,128.957257778742,36.2880129803875
MA010120220809245683,배영기꽃돌,,G2,소매,G221,기타 상품 소매,G22199,그 외 기타 상품 전문 소매업,G47859,그 외 기타 분류 안된 상품 전문 소매업,47,경상북도,47750,청송군,47750250,청송읍,4775025029,청송읍,4775025029103880004,1,대지,388,4,경상북도 청송군 청송읍 부곡리 388-4,477503303047,경상북도 청송군 청송읍 중앙로,475,,4775025029103880004000491,,경상북도 청송군 청송읍 중앙로 475,763801,37423,,,,129.077753092742,36.4424380766488
MA010120220809245732,신촌꽃돌,,G2,소매,G221,기타 상품 소매,G22199,그 외 기타 상품 전문 소매업,G47859,그 외 기타 분류 안된 상품 전문 소매업,47,경상북도,47750,청송군,47750370,진보면,4775037049,진보면,4775037049100430006,1,대지,43,6,경상북도 청송군 진보면 신촌리 43-6,477503018013,경상북도 청송군 진보면 경동로,5166,,4775037049100430006004206,,경상북도 청송군 진보면 경동로 5166,763812,37411,,,,129.120050017262,36.5054834677239
MA010120220809252491,애드모,,G2,소매,G221,기타 상품 소매,G22199,그 외 기타 상품 전문 소매업,G47422,의복 액세서리 및 모조 장신구 소매업,47,경상북도,47170,안동시,47170650,옥동,4717013300,옥동,4717013300109870010,1,대지,987,10,경상북도 안동시 옥동 987-10,471704721493,경상북도 안동시 복주5길,41,,4717013300109870010025178,메트로오피스텔,경상북도 안동시 복주5길 41,760310,36659,,,,128.698895602296,36.5660909806637
MA010120220809260279,누리메디넷,,G2,소매,G221,기타 상품 소매,G22199,그 외 기타 상품 전문 소매업,G47859,그 외 기타 분류 안된 상품 전문 소매업,47,경상북도,47290,경산시,47290560,동부동,4729011600,계양동,4729011600106850000,1,대지,685,,경상북도 경산시 계양동 685,472904739586,경상북도 경산시 원효로28길,60,7,4729011600106850000000001,,경상북도 경산시 원효로28길 60-7,712120,38591,,,,128.748071270952,35.8173419489282
MA010120220809247419,이화친환경,,G2,소매,G221,기타 상품 소매,G22199,그 외 기타 상품 전문 소매업,G47859,그 외 기타 분류 안된 상품 전문 소매업,27,대구광역시,27720,군위군,27720340,우보면,2772034022,우보면,2772034022105740001,1,대지,574,1,대구광역시 군위군 우보면 이화리 574-1,277203310008,대구광역시 군위군 우보면 동부로,1429,,4772034031105740001026759,,대구광역시 군위군 우보면 동부로 1429,716842,43141,,,,128.678662133762,36.1822280868511
MA010120220809249078,안동수석원,,G2,소매,G221,기타 상품 소매,G22199,그 외 기타 상품 전문 소매업,G47859,그 외 기타 분류 안된 상품 전문 소매업,47,경상북도,47170,안동시,47170510,중구동,4717010900,법흥동,4717010900102200033,1,대지,220,33,경상북도 안동시 법흥동 220-33,471703018013,경상북도 안동시 경동로,715,,4717010900102200033017521,,경상북도 안동시 경동로 715,760030,36704,,,,128.736265243265,36.563885563903
MA010120220809258425,진영농약사,,G2,소매,G221,기타 상품 소매,G22199,그 외 기타 상품 전문 소매업,G47859,그 외 기타 분류 안된 상품 전문 소매업,47,경상북도,47750,청송군,47750370,진보면,4775037036,진보면,4775037036103840018,1,대지,384,18,경상북도 청송군 진보면 진안리 384-18,477503316018,경상북도 청송군 진보면 진안로,21,1,4775037036103840018003799,,경상북도 청송군 진보면 진안로 21-1,763816,37409,,,,129.045218794842,36.5283600048413
MA010120220809258440,삼보불교사,,G2,소매,G221,기타 상품 소매,G22199,그 외 기타 상품 전문 소매업,G47859,그 외 기타 분류 안된 상품 전문 소매업,47,경상북도,47170,안동시,47170585,서구동,4717012000,광석동,4717012000102580010,1,대지,258,10,경상북도 안동시 광석동 258-10,471703307014,경상북도 안동시 대안로,103,,4717012000102580010016930,,경상북도 안동시 대안로 103,760220,36697,,,,128.724201394692,36.5653581701433
MA010120220809247482,안동총포사,,G2,소매,G221,기타 상품 소매,G22199,그 외 기타 상품 전문 소매업,G47859,그 외 기타 분류 안된 상품 전문 소매업,47,경상북도,47170,안동시,47170585,서구동,4717011700,안흥동,4717011700103120004,1,대지,312,4,경상북도 안동시 안흥동 312-4,471703018013,경상북도 안동시 경동로,611,1,4717011700103120004016457,,경상북도 안동시 경동로 611-1,760170,36699,,,,128.724923031804,36.5636537943275
MA010120220809263126,낯선제주,,G2,소매,G221,기타 상품 소매,G22199,그 외 기타 상품 전문 소매업,G47859,그 외 기타 분류 안된 상품 전문 소매업,50,제주특별자치도,50110,제주시,50110310,한경면,5011031023,한경면,5011031023104410000,1,대지,441,,제주특별자치도 제주시 한경면 고산리 441,501103349006,제주특별자치도 제주시 한경면 고락로,175,7,5011031023004410000015436,,제주특별자치도 제주시 한경면 고락로 175-7,695941,63008,,,,126.198060694439,33.3036681661164
MA010120220809233358,케이에이물산,,G2,소매,G221,기타 상품 소매,G22199,그 외 기타 상품 전문 소매업,G47859,그 외 기타 분류 안된 상품 전문 소매업,41,경기도,41650,포천시,41650360,영중면,4165036021,영중면,4165036021104170002,1,대지,417,2,경기도 포천시 영중면 양문리 417-2,416503213028,경기도 포천시 영중면 양문공단로,59,,4165036021104160000092208,,경기도 포천시 영중면 양문공단로 59,487883,11128,,,,127.255510086057,38.0101641816796
MA010120220809251086,파티친구,,G2,소매,G221,기타 상품 소매,G22199,그 외 기타 상품 전문 소매업,G47859,그 외 기타 분류 안된 상품 전문 소매업,47,경상북도,47760,영양군,47760250,영양읍,4776025022,영양읍,4776025022103290011,1,대지,329,11,경상북도 영양군 영양읍 서부리 329-11,477603303047,경상북도 영양군 영양읍 중앙로,141,,4776025022103290004009761,영양모터펌프,경상북도 영양군 영양읍 중앙로 141,764805,36537,,2,,129.114336119505,36.6659929240412
MA010120220809260764,풍년농약사,,G2,소매,G221,기타 상품 소매,G22199,그 외 기타 상품 전문 소매업,G47859,그 외 기타 분류 안된 상품 전문 소매업,47,경상북도,47750,청송군,47750330,현동면,4775033028,현동면,4775033028107360002,1,대지,736,2,경상북도 청송군 현동면 도평리 736-2,477503018003,경상북도 청송군 현동면 새마을로,5498,,4775033028107360002000001,,경상북도 청송군 현동면 새마을로 5498,763853,37456,,,,129.018367111702,36.2891952191979
MA010120220809246139,제일농자재,,G2,소매,G221,기타 상품 소매,G22199,그 외 기타 상품 전문 소매업,G47859,그 외 기타 분류 안된 상품 전문 소매업,47,경상북도,47750,청송군,47750250,청송읍,4775025021,청송읍,4775025021104220053,1,대지,422,53,경상북도 청송군 청송읍 월막리 422-53,477504748177,경상북도 청송군 청송읍 시장길,1,,4775025021104220053002130,,경상북도 청송군 청송읍 시장길 1,763802,37431,,,,129.053362347423,36.4347242864486
MA010120220809247717,금영상회,,G2,소매,G221,기타 상품 소매,G22199,그 외 기타 상품 전문 소매업,G47859,그 외 기타 분류 안된 상품 전문 소매업,47,경상북도,47730,의성군,47730440,다인면,4773044048,다인면,4773044048110930000,1,대지,1093,,경상북도 의성군 다인면 삼분리 1093,477304745229,경상북도 의성군 다인면 삼분2길,253,10,4773044048110930000033836,,경상북도 의성군 다인면 삼분2길 253-10,769974,37302,,,,128.405193047929,36.4224357856109
MA010120220809249478,현대농약종묘사,,G2,소매,G221,기타 상품 소매,G22199,그 외 기타 상품 전문 소매업,G47859,그 외 기타 분류 안된 상품 전문 소매업,27,대구광역시,27720,군위군,27720310,소보면,2772031026,소보면,2772031026107240001,1,대지,724,1,대구광역시 군위군 소보면 송원리 724-1,277204742159,대구광역시 군위군 소보면 송원3길,37,,4772031041107230001002679,,대구광역시 군위군 소보면 송원3길 37,716811,43102,,,,128.479247806654,36.2563078284565
MA010120220809255224,현대안전공사,,G2,소매,G221,기타 상품 소매,G22199,그 외 기타 상품 전문 소매업,G47859,그 외 기타 분류 안된 상품 전문 소매업,47,경상북도,47170,안동시,47170630,안기동,4717012800,안기동,4717012800101760022,1,대지,176,22,경상북도 안동시 안기동 176-22,471704721764,경상북도 안동시 안기길,25,,4717012800101760022023410,,경상북도 안동시 안기길 25,760260,36628,,,,128.718548745379,36.5749006123819
MA010120220809260915,친환경농업컨설팅전문대림,,G2,소매,G221,기타 상품 소매,G22199,그 외 기타 상품 전문 소매업,G47859,그 외 기타 분류 안된 상품 전문 소매업,47,경상북도,47730,의성군,47730430,안계면,4773043030,안계면,4773043030104690021,1,대지,469,21,경상북도 의성군 안계면 용기리 469-21,477304745320,경상북도 의성군 안계면 안계길,120,,4773043030104690021009245,,경상북도 의성군 안계면 안계길 120,769933,37312,,,,128.439252385849,36.3835986174261
MA010120220809253393,고은환경,,G2,소매,G221,기타 상품 소매,G22199,그 외 기타 상품 전문 소매업,G47859,그 외 기타 분류 안된 상품 전문 소매업,47,경상북도,47760,영양군,47760250,영양읍,4776025027,영양읍,4776025027103820001,1,대지,382,1,경상북도 영양군 영양읍 현리 382-1,477604751343,경상북도 영양군 영양읍 현동1길,29,,4776025027103820001011174,,경상북도 영양군 영양읍 현동1길 29,764801,36533,,,,129.118110747944,36.653555701481
MA010120220809247997,꽃돌석촌,,G2,소매,G221,기타 상품 소매,G22199,그 외 기타 상품 전문 소매업,G47859,그 외 기타 분류 안된 상품 전문 소매업,47,경상북도,47750,청송군,47750370,진보면,4775037049,진보면,4775037049100280008,1,대지,28,8,경상북도 청송군 진보면 신촌리 28-8,477503018013,경상북도 청송군 진보면 경동로,5142,,4775037049100280008004211,,경상북도 청송군 진보면 경동로 5142,763812,37411,,,,129.119017095987,36.5073037787416
MA010120220809251444,제중원한약방,,G2,소매,G221,기타 상품 소매,G22199,그 외 기타 상품 전문 소매업,G47811,의약품 및 의료용품 소매업,47,경상북도,47170,안동시,47170555,용상동,4717011000,용상동,4717011000111760021,1,대지,1176,21,경상북도 안동시 용상동 1176-21,471703018013,경상북도 안동시 경동로,894,,4717011000111760021013605,,경상북도 안동시 경동로 894,760901,36720,,,,128.753128481403,36.55783611791
MA010120220809251445,세명한약방,,G2,소매,G221,기타 상품 소매,G22199,그 외 기타 상품 전문 소매업,G47811,의약품 및 의료용품 소매업,47,경상북도,47170,안동시,47170555,용상동,4717011000,용상동,4717011000114380009,1,대지,1438,9,경상북도 안동시 용상동 1438-9,471703018013,경상북도 안동시 경동로,836,,4717011000114380009021675,,경상북도 안동시 경동로 836,760902,36712,,,,128.748161102848,36.5609275116466
MA010120220809251509,광석꽃돌,,G2,소매,G221,기타 상품 소매,G22199,그 외 기타 상품 전문 소매업,G47859,그 외 기타 분류 안된 상품 전문 소매업,47,경상북도,47750,청송군,47750370,진보면,4775037049,진보면,4775037049100250001,1,대지,25,1,경상북도 청송군 진보면 신촌리 25-1,477503018013,경상북도 청송군 진보면 경동로,5134,,4775037049100250001004212,,경상북도 청송군 진보면 경동로 5134,763812,37411,,,,129.118395486682,36.5078373892831
MA010120220809245068,진흥농약종묘사,,G2,소매,G221,기타 상품 소매,G22199,그 외 기타 상품 전문 소매업,G47859,그 외 기타 분류 안된 상품 전문 소매업,47,경상북도,47750,청송군,47750250,청송읍,4775025021,청송읍,4775025021104940004,1,대지,494,4,경상북도 청송군 청송읍 월막리 494-4,477503303047,경상북도 청송군 청송읍 중앙로,183,1,4775025021104940004001612,,경상북도 청송군 청송읍 중앙로 183-1,763802,37427,,,,129.051431357227,36.4376136541679
MA010120220809246764,K.I.T정보통신,,G2,소매,G221,기타 상품 소매,G22199,그 외 기타 상품 전문 소매업,G47859,그 외 기타 분류 안된 상품 전문 소매업,47,경상북도,47170,안동시,47170600,태화동,4717012200,태화동,4717012200107010002,1,대지,701,2,경상북도 안동시 태화동 701-2,471703307012,경상북도 안동시 단원로,8,,4717012200107010002000001,,경상북도 안동시 단원로 8,760905,36645,,,,128.705638772371,36.5710134175758
MA010120220809249745,종합종묘사,,G2,소매,G221,기타 상품 소매,G22199,그 외 기타 상품 전문 소매업,G47859,그 외 기타 분류 안된 상품 전문 소매업,47,경상북도,47730,의성군,47730430,안계면,4773043030,안계면,4773043030108420033,1,대지,842,33,경상북도 의성군 안계면 용기리 842-33,477304745321,경상북도 의성군 안계면 안계시장길,24,,4773043030108420033009863,,경상북도 의성군 안계면 안계시장길 24,769933,37312,,,,128.437855811508,36.3846156503483
MA010120220809253520,미래모,,G2,소매,G221,기타 상품 소매,G22199,그 외 기타 상품 전문 소매업,G47422,의복 액세서리 및 모조 장신구 소매업,47,경상북도,47170,안동시,47170585,서구동,4717011900,옥야동,4717011900103400089,1,대지,340,89,경상북도 안동시 옥야동 340-89,471703307035,경상북도 안동시 제비원로,110,,4717011900103400089015978,,경상북도 안동시 제비원로 110,760240,36707,,,,128.721008688776,36.5619173286508
MA010120220809253526,대성석재,,G2,소매,G221,기타 상품 소매,G22199,그 외 기타 상품 전문 소매업,G47859,그 외 기타 분류 안된 상품 전문 소매업,47,경상북도,47730,의성군,47730420,단북면,4773042028,단북면,4773042028105750007,1,대지,575,7,경상북도 의성군 단북면 이연리 575-7,477304745460,경상북도 의성군 단북면 정안들길,115,,4773042028105750007010308,,경상북도 의성군 단북면 정안들길 115,769951,37371,,,,128.406960131823,36.3881194268854
MA010120220809255560,천금꽃돌꽃돌향기,,G2,소매,G221,기타 상품 소매,G22199,그 외 기타 상품 전문 소매업,G47859,그 외 기타 분류 안된 상품 전문 소매업,47,경상북도,47750,청송군,47750370,진보면,4775037048,진보면,4775037048101340001,1,대지,134,1,경상북도 청송군 진보면 고현리 134-1,477503018013,경상북도 청송군 진보면 경동로,4938,,4775037048101340001004430,,경상북도 청송군 진보면 경동로 4938,763812,37403,,,,129.107852515763,36.5227912261321
MA010120220809246799,대성농약사,,G2,소매,G221,기타 상품 소매,G22199,그 외 기타 상품 전문 소매업,G47859,그 외 기타 분류 안된 상품 전문 소매업,47,경상북도,47750,청송군,47750370,진보면,4775037036,진보면,4775037036103840026,1,대지,384,26,경상북도 청송군 진보면 진안리 384-26,477504748301,경상북도 청송군 진보면 진안서길,2,1,4775037036103840026002589,,경상북도 청송군 진보면 진안서길 2-1,763816,37409,,,,129.044561835992,36.5288487952595
MA010120220809248243,현승공간,,G2,소매,G221,기타 상품 소매,G22199,그 외 기타 상품 전문 소매업,G47859,그 외 기타 분류 안된 상품 전문 소매업,47,경상북도,47170,안동시,47170650,옥동,4717013300,옥동,4717013300109740000,1,대지,974,,경상북도 안동시 옥동 974,471703307031,경상북도 안동시 은행나무로,106,3,4717013600111330000024798,옥동주공임대2차,경상북도 안동시 은행나무로 106-3,760754,36639,,15,,128.697951930877,36.5673748833347
MA010120220809259441,안동장의사,,G2,소매,G221,기타 상품 소매,G22199,그 외 기타 상품 전문 소매업,G47859,그 외 기타 분류 안된 상품 전문 소매업,47,경상북도,47170,안동시,47170585,서구동,4717011700,안흥동,4717011700103100043,1,대지,310,43,경상북도 안동시 안흥동 310-43,471704722071,경상북도 안동시 중앙시장1길,76,,4717011700103100043013758,,경상북도 안동시 중앙시장1길 76,760170,36699,,,,128.725101739079,36.5641557842068
MA010120220809259456,수창장의사,,G2,소매,G221,기타 상품 소매,G22199,그 외 기타 상품 전문 소매업,G47859,그 외 기타 분류 안된 상품 전문 소매업,47,경상북도,47170,안동시,47170585,서구동,4717011700,안흥동,4717011700103090012,1,대지,309,12,경상북도 안동시 안흥동 309-12,471704722071,경상북도 안동시 중앙시장1길,72,,4717011700103090012017441,,경상북도 안동시 중앙시장1길 72,760170,36699,,,,128.724856288064,36.5641683467585
MA010120220809243374,보리수불교사,,G2,소매,G221,기타 상품 소매,G22199,그 외 기타 상품 전문 소매업,G47859,그 외 기타 분류 안된 상품 전문 소매업,47,경상북도,47170,안동시,47170585,서구동,4717011700,안흥동,4717011700102730009,1,대지,273,9,경상북도 안동시 안흥동 273-9,471703307014,경상북도 안동시 대안로,120,,4717011700102730009017450,,경상북도 안동시 대안로 120,760170,36699,,1,,128.725875313514,36.5652888919743
MA010120220809243389,신용함석공업사,,G2,소매,G221,기타 상품 소매,G22199,그 외 기타 상품 전문 소매업,G47859,그 외 기타 분류 안된 상품 전문 소매업,47,경상북도,47170,안동시,47170510,중구동,4717010900,법흥동,4717010900102270013,1,대지,227,13,경상북도 안동시 법흥동 227-13,471703018013,경상북도 안동시 경동로,721,4,4717010900102270013018299,,경상북도 안동시 경동로 721-4,760030,36704,,,,128.737087815038,36.564206958688
MA010120220809248341,안동연하불교,,G2,소매,G221,기타 상품 소매,G22199,그 외 기타 상품 전문 소매업,G47859,그 외 기타 분류 안된 상품 전문 소매업,47,경상북도,47170,안동시,47170585,서구동,4717012000,광석동,4717012000102550004,1,대지,255,4,경상북도 안동시 광석동 255-4,471703307014,경상북도 안동시 대안로,95,,4717012000102550004016829,,경상북도 안동시 대안로 95,760220,36697,,,,128.72335256714,36.5653614360024
MA010120220809257505,경기화학동안동,대리점,G2,소매,G221,기타 상품 소매,G22199,그 외 기타 상품 전문 소매업,G47859,그 외 기타 분류 안된 상품 전문 소매업,47,경상북도,47170,안동시,47170380,임하면,4717038027,임하면,4717038027102960008,1,대지,296,8,경상북도 안동시 임하면 오대리 296-8,471704721832,경상북도 안동시 임하면 오대새마을길,41,11,4717038027102960008009238,,경상북도 안동시 임하면 오대새마을길 41-11,760831,36731,,,,128.897109280146,36.4708463786245
MA010120220809259483,신시장장의사,,G2,소매,G221,기타 상품 소매,G22199,그 외 기타 상품 전문 소매업,G47859,그 외 기타 분류 안된 상품 전문 소매업,47,경상북도,47170,안동시,47170585,서구동,4717011700,안흥동,4717011700103100020,1,대지,310,20,경상북도 안동시 안흥동 310-20,471704722071,경상북도 안동시 중앙시장1길,75,,4717011700103100021016998,,경상북도 안동시 중앙시장1길 75,760170,36699,,,,128.725139243854,36.5643354471669
MA010120220809261777,경북정보통신,,G2,소매,G221,기타 상품 소매,G22199,그 외 기타 상품 전문 소매업,G47859,그 외 기타 분류 안된 상품 전문 소매업,47,경상북도,47170,안동시,47170555,용상동,4717011000,용상동,4717011000116240002,1,대지,1624,2,경상북도 안동시 용상동 1624-2,471704722018,경상북도 안동시 전거리7길,94,,4717011000116240002009678,,경상북도 안동시 전거리7길 94,760903,36712,,,,128.747532397459,36.560287991951
MA010120220809261781,통일농약사,,G2,소매,G221,기타 상품 소매,G22199,그 외 기타 상품 전문 소매업,G47859,그 외 기타 분류 안된 상품 전문 소매업,47,경상북도,47170,안동시,47170585,서구동,4717011700,안흥동,4717011700102830015,1,대지,283,15,경상북도 안동시 안흥동 283-15,471704722077,경상북도 안동시 중앙시장길,23,,4717011700102830015018502,,경상북도 안동시 중앙시장길 23,760170,36698,,,,128.724350463121,36.5645270669822
MA010120220809243473,명성기업,,G2,소매,G221,기타 상품 소매,G22199,그 외 기타 상품 전문 소매업,G47859,그 외 기타 분류 안된 상품 전문 소매업,47,경상북도,47170,안동시,47170600,태화동,4717012200,태화동,4717012200102310050,1,대지,231,50,경상북도 안동시 태화동 231-50,471703307039,경상북도 안동시 태화중앙로,51,,4717012200102310050024165,,경상북도 안동시 태화중앙로 51,760904,36677,,,,128.710352691985,36.5588540286058
MA010120220809229210,해인불교용품,,G2,소매,G221,기타 상품 소매,G22199,그 외 기타 상품 전문 소매업,G47859,그 외 기타 분류 안된 상품 전문 소매업,47,경상북도,47290,경산시,47290310,와촌면,4729031021,와촌면,4729031021100210001,1,대지,21,1,경상북도 경산시 와촌면 소월리 21-1,472903310032,경상북도 경산시 와촌면 금송로,425,,4729031021100210001072999,,경상북도 경산시 와촌면 금송로 425,712843,38412,,,,128.836125100427,35.9471937189939
MA010120220809290768,우주상사,,G2,소매,G221,기타 상품 소매,G22199,그 외 기타 상품 전문 소매업,G47859,그 외 기타 분류 안된 상품 전문 소매업,47,경상북도,47130,경주시,47130259,외동읍,4713025926,외동읍,4713025926108380000,1,대지,838,,경상북도 경주시 외동읍 제내리 838,471304716066,경상북도 경주시 외동읍 제내사일길,40,,4713025926108380000000001,,경상북도 경주시 외동읍 제내사일길 40,780825,38204,,,,129.269596061151,35.7076614030639
MA010120220809267156,동아당한약방,,G2,소매,G221,기타 상품 소매,G22199,그 외 기타 상품 전문 소매업,G47811,의약품 및 의료용품 소매업,47,경상북도,47170,안동시,47170630,안기동,4717012800,안기동,4717012800102350024,1,대지,235,24,경상북도 안동시 안기동 235-24,471703307035,경상북도 안동시 제비원로,281,,4717012800102350024022604,,경상북도 안동시 제비원로 281,760260,36627,,,,128.717851602518,36.576712719868
MA010120220809270144,대한석물,,G2,소매,G221,기타 상품 소매,G22199,그 외 기타 상품 전문 소매업,G47859,그 외 기타 분류 안된 상품 전문 소매업,47,경상북도,47170,안동시,47170250,풍산읍,4717025021,풍산읍,4717025021105840000,1,대지,584,,경상북도 안동시 풍산읍 안교리 584,471703307053,경상북도 안동시 풍산읍 풍산태사로,936,,4717025021105840000090685,,경상북도 안동시 풍산읍 풍산태사로 936,760802,36621,,,,128.561547407748,36.5826386180004
MA010120220809277129,다사랑상회,,G2,소매,G221,기타 상품 소매,G22199,그 외 기타 상품 전문 소매업,G47859,그 외 기타 분류 안된 상품 전문 소매업,47,경상북도,47280,문경시,47280590,점촌3동,4728010300,흥덕동,4728010300107930007,1,대지,793,7,경상북도 문경시 흥덕동 793-7,472803303047,경상북도 문경시 중앙로,192,,4728010300107930007024897,,경상북도 문경시 중앙로 192,745891,36967,,,,128.203395170632,36.6014448608659
MA010120220809274826,안동농약,,G2,소매,G221,기타 상품 소매,G22199,그 외 기타 상품 전문 소매업,G47859,그 외 기타 분류 안된 상품 전문 소매업,47,경상북도,47750,청송군,47750320,부남면,4775032031,부남면,4775032031100970006,1,대지,97,6,경상북도 청송군 부남면 대전리 97-6,477503316007,경상북도 청송군 부남면 대전로,126,1,4775032031100970006005022,,경상북도 청송군 부남면 대전로 126-1,763841,37443,,,,129.064259523533,36.3451029994313
MA010120220809272914,제일사료상회,,G2,소매,G221,기타 상품 소매,G22199,그 외 기타 상품 전문 소매업,G47211,"곡물, 곡분 및 가축 사료 소매업",47,경상북도,47760,영양군,47760250,영양읍,4776025022,영양읍,4776025022102880003,1,대지,288,3,경상북도 영양군 영양읍 서부리 288-3,477604751191,경상북도 영양군 영양읍 시장길,42,2,4776025022102900013009490,,경상북도 영양군 영양읍 시장길 42-2,764805,36541,,,,129.116465695445,36.6645315730245
MA010120220809275013,청송꽃돌,,G2,소매,G221,기타 상품 소매,G22199,그 외 기타 상품 전문 소매업,G47859,그 외 기타 분류 안된 상품 전문 소매업,47,경상북도,47750,청송군,47750370,진보면,4775037049,진보면,4775037049104960002,1,대지,496,2,경상북도 청송군 진보면 신촌리 496-2,477503018013,경상북도 청송군 진보면 경동로,5058,,4775037049104960002004433,,경상북도 청송군 진보면 경동로 5058,763812,37411,,,,129.112341753347,36.5125938200747
MA010120220809291785,가나케미칼,,G2,소매,G221,기타 상품 소매,G22199,그 외 기타 상품 전문 소매업,G47859,그 외 기타 분류 안된 상품 전문 소매업,41,경기도,41390,시흥시,41390591,정왕1동,4139013200,정왕동,4139013200113670001,1,대지,1367,1,경기도 시흥시 정왕동 1367-1,413902199001,경기도 시흥시 공단1대로,244,,4139013200113670001016345,공구상가,경기도 시흥시 공단1대로 244,429853,15103,,,,126.728445299906,37.3353324328239
MA010120220809275030,안성총포사,,G2,소매,G221,기타 상품 소매,G22199,그 외 기타 상품 전문 소매업,G47859,그 외 기타 분류 안된 상품 전문 소매업,47,경상북도,47750,청송군,47750370,진보면,4775037036,진보면,4775037036104720003,1,대지,472,3,경상북도 청송군 진보면 진안리 472-3,477503316017,경상북도 청송군 진보면 진보로,109,,4775037036104720003002566,,경상북도 청송군 진보면 진보로 109,763816,37409,,,,129.043795905432,36.5290150955698
MA010120220809275182,제이에스소방,,G2,소매,G221,기타 상품 소매,G22199,그 외 기타 상품 전문 소매업,G47859,그 외 기타 분류 안된 상품 전문 소매업,11,서울특별시,11710,송파구,11710642,문정2동,1171010800,문정동,1171010800106340000,1,대지,634,,서울특별시 송파구 문정동 634,117103123017,서울특별시 송파구 충민로,66,,1171010800105600000000001,제엘,서울특별시 송파구 충민로 66,138888,05838,,7,,127.12496063833,37.4776148454472
MA010120220809273507,핸디유통,,G2,소매,G221,기타 상품 소매,G22199,그 외 기타 상품 전문 소매업,G47859,그 외 기타 분류 안된 상품 전문 소매업,41,경기도,41461,용인시 처인구,41461259,남사읍,4146125929,남사읍,4146125929105030001,1,대지,503,1,경기도 용인시 처인구 남사읍 창리 503-1,414613012069,경기도 용인시 처인구 남사읍 경기동로,510,,4146132029105030001000001,,경기도 용인시 처인구 남사읍 경기동로 510,449885,17121,,,,127.178291918279,37.1396405652057
MA010120220809265898,제이디켐교역,,G2,소매,G221,기타 상품 소매,G22199,그 외 기타 상품 전문 소매업,G47859,그 외 기타 분류 안된 상품 전문 소매업,41,경기도,41310,구리시,41310520,동구동,4131010300,인창동,4131010300106720002,1,대지,672,2,경기도 구리시 인창동 672-2,413104388003,경기도 구리시 건원대로34번길,27,,4131010300106720002002220,세신인창종합상가,경기도 구리시 건원대로34번길 27,471740,11921,,,,127.141582769718,37.6048261808716
MA010120220809284847,유한책임회사하이모,안동지점,G2,소매,G221,기타 상품 소매,G22199,그 외 기타 상품 전문 소매업,G47422,의복 액세서리 및 모조 장신구 소매업,47,경상북도,47170,안동시,47170585,서구동,4717011700,안흥동,4717011700102780117,1,대지,278,117,경상북도 안동시 안흥동 278-117,471703018013,경상북도 안동시 경동로,622,,4717011700102780117019052,,경상북도 안동시 경동로 622,760170,36707,,3,,128.72581584502,36.5631182735323
MA010120220809292463,활신당,,G2,소매,G221,기타 상품 소매,G22199,그 외 기타 상품 전문 소매업,G47811,의약품 및 의료용품 소매업,47,경상북도,47730,의성군,47730350,춘산면,4773035029,춘산면,4773035029103940002,1,대지,394,2,경상북도 의성군 춘산면 옥정리 394-2,477304745361,경상북도 의성군 춘산면 옥정2길,17,,4773035029103940002011785,,경상북도 의성군 춘산면 옥정2길 17,769871,37348,,,,128.816298860234,36.2389768260355
MA010120220809299465,시크릿디자인,,G2,소매,G221,기타 상품 소매,G22199,그 외 기타 상품 전문 소매업,S96999,그 외 기타 달리 분류되지 않은 개인 서비스업,11,서울특별시,11680,강남구,11680640,역삼1동,1168010100,역삼동,1168010100107380019,1,대지,738,19,서울특별시 강남구 역삼동 738-19,116804166635,서울특별시 강남구 역삼로17길,54,,1168010100107380019024119,,서울특별시 강남구 역삼로17길 54,135924,06237,,2,,127.036583662177,37.4982993310555
MA010120220809282367,미래농산,,G2,소매,G221,기타 상품 소매,G22199,그 외 기타 상품 전문 소매업,G47859,그 외 기타 분류 안된 상품 전문 소매업,47,경상북도,47750,청송군,47750370,진보면,4775037036,진보면,4775037036104230002,1,대지,423,2,경상북도 청송군 진보면 진안리 423-2,477503316017,경상북도 청송군 진보면 진보로,110,7,4775037036104230002000018,,경상북도 청송군 진보면 진보로 110-7,763816,37409,,,,129.043514583748,36.5285063562323
MA010120220809288580,영천불교사,,G2,소매,G221,기타 상품 소매,G22199,그 외 기타 상품 전문 소매업,G47859,그 외 기타 분류 안된 상품 전문 소매업,47,경상북도,47730,의성군,47730250,의성읍,4773025021,의성읍,4773025021106850005,1,대지,685,5,경상북도 의성군 의성읍 후죽리 685-5,477304745345,경상북도 의성군 의성읍 염매시장길,6,,4773025021106850005005672,,경상북도 의성군 의성읍 염매시장길 6,769805,37338,,,,128.695636629772,36.350057149847
MA010120220809285240,피아이지,,G2,소매,G221,기타 상품 소매,G22199,그 외 기타 상품 전문 소매업,G47519,"페인트, 창호 및 기타 건설자재 소매업",41,경기도,41135,성남시 분당구,41135655,삼평동,4113510900,삼평동,4113510900106620000,1,대지,662,,경기도 성남시 분당구 삼평동 662,411354340520,경기도 성남시 분당구 판교역로192번길,16,,4113510900106620000000001,판교타워,경기도 성남시 분당구 판교역로192번길 16,463400,13524,,,,127.111433730963,37.3977443691571
MA010120220809288709,유창산업,,G2,소매,G221,기타 상품 소매,G22199,그 외 기타 상품 전문 소매업,G47859,그 외 기타 분류 안된 상품 전문 소매업,47,경상북도,47730,의성군,47730250,의성읍,4773025023,의성읍,4773025023106750003,1,대지,675,3,경상북도 의성군 의성읍 상리리 675-3,477304745237,경상북도 의성군 의성읍 상리길,19,,4773025023106750003019020,,경상북도 의성군 의성읍 상리길 19,769803,37339,,,,128.702649760047,36.351390089035
MA010120220809292528,낙동조경,,G2,소매,G221,기타 상품 소매,G22199,그 외 기타 상품 전문 소매업,G47519,"페인트, 창호 및 기타 건설자재 소매업",47,경상북도,47730,의성군,47730380,봉양면,4773038045,봉양면,4773038045101270002,1,대지,127,2,경상북도 의성군 봉양면 분토리 127-2,477304745206,경상북도 의성군 봉양면 분토1길,53,,4773038045101270002000001,,경상북도 의성군 봉양면 분토1길 53,769912,37360,,,,128.658604130961,36.3297893755349
MA010120220809274182,신흥상회,,G2,소매,G221,기타 상품 소매,G22199,그 외 기타 상품 전문 소매업,G47859,그 외 기타 분류 안된 상품 전문 소매업,47,경상북도,47750,청송군,47750320,부남면,4775032031,부남면,4775032031100730003,1,대지,73,3,경상북도 청송군 부남면 대전리 73-3,477503316007,경상북도 청송군 부남면 대전로,135,,4775032031100730003004468,,경상북도 청송군 부남면 대전로 135,763841,37443,,,,129.064151140498,36.3460599388624
MA010120220809314294,티제이바이오팜,,G2,소매,G221,기타 상품 소매,G22199,그 외 기타 상품 전문 소매업,G47859,그 외 기타 분류 안된 상품 전문 소매업,47,경상북도,47840,성주군,47840360,대가면,4784036032,대가면,4784036032104230004,1,대지,423,4,경상북도 성주군 대가면 용흥리 423-4,478404763340,경상북도 성주군 대가면 용흥3길,21,67,4784036032200680003000001,,경상북도 성주군 대가면 용흥3길 21-67,719863,40057,,,,128.239611274828,35.917475858534
MA010120220809314348,김천퇴비톱밥.중기,,G2,소매,G221,기타 상품 소매,G22199,그 외 기타 상품 전문 소매업,G47859,그 외 기타 분류 안된 상품 전문 소매업,47,경상북도,47150,김천시,47150370,봉산면,4715037022,봉산면,4715037022106540001,1,대지,654,1,경상북도 김천시 봉산면 인의리 654-1,471504718405,경상북도 김천시 봉산면 봉계길,223,,4715037022106540000050659,,경상북도 김천시 봉산면 봉계길 223,740822,39563,,,,128.063960000893,36.1502056425719
MA010120220809325614,그 외 기타 상품 전문 소매업,,G2,소매,G221,기타 상품 소매,G22199,그 외 기타 상품 전문 소매업,G47859,그 외 기타 분류 안된 상품 전문 소매업,46,전라남도,46830,영암군,46830253,삼호읍,4683025328,삼호읍,4683025328110050000,1,대지,1005,,전라남도 영암군 삼호읍 삼포리 1005,468303295024,전라남도 영암군 삼호읍 대불로,96,25,4683025328110050000007662,,전라남도 영암군 삼호읍 대불로 96-25,526892,58463,,,,126.390729986061,34.7398106606924
MA010120220809309132,금산인삼센타,,G2,소매,G221,기타 상품 소매,G22199,그 외 기타 상품 전문 소매업,G47859,그 외 기타 분류 안된 상품 전문 소매업,47,경상북도,47150,김천시,47150536,평화남산동,4715010600,남산동,4715010600100280011,1,대지,28,11,경상북도 김천시 남산동 28-11,471504718810,경상북도 김천시 중앙공원길,24,,4715010600100280011003570,,경상북도 김천시 중앙공원길 24,740973,39613,,,,128.118736073606,36.1194544516883
MA010120220809316859,김천농산,,G2,소매,G221,기타 상품 소매,G22199,그 외 기타 상품 전문 소매업,G47859,그 외 기타 분류 안된 상품 전문 소매업,47,경상북도,47150,김천시,47150595,대곡동,4715011300,백옥동,4715011300100530000,1,대지,53,,경상북도 김천시 백옥동 53,471504718498,경상북도 김천시 새들1길,2,,4715011300100530000001315,,경상북도 김천시 새들1길 2,740120,39571,,,,128.080949805294,36.1259383384291
MA010120220809321092,김천시민농약마트,,G2,소매,G221,기타 상품 소매,G22199,그 외 기타 상품 전문 소매업,G47859,그 외 기타 분류 안된 상품 전문 소매업,47,경상북도,47150,김천시,47150516,자산동,4715010200,용두동,4715010200101360000,1,대지,136,,경상북도 김천시 용두동 136,471503306030,경상북도 김천시 자산로,31,,4715010200101360000004974,,경상북도 김천시 자산로 31,740040,39591,,1,,128.128331283596,36.1193644521788
MA010120220809331158,월드유통,,G2,소매,G221,기타 상품 소매,G22199,그 외 기타 상품 전문 소매업,G47859,그 외 기타 분류 안된 상품 전문 소매업,28,인천광역시,28177,미추홀구,28177590,학익2동,2817710300,학익동,2817710300100010006,1,대지,1,6,인천광역시 미추홀구 학익동 1-6,281773151034,인천광역시 미추홀구 한나루로,449,,2817010300100030010221032,,인천광역시 미추홀구 한나루로 449,402866,22210,,1,,126.667320933672,37.4472991198475
MA010120220809309582,대산불교,,G2,소매,G221,기타 상품 소매,G22199,그 외 기타 상품 전문 소매업,G47859,그 외 기타 분류 안된 상품 전문 소매업,47,경상북도,47150,김천시,47150536,평화남산동,4715010500,평화동,4715010500102640092,1,대지,264,92,경상북도 김천시 평화동 264-92,471503306005,경상북도 김천시 김천로,95,3,4715010500102640092002620,,경상북도 김천시 김천로 95-3,740983,39597,,,,128.112906783831,36.1243119521841
MA010120220809311380,흥농농약사,,G2,소매,G221,기타 상품 소매,G22199,그 외 기타 상품 전문 소매업,G47859,그 외 기타 분류 안된 상품 전문 소매업,47,경상북도,47150,김천시,47150516,자산동,4715010300,모암동,4715010300101350012,1,대지,135,12,경상북도 김천시 모암동 135-12,471503306030,경상북도 김천시 자산로,56,,4715010300101350012004553,,경상북도 김천시 자산로 56,740010,39589,,,,128.125658576485,36.1196509354685
MA010120220809328988,자연산약초나라,,G2,소매,G221,기타 상품 소매,G22199,그 외 기타 상품 전문 소매업,G47859,그 외 기타 분류 안된 상품 전문 소매업,46,전라남도,46130,여수시,46130710,문수동,4613012000,문수동,4613012000107840001,1,대지,784,1,전라남도 여수시 문수동 784-1,461304646360,전라남도 여수시 문수5길,34,,4613012000107840001023333,,전라남도 여수시 문수5길 34,550817,59704,,,,127.698764594775,34.7498764480279
MA010120220809309811,한일건재약업사,,G2,소매,G221,기타 상품 소매,G22199,그 외 기타 상품 전문 소매업,G47859,그 외 기타 분류 안된 상품 전문 소매업,47,경상북도,47150,김천시,47150516,자산동,4715010200,용두동,4715010200101170000,1,대지,117,,경상북도 김천시 용두동 117,471503306030,경상북도 김천시 자산로,28,1,4715010200101170000005083,,경상북도 김천시 자산로 28-1,740040,39577,,,,128.128789706499,36.1195764119679
MA010120220809309876,자연산삼고을,,G2,소매,G221,기타 상품 소매,G22199,그 외 기타 상품 전문 소매업,G47859,그 외 기타 분류 안된 상품 전문 소매업,47,경상북도,47150,김천시,47150380,대항면,4715038021,대항면,4715038021106050009,1,대지,605,9,경상북도 김천시 대항면 향천리 605-9,471503306057,경상북도 김천시 대항면 직지로,92,,4715038021106050009008029,,경상북도 김천시 대항면 직지로 92,740813,39564,,,,128.021173112858,36.123894549387
MA010120220809313316,강산물산,,G2,소매,G221,기타 상품 소매,G22199,그 외 기타 상품 전문 소매업,G47859,그 외 기타 분류 안된 상품 전문 소매업,47,경상북도,47150,김천시,47150360,어모면,4715036021,어모면,4715036021107960004,1,대지,796,4,경상북도 김천시 어모면 중왕리 796-4,471504718633,경상북도 김천시 어모면 어모문화3길,31,11,4715036021107960004006148,,경상북도 김천시 어모면 어모문화3길 31-11,740833,39504,,,,128.116260158608,36.1806752368166
MA010120220809324018,우리불교,,G2,소매,G221,기타 상품 소매,G22199,그 외 기타 상품 전문 소매업,G47859,그 외 기타 분류 안된 상품 전문 소매업,11,서울특별시,11305,강북구,11305535,미아동,1130510100,미아동,1130510100101970005,1,대지,197,5,서울특별시 강북구 미아동 197-5,113053005039,서울특별시 강북구 도봉로,204,,1130510100101970005030408,,서울특별시 강북구 도봉로 204,142803,01133,,1,,127.026190726995,37.6269553856228
MA010120220809339639,영동일라이트,,G2,소매,G221,기타 상품 소매,G22199,그 외 기타 상품 전문 소매업,G47859,그 외 기타 분류 안된 상품 전문 소매업,43,충청북도,43740,영동군,43740320,황간면,4374032024,황간면,4374032024102680042,1,대지,268,42,충청북도 영동군 황간면 소계리 268-42,437403000180,충청북도 영동군 황간면 민주지산로,4017,,4374032024102680042000001,,충청북도 영동군 황간면 민주지산로 4017,370861,29115,,,,127.918617599177,36.2232050485816
MA010120220809313644,경북농약사,,G2,소매,G221,기타 상품 소매,G22199,그 외 기타 상품 전문 소매업,G47859,그 외 기타 분류 안된 상품 전문 소매업,47,경상북도,47150,김천시,47150516,자산동,4715010300,모암동,4715010300101600019,1,대지,160,19,경상북도 김천시 모암동 160-19,471504718816,경상북도 김천시 중앙시장길,3,,4715010300101600018004334,,경상북도 김천시 중앙시장길 3,740010,39590,,,,128.124311901037,36.1186813161125
MA010120220809327441,조선아이에스진주지사,,G2,소매,G221,기타 상품 소매,G22199,그 외 기타 상품 전문 소매업,G47992,계약배달 판매업,48,경상남도,48170,진주시,48170678,하대동,4817012000,하대동,4817012000102810007,1,대지,281,7,경상남도 진주시 하대동 281-7,481704796331,경상남도 진주시 대신로389번길,6,5,4817012000102810007008252,,경상남도 진주시 대신로389번길 6-5,660993,52741,,1,,128.115718986558,35.1957219021053
MA010120220809334579,수광컴퓨터,,G2,소매,G221,기타 상품 소매,G22199,그 외 기타 상품 전문 소매업,G47859,그 외 기타 분류 안된 상품 전문 소매업,41,경기도,41461,용인시 처인구,41461340,원삼면,4146134027,원삼면,4146134027107710007,1,대지,771,7,경기도 용인시 처인구 원삼면 독성리 771-7,414613012053,경기도 용인시 처인구 원삼면 보개원삼로,1777,,4146134027201360002000001,,경기도 용인시 처인구 원삼면 보개원삼로 1777,449873,17170,,,,127.312413922516,37.1521939971323
MA010120220809310273,신화켐&텍,,G2,소매,G221,기타 상품 소매,G22199,그 외 기타 상품 전문 소매업,G47859,그 외 기타 분류 안된 상품 전문 소매업,47,경상북도,47150,김천시,47150370,봉산면,4715037024,봉산면,4715037024101530003,1,대지,153,3,경상북도 김천시 봉산면 덕천리 153-3,471504718261,경상북도 김천시 봉산면 덕천3길,18,,4715037024101530003000001,,경상북도 김천시 봉산면 덕천3길 18,740822,39563,,,,128.040566351216,36.1339198632887
MA010120220809322239,동양한약방,,G2,소매,G221,기타 상품 소매,G22199,그 외 기타 상품 전문 소매업,G47859,그 외 기타 분류 안된 상품 전문 소매업,47,경상북도,47150,김천시,47150536,평화남산동,4715010600,남산동,4715010600100010003,1,대지,1,3,경상북도 김천시 남산동 1-3,471503306005,경상북도 김천시 김천로,197,,4715010600100010003003982,,경상북도 김천시 김천로 197,740973,39596,,,,128.122196399027,36.119097665208
MA010120220809310398,수영마대,,G2,소매,G221,기타 상품 소매,G22199,그 외 기타 상품 전문 소매업,G47859,그 외 기타 분류 안된 상품 전문 소매업,47,경상북도,47150,김천시,47150340,개령면,4715034022,개령면,4715034022105050000,1,대지,505,,경상북도 김천시 개령면 신룡리 505,471504718568,경상북도 김천시 개령면 신룡길,65,,4715034022105050000011650,,경상북도 김천시 개령면 신룡길 65,740842,39516,,,,128.152236844629,36.1598511471289
MA010120220809319963,쌍둥이총포사,,G2,소매,G221,기타 상품 소매,G22199,그 외 기타 상품 전문 소매업,G47859,그 외 기타 분류 안된 상품 전문 소매업,47,경상북도,47150,김천시,47150565,양금동,4715010700,황금동,4715010700100050014,1,대지,5,14,경상북도 김천시 황금동 5-14,471503306005,경상북도 김천시 김천로,203,2,4715010600100050014004047,,경상북도 김천시 김천로 203-2,740070,39596,,,,128.122703661133,36.1188405863578
MA010120220809319997,솔바이오,,G2,소매,G221,기타 상품 소매,G22199,그 외 기타 상품 전문 소매업,G47859,그 외 기타 분류 안된 상품 전문 소매업,47,경상북도,47840,성주군,47840390,월항면,4784039036,월항면,4784039036104450000,1,대지,445,,경상북도 성주군 월항면 장산리 445,478404763377,경상북도 성주군 월항면 장산1길,13,5,4784039036104450000000001,,경상북도 성주군 월항면 장산1길 13-5,719853,40036,,,,128.282607872882,35.9751136808188
MA010120220809325028,수정유리상사,,G2,소매,G221,기타 상품 소매,G22199,그 외 기타 상품 전문 소매업,G47859,그 외 기타 분류 안된 상품 전문 소매업,47,경상북도,47150,김천시,47150595,대곡동,4715011300,백옥동,4715011300102430014,1,대지,243,14,경상북도 김천시 백옥동 243-14,471504718391,경상북도 김천시 백옥길,58,,4715011300102430014018512,,경상북도 김천시 백옥길 58,740120,39639,,,,128.078507858451,36.1236353434344
MA010120220809312554,조은비료허주니,,G2,소매,G221,기타 상품 소매,G22199,그 외 기타 상품 전문 소매업,G47859,그 외 기타 분류 안된 상품 전문 소매업,47,경상북도,47840,성주군,47840310,선남면,4784031037,선남면,4784031037110500007,1,대지,1050,7,경상북도 성주군 선남면 소학리 1050-7,478403018091,경상북도 성주군 선남면 선노로,88,,4784031037110500007000001,진영기업성주영업소,경상북도 성주군 선남면 선노로 88,719832,40047,,,,128.376698691148,35.8888209079264
MA010120220809314152,문명종묘사,,G2,소매,G221,기타 상품 소매,G22199,그 외 기타 상품 전문 소매업,G47859,그 외 기타 분류 안된 상품 전문 소매업,47,경상북도,47840,성주군,47840320,용암면,4784032050,용암면,4784032050102380002,1,대지,238,2,경상북도 성주군 용암면 문명리 238-2,478403313086,경상북도 성주군 용암면 운용로,1514,,4784032050102380002020970,,경상북도 성주군 용암면 운용로 1514,719842,40051,,,,128.364556293218,35.8717561405966
MA010120220809332867,우촌,,G2,소매,G221,기타 상품 소매,G22199,그 외 기타 상품 전문 소매업,G47859,그 외 기타 분류 안된 상품 전문 소매업,43,충청북도,43740,영동군,43740250,영동읍,4374025031,영동읍,4374025031100210001,1,대지,21,1,충청북도 영동군 영동읍 설계리 21-1,437404529446,충청북도 영동군 영동읍 어미실길,131,,4374025031100210001001634,,충청북도 영동군 영동읍 어미실길 131,370806,29133,,,,127.803162963254,36.1853752812696
MA010120220809335079,팔도샷시,,G2,소매,G221,기타 상품 소매,G22199,그 외 기타 상품 전문 소매업,G47519,"페인트, 창호 및 기타 건설자재 소매업",47,경상북도,47150,김천시,47150440,대덕면,4715044032,대덕면,4715044032102430000,1,대지,243,,경상북도 김천시 대덕면 중산리 243,471504718799,경상북도 김천시 대덕면 중산1길,179,,4715044032102430000008423,,경상북도 김천시 대덕면 중산1길 179,740951,39698,,,,127.982061388441,35.938802194496
MA010120220809320333,참사랑농약사,,G2,소매,G221,기타 상품 소매,G22199,그 외 기타 상품 전문 소매업,G47859,그 외 기타 분류 안된 상품 전문 소매업,47,경상북도,47840,성주군,47840250,성주읍,4784025024,성주읍,4784025024105460001,1,대지,546,1,경상북도 성주군 성주읍 성산리 546-1,478403321017,경상북도 성주군 성주읍 성주순환로,281,,4784025024105460001000001,,경상북도 성주군 성주읍 성주순환로 281,719804,40031,,1,,128.292434805808,35.918216492117
MA010120220809333117,영풍농약사,,G2,소매,G221,기타 상품 소매,G22199,그 외 기타 상품 전문 소매업,G47859,그 외 기타 분류 안된 상품 전문 소매업,47,경상북도,47840,성주군,47840380,초전면,4784038032,초전면,4784038032106550014,1,대지,655,14,경상북도 성주군 초전면 대장리 655-14,478404763059,경상북도 성주군 초전면 대장길,89,5,4784038032106550015007043,,경상북도 성주군 초전면 대장길 89-5,719812,40013,,,,128.263868723081,35.9728523620917
MA010120220809333126,초전농약사,,G2,소매,G221,기타 상품 소매,G22199,그 외 기타 상품 전문 소매업,G47859,그 외 기타 분류 안된 상품 전문 소매업,47,경상북도,47840,성주군,47840380,초전면,4784038032,초전면,4784038032106540002,1,대지,654,2,경상북도 성주군 초전면 대장리 654-2,478404763059,경상북도 성주군 초전면 대장길,85,,4784038032106540002006582,,경상북도 성주군 초전면 대장길 85,719812,40013,,,,128.263929770832,35.9725092746386
MA010120220809305475,불교,백화점,G2,소매,G221,기타 상품 소매,G22199,그 외 기타 상품 전문 소매업,G47859,그 외 기타 분류 안된 상품 전문 소매업,47,경상북도,47230,영천시,47230390,북안면,4723039042,북안면,4723039042105640000,1,대지,564,,경상북도 영천시 북안면 송포리 564,472303000047,경상북도 영천시 북안면 대경로,2241,26,4723039042105640000011071,,경상북도 영천시 북안면 대경로 2241-26,770884,38905,,,,128.973518336459,35.9401918326961
MA010120220809460748,대한불교선화종,,G2,소매,G221,기타 상품 소매,G22199,그 외 기타 상품 전문 소매업,G47859,그 외 기타 분류 안된 상품 전문 소매업,41,경기도,41171,안양시 만안구,41171560,안양6동,4117110100,안양동,4117110100104340003,1,대지,434,3,경기도 안양시 만안구 안양동 434-3,411714346168,경기도 안양시 만안구 수리산로47번길,38,,4117110100104340003010320,명학시장,경기도 안양시 만안구 수리산로47번길 38,430822,14033,,2,,126.930223612151,37.3905861324649
MA010120220809417323,부라더미싱,구미점,G2,소매,G221,기타 상품 소매,G22199,그 외 기타 상품 전문 소매업,G47859,그 외 기타 분류 안된 상품 전문 소매업,47,경상북도,47190,구미시,47190583,형곡2동,4719010900,형곡동,4719010900101650001,1,대지,165,1,경상북도 구미시 형곡동 165-1,471904724922,경상북도 구미시 형곡로19길,12,,4719010900101650001025789,협진반도빌라,경상북도 구미시 형곡로19길 12,730929,39311,,1,,128.333357073081,36.1103639477962
MA010120220810064208,에이치제이방재,,G2,소매,G221,기타 상품 소매,G22199,그 외 기타 상품 전문 소매업,G47859,그 외 기타 분류 안된 상품 전문 소매업,41,경기도,41171,안양시 만안구,41171590,석수1동,4117110200,석수동,4117110200101680004,1,대지,168,4,경기도 안양시 만안구 석수동 168-4,411714346012,경기도 안양시 만안구 경수대로1219번길,8,,4117110200101680004007762,경남아너스빌,경기도 안양시 만안구 경수대로1219번길 8,430721,13961,,3,,126.911085044199,37.4173786511564
MA010120220809704778,가온이엔지,,G2,소매,G221,기타 상품 소매,G22199,그 외 기타 상품 전문 소매업,G47859,그 외 기타 분류 안된 상품 전문 소매업,11,서울특별시,11305,강북구,11305635,수유3동,1130510300,수유동,1130510300101720038,1,대지,172,38,서울특별시 강북구 수유동 172-38,113054124002,서울특별시 강북구 노해로13길,61,,1130510300101720038008146,아임파크,서울특별시 강북구 노해로13길 61,142876,01076,,5,,127.019147789323,37.6393633123381
MA010120220810426050,플랫폼155,,G2,소매,G221,기타 상품 소매,G22199,그 외 기타 상품 전문 소매업,G47859,그 외 기타 분류 안된 상품 전문 소매업,51,강원특별자치도,51150,강릉시,51150520,중앙동,5115010700,용강동,5115010700100290000,1,대지,29,,강원특별자치도 강릉시 용강동 29,511504460837,강원특별자치도 강릉시 임영로155번길,6,,4215010700100290000013846,서부시장,강원특별자치도 강릉시 임영로155번길 6,210070,25528,,1,,128.890878151227,37.7550595353685
MA010120220810615379,남해인삼,,G2,소매,G221,기타 상품 소매,G22199,그 외 기타 상품 전문 소매업,G47859,그 외 기타 분류 안된 상품 전문 소매업,26,부산광역시,26230,부산진구,26230510,부전1동,2623010300,부전동,2623010300105730003,1,대지,573,3,부산광역시 부산진구 부전동 573-3,262304187696,부산광역시 부산진구 중앙대로783번길,23,,2623010300105730021011896,부전시장,부산광역시 부산진구 중앙대로783번길 23,614848,47251,,2,,129.06102082303,35.1633059594121
MA010120220810616019,한얼인삼,,G2,소매,G221,기타 상품 소매,G22199,그 외 기타 상품 전문 소매업,G47859,그 외 기타 분류 안된 상품 전문 소매업,26,부산광역시,26230,부산진구,26230510,부전1동,2623010300,부전동,2623010300105730026,1,대지,573,26,부산광역시 부산진구 부전동 573-26,262304187696,부산광역시 부산진구 중앙대로783번길,23,,2623010300105730021011896,부전점포,부산광역시 부산진구 중앙대로783번길 23,614848,47251,,2,,129.061156600134,35.1630333001005
MA010120220810618074,한국인삼,,G2,소매,G221,기타 상품 소매,G22199,그 외 기타 상품 전문 소매업,G47859,그 외 기타 분류 안된 상품 전문 소매업,26,부산광역시,26230,부산진구,26230510,부전1동,2623010300,부전동,2623010300105730003,1,대지,573,3,부산광역시 부산진구 부전동 573-3,262304187696,부산광역시 부산진구 중앙대로783번길,23,,2623010300105730021011896,부전시장,부산광역시 부산진구 중앙대로783번길 23,614848,47251,,2,,129.06102082303,35.1633059594121
MA010120220810378733,넥스트필름,,G2,소매,G221,기타 상품 소매,G22199,그 외 기타 상품 전문 소매업,G47859,그 외 기타 분류 안된 상품 전문 소매업,11,서울특별시,11650,서초구,11650652,양재2동,1165010200,양재동,1165010200103970003,1,대지,397,3,서울특별시 서초구 양재동 397-3,116504163099,서울특별시 서초구 논현로5길,32,9,1165010200103970003002608,양재빌라,서울특별시 서초구 논현로5길 32-9,137899,06783,,4,,127.047819014915,37.4719318140065
MA010120220810620001,합천인삼,,G2,소매,G221,기타 상품 소매,G22199,그 외 기타 상품 전문 소매업,G47859,그 외 기타 분류 안된 상품 전문 소매업,26,부산광역시,26230,부산진구,26230510,부전1동,2623010300,부전동,2623010300105730026,1,대지,573,26,부산광역시 부산진구 부전동 573-26,262304187696,부산광역시 부산진구 중앙대로783번길,23,,2623010300105730021011896,부전점포,부산광역시 부산진구 중앙대로783번길 23,614848,47251,,2,,129.061156600134,35.1630333001005
MA010120220810621677,경희인삼,,G2,소매,G221,기타 상품 소매,G22199,그 외 기타 상품 전문 소매업,G47859,그 외 기타 분류 안된 상품 전문 소매업,26,부산광역시,26230,부산진구,26230510,부전1동,2623010300,부전동,2623010300105730003,1,대지,573,3,부산광역시 부산진구 부전동 573-3,262304187696,부산광역시 부산진구 중앙대로783번길,23,,2623010300105730021011896,부전시장,부산광역시 부산진구 중앙대로783번길 23,614848,47251,,2,,129.06102082303,35.1633059594121
MA010120220810623862,부림인삼,,G2,소매,G221,기타 상품 소매,G22199,그 외 기타 상품 전문 소매업,G47859,그 외 기타 분류 안된 상품 전문 소매업,26,부산광역시,26230,부산진구,26230510,부전1동,2623010300,부전동,2623010300105730026,1,대지,573,26,부산광역시 부산진구 부전동 573-26,262304187696,부산광역시 부산진구 중앙대로783번길,23,,2623010300105730021011896,부전점포,부산광역시 부산진구 중앙대로783번길 23,614848,47251,,2,,129.061156600134,35.1630333001005
MA010120220810811712,진주인삼,,G2,소매,G221,기타 상품 소매,G22199,그 외 기타 상품 전문 소매업,G47859,그 외 기타 분류 안된 상품 전문 소매업,26,부산광역시,26230,부산진구,26230510,부전1동,2623010300,부전동,2623010300105730003,1,대지,573,3,부산광역시 부산진구 부전동 573-3,262304187696,부산광역시 부산진구 중앙대로783번길,23,,2623010300105730021011896,부전시장,부산광역시 부산진구 중앙대로783번길 23,614848,47251,,2,,129.06102082303,35.1633059594121
MA010120220810637242,한국대명인삼,,G2,소매,G221,기타 상품 소매,G22199,그 외 기타 상품 전문 소매업,G47859,그 외 기타 분류 안된 상품 전문 소매업,26,부산광역시,26230,부산진구,26230510,부전1동,2623010300,부전동,2623010300105730026,1,대지,573,26,부산광역시 부산진구 부전동 573-26,262304187696,부산광역시 부산진구 중앙대로783번길,23,,2623010300105730021011896,부전점포,부산광역시 부산진구 중앙대로783번길 23,614848,47251,,2,,129.061156600134,35.1630333001005
MA010120220810638312,영진인삼,,G2,소매,G221,기타 상품 소매,G22199,그 외 기타 상품 전문 소매업,G47859,그 외 기타 분류 안된 상품 전문 소매업,26,부산광역시,26230,부산진구,26230510,부전1동,2623010300,부전동,2623010300105730003,1,대지,573,3,부산광역시 부산진구 부전동 573-3,262304187696,부산광역시 부산진구 중앙대로783번길,23,,2623010300105730021011896,부전시장,부산광역시 부산진구 중앙대로783번길 23,614848,47251,,2,,129.06102082303,35.1633059594121
MA010120220810640203,삼호인삼,,G2,소매,G221,기타 상품 소매,G22199,그 외 기타 상품 전문 소매업,G47859,그 외 기타 분류 안된 상품 전문 소매업,26,부산광역시,26230,부산진구,26230510,부전1동,2623010300,부전동,2623010300105730003,1,대지,573,3,부산광역시 부산진구 부전동 573-3,262304187696,부산광역시 부산진구 중앙대로783번길,23,,2623010300105730021011896,부전시장,부산광역시 부산진구 중앙대로783번길 23,614848,47251,,2,,129.06102082303,35.1633059594121
MA010120220810640230,에스엠산업,,G2,소매,G221,기타 상품 소매,G22199,그 외 기타 상품 전문 소매업,G47859,그 외 기타 분류 안된 상품 전문 소매업,26,부산광역시,26230,부산진구,26230510,부전1동,2623010300,부전동,2623010300105730026,1,대지,573,26,부산광역시 부산진구 부전동 573-26,262304187696,부산광역시 부산진구 중앙대로783번길,23,,2623010300105730021011896,부전점포,부산광역시 부산진구 중앙대로783번길 23,614848,47251,,2,,129.061156600134,35.1630333001005
MA010120220810641456,동방인삼,,G2,소매,G221,기타 상품 소매,G22199,그 외 기타 상품 전문 소매업,G47859,그 외 기타 분류 안된 상품 전문 소매업,26,부산광역시,26230,부산진구,26230510,부전1동,2623010300,부전동,2623010300105730003,1,대지,573,3,부산광역시 부산진구 부전동 573-3,262304187696,부산광역시 부산진구 중앙대로783번길,23,,2623010300105730021011896,부전시장,부산광역시 부산진구 중앙대로783번길 23,614848,47251,,2,,129.06102082303,35.1633059594121
MA010120220811110649,러브하우스,,G2,소매,G221,기타 상품 소매,G22199,그 외 기타 상품 전문 소매업,G47859,그 외 기타 분류 안된 상품 전문 소매업,48,경상남도,48220,통영시,48220590,정량동,4822010900,정량동,4822010900113790000,1,대지,1379,,경상남도 통영시 정량동 1379,482204799395,경상남도 통영시 정동2길,52,,4822010900113790000003928,송림하이츠맨션,경상남도 통영시 정동2길 52,650807,53050,,1,,128.430535671961,34.8440654975485
MA010120220810579116,현민글로벌,,G2,소매,G221,기타 상품 소매,G22199,그 외 기타 상품 전문 소매업,G47859,그 외 기타 분류 안된 상품 전문 소매업,28,인천광역시,28260,서구,28260740,아라동,2826011500,원당동,2826011500110200001,1,대지,1020,1,인천광역시 서구 원당동 1020-1,282603352841,인천광역시 서구 서로3로,225,,2826011500100000000000112,검단파라곤보타닉파크,인천광역시 서구 서로3로 225,404320,22859,,3,,126.706079522852,37.5982111662925
MA010120220810653671,인동인삼,,G2,소매,G221,기타 상품 소매,G22199,그 외 기타 상품 전문 소매업,G47859,그 외 기타 분류 안된 상품 전문 소매업,26,부산광역시,26230,부산진구,26230510,부전1동,2623010300,부전동,2623010300105730026,1,대지,573,26,부산광역시 부산진구 부전동 573-26,262304187696,부산광역시 부산진구 중앙대로783번길,23,,2623010300105730021011896,부전점포,부산광역시 부산진구 중앙대로783번길 23,614848,47251,,2,,129.061156600134,35.1630333001005
MA010120220810842816,천일불교사,,G2,소매,G221,기타 상품 소매,G22199,그 외 기타 상품 전문 소매업,G47859,그 외 기타 분류 안된 상품 전문 소매업,48,경상남도,48127,창원시 마산회원구,48127510,회원1동,4812710800,회원동,4812710800100300024,1,대지,30,24,경상남도 창원시 마산회원구 회원동 30-24,481274790448,경상남도 창원시 마산회원구 회원동16길,50,,4812710800100300024007010,대양아파트상가,경상남도 창원시 마산회원구 회원동16길 50,630820,51289,,1,,128.571437829815,35.2204149152627
MA010120220810588899,장애인사랑나누기,,G2,소매,G221,기타 상품 소매,G22199,그 외 기타 상품 전문 소매업,G47859,그 외 기타 분류 안된 상품 전문 소매업,26,부산광역시,26230,부산진구,26230540,연지동,2623010600,연지동,2623010600100340009,1,대지,34,9,부산광역시 부산진구 연지동 34-9,262304187448,부산광역시 부산진구 성지로22번길,29,,2623010600100340009008887,건솔,부산광역시 부산진구 성지로22번길 29,614859,47123,,1,,129.056484002441,35.1731426677175
MA010120220811136140,뮬산,,G2,소매,G221,기타 상품 소매,G22199,그 외 기타 상품 전문 소매업,G47859,그 외 기타 분류 안된 상품 전문 소매업,28,인천광역시,28200,남동구,28200700,논현2동,2820011000,논현동,2820011000104480000,1,대지,448,,인천광역시 남동구 논현동 448,282004259179,인천광역시 남동구 남동서로236번길,30,,2820011000104480000017545,논현2차푸르지오시티,인천광역시 남동구 남동서로236번길 30,405849,21632,,1,,126.695127439476,37.409576594133
MA010120220810255568,상아,,G2,소매,G221,기타 상품 소매,G22199,그 외 기타 상품 전문 소매업,G47859,그 외 기타 분류 안된 상품 전문 소매업,11,서울특별시,11110,종로구,11110615,종로1.2.3.4가동,1111012900,견지동,1111012900101100000,1,대지,110,,서울특별시 종로구 견지동 110,111103100006,서울특별시 종로구 삼봉로,95,,1111012900101100000000001,대성스카이렉스,서울특별시 종로구 삼봉로 95,110170,03150,,1,,126.98253341174,37.5723209130546
MA010120220810606148,형제인삼,,G2,소매,G221,기타 상품 소매,G22199,그 외 기타 상품 전문 소매업,G47859,그 외 기타 분류 안된 상품 전문 소매업,26,부산광역시,26230,부산진구,26230510,부전1동,2623010300,부전동,2623010300105730003,1,대지,573,3,부산광역시 부산진구 부전동 573-3,262304187696,부산광역시 부산진구 중앙대로783번길,23,,2623010300105730021011896,부전시장,부산광역시 부산진구 중앙대로783번길 23,614848,47251,,2,,129.06102082303,35.1633059594121
MA010120220810606917,건강인삼,,G2,소매,G221,기타 상품 소매,G22199,그 외 기타 상품 전문 소매업,G47859,그 외 기타 분류 안된 상품 전문 소매업,26,부산광역시,26230,부산진구,26230510,부전1동,2623010300,부전동,2623010300105730003,1,대지,573,3,부산광역시 부산진구 부전동 573-3,262304187696,부산광역시 부산진구 중앙대로783번길,23,,2623010300105730021011896,부전시장,부산광역시 부산진구 중앙대로783번길 23,614848,47251,,2,,129.06102082303,35.1633059594121
MA010120220809417983,권진희가발,,G2,소매,G221,기타 상품 소매,G22199,그 외 기타 상품 전문 소매업,G47422,의복 액세서리 및 모조 장신구 소매업,27,대구광역시,27140,동구,27140520,신암2동,2714010100,신암동,2714010100108080005,1,대지,808,5,대구광역시 동구 신암동 808-5,271403007003,대구광역시 동구 대현로,134,,2714010100108080005021604,,대구광역시 동구 대현로 134,701818,41200,,2,,128.613456110838,35.8812594053044
MA010120220810533297,수목상사,,G2,소매,G221,기타 상품 소매,G22199,그 외 기타 상품 전문 소매업,G47859,그 외 기타 분류 안된 상품 전문 소매업,26,부산광역시,26380,사하구,26380530,괴정3동,2638010100,괴정동,2638010100104830056,1,대지,483,56,부산광역시 사하구 괴정동 483-56,263804202309,부산광역시 사하구 사하로156번길,6,,2638010100104830056036989,,부산광역시 사하구 사하로156번길 6,604811,49360,,,,128.993819813453,35.0954909021781
MA010120220810538356,제일몰,,G2,소매,G221,기타 상품 소매,G22199,그 외 기타 상품 전문 소매업,G47859,그 외 기타 분류 안된 상품 전문 소매업,47,경상북도,47230,영천시,47230380,고경면,4723038022,고경면,4723038022100040000,1,대지,4,,경상북도 영천시 고경면 창하리 4,472303018037,경상북도 영천시 고경면 호국로,495,,4723038022103840000000001,,경상북도 영천시 고경면 호국로 495,770843,38900,,,,128.994707138784,35.9905265534415
MA010120220810552754,대풍친환경,,G2,소매,G221,기타 상품 소매,G22199,그 외 기타 상품 전문 소매업,G47859,그 외 기타 분류 안된 상품 전문 소매업,46,전라남도,46150,순천시,46150610,장천동,4615011900,장천동,4615011900100680001,1,대지,68,1,전라남도 순천시 장천동 68-1,461504649917,전라남도 순천시 장천신촌길,3,,4615011900100680002040878,,전라남도 순천시 장천신촌길 3,540960,57960,,1,,127.492930499191,34.9468376561621
MA010120220810550250,지룩스,,G2,소매,G221,기타 상품 소매,G22199,그 외 기타 상품 전문 소매업,G47859,그 외 기타 분류 안된 상품 전문 소매업,11,서울특별시,11140,중구,11140605,을지로동,1114015200,주교동,1114015200101760003,1,대지,176,3,서울특별시 중구 주교동 176-3,111403005008,서울특별시 중구 창경궁로,62,,1114015200101760003011845,,서울특별시 중구 창경궁로 62,100330,04546,,2,,126.998222880838,37.567970384039
MA010120220810570337,티엠시,,G2,소매,G221,기타 상품 소매,G22199,그 외 기타 상품 전문 소매업,G47859,그 외 기타 분류 안된 상품 전문 소매업,48,경상남도,48250,김해시,48250540,내외동,4825010900,외동,4825010900111930016,1,대지,1193,16,경상남도 김해시 외동 1193-16,482504805862,경상남도 김해시 함박로45번길,14,,4825010900111930016101248,,경상남도 김해시 함박로45번길 14,621919,50955,,,,128.859127050237,35.2343614918243
MA010120220810531209,아르모,,G2,소매,G221,기타 상품 소매,G22199,그 외 기타 상품 전문 소매업,G47422,의복 액세서리 및 모조 장신구 소매업,26,부산광역시,26380,사하구,26380550,당리동,2638010200,당리동,2638010200103160025,1,대지,316,25,부산광역시 사하구 당리동 316-25,263802006002,부산광역시 사하구 낙동대로,414,,2638010200103160025020097,정림빌딩,부산광역시 사하구 낙동대로 414,604828,49327,,2,,128.97306111118,35.1040404167645
MA010120220810547657,사하총포사,,G2,소매,G221,기타 상품 소매,G22199,그 외 기타 상품 전문 소매업,G47859,그 외 기타 분류 안된 상품 전문 소매업,26,부산광역시,26380,사하구,26380561,하단1동,2638010300,하단동,2638010300106230012,1,대지,623,12,부산광역시 사하구 하단동 623-12,263802006002,부산광역시 사하구 낙동대로,421,,2638010300106230012023774,,부산광역시 사하구 낙동대로 421,604848,49410,,,,128.972189058686,35.1038022792333
MA010120220810572227,쌍둥이네약초,,G2,소매,G221,기타 상품 소매,G22199,그 외 기타 상품 전문 소매업,G47859,그 외 기타 분류 안된 상품 전문 소매업,30,대전광역시,30170,서구,30170590,가수원동,3017011400,가수원동,3017011400107900001,1,대지,790,1,대전광역시 서구 가수원동 790-1,301704298399,대전광역시 서구 벌곡로1349번길,19,,3017011400107900001018152,쌍둥이네약초,대전광역시 서구 벌곡로1349번길 19,302802,35389,,1,,127.353364411968,36.3014587427352
MA010120220810562570,지노물산신세계,본점,G2,소매,G221,기타 상품 소매,G22199,그 외 기타 상품 전문 소매업,G47859,그 외 기타 분류 안된 상품 전문 소매업,11,서울특별시,11140,중구,11140540,회현동,1114012400,충무로1가,1114012400100540000,1,대지,54,,서울특별시 중구 충무로1가 54,111403101011,서울특별시 중구 퇴계로,77,,1114012400100540000023233,신세계백화점,서울특별시 중구 퇴계로 77,100011,04530,,1,,126.980770585183,37.5603554126478
MA010120220810534664,라파88,,G2,소매,G221,기타 상품 소매,G22199,그 외 기타 상품 전문 소매업,G47859,그 외 기타 분류 안된 상품 전문 소매업,43,충청북도,43760,괴산군,43760360,청천면,4376036031,청천면,4376036031105600016,1,대지,560,16,충청북도 괴산군 청천면 도원리 560-16,437604538210,충청북도 괴산군 청천면 도원1길,30,,4376036031105600016025566,,충청북도 괴산군 청천면 도원1길 30,367846,28062,,2,,127.77789509272,36.674935500852
MA010120220810536913,영곤,,G2,소매,G221,기타 상품 소매,G22199,그 외 기타 상품 전문 소매업,G47859,그 외 기타 분류 안된 상품 전문 소매업,44,충청남도,44270,당진시,44270253,송악읍,4427025342,송악읍,4427025342100910001,1,대지,91,1,충청남도 당진시 송악읍 가학리 91-1,442703265011,충청남도 당진시 송악읍 당고개로,10,2,4483025642100910001089041,,충청남도 당진시 송악읍 당고개로 10-2,343822,31732,,,,126.713283086655,36.9196827902543
MA010120220810536985,에이치솔루션,,G2,소매,G221,기타 상품 소매,G22199,그 외 기타 상품 전문 소매업,G47859,그 외 기타 분류 안된 상품 전문 소매업,44,충청남도,44133,천안시 서북구,44133566,불당1동,4413310800,불당동,4413310800107260000,1,대지,726,,충청남도 천안시 서북구 불당동 726,441334550035,충청남도 천안시 서북구 검은들3길,46,,4413310800107260000056253,미래시티빌딩,충청남도 천안시 서북구 검은들3길 46,331982,31163,,8,,127.108683029259,36.8106122790062
MA010120220810569054,신기경농약종묘사,,G2,소매,G221,기타 상품 소매,G22199,그 외 기타 상품 전문 소매업,G47859,그 외 기타 분류 안된 상품 전문 소매업,26,부산광역시,26230,부산진구,26230510,부전1동,2623010300,부전동,2623010300100550002,1,대지,55,2,부산광역시 부산진구 부전동 55-2,262304187696,부산광역시 부산진구 중앙대로783번길,8,,2623010300100550002042521,,부산광역시 부산진구 중앙대로783번길 8,614843,47250,,,,129.062357553983,35.162355005543
MA010120220810539566,레드매직,,G2,소매,G221,기타 상품 소매,G22199,그 외 기타 상품 전문 소매업,G47859,그 외 기타 분류 안된 상품 전문 소매업,28,인천광역시,28185,연수구,28185630,옥련1동,2818510100,옥련동,2818510100105480003,1,대지,548,3,인천광역시 연수구 옥련동 548-3,281853008016,인천광역시 연수구 능허대로,199,,2818510100105480003022655,일부,인천광역시 연수구 능허대로 199,406835,21946,,2,,126.650526754636,37.4183371799951
MA010120220810569289,열쇠특공대,,G2,소매,G221,기타 상품 소매,G22199,그 외 기타 상품 전문 소매업,N75999,그 외 기타 분류 안된 사업 지원 서비스업,11,서울특별시,11650,서초구,11650530,서초3동,1165010800,서초동,1165010800115190001,1,대지,1519,1,서울특별시 서초구 서초동 1519-1,116504163187,서울특별시 서초구 명달로20길,32,,1165010800115190001021148,,서울특별시 서초구 명달로20길 32,137871,06668,,,,127.005913476697,37.485915996821
MA010120220810569309,백광기획,,G2,소매,G221,기타 상품 소매,G22199,그 외 기타 상품 전문 소매업,G47859,그 외 기타 분류 안된 상품 전문 소매업,26,부산광역시,26410,금정구,26410670,남산동,2641010400,남산동,2641010400100420005,1,대지,42,5,부산광역시 금정구 남산동 42-5,264102000010,부산광역시 금정구 중앙대로,1992,,2641010400100420005023308,,부산광역시 금정구 중앙대로 1992,609811,46216,,,,129.092067148714,35.2621973350635
MA010120220810572757,농협홍삼건강해지삼,,G2,소매,G221,기타 상품 소매,G22199,그 외 기타 상품 전문 소매업,G47859,그 외 기타 분류 안된 상품 전문 소매업,43,충청북도,43114,청주시 청원구,43114540,율량.사천동,4311410300,율량동,4311410300113180000,1,대지,1318,,충청북도 청주시 청원구 율량동 1318,431143236050,충청북도 청주시 청원구 율봉로,142,,4311111500113180000040033,아름빌딩,충청북도 청주시 청원구 율봉로 142,363820,28350,,1,,127.484756500268,36.6680190248445
MA010120220810540167,대일미싱,,G2,소매,G221,기타 상품 소매,G22199,그 외 기타 상품 전문 소매업,G47859,그 외 기타 분류 안된 상품 전문 소매업,26,부산광역시,26380,사하구,26380530,괴정3동,2638010100,괴정동,2638010100102860008,1,대지,286,8,부산광역시 사하구 괴정동 286-8,263802006002,부산광역시 사하구 낙동대로,163,,2638010100102860008004161,,부산광역시 사하구 낙동대로 163,604809,49349,,,,128.998444083573,35.1021105215519
MA010120220810551874,평창진부,대리점,G2,소매,G221,기타 상품 소매,G22199,그 외 기타 상품 전문 소매업,G47859,그 외 기타 분류 안된 상품 전문 소매업,51,강원특별자치도,51760,평창군,51760360,진부면,5176036021,진부면,5176036021101490005,1,대지,149,5,강원특별자치도 평창군 진부면 하진부리 149-5,517603228026,강원특별자치도 평창군 진부면 청송로,101,,4276036021101490007018704,,강원특별자치도 평창군 진부면 청송로 101,232948,25325,,,,128.557575066144,37.6367763815348
MA010120220810565619,합천인삼초재,,G2,소매,G221,기타 상품 소매,G22199,그 외 기타 상품 전문 소매업,G47859,그 외 기타 분류 안된 상품 전문 소매업,26,부산광역시,26260,동래구,26260520,복산동,2626010500,복천동,2626010500102290042,1,대지,229,42,부산광역시 동래구 복천동 229-42,262604190097,부산광역시 동래구 동래시장길,14,,2626010500102290029016298,동래시장,부산광역시 동래구 동래시장길 14,607020,47810,,1,,129.085934798381,35.2038097756689
MA010120220810549427,동광불교사,,G2,소매,G221,기타 상품 소매,G22199,그 외 기타 상품 전문 소매업,G47859,그 외 기타 분류 안된 상품 전문 소매업,26,부산광역시,26380,사하구,26380530,괴정3동,2638010100,괴정동,2638010100102710001,1,대지,271,1,부산광역시 사하구 괴정동 271-1,263802006002,부산광역시 사하구 낙동대로,175,,2638010100102710001012661,,부산광역시 사하구 낙동대로 175,604809,49349,,,,128.997222736875,35.1014908165364
MA010120220810555159,동양테크,,G2,소매,G221,기타 상품 소매,G22199,그 외 기타 상품 전문 소매업,G47859,그 외 기타 분류 안된 상품 전문 소매업,46,전라남도,46820,해남군,46820250,해남읍,4682025025,해남읍,4682025025104060018,1,대지,406,18,전라남도 해남군 해남읍 남외리 406-18,468204682087,전라남도 해남군 해남읍 남외2길,30,,4682025025104060018000001,,전라남도 해남군 해남읍 남외2길 30,536805,59034,,,,126.591419484985,34.571667854011
MA010120220810561148,세이프텍,,G2,소매,G221,기타 상품 소매,G22199,그 외 기타 상품 전문 소매업,G47859,그 외 기타 분류 안된 상품 전문 소매업,41,경기도,41370,오산시,41370530,남촌동,4137010400,궐동,4137010400107080013,1,대지,708,13,경기도 오산시 궐동 708-13,413704394066,경기도 오산시 법원로15번길,50,,4137010400107080013001716,,경기도 오산시 법원로15번길 50,447140,18123,,,,127.053776586082,37.1551615645172
MA010120220810540412,미진양행,,G2,소매,G221,기타 상품 소매,G22199,그 외 기타 상품 전문 소매업,G47859,그 외 기타 분류 안된 상품 전문 소매업,26,부산광역시,26140,서구,26140640,충무동,2614012000,충무동1가,2614012000100390009,1,대지,39,9,부산광역시 서구 충무동1가 39-9,261402126001,부산광역시 서구 충무대로,260,,2614012000100390009021333,,부산광역시 서구 충무대로 260,602011,49254,,,,129.024217050616,35.0938335367455
MA010120220810552178,보또랜드,,G2,소매,G221,기타 상품 소매,G22199,그 외 기타 상품 전문 소매업,G47859,그 외 기타 분류 안된 상품 전문 소매업,51,강원특별자치도,51720,홍천군,51720370,서면,5172037032,서면,5172037032107850020,1,대지,785,20,강원특별자치도 홍천군 서면 두미리 785-20,517204853251,강원특별자치도 홍천군 서면 개야로548번길,25,8,4272037032107850009000007,,강원특별자치도 홍천군 서면 개야로548번길 25-8,250852,25101,,1,,127.650904542982,37.6805094142332
MA010120220810586578,예스가발,,G2,소매,G221,기타 상품 소매,G22199,그 외 기타 상품 전문 소매업,G47422,의복 액세서리 및 모조 장신구 소매업,26,부산광역시,26170,동구,26170660,범일2동,2617010400,범일동,2617010400108290010,1,대지,829,10,부산광역시 동구 범일동 829-10,261703127052,부산광역시 동구 자성로,119,,2617010400108290010018843,,부산광역시 동구 자성로 119,601807,48746,,3,,129.063044886923,35.1369935941218
MA010120220810605988,관음부동산,,G2,소매,G221,기타 상품 소매,G22199,그 외 기타 상품 전문 소매업,G47859,그 외 기타 분류 안된 상품 전문 소매업,26,부산광역시,26230,부산진구,26230510,부전1동,2623010300,부전동,2623010300100520000,1,대지,52,,부산광역시 부산진구 부전동 52,262304187696,부산광역시 부산진구 중앙대로783번길,26,,2623010300100520000003693,창신빌딩,부산광역시 부산진구 중앙대로783번길 26,614843,47250,,,,129.062023834277,35.1630455709191
MA010120220810605989,전통불교예술원,,G2,소매,G221,기타 상품 소매,G22199,그 외 기타 상품 전문 소매업,G47859,그 외 기타 분류 안된 상품 전문 소매업,26,부산광역시,26230,부산진구,26230510,부전1동,2623010300,부전동,2623010300103460007,1,대지,346,7,부산광역시 부산진구 부전동 346-7,262303129023,부산광역시 부산진구 부전로,157,1,2623010300103460007007598,,부산광역시 부산진구 부전로 157-1,614843,47248,,,,129.058434989886,35.1625929657764
MA010120220810608549,금호유통,,G2,소매,G221,기타 상품 소매,G22199,그 외 기타 상품 전문 소매업,G47859,그 외 기타 분류 안된 상품 전문 소매업,26,부산광역시,26170,동구,26170660,범일2동,2617010400,범일동,2617010400108320007,1,대지,832,7,부산광역시 동구 범일동 832-7,261703127051,부산광역시 동구 범일로,94,,2617010400108320007001478,,부산광역시 동구 범일로 94,601808,48744,,2,,129.059612464627,35.1383496796365
MA010120220810612735,성인용품,전문점,G2,소매,G221,기타 상품 소매,G22199,그 외 기타 상품 전문 소매업,G47859,그 외 기타 분류 안된 상품 전문 소매업,26,부산광역시,26170,동구,26170660,범일2동,2617010400,범일동,2617010400108330029,1,대지,833,29,부산광역시 동구 범일동 833-29,261703127051,부산광역시 동구 범일로,110,,2617010400108330029007458,명성빌딩,부산광역시 동구 범일로 110,601808,48738,,,,129.05966957841,35.1397455137031
MA010120220810600914,부평불교사,,G2,소매,G221,기타 상품 소매,G22199,그 외 기타 상품 전문 소매업,G47859,그 외 기타 분류 안된 상품 전문 소매업,26,부산광역시,26110,중구,26110560,부평동,2611012500,부평동3가,2611012500100790001,1,대지,79,1,부산광역시 중구 부평동3가 79-1,261103125010,부산광역시 중구 대청로,40,2,2611012500100790001000001,,부산광역시 중구 대청로 40-2,600809,48975,,,,129.024257476052,35.1030068401214
MA010120220810606037,용궁불교사,,G2,소매,G221,기타 상품 소매,G22199,그 외 기타 상품 전문 소매업,G47859,그 외 기타 분류 안된 상품 전문 소매업,26,부산광역시,26230,부산진구,26230510,부전1동,2623010300,부전동,2623010300100420005,1,대지,42,5,부산광역시 부산진구 부전동 42-5,262303129023,부산광역시 부산진구 부전로,187,2,2623010300100420002027682,,부산광역시 부산진구 부전로 187-2,614842,47248,,,,129.061265269804,35.163860518681
MA010120220810606038,부전불교사,,G2,소매,G221,기타 상품 소매,G22199,그 외 기타 상품 전문 소매업,G47859,그 외 기타 분류 안된 상품 전문 소매업,26,부산광역시,26230,부산진구,26230510,부전1동,2623010300,부전동,2623010300100420005,1,대지,42,5,부산광역시 부산진구 부전동 42-5,262303129023,부산광역시 부산진구 부전로,187,2,2623010300100420002027682,,부산광역시 부산진구 부전로 187-2,614842,47248,,,,129.061265269804,35.163860518681
MA010120220810610853,혜광불교,,G2,소매,G221,기타 상품 소매,G22199,그 외 기타 상품 전문 소매업,G47859,그 외 기타 분류 안된 상품 전문 소매업,26,부산광역시,26230,부산진구,26230510,부전1동,2623010300,부전동,2623010300100560001,1,대지,56,1,부산광역시 부산진구 부전동 56-1,262302000010,부산광역시 부산진구 중앙대로,787,,2623010300100550001046037,,부산광역시 부산진구 중앙대로 787,614843,47250,,1,,129.062479804475,35.162416004774
MA010120220810587378,보경당,,G2,소매,G221,기타 상품 소매,G22199,그 외 기타 상품 전문 소매업,G47859,그 외 기타 분류 안된 상품 전문 소매업,26,부산광역시,26230,부산진구,26230770,범천1동,2623010400,범천동,2623010400108390015,1,대지,839,15,부산광역시 부산진구 범천동 839-15,262304187652,부산광역시 부산진구 자유평화로3번길,46,,2623010400108390015000013,,부산광역시 부산진구 자유평화로3번길 46,614826,47366,,,,129.062336908635,35.1424126336332
MA010120220810596286,거북이수석,,G2,소매,G221,기타 상품 소매,G22199,그 외 기타 상품 전문 소매업,G47859,그 외 기타 분류 안된 상품 전문 소매업,46,전라남도,46170,나주시,46170250,남평읍,4617025027,남평읍,4617025027110970000,1,대지,1097,,전라남도 나주시 남평읍 오계리 1097,461703017017,전라남도 나주시 남평읍 지석로,445,,4617025027110970000070362,,전라남도 나주시 남평읍 지석로 445,520843,58232,,,,126.852813151015,35.0148206782449
MA010120220810613592,금강불교,,G2,소매,G221,기타 상품 소매,G22199,그 외 기타 상품 전문 소매업,G47859,그 외 기타 분류 안된 상품 전문 소매업,26,부산광역시,26230,부산진구,26230510,부전1동,2623010300,부전동,2623010300100390002,1,대지,39,2,부산광역시 부산진구 부전동 39-2,262303129023,부산광역시 부산진구 부전로,191,1,2623010300100390002051873,,부산광역시 부산진구 부전로 191-1,614842,47248,,,,129.061655784082,35.1641152075097
MA010120220810591434,고려건재식품,,G2,소매,G221,기타 상품 소매,G22199,그 외 기타 상품 전문 소매업,G47859,그 외 기타 분류 안된 상품 전문 소매업,26,부산광역시,26230,부산진구,26230510,부전1동,2623010300,부전동,2623010300103510014,1,대지,351,14,부산광역시 부산진구 부전동 351-14,262304187409,부산광역시 부산진구 새싹로28번길,23,,2623010300103510014037482,,부산광역시 부산진구 새싹로28번길 23,614844,47253,,,,129.058428235791,35.1605834894622
MA010120220810587737,형제식품,,G2,소매,G221,기타 상품 소매,G22199,그 외 기타 상품 전문 소매업,G47859,그 외 기타 분류 안된 상품 전문 소매업,26,부산광역시,26230,부산진구,26230770,범천1동,2623010400,범천동,2623010400108390407,1,대지,839,407,부산광역시 부산진구 범천동 839-407,262303006021,부산광역시 부산진구 자유평화로,21,11,2623010400108390407031272,,부산광역시 부산진구 자유평화로 21-11,614826,47366,,,,129.062005706056,35.1418955972729
MA010120220810607024,동미사,,G2,소매,G221,기타 상품 소매,G22199,그 외 기타 상품 전문 소매업,G47859,그 외 기타 분류 안된 상품 전문 소매업,26,부산광역시,26230,부산진구,26230520,부전2동,2623010300,부전동,2623010300105150073,1,대지,515,73,부산광역시 부산진구 부전동 515-73,262304187687,부산광역시 부산진구 중앙대로691번가길,25,,2623010300105150003030875,,부산광역시 부산진구 중앙대로691번가길 25,614847,47287,,,,129.055424542007,35.1554708439659
MA010120220810611591,양귀비가발,,G2,소매,G221,기타 상품 소매,G22199,그 외 기타 상품 전문 소매업,G47422,의복 액세서리 및 모조 장신구 소매업,26,부산광역시,26230,부산진구,26230520,부전2동,2623010300,부전동,2623010300105150073,1,대지,515,73,부산광역시 부산진구 부전동 515-73,262304187687,부산광역시 부산진구 중앙대로691번가길,25,,2623010300105150003030875,,부산광역시 부산진구 중앙대로691번가길 25,614847,47287,,,,129.055424542007,35.1554708439659
MA010120220810605031,대부종합상사,,G2,소매,G221,기타 상품 소매,G22199,그 외 기타 상품 전문 소매업,G47859,그 외 기타 분류 안된 상품 전문 소매업,26,부산광역시,26230,부산진구,26230550,초읍동,2623010700,초읍동,2623010700101510001,1,대지,151,1,부산광역시 부산진구 초읍동 151-1,262304187793,부산광역시 부산진구 초읍천로77번길,13,,2623010700101510001046618,,부산광역시 부산진구 초읍천로77번길 13,614872,47105,,,,129.045900972853,35.1791524699344
MA010120220810613716,태하성유통,,G2,소매,G221,기타 상품 소매,G22199,그 외 기타 상품 전문 소매업,G47859,그 외 기타 분류 안된 상품 전문 소매업,26,부산광역시,26230,부산진구,26230520,부전2동,2623010300,부전동,2623010300101490004,1,대지,149,4,부산광역시 부산진구 부전동 149-4,262303129027,부산광역시 부산진구 서전로,20,1,2623010300101490004009879,,부산광역시 부산진구 서전로 20-1,614845,47292,,,,129.061952057462,35.1575947664756
MA010120220810594737,비에스바이오,,G2,소매,G221,기타 상품 소매,G22199,그 외 기타 상품 전문 소매업,G47859,그 외 기타 분류 안된 상품 전문 소매업,41,경기도,41290,과천시,41290530,별양동,4129010900,별양동,4129010900100010013,1,대지,1,13,경기도 과천시 별양동 1-13,412903195022,경기도 과천시 별양상가2로,14,,4129010900100010013002041,제일쇼핑,경기도 과천시 별양상가2로 14,427800,13837,,2,,126.992995226051,37.4273320878261
MA010120220810607950,성덕인삼,,G2,소매,G221,기타 상품 소매,G22199,그 외 기타 상품 전문 소매업,G47859,그 외 기타 분류 안된 상품 전문 소매업,26,부산광역시,26230,부산진구,26230520,부전2동,2623010300,부전동,2623010300105730001,1,대지,573,1,부산광역시 부산진구 부전동 573-1,262302000010,부산광역시 부산진구 중앙대로,717,,2623010300105730001047970,부전시장,부산광역시 부산진구 중앙대로 717,614727,47286,,,,129.059138387099,35.155236535812
MA010120220810603135,용암불교사,,G2,소매,G221,기타 상품 소매,G22199,그 외 기타 상품 전문 소매업,G47859,그 외 기타 분류 안된 상품 전문 소매업,48,경상남도,48250,김해시,48250520,회현동,4825010200,서상동,4825010200102580001,1,대지,258,1,경상남도 김해시 서상동 258-1,482504805023,경상남도 김해시 가락로49번길,14,,4825010200102580001012084,,경상남도 김해시 가락로49번길 14,621030,50920,,1,,128.880617219785,35.2308121640638
MA010120220810578615,협성상회,,G2,소매,G221,기타 상품 소매,G22199,그 외 기타 상품 전문 소매업,G47519,"페인트, 창호 및 기타 건설자재 소매업",26,부산광역시,26170,동구,26170550,초량6동,2617010100,초량동,2617010100108170000,1,대지,817,,부산광역시 동구 초량동 817,261703127045,부산광역시 동구 초량로,62,1,2617010100108170000013500,,부산광역시 동구 초량로 62-1,601832,48802,,,,129.03595965603,35.1198249522288
MA010120220810622131,사,명지,G2,소매,G221,기타 상품 소매,G22199,그 외 기타 상품 전문 소매업,G47859,그 외 기타 분류 안된 상품 전문 소매업,41,경기도,41281,고양시 덕양구,41281590,고양동,4128111700,대자동,4128111700111770013,1,대지,1177,13,경기도 고양시 덕양구 대자동 1177-13,412813000136,경기도 고양시 덕양구 호국로,1391,1,4128111700111770013005471,,경기도 고양시 덕양구 호국로 1391-1,412500,10283,,,,126.890752154595,37.6804170504161
MA010120220810636152,아이키스,,G2,소매,G221,기타 상품 소매,G22199,그 외 기타 상품 전문 소매업,G47859,그 외 기타 분류 안된 상품 전문 소매업,26,부산광역시,26230,부산진구,26230520,부전2동,2623010300,부전동,2623010300105730001,1,대지,573,1,부산광역시 부산진구 부전동 573-1,262302000010,부산광역시 부산진구 중앙대로,717,,2623010300105730001047970,부산지하도상가,부산광역시 부산진구 중앙대로 717,614727,47286,,,,129.059138387099,35.155236535812
MA010120220810648602,전통불교예술원,,G2,소매,G221,기타 상품 소매,G22199,그 외 기타 상품 전문 소매업,G47859,그 외 기타 분류 안된 상품 전문 소매업,26,부산광역시,26230,부산진구,26230640,부암1동,2623010800,부암동,2623010800107110010,1,대지,711,10,부산광역시 부산진구 부암동 711-10,262302006015,부산광역시 부산진구 가야대로,735,,2623010800107110012027733,,부산광역시 부산진구 가야대로 735,614836,47195,,,,129.051885171828,35.1578468524116
MA010120220810622272,금산인삼상사,,G2,소매,G221,기타 상품 소매,G22199,그 외 기타 상품 전문 소매업,G47859,그 외 기타 분류 안된 상품 전문 소매업,26,부산광역시,26170,동구,26170570,수정2동,2617010200,수정동,2617010200102480033,1,대지,248,33,부산광역시 동구 수정동 248-33,261704181437,부산광역시 동구 중앙대로371번길,47,,2617010200102480033016340,,부산광역시 동구 중앙대로371번길 47,601812,48781,,,,129.046199676421,35.1297455456208
MA010120220810651071,성불사,,G2,소매,G221,기타 상품 소매,G22199,그 외 기타 상품 전문 소매업,G47859,그 외 기타 분류 안된 상품 전문 소매업,48,경상남도,48240,사천시,48240250,사천읍,4824025021,사천읍,4824025021104690000,1,대지,469,,경상남도 사천시 사천읍 선인리 469,482404802510,경상남도 사천시 사천읍 옥돌길,21,10,4824025021104690000061491,,경상남도 사천시 사천읍 옥돌길 21-10,664803,52517,,,,128.095407732209,35.0828113944022
MA010120220810649063,경안불교사,,G2,소매,G221,기타 상품 소매,G22199,그 외 기타 상품 전문 소매업,G47859,그 외 기타 분류 안된 상품 전문 소매업,51,강원특별자치도,51190,태백시,51190585,문곡소도동,5119010700,소도동,5119010700100280007,1,대지,28,7,강원특별자치도 태백시 소도동 28-7,511903013014,강원특별자치도 태백시 태백산로,4836,,4219010700100280007000001,,강원특별자치도 태백시 태백산로 4836,235030,26043,,2,,128.968798298729,37.1307200707616
MA010120220810627328,플러스모발,,G2,소매,G221,기타 상품 소매,G22199,그 외 기타 상품 전문 소매업,G47422,의복 액세서리 및 모조 장신구 소매업,11,서울특별시,11410,서대문구,11410565,충현동,1141010300,합동,1141010300101160000,1,대지,116,,서울특별시 서대문구 합동 116,114103005010,서울특별시 서대문구 서소문로,45,,1141010300101160000030852,SK리쳄블,서울특별시 서대문구 서소문로 45,120030,03741,,,,126.966249070014,37.5612891911794
MA010120220810620837,대성불기사,,G2,소매,G221,기타 상품 소매,G22199,그 외 기타 상품 전문 소매업,G47859,그 외 기타 분류 안된 상품 전문 소매업,26,부산광역시,26170,동구,26170660,범일2동,2617010400,범일동,2617010400103170002,1,대지,317,2,부산광역시 동구 범일동 317-2,261703127051,부산광역시 동구 범일로,68,1,2617010400103170002010997,,부산광역시 동구 범일로 68-1,601806,48747,,,,129.059651916752,35.1359969685218
MA010120220810642860,최미정가모,,G2,소매,G221,기타 상품 소매,G22199,그 외 기타 상품 전문 소매업,G47422,의복 액세서리 및 모조 장신구 소매업,26,부산광역시,26230,부산진구,26230510,부전1동,2623010300,부전동,2623010300100930012,1,대지,93,12,부산광역시 부산진구 부전동 93-12,262302000010,부산광역시 부산진구 중앙대로,762,1,2623010300100930012038113,,부산광역시 부산진구 중앙대로 762-1,614844,47244,,,,129.061370174178,35.1601910064224
MA010120220810621201,해인불교,백화점,G2,소매,G221,기타 상품 소매,G22199,그 외 기타 상품 전문 소매업,G47859,그 외 기타 분류 안된 상품 전문 소매업,26,부산광역시,26230,부산진구,26230510,부전1동,2623010300,부전동,2623010300100420003,1,대지,42,3,부산광역시 부산진구 부전동 42-3,262303129023,부산광역시 부산진구 부전로,189,,2623010300100420003000001,,부산광역시 부산진구 부전로 189,614842,47248,,2,,129.061378371778,35.1639937675957
MA010120220810651354,합동소방,,G2,소매,G221,기타 상품 소매,G22199,그 외 기타 상품 전문 소매업,G47859,그 외 기타 분류 안된 상품 전문 소매업,26,부산광역시,26440,강서구,26440520,대저2동,2644010200,대저2동,2644010200115010001,1,대지,1501,1,부산광역시 강서구 대저2동 1501-1,264403136002,부산광역시 강서구 경전철로,91,,2644010200115010001000001,,부산광역시 강서구 경전철로 91,618807,46719,,,,128.959521881485,35.1874752813415
MA010120220810647647,제일농자재,,G2,소매,G221,기타 상품 소매,G22199,그 외 기타 상품 전문 소매업,G47859,그 외 기타 분류 안된 상품 전문 소매업,41,경기도,41220,평택시,41220253,안중읍,4122025321,안중읍,4122025321102820008,1,대지,282,8,경기도 평택시 안중읍 안중리 282-8,412204364465,경기도 평택시 안중읍 안현로서3길,28,,4122025321102820008044325,,경기도 평택시 안중읍 안현로서3길 28,451884,17936,,,,126.928425417728,36.9876970566534
MA010120220810652129,드림샵,,G2,소매,G221,기타 상품 소매,G22199,그 외 기타 상품 전문 소매업,G47859,그 외 기타 분류 안된 상품 전문 소매업,11,서울특별시,11545,금천구,11545670,시흥1동,1154510300,시흥동,1154510300108830002,1,대지,883,2,서울특별시 금천구 시흥동 883-2,115452005010,서울특별시 금천구 시흥대로,232,3,1154510300108830002017542,,서울특별시 금천구 시흥대로 232-3,153858,08628,,,,126.901083856368,37.4545826488765
MA010120220810619286,서면유통,,G2,소매,G221,기타 상품 소매,G22199,그 외 기타 상품 전문 소매업,G47859,그 외 기타 분류 안된 상품 전문 소매업,26,부산광역시,26230,부산진구,26230510,부전1동,2623010300,부전동,2623010300103930012,1,대지,393,12,부산광역시 부산진구 부전동 393-12,262303129023,부산광역시 부산진구 부전로,135,,2623010300103930017011408,,부산광역시 부산진구 부전로 135,614842,47248,,,,129.056281151103,35.1616022327462
MA010120220810621752,영일전기,,G2,소매,G221,기타 상품 소매,G22199,그 외 기타 상품 전문 소매업,G47859,그 외 기타 분류 안된 상품 전문 소매업,46,전라남도,46820,해남군,46820350,북평면,4682035026,북평면,4682035026103730000,1,대지,373,,전라남도 해남군 북평면 오산리 373,468204682416,전라남도 해남군 북평면 오산길,5,,4682035026103730000000001,영일전기,전라남도 해남군 북평면 오산길 5,536932,59054,,,,126.642590650768,34.4145520283711
MA010120220810623820,부전상회,,G2,소매,G221,기타 상품 소매,G22199,그 외 기타 상품 전문 소매업,G47859,그 외 기타 분류 안된 상품 전문 소매업,26,부산광역시,26230,부산진구,26230510,부전1동,2623010300,부전동,2623010300103440012,1,대지,344,12,부산광역시 부산진구 부전동 344-12,262303129023,부산광역시 부산진구 부전로,176,1,2623010300103440012044702,,부산광역시 부산진구 부전로 176-1,614843,47252,,,,129.06020502247,35.1631576322179
MA010120220810648005,산들인,,G2,소매,G221,기타 상품 소매,G22199,그 외 기타 상품 전문 소매업,G47859,그 외 기타 분류 안된 상품 전문 소매업,43,충청북도,43745,증평군,43745250,증평읍,4374525023,증평읍,4374525023101000000,1,대지,100,,충청북도 증평군 증평읍 중동리 100,437454532160,충청북도 증평군 증평읍 중앙로8길,12,,4374525023101000000007256,,충청북도 증평군 증평읍 중앙로8길 12,368905,27930,,1,,127.582735945949,36.7838682456739
MA010120220810650551,경진공업사,,G2,소매,G221,기타 상품 소매,G22199,그 외 기타 상품 전문 소매업,G47859,그 외 기타 분류 안된 상품 전문 소매업,26,부산광역시,26230,부산진구,26230720,가야2동,2623011000,가야동,2623011000101510001,1,대지,151,1,부산광역시 부산진구 가야동 151-1,262303129001,부산광역시 부산진구 가야공원로,19,,2623011000101510001048072,,부산광역시 부산진구 가야공원로 19,614801,47326,,,,129.030070641311,35.1516629966297
MA010120220810617193,불교문화원,,G2,소매,G221,기타 상품 소매,G22199,그 외 기타 상품 전문 소매업,G47859,그 외 기타 분류 안된 상품 전문 소매업,26,부산광역시,26230,부산진구,26230540,연지동,2623010600,연지동,2623010600101600019,1,대지,160,19,부산광역시 부산진구 연지동 160-19,262303129024,부산광역시 부산진구 새싹로,140,,2623010600101600019000001,,부산광역시 부산진구 새싹로 140,614860,47133,,1,,129.050560618988,35.168899524689
MA010120220810635877,에이원,,G2,소매,G221,기타 상품 소매,G22199,그 외 기타 상품 전문 소매업,G47859,그 외 기타 분류 안된 상품 전문 소매업,26,부산광역시,26110,중구,26110590,영주1동,2611010300,대창동2가,2611010300100140004,1,대지,14,4,부산광역시 중구 대창동2가 14-4,261102000010,부산광역시 중구 중앙대로,147,,2611010300100140004002609,일신빌딩,부산광역시 중구 중앙대로 147,600810,48922,,4,,129.037390108607,35.1107621523432
MA010120220810680534,에스엠상사,,G2,소매,G221,기타 상품 소매,G22199,그 외 기타 상품 전문 소매업,G47859,그 외 기타 분류 안된 상품 전문 소매업,48,경상남도,48125,창원시 마산합포구,48125650,산호동,4812511800,산호동,4812511800103130024,1,대지,313,24,경상남도 창원시 마산합포구 산호동 313-24,481254787323,경상남도 창원시 마산합포구 산호동8길,5,,4812511800103130024009818,,경상남도 창원시 마산합포구 산호동8길 5,631855,51337,,,,128.586976414396,35.21412884091
MA010120220810684110,대성불교사,,G2,소매,G221,기타 상품 소매,G22199,그 외 기타 상품 전문 소매업,G47859,그 외 기타 분류 안된 상품 전문 소매업,26,부산광역시,26320,북구,26320510,구포1동,2632010500,구포동,2632010500105530001,1,대지,553,1,부산광역시 북구 구포동 553-1,263204196092,부산광역시 북구 낙동대로1762번가길,23,,2632010500105530001008272,,부산광역시 북구 낙동대로1762번가길 23,616801,46580,,,,129.00190195794,35.2079323253936
MA010120220810690453,대왕상사,,G2,소매,G221,기타 상품 소매,G22199,그 외 기타 상품 전문 소매업,G47859,그 외 기타 분류 안된 상품 전문 소매업,26,부산광역시,26320,북구,26320572,만덕2동,2632010300,만덕동,2632010300103010019,1,대지,301,19,부산광역시 북구 만덕동 301-19,263204196163,부산광역시 북구 만덕2로17번길,25,,2632010300103000006000001,,부산광역시 북구 만덕2로17번길 25,616826,46607,,,,129.038733232952,35.2120756475102
MA010120220810690651,온리원,,G2,소매,G221,기타 상품 소매,G22199,그 외 기타 상품 전문 소매업,I55109,기타 일반 및 생활 숙박시설 운영업,47,경상북도,47840,성주군,47840340,가천면,4784034034,가천면,4784034034102450000,1,대지,245,,경상북도 성주군 가천면 법전리 245,478403321025,경상북도 성주군 가천면 포천계곡로,571,,4784034034102450000000001,,경상북도 성주군 가천면 포천계곡로 571,719882,40061,,,,128.123931890567,35.873104237695
MA010120220810696806,백초당한약방,,G2,소매,G221,기타 상품 소매,G22199,그 외 기타 상품 전문 소매업,G47859,그 외 기타 분류 안된 상품 전문 소매업,26,부산광역시,26320,북구,26320560,덕천2동,2632010400,덕천동,2632010400103980011,1,대지,398,11,부산광역시 북구 덕천동 398-11,263204196074,부산광역시 북구 금곡대로8번길,38,,2632010400103980011013584,,부산광역시 북구 금곡대로8번길 38,616816,46548,,,,129.007218409252,35.2111425391398
MA010120220810697061,우경상사,,G2,소매,G221,기타 상품 소매,G22199,그 외 기타 상품 전문 소매업,G47859,그 외 기타 분류 안된 상품 전문 소매업,26,부산광역시,26530,사상구,26530660,주례2동,2653010600,주례동,2653010600102010004,1,대지,201,4,부산광역시 사상구 주례동 201-4,265302006015,부산광역시 사상구 가야대로,309,,2653010600102010004000001,,부산광역시 사상구 가야대로 309,617835,47004,,,,129.006431953038,35.1510385805163
MA010120220810681603,우경톱밥,,G2,소매,G221,기타 상품 소매,G22199,그 외 기타 상품 전문 소매업,G47859,그 외 기타 분류 안된 상품 전문 소매업,48,경상남도,48250,김해시,48250340,한림면,4825034027,한림면,4825034027101480004,1,대지,148,4,경상남도 김해시 한림면 안하리 148-4,482503335073,경상남도 김해시 한림면 안하로,215,,4825034027101480004085859,,경상남도 김해시 한림면 안하로 215,621872,50852,,,,128.822762364953,35.317842179565
MA010120220810694294,부영산들초,,G2,소매,G221,기타 상품 소매,G22199,그 외 기타 상품 전문 소매업,G47859,그 외 기타 분류 안된 상품 전문 소매업,26,부산광역시,26320,북구,26320510,구포1동,2632010500,구포동,2632010500111410045,1,대지,1141,45,부산광역시 북구 구포동 1141-45,263204196034,부산광역시 북구 구포시장길,12,,2632010500105980005002064,,부산광역시 북구 구포시장길 12,616091,46581,,,,129.003273629044,35.208792772953
MA010120220810694295,창녕건재한약품,,G2,소매,G221,기타 상품 소매,G22199,그 외 기타 상품 전문 소매업,G47859,그 외 기타 분류 안된 상품 전문 소매업,26,부산광역시,26320,북구,26320510,구포1동,2632010500,구포동,2632010500105890022,1,대지,589,22,부산광역시 북구 구포동 589-22,263204196034,부산광역시 북구 구포시장길,18,,2632010500105890022000333,,부산광역시 북구 구포시장길 18,616801,46581,,,,129.003191488126,35.2085778525979
MA010120220810701007,영남원예자재,,G2,소매,G221,기타 상품 소매,G22199,그 외 기타 상품 전문 소매업,G47859,그 외 기타 분류 안된 상품 전문 소매업,48,경상남도,48121,창원시 의창구,48121320,대산면,4812132022,대산면,4812132022101760001,1,대지,176,1,경상남도 창원시 의창구 대산면 일동리 176-1,481214781075,경상남도 창원시 의창구 대산면 대산북로524번길,5,,4812132022101760001039454,,경상남도 창원시 의창구 대산면 대산북로524번길 5,641922,51119,,,,128.694852880854,35.367268633667
MA010120220810685346,대한상사,,G2,소매,G221,기타 상품 소매,G22199,그 외 기타 상품 전문 소매업,G47859,그 외 기타 분류 안된 상품 전문 소매업,26,부산광역시,26530,사상구,26530670,학장동,2653010700,학장동,2653010700102740009,1,대지,274,9,부산광역시 사상구 학장동 274-9,265302006015,부산광역시 사상구 가야대로,172,,2653010700102740009000807,,부산광역시 사상구 가야대로 172,617844,47021,,,,128.991579033367,35.1493822403841
MA010120220810701454,한일상사,,G2,소매,G221,기타 상품 소매,G22199,그 외 기타 상품 전문 소매업,G47859,그 외 기타 분류 안된 상품 전문 소매업,26,부산광역시,26530,사상구,26530591,모라1동,2653010200,모라동,2653010200109770000,1,대지,977,,부산광역시 사상구 모라동 977,265303139010,부산광역시 사상구 모라로,73,,2653010200109770000010336,,부산광역시 사상구 모라로 73,617822,46919,,2,,128.988603030896,35.1880284271225
MA010120220810694852,진주건재한약품,,G2,소매,G221,기타 상품 소매,G22199,그 외 기타 상품 전문 소매업,G47859,그 외 기타 분류 안된 상품 전문 소매업,26,부산광역시,26320,북구,26320510,구포1동,2632010500,구포동,2632010500105890023,1,대지,589,23,부산광역시 북구 구포동 589-23,263204196034,부산광역시 북구 구포시장길,20,,2632010500105890023003386,,부산광역시 북구 구포시장길 20,616801,46581,,,,129.003167323771,35.2084881359128
MA010120220810703737,칠구사,,G2,소매,G221,기타 상품 소매,G22199,그 외 기타 상품 전문 소매업,G47859,그 외 기타 분류 안된 상품 전문 소매업,26,부산광역시,26440,강서구,26440530,강동동,2644010300,강동동,2644010300101480004,1,대지,148,4,부산광역시 강서구 강동동 148-4,264403006026,부산광역시 강서구 낙동북로,47,1,2644010300101480004006200,,부산광역시 강서구 낙동북로 47-1,618800,46705,,,,128.935120758473,35.2189945026115
MA010120220810703860,범진수족관,,G2,소매,G221,기타 상품 소매,G22199,그 외 기타 상품 전문 소매업,G47859,그 외 기타 분류 안된 상품 전문 소매업,26,부산광역시,26530,사상구,26530591,모라1동,2653010200,모라동,2653010200103890000,1,대지,389,,부산광역시 사상구 모라동 389,265304217183,부산광역시 사상구 백양대로907번길,25,,2653010200103890000005004,,부산광역시 사상구 백양대로907번길 25,617818,46929,,,,128.989668057343,35.1880379633353
MA010120220810659649,청구농약종묘사,,G2,소매,G221,기타 상품 소매,G22199,그 외 기타 상품 전문 소매업,G47859,그 외 기타 분류 안된 상품 전문 소매업,26,부산광역시,26110,중구,26110580,남포동,2611014100,남포동6가,2611014100100340001,1,대지,34,1,부산광역시 중구 남포동6가 34-1,261103125012,부산광역시 중구 자갈치로,25,,2611014100100340001000001,,부산광역시 중구 자갈치로 25,600046,48982,,,,129.02720623216,35.0967664717967
MA010120220810676429,동양만물,,G2,소매,G221,기타 상품 소매,G22199,그 외 기타 상품 전문 소매업,G47859,그 외 기타 분류 안된 상품 전문 소매업,26,부산광역시,26320,북구,26320510,구포1동,2632010500,구포동,2632010500107130013,1,대지,713,13,부산광역시 북구 구포동 713-13,263204196006,부산광역시 북구 가람로52번길,88,,2632010500107130013016830,,부산광역시 북구 가람로52번길 88,616803,46587,,,,129.002941656547,35.2051124962218
MA010120220810685840,명륜불교전시관,,G2,소매,G221,기타 상품 소매,G22199,그 외 기타 상품 전문 소매업,G47859,그 외 기타 분류 안된 상품 전문 소매업,26,부산광역시,26320,북구,26320510,구포1동,2632010500,구포동,2632010500106140015,1,대지,614,15,부산광역시 북구 구포동 614-15,263204196034,부산광역시 북구 구포시장길,52,,2632010500106140015007097,,부산광역시 북구 구포시장길 52,616801,46583,,,,129.00292293865,35.2070322908524
MA010120220810695241,육구유통,,G2,소매,G221,기타 상품 소매,G22199,그 외 기타 상품 전문 소매업,G47859,그 외 기타 분류 안된 상품 전문 소매업,26,부산광역시,26320,북구,26320560,덕천2동,2632010400,덕천동,2632010400103120002,1,대지,312,2,부산광역시 북구 덕천동 312-2,263202132001,부산광역시 북구 금곡대로,43,,2632010400103120002013970,,부산광역시 북구 금곡대로 43,616817,46544,,,,129.004021691617,35.2137638354651
MA010120220810692472,의령불교사,,G2,소매,G221,기타 상품 소매,G22199,그 외 기타 상품 전문 소매업,G47859,그 외 기타 분류 안된 상품 전문 소매업,26,부산광역시,26320,북구,26320510,구포1동,2632010500,구포동,2632010500105270017,1,대지,527,17,부산광역시 북구 구포동 527-17,263204196097,부산광역시 북구 낙동대로1766번길,20,,2632010500105270017012169,,부산광역시 북구 낙동대로1766번길 20,616801,46580,,,,129.002146378845,35.2084960172789
MA010120220810686143,삼보불교사,,G2,소매,G221,기타 상품 소매,G22199,그 외 기타 상품 전문 소매업,G47859,그 외 기타 분류 안된 상품 전문 소매업,48,경상남도,48250,김해시,48250520,회현동,4825010400,봉황동,4825010400100490005,1,대지,49,5,경상남도 김해시 봉황동 49-5,482504857370,경상남도 김해시 봉황대길,3,,4825010400100490005085492,,경상남도 김해시 봉황대길 3,621040,50927,,,,128.875651119698,35.2264463940911
MA010120220810660576,대복,,G2,소매,G221,기타 상품 소매,G22199,그 외 기타 상품 전문 소매업,G47221,음료 소매업,46,전라남도,46900,진도군,46900330,의신면,4690033032,의신면,4690033032109270000,1,대지,927,,전라남도 진도군 의신면 만길리 927,469002017002,전라남도 진도군 의신면 진도대로,2662,4,4690033032109270000000001,,전라남도 진도군 의신면 진도대로 2662-4,539833,58937,,,,126.279563620189,34.4233462554107
MA010120220810683669,라온유통,,G2,소매,G221,기타 상품 소매,G22199,그 외 기타 상품 전문 소매업,G47859,그 외 기타 분류 안된 상품 전문 소매업,48,경상남도,48121,창원시 의창구,48121520,팔룡동,4812112900,팔용동,4812112900101790008,1,대지,179,8,경상남도 창원시 의창구 팔용동 179-8,481214781045,경상남도 창원시 의창구 남산로1번길,18,,4812112900101790008017722,,경상남도 창원시 의창구 남산로1번길 18,641851,51367,,2,,128.612403494422,35.2609810847509
MA010120220810653688,대호인삼,,G2,소매,G221,기타 상품 소매,G22199,그 외 기타 상품 전문 소매업,G47859,그 외 기타 분류 안된 상품 전문 소매업,26,부산광역시,26230,부산진구,26230520,부전2동,2623010300,부전동,2623010300105730001,1,대지,573,1,부산광역시 부산진구 부전동 573-1,262302000010,부산광역시 부산진구 중앙대로,717,,2623010300105730001047970,부전시장,부산광역시 부산진구 중앙대로 717,614727,47286,,,,129.059138387099,35.155236535812
MA010120220810371416,윈가드진주점,,G2,소매,G221,기타 상품 소매,G22199,그 외 기타 상품 전문 소매업,G47859,그 외 기타 분류 안된 상품 전문 소매업,48,경상남도,48170,진주시,48170320,정촌면,4817032025,정촌면,4817032025112780002,1,대지,1278,2,경상남도 진주시 정촌면 예하리 1278-2,481703350117,경상남도 진주시 정촌면 삼일로121번길,19,,4817032025112780002000001,,경상남도 진주시 정촌면 삼일로121번길 19,660822,52845,,2,,128.099410226913,35.1310223425695
MA010120220810387375,태민종합안전,,G2,소매,G221,기타 상품 소매,G22199,그 외 기타 상품 전문 소매업,G47859,그 외 기타 분류 안된 상품 전문 소매업,28,인천광역시,28710,강화군,28710250,강화읍,2871025024,강화읍,2871025024104960001,1,대지,496,1,인천광역시 강화군 강화읍 남산리 496-1,287103157037,인천광역시 강화군 강화읍 충렬사로,139,,2871025024104960001000001,,인천광역시 강화군 강화읍 충렬사로 139,417805,23037,,1,,126.475868349167,37.7303336574466
MA010120220810376992,씨케이,코리아,G2,소매,G221,기타 상품 소매,G22199,그 외 기타 상품 전문 소매업,G47859,그 외 기타 분류 안된 상품 전문 소매업,41,경기도,41220,평택시,41220590,신평동,4122011700,합정동,4122011700109370007,1,대지,937,7,경기도 평택시 합정동 937-7,412204364702,경기도 평택시 조개터로6번길,16,5,4122011700109370007017520,,경기도 평택시 조개터로6번길 16-5,450020,17915,,2,,127.101913341488,36.9871883028407
MA010120220810372123,팜스마켓,,G2,소매,G221,기타 상품 소매,G22199,그 외 기타 상품 전문 소매업,G47859,그 외 기타 분류 안된 상품 전문 소매업,41,경기도,41800,연천군,41800250,연천읍,4180025021,연천읍,4180025021100340117,1,대지,34,117,경기도 연천군 연천읍 차탄리 34-117,418003215030,경기도 연천군 연천읍 연천로,301,,4180025021100340117023758,,경기도 연천군 연천읍 연천로 301,486803,11014,,2,,127.075135238489,38.1038071835159
MA010120220810374621,브이엔,코리아,G2,소매,G221,기타 상품 소매,G22199,그 외 기타 상품 전문 소매업,G47859,그 외 기타 분류 안된 상품 전문 소매업,26,부산광역시,26710,기장군,26710253,장안읍,2671025331,장안읍,2671025331104650002,1,대지,465,2,부산광역시 기장군 장안읍 반룡리 465-2,267104220112,부산광역시 기장군 장안읍 방모산1길,37,3,2671025331104650002011997,,부산광역시 기장군 장안읍 방모산1길 37-3,619952,46032,,,,129.256963220843,35.3391606131745
MA010120220810380043,지리산토종약재,,G2,소매,G221,기타 상품 소매,G22199,그 외 기타 상품 전문 소매업,G47859,그 외 기타 분류 안된 상품 전문 소매업,46,전라남도,46730,구례군,46730250,구례읍,4673025021,구례읍,4673025021101900001,1,대지,190,1,전라남도 구례군 구례읍 봉동리 190-1,467304664002,전라남도 구례군 구례읍 5일시장작은길,20,,4673025021101890005019723,,전라남도 구례군 구례읍 5일시장작은길 20,542804,57639,,,,127.470081085884,35.2101527921462
MA010120220810375087,금강불교사,,G2,소매,G221,기타 상품 소매,G22199,그 외 기타 상품 전문 소매업,G47859,그 외 기타 분류 안된 상품 전문 소매업,26,부산광역시,26410,금정구,26410530,서3동,2641011000,서동,2641011000103020009,1,대지,302,9,부산광역시 금정구 서동 302-9,264104205239,부산광역시 금정구 서동로141번길,17,9,2641011000103020009003658,,부산광역시 금정구 서동로141번길 17-9,609827,46318,,,,129.102069420109,35.215975477238
MA010120220810391265,만신불교용품,,G2,소매,G221,기타 상품 소매,G22199,그 외 기타 상품 전문 소매업,G47859,그 외 기타 분류 안된 상품 전문 소매업,41,경기도,41830,양평군,41830310,강상면,4183031021,강상면,4183031021110880011,1,대지,1088,11,경기도 양평군 강상면 병산리 1088-11,418303217033,경기도 양평군 강상면 강남로,635,,4183031021110880011000001,,경기도 양평군 강상면 강남로 635,476913,12571,,1,,127.453189578264,37.5011208096928
MA010120220810399874,동해기업,,G2,소매,G221,기타 상품 소매,G22199,그 외 기타 상품 전문 소매업,G47859,그 외 기타 분류 안된 상품 전문 소매업,44,충청남도,44825,태안군,44825350,원북면,4482535029,원북면,4482535029104330006,1,대지,433,6,충청남도 태안군 원북면 청산리 433-6,448253264031,충청남도 태안군 원북면 원이로,605,,4482535029104330006026860,,충청남도 태안군 원북면 원이로 605,357913,32111,,,,126.260360642531,36.8047664995409
MA010120220810362577,용호사건재한약방,,G2,소매,G221,기타 상품 소매,G22199,그 외 기타 상품 전문 소매업,G47859,그 외 기타 분류 안된 상품 전문 소매업,52,전북특별자치도,52111,전주시 완산구,52111510,중앙동,5211111300,다가동1가,5211111300100830000,1,대지,83,,전북특별자치도 전주시 완산구 다가동1가 83,521114598392,전북특별자치도 전주시 완산구 풍남문2길,139,,4511111300100830000028950,,전북특별자치도 전주시 완산구 풍남문2길 139,560051,55043,,2,,127.142629186466,35.8146670609569
MA010120220810367974,대일유통,,G2,소매,G221,기타 상품 소매,G22199,그 외 기타 상품 전문 소매업,G47859,그 외 기타 분류 안된 상품 전문 소매업,30,대전광역시,30140,중구,30140605,문창동,3014010600,문창동,3014010600100710010,1,대지,71,10,대전광역시 중구 문창동 71-10,301403165010,대전광역시 중구 문창로,58,,3014010600100710010023446,,대전광역시 중구 문창로 58,301809,35025,,,,127.434053419954,36.3184956762162
MA010120220810392967,둔내식물병원,,G2,소매,G221,기타 상품 소매,G22199,그 외 기타 상품 전문 소매업,G47859,그 외 기타 분류 안된 상품 전문 소매업,51,강원특별자치도,51730,횡성군,51730330,둔내면,5173033027,둔내면,5173033027104080012,1,대지,408,12,강원특별자치도 횡성군 둔내면 자포곡리 408-12,517303226016,강원특별자치도 횡성군 둔내면 둔내로,59,,4273033027104080012032347,,강원특별자치도 횡성군 둔내면 둔내로 59,225832,25264,,,,128.217177069599,37.5122155700114
MA010120220810375964,토이스토리,서현역점,G2,소매,G221,기타 상품 소매,G22199,그 외 기타 상품 전문 소매업,G47859,그 외 기타 분류 안된 상품 전문 소매업,41,경기도,41135,성남시 분당구,41135580,서현1동,4113510500,서현동,4113510500102480005,1,대지,248,5,경기도 성남시 분당구 서현동 248-5,411354340225,경기도 성남시 분당구 서현로210번길,20,,4113510500102480005001733,코코프라자,경기도 성남시 분당구 서현로210번길 20,463824,13591,,1,,127.124040371213,37.3858653555951
MA010120220810389394,보물성,산남점,G2,소매,G221,기타 상품 소매,G22199,그 외 기타 상품 전문 소매업,G47859,그 외 기타 분류 안된 상품 전문 소매업,43,충청북도,43112,청주시 서원구,43112550,산남동,4311210400,산남동,4311210400106070000,1,대지,607,,충청북도 청주시 서원구 산남동 607,431124511285,충청북도 청주시 서원구 두꺼비로78번길,53,,4311310600106070000023741,,충청북도 청주시 서원구 두꺼비로78번길 53,362160,28625,,,,127.467503355603,36.6117674770955
MA010120220810425139,전남식물병원,,G2,소매,G221,기타 상품 소매,G22199,그 외 기타 상품 전문 소매업,G47859,그 외 기타 분류 안된 상품 전문 소매업,46,전라남도,46840,무안군,46840360,해제면,4684036025,해제면,4684036025104310058,1,대지,431,58,전라남도 무안군 해제면 양매리 431-58,468403296042,전라남도 무안군 해제면 현해로,1622,,4684036025200420004002826,,전라남도 무안군 해제면 현해로 1622,534874,58502,,,,126.300638600243,35.113089209927
MA010120220810403556,비씨케미칼,,G2,소매,G221,기타 상품 소매,G22199,그 외 기타 상품 전문 소매업,G47859,그 외 기타 분류 안된 상품 전문 소매업,11,서울특별시,11410,서대문구,11410585,신촌동,1141011600,창천동,1141011600105030008,1,대지,503,8,서울특별시 서대문구 창천동 503-8,114103005057,서울특별시 서대문구 신촌로,25,,1141011600105030008022365,상록빌딩,서울특별시 서대문구 신촌로 25,120836,03785,,4,,126.92962641567,37.5579934136618
MA010120220810433310,허브마나,,G2,소매,G221,기타 상품 소매,G22199,그 외 기타 상품 전문 소매업,G47859,그 외 기타 분류 안된 상품 전문 소매업,46,전라남도,46770,고흥군,46770310,풍양면,4677031025,풍양면,4677031025107790001,1,대지,779,1,전라남도 고흥군 풍양면 고옥리 779-1,467704667142,전라남도 고흥군 풍양면 대가길,10,1,4677031025107790001005515,,전라남도 고흥군 풍양면 대가길 10-1,548911,59548,,,,127.205968405635,34.5670125991148
MA010120220810428284,붓다의집,,G2,소매,G221,기타 상품 소매,G22199,그 외 기타 상품 전문 소매업,G47859,그 외 기타 분류 안된 상품 전문 소매업,26,부산광역시,26200,영도구,26200540,영선1동,2620010800,영선동1가,2620010800100420000,1,대지,42,,부산광역시 영도구 영선동1가 42,262004184032,부산광역시 영도구 남항로49번길,48,,2620010800100420000011677,,부산광역시 영도구 남항로49번길 48,606041,49052,,,,129.042878482075,35.0903122553438
MA010120220810433702,고려인삼,,G2,소매,G221,기타 상품 소매,G22199,그 외 기타 상품 전문 소매업,G47859,그 외 기타 분류 안된 상품 전문 소매업,26,부산광역시,26110,중구,26110580,남포동,2611013600,남포동1가,2611013600100380001,1,대지,38,1,부산광역시 중구 남포동1가 38-1,261104175198,부산광역시 중구 용미길9번길,7,,2611013600100380001002475,,부산광역시 중구 용미길9번길 7,600041,48984,,,,129.035568975858,35.0970678809407
MA010120220810441777,탑베팅샵,,G2,소매,G221,기타 상품 소매,G22199,그 외 기타 상품 전문 소매업,G47859,그 외 기타 분류 안된 상품 전문 소매업,41,경기도,41135,성남시 분당구,41135550,정자1동,4113510300,정자동,4113510300100120001,1,대지,12,1,경기도 성남시 분당구 정자동 12-1,411353180021,경기도 성남시 분당구 정자일로,227,,4113510300100120001058100,백궁지엔느주차전용빌딩,경기도 성남시 분당구 정자일로 227,463811,13556,,,,127.105602207831,37.370710008363
MA010120220810415005,조이모,,G2,소매,G221,기타 상품 소매,G22199,그 외 기타 상품 전문 소매업,G47859,그 외 기타 분류 안된 상품 전문 소매업,41,경기도,41192,부천시 원미구,41192520,심곡2동,4119210200,심곡동,4119210200101300006,1,대지,130,6,경기도 부천시 원미구 심곡동 130-6,411923000019,경기도 부천시 원미구 부일로,519,,4119510200101300006009035,화신오피스텔,경기도 부천시 원미구 부일로 519,420822,14642,,3,,126.788032349027,37.4853746081521
MA010120220810428982,도깨비성인용품점,,G2,소매,G221,기타 상품 소매,G22199,그 외 기타 상품 전문 소매업,G47859,그 외 기타 분류 안된 상품 전문 소매업,26,부산광역시,26110,중구,26110580,남포동,2611013900,남포동4가,2611013900100190004,1,대지,19,4,부산광역시 중구 남포동4가 19-4,261103006005,부산광역시 중구 구덕로,19,1,2611013900100190004007929,,부산광역시 중구 구덕로 19-1,600044,48984,,2,,129.03334066996,35.0974116853379
MA010120220810431425,송영케미칼,,G2,소매,G221,기타 상품 소매,G22199,그 외 기타 상품 전문 소매업,G47859,그 외 기타 분류 안된 상품 전문 소매업,29,광주광역시,29200,광산구,29200640,하남동,2920012600,장수동,2920012600104620011,1,대지,462,11,광주광역시 광산구 장수동 462-11,292004855774,광주광역시 광산구 고봉로230번길,8,,2920012600104620011000001,,광주광역시 광산구 고봉로230번길 8,506250,62395,,3,,126.785960501029,35.1858816596814
MA010120220810410516,신주소방전기,,G2,소매,G221,기타 상품 소매,G22199,그 외 기타 상품 전문 소매업,G47859,그 외 기타 분류 안된 상품 전문 소매업,44,충청남도,44200,아산시,44200330,탕정면,4420033023,탕정면,4420033023105680002,1,대지,568,2,충청남도 아산시 탕정면 동산리 568-2,442003253035,충청남도 아산시 탕정면 삼성로,295,,4420033023105680002000001,에스어반,충청남도 아산시 탕정면 삼성로 295,336842,31453,,,,127.072639318616,36.8194886598356
MA010120220810412950,순흥케미칼,,G2,소매,G221,기타 상품 소매,G22199,그 외 기타 상품 전문 소매업,G47859,그 외 기타 분류 안된 상품 전문 소매업,41,경기도,41480,파주시,41480350,광탄면,4148035027,광탄면,4148035027102270027,1,대지,227,27,경기도 파주시 광탄면 신산리 227-27,414804418868,경기도 파주시 광탄면 혜음로1120번길,12,14,4148035027102270027076224,,경기도 파주시 광탄면 혜음로1120번길 12-14,413852,10948,,,,126.848306657371,37.7817111955904
MA010120220810444606,덕천안전산업,,G2,소매,G221,기타 상품 소매,G22199,그 외 기타 상품 전문 소매업,G47859,그 외 기타 분류 안된 상품 전문 소매업,52,전북특별자치도,52140,익산시,52140420,춘포면,5214042032,춘포면,5214042032100750007,1,대지,75,7,전북특별자치도 익산시 춘포면 춘포리 75-7,521403269037,전북특별자치도 익산시 춘포면 춘포로,344,,4514042032100750007102849,,전북특별자치도 익산시 춘포면 춘포로 344,570951,54581,,,,127.004652437414,35.9018669020858
MA010120220810413317,바로푸드함안,불교용품점,G2,소매,G221,기타 상품 소매,G22199,그 외 기타 상품 전문 소매업,G47859,그 외 기타 분류 안된 상품 전문 소매업,48,경상남도,48730,함안군,48730250,가야읍,4873025021,가야읍,4873025021104240006,1,대지,424,6,경상남도 함안군 가야읍 말산리 424-6,487302340001,경상남도 함안군 가야읍 함안대로,545,,4873025021104240007022883,,경상남도 함안군 가야읍 함안대로 545,637805,52043,,,,128.405845542419,35.2753372197635
MA010120220810445442,영세당한약방,,G2,소매,G221,기타 상품 소매,G22199,그 외 기타 상품 전문 소매업,G47859,그 외 기타 분류 안된 상품 전문 소매업,26,부산광역시,26200,영도구,26200530,남항동,2620010100,대교동1가,2620010100101500002,1,대지,150,2,부산광역시 영도구 대교동1가 150-2,262004184033,부산광역시 영도구 남항로9번길,55,,2620010100101500002000001,,부산광역시 영도구 남항로9번길 55,606011,49045,,,,129.038869479861,35.0922271666099
MA010120220810411050,스토어24성남모란점,,G2,소매,G221,기타 상품 소매,G22199,그 외 기타 상품 전문 소매업,G47859,그 외 기타 분류 안된 상품 전문 소매업,41,경기도,41133,성남시 중원구,41133510,성남동,4113310100,성남동,4113310100134850000,1,대지,3485,,경기도 성남시 중원구 성남동 3485,411334337118,경기도 성남시 중원구 둔촌대로101번길,24,,4113310100134850000018721,,경기도 성남시 중원구 둔촌대로101번길 24,462827,13366,,3,,127.130194855389,37.4318197418608
MA010120220810424211,하이그로,,G2,소매,G221,기타 상품 소매,G22199,그 외 기타 상품 전문 소매업,G47859,그 외 기타 분류 안된 상품 전문 소매업,47,경상북도,47130,경주시,47130650,불국동,4713013000,시래동,4713013000110370000,1,대지,1037,,경상북도 경주시 시래동 1037,471304715122,경상북도 경주시 구매택지2길,31,,4713013000110370000012956,,경상북도 경주시 구매택지2길 31,780460,38130,,,,129.310283578835,35.7737979828878
MA010120220810424349,제물포어구어망,,G2,소매,G221,기타 상품 소매,G22199,그 외 기타 상품 전문 소매업,G47859,그 외 기타 분류 안된 상품 전문 소매업,47,경상북도,47113,포항시 북구,47113520,중앙동,4711311000,동빈1가,4711311000100760001,1,대지,76,1,경상북도 포항시 북구 동빈1가 76-1,471133303058,경상북도 포항시 북구 해동로,283,,4711311000100760001105729,,경상북도 포항시 북구 해동로 283,791080,37722,,1,,129.370731517935,36.0443730419125
MA010120220810427110,성원건설,,G2,소매,G221,기타 상품 소매,G22199,그 외 기타 상품 전문 소매업,G47859,그 외 기타 분류 안된 상품 전문 소매업,41,경기도,41370,오산시,41370546,신장2동,4137011000,내삼미동,4137011000104310005,1,대지,431,5,경기도 오산시 내삼미동 431-5,413702012013,경기도 오산시 경기대로,632,,4137011000104310005006794,에이동,경기도 오산시 경기대로 632,447220,18112,,1,,127.058499632804,37.1778118982116
MA010120220810427137,씨엔엔,코리아,G2,소매,G221,기타 상품 소매,G22199,그 외 기타 상품 전문 소매업,G47859,그 외 기타 분류 안된 상품 전문 소매업,41,경기도,41463,용인시 기흥구,41463575,동백2동,4146311600,중동,4146311600108490002,1,대지,849,2,경기도 용인시 기흥구 중동 849-2,414633204027,경기도 용인시 기흥구 동백중앙로,191,,4146311600108490002017704,씨티프라자,경기도 용인시 기흥구 동백중앙로 191,446529,17006,,8,,127.152951230692,37.2708869099097
MA010120220810446524,제일열쇠낚시,,G2,소매,G221,기타 상품 소매,G22199,그 외 기타 상품 전문 소매업,G47859,그 외 기타 분류 안된 상품 전문 소매업,47,경상북도,47230,영천시,47230510,동부동,4723010200,망정동,4723010200101970001,1,대지,197,1,경상북도 영천시 망정동 197-1,472303018037,경상북도 영천시 호국로,130,1,4723010200101940004011536,,경상북도 영천시 호국로 130-1,770110,38864,,,,128.95159293394,35.9754401153495
MA010120220810408524,아트카,,G2,소매,G221,기타 상품 소매,G22199,그 외 기타 상품 전문 소매업,G45219,기타 자동차 신품 부품 및 내장품 판매업,52,전북특별자치도,52140,익산시,52140610,모현동,5214011400,모현동1가,5214011400105770000,1,대지,577,,전북특별자치도 익산시 모현동1가 577,521404607710,전북특별자치도 익산시 선화로6길,24,,4514011400105770000000001,,전북특별자치도 익산시 선화로6길 24,570969,54657,,,,126.934572458882,35.948795013051
MA010120220810427309,플레이스토리,,G2,소매,G221,기타 상품 소매,G22199,그 외 기타 상품 전문 소매업,G47859,그 외 기타 분류 안된 상품 전문 소매업,52,전북특별자치도,52113,전주시 덕진구,52113665,여의동,5211313100,만성동,5211313100112600004,1,대지,1260,4,전북특별자치도 전주시 덕진구 만성동 1260-4,521133351435,전북특별자치도 전주시 덕진구 만성중앙로,54,58,4511313100112600004000001,,전북특별자치도 전주시 덕진구 만성중앙로 54-58,561330,54868,,5,,127.07640791533,35.8412604682799
MA010120220810454901,브라스텍스쳐,,G2,소매,G221,기타 상품 소매,G22199,그 외 기타 상품 전문 소매업,G47859,그 외 기타 분류 안된 상품 전문 소매업,41,경기도,41111,수원시 장안구,41111572,정자2동,4111113000,정자동,4111113000100430006,1,대지,43,6,경기도 수원시 장안구 정자동 43-6,411114322144,경기도 수원시 장안구 수성로261번길,71,12,4111113000100430006043575,,경기도 수원시 장안구 수성로261번길 71-12,440832,16317,,,,126.998218099833,37.2926376779734
MA010120220810479492,DH상사,,G2,소매,G221,기타 상품 소매,G22199,그 외 기타 상품 전문 소매업,G47859,그 외 기타 분류 안된 상품 전문 소매업,47,경상북도,47190,구미시,47190680,진미동,4719012500,임수동,4719012500100920009,1,대지,92,9,경상북도 구미시 임수동 92-9,471903018095,경상북도 구미시 3공단1로,302,7,4719012500100920009008041,공구상가,경상북도 구미시 3공단1로 302-7,730720,39391,,,,128.402646516423,36.1098790445333
MA010120220810462454,개풍물산,,G2,소매,G221,기타 상품 소매,G22199,그 외 기타 상품 전문 소매업,G47859,그 외 기타 분류 안된 상품 전문 소매업,26,부산광역시,26110,중구,26110560,부평동,2611012400,부평동2가,2611012400100710002,1,대지,71,2,부산광역시 중구 부평동2가 71-2,261104175175,부산광역시 중구 부평1길,45,,2611012400100710002002252,,부산광역시 중구 부평1길 45,600806,48977,,,,129.025745190321,35.1015310881291
MA010120220810479654,위드위그,,G2,소매,G221,기타 상품 소매,G22199,그 외 기타 상품 전문 소매업,G47422,의복 액세서리 및 모조 장신구 소매업,41,경기도,41273,안산시 단원구,41273535,호수동,4127310100,고잔동,4127310100107290006,1,대지,729,6,경기도 안산시 단원구 고잔동 729-6,412733190012,경기도 안산시 단원구 광덕4로,246,,4127310100107290006003533,천혜중앙빌딩,경기도 안산시 단원구 광덕4로 246,425809,15464,,,,126.839876231612,37.3143524545368
MA010120220810482043,성인용품중앙유통,,G2,소매,G221,기타 상품 소매,G22199,그 외 기타 상품 전문 소매업,G47859,그 외 기타 분류 안된 상품 전문 소매업,52,전북특별자치도,52140,익산시,52140520,중앙동,5214010400,중앙동2가,5214010400100010001,1,대지,1,1,전북특별자치도 익산시 중앙동2가 1-1,521402269001,전북특별자치도 익산시 익산대로,141,,4514010200100010423094156,,전북특별자치도 익산시 익산대로 141,570122,54662,,,,126.9463943533,35.9390404230206
MA010120220810470900,비너스유통,,G2,소매,G221,기타 상품 소매,G22199,그 외 기타 상품 전문 소매업,G47859,그 외 기타 분류 안된 상품 전문 소매업,26,부산광역시,26200,영도구,26200530,남항동,2620010100,대교동1가,2620010100101550002,1,대지,155,2,부산광역시 영도구 대교동1가 155-2,262003006003,부산광역시 영도구 태종로,65,,2620010100101550002023343,,부산광역시 영도구 태종로 65,606011,49037,,,,129.038555042864,35.0928092073774
MA010120220810475864,제인사,,G2,소매,G221,기타 상품 소매,G22199,그 외 기타 상품 전문 소매업,G47859,그 외 기타 분류 안된 상품 전문 소매업,26,부산광역시,26110,중구,26110560,부평동,2611012500,부평동3가,2611012500100390000,1,대지,39,,부산광역시 중구 부평동3가 39,261103125015,부산광역시 중구 흑교로,17,,2611012500100390000006697,,부산광역시 중구 흑교로 17,600808,48976,,,,129.024944854783,35.1010938752004
MA010120220810479869,로케트,코리아,G2,소매,G221,기타 상품 소매,G22199,그 외 기타 상품 전문 소매업,G45212,자동차용 전용 신품 부품 판매업,41,경기도,41360,남양주시,41360540,양정동,4136010500,이패동,4136010500105280011,1,대지,528,11,경기도 남양주시 이패동 528-11,413604391043,경기도 남양주시 경강로163번길,60,34,4136010500105280011000001,제,경기도 남양주시 경강로163번길 60-34,472932,12246,,,,127.192112583329,37.6130708657551
MA010120220810456024,영동상사,,G2,소매,G221,기타 상품 소매,G22199,그 외 기타 상품 전문 소매업,G47859,그 외 기타 분류 안된 상품 전문 소매업,48,경상남도,48125,창원시 마산합포구,48125630,오동동,4812513700,오동동,4812513700103180001,1,대지,318,1,경상남도 창원시 마산합포구 오동동 318-1,481252329003,경상남도 창원시 마산합포구 해안대로,376,,4812513700103180001029610,포세이돈하우스,경상남도 창원시 마산합포구 해안대로 376,631860,51713,,,,128.580830918094,35.2035836809151
MA010120220810456162,당진축산업협동조합동물병원,,G2,소매,G221,기타 상품 소매,G22199,그 외 기타 상품 전문 소매업,G47811,의약품 및 의료용품 소매업,44,충청남도,44270,당진시,44270510,당진1동,4427010100,읍내동,4427010100200660002,2,산,66,2,충청남도 당진시 읍내동 산66-2,442704595227,충청남도 당진시 무수동7길,42,,4483025021101060001044107,,충청남도 당진시 무수동7길 42,343010,31774,,,,126.641017920616,36.8891015703643
MA010120220810469017,국제우표화폐센터,,G2,소매,G221,기타 상품 소매,G22199,그 외 기타 상품 전문 소매업,G47859,그 외 기타 분류 안된 상품 전문 소매업,26,부산광역시,26110,중구,26110510,중앙동,2611010900,중앙동6가,2611010900100090001,1,대지,9,1,부산광역시 중구 중앙동6가 9-1,261102000010,부산광역시 중구 중앙대로,17,,2611010900100090001002007,롯데지하상가,부산광역시 중구 중앙대로 17,600016,48955,,,,129.036095143722,35.0988253445682
MA010120220810453169,고도안전써비스,,G2,소매,G221,기타 상품 소매,G22199,그 외 기타 상품 전문 소매업,G47859,그 외 기타 분류 안된 상품 전문 소매업,48,경상남도,48121,창원시 의창구,48121310,북면,4812131027,북면,4812131027104290001,1,대지,429,1,경상남도 창원시 의창구 북면 외감리 429-1,481214781062,경상남도 창원시 의창구 북면 달천길52번길,10,,4812131027104290001000001,,경상남도 창원시 의창구 북면 달천길52번길 10,641871,51113,,1,,128.600597018166,35.2891839758713
MA010120220810460888,영도불교종합전시장,,G2,소매,G221,기타 상품 소매,G22199,그 외 기타 상품 전문 소매업,G47859,그 외 기타 분류 안된 상품 전문 소매업,26,부산광역시,26200,영도구,26200540,영선1동,2620010900,영선동2가,2620010900100730014,1,대지,73,14,부산광역시 영도구 영선동2가 73-14,262002128001,부산광역시 영도구 영선대로,97,2,2620010900100730014017808,,부산광역시 영도구 영선대로 97-2,606042,49053,,,,129.042775301509,35.0896921841194
MA010120220810482975,대구중앙계량,,G2,소매,G221,기타 상품 소매,G22199,그 외 기타 상품 전문 소매업,G45220,자동차 중고 부품 및 내장품 판매업,27,대구광역시,27140,동구,27140730,안심2동,2714011900,용계동,2714011900107630010,1,대지,763,10,대구광역시 동구 용계동 763-10,271404226360,대구광역시 동구 화랑로100길,139,,2714011900107630010013329,,대구광역시 동구 화랑로100길 139,701835,41150,,,,128.689280258274,35.8712054350622
MA010120220810464967,동양초재,,G2,소매,G221,기타 상품 소매,G22199,그 외 기타 상품 전문 소매업,G47859,그 외 기타 분류 안된 상품 전문 소매업,26,부산광역시,26110,중구,26110580,남포동,2611013600,남포동1가,2611013600100470001,1,대지,47,1,부산광역시 중구 남포동1가 47-1,261103006003,부산광역시 중구 태종로,4,1,2611013600100470001005054,,부산광역시 중구 태종로 4-1,600041,48984,,,,129.035470347,35.0975111130112
MA010120220810478405,제이알무역,,G2,소매,G221,기타 상품 소매,G22199,그 외 기타 상품 전문 소매업,G47859,그 외 기타 분류 안된 상품 전문 소매업,28,인천광역시,28237,부평구,28237648,삼산2동,2823710500,삼산동,2823710500104600007,1,대지,460,7,인천광역시 부평구 삼산동 460-7,282374262732,인천광역시 부평구 충선로203번길,16,,2823710500104600007110236,창성프라자,인천광역시 부평구 충선로203번길 16,403866,21344,,5,,126.735400399968,37.5075593018855
MA010120220810483253,보문불교,,G2,소매,G221,기타 상품 소매,G22199,그 외 기타 상품 전문 소매업,G47859,그 외 기타 분류 안된 상품 전문 소매업,11,서울특별시,11470,양천구,11470600,신월5동,1147010300,신월동,1147010300100810014,1,대지,81,14,서울특별시 양천구 신월동 81-14,114704142009,서울특별시 양천구 가로공원로67길,1,,1147010300100810014010366,,서울특별시 양천구 가로공원로67길 1,158825,07905,,,,126.83042982346,37.5366110491116
MA010120220810461231,희영이네,,G2,소매,G221,기타 상품 소매,G22199,그 외 기타 상품 전문 소매업,G47422,의복 액세서리 및 모조 장신구 소매업,26,부산광역시,26110,중구,26110560,부평동,2611012300,부평동1가,2611012300100130012,1,대지,13,12,부산광역시 중구 부평동1가 13-12,261103125006,부산광역시 중구 중구로,43,,2611012300100130015007398,,부산광역시 중구 중구로 43,600804,48978,,,,129.027704728708,35.1018407648602
MA010120220810467392,만다라,,G2,소매,G221,기타 상품 소매,G22199,그 외 기타 상품 전문 소매업,G47859,그 외 기타 분류 안된 상품 전문 소매업,26,부산광역시,26110,중구,26110580,남포동,2611013600,남포동1가,2611013600100110000,1,대지,11,,부산광역시 중구 남포동1가 11,261103006005,부산광역시 중구 구덕로,12,,2611013600100110000000001,남포지하상가,부산광역시 중구 구덕로 12,600041,48954,,,,129.03459106105,35.0978683235965
MA010120220810482328,청원유통,,G2,소매,G221,기타 상품 소매,G22199,그 외 기타 상품 전문 소매업,G47859,그 외 기타 분류 안된 상품 전문 소매업,41,경기도,41480,파주시,41480570,운정3동,4148010800,야당동,4148010800110830000,1,대지,1083,,경기도 파주시 야당동 1083,414803206150,경기도 파주시 소리천로,25,,4148010800110830000000001,유은타워7차,경기도 파주시 소리천로 25,413200,10908,,,,126.761464948839,37.7148508528289
MA010120220810453962,한신케미칼,,G2,소매,G221,기타 상품 소매,G22199,그 외 기타 상품 전문 소매업,G47859,그 외 기타 분류 안된 상품 전문 소매업,52,전북특별자치도,52130,군산시,52130701,나운1동,5213014400,나운동,5213014400108050001,1,대지,805,1,전북특별자치도 군산시 나운동 805-1,521303268023,전북특별자치도 군산시 대학로,342,,4513014400108050001007231,동아26빌딩,전북특별자치도 군산시 대학로 342,573869,54129,,,,126.693033640406,35.9635250415241
MA010120220810459737,생진초재,,G2,소매,G221,기타 상품 소매,G22199,그 외 기타 상품 전문 소매업,G47859,그 외 기타 분류 안된 상품 전문 소매업,26,부산광역시,26110,중구,26110580,남포동,2611013600,남포동1가,2611013600100550000,1,대지,55,,부산광역시 중구 남포동1가 55,261103006005,부산광역시 중구 구덕로,5,,2611013600100510001006421,,부산광역시 중구 구덕로 5,600041,48984,,,,129.034989208578,35.0975642513729
MA010120220810465434,태종수석,,G2,소매,G221,기타 상품 소매,G22199,그 외 기타 상품 전문 소매업,G47859,그 외 기타 분류 안된 상품 전문 소매업,26,부산광역시,26200,영도구,26200660,동삼2동,2620012100,동삼동,2620012100110140001,1,대지,1014,1,부산광역시 영도구 동삼동 1014-1,262003006003,부산광역시 영도구 태종로,829,,2620012100110140001010730,,부산광역시 영도구 태종로 829,606804,49127,,,,129.081398183633,35.0623965570823
MA010120220810461820,광성만물사,,G2,소매,G221,기타 상품 소매,G22199,그 외 기타 상품 전문 소매업,G47859,그 외 기타 분류 안된 상품 전문 소매업,26,부산광역시,26110,중구,26110560,부평동,2611012400,부평동2가,2611012400100120015,1,대지,12,15,부산광역시 중구 부평동2가 12-15,261104175240,부산광역시 중구 중구로47번길,29,,2611012400100120015007844,,부산광역시 중구 중구로47번길 29,600806,48977,,,,129.026352695258,35.1021517550983
MA010120220810481466,문정훈,,G2,소매,G221,기타 상품 소매,G22199,그 외 기타 상품 전문 소매업,G47859,그 외 기타 분류 안된 상품 전문 소매업,29,광주광역시,29170,북구,29170695,건국동,2917012600,본촌동,2917012600130300001,1,대지,3030,1,광주광역시 북구 본촌동 3030-1,291703162021,광주광역시 북구 본촌택지로,8,,2917012600130300001000001,,광주광역시 북구 본촌택지로 8,500210,61021,,,,126.879142338282,35.2145653503056
MA010120220810462124,세이브존,,G2,소매,G221,기타 상품 소매,G22199,그 외 기타 상품 전문 소매업,G47859,그 외 기타 분류 안된 상품 전문 소매업,26,부산광역시,26230,부산진구,26230550,초읍동,2623010700,초읍동,2623010700101730016,1,대지,173,16,부산광역시 부산진구 초읍동 173-16,262303129029,부산광역시 부산진구 성지로,124,,2623010700101730016022854,,부산광역시 부산진구 성지로 124,614872,47111,,2,,129.050924028783,35.1807436457927
MA010120220810475140,아주유통,,G2,소매,G221,기타 상품 소매,G22199,그 외 기타 상품 전문 소매업,G47859,그 외 기타 분류 안된 상품 전문 소매업,26,부산광역시,26110,중구,26110560,부평동,2611012300,부평동1가,2611012300100390012,1,대지,39,12,부산광역시 중구 부평동1가 39-12,261104175006,부산광역시 중구 광복로16번길,6,1,2611012300100390012005158,,부산광역시 중구 광복로16번길 6-1,600805,48980,,,,129.026653109036,35.0992269217035
MA010120220810462204,동의초재,,G2,소매,G221,기타 상품 소매,G22199,그 외 기타 상품 전문 소매업,G47859,그 외 기타 분류 안된 상품 전문 소매업,26,부산광역시,26110,중구,26110580,남포동,2611013600,남포동1가,2611013600100440001,1,대지,44,1,부산광역시 중구 남포동1가 44-1,261103006003,부산광역시 중구 태종로,6,,2611013600100440001004405,,부산광역시 중구 태종로 6,600041,48984,,,,129.035509037136,35.0973031930427
MA010120220810466035,대한소방안전,,G2,소매,G221,기타 상품 소매,G22199,그 외 기타 상품 전문 소매업,G47859,그 외 기타 분류 안된 상품 전문 소매업,26,부산광역시,26470,연제구,26470730,연산9동,2647010200,연산동,2647010200104860002,1,대지,486,2,부산광역시 연제구 연산동 486-2,264704211084,부산광역시 연제구 과정로132번길,44,,2647010200104860002024959,,부산광역시 연제구 과정로132번길 44,611812,47570,,1,,129.109618992613,35.1830964180416
MA010120220810524269,대영불교사,,G2,소매,G221,기타 상품 소매,G22199,그 외 기타 상품 전문 소매업,G47859,그 외 기타 분류 안된 상품 전문 소매업,26,부산광역시,26380,사하구,26380530,괴정3동,2638010100,괴정동,2638010100102680008,1,대지,268,8,부산광역시 사하구 괴정동 268-8,263804202109,부산광역시 사하구 낙동대로179번길,1,,2638010100102680008000001,,부산광역시 사하구 낙동대로179번길 1,604809,49349,,1,,128.997013155424,35.1014401993067
MA010120220810484653,제이앤팜,,G2,소매,G221,기타 상품 소매,G22199,그 외 기타 상품 전문 소매업,G47859,그 외 기타 분류 안된 상품 전문 소매업,50,제주특별자치도,50110,제주시,50110630,아라동,5011013600,영평동,5011013600122300003,1,대지,2230,3,제주특별자치도 제주시 영평동 2230-3,501104848841,제주특별자치도 제주시 첨단로7길,3,,5011013600122300003000001,,제주특별자치도 제주시 첨단로7길 3,690140,63309,,,,126.572120609584,33.4491911149362
MA010120220810516080,석정유통,,G2,소매,G221,기타 상품 소매,G22199,그 외 기타 상품 전문 소매업,G47859,그 외 기타 분류 안된 상품 전문 소매업,26,부산광역시,26380,사하구,26380572,신평2동,2638010400,신평동,2638010400106340001,1,대지,634,1,부산광역시 사하구 신평동 634-1,263804202501,부산광역시 사하구 하신번영로151번길,74,,2638010400106340001036391,,부산광역시 사하구 하신번영로151번길 74,604834,49431,,,,128.956071359821,35.0965565916519
MA010120220810495150,창대케미칼,,G2,소매,G221,기타 상품 소매,G22199,그 외 기타 상품 전문 소매업,G47859,그 외 기타 분류 안된 상품 전문 소매업,47,경상북도,47111,포항시 남구,47111570,제철동,4711111100,장흥동,4711111100109090000,1,대지,909,,경상북도 포항시 남구 장흥동 909,471113303051,경상북도 포항시 남구 철강로,237,,4711111100109090000123176,,경상북도 포항시 남구 철강로 237,790240,37863,,2,,129.367112365705,35.9842402787571
MA010120220810521716,충무광고기획,,G2,소매,G221,기타 상품 소매,G22199,그 외 기타 상품 전문 소매업,G47859,그 외 기타 분류 안된 상품 전문 소매업,26,부산광역시,26140,서구,26140650,남부민1동,2614012300,남부민동,2614012300101120034,1,대지,112,34,부산광역시 서구 남부민동 112-34,261403126017,부산광역시 서구 천마로,143,1,2614012300101120034015287,일부상가,부산광역시 서구 천마로 143-1,602839,49262,,1,,129.023165313663,35.088543159885
MA010120220810488487,흑석농약사,,G2,소매,G221,기타 상품 소매,G22199,그 외 기타 상품 전문 소매업,G47859,그 외 기타 분류 안된 상품 전문 소매업,30,대전광역시,30170,서구,30170600,기성동,3017011700,흑석동,3017011700108890000,1,대지,889,,대전광역시 서구 흑석동 889,301703000096,대전광역시 서구 벌곡로,659,,3017011700108890000002182,,대전광역시 서구 벌곡로 659,302010,35426,,,,127.341538852121,36.2550369202454
MA010120220810490946,안전나라,,G2,소매,G221,기타 상품 소매,G22199,그 외 기타 상품 전문 소매업,G47859,그 외 기타 분류 안된 상품 전문 소매업,41,경기도,41500,이천시,41500530,관고동,4150011100,사음동,4150011100100090002,1,대지,9,2,경기도 이천시 사음동 9-2,415003207057,경기도 이천시 황무로,698,,4150011100100090002016322,,경기도 이천시 황무로 698,467020,17308,,,,127.425273348123,37.3042988983864
MA010120220810493263,레오테크춘천,대리점,G2,소매,G221,기타 상품 소매,G22199,그 외 기타 상품 전문 소매업,G47859,그 외 기타 분류 안된 상품 전문 소매업,51,강원특별자치도,51110,춘천시,51110580,소양동,5111011400,소양로2가,5111011400101790015,1,대지,179,15,강원특별자치도 춘천시 소양로2가 179-15,511104454414,강원특별자치도 춘천시 소양로163번길,10,3,4211011400101790015013423,,강원특별자치도 춘천시 소양로163번길 10-3,200112,24241,,,,127.723780353141,37.8884551193075
MA010120220810502164,원봉공회부산지회,,G2,소매,G221,기타 상품 소매,G22199,그 외 기타 상품 전문 소매업,G47859,그 외 기타 분류 안된 상품 전문 소매업,26,부산광역시,26110,중구,26110570,광복동,2611012700,신창동1가,2611012700100380006,1,대지,38,6,부산광역시 중구 신창동1가 38-6,261104175021,부산광역시 중구 광복중앙로33번길,10,,2611012700100380006000814,,부산광역시 중구 광복중앙로33번길 10,600061,48947,,,,129.029911232314,35.1023805787644
MA010120220810508142,드림가발,,G2,소매,G221,기타 상품 소매,G22199,그 외 기타 상품 전문 소매업,G47422,의복 액세서리 및 모조 장신구 소매업,26,부산광역시,26500,수영구,26500660,남천1동,2650010500,남천동,2650010500100120013,1,대지,12,13,부산광역시 수영구 남천동 12-13,265003138002,부산광역시 수영구 광남로,4,,2650010500100120013001340,,부산광역시 수영구 광남로 4,613814,48307,,,,129.109504864293,35.1434206926029
MA010120220810509645,성우HC&B,,G2,소매,G221,기타 상품 소매,G22199,그 외 기타 상품 전문 소매업,G47859,그 외 기타 분류 안된 상품 전문 소매업,26,부산광역시,26380,사하구,26380530,괴정3동,2638010100,괴정동,2638010100102600023,1,대지,260,23,부산광역시 사하구 괴정동 260-23,263804202331,부산광역시 사하구 승학로224번길,122,,2638010100102600023014079,,부산광역시 사하구 승학로224번길 122,604809,49338,,2,,128.996272870726,35.1021102579122
MA010120220810502645,유한책임회사하이모,부산지점,G2,소매,G221,기타 상품 소매,G22199,그 외 기타 상품 전문 소매업,G47422,의복 액세서리 및 모조 장신구 소매업,26,부산광역시,26110,중구,26110510,중앙동,2611010700,중앙동4가,2611010700100250004,1,대지,25,4,부산광역시 중구 중앙동4가 25-4,261102000010,부산광역시 중구 중앙대로,70,,2611010700100250004004563,동방빌딩,부산광역시 중구 중앙대로 70,600717,48941,,3,,129.036778308304,35.1038063688624
MA010120220810509827,빠리쥬얼리,,G2,소매,G221,기타 상품 소매,G22199,그 외 기타 상품 전문 소매업,G47422,의복 액세서리 및 모조 장신구 소매업,26,부산광역시,26110,중구,26110570,광복동,2611013100,창선동1가,2611013100100120001,1,대지,12,1,부산광역시 중구 창선동1가 12-1,261104175010,부산광역시 중구 광복로39번길,6,,2611013100100120001000001,,부산광역시 중구 광복로39번길 6,600051,48947,,1,,129.02958205151,35.0997186130933
MA010120220810516939,삼우건재상사,,G2,소매,G221,기타 상품 소매,G22199,그 외 기타 상품 전문 소매업,G47519,"페인트, 창호 및 기타 건설자재 소매업",26,부산광역시,26380,사하구,26380580,장림1동,2638010500,장림동,2638010500111090002,1,대지,1109,2,부산광역시 사하구 장림동 1109-2,263803134026,부산광역시 사하구 하신중앙로,25,,2638010500111090002025853,,부산광역시 사하구 하신중앙로 25,604842,49477,,,,128.964543302982,35.0813066268105
MA010120220810506084,대한소방,,G2,소매,G221,기타 상품 소매,G22199,그 외 기타 상품 전문 소매업,G47859,그 외 기타 분류 안된 상품 전문 소매업,26,부산광역시,26500,수영구,26500780,광안3동,2650010400,광안동,2650010400110560017,1,대지,1056,17,부산광역시 수영구 광안동 1056-17,265004214172,부산광역시 수영구 망미번영로16번길,51,,2650010400110560017013109,,부산광역시 수영구 망미번영로16번길 51,613810,48244,,,,129.110569932691,35.1676611664922
MA010120220810496363,영남인삼사,,G2,소매,G221,기타 상품 소매,G22199,그 외 기타 상품 전문 소매업,G47859,그 외 기타 분류 안된 상품 전문 소매업,47,경상북도,47210,영주시,47210250,풍기읍,4721025029,풍기읍,4721025029101450003,1,대지,145,3,경상북도 영주시 풍기읍 서부리 145-3,472103309053,경상북도 영주시 풍기읍 인삼로,8,,4721025029101450003011718,,경상북도 영주시 풍기읍 인삼로 8,750805,36024,,,,128.523612585866,36.8730277243237
MA010120220810523102,장수식품,,G2,소매,G221,기타 상품 소매,G22199,그 외 기타 상품 전문 소매업,G47859,그 외 기타 분류 안된 상품 전문 소매업,26,부산광역시,26140,서구,26140640,충무동,2614012000,충무동1가,2614012000100250016,1,대지,25,16,부산광역시 서구 충무동1가 25-16,261402126001,부산광역시 서구 충무대로,278,,2614012000100250016013820,,부산광역시 서구 충무대로 278,602011,49254,,1,,129.024550614621,35.0953509547559
MA010120220810489564,호롱말,,G2,소매,G221,기타 상품 소매,G22199,그 외 기타 상품 전문 소매업,G47859,그 외 기타 분류 안된 상품 전문 소매업,46,전라남도,46770,고흥군,46770253,도양읍,4677025323,도양읍,4677025323115700001,1,대지,1570,1,전라남도 고흥군 도양읍 용정리 1570-1,467704667587,전라남도 고흥군 도양읍 장기산선암길,117,,4677025323115700001000001,,전라남도 고흥군 도양읍 장기산선암길 117,548907,59552,,,,127.132783025179,34.5466332347053
MA010120220810503386,법인인삼,코리아,G2,소매,G221,기타 상품 소매,G22199,그 외 기타 상품 전문 소매업,G47859,그 외 기타 분류 안된 상품 전문 소매업,43,충청북도,43112,청주시 서원구,43112310,남이면,4311231022,남이면,4311231022102150008,1,대지,215,8,충청북도 청주시 서원구 남이면 외천리 215-8,431124520132,충청북도 청주시 서원구 남이면 남이외천길,13,11,4311231022102150008000001,,충청북도 청주시 서원구 남이면 남이외천길 13-11,362813,28185,,,,127.428644074561,36.5522131667953
MA010120220810506750,옐로우,,G2,소매,G221,기타 상품 소매,G22199,그 외 기타 상품 전문 소매업,G47859,그 외 기타 분류 안된 상품 전문 소매업,26,부산광역시,26380,사하구,26380580,장림1동,2638010500,장림동,2638010500103300012,1,대지,330,12,부산광역시 사하구 장림동 330-12,263803134023,부산광역시 사하구 장림번영로,16,1,2638010500103300012000589,,부산광역시 사하구 장림번영로 16-1,604041,49476,,,,128.967260628662,35.0812445362737
MA010120220810486920,협신종묘사,,G2,소매,G221,기타 상품 소매,G22199,그 외 기타 상품 전문 소매업,G47859,그 외 기타 분류 안된 상품 전문 소매업,26,부산광역시,26110,중구,26110580,남포동,2611014100,남포동6가,2611014100100100000,1,대지,10,,부산광역시 중구 남포동6가 10,261103125012,부산광역시 중구 자갈치로,30,,2611014100100100000006814,,부산광역시 중구 자갈치로 30,600046,48982,,,,129.027902786291,35.0965565602484
MA010120220810489806,명가소방,,G2,소매,G221,기타 상품 소매,G22199,그 외 기타 상품 전문 소매업,G47859,그 외 기타 분류 안된 상품 전문 소매업,41,경기도,41150,의정부시,41150520,의정부2동,4115010100,의정부동,4115010100105040005,1,대지,504,5,경기도 의정부시 의정부동 504-5,411504343146,경기도 의정부시 범골로157번길,5,,4115010100105040005013357,,경기도 의정부시 범골로157번길 5,480849,11650,,,,127.042758580971,37.7362932674224
MA010120220810214217,도라도라,,G2,소매,G221,기타 상품 소매,G22199,그 외 기타 상품 전문 소매업,G47859,그 외 기타 분류 안된 상품 전문 소매업,28,인천광역시,28185,연수구,28185761,연수1동,2818510300,연수동,2818510300104750013,1,대지,475,13,인천광역시 연수구 연수동 475-13,281854256094,인천광역시 연수구 비류대로331번길,2,27,2818510300104750013182992,,인천광역시 연수구 비류대로331번길 2-27,406809,21914,,,,126.672976734136,37.4253031814913
MA010120220810197786,우진컴퍼니,,G2,소매,G221,기타 상품 소매,G22199,그 외 기타 상품 전문 소매업,G47859,그 외 기타 분류 안된 상품 전문 소매업,28,인천광역시,28185,연수구,28185860,송도5동,2818510600,송도동,2818510600103160000,1,대지,316,,인천광역시 연수구 송도동 316,281853152013,인천광역시 연수구 센트럴로,415,,2818510600103160000000001,힐스테이트송도더테라스,인천광역시 연수구 센트럴로 415,406840,22020,,,,126.62668333176,37.4107588442054
MA010120220810195913,제이아이앤,,G2,소매,G221,기타 상품 소매,G22199,그 외 기타 상품 전문 소매업,G47859,그 외 기타 분류 안된 상품 전문 소매업,48,경상남도,48121,창원시 의창구,48121310,북면,4812131036,북면,4812131036106480000,1,대지,648,,경상남도 창원시 의창구 북면 신촌리 648,481214781356,경상남도 창원시 의창구 북면 신리길,56,,4812131036106480000047218,,경상남도 창원시 의창구 북면 신리길 56,641873,51103,,,,128.603151820153,35.349576794036
MA010120220810229892,양준상회,,G2,소매,G221,기타 상품 소매,G22199,그 외 기타 상품 전문 소매업,G47859,그 외 기타 분류 안된 상품 전문 소매업,50,제주특별자치도,50110,제주시,50110530,이도1동,5011010300,이도일동,5011010300112890003,1,대지,1289,3,제주특별자치도 제주시 이도일동 1289-3,501104847207,제주특별자치도 제주시 광양1길,18,,5011010300112890003028467,,제주특별자치도 제주시 광양1길 18,690828,63197,,,,126.527728509606,33.5036937357456
MA010120220810230325,씨케이유통,,G2,소매,G221,기타 상품 소매,G22199,그 외 기타 상품 전문 소매업,G47859,그 외 기타 분류 안된 상품 전문 소매업,28,인천광역시,28260,서구,28260536,청라1동,2826012200,청라동,2826012200101620016,1,대지,162,16,인천광역시 서구 청라동 162-16,282604268830,인천광역시 서구 중봉대로586번길,9,11,2826010600107990016000001,매그놀리아,인천광역시 서구 중봉대로586번길 9-11,,22736,,1,,126.651181929496,37.5326677016209
MA010120220810209939,혜원,,G2,소매,G221,기타 상품 소매,G22199,그 외 기타 상품 전문 소매업,G47859,그 외 기타 분류 안된 상품 전문 소매업,52,전북특별자치도,52710,완주군,52710400,동상면,5271040023,동상면,5271040023103130000,1,대지,313,,전북특별자치도 완주군 동상면 수만리 313,527103273038,전북특별자치도 완주군 동상면 송광수만로,957,20,4571040023103130000000071,,전북특별자치도 완주군 동상면 송광수만로 957-20,565892,55344,,,,127.267511386151,35.920585295054
MA010120220810199323,불교용품부용당,,G2,소매,G221,기타 상품 소매,G22199,그 외 기타 상품 전문 소매업,G47859,그 외 기타 분류 안된 상품 전문 소매업,27,대구광역시,27720,군위군,27720320,효령면,2772032033,효령면,2772032033103850000,1,대지,385,,대구광역시 군위군 효령면 마시리 385,277204742059,대구광역시 군위군 효령면 덕동길,72,1,4772032048103850000019547,,대구광역시 군위군 효령면 덕동길 72-1,716821,43136,,,,128.626547657019,36.1060477719982
MA010120220810199697,대한만물사,,G2,소매,G221,기타 상품 소매,G22199,그 외 기타 상품 전문 소매업,G47859,그 외 기타 분류 안된 상품 전문 소매업,29,광주광역시,29110,동구,29110560,계림1동,2911010900,계림동,2911010900102850003,1,대지,285,3,광주광역시 동구 계림동 285-3,291104277010,광주광역시 동구 경양로259번길,23,,2911010900102850003000448,,광주광역시 동구 경양로259번길 23,501805,61423,,,,126.920340575805,35.1575256381659
MA010120220810222413,제이엘방재,,G2,소매,G221,기타 상품 소매,G22199,그 외 기타 상품 전문 소매업,G47859,그 외 기타 분류 안된 상품 전문 소매업,11,서울특별시,11350,노원구,11350595,공릉1동,1135010300,공릉동,1135010300106840035,1,대지,684,35,서울특별시 노원구 공릉동 684-35,113503005046,서울특별시 노원구 화랑로,419,15,1135010300106840035000001,,서울특별시 노원구 화랑로 419-15,139808,01860,,,,127.073703494114,37.617943421356
MA010120220810194522,비에스이엔지,,G2,소매,G221,기타 상품 소매,G22199,그 외 기타 상품 전문 소매업,G47859,그 외 기타 분류 안된 상품 전문 소매업,41,경기도,41113,수원시 권선구,41113560,서둔동,4111313100,서둔동,4111313100102430051,1,대지,243,51,경기도 수원시 권선구 서둔동 243-51,411134325383,경기도 수원시 권선구 여기산로10번길,2,,4111313100102430051026900,,경기도 수원시 권선구 여기산로10번길 2,441857,16428,,1,,126.978587429893,37.278291215578
MA010120220810223719,유니,,G2,소매,G221,기타 상품 소매,G22199,그 외 기타 상품 전문 소매업,G47859,그 외 기타 분류 안된 상품 전문 소매업,41,경기도,41570,김포시,41570560,장기동,4157010400,장기동,4157010400120080003,1,대지,2008,3,경기도 김포시 장기동 2008-3,415703209168,경기도 김포시 태장로,751,,4157010400120080003000001,테라비즈타워,경기도 김포시 태장로 751,415060,10090,,3,,126.683058953566,37.6407501305067
MA010120220810235178,뉴미,,G2,소매,G221,기타 상품 소매,G22199,그 외 기타 상품 전문 소매업,G47859,그 외 기타 분류 안된 상품 전문 소매업,11,서울특별시,11260,중랑구,11260520,면목2동,1126010100,면목동,1126010100101340035,1,대지,134,35,서울특별시 중랑구 면목동 134-35,112604118279,서울특별시 중랑구 봉우재로20가길,3,,1126010100101340035028717,리움빌라,서울특별시 중랑구 봉우재로20가길 3,131819,02143,,2,,127.081172561535,37.5910079315475
MA010120220810254219,고컨테이너,,G2,소매,G221,기타 상품 소매,G22199,그 외 기타 상품 전문 소매업,G47859,그 외 기타 분류 안된 상품 전문 소매업,51,강원특별자치도,51130,원주시,51130520,원인동,5113010300,원동,5113010300100590021,1,대지,59,21,강원특별자치도 원주시 원동 59-21,511303219044,강원특별자치도 원주시 일산로,81,16,4213010300100590021020112,,강원특별자치도 원주시 일산로 81-16,220901,26431,,,,127.951180262736,37.3468941777101
MA010120220810251570,편안한세상,,G2,소매,G221,기타 상품 소매,G22199,그 외 기타 상품 전문 소매업,G47859,그 외 기타 분류 안된 상품 전문 소매업,41,경기도,41461,용인시 처인구,41461250,포곡읍,4146125029,포곡읍,4146125029101170005,1,대지,117,5,경기도 용인시 처인구 포곡읍 신원리 117-5,414614409071,경기도 용인시 처인구 포곡읍 곡현로248번길,8,,4146125029101170001254451,,경기도 용인시 처인구 포곡읍 곡현로248번길 8,449814,17022,,2,,127.223278594319,37.307861821934
MA010120220810270913,양평불교사,,G2,소매,G221,기타 상품 소매,G22199,그 외 기타 상품 전문 소매업,G47859,그 외 기타 분류 안된 상품 전문 소매업,41,경기도,41830,양평군,41830250,양평읍,4183025027,양평읍,4183025027105710010,1,대지,571,10,경기도 양평군 양평읍 도곡리 571-10,418303217044,경기도 양평군 양평읍 중앙로,364,,4183025027105710010000001,,경기도 양평군 양평읍 중앙로 364,476804,12564,,,,127.528552377771,37.4914192625689
MA010120220810254743,심쿵유통,,G2,소매,G221,기타 상품 소매,G22199,그 외 기타 상품 전문 소매업,G47859,그 외 기타 분류 안된 상품 전문 소매업,28,인천광역시,28237,부평구,28237510,부평1동,2823710100,부평동,2823710100101790009,1,대지,179,9,인천광역시 부평구 부평동 179-9,282372008007,인천광역시 부평구 경원대로,1432,,2823710100101790009104966,,인천광역시 부평구 경원대로 1432,403819,21404,,,,126.728120633035,37.4908832142894
MA010120220810247147,한마음,,G2,소매,G221,기타 상품 소매,G22199,그 외 기타 상품 전문 소매업,G47859,그 외 기타 분류 안된 상품 전문 소매업,11,서울특별시,11650,서초구,11650600,방배1동,1165010100,방배동,1165010100109080007,1,대지,908,7,서울특별시 서초구 방배동 908-7,116503121010,서울특별시 서초구 방배로,90,,1165010100109080007015091,농전빌딩,서울특별시 서초구 방배로 90,137842,06665,,2,,126.997286481207,37.4825283215462
MA010120220810268330,해브잇,,G2,소매,G221,기타 상품 소매,G22199,그 외 기타 상품 전문 소매업,G47859,그 외 기타 분류 안된 상품 전문 소매업,41,경기도,41117,수원시 영통구,41117520,매탄2동,4111710100,매탄동,4111710100101110130,1,대지,111,130,경기도 수원시 영통구 매탄동 111-130,411174331034,경기도 수원시 영통구 매봉로27번길,51,,4111710100101110130003697,,경기도 수원시 영통구 매봉로27번길 51,443801,16526,,,,127.049755003052,37.271155466136
MA010120220810252974,신정수석,,G2,소매,G221,기타 상품 소매,G22199,그 외 기타 상품 전문 소매업,G47859,그 외 기타 분류 안된 상품 전문 소매업,26,부산광역시,26710,기장군,26710259,일광읍,2671025924,일광읍,2671025924102140011,1,대지,214,11,부산광역시 기장군 일광읍 동백리 214-11,267103140037,부산광역시 기장군 일광읍 일광로,505,,2671031024102140011007922,,부산광역시 기장군 일광읍 일광로 505,619911,46041,,,,129.256412810886,35.2877089000347
MA010120220810274782,양평종묘사,,G2,소매,G221,기타 상품 소매,G22199,그 외 기타 상품 전문 소매업,G47859,그 외 기타 분류 안된 상품 전문 소매업,41,경기도,41830,양평군,41830250,양평읍,4183025021,양평읍,4183025021102070002,1,대지,207,2,경기도 양평군 양평읍 양근리 207-2,418303217038,경기도 양평군 양평읍 시민로,11,,4183025021102070002019431,,경기도 양평군 양평읍 시민로 11,476802,12556,,,,127.493068510861,37.4895814806912
MA010120220810236928,신안군관광협의회서각박물관지점,,G2,소매,G221,기타 상품 소매,G22199,그 외 기타 상품 전문 소매업,G47859,그 외 기타 분류 안된 상품 전문 소매업,46,전라남도,46910,신안군,46910420,암태면,4691042028,암태면,4691042028117170000,1,대지,1717,,전라남도 신안군 암태면 신석리 1717,469103302001,전라남도 신안군 암태면 박달로,362,26,4691042028117170000000001,,전라남도 신안군 암태면 박달로 362-26,535861,58833,,,,126.122898986423,34.8581225214837
MA010120220810245394,유&박헤어모나스,,G2,소매,G221,기타 상품 소매,G22199,그 외 기타 상품 전문 소매업,G47422,의복 액세서리 및 모조 장신구 소매업,26,부산광역시,26500,수영구,26500760,광안1동,2650010400,광안동,2650010400106690008,1,대지,669,8,부산광역시 수영구 광안동 669-8,265003131037,부산광역시 수영구 수영로,649,,2650010400106690008000980,,부산광역시 수영구 수영로 649,613807,48247,,2,,129.114068505715,35.1637612339554
MA010120220810250401,환연실업,,G2,소매,G221,기타 상품 소매,G22199,그 외 기타 상품 전문 소매업,G47859,그 외 기타 분류 안된 상품 전문 소매업,11,서울특별시,11680,강남구,11680640,역삼1동,1168010100,역삼동,1168010100106600033,1,대지,660,33,서울특별시 강남구 역삼동 660-33,116804166107,서울특별시 강남구 논현로102길,33,,1168010100106600033022002,,서울특별시 강남구 논현로102길 33,135913,06136,,,,127.037740927502,37.5058043449973
MA010120220810231410,유동,,G2,소매,G221,기타 상품 소매,G22199,그 외 기타 상품 전문 소매업,G47859,그 외 기타 분류 안된 상품 전문 소매업,48,경상남도,48840,남해군,48840360,서면,4884036026,서면,4884036026116420000,1,대지,1642,,경상남도 남해군 서면 남상리 1642,488404829088,경상남도 남해군 서면 남서대로2309번길,46,1,4884036026116420000049683,,경상남도 남해군 서면 남서대로2309번길 46-1,668871,52409,,,,127.811382624408,34.8549191907977
MA010120220810309923,원희건설,,G2,소매,G221,기타 상품 소매,G22199,그 외 기타 상품 전문 소매업,G47859,그 외 기타 분류 안된 상품 전문 소매업,47,경상북도,47230,영천시,47230320,신녕면,4723032022,신녕면,4723032022104310000,1,대지,431,,경상북도 영천시 신녕면 부산리 431,472304730271,경상북도 영천시 신녕면 부산직동길,72,,4723032022104310000033505,,경상북도 영천시 신녕면 부산직동길 72,770813,38800,,,,128.744793665105,36.0546254064046
MA010120220810281426,물개성인용품,,G2,소매,G221,기타 상품 소매,G22199,그 외 기타 상품 전문 소매업,G47859,그 외 기타 분류 안된 상품 전문 소매업,29,광주광역시,29110,동구,29110525,충장동,2911010200,금남로5가,2911010200101770003,1,대지,177,3,광주광역시 동구 금남로5가 177-3,291103009001,광주광역시 동구 구성로,184,3,2911010200101770003002328,,광주광역시 동구 구성로 184-3,501025,61472,,,,126.91336579202,35.152274936101
MA010120220810305259,예수의성모,,G2,소매,G221,기타 상품 소매,G22199,그 외 기타 상품 전문 소매업,G47859,그 외 기타 분류 안된 상품 전문 소매업,11,서울특별시,11140,중구,11140550,명동,1114012700,명동2가,1114012700100010018,1,대지,1,18,서울특별시 중구 명동2가 1-18,111404103165,서울특별시 중구 명동길,80,,1114012700100010019019483,카톨릭회관,서울특별시 중구 명동길 80,100809,04537,,,,126.987198601309,37.5641675001909
MA010120220810276032,박만기태양광발전소,,G2,소매,G221,기타 상품 소매,G22199,그 외 기타 상품 전문 소매업,G47859,그 외 기타 분류 안된 상품 전문 소매업,48,경상남도,48170,진주시,48170565,중앙동,4817011800,옥봉동,4817011800105610012,1,대지,561,12,경상남도 진주시 옥봉동 561-12,481704796915,경상남도 진주시 옥봉길16번길,17,,4817011800105610012000001,,경상남도 진주시 옥봉길16번길 17,660981,52756,,,,128.090290837507,35.195809326403
MA010120220810302616,조우딘,,G2,소매,G221,기타 상품 소매,G22199,그 외 기타 상품 전문 소매업,G47422,의복 액세서리 및 모조 장신구 소매업,41,경기도,41117,수원시 영통구,41117550,원천동,4111710200,원천동,4111710200103320002,1,대지,332,2,경기도 수원시 영통구 원천동 332-2,411173177009,경기도 수원시 영통구 삼성로,274,,4111710200103320002003513,S,경기도 수원시 영통구 삼성로 274,443758,16522,,,,127.06436222494,37.2656160320406
MA010120220810310497,우솔,,G2,소매,G221,기타 상품 소매,G22199,그 외 기타 상품 전문 소매업,G47859,그 외 기타 분류 안된 상품 전문 소매업,41,경기도,41220,평택시,41220600,원평동,4122011300,평택동,4122011300101560000,1,대지,156,,경기도 평택시 평택동 156,412204364597,경기도 평택시 원평로39번길,16,,4122011300101560000000001,,경기도 평택시 원평로39번길 16,450827,17922,,,,127.083741292895,36.9892750052918
MA010120220810297990,금산인삼,,G2,소매,G221,기타 상품 소매,G22199,그 외 기타 상품 전문 소매업,G47859,그 외 기타 분류 안된 상품 전문 소매업,26,부산광역시,26470,연제구,26470630,거제3동,2647010100,거제동,2647010100104850006,1,대지,485,6,부산광역시 연제구 거제동 485-6,264704211044,부산광역시 연제구 거제천로87번길,15,1,2647010100104850006022461,,부산광역시 연제구 거제천로87번길 15-1,611804,47544,,,,129.072377884037,35.182297783769
MA010120220810305853,레드컨테이너연남점,,G2,소매,G221,기타 상품 소매,G22199,그 외 기타 상품 전문 소매업,G47859,그 외 기타 분류 안된 상품 전문 소매업,11,서울특별시,11440,마포구,11440660,서교동,1144012100,동교동,1144012100101520001,1,대지,152,1,서울특별시 마포구 동교동 152-1,114403112014,서울특별시 마포구 동교로,226,,1144012100101520001021882,,서울특별시 마포구 동교로 226,121816,03994,,2,,126.924033389802,37.5600352105053
MA010120220810298475,영화상사,,G2,소매,G221,기타 상품 소매,G22199,그 외 기타 상품 전문 소매업,G47859,그 외 기타 분류 안된 상품 전문 소매업,28,인천광역시,28260,서구,28260680,검단동,2826011300,마전동,2826011300109250000,1,대지,925,,인천광역시 서구 마전동 925,282604268127,인천광역시 서구 검단로487번길,44,,2826011300106880001029849,서해아파트,인천광역시 서구 검단로487번길 44,404260,22611,,,,126.66110106145,37.6058030292479
MA010120220810285096,탄잉어,,G2,소매,G221,기타 상품 소매,G22199,그 외 기타 상품 전문 소매업,G47859,그 외 기타 분류 안된 상품 전문 소매업,11,서울특별시,11680,강남구,11680700,세곡동,1168011100,세곡동,1168011100103750002,1,대지,375,2,서울특별시 강남구 세곡동 375-2,116804166877,서울특별시 강남구 헌릉로571길,46,2,1168011100103750002004071,,서울특별시 강남구 헌릉로571길 46-2,135190,06376,,지,,127.099996297393,37.4679167128788
MA010120220810282780,루브르,,G2,소매,G221,기타 상품 소매,G22199,그 외 기타 상품 전문 소매업,G47859,그 외 기타 분류 안된 상품 전문 소매업,44,충청남도,44270,당진시,44270510,당진1동,4427010100,읍내동,4427010100105560015,1,대지,556,15,충청남도 당진시 읍내동 556-15,442703265016,충청남도 당진시 당진중앙2로,41,3,4483025021105560015086557,,충청남도 당진시 당진중앙2로 41-3,343923,31769,,1,,126.627753999916,36.8922506313986
MA010120220810311491,억수야초방,,G2,소매,G221,기타 상품 소매,G22199,그 외 기타 상품 전문 소매업,G47859,그 외 기타 분류 안된 상품 전문 소매업,47,경상북도,47290,경산시,47290541,서부1동,4729010900,옥산동,4729010900107390011,1,대지,739,11,경상북도 경산시 옥산동 739-11,472904739048,경상북도 경산시 경산로42길,18,3,4729010900107390011007014,,경상북도 경산시 경산로42길 18-3,712800,38675,,1,,128.728088777287,35.8269846956094
MA010120220810291435,우수종합자재,,G2,소매,G221,기타 상품 소매,G22199,그 외 기타 상품 전문 소매업,G47859,그 외 기타 분류 안된 상품 전문 소매업,47,경상북도,47190,구미시,47190680,진미동,4719012500,임수동,4719012500100920051,1,대지,92,51,경상북도 구미시 임수동 92-51,471903018095,경상북도 구미시 3공단1로,302,17,4719012500100920047009136,,경상북도 구미시 3공단1로 302-17,730350,39391,,,,128.403978435732,36.1092146247821
MA010120220810306636,법인더굿진생,,G2,소매,G221,기타 상품 소매,G22199,그 외 기타 상품 전문 소매업,G47859,그 외 기타 분류 안된 상품 전문 소매업,44,충청남도,44710,금산군,44710250,금산읍,4471025022,금산읍,4471025022105900009,1,대지,590,9,충청남도 금산군 금산읍 중도리 590-9,447103257038,충청남도 금산군 금산읍 약초로,30,,4471025022105900009000001,,충청남도 금산군 금산읍 약초로 30,312806,32748,,,,127.497471683598,36.0988714093108
MA010120220810280225,나이스미용재료,,G2,소매,G221,기타 상품 소매,G22199,그 외 기타 상품 전문 소매업,G47859,그 외 기타 분류 안된 상품 전문 소매업,41,경기도,41281,고양시 덕양구,41281580,창릉동,4128111200,동산동,4128111200103680002,1,대지,368,2,경기도 고양시 덕양구 동산동 368-2,412813194064,경기도 고양시 덕양구 덕수천2로,150,,4128111200103680002000001,E편한세상시티삼송2차,경기도 고양시 덕양구 덕수천2로 150,412090,10595,,2,,126.895637357873,37.6485628014362
MA010120220810299252,왁스아일랜드,,G2,소매,G221,기타 상품 소매,G22199,그 외 기타 상품 전문 소매업,G47859,그 외 기타 분류 안된 상품 전문 소매업,50,제주특별자치도,50110,제주시,50110600,화북동,5011011200,화북이동,5011011200135820000,1,대지,3582,,제주특별자치도 제주시 화북이동 3582,501103349137,제주특별자치도 제주시 연삼로,708,4,5011011200135820000000001,,제주특별자치도 제주시 연삼로 708-4,690061,63304,,,,126.562167287363,33.5100141669882
MA010120220810286041,유순,,G2,소매,G221,기타 상품 소매,G22199,그 외 기타 상품 전문 소매업,G47859,그 외 기타 분류 안된 상품 전문 소매업,48,경상남도,48840,남해군,48840350,남면,4884035025,남면,4884035025104740003,1,대지,474,3,경상남도 남해군 남면 임포리 474-3,488403343015,경상남도 남해군 남면 무지개로,362,10,4884035025104740003040334,,경상남도 남해군 남면 무지개로 362-10,668863,52435,,,,127.871957547456,34.746713365725
MA010120220810286269,조은유통,,G2,소매,G221,기타 상품 소매,G22199,그 외 기타 상품 전문 소매업,G47859,그 외 기타 분류 안된 상품 전문 소매업,27,대구광역시,27710,달성군,27710310,가창면,2771031024,가창면,2771031024101230001,1,대지,123,1,대구광역시 달성군 가창면 냉천리 123-1,277103148002,대구광역시 달성군 가창면 가창로,778,,2771031024101230001036976,,대구광역시 달성군 가창면 가창로 778,711861,42938,,,,128.64412700885,35.7819881977825
MA010120220810323106,이한유통,,G2,소매,G221,기타 상품 소매,G22199,그 외 기타 상품 전문 소매업,G47859,그 외 기타 분류 안된 상품 전문 소매업,41,경기도,41480,파주시,41480510,금촌1동,4148010100,금촌동,4148010100107900028,1,대지,790,28,경기도 파주시 금촌동 790-28,414804418084,경기도 파주시 금정2길,28,,4148010100107900028026522,,경기도 파주시 금정2길 28,413011,10923,,2,,126.777935351589,37.7557869896497
MA010120220810331164,제이엠에코,,G2,소매,G221,기타 상품 소매,G22199,그 외 기타 상품 전문 소매업,G47859,그 외 기타 분류 안된 상품 전문 소매업,41,경기도,41590,화성시,41590590,동탄5동,4159013100,영천동,4159013100108390002,1,대지,839,2,경기도 화성시 영천동 839-2,415903012058,경기도 화성시 동탄기흥로,560,,4159013100100000000000001,,경기도 화성시 동탄기흥로 560,445130,18469,,,,127.094158663288,37.2110467739463
MA010120220810318115,신성화학,,G2,소매,G221,기타 상품 소매,G22199,그 외 기타 상품 전문 소매업,G47859,그 외 기타 분류 안된 상품 전문 소매업,41,경기도,41192,부천시 원미구,41192630,중1동,4119210800,중동,4119210800111410003,1,대지,1141,3,경기도 부천시 원미구 중동 1141-3,411923000065,경기도 부천시 원미구 길주로,284,,4119010800111410003000001,신중동역헤리움메트로타워,경기도 부천시 원미구 길주로 284,420852,14548,,,,126.773722042464,37.5027825181521
MA010120220810350766,천하사,,G2,소매,G221,기타 상품 소매,G22199,그 외 기타 상품 전문 소매업,G47859,그 외 기타 분류 안된 상품 전문 소매업,26,부산광역시,26410,금정구,26410610,장전2동,2641010800,장전동,2641010800106170011,1,대지,617,11,부산광역시 금정구 장전동 617-11,264104190397,부산광역시 금정구 온천장로125번길,72,,2641010800106170011017855,,부산광역시 금정구 온천장로125번길 72,609392,46300,,,,129.082265810007,35.2243651152075
MA010120220810331911,태영미래,,G2,소매,G221,기타 상품 소매,G22199,그 외 기타 상품 전문 소매업,G47859,그 외 기타 분류 안된 상품 전문 소매업,41,경기도,41590,화성시,41590590,동탄5동,4159013100,영천동,4159013100108620002,1,대지,862,2,경기도 화성시 영천동 862-2,415902348100,경기도 화성시 동탄대로,706,,4159013100100950000000001,동탄2택지개발,경기도 화성시 동탄대로 706,445130,18463,,,,127.10333402395,37.214778480896
MA010120220810351164,달달허니,,G2,소매,G221,기타 상품 소매,G22199,그 외 기타 상품 전문 소매업,G47859,그 외 기타 분류 안된 상품 전문 소매업,47,경상북도,47250,상주시,47250520,남원동,4725011000,낙양동,4725011000100060018,1,대지,6,18,경상북도 상주시 낙양동 6-18,472504733137,경상북도 상주시 남원1길,34,4,4725011000100060018083350,,경상북도 상주시 남원1길 34-4,742901,37200,,,,128.152480494269,36.4141041552778
MA010120220810323983,화성퇴비,,G2,소매,G221,기타 상품 소매,G22199,그 외 기타 상품 전문 소매업,G47859,그 외 기타 분류 안된 상품 전문 소매업,27,대구광역시,27170,서구,27170640,평리3동,2717010300,평리동,2717010300105120012,1,대지,512,12,대구광역시 서구 평리동 512-12,271704229332,대구광역시 서구 통학로51길,63,,2717010300105120012026133,,대구광역시 서구 통학로51길 63,703835,41737,,,,128.556670814999,35.8805490589722
MA010120220810326629,골드스톤,,G2,소매,G221,기타 상품 소매,G22199,그 외 기타 상품 전문 소매업,G47859,그 외 기타 분류 안된 상품 전문 소매업,41,경기도,41610,광주시,41610560,광남1동,4161010700,삼동,4161010700102230007,1,대지,223,7,경기도 광주시 삼동 223-7,416102012002,경기도 광주시 경충대로,2149,,4161010700102230007010180,,경기도 광주시 경충대로 2149,464040,12767,,1,,127.204783084835,37.4089904139638
MA010120220810357072,엘씨케이,,G2,소매,G221,기타 상품 소매,G22199,그 외 기타 상품 전문 소매업,G47859,그 외 기타 분류 안된 상품 전문 소매업,41,경기도,41461,용인시 처인구,41461525,역북동,4146110200,역북동,4146110200103700013,1,대지,370,13,경기도 용인시 처인구 역북동 370-13,414612012012,경기도 용인시 처인구 중부대로,1218,,4146110200103700013000001,더트리니,경기도 용인시 처인구 중부대로 1218,449930,17053,,,,127.180425814937,37.2371312156336
MA010120220810319195,이현시스템,,G2,소매,G221,기타 상품 소매,G22199,그 외 기타 상품 전문 소매업,G47859,그 외 기타 분류 안된 상품 전문 소매업,26,부산광역시,26470,연제구,26470730,연산9동,2647010200,연산동,2647010200104140003,1,대지,414,3,부산광역시 연제구 연산동 414-3,264704211089,부산광역시 연제구 과정로191번다길,52,,2647010200104140003018516,,부산광역시 연제구 과정로191번다길 52,611818,47558,,,,129.104127925062,35.1868146015361
MA010120220810346551,슈즈마법사지점,,G2,소매,G221,기타 상품 소매,G22199,그 외 기타 상품 전문 소매업,G47859,그 외 기타 분류 안된 상품 전문 소매업,44,충청남도,44270,당진시,44270250,합덕읍,4427025022,합덕읍,4427025022101060018,1,대지,106,18,충청남도 당진시 합덕읍 도곡리 106-18,442704595117,충청남도 당진시 합덕읍 농공단지길,31,,4483025322101060018008475,,충청남도 당진시 합덕읍 농공단지길 31,343903,31808,,,,126.724841735444,36.8041439925692
MA010120220810346652,연꽃청년협동조합,,G2,소매,G221,기타 상품 소매,G22199,그 외 기타 상품 전문 소매업,G47859,그 외 기타 분류 안된 상품 전문 소매업,52,전북특별자치도,52113,전주시 덕진구,52113580,금암1동,5211310700,금암동,5211310700107660005,1,대지,766,5,전북특별자치도 전주시 덕진구 금암동 766-5,521133267002,전북특별자치도 전주시 덕진구 가리내로,42,13,4511310700107660005009648,연꽃청년협동조합공동사무실전북불교회,전북특별자치도 전주시 덕진구 가리내로 42-13,561801,54933,,2,,127.130523299881,35.8345355598657
MA010120220810324890,성포상회,,G2,소매,G221,기타 상품 소매,G22199,그 외 기타 상품 전문 소매업,G47859,그 외 기타 분류 안된 상품 전문 소매업,26,부산광역시,26110,중구,26110510,중앙동,2611010900,중앙동6가,2611010900100090001,1,대지,9,1,부산광역시 중구 중앙동6가 9-1,261102000010,부산광역시 중구 중앙대로,17,,2611010900100090001002007,광복지하도상가,부산광역시 중구 중앙대로 17,600016,48955,,,,129.036095143722,35.0988253445682
MA010120220810327335,디딤농,,G2,소매,G221,기타 상품 소매,G22199,그 외 기타 상품 전문 소매업,G47859,그 외 기타 분류 안된 상품 전문 소매업,46,전라남도,46170,나주시,46170400,산포면,4617040021,산포면,4617040021111640007,1,대지,1164,7,전라남도 나주시 산포면 매성리 1164-7,461704652366,전라남도 나주시 산포면 쌍산길,4,,4617040021111640007074634,,전라남도 나주시 산포면 쌍산길 4,520831,58214,,,,126.782470149779,35.0368978889111
MA010120220810341714,행복한약초자원연구소,,G2,소매,G221,기타 상품 소매,G22199,그 외 기타 상품 전문 소매업,G47859,그 외 기타 분류 안된 상품 전문 소매업,11,서울특별시,11230,동대문구,11230545,제기동,1123010300,제기동,1123010300109300010,1,대지,930,10,서울특별시 동대문구 제기동 930-10,112303005030,서울특별시 동대문구 고산자로,477,,1123010300109300010031431,,서울특별시 동대문구 고산자로 477,130864,02570,,4,,127.038300265609,37.5822449489808
MA010120220810352450,엠케이컴퍼니,,G2,소매,G221,기타 상품 소매,G22199,그 외 기타 상품 전문 소매업,G47859,그 외 기타 분류 안된 상품 전문 소매업,48,경상남도,48121,창원시 의창구,48121540,봉림동,4812112500,사림동,4812112500100440001,1,대지,44,1,경상남도 창원시 의창구 사림동 44-1,481214781291,경상남도 창원시 의창구 사림로130번길,6,17,4812112500100440001011654,,경상남도 창원시 의창구 사림로130번길 6-17,641824,51151,,1,,128.68421992435,35.2439969624909
MA010120220810325165,행운유통,,G2,소매,G221,기타 상품 소매,G22199,그 외 기타 상품 전문 소매업,G47859,그 외 기타 분류 안된 상품 전문 소매업,31,울산광역시,31170,동구,31170510,방어동,3117010100,방어동,3117010100102730001,1,대지,273,1,울산광역시 동구 방어동 273-1,311703171002,울산광역시 동구 꽃바위로,290,,3117010100102730001013611,,울산광역시 동구 꽃바위로 290,682804,44109,,2,,129.420701689858,35.4843048564363
MA010120220810347011,더바른세상,,G2,소매,G221,기타 상품 소매,G22199,그 외 기타 상품 전문 소매업,G47859,그 외 기타 분류 안된 상품 전문 소매업,11,서울특별시,11710,송파구,11710642,문정2동,1171010800,문정동,1171010800106340000,1,대지,634,,서울특별시 송파구 문정동 634,117103123017,서울특별시 송파구 충민로,66,,1171010800105600000000001,가든파이브라이프동제티,서울특별시 송파구 충민로 66,138888,05838,,,,127.12496063833,37.4776148454472
MA010120220810322684,명인상사,,G2,소매,G221,기타 상품 소매,G22199,그 외 기타 상품 전문 소매업,G47859,그 외 기타 분류 안된 상품 전문 소매업,11,서울특별시,11530,구로구,11530530,구로2동,1153010200,구로동,1153010200112580000,1,대지,1258,,서울특별시 구로구 구로동 1258,115304148108,서울특별시 구로구 경인로53길,15,,1153010200112580000017234,중앙유통단지,서울특별시 구로구 경인로53길 15,152721,08217,,1,,126.876118294779,37.5020332748086
MA010120220810022943,멀티,,G2,소매,G221,기타 상품 소매,G22199,그 외 기타 상품 전문 소매업,G47859,그 외 기타 분류 안된 상품 전문 소매업,27,대구광역시,27140,동구,27140640,지저동,2714010800,지저동,2714010800106840005,1,대지,684,5,대구광역시 동구 지저동 684-5,271403007002,대구광역시 동구 공항로,250,,2714010800106840005000483,,대구광역시 동구 공항로 250,701853,41045,,,,128.639863600858,35.8962209820821
MA010120220810046871,허니갤러리,,G2,소매,G221,기타 상품 소매,G22199,그 외 기타 상품 전문 소매업,G47859,그 외 기타 분류 안된 상품 전문 소매업,11,서울특별시,11380,은평구,11380690,진관동,1138011400,진관동,1138011400102770017,1,대지,277,17,서울특별시 은평구 진관동 277-17,113804000001,서울특별시 은평구 대서문길,36,,1138011400100850000007809,북한산성,서울특별시 은평구 대서문길 36,122200,03307,,2,,126.948550450901,37.6554722424953
MA010120220810023292,백두인삼사,,G2,소매,G221,기타 상품 소매,G22199,그 외 기타 상품 전문 소매업,G47859,그 외 기타 분류 안된 상품 전문 소매업,47,경상북도,47210,영주시,47210250,풍기읍,4721025029,풍기읍,4721025029101450003,1,대지,145,3,경상북도 영주시 풍기읍 서부리 145-3,472103309053,경상북도 영주시 풍기읍 인삼로,8,,4721025029101450003011718,,경상북도 영주시 풍기읍 인삼로 8,750805,36024,,,,128.523612585866,36.8730277243237
MA010120220810061951,유옥농산,,G2,소매,G221,기타 상품 소매,G22199,그 외 기타 상품 전문 소매업,G47859,그 외 기타 분류 안된 상품 전문 소매업,47,경상북도,47920,봉화군,47920320,봉성면,4792032026,봉성면,4792032026102260002,1,대지,226,2,경상북도 봉화군 봉성면 금봉리 226-2,479204772061,경상북도 봉화군 봉성면 꿀덩이길,9,8,4792032026102260002000001,,경상북도 봉화군 봉성면 꿀덩이길 9-8,755851,36225,,,,128.789819338995,36.9391233416814
MA010120220810026231,광림브레이커,,G2,소매,G221,기타 상품 소매,G22199,그 외 기타 상품 전문 소매업,G47859,그 외 기타 분류 안된 상품 전문 소매업,43,충청북도,43114,청주시 청원구,43114550,오근장동,4311411100,외남동,4311411100101140002,1,대지,114,2,충청북도 청주시 청원구 외남동 114-2,431144508488,충청북도 청주시 청원구 외남로69번길,26,,4311113700101140002050713,,충청북도 청주시 청원구 외남로69번길 26,363565,28307,,,,127.487904945499,36.7007258683585
MA010120220810039258,조은홈케어,,G2,소매,G221,기타 상품 소매,G22199,그 외 기타 상품 전문 소매업,G47859,그 외 기타 분류 안된 상품 전문 소매업,48,경상남도,48123,창원시 성산구,48123520,중앙동,4812312500,중앙동,4812312500100260009,1,대지,26,9,경상남도 창원시 성산구 중앙동 26-9,481234784212,경상남도 창원시 성산구 원이대로538번길,29,26,4812312500100260009002400,,경상남도 창원시 성산구 원이대로538번길 29-26,642843,51517,,,,128.673575283863,35.2274360709095
MA010120220810031237,양키캔들대구,상인점,G2,소매,G221,기타 상품 소매,G22199,그 외 기타 상품 전문 소매업,G47813,"화장품, 비누 및 방향제 소매업",27,대구광역시,27290,달서구,27290624,상인1동,2729011500,상인동,2729011500115110000,1,대지,1511,,대구광역시 달서구 상인동 1511,272903147029,대구광역시 달서구 월곡로,266,,2729011500115110000010607,,대구광역시 달서구 월곡로 266,704808,42809,,,,128.538976302272,35.8181289297654
MA010120220810039727,케이제이케미칼,,G2,소매,G221,기타 상품 소매,G22199,그 외 기타 상품 전문 소매업,G47859,그 외 기타 분류 안된 상품 전문 소매업,48,경상남도,48250,김해시,48250320,주촌면,4825032024,주촌면,4825032024110820002,1,대지,1082,2,경상남도 김해시 주촌면 천곡리 1082-2,482504805527,경상남도 김해시 주촌면 서부로1638번길,135,,4825032024110820002062151,,경상남도 김해시 주촌면 서부로1638번길 135,621848,50968,,,,128.835410973704,35.2298841487959
MA010120220810047586,라임플러스구미지사,,G2,소매,G221,기타 상품 소매,G22199,그 외 기타 상품 전문 소매업,G47859,그 외 기타 분류 안된 상품 전문 소매업,47,경상북도,47190,구미시,47190582,형곡1동,4719010900,형곡동,4719010900101370006,1,대지,137,6,경상북도 구미시 형곡동 137-6,471904724918,경상북도 구미시 형곡로14길,4,,4719010900101370006025485,,경상북도 구미시 형곡로14길 4,730926,39292,,,,128.332111086731,36.1141806286505
MA010120220810037394,유한책임회사하이모대구달서지점,,G2,소매,G221,기타 상품 소매,G22199,그 외 기타 상품 전문 소매업,G47422,의복 액세서리 및 모조 장신구 소매업,27,대구광역시,27290,달서구,27290555,감삼동,2729011300,감삼동,2729011300101400032,1,대지,140,32,대구광역시 달서구 감삼동 140-32,272902007002,대구광역시 달서구 달구벌대로,1580,,2729011300101400032019511,길빌딩,대구광역시 달서구 달구벌대로 1580,704954,42642,,4,,128.539828065576,35.8507578686853
MA010120220810056975,용상석조물,,G2,소매,G221,기타 상품 소매,G22199,그 외 기타 상품 전문 소매업,G47859,그 외 기타 분류 안된 상품 전문 소매업,47,경상북도,47170,안동시,47170250,풍산읍,4717025030,풍산읍,4717025030108490001,1,대지,849,1,경상북도 안동시 풍산읍 노리 849-1,471704721955,경상북도 안동시 풍산읍 유곡길,149,,4717025030108490001091126,,경상북도 안동시 풍산읍 유곡길 149,760801,36621,,,,128.614684190327,36.5901750383489
MA010120220810055002,대우상회마대,,G2,소매,G221,기타 상품 소매,G22199,그 외 기타 상품 전문 소매업,G47859,그 외 기타 분류 안된 상품 전문 소매업,27,대구광역시,27170,서구,27170610,비산7동,2717010200,비산동,2717010200116310006,1,대지,1631,6,대구광역시 서구 비산동 1631-6,271703143006,대구광역시 서구 서대구로,329,1,2717010200116310006000001,,대구광역시 서구 서대구로 329-1,703824,41710,,,,128.557673330368,35.8876370911609
MA010120220810060061,강산비료,,G2,소매,G221,기타 상품 소매,G22199,그 외 기타 상품 전문 소매업,G47859,그 외 기타 분류 안된 상품 전문 소매업,46,전라남도,46840,무안군,46840360,해제면,4684036025,해제면,4684036025108940008,1,대지,894,8,전라남도 무안군 해제면 양매리 894-8,468403296024,전라남도 무안군 해제면 양간로,100,7,4684036025108940008002741,,전라남도 무안군 해제면 양간로 100-7,534874,58502,,,,126.298736551271,35.1136010005766
MA010120220810037660,한준케미칼,,G2,소매,G221,기타 상품 소매,G22199,그 외 기타 상품 전문 소매업,G47859,그 외 기타 분류 안된 상품 전문 소매업,11,서울특별시,11680,강남구,11680700,세곡동,1168011200,자곡동,1168011200104230002,1,대지,423,2,서울특별시 강남구 자곡동 423-2,116804166876,서울특별시 강남구 자곡로7길,8,4,1168011200104230002003920,,서울특별시 강남구 자곡로7길 8-4,135190,06372,,,,127.100060648347,37.4737912450487
MA010120220810037667,신화방재,,G2,소매,G221,기타 상품 소매,G22199,그 외 기타 상품 전문 소매업,G47859,그 외 기타 분류 안된 상품 전문 소매업,52,전북특별자치도,52113,전주시 덕진구,52113620,호성동,5211311700,호성동2가,5211311700104530002,1,대지,453,2,전북특별자치도 전주시 덕진구 호성동2가 453-2,521134601057,전북특별자치도 전주시 덕진구 농은길,36,,4511311700104530002000001,,전북특별자치도 전주시 덕진구 농은길 36,561212,54814,,,,127.147698921461,35.8813718856791
MA010120220810022378,제이에스,,G2,소매,G221,기타 상품 소매,G22199,그 외 기타 상품 전문 소매업,G47859,그 외 기타 분류 안된 상품 전문 소매업,51,강원특별자치도,51720,홍천군,51720250,홍천읍,5172025026,홍천읍,5172025026105140002,1,대지,514,2,강원특별자치도 홍천군 홍천읍 와동리 514-2,517203225041,강원특별자치도 홍천군 홍천읍 와동로,52,,4272025026105140002031754,,강원특별자치도 홍천군 홍천읍 와동로 52,250802,25127,,,,127.928777794297,37.719037761375
MA010120220810043378,묵석원,,G2,소매,G221,기타 상품 소매,G22199,그 외 기타 상품 전문 소매업,G47859,그 외 기타 분류 안된 상품 전문 소매업,50,제주특별자치도,50110,제주시,50110650,연동,5011013700,연동,5011013700102720033,1,대지,272,33,제주특별자치도 제주시 연동 272-33,501104848086,제주특별자치도 제주시 신대로12길,51,,5011013700102720033009223,로얄쇼핑센터,제주특별자치도 제주시 신대로12길 51,690720,63124,,1,,126.491107960475,33.4885733076431
MA010120220810046412,보국농산,,G2,소매,G221,기타 상품 소매,G22199,그 외 기타 상품 전문 소매업,G47859,그 외 기타 분류 안된 상품 전문 소매업,47,경상북도,47280,문경시,47280600,점촌4동,4728010600,신기동,4728010600100880040,1,대지,88,40,경상북도 문경시 신기동 88-40,472804736400,경상북도 문경시 신기1길,62,8,4728010600100880040007259,,경상북도 문경시 신기1길 62-8,745060,36988,,,,128.169281308169,36.636602430935
MA010120220810025212,고향믿음유기질비료,,G2,소매,G221,기타 상품 소매,G22199,그 외 기타 상품 전문 소매업,G47859,그 외 기타 분류 안된 상품 전문 소매업,46,전라남도,46820,해남군,46820400,황산면,4682040030,황산면,4682040030107730006,1,대지,773,6,전라남도 해남군 황산면 외입리 773-6,468204682431,전라남도 해남군 황산면 외입길,125,17,4682040030107730006000001,,전라남도 해남군 황산면 외입길 125-17,536863,59006,,,,126.404453454417,34.5586574289645
MA010120220810048902,수성태양광,,G2,소매,G221,기타 상품 소매,G22199,그 외 기타 상품 전문 소매업,G47859,그 외 기타 분류 안된 상품 전문 소매업,48,경상남도,48840,남해군,48840380,설천면,4884038025,설천면,4884038025105870007,1,대지,587,7,경상남도 남해군 설천면 남양리 587-7,488404829369,경상남도 남해군 설천면 창남로283번길,9,2,4884038025105870007040127,,경상남도 남해군 설천면 창남로283번길 9-2,668891,52401,,,,127.894569314692,34.927210796289
MA010120220810032859,OK안전소방그린환경,,G2,소매,G221,기타 상품 소매,G22199,그 외 기타 상품 전문 소매업,G47859,그 외 기타 분류 안된 상품 전문 소매업,11,서울특별시,11215,광진구,11215740,중곡1동,1121510100,중곡동,1121510100106250013,1,대지,625,13,서울특별시 광진구 중곡동 625-13,112154112225,서울특별시 광진구 동일로64길,20,,1121510100106250013005307,,서울특별시 광진구 동일로64길 20,143912,04917,,,,127.075774669215,37.5604948421663
MA010120220810043929,샬롬농산,,G2,소매,G221,기타 상품 소매,G22199,그 외 기타 상품 전문 소매업,G47859,그 외 기타 분류 안된 상품 전문 소매업,43,충청북도,43760,괴산군,43760310,감물면,4376031026,감물면,4376031026104500001,1,대지,450,1,충청북도 괴산군 감물면 광전리 450-1,437604538067,충청북도 괴산군 감물면 광전5길,51,9,4376031026104500001101999,,충청북도 괴산군 감물면 광전5길 51-9,367891,28006,,,,127.882861123658,36.8274969175583
MA010120220810089414,갤러리펀몽,,G2,소매,G221,기타 상품 소매,G22199,그 외 기타 상품 전문 소매업,G47859,그 외 기타 분류 안된 상품 전문 소매업,26,부산광역시,26380,사하구,26380630,감천2동,2638010800,감천동,2638010800100130528,1,대지,13,528,부산광역시 사하구 감천동 13-528,263803006012,부산광역시 사하구 옥천로,80,1,2638010800100130528028153,,부산광역시 사하구 옥천로 80-1,604801,49367,,,,129.009811238736,35.0934514577357
MA010120220810103335,대웅,,G2,소매,G221,기타 상품 소매,G22199,그 외 기타 상품 전문 소매업,G47859,그 외 기타 분류 안된 상품 전문 소매업,51,강원특별자치도,51130,원주시,51130550,단구동,5113010700,단구동,5113010700101910005,1,대지,191,5,강원특별자치도 원주시 단구동 191-5,511303219003,강원특별자치도 원주시 강변로,251,,4213010700101910005006741,,강원특별자치도 원주시 강변로 251,220940,26451,,,,127.961632040879,37.3301862795049
MA010120220810087123,성심소방엔지니어링,,G2,소매,G221,기타 상품 소매,G22199,그 외 기타 상품 전문 소매업,G47859,그 외 기타 분류 안된 상품 전문 소매업,41,경기도,41133,성남시 중원구,41133570,상대원1동,4113310500,상대원동,4113310500101460008,1,대지,146,8,경기도 성남시 중원구 상대원동 146-8,411334337205,경기도 성남시 중원구 사기막골로45번길,14,,4113310500101460008014823,제,경기도 성남시 중원구 사기막골로45번길 14,462807,13209,,13,,127.169853010805,37.4367159824391
MA010120220810087127,다홍생활,,G2,소매,G221,기타 상품 소매,G22199,그 외 기타 상품 전문 소매업,G47859,그 외 기타 분류 안된 상품 전문 소매업,11,서울특별시,11530,구로구,11530540,구로3동,1153010200,구로동,1153010200102370000,1,대지,237,,서울특별시 구로구 구로동 237,115303000026,서울특별시 구로구 디지털로,243,,1153010200102370000022537,지하이시티,서울특별시 구로구 디지털로 243,152848,08382,,,,126.892341926918,37.4819927600035
MA010120220810095620,마리텔아중점,,G2,소매,G221,기타 상품 소매,G22199,그 외 기타 상품 전문 소매업,G47859,그 외 기타 분류 안된 상품 전문 소매업,52,전북특별자치도,52113,전주시 덕진구,52113612,우아2동,5211311400,우아동2가,5211311400109140001,1,대지,914,1,전북특별자치도 전주시 덕진구 우아동2가 914-1,521133267043,전북특별자치도 전주시 덕진구 아중중앙로,17,,4511311400109140001027880,,전북특별자치도 전주시 덕진구 아중중앙로 17,561222,55023,,1,,127.172106213504,35.8298687665678
MA010120220810076285,구름과자,,G2,소매,G221,기타 상품 소매,G22199,그 외 기타 상품 전문 소매업,G47859,그 외 기타 분류 안된 상품 전문 소매업,27,대구광역시,27230,북구,27230735,태전2동,2723012600,태전동,2723012600108170002,1,대지,817,2,대구광역시 북구 태전동 817-2,272303145052,대구광역시 북구 학정로,62,,2723012600108170002000001,,대구광역시 북구 학정로 62,702865,41484,,1,,128.54967279432,35.9135043373583
MA010120220810076427,약초산방,,G2,소매,G221,기타 상품 소매,G22199,그 외 기타 상품 전문 소매업,G47859,그 외 기타 분류 안된 상품 전문 소매업,41,경기도,41830,양평군,41830310,강상면,4183031021,강상면,4183031021100880000,1,대지,88,,경기도 양평군 강상면 병산리 88,418303217033,경기도 양평군 강상면 강남로,756,,4183031021100880000010200,,경기도 양평군 강상면 강남로 756,476913,12571,,,,127.46210751634,37.4929862801184
MA010120220810101155,힐링스킨바디,,G2,소매,G221,기타 상품 소매,G22199,그 외 기타 상품 전문 소매업,G47859,그 외 기타 분류 안된 상품 전문 소매업,36,세종특별자치시,36110,세종특별자치시,36110540,종촌동,3611011100,종촌동,3611011100106720000,1,대지,672,,세종특별자치시 세종특별자치시 종촌동 672,361103258080,세종특별자치시 세종특별자치시 도움1로,106,,3611011100106720000000001,메가시티,세종특별자치시 세종특별자치시 도움1로 106,339013,30064,,7,,127.248124929699,36.5028196741882
MA010120220810087454,계방산청정약초협동조합,,G2,소매,G221,기타 상품 소매,G22199,그 외 기타 상품 전문 소매업,G47859,그 외 기타 분류 안된 상품 전문 소매업,51,강원특별자치도,51720,홍천군,51720390,내면,5172039021,내면,5172039021105040000,1,대지,504,,강원특별자치도 홍천군 내면 창촌리 504,517204475384,강원특별자치도 홍천군 내면 소한동길,415,,4272039021105040000000001,,강원특별자치도 홍천군 내면 소한동길 415,250846,25171,,,,128.433904866567,37.7811916312446
MA010120220810098372,사계절자연산약초,,G2,소매,G221,기타 상품 소매,G22199,그 외 기타 상품 전문 소매업,G47859,그 외 기타 분류 안된 상품 전문 소매업,46,전라남도,46110,목포시,46110640,동명동,4611010200,산정동,4611010200113180010,1,대지,1318,10,전라남도 목포시 산정동 1318-10,461104643121,전라남도 목포시 동명주택길9번길,1,,4611010200113180010024163,,전라남도 목포시 동명주택길9번길 1,530816,58739,,,,126.397248369965,34.7909885706085
MA010120220810099057,빔즈,,G2,소매,G221,기타 상품 소매,G22199,그 외 기타 상품 전문 소매업,G47422,의복 액세서리 및 모조 장신구 소매업,48,경상남도,48170,진주시,48170695,초장동,4817012300,장재동,4817012300103840002,1,대지,384,2,경상남도 진주시 장재동 384-2,481703332081,경상남도 진주시 진산로,262,,4817012300103840002000001,,경상남도 진주시 진산로 262,660380,52731,,2,,128.102563434582,35.2102180899686
MA010120220810101956,현대종묘사,,G2,소매,G221,기타 상품 소매,G22199,그 외 기타 상품 전문 소매업,G47859,그 외 기타 분류 안된 상품 전문 소매업,51,강원특별자치도,51170,동해시,51170570,발한동,5117011100,발한동,5117011100102990005,1,대지,299,5,강원특별자치도 동해시 발한동 299-5,511703221018,강원특별자치도 동해시 발한로,244,,4217011100002990005017377,부흥농자재마트,강원특별자치도 동해시 발한로 244,240802,25720,,,,129.107327202475,37.5507725809538
MA010120220810103833,랩가이드CS,,G2,소매,G221,기타 상품 소매,G22199,그 외 기타 상품 전문 소매업,G47859,그 외 기타 분류 안된 상품 전문 소매업,41,경기도,41210,광명시,41210655,일직동,4121010600,일직동,4121010600105140000,1,대지,514,,경기도 광명시 일직동 514,412103182031,경기도 광명시 일직로,43,,4121010600105140000000001,제,경기도 광명시 일직로 43,423090,14353,,18,,126.886947562971,37.4227731509461
MA010120220810063775,그린E&C,,G2,소매,G221,기타 상품 소매,G22199,그 외 기타 상품 전문 소매업,G47859,그 외 기타 분류 안된 상품 전문 소매업,28,인천광역시,28245,계양구,28245612,계산2동,2824510200,계산동,2824510200109290000,1,대지,929,,인천광역시 계양구 계산동 929,282453155036,인천광역시 계양구 하느재로,4,,2824510200109290000198180,,인천광역시 계양구 하느재로 4,407805,21040,,,,126.725087946396,37.5439181109656
MA010120220810069321,금산수삼센터도매17호신선삼,,G2,소매,G221,기타 상품 소매,G22199,그 외 기타 상품 전문 소매업,G47859,그 외 기타 분류 안된 상품 전문 소매업,44,충청남도,44710,금산군,44710250,금산읍,4471025022,금산읍,4471025022100240000,1,대지,24,,충청남도 금산군 금산읍 중도리 24,447103257044,충청남도 금산군 금산읍 인삼약초로,24,,4471025022100240000017736,금산인삼수삼센터,충청남도 금산군 금산읍 인삼약초로 24,312806,32739,,,,127.496457788994,36.1001012577521
MA010120220810074587,동동컴퍼니좋은친구들충주점,,G2,소매,G221,기타 상품 소매,G22199,그 외 기타 상품 전문 소매업,G47859,그 외 기타 분류 안된 상품 전문 소매업,43,충청북도,43130,충주시,43130630,연수동,4313011800,연수동,4313011800108670000,1,대지,867,,충청북도 충주시 연수동 867,431304515021,충청북도 충주시 연수상가4길,14,,4313011800108670000018404,,충청북도 충주시 연수상가4길 14,380963,27347,,1,,127.929728020623,36.9886101603276
MA010120220810069558,경산농약,백화점,G2,소매,G221,기타 상품 소매,G22199,그 외 기타 상품 전문 소매업,G47859,그 외 기타 분류 안된 상품 전문 소매업,47,경상북도,47290,경산시,47290330,자인면,4729033022,자인면,4729033022106160006,1,대지,616,6,경상북도 경산시 자인면 서부리 616-6,472903313087,경상북도 경산시 자인면 원효로,735,,4729033022106160006056031,,경상북도 경산시 자인면 원효로 735,712853,38549,,,,128.814517151541,35.815744255088
MA010120220810099381,황토농약할인마트,,G2,소매,G221,기타 상품 소매,G22199,그 외 기타 상품 전문 소매업,G47859,그 외 기타 분류 안된 상품 전문 소매업,46,전라남도,46840,무안군,46840370,운남면,4684037023,운남면,4684037023104620018,1,대지,462,18,전라남도 무안군 운남면 연리 462-18,468403296029,전라남도 무안군 운남면 운해로,621,,4684037023104620018000001,,전라남도 무안군 운남면 운해로 621,534861,58537,,,,126.344612027272,34.9623665559088
MA010120220810099569,이즐리하우스,,G2,소매,G221,기타 상품 소매,G22199,그 외 기타 상품 전문 소매업,G47859,그 외 기타 분류 안된 상품 전문 소매업,46,전라남도,46110,목포시,46110535,연동,4611010200,산정동,4611010200100460011,1,대지,46,11,전라남도 목포시 산정동 46-11,461104643094,전라남도 목포시 돌산길,9,,4611010200100460011026982,,전라남도 목포시 돌산길 9,530806,58708,,,,126.391162088995,34.799945196178
MA010120220810091537,조종농약사,,G2,소매,G221,기타 상품 소매,G22199,그 외 기타 상품 전문 소매업,G47859,그 외 기타 분류 안된 상품 전문 소매업,41,경기도,41820,가평군,41820345,조종면,4182034521,조종면,4182034521102640048,1,대지,264,48,경기도 가평군 조종면 현리 264-48,418204448296,경기도 가평군 조종면 현창로38번길,9,,4182034021102640048016421,,경기도 가평군 조종면 현창로38번길 9,477834,12437,,,,127.348775816554,37.8190607314687
MA010120220810105452,강화인삼세터,,G2,소매,G221,기타 상품 소매,G22199,그 외 기타 상품 전문 소매업,G47859,그 외 기타 분류 안된 상품 전문 소매업,28,인천광역시,28710,강화군,28710250,강화읍,2871025025,강화읍,2871025025108440001,1,대지,844,1,인천광역시 강화군 강화읍 갑곳리 844-1,287102157001,인천광역시 강화군 강화읍 강화대로,335,,2871025025108460000002454,,인천광역시 강화군 강화읍 강화대로 335,417942,23027,,1,,126.492519372773,37.7422091046471
MA010120220810097340,유한책임회사하이모하,남지점,G2,소매,G221,기타 상품 소매,G22199,그 외 기타 상품 전문 소매업,G47422,의복 액세서리 및 모조 장신구 소매업,41,경기도,41450,하남시,41450610,미사1동,4145010900,망월동,4145010900111160000,1,대지,1116,,경기도 하남시 망월동 1116,414503202059,경기도 하남시 미사강변동로,81,,4145010900111160000000001,큐브앤타워,경기도 하남시 미사강변동로 81,465150,12913,,3,,127.19258177833,37.5622091362609
MA010120220810070338,조은상사,,G2,소매,G221,기타 상품 소매,G22199,그 외 기타 상품 전문 소매업,G47519,"페인트, 창호 및 기타 건설자재 소매업",51,강원특별자치도,51730,횡성군,51730250,횡성읍,5173025045,횡성읍,5173025045100120000,1,대지,12,,강원특별자치도 횡성군 횡성읍 추동리 12,517303226086,강원특별자치도 횡성군 횡성읍 한우로,794,1,4273025045100120000000001,,강원특별자치도 횡성군 횡성읍 한우로 794-1,225806,25213,,,,128.036815319154,37.4927729517869
MA010120220810062217,정직한가발아이모,강동점,G2,소매,G221,기타 상품 소매,G22199,그 외 기타 상품 전문 소매업,G47859,그 외 기타 분류 안된 상품 전문 소매업,11,서울특별시,11740,강동구,11740685,길동,1174010500,길동,1174010500104540001,1,대지,454,1,서울특별시 강동구 길동 454-1,117402000008,서울특별시 강동구 천호대로,1121,,1174010500104540001003206,일성하이츠오피스텔,서울특별시 강동구 천호대로 1121,134814,05355,,11,,127.136359636741,37.5352124666394
MA010120220810132716,삼정농약종묘사,,G2,소매,G221,기타 상품 소매,G22199,그 외 기타 상품 전문 소매업,G47859,그 외 기타 분류 안된 상품 전문 소매업,47,경상북도,47111,포항시 남구,47111250,구룡포읍,4711125021,구룡포읍,4711125021109630237,1,대지,963,237,경상북도 포항시 남구 구룡포읍 구룡포리 963-237,471114709692,경상북도 포항시 남구 구룡포읍 호미로221번길,5,2,4711125021109630237064478,,경상북도 포항시 남구 구룡포읍 호미로221번길 5-2,790801,37933,,,,129.554579552036,35.9897268677136
MA010120220810140810,대성타운,,G2,소매,G221,기타 상품 소매,G22199,그 외 기타 상품 전문 소매업,G47859,그 외 기타 분류 안된 상품 전문 소매업,51,강원특별자치도,51790,화천군,51790330,상서면,5179033028,상서면,5179033028107380073,1,대지,738,73,강원특별자치도 화천군 상서면 산양리 738-73,517903013022,강원특별자치도 화천군 상서면 영서로,7709,,4279033028007380072003165,대성타운,강원특별자치도 화천군 상서면 영서로 7709,209815,24101,,,,127.662115759137,38.2066402828021
MA010120220810115134,개성상단삼,,G2,소매,G221,기타 상품 소매,G22199,그 외 기타 상품 전문 소매업,G47859,그 외 기타 분류 안된 상품 전문 소매업,47,경상북도,47210,영주시,47210600,휴천2동,4721010400,휴천동,4721010400106420400,1,대지,642,400,경상북도 영주시 휴천동 642-400,472103309064,경상북도 영주시 지천로,184,,4721010400106420401010913,,경상북도 영주시 지천로 184,750052,36108,,,,128.62041141846,36.8164344292397
MA010120220810138540,태경안전산업,,G2,소매,G221,기타 상품 소매,G22199,그 외 기타 상품 전문 소매업,G47859,그 외 기타 분류 안된 상품 전문 소매업,29,광주광역시,29140,서구,29140745,치평동,2914012000,치평동,2914012000111810002,1,대지,1181,2,광주광역시 서구 치평동 1181-2,291403160023,광주광역시 서구 상무중앙로,57,,2914012000111810002003675,,광주광역시 서구 상무중앙로 57,502827,61950,,4,,126.847847217925,35.1521202400046
MA010120220810120862,러브샵,,G2,소매,G221,기타 상품 소매,G22199,그 외 기타 상품 전문 소매업,G47859,그 외 기타 분류 안된 상품 전문 소매업,41,경기도,41220,평택시,41220570,신장1동,4122011200,신장동,4122011200103030007,1,대지,303,7,경기도 평택시 신장동 303-7,412204364351,경기도 평택시 쇼핑로9번길,8,,4122011200103030007009503,,경기도 평택시 쇼핑로9번길 8,459120,17758,,,,127.050597609435,37.0809332850437
MA010120220810125887,골드문,,G2,소매,G221,기타 상품 소매,G22199,그 외 기타 상품 전문 소매업,G47859,그 외 기타 분류 안된 상품 전문 소매업,41,경기도,41281,고양시 덕양구,41281530,흥도동,4128110400,원흥동,4128110400106290001,1,대지,629,1,경기도 고양시 덕양구 원흥동 629-1,412813192032,경기도 고양시 덕양구 삼송로,12,,4128110400106290001000001,반도유스퀘어,경기도 고양시 덕양구 삼송로 12,412040,10564,,3,,126.875545025427,37.6495704363779
MA010120220810127879,비스타,,G2,소매,G221,기타 상품 소매,G22199,그 외 기타 상품 전문 소매업,G47859,그 외 기타 분류 안된 상품 전문 소매업,47,경상북도,47113,포항시 북구,47113700,장량동,4711312100,장성동,4711312100114970003,1,대지,1497,3,경상북도 포항시 북구 장성동 1497-3,471134712192,경상북도 포항시 북구 법원로129번길,5,,4711312100114970003112639,,경상북도 포항시 북구 법원로129번길 5,791851,37579,,1,,129.385428718671,36.0865356571517
MA010120220810138916,알콩,,G2,소매,G221,기타 상품 소매,G22199,그 외 기타 상품 전문 소매업,G47859,그 외 기타 분류 안된 상품 전문 소매업,11,서울특별시,11650,서초구,11650530,서초3동,1165010800,서초동,1165010800116000007,1,대지,1600,7,서울특별시 서초구 서초동 1600-7,116503121024,서울특별시 서초구 서초중앙로,49,,1165010800116000007022084,,서울특별시 서초구 서초중앙로 49,137953,06654,,,,127.015117294117,37.4861674599765
MA010120220810120932,은해불교사,,G2,소매,G221,기타 상품 소매,G22199,그 외 기타 상품 전문 소매업,G47859,그 외 기타 분류 안된 상품 전문 소매업,47,경상북도,47230,영천시,47230540,완산동,4723011300,완산동,4723011300109050013,1,대지,905,13,경상북도 영천시 완산동 905-13,472304730503,경상북도 영천시 완산중앙3길,23,1,4723011300109050013010164,,경상북도 영천시 완산중앙3길 23-1,770905,38890,,,,128.93720475,35.9623193900162
MA010120220810136641,여행천재,,G2,소매,G221,기타 상품 소매,G22199,그 외 기타 상품 전문 소매업,G47859,그 외 기타 분류 안된 상품 전문 소매업,11,서울특별시,11350,노원구,11350665,상계3.4동,1135010500,상계동,1135010500101080001,1,대지,108,1,서울특별시 노원구 상계동 108-1,113503000004,서울특별시 노원구 덕릉로,804,,1135010500101080001006484,대림프라자,서울특별시 노원구 덕릉로 804,139812,01646,,,,127.080055511425,37.6685745827618
MA010120220810141908,미래유통,,G2,소매,G221,기타 상품 소매,G22199,그 외 기타 상품 전문 소매업,G47859,그 외 기타 분류 안된 상품 전문 소매업,27,대구광역시,27170,서구,27170610,비산7동,2717010200,비산동,2717010200112530014,1,대지,1253,14,대구광역시 서구 비산동 1253-14,271703143006,대구광역시 서구 서대구로,360,,2717010200112530014025465,,대구광역시 서구 서대구로 360,703820,41713,,1,,128.560746116064,35.8884713032858
MA010120220810144552,엘텍,,G2,소매,G221,기타 상품 소매,G22199,그 외 기타 상품 전문 소매업,G47859,그 외 기타 분류 안된 상품 전문 소매업,41,경기도,41173,안양시 동안구,41173559,인덕원동,4117310200,관양동,4117310200109540006,1,대지,954,6,경기도 안양시 동안구 관양동 954-6,411734349232,경기도 안양시 동안구 흥안대로427번길,38,,4117310200109540006000001,인덕원성지스타위드,경기도 안양시 동안구 흥안대로427번길 38,431804,14059,,,,126.972287316027,37.3929641506366
MA010120220810113261,에스엠소방,,G2,소매,G221,기타 상품 소매,G22199,그 외 기타 상품 전문 소매업,G47859,그 외 기타 분류 안된 상품 전문 소매업,47,경상북도,47850,칠곡군,47850253,북삼읍,4785025325,북삼읍,4785025325106570011,1,대지,657,11,경상북도 칠곡군 북삼읍 인평리 657-11,478503322008,경상북도 칠곡군 북삼읍 북삼로,122,,4785025325106700000000002,,경상북도 칠곡군 북삼읍 북삼로 122,718844,39801,,,,128.336425676339,36.0699134214645
MA010120220810107898,피디에스,,G2,소매,G221,기타 상품 소매,G22199,그 외 기타 상품 전문 소매업,G47859,그 외 기타 분류 안된 상품 전문 소매업,41,경기도,41610,광주시,41610510,경안동,4161011200,역동,4161011200101390041,1,대지,139,41,경기도 광주시 역동 139-41,416103211018,경기도 광주시 역동로,71,16,4161011200101390041000573,,경기도 광주시 역동로 71-16,464807,12778,,,,127.256208583242,37.4018441966781
MA010120220810132103,그린산업안전,,G2,소매,G221,기타 상품 소매,G22199,그 외 기타 상품 전문 소매업,G47859,그 외 기타 분류 안된 상품 전문 소매업,51,강원특별자치도,51170,동해시,51170520,송정동,5117010300,송정동,5117010300111320004,1,대지,1132,4,강원특별자치도 동해시 송정동 1132-4,511703221014,강원특별자치도 동해시 대동로,261,15,4217010300111320004000001,,강원특별자치도 동해시 대동로 261-15,240806,25785,,,,129.123006777756,37.4924323287988
MA010120220810145234,가든에이지엠,,G2,소매,G221,기타 상품 소매,G22199,그 외 기타 상품 전문 소매업,G47859,그 외 기타 분류 안된 상품 전문 소매업,11,서울특별시,11320,도봉구,11320681,쌍문4동,1132010500,쌍문동,1132010500100540000,1,대지,54,,서울특별시 도봉구 쌍문동 54,113203109003,서울특별시 도봉구 해등로,242,18,1132010500100540000004351,현대아파트,서울특별시 도봉구 해등로 242-18,132779,01387,,,,127.029919090189,37.6586871641424
MA010120220810129190,인수당유통,,G2,소매,G221,기타 상품 소매,G22199,그 외 기타 상품 전문 소매업,G47859,그 외 기타 분류 안된 상품 전문 소매업,11,서울특별시,11230,동대문구,11230545,제기동,1123010300,제기동,1123010300111090009,1,대지,1109,9,서울특별시 동대문구 제기동 1109-9,112304115259,서울특별시 동대문구 약령중앙로4길,7,,1123010300111090009031635,,서울특별시 동대문구 약령중앙로4길 7,130864,02570,,1,,127.03739343695,37.5800107754332
MA010120220810134737,사포마켓,,G2,소매,G221,기타 상품 소매,G22199,그 외 기타 상품 전문 소매업,G47859,그 외 기타 분류 안된 상품 전문 소매업,48,경상남도,48127,창원시 마산회원구,48127620,봉암동,4812710300,봉암동,4812710300104710011,1,대지,471,11,경상남도 창원시 마산회원구 봉암동 471-11,481273330008,경상남도 창원시 마산회원구 봉암공단로,6,,4812710300104710011051556,산업용재공구상사,경상남도 창원시 마산회원구 봉암공단로 6,630803,51341,,1,,128.599590671364,35.2184239005035
MA010120220810105821,선경화공,,G2,소매,G221,기타 상품 소매,G22199,그 외 기타 상품 전문 소매업,G47859,그 외 기타 분류 안된 상품 전문 소매업,26,부산광역시,26140,서구,26140640,충무동,2614012000,충무동1가,2614012000100380014,1,대지,38,14,부산광역시 서구 충무동1가 38-14,261402126001,부산광역시 서구 충무대로,261,1,2614012000100380014013826,,부산광역시 서구 충무대로 261-1,602011,49253,,2,,129.023727413323,35.0939859015731
MA010120220810168833,대명농자재,,G2,소매,G221,기타 상품 소매,G22199,그 외 기타 상품 전문 소매업,G47859,그 외 기타 분류 안된 상품 전문 소매업,41,경기도,41173,안양시 동안구,41173578,귀인동,4117310300,평촌동,4117310300109340001,1,대지,934,1,경기도 안양시 동안구 평촌동 934-1,411732000018,경기도 안양시 동안구 흥안대로,313,,4117310300109340001004822,관리동,경기도 안양시 동안구 흥안대로 313,431802,14104,,1,,126.970484322752,37.3831065204818
MA010120220810156238,마이티베이프,,G2,소매,G221,기타 상품 소매,G22199,그 외 기타 상품 전문 소매업,G47859,그 외 기타 분류 안된 상품 전문 소매업,41,경기도,41390,시흥시,41390581,군자동,4139012700,거모동,4139012700117260010,1,대지,1726,10,경기도 시흥시 거모동 1726-10,413904397073,경기도 시흥시 군자로481번길,2,,4139012700117260010009280,,경기도 시흥시 군자로481번길 2,429801,15068,,1,,126.784155974712,37.3469623304497
MA010120220810148155,수삼연쇄점,,G2,소매,G221,기타 상품 소매,G22199,그 외 기타 상품 전문 소매업,G47859,그 외 기타 분류 안된 상품 전문 소매업,36,세종특별자치시,36110,세종특별자치시,36110250,조치원읍,3611025021,조치원읍,3611025021100050003,1,대지,5,3,세종특별자치시 세종특별자치시 조치원읍 원리 5-3,361104574471,세종특별자치시 세종특별자치시 조치원읍 조치원6길,13,2,4473025021100050003038779,,세종특별자치시 세종특별자치시 조치원읍 조치원6길 13-2,339883,30027,,,,127.299681693091,36.6008181748697
MA010120220810183018,뽀빠이,,G2,소매,G221,기타 상품 소매,G22199,그 외 기타 상품 전문 소매업,G47859,그 외 기타 분류 안된 상품 전문 소매업,30,대전광역시,30110,동구,30110665,성남동,3011011600,성남동,3011011600102000210,1,대지,200,210,대전광역시 동구 성남동 200-210,301103010001,대전광역시 동구 계족로,371,,3011011600102000210009113,,대전광역시 동구 계족로 371,300819,34580,,1,,127.433131185266,36.3450206308879
MA010120220810188094,선양약초,,G2,소매,G221,기타 상품 소매,G22199,그 외 기타 상품 전문 소매업,G47859,그 외 기타 분류 안된 상품 전문 소매업,52,전북특별자치도,52130,군산시,52130530,월명동,5213011200,선양동,5213011200102240005,1,대지,224,5,전북특별자치도 군산시 선양동 224-5,521303268088,전북특별자치도 군산시 월명로,427,1,4513011200102240005022320,,전북특별자치도 군산시 월명로 427-1,573060,54117,,,,126.71324500371,35.981374417311
MA010120220810167102,이엔,,G2,소매,G221,기타 상품 소매,G22199,그 외 기타 상품 전문 소매업,G47859,그 외 기타 분류 안된 상품 전문 소매업,41,경기도,41590,화성시,41590262,남양읍,4159026221,남양읍,4159026221112760005,1,대지,1276,5,경기도 화성시 남양읍 남양리 1276-5,415903210017,경기도 화성시 남양읍 남양시장로,105,,4159010100112760005303377,,경기도 화성시 남양읍 남양시장로 105,445851,18258,,,,126.820560223817,37.2109933383823
MA010120220810164706,플라워베이,,G2,소매,G221,기타 상품 소매,G22199,그 외 기타 상품 전문 소매업,G47859,그 외 기타 분류 안된 상품 전문 소매업,41,경기도,41610,광주시,41610340,퇴촌면,4161034025,퇴촌면,4161034025105680003,1,대지,568,3,경기도 광주시 퇴촌면 도수리 568-3,416104433135,경기도 광주시 퇴촌면 도지울길12번길,10,,4161034025105680003004703,,경기도 광주시 퇴촌면 도지울길12번길 10,464982,12711,,3,,127.31593805236,37.4731499431852
MA010120220810183371,황금유통,,G2,소매,G221,기타 상품 소매,G22199,그 외 기타 상품 전문 소매업,G47859,그 외 기타 분류 안된 상품 전문 소매업,28,인천광역시,28237,부평구,28237540,부평4동,2823710100,부평동,2823710100102520049,1,대지,252,49,인천광역시 부평구 부평동 252-49,282374262429,인천광역시 부평구 부흥로304번길,35,7,2823710100102520049103168,제일상가,인천광역시 부평구 부흥로304번길 35-7,403820,21391,,1,,126.726199568499,37.4967443162457
MA010120220810170043,엘로사리움제주,,G2,소매,G221,기타 상품 소매,G22199,그 외 기타 상품 전문 소매업,G47859,그 외 기타 분류 안된 상품 전문 소매업,50,제주특별자치도,50110,제주시,50110530,이도1동,5011010300,이도일동,5011010300113880003,1,대지,1388,3,제주특별자치도 제주시 이도일동 1388-3,501104847168,제주특별자치도 제주시 관덕로8길,13,,5011010300113880003022991,,제주특별자치도 제주시 관덕로8길 13,690829,63168,,,,126.523604660698,33.5119184896643
MA010120220810180672,주니캔들,혁신점,G2,소매,G221,기타 상품 소매,G22199,그 외 기타 상품 전문 소매업,G47859,그 외 기타 분류 안된 상품 전문 소매업,51,강원특별자치도,51130,원주시,51130675,반곡관설동,5113011700,반곡동,5113011700119030005,1,대지,1903,5,강원특별자치도 원주시 반곡동 1903-5,511303219088,강원특별자치도 원주시 황금로,6,,4213011700119030005000001,,강원특별자치도 원주시 황금로 6,220170,26462,,,,127.987074066654,37.3275080172579
MA010120220810149034,우리유통,,G2,소매,G221,기타 상품 소매,G22199,그 외 기타 상품 전문 소매업,G47859,그 외 기타 분류 안된 상품 전문 소매업,41,경기도,41131,성남시 수정구,41131510,신흥1동,4113110100,신흥동,4113110100156340000,1,대지,5634,,경기도 성남시 수정구 신흥동 5634,411314334368,경기도 성남시 수정구 수정로154번길,9,,4113110100156340000005279,,경기도 성남시 수정구 수정로154번길 9,461864,13339,,2,,127.137670078469,37.4416954079496
MA010120220810172790,유림유통,,G2,소매,G221,기타 상품 소매,G22199,그 외 기타 상품 전문 소매업,G47859,그 외 기타 분류 안된 상품 전문 소매업,41,경기도,41150,의정부시,41150510,의정부1동,4115010100,의정부동,4115010100102350008,1,대지,235,8,경기도 의정부시 의정부동 235-8,411503215066,경기도 의정부시 평화로,651,,4115010100102350008010249,,경기도 의정부시 평화로 651,480844,11686,,1,,127.044616041554,37.750050373098
MA010120220810183809,성남불교,백화점,G2,소매,G221,기타 상품 소매,G22199,그 외 기타 상품 전문 소매업,G47859,그 외 기타 분류 안된 상품 전문 소매업,41,경기도,41131,성남시 수정구,41131580,수진2동,4113110300,수진동,4113110300133980000,1,대지,3398,,경기도 성남시 수정구 수진동 3398,411313179021,경기도 성남시 수정구 제일로,143,,4113110300133980000027313,,경기도 성남시 수정구 제일로 143,461872,13317,,1,,127.132332123342,37.439268765435
MA010120220810157480,천해에너지,,G2,소매,G221,기타 상품 소매,G22199,그 외 기타 상품 전문 소매업,G47859,그 외 기타 분류 안된 상품 전문 소매업,48,경상남도,48250,김해시,48250630,장유3동,4825013100,율하동,4825013100112990005,1,대지,1299,5,경상남도 김해시 율하동 1299-5,482503335047,경상남도 김해시 율하2로,58,,4825031029112990005000001,,경상남도 김해시 율하2로 58,621320,51019,,,,128.808241877951,35.1725982591679
MA010120220810172956,한일모,,G2,소매,G221,기타 상품 소매,G22199,그 외 기타 상품 전문 소매업,G47422,의복 액세서리 및 모조 장신구 소매업,48,경상남도,48127,창원시 마산회원구,48127545,석전동,4812710400,석전동,4812710400102230016,1,대지,223,16,경상남도 창원시 마산회원구 석전동 223-16,481272019003,경상남도 창원시 마산회원구 315대로,717,,4812710400102230016038691,,경상남도 창원시 마산회원구 315대로 717,630808,51302,,2,,128.580655715227,35.2364540047041
MA010120220810165388,헬퍼,,G2,소매,G221,기타 상품 소매,G22199,그 외 기타 상품 전문 소매업,G47859,그 외 기타 분류 안된 상품 전문 소매업,28,인천광역시,28237,부평구,28237591,청천1동,2823710400,청천동,2823710400103730005,1,대지,373,5,인천광역시 부평구 청천동 373-5,282373154055,인천광역시 부평구 청천마차로,26,,2823710400103730005006384,,인천광역시 부평구 청천마차로 26,403031,21301,,,,126.693908234946,37.5230824187606
MA010120220810165475,아름다운세상,,G2,소매,G221,기타 상품 소매,G22199,그 외 기타 상품 전문 소매업,G47859,그 외 기타 분류 안된 상품 전문 소매업,29,광주광역시,29170,북구,29170580,신안동,2917010600,신안동,2917010600101340007,1,대지,134,7,광주광역시 북구 신안동 134-7,291704286229,광주광역시 북구 무등로180번길,12,,2917010600101340007030693,제일오피스텔,광주광역시 북구 무등로180번길 12,500827,61250,,,,126.902880556308,35.1652195198612
MA010120220810176227,양키캔들여수,여천점,G2,소매,G221,기타 상품 소매,G22199,그 외 기타 상품 전문 소매업,G47129,기타 음ㆍ식료품 위주 종합 소매업,46,전라남도,46130,여수시,46130780,쌍봉동,4613012800,학동,4613012800100840005,1,대지,84,5,전라남도 여수시 학동 84-5,461303282023,전라남도 여수시 망마로,39,,4613012800100840010000001,준빌딩,전라남도 여수시 망마로 39,555808,59676,,1,,127.667162293997,34.7597346982278
MA010120220810168012,해랑건설,,G2,소매,G221,기타 상품 소매,G22199,그 외 기타 상품 전문 소매업,G47859,그 외 기타 분류 안된 상품 전문 소매업,52,전북특별자치도,52770,순창군,52770250,순창읍,5277025022,순창읍,5277025022103570001,1,대지,357,1,전북특별자치도 순창군 순창읍 남계리 357-1,527704634180,전북특별자치도 순창군 순창읍 순창8길,28,,4577025022003570001000706,,전북특별자치도 순창군 순창읍 순창8길 28,595803,56042,,,,127.145645332048,35.373516183284
MA010120220809860748,꽃피는봄이오면농약사,,G2,소매,G221,기타 상품 소매,G22199,그 외 기타 상품 전문 소매업,G47859,그 외 기타 분류 안된 상품 전문 소매업,41,경기도,41370,오산시,41370510,중앙동,4137010100,오산동,4137010100103880001,1,대지,388,1,경기도 오산시 오산동 388-1,413703198032,경기도 오산시 오산천로,250,,4137010100103880006005669,상가,경기도 오산시 오산천로 250,447800,18136,,1,,127.069063917485,37.1549283774921
MA010120220809880186,하나유통,,G2,소매,G221,기타 상품 소매,G22199,그 외 기타 상품 전문 소매업,G47859,그 외 기타 분류 안된 상품 전문 소매업,28,인천광역시,28245,계양구,28245602,효성2동,2824510100,효성동,2824510100103200012,1,대지,320,12,인천광역시 계양구 효성동 320-12,282453008033,인천광역시 계양구 안남로,491,,2824510100103200012026042,,인천광역시 계양구 안남로 491,407831,21105,,1,,126.710680859047,37.5269629537254
MA010120220809880496,엠에스세이프티,,G2,소매,G221,기타 상품 소매,G22199,그 외 기타 상품 전문 소매업,G47859,그 외 기타 분류 안된 상품 전문 소매업,41,경기도,41281,고양시 덕양구,41281530,흥도동,4128110400,원흥동,4128110400107020000,1,대지,702,,경기도 고양시 덕양구 원흥동 702,412813194065,경기도 고양시 덕양구 삼원로,51,,4128110400107020000000001,원릉줌하이필드지식산업센터,경기도 고양시 덕양구 삼원로 51,412040,10550,,7,,126.875717749341,37.6411193947134
MA010120220809888382,월성무역,,G2,소매,G221,기타 상품 소매,G22199,그 외 기타 상품 전문 소매업,G47859,그 외 기타 분류 안된 상품 전문 소매업,11,서울특별시,11230,동대문구,11230545,제기동,1123010300,제기동,1123010300109580000,1,대지,958,,서울특별시 동대문구 제기동 958,112303105007,서울특별시 동대문구 약령중앙로,42,8,1123010300109580000031512,,서울특별시 동대문구 약령중앙로 42-8,130864,02570,,2,,127.037745381099,37.5819748296591
MA010120220809890316,경천무역,,G2,소매,G221,기타 상품 소매,G22199,그 외 기타 상품 전문 소매업,G47859,그 외 기타 분류 안된 상품 전문 소매업,52,전북특별자치도,52190,남원시,52190310,주천면,5219031026,주천면,5219031026101450001,1,대지,145,1,전북특별자치도 남원시 주천면 장안리 145-1,521904613561,전북특별자치도 남원시 주천면 장안용궁길,3,,4519031026101450001007652,,전북특별자치도 남원시 주천면 장안용궁길 3,590812,55802,,,,127.442721693382,35.389377187069
MA010120220809890971,라라샵,,G2,소매,G221,기타 상품 소매,G22199,그 외 기타 상품 전문 소매업,G47422,의복 액세서리 및 모조 장신구 소매업,27,대구광역시,27200,남구,27200530,봉덕1동,2720010200,봉덕동,2720010200107050036,1,대지,705,36,대구광역시 남구 봉덕동 705-36,272003144007,대구광역시 남구 봉덕로,39,,2720010200107050036021855,,대구광역시 남구 봉덕로 39,705826,42429,,,,128.595050749996,35.8452522622278
MA010120220809856674,태현이네,,G2,소매,G221,기타 상품 소매,G22199,그 외 기타 상품 전문 소매업,G47859,그 외 기타 분류 안된 상품 전문 소매업,48,경상남도,48850,하동군,48850310,화개면,4885031023,화개면,4885031023107260046,1,대지,726,46,경상남도 하동군 화개면 탑리 726-46,488503344009,경상남도 하동군 화개면 쌍계로,15,,4885031023107260046047848,주,경상남도 하동군 화개면 쌍계로 15,667822,52303,,,,127.624070190419,35.1879961975287
MA010120220809859348,사랑나누리,,G2,소매,G221,기타 상품 소매,G22199,그 외 기타 상품 전문 소매업,G47859,그 외 기타 분류 안된 상품 전문 소매업,41,경기도,41150,의정부시,41150510,의정부1동,4115010100,의정부동,4115010100101570001,1,대지,157,1,경기도 의정부시 의정부동 157-1,411504343385,경기도 의정부시 태평로99번길,11,,4115010100101570001000249,,경기도 의정부시 태평로99번길 11,480842,11695,,,,127.050862179826,37.7412724107
MA010120220809886503,만물아그로,,G2,소매,G221,기타 상품 소매,G22199,그 외 기타 상품 전문 소매업,G47859,그 외 기타 분류 안된 상품 전문 소매업,43,충청북도,43740,영동군,43740250,영동읍,4374025021,영동읍,4374025021106870011,1,대지,687,11,충청북도 영동군 영동읍 계산리 687-11,437403243065,충청북도 영동군 영동읍 중앙로,30,,4374025021106870011005230,,충청북도 영동군 영동읍 중앙로 30,370809,29145,,,,127.77684456095,36.1747167725879
MA010120220809886080,미광비료중문,대리점,G2,소매,G221,기타 상품 소매,G22199,그 외 기타 상품 전문 소매업,G47859,그 외 기타 분류 안된 상품 전문 소매업,50,제주특별자치도,50130,서귀포시,50130310,안덕면,5013031027,안덕면,5013031027104350001,1,대지,435,1,제주특별자치도 서귀포시 안덕면 서광리 435-1,501304850385,제주특별자치도 서귀포시 안덕면 서광동로25번길,50,,5013031027104350001000001,,제주특별자치도 서귀포시 안덕면 서광동로25번길 50,699923,63522,,,,126.326492892726,33.2889770731805
MA010120220809876185,제이엔드에프유통센타,,G2,소매,G221,기타 상품 소매,G22199,그 외 기타 상품 전문 소매업,G47859,그 외 기타 분류 안된 상품 전문 소매업,43,충청북도,43770,음성군,43770253,금왕읍,4377025321,금왕읍,4377025321105930000,1,대지,593,,충청북도 음성군 금왕읍 무극리 593,437703247019,충청북도 음성군 금왕읍 무극로,181,,4377025321105930000000001,,충청북도 음성군 금왕읍 무극로 181,369904,27630,,,,127.581997223542,36.9908514105863
MA010120220809876359,대운,,G2,소매,G221,기타 상품 소매,G22199,그 외 기타 상품 전문 소매업,G47859,그 외 기타 분류 안된 상품 전문 소매업,41,경기도,41480,파주시,41480350,광탄면,4148035026,광탄면,4148035026107530009,1,대지,753,9,경기도 파주시 광탄면 용미리 753-9,414803206029,경기도 파주시 광탄면 명봉산로,277,,4148035026107530009000001,,경기도 파주시 광탄면 명봉산로 277,413855,10955,,,,126.857000947956,37.7469358109171
MA010120220809859886,도움물산,,G2,소매,G221,기타 상품 소매,G22199,그 외 기타 상품 전문 소매업,G47859,그 외 기타 분류 안된 상품 전문 소매업,41,경기도,41410,군포시,41410520,군포2동,4141010100,당동,4141010100110300005,1,대지,1030,5,경기도 군포시 당동 1030-5,414104400332,경기도 군포시 삼성로87번길,4,25,4141010100110300005000001,엘파크,경기도 군포시 삼성로87번길 4-25,435012,15873,,1,,126.936588711448,37.3415288269269
MA010120220809867989,라온,,G2,소매,G221,기타 상품 소매,G22199,그 외 기타 상품 전문 소매업,G45219,기타 자동차 신품 부품 및 내장품 판매업,47,경상북도,47170,안동시,47170650,옥동,4717013300,옥동,4717013300106390016,1,대지,639,16,경상북도 안동시 옥동 639-16,471702018002,경상북도 안동시 경북대로,350,,4717013300106390016027179,,경상북도 안동시 경북대로 350,760310,36665,,3,,128.704021333452,36.561458588225
MA010120220809888073,부여오번산약초,,G2,소매,G221,기타 상품 소매,G22199,그 외 기타 상품 전문 소매업,G47859,그 외 기타 분류 안된 상품 전문 소매업,44,충청남도,44760,부여군,44760320,은산면,4476032023,은산면,4476032023107240002,1,대지,724,2,충청남도 부여군 은산면 오번리 724-2,447604577551,충청남도 부여군 은산면 은북로229번길,53,,4476032023107240002001722,,충청남도 부여군 은산면 은북로229번길 53,323823,33109,,,,126.805367467282,36.3407176027735
MA010120220809884415,범종사,,G2,소매,G221,기타 상품 소매,G22199,그 외 기타 상품 전문 소매업,G47859,그 외 기타 분류 안된 상품 전문 소매업,47,경상북도,47230,영천시,47230320,신녕면,4723032031,신녕면,4723032031102500018,1,대지,250,18,경상북도 영천시 신녕면 가천리 250-18,472304730013,경상북도 영천시 신녕면 갑변길,2,,4723032031102500010048562,,경상북도 영천시 신녕면 갑변길 2,770811,38802,,,,128.793642464583,36.0585358879198
MA010120220809919544,동우,,G2,소매,G221,기타 상품 소매,G22199,그 외 기타 상품 전문 소매업,G47859,그 외 기타 분류 안된 상품 전문 소매업,30,대전광역시,30110,동구,30110670,홍도동,3011011700,홍도동,3011011700100110001,1,대지,11,1,대전광역시 동구 홍도동 11-1,301103010021,대전광역시 동구 홍도로,14,,3011011700100110001000001,,대전광역시 동구 홍도로 14,300835,34553,,,,127.430126249789,36.3475457595462
MA010120220809895934,100평쇼핑몰,,G2,소매,G221,기타 상품 소매,G22199,그 외 기타 상품 전문 소매업,G47859,그 외 기타 분류 안된 상품 전문 소매업,47,경상북도,47190,구미시,47190510,송정동,4719011000,송정동,4719011000104430013,1,대지,443,13,경상북도 구미시 송정동 443-13,471904724081,경상북도 구미시 구미중앙로42길,5,17,4719011000104430013014565,,경상북도 구미시 구미중앙로42길 5-17,730913,39271,,1,,128.353906359755,36.120307314015
MA010120220809896003,성불화,불교용품점,G2,소매,G221,기타 상품 소매,G22199,그 외 기타 상품 전문 소매업,G47859,그 외 기타 분류 안된 상품 전문 소매업,50,제주특별자치도,50110,제주시,50110540,이도2동,5011010400,이도이동,5011010400110520003,1,대지,1052,3,제주특별자치도 제주시 이도이동 1052-3,501104848341,제주특별자치도 제주시 오복3길,11,,5011010400110520003045210,,제주특별자치도 제주시 오복3길 11,690825,63210,,,,126.53481319122,33.4970397369691
MA010120220809924812,에덴농장,,G2,소매,G221,기타 상품 소매,G22199,그 외 기타 상품 전문 소매업,G47859,그 외 기타 분류 안된 상품 전문 소매업,47,경상북도,47150,김천시,47150310,농소면,4715031025,농소면,4715031025105090002,1,대지,509,2,경상북도 김천시 농소면 봉곡리 509-2,471503306046,경상북도 김천시 농소면 벽봉로,1444,72,4715031025105090002000001,,경상북도 김천시 농소면 벽봉로 1444-72,740881,39678,,,,128.178702036023,36.0502378646219
MA010120220809924986,다올안전용품,,G2,소매,G221,기타 상품 소매,G22199,그 외 기타 상품 전문 소매업,G47859,그 외 기타 분류 안된 상품 전문 소매업,26,부산광역시,26710,기장군,26710250,기장읍,2671025034,기장읍,2671025034107910002,1,대지,791,2,부산광역시 기장군 기장읍 내리 791-2,267102006018,부산광역시 기장군 기장읍 기장대로,82,6,2671025034107910002000001,아우라시티,부산광역시 기장군 기장읍 기장대로 82-6,619902,46081,,,,129.206950826458,35.2044120794597
MA010120220809893178,민송인삼사,,G2,소매,G221,기타 상품 소매,G22199,그 외 기타 상품 전문 소매업,G47859,그 외 기타 분류 안된 상품 전문 소매업,47,경상북도,47210,영주시,47210250,풍기읍,4721025022,풍기읍,4721025022104660000,1,대지,466,,경상북도 영주시 풍기읍 동부리 466,472103309010,경상북도 영주시 풍기읍 기주로,10,,4721025022104650000013772,풍기수삼센터,경상북도 영주시 풍기읍 기주로 10,750803,36034,,,,128.533960963921,36.8678399086181
MA010120220809893300,아월위마켓,,G2,소매,G221,기타 상품 소매,G22199,그 외 기타 상품 전문 소매업,G47859,그 외 기타 분류 안된 상품 전문 소매업,47,경상북도,47170,안동시,47170510,중구동,4717010100,삼산동,4717010100100600000,1,대지,60,,경상북도 안동시 삼산동 60,471704722132,경상북도 안동시 태사1길,6,,4717010100100600000017180,,경상북도 안동시 태사1길 6,760080,36694,,1,,128.732176010215,36.5663327857469
MA010120220809898382,엉뚱스,,G2,소매,G221,기타 상품 소매,G22199,그 외 기타 상품 전문 소매업,G47859,그 외 기타 분류 안된 상품 전문 소매업,41,경기도,41590,화성시,41590585,동탄1동,4159012700,반송동,4159012700100870007,1,대지,87,7,경기도 화성시 반송동 87-7,415904431486,경기도 화성시 동탄중심상가2길,36,,4159012700104290000000001,네오프라자,경기도 화성시 동탄중심상가2길 36,445160,18453,,2,,127.073481992626,37.206790426271
MA010120220809925409,아미종합상사,,G2,소매,G221,기타 상품 소매,G22199,그 외 기타 상품 전문 소매업,G47859,그 외 기타 분류 안된 상품 전문 소매업,29,광주광역시,29170,북구,29170666,삼각동,2917011600,삼각동,2917011600106400013,1,대지,640,13,광주광역시 북구 삼각동 640-13,291704286573,광주광역시 북구 우치로331번길,4,,2917011600106400013034420,,광주광역시 북구 우치로331번길 4,500825,61051,,2,,126.903592582324,35.1943338957903
MA010120220809928179,사보,,G2,소매,G221,기타 상품 소매,G22199,그 외 기타 상품 전문 소매업,G47859,그 외 기타 분류 안된 상품 전문 소매업,26,부산광역시,26230,부산진구,26230510,부전1동,2623010300,부전동,2623010300102590012,1,대지,259,12,부산광역시 부산진구 부전동 259-12,262303129026,부산광역시 부산진구 서면문화로,6,1,2623010300102590013029110,하성빌딩,부산광역시 부산진구 서면문화로 6-1,614844,47256,,8,,129.058132219595,35.1584167196079
MA010120220809896432,일광바이오,,G2,소매,G221,기타 상품 소매,G22199,그 외 기타 상품 전문 소매업,G47859,그 외 기타 분류 안된 상품 전문 소매업,48,경상남도,48730,함안군,48730330,법수면,4873033026,법수면,4873033026109460000,1,대지,946,,경상남도 함안군 법수면 대송리 946,487304820132,경상남도 함안군 법수면 대송3길,56,9,4873033026109460000016337,,경상남도 함안군 법수면 대송3길 56-9,637832,52056,,,,128.340285045527,35.3417468595956
MA010120220809917797,키토라푸드,,G2,소매,G221,기타 상품 소매,G22199,그 외 기타 상품 전문 소매업,G47859,그 외 기타 분류 안된 상품 전문 소매업,48,경상남도,48330,양산시,48330253,물금읍,4833025323,물금읍,4833025323112930002,1,대지,1293,2,경상남도 양산시 물금읍 가촌리 1293-2,483304814961,경상남도 양산시 물금읍 야리1길,22,,4833025323112930002000001,미래타워,경상남도 양산시 물금읍 야리1길 22,626811,50653,,,,129.00830609034,35.310882732655
MA010120220809922600,다모아상사,,G2,소매,G221,기타 상품 소매,G22199,그 외 기타 상품 전문 소매업,G47859,그 외 기타 분류 안된 상품 전문 소매업,29,광주광역시,29140,서구,29140745,치평동,2914012000,치평동,2914012000102790007,1,대지,279,7,광주광역시 서구 치평동 279-7,291403160024,광주광역시 서구 상무평화로,114,,2914012000102790007003613,,광주광역시 서구 상무평화로 114,502827,61963,,3,,126.851365591483,35.1485552212759
MA010120220809930728,황금인삼사,,G2,소매,G221,기타 상품 소매,G22199,그 외 기타 상품 전문 소매업,G47859,그 외 기타 분류 안된 상품 전문 소매업,47,경상북도,47210,영주시,47210250,풍기읍,4721025022,풍기읍,4721025022104660000,1,대지,466,,경상북도 영주시 풍기읍 동부리 466,472103309010,경상북도 영주시 풍기읍 기주로,10,,4721025022104650000013772,인삼홍삼센터,경상북도 영주시 풍기읍 기주로 10,750803,36034,,,,128.533960963921,36.8678399086181
MA010120220809896652,가야불교만물,,G2,소매,G221,기타 상품 소매,G22199,그 외 기타 상품 전문 소매업,G47859,그 외 기타 분류 안된 상품 전문 소매업,28,인천광역시,28177,미추홀구,28177540,용현1.4동,2817710200,용현동,2817710200101040021,1,대지,104,21,인천광역시 미추홀구 용현동 104-21,281772008004,인천광역시 미추홀구 인주대로,245,,2817010200101040021207958,,인천광역시 미추홀구 인주대로 245,402818,22157,,1,,126.663857179531,37.4536144068453
MA010120220809927315,시스템엘르,,G2,소매,G221,기타 상품 소매,G22199,그 외 기타 상품 전문 소매업,G47422,의복 액세서리 및 모조 장신구 소매업,41,경기도,41285,고양시 일산동구,41285590,장항2동,4128510400,장항동,4128510400108460000,1,대지,846,,경기도 고양시 일산동구 장항동 846,412853193031,경기도 고양시 일산동구 정발산로,43,20,4128510400108460000009234,센트럴프라자,경기도 고양시 일산동구 정발산로 43-20,410837,10402,,,,126.773579507816,37.6583114811703
MA010120220809919277,일우기업,,G2,소매,G221,기타 상품 소매,G22199,그 외 기타 상품 전문 소매업,G47859,그 외 기타 분류 안된 상품 전문 소매업,41,경기도,41360,남양주시,41360545,다산1동,4136011200,다산동,4136011200161440001,1,대지,6144,1,경기도 남양주시 다산동 6144-1,413603351604,경기도 남양주시 다산중앙로19번길,25,23,4136011200161440001000003,다산블루웨일2차,경기도 남양주시 다산중앙로19번길 25-23,,12248,,,,127.153694684012,37.6131001245016
MA010120220809892842,엠제이피트레이드,,G2,소매,G221,기타 상품 소매,G22199,그 외 기타 상품 전문 소매업,G47859,그 외 기타 분류 안된 상품 전문 소매업,41,경기도,41630,양주시,41630330,광적면,4163033021,광적면,4163033021104060002,1,대지,406,2,경기도 양주시 광적면 가납리 406-2,416304436107,경기도 양주시 광적면 그루고개로32번길,71,,4163033021104060002000001,,경기도 양주시 광적면 그루고개로32번길 71,482841,11416,,,,126.99099369072,37.8177477976625
MA010120220809956537,풍선스튜디오,,G2,소매,G221,기타 상품 소매,G22199,그 외 기타 상품 전문 소매업,G47859,그 외 기타 분류 안된 상품 전문 소매업,47,경상북도,47250,상주시,47250520,남원동,4725010700,남성동,4725010700100870000,1,대지,87,,경상북도 상주시 남성동 87,472504733775,경상북도 상주시 중앙시장길,16,,4725010700100870000083926,상주중앙시장,경상북도 상주시 중앙시장길 16,742903,37195,,,,128.16189735691,36.4138416781253
MA010120220809965721,스튜디오연,,G2,소매,G221,기타 상품 소매,G22199,그 외 기타 상품 전문 소매업,G47859,그 외 기타 분류 안된 상품 전문 소매업,11,서울특별시,11290,성북구,11290650,정릉4동,1129013300,정릉동,1129013300107920001,1,대지,792,1,서울특별시 성북구 정릉동 792-1,112903107004,서울특별시 성북구 보국문로,172,,1129013300107920001027135,상신빌라,서울특별시 성북구 보국문로 172,136847,02700,,2,,127.002367280596,37.6172816634439
MA010120220809944319,디아트워크,,G2,소매,G221,기타 상품 소매,G22199,그 외 기타 상품 전문 소매업,G47859,그 외 기타 분류 안된 상품 전문 소매업,26,부산광역시,26350,해운대구,26350650,재송1동,2635010400,재송동,2635010400112120000,1,대지,1212,,부산광역시 해운대구 재송동 1212,263503133020,부산광역시 해운대구 센텀중앙로,90,,2635010400112120000000001,큐,부산광역시 해운대구 센텀중앙로 90,612051,48059,,,,129.126466593449,35.1754753461938
MA010120220809942108,공주42,,G2,소매,G221,기타 상품 소매,G22199,그 외 기타 상품 전문 소매업,G47859,그 외 기타 분류 안된 상품 전문 소매업,11,서울특별시,11545,금천구,11545670,시흥1동,1154510300,시흥동,1154510300108970007,1,대지,897,7,서울특별시 금천구 시흥동 897-7,115454151057,서울특별시 금천구 독산로11길,21,,1154510300108970007006240,,서울특별시 금천구 독산로11길 21,153858,08630,,1,,126.904839705052,37.4517835824675
MA010120220809947304,노블레스,,G2,소매,G221,기타 상품 소매,G22199,그 외 기타 상품 전문 소매업,G47859,그 외 기타 분류 안된 상품 전문 소매업,52,전북특별자치도,52140,익산시,52140520,중앙동,5214010500,중앙동3가,5214010500100360000,1,대지,36,,전북특별자치도 익산시 중앙동3가 36,521404608097,전북특별자치도 익산시 인북로3길,28,,4514010500100360000094569,,전북특별자치도 익산시 인북로3길 28,570988,54601,,3,,126.950129375317,35.9386454859488
MA010120220809949539,그린잭,,G2,소매,G221,기타 상품 소매,G22199,그 외 기타 상품 전문 소매업,G47859,그 외 기타 분류 안된 상품 전문 소매업,44,충청남도,44790,청양군,44790390,비봉면,4479039028,비봉면,4479039028106480003,1,대지,648,3,충청남도 청양군 비봉면 양사리 648-3,447903261008,충청남도 청양군 비봉면 록평용당로,347,,4479039028106480003004590,삼화그린텍,충청남도 청양군 비봉면 록평용당로 347,345881,33317,,,,126.756677668888,36.4912046490267
MA010120220809960499,로얄크래프트,,G2,소매,G221,기타 상품 소매,G22199,그 외 기타 상품 전문 소매업,G47859,그 외 기타 분류 안된 상품 전문 소매업,11,서울특별시,11620,관악구,11620735,대학동,1162010200,신림동,1162010200102510317,1,대지,251,317,서울특별시 관악구 신림동 251-317,116204160500,서울특별시 관악구 신림로11길,119,8,1162010200102510317006531,,서울특별시 관악구 신림로11길 119-8,151859,08817,,,,126.939750949163,37.4654929130129
MA010120220809939843,금산인삼생약초,,G2,소매,G221,기타 상품 소매,G22199,그 외 기타 상품 전문 소매업,G47859,그 외 기타 분류 안된 상품 전문 소매업,48,경상남도,48250,김해시,48250510,동상동,4825010100,동상동,4825010100108810003,1,대지,881,3,경상남도 김해시 동상동 881-3,482504805103,경상남도 김해시 구지로180번길,31,9,4825010100108810003055548,동상동재래시장,경상남도 김해시 구지로180번길 31-9,621020,50915,,1,,128.883677790347,35.2358742750283
MA010120220809976627,비에이치에스에이치,,G2,소매,G221,기타 상품 소매,G22199,그 외 기타 상품 전문 소매업,G47859,그 외 기타 분류 안된 상품 전문 소매업,41,경기도,41570,김포시,41570570,구래동,4157010900,구래동,4157010900168780006,1,대지,6878,6,경기도 김포시 구래동 6878-6,415703209024,경기도 김포시 김포한강4로,571,,4157010900168780006000001,월드퍼스티오피스텔,경기도 김포시 김포한강4로 571,415080,10071,,8,,126.620563989705,37.644719205553
MA010120220809937115,노키드24,,G2,소매,G221,기타 상품 소매,G22199,그 외 기타 상품 전문 소매업,G47859,그 외 기타 분류 안된 상품 전문 소매업,29,광주광역시,29170,북구,29170590,용봉동,2917010700,용봉동,2917010700113850004,1,대지,1385,4,광주광역시 북구 용봉동 1385-4,291703162054,광주광역시 북구 용봉택지로,91,,2917010700113850004046179,,광주광역시 북구 용봉택지로 91,500846,61106,,,,126.896508321765,35.1785453193797
MA010120220809969033,이음상사,,G2,소매,G221,기타 상품 소매,G22199,그 외 기타 상품 전문 소매업,G47859,그 외 기타 분류 안된 상품 전문 소매업,44,충청남도,44200,아산시,44200350,음봉면,4420035035,음봉면,4420035035103530000,1,대지,353,,충청남도 아산시 음봉면 동암리 353,442003253081,충청남도 아산시 음봉면 탕정로,490,,4420035035103530000081927,,충청남도 아산시 음봉면 탕정로 490,336861,31453,,,,127.059627578709,36.8349589185918
MA010120220809937373,샤이맨,,G2,소매,G221,기타 상품 소매,G22199,그 외 기타 상품 전문 소매업,G47859,그 외 기타 분류 안된 상품 전문 소매업,30,대전광역시,30170,서구,30170640,둔산2동,3017011200,둔산동,3017011200110600000,1,대지,1060,,대전광역시 서구 둔산동 1060,301703166019,대전광역시 서구 둔산로,32,22,3017011200110600000020272,,대전광역시 서구 둔산로 32-22,302829,35230,,,,127.376692745776,36.3508532193345
MA010120220809969570,천보인삼사,,G2,소매,G221,기타 상품 소매,G22199,그 외 기타 상품 전문 소매업,G47859,그 외 기타 분류 안된 상품 전문 소매업,47,경상북도,47210,영주시,47210250,풍기읍,4721025023,풍기읍,4721025023104460004,1,대지,446,4,경상북도 영주시 풍기읍 산법리 446-4,472103309083,경상북도 영주시 풍기읍 소백로,2156,,4721025023104460000000001,풍기선비골인삼시장,경상북도 영주시 풍기읍 소백로 2156,750802,36041,,,,128.54068934949,36.8884940864228
MA010120220809953395,케이엠소방,,G2,소매,G221,기타 상품 소매,G22199,그 외 기타 상품 전문 소매업,G47859,그 외 기타 분류 안된 상품 전문 소매업,29,광주광역시,29140,서구,29140752,상무2동,2914011800,쌍촌동,2914011800109910050,1,대지,991,50,광주광역시 서구 쌍촌동 991-50,291404280271,광주광역시 서구 쌍촌로47번길,9,1,2914011800109910050008873,,광주광역시 서구 쌍촌로47번길 9-1,502857,61992,,1,,126.863612302379,35.1488400329014
MA010120220809967425,백암농협경제사업소,,G2,소매,G221,기타 상품 소매,G22199,그 외 기타 상품 전문 소매업,G47859,그 외 기타 분류 안된 상품 전문 소매업,41,경기도,41461,용인시 처인구,41461350,백암면,4146135021,백암면,4146135021101920001,1,대지,192,1,경기도 용인시 처인구 백암면 백암리 192-1,414613203052,경기도 용인시 처인구 백암면 백암로,252,,4146135021101920001000001,,경기도 용인시 처인구 백암면 백암로 252,449862,17178,,,,127.371986113463,37.1684121480592
MA010120220809992043,하루야성인용품,,G2,소매,G221,기타 상품 소매,G22199,그 외 기타 상품 전문 소매업,G47859,그 외 기타 분류 안된 상품 전문 소매업,29,광주광역시,29140,서구,29140660,농성2동,2914010600,농성동,2914010600106450030,1,대지,645,30,광주광역시 서구 농성동 645-30,291403009018,광주광역시 서구 경열로,12,,2914010600106450030015082,,광주광역시 서구 경열로 12,502847,61927,,,,126.888079698494,35.1525787076348
MA010120220810010601,에이치케이켐,,G2,소매,G221,기타 상품 소매,G22199,그 외 기타 상품 전문 소매업,G47859,그 외 기타 분류 안된 상품 전문 소매업,26,부산광역시,26350,해운대구,26350650,재송1동,2635010400,재송동,2635010400110920034,1,대지,1092,34,부산광역시 해운대구 재송동 1092-34,263504199249,부산광역시 해운대구 해운대로123번길,32,,2635010400110920034009340,,부산광역시 해운대구 해운대로123번길 32,612831,48055,,2,,129.122747297443,35.1860750194682
MA010120220810013236,창조안전,,G2,소매,G221,기타 상품 소매,G22199,그 외 기타 상품 전문 소매업,G47859,그 외 기타 분류 안된 상품 전문 소매업,47,경상북도,47113,포항시 북구,47113250,흥해읍,4711325050,흥해읍,4711325050100570004,1,대지,57,4,경상북도 포항시 북구 흥해읍 대련리 57-4,471133018003,경상북도 포항시 북구 흥해읍 새마을로,297,10,4711325050201350010000001,아이동,경상북도 포항시 북구 흥해읍 새마을로 297-10,791944,37653,,,,129.331999724101,36.0473224661375
MA010120220810015770,한국유전자월드,,G2,소매,G221,기타 상품 소매,G22199,그 외 기타 상품 전문 소매업,G47859,그 외 기타 분류 안된 상품 전문 소매업,41,경기도,41133,성남시 중원구,41133580,상대원2동,4113310500,상대원동,4113310500133040000,1,대지,3304,,경기도 성남시 중원구 상대원동 3304,411334337450,경기도 성남시 중원구 희망로367번길,22,8,4113310500133040000040755,,경기도 성남시 중원구 희망로367번길 22-8,462817,13394,,,,127.156151420255,37.438933353126
MA010120220809986839,국제소방안전문화연구소,,G2,소매,G221,기타 상품 소매,G22199,그 외 기타 상품 전문 소매업,G47859,그 외 기타 분류 안된 상품 전문 소매업,27,대구광역시,27230,북구,27230620,산격2동,2723011100,산격동,2723011100107380004,1,대지,738,4,대구광역시 북구 산격동 738-4,272304235279,대구광역시 북구 연암로42길,10,1,2723011100107380004029634,,대구광역시 북구 연암로42길 10-1,702835,41502,,,,128.597248426931,35.9023644863351
MA010120220810002733,호텔비즈,,G2,소매,G221,기타 상품 소매,G22199,그 외 기타 상품 전문 소매업,G47859,그 외 기타 분류 안된 상품 전문 소매업,26,부산광역시,26290,남구,26290530,대연3동,2629010600,대연동,2629010600103620018,1,대지,362,18,부산광역시 남구 대연동 362-18,262904193149,부산광역시 남구 수영로266번길,77,,2629010600103620018026599,센트럴지엠빌딩,부산광역시 남구 수영로266번길 77,608023,48500,,3,,129.099138956195,35.1336610201194
MA010120220809995052,엠에스컴퍼니,,G2,소매,G221,기타 상품 소매,G22199,그 외 기타 상품 전문 소매업,G47859,그 외 기타 분류 안된 상품 전문 소매업,41,경기도,41150,의정부시,41150573,송산1동,4115010500,용현동,4115010500105190004,1,대지,519,4,경기도 의정부시 용현동 519-4,411504343521,경기도 의정부시 산단로152번길,25,,4115010500105190004017469,엠에스컴퍼니본관,경기도 의정부시 산단로152번길 25,480859,11787,,2,,127.083497006514,37.7457045961957
MA010120220810016031,양키캔들천안두정점,,G2,소매,G221,기타 상품 소매,G22199,그 외 기타 상품 전문 소매업,G47813,"화장품, 비누 및 방향제 소매업",44,충청남도,44133,천안시 서북구,44133590,부성2동,4413310400,두정동,4413310400109750001,1,대지,975,1,충청남도 천안시 서북구 두정동 975-1,441334550236,충청남도 천안시 서북구 부성4길,3,,4413310400109750001046061,에프엠빌딩,충청남도 천안시 서북구 부성4길 3,331960,31100,,1,,127.134835770441,36.8340053181511
MA010120220809989755,착한낚시,,G2,소매,G221,기타 상품 소매,G22199,그 외 기타 상품 전문 소매업,G47859,그 외 기타 분류 안된 상품 전문 소매업,46,전라남도,46150,순천시,46150580,풍덕동,4615011500,풍덕동,4615011500108550010,1,대지,855,10,전라남도 순천시 풍덕동 855-10,461504650094,전라남도 순천시 풍덕주택3길,10,,4615011500108550010075387,,전라남도 순천시 풍덕주택3길 10,540970,57963,,1,,127.506253215441,34.9415097932853
MA010120220809990042,은하수장제몰,,G2,소매,G221,기타 상품 소매,G22199,그 외 기타 상품 전문 소매업,G47859,그 외 기타 분류 안된 상품 전문 소매업,48,경상남도,48127,창원시 마산회원구,48127250,내서읍,4812725026,내서읍,4812725026100380001,1,대지,38,1,경상남도 창원시 마산회원구 내서읍 상곡리 38-1,481273330011,경상남도 창원시 마산회원구 내서읍 상곡로,28,10,4812725026100010323042854,,경상남도 창원시 마산회원구 내서읍 상곡로 28-10,630854,51218,,,,128.502139890203,35.2431499768978
MA010120220809995857,최원프리모,,G2,소매,G221,기타 상품 소매,G22199,그 외 기타 상품 전문 소매업,G47422,의복 액세서리 및 모조 장신구 소매업,11,서울특별시,11560,영등포구,11560540,여의동,1156011000,여의도동,1156011000100460001,1,대지,46,1,서울특별시 영등포구 여의도동 46-1,115604154685,서울특별시 영등포구 여의대방로65길,13,,1156011000100460001031359,유창빌딩,서울특별시 영등포구 여의대방로65길 13,150892,07334,,,,126.929594835865,37.5193675234122
MA010120220810008817,양키캔들일산웨스턴돔점,,G2,소매,G221,기타 상품 소매,G22199,그 외 기타 상품 전문 소매업,G47813,"화장품, 비누 및 방향제 소매업",41,경기도,41285,고양시 일산동구,41285590,장항2동,4128510400,장항동,4128510400108680000,1,대지,868,,경기도 고양시 일산동구 장항동 868,412853193031,경기도 고양시 일산동구 정발산로,24,,4128510400108670000001233,에이,경기도 고양시 일산동구 정발산로 24,410837,10403,,1,,126.772045596105,37.655902909646
MA010120220810011639,다사랑,,G2,소매,G221,기타 상품 소매,G22199,그 외 기타 상품 전문 소매업,G47859,그 외 기타 분류 안된 상품 전문 소매업,44,충청남도,44210,서산시,44210550,석남동,4421010900,예천동,4421010900106630003,1,대지,663,3,충청남도 서산시 예천동 663-3,442103000117,충청남도 서산시 서해로,3207,,4421010900106630003042688,,충청남도 서산시 서해로 3207,356808,31988,,,,126.4366359327,36.7712920499454
MA010120220810004060,분홍꽃차,,G2,소매,G221,기타 상품 소매,G22199,그 외 기타 상품 전문 소매업,G47859,그 외 기타 분류 안된 상품 전문 소매업,46,전라남도,46790,화순군,46790420,동면,4679042029,동면,4679042029104680002,1,대지,468,2,전라남도 화순군 동면 복암리 468-2,467904673036,전라남도 화순군 동면 구봉산길,44,,4679042029104680002005232,,전라남도 화순군 동면 구봉산길 44,519881,58131,,,,127.078082484523,35.0346700868092
MA010120220810017156,조상현위캔두잇,,G2,소매,G221,기타 상품 소매,G22199,그 외 기타 상품 전문 소매업,G47422,의복 액세서리 및 모조 장신구 소매업,11,서울특별시,11680,강남구,11680531,논현2동,1168010800,논현동,1168010800102420034,1,대지,242,34,서울특별시 강남구 논현동 242-34,116804166806,서울특별시 강남구 학동로50길,23,,1168010800102420034006556,HS빌딩,서울특별시 강남구 학동로50길 23,135830,06099,,,,127.040494245188,37.5151108093908
MA010120220809988076,해방,,G2,소매,G221,기타 상품 소매,G22199,그 외 기타 상품 전문 소매업,G47859,그 외 기타 분류 안된 상품 전문 소매업,52,전북특별자치도,52710,완주군,52710256,용진읍,5271025623,용진읍,5271025623100780004,1,대지,78,4,전북특별자치도 완주군 용진읍 상운리 78-4,527104619169,전북특별자치도 완주군 용진읍 상운길,12,,4571031025100780004028589,,전북특별자치도 완주군 용진읍 상운길 12,565813,55351,,,,127.154963862841,35.8814528581351
MA010120220809996973,다솜마트,,G2,소매,G221,기타 상품 소매,G22199,그 외 기타 상품 전문 소매업,G47859,그 외 기타 분류 안된 상품 전문 소매업,11,서울특별시,11305,강북구,11305545,송중동,1130510100,미아동,1130510100108600016,1,대지,860,16,서울특별시 강북구 미아동 860-16,113054124143,서울특별시 강북구 도봉로8길,26,,1130510100108600016027662,,서울특별시 강북구 도봉로8길 26,142804,01221,,2,,127.031474819926,37.6123400725442
MA010120220810012684,로또,,G2,소매,G221,기타 상품 소매,G22199,그 외 기타 상품 전문 소매업,G47422,의복 액세서리 및 모조 장신구 소매업,29,광주광역시,29200,광산구,29200580,우산동,2920010900,우산동,2920010900116040001,1,대지,1604,1,광주광역시 광산구 우산동 1604-1,292004289184,광주광역시 광산구 사암로171번길,54,,2920010900116040001003202,,광주광역시 광산구 사암로171번길 54,506813,62363,,,,126.804829512518,35.1600806749377
MA010120220809693680,세인뷰티,,G2,소매,G221,기타 상품 소매,G22199,그 외 기타 상품 전문 소매업,G47859,그 외 기타 분류 안된 상품 전문 소매업,31,울산광역시,31140,남구,31140530,신정3동,3114010400,신정동,3114010400105160008,1,대지,516,8,울산광역시 남구 신정동 516-8,311404310728,울산광역시 남구 월평로59번길,3,,3114010400105160008010826,,울산광역시 남구 월평로59번길 3,680824,44683,,1,,129.311714170299,35.5423001942494
MA010120220809693765,중앙프라자,,G2,소매,G221,기타 상품 소매,G22199,그 외 기타 상품 전문 소매업,G47859,그 외 기타 분류 안된 상품 전문 소매업,52,전북특별자치도,52113,전주시 덕진구,52113611,우아1동,5211311500,우아동3가,5211311500107480017,1,대지,748,17,전북특별자치도 전주시 덕진구 우아동3가 748-17,521134601077,전북특별자치도 전주시 덕진구 도당산3길,8,6,4511311500107480017019586,,전북특별자치도 전주시 덕진구 도당산3길 8-6,561825,54910,,3,,127.155538805211,35.8469791816128
MA010120220809707171,해성ENC,,G2,소매,G221,기타 상품 소매,G22199,그 외 기타 상품 전문 소매업,N75999,그 외 기타 분류 안된 사업 지원 서비스업,26,부산광역시,26440,강서구,26440560,녹산동,2644010900,송정동,2644010900117610000,1,대지,1761,,부산광역시 강서구 송정동 1761,264403136015,부산광역시 강서구 녹산산단262로,53,,2644010900117610000022077,,부산광역시 강서구 녹산산단262로 53,618820,46757,,,,128.846391949447,35.0841370658062
MA010120220809711764,꽃누리,,G2,소매,G221,기타 상품 소매,G22199,그 외 기타 상품 전문 소매업,G47859,그 외 기타 분류 안된 상품 전문 소매업,44,충청남도,44210,서산시,44210390,해미면,4421039031,해미면,4421039031103140005,1,대지,314,5,충청남도 서산시 해미면 반양리 314-5,442103254016,충청남도 서산시 해미면 남문2로,14,,4421039031103140005064071,,충청남도 서산시 해미면 남문2로 14,356822,31957,,,,126.535957123189,36.7187445034668
MA010120220809680241,농부원예,,G2,소매,G221,기타 상품 소매,G22199,그 외 기타 상품 전문 소매업,G47859,그 외 기타 분류 안된 상품 전문 소매업,46,전라남도,46870,영광군,46870370,법성면,4687037028,법성면,4687037028102930000,1,대지,293,,전라남도 영광군 법성면 월산리 293,468703298030,전라남도 영광군 법성면 용성월산로,471,,4687037028102930000003359,,전라남도 영광군 법성면 용성월산로 471,513874,57021,,,,126.505547243326,35.3460845534805
MA010120220809691236,아그로켐,,G2,소매,G221,기타 상품 소매,G22199,그 외 기타 상품 전문 소매업,G47859,그 외 기타 분류 안된 상품 전문 소매업,48,경상남도,48170,진주시,48170515,천전동,4817010400,칠암동,4817010400105320010,1,대지,532,10,경상남도 진주시 칠암동 532-10,481703332077,경상남도 진주시 동진로,55,,4817010400105320010404152,창업보육센터,경상남도 진주시 동진로 55,660987,52725,,3,,128.097088530376,35.1795605877344
MA010120220809707474,수피아에듀,,G2,소매,G221,기타 상품 소매,G22199,그 외 기타 상품 전문 소매업,G47859,그 외 기타 분류 안된 상품 전문 소매업,41,경기도,41285,고양시 일산동구,41285552,백석2동,4128510600,백석동,4128510600113250000,1,대지,1325,,경기도 고양시 일산동구 백석동 1325,412853193028,경기도 고양시 일산동구 일산로,16,,4128510600113250000003407,디아뜨크리스탈오피스텔,경기도 고양시 일산동구 일산로 16,410701,10449,,10,,126.785519286355,37.6403862401283
MA010120220809715080,양지유통,,G2,소매,G221,기타 상품 소매,G22199,그 외 기타 상품 전문 소매업,G47859,그 외 기타 분류 안된 상품 전문 소매업,41,경기도,41461,용인시 처인구,41461360,양지면,4146136021,양지면,4146136021101090001,1,대지,109,1,경기도 용인시 처인구 양지면 양지리 109-1,414612012010,경기도 용인시 처인구 양지면 죽양대로,2310,,4146136021101090001034463,,경기도 용인시 처인구 양지면 죽양대로 2310,449823,17158,,2,,127.297877417368,37.2343620980058
MA010120220809687053,깨비농산,,G2,소매,G221,기타 상품 소매,G22199,그 외 기타 상품 전문 소매업,G47859,그 외 기타 분류 안된 상품 전문 소매업,44,충청남도,44760,부여군,44760250,부여읍,4476025036,부여읍,4476025036103750002,1,대지,375,2,충청남도 부여군 부여읍 자왕리 375-2,447603259100,충청남도 부여군 부여읍 삼충로,301,11,4476025036103750002007869,,충청남도 부여군 부여읍 삼충로 301-11,323801,33128,,,,126.955149765117,36.3095515081202
MA010120220809689479,식물사랑약국,,G2,소매,G221,기타 상품 소매,G22199,그 외 기타 상품 전문 소매업,G47859,그 외 기타 분류 안된 상품 전문 소매업,46,전라남도,46840,무안군,46840340,현경면,4684034024,현경면,4684034024105270026,1,대지,527,26,전라남도 무안군 현경면 외반리 527-26,468403296042,전라남도 무안군 현경면 현해로,117,4,4684034024105270026000001,,전라남도 무안군 현경면 현해로 117-4,534844,58512,,,,126.408413851187,35.0215263894146
MA010120220809695039,동해필승사,,G2,소매,G221,기타 상품 소매,G22199,그 외 기타 상품 전문 소매업,G47859,그 외 기타 분류 안된 상품 전문 소매업,51,강원특별자치도,51170,동해시,51170520,송정동,5117010300,송정동,5117010300116800006,1,대지,1680,6,강원특별자치도 동해시 송정동 1680-6,511703221014,강원특별자치도 동해시 대동로,430,,4217010300016800000027903,복지관동,강원특별자치도 동해시 대동로 430,240806,25779,,4,,129.130542749569,37.5033949979592
MA010120220809713744,스카이라이프,,G2,소매,G221,기타 상품 소매,G22199,그 외 기타 상품 전문 소매업,G47859,그 외 기타 분류 안된 상품 전문 소매업,29,광주광역시,29170,북구,29170695,건국동,2917013600,용전동,2917013600110550000,1,대지,1055,,광주광역시 북구 용전동 1055,291704286583,광주광역시 북구 우치로880번길,33,,2917013600110550000000001,,광주광역시 북구 우치로880번길 33,500230,61042,,,,126.890624490468,35.2436898330861
MA010120220809698066,아토즈캠핑,이천점,G2,소매,G221,기타 상품 소매,G22199,그 외 기타 상품 전문 소매업,G47631,운동 및 경기용품 소매업,41,경기도,41500,이천시,41500330,호법면,4150033024,호법면,4150033024108640000,1,대지,864,,경기도 이천시 호법면 단천리 864,415003207080,경기도 이천시 호법면 프리미엄아울렛로,177,74,4150033024200460001000001,롯데프리미엄아울렛,경기도 이천시 호법면 프리미엄아울렛로 177-74,467821,17384,,3,,127.400028331438,37.2422245283455
MA010120220809692512,삼성유통,,G2,소매,G221,기타 상품 소매,G22199,그 외 기타 상품 전문 소매업,G47859,그 외 기타 분류 안된 상품 전문 소매업,41,경기도,41590,화성시,41590253,봉담읍,4159025333,봉담읍,4159025333102830003,1,대지,283,3,경기도 화성시 봉담읍 덕리 283-3,415903012004,경기도 화성시 봉담읍 삼천병마로,645,,4159025333102830003035909,,경기도 화성시 봉담읍 삼천병마로 645,445898,18336,,1,,126.932614520946,37.1663817878153
MA010120220809700845,오케이마켓,,G2,소매,G221,기타 상품 소매,G22199,그 외 기타 상품 전문 소매업,G47859,그 외 기타 분류 안된 상품 전문 소매업,27,대구광역시,27140,동구,27140590,효목1동,2714010300,효목동,2714010300100460010,1,대지,46,10,대구광역시 동구 효목동 46-10,271403007005,대구광역시 동구 동북로,465,,2714010300100460010022744,,대구광역시 동구 동북로 465,701841,41174,,1,,128.636381603759,35.8825532214295
MA010120220809717921,에스아이티,,G2,소매,G221,기타 상품 소매,G22199,그 외 기타 상품 전문 소매업,G47859,그 외 기타 분류 안된 상품 전문 소매업,41,경기도,41500,이천시,41500350,대월면,4150035027,대월면,4150035027105350010,1,대지,535,10,경기도 이천시 대월면 대대리 535-10,415003207063,경기도 이천시 대월면 대장로,205,13,4150035027105350010001933,,경기도 이천시 대월면 대장로 205-13,467852,17401,,,,127.470449100801,37.2229627920942
MA010120220809715498,케이엠인터내셔널,,G2,소매,G221,기타 상품 소매,G22199,그 외 기타 상품 전문 소매업,G47859,그 외 기타 분류 안된 상품 전문 소매업,11,서울특별시,11650,서초구,11650621,방배4동,1165010100,방배동,1165010100108530023,1,대지,853,23,서울특별시 서초구 방배동 853-23,116504163260,서울특별시 서초구 방배로25길,20,,1165010100108530023009953,,서울특별시 서초구 방배로25길 20,137837,06572,,2,,126.991700487286,37.4885648170419
MA010120220809693143,더조은에스앤씨,,G2,소매,G221,기타 상품 소매,G22199,그 외 기타 상품 전문 소매업,G47859,그 외 기타 분류 안된 상품 전문 소매업,43,충청북도,43720,보은군,43720360,수한면,4372036035,수한면,4372036035100570003,1,대지,57,3,충청북도 보은군 수한면 산척리 57-3,437204523201,충청북도 보은군 수한면 산척1길,43,5,4372036035100570003101151,,충청북도 보은군 수한면 산척1길 43-5,376882,28919,,,,127.66879905699,36.4920114466294
MA010120220809682641,조은타이,,G2,소매,G221,기타 상품 소매,G22199,그 외 기타 상품 전문 소매업,G47859,그 외 기타 분류 안된 상품 전문 소매업,47,경상북도,47190,구미시,47190253,고아읍,4719025332,고아읍,4719025332111790000,1,대지,1179,,경상북도 구미시 고아읍 문성리 1179,471903308013,경상북도 구미시 고아읍 들성로,219,,4719025332111790000000002,,경상북도 구미시 고아읍 들성로 219,730814,39146,,2,,128.344435646369,36.1608750172251
MA010120220809711658,천우사,,G2,소매,G221,기타 상품 소매,G22199,그 외 기타 상품 전문 소매업,G47859,그 외 기타 분류 안된 상품 전문 소매업,51,강원특별자치도,51790,화천군,51790340,사내면,5179034021,사내면,5179034021104200001,1,대지,420,1,강원특별자치도 화천군 사내면 사창리 420-1,517903231009,강원특별자치도 화천군 사내면 사내로,10,13,4279034021000000000013390,,강원특별자치도 화천군 사내면 사내로 10-13,209834,24154,,,,127.522876064588,38.0715324792841
MA010120220809725424,백제한약방,,G2,소매,G221,기타 상품 소매,G22199,그 외 기타 상품 전문 소매업,G47859,그 외 기타 분류 안된 상품 전문 소매업,44,충청남도,44270,당진시,44270510,당진1동,4427010600,수청동,4427010600101420002,1,대지,142,2,충청남도 당진시 수청동 142-2,442703265118,충청남도 당진시 남부로,367,,4427010600101420002000001,,충청남도 당진시 남부로 367,343050,31817,,,,126.655893525376,36.8840273584487
MA010120220809756170,제이퓨딜,,G2,소매,G221,기타 상품 소매,G22199,그 외 기타 상품 전문 소매업,G47859,그 외 기타 분류 안된 상품 전문 소매업,30,대전광역시,30170,서구,30170555,탄방동,3017010600,탄방동,3017010600105900000,1,대지,590,,대전광역시 서구 탄방동 590,301703166022,대전광역시 서구 둔산중로,19,,3017010600105900000022760,샤크존,대전광역시 서구 둔산중로 19,302858,35259,,,,127.386171373118,36.348218567985
MA010120220809750840,핑크하우스,,G2,소매,G221,기타 상품 소매,G22199,그 외 기타 상품 전문 소매업,G47859,그 외 기타 분류 안된 상품 전문 소매업,31,울산광역시,31140,남구,31140530,신정3동,3114010400,신정동,3114010400105160021,1,대지,516,21,울산광역시 남구 신정동 516-21,311403170046,울산광역시 남구 월평로,55,,3114010400105160021009228,,울산광역시 남구 월평로 55,680824,44683,,2,,129.311619040658,35.5420587318177
MA010120220809756717,도담버블파티,,G2,소매,G221,기타 상품 소매,G22199,그 외 기타 상품 전문 소매업,G47859,그 외 기타 분류 안된 상품 전문 소매업,11,서울특별시,11710,송파구,11710642,문정2동,1171010800,문정동,1171010800106450002,1,대지,645,2,서울특별시 송파구 문정동 645-2,117104853404,서울특별시 송파구 법원로9길,26,,1171010800103770001000001,이치비지니스파크,서울특별시 송파구 법원로9길 26,138888,05836,,,,127.116627130788,37.4840565660861
MA010120220809763088,승훈상사,,G2,소매,G221,기타 상품 소매,G22199,그 외 기타 상품 전문 소매업,G47859,그 외 기타 분류 안된 상품 전문 소매업,47,경상북도,47113,포항시 북구,47113690,두호동,4711312000,두호동,4711312000110830001,1,대지,1083,1,경상북도 포항시 북구 두호동 1083-1,471134712483,경상북도 포항시 북구 용두산길,14,,4711312000110830001114691,,경상북도 포항시 북구 용두산길 14,791804,37610,,,,129.382199060252,36.0652196416418
MA010120220809734652,광려산유황수,,G2,소매,G221,기타 상품 소매,G22199,그 외 기타 상품 전문 소매업,G47859,그 외 기타 분류 안된 상품 전문 소매업,48,경상남도,48125,창원시 마산합포구,48125330,진북면,4812533033,진북면,4812533033201300000,2,산,130,,경상남도 창원시 마산합포구 진북면 추곡리 산130,481254787742,경상남도 창원시 마산합포구 진북면 추곡1길,353,110,4812533033201300000000003,,경상남도 창원시 마산합포구 진북면 추곡1길 353-110,631822,51788,,,,128.486126234373,35.1650020050778
MA010120220809732059,이천고려불교,,G2,소매,G221,기타 상품 소매,G22199,그 외 기타 상품 전문 소매업,G47859,그 외 기타 분류 안된 상품 전문 소매업,41,경기도,41500,이천시,41500520,중리동,4150010300,중리동,4150010300101920003,1,대지,192,3,경기도 이천시 중리동 192-3,415004421396,경기도 이천시 서희로48번길,18,2,4150010300101920003009853,,경기도 이천시 서희로48번길 18-2,467808,17374,,1,,127.443604329104,37.2796334705828
MA010120220809751505,대전리본,,G2,소매,G221,기타 상품 소매,G22199,그 외 기타 상품 전문 소매업,G47859,그 외 기타 분류 안된 상품 전문 소매업,30,대전광역시,30170,서구,30170650,만년동,3017012800,만년동,3017012800103030000,1,대지,303,,대전광역시 서구 만년동 303,301704298354,대전광역시 서구 만년로67번길,36,,3017012800103030000019331,,대전광역시 서구 만년로67번길 36,302834,35203,,2,,127.380570451465,36.3693330126933
MA010120220809754225,뉴키행복,,G2,소매,G221,기타 상품 소매,G22199,그 외 기타 상품 전문 소매업,G47859,그 외 기타 분류 안된 상품 전문 소매업,27,대구광역시,27140,동구,27140742,안심3동,2714012400,신서동,2714012400105570003,1,대지,557,3,대구광역시 동구 신서동 557-3,271403142011,대구광역시 동구 동호로,151,,2714012400105570003000001,,대구광역시 동구 동호로 151,701869,41088,,,,128.732108548326,35.8683425788878
MA010120220809746414,곡성석곡농약사,,G2,소매,G221,기타 상품 소매,G22199,그 외 기타 상품 전문 소매업,G47859,그 외 기타 분류 안된 상품 전문 소매업,46,전라남도,46720,곡성군,46720330,석곡면,4672033021,석곡면,4672033021102360007,1,대지,236,7,전라남도 곡성군 석곡면 석곡리 236-7,467203287015,전라남도 곡성군 석곡면 석곡로,39,,4672033021105330052017536,,전라남도 곡성군 석곡면 석곡로 39,516851,57560,,,,127.253293768852,35.1304265569781
MA010120220809729528,에스케이안전용품,,G2,소매,G221,기타 상품 소매,G22199,그 외 기타 상품 전문 소매업,G47859,그 외 기타 분류 안된 상품 전문 소매업,46,전라남도,46230,광양시,46230530,중마동,4623010600,중동,4623010600113060007,1,대지,1306,7,전라남도 광양시 중동 1306-7,462303285041,전라남도 광양시 중마중앙로,112,,4623010600113060007007811,,전라남도 광양시 중마중앙로 112,545879,57786,,,,127.698273879802,34.9402423506504
MA010120220809761847,은하수장례몰,,G2,소매,G221,기타 상품 소매,G22199,그 외 기타 상품 전문 소매업,G47859,그 외 기타 분류 안된 상품 전문 소매업,41,경기도,41281,고양시 덕양구,41281590,고양동,4128111700,대자동,4128111700103110008,1,대지,311,8,경기도 고양시 덕양구 대자동 311-8,412813000136,경기도 고양시 덕양구 호국로,1373,,4128111700103110008009096,좌측,경기도 고양시 덕양구 호국로 1373,412801,10283,,1,,126.888666953688,37.6799646113761
MA010120220809721378,인영홍삼,,G2,소매,G221,기타 상품 소매,G22199,그 외 기타 상품 전문 소매업,G47859,그 외 기타 분류 안된 상품 전문 소매업,44,충청남도,44710,금산군,44710250,금산읍,4471025021,금산읍,4471025021106760004,1,대지,676,4,충청남도 금산군 금산읍 신대리 676-4,447103257042,충청남도 금산군 금산읍 인삼광장로,35,,4471025021106760004000001,,충청남도 금산군 금산읍 인삼광장로 35,312804,32739,,,,127.49969053095,36.1002950978693
MA010120220809733026,영유사,,G2,소매,G221,기타 상품 소매,G22199,그 외 기타 상품 전문 소매업,G47422,의복 액세서리 및 모조 장신구 소매업,52,전북특별자치도,52730,무주군,52730340,안성면,5273034021,안성면,5273034021115110006,1,대지,1511,6,전북특별자치도 무주군 안성면 장기리 1511-6,527303275050,전북특별자치도 무주군 안성면 칠연로,38,,4573034021115110006006737,덕유산장터,전북특별자치도 무주군 안성면 칠연로 38,568845,55535,,,,127.653536649683,35.8662744614914
MA010120220809749580,혁안경테,,G2,소매,G221,기타 상품 소매,G22199,그 외 기타 상품 전문 소매업,G47859,그 외 기타 분류 안된 상품 전문 소매업,11,서울특별시,11290,성북구,11290715,월곡1동,1129013600,하월곡동,1129013600100700202,1,대지,70,202,서울특별시 성북구 하월곡동 70-202,112903005044,서울특별시 성북구 오패산로,49,,1129013600100700202018157,,서울특별시 성북구 오패산로 49,136868,02738,,,,127.036432689567,37.6064011262875
MA010120220809722062,약초마을,,G2,소매,G221,기타 상품 소매,G22199,그 외 기타 상품 전문 소매업,G47859,그 외 기타 분류 안된 상품 전문 소매업,26,부산광역시,26530,사상구,26530620,괘법동,2653010400,괘법동,2653010400105290001,1,대지,529,1,부산광역시 사상구 괘법동 529-1,265303139003,부산광역시 사상구 광장로,7,,2653010400105290001008082,르네시떼시떼관,부산광역시 사상구 광장로 7,617725,46970,,1,,128.977721218153,35.1643345532276
MA010120220809730613,태림소방자재,,G2,소매,G221,기타 상품 소매,G22199,그 외 기타 상품 전문 소매업,G47859,그 외 기타 분류 안된 상품 전문 소매업,28,인천광역시,28177,미추홀구,28177680,주안7동,2817710500,주안동,2817710500114270023,1,대지,1427,23,인천광역시 미추홀구 주안동 1427-23,281772008004,인천광역시 미추홀구 인주대로,350,,2817010600114270023194412,,인천광역시 미추홀구 인주대로 350,402852,22214,,,,126.675383319893,37.4514211346311
MA010120220809744724,봉계농약사,,G2,소매,G221,기타 상품 소매,G22199,그 외 기타 상품 전문 소매업,G47859,그 외 기타 분류 안된 상품 전문 소매업,31,울산광역시,31710,울주군,31710360,두동면,3171036026,두동면,3171036026104770006,1,대지,477,6,울산광역시 울주군 두동면 봉계리 477-6,317103173005,울산광역시 울주군 두동면 계명로,114,,3171036026104770006023193,,울산광역시 울주군 두동면 계명로 114,689843,44914,,,,129.20058923938,35.7147643901249
MA010120220809719428,조선방재,,G2,소매,G221,기타 상품 소매,G22199,그 외 기타 상품 전문 소매업,G47859,그 외 기타 분류 안된 상품 전문 소매업,28,인천광역시,28140,동구,28140570,송현3동,2814010300,송현동,2814010300101290000,1,대지,129,,인천광역시 동구 송현동 129,281404250066,인천광역시 동구 방축로37번길,30,,2814010300101290000001672,인천산업용품유통단지,인천광역시 동구 방축로37번길 30,401704,22530,,,,126.652754921392,37.4861987386311
MA010120220809728059,휴켐,,G2,소매,G221,기타 상품 소매,G22199,그 외 기타 상품 전문 소매업,G47859,그 외 기타 분류 안된 상품 전문 소매업,41,경기도,41390,시흥시,41390550,매화동,4139011000,금이동,4139011000101350001,1,대지,135,1,경기도 시흥시 금이동 135-1,413903000064,경기도 시흥시 수인로,2732,16,4139011000101350001002062,,경기도 시흥시 수인로 2732-16,429816,14931,,,,126.830339293983,37.4065772380017
MA010120220809771911,태성농자재,,G2,소매,G221,기타 상품 소매,G22199,그 외 기타 상품 전문 소매업,G47859,그 외 기타 분류 안된 상품 전문 소매업,44,충청남도,44131,천안시 동남구,44131310,풍세면,4413131025,풍세면,4413131025101380000,1,대지,138,,충청남도 천안시 동남구 풍세면 남관리 138,441313249067,충청남도 천안시 동남구 풍세면 풍세로,471,,4413131025101380000051111,,충청남도 천안시 동남구 풍세면 풍세로 471,330911,31213,,1,,127.127273158324,36.7552924241959
MA010120220809780251,케이앤씨K&C상사,,G2,소매,G221,기타 상품 소매,G22199,그 외 기타 상품 전문 소매업,G47859,그 외 기타 분류 안된 상품 전문 소매업,11,서울특별시,11500,강서구,11500540,화곡1동,1150010300,화곡동,1150010300109380018,1,대지,938,18,서울특별시 강서구 화곡동 938-18,115003005063,서울특별시 강서구 곰달래로,52,,1150010300109380018024780,,서울특별시 강서구 곰달래로 52,157910,07775,,,,126.838590572111,37.5299640944621
MA010120220809764161,안동농약종묘사,,G2,소매,G221,기타 상품 소매,G22199,그 외 기타 상품 전문 소매업,G47859,그 외 기타 분류 안된 상품 전문 소매업,47,경상북도,47920,봉화군,47920250,봉화읍,4792025031,봉화읍,4792025031104260011,1,대지,426,11,경상북도 봉화군 봉화읍 내성리 426-11,479203309081,경상북도 봉화군 봉화읍 봉화로,1135,1,4792025031104260011025625,,경상북도 봉화군 봉화읍 봉화로 1135-1,755805,36239,,,,128.734411223992,36.8912927766987
MA010120220809788422,메디크로스,,G2,소매,G221,기타 상품 소매,G22199,그 외 기타 상품 전문 소매업,G47859,그 외 기타 분류 안된 상품 전문 소매업,11,서울특별시,11650,서초구,11650530,서초3동,1165010800,서초동,1165010800117030009,1,대지,1703,9,서울특별시 서초구 서초동 1703-9,116504163412,서울특별시 서초구 서초대로49길,17,,1165010800117030009000001,주안빌딩,서울특별시 서초구 서초대로49길 17,137884,06596,,,,127.011364731094,37.4948806237344
MA010120220809775628,연재불교용품,,G2,소매,G221,기타 상품 소매,G22199,그 외 기타 상품 전문 소매업,G47859,그 외 기타 분류 안된 상품 전문 소매업,47,경상북도,47130,경주시,47130320,양남면,4713032032,양남면,4713032032109850000,1,대지,985,,경상북도 경주시 양남면 환서리 985,471304715115,경상북도 경주시 양남면 구만길,187,,4713032032109850000089532,,경상북도 경주시 양남면 구만길 187,780841,38216,,,,129.439342885489,35.7060149248333
MA010120220809806539,더블디,,G2,소매,G221,기타 상품 소매,G22199,그 외 기타 상품 전문 소매업,G47859,그 외 기타 분류 안된 상품 전문 소매업,41,경기도,41480,파주시,41480510,금촌1동,4148010100,금촌동,4148010100103290292,1,대지,329,292,경기도 파주시 금촌동 329-292,414803206108,경기도 파주시 금정로,108,,4148010100103290292000001,,경기도 파주시 금정로 108,413801,10929,,,,126.771816317264,37.7640191270052
MA010120220809795098,당산쑥뜸,,G2,소매,G221,기타 상품 소매,G22199,그 외 기타 상품 전문 소매업,S96999,그 외 기타 달리 분류되지 않은 개인 서비스업,26,부산광역시,26260,동래구,26260600,사직3동,2626010900,사직동,2626010900101500040,1,대지,150,40,부산광역시 동래구 사직동 150-40,262604190453,부산광역시 동래구 중앙대로1267번길,100,1,2626010900101500040006805,,부산광역시 동래구 중앙대로1267번길 100-1,607818,47829,,,,129.072373269829,35.1989692393321
MA010120220809800455,한그루,,G2,소매,G221,기타 상품 소매,G22199,그 외 기타 상품 전문 소매업,G47859,그 외 기타 분류 안된 상품 전문 소매업,48,경상남도,48330,양산시,48330253,물금읍,4833025321,물금읍,4833025321108890010,1,대지,889,10,경상남도 양산시 물금읍 물금리 889-10,483303338089,경상남도 양산시 물금읍 황산로,310,,4833025321108890010000001,,경상남도 양산시 물금읍 황산로 310,626812,50657,,1,,128.988962714469,35.3052819613446
MA010120220809776080,까시-나,,G2,소매,G221,기타 상품 소매,G22199,그 외 기타 상품 전문 소매업,G47859,그 외 기타 분류 안된 상품 전문 소매업,11,서울특별시,11290,성북구,11290525,성북동,1129010100,성북동,1129010100103420000,1,대지,342,,서울특별시 성북구 성북동 342,112904121349,서울특별시 성북구 성북로31가길,82,,1129010100103420000000007,팔정,서울특별시 성북구 성북로31가길 82,136824,02878,,,,126.984905762741,37.5962245905217
MA010120220809776219,규영,,G2,소매,G221,기타 상품 소매,G22199,그 외 기타 상품 전문 소매업,G47859,그 외 기타 분류 안된 상품 전문 소매업,48,경상남도,48840,남해군,48840310,이동면,4884031022,이동면,4884031022111670000,1,대지,1167,,경상남도 남해군 이동면 초음리 1167,488404829385,경상남도 남해군 이동면 초음로45번길,2,1,4884031022111670000018330,,경상남도 남해군 이동면 초음로45번길 2-1,668812,52430,,,,127.93116465457,34.8203499392727
MA010120220809786843,지키미,,G2,소매,G221,기타 상품 소매,G22199,그 외 기타 상품 전문 소매업,G47859,그 외 기타 분류 안된 상품 전문 소매업,31,울산광역시,31140,남구,31140570,삼산동,3114010600,삼산동,3114010600101700009,1,대지,170,9,울산광역시 남구 삼산동 170-9,311403170015,울산광역시 남구 돋질로,433,,3114010600101700009000001,비씨월드,울산광역시 남구 돋질로 433,680813,44711,,,,129.352223833018,35.5432374305986
MA010120220809787179,자선네,,G2,소매,G221,기타 상품 소매,G22199,그 외 기타 상품 전문 소매업,G47859,그 외 기타 분류 안된 상품 전문 소매업,28,인천광역시,28710,강화군,28710250,강화읍,2871025025,강화읍,2871025025110760006,1,대지,1076,6,인천광역시 강화군 강화읍 갑곳리 1076-6,287102157001,인천광역시 강화군 강화읍 강화대로,96,,2871025025110760006018136,,인천광역시 강화군 강화읍 강화대로 96,417942,23026,,,,126.518953110087,37.7371844690474
MA010120220809789703,재령약업사,,G2,소매,G221,기타 상품 소매,G22199,그 외 기타 상품 전문 소매업,G47859,그 외 기타 분류 안된 상품 전문 소매업,11,서울특별시,11230,동대문구,11230545,제기동,1123010300,제기동,1123010300111410054,1,대지,1141,54,서울특별시 동대문구 제기동 1141-54,112303105007,서울특별시 동대문구 약령중앙로,19,9,1123010300111410054031472,,서울특별시 동대문구 약령중앙로 19-9,130864,02569,,2,,127.036589712909,37.5801551863054
MA010120220809806654,성인용품,,G2,소매,G221,기타 상품 소매,G22199,그 외 기타 상품 전문 소매업,G47859,그 외 기타 분류 안된 상품 전문 소매업,41,경기도,41273,안산시 단원구,41273590,선부2동,4127310900,선부동,4127310900110280000,1,대지,1028,,경기도 안산시 단원구 선부동 1028,412733191042,경기도 안산시 단원구 선이로,14,,4127310900110280000008010,안산제1종합시장,경기도 안산시 단원구 선이로 14,425828,15220,,,,126.803624947959,37.342355953632
MA010120220809806704,인제종합비료,대리점,G2,소매,G221,기타 상품 소매,G22199,그 외 기타 상품 전문 소매업,G47859,그 외 기타 분류 안된 상품 전문 소매업,51,강원특별자치도,51810,인제군,51810250,인제읍,5181025027,인제읍,5181025027102390000,1,대지,239,,강원특별자치도 인제군 인제읍 귀둔리 239,518104499009,강원특별자치도 인제군 인제읍 곰배골길,83,,4281025027002390000006747,,강원특별자치도 인제군 인제읍 곰배골길 83,252804,24644,,,,128.388474968779,38.0169554320598
MA010120220809787319,미암상사,,G2,소매,G221,기타 상품 소매,G22199,그 외 기타 상품 전문 소매업,G47859,그 외 기타 분류 안된 상품 전문 소매업,44,충청남도,44760,부여군,44760340,내산면,4476034023,내산면,4476034023100210005,1,대지,21,5,충청남도 부여군 내산면 저동리 21-5,447604577374,충청남도 부여군 내산면 성충로미암길,128,,4476034023100210005019372,,충청남도 부여군 내산면 성충로미암길 128,323881,33194,,,,126.767688239797,36.2792796144164
MA010120220809782400,논산인삼연쇄점,,G2,소매,G221,기타 상품 소매,G22199,그 외 기타 상품 전문 소매업,G47859,그 외 기타 분류 안된 상품 전문 소매업,44,충청남도,44230,논산시,44230510,취암동,4423010100,화지동,4423010100100870005,1,대지,87,5,충청남도 논산시 화지동 87-5,442304565810,충청남도 논산시 중앙로500번길,14,1,4423010100100870005000001,,충청남도 논산시 중앙로500번길 14-1,320802,32967,,,,127.084046215199,36.2076683642179
MA010120220809782447,쿨베이핑덕소점,,G2,소매,G221,기타 상품 소매,G22199,그 외 기타 상품 전문 소매업,G47859,그 외 기타 분류 안된 상품 전문 소매업,41,경기도,41360,남양주시,41360250,와부읍,4136025021,와부읍,4136025021105110001,1,대지,511,1,경기도 남양주시 와부읍 덕소리 511-1,413603197017,경기도 남양주시 와부읍 덕소로,107,,4136025021105110001017794,덕소빌딩,경기도 남양주시 와부읍 덕소로 107,472901,12214,,,,127.212350553574,37.5845919485637
MA010120220809799166,부농바이오,,G2,소매,G221,기타 상품 소매,G22199,그 외 기타 상품 전문 소매업,G47859,그 외 기타 분류 안된 상품 전문 소매업,44,충청남도,44230,논산시,44230310,성동면,4423031031,성동면,4423031031100160006,1,대지,16,6,충청남도 논산시 성동면 삼호리 16-6,442304565445,충청남도 논산시 성동면 삼호길,231,45,4423031031100160006033778,,충청남도 논산시 성동면 삼호길 231-45,320943,32926,,,,127.058602714955,36.1919935738457
MA010120220809774606,태양일렉스,,G2,소매,G221,기타 상품 소매,G22199,그 외 기타 상품 전문 소매업,G47859,그 외 기타 분류 안된 상품 전문 소매업,30,대전광역시,30170,서구,30170593,도안동,3017011500,도안동,3017011500112030000,1,대지,1203,,대전광역시 서구 도안동 1203,301704298644,대전광역시 서구 원도안로207번길,25,18,3017011500112030000000001,,대전광역시 서구 원도안로207번길 25-18,302318,35352,,2,,127.342641621066,36.3215142163081
MA010120220809774609,금산수삼센타도매17호,,G2,소매,G221,기타 상품 소매,G22199,그 외 기타 상품 전문 소매업,G47859,그 외 기타 분류 안된 상품 전문 소매업,44,충청남도,44710,금산군,44710250,금산읍,4471025022,금산읍,4471025022100240000,1,대지,24,,충청남도 금산군 금산읍 중도리 24,447103257044,충청남도 금산군 금산읍 인삼약초로,24,,4471025022100240000017736,도매,충청남도 금산군 금산읍 인삼약초로 24,312806,32739,,,,127.496457788994,36.1001012577521
MA010120220809799418,천왕불교사,,G2,소매,G221,기타 상품 소매,G22199,그 외 기타 상품 전문 소매업,G47859,그 외 기타 분류 안된 상품 전문 소매업,48,경상남도,48240,사천시,48240250,사천읍,4824025022,사천읍,4824025022103900024,1,대지,390,24,경상남도 사천시 사천읍 정의리 390-24,482404802596,경상남도 사천시 사천읍 정의1길,7,,4824025022103900024060298,,경상남도 사천시 사천읍 정의1길 7,664807,52518,,,,128.089149493947,35.0838321762695
MA010120220809821287,민쓰마켓,,G2,소매,G221,기타 상품 소매,G22199,그 외 기타 상품 전문 소매업,G47859,그 외 기타 분류 안된 상품 전문 소매업,52,전북특별자치도,52140,익산시,52140646,영등1동,5214012200,영등동,5214012200102600022,1,대지,260,22,전북특별자치도 익산시 영등동 260-22,521403269008,전북특별자치도 익산시 동서로,353,,4514012200102600022050990,,전북특별자치도 익산시 동서로 353,570979,54644,,2,,126.972578200474,35.9503328107674
MA010120220809826814,수석갤러리,,G2,소매,G221,기타 상품 소매,G22199,그 외 기타 상품 전문 소매업,G47859,그 외 기타 분류 안된 상품 전문 소매업,43,충청북도,43150,제천시,43150528,중앙동,4315010800,명동,4315010800102270004,1,대지,227,4,충청북도 제천시 명동 227-4,431502239002,충청북도 제천시 의림대로,55,,4315010800102270004028708,,충청북도 제천시 의림대로 55,390050,27185,,1,,128.207633114469,37.1330731751229
MA010120220809837643,"제이에스푸드인삼,약초사업부",,G2,소매,G221,기타 상품 소매,G22199,그 외 기타 상품 전문 소매업,G47859,그 외 기타 분류 안된 상품 전문 소매업,44,충청남도,44710,금산군,44710250,금산읍,4471025021,금산읍,4471025021106780000,1,대지,678,,충청남도 금산군 금산읍 신대리 678,447103257042,충청남도 금산군 금산읍 인삼광장로,19,,4471025021103840000017770,,충청남도 금산군 금산읍 인삼광장로 19,312804,32724,,,,127.501744411174,36.0984660745794
MA010120220809847867,유월,,G2,소매,G221,기타 상품 소매,G22199,그 외 기타 상품 전문 소매업,G47859,그 외 기타 분류 안된 상품 전문 소매업,11,서울특별시,11140,중구,11140625,다산동,1114016200,신당동,1114016200104321866,1,대지,432,1866,서울특별시 중구 신당동 432-1866,111404103094,서울특별시 중구 동호로17길,121,,1114016200104321866000161,,서울특별시 중구 동호로17길 121,100835,04603,,2,,127.004617371813,37.553806637233
MA010120220809840721,일천고지산양산삼,,G2,소매,G221,기타 상품 소매,G22199,그 외 기타 상품 전문 소매업,G47859,그 외 기타 분류 안된 상품 전문 소매업,48,경상남도,48880,거창군,48880400,가조면,4888040025,가조면,4888040025112680000,1,대지,1268,,경상남도 거창군 가조면 일부리 1268,488804841429,경상남도 거창군 가조면 온천길,150,,4888040025112680000000001,,경상남도 거창군 가조면 온천길 150,670912,50118,,,,128.023044421751,35.6992502912568
MA010120220809814140,경북복지용구사업소,,G2,소매,G221,기타 상품 소매,G22199,그 외 기타 상품 전문 소매업,G47859,그 외 기타 분류 안된 상품 전문 소매업,47,경상북도,47280,문경시,47280570,점촌1동,4728010100,점촌동,4728010100102350007,1,대지,235,7,경상북도 문경시 점촌동 235-7,472804736622,경상북도 문경시 점촌1길,14,1,4728010100102350007024418,,경상북도 문경시 점촌1길 14-1,745888,36971,,,,128.198296680566,36.5962338988017
MA010120220809835832,인삼,코리아,G2,소매,G221,기타 상품 소매,G22199,그 외 기타 상품 전문 소매업,G47859,그 외 기타 분류 안된 상품 전문 소매업,44,충청남도,44710,금산군,44710250,금산읍,4471025022,금산읍,4471025022100080001,1,대지,8,1,충청남도 금산군 금산읍 중도리 8-1,447103257044,충청남도 금산군 금산읍 인삼약초로,45,,4471025022100080001020658,,충청남도 금산군 금산읍 인삼약초로 45,312806,32739,,,,127.498324032177,36.1019590115178
MA010120220809811789,수원/화성만능수도누수설비,,G2,소매,G221,기타 상품 소매,G22199,그 외 기타 상품 전문 소매업,G47859,그 외 기타 분류 안된 상품 전문 소매업,41,경기도,41590,화성시,41590570,화산동,4159012200,황계동,4159012200101490035,1,대지,149,35,경기도 화성시 황계동 149-35,415904431420,경기도 화성시 황계길,150,7,4159012200001490035018559,,경기도 화성시 황계길 150-7,445400,18347,,,,127.018490067732,37.2235983281732
MA010120220809822643,영가방,,G2,소매,G221,기타 상품 소매,G22199,그 외 기타 상품 전문 소매업,G47859,그 외 기타 분류 안된 상품 전문 소매업,41,경기도,41390,시흥시,41390589,정왕본동,4139013200,정왕동,4139013200111690005,1,대지,1169,5,경기도 시흥시 정왕동 1169-5,413904397568,경기도 시흥시 정왕천로443번길,11,,4139013200111690005018186,,경기도 시흥시 정왕천로443번길 11,429455,15052,,,,126.753254371374,37.3471722218045
MA010120220809817575,글로벌플랫폼솔루션,,G2,소매,G221,기타 상품 소매,G22199,그 외 기타 상품 전문 소매업,G47859,그 외 기타 분류 안된 상품 전문 소매업,11,서울특별시,11680,강남구,11680545,압구정동,1168010700,신사동,1168010700105910019,1,대지,591,19,서울특별시 강남구 신사동 591-19,116804166150,서울특별시 강남구 논현로158길,6,1,1168010700105910019011119,아크빌딩,서울특별시 강남구 논현로158길 6-1,135893,06025,,3,,127.028868886636,37.521853727309
MA010120220809822803,햇사레농약사,,G2,소매,G221,기타 상품 소매,G22199,그 외 기타 상품 전문 소매업,G47859,그 외 기타 분류 안된 상품 전문 소매업,41,경기도,41500,이천시,41500250,장호원읍,4150025021,장호원읍,4150025021100890003,1,대지,89,3,경기도 이천시 장호원읍 장호원리 89-3,415004421373,경기도 이천시 장호원읍 서동대로8975번길,2,,4150025021100890003022015,,경기도 이천시 장호원읍 서동대로8975번길 2,467902,17420,,,,127.632382639957,37.1134621305792
MA010120220809817623,참하나엠에스,,G2,소매,G221,기타 상품 소매,G22199,그 외 기타 상품 전문 소매업,G47859,그 외 기타 분류 안된 상품 전문 소매업,11,서울특별시,11530,구로구,11530540,구로3동,1153010200,구로동,1153010200102220007,1,대지,222,7,서울특별시 구로구 구로동 222-7,115304148337,서울특별시 구로구 디지털로32길,30,,1153010200102220007022937,코오롱디지털타워,서울특별시 구로구 디지털로32길 30,152777,08390,,8,,126.896523305562,37.483393059003
MA010120220809825765,담덕컴퍼니,,G2,소매,G221,기타 상품 소매,G22199,그 외 기타 상품 전문 소매업,G47859,그 외 기타 분류 안된 상품 전문 소매업,41,경기도,41111,수원시 장안구,41111591,송죽동,4111113500,송죽동,4111113500102770057,1,대지,277,57,경기도 수원시 장안구 송죽동 277-57,411114322086,경기도 수원시 장안구 만석로159번길,20,2,4111113500102770057046370,,경기도 수원시 장안구 만석로159번길 20-2,440800,16301,,,,126.997574946866,37.3024679807807
MA010120220809844605,핑크러브,,G2,소매,G221,기타 상품 소매,G22199,그 외 기타 상품 전문 소매업,G47859,그 외 기타 분류 안된 상품 전문 소매업,43,충청북도,43150,제천시,43150547,영서동,4315011000,영천동,4315011000105550000,1,대지,555,,충청북도 제천시 영천동 555,431503239010,충청북도 제천시 내토로,436,,4315011000105550000024391,,충청북도 제천시 내토로 436,390120,27194,,,,128.205739244149,37.130029029789
MA010120220809849646,24시성인용품,,G2,소매,G221,기타 상품 소매,G22199,그 외 기타 상품 전문 소매업,G47859,그 외 기타 분류 안된 상품 전문 소매업,41,경기도,41194,부천시 소사구,41194530,소사본동,4119410100,소사본동,4119410100102310009,1,대지,231,9,경기도 부천시 소사구 소사본동 231-9,411943012096,경기도 부천시 소사구 소사로,137,1,4119710100102310009041537,일부,경기도 부천시 소사구 소사로 137-1,422833,14761,,1,,126.795761308455,37.4705396099953
MA010120220809809729,경북비료농자재,,G2,소매,G221,기타 상품 소매,G22199,그 외 기타 상품 전문 소매업,G47859,그 외 기타 분류 안된 상품 전문 소매업,47,경상북도,47210,영주시,47210370,순흥면,4721037026,순흥면,4721037026104460000,1,대지,446,,경상북도 영주시 순흥면 청구리 446,472104727645,경상북도 영주시 순흥면 청구길,89,,4721037026104460000000001,,경상북도 영주시 순흥면 청구길 89,750812,36013,,,,128.57941658233,36.9345041488403
MA010120220809825956,씨앗과나무,,G2,소매,G221,기타 상품 소매,G22199,그 외 기타 상품 전문 소매업,G47859,그 외 기타 분류 안된 상품 전문 소매업,31,울산광역시,31140,남구,31140540,신정4동,3114010400,신정동,3114010400107660004,1,대지,766,4,울산광역시 남구 신정동 766-4,311404310439,울산광역시 남구 삼산로56번길,13,,3114010400107660004030151,,울산광역시 남구 삼산로56번길 13,680829,44730,,2,,129.314381498115,35.5326887294188
MA010120220809844966,3M비전,,G2,소매,G221,기타 상품 소매,G22199,그 외 기타 상품 전문 소매업,G47859,그 외 기타 분류 안된 상품 전문 소매업,41,경기도,41590,화성시,41590590,동탄5동,4159013100,영천동,4159013100108390001,1,대지,839,1,경기도 화성시 영천동 839-1,415903012058,경기도 화성시 동탄기흥로,570,6,4159013100103580030000001,골든아이타워,경기도 화성시 동탄기흥로 570-6,445130,18469,,4,,127.093167128396,37.2109214109664
MA010120220809818116,북극성,,G2,소매,G221,기타 상품 소매,G22199,그 외 기타 상품 전문 소매업,G47859,그 외 기타 분류 안된 상품 전문 소매업,27,대구광역시,27170,서구,27170610,비산7동,2717010200,비산동,2717010200120080116,1,대지,2008,116,대구광역시 서구 비산동 2008-116,271704229250,대구광역시 서구 염색공단로11길,21,11,2717010200120080116029593,,대구광역시 서구 염색공단로11길 21-11,703825,41709,,,,128.553147996889,35.8861367241234
MA010120220809829223,아뜰리에피엘라,,G2,소매,G221,기타 상품 소매,G22199,그 외 기타 상품 전문 소매업,G47859,그 외 기타 분류 안된 상품 전문 소매업,51,강원특별자치도,51780,철원군,51780259,동송읍,5178025921,동송읍,5178025921107640000,1,대지,764,,강원특별자치도 철원군 동송읍 이평리 764,517804490025,강원특별자치도 철원군 동송읍 금학로157번길,35,,4278025921107640000000001,경남아너스빌,강원특별자치도 철원군 동송읍 금학로157번길 35,269816,24020,,,,127.218646727262,38.2000696158067
MA010120220809834667,나사휠터대구,,G2,소매,G221,기타 상품 소매,G22199,그 외 기타 상품 전문 소매업,G45220,자동차 중고 부품 및 내장품 판매업,27,대구광역시,27110,중구,27110650,남산2동,2711015600,남산동,2711015600106180035,1,대지,618,35,대구광역시 중구 남산동 618-35,271103141007,대구광역시 중구 명륜로,43,11,2711015600106180035022022,,대구광역시 중구 명륜로 43-11,700831,41966,,,,128.590159448302,35.8630246186386
MA010120220809499117,흙과씨앗,,G2,소매,G221,기타 상품 소매,G22199,그 외 기타 상품 전문 소매업,G47859,그 외 기타 분류 안된 상품 전문 소매업,27,대구광역시,27290,달서구,27290515,성당동,2729010100,성당동,2729010100106650004,1,대지,665,4,대구광역시 달서구 성당동 665-4,272903147036,대구광역시 달서구 장기로,106,,2729010100106650004027983,,대구광역시 달서구 장기로 106,704917,42656,,,,128.549075225512,35.843600985473
MA010120220809512043,금수강산,,G2,소매,G221,기타 상품 소매,G22199,그 외 기타 상품 전문 소매업,G47859,그 외 기타 분류 안된 상품 전문 소매업,27,대구광역시,27200,남구,27200610,대명6동,2720010300,대명동,2720010300106130001,1,대지,613,1,대구광역시 남구 대명동 613-1,272003144002,대구광역시 남구 대명남로,114,2,2720010300106130001005465,,대구광역시 남구 대명남로 114-2,705806,42492,,,,128.570593674922,35.8347516650649
MA010120220809499594,가나종합유통,,G2,소매,G221,기타 상품 소매,G22199,그 외 기타 상품 전문 소매업,G47859,그 외 기타 분류 안된 상품 전문 소매업,27,대구광역시,27290,달서구,27290615,진천동,2729011700,진천동,2729011700105350012,1,대지,535,12,대구광역시 달서구 진천동 535-12,272903007013,대구광역시 달서구 월배로,105,,2729011700105350012009095,,대구광역시 달서구 월배로 105,704834,42784,,,,128.525786171003,35.8145843371315
MA010120220809499703,그린유통,,G2,소매,G221,기타 상품 소매,G22199,그 외 기타 상품 전문 소매업,G47859,그 외 기타 분류 안된 상품 전문 소매업,27,대구광역시,27290,달서구,27290640,송현2동,2729012200,송현동,2729012200101650007,1,대지,165,7,대구광역시 달서구 송현동 165-7,272903147045,대구광역시 달서구 학산로,214,1,2729012200101650007031068,,대구광역시 달서구 학산로 214-1,704821,42739,,,,128.549756557865,35.8336795101739
MA010120220809521007,유정보,,G2,소매,G221,기타 상품 소매,G22199,그 외 기타 상품 전문 소매업,G47859,그 외 기타 분류 안된 상품 전문 소매업,27,대구광역시,27200,남구,27200660,대명11동,2720010300,대명동,2720010300115360006,1,대지,1536,6,대구광역시 남구 대명동 1536-6,272004232093,대구광역시 남구 대명역6길,30,,2720010300115360006002656,,대구광역시 남구 대명역6길 30,705814,42496,,,,128.563951026258,35.8334865823521
MA010120220809512407,대구불교전시관,,G2,소매,G221,기타 상품 소매,G22199,그 외 기타 상품 전문 소매업,G47859,그 외 기타 분류 안된 상품 전문 소매업,27,대구광역시,27200,남구,27200660,대명11동,2720010300,대명동,2720010300115810008,1,대지,1581,8,대구광역시 남구 대명동 1581-8,272003144005,대구광역시 남구 대명서로,117,,2720010300115810008000245,,대구광역시 남구 대명서로 117,705813,42498,,,,128.558115044617,35.8332830441501
MA010120220809502946,성불사,,G2,소매,G221,기타 상품 소매,G22199,그 외 기타 상품 전문 소매업,G47859,그 외 기타 분류 안된 상품 전문 소매업,27,대구광역시,27200,남구,27200586,대명3동,2720010300,대명동,2720010300125610017,1,대지,2561,17,대구광역시 남구 대명동 2561-17,272004232123,대구광역시 남구 명덕로14길,25,,2720010300125630141010781,,대구광역시 남구 명덕로14길 25,705823,42401,,,,128.57704149629,35.8574662730316
MA010120220809521574,범진침향원,,G2,소매,G221,기타 상품 소매,G22199,그 외 기타 상품 전문 소매업,G47859,그 외 기타 분류 안된 상품 전문 소매업,27,대구광역시,27200,남구,27200515,이천동,2720010100,이천동,2720010100106310017,1,대지,631,17,대구광역시 남구 이천동 631-17,272003141013,대구광역시 남구 명덕로,248,,2720010100106310017023219,,대구광역시 남구 명덕로 248,705838,42423,,,,128.597169147655,35.8559567593176
MA010120220809500303,대명상사,,G2,소매,G221,기타 상품 소매,G22199,그 외 기타 상품 전문 소매업,G47859,그 외 기타 분류 안된 상품 전문 소매업,27,대구광역시,27200,남구,27200560,대명1동,2720010300,대명동,2720010300107940020,1,대지,794,20,대구광역시 남구 대명동 794-20,272004232289,대구광역시 남구 장전3길,104,3,2720010300107940020011796,,대구광역시 남구 장전3길 104-3,705809,42470,,,,128.57794371639,35.8409904472209
MA010120220809521782,싸네생활용품,백화점,G2,소매,G221,기타 상품 소매,G22199,그 외 기타 상품 전문 소매업,G47859,그 외 기타 분류 안된 상품 전문 소매업,27,대구광역시,27710,달성군,27710256,다사읍,2771025625,다사읍,2771025625101390001,1,대지,139,1,대구광역시 달성군 다사읍 서재리 139-1,277103007019,대구광역시 달성군 다사읍 서재로,144,,2771025625101390001043111,서재종합시장,대구광역시 달성군 다사읍 서재로 144,711813,42925,,,,128.497338964545,35.8762930566942
MA010120220809513057,현대유통,,G2,소매,G221,기타 상품 소매,G22199,그 외 기타 상품 전문 소매업,G47859,그 외 기타 분류 안된 상품 전문 소매업,27,대구광역시,27200,남구,27200550,봉덕3동,2720010200,봉덕동,2720010200105600016,1,대지,560,16,대구광역시 남구 봉덕동 560-16,272004232296,대구광역시 남구 중앙대로22길,173,1,2720010200105600016024928,,대구광역시 남구 중앙대로22길 173-1,705831,42441,,1,,128.600029595502,35.8424105268807
MA010120220809513120,팜한농비료,,G2,소매,G221,기타 상품 소매,G22199,그 외 기타 상품 전문 소매업,G47859,그 외 기타 분류 안된 상품 전문 소매업,47,경상북도,47830,고령군,47830350,개진면,4783035040,개진면,4783035040101280000,1,대지,128,,경상북도 고령군 개진면 부리 128,478304760086,경상북도 고령군 개진면 매화길,65,42,4783035040101280000000001,,경상북도 고령군 개진면 매화길 65-42,717842,40150,,,,128.429379166549,35.7097547996005
MA010120220809513182,스타일,,G2,소매,G221,기타 상품 소매,G22199,그 외 기타 상품 전문 소매업,G47422,의복 액세서리 및 모조 장신구 소매업,27,대구광역시,27290,달서구,27290640,송현2동,2729012200,송현동,2729012200110410004,1,대지,1041,4,대구광역시 달서구 송현동 1041-4,272903007013,대구광역시 달서구 월배로,485,,2729012200110410004031794,,대구광역시 달서구 월배로 485,704820,42737,,,,128.556228386681,35.8364074611508
MA010120220809510772,약산약업사,,G2,소매,G221,기타 상품 소매,G22199,그 외 기타 상품 전문 소매업,G47859,그 외 기타 분류 안된 상품 전문 소매업,27,대구광역시,27200,남구,27200660,대명11동,2720010300,대명동,2720010300111380004,1,대지,1138,4,대구광역시 남구 대명동 1138-4,272004232086,대구광역시 남구 대명서8길,23,2,2720010300111380004000096,,대구광역시 남구 대명서8길 23-2,705813,42482,,,,128.557205689106,35.8360163148561
MA010120220809529056,삼성,,G2,소매,G221,기타 상품 소매,G22199,그 외 기타 상품 전문 소매업,G47859,그 외 기타 분류 안된 상품 전문 소매업,47,경상북도,47113,포항시 북구,47113690,두호동,4711312000,두호동,4711312000110110002,1,대지,1011,2,경상북도 포항시 북구 두호동 1011-2,471133304045,경상북도 포항시 북구 해안로,125,,4711312000110110002109405,외,경상북도 포항시 북구 해안로 125,791803,37708,,,,129.379285589303,36.059862625673
MA010120220809508031,아이앤지세라믹,,G2,소매,G221,기타 상품 소매,G22199,그 외 기타 상품 전문 소매업,G47519,"페인트, 창호 및 기타 건설자재 소매업",27,대구광역시,27200,남구,27200515,이천동,2720010100,이천동,2720010100106400003,1,대지,640,3,대구광역시 남구 이천동 640-3,272004232141,대구광역시 남구 명덕로52길,29,,2720010100106400003022477,,대구광역시 남구 명덕로52길 29,705838,42423,,,,128.596068191236,35.8551513508022
MA010120220809529227,화성한약업사,,G2,소매,G221,기타 상품 소매,G22199,그 외 기타 상품 전문 소매업,G47859,그 외 기타 분류 안된 상품 전문 소매업,27,대구광역시,27710,달성군,27710250,화원읍,2771025021,화원읍,2771025021101280000,1,대지,128,,대구광역시 달성군 화원읍 천내리 128,277103148048,대구광역시 달성군 화원읍 화원로,29,3,2771025021101280000003561,,대구광역시 달성군 화원읍 화원로 29-3,711834,42954,,,,128.49905269972,35.8067652212121
MA010120220809532417,대명상사,,G2,소매,G221,기타 상품 소매,G22199,그 외 기타 상품 전문 소매업,G47859,그 외 기타 분류 안된 상품 전문 소매업,47,경상북도,47130,경주시,47130256,건천읍,4713025625,건천읍,4713025625110620001,1,대지,1062,1,경상북도 경주시 건천읍 천포리 1062-1,471303305014,경상북도 경주시 건천읍 단석로,1853,17,4713025625110620001120186,,경상북도 경주시 건천읍 단석로 1853-17,780901,38179,,,,129.088229040099,35.8418006958993
MA010120220809498686,홍제약업사,,G2,소매,G221,기타 상품 소매,G22199,그 외 기타 상품 전문 소매업,G47859,그 외 기타 분류 안된 상품 전문 소매업,27,대구광역시,27200,남구,27200586,대명3동,2720010300,대명동,2720010300125610013,1,대지,2561,13,대구광역시 남구 대명동 2561-13,272004232123,대구광역시 남구 명덕로14길,23,,2720010300125610013010799,,대구광역시 남구 명덕로14길 23,705823,42401,,,,128.577042745633,35.8575293369314
MA010120220809517216,영광농약종묘사,,G2,소매,G221,기타 상품 소매,G22199,그 외 기타 상품 전문 소매업,G47859,그 외 기타 분류 안된 상품 전문 소매업,27,대구광역시,27710,달성군,27710310,가창면,2771031021,가창면,2771031021100530001,1,대지,53,1,대구광역시 달성군 가창면 용계리 53-1,277103148002,대구광역시 달성군 가창면 가창로,1103,1,2771031021100530001000001,,대구광역시 달성군 가창면 가창로 1103-1,711865,42933,,,,128.622039050037,35.8030687485046
MA010120220809548796,조은상사,,G2,소매,G221,기타 상품 소매,G22199,그 외 기타 상품 전문 소매업,G47859,그 외 기타 분류 안된 상품 전문 소매업,48,경상남도,48240,사천시,48240250,사천읍,4824025028,사천읍,4824025028115350002,1,대지,1535,2,경상남도 사천시 사천읍 구암리 1535-2,482402334003,경상남도 사천시 사천읍 사천대로,2022,,4824025028115350001058787,,경상남도 사천시 사천읍 사천대로 2022,664801,52516,,,,128.091514705394,35.095113388237
MA010120220809548916,성암유통,,G2,소매,G221,기타 상품 소매,G22199,그 외 기타 상품 전문 소매업,G47859,그 외 기타 분류 안된 상품 전문 소매업,47,경상북도,47290,경산시,47290520,중앙동,4729010200,삼북동,4729010200102710019,1,대지,271,19,경상북도 경산시 삼북동 271-19,472903000052,경상북도 경산시 경안로,133,1,4729010200102710019000504,,경상북도 경산시 경안로 133-1,712020,38630,,,,128.737917813322,35.8195167584973
MA010120220809550794,시지녹십초,,G2,소매,G221,기타 상품 소매,G22199,그 외 기타 상품 전문 소매업,G47859,그 외 기타 분류 안된 상품 전문 소매업,27,대구광역시,27260,수성구,27260690,고산3동,2726011500,매호동,2726011500113430012,1,대지,1343,12,대구광역시 수성구 매호동 1343-12,272604238095,대구광역시 수성구 달구벌대로627길,6,21,2726011500113430012027413,,대구광역시 수성구 달구벌대로627길 6-21,706140,42268,,1,,128.702494870204,35.8420024672823
MA010120220809552577,하양풍기인삼,,G2,소매,G221,기타 상품 소매,G22199,그 외 기타 상품 전문 소매업,G47859,그 외 기타 분류 안된 상품 전문 소매업,47,경상북도,47290,경산시,47290250,하양읍,4729025021,하양읍,4729025021100350089,1,대지,35,89,경상북도 경산시 하양읍 금락리 35-89,472903313081,경상북도 경산시 하양읍 대학로,1544,,4729025021100350089000001,하양공설시장,경상북도 경산시 하양읍 대학로 1544,712902,38434,,,,128.820500193375,35.9153255614344
MA010120220809559279,다화상사,,G2,소매,G221,기타 상품 소매,G22199,그 외 기타 상품 전문 소매업,G47859,그 외 기타 분류 안된 상품 전문 소매업,47,경상북도,47290,경산시,47290370,남천면,4729037024,남천면,4729037024100810002,1,대지,81,2,경상북도 경산시 남천면 대명리 81-2,472904739235,경상북도 경산시 남천면 대명길,69,,4729037024100790004045999,,경상북도 경산시 남천면 대명길 69,712881,38695,,,,128.71905671414,35.7811744342962
MA010120220809566597,선화농약사,,G2,소매,G221,기타 상품 소매,G22199,그 외 기타 상품 전문 소매업,G47859,그 외 기타 분류 안된 상품 전문 소매업,47,경상북도,47290,경산시,47290256,압량읍,4729025636,압량읍,4729025636100630007,1,대지,63,7,경상북도 경산시 압량읍 당리리 63-7,472903313087,경상북도 경산시 압량읍 원효로,609,1,4729036036100630007036037,,경상북도 경산시 압량읍 원효로 609-1,712824,38540,,,,128.801312635584,35.81304130495
MA010120220809554990,그린바이오텍,,G2,소매,G221,기타 상품 소매,G22199,그 외 기타 상품 전문 소매업,G47859,그 외 기타 분류 안된 상품 전문 소매업,47,경상북도,47820,청도군,47820370,매전면,4782037058,매전면,4782037058111790001,1,대지,1179,1,경상북도 청도군 매전면 금천리 1179-1,478204757429,경상북도 청도군 매전면 이사리2길,21,4,4782037058111790001002427,,경상북도 청도군 매전면 이사리2길 21-4,714861,38352,,1,,128.808336355863,35.7245985190738
MA010120220809569415,삼양공방,,G2,소매,G221,기타 상품 소매,G22199,그 외 기타 상품 전문 소매업,G47859,그 외 기타 분류 안된 상품 전문 소매업,50,제주특별자치도,50110,제주시,50110610,삼양동,5011011300,삼양일동,5011011300116410027,1,대지,1641,27,제주특별자치도 제주시 삼양일동 1641-27,501104848507,제주특별자치도 제주시 원당로3길,22,,5011011300116410027002257,,제주특별자치도 제주시 원당로3길 22,690071,63317,,,,126.588088038437,33.5250695015676
MA010120220809579731,토탈상회,,G2,소매,G221,기타 상품 소매,G22199,그 외 기타 상품 전문 소매업,G47859,그 외 기타 분류 안된 상품 전문 소매업,46,전라남도,46830,영암군,46830250,영암읍,4683025029,영암읍,4683025029107690004,1,대지,769,4,전라남도 영암군 영암읍 개신리 769-4,468303284049,전라남도 영암군 영암읍 예향로,1316,,4683025029107690004019034,,전라남도 영암군 영암읍 예향로 1316,526801,58422,,,,126.723438933993,34.790391032502
MA010120220809551012,중앙농약사,,G2,소매,G221,기타 상품 소매,G22199,그 외 기타 상품 전문 소매업,G47859,그 외 기타 분류 안된 상품 전문 소매업,47,경상북도,47290,경산시,47290520,중앙동,4729010200,삼북동,4729010200102820022,1,대지,282,22,경상북도 경산시 삼북동 282-22,472903313062,경상북도 경산시 장산로,153,,4729010200102820022000001,,경상북도 경산시 장산로 153,712020,38635,,,,128.74181537421,35.8186403002752
MA010120220809553220,제일유통,,G2,소매,G221,기타 상품 소매,G22199,그 외 기타 상품 전문 소매업,G47859,그 외 기타 분류 안된 상품 전문 소매업,47,경상북도,47290,경산시,47290550,북부동,4729012800,갑제동,4729012800106670006,1,대지,667,6,경상북도 경산시 갑제동 667-6,472903313087,경상북도 경산시 원효로,323,,4729012800106640005012088,,경상북도 경산시 원효로 323,712260,38540,,,,128.771347786274,35.8152709420764
MA010120220809562252,황재오토바이,,G2,소매,G221,기타 상품 소매,G22199,그 외 기타 상품 전문 소매업,G47859,그 외 기타 분류 안된 상품 전문 소매업,47,경상북도,47290,경산시,47290330,자인면,4729033022,자인면,4729033022100040000,1,대지,4,,경상북도 경산시 자인면 서부리 4,472903313019,경상북도 경산시 자인면 금학로,8,13,4729033021100100000051487,,경상북도 경산시 자인면 금학로 8-13,712853,38556,,,,128.823365613776,35.8195121545038
MA010120220809567124,현대불교사,,G2,소매,G221,기타 상품 소매,G22199,그 외 기타 상품 전문 소매업,G47859,그 외 기타 분류 안된 상품 전문 소매업,47,경상북도,47290,경산시,47290520,중앙동,4729010200,삼북동,4729010200102680026,1,대지,268,26,경상북도 경산시 삼북동 268-26,472904739063,경상북도 경산시 경안로27길,14,,4729010200102680026001109,,경상북도 경산시 경안로27길 14,712020,38630,,,,128.736469845321,35.8195827472667
MA010120220809557674,제일상사,,G2,소매,G221,기타 상품 소매,G22199,그 외 기타 상품 전문 소매업,G47859,그 외 기타 분류 안된 상품 전문 소매업,47,경상북도,47290,경산시,47290510,중방동,4729011700,중방동,4729011700104370005,1,대지,437,5,경상북도 경산시 중방동 437-5,472904739673,경상북도 경산시 중앙초등길,66,,4729011700104360003002548,배조명가,경상북도 경산시 중앙초등길 66,712803,38624,,,,128.73388289072,35.8273067343725
MA010120220809560238,경북농약사,,G2,소매,G221,기타 상품 소매,G22199,그 외 기타 상품 전문 소매업,G47859,그 외 기타 분류 안된 상품 전문 소매업,47,경상북도,47230,영천시,47230250,금호읍,4723025021,금호읍,4723025021101600005,1,대지,160,5,경상북도 영천시 금호읍 교대리 160-5,472303310033,경상북도 영천시 금호읍 금호로,124,,4723025021101600005042614,,경상북도 영천시 금호읍 금호로 124,770802,38877,,,,128.875106694917,35.9315516553516
MA010120220809589089,다향인삼사,,G2,소매,G221,기타 상품 소매,G22199,그 외 기타 상품 전문 소매업,G47859,그 외 기타 분류 안된 상품 전문 소매업,52,전북특별자치도,52720,진안군,52720250,진안읍,5272025022,진안읍,5272025022102980003,1,대지,298,3,전북특별자치도 진안군 진안읍 군하리 298-3,527204622073,전북특별자치도 진안군 진안읍 대광1길,18,,4572025022102980003025258,,전북특별자치도 진안군 진안읍 대광1길 18,567806,55437,,1,,127.422219184499,35.7871167153708
MA010120220809549590,뉴월드기획,,G2,소매,G221,기타 상품 소매,G22199,그 외 기타 상품 전문 소매업,G47859,그 외 기타 분류 안된 상품 전문 소매업,47,경상북도,47111,포항시 남구,47111545,해도동,4711110300,해도동,4711110300101700043,1,대지,170,43,경상북도 포항시 남구 해도동 170-43,471112303004,경상북도 포항시 남구 희망대로,915,,4711110300101700043097756,,경상북도 포항시 남구 희망대로 915,790863,37811,,1,,129.37175642952,36.0134488171755
MA010120220809557843,황금농산,,G2,소매,G221,기타 상품 소매,G22199,그 외 기타 상품 전문 소매업,G47859,그 외 기타 분류 안된 상품 전문 소매업,47,경상북도,47290,경산시,47290330,자인면,4729033021,자인면,4729033021102480000,1,대지,248,,경상북도 경산시 자인면 동부리 248,472903018051,경상북도 경산시 자인면 설총로,884,,4729033021102480000052847,,경상북도 경산시 자인면 설총로 884,712853,38559,,,,128.827064475812,35.8153198506614
MA010120220809560426,호당타투스튜디오,,G2,소매,G221,기타 상품 소매,G22199,그 외 기타 상품 전문 소매업,G47859,그 외 기타 분류 안된 상품 전문 소매업,27,대구광역시,27140,동구,27140510,신암1동,2714010100,신암동,2714010100107050018,1,대지,705,18,대구광역시 동구 신암동 705-18,271403142041,대구광역시 동구 평화로,7,,2714010100107050018030327,,대구광역시 동구 평화로 7,701822,41195,,3,,128.614566550569,35.8846868296791
MA010120220809567495,원룸ENG,,G2,소매,G221,기타 상품 소매,G22199,그 외 기타 상품 전문 소매업,G47859,그 외 기타 분류 안된 상품 전문 소매업,47,경상북도,47290,경산시,47290550,북부동,4729011400,임당동,4729011400106470014,1,대지,647,14,경상북도 경산시 임당동 647-14,472904739310,경상북도 경산시 둥지로21길,53,,4729011400106470014016499,,경상북도 경산시 둥지로21길 53,712150,38523,,1,,128.751775290941,35.8418977544998
MA010120220809570834,신비농원,,G2,소매,G221,기타 상품 소매,G22199,그 외 기타 상품 전문 소매업,G47859,그 외 기타 분류 안된 상품 전문 소매업,43,충청북도,43130,충주시,43130335,대소원면,4313033526,대소원면,4313033526106320010,1,대지,632,10,충청북도 충주시 대소원면 탄용리 632-10,431304515094,충청북도 충주시 대소원면 외동길,190,,4313033526106320010000001,,충청북도 충주시 대소원면 외동길 190,380874,27473,,1,,127.841401824297,36.9197251303051
MA010120220809575477,한남아그로,,G2,소매,G221,기타 상품 소매,G22199,그 외 기타 상품 전문 소매업,G47859,그 외 기타 분류 안된 상품 전문 소매업,41,경기도,41463,용인시 기흥구,41463577,동백3동,4146311600,중동,4146311600106760008,1,대지,676,8,경기도 용인시 기흥구 중동 676-8,414633204046,경기도 용인시 기흥구 어정로,145,,4146311600106760008018130,,경기도 용인시 기흥구 어정로 145,446916,16988,,,,127.145666168636,37.2758698383344
MA010120220809560829,관음불교사,,G2,소매,G221,기타 상품 소매,G22199,그 외 기타 상품 전문 소매업,G47859,그 외 기타 분류 안된 상품 전문 소매업,47,경상북도,47290,경산시,47290250,하양읍,4729025022,하양읍,4729025022105930021,1,대지,593,21,경상북도 경산시 하양읍 동서리 593-21,472904739656,경상북도 경산시 하양읍 조산천동길,72,,4729025022105930021030690,,경상북도 경산시 하양읍 조산천동길 72,712908,38417,,2,,128.818468155962,35.9165638422514
MA010120220809568173,보성유기질비료,,G2,소매,G221,기타 상품 소매,G22199,그 외 기타 상품 전문 소매업,G47859,그 외 기타 분류 안된 상품 전문 소매업,47,경상북도,47820,청도군,47820253,청도읍,4782025329,청도읍,4782025329111170000,1,대지,1117,,경상북도 청도군 청도읍 원정리 1117,478204757402,경상북도 청도군 청도읍 원당길,18,,4782025329111170000050100,,경상북도 청도군 청도읍 원당길 18,714807,38337,,,,128.765786016234,35.6512467969459
MA010120220809558597,국제불교,백화점,G2,소매,G221,기타 상품 소매,G22199,그 외 기타 상품 전문 소매업,G47859,그 외 기타 분류 안된 상품 전문 소매업,47,경상북도,47230,영천시,47230390,북안면,4723039042,북안면,4723039042105640000,1,대지,564,,경상북도 영천시 북안면 송포리 564,472303000047,경상북도 영천시 북안면 대경로,2241,26,4723039042105640000011071,,경상북도 영천시 북안면 대경로 2241-26,770884,38905,,,,128.973518336459,35.9401918326961
MA010120220809573622,마리텔,물금역점,G2,소매,G221,기타 상품 소매,G22199,그 외 기타 상품 전문 소매업,G47859,그 외 기타 분류 안된 상품 전문 소매업,48,경상남도,48330,양산시,48330253,물금읍,4833025321,물금읍,4833025321108720005,1,대지,872,5,경상남도 양산시 물금읍 물금리 872-5,483303338109,경상남도 양산시 물금읍 물금로,13,,4833025321108720005000001,우리타워,경상남도 양산시 물금읍 물금로 13,626812,50657,,,,128.98730095872,35.3079046204595
MA010120220809575838,국제안전,,G2,소매,G221,기타 상품 소매,G22199,그 외 기타 상품 전문 소매업,G47859,그 외 기타 분류 안된 상품 전문 소매업,44,충청남도,44131,천안시 동남구,44131590,신안동,4413111800,신부동,4413111800102860001,1,대지,286,1,충청남도 천안시 동남구 신부동 286-1,441313249005,충청남도 천안시 동남구 단대로,80,,4413111800102860001005752,,충청남도 천안시 동남구 단대로 80,330942,31115,,1,,127.159958636026,36.8290631398003
MA010120220809552137,성문상사털보아저씨,,G2,소매,G221,기타 상품 소매,G22199,그 외 기타 상품 전문 소매업,G47859,그 외 기타 분류 안된 상품 전문 소매업,47,경상북도,47290,경산시,47290530,남부동,4729010300,서상동,4729010300100390000,1,대지,39,,경상북도 경산시 서상동 39,472904739437,경상북도 경산시 서상길,68,,4729010300100390000001373,,경상북도 경산시 서상길 68,712010,38629,,,,128.735146330287,35.8182501706283
MA010120220809548519,대동농약종묘사,,G2,소매,G221,기타 상품 소매,G22199,그 외 기타 상품 전문 소매업,G47859,그 외 기타 분류 안된 상품 전문 소매업,47,경상북도,47290,경산시,47290256,압량읍,4729025621,압량읍,4729025621104550000,1,대지,455,,경상북도 경산시 압량읍 부적리 455,472904739526,경상북도 경산시 압량읍 압량시장길,7,,4729036021104550000038001,,경상북도 경산시 압량읍 압량시장길 7,712821,38509,,,,128.75993062787,35.8443467602136
MA010120220809548543,심우농약,,G2,소매,G221,기타 상품 소매,G22199,그 외 기타 상품 전문 소매업,G47859,그 외 기타 분류 안된 상품 전문 소매업,47,경상북도,47290,경산시,47290520,중앙동,4729011700,중방동,4729011700108320005,1,대지,832,5,경상북도 경산시 중방동 832-5,472903313065,경상북도 경산시 중방로,46,,4729011700108320005001554,,경상북도 경산시 중방로 46,712802,38617,,,,128.739006187716,35.8298459663325
MA010120220809552255,모던세이프,,G2,소매,G221,기타 상품 소매,G22199,그 외 기타 상품 전문 소매업,G47859,그 외 기타 분류 안된 상품 전문 소매업,27,대구광역시,27290,달서구,27290535,두류1.2동,2729010200,두류동,2729010200101050015,1,대지,105,15,대구광역시 달서구 두류동 105-15,272904241398,대구광역시 달서구 야외음악당로47안길,88,,2729010200101050015023011,,대구광역시 달서구 야외음악당로47안길 88,704909,42660,,,,128.563827885792,35.8582157573526
MA010120220809554575,구시네상회,,G2,소매,G221,기타 상품 소매,G22199,그 외 기타 상품 전문 소매업,G47859,그 외 기타 분류 안된 상품 전문 소매업,47,경상북도,47290,경산시,47290310,와촌면,4729031031,와촌면,4729031031102590000,1,대지,259,,경상북도 경산시 와촌면 대한리 259,472904739473,경상북도 경산시 와촌면 솔목길,1,,4729031031102590000072401,,경상북도 경산시 와촌면 솔목길 1,712841,38400,,,,128.769234011309,35.9744658745037
MA010120220809566148,필터뱅크아쿠아셀,,G2,소매,G221,기타 상품 소매,G22199,그 외 기타 상품 전문 소매업,G47859,그 외 기타 분류 안된 상품 전문 소매업,41,경기도,41220,평택시,41220600,원평동,4122011400,통복동,4122011400103380004,1,대지,338,4,경기도 평택시 통복동 338-4,412203188116,경기도 평택시 평남로,234,,4122011400103380004013951,,경기도 평택시 평남로 234,450040,17923,,2,,127.075264719719,36.993605882895
MA010120220809601489,스마텔아시아,,G2,소매,G221,기타 상품 소매,G22199,그 외 기타 상품 전문 소매업,G47859,그 외 기타 분류 안된 상품 전문 소매업,30,대전광역시,30170,서구,30170581,갈마1동,3017011100,갈마동,3017011100114340000,1,대지,1434,,대전광역시 서구 갈마동 1434,301704298165,대전광역시 서구 대덕대로162번길,11,,3017011100114340000006362,우리에셋,대전광역시 서구 대덕대로162번길 11,302171,35265,,5,,127.376709322179,36.3473566070318
MA010120220809606922,원스탑,,G2,소매,G221,기타 상품 소매,G22199,그 외 기타 상품 전문 소매업,G47859,그 외 기타 분류 안된 상품 전문 소매업,11,서울특별시,11500,강서구,11500603,가양1동,1150010500,마곡동,1150010500107740008,1,대지,774,8,서울특별시 강서구 마곡동 774-8,115003155054,서울특별시 강서구 마곡중앙6로,40,,1150010500107740008000001,장흥빌딩,서울특별시 강서구 마곡중앙6로 40,157805,07802,,7,,126.831530979089,37.5601286655204
MA010120220809609293,신우농약사,,G2,소매,G221,기타 상품 소매,G22199,그 외 기타 상품 전문 소매업,G47859,그 외 기타 분류 안된 상품 전문 소매업,47,경상북도,47850,칠곡군,47850250,왜관읍,4785025021,왜관읍,4785025021102070025,1,대지,207,25,경상북도 칠곡군 왜관읍 왜관리 207-25,478504766001,경상북도 칠곡군 왜관읍 2번도로길,115,,4785025021102070025038309,,경상북도 칠곡군 왜관읍 2번도로길 115,718805,39884,,,,128.397114901717,35.998066835301
MA010120220809617094,KS솔루션,,G2,소매,G221,기타 상품 소매,G22199,그 외 기타 상품 전문 소매업,G47859,그 외 기타 분류 안된 상품 전문 소매업,11,서울특별시,11710,송파구,11710570,오금동,1171011200,오금동,1171011200100630007,1,대지,63,7,서울특별시 송파구 오금동 63-7,117104169297,서울특별시 송파구 성내천로8길,15,10,1171011200100630007014792,,서울특별시 송파구 성내천로8길 15-10,138857,05728,,,,127.134885448869,37.5019401323748
MA010120220809617190,중앙인삼사,,G2,소매,G221,기타 상품 소매,G22199,그 외 기타 상품 전문 소매업,G47859,그 외 기타 분류 안된 상품 전문 소매업,30,대전광역시,30140,중구,30140640,부사동,3014011100,부사동,3014011100101540004,1,대지,154,4,대전광역시 중구 부사동 154-4,301403010004,대전광역시 중구 대종로,291,,3014011100101540004003849,,대전광역시 중구 대종로 291,301815,35048,,,,127.436045260969,36.3122342492426
MA010120220809593630,조아,,G2,소매,G221,기타 상품 소매,G22199,그 외 기타 상품 전문 소매업,G47859,그 외 기타 분류 안된 상품 전문 소매업,41,경기도,41271,안산시 상록구,41271540,본오1동,4127110500,팔곡이동,4127110500104080003,1,대지,408,3,경기도 안산시 상록구 팔곡이동 408-3,412714370280,경기도 안산시 상록구 소학2길,2,,4127110500104080003006532,,경기도 안산시 상록구 소학2길 2,426807,15529,,,,126.887137359995,37.2961339683433
MA010120220809601892,해솔컴퍼니,,G2,소매,G221,기타 상품 소매,G22199,그 외 기타 상품 전문 소매업,G47859,그 외 기타 분류 안된 상품 전문 소매업,11,서울특별시,11680,강남구,11680531,논현2동,1168010800,논현동,1168010800100650024,1,대지,65,24,서울특별시 강남구 논현동 65-24,116804166583,서울특별시 강남구 언주로147길,42,,1168010800100650024005438,,서울특별시 강남구 언주로147길 42,135816,06049,,2,,127.030960559859,37.519204248849
MA010120220809609549,명주약초,,G2,소매,G221,기타 상품 소매,G22199,그 외 기타 상품 전문 소매업,G47859,그 외 기타 분류 안된 상품 전문 소매업,31,울산광역시,31140,남구,31140510,신정1동,3114010400,신정동,3114010400106330012,1,대지,633,12,울산광역시 남구 신정동 633-12,311404310791,울산광역시 남구 중앙로241번길,17,1,3114010400106330012016029,,울산광역시 남구 중앙로241번길 17-1,680826,44671,,,,129.308672611988,35.5415745670238
MA010120220809596441,서진유통,,G2,소매,G221,기타 상품 소매,G22199,그 외 기타 상품 전문 소매업,G47859,그 외 기타 분류 안된 상품 전문 소매업,41,경기도,41390,시흥시,41390593,정왕3동,4139013200,정왕동,4139013200120350008,1,대지,2035,8,경기도 시흥시 정왕동 2035-8,413903199039,경기도 시흥시 오이도중앙로,76,,4139013200120350008019379,,경기도 시흥시 오이도중앙로 76,429867,15015,,,,126.6883153747,37.3416037833462
MA010120220809628547,법인녹색드림,,G2,소매,G221,기타 상품 소매,G22199,그 외 기타 상품 전문 소매업,G47859,그 외 기타 분류 안된 상품 전문 소매업,46,전라남도,46870,영광군,46870370,법성면,4687037030,법성면,4687037030104500002,1,대지,450,2,전라남도 영광군 법성면 용덕리 450-2,468704694296,전라남도 영광군 법성면 용성월산로1길,65,6,4687037030104500003000001,,전라남도 영광군 법성면 용성월산로1길 65-6,513873,57020,,,,126.47986901226,35.365364138329
MA010120220809612864,모스트비,,G2,소매,G221,기타 상품 소매,G22199,그 외 기타 상품 전문 소매업,G47859,그 외 기타 분류 안된 상품 전문 소매업,50,제주특별자치도,50110,제주시,50110660,노형동,5011013900,해안동,5011013900123760000,1,대지,2376,,제주특별자치도 제주시 해안동 2376,501104849088,제주특별자치도 제주시 해안마을서2길,5,,5011013900123760000000001,,제주특별자치도 제주시 해안마을서2길 5,690840,63077,,2,,126.448493871881,33.4603785345312
MA010120220809628935,산골산내음,,G2,소매,G221,기타 상품 소매,G22199,그 외 기타 상품 전문 소매업,G47859,그 외 기타 분류 안된 상품 전문 소매업,47,경상북도,47113,포항시 북구,47113655,죽도동,4711311600,죽도동,4711311600105910013,1,대지,591,13,경상북도 포항시 북구 죽도동 591-13,471134712588,경상북도 포항시 북구 죽도시장6길,3,5,4711311600105910013094361,,경상북도 포항시 북구 죽도시장6길 3-5,791843,37741,,,,129.366973641001,36.0348427834911
MA010120220809632045,펀샵,,G2,소매,G221,기타 상품 소매,G22199,그 외 기타 상품 전문 소매업,G47859,그 외 기타 분류 안된 상품 전문 소매업,44,충청남도,44270,당진시,44270350,면천면,4427035021,면천면,4427035021108440001,1,대지,844,1,충청남도 당진시 면천면 성상리 844-1,442703265028,충청남도 당진시 면천면 면천로,660,,4483035021108440001014152,,충청남도 당진시 면천면 면천로 660,343884,31805,,,,126.668654002725,36.8150212643164
MA010120220809632457,미래안전,,G2,소매,G221,기타 상품 소매,G22199,그 외 기타 상품 전문 소매업,G47859,그 외 기타 분류 안된 상품 전문 소매업,11,서울특별시,11545,금천구,11545510,가산동,1154510100,가산동,1154510100100600005,1,대지,60,5,서울특별시 금천구 가산동 60-5,115454151195,서울특별시 금천구 디지털로9길,32,,1154510100100600005000001,갑을그레이트밸리,서울특별시 금천구 디지털로9길 32,153709,08512,,,,126.887280270136,37.4796364070487
MA010120220809627433,넘버원안전,,G2,소매,G221,기타 상품 소매,G22199,그 외 기타 상품 전문 소매업,G47859,그 외 기타 분류 안된 상품 전문 소매업,26,부산광역시,26290,남구,26290540,대연4동,2629010600,대연동,2629010600110670014,1,대지,1067,14,부산광역시 남구 대연동 1067-14,262904193109,부산광역시 남구 석포로127번길,76,1,2629010600110670014003363,,부산광역시 남구 석포로127번길 76-1,608815,48484,,,,129.088784000768,35.1276670646668
MA010120220809652864,인천제일자동차밧데리,,G2,소매,G221,기타 상품 소매,G22199,그 외 기타 상품 전문 소매업,G47859,그 외 기타 분류 안된 상품 전문 소매업,28,인천광역시,28110,중구,28110540,신흥동,2811012800,신흥동3가,2811012800100330006,1,대지,33,6,인천광역시 중구 신흥동3가 33-6,281102149003,인천광역시 중구 축항대로,283,,2811012800100330006030621,,인천광역시 중구 축항대로 283,400103,22334,,1,,126.627993979796,37.4494974724727
MA010120220809658327,법인백담,,G2,소매,G221,기타 상품 소매,G22199,그 외 기타 상품 전문 소매업,G47859,그 외 기타 분류 안된 상품 전문 소매업,51,강원특별자치도,51810,인제군,51810320,북면,5181032024,북면,5181032024105800001,1,대지,580,1,강원특별자치도 인제군 북면 용대리 580-1,518103233010,강원특별자치도 인제군 북면 백담로,41,,4281032024005800001014328,,강원특별자치도 인제군 북면 백담로 41,252821,24606,,,,128.347170664525,38.1961742496237
MA010120220809658510,삼덕,,G2,소매,G221,기타 상품 소매,G22199,그 외 기타 상품 전문 소매업,G47859,그 외 기타 분류 안된 상품 전문 소매업,48,경상남도,48250,김해시,48250550,북부동,4825010700,삼계동,4825010700104050002,1,대지,405,2,경상남도 김해시 삼계동 405-2,482502335001,경상남도 김해시 김해대로,1792,,4825010700104050002000001,,경상남도 김해시 김해대로 1792,621070,50881,,,,128.862103351928,35.266046483459
MA010120220809667259,영락원,,G2,소매,G221,기타 상품 소매,G22199,그 외 기타 상품 전문 소매업,G47859,그 외 기타 분류 안된 상품 전문 소매업,46,전라남도,46130,여수시,46130310,소라면,4613031027,소라면,4613031027113450000,1,대지,1345,,전라남도 여수시 소라면 봉두리 1345,461304646580,전라남도 여수시 소라면 의곡길,477,,4613031027113450000000001,,전라남도 여수시 소라면 의곡길 477,556812,59608,,,,127.579470715197,34.8304835985213
MA010120220809672393,청수배관,,G2,소매,G221,기타 상품 소매,G22199,그 외 기타 상품 전문 소매업,G47859,그 외 기타 분류 안된 상품 전문 소매업,11,서울특별시,11560,영등포구,11560650,신길3동,1156013200,신길동,1156013200102960009,1,대지,296,9,서울특별시 영등포구 신길동 296-9,115604154019,서울특별시 영등포구 가마산로61길,24,1,1156013200102960009013575,네오하우스,서울특별시 영등포구 가마산로61길 24-1,150847,07383,,,,126.904396168728,37.5072042839219
MA010120220809661660,롱캠,,G2,소매,G221,기타 상품 소매,G22199,그 외 기타 상품 전문 소매업,G47859,그 외 기타 분류 안된 상품 전문 소매업,41,경기도,41590,화성시,41590520,진안동,4159011600,진안동,4159011600104800001,1,대지,480,1,경기도 화성시 진안동 480-1,415902012013,경기도 화성시 경기대로,1084,,4159011600004800002031234,롱캠붐비오,경기도 화성시 경기대로 1084,445390,18400,,1,,127.03210754073,37.2117826645171
MA010120220809639743,아트랜드조경,,G2,소매,G221,기타 상품 소매,G22199,그 외 기타 상품 전문 소매업,G47859,그 외 기타 분류 안된 상품 전문 소매업,43,충청북도,43112,청주시 서원구,43112310,남이면,4311231037,남이면,4311231037103420001,1,대지,342,1,충청북도 청주시 서원구 남이면 양촌리 342-1,431123236067,충청북도 청주시 서원구 남이면 청남로,1679,,4371035037003420001036072,,충청북도 청주시 서원구 남이면 청남로 1679,362811,28181,,,,127.466021345875,36.5865234912509
MA010120220809651418,좋은사람들,,G2,소매,G221,기타 상품 소매,G22199,그 외 기타 상품 전문 소매업,G47859,그 외 기타 분류 안된 상품 전문 소매업,44,충청남도,44230,논산시,44230510,취암동,4423010500,취암동,4423010500109550000,1,대지,955,,충청남도 논산시 취암동 955,442304565538,충청남도 논산시 시민로307번길,14,20,4423010500109550000046963,,충청남도 논산시 시민로307번길 14-20,320804,32977,,2,,127.089956604226,36.193109635472
MA010120220809662384,골드세이프,,G2,소매,G221,기타 상품 소매,G22199,그 외 기타 상품 전문 소매업,G47859,그 외 기타 분류 안된 상품 전문 소매업,44,충청남도,44825,태안군,44825250,태안읍,4482525022,태안읍,4482525022107140002,1,대지,714,2,충청남도 태안군 태안읍 남문리 714-2,448253258001,충청남도 태안군 태안읍 군청로,6,,4482525022107140002007289,,충청남도 태안군 태안읍 군청로 6,357901,32144,,,,126.299406091168,36.7463685303543
MA010120220809665574,제일소방상사,,G2,소매,G221,기타 상품 소매,G22199,그 외 기타 상품 전문 소매업,G47859,그 외 기타 분류 안된 상품 전문 소매업,27,대구광역시,27260,수성구,27260662,범물2동,2726011300,범물동,2726011300113800010,1,대지,1380,10,대구광역시 수성구 범물동 1380-10,272604238372,대구광역시 수성구 지범로46길,18,,2726011300113800010005230,,대구광역시 수성구 지범로46길 18,706815,42242,,,,128.643529762277,35.8163480462723
MA010120220809634964,생활용품,,G2,소매,G221,기타 상품 소매,G22199,그 외 기타 상품 전문 소매업,G47859,그 외 기타 분류 안된 상품 전문 소매업,29,광주광역시,29110,동구,29110570,계림2동,2911010900,계림동,2911010900110350000,1,대지,1035,,광주광역시 동구 계림동 1035,291103162073,광주광역시 동구 중앙로,366,,2917011100106040006004417,,광주광역시 동구 중앙로 366,501858,61402,,,,126.919785214199,35.1642403978676
MA010120220809668316,윤마키,,G2,소매,G221,기타 상품 소매,G22199,그 외 기타 상품 전문 소매업,G47859,그 외 기타 분류 안된 상품 전문 소매업,11,서울특별시,11680,강남구,11680545,압구정동,1168010700,신사동,1168010700105920011,1,대지,592,11,서울특별시 강남구 신사동 592-11,116804166516,서울특별시 강남구 압구정로30길,72,,1168010700105920011027849,,서울특별시 강남구 압구정로30길 72,135893,06025,,2,,127.02882394609,37.5226556306818
MA010120220809643674,전북안전유니폼,,G2,소매,G221,기타 상품 소매,G22199,그 외 기타 상품 전문 소매업,G47859,그 외 기타 분류 안된 상품 전문 소매업,52,전북특별자치도,52130,군산시,52130605,중앙동,5213012500,평화동,5213012500101090002,1,대지,109,2,전북특별자치도 군산시 평화동 109-2,521304605052,전북특별자치도 군산시 평화길,45,1,4513012500101090002000001,,전북특별자치도 군산시 평화길 45-1,573240,54029,,,,126.717915273825,35.9838999281554
MA010120220809654810,빅스타,,G2,소매,G221,기타 상품 소매,G22199,그 외 기타 상품 전문 소매업,G47859,그 외 기타 분류 안된 상품 전문 소매업,41,경기도,41461,용인시 처인구,41461510,중앙동,4146110100,김량장동,4146110100103360015,1,대지,336,15,경기도 용인시 처인구 김량장동 336-15,414612012012,경기도 용인시 처인구 중부대로,1393,,4146110100103360015010634,,경기도 용인시 처인구 중부대로 1393,449926,17049,,1,,127.199145929406,37.2333708884413
MA010120220809652351,만물상회,,G2,소매,G221,기타 상품 소매,G22199,그 외 기타 상품 전문 소매업,G47859,그 외 기타 분류 안된 상품 전문 소매업,46,전라남도,46130,여수시,46130570,중앙동,4613010800,교동,4613010800102980000,1,대지,298,,전라남도 여수시 교동 298,461304646916,전라남도 여수시 통제영3길,7,1,4613010800102980000046000,,전라남도 여수시 통제영3길 7-1,550804,59736,,,,127.733905543434,34.7409532485425
MA010120220809666386,조은사랑,,G2,소매,G221,기타 상품 소매,G22199,그 외 기타 상품 전문 소매업,G47859,그 외 기타 분류 안된 상품 전문 소매업,28,인천광역시,28260,서구,28260580,가좌1동,2826011200,가좌동,2826011200105610012,1,대지,561,12,인천광역시 서구 가좌동 561-12,282603156005,인천광역시 서구 가정로,56,,2826011200105610012000001,가좌빌딩,인천광역시 서구 가정로 56,404812,22838,,2,,126.671464000694,37.4896310106109
MA010120220809663791,마리텔나주,시청점,G2,소매,G221,기타 상품 소매,G22199,그 외 기타 상품 전문 소매업,G47859,그 외 기타 분류 안된 상품 전문 소매업,46,전라남도,46170,나주시,46170510,송월동,4617010200,송월동,4617010200110950009,1,대지,1095,9,전라남도 나주시 송월동 1095-9,461703284049,전라남도 나주시 예향로,4079,,4617010200110950009013370,,전라남도 나주시 예향로 4079,520130,58263,,,,126.713692896608,35.017258343932
MA010120220809674414,러브체인,,G2,소매,G221,기타 상품 소매,G22199,그 외 기타 상품 전문 소매업,G47859,그 외 기타 분류 안된 상품 전문 소매업,30,대전광역시,30110,동구,30110515,중앙동,3011010100,원동,3011010100101020013,1,대지,102,13,대전광역시 동구 원동 102-13,301103010002,대전광역시 동구 대전로,750,,3011010100101020013026510,,대전광역시 동구 대전로 750,300010,34629,,2,,127.435292031221,36.3269622386207
MA010120220809655679,그린소방안전,,G2,소매,G221,기타 상품 소매,G22199,그 외 기타 상품 전문 소매업,G47859,그 외 기타 분류 안된 상품 전문 소매업,41,경기도,41590,화성시,41590410,정남면,4159041030,정남면,4159041030105330005,1,대지,533,5,경기도 화성시 정남면 귀래리 533-5,415903210024,경기도 화성시 정남면 내향로,240,59,4159041030105330005000001,,경기도 화성시 정남면 내향로 240-59,445961,18523,,,,126.988858792286,37.1305112113509
MA010120220809660901,공감커뮤니티,,G2,소매,G221,기타 상품 소매,G22199,그 외 기타 상품 전문 소매업,G47859,그 외 기타 분류 안된 상품 전문 소매업,11,서울특별시,11440,마포구,11440660,서교동,1144012100,동교동,1144012100101740014,1,대지,174,14,서울특별시 마포구 동교동 174-14,114403005057,서울특별시 마포구 신촌로,16,,1144012100101740014011859,,서울특별시 마포구 신촌로 16,121818,04056,,3,,126.928155113091,37.5579925275481
MA010120220811069030,소문난상회,,G2,소매,G221,기타 상품 소매,G22199,그 외 기타 상품 전문 소매업,G47859,그 외 기타 분류 안된 상품 전문 소매업,48,경상남도,48890,합천군,48890430,삼가면,4889043024,삼가면,4889043024104090009,1,대지,409,9,경상남도 합천군 삼가면 일부리 409-9,488904844493,경상남도 합천군 삼가면 이부길,27,23,4889043024104090009037074,,경상남도 합천군 삼가면 이부길 27-23,678964,50223,,1,,128.126902945512,35.4134215820474
MA010120220811087463,함양지리산산삼,,G2,소매,G221,기타 상품 소매,G22199,그 외 기타 상품 전문 소매업,G47859,그 외 기타 분류 안된 상품 전문 소매업,48,경상남도,48870,함양군,48870360,안의면,4887036021,안의면,4887036021100420001,1,대지,42,1,경상남도 함양군 안의면 금천리 42-1,488704838065,경상남도 함양군 안의면 금벌길,11,,4887036021100420001033002,,경상남도 함양군 안의면 금벌길 11,676823,50009,,,,127.812215883924,35.6297035736926
MA010120220811089668,라임플러스부산지사,,G2,소매,G221,기타 상품 소매,G22199,그 외 기타 상품 전문 소매업,G47859,그 외 기타 분류 안된 상품 전문 소매업,26,부산광역시,26350,해운대구,26350660,재송2동,2635010400,재송동,2635010400110520008,1,대지,1052,8,부산광역시 해운대구 재송동 1052-8,263504199289,부산광역시 해운대구 해운대로81번길,24,,2635010400110520008009077,,부산광역시 해운대구 해운대로81번길 24,612830,48054,,3,,129.12156530011,35.1904302529976
MA010120220811072766,세림유박,,G2,소매,G221,기타 상품 소매,G22199,그 외 기타 상품 전문 소매업,G47859,그 외 기타 분류 안된 상품 전문 소매업,48,경상남도,48880,거창군,48880310,주상면,4888031022,주상면,4888031022105230005,1,대지,523,5,경상남도 거창군 주상면 남산리 523-5,488804841467,경상남도 거창군 주상면 원남산1길,52,,4888031022105230005041303,,경상남도 거창군 주상면 원남산1길 52,670811,50115,,1,,127.947685660125,35.765810559146
MA010120220811072800,합천퇴비상사,,G2,소매,G221,기타 상품 소매,G22199,그 외 기타 상품 전문 소매업,G47859,그 외 기타 분류 안된 상품 전문 소매업,48,경상남도,48890,합천군,48890460,용주면,4889046030,용주면,4889046030107750004,1,대지,775,4,경상남도 합천군 용주면 월평리 775-4,488904844406,경상남도 합천군 용주면 연촌길,5,5,4889046030107750004042513,,경상남도 합천군 용주면 연촌길 5-5,678912,50212,,,,128.11726633984,35.5667963977571
MA010120220811072872,초계농약·식물병원,,G2,소매,G221,기타 상품 소매,G22199,그 외 기타 상품 전문 소매업,G47859,그 외 기타 분류 안된 상품 전문 소매업,48,경상남도,48890,합천군,48890360,초계면,4889036022,초계면,4889036022100900004,1,대지,90,4,경상남도 합천군 초계면 초계리 90-4,488903348030,경상남도 합천군 초계면 초계중앙로,35,1,4889036022100900004052104,,경상남도 합천군 초계면 초계중앙로 35-1,678823,50246,,,,128.263891458273,35.5591567790703
MA010120220811058761,대영케미칼,,G2,소매,G221,기타 상품 소매,G22199,그 외 기타 상품 전문 소매업,G47859,그 외 기타 분류 안된 상품 전문 소매업,31,울산광역시,31140,남구,31140670,야음장생포동,3114010700,여천동,3114010700107420001,1,대지,742,1,울산광역시 남구 여천동 742-1,311403011008,울산광역시 남구 장생포로,79,,3114010700107420001026683,,울산광역시 남구 장생포로 79,680090,44781,,,,129.351235235247,35.5169278631338
MA010120220811071127,풍년농약사,,G2,소매,G221,기타 상품 소매,G22199,그 외 기타 상품 전문 소매업,G47859,그 외 기타 분류 안된 상품 전문 소매업,48,경상남도,48890,합천군,48890360,초계면,4889036021,초계면,4889036021101080001,1,대지,108,1,경상남도 합천군 초계면 아막리 108-1,488903348020,경상남도 합천군 초계면 아막재로,4,,4889036021101080001019242,,경상남도 합천군 초계면 아막재로 4,678821,50246,,,,128.267966305951,35.5594834917734
MA010120220811072933,지산불교용품,,G2,소매,G221,기타 상품 소매,G22199,그 외 기타 상품 전문 소매업,G47859,그 외 기타 분류 안된 상품 전문 소매업,48,경상남도,48870,함양군,48870310,마천면,4887031026,마천면,4887031026200180019,2,산,18,19,경상남도 함양군 마천면 추성리 산18-19,488704838038,경상남도 함양군 마천면 광점길,27,59,4887031026200180001020168,,경상남도 함양군 마천면 광점길 27-59,676914,50056,,,,127.70023730667,35.3927106367813
MA010120220811093264,성지불교사,,G2,소매,G221,기타 상품 소매,G22199,그 외 기타 상품 전문 소매업,G47859,그 외 기타 분류 안된 상품 전문 소매업,48,경상남도,48310,거제시,48310580,고현동,4831010900,고현동,4831010900109300007,1,대지,930,7,경상남도 거제시 고현동 930-7,483103337008,경상남도 거제시 고현천로,74,,4831010900109300007025382,,경상남도 거제시 고현천로 74,656934,53255,,,,128.626888465608,34.8856245972696
MA010120220811093271,고현상,백화점,G2,소매,G221,기타 상품 소매,G22199,그 외 기타 상품 전문 소매업,G47859,그 외 기타 분류 안된 상품 전문 소매업,48,경상남도,48310,거제시,48310580,고현동,4831010900,고현동,4831010900108050006,1,대지,805,6,경상남도 거제시 고현동 805-6,483104811066,경상남도 거제시 고현로6길,9,,4831010900108050006024560,,경상남도 거제시 고현로6길 9,656934,53254,,,,128.622820043313,34.8856429365756
MA010120220811066276,성불불교사,,G2,소매,G221,기타 상품 소매,G22199,그 외 기타 상품 전문 소매업,G47859,그 외 기타 분류 안된 상품 전문 소매업,48,경상남도,48870,함양군,48870250,함양읍,4887025022,함양읍,4887025022109000007,1,대지,900,7,경상남도 함양군 함양읍 용평리 900-7,488704838328,경상남도 함양군 함양읍 용평4길,24,,4887025022109000007010206,,경상남도 함양군 함양읍 용평4길 24,676805,50045,,,,127.728087999017,35.516563720181
MA010120220811069508,해인석물,,G2,소매,G221,기타 상품 소매,G22199,그 외 기타 상품 전문 소매업,G47859,그 외 기타 분류 안된 상품 전문 소매업,48,경상남도,48890,합천군,48890430,삼가면,4889043027,삼가면,4889043027106820000,1,대지,682,,경상남도 합천군 삼가면 금리 682,488903348046,경상남도 합천군 삼가면 서부로,161,,4889043027106820000038857,,경상남도 합천군 삼가면 서부로 161,678961,50221,,,,128.106911043871,35.4151025806346
MA010120220811075137,흥농종묘농약사,,G2,소매,G221,기타 상품 소매,G22199,그 외 기타 상품 전문 소매업,G47859,그 외 기타 분류 안된 상품 전문 소매업,48,경상남도,48870,함양군,48870250,함양읍,4887025022,함양읍,4887025022106070104,1,대지,607,104,경상남도 함양군 함양읍 용평리 607-104,488704838334,경상남도 함양군 함양읍 용평중앙길,20,,4887025022106070104010684,,경상남도 함양군 함양읍 용평중앙길 20,676805,50046,,,,127.728988348204,35.5186041931655
MA010120220811077428,삼신미싱,,G2,소매,G221,기타 상품 소매,G22199,그 외 기타 상품 전문 소매업,G47859,그 외 기타 분류 안된 상품 전문 소매업,11,서울특별시,11230,동대문구,11230536,용신동,1123010200,용두동,1123010200100390102,1,대지,39,102,서울특별시 동대문구 용두동 39-102,112304115533,서울특별시 동대문구 천호대로35길,45,,1123010200100390102038309,,서울특별시 동대문구 천호대로35길 45,130817,02564,,,,127.041794691514,37.575297099607
MA010120220811077572,페어리플라워,,G2,소매,G221,기타 상품 소매,G22199,그 외 기타 상품 전문 소매업,G47859,그 외 기타 분류 안된 상품 전문 소매업,29,광주광역시,29110,동구,29110620,지산1동,2911011100,지산동,2911011100106750045,1,대지,675,45,광주광역시 동구 지산동 675-45,291104277077,광주광역시 동구 동명로67번길,18,2,2911011100106750045022346,,광주광역시 동구 동명로67번길 18-2,501838,61432,,1,,126.926996121614,35.1525362961296
MA010120220811071611,남창관음불교사,,G2,소매,G221,기타 상품 소매,G22199,그 외 기타 상품 전문 소매업,G47859,그 외 기타 분류 안된 상품 전문 소매업,31,울산광역시,31710,울주군,31710256,온양읍,3171025629,온양읍,3171025629100850005,1,대지,85,5,울산광역시 울주군 온양읍 운화리 85-5,317103173017,울산광역시 울주군 온양읍 남창강변로,16,,3171025629100850005000907,,울산광역시 울주군 온양읍 남창강변로 16,689905,44973,,,,129.278286616504,35.4166236407945
MA010120220811085200,양쌤건강교실,,G2,소매,G221,기타 상품 소매,G22199,그 외 기타 상품 전문 소매업,G47859,그 외 기타 분류 안된 상품 전문 소매업,30,대전광역시,30230,대덕구,30230525,회덕동,3023010300,읍내동,3023010300104830081,1,대지,483,81,대전광역시 대덕구 읍내동 483-81,302304304367,대전광역시 대덕구 아리랑로113번길,26,,3023010300104830081007748,,대전광역시 대덕구 아리랑로113번길 26,306822,34359,,,,127.418711782237,36.3753243748056
MA010120220811090237,마이산가금,,G2,소매,G221,기타 상품 소매,G22199,그 외 기타 상품 전문 소매업,G47859,그 외 기타 분류 안된 상품 전문 소매업,52,전북특별자치도,52720,진안군,52720360,성수면,5272036027,성수면,5272036027104190000,1,대지,419,,전북특별자치도 진안군 성수면 좌포리 419,527203274004,전북특별자치도 진안군 성수면 고분제로,73,34,4572036027104110000025644,,전북특별자치도 진안군 성수면 고분제로 73-34,567892,55458,,,,127.326481614443,35.7485522566025
MA010120220811093420,영수당건재한약품,,G2,소매,G221,기타 상품 소매,G22199,그 외 기타 상품 전문 소매업,G47859,그 외 기타 분류 안된 상품 전문 소매업,48,경상남도,48220,통영시,48220550,중앙동,4822010700,태평동,4822010700105100000,1,대지,510,,경상남도 통영시 태평동 510,482203333005,경상남도 통영시 동문로,8,,4822010700105100000026331,,경상남도 통영시 동문로 8,650060,53053,,,,128.424767139672,34.846188200971
MA010120220811071765,함양총포사,,G2,소매,G221,기타 상품 소매,G22199,그 외 기타 상품 전문 소매업,G47859,그 외 기타 분류 안된 상품 전문 소매업,48,경상남도,48870,함양군,48870250,함양읍,4887025027,함양읍,4887025027116940000,1,대지,1694,,경상남도 함양군 함양읍 백천리 1694,488703329003,경상남도 함양군 함양읍 고운로,321,,4887025027116940000000002,,경상남도 함양군 함양읍 고운로 321,676804,50023,,,,127.754510721274,35.527036443498
MA010120220811073708,우림농약종묘사,,G2,소매,G221,기타 상품 소매,G22199,그 외 기타 상품 전문 소매업,G47859,그 외 기타 분류 안된 상품 전문 소매업,48,경상남도,48890,합천군,48890250,합천읍,4889025021,합천읍,4889025021104370012,1,대지,437,12,경상남도 합천군 합천읍 합천리 437-12,488903348037,경상남도 합천군 합천읍 핫들2로,11,,4889025021104370012000001,,경상남도 합천군 합천읍 핫들2로 11,678801,50231,,,,128.16570471767,35.5686448823308
MA010120220811068481,금산인삼사,,G2,소매,G221,기타 상품 소매,G22199,그 외 기타 상품 전문 소매업,G47859,그 외 기타 분류 안된 상품 전문 소매업,48,경상남도,48890,합천군,48890250,합천읍,4889025021,합천읍,4889025021104730010,1,대지,473,10,경상남도 합천군 합천읍 합천리 473-10,488903348048,경상남도 합천군 합천읍 옥산로,44,,4889025021104730013001922,,경상남도 합천군 합천읍 옥산로 44,678804,50233,,,,128.160405256148,35.5683084825909
MA010120220811095376,가야장례서비스.수석,,G2,소매,G221,기타 상품 소매,G22199,그 외 기타 상품 전문 소매업,G47859,그 외 기타 분류 안된 상품 전문 소매업,48,경상남도,48820,고성군,48820250,고성읍,4882025024,고성읍,4882025024101820006,1,대지,182,6,경상남도 고성군 고성읍 동외리 182-6,488204826544,경상남도 고성군 고성읍 중앙로104번길,15,1,4882025024101820004007279,,경상남도 고성군 고성읍 중앙로104번길 15-1,638803,52947,,,,128.331213333198,34.9748380179857
MA010120220811076082,대흥농약사,,G2,소매,G221,기타 상품 소매,G22199,그 외 기타 상품 전문 소매업,G47859,그 외 기타 분류 안된 상품 전문 소매업,48,경상남도,48820,고성군,48820370,영오면,4882037022,영오면,4882037022116110010,1,대지,1611,10,경상남도 고성군 영오면 오서리 1611-10,488203342027,경상남도 고성군 영오면 영회로,2,,4882037022116110010035049,,경상남도 고성군 영오면 영회로 2,638971,52900,,,,128.187969924991,35.0902859459056
MA010120220811095861,대운불교종합상사,,G2,소매,G221,기타 상품 소매,G22199,그 외 기타 상품 전문 소매업,G47859,그 외 기타 분류 안된 상품 전문 소매업,48,경상남도,48310,거제시,48310580,고현동,4831010900,고현동,4831010900102090004,1,대지,209,4,경상남도 거제시 고현동 209-4,483103337005,경상남도 거제시 거제중앙로,1856,,4831010900102090004025172,,경상남도 거제시 거제중앙로 1856,656932,53255,,,,128.625500439769,34.8840118628156
MA010120220811087771,함양산양삼협회,,G2,소매,G221,기타 상품 소매,G22199,그 외 기타 상품 전문 소매업,G47859,그 외 기타 분류 안된 상품 전문 소매업,48,경상남도,48870,함양군,48870250,함양읍,4887025024,함양읍,4887025024110430000,1,대지,1043,,경상남도 함양군 함양읍 교산리 1043,488704838095,경상남도 함양군 함양읍 대맛길,107,,4887025024110430000000001,항노화유통센터,경상남도 함양군 함양읍 대맛길 107,676801,50028,,,,127.719770815516,35.5270865355426
MA010120220811087810,대한산양산삼유통공사,,G2,소매,G221,기타 상품 소매,G22199,그 외 기타 상품 전문 소매업,G47859,그 외 기타 분류 안된 상품 전문 소매업,48,경상남도,48880,거창군,48880250,거창읍,4888025026,거창읍,4888025026101220016,1,대지,122,16,경상남도 거창군 거창읍 송정리 122-16,488802346002,경상남도 거창군 거창읍 거함대로,3068,8,4888025026101220003000001,,경상남도 거창군 거창읍 거함대로 3068-8,670802,50141,,,,127.897123709363,35.6805625293068
MA010120220811067075,선재불교사,,G2,소매,G221,기타 상품 소매,G22199,그 외 기타 상품 전문 소매업,G47859,그 외 기타 분류 안된 상품 전문 소매업,48,경상남도,48880,거창군,48880250,거창읍,4888025022,거창읍,4888025022100720025,1,대지,72,25,경상남도 거창군 거창읍 중앙리 72-25,488804841599,경상남도 거창군 거창읍 하동2길,22,,4888025022100720025011934,,경상남도 거창군 거창읍 하동2길 22,670808,50133,,,,127.913385054127,35.6884433028413
MA010120220811070485,한농연농자재할인마트,,G2,소매,G221,기타 상품 소매,G22199,그 외 기타 상품 전문 소매업,G47859,그 외 기타 분류 안된 상품 전문 소매업,48,경상남도,48890,합천군,48890410,대양면,4889041021,대양면,4889041021101090002,1,대지,109,2,경상남도 합천군 대양면 정양리 109-2,488903348044,경상남도 합천군 대양면 동부로,18,,4889041021101090002000001,,경상남도 합천군 대양면 동부로 18,678942,50239,,,,128.163631554913,35.5557141107615
MA010120220811070548,빼재산삼원,,G2,소매,G221,기타 상품 소매,G22199,그 외 기타 상품 전문 소매업,G47859,그 외 기타 분류 안된 상품 전문 소매업,48,경상남도,48880,거창군,48880330,고제면,4888033021,고제면,4888033021120490000,1,대지,2049,,경상남도 거창군 고제면 개명리 2049,488803347006,경상남도 거창군 고제면 빼재로,2115,,4888033021120490000000001,,경상남도 거창군 고제면 빼재로 2115,670831,50111,,,,127.831408475834,35.8599570689397
MA010120220811076390,워라밸,,G2,소매,G221,기타 상품 소매,G22199,그 외 기타 상품 전문 소매업,G47859,그 외 기타 분류 안된 상품 전문 소매업,51,강원특별자치도,51770,정선군,51770250,정선읍,5177025021,정선읍,5177025021104230006,1,대지,423,6,강원특별자치도 정선군 정선읍 봉양리 423-6,517704487207,강원특별자치도 정선군 정선읍 세대길,10,,4277025021104230006007155,,강원특별자치도 정선군 정선읍 세대길 10,233804,26129,,,,128.657026690054,37.3825187642801
MA010120220811080700,오성농약농자재할인마트,,G2,소매,G221,기타 상품 소매,G22199,그 외 기타 상품 전문 소매업,G47859,그 외 기타 분류 안된 상품 전문 소매업,47,경상북도,47290,경산시,47290330,자인면,4729033022,자인면,4729033022102600003,1,대지,260,3,경상북도 경산시 자인면 서부리 260-3,472903313061,경상북도 경산시 자인면 자인로,203,,4729033022102600003055641,,경상북도 경산시 자인면 자인로 203,712853,38560,,,,128.822388042839,35.816436155185
MA010120220811119617,풍년친환경식물병원,,G2,소매,G221,기타 상품 소매,G22199,그 외 기타 상품 전문 소매업,G47859,그 외 기타 분류 안된 상품 전문 소매업,48,경상남도,48820,고성군,48820370,영오면,4882037022,영오면,4882037022116110055,1,대지,1611,55,경상남도 고성군 영오면 오서리 1611-55,488203342027,경상남도 고성군 영오면 영회로,7,,4882037022108070001034676,,경상남도 고성군 영오면 영회로 7,638971,52900,,,,128.188472197255,35.0908939099273
MA010120220811098733,아담과이브,,G2,소매,G221,기타 상품 소매,G22199,그 외 기타 상품 전문 소매업,G47859,그 외 기타 분류 안된 상품 전문 소매업,48,경상남도,48310,거제시,48310550,옥포1동,4831010600,옥포동,4831010600103780001,1,대지,378,1,경상남도 거제시 옥포동 378-1,483103337032,경상남도 거제시 옥포성안로,40,,4831010600103780001044070,,경상남도 거제시 옥포성안로 40,656904,53231,,2,,128.694321040158,34.8900207089169
MA010120220811111988,동신농약사,,G2,소매,G221,기타 상품 소매,G22199,그 외 기타 상품 전문 소매업,G47859,그 외 기타 분류 안된 상품 전문 소매업,48,경상남도,48310,거제시,48310580,고현동,4831010900,고현동,4831010900108100001,1,대지,810,1,경상남도 거제시 고현동 810-1,483103337007,경상남도 거제시 고현로,84,,4831010900108100001024750,,경상남도 거제시 고현로 84,656934,53254,,,,128.622116016192,34.8859948191122
MA010120220811109390,분홍땡땡이,,G2,소매,G221,기타 상품 소매,G22199,그 외 기타 상품 전문 소매업,G47859,그 외 기타 분류 안된 상품 전문 소매업,48,경상남도,48330,양산시,48330253,물금읍,4833025323,물금읍,4833025323112680007,1,대지,1268,7,경상남도 양산시 물금읍 가촌리 1268-7,483303338109,경상남도 양산시 물금읍 물금로,173,,4833025323112680007000001,,경상남도 양산시 물금읍 물금로 173,626811,50613,,,,128.999031187512,35.3186331902052
MA010120220811112120,중앙농약종묘사,,G2,소매,G221,기타 상품 소매,G22199,그 외 기타 상품 전문 소매업,G47859,그 외 기타 분류 안된 상품 전문 소매업,48,경상남도,48310,거제시,48310340,거제면,4831034026,거제면,4831034026106540000,1,대지,654,,경상남도 거제시 거제면 서정리 654,483103337012,경상남도 거제시 거제면 기성로,33,,4831034026106540000008682,,경상남도 거제시 거제면 기성로 33,656862,53285,,,,128.58893081107,34.8507424252871
MA010120220811114541,큐피트유통,,G2,소매,G221,기타 상품 소매,G22199,그 외 기타 상품 전문 소매업,G47859,그 외 기타 분류 안된 상품 전문 소매업,48,경상남도,48220,통영시,48220590,정량동,4822010800,동호동,4822010800100470000,1,대지,47,,경상남도 통영시 동호동 47,482204799490,경상남도 통영시 항북길,60,,4822010800100470000029141,,경상남도 통영시 항북길 60,650806,53052,,,,128.428872852333,34.8446348442867
MA010120220811117439,흥농농약종묘사,,G2,소매,G221,기타 상품 소매,G22199,그 외 기타 상품 전문 소매업,G47859,그 외 기타 분류 안된 상품 전문 소매업,48,경상남도,48220,통영시,48220530,명정동,4822010200,서호동,4822010200101770415,1,대지,177,415,경상남도 통영시 서호동 177-415,482204799241,경상남도 통영시 새터길,48,,4822010200101770415044108,서호상가,경상남도 통영시 새터길 48,650100,53055,,,,128.419382583546,34.8414021200757
MA010120220811128385,알파,,G2,소매,G221,기타 상품 소매,G22199,그 외 기타 상품 전문 소매업,G47859,그 외 기타 분류 안된 상품 전문 소매업,48,경상남도,48310,거제시,48310370,연초면,4831037030,연초면,4831037030106930002,1,대지,693,2,경상남도 거제시 연초면 송정리 693-2,483102006004,경상남도 거제시 연초면 거제대로,4061,1,4831037030106930002048120,,경상남도 거제시 연초면 거제대로 4061-1,656812,53211,,,,128.674880313796,34.9140745429334
MA010120220811128524,제일농약종묘사,,G2,소매,G221,기타 상품 소매,G22199,그 외 기타 상품 전문 소매업,G47859,그 외 기타 분류 안된 상품 전문 소매업,48,경상남도,48310,거제시,48310580,고현동,4831010900,고현동,4831010900108120001,1,대지,812,1,경상남도 거제시 고현동 812-1,483103337007,경상남도 거제시 고현로,85,,4831010900108120001024627,,경상남도 거제시 고현로 85,656934,53253,,,,128.622111457352,34.8863193387574
MA010120220811097386,옥포금강불교사,,G2,소매,G221,기타 상품 소매,G22199,그 외 기타 상품 전문 소매업,G47859,그 외 기타 분류 안된 상품 전문 소매업,48,경상남도,48310,거제시,48310550,옥포1동,4831010600,옥포동,4831010600101430001,1,대지,143,1,경상남도 거제시 옥포동 143-1,483103337032,경상남도 거제시 옥포성안로,56,,4831010600101430001043125,,경상남도 거제시 옥포성안로 56,656904,53231,,,,128.694732447133,34.8914119291439
MA010120220811110174,다양SKYLED,,G2,소매,G221,기타 상품 소매,G22199,그 외 기타 상품 전문 소매업,G47859,그 외 기타 분류 안된 상품 전문 소매업,48,경상남도,48170,진주시,48170360,일반성면,4817036021,일반성면,4817036021103380001,1,대지,338,1,경상남도 진주시 일반성면 창촌리 338-1,481704797439,경상남도 진주시 일반성면 창촌길45번길,45,,4817036021103380001034478,,경상남도 진주시 일반성면 창촌길45번길 45,660863,52616,,,,128.281728776642,35.1752236535261
MA010120220811132649,아트모,,G2,소매,G221,기타 상품 소매,G22199,그 외 기타 상품 전문 소매업,G47422,의복 액세서리 및 모조 장신구 소매업,48,경상남도,48310,거제시,48310580,고현동,4831010900,고현동,4831010900100370013,1,대지,37,13,경상남도 거제시 고현동 37-13,483103337005,경상남도 거제시 거제중앙로,1888,1,4831010900100370013025336,,경상남도 거제시 거제중앙로 1888-1,656930,53255,,3,,128.624089298856,34.8867796135597
MA010120220811099879,대아전력,,G2,소매,G221,기타 상품 소매,G22199,그 외 기타 상품 전문 소매업,G47859,그 외 기타 분류 안된 상품 전문 소매업,48,경상남도,48310,거제시,48310600,수양동,4831011300,양정동,4831011300101110006,1,대지,111,6,경상남도 거제시 양정동 111-6,483103337066,경상남도 거제시 수양로,160,1,4831011300101110006000001,,경상남도 거제시 수양로 160-1,656806,53244,,,,128.653153205289,34.8705163870311
MA010120220811103387,자연모,,G2,소매,G221,기타 상품 소매,G22199,그 외 기타 상품 전문 소매업,G47422,의복 액세서리 및 모조 장신구 소매업,48,경상남도,48310,거제시,48310600,수양동,4831011400,수월동,4831011400111200023,1,대지,1120,23,경상남도 거제시 수월동 1120-23,483103337066,경상남도 거제시 수양로,454,9,4831011400111200023000001,,경상남도 거제시 수양로 454-9,656303,53237,,,,128.641178031696,34.8935799721555
MA010120220811101650,대웅건재한약품,,G2,소매,G221,기타 상품 소매,G22199,그 외 기타 상품 전문 소매업,G47859,그 외 기타 분류 안된 상품 전문 소매업,48,경상남도,48220,통영시,48220550,중앙동,4822010700,태평동,4822010700104050001,1,대지,405,1,경상남도 통영시 태평동 405-1,482203333005,경상남도 통영시 동문로,3,,4822010700104050001008108,,경상남도 통영시 동문로 3,650060,53049,,,,128.424179376365,34.8463392951897
MA010120220811101662,청림불교사,,G2,소매,G221,기타 상품 소매,G22199,그 외 기타 상품 전문 소매업,G47859,그 외 기타 분류 안된 상품 전문 소매업,48,경상남도,48220,통영시,48220550,중앙동,4822010700,태평동,4822010700105270001,1,대지,527,1,경상남도 통영시 태평동 527-1,482203333005,경상남도 통영시 동문로,11,2,4822010700105270001017890,,경상남도 통영시 동문로 11-2,650060,53049,,,,128.425219952138,34.8464532875991
MA010120220811126938,욕지선구점,,G2,소매,G221,기타 상품 소매,G22199,그 외 기타 상품 전문 소매업,G47859,그 외 기타 분류 안된 상품 전문 소매업,48,경상남도,48220,통영시,48220350,욕지면,4822035021,욕지면,4822035021105810020,1,대지,581,20,경상남도 통영시 욕지면 동항리 581-20,482203333022,경상남도 통영시 욕지면 욕지일주로,175,1,4822035021105810020045337,,경상남도 통영시 욕지면 욕지일주로 175-1,650912,53100,,,,128.271752611036,34.6346808641721
MA010120220811101862,여의주,,G2,소매,G221,기타 상품 소매,G22199,그 외 기타 상품 전문 소매업,G47859,그 외 기타 분류 안된 상품 전문 소매업,48,경상남도,48820,고성군,48820380,개천면,4882038025,개천면,4882038025105340002,1,대지,534,2,경상남도 고성군 개천면 용안리 534-2,488203342006,경상남도 고성군 개천면 구만로,138,46,4882038025105340002036610,금구사내,경상남도 고성군 개천면 구만로 138-46,638982,52904,,,,128.279132624782,35.0935043727164
MA010120220811105893,현대농약사,,G2,소매,G221,기타 상품 소매,G22199,그 외 기타 상품 전문 소매업,G47859,그 외 기타 분류 안된 상품 전문 소매업,48,경상남도,48220,통영시,48220530,명정동,4822010200,서호동,4822010200101630019,1,대지,163,19,경상남도 통영시 서호동 163-19,482204799241,경상남도 통영시 새터길,65,,4822010200101630017014837,,경상남도 통영시 새터길 65,650100,53055,,,,128.420187742408,34.8418163361521
MA010120220811129523,삼원상회,,G2,소매,G221,기타 상품 소매,G22199,그 외 기타 상품 전문 소매업,G47859,그 외 기타 분류 안된 상품 전문 소매업,48,경상남도,48310,거제시,48310320,동부면,4831032022,동부면,4831032022103660005,1,대지,366,5,경상남도 거제시 동부면 산양리 366-5,483103337063,경상남도 거제시 동부면 동부로,4,,4831032022103660005012285,,경상남도 거제시 동부면 동부로 4,656853,53331,,,,128.607407114844,34.8226048606331
MA010120220811129527,일운농약,,G2,소매,G221,기타 상품 소매,G22199,그 외 기타 상품 전문 소매업,G47859,그 외 기타 분류 안된 상품 전문 소매업,48,경상남도,48310,거제시,48310310,일운면,4831031024,일운면,4831031024109270006,1,대지,927,6,경상남도 거제시 일운면 지세포리 927-6,483103337054,경상남도 거제시 일운면 지세포로,101,,4831031024109270006031016,,경상남도 거제시 일운면 지세포로 101,656894,53328,,,,128.70372790548,34.8295945674699
MA010120220811131558,대원불교사,,G2,소매,G221,기타 상품 소매,G22199,그 외 기타 상품 전문 소매업,G47859,그 외 기타 분류 안된 상품 전문 소매업,26,부산광역시,26230,부산진구,26230510,부전1동,2623010300,부전동,2623010300100390002,1,대지,39,2,부산광역시 부산진구 부전동 39-2,262303129023,부산광역시 부산진구 부전로,191,1,2623010300100390002051873,,부산광역시 부산진구 부전로 191-1,614842,47248,,,,129.061655784082,35.1641152075097
MA010120220811133839,금정종교용품,,G2,소매,G221,기타 상품 소매,G22199,그 외 기타 상품 전문 소매업,G47859,그 외 기타 분류 안된 상품 전문 소매업,11,서울특별시,11545,금천구,11545670,시흥1동,1154510300,시흥동,1154510300108810056,1,대지,881,56,서울특별시 금천구 시흥동 881-56,115454151325,서울특별시 금천구 시흥대로62길,31,,1154510300108810056005792,,서울특별시 금천구 시흥대로62길 31,153857,08626,,1,,126.901760144119,37.4559887926563
MA010120220811103821,자연모,,G2,소매,G221,기타 상품 소매,G22199,그 외 기타 상품 전문 소매업,G47422,의복 액세서리 및 모조 장신구 소매업,48,경상남도,48220,통영시,48220700,무전동,4822011100,무전동,4822011100103630004,1,대지,363,4,경상남도 통영시 무전동 363-4,482203333042,경상남도 통영시 통영해안로,494,,4822011100103630004026900,,경상남도 통영시 통영해안로 494,650800,53048,,,,128.43226249742,34.8522380575007
MA010120220811096359,제일농약종묘사,,G2,소매,G221,기타 상품 소매,G22199,그 외 기타 상품 전문 소매업,G47859,그 외 기타 분류 안된 상품 전문 소매업,48,경상남도,48220,통영시,48220530,명정동,4822010200,서호동,4822010200101770422,1,대지,177,422,경상남도 통영시 서호동 177-422,482204799241,경상남도 통영시 새터길,34,,4822010200101770422036936,서호전통시장,경상남도 통영시 새터길 34,650100,53055,,1,,128.418625791179,34.8412577274675
MA010120220811119272,웰빙유통,,G2,소매,G221,기타 상품 소매,G22199,그 외 기타 상품 전문 소매업,G47859,그 외 기타 분류 안된 상품 전문 소매업,48,경상남도,48820,고성군,48820410,마암면,4882041023,마암면,4882041023108380007,1,대지,838,7,경상남도 고성군 마암면 보전리 838-7,488202328001,경상남도 고성군 마암면 남해안대로,3491,,4882041023108380007046001,,경상남도 고성군 마암면 남해안대로 3491,638991,52911,,,,128.355513534434,35.0426980581071
MA010120220811122024,시스템엘르,,G2,소매,G221,기타 상품 소매,G22199,그 외 기타 상품 전문 소매업,G47422,의복 액세서리 및 모조 장신구 소매업,48,경상남도,48127,창원시 마산회원구,48127590,합성2동,4812710600,합성동,4812710600101620028,1,대지,162,28,경상남도 창원시 마산회원구 합성동 162-28,481274790307,경상남도 창원시 마산회원구 합성남3길,21,,4812710600101620028000001,KS빌딩,경상남도 창원시 마산회원구 합성남3길 21,630818,51357,,4,,128.584853009126,35.2393371214865
MA010120220811103996,미모,,G2,소매,G221,기타 상품 소매,G22199,그 외 기타 상품 전문 소매업,G47422,의복 액세서리 및 모조 장신구 소매업,48,경상남도,48220,통영시,48220600,북신동,4822011000,북신동,4822011000100620003,1,대지,62,3,경상남도 통영시 북신동 62-3,482203333042,경상남도 통영시 통영해안로,489,,4822011000100620003004347,,경상남도 통영시 통영해안로 489,650804,53040,,,,128.431748102897,34.8522080629552
MA010120220811113977,야누스,,G2,소매,G221,기타 상품 소매,G22199,그 외 기타 상품 전문 소매업,G47859,그 외 기타 분류 안된 상품 전문 소매업,48,경상남도,48310,거제시,48310570,장평동,4831010800,장평동,4831010800101990010,1,대지,199,10,경상남도 거제시 장평동 199-10,483104811622,경상남도 거제시 장평3로2길,16,1,4831010800101990010000001,,경상남도 거제시 장평3로2길 16-1,656926,53268,,,,128.61056760537,34.8894470702729
MA010120220811143479,법인팜스,코리아,G2,소매,G221,기타 상품 소매,G22199,그 외 기타 상품 전문 소매업,G47859,그 외 기타 분류 안된 상품 전문 소매업,48,경상남도,48240,사천시,48240350,곤양면,4824035032,곤양면,4824035032105560003,1,대지,556,3,경상남도 사천시 곤양면 무고리 556-3,482403019065,경상남도 사천시 곤양면 곤북로,321,70,4824035032105560003000001,,경상남도 사천시 곤양면 곤북로 321-70,664914,52504,,,,127.925339740362,35.0649760322865
MA010120220811157198,심진화불교용품,,G2,소매,G221,기타 상품 소매,G22199,그 외 기타 상품 전문 소매업,G47859,그 외 기타 분류 안된 상품 전문 소매업,48,경상남도,48125,창원시 마산합포구,48125330,진북면,4812533021,진북면,4812533021102320014,1,대지,232,14,경상남도 창원시 마산합포구 진북면 지산리 232-14,481254787725,경상남도 창원시 마산합포구 진북면 지산1길,46,36,4812533021102320014015889,,경상남도 창원시 마산합포구 진북면 지산1길 46-36,631823,51794,,,,128.466393237629,35.1160876859673
MA010120220811155523,진주국기사,,G2,소매,G221,기타 상품 소매,G22199,그 외 기타 상품 전문 소매업,G47859,그 외 기타 분류 안된 상품 전문 소매업,48,경상남도,48170,진주시,48170565,중앙동,4817010900,대안동,4817010900100060008,1,대지,6,8,경상남도 진주시 대안동 6-8,481704797292,경상남도 진주시 진주대로1070번길,3,1,4817010900100060008004379,,경상남도 진주시 진주대로1070번길 3-1,660140,52754,,,,128.08404495472,35.1951083130152
MA010120220811157249,진주상례복,,G2,소매,G221,기타 상품 소매,G22199,그 외 기타 상품 전문 소매업,G47859,그 외 기타 분류 안된 상품 전문 소매업,48,경상남도,48170,진주시,48170720,이현동,4817012700,이현동,4817012700100270001,1,대지,27,1,경상남도 진주시 이현동 27-1,481703332066,경상남도 진주시 평거로,262,,4817012700100270001210441,,경상남도 진주시 평거로 262,660982,52670,,1,,128.063037339534,35.1906438435011
MA010120220811159136,보광불교사,,G2,소매,G221,기타 상품 소매,G22199,그 외 기타 상품 전문 소매업,G47859,그 외 기타 분류 안된 상품 전문 소매업,48,경상남도,48240,사천시,48240550,벌용동,4824010800,벌리동,4824010800102580002,1,대지,258,2,경상남도 사천시 벌리동 258-2,482403334044,경상남도 사천시 주공로,26,5,4824010800102580002016592,,경상남도 사천시 주공로 26-5,664833,52550,,,,128.086931694565,34.9403700266755
MA010120220811167963,강화인삼상회,,G2,소매,G221,기타 상품 소매,G22199,그 외 기타 상품 전문 소매업,G47859,그 외 기타 분류 안된 상품 전문 소매업,48,경상남도,48170,진주시,48170565,중앙동,4817011700,장대동,4817011700100710011,1,대지,71,11,경상남도 진주시 장대동 71-11,481704797075,경상남도 진주시 장대로43번길,16,7,4817011700100710011004834,,경상남도 진주시 장대로43번길 16-7,660170,52755,,,,128.085647332368,35.1950579050136
MA010120220811154038,달마사,,G2,소매,G221,기타 상품 소매,G22199,그 외 기타 상품 전문 소매업,G47859,그 외 기타 분류 안된 상품 전문 소매업,48,경상남도,48170,진주시,48170565,중앙동,4817011600,수정동,4817011600100280004,1,대지,28,4,경상남도 진주시 수정동 28-4,481703332048,경상남도 진주시 장대로,73,2,4817011600100280004000001,,경상남도 진주시 장대로 73-2,660180,52753,,,,128.086297882147,35.1977379427033
MA010120220811150529,기장농약종묘사,,G2,소매,G221,기타 상품 소매,G22199,그 외 기타 상품 전문 소매업,G47859,그 외 기타 분류 안된 상품 전문 소매업,26,부산광역시,26710,기장군,26710250,기장읍,2671025026,기장읍,2671025026104190038,1,대지,419,38,부산광역시 기장군 기장읍 대라리 419-38,267104220308,부산광역시 기장군 기장읍 차성로288번길,16,,2671025026104190017006195,,부산광역시 기장군 기장읍 차성로288번길 16,619903,46066,,,,129.214520282473,35.2429770462737
MA010120220811149175,진양불교사,,G2,소매,G221,기타 상품 소매,G22199,그 외 기타 상품 전문 소매업,G47859,그 외 기타 분류 안된 상품 전문 소매업,48,경상남도,48170,진주시,48170565,중앙동,4817011600,수정동,4817011600100240009,1,대지,24,9,경상남도 진주시 수정동 24-9,481703332063,경상남도 진주시 촉석로,234,,4817011600100240009000204,,경상남도 진주시 촉석로 234,660180,52752,,1,,128.087324896179,35.1965299966183
MA010120220811159577,불교세상,,G2,소매,G221,기타 상품 소매,G22199,그 외 기타 상품 전문 소매업,G47859,그 외 기타 분류 안된 상품 전문 소매업,48,경상남도,48170,진주시,48170565,중앙동,4817011600,수정동,4817011600100280007,1,대지,28,7,경상남도 진주시 수정동 28-7,481703332048,경상남도 진주시 장대로,71,,4817011600100280007004538,,경상남도 진주시 장대로 71,660180,52753,,,,128.086361835081,35.1975931610639
MA010120220811163037,연화불교사,,G2,소매,G221,기타 상품 소매,G22199,그 외 기타 상품 전문 소매업,G47859,그 외 기타 분류 안된 상품 전문 소매업,48,경상남도,48170,진주시,48170555,성북동,4817011300,봉곡동,4817011300100070015,1,대지,7,15,경상남도 진주시 봉곡동 7-15,481704797303,경상남도 진주시 진주대로1144번길,4,,4817011300100070015003822,,경상남도 진주시 진주대로1144번길 4,660040,52749,,,,128.077978228927,35.1963251512585
MA010120220811164605,진주팜농약,,G2,소매,G221,기타 상품 소매,G22199,그 외 기타 상품 전문 소매업,G47859,그 외 기타 분류 안된 상품 전문 소매업,48,경상남도,48170,진주시,48170565,중앙동,4817010600,동성동,4817010600100010001,1,대지,1,1,경상남도 진주시 동성동 1-1,481703332056,경상남도 진주시 진양호로,556,,4817010600100010001004107,,경상남도 진주시 진양호로 556,660150,52758,,,,128.086042682909,35.1934139942519
MA010120220811150713,진주남강물수건,,G2,소매,G221,기타 상품 소매,G22199,그 외 기타 상품 전문 소매업,S96913,세탁물 공급업,48,경상남도,48170,진주시,48170555,성북동,4817010800,인사동,4817010800102190012,1,대지,219,12,경상남도 진주시 인사동 219-12,481704797423,경상남도 진주시 창렬로47번길,16,,4817010800102190012209798,,경상남도 진주시 창렬로47번길 16,660020,52679,,,,128.068499740133,35.1927588926635
MA010120220811163153,산청건자재,백화점,G2,소매,G221,기타 상품 소매,G22199,그 외 기타 상품 전문 소매업,G47519,"페인트, 창호 및 기타 건설자재 소매업",48,경상남도,48860,산청군,48860250,산청읍,4886025023,산청읍,4886025023107370002,1,대지,737,2,경상남도 산청군 산청읍 지리 737-2,488604835364,경상남도 산청군 산청읍 친환경로2720번길,18,,4886025023107370002000001,,경상남도 산청군 산청읍 친환경로2720번길 18,666807,52218,,,,127.880560306638,35.4188668697971
MA010120220811168965,아세아유기질비료,,G2,소매,G221,기타 상품 소매,G22199,그 외 기타 상품 전문 소매업,G47859,그 외 기타 분류 안된 상품 전문 소매업,48,경상남도,48170,진주시,48170695,초장동,4817012200,초전동,4817012200115220003,1,대지,1522,3,경상남도 진주시 초전동 1522-3,481703332021,경상남도 진주시 말티고개로,34,4,4817012200115220003000001,,경상남도 진주시 말티고개로 34-4,660985,52742,,,,128.105489784964,35.1992586803769
MA010120220811152671,남윤식품,,G2,소매,G221,기타 상품 소매,G22199,그 외 기타 상품 전문 소매업,G47859,그 외 기타 분류 안된 상품 전문 소매업,48,경상남도,48170,진주시,48170370,이반성면,4817037021,이반성면,4817037021112760001,1,대지,1276,1,경상남도 진주시 이반성면 장안리 1276-1,481704797084,경상남도 진주시 이반성면 장안로66번길,18,4,4817037021112760001000001,,경상남도 진주시 이반성면 장안로66번길 18-4,660872,52613,,,,128.34062199838,35.1880871283105
MA010120220811156108,삼가그린농약사,,G2,소매,G221,기타 상품 소매,G22199,그 외 기타 상품 전문 소매업,G47859,그 외 기타 분류 안된 상품 전문 소매업,48,경상남도,48890,합천군,48890430,삼가면,4889043024,삼가면,4889043024109320001,1,대지,932,1,경상남도 합천군 삼가면 일부리 932-1,488904844288,경상남도 합천군 삼가면 삼가중앙1길,35,,4889043024109320001037629,,경상남도 합천군 삼가면 삼가중앙1길 35,678964,50222,,,,128.120451558545,35.4142206470807
MA010120220811161491,바이오,코리아,G2,소매,G221,기타 상품 소매,G22199,그 외 기타 상품 전문 소매업,G47859,그 외 기타 분류 안된 상품 전문 소매업,48,경상남도,48860,산청군,48860370,단성면,4886037022,단성면,4886037022108650000,1,대지,865,,경상남도 산청군 단성면 강누리 865,488604835069,경상남도 산청군 단성면 마흘길,24,,4886037022108650000000001,,경상남도 산청군 단성면 마흘길 24,666941,52248,,,,127.942130255121,35.3090669003611
MA010120220811150873,덕성불교사,,G2,소매,G221,기타 상품 소매,G22199,그 외 기타 상품 전문 소매업,G47859,그 외 기타 분류 안된 상품 전문 소매업,48,경상남도,48170,진주시,48170555,성북동,4817011300,봉곡동,4817011300100240012,1,대지,24,12,경상남도 진주시 봉곡동 24-12,481702332003,경상남도 진주시 진주대로,1158,,4817011300100240012205525,,경상남도 진주시 진주대로 1158,660040,52663,,,,128.076182168135,35.1958454123047
MA010120220811163284,보문불교사,,G2,소매,G221,기타 상품 소매,G22199,그 외 기타 상품 전문 소매업,G47859,그 외 기타 분류 안된 상품 전문 소매업,48,경상남도,48170,진주시,48170565,중앙동,4817011000,평안동,4817011000100580000,1,대지,58,,경상남도 진주시 평안동 58,481704797020,경상남도 진주시 의곡길,14,2,4817011000100580000002013,,경상남도 진주시 의곡길 14-2,660230,52751,,,,128.082486933651,35.198502125176
MA010120220811164851,남일농약사,,G2,소매,G221,기타 상품 소매,G22199,그 외 기타 상품 전문 소매업,G47859,그 외 기타 분류 안된 상품 전문 소매업,48,경상남도,48840,남해군,48840310,이동면,4884031024,이동면,4884031024110380001,1,대지,1038,1,경상남도 남해군 이동면 무림리 1038-1,488403343014,경상남도 남해군 이동면 무림로,65,,4884031024110380001030229,,경상남도 남해군 이동면 무림로 65,668811,52431,,,,127.953809896172,34.8002903405023
MA010120220811168101,신성총포사,,G2,소매,G221,기타 상품 소매,G22199,그 외 기타 상품 전문 소매업,G47859,그 외 기타 분류 안된 상품 전문 소매업,48,경상남도,48850,하동군,48850250,하동읍,4885025023,하동읍,4885025023100050003,1,대지,5,3,경상남도 하동군 하동읍 비파리 5-3,488503344002,경상남도 하동군 하동읍 공설운동장로,13,,4885025023100050003021145,,경상남도 하동군 하동읍 공설운동장로 13,667803,52323,,,,127.762786000233,35.0708122952445
MA010120220811163428,월드광고,,G2,소매,G221,기타 상품 소매,G22199,그 외 기타 상품 전문 소매업,G47859,그 외 기타 분류 안된 상품 전문 소매업,48,경상남도,48850,하동군,48850250,하동읍,4885025021,하동읍,4885025021102240005,1,대지,224,5,경상남도 하동군 하동읍 읍내리 224-5,488502332001,경상남도 하동군 하동읍 경서대로,145,,4885025021102240005051361,,경상남도 하동군 하동읍 경서대로 145,667804,52330,,,,127.749508049697,35.0682811729469
MA010120220811149668,진주휘장사,,G2,소매,G221,기타 상품 소매,G22199,그 외 기타 상품 전문 소매업,G47859,그 외 기타 분류 안된 상품 전문 소매업,48,경상남도,48170,진주시,48170555,성북동,4817011100,중안동,4817011100100140004,1,대지,14,4,경상남도 진주시 중안동 14-4,481704796660,경상남도 진주시 비봉로23번길,4,,4817011100100140004089343,,경상남도 진주시 비봉로23번길 4,660010,52685,,,,128.080863687653,35.1928384360761
MA010120220811166834,불심원,,G2,소매,G221,기타 상품 소매,G22199,그 외 기타 상품 전문 소매업,G47859,그 외 기타 분류 안된 상품 전문 소매업,46,전라남도,46730,구례군,46730350,광의면,4673035022,광의면,4673035022100700000,1,대지,70,,전라남도 구례군 광의면 방광리 70,467303288005,전라남도 구례군 광의면 노고단로,209,,4673035022100700000000271,,전라남도 구례군 광의면 노고단로 209,542843,57610,,,,127.476302517807,35.2730868650683
MA010120220811168964,트루모,,G2,소매,G221,기타 상품 소매,G22199,그 외 기타 상품 전문 소매업,G47422,의복 액세서리 및 모조 장신구 소매업,48,경상남도,48170,진주시,48170678,하대동,4817012000,하대동,4817012000103400031,1,대지,340,31,경상남도 진주시 하대동 340-31,481703332075,경상남도 진주시 대신로,315,,4817012000103400031008792,,경상남도 진주시 대신로 315,660997,52761,,,,128.116578909214,35.188755963599
MA010120220811151214,진주채권인지,,G2,소매,G221,기타 상품 소매,G22199,그 외 기타 상품 전문 소매업,G47859,그 외 기타 분류 안된 상품 전문 소매업,48,경상남도,48170,진주시,48170710,평거동,4817012500,신안동,4817012500104200009,1,대지,420,9,경상남도 진주시 신안동 420-9,481704797220,경상남도 진주시 진양호로313번길,5,1,4817012500104200009211102,,경상남도 진주시 진양호로313번길 5-1,660907,52676,,2,,128.065604213569,35.1812206930152
MA010120220811147828,모앤모명품가발,,G2,소매,G221,기타 상품 소매,G22199,그 외 기타 상품 전문 소매업,G47422,의복 액세서리 및 모조 장신구 소매업,48,경상남도,48170,진주시,48170565,중앙동,4817010600,동성동,4817010600102130001,1,대지,213,1,경상남도 진주시 동성동 213-1,481703332011,경상남도 진주시 남강로,686,1,4817010600102130001006671,,경상남도 진주시 남강로 686-1,660150,52759,,,,128.086661716416,35.191254333804
MA010120220811147884,충남인삼상회,,G2,소매,G221,기타 상품 소매,G22199,그 외 기타 상품 전문 소매업,G47859,그 외 기타 분류 안된 상품 전문 소매업,48,경상남도,48170,진주시,48170673,상대동,4817011900,상대동,4817011900102760010,1,대지,276,10,경상남도 진주시 상대동 276-10,481703332017,경상남도 진주시 도동천로,97,,4817011900102760010013328,가제,경상남도 진주시 도동천로 97,660806,52791,,,,128.110260888656,35.1803057956713
MA010120220811147896,제일소방,,G2,소매,G221,기타 상품 소매,G22199,그 외 기타 상품 전문 소매업,G47859,그 외 기타 분류 안된 상품 전문 소매업,48,경상남도,48170,진주시,48170715,신안동,4817012500,신안동,4817012500104480005,1,대지,448,5,경상남도 진주시 신안동 448-5,481703332056,경상남도 진주시 진양호로,332,,4817012500104480005210957,,경상남도 진주시 진양호로 332,660908,52696,,,,128.067376388783,35.1824218466816
MA010120220811162448,경남총포사,,G2,소매,G221,기타 상품 소매,G22199,그 외 기타 상품 전문 소매업,G47859,그 외 기타 분류 안된 상품 전문 소매업,48,경상남도,48170,진주시,48170565,중앙동,4817011500,봉래동,4817011500101600002,1,대지,160,2,경상남도 진주시 봉래동 160-2,481704797020,경상남도 진주시 의곡길,36,1,4817011500101600002001947,,경상남도 진주시 의곡길 36-1,660220,52751,,,,128.082148895524,35.2003347844936
MA010120220811162451,신라총포사,,G2,소매,G221,기타 상품 소매,G22199,그 외 기타 상품 전문 소매업,G47859,그 외 기타 분류 안된 상품 전문 소매업,48,경상남도,48170,진주시,48170565,중앙동,4817011600,수정동,4817011600100050011,1,대지,5,11,경상남도 진주시 수정동 5-11,481704797628,경상남도 진주시 향교로41번길,2,,4817011600100050011003197,,경상남도 진주시 향교로41번길 2,660180,52751,,,,128.086466227384,35.1988360171677
MA010120220811162467,관음불교사,,G2,소매,G221,기타 상품 소매,G22199,그 외 기타 상품 전문 소매업,G47859,그 외 기타 분류 안된 상품 전문 소매업,48,경상남도,48170,진주시,48170565,중앙동,4817011600,수정동,4817011600100400006,1,대지,40,6,경상남도 진주시 수정동 40-6,481704797508,경상남도 진주시 촉석로211번길,9,1,4817011600100400006004479,,경상남도 진주시 촉석로211번길 9-1,660180,52753,,,,128.084703990766,35.1967788284108
MA010120220811179026,남해그린농마트,,G2,소매,G221,기타 상품 소매,G22199,그 외 기타 상품 전문 소매업,G47859,그 외 기타 분류 안된 상품 전문 소매업,48,경상남도,48840,남해군,48840250,남해읍,4884025023,남해읍,4884025023104530003,1,대지,453,3,경상남도 남해군 남해읍 남변리 453-3,488403343044,경상남도 남해군 남해읍 화전로,36,,4884025023104530003015107,,경상남도 남해군 남해읍 화전로 36,668801,52423,,,,127.895760697229,34.8353351338485
MA010120220811190991,중앙농약자재종합상사,,G2,소매,G221,기타 상품 소매,G22199,그 외 기타 상품 전문 소매업,G47859,그 외 기타 분류 안된 상품 전문 소매업,48,경상남도,48170,진주시,48170360,일반성면,4817036021,일반성면,4817036021100840024,1,대지,84,24,경상남도 진주시 일반성면 창촌리 84-24,481703332019,경상남도 진주시 일반성면 동부로,2017,,4817036021100840024038515,,경상남도 진주시 일반성면 동부로 2017,660863,52616,,,,128.282291598957,35.1705220210842
MA010120220811177055,영남불교사,,G2,소매,G221,기타 상품 소매,G22199,그 외 기타 상품 전문 소매업,G47859,그 외 기타 분류 안된 상품 전문 소매업,48,경상남도,48170,진주시,48170555,성북동,4817011300,봉곡동,4817011300100230003,1,대지,23,3,경상남도 진주시 봉곡동 23-3,481702332003,경상남도 진주시 진주대로,1161,1,4817011300100230003205483,,경상남도 진주시 진주대로 1161-1,660040,52681,,,,128.07602181206,35.1953421091031
MA010120220811170779,뮤즈카오디오,,G2,소매,G221,기타 상품 소매,G22199,그 외 기타 상품 전문 소매업,G45213,자동차 내장용 신품 전기ㆍ전자ㆍ정밀기기 판매업,48,경상남도,48240,사천시,48240530,동서금동,4824010400,동금동,4824010400100520011,1,대지,52,11,경상남도 사천시 동금동 52-11,482404802173,경상남도 사천시 동금6길,3,,4824010400100520011000651,,경상남도 사천시 동금6길 3,664830,52566,,,,128.082282959317,34.9322814732247
MA010120220811177645,제일다림센타,,G2,소매,G221,기타 상품 소매,G22199,그 외 기타 상품 전문 소매업,G47859,그 외 기타 분류 안된 상품 전문 소매업,48,경상남도,48170,진주시,48170565,중앙동,4817011700,장대동,4817011700101280002,1,대지,128,2,경상남도 진주시 장대동 128-2,481704797244,경상남도 진주시 진양호로563번길,3,,4817011700101280002004729,,경상남도 진주시 진양호로563번길 3,660170,52755,,,,128.086622672354,35.1940937787893
MA010120220811177670,타임,,G2,소매,G221,기타 상품 소매,G22199,그 외 기타 상품 전문 소매업,G47859,그 외 기타 분류 안된 상품 전문 소매업,48,경상남도,48170,진주시,48170440,명석면,4817044028,명석면,4817044028105070001,1,대지,507,1,경상남도 진주시 명석면 오미리 507-1,481702332003,경상남도 진주시 명석면 진주대로,2477,5,4817044028105040001005859,,경상남도 진주시 명석면 진주대로 2477-5,660951,52640,,,,127.99344368119,35.272045625159
MA010120220811181456,그 외 기타 상품 전문 소매업,,G2,소매,G221,기타 상품 소매,G22199,그 외 기타 상품 전문 소매업,G47859,그 외 기타 분류 안된 상품 전문 소매업,48,경상남도,48860,산청군,48860380,신안면,4886038023,신안면,4886038023104230000,1,대지,423,,경상남도 산청군 신안면 청현리 423,488604835341,경상남도 산청군 신안면 청현로99번길,83,3,4886038023104230000010515,,경상남도 산청군 신안면 청현로99번길 83-3,666962,52263,,,,128.006360357711,35.3237992334151
MA010120220811185480,전도농약사,,G2,소매,G221,기타 상품 소매,G22199,그 외 기타 상품 전문 소매업,G47859,그 외 기타 분류 안된 상품 전문 소매업,48,경상남도,48850,하동군,48850360,금남면,4885036030,금남면,4885036030109860005,1,대지,986,5,경상남도 하동군 금남면 계천리 986-5,488502000027,경상남도 하동군 금남면 섬진강대로,972,,4885036030109860005049353,,경상남도 하동군 금남면 섬진강대로 972,667921,52350,,,,127.809279093464,34.9971683237891
MA010120220811175385,송비당,,G2,소매,G221,기타 상품 소매,G22199,그 외 기타 상품 전문 소매업,G47859,그 외 기타 분류 안된 상품 전문 소매업,48,경상남도,48240,사천시,48240360,곤명면,4824036031,곤명면,4824036031100720001,1,대지,72,1,경상남도 사천시 곤명면 송림리 72-1,482404802392,경상남도 사천시 곤명면 송림길,32,,4824036031100720001000001,,경상남도 사천시 곤명면 송림길 32,664925,52500,,,,127.955501036882,35.1188578409021
MA010120220811175669,KJSMARKET,,G2,소매,G221,기타 상품 소매,G22199,그 외 기타 상품 전문 소매업,G47859,그 외 기타 분류 안된 상품 전문 소매업,48,경상남도,48170,진주시,48170680,상평동,4817012100,상평동,4817012100110680001,1,대지,1068,1,경상남도 진주시 상평동 1068-1,481703332072,경상남도 진주시 공단로,26,,4817012100110680001000012,상평동동일스위트아파트,경상남도 진주시 공단로 26,660340,52808,,2,,128.103271846666,35.1740876019618
MA010120220811187532,씨엠씨,코리아,G2,소매,G221,기타 상품 소매,G22199,그 외 기타 상품 전문 소매업,G47859,그 외 기타 분류 안된 상품 전문 소매업,48,경상남도,48170,진주시,48170673,상대동,4817011900,상대동,4817011900105340002,1,대지,534,2,경상남도 진주시 상대동 534-2,481704796764,경상남도 진주시 선학산길,46,,4817011900105340002093115,상대한주그린아파트,경상남도 진주시 선학산길 46,660808,52773,,,,128.110585864279,35.1864406606368
MA010120220811189828,소잉앤미싱,,G2,소매,G221,기타 상품 소매,G22199,그 외 기타 상품 전문 소매업,G47859,그 외 기타 분류 안된 상품 전문 소매업,48,경상남도,48170,진주시,48170720,이현동,4817012800,유곡동,4817012800104350005,1,대지,435,5,경상남도 진주시 유곡동 435-5,481702332003,경상남도 진주시 진주대로,1318,,4817012800104350005203494,,경상남도 진주시 진주대로 1318,660984,52654,,1,,128.059853619686,35.1948898459941
MA010120220811187692,동명인삼상회,,G2,소매,G221,기타 상품 소매,G22199,그 외 기타 상품 전문 소매업,G47859,그 외 기타 분류 안된 상품 전문 소매업,48,경상남도,48170,진주시,48170565,중앙동,4817010900,대안동,4817010900100080443,1,대지,8,443,경상남도 진주시 대안동 8-443,481704797242,경상남도 진주시 진양호로555번길,5,3,4817010900100080443004117,,경상남도 진주시 진양호로555번길 5-3,660140,52754,,,,128.085787719318,35.1940562035905
MA010120220811175994,대광아크릴,,G2,소매,G221,기타 상품 소매,G22199,그 외 기타 상품 전문 소매업,G47859,그 외 기타 분류 안된 상품 전문 소매업,48,경상남도,48170,진주시,48170555,성북동,4817010500,본성동,4817010500100070013,1,대지,7,13,경상남도 진주시 본성동 7-13,481704796235,경상남도 진주시 남강로651번길,6,,4817010500100070013207200,,경상남도 진주시 남강로651번길 6,660160,52691,,1,,128.082820387139,35.1913608481053
MA010120220811190110,하동약초,,G2,소매,G221,기타 상품 소매,G22199,그 외 기타 상품 전문 소매업,G47859,그 외 기타 분류 안된 상품 전문 소매업,48,경상남도,48850,하동군,48850320,악양면,4885032034,악양면,4885032034104480002,1,대지,448,2,경상남도 하동군 악양면 평사리 448-2,488504832495,경상남도 하동군 악양면 평사리길,45,,4885032034104480002018161,,경상남도 하동군 악양면 평사리길 45,667813,52307,,,,127.688996699592,35.1536007674565
MA010120220811182075,가야나라,,G2,소매,G221,기타 상품 소매,G22199,그 외 기타 상품 전문 소매업,G47859,그 외 기타 분류 안된 상품 전문 소매업,48,경상남도,48860,산청군,48860350,삼장면,4886035024,삼장면,4886035024102060001,1,대지,206,1,경상남도 산청군 삼장면 유평리 206-1,488604857597,경상남도 산청군 삼장면 대원사길706번길,83,,4886035024102060001025359,,경상남도 산청군 삼장면 대원사길706번길 83,666922,52232,,,,127.786116974658,35.3761211821998
MA010120220811171831,진일불교사,,G2,소매,G221,기타 상품 소매,G22199,그 외 기타 상품 전문 소매업,G47859,그 외 기타 분류 안된 상품 전문 소매업,48,경상남도,48170,진주시,48170565,중앙동,4817011700,장대동,4817011700101260003,1,대지,126,3,경상남도 진주시 장대동 126-3,481703332056,경상남도 진주시 진양호로,569,,4817011700101260003004867,,경상남도 진주시 진양호로 569,660170,52755,,,,128.087525297715,35.1942659353956
MA010120220811178829,강천수석,,G2,소매,G221,기타 상품 소매,G22199,그 외 기타 상품 전문 소매업,G47859,그 외 기타 분류 안된 상품 전문 소매업,48,경상남도,48170,진주시,48170555,성북동,4817010800,인사동,4817010800101550011,1,대지,155,11,경상남도 진주시 인사동 155-11,481703332056,경상남도 진주시 진양호로,450,7,4817010800101550011088680,,경상남도 진주시 진양호로 450-7,660020,52689,,,,128.075533712029,35.1899656785905
MA010120220811171997,동부농약종묘사,,G2,소매,G221,기타 상품 소매,G22199,그 외 기타 상품 전문 소매업,G47859,그 외 기타 분류 안된 상품 전문 소매업,48,경상남도,48170,진주시,48170360,일반성면,4817036021,일반성면,4817036021100840029,1,대지,84,29,경상남도 진주시 일반성면 창촌리 84-29,481703332019,경상남도 진주시 일반성면 동부로,2011,,4817036021100840029038636,,경상남도 진주시 일반성면 동부로 2011,660863,52616,,,,128.28174174808,35.1704557386351
MA010120220811176634,미림헤어센타,,G2,소매,G221,기타 상품 소매,G22199,그 외 기타 상품 전문 소매업,G47422,의복 액세서리 및 모조 장신구 소매업,48,경상남도,48170,진주시,48170673,상대동,4817011900,상대동,4817011900102960010,1,대지,296,10,경상남도 진주시 상대동 296-10,481703332077,경상남도 진주시 동진로,116,,4817011900102960010092311,,경상남도 진주시 동진로 116,660806,52794,,3,,128.103844705978,35.1791116388311
MA010120220809407531,봉화농협경제사업소,,G2,소매,G221,기타 상품 소매,G22199,그 외 기타 상품 전문 소매업,G47859,그 외 기타 분류 안된 상품 전문 소매업,47,경상북도,47920,봉화군,47920250,봉화읍,4792025031,봉화읍,4792025031103980001,1,대지,398,1,경상북도 봉화군 봉화읍 내성리 398-1,479204772060,경상북도 봉화군 봉화읍 꽃동네길,5,,4792025031103980001006604,,경상북도 봉화군 봉화읍 꽃동네길 5,755805,36239,,,,128.732260747228,36.8899456513091
MA010120220809393094,옥토사랑,,G2,소매,G221,기타 상품 소매,G22199,그 외 기타 상품 전문 소매업,G47859,그 외 기타 분류 안된 상품 전문 소매업,47,경상북도,47210,영주시,47210250,풍기읍,4721025021,풍기읍,4721025021100060007,1,대지,6,7,경상북도 영주시 풍기읍 성내리 6-7,472103309077,경상북도 영주시 풍기읍 동성로,85,,4721025021100060011011552,,경상북도 영주시 풍기읍 동성로 85,750805,36029,,,,128.527037060919,36.8709745084483
MA010120220809393138,경희인삼사,,G2,소매,G221,기타 상품 소매,G22199,그 외 기타 상품 전문 소매업,G47859,그 외 기타 분류 안된 상품 전문 소매업,47,경상북도,47210,영주시,47210250,풍기읍,4721025022,풍기읍,4721025022104660000,1,대지,466,,경상북도 영주시 풍기읍 동부리 466,472103309010,경상북도 영주시 풍기읍 기주로,10,,4721025022104650000013772,인삼홍삼센터,경상북도 영주시 풍기읍 기주로 10,750803,36034,,1,,128.533960963921,36.8678399086181
MA010120220809389678,풍기정품인삼사,,G2,소매,G221,기타 상품 소매,G22199,그 외 기타 상품 전문 소매업,G47859,그 외 기타 분류 안된 상품 전문 소매업,47,경상북도,47210,영주시,47210250,풍기읍,4721025022,풍기읍,4721025022104660000,1,대지,466,,경상북도 영주시 풍기읍 동부리 466,472103309010,경상북도 영주시 풍기읍 기주로,10,,4721025022104650000013772,인삼홍삼센터,경상북도 영주시 풍기읍 기주로 10,750803,36034,,,,128.533960963921,36.8678399086181
MA010120220809397639,영주불교상회,,G2,소매,G221,기타 상품 소매,G22199,그 외 기타 상품 전문 소매업,G47859,그 외 기타 분류 안된 상품 전문 소매업,47,경상북도,47210,영주시,47210550,영주1동,4721010100,영주동,4721010100103640014,1,대지,364,14,경상북도 영주시 영주동 364-14,472104727419,경상북도 영주시 영주로224번길,5,,4721010100104530001007311,,경상북도 영주시 영주로224번길 5,750907,36075,,,,128.624110261443,36.8254841244041
MA010120220809393504,새마을농약사,,G2,소매,G221,기타 상품 소매,G22199,그 외 기타 상품 전문 소매업,G47859,그 외 기타 분류 안된 상품 전문 소매업,47,경상북도,47920,봉화군,47920320,봉성면,4792032021,봉성면,4792032021103620002,1,대지,362,2,경상북도 봉화군 봉성면 봉성리 362-2,479203324017,경상북도 봉화군 봉성면 옥마로,9,,4792032021103620002007776,,경상북도 봉화군 봉성면 옥마로 9,755851,36230,,,,128.816742860356,36.8850887892859
MA010120220809402648,지성식품,,G2,소매,G221,기타 상품 소매,G22199,그 외 기타 상품 전문 소매업,G47859,그 외 기타 분류 안된 상품 전문 소매업,31,울산광역시,31110,중구,31110600,태화동,3111011100,태화동,3111011100100300027,1,대지,30,27,울산광역시 중구 태화동 30-27,311104307518,울산광역시 중구 화진1길,20,,3111011100100300027001341,,울산광역시 중구 화진1길 20,681818,44452,,,,129.307228197159,35.5554155197782
MA010120220809388342,코끼리인삼사,,G2,소매,G221,기타 상품 소매,G22199,그 외 기타 상품 전문 소매업,G47859,그 외 기타 분류 안된 상품 전문 소매업,47,경상북도,47210,영주시,47210250,풍기읍,4721025023,풍기읍,4721025023104460004,1,대지,446,4,경상북도 영주시 풍기읍 산법리 446-4,472103309083,경상북도 영주시 풍기읍 소백로,2156,,4721025023104460000000001,,경상북도 영주시 풍기읍 소백로 2156,750802,36041,,,,128.54068934949,36.8884940864228
MA010120220809388343,풍기명품인삼사,,G2,소매,G221,기타 상품 소매,G22199,그 외 기타 상품 전문 소매업,G47859,그 외 기타 분류 안된 상품 전문 소매업,47,경상북도,47210,영주시,47210250,풍기읍,4721025023,풍기읍,4721025023104460004,1,대지,446,4,경상북도 영주시 풍기읍 산법리 446-4,472103309083,경상북도 영주시 풍기읍 소백로,2156,,4721025023104460000000001,,경상북도 영주시 풍기읍 소백로 2156,750802,36041,,,,128.54068934949,36.8884940864228
MA010120220809388347,대길인삼사,,G2,소매,G221,기타 상품 소매,G22199,그 외 기타 상품 전문 소매업,G47859,그 외 기타 분류 안된 상품 전문 소매업,47,경상북도,47210,영주시,47210250,풍기읍,4721025023,풍기읍,4721025023104460004,1,대지,446,4,경상북도 영주시 풍기읍 산법리 446-4,472103309083,경상북도 영주시 풍기읍 소백로,2156,,4721025023104460000000001,풍기인삼도매시장,경상북도 영주시 풍기읍 소백로 2156,750802,36041,,,,128.54068934949,36.8884940864228
MA010120220809388358,우창인삼사,,G2,소매,G221,기타 상품 소매,G22199,그 외 기타 상품 전문 소매업,G47859,그 외 기타 분류 안된 상품 전문 소매업,47,경상북도,47210,영주시,47210250,풍기읍,4721025023,풍기읍,4721025023104460004,1,대지,446,4,경상북도 영주시 풍기읍 산법리 446-4,472103309083,경상북도 영주시 풍기읍 소백로,2156,,4721025023104460000000001,외,경상북도 영주시 풍기읍 소백로 2156,750802,36041,,,,128.54068934949,36.8884940864228
MA010120220809388375,대도인삼사,,G2,소매,G221,기타 상품 소매,G22199,그 외 기타 상품 전문 소매업,G47859,그 외 기타 분류 안된 상품 전문 소매업,47,경상북도,47210,영주시,47210250,풍기읍,4721025022,풍기읍,4721025022104660000,1,대지,466,,경상북도 영주시 풍기읍 동부리 466,472103309010,경상북도 영주시 풍기읍 기주로,10,,4721025022104650000013772,수삼센터,경상북도 영주시 풍기읍 기주로 10,750803,36034,,,,128.533960963921,36.8678399086181
MA010120220809389880,미풍정인삼사,,G2,소매,G221,기타 상품 소매,G22199,그 외 기타 상품 전문 소매업,G47859,그 외 기타 분류 안된 상품 전문 소매업,47,경상북도,47210,영주시,47210250,풍기읍,4721025023,풍기읍,4721025023104460004,1,대지,446,4,경상북도 영주시 풍기읍 산법리 446-4,472103309083,경상북도 영주시 풍기읍 소백로,2156,,4721025023104460000000001,외,경상북도 영주시 풍기읍 소백로 2156,750802,36041,,,,128.54068934949,36.8884940864228
MA010120220809389892,소백인삼사,,G2,소매,G221,기타 상품 소매,G22199,그 외 기타 상품 전문 소매업,G47859,그 외 기타 분류 안된 상품 전문 소매업,47,경상북도,47210,영주시,47210250,풍기읍,4721025023,풍기읍,4721025023104530000,1,대지,453,,경상북도 영주시 풍기읍 산법리 453,472103309083,경상북도 영주시 풍기읍 소백로,2115,,4721025023104530000000001,건물중,경상북도 영주시 풍기읍 소백로 2115,750802,36040,,2,,128.537700331524,36.8848747189989
MA010120220809389901,영주강원톱밥,,G2,소매,G221,기타 상품 소매,G22199,그 외 기타 상품 전문 소매업,G47859,그 외 기타 분류 안된 상품 전문 소매업,47,경상북도,47210,영주시,47210590,휴천1동,4721010400,휴천동,4721010400109840004,1,대지,984,4,경상북도 영주시 휴천동 984-4,472103018026,경상북도 영주시 영봉로,177,,4721010400109840000000001,,경상북도 영주시 영봉로 177,750914,36168,,,,128.656169572213,36.8143018406646
MA010120220809405111,엠마오,,G2,소매,G221,기타 상품 소매,G22199,그 외 기타 상품 전문 소매업,G47859,그 외 기타 분류 안된 상품 전문 소매업,11,서울특별시,11560,영등포구,11560540,여의동,1156011000,여의도동,1156011000100130020,1,대지,13,20,서울특별시 영등포구 여의도동 13-20,115604154091,서울특별시 영등포구 국회대로72길,11,,1156011000100130020031096,,서울특별시 영등포구 국회대로72길 11,150870,07238,,,,126.920828229616,37.5299757774649
MA010120220809388378,일품인삼사,,G2,소매,G221,기타 상품 소매,G22199,그 외 기타 상품 전문 소매업,G47859,그 외 기타 분류 안된 상품 전문 소매업,47,경상북도,47210,영주시,47210250,풍기읍,4721025023,풍기읍,4721025023104460004,1,대지,446,4,경상북도 영주시 풍기읍 산법리 446-4,472103309083,경상북도 영주시 풍기읍 소백로,2156,,4721025023104460000000001,,경상북도 영주시 풍기읍 소백로 2156,750802,36041,,,,128.54068934949,36.8884940864228
MA010120220809388383,덕화인삼사,,G2,소매,G221,기타 상품 소매,G22199,그 외 기타 상품 전문 소매업,G47859,그 외 기타 분류 안된 상품 전문 소매업,47,경상북도,47210,영주시,47210250,풍기읍,4721025023,풍기읍,4721025023104460004,1,대지,446,4,경상북도 영주시 풍기읍 산법리 446-4,472103309083,경상북도 영주시 풍기읍 소백로,2156,,4721025023104460000000001,외,경상북도 영주시 풍기읍 소백로 2156,750802,36041,,,,128.54068934949,36.8884940864228
MA010120220809388402,풍기인삼마을,,G2,소매,G221,기타 상품 소매,G22199,그 외 기타 상품 전문 소매업,G47859,그 외 기타 분류 안된 상품 전문 소매업,47,경상북도,47210,영주시,47210250,풍기읍,4721025023,풍기읍,4721025023104460004,1,대지,446,4,경상북도 영주시 풍기읍 산법리 446-4,472103309083,경상북도 영주시 풍기읍 소백로,2156,,4721025023104460000000001,외,경상북도 영주시 풍기읍 소백로 2156,750802,36041,,,,128.54068934949,36.8884940864228
MA010120220809388412,보성인삼사,,G2,소매,G221,기타 상품 소매,G22199,그 외 기타 상품 전문 소매업,G47859,그 외 기타 분류 안된 상품 전문 소매업,47,경상북도,47210,영주시,47210250,풍기읍,4721025023,풍기읍,4721025023104460004,1,대지,446,4,경상북도 영주시 풍기읍 산법리 446-4,472103309083,경상북도 영주시 풍기읍 소백로,2156,,4721025023104460000000001,외,경상북도 영주시 풍기읍 소백로 2156,750802,36041,,,,128.54068934949,36.8884940864228
MA010120220809388421,탑건총포사,,G2,소매,G221,기타 상품 소매,G22199,그 외 기타 상품 전문 소매업,G47859,그 외 기타 분류 안된 상품 전문 소매업,47,경상북도,47900,예천군,47900250,예천읍,4790025024,예천읍,4790025024104570003,1,대지,457,3,경상북도 예천군 예천읍 동본리 457-3,479004769376,경상북도 예천군 예천읍 한천길,57,,4790025024104570003044760,,경상북도 예천군 예천읍 한천길 57,757802,36820,,,,128.460304368659,36.6574482663765
MA010120220809388424,산수인삼사.풍기산수홍삼제조원,,G2,소매,G221,기타 상품 소매,G22199,그 외 기타 상품 전문 소매업,G47859,그 외 기타 분류 안된 상품 전문 소매업,47,경상북도,47210,영주시,47210250,풍기읍,4721025032,풍기읍,4721025032101600006,1,대지,160,6,경상북도 영주시 풍기읍 창락리 160-6,472103309091,경상북도 영주시 풍기읍 죽령로,1365,,4721025032101600006012167,,경상북도 영주시 풍기읍 죽령로 1365,750804,36020,,2,,128.480390874641,36.8846475649869
MA010120220809398102,수현인삼사,,G2,소매,G221,기타 상품 소매,G22199,그 외 기타 상품 전문 소매업,G47859,그 외 기타 분류 안된 상품 전문 소매업,47,경상북도,47210,영주시,47210250,풍기읍,4721025023,풍기읍,4721025023104460004,1,대지,446,4,경상북도 영주시 풍기읍 산법리 446-4,472103309083,경상북도 영주시 풍기읍 소백로,2156,,4721025023104460000000001,인삼시장,경상북도 영주시 풍기읍 소백로 2156,750802,36041,,,,128.54068934949,36.8884940864228
MA010120220809408331,엘케이에탄올외동지점,,G2,소매,G221,기타 상품 소매,G22199,그 외 기타 상품 전문 소매업,G47859,그 외 기타 분류 안된 상품 전문 소매업,47,경상북도,47130,경주시,47130259,외동읍,4713025932,외동읍,4713025932100120055,1,대지,12,55,경상북도 경주시 외동읍 구어리 12-55,471304715883,경상북도 경주시 외동읍 외동농공단지길,32,43,4713025932100120055000001,,경상북도 경주시 외동읍 외동농공단지길 32-43,780823,38214,,,,129.338135722997,35.69636526649
MA010120220809388474,명산인삼사,,G2,소매,G221,기타 상품 소매,G22199,그 외 기타 상품 전문 소매업,G47859,그 외 기타 분류 안된 상품 전문 소매업,47,경상북도,47210,영주시,47210360,봉현면,4721036021,봉현면,4721036021107090000,1,대지,709,,경상북도 영주시 봉현면 두산리 709,472103018028,경상북도 영주시 봉현면 테라피로,301,,4721036021107090000008831,,경상북도 영주시 봉현면 테라피로 301,750893,36043,,,,128.481613772967,36.8626024674822
MA010120220809391770,만년인삼,,G2,소매,G221,기타 상품 소매,G22199,그 외 기타 상품 전문 소매업,G47859,그 외 기타 분류 안된 상품 전문 소매업,47,경상북도,47210,영주시,47210250,풍기읍,4721025032,풍기읍,4721025032101600006,1,대지,160,6,경상북도 영주시 풍기읍 창락리 160-6,472103309091,경상북도 영주시 풍기읍 죽령로,1365,,4721025032101600006012167,,경상북도 영주시 풍기읍 죽령로 1365,750804,36020,,2,,128.480390874641,36.8846475649869
MA010120220809398160,부라더미싱,,G2,소매,G221,기타 상품 소매,G22199,그 외 기타 상품 전문 소매업,G47859,그 외 기타 분류 안된 상품 전문 소매업,47,경상북도,47210,영주시,47210525,하망동,4721010300,하망동,4721010300103620016,1,대지,362,16,경상북도 영주시 하망동 362-16,472103309027,경상북도 영주시 번영로,127,,4721010300103620016007966,,경상북도 영주시 번영로 127,750913,36085,,,,128.626847704083,36.8229689266654
MA010120220809400590,우리소방,,G2,소매,G221,기타 상품 소매,G22199,그 외 기타 상품 전문 소매업,G47859,그 외 기타 분류 안된 상품 전문 소매업,11,서울특별시,11305,강북구,11305545,송중동,1130510100,미아동,1130510100101350008,1,대지,135,8,서울특별시 강북구 미아동 135-8,113054124078,서울특별시 강북구 도봉로20가길,40,,1130510100101350008035732,준타워,서울특별시 강북구 도봉로20가길 40,142809,01164,,,,127.029518589632,37.6203323442696
MA010120220809402956,러브러브성인샾,,G2,소매,G221,기타 상품 소매,G22199,그 외 기타 상품 전문 소매업,G47859,그 외 기타 분류 안된 상품 전문 소매업,52,전북특별자치도,52130,군산시,52130701,나운1동,5213014400,나운동,5213014400108260011,1,대지,826,11,전북특별자치도 군산시 나운동 826-11,521303268063,전북특별자치도 군산시 수송로,19,,4513014400108260011007371,,전북특별자치도 군산시 수송로 19,573870,54132,,1,,126.698902516562,35.9681812703464
MA010120220809406125,금강농산,,G2,소매,G221,기타 상품 소매,G22199,그 외 기타 상품 전문 소매업,G47859,그 외 기타 분류 안된 상품 전문 소매업,47,경상북도,47210,영주시,47210250,풍기읍,4721025023,풍기읍,4721025023104460004,1,대지,446,4,경상북도 영주시 풍기읍 산법리 446-4,472103309083,경상북도 영주시 풍기읍 소백로,2156,,4721025023104460000000001,선비골인삼시장,경상북도 영주시 풍기읍 소백로 2156,750802,36041,,,,128.54068934949,36.8884940864228
MA010120220809390176,나주성지인삼사,,G2,소매,G221,기타 상품 소매,G22199,그 외 기타 상품 전문 소매업,G47859,그 외 기타 분류 안된 상품 전문 소매업,47,경상북도,47210,영주시,47210250,풍기읍,4721025032,풍기읍,4721025032101600006,1,대지,160,6,경상북도 영주시 풍기읍 창락리 160-6,472103309091,경상북도 영주시 풍기읍 죽령로,1365,,4721025032101600006012167,,경상북도 영주시 풍기읍 죽령로 1365,750804,36020,,2,,128.480390874641,36.8846475649869
MA010120220809390233,천홍인삼사,,G2,소매,G221,기타 상품 소매,G22199,그 외 기타 상품 전문 소매업,G47859,그 외 기타 분류 안된 상품 전문 소매업,47,경상북도,47210,영주시,47210250,풍기읍,4721025023,풍기읍,4721025023104460004,1,대지,446,4,경상북도 영주시 풍기읍 산법리 446-4,472103309083,경상북도 영주시 풍기읍 소백로,2156,,4721025023104460000000001,외,경상북도 영주시 풍기읍 소백로 2156,750802,36041,,,,128.54068934949,36.8884940864228
MA010120220809406384,영진솔라테크,,G2,소매,G221,기타 상품 소매,G22199,그 외 기타 상품 전문 소매업,G47859,그 외 기타 분류 안된 상품 전문 소매업,47,경상북도,47920,봉화군,47920380,상운면,4792038024,상운면,4792038024110230002,1,대지,1023,2,경상북도 봉화군 상운면 하눌리 1023-2,479204772185,경상북도 봉화군 상운면 산정길,63,77,4792038024110230002000001,영진솔라테크,경상북도 봉화군 상운면 산정길 63-77,755811,36243,,,,128.760291175787,36.8757576104714
MA010120220809408528,드림커뮤니티,,G2,소매,G221,기타 상품 소매,G22199,그 외 기타 상품 전문 소매업,G47859,그 외 기타 분류 안된 상품 전문 소매업,11,서울특별시,11200,성동구,11200520,왕십리2동,1120010200,하왕십리동,1120010200109030003,1,대지,903,3,서울특별시 성동구 하왕십리동 903-3,112003005011,서울특별시 성동구 왕십리로,369,,1120010200109030003028146,동인레반트오피스텔,서울특별시 성동구 왕십리로 369,133857,04710,,,,127.029021047263,37.5642096771961
MA010120220809388615,합동포장,,G2,소매,G221,기타 상품 소매,G22199,그 외 기타 상품 전문 소매업,G47859,그 외 기타 분류 안된 상품 전문 소매업,47,경상북도,47920,봉화군,47920250,봉화읍,4792025028,봉화읍,4792025028106740000,1,대지,674,,경상북도 봉화군 봉화읍 화천리 674,479203324025,경상북도 봉화군 봉화읍 화천로,361,,4792025028106740000025196,,경상북도 봉화군 봉화읍 화천로 361,755804,36232,,,,128.668627694314,36.9038848311009
MA010120220809390281,금생인삼사,,G2,소매,G221,기타 상품 소매,G22199,그 외 기타 상품 전문 소매업,G47859,그 외 기타 분류 안된 상품 전문 소매업,47,경상북도,47210,영주시,47210250,풍기읍,4721025023,풍기읍,4721025023104460004,1,대지,446,4,경상북도 영주시 풍기읍 산법리 446-4,472103309083,경상북도 영주시 풍기읍 소백로,2156,,4721025023104460000000001,외,경상북도 영주시 풍기읍 소백로 2156,750802,36041,,,,128.54068934949,36.8884940864228
MA010120220809390290,대우인삼사,,G2,소매,G221,기타 상품 소매,G22199,그 외 기타 상품 전문 소매업,G47859,그 외 기타 분류 안된 상품 전문 소매업,47,경상북도,47210,영주시,47210250,풍기읍,4721025022,풍기읍,4721025022104660000,1,대지,466,,경상북도 영주시 풍기읍 동부리 466,472103309010,경상북도 영주시 풍기읍 기주로,10,,4721025022104650000013772,인삼홍삼센터,경상북도 영주시 풍기읍 기주로 10,750803,36034,,,,128.533960963921,36.8678399086181
MA010120220809390343,신안인삼사,,G2,소매,G221,기타 상품 소매,G22199,그 외 기타 상품 전문 소매업,G47859,그 외 기타 분류 안된 상품 전문 소매업,47,경상북도,47210,영주시,47210250,풍기읍,4721025023,풍기읍,4721025023104460004,1,대지,446,4,경상북도 영주시 풍기읍 산법리 446-4,472103309083,경상북도 영주시 풍기읍 소백로,2156,,4721025023104460000000001,,경상북도 영주시 풍기읍 소백로 2156,750802,36041,,,,128.54068934949,36.8884940864228
MA010120220809406480,고려야생초산양산삼,,G2,소매,G221,기타 상품 소매,G22199,그 외 기타 상품 전문 소매업,G47859,그 외 기타 분류 안된 상품 전문 소매업,47,경상북도,47210,영주시,47210620,가흥1동,4721010500,가흥동,4721010500114580051,1,대지,1458,51,경상북도 영주시 가흥동 1458-51,472103309017,경상북도 영주시 대동로,133,,4721010500114580051011768,,경상북도 영주시 대동로 133,750901,36110,,,,128.61717664327,36.8144872466705
MA010120220809411260,태능총포사,,G2,소매,G221,기타 상품 소매,G22199,그 외 기타 상품 전문 소매업,G47859,그 외 기타 분류 안된 상품 전문 소매업,47,경상북도,47190,구미시,47190535,원평동,4719010100,원평동,4719010100109640191,1,대지,964,191,경상북도 구미시 원평동 964-191,471903308007,경상북도 구미시 금오산로,48,,4719010100109640191010198,,경상북도 구미시 금오산로 48,730923,39225,,,,128.337511920777,36.1281241600947
MA010120220809388672,봉화상회,,G2,소매,G221,기타 상품 소매,G22199,그 외 기타 상품 전문 소매업,G47859,그 외 기타 분류 안된 상품 전문 소매업,47,경상북도,47920,봉화군,47920250,봉화읍,4792025031,봉화읍,4792025031102070008,1,대지,207,8,경상북도 봉화군 봉화읍 내성리 207-8,479204772068,경상북도 봉화군 봉화읍 내성로2길,16,3,4792025031102070008006189,,경상북도 봉화군 봉화읍 내성로2길 16-3,755805,36238,,,,128.742603735011,36.8875239034903
MA010120220809390443,진이네인삼사,,G2,소매,G221,기타 상품 소매,G22199,그 외 기타 상품 전문 소매업,G47859,그 외 기타 분류 안된 상품 전문 소매업,47,경상북도,47210,영주시,47210360,봉현면,4721036022,봉현면,4721036022101910000,1,대지,191,,경상북도 영주시 봉현면 오현리 191,472103309083,경상북도 영주시 봉현면 소백로,1785,,4721036022101910000000001,,경상북도 영주시 봉현면 소백로 1785,750894,36044,,,,128.528289078384,36.8595155563122
MA010120220809388754,동일인삼사,,G2,소매,G221,기타 상품 소매,G22199,그 외 기타 상품 전문 소매업,G47859,그 외 기타 분류 안된 상품 전문 소매업,47,경상북도,47210,영주시,47210250,풍기읍,4721025023,풍기읍,4721025023104460004,1,대지,446,4,경상북도 영주시 풍기읍 산법리 446-4,472103309083,경상북도 영주시 풍기읍 소백로,2156,,4721025023104460000000001,,경상북도 영주시 풍기읍 소백로 2156,750802,36041,,,,128.54068934949,36.8884940864228
MA010120220809390548,감초당약업사,,G2,소매,G221,기타 상품 소매,G22199,그 외 기타 상품 전문 소매업,G47859,그 외 기타 분류 안된 상품 전문 소매업,47,경상북도,47210,영주시,47210550,영주1동,4721010100,영주동,4721010100105460014,1,대지,546,14,경상북도 영주시 영주동 546-14,472103309046,경상북도 영주시 영주로,185,,4721010100105460014006164,,경상북도 영주시 영주로 185,750906,36077,,1,,128.619935573313,36.8262889226249
MA010120220809390556,양백인삼사,,G2,소매,G221,기타 상품 소매,G22199,그 외 기타 상품 전문 소매업,G47859,그 외 기타 분류 안된 상품 전문 소매업,47,경상북도,47210,영주시,47210250,풍기읍,4721025029,풍기읍,4721025029101390007,1,대지,139,7,경상북도 영주시 풍기읍 서부리 139-7,472103309053,경상북도 영주시 풍기읍 인삼로,3,1,4721025029101390007011721,,경상북도 영주시 풍기읍 인삼로 3-1,750805,36025,,,,128.524366288333,36.8731441990609
MA010120220809390560,풍기인삼마을,본점,G2,소매,G221,기타 상품 소매,G22199,그 외 기타 상품 전문 소매업,G47859,그 외 기타 분류 안된 상품 전문 소매업,47,경상북도,47210,영주시,47210250,풍기읍,4721025023,풍기읍,4721025023104460004,1,대지,446,4,경상북도 영주시 풍기읍 산법리 446-4,472103309083,경상북도 영주시 풍기읍 소백로,2156,,4721025023104460000000001,선비골인삼시장,경상북도 영주시 풍기읍 소백로 2156,750802,36041,,,,128.54068934949,36.8884940864228
MA010120220809390586,진성인삼사,,G2,소매,G221,기타 상품 소매,G22199,그 외 기타 상품 전문 소매업,G47859,그 외 기타 분류 안된 상품 전문 소매업,47,경상북도,47210,영주시,47210250,풍기읍,4721025029,풍기읍,4721025029101450003,1,대지,145,3,경상북도 영주시 풍기읍 서부리 145-3,472103309053,경상북도 영주시 풍기읍 인삼로,8,,4721025029101450003011718,인삼시장,경상북도 영주시 풍기읍 인삼로 8,750805,36024,,,,128.523612585866,36.8730277243237
MA010120220809392249,현대농약종묘사,,G2,소매,G221,기타 상품 소매,G22199,그 외 기타 상품 전문 소매업,G47859,그 외 기타 분류 안된 상품 전문 소매업,47,경상북도,47920,봉화군,47920250,봉화읍,4792025031,봉화읍,4792025031103940001,1,대지,394,1,경상북도 봉화군 봉화읍 내성리 394-1,479204772249,경상북도 봉화군 봉화읍 신시장길,11,,4792025031103940001007072,제2상설시장번영회,경상북도 봉화군 봉화읍 신시장길 11,755805,36239,,,,128.735864869379,36.8901002666904
MA010120220809388866,기원인삼,,G2,소매,G221,기타 상품 소매,G22199,그 외 기타 상품 전문 소매업,G47859,그 외 기타 분류 안된 상품 전문 소매업,47,경상북도,47210,영주시,47210250,풍기읍,4721025022,풍기읍,4721025022104660000,1,대지,466,,경상북도 영주시 풍기읍 동부리 466,472103309010,경상북도 영주시 풍기읍 기주로,10,,4721025022104650000013772,풍기홍삼센터,경상북도 영주시 풍기읍 기주로 10,750803,36034,,,,128.533960963921,36.8678399086181
MA010120220809388888,인삼쇼핑몰,,G2,소매,G221,기타 상품 소매,G22199,그 외 기타 상품 전문 소매업,G47859,그 외 기타 분류 안된 상품 전문 소매업,47,경상북도,47210,영주시,47210250,풍기읍,4721025023,풍기읍,4721025023104460004,1,대지,446,4,경상북도 영주시 풍기읍 산법리 446-4,472103309083,경상북도 영주시 풍기읍 소백로,2156,,4721025023104460000000001,외,경상북도 영주시 풍기읍 소백로 2156,750802,36041,,,,128.54068934949,36.8884940864228
MA010120220809390658,眞인삼사진,,G2,소매,G221,기타 상품 소매,G22199,그 외 기타 상품 전문 소매업,G47859,그 외 기타 분류 안된 상품 전문 소매업,47,경상북도,47210,영주시,47210250,풍기읍,4721025032,풍기읍,4721025032101600006,1,대지,160,6,경상북도 영주시 풍기읍 창락리 160-6,472103309091,경상북도 영주시 풍기읍 죽령로,1365,,4721025032101600006012167,소백인삼시장,경상북도 영주시 풍기읍 죽령로 1365,750804,36020,,,,128.480390874641,36.8846475649869
MA010120220809390673,삼마니인삼고을,,G2,소매,G221,기타 상품 소매,G22199,그 외 기타 상품 전문 소매업,G47859,그 외 기타 분류 안된 상품 전문 소매업,47,경상북도,47210,영주시,47210250,풍기읍,4721025029,풍기읍,4721025029101450003,1,대지,145,3,경상북도 영주시 풍기읍 서부리 145-3,472103309053,경상북도 영주시 풍기읍 인삼로,8,,4721025029101450003011718,,경상북도 영주시 풍기읍 인삼로 8,750805,36024,,,,128.523612585866,36.8730277243237
MA010120220809388951,연화인삼사,본점,G2,소매,G221,기타 상품 소매,G22199,그 외 기타 상품 전문 소매업,G47859,그 외 기타 분류 안된 상품 전문 소매업,47,경상북도,47210,영주시,47210250,풍기읍,4721025029,풍기읍,4721025029101450003,1,대지,145,3,경상북도 영주시 풍기읍 서부리 145-3,472103309053,경상북도 영주시 풍기읍 인삼로,8,,4721025029101450003011718,,경상북도 영주시 풍기읍 인삼로 8,750805,36024,,,,128.523612585866,36.8730277243237
MA010120220809392445,정우시스템,,G2,소매,G221,기타 상품 소매,G22199,그 외 기타 상품 전문 소매업,G47859,그 외 기타 분류 안된 상품 전문 소매업,47,경상북도,47920,봉화군,47920250,봉화읍,4792025031,봉화읍,4792025031103530017,1,대지,353,17,경상북도 봉화군 봉화읍 내성리 353-17,479204772067,경상북도 봉화군 봉화읍 내성로1길,70,,4792025031103530017006306,,경상북도 봉화군 봉화읍 내성로1길 70,755805,36238,,,,128.739999802439,36.8918957954257
MA010120220809389051,대구농약종묘사,,G2,소매,G221,기타 상품 소매,G22199,그 외 기타 상품 전문 소매업,G47859,그 외 기타 분류 안된 상품 전문 소매업,47,경상북도,47210,영주시,47210525,하망동,4721010300,하망동,4721010300104220053,1,대지,422,53,경상북도 영주시 하망동 422-53,472103309052,경상북도 영주시 원당로,147,,4721010300104220053007231,하망동덕산빌딩,경상북도 영주시 원당로 147,750913,36082,,,,128.628885494549,36.8244637216001
MA010120220809389137,풍기인삼대특판장,,G2,소매,G221,기타 상품 소매,G22199,그 외 기타 상품 전문 소매업,G47859,그 외 기타 분류 안된 상품 전문 소매업,47,경상북도,47210,영주시,47210600,휴천2동,4721010400,휴천동,4721010400103150021,1,대지,315,21,경상북도 영주시 휴천동 315-21,472103309036,경상북도 영주시 선비로,54,2,4721010400103150024013624,,경상북도 영주시 선비로 54-2,750915,36116,,,,128.624725185563,36.8100414700956
MA010120220809390918,대보인삼사,,G2,소매,G221,기타 상품 소매,G22199,그 외 기타 상품 전문 소매업,G47859,그 외 기타 분류 안된 상품 전문 소매업,47,경상북도,47210,영주시,47210250,풍기읍,4721025022,풍기읍,4721025022104660000,1,대지,466,,경상북도 영주시 풍기읍 동부리 466,472103309010,경상북도 영주시 풍기읍 기주로,10,,4721025022104650000013772,풍기인삼시장,경상북도 영주시 풍기읍 기주로 10,750803,36034,,,,128.533960963921,36.8678399086181
MA010120220809390932,인삼월드,,G2,소매,G221,기타 상품 소매,G22199,그 외 기타 상품 전문 소매업,G47859,그 외 기타 분류 안된 상품 전문 소매업,47,경상북도,47210,영주시,47210250,풍기읍,4721025023,풍기읍,4721025023104460004,1,대지,446,4,경상북도 영주시 풍기읍 산법리 446-4,472103309083,경상북도 영주시 풍기읍 소백로,2156,,4721025023104460000000001,,경상북도 영주시 풍기읍 소백로 2156,750802,36041,,,,128.54068934949,36.8884940864228
MA010120220809397270,선진인삼사,,G2,소매,G221,기타 상품 소매,G22199,그 외 기타 상품 전문 소매업,G47859,그 외 기타 분류 안된 상품 전문 소매업,30,대전광역시,30140,중구,30140640,부사동,3014011100,부사동,3014011100101540004,1,대지,154,4,대전광역시 중구 부사동 154-4,301403010004,대전광역시 중구 대종로,291,,3014011100101540004003849,인삼백화점,대전광역시 중구 대종로 291,301815,35048,,1,,127.436045260969,36.3122342492426
MA010120220809397415,관음불교만물사,,G2,소매,G221,기타 상품 소매,G22199,그 외 기타 상품 전문 소매업,G47859,그 외 기타 분류 안된 상품 전문 소매업,47,경상북도,47210,영주시,47210550,영주1동,4721010100,영주동,4721010100105480016,1,대지,548,16,경상북도 영주시 영주동 548-16,472104727059,경상북도 영주시 구성로360번길,9,,4721010100105480014007337,,경상북도 영주시 구성로360번길 9,750906,36096,,,,128.622816575751,36.824195332977
MA010120220809414769,성민약초인삼사,,G2,소매,G221,기타 상품 소매,G22199,그 외 기타 상품 전문 소매업,G47859,그 외 기타 분류 안된 상품 전문 소매업,44,충청남도,44710,금산군,44710250,금산읍,4471025022,금산읍,4471025022100080001,1,대지,8,1,충청남도 금산군 금산읍 중도리 8-1,447103257044,충청남도 금산군 금산읍 인삼약초로,45,,4471025022100080001020658,국제인삼시장,충청남도 금산군 금산읍 인삼약초로 45,312806,32739,,,,127.498324032177,36.1019590115178
MA010120220809446565,신광농약종묘사,,G2,소매,G221,기타 상품 소매,G22199,그 외 기타 상품 전문 소매업,G47859,그 외 기타 분류 안된 상품 전문 소매업,47,경상북도,47850,칠곡군,47850310,지천면,4785031036,지천면,4785031036103830001,1,대지,383,1,경상북도 칠곡군 지천면 신리 383-1,478503322014,경상북도 칠곡군 지천면 신동로,165,,4785031036103830001009402,,경상북도 칠곡군 지천면 신동로 165,718821,39864,,,,128.490529536297,35.9560034149161
MA010120220809424921,선산총포사,,G2,소매,G221,기타 상품 소매,G22199,그 외 기타 상품 전문 소매업,G47859,그 외 기타 분류 안된 상품 전문 소매업,47,경상북도,47190,구미시,47190250,선산읍,4719025024,선산읍,4719025024106450010,1,대지,645,10,경상북도 구미시 선산읍 이문리 645-10,471904724486,경상북도 구미시 선산읍 선상서로14길,12,,4719025024106450010041652,,경상북도 구미시 선산읍 선상서로14길 12,730802,39131,,,,128.291941574852,36.2394821558051
MA010120220809433704,인삼영지,코리아,G2,소매,G221,기타 상품 소매,G22199,그 외 기타 상품 전문 소매업,G47859,그 외 기타 분류 안된 상품 전문 소매업,47,경상북도,47190,구미시,47190535,원평동,4719010100,원평동,4719010100101170026,1,대지,117,26,경상북도 구미시 원평동 117-26,471904724386,경상북도 구미시 산업로2길,50,2,4719010100101170026014849,,경상북도 구미시 산업로2길 50-2,730920,39221,,,,128.329433455774,36.130584102601
MA010120220809417369,김천불교마트,,G2,소매,G221,기타 상품 소매,G22199,그 외 기타 상품 전문 소매업,G47859,그 외 기타 분류 안된 상품 전문 소매업,47,경상북도,47150,김천시,47150565,양금동,4715010700,황금동,4715010700100920005,1,대지,92,5,경상북도 김천시 황금동 92-5,471503306023,경상북도 김천시 양금로,218,1,4715010700100920005004147,,경상북도 김천시 양금로 218-1,740070,39617,,,,128.12359434913,36.1135333970121
MA010120220809425244,파트너,,G2,소매,G221,기타 상품 소매,G22199,그 외 기타 상품 전문 소매업,G47859,그 외 기타 분류 안된 상품 전문 소매업,48,경상남도,48740,창녕군,48740250,창녕읍,4874025022,창녕읍,4874025022110360004,1,대지,1036,4,경상남도 창녕군 창녕읍 교리 1036-4,487403341014,경상남도 창녕군 창녕읍 명덕로,32,,4874025022110360004002916,,경상남도 창녕군 창녕읍 명덕로 32,635801,50323,,,,128.492776313133,35.5426882877305
MA010120220809439553,월드상사,,G2,소매,G221,기타 상품 소매,G22199,그 외 기타 상품 전문 소매업,G47859,그 외 기타 분류 안된 상품 전문 소매업,47,경상북도,47190,구미시,47190555,지산동,4719010200,지산동,4719010200104930008,1,대지,493,8,경상북도 구미시 지산동 493-8,471902308003,경상북도 구미시 선산대로,65,,4719010200104930008051001,,경상북도 구미시 선산대로 65,730160,39192,,,,128.345230869833,36.1358685939148
MA010120220809417667,동부기업,,G2,소매,G221,기타 상품 소매,G22199,그 외 기타 상품 전문 소매업,G45219,기타 자동차 신품 부품 및 내장품 판매업,47,경상북도,47190,구미시,47190582,형곡1동,4719010900,형곡동,4719010900108570000,1,대지,857,,경상북도 구미시 형곡동 857,471903308042,경상북도 구미시 신시로,60,,4719010900108570000025350,,경상북도 구미시 신시로 60,730927,39295,,,,128.339765541042,36.1130138911179
MA010120220809425626,대경농약도매상사,,G2,소매,G221,기타 상품 소매,G22199,그 외 기타 상품 전문 소매업,G47859,그 외 기타 분류 안된 상품 전문 소매업,47,경상북도,47850,칠곡군,47850370,기산면,4785037028,기산면,4785037028101040040,1,대지,104,40,경상북도 칠곡군 기산면 죽전리 104-40,478502000028,경상북도 칠곡군 기산면 칠곡대로,1282,,4785037028101040040000974,,경상북도 칠곡군 기산면 칠곡대로 1282,718852,39914,,,,128.386876812121,35.9890659959416
MA010120220809419732,금강불기사,,G2,소매,G221,기타 상품 소매,G22199,그 외 기타 상품 전문 소매업,G47859,그 외 기타 분류 안된 상품 전문 소매업,47,경상북도,47850,칠곡군,47850250,왜관읍,4785025021,왜관읍,4785025021102100018,1,대지,210,18,경상북도 칠곡군 왜관읍 왜관리 210-18,478504766001,경상북도 칠곡군 왜관읍 2번도로길,85,1,4785025021102100018000192,,경상북도 칠곡군 왜관읍 2번도로길 85-1,718805,39885,,,,128.397321588844,35.995324929405
MA010120220809432475,화목불교사,,G2,소매,G221,기타 상품 소매,G22199,그 외 기타 상품 전문 소매업,G47859,그 외 기타 분류 안된 상품 전문 소매업,47,경상북도,47150,김천시,47150250,아포읍,4715025029,아포읍,4715025029104120000,1,대지,412,,경상북도 김천시 아포읍 송천리 412,471503018011,경상북도 김천시 아포읍 송선로,95,,4715025029104120000003215,,경상북도 김천시 아포읍 송선로 95,740861,39676,,,,128.283113854984,36.1498330929421
MA010120220809447299,관음불교만물사,,G2,소매,G221,기타 상품 소매,G22199,그 외 기타 상품 전문 소매업,G47859,그 외 기타 분류 안된 상품 전문 소매업,47,경상북도,47850,칠곡군,47850250,왜관읍,4785025021,왜관읍,4785025021102110153,1,대지,211,153,경상북도 칠곡군 왜관읍 왜관리 211-153,478504766382,경상북도 칠곡군 왜관읍 시장2길,8,1,4785025021102110153040094,,경상북도 칠곡군 왜관읍 시장2길 8-1,718805,39886,,,,128.397976038428,35.9953353263032
MA010120220809414110,자비불교사,,G2,소매,G221,기타 상품 소매,G22199,그 외 기타 상품 전문 소매업,G47859,그 외 기타 분류 안된 상품 전문 소매업,47,경상북도,47190,구미시,47190535,원평동,4719010100,원평동,4719010100101160012,1,대지,116,12,경상북도 구미시 원평동 116-12,471904724386,경상북도 구미시 산업로2길,46,1,4719010100101160012016204,,경상북도 구미시 산업로2길 46-1,730920,39221,,,,128.329059944228,36.1308315558592
MA010120220809414143,구미불교사,,G2,소매,G221,기타 상품 소매,G22199,그 외 기타 상품 전문 소매업,G47859,그 외 기타 분류 안된 상품 전문 소매업,47,경상북도,47190,구미시,47190535,원평동,4719010100,원평동,4719010100100230003,1,대지,23,3,경상북도 구미시 원평동 23-3,471904724079,경상북도 구미시 구미중앙로3길,12,27,4719010100100230003014010,,경상북도 구미시 구미중앙로3길 12-27,730920,39221,,,,128.3283923087,36.1320825355514
MA010120220809435313,금오통상러브샵,,G2,소매,G221,기타 상품 소매,G22199,그 외 기타 상품 전문 소매업,G47859,그 외 기타 분류 안된 상품 전문 소매업,47,경상북도,47190,구미시,47190535,원평동,4719010100,원평동,4719010100110280002,1,대지,1028,2,경상북도 구미시 원평동 1028-2,471903308008,경상북도 구미시 금오시장로,13,,4719010100110280002016715,금오시장,경상북도 구미시 금오시장로 13,730924,39227,,,,128.340599118389,36.126116149607
MA010120220809440629,대일농약사,,G2,소매,G221,기타 상품 소매,G22199,그 외 기타 상품 전문 소매업,G47859,그 외 기타 분류 안된 상품 전문 소매업,47,경상북도,47850,칠곡군,47850360,약목면,4785036028,약목면,4785036028108630014,1,대지,863,14,경상북도 칠곡군 약목면 복성리 863-14,478504766411,경상북도 칠곡군 약목면 약목로4길,9,,4785036028108630014027743,,경상북도 칠곡군 약목면 약목로4길 9,718814,39825,,,,128.36647816629,36.0342766175065
MA010120220809422213,활념사,,G2,소매,G221,기타 상품 소매,G22199,그 외 기타 상품 전문 소매업,G47859,그 외 기타 분류 안된 상품 전문 소매업,47,경상북도,47850,칠곡군,47850360,약목면,4785036033,약목면,4785036033112760039,1,대지,1276,39,경상북도 칠곡군 약목면 무림리 1276-39,478504766234,경상북도 칠곡군 약목면 무림1길,14,,4785036033112760039027009,,경상북도 칠곡군 약목면 무림1길 14,718811,39827,,,,128.375223264674,36.0261203561961
MA010120220809441010,남해구미종합비료,,G2,소매,G221,기타 상품 소매,G22199,그 외 기타 상품 전문 소매업,G47859,그 외 기타 분류 안된 상품 전문 소매업,47,경상북도,47850,칠곡군,47850330,가산면,4785033043,가산면,4785033043107280004,1,대지,728,4,경상북도 칠곡군 가산면 학하리 728-4,478504766565,경상북도 칠곡군 가산면 학하7길,16,1,4785033043107280004023585,,경상북도 칠곡군 가산면 학하7길 16-1,718913,39849,,,,128.491716822574,36.1043243811123
MA010120220809446405,가산성농약도매상사,,G2,소매,G221,기타 상품 소매,G22199,그 외 기타 상품 전문 소매업,G47859,그 외 기타 분류 안된 상품 전문 소매업,47,경상북도,47850,칠곡군,47850330,가산면,4785033039,가산면,4785033039105390002,1,대지,539,2,경상북도 칠곡군 가산면 천평리 539-2,478502018002,경상북도 칠곡군 가산면 경북대로,1327,,4785033039105390002022245,,경상북도 칠곡군 가산면 경북대로 1327,718912,39852,,,,128.536964579833,36.0642742774974
MA010120220809477162,대구URO,,G2,소매,G221,기타 상품 소매,G22199,그 외 기타 상품 전문 소매업,G45212,자동차용 전용 신품 부품 판매업,27,대구광역시,27230,북구,27230695,무태조야동,2723011400,동변동,2723011400106900012,1,대지,690,12,대구광역시 북구 동변동 690-12,272304235173,대구광역시 북구 동변로14길,13,1,2723011400106900012008643,,대구광역시 북구 동변로14길 13-1,702882,41413,,,,128.605241675094,35.9197309048085
MA010120220809449669,해평농약사,,G2,소매,G221,기타 상품 소매,G22199,그 외 기타 상품 전문 소매업,G47859,그 외 기타 분류 안된 상품 전문 소매업,47,경상북도,47190,구미시,47190340,해평면,4719034021,해평면,4719034021100580055,1,대지,58,55,경상북도 구미시 해평면 낙성리 58-55,471904724905,경상북도 구미시 해평면 해평시장1길,18,,4719034021100580055077380,,경상북도 구미시 해평면 해평시장1길 18,730873,39155,,,,128.391569832507,36.1938763428123
MA010120220809474342,현풍타이어,,G2,소매,G221,기타 상품 소매,G22199,그 외 기타 상품 전문 소매업,G45211,자동차 신품 타이어 및 튜브 판매업,27,대구광역시,27710,달성군,27710265,현풍읍,2771026530,현풍읍,2771026530101800001,1,대지,180,1,대구광역시 달성군 현풍읍 대리 180-1,277103351381,대구광역시 달성군 현풍읍 국가산단북로,470,,2771036030101800001000001,,대구광역시 달성군 현풍읍 국가산단북로 470,711871,43008,,,,128.441444904493,35.6679939780783
MA010120220809488528,한영바이오합천주,대리점,G2,소매,G221,기타 상품 소매,G22199,그 외 기타 상품 전문 소매업,G47859,그 외 기타 분류 안된 상품 전문 소매업,48,경상남도,48890,합천군,48890370,쌍책면,4889037029,쌍책면,4889037029103500000,1,대지,350,,경상남도 합천군 쌍책면 다라리 350,488904844140,경상남도 합천군 쌍책면 다라2길,63,,4889037029103500000000001,,경상남도 합천군 쌍책면 다라2길 63,678842,50252,,,,128.292079117685,35.5830467942197
MA010120220809452795,광동산약초,,G2,소매,G221,기타 상품 소매,G22199,그 외 기타 상품 전문 소매업,G47859,그 외 기타 분류 안된 상품 전문 소매업,47,경상북도,47190,구미시,47190670,인동동,4719012200,인의동,4719012200109920011,1,대지,992,11,경상북도 구미시 인의동 992-11,471904724749,경상북도 구미시 인동31길,22,15,4719012200109920011007028,,경상북도 구미시 인동31길 22-15,730320,39440,,1,,128.433310412929,36.0965487845913
MA010120220809455544,동아유통,,G2,소매,G221,기타 상품 소매,G22199,그 외 기타 상품 전문 소매업,G47859,그 외 기타 분류 안된 상품 전문 소매업,47,경상북도,47850,칠곡군,47850320,동명면,4785032037,동명면,4785032037102970000,1,대지,297,,경상북도 칠곡군 동명면 구덕리 297,478503322003,경상북도 칠곡군 동명면 구남로,107,5,4785032037102970000013711,,경상북도 칠곡군 동명면 구남로 107-5,718922,39856,,1,,128.575636233641,35.9881587760605
MA010120220809486630,성불사,,G2,소매,G221,기타 상품 소매,G22199,그 외 기타 상품 전문 소매업,G47859,그 외 기타 분류 안된 상품 전문 소매업,27,대구광역시,27200,남구,27200530,봉덕1동,2720010200,봉덕동,2720010200109630011,1,대지,963,11,대구광역시 남구 봉덕동 963-11,272004232168,대구광역시 남구 봉덕로27길,14,,2720010200109630011000518,,대구광역시 남구 봉덕로27길 14,705839,42439,,,,128.602820935432,35.8452750085754
MA010120220809450283,자연산약초,,G2,소매,G221,기타 상품 소매,G22199,그 외 기타 상품 전문 소매업,G47859,그 외 기타 분류 안된 상품 전문 소매업,47,경상북도,47190,구미시,47190565,선주원남동,4719010100,원평동,4719010100104410006,1,대지,441,6,경상북도 구미시 원평동 441-6,471903308049,경상북도 구미시 원남로,118,,4719010100104410006010387,,경상북도 구미시 원남로 118,730921,39303,,,,128.332891066564,36.1268149543445
MA010120220809469918,유한책임회사하이모,구미지점,G2,소매,G221,기타 상품 소매,G22199,그 외 기타 상품 전문 소매업,G47422,의복 액세서리 및 모조 장신구 소매업,47,경상북도,47190,구미시,47190582,형곡1동,4719010900,형곡동,4719010900101440013,1,대지,144,13,경상북도 구미시 형곡동 144-13,471903308042,경상북도 구미시 신시로,59,,4719010900101440013025858,우인빌딩,경상북도 구미시 신시로 59,730927,39294,,4,,128.338814287926,36.1132408005758
MA010120220809474916,불교전시관자비사,,G2,소매,G221,기타 상품 소매,G22199,그 외 기타 상품 전문 소매업,G47859,그 외 기타 분류 안된 상품 전문 소매업,27,대구광역시,27170,서구,27170540,내당4동,2717010100,내당동,2717010100104580029,1,대지,458,29,대구광역시 서구 내당동 458-29,271703143012,대구광역시 서구 당산로,210,,2717010100104580029021148,,대구광역시 서구 당산로 210,703805,41855,,,,128.548092782774,35.8551213626913
MA010120220809486725,굿모닝가발,,G2,소매,G221,기타 상품 소매,G22199,그 외 기타 상품 전문 소매업,G47422,의복 액세서리 및 모조 장신구 소매업,27,대구광역시,27200,남구,27200650,대명10동,2720010300,대명동,2720010300115910004,1,대지,1591,4,대구광역시 남구 대명동 1591-4,272003144003,대구광역시 남구 대명로,15,,2720010300115910004000599,,대구광역시 남구 대명로 15,705815,42478,,,,128.559353162109,35.8383044257013
MA010120220809475309,신명장의사,,G2,소매,G221,기타 상품 소매,G22199,그 외 기타 상품 전문 소매업,G47859,그 외 기타 분류 안된 상품 전문 소매업,27,대구광역시,27710,달성군,27710380,구지면,2771038021,구지면,2771038021104580001,1,대지,458,1,대구광역시 달성군 구지면 창리 458-1,277104244081,대구광역시 달성군 구지면 구지시장길,46,29,2771038021104580001000001,,대구광역시 달성군 구지면 구지시장길 46-29,711891,43010,,,,128.411951047215,35.6575561787311
MA010120220809478450,백련불교사,,G2,소매,G221,기타 상품 소매,G22199,그 외 기타 상품 전문 소매업,G47859,그 외 기타 분류 안된 상품 전문 소매업,47,경상북도,47190,구미시,47190535,원평동,4719010100,원평동,4719010100110370003,1,대지,1037,3,경상북도 구미시 원평동 1037-3,471903308037,경상북도 구미시 송원서로,81,,4719010100110370003028529,,경상북도 구미시 송원서로 81,730924,39229,,,,128.343501463399,36.1250022614993
MA010120220809475593,동의당약업사,,G2,소매,G221,기타 상품 소매,G22199,그 외 기타 상품 전문 소매업,G47859,그 외 기타 분류 안된 상품 전문 소매업,27,대구광역시,27200,남구,27200571,대명2동,2720010300,대명동,2720010300120000016,1,대지,2000,16,대구광역시 남구 대명동 2000-16,272004232315,대구광역시 남구 중앙대로48길,9,,2720010300120000016019324,,대구광역시 남구 중앙대로48길 9,705800,42424,,,,128.591366623777,35.8525283129221
MA010120220809483054,２５시잡화,,G2,소매,G221,기타 상품 소매,G22199,그 외 기타 상품 전문 소매업,G47859,그 외 기타 분류 안된 상품 전문 소매업,27,대구광역시,27170,서구,27170580,비산4동,2717010200,비산동,2717010200103290007,1,대지,329,7,대구광역시 서구 비산동 329-7,271703143002,대구광역시 서구 달서로,105,,2717010200103290007009796,,대구광역시 서구 달서로 105,703814,41815,,,,128.570856892462,35.8716592713169
MA010120220809459033,청계농산,,G2,소매,G221,기타 상품 소매,G22199,그 외 기타 상품 전문 소매업,G47859,그 외 기타 분류 안된 상품 전문 소매업,41,경기도,41650,포천시,41650370,일동면,4165037023,일동면,4165037023107070000,1,대지,707,,경기도 포천시 일동면 기산리 707,416504439886,경기도 포천시 일동면 화동로857번길,17,52,4165037023107060000041932,,경기도 포천시 일동면 화동로857번길 17-52,487851,11119,,,,127.305829595146,37.9418346692485
MA010120220809451635,아이앤톨,,G2,소매,G221,기타 상품 소매,G22199,그 외 기타 상품 전문 소매업,G47859,그 외 기타 분류 안된 상품 전문 소매업,47,경상북도,47190,구미시,47190555,지산동,4719010200,지산동,4719010200100460000,1,대지,46,,경상북도 구미시 지산동 46,471904724841,경상북도 구미시 지산23길,16,,4719010200100460000048325,,경상북도 구미시 지산23길 16,730160,39191,,,,128.346828252687,36.1474302370998
MA010120220809459317,웰라이프마케팅,,G2,소매,G221,기타 상품 소매,G22199,그 외 기타 상품 전문 소매업,G47859,그 외 기타 분류 안된 상품 전문 소매업,29,광주광역시,29140,서구,29140790,화정4동,2914011900,화정동,2914011900109250006,1,대지,925,6,광주광역시 서구 화정동 925-6,291404280521,광주광역시 서구 화정로138번길,46,3,2914011900109250006024306,,광주광역시 서구 화정로138번길 46-3,502839,62026,,,,126.871733990009,35.1413585916348
MA010120220809454373,불꽃사랑,,G2,소매,G221,기타 상품 소매,G22199,그 외 기타 상품 전문 소매업,G47859,그 외 기타 분류 안된 상품 전문 소매업,47,경상북도,47850,칠곡군,47850250,왜관읍,4785025022,왜관읍,4785025022106150003,1,대지,615,3,경상북도 칠곡군 왜관읍 석전리 615-3,478504766335,경상북도 칠곡군 왜관읍 석전로10길,62,,4785025022106150003000001,아트리움,경상북도 칠곡군 왜관읍 석전로10길 62,718803,39879,,1,,128.408900859864,35.9985597702226
MA010120220809490219,관문약업사,,G2,소매,G221,기타 상품 소매,G22199,그 외 기타 상품 전문 소매업,G47859,그 외 기타 분류 안된 상품 전문 소매업,27,대구광역시,27200,남구,27200660,대명11동,2720010300,대명동,2720010300111460002,1,대지,1146,2,대구광역시 남구 대명동 1146-2,272004232086,대구광역시 남구 대명서8길,30,,2720010300111460002000134,,대구광역시 남구 대명서8길 30,705813,42482,,,,128.557450857681,35.8361032524567
MA010120220809490374,우신인삼사,,G2,소매,G221,기타 상품 소매,G22199,그 외 기타 상품 전문 소매업,G47859,그 외 기타 분류 안된 상품 전문 소매업,27,대구광역시,27290,달서구,27290640,송현2동,2729012200,송현동,2729012200101730024,1,대지,173,24,대구광역시 달서구 송현동 173-24,272904241509,대구광역시 달서구 월배로83길,47,,2729012200101730024030975,,대구광역시 달서구 월배로83길 47,704821,42739,,,,128.54932270274,35.8318557617858
MA010120220809490531,센스모,대구점,G2,소매,G221,기타 상품 소매,G22199,그 외 기타 상품 전문 소매업,G47422,의복 액세서리 및 모조 장신구 소매업,27,대구광역시,27170,서구,27170510,내당1동,2717010100,내당동,2717010100102210008,1,대지,221,8,대구광역시 서구 내당동 221-8,271702007002,대구광역시 서구 달구벌대로,1763,,2717010100102210008029296,,대구광역시 서구 달구벌대로 1763,703802,41866,,2,,128.557992951808,35.8587241303062
MA010120220810906206,금산인삼약초,,G2,소매,G221,기타 상품 소매,G22199,그 외 기타 상품 전문 소매업,G47859,그 외 기타 분류 안된 상품 전문 소매업,48,경상남도,48121,창원시 의창구,48121540,봉림동,4812112700,봉곡동,4812112700100610009,1,대지,61,9,경상남도 창원시 의창구 봉곡동 61-9,481214781656,경상남도 창원시 의창구 창이대로197번길,10,6,4812112700100610009005250,,경상남도 창원시 의창구 창이대로197번길 10-6,641822,51181,,,,128.659101656735,35.24534435092
MA010120220810910649,진해건재당한약품,,G2,소매,G221,기타 상품 소매,G22199,그 외 기타 상품 전문 소매업,G47859,그 외 기타 분류 안된 상품 전문 소매업,48,경상남도,48129,창원시 진해구,48129590,이동,4812914100,이동,4812914100106110002,1,대지,611,2,경상남도 창원시 진해구 이동 611-2,481293331052,경상남도 창원시 진해구 이동로,40,1,4812914100106110002004271,,경상남도 창원시 진해구 이동로 40-1,645808,51655,,,,128.696298060358,35.1507952504361
MA010120220810917561,창원불교사,,G2,소매,G221,기타 상품 소매,G22199,그 외 기타 상품 전문 소매업,G47859,그 외 기타 분류 안된 상품 전문 소매업,48,경상남도,48121,창원시 의창구,48121510,의창동,4812110300,서상동,4812110300104530000,1,대지,453,,경상남도 창원시 의창구 서상동 453,481213327027,경상남도 창원시 의창구 서상로,68,,4812110300104530000067638,의창빌라,경상남도 창원시 의창구 서상로 68,641500,51195,,,,128.620093586469,35.2642218790019
MA010120220810902486,성림농약사,,G2,소매,G221,기타 상품 소매,G22199,그 외 기타 상품 전문 소매업,G47859,그 외 기타 분류 안된 상품 전문 소매업,48,경상남도,48121,창원시 의창구,48121310,북면,4812131026,북면,4812131026105340004,1,대지,534,4,경상남도 창원시 의창구 북면 화천리 534-4,481213327052,경상남도 창원시 의창구 북면 천주로,645,,4812131026105340004035364,,경상남도 창원시 의창구 북면 천주로 645,641871,51111,,,,128.605528319234,35.3123520606115
MA010120220810910944,윌로펌프모타배관설비,,G2,소매,G221,기타 상품 소매,G22199,그 외 기타 상품 전문 소매업,G47859,그 외 기타 분류 안된 상품 전문 소매업,48,경상남도,48123,창원시 성산구,48123520,중앙동,4812312500,중앙동,4812312500100080004,1,대지,8,4,경상남도 창원시 성산구 중앙동 8-4,481233328039,경상남도 창원시 성산구 외동반림로,136,,4812312500100080004002232,,경상남도 창원시 성산구 외동반림로 136,642843,51512,,,,128.672535647802,35.2308300177836
MA010120220810897609,의령군약초,,G2,소매,G221,기타 상품 소매,G22199,그 외 기타 상품 전문 소매업,G47859,그 외 기타 분류 안된 상품 전문 소매업,48,경상남도,48720,의령군,48720320,칠곡면,4872032023,칠곡면,4872032023107190010,1,대지,719,10,경상남도 의령군 칠곡면 신포리 719-10,487203332082,경상남도 의령군 칠곡면 진의로,2246,11,4872032023107190010024194,,경상남도 의령군 칠곡면 진의로 2246-11,636832,52134,,1,,128.202911878972,35.3341704702992
MA010120220810928575,경화약초방,,G2,소매,G221,기타 상품 소매,G22199,그 외 기타 상품 전문 소매업,G47859,그 외 기타 분류 안된 상품 전문 소매업,48,경상남도,48129,창원시 진해구,48129570,병암동,4812913900,경화동,4812913900109540034,1,대지,954,34,경상남도 창원시 진해구 경화동 954-34,481293331003,경상남도 창원시 진해구 경화시장로,19,2,4812913900109540034000002,,경상남도 창원시 진해구 경화시장로 19-2,645800,51670,,,,128.6906215851,35.1553987698622
MA010120220810898174,비케이글로벌,,G2,소매,G221,기타 상품 소매,G22199,그 외 기타 상품 전문 소매업,G47859,그 외 기타 분류 안된 상품 전문 소매업,48,경상남도,48250,김해시,48250340,한림면,4825034022,한림면,4825034022112780002,1,대지,1278,2,경상남도 김해시 한림면 퇴래리 1278-2,482504805233,경상남도 김해시 한림면 김해대로835번길,66,,4825034022112780002000001,,경상남도 김해시 한림면 김해대로835번길 66,621873,50850,,,,128.781102260208,35.2978168966297
MA010120220810903003,아담과이브,,G2,소매,G221,기타 상품 소매,G22199,그 외 기타 상품 전문 소매업,G47859,그 외 기타 분류 안된 상품 전문 소매업,48,경상남도,48121,창원시 의창구,48121540,봉림동,4812112700,봉곡동,4812112700100340006,1,대지,34,6,경상남도 창원시 의창구 봉곡동 34-6,481214781466,경상남도 창원시 의창구 원이대로261번길,3,,4812112700100340006004286,,경상남도 창원시 의창구 원이대로261번길 3,641821,51176,,,,128.649130805073,35.2439215511126
MA010120220810905561,삼천리툴링,,G2,소매,G221,기타 상품 소매,G22199,그 외 기타 상품 전문 소매업,G47859,그 외 기타 분류 안된 상품 전문 소매업,26,부산광역시,26440,강서구,26440520,대저2동,2644010200,대저2동,2644010200131530001,1,대지,3153,1,부산광역시 강서구 대저2동 3153-1,264403136075,부산광역시 강서구 유통단지1로,41,,2644010200131530001000001,부산티플렉스,부산광역시 강서구 유통단지1로 41,618899,46721,,,,128.955701258097,35.1672965784783
MA010120220810905637,백운불교용품사,,G2,소매,G221,기타 상품 소매,G22199,그 외 기타 상품 전문 소매업,G47859,그 외 기타 분류 안된 상품 전문 소매업,48,경상남도,48123,창원시 성산구,48123510,반송동,4812312400,반지동,4812312400100680004,1,대지,68,4,경상남도 창원시 성산구 반지동 68-4,481234784209,경상남도 창원시 성산구 원이대로393번길,24,1,4812312400100680004008115,,경상남도 창원시 성산구 원이대로393번길 24-1,642820,51419,,1,,128.663146105953,35.2395120078452
MA010120220810895865,우포늪따오기복원후원회,,G2,소매,G221,기타 상품 소매,G22199,그 외 기타 상품 전문 소매업,G47859,그 외 기타 분류 안된 상품 전문 소매업,48,경상남도,48740,창녕군,48740350,유어면,4874035024,유어면,4874035024102320001,1,대지,232,1,경상남도 창녕군 유어면 세진리 232-1,487404823536,경상남도 창녕군 유어면 우포늪길,220,,4874035024102320001036877,,경상남도 창녕군 유어면 우포늪길 220,635811,50304,,,,128.419119463731,35.544560073771
MA010120220810918601,창원고려인삼,,G2,소매,G221,기타 상품 소매,G22199,그 외 기타 상품 전문 소매업,G47859,그 외 기타 분류 안된 상품 전문 소매업,48,경상남도,48123,창원시 성산구,48123530,상남동,4812312700,상남동,4812312700100450001,1,대지,45,1,경상남도 창원시 성산구 상남동 45-1,481233328009,경상남도 창원시 성산구 동산로,124,,4812312700100450001032699,성원아파트,경상남도 창원시 성산구 동산로 124,642778,51499,,1,,128.691585092065,35.2193721157758
MA010120220810912007,흥농종묘농약사,,G2,소매,G221,기타 상품 소매,G22199,그 외 기타 상품 전문 소매업,G47859,그 외 기타 분류 안된 상품 전문 소매업,48,경상남도,48129,창원시 진해구,48129570,병암동,4812913900,경화동,4812913900109450016,1,대지,945,16,경상남도 창원시 진해구 경화동 945-16,481293331003,경상남도 창원시 진해구 경화시장로,27,1,4812913900109450016010223,,경상남도 창원시 진해구 경화시장로 27-1,645800,51669,,,,128.690568813671,35.1560303652939
MA010120220810914238,안산자동차배터리,,G2,소매,G221,기타 상품 소매,G22199,그 외 기타 상품 전문 소매업,G45220,자동차 중고 부품 및 내장품 판매업,41,경기도,41271,안산시 상록구,41271510,일동,4127110100,일동,4127110100106010035,1,대지,601,35,경기도 안산시 상록구 일동 601-35,412713190044,경기도 안산시 상록구 성호로,58,,4127110100106010035029998,,경기도 안산시 상록구 성호로 58,426859,15324,,,,126.866110442917,37.3111413216093
MA010120220810910096,조한약,,G2,소매,G221,기타 상품 소매,G22199,그 외 기타 상품 전문 소매업,G47859,그 외 기타 분류 안된 상품 전문 소매업,48,경상남도,48121,창원시 의창구,48121520,팔룡동,4812112900,팔용동,4812112900101630005,1,대지,163,5,경상남도 창원시 의창구 팔용동 163-5,481214781309,경상남도 창원시 의창구 사화로1번길,4,,4812112900101630005018904,,경상남도 창원시 의창구 사화로1번길 4,641851,51375,,1,,128.608879461582,35.2578016178022
MA010120220810927328,동방테크,,G2,소매,G221,기타 상품 소매,G22199,그 외 기타 상품 전문 소매업,G47859,그 외 기타 분류 안된 상품 전문 소매업,48,경상남도,48121,창원시 의창구,48121530,명곡동,4812110500,도계동,4812110500103110022,1,대지,311,22,경상남도 창원시 의창구 도계동 311-22,481214781807,경상남도 창원시 의창구 하남천서길5번길,14,4,4812110500103110022019871,,경상남도 창원시 의창구 하남천서길5번길 14-4,641809,51164,,,,128.637612325971,35.2605703576256
MA010120220810922937,미모,,G2,소매,G221,기타 상품 소매,G22199,그 외 기타 상품 전문 소매업,G47422,의복 액세서리 및 모조 장신구 소매업,48,경상남도,48121,창원시 의창구,48121540,봉림동,4812112700,봉곡동,4812112700100380002,1,대지,38,2,경상남도 창원시 의창구 봉곡동 38-2,481214781605,경상남도 창원시 의창구 지귀로12번길,34,,4812112700100380002005232,수정프라자,경상남도 창원시 의창구 지귀로12번길 34,641821,51176,,5,,128.652072853053,35.2427368655273
MA010120220810904179,성환산업,,G2,소매,G221,기타 상품 소매,G22199,그 외 기타 상품 전문 소매업,G47859,그 외 기타 분류 안된 상품 전문 소매업,48,경상남도,48730,함안군,48730350,칠서면,4873035028,칠서면,4873035028102330001,1,대지,233,1,경상남도 함안군 칠서면 용성리 233-1,487304820336,경상남도 함안군 칠서면 신기길,137,,4873035028102330001000001,,경상남도 함안군 칠서면 신기길 137,637943,52004,,,,128.501160668237,35.3822855199821
MA010120220810888544,히처리산야초,,G2,소매,G221,기타 상품 소매,G22199,그 외 기타 상품 전문 소매업,G47859,그 외 기타 분류 안된 상품 전문 소매업,30,대전광역시,30230,대덕구,30230546,중리동,3023010900,중리동,3023010900101200003,1,대지,120,3,대전광역시 대덕구 중리동 120-3,302304304008,대전광역시 대덕구 계족로564번길,24,,3023010900101200003016743,,대전광역시 대덕구 계족로564번길 24,306824,34411,,1,,127.432891245793,36.362044653163
MA010120220810904330,삼운농약종묘사,,G2,소매,G221,기타 상품 소매,G22199,그 외 기타 상품 전문 소매업,G47859,그 외 기타 분류 안된 상품 전문 소매업,48,경상남도,48121,창원시 의창구,48121250,동읍,4812125040,동읍,4812125040101100009,1,대지,110,9,경상남도 창원시 의창구 동읍 봉강리 110-9,481213019001,경상남도 창원시 의창구 동읍 동읍로,1136,,4812125040101100009060225,,경상남도 창원시 의창구 동읍 동읍로 1136,641861,51114,,,,128.656955482215,35.3508246653715
MA010120220810917036,청송상사,,G2,소매,G221,기타 상품 소매,G22199,그 외 기타 상품 전문 소매업,G47859,그 외 기타 분류 안된 상품 전문 소매업,48,경상남도,48121,창원시 의창구,48121520,팔룡동,4812112900,팔용동,4812112900101310009,1,대지,131,9,경상남도 창원시 의창구 팔용동 131-9,481214781310,경상남도 창원시 의창구 사화로21번길,1,,4812112900101310009019195,,경상남도 창원시 의창구 사화로21번길 1,641849,51374,,,,128.610134063111,35.256793578305
MA010120220810922467,모디스,창원점,G2,소매,G221,기타 상품 소매,G22199,그 외 기타 상품 전문 소매업,G47422,의복 액세서리 및 모조 장신구 소매업,48,경상남도,48121,창원시 의창구,48121520,팔룡동,4812112900,팔용동,4812112900101560001,1,대지,156,1,경상남도 창원시 의창구 팔용동 156-1,481214781542,경상남도 창원시 의창구 의창대로62번길,2,,4812112900101560001013025,동영오피스,경상남도 창원시 의창구 의창대로62번길 2,641849,51376,,9,,128.607305551365,35.2565518107
MA010120220810922518,창원가발,,G2,소매,G221,기타 상품 소매,G22199,그 외 기타 상품 전문 소매업,G47422,의복 액세서리 및 모조 장신구 소매업,48,경상남도,48121,창원시 의창구,48121520,팔룡동,4812112900,팔용동,4812112900101560001,1,대지,156,1,경상남도 창원시 의창구 팔용동 156-1,481214781542,경상남도 창원시 의창구 의창대로62번길,2,,4812112900101560001013025,동영빌딩,경상남도 창원시 의창구 의창대로62번길 2,641849,51376,,,,128.607305551365,35.2565518107
MA010120220810936652,성인용품,,G2,소매,G221,기타 상품 소매,G22199,그 외 기타 상품 전문 소매업,G47859,그 외 기타 분류 안된 상품 전문 소매업,48,경상남도,48123,창원시 성산구,48123540,사파동,4812310500,대방동,4812310500103550000,1,대지,355,,경상남도 창원시 성산구 대방동 355,481233328007,경상남도 창원시 성산구 대암로,80,,4812310500103550000030465,성원남산3차,경상남도 창원시 성산구 대암로 80,642761,51462,,,,128.705309229355,35.2150068900783
MA010120220810947641,엘스,,G2,소매,G221,기타 상품 소매,G22199,그 외 기타 상품 전문 소매업,G47859,그 외 기타 분류 안된 상품 전문 소매업,48,경상남도,48123,창원시 성산구,48123515,용지동,4812313500,용호동,4812313500100730019,1,대지,73,19,경상남도 창원시 성산구 용호동 73-19,481234781412,경상남도 창원시 성산구 용지로169번길,11,31,4812112800100730019010174,동진빌딩,경상남도 창원시 성산구 용지로169번길 11-31,641842,51436,,3,,128.680703709025,35.2295813161522
MA010120220810947978,아담과이브,,G2,소매,G221,기타 상품 소매,G22199,그 외 기타 상품 전문 소매업,G47859,그 외 기타 분류 안된 상품 전문 소매업,48,경상남도,48129,창원시 진해구,48129590,이동,4812914100,이동,4812914100101610015,1,대지,161,15,경상남도 창원시 진해구 이동 161-15,481293331067,경상남도 창원시 진해구 충장로,421,,4812914100101610015016934,,경상남도 창원시 진해구 충장로 421,645807,51664,,2,,128.697101652859,35.1509191785386
MA010120220810963048,대동농약종묘사,,G2,소매,G221,기타 상품 소매,G22199,그 외 기타 상품 전문 소매업,G47859,그 외 기타 분류 안된 상품 전문 소매업,48,경상남도,48121,창원시 의창구,48121320,대산면,4812132025,대산면,4812132025102680024,1,대지,268,24,경상남도 창원시 의창구 대산면 제동리 268-24,481213327045,경상남도 창원시 의창구 대산면 주남로,570,,4812132025102680024062354,,경상남도 창원시 의창구 대산면 주남로 570,641923,51124,,,,128.708278479867,35.3345102593072
MA010120220810957769,더블유스타살롱,,G2,소매,G221,기타 상품 소매,G22199,그 외 기타 상품 전문 소매업,G47422,의복 액세서리 및 모조 장신구 소매업,48,경상남도,48123,창원시 성산구,48123530,상남동,4812312700,상남동,4812312700100090002,1,대지,9,2,경상남도 창원시 성산구 상남동 9-2,481234784095,경상남도 창원시 성산구 마디미로9번길,3,,4812312700100090002026524,상남리더스빌,경상남도 창원시 성산구 마디미로9번길 3,642832,51495,,2,,128.685876720582,35.2232008344828
MA010120220810967637,근원,,G2,소매,G221,기타 상품 소매,G22199,그 외 기타 상품 전문 소매업,G47859,그 외 기타 분류 안된 상품 전문 소매업,48,경상남도,48121,창원시 의창구,48121320,대산면,4812132024,대산면,4812132024105140372,1,대지,514,372,경상남도 창원시 의창구 대산면 가술리 514-372,481214781568,경상남도 창원시 의창구 대산면 주남로327번길,53,27,4812132024105140372064556,,경상남도 창원시 의창구 대산면 주남로327번길 53-27,641921,51126,,,,128.689592506503,35.3170282238696
MA010120220810970477,화목농자재,,G2,소매,G221,기타 상품 소매,G22199,그 외 기타 상품 전문 소매업,G47859,그 외 기타 분류 안된 상품 전문 소매업,48,경상남도,48250,김해시,48250610,장유1동,4825012600,무계동,4825012600101890017,1,대지,189,17,경상남도 김해시 무계동 189-17,482504805675,경상남도 김해시 장유로301번길,11,,4825031024101890017094993,,경상남도 김해시 장유로301번길 11,621240,51007,,,,128.815077696388,35.2006405446949
MA010120220810932135,하동약초,,G2,소매,G221,기타 상품 소매,G22199,그 외 기타 상품 전문 소매업,G47859,그 외 기타 분류 안된 상품 전문 소매업,48,경상남도,48123,창원시 성산구,48123530,상남동,4812312700,상남동,4812312700100160000,1,대지,16,,경상남도 창원시 성산구 상남동 16,481233328012,경상남도 창원시 성산구 마디미로,28,,4812312700100160000026117,상남시장,경상남도 창원시 성산구 마디미로 28,642832,51496,,2,,128.683374329823,35.2222172894573
MA010120220810960687,정원약초인삼사,,G2,소매,G221,기타 상품 소매,G22199,그 외 기타 상품 전문 소매업,G47859,그 외 기타 분류 안된 상품 전문 소매업,44,충청남도,44710,금산군,44710250,금산읍,4471025022,금산읍,4471025022100320011,1,대지,32,11,충청남도 금산군 금산읍 중도리 32-11,447103257044,충청남도 금산군 금산읍 인삼약초로,25,,4471025022100320011020605,,충청남도 금산군 금산읍 인삼약초로 25,312806,32739,,1,,127.496096040267,36.1008507588561
MA010120220810955607,소원건강건재,,G2,소매,G221,기타 상품 소매,G22199,그 외 기타 상품 전문 소매업,G47859,그 외 기타 분류 안된 상품 전문 소매업,48,경상남도,48121,창원시 의창구,48121520,팔룡동,4812112900,팔용동,4812112900101310008,1,대지,131,8,경상남도 창원시 의창구 팔용동 131-8,481214781307,경상남도 창원시 의창구 사화로17번길,2,,4812112900101310008019197,,경상남도 창원시 의창구 사화로17번길 2,641849,51374,,,,128.609993047944,35.2568855775835
MA010120220810963811,마그나,코리아,G2,소매,G221,기타 상품 소매,G22199,그 외 기타 상품 전문 소매업,G47859,그 외 기타 분류 안된 상품 전문 소매업,48,경상남도,48123,창원시 성산구,48123520,중앙동,4812312500,중앙동,4812312500101000002,1,대지,100,2,경상남도 창원시 성산구 중앙동 100-2,481232327003,경상남도 창원시 성산구 중앙대로,55,,4812312500101000002003364,현대오피스텔,경상남도 창원시 성산구 중앙대로 55,642948,51522,,3,,128.676378938073,35.2206381174782
MA010120220810954052,창원총포사,,G2,소매,G221,기타 상품 소매,G22199,그 외 기타 상품 전문 소매업,G47859,그 외 기타 분류 안된 상품 전문 소매업,48,경상남도,48121,창원시 의창구,48121540,봉림동,4812112700,봉곡동,4812112700101430001,1,대지,143,1,경상남도 창원시 의창구 봉곡동 143-1,481214781263,경상남도 창원시 의창구 봉곡로115번길,2,,4812112700101430001008179,,경상남도 창원시 의창구 봉곡로115번길 2,641823,51147,,1,,128.671202918294,35.2467098788009
MA010120220810943905,베네피아창원,,G2,소매,G221,기타 상품 소매,G22199,그 외 기타 상품 전문 소매업,G47859,그 외 기타 분류 안된 상품 전문 소매업,48,경상남도,48121,창원시 의창구,48121510,의창동,4812110400,소답동,4812110400101140009,1,대지,114,9,경상남도 창원시 의창구 소답동 114-9,481214781505,경상남도 창원시 의창구 의안로2번길,13,,4812110400101140009018388,,경상남도 창원시 의창구 의안로2번길 13,641835,51199,,,,128.625330205887,35.2617814174171
MA010120220810949046,토원약이본가,,G2,소매,G221,기타 상품 소매,G22199,그 외 기타 상품 전문 소매업,G47859,그 외 기타 분류 안된 상품 전문 소매업,48,경상남도,48129,창원시 진해구,48129540,여좌동,4812913700,여좌동,4812913700107810006,1,대지,781,6,경상남도 창원시 진해구 여좌동 781-6,481294793242,경상남도 창원시 진해구 여좌로21번길,16,3,4812913700107810006012391,,경상남도 창원시 진해구 여좌로21번길 16-3,645806,51690,,,,128.66342437015,35.1546217460001
MA010120220810933133,강은소방,,G2,소매,G221,기타 상품 소매,G22199,그 외 기타 상품 전문 소매업,G47859,그 외 기타 분류 안된 상품 전문 소매업,48,경상남도,48121,창원시 의창구,48121520,팔룡동,4812112900,팔용동,4812112900101760011,1,대지,176,11,경상남도 창원시 의창구 팔용동 176-11,481214781520,경상남도 창원시 의창구 의창대로132번길,16,,4812112900101760011018240,,경상남도 창원시 의창구 의창대로132번길 16,641851,51368,,,,128.613133327019,35.260106179268
MA010120220810946572,한올약품,,G2,소매,G221,기타 상품 소매,G22199,그 외 기타 상품 전문 소매업,G47859,그 외 기타 분류 안된 상품 전문 소매업,48,경상남도,48123,창원시 성산구,48123530,상남동,4812312700,상남동,4812312700100490001,1,대지,49,1,경상남도 창원시 성산구 상남동 49-1,481234784073,경상남도 창원시 성산구 동산로72번길,16,,4812312700100490001032666,호,경상남도 창원시 성산구 동산로72번길 16,642829,51501,,,,128.688646170384,35.2148079273475
MA010120220810971517,경남진흥공사,,G2,소매,G221,기타 상품 소매,G22199,그 외 기타 상품 전문 소매업,G47859,그 외 기타 분류 안된 상품 전문 소매업,48,경상남도,48127,창원시 마산회원구,48127250,내서읍,4812725030,내서읍,4812725030112340001,1,대지,1234,1,경상남도 창원시 마산회원구 내서읍 감천리 1234-1,481274790003,경상남도 창원시 마산회원구 내서읍 감천1길,150,,4812725030112340001000001,,경상남도 창원시 마산회원구 내서읍 감천1길 150,630851,51250,,,,128.520452144908,35.2101430660887
MA010120220810949561,부라더미싱,,G2,소매,G221,기타 상품 소매,G22199,그 외 기타 상품 전문 소매업,G47859,그 외 기타 분류 안된 상품 전문 소매업,48,경상남도,48121,창원시 의창구,48121530,명곡동,4812110500,도계동,4812110500103460007,1,대지,346,7,경상남도 창원시 의창구 도계동 346-7,481214781119,경상남도 창원시 의창구 도계로4번길,38,1,4812110500103460007020338,,경상남도 창원시 의창구 도계로4번길 38-1,641810,51166,,1,,128.635366493459,35.2565272180823
MA010120220810949811,양키캔들,창원상남점,G2,소매,G221,기타 상품 소매,G22199,그 외 기타 상품 전문 소매업,G47813,"화장품, 비누 및 방향제 소매업",48,경상남도,48123,창원시 성산구,48123530,상남동,4812312700,상남동,4812312700100110001,1,대지,11,1,경상남도 창원시 성산구 상남동 11-1,481234784077,경상남도 창원시 성산구 마디미로15번길,2,,4812312700100110001026116,금성상가,경상남도 창원시 성산구 마디미로15번길 2,642832,51495,,,,128.68504096543,35.222617669327
MA010120220810964506,미래유통,,G2,소매,G221,기타 상품 소매,G22199,그 외 기타 상품 전문 소매업,G47859,그 외 기타 분류 안된 상품 전문 소매업,29,광주광역시,29140,서구,29140760,화정1동,2914012100,내방동,2914012100108400005,1,대지,840,5,광주광역시 서구 내방동 840-5,291402009004,광주광역시 서구 상무대로,1015,,2914012100108400005018364,,광주광역시 서구 상무대로 1015,502808,61976,,1,,126.873045356681,35.1519149084768
MA010120220810982387,지리산한방식품,,G2,소매,G221,기타 상품 소매,G22199,그 외 기타 상품 전문 소매업,G47859,그 외 기타 분류 안된 상품 전문 소매업,48,경상남도,48123,창원시 성산구,48123530,상남동,4812312700,상남동,4812312700100810008,1,대지,81,8,경상남도 창원시 성산구 상남동 81-8,481234784074,경상남도 창원시 성산구 동산로73번길,30,,4812312700100810008026427,,경상남도 창원시 성산구 동산로73번길 30,642829,51502,,,,128.683748540492,35.2185351094329
MA010120220810994581,복산총포사,,G2,소매,G221,기타 상품 소매,G22199,그 외 기타 상품 전문 소매업,G47859,그 외 기타 분류 안된 상품 전문 소매업,31,울산광역시,31110,중구,31110555,복산동,3111010300,복산동,3111010300103040015,1,대지,304,15,울산광역시 중구 복산동 304-15,311104307295,울산광역시 중구 손골1길,1,1,3111010300103040015024829,,울산광역시 중구 손골1길 1-1,681825,44430,,,,129.328171719584,35.5654739981217
MA010120220810998652,언양불교전시관,,G2,소매,G221,기타 상품 소매,G22199,그 외 기타 상품 전문 소매업,G47859,그 외 기타 분류 안된 상품 전문 소매업,31,울산광역시,31710,울주군,31710253,언양읍,3171025331,언양읍,3171025331100480000,1,대지,48,,울산광역시 울주군 언양읍 서부리 48,317104319521,울산광역시 울주군 언양읍 서부2길,16,,3171025331100480000000001,,울산광역시 울주군 언양읍 서부2길 16,689806,44946,,,,129.121119855399,35.5650344257186
MA010120220811010358,경남총포사,,G2,소매,G221,기타 상품 소매,G22199,그 외 기타 상품 전문 소매업,G47859,그 외 기타 분류 안된 상품 전문 소매업,31,울산광역시,31110,중구,31110585,중앙동,3111010700,교동,3111010700102330004,1,대지,233,4,울산광역시 중구 교동 233-4,311103169009,울산광역시 중구 명륜로,142,,3111010700102330004006729,,울산광역시 중구 명륜로 142,681240,44468,,,,129.318272617316,35.5610153960346
MA010120220810997006,금성애드,,G2,소매,G221,기타 상품 소매,G22199,그 외 기타 상품 전문 소매업,G47859,그 외 기타 분류 안된 상품 전문 소매업,31,울산광역시,31710,울주군,31710253,언양읍,3171025322,언양읍,3171025322100350000,1,대지,35,,울산광역시 울주군 언양읍 반천리 35,317103173059,울산광역시 울주군 언양읍 언양로,670,,3171025322100350000011195,,울산광역시 울주군 언양읍 언양로 670,689805,44936,,,,129.187289647082,35.5626350869049
MA010120220810997332,올림픽총포사,,G2,소매,G221,기타 상품 소매,G22199,그 외 기타 상품 전문 소매업,G47859,그 외 기타 분류 안된 상품 전문 소매업,31,울산광역시,31110,중구,31110555,복산동,3111010300,복산동,3111010300101920008,1,대지,192,8,울산광역시 중구 복산동 192-8,311104307152,울산광역시 중구 도화골4길,2,,3111010300101920008011279,,울산광역시 중구 도화골4길 2,681809,44477,,,,129.333957693594,35.5661099397615
MA010120220811013726,마귀할멈이벤트,,G2,소매,G221,기타 상품 소매,G22199,그 외 기타 상품 전문 소매업,G47859,그 외 기타 분류 안된 상품 전문 소매업,31,울산광역시,31140,남구,31140540,신정4동,3114010400,신정동,3114010400107700054,1,대지,770,54,울산광역시 남구 신정동 770-54,311403170051,울산광역시 남구 중앙로,129,,3114010400107700003030153,,울산광역시 남구 중앙로 129,680829,44730,,,,129.314721997085,35.532646148915
MA010120220810992140,감초당한약건재상사,,G2,소매,G221,기타 상품 소매,G22199,그 외 기타 상품 전문 소매업,G47859,그 외 기타 분류 안된 상품 전문 소매업,31,울산광역시,31140,남구,31140520,신정2동,3114010400,신정동,3114010400116470020,1,대지,1647,20,울산광역시 남구 신정동 1647-20,311404310276,울산광역시 남구 문수로463번길,13,,3114010400116470020038687,,울산광역시 남구 문수로463번길 13,680832,44657,,1,,129.30351939574,35.534086195741
MA010120220811006350,대원불교전시관,,G2,소매,G221,기타 상품 소매,G22199,그 외 기타 상품 전문 소매업,G47859,그 외 기타 분류 안된 상품 전문 소매업,31,울산광역시,31110,중구,31110585,중앙동,3111010600,성남동,3111010600101970001,1,대지,197,1,울산광역시 중구 성남동 197-1,311104307406,울산광역시 중구 중앙길,24,,3111010600101970001006398,,울산광역시 중구 중앙길 24,681812,44533,,,,129.315502703214,35.5536619391532
MA010120220810981746,유한책임회사하이모,창원지점,G2,소매,G221,기타 상품 소매,G22199,그 외 기타 상품 전문 소매업,G47422,의복 액세서리 및 모조 장신구 소매업,48,경상남도,48127,창원시 마산회원구,48127580,합성1동,4812710600,합성동,4812710600101010008,1,대지,101,8,경상남도 창원시 마산회원구 합성동 101-8,481272019003,경상남도 창원시 마산회원구 315대로,727,,4812710600201010008039679,미래메디칼센터,경상남도 창원시 마산회원구 315대로 727,630815,51210,,9,,128.581220023058,35.237230704516
MA010120220810997924,대한불교전시관,,G2,소매,G221,기타 상품 소매,G22199,그 외 기타 상품 전문 소매업,G47859,그 외 기타 분류 안된 상품 전문 소매업,31,울산광역시,31140,남구,31140530,신정3동,3114010400,신정동,3114010400104860014,1,대지,486,14,울산광역시 남구 신정동 486-14,311403170053,울산광역시 남구 팔등로,41,,3114010400104860014010424,,울산광역시 남구 팔등로 41,680824,44679,,,,129.311142145861,35.5450323735987
MA010120220811009563,금산인삼직판,,G2,소매,G221,기타 상품 소매,G22199,그 외 기타 상품 전문 소매업,G47859,그 외 기타 분류 안된 상품 전문 소매업,31,울산광역시,31140,남구,31140670,야음장생포동,3114010800,야음동,3114010800108160023,1,대지,816,23,울산광역시 남구 야음동 816-23,311404310585,울산광역시 남구 신선로183번길,13,,3114010800108160023000634,,울산광역시 남구 신선로183번길 13,680836,44752,,,,129.331520818298,35.523482994499
MA010120220810993868,세명불교사,,G2,소매,G221,기타 상품 소매,G22199,그 외 기타 상품 전문 소매업,G47859,그 외 기타 분류 안된 상품 전문 소매업,31,울산광역시,31140,남구,31140510,신정1동,3114010400,신정동,3114010400106240006,1,대지,624,6,울산광역시 남구 신정동 624-6,311403170046,울산광역시 남구 월평로,38,,3114010400106240006015672,,울산광역시 남구 월평로 38,680826,44672,,1,,129.30984177285,35.5412097628044
MA010120220810996061,스타모,,G2,소매,G221,기타 상품 소매,G22199,그 외 기타 상품 전문 소매업,G47422,의복 액세서리 및 모조 장신구 소매업,31,울산광역시,31110,중구,31110610,다운동,3111011100,태화동,3111011100109380005,1,대지,938,5,울산광역시 중구 태화동 938-5,311103169020,울산광역시 중구 태화로,31,1,3111011100109380005004263,,울산광역시 중구 태화로 31-1,681802,44432,,2,,129.279747454747,35.5549293208272
MA010120220811011821,페스티벌이벤트,,G2,소매,G221,기타 상품 소매,G22199,그 외 기타 상품 전문 소매업,G47859,그 외 기타 분류 안된 상품 전문 소매업,31,울산광역시,31170,동구,31170530,화정동,3117010200,화정동,3117010200106440034,1,대지,644,34,울산광역시 동구 화정동 644-34,311702011001,울산광역시 동구 방어진순환도로,591,,3117010200106440034004107,,울산광역시 동구 방어진순환도로 591,682822,44077,,,,129.426859937904,35.4945611319171
MA010120220811000472,유트랩,코리아,G2,소매,G221,기타 상품 소매,G22199,그 외 기타 상품 전문 소매업,G47859,그 외 기타 분류 안된 상품 전문 소매업,31,울산광역시,31140,남구,31140530,신정3동,3114010400,신정동,3114010400104970027,1,대지,497,27,울산광역시 남구 신정동 497-27,311404310795,울산광역시 남구 중앙로252번길,5,,3114010400104970027010331,,울산광역시 남구 중앙로252번길 5,680824,44683,,,,129.311906961004,35.5436390797628
MA010120220811007015,호성솔루션,,G2,소매,G221,기타 상품 소매,G22199,그 외 기타 상품 전문 소매업,G47859,그 외 기타 분류 안된 상품 전문 소매업,31,울산광역시,31140,남구,31140585,삼호동,3114010100,무거동,3114010100102990010,1,대지,299,10,울산광역시 남구 무거동 299-10,311403169027,울산광역시 남구 북부순환도로,17,,3114010100102990010034099,남운프라자,울산광역시 남구 북부순환도로 17,680806,44632,,10,,129.2653666296,35.5517133613782
MA010120220810984207,상복,,G2,소매,G221,기타 상품 소매,G22199,그 외 기타 상품 전문 소매업,G47859,그 외 기타 분류 안된 상품 전문 소매업,48,경상남도,48123,창원시 성산구,48123570,웅남동,4812311300,상복동,4812311300105910000,1,대지,591,,경상남도 창원시 성산구 상복동 591,481234784032,경상남도 창원시 성산구 공단로474번길,160,,4812311300105910000000001,,경상남도 창원시 성산구 공단로474번길 160,642290,51577,,,,128.663623280206,35.1918577881623
MA010120220810990125,신정민속불교사,,G2,소매,G221,기타 상품 소매,G22199,그 외 기타 상품 전문 소매업,G47859,그 외 기타 분류 안된 상품 전문 소매업,31,울산광역시,31140,남구,31140510,신정1동,3114010400,신정동,3114010400105480012,1,대지,548,12,울산광역시 남구 신정동 548-12,311404310321,울산광역시 남구 봉월로114번길,35,,3114010400105480012015832,,울산광역시 남구 봉월로114번길 35,680826,44671,,,,129.31017856605,35.5437262846388
MA010120220811007377,동구불교사,,G2,소매,G221,기타 상품 소매,G22199,그 외 기타 상품 전문 소매업,G47859,그 외 기타 분류 안된 상품 전문 소매업,31,울산광역시,31170,동구,31170530,화정동,3117010200,화정동,3117010200106440003,1,대지,644,3,울산광역시 동구 화정동 644-3,311704313269,울산광역시 동구 화정2길,5,,3117010200106440003004150,,울산광역시 동구 화정2길 5,682822,44077,,,,129.426999143757,35.4958918755776
MA010120220811027411,자연공간,,G2,소매,G221,기타 상품 소매,G22199,그 외 기타 상품 전문 소매업,G47859,그 외 기타 분류 안된 상품 전문 소매업,31,울산광역시,31710,울주군,31710256,온양읍,3171025622,온양읍,3171025622104160008,1,대지,416,8,울산광역시 울주군 온양읍 대안리 416-8,317104319717,울산광역시 울주군 온양읍 연안2길,25,,3171025622104160008000404,,울산광역시 울주군 온양읍 연안2길 25,689903,44979,,2,,129.282187729015,35.4081968890257
MA010120220811030196,프랑프랑아뜰리에,,G2,소매,G221,기타 상품 소매,G22199,그 외 기타 상품 전문 소매업,G47859,그 외 기타 분류 안된 상품 전문 소매업,31,울산광역시,31140,남구,31140625,대현동,3114010800,야음동,3114010800106220046,1,대지,622,46,울산광역시 남구 야음동 622-46,311404310108,울산광역시 남구 대암로90번길,7,9,3114010800106220046000001,,울산광역시 남구 대암로90번길 7-9,680838,44736,,1,,129.325855134688,35.5291970399233
MA010120220811045680,동방한약건재방,,G2,소매,G221,기타 상품 소매,G22199,그 외 기타 상품 전문 소매업,G47859,그 외 기타 분류 안된 상품 전문 소매업,31,울산광역시,31140,남구,31140510,신정1동,3114010400,신정동,3114010400106340002,1,대지,634,2,울산광역시 남구 신정동 634-2,311404310725,울산광역시 남구 월평로37번길,7,1,3114010400106340002015992,,울산광역시 남구 월평로37번길 7-1,680826,44671,,,,129.309259779491,35.5420589036275
MA010120220811045911,동양소방산업,,G2,소매,G221,기타 상품 소매,G22199,그 외 기타 상품 전문 소매업,G47859,그 외 기타 분류 안된 상품 전문 소매업,31,울산광역시,31140,남구,31140585,삼호동,3114010100,무거동,3114010100114560004,1,대지,1456,4,울산광역시 남구 무거동 1456-4,311404310043,울산광역시 남구 남부순환도로29번길,36,,3114010100114560004033719,,울산광역시 남구 남부순환도로29번길 36,680810,44641,,1,,129.266936973134,35.5487463421899
MA010120220811019699,센스모,,G2,소매,G221,기타 상품 소매,G22199,그 외 기타 상품 전문 소매업,G47422,의복 액세서리 및 모조 장신구 소매업,31,울산광역시,31140,남구,31140560,달동,3114010500,달동,3114010500105890001,1,대지,589,1,울산광역시 남구 달동 589-1,311403169026,울산광역시 남구 번영로,147,1,3114010500105890001011642,,울산광역시 남구 번영로 147-1,680801,44695,,2,,129.327123831414,35.5383904050258
MA010120220811035661,양키캔들&더리터옥동점,,G2,소매,G221,기타 상품 소매,G22199,그 외 기타 상품 전문 소매업,G47813,"화장품, 비누 및 방향제 소매업",31,울산광역시,31140,남구,31140600,옥동,3114010200,옥동,3114010200105910013,1,대지,591,13,울산광역시 남구 옥동 591-13,311403170019,울산광역시 남구 문수로,321,,3114010200105910013036546,신화빌딩,울산광역시 남구 문수로 321,680845,44645,,1,,129.28876834511,35.5355836252348
MA010120220811019832,박명수의가발이야기,울산지점,G2,소매,G221,기타 상품 소매,G22199,그 외 기타 상품 전문 소매업,G47422,의복 액세서리 및 모조 장신구 소매업,31,울산광역시,31140,남구,31140560,달동,3114010500,달동,3114010500106500008,1,대지,650,8,울산광역시 남구 달동 650-8,311403170026,울산광역시 남구 삼산로,95,,3114010500106500008011631,,울산광역시 남구 삼산로 95,680802,44693,,,,129.318021185883,35.5354391190421
MA010120220811015335,통일불교사,,G2,소매,G221,기타 상품 소매,G22199,그 외 기타 상품 전문 소매업,G47859,그 외 기타 분류 안된 상품 전문 소매업,31,울산광역시,31140,남구,31140670,야음장생포동,3114010800,야음동,3114010800104530008,1,대지,453,8,울산광역시 남구 야음동 453-8,311403170035,울산광역시 남구 신선로,187,,3114010800104530008003139,,울산광역시 남구 신선로 187,680834,44752,,,,129.332845715562,35.5227995893928
MA010120220811046348,성도한약건재약업사,,G2,소매,G221,기타 상품 소매,G22199,그 외 기타 상품 전문 소매업,G47859,그 외 기타 분류 안된 상품 전문 소매업,31,울산광역시,31140,남구,31140520,신정2동,3114010400,신정동,3114010400116370132,1,대지,1637,132,울산광역시 남구 신정동 1637-132,311403170019,울산광역시 남구 문수로,443,,3114010400116370132037333,,울산광역시 남구 문수로 443,680833,44655,,,,129.301989403521,35.5333945712441
MA010120220811046448,밀란,,G2,소매,G221,기타 상품 소매,G22199,그 외 기타 상품 전문 소매업,G47422,의복 액세서리 및 모조 장신구 소매업,31,울산광역시,31140,남구,31140570,삼산동,3114010600,삼산동,3114010600116120008,1,대지,1612,8,울산광역시 남구 삼산동 1612-8,311403011003,울산광역시 남구 화합로,148,,3114010600116120008008689,,울산광역시 남구 화합로 148,680815,44715,,2,,129.340207798424,35.5379568726713
MA010120220811020078,고려불교전시관,,G2,소매,G221,기타 상품 소매,G22199,그 외 기타 상품 전문 소매업,G47859,그 외 기타 분류 안된 상품 전문 소매업,31,울산광역시,31140,남구,31140510,신정1동,3114010400,신정동,3114010400106240013,1,대지,624,13,울산광역시 남구 신정동 624-13,311404310727,울산광역시 남구 월평로48번길,4,,3114010400106240013015643,,울산광역시 남구 월평로48번길 4,680826,44672,,,,129.310781957825,35.5413178902976
MA010120220811040935,강영불교사,,G2,소매,G221,기타 상품 소매,G22199,그 외 기타 상품 전문 소매업,G47859,그 외 기타 분류 안된 상품 전문 소매업,26,부산광역시,26410,금정구,26410530,서3동,2641011000,서동,2641011000103020088,1,대지,302,88,부산광역시 금정구 서동 302-88,264104205239,부산광역시 금정구 서동로141번길,3,,2641011000103020088022192,,부산광역시 금정구 서동로141번길 3,609827,46318,,,,129.101988929789,35.2154091530364
MA010120220811018103,용신불교사,,G2,소매,G221,기타 상품 소매,G22199,그 외 기타 상품 전문 소매업,G47859,그 외 기타 분류 안된 상품 전문 소매업,31,울산광역시,31140,남구,31140595,무거동,3114010100,무거동,3114010100115460009,1,대지,1546,9,울산광역시 남구 무거동 1546-9,311404310576,울산광역시 남구 신복로46번길,29,24,3114010100115460009032147,,울산광역시 남구 신복로46번길 29-24,680812,44603,,,,129.256812636149,35.5517927497868
MA010120220811028657,매직가발,,G2,소매,G221,기타 상품 소매,G22199,그 외 기타 상품 전문 소매업,G47422,의복 액세서리 및 모조 장신구 소매업,31,울산광역시,31140,남구,31140560,달동,3114010500,달동,3114010500106450028,1,대지,645,28,울산광역시 남구 달동 645-28,311403170026,울산광역시 남구 삼산로,101,,3114010500106450028013984,달동,울산광역시 남구 삼산로 101,680802,44693,,3,,129.318681462781,35.5353993878559
MA010120220811054232,케이엔에이트레이딩주,,G2,소매,G221,기타 상품 소매,G22199,그 외 기타 상품 전문 소매업,G47859,그 외 기타 분류 안된 상품 전문 소매업,31,울산광역시,31710,울주군,31710262,청량읍,3171026221,청량읍,3171026221102130000,1,대지,213,,울산광역시 울주군 청량읍 덕하리 213,317104319250,울산광역시 울주군 청량읍 덕하화정2길,7,,3171033021102130000016051,,울산광역시 울주군 청량읍 덕하화정2길 7,689862,44983,,1,,129.282412825508,35.4875057568044
MA010120220811031874,로하핸즈,,G2,소매,G221,기타 상품 소매,G22199,그 외 기타 상품 전문 소매업,G47859,그 외 기타 분류 안된 상품 전문 소매업,31,울산광역시,31110,중구,31110555,복산동,3111010300,복산동,3111010300107030000,1,대지,703,,울산광역시 중구 복산동 703,311103169029,울산광역시 중구 종가로,406,21,3111010300107030000000001,울산비즈파크,울산광역시 중구 종가로 406-21,681811,44429,,,,129.322410614749,35.5634046151796
MA010120220811050048,고고휴게실,,G2,소매,G221,기타 상품 소매,G22199,그 외 기타 상품 전문 소매업,G47859,그 외 기타 분류 안된 상품 전문 소매업,27,대구광역시,27720,군위군,27720350,의흥면,2772035021,의흥면,2772035021105900010,1,대지,590,10,대구광역시 군위군 의흥면 읍내리 590-10,277204742222,대구광역시 군위군 의흥면 읍내길,52,1,4772035032105900010032151,,대구광역시 군위군 의흥면 읍내길 52-1,716863,43149,,,,128.716056269724,36.1747233691686
MA010120220811016312,울트라켐,,G2,소매,G221,기타 상품 소매,G22199,그 외 기타 상품 전문 소매업,G47859,그 외 기타 분류 안된 상품 전문 소매업,31,울산광역시,31140,남구,31140600,옥동,3114010200,옥동,3114010200113870013,1,대지,1387,13,울산광역시 남구 옥동 1387-13,311404310263,울산광역시 남구 문수로369번길,41,,3114010200113870013035044,,울산광역시 남구 문수로369번길 41,680844,44648,,1,,129.294904611063,35.5381521350286
MA010120220811026846,카인텍엔젤아이,,G2,소매,G221,기타 상품 소매,G22199,그 외 기타 상품 전문 소매업,G45219,기타 자동차 신품 부품 및 내장품 판매업,31,울산광역시,31110,중구,31110630,병영2동,3111011400,서동,3111011400100430003,1,대지,43,3,울산광역시 중구 서동 43-3,311103169027,울산광역시 중구 북부순환도로,845,,3111011400100430016000001,,울산광역시 중구 북부순환도로 845,681290,44481,,,,129.34256484919,35.5799272468239
MA010120220811029469,모건가발,,G2,소매,G221,기타 상품 소매,G22199,그 외 기타 상품 전문 소매업,G47422,의복 액세서리 및 모조 장신구 소매업,31,울산광역시,31140,남구,31140625,대현동,3114010800,야음동,3114010800106640008,1,대지,664,8,울산광역시 남구 야음동 664-8,311403170032,울산광역시 남구 수암로,207,,3114010800106640008040664,유성상가,울산광역시 남구 수암로 207,680838,44735,,2,,129.329730413782,35.5263649609251
MA010120220810717790,정광상사,,G2,소매,G221,기타 상품 소매,G22199,그 외 기타 상품 전문 소매업,G47859,그 외 기타 분류 안된 상품 전문 소매업,26,부산광역시,26530,사상구,26530645,감전동,2653010500,감전동,2653010500101320001,1,대지,132,1,부산광역시 사상구 감전동 132-1,265304217296,부산광역시 사상구 새벽로168번길,46,10,2653010500101320001010836,,부산광역시 사상구 새벽로168번길 46-10,617800,46981,,,,128.985543242086,35.1552038087529
MA010120220810735388,세진유통,,G2,소매,G221,기타 상품 소매,G22199,그 외 기타 상품 전문 소매업,G47859,그 외 기타 분류 안된 상품 전문 소매업,26,부산광역시,26320,북구,26320550,덕천1동,2632010400,덕천동,2632010400103890011,1,대지,389,11,부산광역시 북구 덕천동 389-11,263202006007,부산광역시 북구 만덕대로,114,,2632010400103890011006978,,부산광역시 북구 만덕대로 114,616819,46568,,2,,129.017121267238,35.2128613287391
MA010120220810710833,러브플러스,,G2,소매,G221,기타 상품 소매,G22199,그 외 기타 상품 전문 소매업,G47859,그 외 기타 분류 안된 상품 전문 소매업,26,부산광역시,26530,사상구,26530650,주례1동,2653010600,주례동,2653010600106850026,1,대지,685,26,부산광역시 사상구 주례동 685-26,265303132023,부산광역시 사상구 사상로,71,,2653010600106850015003599,,부산광역시 사상구 사상로 71,617839,47001,,,,128.993085973238,35.1540345537805
MA010120220810728962,젊음을쓰다,,G2,소매,G221,기타 상품 소매,G22199,그 외 기타 상품 전문 소매업,G47422,의복 액세서리 및 모조 장신구 소매업,26,부산광역시,26530,사상구,26530660,주례2동,2653010600,주례동,2653010600101520001,1,대지,152,1,부산광역시 사상구 주례동 152-1,265302006015,부산광역시 사상구 가야대로,348,,2653010600101520001011875,KL빌딩,부산광역시 사상구 가야대로 348,617835,47007,,,,129.010551840291,35.1508080496368
MA010120220810760993,불광불교예술원,,G2,소매,G221,기타 상품 소매,G22199,그 외 기타 상품 전문 소매업,G47859,그 외 기타 분류 안된 상품 전문 소매업,26,부산광역시,26260,동래구,26260762,명장2동,2626010100,명장동,2626010100100290032,1,대지,29,32,부산광역시 동래구 명장동 29-32,262603130026,부산광역시 동래구 반송로,263,,2626010100100290032023133,,부산광역시 동래구 반송로 263,607807,47752,,1,,129.100534732804,35.2037194841414
MA010120220810721574,폰케이스몰,,G2,소매,G221,기타 상품 소매,G22199,그 외 기타 상품 전문 소매업,G47422,의복 액세서리 및 모조 장신구 소매업,26,부산광역시,26320,북구,26320560,덕천2동,2632010400,덕천동,2632010400104030027,1,대지,403,27,부산광역시 북구 덕천동 403-27,263204196191,부산광역시 북구 만덕대로16번길,20,,2632010400104030027007823,,부산광역시 북구 만덕대로16번길 20,616820,46576,,,,129.00712671391,35.2096481255062
MA010120220810736129,나래유통,,G2,소매,G221,기타 상품 소매,G22199,그 외 기타 상품 전문 소매업,G47859,그 외 기타 분류 안된 상품 전문 소매업,26,부산광역시,26320,북구,26320520,구포2동,2632010500,구포동,2632010500110670009,1,대지,1067,9,부산광역시 북구 구포동 1067-9,263202006002,부산광역시 북구 낙동대로,1656,,2632010500110670009014024,,부산광역시 북구 낙동대로 1656,616802,46503,,,,128.994098386926,35.2031227432893
MA010120220810711418,포항농약사,,G2,소매,G221,기타 상품 소매,G22199,그 외 기타 상품 전문 소매업,G47859,그 외 기타 분류 안된 상품 전문 소매업,26,부산광역시,26320,북구,26320510,구포1동,2632010500,구포동,2632010500105870006,1,대지,587,6,부산광역시 북구 구포동 587-6,263202006002,부산광역시 북구 낙동대로,1770,1,2632010500105870006014285,,부산광역시 북구 낙동대로 1770-1,616801,46580,,,,129.002988797169,35.2092660934795
MA010120220810715233,백세추출엑기스,,G2,소매,G221,기타 상품 소매,G22199,그 외 기타 상품 전문 소매업,G47859,그 외 기타 분류 안된 상품 전문 소매업,26,부산광역시,26320,북구,26320510,구포1동,2632010500,구포동,2632010500105960016,1,대지,596,16,부산광역시 북구 구포동 596-16,263204196098,부산광역시 북구 낙동대로1776번길,31,,2632010500105960016003604,,부산광역시 북구 낙동대로1776번길 31,616801,46581,,,,129.00455023841,35.2084652398239
MA010120220810718799,지리산건재한약품,,G2,소매,G221,기타 상품 소매,G22199,그 외 기타 상품 전문 소매업,G47859,그 외 기타 분류 안된 상품 전문 소매업,26,부산광역시,26320,북구,26320510,구포1동,2632010500,구포동,2632010500105860011,1,대지,586,11,부산광역시 북구 구포동 586-11,263204196097,부산광역시 북구 낙동대로1766번길,11,11,2632010500105860011005201,,부산광역시 북구 낙동대로1766번길 11-11,616801,46580,,,,129.002975518423,35.2087256135013
MA010120220810765215,미농,코리아,G2,소매,G221,기타 상품 소매,G22199,그 외 기타 상품 전문 소매업,G47859,그 외 기타 분류 안된 상품 전문 소매업,48,경상남도,48270,밀양시,48270330,산외면,4827033025,산외면,4827033025103700001,1,대지,370,1,경상남도 밀양시 산외면 남기리 370-1,482704808135,경상남도 밀양시 산외면 남기동길,25,,4827033025103700001062296,,경상남도 밀양시 산외면 남기동길 25,627813,50411,,,,128.792968635693,35.5132210067641
MA010120220810708632,광명만물사,,G2,소매,G221,기타 상품 소매,G22199,그 외 기타 상품 전문 소매업,G47859,그 외 기타 분류 안된 상품 전문 소매업,48,경상남도,48250,김해시,48250510,동상동,4825010100,동상동,4825010100109700002,1,대지,970,2,경상남도 김해시 동상동 970-2,482504805877,경상남도 김해시 호계로499번길,7,,4825010100109700002000001,,경상남도 김해시 호계로499번길 7,621020,50915,,,,128.883677249639,35.2349010045044
MA010120220810719444,보문당건재한약방,,G2,소매,G221,기타 상품 소매,G22199,그 외 기타 상품 전문 소매업,G47859,그 외 기타 분류 안된 상품 전문 소매업,26,부산광역시,26320,북구,26320510,구포1동,2632010500,구포동,2632010500105890003,1,대지,589,3,부산광역시 북구 구포동 589-3,263204196028,부산광역시 북구 구포시장3길,4,,2632010500105890003006346,,부산광역시 북구 구포시장3길 4,616801,46581,,,,129.003454365661,35.2081048950184
MA010120220810719448,재성당한약건재,,G2,소매,G221,기타 상품 소매,G22199,그 외 기타 상품 전문 소매업,G47859,그 외 기타 분류 안된 상품 전문 소매업,26,부산광역시,26320,북구,26320510,구포1동,2632010500,구포동,2632010500105860009,1,대지,586,9,부산광역시 북구 구포동 586-9,263204196331,부산광역시 북구 약초골목길,14,,2632010500105860009005002,,부산광역시 북구 약초골목길 14,616801,46580,,,,129.003066863959,35.2088682883728
MA010120220810731065,미래유통,,G2,소매,G221,기타 상품 소매,G22199,그 외 기타 상품 전문 소매업,G47859,그 외 기타 분류 안된 상품 전문 소매업,26,부산광역시,26320,북구,26320560,덕천2동,2632010400,덕천동,2632010400103490040,1,대지,349,40,부산광역시 북구 덕천동 349-40,263204196039,부산광역시 북구 금곡대로13번길,32,,2632010400103490040005226,,부산광역시 북구 금곡대로13번길 32,616817,46544,,,,129.003116884954,35.2109040958541
MA010120220810750933,유한책임회사하이모사상지점,,G2,소매,G221,기타 상품 소매,G22199,그 외 기타 상품 전문 소매업,G47422,의복 액세서리 및 모조 장신구 소매업,26,부산광역시,26530,사상구,26530620,괘법동,2653010400,괘법동,2653010400105460001,1,대지,546,1,부산광역시 사상구 괘법동 546-1,265303132023,부산광역시 사상구 사상로,200,,2653010400105460001000001,메디월시티,부산광역시 사상구 사상로 200,617807,46968,,,,128.984612465139,35.1629601677363
MA010120220810724146,현대상사,,G2,소매,G221,기타 상품 소매,G22199,그 외 기타 상품 전문 소매업,G47859,그 외 기타 분류 안된 상품 전문 소매업,26,부산광역시,26530,사상구,26530580,삼락동,2653010100,삼락동,2653010100100530001,1,대지,53,1,부산광역시 사상구 삼락동 53-1,265302006002,부산광역시 사상구 낙동대로,1540,,2653010100100530001003041,,부산광역시 사상구 낙동대로 1540,617825,46901,,,,128.985995084721,35.1949832240152
MA010120220810742289,수집사랑,,G2,소매,G221,기타 상품 소매,G22199,그 외 기타 상품 전문 소매업,G47859,그 외 기타 분류 안된 상품 전문 소매업,26,부산광역시,26500,수영구,26500740,망미1동,2650010100,망미동,2650010100107920033,1,대지,792,33,부산광역시 수영구 망미동 792-33,265003129044,부산광역시 수영구 연수로,326,1,2650010100107920033012844,,부산광역시 수영구 연수로 326-1,613826,48236,,,,129.10614672657,35.1718924914969
MA010120220810716828,낙동종묘농약사,,G2,소매,G221,기타 상품 소매,G22199,그 외 기타 상품 전문 소매업,G47859,그 외 기타 분류 안된 상품 전문 소매업,26,부산광역시,26530,사상구,26530580,삼락동,2653010100,삼락동,2653010100104190013,1,대지,419,13,부산광역시 사상구 삼락동 419-13,265303139018,부산광역시 사상구 운산로,9,2,2653010100104190013004336,,부산광역시 사상구 운산로 9-2,617827,46912,,,,128.97808033011,35.1696456282678
MA010120220810716929,대광안전,,G2,소매,G221,기타 상품 소매,G22199,그 외 기타 상품 전문 소매업,G47859,그 외 기타 분류 안된 상품 전문 소매업,26,부산광역시,26440,강서구,26440520,대저2동,2644010200,대저2동,2644010200131530001,1,대지,3153,1,부산광역시 강서구 대저2동 3153-1,264403136075,부산광역시 강서구 유통단지1로,41,,2644010200131530001000001,부산티플렉스,부산광역시 강서구 유통단지1로 41,618899,46721,,,,128.955701258097,35.1672965784783
MA010120220810720258,천공유골함,,G2,소매,G221,기타 상품 소매,G22199,그 외 기타 상품 전문 소매업,G47859,그 외 기타 분류 안된 상품 전문 소매업,26,부산광역시,26530,사상구,26530645,감전동,2653010500,감전동,2653010500101520002,1,대지,152,2,부산광역시 사상구 감전동 152-2,265303139012,부산광역시 사상구 새벽로,131,,2653010500101520002002906,산업용재유통상가,부산광역시 사상구 새벽로 131,617721,46988,,,,128.980976164481,35.1532960056083
MA010120220810742449,해피타임,,G2,소매,G221,기타 상품 소매,G22199,그 외 기타 상품 전문 소매업,G47859,그 외 기타 분류 안된 상품 전문 소매업,43,충청북도,43130,충주시,43130515,성내.충인동,4313010200,성남동,4313010200100010000,1,대지,1,,충청북도 충주시 성남동 1,431303238029,충청북도 충주시 사직로,190,,4313010200100010000000175,가호,충청북도 충주시 사직로 190,380030,27393,,1,,127.932163750234,36.9691373376515
MA010120220810731944,동일상회,,G2,소매,G221,기타 상품 소매,G22199,그 외 기타 상품 전문 소매업,G47859,그 외 기타 분류 안된 상품 전문 소매업,26,부산광역시,26530,사상구,26530670,학장동,2653010700,학장동,2653010700105280000,1,대지,528,,부산광역시 사상구 학장동 528,265302006017,부산광역시 사상구 학감대로,124,,2653010700105280000025584,,부산광역시 사상구 학감대로 124,617841,47048,,,,128.988711746112,35.142021676591
MA010120220810706452,러브82,,G2,소매,G221,기타 상품 소매,G22199,그 외 기타 상품 전문 소매업,G47859,그 외 기타 분류 안된 상품 전문 소매업,26,부산광역시,26170,동구,26170520,초량2동,2617010100,초량동,2617010100112070014,1,대지,1207,14,부산광역시 동구 초량동 1207-14,261702000010,부산광역시 동구 중앙대로,207,,2617010100112070014015798,,부산광역시 동구 중앙대로 207,601840,48816,,,,129.039654380598,35.1158066702185
MA010120220810732119,이샘가발,,G2,소매,G221,기타 상품 소매,G22199,그 외 기타 상품 전문 소매업,G47422,의복 액세서리 및 모조 장신구 소매업,26,부산광역시,26530,사상구,26530620,괘법동,2653010400,괘법동,2653010400109280003,1,대지,928,3,부산광역시 사상구 괘법동 928-3,265303132023,부산광역시 사상구 사상로,254,,2653010400109280003010157,,부산광역시 사상구 사상로 254,617806,46964,,,,128.982340975062,35.1674852270787
MA010120220810766826,미림모발센타,,G2,소매,G221,기타 상품 소매,G22199,그 외 기타 상품 전문 소매업,G47422,의복 액세서리 및 모조 장신구 소매업,26,부산광역시,26470,연제구,26470690,연산5동,2647010200,연산동,2647010200107020009,1,대지,702,9,부산광역시 연제구 연산동 702-9,264702000010,부산광역시 연제구 중앙대로,1078,,2647010200107020009024740,뉴그랜드오피스텔,부산광역시 연제구 중앙대로 1078,611714,47596,,10,,129.080542944822,35.1839690643107
MA010120220810777251,신세계유통,,G2,소매,G221,기타 상품 소매,G22199,그 외 기타 상품 전문 소매업,G47859,그 외 기타 분류 안된 상품 전문 소매업,26,부산광역시,26290,남구,26290530,대연3동,2629010600,대연동,2629010600100620005,1,대지,62,5,부산광역시 남구 대연동 62-5,262904193203,부산광역시 남구 용소로14번길,15,,2629010600100620005028699,명빌딩,부산광역시 남구 용소로14번길 15,608805,48498,,9,,129.100002413907,35.1356736588533
MA010120220810802687,산정농약사,,G2,소매,G221,기타 상품 소매,G22199,그 외 기타 상품 전문 소매업,G47859,그 외 기타 분류 안된 상품 전문 소매업,46,전라남도,46840,무안군,46840350,망운면,4684035021,망운면,4684035021106000003,1,대지,600,3,전라남도 무안군 망운면 목동리 600-3,468404688255,전라남도 무안군 망운면 압창길,1,,4684035021106000003040882,,전라남도 무안군 망운면 압창길 1,534851,58534,,,,126.39206906577,35.0122336786861
MA010120220810792457,성우켐텍스,,G2,소매,G221,기타 상품 소매,G22199,그 외 기타 상품 전문 소매업,G47859,그 외 기타 분류 안된 상품 전문 소매업,26,부산광역시,26530,사상구,26530645,감전동,2653010500,감전동,2653010500109580001,1,대지,958,1,부산광역시 사상구 감전동 958-1,265304217100,부산광역시 사상구 낙동대로902번길,30,,2653010500109580001011854,,부산광역시 사상구 낙동대로902번길 30,617805,47029,,,,128.972197622878,35.1410029853506
MA010120220810800175,코모랑스,,G2,소매,G221,기타 상품 소매,G22199,그 외 기타 상품 전문 소매업,G47422,의복 액세서리 및 모조 장신구 소매업,43,충청북도,43130,충주시,43130630,연수동,4313011800,연수동,4313011800111540000,1,대지,1154,,충청북도 충주시 연수동 1154,431302238001,충청북도 충주시 계명대로,135,,4313011800111540000019932,,충청북도 충주시 계명대로 135,380963,27349,,2,,127.92950790554,36.9825207757915
MA010120220810786652,정토불교용품할인점,,G2,소매,G221,기타 상품 소매,G22199,그 외 기타 상품 전문 소매업,G47859,그 외 기타 분류 안된 상품 전문 소매업,48,경상남도,48330,양산시,48330510,중앙동,4833010400,북부동,4833010400106860002,1,대지,686,2,경상남도 양산시 북부동 686-2,483304814317,경상남도 양산시 북안북3길,32,,4833010400106860002006600,,경상남도 양산시 북안북3길 32,626801,50616,,1,,129.040249578049,35.3505117632318
MA010120220810795404,태영불교예술원,,G2,소매,G221,기타 상품 소매,G22199,그 외 기타 상품 전문 소매업,G47859,그 외 기타 분류 안된 상품 전문 소매업,26,부산광역시,26410,금정구,26410570,부곡1동,2641010900,부곡동,2641010900103270044,1,대지,327,44,부산광역시 금정구 부곡동 327-44,264104205280,부산광역시 금정구 서부곡로11번길,28,,2641010900103270044006898,지,부산광역시 금정구 서부곡로11번길 28,609826,46302,,1,,129.090077789517,35.2249423399024
MA010120220810781069,영산불교예술원,,G2,소매,G221,기타 상품 소매,G22199,그 외 기타 상품 전문 소매업,G47859,그 외 기타 분류 안된 상품 전문 소매업,26,부산광역시,26260,동래구,26260520,복산동,2626010300,칠산동,2626010300102110002,1,대지,211,2,부산광역시 동래구 칠산동 211-2,262604190103,부산광역시 동래구 명륜로112번길,107,,2626010300102110002017679,,부산광역시 동래구 명륜로112번길 107,607030,47810,,,,129.088823736828,35.2025794454099
MA010120220810806201,제이쓰리,,G2,소매,G221,기타 상품 소매,G22199,그 외 기타 상품 전문 소매업,G47859,그 외 기타 분류 안된 상품 전문 소매업,27,대구광역시,27260,수성구,27260680,고산2동,2726012700,대흥동,2726012700104500003,1,대지,450,3,대구광역시 수성구 대흥동 450-3,272604238353,대구광역시 수성구 월드컵로6길,42,,2726012700104500003000001,,대구광역시 수성구 월드컵로6길 42,706130,42250,,,,128.684646722038,35.8311791215863
MA010120220810784315,신라불교사,,G2,소매,G221,기타 상품 소매,G22199,그 외 기타 상품 전문 소매업,G47859,그 외 기타 분류 안된 상품 전문 소매업,26,부산광역시,26260,동래구,26260740,안락1동,2626010200,안락동,2626010200104360007,1,대지,436,7,부산광역시 동래구 안락동 436-7,262602006006,부산광역시 동래구 충렬대로,388,1,2626010200104360007020227,,부산광역시 동래구 충렬대로 388-1,607829,47889,,,,129.100854761279,35.1969643257686
MA010120220810787273,금정불교,백화점,G2,소매,G221,기타 상품 소매,G22199,그 외 기타 상품 전문 소매업,G47859,그 외 기타 분류 안된 상품 전문 소매업,26,부산광역시,26260,동래구,26260550,온천1동,2626010800,온천동,2626010800101450047,1,대지,145,47,부산광역시 동래구 온천동 145-47,262603130022,부산광역시 동래구 금강로,156,,2626010800100460014014142,,부산광역시 동래구 금강로 156,607831,47708,,,,129.081539435947,35.2225843251327
MA010120220810806595,삼성당건재한약품,,G2,소매,G221,기타 상품 소매,G22199,그 외 기타 상품 전문 소매업,G47859,그 외 기타 분류 안된 상품 전문 소매업,26,부산광역시,26260,동래구,26260510,수민동,2626010600,수안동,2626010600102320000,1,대지,232,,부산광역시 동래구 수안동 232,262604190503,부산광역시 동래구 충렬대로237번길,9,,2626010600102320000001829,,부산광역시 동래구 충렬대로237번길 9,607824,47814,,,,129.085151147588,35.2019308606524
MA010120220810776223,진우건재,,G2,소매,G221,기타 상품 소매,G22199,그 외 기타 상품 전문 소매업,G47859,그 외 기타 분류 안된 상품 전문 소매업,26,부산광역시,26260,동래구,26260570,온천3동,2626010800,온천동,2626010800114500041,1,대지,1450,41,부산광역시 동래구 온천동 1450-41,262604190186,부산광역시 동래구 미남로116번길,22,,2626010800114500001003558,,부산광역시 동래구 미남로116번길 22,607843,47826,,,,129.070715608807,35.2045937773332
MA010120220810790662,엘사이트,,G2,소매,G221,기타 상품 소매,G22199,그 외 기타 상품 전문 소매업,G47859,그 외 기타 분류 안된 상품 전문 소매업,26,부산광역시,26260,동래구,26260761,명장1동,2626010100,명장동,2626010100101540020,1,대지,154,20,부산광역시 동래구 명장동 154-20,262604190342,부산광역시 동래구 안락로125번길,38,,2626010100101540020020743,,부산광역시 동래구 안락로125번길 38,607810,47785,,,,129.111225986071,35.2006588093891
MA010120220810790747,대성당한방건강,,G2,소매,G221,기타 상품 소매,G22199,그 외 기타 상품 전문 소매업,G47859,그 외 기타 분류 안된 상품 전문 소매업,26,부산광역시,26260,동래구,26260510,수민동,2626010600,수안동,2626010600100020005,1,대지,2,5,부산광역시 동래구 수안동 2-5,262604190501,부산광역시 동래구 충렬대로218번길,26,,2626010600100020005005054,,부산광역시 동래구 충렬대로218번길 26,607822,47817,,,,129.082826504615,35.2007543302282
MA010120220810796022,태영상사,,G2,소매,G221,기타 상품 소매,G22199,그 외 기타 상품 전문 소매업,G47859,그 외 기타 분류 안된 상품 전문 소매업,26,부산광역시,26260,동래구,26260550,온천1동,2626010800,온천동,2626010800101640006,1,대지,164,6,부산광역시 동래구 온천동 164-6,262603130032,부산광역시 동래구 온천장로,104,,2626010800101640006013053,일부,부산광역시 동래구 온천장로 104,607831,47710,,3,,129.084039832717,35.2198738861828
MA010120220810793823,대영한약품,,G2,소매,G221,기타 상품 소매,G22199,그 외 기타 상품 전문 소매업,G47859,그 외 기타 분류 안된 상품 전문 소매업,26,부산광역시,26260,동래구,26260510,수민동,2626010600,수안동,2626010600102500000,1,대지,250,,부산광역시 동래구 수안동 250,262602006006,부산광역시 동래구 충렬대로,236,,2626010600102490006001823,,부산광역시 동래구 충렬대로 236,607823,47877,,,,129.084960131976,35.2013303795795
MA010120220810799093,영남종합사료,,G2,소매,G221,기타 상품 소매,G22199,그 외 기타 상품 전문 소매업,G47859,그 외 기타 분류 안된 상품 전문 소매업,48,경상남도,48270,밀양시,48270520,내이동,4827010200,내이동,4827010200103500001,1,대지,350,1,경상남도 밀양시 내이동 350-1,482704808172,경상남도 밀양시 내이신촌1길,1,,4827010200103500001041879,,경상남도 밀양시 내이신촌1길 1,627803,50424,,,,128.736110863578,35.5052214477665
MA010120220810774156,부라더미싱동래,대리점,G2,소매,G221,기타 상품 소매,G22199,그 외 기타 상품 전문 소매업,G47859,그 외 기타 분류 안된 상품 전문 소매업,26,부산광역시,26260,동래구,26260510,수민동,2626010400,낙민동,2626010400100010006,1,대지,1,6,부산광역시 동래구 낙민동 1-6,262604190523,부산광역시 동래구 충렬대로322번길,3,,2626010400100010006019387,,부산광역시 동래구 충렬대로322번길 3,607800,47882,,,,129.094106676704,35.1988114663611
MA010120220810769226,모디스,,G2,소매,G221,기타 상품 소매,G22199,그 외 기타 상품 전문 소매업,G47422,의복 액세서리 및 모조 장신구 소매업,26,부산광역시,26260,동래구,26260545,명륜동,2626010700,명륜동,2626010700105170000,1,대지,517,,부산광역시 동래구 명륜동 517,262604190496,부산광역시 동래구 충렬대로182번길,9,,2626010700105170000000103,동진빌딩,부산광역시 동래구 충렬대로182번길 9,607804,47815,,,,129.079683677113,35.2032234594974
MA010120220810810485,남흥수석갤러리,,G2,소매,G221,기타 상품 소매,G22199,그 외 기타 상품 전문 소매업,G47859,그 외 기타 분류 안된 상품 전문 소매업,48,경상남도,48170,진주시,48170555,성북동,4817010800,인사동,4817010800101550051,1,대지,155,51,경상남도 진주시 인사동 155-51,481703332011,경상남도 진주시 남강로,579,,4817010800101550047214942,,경상남도 진주시 남강로 579,660020,52689,,1,,128.075209418587,35.1895179077124
MA010120220810816397,삼성유통,,G2,소매,G221,기타 상품 소매,G22199,그 외 기타 상품 전문 소매업,G47859,그 외 기타 분류 안된 상품 전문 소매업,48,경상남도,48250,김해시,48250540,내외동,4825010800,내동,4825010800101520005,1,대지,152,5,경상남도 김해시 내동 152-5,482502335002,경상남도 김해시 금관대로,1329,,4825010800101520005084572,,경상남도 김해시 금관대로 1329,621903,50891,,,,128.863873643198,35.2421107746418
MA010120220810829895,마산수석원,,G2,소매,G221,기타 상품 소매,G22199,그 외 기타 상품 전문 소매업,G47859,그 외 기타 분류 안된 상품 전문 소매업,48,경상남도,48125,창원시 마산합포구,48125650,산호동,4812511800,산호동,4812511800100540031,1,대지,54,31,경상남도 창원시 마산합포구 산호동 54-31,481254787350,경상남도 창원시 마산합포구 산호서5길,15,,4812511800100540031021441,,경상남도 창원시 마산합포구 산호서5길 15,631853,51333,,,,128.578704593706,35.2185268910684
MA010120220810838217,백두산야초,,G2,소매,G221,기타 상품 소매,G22199,그 외 기타 상품 전문 소매업,G47859,그 외 기타 분류 안된 상품 전문 소매업,48,경상남도,48127,창원시 마산회원구,48127570,양덕2동,4812710500,양덕동,4812710500101510028,1,대지,151,28,경상남도 창원시 마산회원구 양덕동 151-28,481273329020,경상남도 창원시 마산회원구 삼호로,36,,4812710500101510028006223,,경상남도 창원시 마산회원구 삼호로 36,630811,51320,,,,128.586788765048,35.2214132740718
MA010120220810844080,마산불교사,,G2,소매,G221,기타 상품 소매,G22199,그 외 기타 상품 전문 소매업,G47859,그 외 기타 분류 안된 상품 전문 소매업,48,경상남도,48125,창원시 마산합포구,48125630,오동동,4812511700,부림동,4812511700100830247,1,대지,83,247,경상남도 창원시 마산합포구 부림동 83-247,481252019003,경상남도 창원시 마산합포구 315대로,347,1,4812511700100830252033264,,경상남도 창원시 마산합포구 315대로 347-1,631860,51282,,,,128.572840274473,35.2060129566284
MA010120220810816712,제일상사,,G2,소매,G221,기타 상품 소매,G22199,그 외 기타 상품 전문 소매업,G47859,그 외 기타 분류 안된 상품 전문 소매업,26,부산광역시,26530,사상구,26530580,삼락동,2653010100,삼락동,2653010100104190021,1,대지,419,21,부산광역시 사상구 삼락동 419-21,265302006002,부산광역시 사상구 낙동대로,1232,1,2653010100104190021008256,,부산광역시 사상구 낙동대로 1232-1,617827,46912,,,,128.977137024526,35.1701206337039
MA010120220810842042,항아리쑥뜸,,G2,소매,G221,기타 상품 소매,G22199,그 외 기타 상품 전문 소매업,S96129,체형 등 기타 신체 관리 서비스업,48,경상남도,48730,함안군,48730253,칠원읍,4873025321,칠원읍,4873025321108150000,1,대지,815,,경상남도 함안군 칠원읍 구성리 815,487304820316,경상남도 함안군 칠원읍 성내길,142,,4873037021108150000041009,,경상남도 함안군 칠원읍 성내길 142,637921,52023,,,,128.521364530821,35.303662111972
MA010120220810846781,칠성종합불교사,,G2,소매,G221,기타 상품 소매,G22199,그 외 기타 상품 전문 소매업,G47859,그 외 기타 분류 안된 상품 전문 소매업,48,경상남도,48125,창원시 마산합포구,48125630,오동동,4812512600,신포동2가,4812512600101170023,1,대지,117,23,경상남도 창원시 마산합포구 신포동2가 117-23,481254787431,경상남도 창원시 마산합포구 어시장1길,11,,4812512600101170023036509,,경상남도 창원시 마산합포구 어시장1길 11,631860,51720,,,,128.574717105152,35.2008515000437
MA010120220810848811,성덕유통,,G2,소매,G221,기타 상품 소매,G22199,그 외 기타 상품 전문 소매업,G47859,그 외 기타 분류 안된 상품 전문 소매업,48,경상남도,48125,창원시 마산합포구,48125630,오동동,4812512000,서성동,4812512000100660037,1,대지,66,37,경상남도 창원시 마산합포구 서성동 66-37,481252019003,경상남도 창원시 마산합포구 315대로,317,,4812512000200660037036657,,경상남도 창원시 마산합포구 315대로 317,631860,51285,,,,128.571922144513,35.20338425407
MA010120220810833062,약초명가,,G2,소매,G221,기타 상품 소매,G22199,그 외 기타 상품 전문 소매업,G47859,그 외 기타 분류 안된 상품 전문 소매업,48,경상남도,48129,창원시 진해구,48129600,자은동,4812914200,자은동,4812914200101920042,1,대지,192,42,경상남도 창원시 진해구 자은동 192-42,481294793059,경상남도 창원시 진해구 냉천로141번길,20,,4812914200101920037000001,,경상남도 창원시 진해구 냉천로141번길 20,645300,51593,,1,,128.71039481024,35.1564009075174
MA010120220810836890,삼덕불교사,,G2,소매,G221,기타 상품 소매,G22199,그 외 기타 상품 전문 소매업,G47859,그 외 기타 분류 안된 상품 전문 소매업,48,경상남도,48127,창원시 마산회원구,48127590,합성2동,4812710600,합성동,4812710600101580009,1,대지,158,9,경상남도 창원시 마산회원구 합성동 158-9,481274790358,경상남도 창원시 마산회원구 합성옛길,241,,4812710600101580009040796,,경상남도 창원시 마산회원구 합성옛길 241,630818,51356,,,,128.5865376213,35.2417934314598
MA010120220810838741,지오유통,,G2,소매,G221,기타 상품 소매,G22199,그 외 기타 상품 전문 소매업,G47859,그 외 기타 분류 안된 상품 전문 소매업,48,경상남도,48127,창원시 마산회원구,48127510,회원1동,4812710800,회원동,4812710800104060001,1,대지,406,1,경상남도 창원시 마산회원구 회원동 406-1,481273330034,경상남도 창원시 마산회원구 북성로,130,,4812710800104060001007152,,경상남도 창원시 마산회원구 북성로 130,630821,51296,,,,128.570878330562,35.2187368662065
MA010120220810814270,보훈상사,,G2,소매,G221,기타 상품 소매,G22199,그 외 기타 상품 전문 소매업,G47859,그 외 기타 분류 안된 상품 전문 소매업,26,부산광역시,26530,사상구,26530650,주례1동,2653010600,주례동,2653010600103130011,1,대지,313,11,부산광역시 사상구 주례동 313-11,265304217327,부산광역시 사상구 양지로8번길,5,15,2653010600103130011001920,,부산광역시 사상구 양지로8번길 5-15,617836,46994,,,,129.005120537467,35.1539350407821
MA010120220810837025,현대양행,,G2,소매,G221,기타 상품 소매,G22199,그 외 기타 상품 전문 소매업,G47859,그 외 기타 분류 안된 상품 전문 소매업,48,경상남도,48220,통영시,48220550,중앙동,4822010400,항남동,4822010400101390041,1,대지,139,41,경상남도 통영시 항남동 139-41,482204799484,경상남도 통영시 항남1길,44,,4822010400101390041003754,,경상남도 통영시 항남1길 44,650060,53054,,,,128.424499323601,34.8414324260626
MA010120220810845069,미쎄스터,,G2,소매,G221,기타 상품 소매,G22199,그 외 기타 상품 전문 소매업,G47859,그 외 기타 분류 안된 상품 전문 소매업,48,경상남도,48125,창원시 마산합포구,48125630,오동동,4812513700,오동동,4812513700102350018,1,대지,235,18,경상남도 창원시 마산합포구 오동동 235-18,481253329059,경상남도 창원시 마산합포구 합포로,88,1,4812513700102350018010187,,경상남도 창원시 마산합포구 합포로 88-1,631860,51722,,,,128.580253414712,35.2066464142205
MA010120220810831103,사철종합상사,,G2,소매,G221,기타 상품 소매,G22199,그 외 기타 상품 전문 소매업,G47859,그 외 기타 분류 안된 상품 전문 소매업,48,경상남도,48127,창원시 마산회원구,48127560,양덕1동,4812710500,양덕동,4812710500100530004,1,대지,53,4,경상남도 창원시 마산회원구 양덕동 53-4,481274790266,경상남도 창원시 마산회원구 양덕천길,16,1,4812710500100530004012458,타워맨션,경상남도 창원시 마산회원구 양덕천길 16-1,630809,51365,,,,128.586641316315,35.2296344542858
MA010120220810840935,진형농기계,,G2,소매,G221,기타 상품 소매,G22199,그 외 기타 상품 전문 소매업,G47859,그 외 기타 분류 안된 상품 전문 소매업,48,경상남도,48740,창녕군,48740380,영산면,4874038021,영산면,4874038021102620020,1,대지,262,20,경상남도 창녕군 영산면 서리 262-20,487403341027,경상남도 창녕군 영산면 영산장마로,718,,4874038021102620020000001,,경상남도 창녕군 영산면 영산장마로 718,635862,50342,,,,128.522130401648,35.458103722081
MA010120220810842724,보리원,,G2,소매,G221,기타 상품 소매,G22199,그 외 기타 상품 전문 소매업,G47859,그 외 기타 분류 안된 상품 전문 소매업,48,경상남도,48129,창원시 진해구,48129530,충무동,4812913500,충무동,4812913500100250010,1,대지,25,10,경상남도 창원시 진해구 충무동 25-10,481293331056,경상남도 창원시 진해구 제황로,84,,4812913500100250010016149,,경상남도 창원시 진해구 제황로 84,645230,51685,,,,128.666994712296,35.1515895880487
MA010120220810833233,미림헤어센타,,G2,소매,G221,기타 상품 소매,G22199,그 외 기타 상품 전문 소매업,G47422,의복 액세서리 및 모조 장신구 소매업,48,경상남도,48125,창원시 마산합포구,48125650,산호동,4812511800,산호동,4812511800100060002,1,대지,6,2,경상남도 창원시 마산합포구 산호동 6-2,481253329034,경상남도 창원시 마산합포구 용마로,108,,4812511800100060002021184,,경상남도 창원시 마산합포구 용마로 108,631852,51329,,,,128.584517233818,35.2220738975878
MA010120220810841279,삼삼농약사,,G2,소매,G221,기타 상품 소매,G22199,그 외 기타 상품 전문 소매업,G47859,그 외 기타 분류 안된 상품 전문 소매업,48,경상남도,48740,창녕군,48740380,영산면,4874038025,영산면,4874038025100660012,1,대지,66,12,경상남도 창녕군 영산면 동리 66-12,487404823215,경상남도 창녕군 영산면 로터리길,66,,4874038025100660007051443,,경상남도 창녕군 영산면 로터리길 66,635862,50345,,,,128.532657196415,35.4561861031876
MA010120220810841296,일광미싱,,G2,소매,G221,기타 상품 소매,G22199,그 외 기타 상품 전문 소매업,G47859,그 외 기타 분류 안된 상품 전문 소매업,48,경상남도,48125,창원시 마산합포구,48125630,오동동,4812514600,중성동,4812514600100200048,1,대지,20,48,경상남도 창원시 마산합포구 중성동 20-48,481252019003,경상남도 창원시 마산합포구 315대로,384,,4812514600100200048029517,,경상남도 창원시 마산합포구 315대로 384,631859,51729,,,,128.574596457096,35.2088200119804
MA010120220810847675,부창불교상회,,G2,소매,G221,기타 상품 소매,G22199,그 외 기타 상품 전문 소매업,G47859,그 외 기타 분류 안된 상품 전문 소매업,48,경상남도,48125,창원시 마산합포구,48125630,오동동,4812511700,부림동,4812511700100320444,1,대지,32,444,경상남도 창원시 마산합포구 부림동 32-444,481252019003,경상남도 창원시 마산합포구 315대로,352,,4812511700100320444033486,부림시장,경상남도 창원시 마산합포구 315대로 352,631859,51730,,1,,128.573450857007,35.2057887248406
MA010120220810849108,흙살비,,G2,소매,G221,기타 상품 소매,G22199,그 외 기타 상품 전문 소매업,G47859,그 외 기타 분류 안된 상품 전문 소매업,48,경상남도,48730,함안군,48730250,가야읍,4873025021,가야읍,4873025021104060001,1,대지,406,1,경상남도 함안군 가야읍 말산리 406-1,487302340001,경상남도 함안군 가야읍 함안대로,533,9,4873025021104060001022996,,경상남도 함안군 가야읍 함안대로 533-9,637805,52043,,,,128.406668708702,35.2740028102543
MA010120220810811738,달마의집,,G2,소매,G221,기타 상품 소매,G22199,그 외 기타 상품 전문 소매업,G47859,그 외 기타 분류 안된 상품 전문 소매업,26,부산광역시,26410,금정구,26410665,청룡노포동,2641010300,청룡동,2641010300100700022,1,대지,70,22,부산광역시 금정구 청룡동 70-22,264104205427,부산광역시 금정구 청룡예전로43번길,12,,2641010300100700022001565,,부산광역시 금정구 청룡예전로43번길 12,609843,46201,,,,129.08969022669,35.2774497011178
MA010120220810811752,신라총포사,,G2,소매,G221,기타 상품 소매,G22199,그 외 기타 상품 전문 소매업,G47859,그 외 기타 분류 안된 상품 전문 소매업,26,부산광역시,26470,연제구,26470610,거제1동,2647010100,거제동,2647010100101210021,1,대지,121,21,부산광역시 연제구 거제동 121-21,264702000010,부산광역시 연제구 중앙대로,1227,,2647010100101210021003655,삼한빌딩,부산광역시 연제구 중앙대로 1227,611803,47505,,1,,129.079279175793,35.1968322232009
MA010120220810843189,JOWOOSYSTEM,,G2,소매,G221,기타 상품 소매,G22199,그 외 기타 상품 전문 소매업,G47859,그 외 기타 분류 안된 상품 전문 소매업,48,경상남도,48740,창녕군,48740400,도천면,4874040021,도천면,4874040021103020003,1,대지,302,3,경상남도 창녕군 도천면 도천리 302-3,487404823266,경상남도 창녕군 도천면 문화마을2길,18,5,4874040021103020003057202,,경상남도 창녕군 도천면 문화마을2길 18-5,635913,50349,,,,128.517562842335,35.4330714838583
MA010120220810831732,배둔함안수석원,,G2,소매,G221,기타 상품 소매,G22199,그 외 기타 상품 전문 소매업,G47859,그 외 기타 분류 안된 상품 전문 소매업,48,경상남도,48820,고성군,48820400,회화면,4882040025,회화면,4882040025114010002,1,대지,1401,2,경상남도 고성군 회화면 삼덕리 1401-2,488204826262,경상남도 고성군 회화면 삼덕3길,5,,4882040025114010002042929,,경상남도 고성군 회화면 삼덕3길 5,638811,52913,,,,128.374661870286,35.0840678764489
MA010120220810837531,진주불교사,,G2,소매,G221,기타 상품 소매,G22199,그 외 기타 상품 전문 소매업,G47859,그 외 기타 분류 안된 상품 전문 소매업,48,경상남도,48127,창원시 마산회원구,48127580,합성1동,4812710600,합성동,4812710600100840055,1,대지,84,55,경상남도 창원시 마산회원구 합성동 84-55,481274790350,경상남도 창원시 마산회원구 합성서1길,70,,4812710600100840055038780,,경상남도 창원시 마산회원구 합성서1길 70,630816,51210,,,,128.582788404419,35.2399319209226
MA010120220810841418,향기월드,,G2,소매,G221,기타 상품 소매,G22199,그 외 기타 상품 전문 소매업,G47859,그 외 기타 분류 안된 상품 전문 소매업,48,경상남도,48127,창원시 마산회원구,48127520,회원2동,4812710800,회원동,4812710800106570010,1,대지,657,10,경상남도 창원시 마산회원구 회원동 657-10,481274790435,경상남도 창원시 마산회원구 회원남33길,6,,4812710800106570010011791,,경상남도 창원시 마산회원구 회원남33길 6,630823,51292,,,,128.561614343481,35.2172795786503
MA010120220810843270,고려홍삼약초,,G2,소매,G221,기타 상품 소매,G22199,그 외 기타 상품 전문 소매업,G47859,그 외 기타 분류 안된 상품 전문 소매업,48,경상남도,48125,창원시 마산합포구,48125630,오동동,4812510400,남성동,4812510400101790001,1,대지,179,1,경상남도 창원시 마산합포구 남성동 179-1,481253329059,경상남도 창원시 마산합포구 합포로,29,,4812510400101790001033864,,경상남도 창원시 마산합포구 합포로 29,631860,51731,,,,128.575139742934,35.2034055182206
MA010120220810824824,제니스에프앤비,,G2,소매,G221,기타 상품 소매,G22199,그 외 기타 상품 전문 소매업,M71531,경영 컨설팅업,26,부산광역시,26260,동래구,26260740,안락1동,2626010200,안락동,2626010200104320021,1,대지,432,21,부산광역시 동래구 안락동 432-21,262602006006,부산광역시 동래구 충렬대로,375,,2626010200104320021019977,호은빌딩,부산광역시 동래구 충렬대로 375,607829,47787,,3,,129.099437430765,35.1977729166901
MA010120220810837666,쁘아종,,G2,소매,G221,기타 상품 소매,G22199,그 외 기타 상품 전문 소매업,G47859,그 외 기타 분류 안된 상품 전문 소매업,48,경상남도,48125,창원시 마산합포구,48125630,오동동,4812515000,창동,4812515000100700003,1,대지,70,3,경상남도 창원시 마산합포구 창동 70-3,481254787739,경상남도 창원시 마산합포구 창동거리길,22,1,4812515000100700003029337,,경상남도 창원시 마산합포구 창동거리길 22-1,631860,51730,,,,128.5741544549,35.2064014316346
MA010120220810822797,유한책임회사하이모동래지점,,G2,소매,G221,기타 상품 소매,G22199,그 외 기타 상품 전문 소매업,G47422,의복 액세서리 및 모조 장신구 소매업,26,부산광역시,26260,동래구,26260560,온천2동,2626010800,온천동,2626010800114390003,1,대지,1439,3,부산광역시 동래구 온천동 1439-3,262602000010,부산광역시 동래구 중앙대로,1325,,2626010800114390003010972,이센타워빌딩,부산광역시 동래구 중앙대로 1325,607837,47734,,12,,129.077529940561,35.205306063212
MA010120220810854904,여래불교사,,G2,소매,G221,기타 상품 소매,G22199,그 외 기타 상품 전문 소매업,G47859,그 외 기타 분류 안된 상품 전문 소매업,48,경상남도,48125,창원시 마산합포구,48125610,교방동,4812511900,상남동,4812511900100010011,1,대지,1,11,경상남도 창원시 마산합포구 상남동 1-11,481253330034,경상남도 창원시 마산합포구 북성로,81,,4812511900100010011032676,,경상남도 창원시 마산합포구 북성로 81,631850,51274,,,,128.570620195379,35.2144593412821
MA010120220810881639,범한총포무역,,G2,소매,G221,기타 상품 소매,G22199,그 외 기타 상품 전문 소매업,G47859,그 외 기타 분류 안된 상품 전문 소매업,48,경상남도,48125,창원시 마산합포구,48125640,합포동,4812511800,산호동,4812511800104690004,1,대지,469,4,경상남도 창원시 마산합포구 산호동 469-4,481253329061,경상남도 창원시 마산합포구 허당로,50,1,4812511800204690004010598,전부,경상남도 창원시 마산합포구 허당로 50-1,631856,51726,,2,,128.581483672403,35.2106318373083
MA010120220810862483,캄리좌훈카페,,G2,소매,G221,기타 상품 소매,G22199,그 외 기타 상품 전문 소매업,S96129,체형 등 기타 신체 관리 서비스업,48,경상남도,48125,창원시 마산합포구,48125630,오동동,4812512000,서성동,4812512000100650014,1,대지,65,14,경상남도 창원시 마산합포구 서성동 65-14,481252019003,경상남도 창원시 마산합포구 315대로,323,,4812512000100650014036655,,경상남도 창원시 마산합포구 315대로 323,631860,51285,,,,128.571888133387,35.2038984015904
MA010120220810869721,태광비니루,의령대리점,G2,소매,G221,기타 상품 소매,G22199,그 외 기타 상품 전문 소매업,G47859,그 외 기타 분류 안된 상품 전문 소매업,48,경상남도,48720,의령군,48720350,용덕면,4872035029,용덕면,4872035029102670001,1,대지,267,1,경상남도 의령군 용덕면 정동리 267-1,487204817286,경상남도 의령군 용덕면 정동2길,9,4,4872035029102670001032017,,경상남도 의령군 용덕면 정동2길 9-4,636912,52127,,,,128.303442212418,35.3434115608539
MA010120220810850545,일신총포사,,G2,소매,G221,기타 상품 소매,G22199,그 외 기타 상품 전문 소매업,G47859,그 외 기타 분류 안된 상품 전문 소매업,48,경상남도,48125,창원시 마산합포구,48125610,교방동,4812510200,교방동,4812510200101930014,1,대지,193,14,경상남도 창원시 마산합포구 교방동 193-14,481254787021,경상남도 창원시 마산합포구 교방남2길,3,,4812510200101930014037828,,경상남도 창원시 마산합포구 교방남2길 3,631850,51281,,,,128.565967388955,35.2106352895766
MA010120220810850566,송강,,G2,소매,G221,기타 상품 소매,G22199,그 외 기타 상품 전문 소매업,G47859,그 외 기타 분류 안된 상품 전문 소매업,48,경상남도,48125,창원시 마산합포구,48125630,오동동,4812514600,중성동,4812514600100200002,1,대지,20,2,경상남도 창원시 마산합포구 중성동 20-2,481252019003,경상남도 창원시 마산합포구 315대로,391,,4812514600100200002031712,,경상남도 창원시 마산합포구 315대로 391,631859,51283,,,,128.574434029034,35.2095070650291
MA010120220810869774,청정.한가위특약점,,G2,소매,G221,기타 상품 소매,G22199,그 외 기타 상품 전문 소매업,G47859,그 외 기타 분류 안된 상품 전문 소매업,48,경상남도,48740,창녕군,48740250,창녕읍,4874025032,창녕읍,4874025032109200000,1,대지,920,,경상남도 창녕군 창녕읍 신촌리 920,487403341049,경상남도 창녕군 창녕읍 환곡어도로,153,,4874025032109200000011268,,경상남도 창녕군 창녕읍 환곡어도로 153,635806,50320,,,,128.468481908951,35.5165001487509
MA010120220810869946,더원,,G2,소매,G221,기타 상품 소매,G22199,그 외 기타 상품 전문 소매업,G47859,그 외 기타 분류 안된 상품 전문 소매업,48,경상남도,48740,창녕군,48740400,도천면,4874040022,도천면,4874040022105580000,1,대지,558,,경상남도 창녕군 도천면 일리 558,487403341012,경상남도 창녕군 도천면 도천중앙로,13,3,4874040022105580000056290,,경상남도 창녕군 도천면 도천중앙로 13-3,635911,50349,,,,128.517326995388,35.4357600666383
MA010120220810863162,한성당건재한약방,,G2,소매,G221,기타 상품 소매,G22199,그 외 기타 상품 전문 소매업,G47859,그 외 기타 분류 안된 상품 전문 소매업,48,경상남도,48125,창원시 마산합포구,48125640,합포동,4812511900,상남동,4812511900102300008,1,대지,230,8,경상남도 창원시 마산합포구 상남동 230-8,481254787058,경상남도 창원시 마산합포구 교방천북길,275,,4812511900102300008031178,,경상남도 창원시 마산합포구 교방천북길 275,631858,51725,,,,128.576752001798,35.2095580054422
MA010120220810865361,대승불교사,,G2,소매,G221,기타 상품 소매,G22199,그 외 기타 상품 전문 소매업,G47859,그 외 기타 분류 안된 상품 전문 소매업,48,경상남도,48720,의령군,48720250,의령읍,4872025021,의령읍,4872025021104910033,1,대지,491,33,경상남도 의령군 의령읍 서동리 491-33,487204817250,경상남도 의령군 의령읍 의병로20길,20,1,4872025021104910033018063,,경상남도 의령군 의령읍 의병로20길 20-1,636805,52149,,,,128.261041193402,35.3187793012201
MA010120220810867786,장천비료,,G2,소매,G221,기타 상품 소매,G22199,그 외 기타 상품 전문 소매업,G47859,그 외 기타 분류 안된 상품 전문 소매업,48,경상남도,48740,창녕군,48740340,이방면,4874034032,이방면,4874034032100540002,1,대지,54,2,경상남도 창녕군 이방면 장천리 54-2,487403019056,경상남도 창녕군 이방면 이방대합로,314,,4874034032100540002025084,,경상남도 창녕군 이방면 이방대합로 314,635831,50300,,,,128.379555479753,35.5998941141361
MA010120220810872173,잰틀모명품가발,,G2,소매,G221,기타 상품 소매,G22199,그 외 기타 상품 전문 소매업,G47422,의복 액세서리 및 모조 장신구 소매업,48,경상남도,48127,창원시 마산회원구,48127545,석전동,4812710400,석전동,4812710400102250015,1,대지,225,15,경상남도 창원시 마산회원구 석전동 225-15,481273330007,경상남도 창원시 마산회원구 마산역광장로,2,1,4812710400102250015013486,,경상남도 창원시 마산회원구 마산역광장로 2-1,630808,51302,,,,128.579519819588,35.2350899504248
MA010120220810855811,보성농약종묘사,,G2,소매,G221,기타 상품 소매,G22199,그 외 기타 상품 전문 소매업,G47859,그 외 기타 분류 안된 상품 전문 소매업,48,경상남도,48125,창원시 마산합포구,48125330,진북면,4812533021,진북면,4812533021100410005,1,대지,41,5,경상남도 창원시 마산합포구 진북면 지산리 41-5,481253329058,경상남도 창원시 마산합포구 진북면 학동로,15,38,4812533021100410005042800,,경상남도 창원시 마산합포구 진북면 학동로 15-38,631823,51794,,,,128.471428618857,35.1173515145342
MA010120220810882838,평화당한약품,,G2,소매,G221,기타 상품 소매,G22199,그 외 기타 상품 전문 소매업,G47859,그 외 기타 분류 안된 상품 전문 소매업,48,경상남도,48127,창원시 마산회원구,48127560,양덕1동,4812710500,양덕동,4812710500108320001,1,대지,832,1,경상남도 창원시 마산회원구 양덕동 832-1,481274790253,경상남도 창원시 마산회원구 양덕북9길,3,,4812710500108320001013027,,경상남도 창원시 마산회원구 양덕북9길 3,630810,51361,,,,128.587707881121,35.2358930415828
MA010120220810853859,전통불교사,,G2,소매,G221,기타 상품 소매,G22199,그 외 기타 상품 전문 소매업,G47859,그 외 기타 분류 안된 상품 전문 소매업,48,경상남도,48125,창원시 마산합포구,48125320,진동면,4812532027,진동면,4812532027105040000,1,대지,504,,경상남도 창원시 마산합포구 진동면 교동리 504,481254787017,경상남도 창원시 마산합포구 진동면 교동1길,139,48,4812532027105040000072228,,경상남도 창원시 마산합포구 진동면 교동1길 139-48,631813,51790,,1,,128.500861280049,35.1205325413146
MA010120220810858663,창동퀸,,G2,소매,G221,기타 상품 소매,G22199,그 외 기타 상품 전문 소매업,G47422,의복 액세서리 및 모조 장신구 소매업,48,경상남도,48125,창원시 마산합포구,48125630,오동동,4812515000,창동,4812515000102150002,1,대지,215,2,경상남도 창원시 마산합포구 창동 215-2,481254787157,경상남도 창원시 마산합포구 동서북10길,50,,4812515000102140000029143,,경상남도 창원시 마산합포구 동서북10길 50,631860,51730,,,,128.57444791697,35.2056766250168
MA010120220810861092,불교전시관,,G2,소매,G221,기타 상품 소매,G22199,그 외 기타 상품 전문 소매업,G47859,그 외 기타 분류 안된 상품 전문 소매업,48,경상남도,48125,창원시 마산합포구,48125630,오동동,4812513700,오동동,4812513700103020005,1,대지,302,5,경상남도 창원시 마산합포구 오동동 302-5,481252329003,경상남도 창원시 마산합포구 해안대로,409,,4812513700103020005029685,,경상남도 창원시 마산합포구 해안대로 409,631860,51722,,,,128.583283245102,35.2060390455516
MA010120220810863631,대한상사,,G2,소매,G221,기타 상품 소매,G22199,그 외 기타 상품 전문 소매업,G47859,그 외 기타 분류 안된 상품 전문 소매업,48,경상남도,48121,창원시 의창구,48121310,북면,4812131030,북면,4812131030101450004,1,대지,145,4,경상남도 창원시 의창구 북면 무동리 145-4,481214793678,경상남도 창원시 의창구 북면 무동로226번길,6,17,4812131030100220005000001,,경상남도 창원시 의창구 북면 무동로226번길 6-17,641871,51106,,,,128.584827154131,35.316969089723
MA010120220810856180,성보식품,,G2,소매,G221,기타 상품 소매,G22199,그 외 기타 상품 전문 소매업,G47859,그 외 기타 분류 안된 상품 전문 소매업,48,경상남도,48125,창원시 마산합포구,48125630,오동동,4812510400,남성동,4812510400101920001,1,대지,192,1,경상남도 창원시 마산합포구 남성동 192-1,481253329059,경상남도 창원시 마산합포구 합포로,34,,4812510400101920001033860,,경상남도 창원시 마산합포구 합포로 34,631860,51721,,,,128.575864773745,35.2034231195527
MA010120220810858908,불교전시관,,G2,소매,G221,기타 상품 소매,G22199,그 외 기타 상품 전문 소매업,G47859,그 외 기타 분류 안된 상품 전문 소매업,48,경상남도,48127,창원시 마산회원구,48127570,양덕2동,4812710500,양덕동,4812710500101510028,1,대지,151,28,경상남도 창원시 마산회원구 양덕동 151-28,481273329020,경상남도 창원시 마산회원구 삼호로,36,,4812710500101510028006223,,경상남도 창원시 마산회원구 삼호로 36,630811,51320,,,,128.586788765048,35.2214132740718
MA010120220810863726,청과불교사,,G2,소매,G221,기타 상품 소매,G22199,그 외 기타 상품 전문 소매업,G47859,그 외 기타 분류 안된 상품 전문 소매업,48,경상남도,48127,창원시 마산회원구,48127250,내서읍,4812725025,내서읍,4812725025107500000,1,대지,750,,경상남도 창원시 마산회원구 내서읍 중리 750,481273330021,경상남도 창원시 마산회원구 내서읍 유통단지로,33,,4812725025107500000000163,농산물도매시장,경상남도 창원시 마산회원구 내서읍 유통단지로 33,630857,51216,,2,,128.511354362429,35.255445321567
MA010120220810878224,현대농약종묘사,,G2,소매,G221,기타 상품 소매,G22199,그 외 기타 상품 전문 소매업,G47859,그 외 기타 분류 안된 상품 전문 소매업,48,경상남도,48730,함안군,48730250,가야읍,4873025021,가야읍,4873025021105270002,1,대지,527,2,경상남도 함안군 가야읍 말산리 527-2,487303335004,경상남도 함안군 가야읍 가야로,58,,4873025021105270002023375,,경상남도 함안군 가야읍 가야로 58,637804,52045,,,,128.407565991118,35.2775883638612
MA010120220810880737,진동건재,,G2,소매,G221,기타 상품 소매,G22199,그 외 기타 상품 전문 소매업,G47519,"페인트, 창호 및 기타 건설자재 소매업",48,경상남도,48125,창원시 마산합포구,48125320,진동면,4812532024,진동면,4812532024105270001,1,대지,527,1,경상남도 창원시 마산합포구 진동면 진동리 527-1,481252329002,경상남도 창원시 마산합포구 진동면 삼진의거대로,661,2,4812532024105270001028516,,경상남도 창원시 마산합포구 진동면 삼진의거대로 661-2,631817,51793,,,,128.489623874037,35.1172463979125
MA010120220810856944,유강톱밥,,G2,소매,G221,기타 상품 소매,G22199,그 외 기타 상품 전문 소매업,G47859,그 외 기타 분류 안된 상품 전문 소매업,48,경상남도,48730,함안군,48730340,대산면,4873034022,대산면,4873034022102880001,1,대지,288,1,경상남도 함안군 대산면 대사리 288-1,487303340022,경상남도 함안군 대산면 싸리재로,220,,4873034022102880001014065,,경상남도 함안군 대산면 싸리재로 220,637912,52010,,,,128.471425963464,35.3161584559855
MA010120220810871110,경북인삼,,G2,소매,G221,기타 상품 소매,G22199,그 외 기타 상품 전문 소매업,G47859,그 외 기타 분류 안된 상품 전문 소매업,48,경상남도,48125,창원시 마산합포구,48125630,오동동,4812510400,남성동,4812510400102080002,1,대지,208,2,경상남도 창원시 마산합포구 남성동 208-2,481254787437,경상남도 창원시 마산합포구 어시장7길,81,,4812510400102080002033613,,경상남도 창원시 마산합포구 어시장7길 81,631860,51721,,1,,128.576594860076,35.2031342298497
MA010120220810875818,신반지업사,,G2,소매,G221,기타 상품 소매,G22199,그 외 기타 상품 전문 소매업,G47859,그 외 기타 분류 안된 상품 전문 소매업,48,경상남도,48127,창원시 마산회원구,48127590,합성2동,4812710600,합성동,4812710600103220017,1,대지,322,17,경상남도 창원시 마산회원구 합성동 322-17,481274790357,경상남도 창원시 마산회원구 합성시장길,41,,4812710600103220017041199,,경상남도 창원시 마산회원구 합성시장길 41,630818,51355,,,,128.587273288549,35.2406482323022
MA010120220810878368,까치,,G2,소매,G221,기타 상품 소매,G22199,그 외 기타 상품 전문 소매업,G47859,그 외 기타 분류 안된 상품 전문 소매업,52,전북특별자치도,52190,남원시,52190510,동충동,5219010100,동충동,5219010100101050003,1,대지,105,3,전북특별자치도 남원시 동충동 105-3,521903271024,전북특별자치도 남원시 용성로,73,,4519010100101050003316305,,전북특별자치도 남원시 용성로 73,590986,55761,,,,127.384668318648,35.4092967957984
MA010120220810886474,건풍인삼직매점,,G2,소매,G221,기타 상품 소매,G22199,그 외 기타 상품 전문 소매업,G47859,그 외 기타 분류 안된 상품 전문 소매업,48,경상남도,48125,창원시 마산합포구,48125630,오동동,4812510400,남성동,4812510400101940006,1,대지,194,6,경상남도 창원시 마산합포구 남성동 194-6,481254787436,경상남도 창원시 마산합포구 어시장6길,25,,4812510400101940006033832,,경상남도 창원시 마산합포구 어시장6길 25,631860,51721,,,,128.576237657122,35.203400240269
MA010120220810852009,요술가발미용재료,,G2,소매,G221,기타 상품 소매,G22199,그 외 기타 상품 전문 소매업,G47422,의복 액세서리 및 모조 장신구 소매업,48,경상남도,48125,창원시 마산합포구,48125630,오동동,4812511700,부림동,4812511700100130004,1,대지,13,4,경상남도 창원시 마산합포구 부림동 13-4,481252019003,경상남도 창원시 마산합포구 315대로,358,,4812511700100130004033298,,경상남도 창원시 마산합포구 315대로 358,631859,51730,,,,128.573596846609,35.2065258422271
MA010120220810854530,하라트,,G2,소매,G221,기타 상품 소매,G22199,그 외 기타 상품 전문 소매업,G47859,그 외 기타 분류 안된 상품 전문 소매업,48,경상남도,48740,창녕군,48740400,도천면,4874040024,도천면,4874040024100480003,1,대지,48,3,경상남도 창녕군 도천면 예리 48-3,487404823367,경상남도 창녕군 도천면 서부실길,11,6,4874040024100480003056933,,경상남도 창녕군 도천면 서부실길 11-6,635912,50348,,,,128.544330661553,35.4341829779919
MA010120220810857167,팔팔불교사,,G2,소매,G221,기타 상품 소매,G22199,그 외 기타 상품 전문 소매업,G47859,그 외 기타 분류 안된 상품 전문 소매업,48,경상남도,48125,창원시 마산합포구,48125630,오동동,4812512600,신포동2가,4812512600100210002,1,대지,21,2,경상남도 창원시 마산합포구 신포동2가 21-2,481254787437,경상남도 창원시 마산합포구 어시장7길,39,,4812512600100210002036432,,경상남도 창원시 마산합포구 어시장7길 39,631859,51720,,,,128.574804713263,35.2019769083293
MA010120220810868948,봉수당건재한약방,,G2,소매,G221,기타 상품 소매,G22199,그 외 기타 상품 전문 소매업,G47859,그 외 기타 분류 안된 상품 전문 소매업,48,경상남도,48127,창원시 마산회원구,48127520,회원2동,4812710800,회원동,4812710800110110047,1,대지,1011,47,경상남도 창원시 마산회원구 회원동 1011-47,481274790479,경상남도 창원시 마산회원구 회원북21길,42,,4812710800110110047009249,,경상남도 창원시 마산회원구 회원북21길 42,630824,51291,,,,128.566310468253,35.2204903899722
MA010120220810886569,고려인삼사,,G2,소매,G221,기타 상품 소매,G22199,그 외 기타 상품 전문 소매업,G47859,그 외 기타 분류 안된 상품 전문 소매업,48,경상남도,48125,창원시 마산합포구,48125630,오동동,4812510400,남성동,4812510400101910001,1,대지,191,1,경상남도 창원시 마산합포구 남성동 191-1,481253329059,경상남도 창원시 마산합포구 합포로,32,,4812510400101910001033716,,경상남도 창원시 마산합포구 합포로 32,631860,51721,,,,128.575730433675,35.2032896825451
MA010120220813543739,능인향당,,G2,소매,G221,기타 상품 소매,G22199,그 외 기타 상품 전문 소매업,G47859,그 외 기타 분류 안된 상품 전문 소매업,26,부산광역시,26410,금정구,26410670,남산동,2641010400,남산동,2641010400109920012,1,대지,992,12,부산광역시 금정구 남산동 992-12,264103006032,부산광역시 금정구 금샘로,463,1,2641010400109920012000001,클라우드힐,부산광역시 금정구 금샘로 463-1,609816,46234,,1,,129.084849110173,35.2643585564231
MA010120220813119455,탁송플러스,,G2,소매,G221,기타 상품 소매,G22199,그 외 기타 상품 전문 소매업,N75999,그 외 기타 분류 안된 사업 지원 서비스업,41,경기도,41173,안양시 동안구,41173552,관양동,4117310200,관양동,4117310200113960000,1,대지,1396,,경기도 안양시 동안구 관양동 1396,411733183003,경기도 안양시 동안구 관평로,333,,4117310200113960004003363,현대아파트,경기도 안양시 동안구 관평로 333,431714,13932,,1,,126.95846825789,37.4072593131054
MA010120220813233259,아토즈캠핑인천,청라점,G2,소매,G221,기타 상품 소매,G22199,그 외 기타 상품 전문 소매업,G47631,운동 및 경기용품 소매업,28,인천광역시,28260,서구,28260537,청라2동,2826012200,청라동,2826012200101590001,1,대지,159,1,인천광역시 서구 청라동 159-1,282603156127,인천광역시 서구 청라커낼로,252,,2826010400109580001000001,청라롯데캐슬,인천광역시 서구 청라커낼로 252,,22762,,1,,126.647787782034,37.5302609758867
MA010120220813426407,한국예술문화평가원,,G2,소매,G221,기타 상품 소매,G22199,그 외 기타 상품 전문 소매업,G47859,그 외 기타 분류 안된 상품 전문 소매업,11,서울특별시,11710,송파구,11710600,석촌동,1171010500,석촌동,1171010500101580005,1,대지,158,5,서울특별시 송파구 석촌동 158-5,117103123009,서울특별시 송파구 석촌호수로,230,,1171010500101580005000001,미켈란호수가,서울특별시 송파구 석촌호수로 230,138844,05610,,1,,127.102265808567,37.5074690056072
MA010120220811289219,암셋,코리아,G2,소매,G221,기타 상품 소매,G22199,그 외 기타 상품 전문 소매업,G47859,그 외 기타 분류 안된 상품 전문 소매업,11,서울특별시,11170,용산구,11170690,서빙고동,1117013400,주성동,1117013400100010018,1,대지,1,18,서울특별시 용산구 주성동 1-18,111704106166,서울특별시 용산구 서빙고로91나길,46,,1117013400100010018003615,명칭없음,서울특별시 용산구 서빙고로91나길 46,140240,04395,,1,,126.997918496795,37.5235601321323
MA010120220812526996,고흥인삼,,G2,소매,G221,기타 상품 소매,G22199,그 외 기타 상품 전문 소매업,G47859,그 외 기타 분류 안된 상품 전문 소매업,26,부산광역시,26230,부산진구,26230510,부전1동,2623010300,부전동,2623010300105730003,1,대지,573,3,부산광역시 부산진구 부전동 573-3,262304187696,부산광역시 부산진구 중앙대로783번길,23,,2623010300105730021011896,부전시장,부산광역시 부산진구 중앙대로783번길 23,614848,47251,,2,,129.06102082303,35.1633059594121
MA010120220812252449,김해인삼,,G2,소매,G221,기타 상품 소매,G22199,그 외 기타 상품 전문 소매업,G47859,그 외 기타 분류 안된 상품 전문 소매업,26,부산광역시,26230,부산진구,26230510,부전1동,2623010300,부전동,2623010300105730003,1,대지,573,3,부산광역시 부산진구 부전동 573-3,262304187696,부산광역시 부산진구 중앙대로783번길,23,,2623010300105730021011896,부전시장,부산광역시 부산진구 중앙대로783번길 23,614848,47251,,2,,129.06102082303,35.1633059594121
MA010120220811461602,유한책임회사하이모지점,해운대,G2,소매,G221,기타 상품 소매,G22199,그 외 기타 상품 전문 소매업,G47422,의복 액세서리 및 모조 장신구 소매업,26,부산광역시,26350,해운대구,26350520,우2동,2635010500,우동,2635010500115070000,1,대지,1507,,부산광역시 해운대구 우동 1507,263503133013,부산광역시 해운대구 센텀3로,32,,2635010500115070000000001,트럼프월드센텀2차,부산광역시 해운대구 센텀3로 32,612889,48060,,2,,129.133750447269,35.1665159682111
MA010120220813464037,지건테크,,G2,소매,G221,기타 상품 소매,G22199,그 외 기타 상품 전문 소매업,G47859,그 외 기타 분류 안된 상품 전문 소매업,30,대전광역시,30170,서구,30170535,정림동,3017010400,정림동,3017010400102900001,1,대지,290,1,대전광역시 서구 정림동 290-1,301703166050,대전광역시 서구 정림서로,114,,3017010400102900001017650,삼정하이츠,대전광역시 서구 정림서로 114,302778,35398,,1,,127.363757467681,36.2978679006039
MA010120220811312727,한아름정보,,G2,소매,G221,기타 상품 소매,G22199,그 외 기타 상품 전문 소매업,G47859,그 외 기타 분류 안된 상품 전문 소매업,50,제주특별자치도,50110,제주시,50110630,아라동,5011011700,아라일동,5011011700160750002,1,대지,6075,2,제주특별자치도 제주시 아라일동 6075-2,501104848191,제주특별자치도 제주시 아란12길,8,,5011011700117450000049022,아라미화아파트,제주특별자치도 제주시 아란12길 8,690121,63238,,3,,126.544671247452,33.4701456946217
MA010120220811326282,웰컴제이,,G2,소매,G221,기타 상품 소매,G22199,그 외 기타 상품 전문 소매업,G47859,그 외 기타 분류 안된 상품 전문 소매업,50,제주특별자치도,50110,제주시,50110530,이도1동,5011010300,이도일동,5011010300115480002,1,대지,1548,2,제주특별자치도 제주시 이도일동 1548-2,501104847837,제주특별자치도 제주시 삼성로1길,56,,5011010300115480002029703,신한라주택,제주특별자치도 제주시 삼성로1길 56,690829,63193,,1,,126.525392426983,33.5097435023005
MA010120220811330213,서귀포종합설비,,G2,소매,G221,기타 상품 소매,G22199,그 외 기타 상품 전문 소매업,G47859,그 외 기타 분류 안된 상품 전문 소매업,50,제주특별자치도,50130,서귀포시,50130580,서홍동,5013010600,서홍동,5013010600103610008,1,대지,361,8,제주특별자치도 서귀포시 서홍동 361-8,501303350246,제주특별자치도 서귀포시 장수로,104,1,5013010600103610008037643,신아정주택,제주특별자치도 서귀포시 장수로 104-1,697851,63584,,3,,126.556805384975,33.2562187368265
MA010120220811721167,거창인삼,,G2,소매,G221,기타 상품 소매,G22199,그 외 기타 상품 전문 소매업,G47859,그 외 기타 분류 안된 상품 전문 소매업,26,부산광역시,26230,부산진구,26230510,부전1동,2623010300,부전동,2623010300105730003,1,대지,573,3,부산광역시 부산진구 부전동 573-3,262304187696,부산광역시 부산진구 중앙대로783번길,23,,2623010300105730021011896,부전시장,부산광역시 부산진구 중앙대로783번길 23,614848,47251,,2,,129.06102082303,35.1633059594121
MA010120220812766887,진영태산양산삼,,G2,소매,G221,기타 상품 소매,G22199,그 외 기타 상품 전문 소매업,G47859,그 외 기타 분류 안된 상품 전문 소매업,27,대구광역시,27140,동구,27140655,동촌동,2714010900,입석동,2714010900109320005,1,대지,932,5,대구광역시 동구 입석동 932-5,271404226101,대구광역시 동구 동촌로6길,3,,2714010900109320005007207,동촌화성타운,대구광역시 동구 동촌로6길 3,701866,41154,,2,,128.645875877844,35.8897316634281
MA010120220811351979,김해풍선in제주,,G2,소매,G221,기타 상품 소매,G22199,그 외 기타 상품 전문 소매업,G47859,그 외 기타 분류 안된 상품 전문 소매업,50,제주특별자치도,50110,제주시,50110540,이도2동,5011010400,이도이동,5011010400111650006,1,대지,1165,6,제주특별자치도 제주시 이도이동 1165-6,501104847213,제주특별자치도 제주시 광양9길,51,,5011010400111650006063432,이도신대홍빌라,제주특별자치도 제주시 광양9길 51,690827,63213,,1,,126.534583259667,33.501799283413
MA010120220812338506,동광당한약방,,G2,소매,G221,기타 상품 소매,G22199,그 외 기타 상품 전문 소매업,G47811,의약품 및 의료용품 소매업,26,부산광역시,26290,남구,26290510,대연1동,2629010600,대연동,2629010600112160050,1,대지,1216,50,부산광역시 남구 대연동 1216-50,262904193440,부산광역시 남구 천제등로16번길,3,,2629010600112160050004624,만호그랜드타워,부산광역시 남구 천제등로16번길 3,608816,48460,,1,,129.087043644407,35.1329688470934
MA010120220812837780,수민물산,,G2,소매,G221,기타 상품 소매,G22199,그 외 기타 상품 전문 소매업,G47859,그 외 기타 분류 안된 상품 전문 소매업,48,경상남도,48250,김해시,48250250,진영읍,4825025027,진영읍,4825025027109810000,1,대지,981,,경상남도 김해시 진영읍 여래리 981,482502335001,경상남도 김해시 진영읍 김해대로,462,,4825025027109810000000001,진영휴먼시아1단지,경상남도 김해시 진영읍 김해대로 462,621805,50864,,2,,128.738441776358,35.3056023259127
MA010120220812629904,영덕인삼,,G2,소매,G221,기타 상품 소매,G22199,그 외 기타 상품 전문 소매업,G47859,그 외 기타 분류 안된 상품 전문 소매업,26,부산광역시,26230,부산진구,26230510,부전1동,2623010300,부전동,2623010300105730003,1,대지,573,3,부산광역시 부산진구 부전동 573-3,262304187696,부산광역시 부산진구 중앙대로783번길,23,,2623010300105730021011896,부전시장,부산광역시 부산진구 중앙대로783번길 23,614848,47251,,2,,129.06102082303,35.1633059594121
MA010120220812790226,서해산업안전,,G2,소매,G221,기타 상품 소매,G22199,그 외 기타 상품 전문 소매업,G47859,그 외 기타 분류 안된 상품 전문 소매업,28,인천광역시,28185,연수구,28185795,동춘3동,2818510500,동춘동,2818510500109230000,1,대지,923,,인천광역시 연수구 동춘동 923,281852008006,인천광역시 연수구 청능대로,124,,2818510500109230000007532,동아아파트,인천광역시 연수구 청능대로 124,406775,21967,,1,,126.677064935173,37.4098800344064
MA010120220812101933,정원유통,,G2,소매,G221,기타 상품 소매,G22199,그 외 기타 상품 전문 소매업,G47859,그 외 기타 분류 안된 상품 전문 소매업,44,충청남도,44710,금산군,44710250,금산읍,4471025029,금산읍,4471025029102640000,1,대지,264,,충청남도 금산군 금산읍 음지리 264,447104858542,충청남도 금산군 금산읍 장동2길,36,,4471025029102640000000001,,충청남도 금산군 금산읍 장동2길 36,312805,32744,,,,127.464944142308,36.098551433309
MA010120220812096850,경북건재식품,,G2,소매,G221,기타 상품 소매,G22199,그 외 기타 상품 전문 소매업,G47859,그 외 기타 분류 안된 상품 전문 소매업,26,부산광역시,26170,동구,26170660,범일2동,2617010400,범일동,2617010400108300024,1,대지,830,24,부산광역시 동구 범일동 830-24,261703127033,부산광역시 동구 조방로,48,,2617010400108300024020038,자유시장,부산광역시 동구 조방로 48,601703,48739,,1,,129.061038763407,35.1409658316461
MA010120220812117575,고향농약사,,G2,소매,G221,기타 상품 소매,G22199,그 외 기타 상품 전문 소매업,G47859,그 외 기타 분류 안된 상품 전문 소매업,46,전라남도,46770,고흥군,46770350,포두면,4677035026,포두면,4677035026100870006,1,대지,87,6,전라남도 고흥군 포두면 상대리 87-6,467703289023,전라남도 고흥군 포두면 우주로,610,,4677035026100850003016490,,전라남도 고흥군 포두면 우주로 610,548881,59524,,,,127.34093252457,34.5702890024059
MA010120220812089176,홉이든,,G2,소매,G221,기타 상품 소매,G22199,그 외 기타 상품 전문 소매업,G47859,그 외 기타 분류 안된 상품 전문 소매업,47,경상북도,47730,의성군,47730420,단북면,4773042031,단북면,4773042031106240000,1,대지,624,,경상북도 의성군 단북면 연제리 624,477304745342,경상북도 의성군 단북면 연제2길,60,,4773042031106230000039223,,경상북도 의성군 단북면 연제2길 60,769951,37371,,,,128.402905510907,36.4068377760986
MA010120220812091833,호야농자재,,G2,소매,G221,기타 상품 소매,G22199,그 외 기타 상품 전문 소매업,G47859,그 외 기타 분류 안된 상품 전문 소매업,41,경기도,41360,남양주시,41360259,진건읍,4136025923,진건읍,4136025923102860002,1,대지,286,2,경기도 남양주시 진건읍 진관리 286-2,413603197052,경기도 남양주시 진건읍 진관로,336,35,4136025923102860002005105,,경기도 남양주시 진건읍 진관로 336-35,472831,12139,,,,127.166895711646,37.6411929468733
MA010120220812111033,동경꽃플라워,,G2,소매,G221,기타 상품 소매,G22199,그 외 기타 상품 전문 소매업,G47859,그 외 기타 분류 안된 상품 전문 소매업,47,경상북도,47190,구미시,47190690,양포동,4719012800,옥계동,4719012800110380000,1,대지,1038,,경상북도 구미시 옥계동 1038,471904854648,경상북도 구미시 옥계신당로1길,3,,4719012800110380000000001,,경상북도 구미시 옥계신당로1길 3,730380,39181,,,,128.419986026953,36.1452513458713
MA010120220812120643,까치메,,G2,소매,G221,기타 상품 소매,G22199,그 외 기타 상품 전문 소매업,G47859,그 외 기타 분류 안된 상품 전문 소매업,28,인천광역시,28710,강화군,28710400,교동면,2871040021,교동면,2871040021104580002,1,대지,458,2,인천광역시 강화군 교동면 대룡리 458-2,287104271259,인천광역시 강화군 교동면 대룡안길54번길,37,2,2871040021104580010046991,,인천광역시 강화군 교동면 대룡안길54번길 37-2,417922,23002,,,,126.280117985951,37.7821684593932
MA010120220812108398,금산수삼센터수매장32호,,G2,소매,G221,기타 상품 소매,G22199,그 외 기타 상품 전문 소매업,G47859,그 외 기타 분류 안된 상품 전문 소매업,44,충청남도,44710,금산군,44710250,금산읍,4471025022,금산읍,4471025022100240000,1,대지,24,,충청남도 금산군 금산읍 중도리 24,447103257044,충청남도 금산군 금산읍 인삼약초로,24,,4471025022100240000017736,수매장금산인삼수삼센터,충청남도 금산군 금산읍 인삼약초로 24,312806,32739,,,,127.496457788994,36.1001012577521
MA010120220812123725,아봉피싱용품,,G2,소매,G221,기타 상품 소매,G22199,그 외 기타 상품 전문 소매업,G47859,그 외 기타 분류 안된 상품 전문 소매업,41,경기도,41590,화성시,41590259,향남읍,4159025924,향남읍,4159025924112880002,1,대지,1288,2,경기도 화성시 향남읍 상신리 1288-2,415904848199,경기도 화성시 향남읍 상신하길로135번길,9,19,4159025924201050003000003,,경기도 화성시 향남읍 상신하길로135번길 9-19,445937,18617,,,,126.897793585263,37.1053369994811
MA010120220812114205,광교농산,,G2,소매,G221,기타 상품 소매,G22199,그 외 기타 상품 전문 소매업,G47859,그 외 기타 분류 안된 상품 전문 소매업,41,경기도,41111,수원시 장안구,41111600,연무동,4111113800,상광교동,4111113800101000000,1,대지,100,,경기도 수원시 장안구 상광교동 100,411113174001,경기도 수원시 장안구 광교산로,541,,4111113800101000000042432,,경기도 수원시 장안구 광교산로 541,440807,16211,,,,127.014770054606,37.3302189366154
MA010120220812111756,늘푸른팜한농,,G2,소매,G221,기타 상품 소매,G22199,그 외 기타 상품 전문 소매업,G47859,그 외 기타 분류 안된 상품 전문 소매업,52,전북특별자치도,52710,완주군,52710250,삼례읍,5271025022,삼례읍,5271025022100430011,1,대지,43,11,전북특별자치도 완주군 삼례읍 후정리 43-11,527103273081,전북특별자치도 완주군 삼례읍 후정로,46,31,4571025022100430011004171,,전북특별자치도 완주군 삼례읍 후정로 46-31,565805,55337,,,,127.067279057348,35.9101756754889
MA010120220812122047,광진유통,,G2,소매,G221,기타 상품 소매,G22199,그 외 기타 상품 전문 소매업,G47859,그 외 기타 분류 안된 상품 전문 소매업,44,충청남도,44800,홍성군,44800320,금마면,4480032031,금마면,4480032031101150018,1,대지,115,18,충청남도 홍성군 금마면 죽림리 115-18,448003252053,충청남도 홍성군 금마면 충서로,2067,,4480032031101150018052949,,충청남도 홍성군 금마면 충서로 2067,350824,32280,,,,126.713062586569,36.6210440460563
MA010120220812093078,종진,,G2,소매,G221,기타 상품 소매,G22199,그 외 기타 상품 전문 소매업,G47859,그 외 기타 분류 안된 상품 전문 소매업,48,경상남도,48840,남해군,48840360,서면,4884036026,서면,4884036026107450001,1,대지,745,1,경상남도 남해군 서면 남상리 745-1,488404829087,경상남도 남해군 서면 남서대로2255번길,8,3,4884036026107450001049526,,경상남도 남해군 서면 남서대로2255번길 8-3,668871,52409,,,,127.817230890012,34.8525274473847
MA010120220812090637,레드창고,,G2,소매,G221,기타 상품 소매,G22199,그 외 기타 상품 전문 소매업,G47859,그 외 기타 분류 안된 상품 전문 소매업,41,경기도,41310,구리시,41310570,수택1동,4131010500,수택동,4131010500103700008,1,대지,370,8,경기도 구리시 수택동 370-8,413104388173,경기도 구리시 체육관로172번길,37,,4131010500103700008003737,,경기도 구리시 체육관로172번길 37,471815,11927,,,,127.138232840574,37.599901737958
MA010120220812093422,월하종합유통,,G2,소매,G221,기타 상품 소매,G22199,그 외 기타 상품 전문 소매업,G47859,그 외 기타 분류 안된 상품 전문 소매업,31,울산광역시,31110,중구,31110510,학성동,3111010100,학성동,3111010100104320294,1,대지,432,294,울산광역시 중구 학성동 432-294,311104307254,울산광역시 중구 새벽시장2길,50,,3111010100104320294017178,,울산광역시 중구 새벽시장2길 50,681822,44521,,,,129.330501520144,35.5560579715276
MA010120220812091202,맥과이어,,G2,소매,G221,기타 상품 소매,G22199,그 외 기타 상품 전문 소매업,G47859,그 외 기타 분류 안된 상품 전문 소매업,11,서울특별시,11470,양천구,11470600,신월5동,1147010300,신월동,1147010300100290010,1,대지,29,10,서울특별시 양천구 신월동 29-10,114704142029,서울특별시 양천구 남부순환로29길,5,,1147010300100290010022125,,서울특별시 양천구 남부순환로29길 5,158822,07900,,1,,126.826416555267,37.5400380251429
MA010120220812134547,생령한초원,,G2,소매,G221,기타 상품 소매,G22199,그 외 기타 상품 전문 소매업,G47859,그 외 기타 분류 안된 상품 전문 소매업,11,서울특별시,11230,동대문구,11230545,제기동,1123010300,제기동,1123010300110540001,1,대지,1054,1,서울특별시 동대문구 제기동 1054-1,112303005030,서울특별시 동대문구 고산자로,441,,1123010300110540001031825,세명빌딩,서울특별시 동대문구 고산자로 441,130864,02570,,,,127.038004237858,37.5789564174873
MA010120220812161948,벌룬플랜,,G2,소매,G221,기타 상품 소매,G22199,그 외 기타 상품 전문 소매업,G47859,그 외 기타 분류 안된 상품 전문 소매업,29,광주광역시,29140,서구,29140770,화정2동,2914011900,화정동,2914011900115260000,1,대지,1526,,광주광역시 서구 화정동 1526,291404009006,광주광역시 서구 군분로147번길,12,,2914011900115260000000001,,광주광역시 서구 군분로147번길 12,502846,62047,,2,,126.886521013908,35.1448706236886
MA010120220812164704,레인보우마켓,,G2,소매,G221,기타 상품 소매,G22199,그 외 기타 상품 전문 소매업,G47859,그 외 기타 분류 안된 상품 전문 소매업,43,충청북도,43114,청주시 청원구,43114540,율량.사천동,4311410300,율량동,4311410300120240000,1,대지,2024,,충청북도 청주시 청원구 율량동 2024,431144844107,충청북도 청주시 청원구 율량로202번길,80,,4311410300120240000000002,,충청북도 청주시 청원구 율량로202번길 80,363210,28320,,,,127.494280033569,36.6651954092138
MA010120220812168589,경기화학,,G2,소매,G221,기타 상품 소매,G22199,그 외 기타 상품 전문 소매업,G47859,그 외 기타 분류 안된 상품 전문 소매업,47,경상북도,47920,봉화군,47920320,봉성면,4792032026,봉성면,4792032026107200003,1,대지,720,3,경상북도 봉화군 봉성면 금봉리 720-3,479203324012,경상북도 봉화군 봉성면 봉명로,92,4,4792032026107200003007221,,경상북도 봉화군 봉성면 봉명로 92-4,755851,36225,,,,128.778750849098,36.9008992347096
MA010120220812164845,의령건재한약품,,G2,소매,G221,기타 상품 소매,G22199,그 외 기타 상품 전문 소매업,G47859,그 외 기타 분류 안된 상품 전문 소매업,26,부산광역시,26320,북구,26320510,구포1동,2632010500,구포동,2632010500105880001,1,대지,588,1,부산광역시 북구 구포동 588-1,263204196331,부산광역시 북구 약초골목길,10,,2632010500105880001013109,,부산광역시 북구 약초골목길 10,616801,46580,,,,129.003158431155,35.2090199711601
MA010120220812154098,백야기업,,G2,소매,G221,기타 상품 소매,G22199,그 외 기타 상품 전문 소매업,G47859,그 외 기타 분류 안된 상품 전문 소매업,52,전북특별자치도,52180,정읍시,52180380,정우면,5218038021,정우면,5218038021102830003,1,대지,283,3,전북특별자치도 정읍시 정우면 우일리 283-3,521804610231,전북특별자치도 정읍시 정우면 도찬길,28,,4518038021102830003000001,,전북특별자치도 정읍시 정우면 도찬길 28,580822,56143,,1,,126.865806854296,35.6142600505783
MA010120220812162564,머쉬웰,,G2,소매,G221,기타 상품 소매,G22199,그 외 기타 상품 전문 소매업,G47859,그 외 기타 분류 안된 상품 전문 소매업,51,강원특별자치도,51130,원주시,51130370,흥업면,5113037021,흥업면,5113037021107980007,1,대지,798,7,강원특별자치도 원주시 흥업면 흥업리 798-7,511303219073,강원특별자치도 원주시 흥업면 북원로,1821,,4213037021107980007035946,,강원특별자치도 원주시 흥업면 북원로 1821,220844,26403,,,,127.915968154258,37.3114834109077
MA010120220812154321,동남중고기계,,G2,소매,G221,기타 상품 소매,G22199,그 외 기타 상품 전문 소매업,G47859,그 외 기타 분류 안된 상품 전문 소매업,41,경기도,41390,시흥시,41390621,과림동,4139013400,무지내동,4139013400102110001,1,대지,211,1,경기도 시흥시 무지내동 211-1,413904397097,경기도 시흥시 금오로152번길,13,12,4139013400102110001002187,,경기도 시흥시 금오로152번길 13-12,429120,14933,,,,126.841928316959,37.4171081877658
MA010120220812146160,신우내장건설,,G2,소매,G221,기타 상품 소매,G22199,그 외 기타 상품 전문 소매업,G47859,그 외 기타 분류 안된 상품 전문 소매업,30,대전광역시,30140,중구,30140690,태평2동,3014011400,태평동,3014011400103770005,1,대지,377,5,대전광역시 중구 태평동 377-5,301403165041,대전광역시 중구 태평로,107,,3014011400103770005000923,,대전광역시 중구 태평로 107,301845,34880,,1,,127.39483909038,36.3263006665768
MA010120220812165474,케이에스코포레이션지점,,G2,소매,G221,기타 상품 소매,G22199,그 외 기타 상품 전문 소매업,G47859,그 외 기타 분류 안된 상품 전문 소매업,41,경기도,41461,용인시 처인구,41461510,중앙동,4146110100,김량장동,4146110100101400006,1,대지,140,6,경기도 용인시 처인구 김량장동 140-6,414612012009,경기도 용인시 처인구 백옥대로,1133,,4146110100101400006011129,,경기도 용인시 처인구 백옥대로 1133,449924,17052,,1,,127.208429620656,37.236751853032
MA010120220812135613,김영천식물클리닉,,G2,소매,G221,기타 상품 소매,G22199,그 외 기타 상품 전문 소매업,G47859,그 외 기타 분류 안된 상품 전문 소매업,46,전라남도,46720,곡성군,46720250,곡성읍,4672025021,곡성읍,4672025021101260014,1,대지,126,14,전라남도 곡성군 곡성읍 읍내리 126-14,467203287006,전라남도 곡성군 곡성읍 낙동원로,11,,4672025021101260014000222,,전라남도 곡성군 곡성읍 낙동원로 11,516804,57534,,,,127.301132003667,35.2825549004386
MA010120220812143969,블랑,,G2,소매,G221,기타 상품 소매,G22199,그 외 기타 상품 전문 소매업,G47859,그 외 기타 분류 안된 상품 전문 소매업,27,대구광역시,27260,수성구,27260640,두산동,2726011100,두산동,2726011100100880000,1,대지,88,,대구광역시 수성구 두산동 88,272604238401,대구광역시 수성구 청수로24길,41,,2726011100100880000015147,,대구광역시 수성구 청수로24길 41,706800,42170,,,,128.621342987055,35.8379254607854
MA010120220812163122,근원지,,G2,소매,G221,기타 상품 소매,G22199,그 외 기타 상품 전문 소매업,G47859,그 외 기타 분류 안된 상품 전문 소매업,11,서울특별시,11170,용산구,11170685,한남동,1117013100,한남동,1117013100107580031,1,대지,758,31,서울특별시 용산구 한남동 758-31,111704106215,서울특별시 용산구 우사단로10길,91,,1117013100107580031005683,,서울특별시 용산구 우사단로10길 91,140911,04408,,1,,127.000497807285,37.5320656071017
MA010120220812144162,모둠삼방,종로점,G2,소매,G221,기타 상품 소매,G22199,그 외 기타 상품 전문 소매업,G47859,그 외 기타 분류 안된 상품 전문 소매업,11,서울특별시,11110,종로구,11110615,종로1.2.3.4가동,1111012900,견지동,1111012900100950002,1,대지,95,2,서울특별시 종로구 견지동 95-2,111104100258,서울특별시 종로구 인사동9길,39,,1111012900100950002013627,,서울특별시 종로구 인사동9길 39,110170,03149,,1,,126.983201161696,37.5728706169194
MA010120220812149487,굿모닝,,G2,소매,G221,기타 상품 소매,G22199,그 외 기타 상품 전문 소매업,G47859,그 외 기타 분류 안된 상품 전문 소매업,41,경기도,41630,양주시,41630340,장흥면,4163034023,장흥면,4163034023105350011,1,대지,535,11,경기도 양주시 장흥면 부곡리 535-11,416303000136,경기도 양주시 장흥면 호국로,595,1,4163034023105350011048228,,경기도 양주시 장흥면 호국로 595-1,482812,11521,,,,126.979946906517,37.7195052130183
MA010120220812146697,금산상회,,G2,소매,G221,기타 상품 소매,G22199,그 외 기타 상품 전문 소매업,G47859,그 외 기타 분류 안된 상품 전문 소매업,50,제주특별자치도,50110,제주시,50110690,도두동,5011012700,도두일동,5011012700112120000,1,대지,1212,,제주특별자치도 제주시 도두일동 1212,501104848347,제주특별자치도 제주시 오일장서길,26,,5011012700112070001000001,제주민속오일시장,제주특별자치도 제주시 오일장서길 26,690241,63116,,,,126.474894018211,33.4972420771405
MA010120220812157765,종일식물보건소,,G2,소매,G221,기타 상품 소매,G22199,그 외 기타 상품 전문 소매업,G47859,그 외 기타 분류 안된 상품 전문 소매업,43,충청북도,43114,청주시 청원구,43114250,내수읍,4311425032,내수읍,4311425032101250000,1,대지,125,,충청북도 청주시 청원구 내수읍 비중리 125,431144520310,충청북도 청주시 청원구 내수읍 비중길,40,,4371025032001250000051768,,충청북도 청주시 청원구 내수읍 비중길 40,363935,28147,,,,127.57962822714,36.7132906770788
MA010120220812163574,몽탄농약사,,G2,소매,G221,기타 상품 소매,G22199,그 외 기타 상품 전문 소매업,G47859,그 외 기타 분류 안된 상품 전문 소매업,46,전라남도,46840,무안군,46840320,몽탄면,4684032031,몽탄면,4684032031106930000,1,대지,693,,전라남도 무안군 몽탄면 구산리 693,468403017043,전라남도 무안군 몽탄면 몽탄로,838,,4684032031106930000020470,,전라남도 무안군 몽탄면 몽탄로 838,534811,58546,,,,126.503389322672,34.9326349347883
MA010120220812131294,함양왕겨,,G2,소매,G221,기타 상품 소매,G22199,그 외 기타 상품 전문 소매업,G47859,그 외 기타 분류 안된 상품 전문 소매업,48,경상남도,48870,함양군,48870330,유림면,4887033029,유림면,4887033029110030000,1,대지,1003,,경상남도 함양군 유림면 옥매리 1003,488704838422,경상남도 함양군 유림면 차의길,18,1,4887033029110030000005327,,경상남도 함양군 유림면 차의길 18-1,676892,50050,,,,127.763517517972,35.5164798577643
MA010120220812131438,이강웍스,,G2,소매,G221,기타 상품 소매,G22199,그 외 기타 상품 전문 소매업,G47859,그 외 기타 분류 안된 상품 전문 소매업,31,울산광역시,31140,남구,31140570,삼산동,3114010600,삼산동,3114010600101890004,1,대지,189,4,울산광역시 남구 삼산동 189-4,311403170015,울산광역시 남구 돋질로,384,,3114010600101890004000001,삼정빌딩,울산광역시 남구 돋질로 384,680813,44712,,,,129.346821662754,35.5432346140508
MA010120220812131463,더불어상회,,G2,소매,G221,기타 상품 소매,G22199,그 외 기타 상품 전문 소매업,G47859,그 외 기타 분류 안된 상품 전문 소매업,52,전북특별자치도,52770,순창군,52770320,동계면,5277032027,동계면,5277032027106100000,1,대지,610,,전북특별자치도 순창군 동계면 신흥리 610,527703276058,전북특별자치도 순창군 동계면 충효로,576,20,4577032027106100000000001,,전북특별자치도 순창군 동계면 충효로 576-20,595823,56027,,,,127.252089089515,35.4538107559927
MA010120220812193278,서울프라자,,G2,소매,G221,기타 상품 소매,G22199,그 외 기타 상품 전문 소매업,G47859,그 외 기타 분류 안된 상품 전문 소매업,11,서울특별시,11650,서초구,11650540,잠원동,1165010600,잠원동,1165010600100390010,1,대지,39,10,서울특별시 서초구 잠원동 39-10,116504163460,서울특별시 서초구 신반포로47길,9,6,1165010600100390010019825,타운프라자,서울특별시 서초구 신반포로47길 9-6,137905,06531,,,,127.019329919147,37.5112598715697
MA010120220812209301,우일케미칼,,G2,소매,G221,기타 상품 소매,G22199,그 외 기타 상품 전문 소매업,G47859,그 외 기타 분류 안된 상품 전문 소매업,47,경상북도,47830,고령군,47830350,개진면,4783035035,개진면,4783035035107880000,1,대지,788,,경상북도 고령군 개진면 직리 788,478303320001,경상북도 고령군 개진면 개경포로,171,,4783035035107880000000001,,경상북도 고령군 개진면 개경포로 171,717841,40146,,,,128.309829632051,35.72232641311
MA010120220812169568,레드컨테이너,,G2,소매,G221,기타 상품 소매,G22199,그 외 기타 상품 전문 소매업,G47859,그 외 기타 분류 안된 상품 전문 소매업,11,서울특별시,11170,용산구,11170650,이태원1동,1117013000,이태원동,1117013000101190020,1,대지,119,20,서울특별시 용산구 이태원동 119-20,111703102009,서울특별시 용산구 이태원로,165,1,1117013000101190020009602,,서울특별시 용산구 이태원로 165-1,140863,04350,,2,,126.992351604935,37.5346602434257
MA010120220812193613,로얄사주갤러리,,G2,소매,G221,기타 상품 소매,G22199,그 외 기타 상품 전문 소매업,G47859,그 외 기타 분류 안된 상품 전문 소매업,50,제주특별자치도,50110,제주시,50110650,연동,5011013700,연동,5011013700102720033,1,대지,272,33,제주특별자치도 제주시 연동 272-33,501104848086,제주특별자치도 제주시 신대로12길,51,,5011013700102720033009223,및오피스텔,제주특별자치도 제주시 신대로12길 51,690720,63124,,1,,126.491107960475,33.4885733076431
MA010120220812209464,샵,데일리,G2,소매,G221,기타 상품 소매,G22199,그 외 기타 상품 전문 소매업,G47859,그 외 기타 분류 안된 상품 전문 소매업,11,서울특별시,11440,마포구,11440660,서교동,1144012000,서교동,1144012000103650010,1,대지,365,10,서울특별시 마포구 서교동 365-10,114404139617,서울특별시 마포구 홍익로3길,25,,1144012000103650010010334,,서울특별시 마포구 홍익로3길 25,121893,04039,,,,126.921844770723,37.553258282748
MA010120220812180172,우헌소방,,G2,소매,G221,기타 상품 소매,G22199,그 외 기타 상품 전문 소매업,G47859,그 외 기타 분류 안된 상품 전문 소매업,43,충청북도,43130,충주시,43130630,연수동,4313011800,연수동,4313011800200090017,2,산,9,17,충청북도 충주시 연수동 산9-17,431304515582,충청북도 충주시 연수양지말길,33,1,4313011800200090017000001,,충청북도 충주시 연수양지말길 33-1,380100,27330,,,,127.94134906428,36.9955377476513
MA010120220812199122,에스제이소방,,G2,소매,G221,기타 상품 소매,G22199,그 외 기타 상품 전문 소매업,G47859,그 외 기타 분류 안된 상품 전문 소매업,41,경기도,41590,화성시,41590600,동탄6동,4159012900,오산동,4159012900109690006,1,대지,969,6,경기도 화성시 오산동 969-6,415903350552,경기도 화성시 동탄오산로,86,7,4159012900109690006000001,,경기도 화성시 동탄오산로 86-7,445150,18478,,,,127.097769147989,37.1978164217484
MA010120220812196557,미래유통전주,효자점,G2,소매,G221,기타 상품 소매,G22199,그 외 기타 상품 전문 소매업,G47859,그 외 기타 분류 안된 상품 전문 소매업,52,전북특별자치도,52111,전주시 완산구,52111730,효자5동,5211114100,효자동2가,5211114100111550003,1,대지,1155,3,전북특별자치도 전주시 완산구 효자동2가 1155-3,521113266081,전북특별자치도 전주시 완산구 홍산남로,52,,4511114100111550003000001,세전빌딩,전북특별자치도 전주시 완산구 홍산남로 52,560800,54969,,,,127.107487635682,35.8155598172724
MA010120220812210220,돼지유통,,G2,소매,G221,기타 상품 소매,G22199,그 외 기타 상품 전문 소매업,G47859,그 외 기타 분류 안된 상품 전문 소매업,11,서울특별시,11650,서초구,11650531,서초4동,1165010800,서초동,1165010800113020052,1,대지,1302,52,서울특별시 서초구 서초동 1302-52,116502121001,서울특별시 서초구 사평대로,362,,1165010800113020052019846,제,서울특별시 서초구 사평대로 362,137855,06609,,,,127.022664256498,37.5036277667689
MA010120220812191389,창원수족관여백,,G2,소매,G221,기타 상품 소매,G22199,그 외 기타 상품 전문 소매업,G47859,그 외 기타 분류 안된 상품 전문 소매업,48,경상남도,48121,창원시 의창구,48121540,봉림동,4812112500,사림동,4812112500100650015,1,대지,65,15,경상남도 창원시 의창구 사림동 65-15,481213327024,경상남도 창원시 의창구 사림로,115,,4812112500100650015011284,반,경상남도 창원시 의창구 사림로 115,641824,51152,,,,128.684573608151,35.2446319019995
MA010120220812194186,그 외 기타 상품 전문 소매업,,G2,소매,G221,기타 상품 소매,G22199,그 외 기타 상품 전문 소매업,G47859,그 외 기타 분류 안된 상품 전문 소매업,27,대구광역시,27260,수성구,27260602,황금2동,2726010700,황금동,2726010700107480012,1,대지,748,12,대구광역시 수성구 황금동 748-12,272604238165,대구광역시 수성구 들안로40길,16,,2726010700107480012017559,,대구광역시 수성구 들안로40길 16,706852,42143,,,,128.617887613266,35.8481549614011
MA010120220812202026,선두팜,,G2,소매,G221,기타 상품 소매,G22199,그 외 기타 상품 전문 소매업,G47859,그 외 기타 분류 안된 상품 전문 소매업,44,충청남도,44800,홍성군,44800320,금마면,4480032029,금마면,4480032029101060000,1,대지,106,,충청남도 홍성군 금마면 장성리 106,448004586621,충청남도 홍성군 금마면 홍양길79번길,47,11,4480032029101050000052623,,충청남도 홍성군 금마면 홍양길79번길 47-11,350824,32282,,,,126.699614140938,36.5979507781495
MA010120220812178184,다나농약종묘사,,G2,소매,G221,기타 상품 소매,G22199,그 외 기타 상품 전문 소매업,G47859,그 외 기타 분류 안된 상품 전문 소매업,30,대전광역시,30140,중구,30140620,석교동,3014010700,석교동,3014010700100070006,1,대지,7,6,대전광역시 중구 석교동 7-6,301403010004,대전광역시 중구 대종로,261,,3014010700100070006008202,,대전광역시 중구 대종로 261,301820,35060,,,,127.438843875267,36.3109172991468
MA010120220812178462,코코스,,G2,소매,G221,기타 상품 소매,G22199,그 외 기타 상품 전문 소매업,G47859,그 외 기타 분류 안된 상품 전문 소매업,31,울산광역시,31140,남구,31140570,삼산동,3114010600,삼산동,3114010600115590011,1,대지,1559,11,울산광역시 남구 삼산동 1559-11,311403170026,울산광역시 남구 삼산로,331,,3114010600115590011004592,,울산광역시 남구 삼산로 331,680817,44713,,2,,129.343413372786,35.5401472338276
MA010120220812173708,천기초조은웰빙,,G2,소매,G221,기타 상품 소매,G22199,그 외 기타 상품 전문 소매업,G47859,그 외 기타 분류 안된 상품 전문 소매업,41,경기도,41210,광명시,41210540,광명3동,4121010100,광명동,4121010100101580063,1,대지,158,63,경기도 광명시 광명동 158-63,412104361262,경기도 광명시 오리로976번길,6,,4121010100101580063001133,,경기도 광명시 오리로976번길 6,423807,14220,,1,,126.855340638736,37.4798989524813
MA010120220812205322,하나에스엔씨,,G2,소매,G221,기타 상품 소매,G22199,그 외 기타 상품 전문 소매업,G47859,그 외 기타 분류 안된 상품 전문 소매업,41,경기도,41550,안성시,41550380,원곡면,4155038025,원곡면,4155038025102050090,1,대지,205,90,경기도 안성시 원곡면 내가천리 205-90,415503012025,경기도 안성시 원곡면 청원로,1756,20,4155038025102050090000001,,경기도 안성시 원곡면 청원로 1756-20,456811,17556,,,,127.115596948229,37.0406458407954
MA010120220812176015,에이에스유,,G2,소매,G221,기타 상품 소매,G22199,그 외 기타 상품 전문 소매업,G47859,그 외 기타 분류 안된 상품 전문 소매업,11,서울특별시,11560,영등포구,11560535,영등포동,1156010400,영등포동3가,1156010400100150005,1,대지,15,5,서울특별시 영등포구 영등포동3가 15-5,115604154798,서울특별시 영등포구 영중로10길,32,2,1156010400100150005035245,상가,서울특별시 영등포구 영중로10길 32-2,150030,07304,,1,,126.908521819234,37.5185331694476
MA010120220812192164,이한농자재,,G2,소매,G221,기타 상품 소매,G22199,그 외 기타 상품 전문 소매업,G47859,그 외 기타 분류 안된 상품 전문 소매업,51,강원특별자치도,51780,철원군,51780310,서면,5178031022,서면,5178031022101440003,1,대지,144,3,강원특별자치도 철원군 서면 와수리 144-3,517803230024,강원특별자치도 철원군 서면 와수로,385,,4278031022101440003013460,,강원특별자치도 철원군 서면 와수로 385,269841,24056,,,,127.453979505926,38.2527370866715
MA010120220812192186,부천유통,,G2,소매,G221,기타 상품 소매,G22199,그 외 기타 상품 전문 소매업,G47859,그 외 기타 분류 안된 상품 전문 소매업,41,경기도,41192,부천시 원미구,41192630,중1동,4119210800,중동,4119210800111420014,1,대지,1142,14,경기도 부천시 원미구 중동 1142-14,411924352521,경기도 부천시 원미구 중동로254번길,81,,4119510800111420014026093,,경기도 부천시 원미구 중동로254번길 81,420852,14548,,1,,126.773396387538,37.5020160405774
MA010120220812181964,송이유통,,G2,소매,G221,기타 상품 소매,G22199,그 외 기타 상품 전문 소매업,G47859,그 외 기타 분류 안된 상품 전문 소매업,50,제주특별자치도,50110,제주시,50110650,연동,5011013700,연동,5011013700102680001,1,대지,268,1,제주특별자치도 제주시 연동 268-1,501103349109,제주특별자치도 제주시 신광로,94,,5011013700102680001008598,,제주특별자치도 제주시 신광로 94,690813,63137,,,,126.489630143416,33.4836986316605
MA010120220812189424,연결,,G2,소매,G221,기타 상품 소매,G22199,그 외 기타 상품 전문 소매업,G47859,그 외 기타 분류 안된 상품 전문 소매업,43,충청북도,43111,청주시 상당구,43111720,용암1동,4311112500,용정동,4311112500112100000,1,대지,1210,,충청북도 청주시 상당구 용정동 1210,431114844103,충청북도 청주시 상당구 용정로12번길,71,,4311112500112100000000001,,충청북도 청주시 상당구 용정로12번길 71,360823,28748,,,,127.51879545112,36.6280368682131
MA010120220812189588,디케이에스,,G2,소매,G221,기타 상품 소매,G22199,그 외 기타 상품 전문 소매업,G47859,그 외 기타 분류 안된 상품 전문 소매업,30,대전광역시,30200,유성구,30200530,온천1동,3020011200,구암동,3020011200106630002,1,대지,663,2,대전광역시 유성구 구암동 663-2,302004301576,대전광역시 유성구 현충원로347번길,71,,3020011200106630002000001,,대전광역시 유성구 현충원로347번길 71,305801,34144,,1,,127.306470087448,36.3610750311509
MA010120220812195189,걸맨스토어,김제지점,G2,소매,G221,기타 상품 소매,G22199,그 외 기타 상품 전문 소매업,G47859,그 외 기타 분류 안된 상품 전문 소매업,52,전북특별자치도,52210,김제시,52210510,요촌동,5221010100,요촌동,5221010100100630004,1,대지,63,4,전북특별자치도 김제시 요촌동 63-4,522103272095,전북특별자치도 김제시 중앙로,170,,4521010100100630004059281,,전북특별자치도 김제시 중앙로 170,576805,54392,,,,126.8932177486,35.8011132142728
MA010120220812174357,백합산업안전,,G2,소매,G221,기타 상품 소매,G22199,그 외 기타 상품 전문 소매업,G47859,그 외 기타 분류 안된 상품 전문 소매업,48,경상남도,48250,김해시,48250620,장유2동,4825012800,삼문동,4825012800100710005,1,대지,71,5,경상남도 김해시 삼문동 71-5,482504805355,경상남도 김해시 번화1로123번길,39,17,4825012800100710005000001,,경상남도 김해시 번화1로123번길 39-17,621290,50986,,,,128.794018176208,35.1960969887113
MA010120220812189992,엘리체가발,,G2,소매,G221,기타 상품 소매,G22199,그 외 기타 상품 전문 소매업,G47422,의복 액세서리 및 모조 장신구 소매업,29,광주광역시,29140,서구,29140751,상무1동,2914011800,쌍촌동,2914011800102400006,1,대지,240,6,광주광역시 서구 쌍촌동 240-6,291403160036,광주광역시 서구 월드컵4강로,227,,2914011800102400006025324,,광주광역시 서구 월드컵4강로 227,502815,61967,,3,,126.869065239023,35.1564715529777
MA010120220812189993,병권,,G2,소매,G221,기타 상품 소매,G22199,그 외 기타 상품 전문 소매업,G47859,그 외 기타 분류 안된 상품 전문 소매업,48,경상남도,48840,남해군,48840390,창선면,4884039025,창선면,4884039025102400001,1,대지,240,1,경상남도 남해군 창선면 율도리 240-1,488403343048,경상남도 남해군 창선면 서부로,1183,,4884039025102400001020061,,경상남도 남해군 창선면 서부로 1183,668854,52449,,,,127.998686681077,34.9051187511174
MA010120220812234058,가장성인용품,,G2,소매,G221,기타 상품 소매,G22199,그 외 기타 상품 전문 소매업,G47859,그 외 기타 분류 안된 상품 전문 소매업,51,강원특별자치도,51130,원주시,51130610,태장1동,5113011200,태장동,5113011200107580003,1,대지,758,3,강원특별자치도 원주시 태장동 758-3,511303219054,강원특별자치도 원주시 치악로,1945,,4213011200107580002010090,,강원특별자치도 원주시 치악로 1945,220966,26327,,1,,127.955035542548,37.3545666266896
MA010120220812241529,보라보라케이스,,G2,소매,G221,기타 상품 소매,G22199,그 외 기타 상품 전문 소매업,G47859,그 외 기타 분류 안된 상품 전문 소매업,52,전북특별자치도,52113,전주시 덕진구,52113641,송천1동,5211312100,송천동1가,5211312100101070200,1,대지,107,200,전북특별자치도 전주시 덕진구 송천동1가 107-200,521133267065,전북특별자치도 전주시 덕진구 천마산로,52,,4511312100101070200000001,보라보라케,전북특별자치도 전주시 덕진구 천마산로 52,561816,54823,,1,,127.127471317791,35.8639197733548
MA010120220812252860,몽키유통,,G2,소매,G221,기타 상품 소매,G22199,그 외 기타 상품 전문 소매업,G47859,그 외 기타 분류 안된 상품 전문 소매업,27,대구광역시,27170,서구,27170525,내당2.3동,2717010100,내당동,2717010100111020003,1,대지,1102,3,대구광역시 서구 내당동 1102-3,271703141016,대구광역시 서구 큰장로,47,,2717010100111020003003517,,대구광역시 서구 큰장로 47,703806,41812,,,,128.573798273239,35.864195319996
MA010120220812247797,동아콘테이너,,G2,소매,G221,기타 상품 소매,G22199,그 외 기타 상품 전문 소매업,G47859,그 외 기타 분류 안된 상품 전문 소매업,44,충청남도,44210,서산시,44210320,부석면,4421032024,부석면,4421032024106300008,1,대지,630,8,충청남도 서산시 부석면 월계리 630-8,442104562690,충청남도 서산시 부석면 청금산2길,51,12,4421032024106300008000001,,충청남도 서산시 부석면 청금산2길 51-12,356893,32018,,,,126.388387003675,36.7453542887968
MA010120220812242681,장춘약초,,G2,소매,G221,기타 상품 소매,G22199,그 외 기타 상품 전문 소매업,G47859,그 외 기타 분류 안된 상품 전문 소매업,11,서울특별시,11230,동대문구,11230545,제기동,1123010300,제기동,1123010300111380000,1,대지,1138,,서울특별시 동대문구 제기동 1138,112303105008,서울특별시 동대문구 왕산로,123,,1123010300111380000031938,,서울특별시 동대문구 왕산로 123,130864,02570,,1,,127.037154906898,37.5784251013829
MA010120220812232123,하이일일구소방,,G2,소매,G221,기타 상품 소매,G22199,그 외 기타 상품 전문 소매업,G47859,그 외 기타 분류 안된 상품 전문 소매업,41,경기도,41360,남양주시,41360340,수동면,4136034025,수동면,4136034025103710000,1,대지,371,,경기도 남양주시 수동면 외방리 371,413603197058,경기도 남양주시 수동면 축령산로,203,9,4136034025103710000015554,,경기도 남양주시 수동면 축령산로 203-9,472853,12025,,,,127.305665916947,37.7453288242847
MA010120220812242873,마차수석,,G2,소매,G221,기타 상품 소매,G22199,그 외 기타 상품 전문 소매업,G47859,그 외 기타 분류 안된 상품 전문 소매업,51,강원특별자치도,51750,영월군,51750330,북면,5175033021,북면,5175033021111670005,1,대지,1167,5,강원특별자치도 영월군 북면 마차리 1167-5,517504481086,강원특별자치도 영월군 북면 마차중앙1길,13,,4275033021111670005015576,,강원특별자치도 영월군 북면 마차중앙1길 13,230872,26209,,,,128.455641672679,37.2560987678641
MA010120220812229452,e-바이오,,G2,소매,G221,기타 상품 소매,G22199,그 외 기타 상품 전문 소매업,G47859,그 외 기타 분류 안된 상품 전문 소매업,47,경상북도,47850,칠곡군,47850250,왜관읍,4785025021,왜관읍,4785025021102110005,1,대지,211,5,경상북도 칠곡군 왜관읍 왜관리 211-5,478504766001,경상북도 칠곡군 왜관읍 2번도로길,78,,4785025021102110005040153,,경상북도 칠곡군 왜관읍 2번도로길 78,718805,39886,,2,,128.397631187831,35.9946454590086
MA010120220812215718,피아골자연약초상회,,G2,소매,G221,기타 상품 소매,G22199,그 외 기타 상품 전문 소매업,G47859,그 외 기타 분류 안된 상품 전문 소매업,46,전라남도,46730,구례군,46730250,구례읍,4673025021,구례읍,4673025021101900001,1,대지,190,1,전라남도 구례군 구례읍 봉동리 190-1,467304664002,전라남도 구례군 구례읍 5일시장작은길,20,,4673025021101890005019723,,전라남도 구례군 구례읍 5일시장작은길 20,542804,57639,,,,127.470081085884,35.2101527921462
MA010120220812213543,더크린대전지사,,G2,소매,G221,기타 상품 소매,G22199,그 외 기타 상품 전문 소매업,G47859,그 외 기타 분류 안된 상품 전문 소매업,30,대전광역시,30230,대덕구,30230543,송촌동,3023010700,송촌동,3023010700104880004,1,대지,488,4,대전광역시 대덕구 송촌동 488-4,302304304289,대전광역시 대덕구 송촌로79번길,16,,3023010700104880004021442,,대전광역시 대덕구 송촌로79번길 16,306813,34423,,1,,127.439720031936,36.3618214589955
MA010120220812240395,이화약초,,G2,소매,G221,기타 상품 소매,G22199,그 외 기타 상품 전문 소매업,G47859,그 외 기타 분류 안된 상품 전문 소매업,44,충청남도,44710,금산군,44710250,금산읍,4471025022,금산읍,4471025022100080001,1,대지,8,1,충청남도 금산군 금산읍 중도리 8-1,447103257044,충청남도 금산군 금산읍 인삼약초로,45,,4471025022100080001020658,,충청남도 금산군 금산읍 인삼약초로 45,312806,32739,,,,127.498324032177,36.1019590115178
MA010120220812248869,용화만물,,G2,소매,G221,기타 상품 소매,G22199,그 외 기타 상품 전문 소매업,G47859,그 외 기타 분류 안된 상품 전문 소매업,41,경기도,41480,파주시,41480370,적성면,4148037024,적성면,4148037024106100002,1,대지,610,2,경기도 파주시 적성면 구읍리 610-2,414803206087,경기도 파주시 적성면 청송로,1066,,4148037024106100002000001,,경기도 파주시 적성면 청송로 1066,413911,10803,,,,126.923342925381,37.9560095024781
MA010120220811912604,가모미모,,G2,소매,G221,기타 상품 소매,G22199,그 외 기타 상품 전문 소매업,G47422,의복 액세서리 및 모조 장신구 소매업,27,대구광역시,27290,달서구,27290576,이곡1동,2729010800,이곡동,2729010800112440000,1,대지,1244,,대구광역시 달서구 이곡동 1244,272903147021,대구광역시 달서구 성서로,420,,2729010800112440000001838,성서메가타운,대구광역시 달서구 성서로 420,704714,42620,,,,128.50783254452,35.8550927590696
MA010120220811931676,서울농약사,,G2,소매,G221,기타 상품 소매,G22199,그 외 기타 상품 전문 소매업,G47859,그 외 기타 분류 안된 상품 전문 소매업,48,경상남도,48121,창원시 의창구,48121320,대산면,4812132025,대산면,4812132025108240004,1,대지,824,4,경상남도 창원시 의창구 대산면 제동리 824-4,481213331098,경상남도 창원시 의창구 대산면 가술산단로,12,,4812132025108240004000001,,경상남도 창원시 의창구 대산면 가술산단로 12,641923,51124,,,,128.707241994253,35.3307218397926
MA010120220811948228,한국식물병원,,G2,소매,G221,기타 상품 소매,G22199,그 외 기타 상품 전문 소매업,G47859,그 외 기타 분류 안된 상품 전문 소매업,52,전북특별자치도,52710,완주군,52710330,이서면,5271033024,이서면,5271033024106670007,1,대지,667,7,전북특별자치도 완주군 이서면 갈산리 667-7,527103016079,전북특별자치도 완주군 이서면 안전로,107,3,4571033024106320011000001,,전북특별자치도 완주군 이서면 안전로 107-3,565851,55365,,1,,127.058227248047,35.8334567446329
MA010120220811920687,겐자부로,,G2,소매,G221,기타 상품 소매,G22199,그 외 기타 상품 전문 소매업,G47859,그 외 기타 분류 안된 상품 전문 소매업,50,제주특별자치도,50110,제주시,50110256,구좌읍,5011025625,구좌읍,5011025625125870000,1,대지,2587,,제주특별자치도 제주시 구좌읍 송당리 2587,501103349234,제주특별자치도 제주시 구좌읍 번영로,1997,14,5011025625025870000048502,,제주특별자치도 제주시 구좌읍 번영로 1997-14,695979,63355,,,,126.734916120647,33.4374652718526
MA010120220811948400,비사벌수석,,G2,소매,G221,기타 상품 소매,G22199,그 외 기타 상품 전문 소매업,G47859,그 외 기타 분류 안된 상품 전문 소매업,48,경상남도,48740,창녕군,48740370,계성면,4874037024,계성면,4874037024103790000,1,대지,379,,경상남도 창녕군 계성면 계성리 379,487403341024,경상남도 창녕군 계성면 영산계성로,413,,4874037024103790000045578,,경상남도 창녕군 계성면 영산계성로 413,635922,50341,,,,128.510381892596,35.4813042820461
MA010120220811924105,길상가,,G2,소매,G221,기타 상품 소매,G22199,그 외 기타 상품 전문 소매업,G47859,그 외 기타 분류 안된 상품 전문 소매업,47,경상북도,47130,경주시,47130660,보덕동,4713013600,신평동,4713013600103910003,1,대지,391,3,경상북도 경주시 신평동 391-3,471303305021,경상북도 경주시 보문로,402,31,4713013600103910003029449,,경상북도 경주시 보문로 402-31,780290,38117,,,,129.281486711451,35.8455027535556
MA010120220811924194,한농원,,G2,소매,G221,기타 상품 소매,G22199,그 외 기타 상품 전문 소매업,G47859,그 외 기타 분류 안된 상품 전문 소매업,29,광주광역시,29155,남구,29155730,대촌동,2915513000,월성동,2915513000104980002,1,대지,498,2,광주광역시 남구 월성동 498-2,291553161018,광주광역시 남구 포충로,240,,2915513000104980002016564,,광주광역시 남구 포충로 240,503208,61762,,,,126.803346791527,35.064614717501
MA010120220811938676,코퍼레이션,,G2,소매,G221,기타 상품 소매,G22199,그 외 기타 상품 전문 소매업,G47859,그 외 기타 분류 안된 상품 전문 소매업,41,경기도,41115,수원시 팔달구,41115730,인계동,4111514100,인계동,4111514100110340016,1,대지,1034,16,경기도 수원시 팔달구 인계동 1034-16,411154328018,경기도 수원시 팔달구 경수대로466번길,58,,4111514100110340016011732,아이오피스,경기도 수원시 팔달구 경수대로466번길 58,442834,16489,,,,127.030281903116,37.2666838729555
MA010120220811911350,울진불교서적용품,,G2,소매,G221,기타 상품 소매,G22199,그 외 기타 상품 전문 소매업,G47859,그 외 기타 분류 안된 상품 전문 소매업,47,경상북도,47930,울진군,47930250,울진읍,4793025021,울진읍,4793025021100600024,1,대지,60,24,경상북도 울진군 울진읍 읍내리 60-24,479304775276,경상북도 울진군 울진읍 읍내1길,16,4,4793025021100600024021154,,경상북도 울진군 울진읍 읍내1길 16-4,767801,36325,,,,129.401974480921,36.992215066043
MA010120220811918849,풍기인삼사,,G2,소매,G221,기타 상품 소매,G22199,그 외 기타 상품 전문 소매업,G47859,그 외 기타 분류 안된 상품 전문 소매업,11,서울특별시,11140,중구,11140540,회현동,1114012100,회현동1가,1114012100102020001,1,대지,202,1,서울특별시 중구 회현동1가 202-1,111403101001,서울특별시 중구 남대문로,36,,1114012100102020174000001,자유상가,서울특별시 중구 남대문로 36,100874,04529,,1,,126.979774431178,37.5609589140821
MA010120220811933223,탑.바이오,,G2,소매,G221,기타 상품 소매,G22199,그 외 기타 상품 전문 소매업,G47859,그 외 기타 분류 안된 상품 전문 소매업,44,충청남도,44230,논산시,44230310,성동면,4423031029,성동면,4423031029108950000,1,대지,895,,충청남도 논산시 성동면 원봉리 895,442303015044,충청남도 논산시 성동면 논산평야로,486,30,4423031029108950000000001,,충청남도 논산시 성동면 논산평야로 486-30,320943,32926,,,,127.070926429544,36.2098938154874
MA010120220811924724,다온소방/다온홀푸드,,G2,소매,G221,기타 상품 소매,G22199,그 외 기타 상품 전문 소매업,G47859,그 외 기타 분류 안된 상품 전문 소매업,48,경상남도,48250,김해시,48250580,활천동,4825011800,어방동,4825011800105020007,1,대지,502,7,경상남도 김해시 어방동 502-7,482504805889,경상남도 김해시 활천로166번길,9,,4825011800105020007086975,어방종합시장,경상남도 김해시 활천로166번길 9,621917,50839,,2,,128.900637331288,35.2396553635041
MA010120220811930585,캐럿됨,,G2,소매,G221,기타 상품 소매,G22199,그 외 기타 상품 전문 소매업,G47859,그 외 기타 분류 안된 상품 전문 소매업,51,강원특별자치도,51780,철원군,51780256,갈말읍,5178025621,갈말읍,5178025621106550002,1,대지,655,2,강원특별자치도 철원군 갈말읍 신철원리 655-2,517803230015,강원특별자치도 철원군 갈말읍 삼부연로,29,,4278025621106550002033085,,강원특별자치도 철원군 갈말읍 삼부연로 29,269805,24042,,1,,127.311082727821,38.1458251181585
MA010120220811946481,에이치케이광고기획,,G2,소매,G221,기타 상품 소매,G22199,그 외 기타 상품 전문 소매업,G47859,그 외 기타 분류 안된 상품 전문 소매업,44,충청남도,44131,천안시 동남구,44131540,원성2동,4413110700,원성동,4413110700105930002,1,대지,593,2,충청남도 천안시 동남구 원성동 593-2,441314547582,충청남도 천안시 동남구 원거리8길,26,,4413110700105930002025878,,충청남도 천안시 동남구 원거리8길 26,330954,31186,,,,127.156144124084,36.799845224173
MA010120220811916892,에스엠이엔지,,G2,소매,G221,기타 상품 소매,G22199,그 외 기타 상품 전문 소매업,G47859,그 외 기타 분류 안된 상품 전문 소매업,41,경기도,41281,고양시 덕양구,41281622,화정2동,4128112300,화정동,4128112300109840007,1,대지,984,7,경기도 고양시 덕양구 화정동 984-7,412814376366,경기도 고양시 덕양구 화신로272번길,11,,4128112300109840007012718,우경싸이트빌,경기도 고양시 덕양구 화신로272번길 11,412827,10500,,8,,126.831030304327,37.6314233253428
MA010120220811936806,구담,,G2,소매,G221,기타 상품 소매,G22199,그 외 기타 상품 전문 소매업,G47859,그 외 기타 분류 안된 상품 전문 소매업,52,전북특별자치도,52111,전주시 완산구,52111680,서신동,5211112900,서신동,5211112900102450048,1,대지,245,48,전북특별자치도 전주시 완산구 서신동 245-48,521114598243,전북특별자치도 전주시 완산구 안터4길,9,1,4511112900102450048000001,,전북특별자치도 전주시 완산구 안터4길 9-1,560819,54950,,,,127.117997553221,35.8291319469734
MA010120220811928189,친농,,G2,소매,G221,기타 상품 소매,G22199,그 외 기타 상품 전문 소매업,G47859,그 외 기타 분류 안된 상품 전문 소매업,52,전북특별자치도,52210,김제시,52210320,죽산면,5221032026,죽산면,5221032026102940000,1,대지,294,,전북특별자치도 김제시 죽산면 서포리 294,522104616456,전북특별자치도 김제시 죽산면 서포3길,116,19,4521032026102940000070520,,전북특별자치도 김제시 죽산면 서포3길 116-19,576831,54422,,,,126.791470612988,35.7667587870559
MA010120220811963717,프리한패셔널,,G2,소매,G221,기타 상품 소매,G22199,그 외 기타 상품 전문 소매업,G47422,의복 액세서리 및 모조 장신구 소매업,27,대구광역시,27260,수성구,27260610,중동,2726010800,중동,2726010800104000003,1,대지,400,3,대구광역시 수성구 중동 400-3,272603146017,대구광역시 수성구 수성로,153,,2726010800104000003014285,,대구광역시 수성구 수성로 153,706838,42156,,2,,128.611863136112,35.8392425244879
MA010120220811991308,컬러모바일칠곡,,G2,소매,G221,기타 상품 소매,G22199,그 외 기타 상품 전문 소매업,G47422,의복 액세서리 및 모조 장신구 소매업,27,대구광역시,27230,북구,27230780,동천동,2723012400,동천동,2723012400109110005,1,대지,911,5,대구광역시 북구 동천동 911-5,272304235201,대구광역시 북구 동천로24길,17,,2723012400109110005029686,신정주차빌딩,대구광역시 북구 동천로24길 17,702886,41423,,1,,128.562473877301,35.9419856284344
MA010120220811991379,국보상사,,G2,소매,G221,기타 상품 소매,G22199,그 외 기타 상품 전문 소매업,G47859,그 외 기타 분류 안된 상품 전문 소매업,48,경상남도,48310,거제시,48310580,고현동,4831010900,고현동,4831010900100410008,1,대지,41,8,경상남도 거제시 고현동 41-8,483103337007,경상남도 거제시 고현로,119,,4831010900100410011025364,중앙빌딩,경상남도 거제시 고현로 119,656930,53251,,2,,128.625436731906,34.8879963456897
MA010120220811972816,동양약업사,,G2,소매,G221,기타 상품 소매,G22199,그 외 기타 상품 전문 소매업,G47859,그 외 기타 분류 안된 상품 전문 소매업,44,충청남도,44710,금산군,44710250,금산읍,4471025022,금산읍,4471025022100340001,1,대지,34,1,충청남도 금산군 금산읍 중도리 34-1,447103257044,충청남도 금산군 금산읍 인삼약초로,33,,4471025022100340001020598,,충청남도 금산군 금산읍 인삼약초로 33,312806,32739,,1,,127.496796372504,36.1009650142874
MA010120220811981076,중부상사,,G2,소매,G221,기타 상품 소매,G22199,그 외 기타 상품 전문 소매업,G47859,그 외 기타 분류 안된 상품 전문 소매업,11,서울특별시,11560,영등포구,11560610,양평1동,1156012700,양평동3가,1156012700100050004,1,대지,5,4,서울특별시 영등포구 양평동3가 5-4,115603005074,서울특별시 영등포구 선유로,130,,1156012700100050004022233,에이스하이테크시티,서울특별시 영등포구 선유로 130,150103,07255,,9,,126.891374592979,37.5253752720843
MA010120220811964877,불상전시장,,G2,소매,G221,기타 상품 소매,G22199,그 외 기타 상품 전문 소매업,G47859,그 외 기타 분류 안된 상품 전문 소매업,48,경상남도,48170,진주시,48170555,성북동,4817011300,봉곡동,4817011300100240012,1,대지,24,12,경상남도 진주시 봉곡동 24-12,481702332003,경상남도 진주시 진주대로,1158,,4817011300100240012205525,,경상남도 진주시 진주대로 1158,660040,52663,,2,,128.076182168135,35.1958454123047
MA010120220811992366,종암특수미싱,,G2,소매,G221,기타 상품 소매,G22199,그 외 기타 상품 전문 소매업,G47859,그 외 기타 분류 안된 상품 전문 소매업,11,서울특별시,11290,성북구,11290715,월곡1동,1129013600,하월곡동,1129013600100810479,1,대지,81,479,서울특별시 성북구 하월곡동 81-479,112904121443,서울특별시 성북구 오패산로3길,146,,1129013600100810479017349,,서울특별시 성북구 오패산로3길 146,136872,02737,,1,,127.033013886586,37.6094835165146
MA010120220811959719,한국농업기술,,G2,소매,G221,기타 상품 소매,G22199,그 외 기타 상품 전문 소매업,G47859,그 외 기타 분류 안된 상품 전문 소매업,47,경상북도,47900,예천군,47900340,감천면,4790034048,감천면,4790034048107580002,1,대지,758,2,경상북도 예천군 감천면 대맥리 758-2,479003307052,경상북도 예천군 감천면 충효로,1576,,4790034048107580002060768,,경상북도 예천군 감천면 충효로 1576,757912,36809,,,,128.536644914819,36.7351480204783
MA010120220811959961,기반충북,,G2,소매,G221,기타 상품 소매,G22199,그 외 기타 상품 전문 소매업,G47859,그 외 기타 분류 안된 상품 전문 소매업,43,충청북도,43114,청주시 청원구,43114550,오근장동,4311410800,정하동,4311410800101620000,1,대지,162,,충청북도 청주시 청원구 정하동 162,431144508681,충청북도 청주시 청원구 토성로120번길,21,,4311113400101620000051730,,충청북도 청주시 청원구 토성로120번길 21,363225,28353,,,,127.464543442553,36.6773090655921
MA010120220811952336,한겨레공사,,G2,소매,G221,기타 상품 소매,G22199,그 외 기타 상품 전문 소매업,G47859,그 외 기타 분류 안된 상품 전문 소매업,11,서울특별시,11320,도봉구,11320513,창3동,1132010700,창동,1132010700105010020,1,대지,501,20,서울특별시 도봉구 창동 501-20,113204127302,서울특별시 도봉구 우이천로4길,31,,1132010700105010020014849,,서울특별시 도봉구 우이천로4길 31,132916,01478,,,,127.041113858627,37.6340959492923
MA010120220811991007,케이제이시스템,,G2,소매,G221,기타 상품 소매,G22199,그 외 기타 상품 전문 소매업,G47859,그 외 기타 분류 안된 상품 전문 소매업,41,경기도,41463,용인시 기흥구,41463516,영덕1동,4146311100,영덕동,4146311100103900001,1,대지,390,1,경기도 용인시 기흥구 영덕동 390-1,414634331148,경기도 용인시 기흥구 영통로525번길,24,,4146311100103900001018782,황곡프라자,경기도 용인시 기흥구 영통로525번길 24,446908,16956,,,,127.076200060568,37.265942390227
MA010120220812007654,영식,,G2,소매,G221,기타 상품 소매,G22199,그 외 기타 상품 전문 소매업,G47859,그 외 기타 분류 안된 상품 전문 소매업,31,울산광역시,31170,동구,31170550,전하1동,3117010400,전하동,3117010400105440007,1,대지,544,7,울산광역시 동구 전하동 544-7,311704313049,울산광역시 동구 녹수3길,26,,3117010400105440007012045,,울산광역시 동구 녹수3길 26,682814,44039,,,,129.428719842902,35.5138780823229
MA010120220812010336,황소식당,,G2,소매,G221,기타 상품 소매,G22199,그 외 기타 상품 전문 소매업,G47859,그 외 기타 분류 안된 상품 전문 소매업,51,강원특별자치도,51820,고성군,51820330,토성면,5182033028,토성면,5182033028104950013,1,대지,495,13,강원특별자치도 고성군 토성면 도원리 495-13,518204502395,강원특별자치도 고성군 토성면 도원2길,70,,4282033028104950000013105,,강원특별자치도 고성군 토성면 도원2길 70,219831,24761,,,,128.467326552503,38.2684392562626
MA010120220812012902,자연에서,,G2,소매,G221,기타 상품 소매,G22199,그 외 기타 상품 전문 소매업,G47859,그 외 기타 분류 안된 상품 전문 소매업,11,서울특별시,11110,종로구,11110560,평창동,1111018300,평창동,1111018300104620004,1,대지,462,4,서울특별시 종로구 평창동 462-4,111104100503,서울특별시 종로구 평창30길,27,,1111018300104620004023168,,서울특별시 종로구 평창30길 27,110848,03004,,1,,126.97479975064,37.6123595990088
MA010120220812018305,대성테크광주전남지사,,G2,소매,G221,기타 상품 소매,G22199,그 외 기타 상품 전문 소매업,G47859,그 외 기타 분류 안된 상품 전문 소매업,46,전라남도,46150,순천시,46150550,삼산동,4615010900,가곡동,4615010900110010009,1,대지,1001,9,전라남도 순천시 가곡동 1001-9,461503283038,전라남도 순천시 중앙로,310,,4615010900110010009041969,,전라남도 순천시 중앙로 310,540080,57923,,1,,127.482685825237,34.9732891806797
MA010120220812023903,삼정유통,,G2,소매,G221,기타 상품 소매,G22199,그 외 기타 상품 전문 소매업,G47859,그 외 기타 분류 안된 상품 전문 소매업,47,경상북도,47170,안동시,47170350,일직면,4717035032,일직면,4717035032104770000,1,대지,477,,경상북도 안동시 일직면 원호리 477,471702018002,경상북도 안동시 일직면 경북대로,7630,,4717035032104770000078150,,경상북도 안동시 일직면 경북대로 7630,760882,36756,,,,128.665301203851,36.4960225378364
MA010120220812010683,루피나아트,,G2,소매,G221,기타 상품 소매,G22199,그 외 기타 상품 전문 소매업,G47859,그 외 기타 분류 안된 상품 전문 소매업,48,경상남도,48310,거제시,48310600,수양동,4831011300,양정동,4831011300108880001,1,대지,888,1,경상남도 거제시 양정동 888-1,483104811642,경상남도 거제시 제산로3안길,14,1,4831011300108880001000001,,경상남도 거제시 제산로3안길 14-1,656806,53241,,,,128.643482101221,34.8878888560348
MA010120220812018625,귀족보드카페,,G2,소매,G221,기타 상품 소매,G22199,그 외 기타 상품 전문 소매업,R91221,전자 게임장 운영업,43,충청북도,43114,청주시 청원구,43114520,내덕1동,4311410200,내덕동,4311410200103030013,1,대지,303,13,충청북도 청주시 청원구 내덕동 303-13,431144508352,충청북도 청주시 청원구 새터로37번길,4,,4311111400103030013034459,,충청북도 청주시 청원구 새터로37번길 4,363807,28480,,,,127.485589515135,36.6563911273469
MA010120220812010814,골드문바이오,,G2,소매,G221,기타 상품 소매,G22199,그 외 기타 상품 전문 소매업,G47859,그 외 기타 분류 안된 상품 전문 소매업,41,경기도,41135,성남시 분당구,41135657,백현동,4113511000,백현동,4113511000105910002,1,대지,591,2,경기도 성남시 분당구 백현동 591-2,411354340279,경기도 성남시 분당구 동판교로52번길,17,4,4113511000105910002000001,,경기도 성남시 분당구 동판교로52번길 17-4,463420,13535,,3,,127.114826902179,37.3862801210108
MA010120220812005861,제이에이치종합방재,,G2,소매,G221,기타 상품 소매,G22199,그 외 기타 상품 전문 소매업,G47859,그 외 기타 분류 안된 상품 전문 소매업,11,서울특별시,11560,영등포구,11560720,대림3동,1156013300,대림동,1156013300106720010,1,대지,672,10,서울특별시 영등포구 대림동 672-10,115604154009,서울특별시 영등포구 가마산로46길,3,,1156013300106720010000654,,서울특별시 영등포구 가마산로46길 3,150812,07403,,,,126.90033142069,37.5020381651878
MA010120220812008568,풍림농자재,,G2,소매,G221,기타 상품 소매,G22199,그 외 기타 상품 전문 소매업,G47859,그 외 기타 분류 안된 상품 전문 소매업,46,전라남도,46900,진도군,46900320,고군면,4690032022,고군면,4690032022108300000,1,대지,830,,전라남도 진도군 고군면 고성리 830,469002017002,전라남도 진도군 고군면 진도대로,17,,4690032022108300000021953,,전라남도 진도군 고군면 진도대로 17,539811,58909,,,,126.318158765819,34.502434492694
MA010120220812016700,더바로,,G2,소매,G221,기타 상품 소매,G22199,그 외 기타 상품 전문 소매업,G47859,그 외 기타 분류 안된 상품 전문 소매업,11,서울특별시,11200,성동구,11200670,성수2가1동,1120011500,성수동2가,1120011500103250002,1,대지,325,2,서울특별시 성동구 성수동2가 325-2,112003103003,서울특별시 성동구 성수이로,51,,1120011500103260005000001,서울숲한라시그마밸리,서울특별시 성동구 성수이로 51,133827,04781,,,,127.055104256414,37.5402788868186
MA010120220812019396,브레인힐링센터,,G2,소매,G221,기타 상품 소매,G22199,그 외 기타 상품 전문 소매업,G47859,그 외 기타 분류 안된 상품 전문 소매업,11,서울특별시,11680,강남구,11680640,역삼1동,1168010100,역삼동,1168010100107050024,1,대지,705,24,서울특별시 강남구 역삼동 705-24,116803122006,서울특별시 강남구 선릉로,515,,1168010100107050024022141,동인빌딩,서울특별시 강남구 선릉로 515,135922,06150,,4,,127.048236221719,37.5054401234769
MA010120220812030121,아몰랑,,G2,소매,G221,기타 상품 소매,G22199,그 외 기타 상품 전문 소매업,G47859,그 외 기타 분류 안된 상품 전문 소매업,41,경기도,41192,부천시 원미구,41192520,심곡2동,4119210200,심곡동,4119210200101770009,1,대지,177,9,경기도 부천시 원미구 심곡동 177-9,411923000019,경기도 부천시 원미구 부일로,473,,4119510200101770009003089,경수빌딩,경기도 부천시 원미구 부일로 473,420823,14634,,,,126.782716045018,37.4861127861422
MA010120220812022240,삼양인삼약초,,G2,소매,G221,기타 상품 소매,G22199,그 외 기타 상품 전문 소매업,G47859,그 외 기타 분류 안된 상품 전문 소매업,44,충청남도,44710,금산군,44710250,금산읍,4471025022,금산읍,4471025022100180015,1,대지,18,15,충청남도 금산군 금산읍 중도리 18-15,447104571410,충청남도 금산군 금산읍 약초1길,27,,4471025022100180015017016,,충청남도 금산군 금산읍 약초1길 27,312806,32739,,,,127.497946028929,36.1001311306501
MA010120220812003946,로마엔시티,,G2,소매,G221,기타 상품 소매,G22199,그 외 기타 상품 전문 소매업,G47859,그 외 기타 분류 안된 상품 전문 소매업,52,전북특별자치도,52113,전주시 덕진구,52113641,송천1동,5211312200,송천동2가,5211312200113290001,1,대지,1329,1,전북특별자치도 전주시 덕진구 송천동2가 1329-1,521134854852,전북특별자치도 전주시 덕진구 세병2길,10,,4511312200113290001000001,,전북특별자치도 전주시 덕진구 세병2길 10,561302,55149,,3,,127.124573732775,35.8730795421147
MA010120220812008937,건축설비주방기구,,G2,소매,G221,기타 상품 소매,G22199,그 외 기타 상품 전문 소매업,G47859,그 외 기타 분류 안된 상품 전문 소매업,47,경상북도,47750,청송군,47750370,진보면,4775037037,진보면,4775037037100650013,1,대지,65,13,경상북도 청송군 진보면 이촌리 65-13,477503316017,경상북도 청송군 진보면 진보로,42,,4775037037100650013002669,,경상북도 청송군 진보면 진보로 42,763815,37408,,,,129.036874217795,36.5315662161983
MA010120220812033343,금산수삼센터수매장14호,,G2,소매,G221,기타 상품 소매,G22199,그 외 기타 상품 전문 소매업,G47859,그 외 기타 분류 안된 상품 전문 소매업,44,충청남도,44710,금산군,44710250,금산읍,4471025022,금산읍,4471025022100240000,1,대지,24,,충청남도 금산군 금산읍 중도리 24,447103257044,충청남도 금산군 금산읍 인삼약초로,24,,4471025022100240000017736,금산인삼수삼센터,충청남도 금산군 금산읍 인삼약초로 24,312806,32739,,,,127.496457788994,36.1001012577521
MA010120220812025735,세인푸드,,G2,소매,G221,기타 상품 소매,G22199,그 외 기타 상품 전문 소매업,G47859,그 외 기타 분류 안된 상품 전문 소매업,29,광주광역시,29200,광산구,29200626,첨단2동,2920011500,월계동,2920011500107780008,1,대지,778,8,광주광역시 광산구 월계동 778-8,292004289495,광주광역시 광산구 월계로34번길,39,,2920011500107780008042993,,광주광역시 광산구 월계로34번길 39,506822,62264,,,,126.834635643875,35.2107991781595
MA010120220812028120,금장불교사,,G2,소매,G221,기타 상품 소매,G22199,그 외 기타 상품 전문 소매업,G47859,그 외 기타 분류 안된 상품 전문 소매업,26,부산광역시,26320,북구,26320510,구포1동,2632010500,구포동,2632010500106220004,1,대지,622,4,부산광역시 북구 구포동 622-4,263202006008,부산광역시 북구 백양대로,1161,,2632010500106220006008540,,부산광역시 북구 백양대로 1161,616803,46582,,,,129.004317274952,35.2061350775275
MA010120220812023054,송덕이엔지,,G2,소매,G221,기타 상품 소매,G22199,그 외 기타 상품 전문 소매업,G47859,그 외 기타 분류 안된 상품 전문 소매업,44,충청남도,44133,천안시 서북구,44133530,쌍용1동,4413310700,쌍용동,4413310700110340000,1,대지,1034,,충청남도 천안시 서북구 쌍용동 1034,441334550190,충청남도 천안시 서북구 미라2길,53,,4413310700110340000054440,,충청남도 천안시 서북구 미라2길 53,331949,31155,,,,127.129852961519,36.8042111819382
MA010120220812026091,그린세이버,,G2,소매,G221,기타 상품 소매,G22199,그 외 기타 상품 전문 소매업,G47859,그 외 기타 분류 안된 상품 전문 소매업,41,경기도,41463,용인시 기흥구,41463575,동백2동,4146311600,중동,4146311600110330000,1,대지,1033,,경기도 용인시 기흥구 중동 1033,414634412115,경기도 용인시 기흥구 동백중앙로16번길,16,4,4146311600110330000000001,,경기도 용인시 기흥구 동백중앙로16번길 16-4,446916,17015,,,,127.165118472638,37.256291718005
MA010120220812055991,엠에이,코리아,G2,소매,G221,기타 상품 소매,G22199,그 외 기타 상품 전문 소매업,G47859,그 외 기타 분류 안된 상품 전문 소매업,28,인천광역시,28237,부평구,28237592,청천2동,2823710400,청천동,2823710400104260001,1,대지,426,1,인천광역시 부평구 청천동 426-1,282372008008,인천광역시 부평구 부평대로,337,,2823710400104260001014265,부평제이타워3차,인천광역시 부평구 부평대로 337,403767,21315,,,,126.721199007274,37.5216723541962
MA010120220812061508,영광포장안전,,G2,소매,G221,기타 상품 소매,G22199,그 외 기타 상품 전문 소매업,G47859,그 외 기타 분류 안된 상품 전문 소매업,41,경기도,41285,고양시 일산동구,41285600,고봉동,4128511100,설문동,4128511100107400005,1,대지,740,5,경기도 고양시 일산동구 설문동 740-5,412854379029,경기도 고양시 일산동구 고봉로702번길,6,,4128511100107400005000586,,경기도 고양시 일산동구 고봉로702번길 6,410819,10251,,,,126.789556994288,37.7191749454578
MA010120220812075343,케미칼,,G2,소매,G221,기타 상품 소매,G22199,그 외 기타 상품 전문 소매업,G47859,그 외 기타 분류 안된 상품 전문 소매업,48,경상남도,48330,양산시,48330330,상북면,4833033023,상북면,4833033023100280003,1,대지,28,3,경상남도 양산시 상북면 소토리 28-3,483304814130,경상남도 양산시 상북면 내전길,27,16,4833033023100280000000001,,경상남도 양산시 상북면 내전길 27-16,626856,50566,,,,129.059622716668,35.3865889102712
MA010120220812072461,엠이케이,,G2,소매,G221,기타 상품 소매,G22199,그 외 기타 상품 전문 소매업,G47859,그 외 기타 분류 안된 상품 전문 소매업,46,전라남도,46150,순천시,46150310,해룡면,4615031034,해룡면,4615031034103060002,1,대지,306,2,전라남도 순천시 해룡면 해창리 306-2,461503282092,전라남도 순천시 해룡면 해룡로,759,4,4615031034103100011000001,,전라남도 순천시 해룡면 해룡로 759-4,540852,58025,,,,127.528631468563,34.8891973751252
MA010120220812047776,파라다이스,,G2,소매,G221,기타 상품 소매,G22199,그 외 기타 상품 전문 소매업,G47859,그 외 기타 분류 안된 상품 전문 소매업,52,전북특별자치도,52113,전주시 덕진구,52113550,인후2동,5211310300,인후동1가,5211310300107190035,1,대지,719,35,전북특별자치도 전주시 덕진구 인후동1가 719-35,521133266028,전북특별자치도 전주시 덕진구 반촌로,44,,4511310300107190035007923,,전북특별자치도 전주시 덕진구 반촌로 44,561831,55002,,,,127.146642347925,35.8308308279885
MA010120220812047791,남면항촌,,G2,소매,G221,기타 상품 소매,G22199,그 외 기타 상품 전문 소매업,G47859,그 외 기타 분류 안된 상품 전문 소매업,48,경상남도,48840,남해군,48840350,남면,4884035024,남면,4884035024106340003,1,대지,634,3,경상남도 남해군 남면 선구리 634-3,488404829045,경상남도 남해군 남면 남면로1031번길,33,4,4884035024106340003040513,,경상남도 남해군 남면 남면로1031번길 33-4,668863,52435,,,,127.862661488967,34.7306808147271
MA010120220812064769,힐탑104호,,G2,소매,G221,기타 상품 소매,G22199,그 외 기타 상품 전문 소매업,G47859,그 외 기타 분류 안된 상품 전문 소매업,48,경상남도,48250,김해시,48250630,장유3동,4825013200,장유동,4825013200108420002,1,대지,842,2,경상남도 김해시 장유동 842-2,482503351847,경상남도 김해시 율하6로,53,,4825013200108420002000001,힐탑프라자,경상남도 김해시 율하6로 53,621340,51022,,1,,128.824258401795,35.1712675787322
MA010120220812054424,바른안전자재,,G2,소매,G221,기타 상품 소매,G22199,그 외 기타 상품 전문 소매업,G47859,그 외 기타 분류 안된 상품 전문 소매업,48,경상남도,48330,양산시,48330253,물금읍,4833025324,물금읍,4833025324105090002,1,대지,509,2,경상남도 양산시 물금읍 범어리 509-2,483304814656,경상남도 양산시 물금읍 오봉9길,62,,4833025324105090002010621,,경상남도 양산시 물금읍 오봉9길 62,626814,50600,,,,129.002411530484,35.334879056002
MA010120220812054791,제이솔루션,,G2,소매,G221,기타 상품 소매,G22199,그 외 기타 상품 전문 소매업,G47859,그 외 기타 분류 안된 상품 전문 소매업,41,경기도,41310,구리시,41310580,수택2동,4131010500,수택동,4131010500104650005,1,대지,465,5,경기도 구리시 수택동 465-5,413104388137,경기도 구리시 원수택로52번길,24,11,4131010500104650005005913,,경기도 구리시 원수택로52번길 24-11,471818,11932,,3,,127.142221546078,37.5953379870847
MA010120220812065601,제이제이코퍼레이션,,G2,소매,G221,기타 상품 소매,G22199,그 외 기타 상품 전문 소매업,G47859,그 외 기타 분류 안된 상품 전문 소매업,41,경기도,41590,화성시,41590550,반월동,4159012000,반월동,4159012000107760007,1,대지,776,7,경기도 화성시 반월동 776-7,415904430485,경기도 화성시 반월남길62번길,1,,4159012000007760007027672,,경기도 화성시 반월남길62번길 1,445330,18383,,,,127.057038024753,37.2257665736988
MA010120220812071008,마켓폼,,G2,소매,G221,기타 상품 소매,G22199,그 외 기타 상품 전문 소매업,G47859,그 외 기타 분류 안된 상품 전문 소매업,41,경기도,41131,성남시 수정구,41131630,신촌동,4113110900,신촌동,4113110900102060003,1,대지,206,3,경기도 성남시 수정구 신촌동 206-3,411314334465,경기도 성남시 수정구 신촌로15번길,6,5,4113110900102060003000003,,경기도 성남시 수정구 신촌로15번길 6-5,461330,13101,,2,,127.105297034589,37.4592173493733
MA010120220812079576,향촌원예사,,G2,소매,G221,기타 상품 소매,G22199,그 외 기타 상품 전문 소매업,G47859,그 외 기타 분류 안된 상품 전문 소매업,44,충청남도,44760,부여군,44760420,장암면,4476042027,장암면,4476042027105840021,1,대지,584,21,충청남도 부여군 장암면 석동리 584-21,447603259167,충청남도 부여군 장암면 의자로,1415,,4476042027105840021038028,,충청남도 부여군 장암면 의자로 1415,323912,33183,,,,126.884873611587,36.2451504095021
MA010120220812074285,나라소방,,G2,소매,G221,기타 상품 소매,G22199,그 외 기타 상품 전문 소매업,G47859,그 외 기타 분류 안된 상품 전문 소매업,30,대전광역시,30170,서구,30170540,변동,3017010200,변동,3017010200100290006,1,대지,29,6,대전광역시 서구 변동 29-6,301704298297,대전광역시 서구 동서대로1080번길,27,,3017010200100290006012041,,대전광역시 서구 동서대로1080번길 27,302835,35321,,,,127.379767237089,36.3278544717677
MA010120220812057715,오프로드,,G2,소매,G221,기타 상품 소매,G22199,그 외 기타 상품 전문 소매업,G47859,그 외 기타 분류 안된 상품 전문 소매업,41,경기도,41550,안성시,41550250,공도읍,4155025025,공도읍,4155025025102750105,1,대지,275,105,경기도 안성시 공도읍 용두리 275-105,415503208010,경기도 안성시 공도읍 공도로,39,11,4155025025102750105014630,,경기도 안성시 공도읍 공도로 39-11,456821,17561,,,,127.165134108167,36.9993178508325
MA010120220812071396,선농비료,,G2,소매,G221,기타 상품 소매,G22199,그 외 기타 상품 전문 소매업,G47859,그 외 기타 분류 안된 상품 전문 소매업,48,경상남도,48840,남해군,48840330,삼동면,4884033021,삼동면,4884033021101330002,1,대지,133,2,경상남도 남해군 삼동면 영지리 133-2,488404829254,경상남도 남해군 삼동면 봉화로311번길,23,4,4884033021101330002016087,,경상남도 남해군 삼동면 봉화로311번길 23-4,668843,52443,,,,128.006060674123,34.8045026054174
MA010120220812077027,일로장터약초,,G2,소매,G221,기타 상품 소매,G22199,그 외 기타 상품 전문 소매업,G47859,그 외 기타 분류 안된 상품 전문 소매업,46,전라남도,46840,무안군,46840253,일로읍,4684025326,일로읍,4684025326101120000,1,대지,112,,전라남도 무안군 일로읍 월암리 112,468404688241,전라남도 무안군 일로읍 시장길,11,22,4684025326101120000000001,,전라남도 무안군 일로읍 시장길 11-22,534904,58575,,,,126.49433393604,34.84753363876
MA010120220812082547,세종센터,,G2,소매,G221,기타 상품 소매,G22199,그 외 기타 상품 전문 소매업,G47859,그 외 기타 분류 안된 상품 전문 소매업,36,세종특별자치시,36110,세종특별자치시,36110310,연기면,3611031021,연기면,3611031021104360000,1,대지,436,,세종특별자치시 세종특별자치시 연기면 연기리 436,361103258005,세종특별자치시 세종특별자치시 연기면 당산로,136,5,4473033021104360000015438,,세종특별자치시 세종특별자치시 연기면 당산로 136-5,339824,30058,,,,127.278370372534,36.5453053113753
MA010120220812044187,대구태영이엔티,,G2,소매,G221,기타 상품 소매,G22199,그 외 기타 상품 전문 소매업,G47859,그 외 기타 분류 안된 상품 전문 소매업,47,경상북도,47290,경산시,47290541,서부1동,4729010900,옥산동,4729010900107460012,1,대지,746,12,경상북도 경산시 옥산동 746-12,472904739459,경상북도 경산시 성암로21길,11,6,4729010900107460012007688,,경상북도 경산시 성암로21길 11-6,712800,38676,,,,128.727261089528,35.8255547885345
MA010120220812057958,케이원안전공구,,G2,소매,G221,기타 상품 소매,G22199,그 외 기타 상품 전문 소매업,G47859,그 외 기타 분류 안된 상품 전문 소매업,41,경기도,41570,김포시,41570256,양촌읍,4157025627,양촌읍,4157025627103920007,1,대지,392,7,경기도 김포시 양촌읍 유현리 392-7,415704427468,경기도 김포시 양촌읍 유현삭시로273번길,17,,4157025627103920007000001,,경기도 김포시 양촌읍 유현삭시로273번길 17,415821,10045,,,,126.61301975243,37.6377661698414
MA010120220812069244,골드타일도기상사,,G2,소매,G221,기타 상품 소매,G22199,그 외 기타 상품 전문 소매업,G47519,"페인트, 창호 및 기타 건설자재 소매업",47,경상북도,47113,포항시 북구,47113655,죽도동,4711311600,죽도동,4711311600100880008,1,대지,88,8,경상북도 포항시 북구 죽도동 88-8,471134712403,경상북도 포항시 북구 죽도로28번길,46,,4711311600100880008132291,,경상북도 포항시 북구 죽도로28번길 46,791842,37744,,,,129.361069653043,36.0306705260719
MA010120220812039121,정원인터내셔널,,G2,소매,G221,기타 상품 소매,G22199,그 외 기타 상품 전문 소매업,G47859,그 외 기타 분류 안된 상품 전문 소매업,26,부산광역시,26470,연제구,26470720,연산8동,2647010200,연산동,2647010200110510010,1,대지,1051,10,부산광역시 연제구 연산동 1051-10,264704211099,부산광역시 연제구 과정로265번길,4,,2647010200110510010009038,,부산광역시 연제구 과정로265번길 4,611815,47556,,,,129.098023418795,35.187614435876
MA010120220812044578,아쿠아테라수족관,,G2,소매,G221,기타 상품 소매,G22199,그 외 기타 상품 전문 소매업,G47859,그 외 기타 분류 안된 상품 전문 소매업,52,전북특별자치도,52190,남원시,52190510,동충동,5219010100,동충동,5219010100101970021,1,대지,197,21,전북특별자치도 남원시 동충동 197-21,521904613331,전북특별자치도 남원시 서문안길,10,,4519010100101970021307896,,전북특별자치도 남원시 서문안길 10,590986,55748,,,,127.377692156153,35.4101029564287
MA010120220812075191,흥아안전,,G2,소매,G221,기타 상품 소매,G22199,그 외 기타 상품 전문 소매업,G47859,그 외 기타 분류 안된 상품 전문 소매업,41,경기도,41250,동두천시,41250550,보산동,4125010600,보산동,4125010600103970012,1,대지,397,12,경기도 동두천시 보산동 397-12,412503189024,경기도 동두천시 장고갯로,242,,4125010600103970012000001,,경기도 동두천시 장고갯로 242,483060,11309,,1,,127.061955938426,37.9152416520724
MA010120220812077792,에프피엠,,G2,소매,G221,기타 상품 소매,G22199,그 외 기타 상품 전문 소매업,G47859,그 외 기타 분류 안된 상품 전문 소매업,27,대구광역시,27110,중구,27110690,대봉2동,2711015700,대봉동,2711015700107220002,1,대지,722,2,대구광역시 중구 대봉동 722-2,271104223071,대구광역시 중구 대봉로43안길,50,3,2711015700107220002019046,,대구광역시 중구 대봉로43안길 50-3,700813,41955,,1,,128.599169285602,35.8596428624335
MA010120220811751969,시민한약건재약업사,,G2,소매,G221,기타 상품 소매,G22199,그 외 기타 상품 전문 소매업,G47859,그 외 기타 분류 안된 상품 전문 소매업,44,충청남도,44131,천안시 동남구,44131510,중앙동,4413110500,영성동,4413110500100990001,1,대지,99,1,충청남도 천안시 동남구 영성동 99-1,441313249034,충청남도 천안시 동남구 영성로,30,,4413110500100990001025937,,충청남도 천안시 동남구 영성로 30,330050,31131,,,,127.150823873602,36.8009694684324
MA010120220811762801,전국씨씨티비,,G2,소매,G221,기타 상품 소매,G22199,그 외 기타 상품 전문 소매업,G47859,그 외 기타 분류 안된 상품 전문 소매업,44,충청남도,44133,천안시 서북구,44133250,성환읍,4413325030,성환읍,4413325030104720033,1,대지,472,33,충청남도 천안시 서북구 성환읍 복모리 472-33,441332249005,충청남도 천안시 서북구 성환읍 천안대로,2345,22,4413325030104720033000862,,충청남도 천안시 서북구 성환읍 천안대로 2345-22,331801,31001,,,,127.130592736317,36.9492605164389
MA010120220811735505,살롱드프린세스,,G2,소매,G221,기타 상품 소매,G22199,그 외 기타 상품 전문 소매업,G47422,의복 액세서리 및 모조 장신구 소매업,11,서울특별시,11350,노원구,11350720,상계10동,1135010500,상계동,1135010500106930001,1,대지,693,1,서울특별시 노원구 상계동 693-1,113503110003,서울특별시 노원구 상계로,51,,1135010500106930001000362,,서울특별시 노원구 상계로 51,139827,01694,,6,,127.060833273445,37.6559813364693
MA010120220811763247,남매약초,,G2,소매,G221,기타 상품 소매,G22199,그 외 기타 상품 전문 소매업,G47859,그 외 기타 분류 안된 상품 전문 소매업,44,충청남도,44200,아산시,44200400,도고면,4420040021,도고면,4420040021100940019,1,대지,94,19,충청남도 아산시 도고면 신언리 94-19,442004559507,충청남도 아산시 도고면 아산만로185번길,5,,4420040021100940019014039,,충청남도 아산시 도고면 아산만로185번길 5,336914,31550,,,,126.867499909215,36.760143747568
MA010120220811777061,위드커넥트,,G2,소매,G221,기타 상품 소매,G22199,그 외 기타 상품 전문 소매업,G47859,그 외 기타 분류 안된 상품 전문 소매업,29,광주광역시,29200,광산구,29200550,신흥동,2920010400,신촌동,2920010400106820003,1,대지,682,3,광주광역시 광산구 신촌동 682-3,292002009004,광주광역시 광산구 상무대로,471,,2920010400106820003000001,,광주광역시 광산구 상무대로 471,506810,62362,,,,126.817411710176,35.1435423201939
MA010120220811741384,한농종묘사,,G2,소매,G221,기타 상품 소매,G22199,그 외 기타 상품 전문 소매업,G47859,그 외 기타 분류 안된 상품 전문 소매업,47,경상북도,47930,울진군,47930390,금강송면,4793039021,금강송면,4793039021103650000,1,대지,365,,경상북도 울진군 금강송면 삼근리 365,479303018127,경상북도 울진군 금강송면 불영계곡로,1690,,4793032021103620001032390,,경상북도 울진군 금강송면 불영계곡로 1690,767882,36301,,,,129.246969339487,36.933856058171
MA010120220811738724,풍년농약사,,G2,소매,G221,기타 상품 소매,G22199,그 외 기타 상품 전문 소매업,G47859,그 외 기타 분류 안된 상품 전문 소매업,46,전라남도,46840,무안군,46840253,일로읍,4684025326,일로읍,4684025326101860090,1,대지,186,90,전라남도 무안군 일로읍 월암리 186-90,468403296031,전라남도 무안군 일로읍 일로로,66,,4684025326101860090033811,,전라남도 무안군 일로읍 일로로 66,534904,58575,,,,126.494179278005,34.8495791593417
MA010120220811747384,괴산쌀전업농,,G2,소매,G221,기타 상품 소매,G22199,그 외 기타 상품 전문 소매업,G47859,그 외 기타 분류 안된 상품 전문 소매업,43,충청북도,43760,괴산군,43760250,괴산읍,4376025027,괴산읍,4376025027104390001,1,대지,439,1,충청북도 괴산군 괴산읍 능촌리 439-1,437603246007,충청북도 괴산군 괴산읍 능촌로,103,,4376025027104390001203323,,충청북도 괴산군 괴산읍 능촌로 103,367803,28023,,,,127.832489503289,36.8358618823645
MA010120220811760975,광주약초,,G2,소매,G221,기타 상품 소매,G22199,그 외 기타 상품 전문 소매업,G47859,그 외 기타 분류 안된 상품 전문 소매업,29,광주광역시,29140,서구,29140575,양동,2914010400,양동,2914010400100050282,1,대지,5,282,광주광역시 서구 양동 5-282,291404280281,광주광역시 서구 양동시장1길,26,,2914010400100050282006368,,광주광역시 서구 양동시장1길 26,502822,61924,,,,126.903476926321,35.1528443325887
MA010120220811763956,성사유통,,G2,소매,G221,기타 상품 소매,G22199,그 외 기타 상품 전문 소매업,G47859,그 외 기타 분류 안된 상품 전문 소매업,41,경기도,41281,고양시 덕양구,41281540,성사1동,4128110600,성사동,4128110600107010001,1,대지,701,1,경기도 고양시 덕양구 성사동 701-1,412814376015,경기도 고양시 덕양구 고양대로1369번길,25,,4128110600107010001013972,,경기도 고양시 덕양구 고양대로1369번길 25,412807,10464,,2,,126.836902048916,37.655776154453
MA010120220811776705,아토즈캠핑마리오,아울렛점,G2,소매,G221,기타 상품 소매,G22199,그 외 기타 상품 전문 소매업,G46464,운동 및 경기용품 도매업,11,서울특별시,11545,금천구,11545510,가산동,1154510100,가산동,1154510100100600020,1,대지,60,20,서울특별시 금천구 가산동 60-20,115453116013,서울특별시 금천구 벚꽃로,266,,1154510100100600020014060,마리오아울렛,서울특별시 금천구 벚꽃로 266,153717,08511,,10,,126.885088752551,37.4784449643288
MA010120220811761264,클라우드9,,G2,소매,G221,기타 상품 소매,G22199,그 외 기타 상품 전문 소매업,G47859,그 외 기타 분류 안된 상품 전문 소매업,43,충청북도,43113,청주시 흥덕구,43113741,복대1동,4311311400,복대동,4311311400129220000,1,대지,2922,,충청북도 청주시 흥덕구 복대동 2922,431133237082,충청북도 청주시 흥덕구 짐대로,69,,4311311400129220000007865,,충청북도 청주시 흥덕구 짐대로 69,361815,28419,,2,,127.429571997627,36.6310052483135
MA010120220811736739,미래천사라이프,,G2,소매,G221,기타 상품 소매,G22199,그 외 기타 상품 전문 소매업,G47859,그 외 기타 분류 안된 상품 전문 소매업,41,경기도,41133,성남시 중원구,41133570,상대원1동,4113310500,상대원동,4113310500101460008,1,대지,146,8,경기도 성남시 중원구 상대원동 146-8,411334337205,경기도 성남시 중원구 사기막골로45번길,14,,4113310500101460008014823,성남우림라이온스밸리2차,경기도 성남시 중원구 사기막골로45번길 14,462807,13209,,15,,127.169853010805,37.4367159824391
MA010120220811742309,죽림선원,,G2,소매,G221,기타 상품 소매,G22199,그 외 기타 상품 전문 소매업,G47859,그 외 기타 분류 안된 상품 전문 소매업,11,서울특별시,11620,관악구,11620745,삼성동,1162010200,신림동,1162010200103950048,1,대지,395,48,서울특별시 관악구 신림동 395-48,116203120005,서울특별시 관악구 신림로,161,,1162010200103950048010224,,서울특별시 관악구 신림로 161,151865,08846,,3,,126.933074600975,37.4734902948749
MA010120220811761850,우주불교만물,,G2,소매,G221,기타 상품 소매,G22199,그 외 기타 상품 전문 소매업,G47859,그 외 기타 분류 안된 상품 전문 소매업,30,대전광역시,30140,중구,30140730,문화2동,3014011600,문화동,3014011600105830009,1,대지,583,9,대전광역시 중구 문화동 583-9,301403010022,대전광역시 중구 보문산로,183,1,3014011600105830009019972,,대전광역시 중구 보문산로 183-1,301814,35008,,1,,127.400637970334,36.3060408796483
MA010120220811775597,케이엠엘리부천,상동점,G2,소매,G221,기타 상품 소매,G22199,그 외 기타 상품 전문 소매업,G47859,그 외 기타 분류 안된 상품 전문 소매업,41,경기도,41192,부천시 원미구,41192700,상3동,4119210900,상동,4119210900105380001,1,대지,538,1,경기도 부천시 원미구 상동 538-1,411924352296,경기도 부천시 원미구 송내대로265번길,17,,4119510900105380001045252,효성프라자,경기도 부천시 원미구 송내대로265번길 17,420862,14542,,,,126.757977535632,37.5068688951354
MA010120220811742546,오행허브,,G2,소매,G221,기타 상품 소매,G22199,그 외 기타 상품 전문 소매업,G47859,그 외 기타 분류 안된 상품 전문 소매업,52,전북특별자치도,52190,남원시,52190550,금동,5219010600,금동,5219010600104080005,1,대지,408,5,전북특별자치도 남원시 금동 408-5,521904613083,전북특별자치도 남원시 금하정1길,30,,4519010600104080005308869,,전북특별자치도 남원시 금하정1길 30,590982,55767,,,,127.37329382868,35.4041228759021
MA010120220811748401,찬서컴퍼니,,G2,소매,G221,기타 상품 소매,G22199,그 외 기타 상품 전문 소매업,G47859,그 외 기타 분류 안된 상품 전문 소매업,41,경기도,41133,성남시 중원구,41133570,상대원1동,4113310500,상대원동,4113310500154600000,1,대지,5460,,경기도 성남시 중원구 상대원동 5460,411334337005,경기도 성남시 중원구 갈마치로288번길,14,,4113310500101450001068043,성남SK,경기도 성남시 중원구 갈마치로288번길 14,462121,13201,,,,127.173859474151,37.4395123124284
MA010120220811767213,플러스이엔지,,G2,소매,G221,기타 상품 소매,G22199,그 외 기타 상품 전문 소매업,G47859,그 외 기타 분류 안된 상품 전문 소매업,11,서울특별시,11710,송파구,11710642,문정2동,1171010800,문정동,1171010800106440002,1,대지,644,2,서울특별시 송파구 문정동 644-2,117104853405,서울특별시 송파구 법원로11길,7,,1171010800102150000000001,문정현대지식산업센터1,서울특별시 송파구 법원로11길 7,138888,05836,,1,,127.119410502798,37.4852881667069
MA010120220811765075,천삼비료,,G2,소매,G221,기타 상품 소매,G22199,그 외 기타 상품 전문 소매업,G47859,그 외 기타 분류 안된 상품 전문 소매업,43,충청북도,43770,음성군,43770253,금왕읍,4377025335,금왕읍,4377025335103380001,1,대지,338,1,충청북도 음성군 금왕읍 쌍봉리 338-1,437704541076,충청북도 음성군 금왕읍 금일로371번길,33,21,4377025335103380001000001,,충청북도 음성군 금왕읍 금일로371번길 33-21,369902,27642,,,,127.547158596417,37.0011091079745
MA010120220811765335,행운농약사,,G2,소매,G221,기타 상품 소매,G22199,그 외 기타 상품 전문 소매업,G47859,그 외 기타 분류 안된 상품 전문 소매업,29,광주광역시,29155,남구,29155730,대촌동,2915513000,월성동,2915513000105520001,1,대지,552,1,광주광역시 남구 월성동 552-1,291553161018,광주광역시 남구 포충로,239,,2915513000105520001016565,,광주광역시 남구 포충로 239,503208,61762,,,,126.803028088475,35.0649386943085
MA010120220811784525,제일유통,,G2,소매,G221,기타 상품 소매,G22199,그 외 기타 상품 전문 소매업,G47859,그 외 기타 분류 안된 상품 전문 소매업,43,충청북도,43130,충주시,43130385,중앙탑면,4313038524,중앙탑면,4313038524110400005,1,대지,1040,5,충청북도 충주시 중앙탑면 장천리 1040-5,431303238068,충청북도 충주시 중앙탑면 첨단산업로,1161,,4313038024110400005000001,,충청북도 충주시 중앙탑면 첨단산업로 1161,380921,27447,,,,127.864857189126,37.062635218424
MA010120220811814831,주은총포사,,G2,소매,G221,기타 상품 소매,G22199,그 외 기타 상품 전문 소매업,G47859,그 외 기타 분류 안된 상품 전문 소매업,27,대구광역시,27230,북구,27230715,관문동,2723012900,금호동,2723012900101630000,1,대지,163,,대구광역시 북구 금호동 163,272304235216,대구광역시 북구 문주길,38,,2723012900101630000000001,,대구광역시 북구 문주길 38,702300,41491,,,,128.526109793144,35.900766597585
MA010120220811817614,자연농부와숨터,,G2,소매,G221,기타 상품 소매,G22199,그 외 기타 상품 전문 소매업,G47859,그 외 기타 분류 안된 상품 전문 소매업,43,충청북도,43760,괴산군,43760350,문광면,4376035021,문광면,4376035021107540000,1,대지,754,,충청북도 괴산군 문광면 광덕리 754,437604538057,충청북도 괴산군 문광면 광덕5길,191,31,4376035021107540000000001,,충청북도 괴산군 문광면 광덕5길 191-31,367851,28057,,,,127.782207578852,36.764900188341
MA010120220811784634,엔공구전주,대리점,G2,소매,G221,기타 상품 소매,G22199,그 외 기타 상품 전문 소매업,G47859,그 외 기타 분류 안된 상품 전문 소매업,52,전북특별자치도,52113,전주시 덕진구,52113620,호성동,5211311600,호성동1가,5211311600105880000,1,대지,588,,전북특별자치도 전주시 덕진구 호성동1가 588,521132266002,전북특별자치도 전주시 덕진구 동부대로,856,,4511311600105880000000001,,전북특별자치도 전주시 덕진구 동부대로 856,561211,54817,,,,127.151396027874,35.8629997666911
MA010120220811784733,핑크하우스평택신장점,,G2,소매,G221,기타 상품 소매,G22199,그 외 기타 상품 전문 소매업,G47859,그 외 기타 분류 안된 상품 전문 소매업,41,경기도,41220,평택시,41220570,신장1동,4122011200,신장동,4122011200103130033,1,대지,313,33,경기도 평택시 신장동 313-33,412203188049,경기도 평택시 쇼핑로,19,5,4122011200103130033008573,,경기도 평택시 쇼핑로 19-5,459120,17758,,,,127.05139648156,37.0814916049085
MA010120220811784780,광주방충망오월이,,G2,소매,G221,기타 상품 소매,G22199,그 외 기타 상품 전문 소매업,G47859,그 외 기타 분류 안된 상품 전문 소매업,29,광주광역시,29140,서구,29140730,광천동,2914011500,광천동,2914011500100880010,1,대지,88,10,광주광역시 서구 광천동 88-10,291404280021,광주광역시 서구 광천1길,16,20,2914011500100880010001943,,광주광역시 서구 광천1길 16-20,502800,61914,,,,126.882794152201,35.1649043038086
MA010120220811812152,핑크러브,,G2,소매,G221,기타 상품 소매,G22199,그 외 기타 상품 전문 소매업,G47859,그 외 기타 분류 안된 상품 전문 소매업,47,경상북도,47190,구미시,47190680,진미동,4719012300,진평동,4719012300100120002,1,대지,12,2,경상북도 구미시 진평동 12-2,471904724775,경상북도 구미시 인동남길,102,,4719012300100120002006929,,경상북도 구미시 인동남길 102,730360,39408,,2,,128.426912428515,36.0976434373914
MA010120220811790643,보령금산인삼사,,G2,소매,G221,기타 상품 소매,G22199,그 외 기타 상품 전문 소매업,G47859,그 외 기타 분류 안된 상품 전문 소매업,44,충청남도,44180,보령시,44180515,대천1동,4418010100,대천동,4418010100101970078,1,대지,197,78,충청남도 보령시 대천동 197-78,441804556281,충청남도 보령시 상설시장길,26,,4418010100101970078015004,,충청남도 보령시 상설시장길 26,355933,33464,,1,,126.595804869729,36.3502136410879
MA010120220811790757,흥농종묘농약사,,G2,소매,G221,기타 상품 소매,G22199,그 외 기타 상품 전문 소매업,G47859,그 외 기타 분류 안된 상품 전문 소매업,48,경상남도,48170,진주시,48170565,중앙동,4817011700,장대동,4817011700101280007,1,대지,128,7,경상남도 진주시 장대동 128-7,481703332056,경상남도 진주시 진양호로,559,,4817011700101280007000285,,경상남도 진주시 진양호로 559,660170,52755,,,,128.086435800707,35.1940774295925
MA010120220811796171,법인한국흑삼공사,,G2,소매,G221,기타 상품 소매,G22199,그 외 기타 상품 전문 소매업,G47859,그 외 기타 분류 안된 상품 전문 소매업,44,충청남도,44710,금산군,44710350,남일면,4471035024,남일면,4471035024103150001,1,대지,315,1,충청남도 금산군 남일면 초현리 315-1,447104571667,충청남도 금산군 남일면 하초현1길,10,,4471035024103150001004173,,충청남도 금산군 남일면 하초현1길 10,312851,32758,,,,127.505102233757,36.0435681413432
MA010120220811804310,후지종합상사,,G2,소매,G221,기타 상품 소매,G22199,그 외 기타 상품 전문 소매업,G47859,그 외 기타 분류 안된 상품 전문 소매업,51,강원특별자치도,51150,강릉시,51150250,주문진읍,5115025021,주문진읍,5115025021110440004,1,대지,1044,4,강원특별자치도 강릉시 주문진읍 주문리 1044-4,511504460719,강원특별자치도 강릉시 주문진읍 용소원길,20,,4215025021110440004032707,,강원특별자치도 강릉시 주문진읍 용소원길 20,210806,25415,,,,128.822448806667,37.8926155212099
MA010120220811783043,"풍기대리운전,풍기전통홍삼",,G2,소매,G221,기타 상품 소매,G22199,그 외 기타 상품 전문 소매업,G47859,그 외 기타 분류 안된 상품 전문 소매업,47,경상북도,47210,영주시,47210250,풍기읍,4721025021,풍기읍,4721025021100160001,1,대지,16,1,경상북도 영주시 풍기읍 성내리 16-1,472103309069,경상북도 영주시 풍기읍 풍기로,70,1,4721025021100160001012170,,경상북도 영주시 풍기읍 풍기로 70-1,750805,36029,,1,,128.526330911385,36.8709925913792
MA010120220811801901,다인유통,,G2,소매,G221,기타 상품 소매,G22199,그 외 기타 상품 전문 소매업,G47859,그 외 기타 분류 안된 상품 전문 소매업,47,경상북도,47230,영천시,47230330,화산면,4723033030,화산면,4723033030101360002,1,대지,136,2,경상북도 영천시 화산면 삼부리 136-2,472303309054,경상북도 영천시 화산면 장수로,602,,4723033030101360002018809,,경상북도 영천시 화산면 장수로 602,770853,38808,,,,128.882725619684,36.0037355491623
MA010120220811785782,대동한약국,,G2,소매,G221,기타 상품 소매,G22199,그 외 기타 상품 전문 소매업,G47859,그 외 기타 분류 안된 상품 전문 소매업,30,대전광역시,30170,서구,30170560,괴정동,3017010800,괴정동,3017010800100890052,1,대지,89,52,대전광역시 서구 괴정동 89-52,301704298024,대전광역시 서구 갈마로261번길,35,,3017010800100890052011054,,대전광역시 서구 갈마로261번길 35,302815,35294,,1,,127.383818845211,36.3341948332326
MA010120220811804966,신북원예사,,G2,소매,G221,기타 상품 소매,G22199,그 외 기타 상품 전문 소매업,G47859,그 외 기타 분류 안된 상품 전문 소매업,46,전라남도,46830,영암군,46830330,신북면,4683033030,신북면,4683033030100740001,1,대지,74,1,전라남도 영암군 신북면 월평리 74-1,468303295106,전라남도 영암군 신북면 황금동로,38,1,4683033030100740001000002,,전라남도 영암군 신북면 황금동로 38-1,526812,58401,,,,126.690566413083,34.8854009023228
MA010120220811810606,조은케미칼,,G2,소매,G221,기타 상품 소매,G22199,그 외 기타 상품 전문 소매업,G47859,그 외 기타 분류 안된 상품 전문 소매업,51,강원특별자치도,51750,영월군,51750250,영월읍,5175025021,영월읍,5175025021109540009,1,대지,954,9,강원특별자치도 영월군 영월읍 영흥리 954-9,517503227021,강원특별자치도 영월군 영월읍 중앙1로,46,,4275025021109540009017539,,강원특별자치도 영월군 영월읍 중앙1로 46,230805,26233,,,,128.466036101214,37.1852083971723
MA010120220811816291,정민산업개발,,G2,소매,G221,기타 상품 소매,G22199,그 외 기타 상품 전문 소매업,G47859,그 외 기타 분류 안된 상품 전문 소매업,26,부산광역시,26260,동래구,26260520,복산동,2626010300,칠산동,2626010300100630001,1,대지,63,1,부산광역시 동래구 칠산동 63-1,262604190564,부산광역시 동래구 칠산로50번길,6,7,2626010300100630001011290,,부산광역시 동래구 칠산로50번길 6-7,607030,47805,,1,,129.093213352949,35.2063515199307
MA010120220811789060,"돌풀조경,수석",,G2,소매,G221,기타 상품 소매,G22199,그 외 기타 상품 전문 소매업,G47859,그 외 기타 분류 안된 상품 전문 소매업,43,충청북도,43130,충주시,43130385,중앙탑면,4313038523,중앙탑면,4313038523102220010,1,대지,222,10,충청북도 충주시 중앙탑면 가흥리 222-10,431303197001,충청북도 충주시 중앙탑면 가곡로,2058,,4313038023102200000054335,,충청북도 충주시 중앙탑면 가곡로 2058,380921,27446,,,,127.856692815785,37.0754802808172
MA010120220811786480,빅필드컴퍼니,,G2,소매,G221,기타 상품 소매,G22199,그 외 기타 상품 전문 소매업,G45219,기타 자동차 신품 부품 및 내장품 판매업,30,대전광역시,30200,유성구,30200526,학하동,3020010600,계산동,3020010600108040008,1,대지,804,8,대전광역시 유성구 계산동 804-8,302004301565,대전광역시 유성구 학하서로20번길,10,,3020010600108040008000001,인스빌,대전광역시 유성구 학하서로20번길 10,305360,34209,,,,127.303463926757,36.3415361750887
MA010120220811819775,다산한약방,,G2,소매,G221,기타 상품 소매,G22199,그 외 기타 상품 전문 소매업,G47859,그 외 기타 분류 안된 상품 전문 소매업,11,서울특별시,11230,동대문구,11230545,제기동,1123010300,제기동,1123010300111400055,1,대지,1140,55,서울특별시 동대문구 제기동 1140-55,112303105007,서울특별시 동대문구 약령중앙로,5,,1123010300111400055031929,대산빌딩,서울특별시 동대문구 약령중앙로 5,130864,02569,,1,,127.036589069184,37.5788397353846
MA010120220811863198,이숍닷컴,,G2,소매,G221,기타 상품 소매,G22199,그 외 기타 상품 전문 소매업,G47859,그 외 기타 분류 안된 상품 전문 소매업,29,광주광역시,29170,북구,29170535,중흥동,2917010100,중흥동,2917010100102840016,1,대지,284,16,광주광역시 북구 중흥동 284-16,291703162029,광주광역시 북구 서방로,22,,2917010100102840016010426,,광주광역시 북구 서방로 22,500873,61207,,1,,126.915352579483,35.1731067447003
MA010120220811822742,들꽃,,G2,소매,G221,기타 상품 소매,G22199,그 외 기타 상품 전문 소매업,G47859,그 외 기타 분류 안된 상품 전문 소매업,51,강원특별자치도,51770,정선군,51770350,임계면,5177035023,임계면,5177035023105170000,1,대지,517,,강원특별자치도 정선군 임계면 직원리 517,517704487073,강원특별자치도 정선군 임계면 눈꽃마을길,483,25,4277035023105170000024970,,강원특별자치도 정선군 임계면 눈꽃마을길 483-25,233871,26112,,,,128.936010404137,37.5052944225855
MA010120220811831075,요정,,G2,소매,G221,기타 상품 소매,G22199,그 외 기타 상품 전문 소매업,G47859,그 외 기타 분류 안된 상품 전문 소매업,41,경기도,41115,수원시 팔달구,41115660,매산동,4111513500,매산로2가,4111513500100400003,1,대지,40,3,경기도 수원시 팔달구 매산로2가 40-3,411153176018,경기도 수원시 팔달구 향교로,52,,4111513500100400003054670,대주파크빌,경기도 수원시 팔달구 향교로 52,442847,16456,,4,,127.006471455382,37.2689311623462
MA010120220811833702,무지개농약사,,G2,소매,G221,기타 상품 소매,G22199,그 외 기타 상품 전문 소매업,G47859,그 외 기타 분류 안된 상품 전문 소매업,46,전라남도,46890,완도군,46890250,완도읍,4689025021,완도읍,4689025021112480021,1,대지,1248,21,전라남도 완도군 완도읍 군내리 1248-21,468902300001,전라남도 완도군 완도읍 장보고대로,220,,4689025021112480021008159,,전라남도 완도군 완도읍 장보고대로 220,537800,59120,,,,126.749177838768,34.3160785392167
MA010120220811857546,동양약초상,,G2,소매,G221,기타 상품 소매,G22199,그 외 기타 상품 전문 소매업,G47859,그 외 기타 분류 안된 상품 전문 소매업,48,경상남도,48127,창원시 마산회원구,48127560,양덕1동,4812710500,양덕동,4812710500100480035,1,대지,48,35,경상남도 창원시 마산회원구 양덕동 48-35,481274790266,경상남도 창원시 마산회원구 양덕천길,66,,4812710500100480035012578,,경상남도 창원시 마산회원구 양덕천길 66,630809,51365,,,,128.587931066061,35.2315641998558
MA010120220811834206,화순삼베,,G2,소매,G221,기타 상품 소매,G22199,그 외 기타 상품 전문 소매업,G47859,그 외 기타 분류 안된 상품 전문 소매업,46,전라남도,46790,화순군,46790250,화순읍,4679025033,화순읍,4679025033100840001,1,대지,84,1,전라남도 화순군 화순읍 대리 84-1,467904673084,전라남도 화순군 화순읍 대리길,20,2,4679025033100840001041432,,전라남도 화순군 화순읍 대리길 20-2,519951,58110,,,,126.978864680375,35.0597967017061
MA010120220811839489,대한소방자재,,G2,소매,G221,기타 상품 소매,G22199,그 외 기타 상품 전문 소매업,G47859,그 외 기타 분류 안된 상품 전문 소매업,26,부산광역시,26230,부산진구,26230720,가야2동,2623011000,가야동,2623011000106590010,1,대지,659,10,부산광역시 부산진구 가야동 659-10,262304187372,부산광역시 부산진구 복지로47번길,65,,2623011000106590010000585,,부산광역시 부산진구 복지로47번길 65,614801,47379,,,,129.024210464226,35.149409026129
MA010120220811842272,도레담,,G2,소매,G221,기타 상품 소매,G22199,그 외 기타 상품 전문 소매업,G47859,그 외 기타 분류 안된 상품 전문 소매업,26,부산광역시,26230,부산진구,26230550,초읍동,2623010700,초읍동,2623010700105130000,1,대지,513,,부산광역시 부산진구 초읍동 513,262304187468,부산광역시 부산진구 성지로94번길,133,19,2623010700105130000008193,,부산광역시 부산진구 성지로94번길 133-19,614874,47113,,1,,129.059305498868,35.1823135775385
MA010120220811842324,자연약초,,G2,소매,G221,기타 상품 소매,G22199,그 외 기타 상품 전문 소매업,G47859,그 외 기타 분류 안된 상품 전문 소매업,46,전라남도,46730,구례군,46730250,구례읍,4673025021,구례읍,4673025021101890043,1,대지,189,43,전라남도 구례군 구례읍 봉동리 189-43,467304664003,전라남도 구례군 구례읍 5일시장큰길,24,11,4673025021101890043017364,,전라남도 구례군 구례읍 5일시장큰길 24-11,542804,57637,,,,127.470431993294,35.2100612950493
MA010120220811853255,밤톨이네식품기계공작소,,G2,소매,G221,기타 상품 소매,G22199,그 외 기타 상품 전문 소매업,G47859,그 외 기타 분류 안된 상품 전문 소매업,11,서울특별시,11710,송파구,11710540,마천1동,1171011400,마천동,1171011400103570018,1,대지,357,18,서울특별시 송파구 마천동 357-18,117104169281,서울특별시 송파구 성내천로43나길,9,,1171011400103570018019544,,서울특별시 송파구 성내천로43나길 9,138821,05749,,지,,127.155558174008,37.4962113544975
MA010120220811853435,더굿,,G2,소매,G221,기타 상품 소매,G22199,그 외 기타 상품 전문 소매업,G47859,그 외 기타 분류 안된 상품 전문 소매업,27,대구광역시,27110,중구,27110595,대신동,2711015400,대신동,2711015400100690021,1,대지,69,21,대구광역시 중구 대신동 69-21,271103141003,대구광역시 중구 달성공원로,12,1,2711015400100690021002966,더굿,대구광역시 중구 달성공원로 12-1,700814,41925,,1,,128.579648040413,35.8716701286858
MA010120220811858465,천지함,,G2,소매,G221,기타 상품 소매,G22199,그 외 기타 상품 전문 소매업,G47859,그 외 기타 분류 안된 상품 전문 소매업,44,충청남도,44800,홍성군,44800250,홍성읍,4480025021,홍성읍,4480025021103430001,1,대지,343,1,충청남도 홍성군 홍성읍 오관리 343-1,448003259240,충청남도 홍성군 홍성읍 충절로,1017,,4480025021103430001050651,,충청남도 홍성군 홍성읍 충절로 1017,350816,32235,,,,126.669585695839,36.59769108526
MA010120220811858657,코코농자재,,G2,소매,G221,기타 상품 소매,G22199,그 외 기타 상품 전문 소매업,G47859,그 외 기타 분류 안된 상품 전문 소매업,41,경기도,41670,여주시,41670320,흥천면,4167032023,흥천면,4167032023100060006,1,대지,6,6,경기도 여주시 흥천면 문장리 6-6,416703012067,경기도 여주시 흥천면 이여로,1017,,4167032023100060006000001,코코농자재,경기도 여주시 흥천면 이여로 1017,469821,12605,,,,127.518256590397,37.3709281716365
MA010120220811831982,시장불교사,,G2,소매,G221,기타 상품 소매,G22199,그 외 기타 상품 전문 소매업,G47859,그 외 기타 분류 안된 상품 전문 소매업,48,경상남도,48250,김해시,48250510,동상동,4825010100,동상동,4825010100108650002,1,대지,865,2,경상남도 김해시 동상동 865-2,482504805879,경상남도 김해시 호계로517번길,16,,4825010100108650002090072,,경상남도 김해시 호계로517번길 16,621020,50915,,,,128.882676433434,35.2367459849797
MA010120220811861450,지리산골식품,,G2,소매,G221,기타 상품 소매,G22199,그 외 기타 상품 전문 소매업,G47859,그 외 기타 분류 안된 상품 전문 소매업,48,경상남도,48850,하동군,48850310,화개면,4885031023,화개면,4885031023107260051,1,대지,726,51,경상남도 하동군 화개면 탑리 726-51,488503344009,경상남도 하동군 화개면 쌍계로,19,1,4885031023107260051000001,주,경상남도 하동군 화개면 쌍계로 19-1,667822,52303,,1,,127.624116380097,35.1882934008216
MA010120220811863547,샤이맨,,G2,소매,G221,기타 상품 소매,G22199,그 외 기타 상품 전문 소매업,G47859,그 외 기타 분류 안된 상품 전문 소매업,44,충청남도,44210,서산시,44210535,동문2동,4421010200,동문동,4421010200102440010,1,대지,244,10,충청남도 서산시 동문동 244-10,442103254122,충청남도 서산시 율지16로,6,1,4421010200102440010039340,외,충청남도 서산시 율지16로 6-1,356800,31993,,1,,126.461546877051,36.7776700869515
MA010120220811827018,올라이트라이프동부지사,,G2,소매,G221,기타 상품 소매,G22199,그 외 기타 상품 전문 소매업,G47859,그 외 기타 분류 안된 상품 전문 소매업,41,경기도,41360,남양주시,41360250,와부읍,4136025024,와부읍,4136025024103090017,1,대지,309,17,경기도 남양주시 와부읍 월문리 309-17,413604391528,경기도 남양주시 와부읍 수레로486번길,8,,4136025024103090017023962,,경기도 남양주시 와부읍 수레로486번길 8,472905,12202,,,,127.258564272474,37.6070515225139
MA010120220811835595,스타원총포사,,G2,소매,G221,기타 상품 소매,G22199,그 외 기타 상품 전문 소매업,G47859,그 외 기타 분류 안된 상품 전문 소매업,27,대구광역시,27230,북구,27230550,침산1동,2723010600,침산동,2723010600108050020,1,대지,805,20,대구광역시 북구 침산동 805-20,272303145016,대구광역시 북구 노원로,252,,2723010600108050020025180,,대구광역시 북구 노원로 252,702862,41545,,2,,128.587226016864,35.9007672148273
MA010120220811841081,피지오농업,,G2,소매,G221,기타 상품 소매,G22199,그 외 기타 상품 전문 소매업,G47859,그 외 기타 분류 안된 상품 전문 소매업,52,전북특별자치도,52113,전주시 덕진구,52113665,여의동,5211313200,장동,5211313200106100008,1,대지,610,8,전북특별자치도 전주시 덕진구 장동 610-8,521134601410,전북특별자치도 전주시 덕진구 장동길,49,19,4511313200106100008000001,,전북특별자치도 전주시 덕진구 장동길 49-19,561330,54857,,,,127.064826569307,35.8507034320597
MA010120220811838542,금강수석,,G2,소매,G221,기타 상품 소매,G22199,그 외 기타 상품 전문 소매업,G47859,그 외 기타 분류 안된 상품 전문 소매업,47,경상북도,47770,영덕군,47770340,지품면,4777034041,지품면,4777034041101930001,1,대지,193,1,경상북도 영덕군 지품면 신양리 193-1,477703018013,경상북도 영덕군 지품면 경동로,7517,,4777034041101930001000891,,경상북도 영덕군 지품면 경동로 7517,766864,36446,,,,129.307031025063,36.4307385632959
MA010120220811851948,24시편의점여수,중앙점,G2,소매,G221,기타 상품 소매,G22199,그 외 기타 상품 전문 소매업,G47859,그 외 기타 분류 안된 상품 전문 소매업,46,전라남도,46130,여수시,46130570,중앙동,4613010700,중앙동,4613010700103230000,1,대지,323,,전라남도 여수시 중앙동 323,461304646854,전라남도 여수시 중앙1길,13,,4613010700103230000057009,,전라남도 여수시 중앙1길 13,550060,59737,,,,127.736857981454,34.7401872633587
MA010120220811891066,파주고양종합상사,,G2,소매,G221,기타 상품 소매,G22199,그 외 기타 상품 전문 소매업,G47859,그 외 기타 분류 안된 상품 전문 소매업,41,경기도,41480,파주시,41480520,금촌2동,4148010100,금촌동,4148010100109870005,1,대지,987,5,경기도 파주시 금촌동 987-5,414803206160,경기도 파주시 금빛로,44,1,4148010100109870005005591,힘찬프라자,경기도 파주시 금빛로 44-1,413826,10915,,,,126.767892131628,37.7522989219821
MA010120220811896538,에이치에스솔루션,,G2,소매,G221,기타 상품 소매,G22199,그 외 기타 상품 전문 소매업,G47859,그 외 기타 분류 안된 상품 전문 소매업,41,경기도,41150,의정부시,41150520,의정부2동,4115010100,의정부동,4115010100104860007,1,대지,486,7,경기도 의정부시 의정부동 486-7,411503181060,경기도 의정부시 시민로,39,,4115010100104860007012917,의정부대정프라자,경기도 의정부시 시민로 39,480848,11673,,5,,127.039435733449,37.7385198211257
MA010120220811905057,아랑고고장구,,G2,소매,G221,기타 상품 소매,G22199,그 외 기타 상품 전문 소매업,G47859,그 외 기타 분류 안된 상품 전문 소매업,27,대구광역시,27230,북구,27230790,노원동,2723010900,노원동3가,2723010900107640002,1,대지,764,2,대구광역시 북구 노원동3가 764-2,272303007024,대구광역시 북구 팔달로,151,,2723010900107640002000001,,대구광역시 북구 팔달로 151,702816,41557,,3,,128.566642686571,35.8892956623098
MA010120220811868791,건강상회,,G2,소매,G221,기타 상품 소매,G22199,그 외 기타 상품 전문 소매업,G47859,그 외 기타 분류 안된 상품 전문 소매업,26,부산광역시,26500,수영구,26500740,망미1동,2650010100,망미동,2650010100104400008,1,대지,440,8,부산광역시 수영구 망미동 440-8,265004214153,부산광역시 수영구 망미배산로10번길,53,,2650010100104400008002685,,부산광역시 수영구 망미배산로10번길 53,613823,48204,,,,129.106515254289,35.17639183557
MA010120220811875002,레드365,,G2,소매,G221,기타 상품 소매,G22199,그 외 기타 상품 전문 소매업,G47859,그 외 기타 분류 안된 상품 전문 소매업,11,서울특별시,11215,광진구,11215710,화양동,1121510700,화양동,1121510700100470072,1,대지,47,72,서울특별시 광진구 화양동 47-72,112154112316,서울특별시 광진구 아차산로29길,15,,1121510700100470072017596,,서울특별시 광진구 아차산로29길 15,143917,05018,,1,,127.068287513849,37.5416325087309
MA010120220811905442,미래안전,,G2,소매,G221,기타 상품 소매,G22199,그 외 기타 상품 전문 소매업,G47859,그 외 기타 분류 안된 상품 전문 소매업,44,충청남도,44230,논산시,44230350,부적면,4423035034,부적면,4423035034104430001,1,대지,443,1,충청남도 논산시 부적면 왕덕리 443-1,442304565389,충청남도 논산시 부적면 부인길,19,174,4423035034104430001000001,,충청남도 논산시 부적면 부인길 19-174,320860,32914,,,,127.096989995783,36.2166075046961
MA010120220811897029,태윤,,G2,소매,G221,기타 상품 소매,G22199,그 외 기타 상품 전문 소매업,G45219,기타 자동차 신품 부품 및 내장품 판매업,48,경상남도,48330,양산시,48330253,물금읍,4833025323,물금읍,4833025323112690013,1,대지,1269,13,경상남도 양산시 물금읍 가촌리 1269-13,483303338111,경상남도 양산시 물금읍 백호로,68,,4833025323112690013000001,큐엠시네마타워,경상남도 양산시 물금읍 백호로 68,626811,50613,,,,129.001896457711,35.3180090308972
MA010120220811889030,다선정,,G2,소매,G221,기타 상품 소매,G22199,그 외 기타 상품 전문 소매업,G47859,그 외 기타 분류 안된 상품 전문 소매업,46,전라남도,46720,곡성군,46720350,죽곡면,4672035024,죽곡면,4672035024100660002,1,대지,66,2,전라남도 곡성군 죽곡면 신풍리 66-2,467203287020,전라남도 곡성군 죽곡면 오죽로,419,88,4672035024100660002000001,,전라남도 곡성군 죽곡면 오죽로 419-88,516832,57548,,,,127.2989649661,35.1773192251058
MA010120220811907876,장길,,G2,소매,G221,기타 상품 소매,G22199,그 외 기타 상품 전문 소매업,G47859,그 외 기타 분류 안된 상품 전문 소매업,11,서울특별시,11110,종로구,11110670,창신1동,1111017400,창신동,1111017400103760005,1,대지,376,5,서울특별시 종로구 창신동 376-5,111104100353,서울특별시 종로구 종로52길,9,,1111017400103760005005118,,서울특별시 종로구 종로52길 9,110841,03121,,,,127.013221532958,37.5717718577934
MA010120220811892564,올스,,G2,소매,G221,기타 상품 소매,G22199,그 외 기타 상품 전문 소매업,G47859,그 외 기타 분류 안된 상품 전문 소매업,41,경기도,41570,김포시,41570560,장기동,4157010400,장기동,4157010400120830004,1,대지,2083,4,경기도 김포시 장기동 2083-4,415703209168,경기도 김포시 태장로,789,,4157010400120830004000001,금광하이테크시티,경기도 김포시 태장로 789,415060,10090,,6,,126.68014683821,37.6381654652562
MA010120220811867398,김진명산약초,,G2,소매,G221,기타 상품 소매,G22199,그 외 기타 상품 전문 소매업,G47859,그 외 기타 분류 안된 상품 전문 소매업,43,충청북도,43745,증평군,43745250,증평읍,4374525027,증평읍,4374525027107220000,1,대지,722,,충청북도 증평군 증평읍 장동리 722,437453014040,충청북도 증평군 증평읍 광장로,135,,4374525027107220000007213,,충청북도 증평군 증평읍 광장로 135,368901,27932,,1,,127.587071910348,36.7839370354692
MA010120220811867424,젊은산꾼들,,G2,소매,G221,기타 상품 소매,G22199,그 외 기타 상품 전문 소매업,G47859,그 외 기타 분류 안된 상품 전문 소매업,43,충청북도,43114,청주시 청원구,43114250,내수읍,4311425022,내수읍,4311425022101550002,1,대지,155,2,충청북도 청주시 청원구 내수읍 마산리 155-2,431144520221,충청북도 청주시 청원구 내수읍 마산1길,87,,4311425022101550002000001,,충청북도 청주시 청원구 내수읍 마산1길 87,363934,28145,,,,127.538585088078,36.7244500028363
MA010120220811898606,"투엑스원광주,전남총판",,G2,소매,G221,기타 상품 소매,G22199,그 외 기타 상품 전문 소매업,G47859,그 외 기타 분류 안된 상품 전문 소매업,29,광주광역시,29140,서구,29140650,농성1동,2914010600,농성동,2914010600101060019,1,대지,106,19,광주광역시 서구 농성동 106-19,291404280347,광주광역시 서구 월산로165번길,20,21,2914010600101060019000001,,광주광역시 서구 월산로165번길 20-21,502810,61930,,3,,126.892502744915,35.1524024404179
MA010120220811890421,블링투블링,,G2,소매,G221,기타 상품 소매,G22199,그 외 기타 상품 전문 소매업,G47422,의복 액세서리 및 모조 장신구 소매업,41,경기도,41113,수원시 권선구,41113662,금곡동,4111313400,금곡동,4111313400111130004,1,대지,1113,4,경기도 수원시 권선구 금곡동 1113-4,411133175011,경기도 수원시 권선구 금곡로,205,,4111313400111130004000001,해피라움,경기도 수원시 권선구 금곡로 205,441460,16391,,4,,126.952960211996,37.2743282395978
MA010120220811904559,포르테,,G2,소매,G221,기타 상품 소매,G22199,그 외 기타 상품 전문 소매업,G47859,그 외 기타 분류 안된 상품 전문 소매업,41,경기도,41150,의정부시,41150510,의정부1동,4115011000,가능동,4115011000100150412,1,대지,15,412,경기도 의정부시 가능동 15-412,411504343004,경기도 의정부시 가금로86번길,2,,4115011000100140004024703,,경기도 의정부시 가금로86번길 2,480800,11685,,,,127.045673590825,37.7537709637667
MA010120220811867978,대림농약자재센타,,G2,소매,G221,기타 상품 소매,G22199,그 외 기타 상품 전문 소매업,G47859,그 외 기타 분류 안된 상품 전문 소매업,51,강원특별자치도,51770,정선군,51770350,임계면,5177035025,임계면,5177035025106960000,1,대지,696,,강원특별자치도 정선군 임계면 송계리 696,517704487220,강원특별자치도 정선군 임계면 송계6길,25,25,4277035025106960000000001,,강원특별자치도 정선군 임계면 송계6길 25-25,233872,26110,,,,128.852148219185,37.4970181639842
MA010120220811554204,중산불교만물,,G2,소매,G221,기타 상품 소매,G22199,그 외 기타 상품 전문 소매업,G47859,그 외 기타 분류 안된 상품 전문 소매업,41,경기도,41281,고양시 덕양구,41281610,능곡동,4128112000,토당동,4128112000103340002,1,대지,334,2,경기도 고양시 덕양구 토당동 334-2,412813192066,경기도 고양시 덕양구 토당로,66,23,4128112000103330002022597,,경기도 고양시 덕양구 토당로 66-23,412818,10508,,,,126.818897639004,37.6218728992431
MA010120220811564462,유한책임회사하이모울산,동구지점,G2,소매,G221,기타 상품 소매,G22199,그 외 기타 상품 전문 소매업,G47422,의복 액세서리 및 모조 장신구 소매업,31,울산광역시,31170,동구,31170520,일산동,3117010300,일산동,3117010300109450000,1,대지,945,,울산광역시 동구 일산동 945,311702011001,울산광역시 동구 방어진순환도로,652,,3117010300109450000000001,일산동울산일산동테라스파크,울산광역시 동구 방어진순환도로 652,682810,44056,,,,129.428837595744,35.4998645032574
MA010120220811557276,진용품,,G2,소매,G221,기타 상품 소매,G22199,그 외 기타 상품 전문 소매업,G47859,그 외 기타 분류 안된 상품 전문 소매업,28,인천광역시,28200,남동구,28200690,논현1동,2820011000,논현동,2820011000106170002,1,대지,617,2,인천광역시 남동구 논현동 617-2,282004259714,인천광역시 남동구 청능대로595번길,13,,2820011000106170002000001,인,인천광역시 남동구 청능대로595번길 13,405825,21666,,3,,126.724873157952,37.4019909039856
MA010120220811547825,남목약초상회,,G2,소매,G221,기타 상품 소매,G22199,그 외 기타 상품 전문 소매업,G47859,그 외 기타 분류 안된 상품 전문 소매업,31,울산광역시,31170,동구,31170580,남목1동,3117010700,동부동,3117010700201470000,2,산,147,,울산광역시 동구 동부동 산147,311704313012,울산광역시 동구 남목11길,9,,3117010700201470002003610,목화아파트,울산광역시 동구 남목11길 9,682010,44008,,1,,129.425478726231,35.5438578675906
MA010120220811552421,삼보통신,,G2,소매,G221,기타 상품 소매,G22199,그 외 기타 상품 전문 소매업,G47859,그 외 기타 분류 안된 상품 전문 소매업,46,전라남도,46730,구례군,46730250,구례읍,4673025022,구례읍,4673025022100980012,1,대지,98,12,전라남도 구례군 구례읍 봉남리 98-12,467304664030,전라남도 구례군 구례읍 구례1길,9,3,4673025022100980012015403,,전라남도 구례군 구례읍 구례1길 9-3,542803,57641,,,,127.465697669228,35.2060505966557
MA010120220811548239,진흥C&E,,G2,소매,G221,기타 상품 소매,G22199,그 외 기타 상품 전문 소매업,G47859,그 외 기타 분류 안된 상품 전문 소매업,31,울산광역시,31170,동구,31170540,대송동,3117010200,화정동,3117010200101620000,1,대지,162,,울산광역시 동구 화정동 162,311703171011,울산광역시 동구 봉수로,140,,3117010200101620000002358,대송현대1차,울산광역시 동구 봉수로 140,682754,44072,,,,129.417360226591,35.4999960245953
MA010120220811552776,한농종묘농약,,G2,소매,G221,기타 상품 소매,G22199,그 외 기타 상품 전문 소매업,G47859,그 외 기타 분류 안된 상품 전문 소매업,31,울산광역시,31200,북구,31200510,농소1동,3120010200,호계동,3120010200108690006,1,대지,869,6,울산광역시 북구 호계동 869-6,312003172027,울산광역시 북구 호계로,210,1,3120010200108690006016402,,울산광역시 북구 호계로 210-1,683813,44229,,,,129.355142783435,35.6229682823959
MA010120220811557939,써니방충망,,G2,소매,G221,기타 상품 소매,G22199,그 외 기타 상품 전문 소매업,G47859,그 외 기타 분류 안된 상품 전문 소매업,41,경기도,41310,구리시,41310541,교문1동,4131010400,교문동,4131010400107380015,1,대지,738,15,경기도 구리시 교문동 738-15,413104388128,경기도 구리시 안골로8번길,7,3,4131010400107380015005283,,경기도 구리시 안골로8번길 7-3,471807,11935,,,,127.132146447723,37.5968633618045
MA010120220811562568,씨에이치,,G2,소매,G221,기타 상품 소매,G22199,그 외 기타 상품 전문 소매업,N75999,그 외 기타 분류 안된 사업 지원 서비스업,31,울산광역시,31200,북구,31200560,효문동,3120012100,진장동,3120012100102850003,1,대지,285,3,울산광역시 북구 진장동 285-3,312003172025,울산광역시 북구 진장유통로,16,,3120012100102850003000001,진장디플렉스,울산광역시 북구 진장유통로 16,683360,44248,,,,129.358156032566,35.5718650411146
MA010120220811586282,대림농약종묘사,,G2,소매,G221,기타 상품 소매,G22199,그 외 기타 상품 전문 소매업,G47859,그 외 기타 분류 안된 상품 전문 소매업,26,부산광역시,26410,금정구,26410665,청룡노포동,2641010300,청룡동,2641010300100170027,1,대지,17,27,부산광역시 금정구 청룡동 17-27,264102000010,부산광역시 금정구 중앙대로,2115,,2641010300100170027027257,,부산광역시 금정구 중앙대로 2115,609843,46218,,,,129.092417540869,35.273257293155
MA010120220811570294,웅촌농자재,,G2,소매,G221,기타 상품 소매,G22199,그 외 기타 상품 전문 소매업,G47859,그 외 기타 분류 안된 상품 전문 소매업,31,울산광역시,31710,울주군,31710340,웅촌면,3171034023,웅촌면,3171034023100820004,1,대지,82,4,울산광역시 울주군 웅촌면 곡천리 82-4,317103011007,울산광역시 울주군 웅촌면 웅촌로,385,1,3171034023100820004000001,,울산광역시 울주군 웅촌면 웅촌로 385-1,689872,44965,,,,129.209887609625,35.4654370377875
MA010120220811562772,해동산업,,G2,소매,G221,기타 상품 소매,G22199,그 외 기타 상품 전문 소매업,G47859,그 외 기타 분류 안된 상품 전문 소매업,48,경상남도,48890,합천군,48890360,초계면,4889036024,초계면,4889036024100570001,1,대지,57,1,경상남도 합천군 초계면 대동리 57-1,488903348044,경상남도 합천군 초계면 동부로,1026,,4889036024100570001000001,,경상남도 합천군 초계면 동부로 1026,678822,50246,,,,128.251355424245,35.5636675337899
MA010120220811573504,천일정보통신,,G2,소매,G221,기타 상품 소매,G22199,그 외 기타 상품 전문 소매업,G47859,그 외 기타 분류 안된 상품 전문 소매업,26,부산광역시,26470,연제구,26470660,연산2동,2647010200,연산동,2647010200108400017,1,대지,840,17,부산광역시 연제구 연산동 840-17,264703129046,부산광역시 연제구 진남로,610,,2647010200108400017022064,,부산광역시 연제구 진남로 610,611840,47607,,2,,129.080215188354,35.1741250670971
MA010120220811549045,쑥장사,,G2,소매,G221,기타 상품 소매,G22199,그 외 기타 상품 전문 소매업,G47859,그 외 기타 분류 안된 상품 전문 소매업,41,경기도,41450,하남시,41450510,천현동,4145010200,하산곡동,4145010200103240014,1,대지,324,14,경기도 하남시 하산곡동 324-14,414502202001,경기도 하남시 하남대로,378,,4145010200103240014001692,,경기도 하남시 하남대로 378,465816,13025,,,,127.227754400862,37.5085551125676
MA010120220811579061,금성종묘사,,G2,소매,G221,기타 상품 소매,G22199,그 외 기타 상품 전문 소매업,G47859,그 외 기타 분류 안된 상품 전문 소매업,26,부산광역시,26410,금정구,26410635,선두구동,2641010100,두구동,2641010100108840002,1,대지,884,2,부산광역시 금정구 두구동 884-2,264103135019,부산광역시 금정구 두구로,66,,2641010100108870003000967,,부산광역시 금정구 두구로 66,609370,46206,,,,129.110328462531,35.2965287914782
MA010120220811576739,해동한약품,,G2,소매,G221,기타 상품 소매,G22199,그 외 기타 상품 전문 소매업,G47859,그 외 기타 분류 안된 상품 전문 소매업,26,부산광역시,26350,해운대구,26350510,우1동,2635010500,우동,2635010500105590011,1,대지,559,11,부산광역시 해운대구 우동 559-11,263504199128,부산광역시 해운대구 우동1로20번가길,8,,2635010500105590011011006,,부산광역시 해운대구 우동1로20번가길 8,612818,48087,,,,129.159402069536,35.1654754891555
MA010120220811563959,엘2알,,G2,소매,G221,기타 상품 소매,G22199,그 외 기타 상품 전문 소매업,R90199,그 외 기타 창작 및 예술관련 서비스업,11,서울특별시,11560,영등포구,11560540,여의동,1156011000,여의도동,1156011000100360002,1,대지,36,2,서울특별시 영등포구 여의도동 36-2,115604154065,서울특별시 영등포구 국제금융로6길,33,,1156011000100360002031438,비,서울특별시 영등포구 국제금융로6길 33,150749,07331,,,,126.926912532852,37.5207894785865
MA010120220811584419,서동미싱,,G2,소매,G221,기타 상품 소매,G22199,그 외 기타 상품 전문 소매업,G47859,그 외 기타 분류 안된 상품 전문 소매업,26,부산광역시,26410,금정구,26410520,서2동,2641011000,서동,2641011000102370009,1,대지,237,9,부산광역시 금정구 서동 237-9,264103130026,부산광역시 금정구 반송로,375,,2641011000102370009000172,,부산광역시 금정구 반송로 375,609831,46328,,,,129.106338636068,35.2120623634375
MA010120220811577382,경원산업안전,,G2,소매,G221,기타 상품 소매,G22199,그 외 기타 상품 전문 소매업,G47859,그 외 기타 분류 안된 상품 전문 소매업,48,경상남도,48250,김해시,48250600,불암동,4825012100,지내동,4825012100103260019,1,대지,326,19,경상남도 김해시 지내동 326-19,482502335001,경상남도 김해시 김해대로,2701,,4825012100103260019086567,,경상남도 김해시 김해대로 2701,621210,50827,,,,128.92226536655,35.2289411225305
MA010120220811598477,애드린,,G2,소매,G221,기타 상품 소매,G22199,그 외 기타 상품 전문 소매업,G47859,그 외 기타 분류 안된 상품 전문 소매업,47,경상북도,47170,안동시,47170600,태화동,4717012200,태화동,4717012200101810018,1,대지,181,18,경상북도 안동시 태화동 181-18,471704721602,경상북도 안동시 서경지8길,34,18,4717012200101810018024761,,경상북도 안동시 서경지8길 34-18,760904,36673,,,,128.715100642652,36.5619394146351
MA010120220811599314,금샘불교용품,,G2,소매,G221,기타 상품 소매,G22199,그 외 기타 상품 전문 소매업,G47859,그 외 기타 분류 안된 상품 전문 소매업,26,부산광역시,26410,금정구,26410670,남산동,2641010400,남산동,2641010400100840018,1,대지,84,18,부산광역시 금정구 남산동 84-18,264104205187,부산광역시 금정구 범어천로38번길,10,,2641010400100840018025376,,부산광역시 금정구 범어천로38번길 10,609811,46219,,,,129.090408690757,35.2694892171697
MA010120220811611400,대민안전시스템,,G2,소매,G221,기타 상품 소매,G22199,그 외 기타 상품 전문 소매업,G47859,그 외 기타 분류 안된 상품 전문 소매업,26,부산광역시,26410,금정구,26410610,장전2동,2641010800,장전동,2641010800105760005,1,대지,576,5,부산광역시 금정구 장전동 576-5,264103135040,부산광역시 금정구 식물원로,55,,2641010800105760005027030,,부산광역시 금정구 식물원로 55,609841,46300,,2,,129.082363599171,35.2251834781184
MA010120220811630773,좋은안전,,G2,소매,G221,기타 상품 소매,G22199,그 외 기타 상품 전문 소매업,G47859,그 외 기타 분류 안된 상품 전문 소매업,44,충청남도,44150,공주시,44150560,옥룡동,4415010900,옥룡동,4415010900100460004,1,대지,46,4,충청남도 공주시 옥룡동 46-4,441504553943,충청남도 공주시 월성산1길,5,,4415010900100460004755616,,충청남도 공주시 월성산1길 5,314804,32557,,2,,127.134366733438,36.4551864425002
MA010120220811644925,일광불교사,,G2,소매,G221,기타 상품 소매,G22199,그 외 기타 상품 전문 소매업,G47859,그 외 기타 분류 안된 상품 전문 소매업,48,경상남도,48250,김해시,48250510,동상동,4825010100,동상동,4825010100107250000,1,대지,725,,경상남도 김해시 동상동 725,482503000042,경상남도 김해시 호계로,476,,4825010100107250000097815,,경상남도 김해시 호계로 476,621020,50922,,,,128.884885383714,35.2329987156037
MA010120220811621454,통도불교사,,G2,소매,G221,기타 상품 소매,G22199,그 외 기타 상품 전문 소매업,G47859,그 외 기타 분류 안된 상품 전문 소매업,48,경상남도,48330,양산시,48330340,하북면,4833034021,하북면,4833034021108240001,1,대지,824,1,경상남도 양산시 하북면 순지리 824-1,483303338096,경상남도 양산시 하북면 신평로,56,,4833034021108240001001859,,경상남도 양산시 하북면 신평로 56,626863,50503,,,,129.087300358881,35.4932929622952
MA010120220811596662,경신연꽃마을,,G2,소매,G221,기타 상품 소매,G22199,그 외 기타 상품 전문 소매업,G47859,그 외 기타 분류 안된 상품 전문 소매업,26,부산광역시,26410,금정구,26410520,서2동,2641011000,서동,2641011000103020641,1,대지,302,641,부산광역시 금정구 서동 302-641,264103135033,부산광역시 금정구 서동로,132,,2641011000103020641012828,,부산광역시 금정구 서동로 132,609832,46326,,,,129.100970968999,35.2155349677058
MA010120220811602601,제일농약사,,G2,소매,G221,기타 상품 소매,G22199,그 외 기타 상품 전문 소매업,G47859,그 외 기타 분류 안된 상품 전문 소매업,26,부산광역시,26710,기장군,26710250,기장읍,2671025021,기장읍,2671025021102740018,1,대지,274,18,부산광역시 기장군 기장읍 동부리 274-18,267103140036,부산광역시 기장군 기장읍 읍내로,109,1,2671025021100000772003416,,부산광역시 기장군 기장읍 읍내로 109-1,619905,46061,,,,129.216319885611,35.2453320567952
MA010120220811612157,큐피트,,G2,소매,G221,기타 상품 소매,G22199,그 외 기타 상품 전문 소매업,G47859,그 외 기타 분류 안된 상품 전문 소매업,26,부산광역시,26410,금정구,26410555,금사회동동,2641011100,금사동,2641011100101110003,1,대지,111,3,부산광역시 금정구 금사동 111-3,264104205181,부산광역시 금정구 반송로489번길,1,,2641011100101110003025428,,부산광역시 금정구 반송로489번길 1,609809,46332,,,,129.117024083232,35.2167781371988
MA010120220811637478,정관주민자치회,,G2,소매,G221,기타 상품 소매,G22199,그 외 기타 상품 전문 소매업,G47859,그 외 기타 분류 안된 상품 전문 소매업,26,부산광역시,26710,기장군,26710256,정관읍,2671025629,정관읍,2671025629104810000,1,대지,481,,부산광역시 기장군 정관읍 두명리 481,267103140047,부산광역시 기장군 정관읍 정관로,225,,2671032029200790006000001,부산추모공원내편의점,부산광역시 기장군 정관읍 정관로 225,619962,46001,,,,129.160560661077,35.3481949108672
MA010120220811594073,창진모바일,,G2,소매,G221,기타 상품 소매,G22199,그 외 기타 상품 전문 소매업,G47859,그 외 기타 분류 안된 상품 전문 소매업,48,경상남도,48330,양산시,48330540,서창동,4833011400,삼호동,4833011400105330017,1,대지,533,17,경상남도 양산시 삼호동 533-17,483303338043,경상남도 양산시 서창로,201,,4833011400105330017006745,,경상남도 양산시 서창로 201,626836,50528,,,,129.173239081692,35.4169836176703
MA010120220811600352,원목수족관,,G2,소매,G221,기타 상품 소매,G22199,그 외 기타 상품 전문 소매업,G47859,그 외 기타 분류 안된 상품 전문 소매업,48,경상남도,48330,양산시,48330510,중앙동,4833010400,북부동,4833010400101470016,1,대지,147,16,경상남도 양산시 북부동 147-16,483303338022,경상남도 양산시 명곡로,54,,4833010400101470016004262,,경상남도 양산시 명곡로 54,626800,50617,,,,129.042138019279,35.3508132810966
MA010120220811616216,선진물산,,G2,소매,G221,기타 상품 소매,G22199,그 외 기타 상품 전문 소매업,G47859,그 외 기타 분류 안된 상품 전문 소매업,48,경상남도,48330,양산시,48330510,중앙동,4833010200,남부동,4833010200104720010,1,대지,472,10,경상남도 양산시 남부동 472-10,483303338098,경상남도 양산시 중앙로,63,,4833010200104720010057398,,경상남도 양산시 중앙로 63,626010,50623,,,,129.038648015836,35.3366792337986
MA010120220811603624,물금농약사,,G2,소매,G221,기타 상품 소매,G22199,그 외 기타 상품 전문 소매업,G47859,그 외 기타 분류 안된 상품 전문 소매업,48,경상남도,48330,양산시,48330253,물금읍,4833025321,물금읍,4833025321104060061,1,대지,406,61,경상남도 양산시 물금읍 물금리 406-61,483303338089,경상남도 양산시 물금읍 황산로,389,,4833025321104060061012700,,경상남도 양산시 물금읍 황산로 389,626812,50603,,,,128.986881590238,35.3109844559147
MA010120220811606542,석계농약종묘사,,G2,소매,G221,기타 상품 소매,G22199,그 외 기타 상품 전문 소매업,G47859,그 외 기타 분류 안된 상품 전문 소매업,48,경상남도,48330,양산시,48330330,상북면,4833033021,상북면,4833033021100290006,1,대지,29,6,경상남도 양산시 상북면 석계리 29-6,483304814380,경상남도 양산시 상북면 삼계5길,7,,4833033021100290006015552,,경상남도 양산시 상북면 삼계5길 7,626854,50557,,,,129.063776898529,35.4200490202406
MA010120220811646107,녹색종묘,,G2,소매,G221,기타 상품 소매,G22199,그 외 기타 상품 전문 소매업,G47859,그 외 기타 분류 안된 상품 전문 소매업,26,부산광역시,26440,강서구,26440530,강동동,2644010300,강동동,2644010300129210031,1,대지,2921,31,부산광역시 강서구 강동동 2921-31,264403136062,부산광역시 강서구 제도로,838,,2644010300129210031029541,,부산광역시 강서구 제도로 838,618801,46711,,,,128.920835901038,35.1869237144663
MA010120220811646114,흥부농산,,G2,소매,G221,기타 상품 소매,G22199,그 외 기타 상품 전문 소매업,G47859,그 외 기타 분류 안된 상품 전문 소매업,26,부산광역시,26440,강서구,26440510,대저1동,2644010100,대저1동,2644010100123820001,1,대지,2382,1,부산광역시 강서구 대저1동 2382-1,264404208067,부산광역시 강서구 공항로1309번길,117,,2644010100123820001017968,,부산광역시 강서구 공항로1309번길 117,618803,46702,,,,128.982447899409,35.2152546217288
MA010120220811616908,금화불교,,G2,소매,G221,기타 상품 소매,G22199,그 외 기타 상품 전문 소매업,G47859,그 외 기타 분류 안된 상품 전문 소매업,48,경상남도,48330,양산시,48330540,서창동,4833011400,삼호동,4833011400105280002,1,대지,528,2,경상남도 양산시 삼호동 528-2,483304814466,경상남도 양산시 서창서1길,26,7,4833011400105280002032210,,경상남도 양산시 서창서1길 26-7,626836,50528,,1,,129.172181626308,35.4161375875123
MA010120220811626379,대박유통,,G2,소매,G221,기타 상품 소매,G22199,그 외 기타 상품 전문 소매업,G47859,그 외 기타 분류 안된 상품 전문 소매업,48,경상남도,48330,양산시,48330560,평산동,4833011900,평산동,4833011900100980002,1,대지,98,2,경상남도 양산시 평산동 98-2,483302000011,경상남도 양산시 웅상대로,931,,4833011900100680012025821,,경상남도 양산시 웅상대로 931,626848,50548,,1,,129.154687014037,35.3825242262968
MA010120220811594621,붓다불교,,G2,소매,G221,기타 상품 소매,G22199,그 외 기타 상품 전문 소매업,G47859,그 외 기타 분류 안된 상품 전문 소매업,26,부산광역시,26710,기장군,26710250,기장읍,2671025021,기장읍,2671025021101330006,1,대지,133,6,부산광역시 기장군 기장읍 동부리 133-6,267104220312,부산광역시 기장군 기장읍 차성로326번길,3,,2671025021101330006003495,,부산광역시 기장군 기장읍 차성로326번길 3,619905,46061,,,,129.214404091067,35.2467819010832
MA010120220811594817,캄리좌훈,,G2,소매,G221,기타 상품 소매,G22199,그 외 기타 상품 전문 소매업,S96129,체형 등 기타 신체 관리 서비스업,26,부산광역시,26260,동래구,26260545,명륜동,2626010700,명륜동,2626010700105120012,1,대지,512,12,부산광역시 동래구 명륜동 512-12,262604190498,부산광역시 동래구 충렬대로200번길,22,,2626010700105120012000059,,부산광역시 동래구 충렬대로200번길 22,607804,47815,,1,,129.080432802291,35.2024626290138
MA010120220811651198,강동농약종묘사,,G2,소매,G221,기타 상품 소매,G22199,그 외 기타 상품 전문 소매업,G47859,그 외 기타 분류 안된 상품 전문 소매업,48,경상남도,48250,김해시,48250600,불암동,4825012200,불암동,4825012200102200392,1,대지,220,392,경상남도 김해시 불암동 220-392,482503000041,경상남도 김해시 식만로,372,,4825012200102200392099841,,경상남도 김해시 식만로 372,621210,50937,,,,128.925154459703,35.221063953448
MA010120220811687737,산마루앤,,G2,소매,G221,기타 상품 소매,G22199,그 외 기타 상품 전문 소매업,G47859,그 외 기타 분류 안된 상품 전문 소매업,48,경상남도,48125,창원시 마산합포구,48125630,오동동,4812513700,오동동,4812513700102510071,1,대지,251,71,경상남도 창원시 마산합포구 오동동 251-71,481254787448,경상남도 창원시 마산합포구 오동동14길,7,,4812513700102510075029696,양지레저타운,경상남도 창원시 마산합포구 오동동14길 7,631860,51722,,5,,128.580101562507,35.2044764153679
MA010120220811653664,현대카오디오,,G2,소매,G221,기타 상품 소매,G22199,그 외 기타 상품 전문 소매업,G45213,자동차 내장용 신품 전기ㆍ전자ㆍ정밀기기 판매업,48,경상남도,48250,김해시,48250580,활천동,4825011700,삼정동,4825011700100980002,1,대지,98,2,경상남도 김해시 삼정동 98-2,482503335068,경상남도 김해시 활천로,45,1,4825011700100980002000001,,경상남도 김해시 활천로 45-1,621912,50923,,,,128.893291719426,35.2317500080711
MA010120220811646903,일심불교,,G2,소매,G221,기타 상품 소매,G22199,그 외 기타 상품 전문 소매업,G47859,그 외 기타 분류 안된 상품 전문 소매업,48,경상남도,48250,김해시,48250520,회현동,4825010200,서상동,4825010200100080000,1,대지,8,,경상남도 김해시 서상동 8,482504805879,경상남도 김해시 호계로517번길,25,,4825010200100080000090084,,경상남도 김해시 호계로517번길 25,621030,50915,,,,128.881616098827,35.2364921236214
MA010120220811647001,은성유기질비료,,G2,소매,G221,기타 상품 소매,G22199,그 외 기타 상품 전문 소매업,G47859,그 외 기타 분류 안된 상품 전문 소매업,48,경상남도,48250,김해시,48250340,한림면,4825034021,한림면,4825034021100770000,1,대지,77,,경상남도 김해시 한림면 명동리 77,482504805828,경상남도 김해시 한림면 한림로120번길,9,1,4825034021100770000020479,,경상남도 김해시 한림면 한림로120번길 9-1,621872,50851,,,,128.809465792935,35.3048575892049
MA010120220811661832,호황유통,,G2,소매,G221,기타 상품 소매,G22199,그 외 기타 상품 전문 소매업,G47859,그 외 기타 분류 안된 상품 전문 소매업,48,경상남도,48330,양산시,48330510,중앙동,4833010400,북부동,4833010400104620009,1,대지,462,9,경상남도 양산시 북부동 462-9,483304814304,경상남도 양산시 북안남1길,7,1,4833010400104620009058980,,경상남도 양산시 북안남1길 7-1,626800,50619,,,,129.035083309962,35.3445071725287
MA010120220811674319,종현상사,,G2,소매,G221,기타 상품 소매,G22199,그 외 기타 상품 전문 소매업,G47859,그 외 기타 분류 안된 상품 전문 소매업,30,대전광역시,30230,대덕구,30230510,오정동,3023010100,오정동,3023010100104370013,1,대지,437,13,대전광역시 대덕구 오정동 437-13,302304304071,대전광역시 대덕구 대전로1076번길,33,8,3023010100104370013006077,,대전광역시 대덕구 대전로1076번길 33-8,306819,34433,,1,,127.417170011318,36.3516289506927
MA010120220811677151,씨제이켐,,G2,소매,G221,기타 상품 소매,G22199,그 외 기타 상품 전문 소매업,G47859,그 외 기타 분류 안된 상품 전문 소매업,41,경기도,41273,안산시 단원구,41273570,초지동,4127310400,성곡동,4127310400106450000,1,대지,645,,경기도 안산시 단원구 성곡동 645,412733191091,경기도 안산시 단원구 만해로,205,,4127310400106450000039499,에이동,경기도 안산시 단원구 만해로 205,425834,15421,,6,,126.761138377097,37.3237706549609
MA010120220811656478,나인틴,,G2,소매,G221,기타 상품 소매,G22199,그 외 기타 상품 전문 소매업,G47859,그 외 기타 분류 안된 상품 전문 소매업,11,서울특별시,11305,강북구,11305645,우이동,1130510300,수유동,1130510300102800029,1,대지,280,29,서울특별시 강북구 수유동 280-29,113053108006,서울특별시 강북구 419로,21,4,1130510300102800029006132,,서울특별시 강북구 419로 21-4,142881,01026,,2,,127.011784523271,37.6473920466489
MA010120220811659497,한마음,,G2,소매,G221,기타 상품 소매,G22199,그 외 기타 상품 전문 소매업,G47859,그 외 기타 분류 안된 상품 전문 소매업,30,대전광역시,30170,서구,30170590,가수원동,3017011400,가수원동,3017011400101800003,1,대지,180,3,대전광역시 서구 가수원동 180-3,301703000095,대전광역시 서구 계백로,1204,,3017011400101800003024738,,대전광역시 서구 계백로 1204,302800,35388,,1,,127.35679064336,36.3057201733782
MA010120220811662368,강화인삼센타,,G2,소매,G221,기타 상품 소매,G22199,그 외 기타 상품 전문 소매업,G47859,그 외 기타 분류 안된 상품 전문 소매업,28,인천광역시,28710,강화군,28710250,강화읍,2871025025,강화읍,2871025025108440001,1,대지,844,1,인천광역시 강화군 강화읍 갑곳리 844-1,287102157001,인천광역시 강화군 강화읍 강화대로,335,,2871025025108460000002454,,인천광역시 강화군 강화읍 강화대로 335,417942,23027,,,,126.492519372773,37.7422091046471
MA010120220811656634,흥농종묘농약,,G2,소매,G221,기타 상품 소매,G22199,그 외 기타 상품 전문 소매업,G47859,그 외 기타 분류 안된 상품 전문 소매업,48,경상남도,48250,김해시,48250340,한림면,4825034028,한림면,4825034028104580008,1,대지,458,8,경상남도 김해시 한림면 장방리 458-8,482503335065,경상남도 김해시 한림면 한림로,388,,4825034028104580008083544,,경상남도 김해시 한림면 한림로 388,621874,50848,,,,128.80300030684,35.3221308165869
MA010120220811674923,해피드림하우스,,G2,소매,G221,기타 상품 소매,G22199,그 외 기타 상품 전문 소매업,G47859,그 외 기타 분류 안된 상품 전문 소매업,28,인천광역시,28177,미추홀구,28177600,도화1동,2817710400,도화동,2817710400106410043,1,대지,641,43,인천광역시 미추홀구 도화동 641-43,281773000028,인천광역시 미추홀구 경인로,174,,2817010500106410043215031,,인천광역시 미추홀구 경인로 174,402811,22164,,1,,126.661857980303,37.4658894448164
MA010120220811675027,반야불교사,,G2,소매,G221,기타 상품 소매,G22199,그 외 기타 상품 전문 소매업,G47859,그 외 기타 분류 안된 상품 전문 소매업,30,대전광역시,30200,유성구,30200540,온천2동,3020011700,장대동,3020011700102110004,1,대지,211,4,대전광역시 유성구 장대동 211-4,302004301351,대전광역시 유성구 유성대로720번길,5,,3020011700102110004013015,,대전광역시 유성구 유성대로720번길 5,305308,34172,,,,127.332439020043,36.3577884049803
MA010120220811659991,세이프투유,,G2,소매,G221,기타 상품 소매,G22199,그 외 기타 상품 전문 소매업,G47859,그 외 기타 분류 안된 상품 전문 소매업,52,전북특별자치도,52111,전주시 완산구,52111730,효자5동,5211114200,효자동3가,5211114200116820010,1,대지,1682,10,전북특별자치도 전주시 완산구 효자동3가 1682-10,521114598144,전북특별자치도 전주시 완산구 배학4길,10,5,4511114200116820010000001,사과나무한그루,전북특별자치도 전주시 완산구 배학4길 10-5,560902,54964,,3,,127.098098114039,35.819506356024
MA010120220811675154,동래김씨상회,,G2,소매,G221,기타 상품 소매,G22199,그 외 기타 상품 전문 소매업,G47859,그 외 기타 분류 안된 상품 전문 소매업,26,부산광역시,26230,부산진구,26230770,범천1동,2623010400,범천동,2623010400108390409,1,대지,839,409,부산광역시 부산진구 범천동 839-409,262303006021,부산광역시 부산진구 자유평화로,21,7,2623010400108390409047073,,부산광역시 부산진구 자유평화로 21-7,614826,47366,,,,129.061969171352,35.1417520329945
MA010120220811667262,경동초재,,G2,소매,G221,기타 상품 소매,G22199,그 외 기타 상품 전문 소매업,G47859,그 외 기타 분류 안된 상품 전문 소매업,26,부산광역시,26230,부산진구,26230510,부전1동,2623010300,부전동,2623010300103440011,1,대지,344,11,부산광역시 부산진구 부전동 344-11,262303129023,부산광역시 부산진구 부전로,176,2,2623010300103440011028725,,부산광역시 부산진구 부전로 176-2,614843,47252,,,,129.060282714751,35.1631923568823
MA010120220811658301,진영십자총포사,,G2,소매,G221,기타 상품 소매,G22199,그 외 기타 상품 전문 소매업,G47859,그 외 기타 분류 안된 상품 전문 소매업,48,경상남도,48250,김해시,48250250,진영읍,4825025026,진영읍,4825025026102750108,1,대지,275,108,경상남도 김해시 진영읍 진영리 275-108,482503335059,경상남도 김해시 진영읍 진영로,157,1,4825025026102750108004890,,경상남도 김해시 진영읍 진영로 157-1,621807,50867,,,,128.730293755059,35.3034571991663
MA010120220811678583,하루리마켓,,G2,소매,G221,기타 상품 소매,G22199,그 외 기타 상품 전문 소매업,G47859,그 외 기타 분류 안된 상품 전문 소매업,46,전라남도,46130,여수시,46130320,율촌면,4613032023,율촌면,4613032023103500004,1,대지,350,4,전라남도 여수시 율촌면 산수리 350-4,461304646469,전라남도 여수시 율촌면 산수봉두1길,19,1,4613032023103500004019973,,전라남도 여수시 율촌면 산수봉두1길 19-1,556892,59600,,2,,127.553599374516,34.8686067278153
MA010120220811689846,워시라운지,,G2,소매,G221,기타 상품 소매,G22199,그 외 기타 상품 전문 소매업,G47859,그 외 기타 분류 안된 상품 전문 소매업,44,충청남도,44200,아산시,44200620,온양6동,4420010900,좌부동,4420010900100070005,1,대지,7,5,충청남도 아산시 좌부동 7-5,442003253046,충청남도 아산시 순천향로,1010,,4420010900100070005000001,,충청남도 아산시 순천향로 1010,336210,31581,,,,127.032199077587,36.7620514475798
MA010120220811648589,"아사발봉사단,유학원",,G2,소매,G221,기타 상품 소매,G22199,그 외 기타 상품 전문 소매업,G47859,그 외 기타 분류 안된 상품 전문 소매업,48,경상남도,48250,김해시,48250510,동상동,4825010100,동상동,4825010100109880005,1,대지,988,5,경상남도 김해시 동상동 988-5,482503335031,경상남도 김해시 분성로,341,,4825010100109880005013592,,경상남도 김해시 분성로 341,621020,50915,,,,128.883257605382,35.2338531509264
MA010120220811682092,비채미,,G2,소매,G221,기타 상품 소매,G22199,그 외 기타 상품 전문 소매업,G47859,그 외 기타 분류 안된 상품 전문 소매업,44,충청남도,44200,아산시,44200610,온양5동,4420011200,용화동,4420011200114620000,1,대지,1462,,충청남도 아산시 용화동 1462,442004559653,충청남도 아산시 용화로9번길,10,15,4420011200114620000000001,,충청남도 아산시 용화로9번길 10-15,336050,31575,,,,127.008311280799,36.7724183685257
MA010120220811716099,미다모특수가발,,G2,소매,G221,기타 상품 소매,G22199,그 외 기타 상품 전문 소매업,G47422,의복 액세서리 및 모조 장신구 소매업,30,대전광역시,30200,유성구,30200570,전민동,3020014100,전민동,3020014100104660003,1,대지,466,3,대전광역시 유성구 전민동 466-3,302003167043,대전광역시 유성구 엑스포로,488,,3020014100104660003004022,엑스포코아,대전광역시 유성구 엑스포로 488,305812,34049,,3,,127.405701252467,36.399989191445
MA010120220811718961,리얼,,G2,소매,G221,기타 상품 소매,G22199,그 외 기타 상품 전문 소매업,G47859,그 외 기타 분류 안된 상품 전문 소매업,52,전북특별자치도,52113,전주시 덕진구,52113560,인후3동,5211310300,인후동1가,5211310300109480011,1,대지,948,11,전북특별자치도 전주시 덕진구 인후동1가 948-11,521134601486,전북특별자치도 전주시 덕진구 한배미1길,53,2,4511310300109480011028963,성아빌딩,전북특별자치도 전주시 덕진구 한배미1길 53-2,561827,55030,,,,127.167232694718,35.822710639741
MA010120220811730056,코코스몰,,G2,소매,G221,기타 상품 소매,G22199,그 외 기타 상품 전문 소매업,G47859,그 외 기타 분류 안된 상품 전문 소매업,31,울산광역시,31140,남구,31140560,달동,3114010500,달동,3114010500105670001,1,대지,567,1,울산광역시 남구 달동 567-1,311403170015,울산광역시 남구 돋질로,186,,3114010500105670001009319,,울산광역시 남구 돋질로 186,680801,44695,,2,,129.325608682643,35.541276009074
MA010120220811691091,황금비료친환경농자재,,G2,소매,G221,기타 상품 소매,G22199,그 외 기타 상품 전문 소매업,G47859,그 외 기타 분류 안된 상품 전문 소매업,47,경상북도,47750,청송군,47750370,진보면,4775037041,진보면,4775037041101870002,1,대지,187,2,경상북도 청송군 진보면 추현리 187-2,477504748138,경상북도 청송군 진보면 상고산길,16,1,4775037041101870002000001,,경상북도 청송군 진보면 상고산길 16-1,763813,37400,,,,128.996524788957,36.5601524538499
MA010120220811708147,둥지유통,,G2,소매,G221,기타 상품 소매,G22199,그 외 기타 상품 전문 소매업,G47859,그 외 기타 분류 안된 상품 전문 소매업,46,전라남도,46150,순천시,46150620,중앙동,4615012200,동외동,4615012200102190016,1,대지,219,16,전라남도 순천시 동외동 219-16,461503283030,전라남도 순천시 환선로,61,,4615012200102190016040315,,전라남도 순천시 환선로 61,540946,57939,,,,127.487364937008,34.9608855706591
MA010120220811711188,한국레인보우선영,,G2,소매,G221,기타 상품 소매,G22199,그 외 기타 상품 전문 소매업,G47859,그 외 기타 분류 안된 상품 전문 소매업,41,경기도,41210,광명시,41210633,하안3동,4121010300,하안동,4121010300100530001,1,대지,53,1,경기도 광명시 하안동 53-1,412103000027,경기도 광명시 범안로,1056,,4121010300100530001015088,제,경기도 광명시 범안로 1056,423849,14306,,2,,126.880230243381,37.4624291893639
MA010120220811694676,와이세이프티,,G2,소매,G221,기타 상품 소매,G22199,그 외 기타 상품 전문 소매업,G47859,그 외 기타 분류 안된 상품 전문 소매업,52,전북특별자치도,52210,김제시,52210510,요촌동,5221010100,요촌동,5221010100101890005,1,대지,189,5,전북특별자치도 김제시 요촌동 189-5,522104616275,전북특별자치도 김제시 동서9길,46,,4521010100101890005055947,,전북특별자치도 김제시 동서9길 46,576806,54390,,,,126.887145603279,35.8000081268717
MA010120220811703229,신평종합상사,,G2,소매,G221,기타 상품 소매,G22199,그 외 기타 상품 전문 소매업,G47859,그 외 기타 분류 안된 상품 전문 소매업,41,경기도,41220,평택시,41220250,팽성읍,4122025040,팽성읍,4122025040101210002,1,대지,121,2,경기도 평택시 팽성읍 대사리 121-2,412203188010,경기도 평택시 팽성읍 대사로,87,,4122025040101210002000001,,경기도 평택시 팽성읍 대사로 87,451803,17997,,,,127.06278931574,36.9450715853271
MA010120220811711634,엠에스케이,,G2,소매,G221,기타 상품 소매,G22199,그 외 기타 상품 전문 소매업,G47859,그 외 기타 분류 안된 상품 전문 소매업,47,경상북도,47130,경주시,47130380,천북면,4713038028,천북면,4713038028106220005,1,대지,622,5,경상북도 경주시 천북면 모아리 622-5,471303000104,경상북도 경주시 천북면 산업로,4974,3,4713038028106220005111054,,경상북도 경주시 천북면 산업로 4974-3,780874,38039,,,,129.245616131288,35.9202526996453
MA010120220811728326,남영산업,,G2,소매,G221,기타 상품 소매,G22199,그 외 기타 상품 전문 소매업,G47859,그 외 기타 분류 안된 상품 전문 소매업,29,광주광역시,29140,서구,29140752,상무2동,2914011800,쌍촌동,2914011800109760003,1,대지,976,3,광주광역시 서구 쌍촌동 976-3,291404280186,광주광역시 서구 상무대로868번길,20,8,2914011800109760018008160,금호빌,광주광역시 서구 상무대로868번길 20-8,502856,61989,,,,126.857061525962,35.1483637750033
MA010120220811692237,올런,,G2,소매,G221,기타 상품 소매,G22199,그 외 기타 상품 전문 소매업,G47859,그 외 기타 분류 안된 상품 전문 소매업,11,서울특별시,11620,관악구,11620665,서림동,1162010200,신림동,1162010200116940000,1,대지,1694,,서울특별시 관악구 신림동 1694,116204160513,서울특별시 관악구 신림로29길,3,20,1162010200116940000017978,신림현대아파트,서울특별시 관악구 신림로29길 3-20,151761,08845,,,,126.933797117011,37.4746259744075
MA010120220811701751,성인용품점,,G2,소매,G221,기타 상품 소매,G22199,그 외 기타 상품 전문 소매업,G47859,그 외 기타 분류 안된 상품 전문 소매업,51,강원특별자치도,51780,철원군,51780259,동송읍,5178025921,동송읍,5178025921107000012,1,대지,700,12,강원특별자치도 철원군 동송읍 이평리 700-12,517803230005,강원특별자치도 철원군 동송읍 금학로,184,,4278025921107000012023204,,강원특별자치도 철원군 동송읍 금학로 184,269816,24017,,,,127.220203939357,38.2053819963533
MA010120220811704339,라룬,,G2,소매,G221,기타 상품 소매,G22199,그 외 기타 상품 전문 소매업,G47859,그 외 기타 분류 안된 상품 전문 소매업,46,전라남도,46150,순천시,46150635,도사동,4615012500,홍내동,4615012500106630005,1,대지,663,5,전라남도 순천시 홍내동 663-5,461504649571,전라남도 순천시 순천만길,152,14,4615012500106630005000001,,전라남도 순천시 순천만길 152-14,540240,58026,,,,127.498952850948,34.9163463650011
MA010120220811701877,서일소방산업,,G2,소매,G221,기타 상품 소매,G22199,그 외 기타 상품 전문 소매업,G47859,그 외 기타 분류 안된 상품 전문 소매업,11,서울특별시,11530,구로구,11530720,고척1동,1153010600,고척동,1153010600100760284,1,대지,76,284,서울특별시 구로구 고척동 76-284,115304148466,서울특별시 구로구 중앙로3길,53,,1153010600100760284027027,동국종합상가,서울특별시 구로구 중앙로3길 53,152826,08227,,,,126.861705613589,37.4984402897516
MA010120220811715779,허그매트인천계양,서구점,G2,소매,G221,기타 상품 소매,G22199,그 외 기타 상품 전문 소매업,G47859,그 외 기타 분류 안된 상품 전문 소매업,28,인천광역시,28245,계양구,28245720,계양2동,2824510500,임학동,2824510500100730005,1,대지,73,5,인천광역시 계양구 임학동 73-5,282452008010,인천광역시 계양구 경명대로,1155,,2824510500100730005000001,두현트리움,인천광역시 계양구 경명대로 1155,407814,21031,,,,126.735432481885,37.5433200531068
MA010120220812886131,온붙임머리,,G2,소매,G221,기타 상품 소매,G22199,그 외 기타 상품 전문 소매업,G47422,의복 액세서리 및 모조 장신구 소매업,11,서울특별시,11440,마포구,11440660,서교동,1144012000,서교동,1144012000104600034,1,대지,460,34,서울특별시 마포구 서교동 460-34,114404139107,서울특별시 마포구 동교로19길,21,,1144012000104600034011220,,서울특별시 마포구 동교로19길 21,121842,04002,,,,126.917416505528,37.5562646002595
MA010120220812888714,창주종합안전,,G2,소매,G221,기타 상품 소매,G22199,그 외 기타 상품 전문 소매업,G47859,그 외 기타 분류 안된 상품 전문 소매업,52,전북특별자치도,52140,익산시,52140530,평화동,5214010600,평화동,5214010600101340005,1,대지,134,5,전북특별자치도 익산시 평화동 134-5,521403269040,전북특별자치도 익산시 학곤로,9,,4514010600101340005086969,,전북특별자치도 익산시 학곤로 9,570010,54668,,,,126.944346988057,35.9349298226006
MA010120220812898568,샤이맨,,G2,소매,G221,기타 상품 소매,G22199,그 외 기타 상품 전문 소매업,G47859,그 외 기타 분류 안된 상품 전문 소매업,52,전북특별자치도,52113,전주시 덕진구,52113642,송천2동,5211312200,송천동2가,5211312200104370032,1,대지,437,32,전북특별자치도 전주시 덕진구 송천동2가 437-32,521133016032,전북특별자치도 전주시 덕진구 과학로,2,,4511312200200580005000001,,전북특별자치도 전주시 덕진구 과학로 2,561821,55149,,,,127.121547143288,35.8707213611596
MA010120220812838697,가민물산,,G2,소매,G221,기타 상품 소매,G22199,그 외 기타 상품 전문 소매업,G47859,그 외 기타 분류 안된 상품 전문 소매업,31,울산광역시,31710,울주군,31710262,청량읍,3171026223,청량읍,3171026223108750015,1,대지,875,15,울산광역시 울주군 청량읍 상남리 875-15,317104319459,울산광역시 울주군 청량읍 상남길,14,,3171033023109580000000003,,울산광역시 울주군 청량읍 상남길 14,689864,44985,,,,129.306658265753,35.4843052405766
MA010120220812859366,더빌레,,G2,소매,G221,기타 상품 소매,G22199,그 외 기타 상품 전문 소매업,G47859,그 외 기타 분류 안된 상품 전문 소매업,50,제주특별자치도,50110,제주시,50110253,애월읍,5011025334,애월읍,5011025334121550001,1,대지,2155,1,제주특별자치도 제주시 애월읍 애월리 2155-1,501103349129,제주특별자치도 제주시 애월읍 애월로,42,,5011025334021550001040597,,제주특별자치도 제주시 애월읍 애월로 42,695913,63043,,1,,126.31321504641,33.4623806429187
MA010120220812903334,페이에프엔비,,G2,소매,G221,기타 상품 소매,G22199,그 외 기타 상품 전문 소매업,G47859,그 외 기타 분류 안된 상품 전문 소매업,30,대전광역시,30140,중구,30140730,문화2동,3014011600,문화동,3014011600105000106,1,대지,500,106,대전광역시 중구 문화동 500-106,301403010022,대전광역시 중구 보문산로,241,,3014011600105000106017009,경복마을,대전광역시 중구 보문산로 241,301813,35006,,4,,127.406022295515,36.3073114032982
MA010120220812809559,대현유통,,G2,소매,G221,기타 상품 소매,G22199,그 외 기타 상품 전문 소매업,G47859,그 외 기타 분류 안된 상품 전문 소매업,31,울산광역시,31710,울주군,31710253,언양읍,3171025330,언양읍,3171025330100850017,1,대지,85,17,울산광역시 울주군 언양읍 동부리 85-17,317102000017,울산광역시 울주군 언양읍 반구대로,856,,3171025330100850017010588,,울산광역시 울주군 언양읍 반구대로 856,689804,44940,,,,129.128197429909,35.5661891974727
MA010120220812817308,불교,백화점,G2,소매,G221,기타 상품 소매,G22199,그 외 기타 상품 전문 소매업,G47859,그 외 기타 분류 안된 상품 전문 소매업,41,경기도,41550,안성시,41550520,안성2동,4155011800,석정동,4155011800102360005,1,대지,236,5,경기도 안성시 석정동 236-5,415503208066,경기도 안성시 중앙로,274,30,4155011800102360005000001,,경기도 안성시 중앙로 274-30,456240,17578,,2,,127.258911720328,37.0105580053639
MA010120220812822687,씨엘테크,,G2,소매,G221,기타 상품 소매,G22199,그 외 기타 상품 전문 소매업,G47859,그 외 기타 분류 안된 상품 전문 소매업,11,서울특별시,11560,영등포구,11560560,당산2동,1156011700,당산동,1156011700101210107,1,대지,121,107,서울특별시 영등포구 당산동 121-107,115603118010,서울특별시 영등포구 버드나루로,109,,1156011700101210107028215,,서울특별시 영등포구 버드나루로 109,150040,07229,,,,126.907888286796,37.5277949805158
MA010120220812887030,본모발,,G2,소매,G221,기타 상품 소매,G22199,그 외 기타 상품 전문 소매업,G47422,의복 액세서리 및 모조 장신구 소매업,41,경기도,41461,용인시 처인구,41461510,중앙동,4146110100,김량장동,4146110100101180006,1,대지,118,6,경기도 용인시 처인구 김량장동 118-6,414614409111,경기도 용인시 처인구 금령로117번길,1,,4146110100101180006010920,유한빌딩,경기도 용인시 처인구 금령로117번길 1,449924,17052,,2,,127.209260545879,37.2356601234892
MA010120220812820221,도솔천불교사,,G2,소매,G221,기타 상품 소매,G22199,그 외 기타 상품 전문 소매업,G47859,그 외 기타 분류 안된 상품 전문 소매업,30,대전광역시,30140,중구,30140700,유천1동,3014011500,유천동,3014011500102560001,1,대지,256,1,대전광역시 중구 유천동 256-1,301404295334,대전광역시 중구 문화로99번길,82,,3014011500102560001021937,,대전광역시 중구 문화로99번길 82,301837,34975,,,,127.39551216012,36.3162412852508
MA010120220812825664,산본생활마트,,G2,소매,G221,기타 상품 소매,G22199,그 외 기타 상품 전문 소매업,G47859,그 외 기타 분류 안된 상품 전문 소매업,41,경기도,41410,군포시,41410620,광정동,4141010400,산본동,4141010400111290001,1,대지,1129,1,경기도 군포시 산본동 1129-1,414104400232,경기도 군포시 산본로323번길,6,,4141010400111290001005516,럭키빌딩,경기도 군포시 산본로323번길 6,435804,15865,,2,,126.932995313833,37.3595384120644
MA010120220812846732,대신에프에이,,G2,소매,G221,기타 상품 소매,G22199,그 외 기타 상품 전문 소매업,G47859,그 외 기타 분류 안된 상품 전문 소매업,41,경기도,41500,이천시,41500515,증포동,4150010800,갈산동,4150010800106770002,1,대지,677,2,경기도 이천시 갈산동 677-2,415003207053,경기도 이천시 증신로,53,,4150010800106770002000001,,경기도 이천시 증신로 53,467110,17359,,2,,127.459172201199,37.2826826666733
MA010120220812857080,반야불교사,,G2,소매,G221,기타 상품 소매,G22199,그 외 기타 상품 전문 소매업,G47859,그 외 기타 분류 안된 상품 전문 소매업,41,경기도,41115,수원시 팔달구,41115740,행궁동,4111512900,북수동,4111512900102140000,1,대지,214,,경기도 수원시 팔달구 북수동 214,411153012006,경기도 수원시 팔달구 정조로,862,,4111512900102140000004959,,경기도 수원시 팔달구 정조로 862,442180,16253,,,,127.016080580733,37.2849687624474
MA010120220812906327,유진상사,,G2,소매,G221,기타 상품 소매,G22199,그 외 기타 상품 전문 소매업,G47859,그 외 기타 분류 안된 상품 전문 소매업,44,충청남도,44131,천안시 동남구,44131570,신방동,4413111600,신방동,4413111600119190000,1,대지,1919,,충청남도 천안시 동남구 신방동 1919,441313249065,충청남도 천안시 동남구 통정8로,27,,4413111600119190000000001,,충청남도 천안시 동남구 통정8로 27,330260,31207,,1,,127.129819662765,36.7711944009919
MA010120220812910576,현대프라자2,,G2,소매,G221,기타 상품 소매,G22199,그 외 기타 상품 전문 소매업,G47859,그 외 기타 분류 안된 상품 전문 소매업,52,전북특별자치도,52180,정읍시,52180570,연지동,5218010500,연지동,5218010500100130006,1,대지,13,6,전북특별자치도 정읍시 연지동 13-6,521804610293,전북특별자치도 정읍시 명덕1길,3,,4518010500100130006088299,,전북특별자치도 정읍시 명덕1길 3,580805,56182,,,,126.847058959014,35.5769872526309
MA010120220812925901,제천약초뜰,,G2,소매,G221,기타 상품 소매,G22199,그 외 기타 상품 전문 소매업,G47859,그 외 기타 분류 안된 상품 전문 소매업,43,충청북도,43150,제천시,43150528,중앙동,4315010700,중앙로2가,4315010700101390001,1,대지,139,1,충청북도 제천시 중앙로2가 139-1,431503239015,충청북도 제천시 독순로,86,1,4315010600102210001030143,,충청북도 제천시 독순로 86-1,390012,27173,,,,128.212498575542,37.1382583504105
MA010120220812781905,진주만물,,G2,소매,G221,기타 상품 소매,G22199,그 외 기타 상품 전문 소매업,G47859,그 외 기타 분류 안된 상품 전문 소매업,48,경상남도,48127,창원시 마산회원구,48127580,합성1동,4812710600,합성동,4812710600100840055,1,대지,84,55,경상남도 창원시 마산회원구 합성동 84-55,481274790350,경상남도 창원시 마산회원구 합성서1길,70,,4812710600100840055038780,,경상남도 창원시 마산회원구 합성서1길 70,630816,51210,,2,,128.582788404419,35.2399319209226
MA010120220812798825,방재산업S/T,,G2,소매,G221,기타 상품 소매,G22199,그 외 기타 상품 전문 소매업,G47859,그 외 기타 분류 안된 상품 전문 소매업,26,부산광역시,26710,기장군,26710250,기장읍,2671025033,기장읍,2671025033107210001,1,대지,721,1,부산광역시 기장군 기장읍 시랑리 721-1,267103350900,부산광역시 기장군 기장읍 동부산관광7로,31,,2671025033107210001000001,,부산광역시 기장군 기장읍 동부산관광7로 31,619902,46084,,,,129.21581052872,35.1886426918915
MA010120220812798829,제이피,,G2,소매,G221,기타 상품 소매,G22199,그 외 기타 상품 전문 소매업,G47859,그 외 기타 분류 안된 상품 전문 소매업,26,부산광역시,26260,동래구,26260570,온천3동,2626010800,온천동,2626010800114410013,1,대지,1441,13,부산광역시 동래구 온천동 1441-13,262602006006,부산광역시 동래구 충렬대로,152,,2626010800114410013000001,,부산광역시 동래구 충렬대로 152,607836,47824,,10,,129.076589952015,35.2046102836877
MA010120220812822918,엠앤엠,코리아,G2,소매,G221,기타 상품 소매,G22199,그 외 기타 상품 전문 소매업,G47859,그 외 기타 분류 안된 상품 전문 소매업,41,경기도,41220,평택시,41220590,신평동,4122011700,합정동,4122011700108760006,1,대지,876,6,경기도 평택시 합정동 876-6,412204364751,경기도 평택시 참이슬1길,21,,4122011700108760006019017,,경기도 평택시 참이슬1길 21,450833,17874,,1,,127.116754135708,36.98885065041
MA010120220812833849,조은공기,,G2,소매,G221,기타 상품 소매,G22199,그 외 기타 상품 전문 소매업,G47859,그 외 기타 분류 안된 상품 전문 소매업,11,서울특별시,11545,금천구,11545610,독산1동,1154510200,독산동,1154510200102910001,1,대지,291,1,서울특별시 금천구 독산동 291-1,115453117005,서울특별시 금천구 두산로,70,,1154510200102910001013680,현대지식산업센터,서울특별시 금천구 두산로 70,153813,08584,,7,,126.895627546782,37.4689671109965
MA010120220812852148,대유화학,,G2,소매,G221,기타 상품 소매,G22199,그 외 기타 상품 전문 소매업,G47859,그 외 기타 분류 안된 상품 전문 소매업,41,경기도,41271,안산시 상록구,41271532,사이동,4127110300,사동,4127110300114870001,1,대지,1487,1,경기도 안산시 상록구 사동 1487-1,412714370236,경기도 안산시 상록구 선진4길,6,,4127110300114870001025417,,경기도 안산시 상록구 선진4길 6,426825,15633,,,,126.847763363786,37.2799522890932
MA010120220812875887,삼성유통,,G2,소매,G221,기타 상품 소매,G22199,그 외 기타 상품 전문 소매업,G47859,그 외 기타 분류 안된 상품 전문 소매업,41,경기도,41113,수원시 권선구,41113530,세류2동,4111312600,세류동,4111312600111660000,1,대지,1166,,경기도 수원시 권선구 세류동 1166,411134325414,경기도 수원시 권선구 정조로384번길,2,,4111312600111660000029810,,경기도 수원시 권선구 정조로384번길 2,441881,16660,,,,127.014933468676,37.2436291003442
MA010120220812897027,똥깡아지수족관,2호점,G2,소매,G221,기타 상품 소매,G22199,그 외 기타 상품 전문 소매업,G47859,그 외 기타 분류 안된 상품 전문 소매업,48,경상남도,48310,거제시,48310510,장승포동,4831010200,장승포동,4831010200106970002,1,대지,697,2,경상남도 거제시 장승포동 697-2,483103337041,경상남도 거제시 장승포로,32,,4831010200106970002000001,,경상남도 거제시 장승포로 32,656910,53320,,,,128.727756002505,34.8679558190915
MA010120220812787971,탑기획,,G2,소매,G221,기타 상품 소매,G22199,그 외 기타 상품 전문 소매업,G47859,그 외 기타 분류 안된 상품 전문 소매업,41,경기도,41210,광명시,41210610,철산3동,4121010200,철산동,4121010200104490002,1,대지,449,2,경기도 광명시 철산동 449-2,412103187055,경기도 광명시 철산로,62,,4121010200104490002000386,사상가,경기도 광명시 철산로 62,423838,14238,,,,126.873061650591,37.4771622328054
MA010120220812822957,세원티씨에스,,G2,소매,G221,기타 상품 소매,G22199,그 외 기타 상품 전문 소매업,G47519,"페인트, 창호 및 기타 건설자재 소매업",11,서울특별시,11170,용산구,11170625,한강로동,1117012800,한강로3가,1117012800100160091,1,대지,16,91,서울특별시 용산구 한강로3가 16-91,111703102008,서울특별시 용산구 이촌로,5,,1117012800100160091011448,,서울특별시 용산구 이촌로 5,140879,04373,,,,126.955050833585,37.5311200128408
MA010120220812828569,일광파레트,,G2,소매,G221,기타 상품 소매,G22199,그 외 기타 상품 전문 소매업,G47859,그 외 기타 분류 안된 상품 전문 소매업,47,경상북도,47290,경산시,47290330,자인면,4729033027,자인면,4729033027103250000,1,대지,325,,경상북도 경산시 자인면 신관리 325,472903313019,경상북도 경산시 자인면 금학로,197,4,4729033027103230000052527,,경상북도 경산시 자인면 금학로 197-4,712852,38558,,,,128.844155522751,35.8228894523944
MA010120220812836975,샬롬공예,,G2,소매,G221,기타 상품 소매,G22199,그 외 기타 상품 전문 소매업,G47859,그 외 기타 분류 안된 상품 전문 소매업,47,경상북도,47840,성주군,47840390,월항면,4784039033,월항면,4784039033113500000,1,대지,1350,,경상북도 성주군 월항면 안포리 1350,478404763272,경상북도 성주군 월항면 안무실길,10,20,4784039033113500000044191,,경상북도 성주군 월항면 안무실길 10-20,719851,40038,,,,128.317762683043,35.9410471306457
MA010120220812901579,뱀사골산야초,,G2,소매,G221,기타 상품 소매,G22199,그 외 기타 상품 전문 소매업,G47859,그 외 기타 분류 안된 상품 전문 소매업,52,전북특별자치도,52190,남원시,52190460,산내면,5219046027,산내면,5219046027102400000,1,대지,240,,전북특별자치도 남원시 산내면 부운리 240,521903000201,전북특별자치도 남원시 산내면 지리산로,799,,4519046027102400000023965,,전북특별자치도 남원시 산내면 지리산로 799,590852,55805,,,,127.579721343147,35.3741151096718
MA010120220812901665,물동이,,G2,소매,G221,기타 상품 소매,G22199,그 외 기타 상품 전문 소매업,G47221,음료 소매업,41,경기도,41800,연천군,41800360,신서면,4180036023,신서면,4180036023103190012,1,대지,319,12,경기도 연천군 신서면 내산리 319-12,418003215012,경기도 연천군 신서면 동내로,943,,4180036023200410010006952,,경기도 연천군 신서면 동내로 943,486831,11002,,,,127.135368693865,38.1284472021712
MA010120220812932738,아이엠식스투나인,,G2,소매,G221,기타 상품 소매,G22199,그 외 기타 상품 전문 소매업,G47859,그 외 기타 분류 안된 상품 전문 소매업,46,전라남도,46110,목포시,46110705,북항동,4611010200,산정동,4611010200116930002,1,대지,1693,2,전라남도 목포시 산정동 1693-2,461103281083,전라남도 목포시 청호로,143,,4611010200116930002011291,,전라남도 목포시 청호로 143,530814,58716,,,,126.375492636179,34.8042015032297
MA010120220812807586,제일유통,,G2,소매,G221,기타 상품 소매,G22199,그 외 기타 상품 전문 소매업,G47859,그 외 기타 분류 안된 상품 전문 소매업,44,충청남도,44200,아산시,44200580,온양2동,4420010100,온천동,4420010100121620000,1,대지,2162,,충청남도 아산시 온천동 2162,442003015034,충청남도 아산시 외암로,1635,,4420011200100270008043522,,충청남도 아산시 외암로 1635,336012,31576,,,,127.009611480189,36.7793208226948
MA010120220812854940,신세계,,G2,소매,G221,기타 상품 소매,G22199,그 외 기타 상품 전문 소매업,G47859,그 외 기타 분류 안된 상품 전문 소매업,48,경상남도,48129,창원시 진해구,48129650,웅동2동,4812916400,용원동,4812916400111190012,1,대지,1119,12,경상남도 창원시 진해구 용원동 1119-12,481293331038,경상남도 창원시 진해구 용원동로,298,,4812916400111190012002065,,경상남도 창원시 진해구 용원동로 298,645510,51604,,,,128.821578257463,35.0992833597627
MA010120220812860320,대우인삼사,,G2,소매,G221,기타 상품 소매,G22199,그 외 기타 상품 전문 소매업,G47859,그 외 기타 분류 안된 상품 전문 소매업,47,경상북도,47210,영주시,47210250,풍기읍,4721025029,풍기읍,4721025029101390007,1,대지,139,7,경상북도 영주시 풍기읍 서부리 139-7,472103309053,경상북도 영주시 풍기읍 인삼로,3,1,4721025029101390007011721,,경상북도 영주시 풍기읍 인삼로 3-1,750805,36025,,,,128.524366288333,36.8731441990609
MA010120220812865287,다비,,G2,소매,G221,기타 상품 소매,G22199,그 외 기타 상품 전문 소매업,G47859,그 외 기타 분류 안된 상품 전문 소매업,41,경기도,41360,남양주시,41360253,진접읍,4136025327,진접읍,4136025327104540002,1,대지,454,2,경기도 남양주시 진접읍 진벌리 454-2,413604391064,경기도 남양주시 진접읍 경복대로534번길,42,,4136025327104540002027207,효성,경기도 남양주시 진접읍 경복대로534번길 42,472861,12021,,,,127.219884784961,37.7400782210866
MA010120220812934340,마로,,G2,소매,G221,기타 상품 소매,G22199,그 외 기타 상품 전문 소매업,G47859,그 외 기타 분류 안된 상품 전문 소매업,46,전라남도,46230,광양시,46230540,광영동,4623010800,광영동,4623010800107840006,1,대지,784,6,전라남도 광양시 광영동 784-6,462304655317,전라남도 광양시 영수길,15,,4623010800107840006018498,마로,전라남도 광양시 영수길 15,545872,57717,,1,,127.718690209591,34.9630360091746
MA010120220812936911,신구소방,,G2,소매,G221,기타 상품 소매,G22199,그 외 기타 상품 전문 소매업,G47859,그 외 기타 분류 안된 상품 전문 소매업,41,경기도,41271,안산시 상록구,41271540,본오1동,4127110400,본오동,4127110400108690004,1,대지,869,4,경기도 안산시 상록구 본오동 869-4,412714370207,경기도 안산시 상록구 샘골로7길,16,,4127110400108690004046913,,경기도 안산시 상록구 샘골로7길 16,426813,15551,,,,126.864236502951,37.2930734212705
MA010120220812839712,까꾸빈티지,반포점,G2,소매,G221,기타 상품 소매,G22199,그 외 기타 상품 전문 소매업,G47859,그 외 기타 분류 안된 상품 전문 소매업,11,서울특별시,11650,서초구,11650580,반포3동,1165010600,잠원동,1165010600100680017,1,대지,68,17,서울특별시 서초구 잠원동 68-17,116503121017,서울특별시 서초구 신반포로,200,,1165010700101280004000001,강남터미널,서울특별시 서초구 신반포로 200,137908,06545,,,,127.005044215872,37.50622472873
MA010120220812940739,라온투제이,,G2,소매,G221,기타 상품 소매,G22199,그 외 기타 상품 전문 소매업,G47859,그 외 기타 분류 안된 상품 전문 소매업,44,충청남도,44200,아산시,44200410,신창면,4420041028,신창면,4420041028101870002,1,대지,187,2,충청남도 아산시 신창면 남성리 187-2,442004559089,충청남도 아산시 신창면 남성길,128,,4420041028101870002015954,,충청남도 아산시 신창면 남성길 128,336882,31530,,4,,126.955487325986,36.7903335200459
MA010120220812821082,회변항스타낚시,,G2,소매,G221,기타 상품 소매,G22199,그 외 기타 상품 전문 소매업,G47859,그 외 기타 분류 안된 상품 전문 소매업,44,충청남도,44180,보령시,44180330,천북면,4418033022,천북면,4418033022102410000,1,대지,241,,충청남도 보령시 천북면 학성리 241,441803252039,충청남도 보령시 천북면 하학로,773,,4418033022102410000002932,,충청남도 보령시 천북면 하학로 773,355814,33401,,1,,126.49983782103,36.4326945486478
MA010120220812774710,롤로한민,시장점,G2,소매,G221,기타 상품 소매,G22199,그 외 기타 상품 전문 소매업,G47859,그 외 기타 분류 안된 상품 전문 소매업,30,대전광역시,30170,서구,30170560,괴정동,3017010800,괴정동,3017010800100850010,1,대지,85,10,대전광역시 서구 괴정동 85-10,301703166017,대전광역시 서구 도솔로,326,,3017010800100850010008295,,대전광역시 서구 도솔로 326,302815,35295,,,,127.383710427323,36.3370699362347
MA010120220812832336,강동약초학교협동조합,,G2,소매,G221,기타 상품 소매,G22199,그 외 기타 상품 전문 소매업,G47859,그 외 기타 분류 안된 상품 전문 소매업,11,서울특별시,11740,강동구,11740540,명일2동,1174010100,명일동,1174010100100470016,1,대지,47,16,서울특별시 강동구 명일동 47-16,117404172097,서울특별시 강동구 동남로75길,13,25,1174010100100470016018748,,서울특별시 강동구 동남로75길 13-25,134825,05269,,3,,127.155472561014,37.5530646614241
MA010120220812842577,도영,,G2,소매,G221,기타 상품 소매,G22199,그 외 기타 상품 전문 소매업,G47859,그 외 기타 분류 안된 상품 전문 소매업,48,경상남도,48330,양산시,48330515,양주동,4833010300,중부동,4833010300106960001,1,대지,696,1,경상남도 양산시 중부동 696-1,483303338061,경상남도 양산시 양주로,156,,4833010300106960001055324,대동황토방아파트,경상남도 양산시 양주로 156,626758,50625,,,,129.03245165959,35.3391175730715
MA010120220812902120,스페이스젯,,G2,소매,G221,기타 상품 소매,G22199,그 외 기타 상품 전문 소매업,G47859,그 외 기타 분류 안된 상품 전문 소매업,11,서울특별시,11200,성동구,11200690,성수2가3동,1120011500,성수동2가,1120011500103150061,1,대지,315,61,서울특별시 성동구 성수동2가 315-61,112004109408,서울특별시 성동구 연무장5가길,25,,1120011500103150061005205,성수역SK,서울특별시 성동구 연무장5가길 25,133835,04782,,,,127.055615862506,37.5435492755449
MA010120220812927991,다올,,G2,소매,G221,기타 상품 소매,G22199,그 외 기타 상품 전문 소매업,G47859,그 외 기타 분류 안된 상품 전문 소매업,41,경기도,41273,안산시 단원구,41273532,중앙동,4127310100,고잔동,4127310100105270009,1,대지,527,9,경기도 안산시 단원구 고잔동 527-9,412733190009,경기도 안산시 단원구 고잔로,55,,4127310100105270009018780,중앙오피스텔,경기도 안산시 단원구 고잔로 55,425727,15352,,,,126.832351589401,37.3195049531223
MA010120220812913744,흥농농약사,,G2,소매,G221,기타 상품 소매,G22199,그 외 기타 상품 전문 소매업,G47859,그 외 기타 분류 안된 상품 전문 소매업,46,전라남도,46790,화순군,46790350,능주면,4679035026,능주면,4679035026100880004,1,대지,88,4,전라남도 화순군 능주면 관영리 88-4,467904673426,전라남도 화순군 능주면 죽수길,98,,4679035026100880004025389,,전라남도 화순군 능주면 죽수길 98,519811,58153,,,,126.958191497182,34.9918543619248
MA010120220812815964,해방소,,G2,소매,G221,기타 상품 소매,G22199,그 외 기타 상품 전문 소매업,G47859,그 외 기타 분류 안된 상품 전문 소매업,51,강원특별자치도,51130,원주시,51130675,반곡관설동,5113011700,반곡동,5113011700119030006,1,대지,1903,6,강원특별자치도 원주시 반곡동 1903-6,511303219088,강원특별자치도 원주시 황금로,8,,4213011700119030006000001,,강원특별자치도 원주시 황금로 8,220170,26462,,,,127.987466085139,37.327288506785
MA010120220812860864,벌교총포사,,G2,소매,G221,기타 상품 소매,G22199,그 외 기타 상품 전문 소매업,G47859,그 외 기타 분류 안된 상품 전문 소매업,46,전라남도,46780,보성군,46780253,벌교읍,4678025321,벌교읍,4678025321108830017,1,대지,883,17,전라남도 보성군 벌교읍 벌교리 883-17,467803290015,전라남도 보성군 벌교읍 홍암로,29,,4678025321108830017701694,,전라남도 보성군 벌교읍 홍암로 29,546905,59425,,,,127.347709199967,34.8438151283641
MA010120220812898291,고운사우화루,,G2,소매,G221,기타 상품 소매,G22199,그 외 기타 상품 전문 소매업,G47859,그 외 기타 분류 안된 상품 전문 소매업,47,경상북도,47730,의성군,47730310,단촌면,4773031035,단촌면,4773031035101160000,1,대지,116,,경상북도 의성군 단촌면 구계리 116,477304745020,경상북도 의성군 단촌면 고운사길,415,,4773031035101160000068647,고운사,경상북도 의성군 단촌면 고운사길 415,769822,37320,,,,128.748800453452,36.458371551431
MA010120220812774993,태산산업점동농약사,,G2,소매,G221,기타 상품 소매,G22199,그 외 기타 상품 전문 소매업,G47859,그 외 기타 분류 안된 상품 전문 소매업,41,경기도,41670,여주시,41670310,점동면,4167031021,점동면,4167031021101540004,1,대지,154,4,경기도 여주시 점동면 청안리 154-4,416703214057,경기도 여주시 점동면 청안로,139,,4173031021101560005036495,,경기도 여주시 점동면 청안로 139,469872,12667,,1,,127.662224716129,37.2068813837095
MA010120220812797189,좋은친구들전주점,,G2,소매,G221,기타 상품 소매,G22199,그 외 기타 상품 전문 소매업,G47859,그 외 기타 분류 안된 상품 전문 소매업,52,전북특별자치도,52111,전주시 완산구,52111702,삼천2동,5211113700,삼천동1가,5211113700106750006,1,대지,675,6,전북특별자치도 전주시 완산구 삼천동1가 675-6,521113266006,전북특별자치도 전주시 완산구 거마서로,9,,4511113700106750006025256,,전북특별자치도 전주시 완산구 거마서로 9,560812,55088,,1,,127.119305409287,35.7934406986846
MA010120220812808382,리베,,G2,소매,G221,기타 상품 소매,G22199,그 외 기타 상품 전문 소매업,G47859,그 외 기타 분류 안된 상품 전문 소매업,48,경상남도,48121,창원시 의창구,48121530,명곡동,4812112400,명서동,4812112400101990009,1,대지,199,9,경상남도 창원시 의창구 명서동 199-9,481214781651,경상남도 창원시 의창구 창이대로113번길,2,,4812112400101990009021326,서울종합상가,경상남도 창원시 의창구 창이대로113번길 2,641815,51388,,1,,128.650300532021,35.2420130377034
MA010120220812821613,아이다전자담배송파,잠실점,G2,소매,G221,기타 상품 소매,G22199,그 외 기타 상품 전문 소매업,G47859,그 외 기타 분류 안된 상품 전문 소매업,11,서울특별시,11710,송파구,11710580,송파1동,1171010400,송파동,1171010400100890007,1,대지,89,7,서울특별시 송파구 송파동 89-7,117102005011,서울특별시 송파구 송파대로,404,,1171010400100890007013192,,서울특별시 송파구 송파대로 404,138850,05667,,1,,127.109317326904,37.5033721282075
MA010120220812842818,나인제네레이션,,G2,소매,G221,기타 상품 소매,G22199,그 외 기타 상품 전문 소매업,N75999,그 외 기타 분류 안된 사업 지원 서비스업,41,경기도,41285,고양시 일산동구,41285590,장항2동,4128510400,장항동,4128510400107510000,1,대지,751,,경기도 고양시 일산동구 장항동 751,412853192096,경기도 고양시 일산동구 호수로,662,,4128510400107510000009284,삼성라끄빌,경기도 고양시 일산동구 호수로 662,410837,10401,,,,126.765876786224,37.6607561195529
MA010120220812919561,라온방재,,G2,소매,G221,기타 상품 소매,G22199,그 외 기타 상품 전문 소매업,G47859,그 외 기타 분류 안된 상품 전문 소매업,41,경기도,41390,시흥시,41390591,정왕1동,4139013200,정왕동,4139013200113670001,1,대지,1367,1,경기도 시흥시 정왕동 1367-1,413902199001,경기도 시흥시 공단1대로,244,,4139013200113670001016345,공구상가,경기도 시흥시 공단1대로 244,429853,15103,,,,126.728445299906,37.3353324328239
MA010120220812777896,대원암불교상회,,G2,소매,G221,기타 상품 소매,G22199,그 외 기타 상품 전문 소매업,G47859,그 외 기타 분류 안된 상품 전문 소매업,50,제주특별자치도,50110,제주시,50110670,외도동,5011012400,외도이동,5011012400103040001,1,대지,304,1,제주특별자치도 제주시 외도이동 304-1,501104848520,제주특별자치도 제주시 월대5길,17,,5011012400103040001058252,,제주특별자치도 제주시 월대5길 17,690191,63068,,,,126.434521124751,33.4951530395089
MA010120220812794233,미래유통,,G2,소매,G221,기타 상품 소매,G22199,그 외 기타 상품 전문 소매업,G47859,그 외 기타 분류 안된 상품 전문 소매업,46,전라남도,46830,영암군,46830253,삼호읍,4683025326,삼호읍,4683025326116860002,1,대지,1686,2,전라남도 영암군 삼호읍 용앙리 1686-2,468304685545,전라남도 영암군 삼호읍 대불주거1로5길,29,,4683025326116860002000001,,전라남도 영암군 삼호읍 대불주거1로5길 29,526897,58456,,1,,126.455814643136,34.7526123456176
MA010120220812902883,오정상사,,G2,소매,G221,기타 상품 소매,G22199,그 외 기타 상품 전문 소매업,G47859,그 외 기타 분류 안된 상품 전문 소매업,48,경상남도,48890,합천군,48890430,삼가면,4889043024,삼가면,4889043024104390001,1,대지,439,1,경상남도 합천군 삼가면 일부리 439-1,488904844271,경상남도 합천군 삼가면 봉두길,3,,4889043024104390001037152,,경상남도 합천군 삼가면 봉두길 3,678964,50219,,,,128.12959552514,35.4138740963124
MA010120220812914215,주성소방,,G2,소매,G221,기타 상품 소매,G22199,그 외 기타 상품 전문 소매업,G47859,그 외 기타 분류 안된 상품 전문 소매업,41,경기도,41390,시흥시,41390591,정왕1동,4139013200,정왕동,4139013200113670001,1,대지,1367,1,경기도 시흥시 정왕동 1367-1,413902199001,경기도 시흥시 공단1대로,244,,4139013200113670001016345,공구상가,경기도 시흥시 공단1대로 244,429853,15103,,,,126.728445299906,37.3353324328239
MA010120220812916081,아이스크림할인&복권,,G2,소매,G221,기타 상품 소매,G22199,그 외 기타 상품 전문 소매업,G47216,"빵류, 과자류 및 당류 소매업",41,경기도,41360,남양주시,41360256,화도읍,4136025621,화도읍,4136025621105860000,1,대지,586,,경기도 남양주시 화도읍 마석우리 586,413604391284,경기도 남양주시 화도읍 마석로45번길,39,,4136025621105860000017516,,경기도 남양주시 화도읍 마석로45번길 39,472845,12174,,,,127.301543862538,37.6549088502042
MA010120220812917440,마이모플러스,,G2,소매,G221,기타 상품 소매,G22199,그 외 기타 상품 전문 소매업,G47422,의복 액세서리 및 모조 장신구 소매업,29,광주광역시,29140,서구,29140730,광천동,2914011500,광천동,2914011500100380019,1,대지,38,19,광주광역시 서구 광천동 38-19,291402009009,광주광역시 서구 무진대로,945,1,2914011500100380019000864,,광주광역시 서구 무진대로 945-1,502800,61917,,,,126.88400618512,35.161642552483
MA010120220812794502,좋은친구,,G2,소매,G221,기타 상품 소매,G22199,그 외 기타 상품 전문 소매업,G47859,그 외 기타 분류 안된 상품 전문 소매업,43,충청북도,43114,청주시 청원구,43114253,오창읍,4311425345,오창읍,4311425345107910004,1,대지,791,4,충청북도 청주시 청원구 오창읍 양청리 791-4,431143240075,충청북도 청주시 청원구 오창읍 중심상업1로,8,46,4371025345107910004000001,,충청북도 청주시 청원구 오창읍 중심상업1로 8-46,363883,28120,,,,127.428846966828,36.7159749080221
MA010120220812813624,송정농축산,,G2,소매,G221,기타 상품 소매,G22199,그 외 기타 상품 전문 소매업,G47859,그 외 기타 분류 안된 상품 전문 소매업,52,전북특별자치도,52770,순창군,52770370,복흥면,5277037033,복흥면,5277037033103580000,1,대지,358,,전북특별자치도 순창군 복흥면 주평리 358,527704634194,전북특별자치도 순창군 복흥면 심적길,32,110,4577037033103580000000001,,전북특별자치도 순창군 복흥면 심적길 32-110,595883,56003,,,,126.958892413051,35.4278205930223
MA010120220812827211,대흥불교사,,G2,소매,G221,기타 상품 소매,G22199,그 외 기타 상품 전문 소매업,G47859,그 외 기타 분류 안된 상품 전문 소매업,48,경상남도,48240,사천시,48240510,동서동,4824010100,동동,4824010100100710002,1,대지,71,2,경상남도 사천시 동동 71-2,482403334001,경상남도 사천시 각산로,34,,4824010100100690001024693,,경상남도 사천시 각산로 34,664020,52556,,,,128.071020961764,34.9297583842342
MA010120220812861477,영선,,G2,소매,G221,기타 상품 소매,G22199,그 외 기타 상품 전문 소매업,G47859,그 외 기타 분류 안된 상품 전문 소매업,48,경상남도,48840,남해군,48840250,남해읍,4884025028,남해읍,4884025028112310002,1,대지,1231,2,경상남도 남해군 남해읍 평현리 1231-2,488404829331,경상남도 남해군 남해읍 스포츠로264번길,24,5,4884025028112310002010488,,경상남도 남해군 남해읍 스포츠로264번길 24-5,668806,52428,,,,127.879252097347,34.8197897392119
MA010120220812917986,지리산한약방,,G2,소매,G221,기타 상품 소매,G22199,그 외 기타 상품 전문 소매업,G47859,그 외 기타 분류 안된 상품 전문 소매업,29,광주광역시,29170,북구,29170555,중앙동,2917010200,유동,2917010200100510002,1,대지,51,2,광주광역시 북구 유동 51-2,291703009018,광주광역시 북구 경열로,180,,2917010200100510002015342,,광주광역시 북구 경열로 180,500863,61241,,,,126.903868264235,35.1560354582452
MA010120220812786548,강화섬나라,,G2,소매,G221,기타 상품 소매,G22199,그 외 기타 상품 전문 소매업,G47859,그 외 기타 분류 안된 상품 전문 소매업,28,인천광역시,28710,강화군,28710400,교동면,2871040021,교동면,2871040021104500001,1,대지,450,1,인천광역시 강화군 교동면 대룡리 450-1,287103157010,인천광역시 강화군 교동면 교동남로,22,,2871040021104500001046238,,인천광역시 강화군 교동면 교동남로 22,417922,23002,,1,,126.279729184218,37.7812921665627
MA010120220812794816,대한불교조계종용주사,불교용품점,G2,소매,G221,기타 상품 소매,G22199,그 외 기타 상품 전문 소매업,G47859,그 외 기타 분류 안된 상품 전문 소매업,48,경상남도,48330,양산시,48330330,상북면,4833033021,상북면,4833033021100050013,1,대지,5,13,경상남도 양산시 상북면 석계리 5-13,483302000032,경상남도 양산시 상북면 양산대로,1800,44,4833033021100050013015491,,경상남도 양산시 상북면 양산대로 1800-44,626854,50561,,,,129.069898616452,35.4248193001365
MA010120220812800605,동산잡화,,G2,소매,G221,기타 상품 소매,G22199,그 외 기타 상품 전문 소매업,G47859,그 외 기타 분류 안된 상품 전문 소매업,41,경기도,41670,여주시,41670350,대신면,4167035034,대신면,4167035034106140008,1,대지,614,8,경기도 여주시 대신면 천서리 614-8,416703214069,경기도 여주시 대신면 여양1로,21,,4173036034106140008054080,,경기도 여주시 대신면 여양1로 21,469842,12608,,,,127.548109045604,37.4039418395002
MA010120220812943895,안전솔루션,,G2,소매,G221,기타 상품 소매,G22199,그 외 기타 상품 전문 소매업,G47859,그 외 기타 분류 안된 상품 전문 소매업,52,전북특별자치도,52180,정읍시,52180545,시기동,5218010400,시기동,5218010400102390005,1,대지,239,5,전북특별자치도 정읍시 시기동 239-5,521803270032,전북특별자치도 정읍시 우암로,21,,4518010400102420002016968,현대통증의학원,전북특별자치도 정읍시 우암로 21,580060,56162,,3,,126.853997233376,35.5654051734395
MA010120220812884041,사랑이야기,,G2,소매,G221,기타 상품 소매,G22199,그 외 기타 상품 전문 소매업,G47859,그 외 기타 분류 안된 상품 전문 소매업,41,경기도,41133,성남시 중원구,41133510,성남동,4113310100,성남동,4113310100137610000,1,대지,3761,,경기도 성남시 중원구 성남동 3761,411333179021,경기도 성남시 중원구 제일로,45,,4113310100137610000024185,,경기도 성남시 중원구 제일로 45,462828,13368,,1,,127.136148126295,37.4311913339658
MA010120220812786739,대전리얼,,G2,소매,G221,기타 상품 소매,G22199,그 외 기타 상품 전문 소매업,G47859,그 외 기타 분류 안된 상품 전문 소매업,30,대전광역시,30110,동구,30110640,용전동,3011011500,용전동,3011011500101170014,1,대지,117,14,대전광역시 동구 용전동 117-14,301104292209,대전광역시 동구 동서대로1683번길,9,,3011011500101170014000001,지산팰리스,대전광역시 동구 동서대로1683번길 9,300824,34552,,,,127.436119578216,36.3495516769813
MA010120220812921136,아름다운가게,광양중마점,G2,소매,G221,기타 상품 소매,G22199,그 외 기타 상품 전문 소매업,G47859,그 외 기타 분류 안된 상품 전문 소매업,46,전라남도,46230,광양시,46230530,중마동,4623010600,중동,4623010600112960018,1,대지,1296,18,전라남도 광양시 중동 1296-18,462303285041,전라남도 광양시 중마중앙로,128,,4623010600112960018031742,,전라남도 광양시 중마중앙로 128,545879,57786,,1,,127.698472182279,34.9416834010742
MA010120220812922495,폰사요몰중고폰건대,입구점,G2,소매,G221,기타 상품 소매,G22199,그 외 기타 상품 전문 소매업,G47859,그 외 기타 분류 안된 상품 전문 소매업,11,서울특별시,11215,광진구,11215710,화양동,1121510700,화양동,1121510700100070003,1,대지,7,3,서울특별시 광진구 화양동 7-3,112153000002,서울특별시 광진구 아차산로,229,,1121510700100070003016566,한림타워,서울특별시 광진구 아차산로 229,143717,05018,,,,127.069010908537,37.5407851485167
MA010120220812884249,마끼라시저스,,G2,소매,G221,기타 상품 소매,G22199,그 외 기타 상품 전문 소매업,G47859,그 외 기타 분류 안된 상품 전문 소매업,30,대전광역시,30140,중구,30140535,은행선화동,3014010200,선화동,3014010200100790014,1,대지,79,14,대전광역시 중구 선화동 79-14,301404295166,대전광역시 중구 대종로550번길,5,,3014010200100790014002124,유원오피스텔,대전광역시 중구 대종로550번길 5,301734,34831,,,,127.421612508282,36.3325535107779
MA010120220812885296,성태,,G2,소매,G221,기타 상품 소매,G22199,그 외 기타 상품 전문 소매업,G47859,그 외 기타 분류 안된 상품 전문 소매업,48,경상남도,48840,남해군,48840340,미조면,4884034022,미조면,4884034022101030005,1,대지,103,5,경상남도 남해군 미조면 미조리 103-5,488403343016,경상남도 남해군 미조면 미송로,72,12,4884034022101030005003517,,경상남도 남해군 미조면 미송로 72-12,668831,52442,,,,128.046150523816,34.7115311273069
MA010120220812801155,부처님마을상회,,G2,소매,G221,기타 상품 소매,G22199,그 외 기타 상품 전문 소매업,G47859,그 외 기타 분류 안된 상품 전문 소매업,26,부산광역시,26350,해운대구,26350554,좌4동,2635010700,좌동,2635010700114290001,1,대지,1429,1,부산광역시 해운대구 좌동 1429-1,263503133038,부산광역시 해운대구 좌동로,152,,2635010700114290001020163,,부산광역시 해운대구 좌동로 152,612862,48108,,4,,129.181117616912,35.1748636146243
MA010120220812803518,나비케미칼,,G2,소매,G221,기타 상품 소매,G22199,그 외 기타 상품 전문 소매업,G47859,그 외 기타 분류 안된 상품 전문 소매업,41,경기도,41273,안산시 단원구,41273545,원곡동,4127310800,원곡동,4127310800109940006,1,대지,994,6,경기도 안산시 단원구 원곡동 994-6,412733191083,경기도 안산시 단원구 풍전로,37,9,4127310800109940006013056,트리플렉스,경기도 안산시 단원구 풍전로 37-9,425850,15431,,,,126.788663259725,37.325327739093
MA010120220812838532,태산농업,,G2,소매,G221,기타 상품 소매,G22199,그 외 기타 상품 전문 소매업,G47859,그 외 기타 분류 안된 상품 전문 소매업,46,전라남도,46720,곡성군,46720250,곡성읍,4672025021,곡성읍,4672025021102910000,1,대지,291,,전라남도 곡성군 곡성읍 읍내리 291,467204661251,전라남도 곡성군 곡성읍 읍내10길,8,2,4672025021102920001004638,,전라남도 곡성군 곡성읍 읍내10길 8-2,516804,57542,,,,127.294087091325,35.2798141391474
MA010120220813098014,용호만물사,,G2,소매,G221,기타 상품 소매,G22199,그 외 기타 상품 전문 소매업,G47859,그 외 기타 분류 안된 상품 전문 소매업,43,충청북도,43111,청주시 상당구,43111545,성안동,4311110500,남문로1가,4311110500101370001,1,대지,137,1,충청북도 청주시 상당구 남문로1가 137-1,431113236027,충청북도 청주시 상당구 상당로,11,,4311110500101370001049730,,충청북도 청주시 상당구 상당로 11,360041,28531,,,,127.491032182078,36.6293259917895
MA010120220812949758,크리스엔지니어링,,G2,소매,G221,기타 상품 소매,G22199,그 외 기타 상품 전문 소매업,G47859,그 외 기타 분류 안된 상품 전문 소매업,11,서울특별시,11650,서초구,11650530,서초3동,1165010800,서초동,1165010800115670008,1,대지,1567,8,서울특별시 서초구 서초동 1567-8,116504163410,서울특별시 서초구 서초대로46길,99,,1165010800115670008024755,현빌딩,서울특별시 서초구 서초대로46길 99,137874,06650,,4,,127.013478517408,37.4901771435749
MA010120220812992513,센스모,,G2,소매,G221,기타 상품 소매,G22199,그 외 기타 상품 전문 소매업,G47422,의복 액세서리 및 모조 장신구 소매업,41,경기도,41285,고양시 일산동구,41285590,장항2동,4128510400,장항동,4128510400108460000,1,대지,846,,경기도 고양시 일산동구 장항동 846,412853193031,경기도 고양시 일산동구 정발산로,43,20,4128510400108460000009234,센트럴프라자,경기도 고양시 일산동구 정발산로 43-20,410837,10402,,7,,126.773579507816,37.6583114811703
MA010120220813053063,흥농종묘사,,G2,소매,G221,기타 상품 소매,G22199,그 외 기타 상품 전문 소매업,G47859,그 외 기타 분류 안된 상품 전문 소매업,51,강원특별자치도,51170,동해시,51170600,북평동,5117011300,구미동,5117011300104860012,1,대지,486,12,강원특별자치도 동해시 구미동 486-12,511704463176,강원특별자치도 동해시 오일장1길,3,,4217011300004860012023229,,강원특별자치도 동해시 오일장1길 3,240200,25813,,,,129.126509860059,37.482405943595
MA010120220813063909,필아트미,,G2,소매,G221,기타 상품 소매,G22199,그 외 기타 상품 전문 소매업,G47859,그 외 기타 분류 안된 상품 전문 소매업,11,서울특별시,11680,강남구,11680521,논현1동,1168010800,논현동,1168010800101430015,1,대지,143,15,서울특별시 강남구 논현동 143-15,116802102001,서울특별시 강남구 강남대로,524,,1168010800101430015008581,,서울특별시 강남구 강남대로 524,135825,06114,,,,127.022767681064,37.5090247676686
MA010120220813080043,씨앤엘방재,,G2,소매,G221,기타 상품 소매,G22199,그 외 기타 상품 전문 소매업,G47859,그 외 기타 분류 안된 상품 전문 소매업,51,강원특별자치도,51130,원주시,51130650,행구동,5113011400,행구동,5113011400105810008,1,대지,581,8,강원특별자치도 원주시 행구동 581-8,511304457349,강원특별자치도 원주시 서천담길,35,,4213011400105810008000001,,강원특별자치도 원주시 서천담길 35,220160,26455,,,,128.003883845011,37.3469091409222
MA010120220813081755,베스트커머스,,G2,소매,G221,기타 상품 소매,G22199,그 외 기타 상품 전문 소매업,G47859,그 외 기타 분류 안된 상품 전문 소매업,52,전북특별자치도,52113,전주시 덕진구,52113570,덕진동,5211310600,덕진동2가,5211310600103920007,1,대지,392,7,전북특별자치도 전주시 덕진구 덕진동2가 392-7,521133267001,전북특별자치도 전주시 덕진구 가련산로,30,,4511310600103920007000001,,전북특별자치도 전주시 덕진구 가련산로 30,561852,54889,,2,,127.111806842921,35.8419177033689
MA010120220813099940,건원엔터프라이즈,,G2,소매,G221,기타 상품 소매,G22199,그 외 기타 상품 전문 소매업,G47859,그 외 기타 분류 안된 상품 전문 소매업,11,서울특별시,11200,성동구,11200720,송정동,1120011800,송정동,1120011800100810003,1,대지,81,3,서울특별시 성동구 송정동 81-3,112003005024,서울특별시 성동구 광나루로,275,,1120011800100810003003302,금용빌딩,서울특별시 성동구 광나루로 275,133837,04802,,3,,127.060383712653,37.5485204479622
MA010120220812990085,허브유통,,G2,소매,G221,기타 상품 소매,G22199,그 외 기타 상품 전문 소매업,G47859,그 외 기타 분류 안된 상품 전문 소매업,46,전라남도,46130,여수시,46130780,쌍봉동,4613012800,학동,4613012800100870003,1,대지,87,3,전라남도 여수시 학동 87-3,461303282041,전라남도 여수시 선소로,61,,4613012800100870003025892,,전라남도 여수시 선소로 61,555809,59689,,,,127.666954177186,34.7583026159906
MA010120220813055950,경인종합상사,,G2,소매,G221,기타 상품 소매,G22199,그 외 기타 상품 전문 소매업,G47859,그 외 기타 분류 안된 상품 전문 소매업,28,인천광역시,28237,부평구,28237646,삼산1동,2823710500,삼산동,2823710500101250041,1,대지,125,41,인천광역시 부평구 삼산동 125-41,282373154044,인천광역시 부평구 영성서로,14,,2823710500101250018108179,,인천광역시 부평구 영성서로 14,403862,21321,,,,126.742858614548,37.5193248351637
MA010120220813086409,성신ENG,,G2,소매,G221,기타 상품 소매,G22199,그 외 기타 상품 전문 소매업,G47859,그 외 기타 분류 안된 상품 전문 소매업,28,인천광역시,28200,남동구,28200522,구월4동,2820010100,구월동,2820010100112860009,1,대지,1286,9,인천광역시 남동구 구월동 1286-9,282002008004,인천광역시 남동구 인주대로,740,,2820010100112860009006896,,인천광역시 남동구 인주대로 740,405839,21588,,,,126.719220586246,37.4488393891832
MA010120220813120675,원이네약초,,G2,소매,G221,기타 상품 소매,G22199,그 외 기타 상품 전문 소매업,G47859,그 외 기타 분류 안된 상품 전문 소매업,44,충청남도,44710,금산군,44710250,금산읍,4471025022,금산읍,4471025022100340004,1,대지,34,4,충청남도 금산군 금산읍 중도리 34-4,447103257044,충청남도 금산군 금산읍 인삼약초로,36,,4471025022100340004020596,,충청남도 금산군 금산읍 인삼약초로 36,312806,32739,,1,,127.496938860764,36.100667024741
MA010120220812977268,늑대와여우,,G2,소매,G221,기타 상품 소매,G22199,그 외 기타 상품 전문 소매업,G47859,그 외 기타 분류 안된 상품 전문 소매업,43,충청북도,43114,청주시 청원구,43114520,내덕1동,4311410200,내덕동,4311410200107100004,1,대지,710,4,충청북도 청주시 청원구 내덕동 710-4,431144508026,충청북도 청주시 청원구 1순환로341번길,1,,4311111400107100004039377,,충청북도 청주시 청원구 1순환로341번길 1,363808,28483,,,,127.476999998665,36.6582010525278
MA010120220812990099,안아팜퍼니,,G2,소매,G221,기타 상품 소매,G22199,그 외 기타 상품 전문 소매업,G47859,그 외 기타 분류 안된 상품 전문 소매업,50,제주특별자치도,50130,서귀포시,50130253,남원읍,5013025321,남원읍,5013025321112670003,1,대지,1267,3,제주특별자치도 서귀포시 남원읍 남원리 1267-3,501303349235,제주특별자치도 서귀포시 남원읍 일주동로,7175,,5013025321112670003000001,,제주특별자치도 서귀포시 남원읍 일주동로 7175,699941,63621,,,,126.713605344581,33.2822580480687
MA010120220813064525,더조은유통,,G2,소매,G221,기타 상품 소매,G22199,그 외 기타 상품 전문 소매업,G47859,그 외 기타 분류 안된 상품 전문 소매업,27,대구광역시,27230,북구,27230620,산격2동,2723011100,산격동,2723011100105700006,1,대지,570,6,대구광역시 북구 산격동 570-6,272303007005,대구광역시 북구 동북로,87,,2723011100105700006027506,,대구광역시 북구 동북로 87,702835,41502,,1,,128.603302079777,35.9026712867881
MA010120220813078080,미니미니,,G2,소매,G221,기타 상품 소매,G22199,그 외 기타 상품 전문 소매업,G47859,그 외 기타 분류 안된 상품 전문 소매업,48,경상남도,48310,거제시,48310320,동부면,4831032028,동부면,4831032028102620004,1,대지,262,4,경상남도 거제시 동부면 학동리 262-4,483102006004,경상남도 거제시 동부면 거제대로,971,1,4831032028102620004000002,,경상남도 거제시 동부면 거제대로 971-1,656852,53332,,,,128.642436978641,34.7764238304036
MA010120220812972167,한국인삼,,G2,소매,G221,기타 상품 소매,G22199,그 외 기타 상품 전문 소매업,G47859,그 외 기타 분류 안된 상품 전문 소매업,11,서울특별시,11140,중구,11140550,명동,1114012700,명동2가,1114012700100010021,1,대지,1,21,서울특별시 중구 명동2가 1-21,111404103160,서울특별시 중구 명동8가길,41,1,1114012500100010021019715,태아빌딩,서울특별시 중구 명동8가길 41-1,100809,04537,,1,,126.987368756866,37.5619420572228
MA010120220812974942,배방종묘농약사,,G2,소매,G221,기타 상품 소매,G22199,그 외 기타 상품 전문 소매업,G47859,그 외 기타 분류 안된 상품 전문 소매업,44,충청남도,44200,아산시,44200253,배방읍,4420025324,배방읍,4420025324100420007,1,대지,42,7,충청남도 아산시 배방읍 공수리 42-7,442003253020,충청남도 아산시 배방읍 모산로,179,,4420025324100420007003489,,충청남도 아산시 배방읍 모산로 179,336852,31482,,,,127.062415503373,36.7754931163378
MA010120220813017465,반야몰,,G2,소매,G221,기타 상품 소매,G22199,그 외 기타 상품 전문 소매업,G47859,그 외 기타 분류 안된 상품 전문 소매업,41,경기도,41430,의왕시,41430560,청계동,4143010800,청계동,4143010800200060001,2,산,6,1,경기도 의왕시 청계동 산6-1,414303201033,경기도 의왕시 청계로,392,,4143010800200060001000016,,경기도 의왕시 청계로 392,437110,16000,,,,127.029954027678,37.4064248641919
MA010120220813037210,바다유통,,G2,소매,G221,기타 상품 소매,G22199,그 외 기타 상품 전문 소매업,G47859,그 외 기타 분류 안된 상품 전문 소매업,44,충청남도,44825,태안군,44825350,원북면,4482535024,원북면,4482535024105150257,1,대지,515,257,충청남도 태안군 원북면 방갈리 515-257,448253264028,충청남도 태안군 원북면 옥파로,1154,,4482535024105150257000001,,충청남도 태안군 원북면 옥파로 1154,357914,32105,,2,,126.205815506716,36.8976135124618
MA010120220813014690,약선홍삼나라,,G2,소매,G221,기타 상품 소매,G22199,그 외 기타 상품 전문 소매업,G47859,그 외 기타 분류 안된 상품 전문 소매업,11,서울특별시,11110,종로구,11110710,숭인2동,1111017500,숭인동,1111017500103170029,1,대지,317,29,서울특별시 종로구 숭인동 317-29,111104100356,서울특별시 종로구 종로56길,23,,1111017500103170029000565,,서울특별시 종로구 종로56길 23,110826,03114,,5,,127.016787330249,37.5720326931751
MA010120220813029472,관암사,,G2,소매,G221,기타 상품 소매,G22199,그 외 기타 상품 전문 소매업,G47859,그 외 기타 분류 안된 상품 전문 소매업,27,대구광역시,27140,동구,27140760,공산동,2714013200,능성동,2714013200106130035,1,대지,613,35,대구광역시 동구 능성동 613-35,271403142001,대구광역시 동구 갓바위로,350,,2714013200200010003001945,,대구광역시 동구 갓바위로 350,701530,41008,,,,128.733349767951,35.9775218798281
MA010120220813064839,흥농종묘농약사,,G2,소매,G221,기타 상품 소매,G22199,그 외 기타 상품 전문 소매업,G47859,그 외 기타 분류 안된 상품 전문 소매업,44,충청남도,44131,천안시 동남구,44131510,중앙동,4413110400,사직동,4413110400102480003,1,대지,248,3,충청남도 천안시 동남구 사직동 248-3,441313249006,충청남도 천안시 동남구 대흥로,131,,4413110400102480003026177,,충청남도 천안시 동남구 대흥로 131,330040,31130,,,,127.1481789528,36.8007294928779
MA010120220813114564,다향,,G2,소매,G221,기타 상품 소매,G22199,그 외 기타 상품 전문 소매업,G47859,그 외 기타 분류 안된 상품 전문 소매업,26,부산광역시,26290,남구,26290610,용당동,2629010800,용당동,2629010800105990004,1,대지,599,4,부산광역시 남구 용당동 599-4,262904193460,부산광역시 남구 홍곡로336번길,41,,2629010800105990004032372,문수사,부산광역시 남구 홍곡로336번길 41,608830,48538,,,,129.091827824958,35.1231628152678
MA010120220813053924,초당약초,,G2,소매,G221,기타 상품 소매,G22199,그 외 기타 상품 전문 소매업,G47859,그 외 기타 분류 안된 상품 전문 소매업,44,충청남도,44710,금산군,44710250,금산읍,4471025022,금산읍,4471025022100310000,1,대지,31,,충청남도 금산군 금산읍 중도리 31,447103257020,충청남도 금산군 금산읍 비단로,144,,4471025022100310000020628,,충청남도 금산군 금산읍 비단로 144,312806,32739,,1,,127.495471179379,36.1003757039707
MA010120220813085689,하나안전소방,,G2,소매,G221,기타 상품 소매,G22199,그 외 기타 상품 전문 소매업,G47859,그 외 기타 분류 안된 상품 전문 소매업,46,전라남도,46820,해남군,46820250,해남읍,4682025021,해남읍,4682025021103800004,1,대지,380,4,전라남도 해남군 해남읍 해리 380-4,468204682043,전라남도 해남군 해남읍 교육청길,60,,4682025021103800004000001,해남오피스텔,전라남도 해남군 해남읍 교육청길 60,536809,59038,,7,,126.606924324591,34.5675991874316
MA010120220812993519,고려홍삼원,,G2,소매,G221,기타 상품 소매,G22199,그 외 기타 상품 전문 소매업,G47859,그 외 기타 분류 안된 상품 전문 소매업,11,서울특별시,11740,강동구,11740660,성내3동,1174010800,성내동,1174010800104270009,1,대지,427,9,서울특별시 강동구 성내동 427-9,117404172270,서울특별시 강동구 양재대로91길,29,,1174010800104270009000001,,서울특별시 강동구 양재대로91길 29,134890,05404,,1,,127.134332756716,37.527997774433
MA010120220813062207,성원상사,,G2,소매,G221,기타 상품 소매,G22199,그 외 기타 상품 전문 소매업,G47859,그 외 기타 분류 안된 상품 전문 소매업,47,경상북도,47290,경산시,47290541,서부1동,4729010900,옥산동,4729010900107880013,1,대지,788,13,경상북도 경산시 옥산동 788-13,472904739046,경상북도 경산시 경산로34길,9,9,4729010900107880013008391,,경상북도 경산시 경산로34길 9-9,712800,38677,,1,,128.727764898618,35.8242949747264
MA010120220812980505,다나테크,,G2,소매,G221,기타 상품 소매,G22199,그 외 기타 상품 전문 소매업,G47859,그 외 기타 분류 안된 상품 전문 소매업,11,서울특별시,11215,광진구,11215860,구의2동,1121510300,구의동,1121510300100300015,1,대지,30,15,서울특별시 광진구 구의동 30-15,112153104010,서울특별시 광진구 자양로,309,,1121510300100300015006874,,서울특별시 광진구 자양로 309,143816,04955,,3,,127.093127418248,37.5530942536028
MA010120220812980584,인빈스,,G2,소매,G221,기타 상품 소매,G22199,그 외 기타 상품 전문 소매업,G47859,그 외 기타 분류 안된 상품 전문 소매업,11,서울특별시,11650,서초구,11650600,방배1동,1165010100,방배동,1165010100109150013,1,대지,915,13,서울특별시 서초구 방배동 915-13,116503121021,서울특별시 서초구 효령로,101,,1165010100109150013015207,IK빌딩,서울특별시 서초구 효령로 101,137843,06687,,1,,126.995183605937,37.4809424788423
MA010120220813040720,홀인원골프,,G2,소매,G221,기타 상품 소매,G22199,그 외 기타 상품 전문 소매업,G47859,그 외 기타 분류 안된 상품 전문 소매업,44,충청남도,44210,서산시,44210525,동문1동,4421010200,동문동,4421010200104520006,1,대지,452,6,충청남도 서산시 동문동 452-6,442103254171,충청남도 서산시 학동7로,7,,4421010200104520006030407,,충청남도 서산시 학동7로 7,356802,31968,,,,126.458472617868,36.7879287168825
MA010120220813046156,산야초,,G2,소매,G221,기타 상품 소매,G22199,그 외 기타 상품 전문 소매업,G47859,그 외 기타 분류 안된 상품 전문 소매업,30,대전광역시,30230,대덕구,30230546,중리동,3023010900,중리동,3023010900103720023,1,대지,372,23,대전광역시 대덕구 중리동 372-23,302304304446,대전광역시 대덕구 중리로64번길,17,,3023010900103720023011993,,대전광역시 대덕구 중리로64번길 17,306827,34389,,,,127.426210566168,36.3649163729739
MA010120220813038181,홍콩의밤,,G2,소매,G221,기타 상품 소매,G22199,그 외 기타 상품 전문 소매업,G47859,그 외 기타 분류 안된 상품 전문 소매업,52,전북특별자치도,52111,전주시 완산구,52111635,완산동,5211112300,서완산동1가,5211112300105800001,1,대지,580,1,전북특별자치도 전주시 완산구 서완산동1가 580-1,521114598159,전북특별자치도 전주시 완산구 빙고리2길,3,,4511112300105800001004094,,전북특별자치도 전주시 완산구 빙고리2길 3,560151,55047,,1,,127.138807077177,35.8119947898283
MA010120220813090814,형제농약사,,G2,소매,G221,기타 상품 소매,G22199,그 외 기타 상품 전문 소매업,G47859,그 외 기타 분류 안된 상품 전문 소매업,48,경상남도,48240,사천시,48240360,곤명면,4824036032,곤명면,4824036032108380008,1,대지,838,8,경상남도 사천시 곤명면 정곡리 838-8,482404802523,경상남도 사천시 곤명면 완사3길,100,,4824036032108380008027920,,경상남도 사천시 곤명면 완사3길 100,664921,52501,,,,127.974589757118,35.1318741452279
MA010120220813099379,누리산업안전,,G2,소매,G221,기타 상품 소매,G22199,그 외 기타 상품 전문 소매업,G47859,그 외 기타 분류 안된 상품 전문 소매업,36,세종특별자치시,36110,세종특별자치시,36110340,금남면,3611034021,금남면,3611034021102380009,1,대지,238,9,세종특별자치시 세종특별자치시 금남면 용포리 238-9,361104574306,세종특별자치시 세종특별자치시 금남면 성덕영곡길,22,,3611034021102380009000001,,세종특별자치시 세종특별자치시 금남면 성덕영곡길 22,339835,30083,,,,127.276672849682,36.4606187392169
MA010120220813111890,제이테크,,G2,소매,G221,기타 상품 소매,G22199,그 외 기타 상품 전문 소매업,G47519,"페인트, 창호 및 기타 건설자재 소매업",11,서울특별시,11710,송파구,11710642,문정2동,1171010800,문정동,1171010800106340000,1,대지,634,,서울특별시 송파구 문정동 634,117103123017,서울특별시 송파구 충민로,66,,1171010800105600000000001,와이동,서울특별시 송파구 충민로 66,138888,05838,,8,,127.12496063833,37.4776148454472
MA010120220812983389,신전기업11,,G2,소매,G221,기타 상품 소매,G22199,그 외 기타 상품 전문 소매업,G47859,그 외 기타 분류 안된 상품 전문 소매업,43,충청북도,43113,청주시 흥덕구,43113760,강서1동,4311312000,신전동,4311312000100600011,1,대지,60,11,충청북도 청주시 흥덕구 신전동 60-11,431134511677,충청북도 청주시 흥덕구 신전로175번길,104,44,4311312000100600011000001,,충청북도 청주시 흥덕구 신전로175번길 104-44,361320,28371,,,,127.40359227707,36.6060355552429
MA010120220813027716,소라유통,,G2,소매,G221,기타 상품 소매,G22199,그 외 기타 상품 전문 소매업,G47859,그 외 기타 분류 안된 상품 전문 소매업,50,제주특별자치도,50110,제주시,50110650,연동,5011013700,연동,5011013700102720003,1,대지,272,3,제주특별자치도 제주시 연동 272-3,501103349083,제주특별자치도 제주시 삼무로,38,,5011013700102720003007594,,제주특별자치도 제주시 삼무로 38,690814,63124,,1,,126.490681836217,33.4896805151477
MA010120220813038565,리빙코,,G2,소매,G221,기타 상품 소매,G22199,그 외 기타 상품 전문 소매업,G47859,그 외 기타 분류 안된 상품 전문 소매업,41,경기도,41450,하남시,41450560,덕풍3동,4145010800,덕풍동,4145010800108330001,1,대지,833,1,경기도 하남시 덕풍동 833-1,414502000019,경기도 하남시 미사대로,550,,4145010800100730007000001,현대지식산업센터,경기도 하남시 미사대로 550,465013,12925,,10,,127.206465693798,37.5567706900926
MA010120220813049376,벨젠,,G2,소매,G221,기타 상품 소매,G22199,그 외 기타 상품 전문 소매업,M71531,경영 컨설팅업,11,서울특별시,11620,관악구,11620585,낙성대동,1162010100,봉천동,1162010100115100065,1,대지,1510,65,서울특별시 관악구 봉천동 1510-65,116204160083,서울특별시 관악구 낙성대역8길,49,10,1162010100115100065031004,,서울특별시 관악구 낙성대역8길 49-10,151851,08799,,,,126.96071507931,37.4738000506027
MA010120220813054738,신풍사,,G2,소매,G221,기타 상품 소매,G22199,그 외 기타 상품 전문 소매업,G47859,그 외 기타 분류 안된 상품 전문 소매업,47,경상북도,47150,김천시,47150516,자산동,4715010200,용두동,4715010200100350002,1,대지,35,2,경상북도 김천시 용두동 35-2,471503306026,경상북도 김천시 용암로,38,,4715010200100350002005116,신풍사,경상북도 김천시 용암로 38,740040,39577,,,,128.128857842125,36.1227839054837
MA010120220813112521,케어존,,G2,소매,G221,기타 상품 소매,G22199,그 외 기타 상품 전문 소매업,G47859,그 외 기타 분류 안된 상품 전문 소매업,41,경기도,41173,안양시 동안구,41173546,달안동,4117310100,비산동,4117310100111010006,1,대지,1101,6,경기도 안양시 동안구 비산동 1101-6,411733012016,경기도 안양시 동안구 학의로,90,,4117310100111010006005064,샛별마을한양4차2단지,경기도 안양시 동안구 학의로 90,431771,14043,,지,,126.949562213399,37.3987321919651
MA010120220813113343,청춘구락부,,G2,소매,G221,기타 상품 소매,G22199,그 외 기타 상품 전문 소매업,G47859,그 외 기타 분류 안된 상품 전문 소매업,41,경기도,41360,남양주시,41360253,진접읍,4136025321,진접읍,4136025321102210003,1,대지,221,3,경기도 남양주시 진접읍 장현리 221-3,413603197045,경기도 남양주시 진접읍 장현로,172,,4136025321102210003024533,,경기도 남양주시 진접읍 장현로 172,472865,12008,,,,127.189526553404,37.7230485619196
MA010120220812973708,더조은다산,,G2,소매,G221,기타 상품 소매,G22199,그 외 기타 상품 전문 소매업,G47859,그 외 기타 분류 안된 상품 전문 소매업,41,경기도,41360,남양주시,41360545,다산1동,4136011200,다산동,4136011200160580001,1,대지,6058,1,경기도 남양주시 다산동 6058-1,413603351600,경기도 남양주시 다산중앙로123번길,22,26,4136011200160580001000001,다산헤리움그랑비스타,경기도 남양주시 다산중앙로123번길 22-26,,12248,,,,127.152416209676,37.6248686741865
MA010120220813016044,칠성양초,,G2,소매,G221,기타 상품 소매,G22199,그 외 기타 상품 전문 소매업,G47859,그 외 기타 분류 안된 상품 전문 소매업,48,경상남도,48125,창원시 마산합포구,48125630,오동동,4812512600,신포동2가,4812512600101170026,1,대지,117,26,경상남도 창원시 마산합포구 신포동2가 117-26,481254787439,경상남도 창원시 마산합포구 어시장9길,33,,4812512600101170026036448,,경상남도 창원시 마산합포구 어시장9길 33,631860,51720,,2,,128.575161929723,35.2011431218331
MA010120220813077073,한농상사,,G2,소매,G221,기타 상품 소매,G22199,그 외 기타 상품 전문 소매업,G47859,그 외 기타 분류 안된 상품 전문 소매업,44,충청남도,44800,홍성군,44800250,홍성읍,4480025024,홍성읍,4480025024108570003,1,대지,857,3,충청남도 홍성군 홍성읍 월산리 857-3,448004586354,충청남도 홍성군 홍성읍 월계2길,17,6,4480025024108570003000001,모닝빌,충청남도 홍성군 홍성읍 월계2길 17-6,350809,32226,,,,126.650975811832,36.6006478424291
MA010120220813104416,소우주,,G2,소매,G221,기타 상품 소매,G22199,그 외 기타 상품 전문 소매업,G47859,그 외 기타 분류 안된 상품 전문 소매업,47,경상북도,47130,경주시,47130360,현곡면,4713036027,현곡면,4713036027106150002,1,대지,615,2,경상북도 경주시 현곡면 금장리 615-2,471304715186,경상북도 경주시 현곡면 금장1길,26,,4713036027106150002137884,,경상북도 경주시 현곡면 금장1길 26,780922,38051,,,,129.20288951226,35.8650449837771
MA010120220813105676,강변휴게소,,G2,소매,G221,기타 상품 소매,G22199,그 외 기타 상품 전문 소매업,G47859,그 외 기타 분류 안된 상품 전문 소매업,27,대구광역시,27720,군위군,27720340,우보면,2772034021,우보면,2772034021112350005,1,대지,1235,5,대구광역시 군위군 우보면 나호리 1235-5,277203314006,대구광역시 군위군 우보면 효우로,446,,4772034030112350005000001,,대구광역시 군위군 우보면 효우로 446,716841,43143,,,,128.626015590088,36.1846670037333
MA010120220813000151,의성상회,,G2,소매,G221,기타 상품 소매,G22199,그 외 기타 상품 전문 소매업,G47859,그 외 기타 분류 안된 상품 전문 소매업,26,부산광역시,26110,중구,26110580,남포동,2611013600,남포동1가,2611013600100370003,1,대지,37,3,부산광역시 중구 남포동1가 37-3,261104175198,부산광역시 중구 용미길9번길,5,3,2611013600100370003001630,,부산광역시 중구 용미길9번길 5-3,600041,48984,,,,129.035414635124,35.0970344260724
MA010120220813010591,목포중도매인협회,,G2,소매,G221,기타 상품 소매,G22199,그 외 기타 상품 전문 소매업,G47859,그 외 기타 분류 안된 상품 전문 소매업,46,전라남도,46110,목포시,46110660,유달동,4611015500,금화동,4611015500100150001,1,대지,15,1,전라남도 목포시 금화동 15-1,461103281090,전라남도 목포시 해안로,118,,4611015500100150001025908,,전라남도 목포시 해안로 118,530050,58759,,2,,126.37717933561,34.7804493596048
MA010120220813107037,산삼약초전시장,,G2,소매,G221,기타 상품 소매,G22199,그 외 기타 상품 전문 소매업,G47859,그 외 기타 분류 안된 상품 전문 소매업,41,경기도,41220,평택시,41220256,포승읍,4122025622,포승읍,4122025622107540001,1,대지,754,1,경기도 평택시 포승읍 도곡리 754-1,412203012027,경기도 평택시 포승읍 포승향남로,143,,4122025622107540001042980,,경기도 평택시 포승읍 포승향남로 143,451822,17961,,,,126.865591179215,36.9869577203589
MA010120220812966073,한울,,G2,소매,G221,기타 상품 소매,G22199,그 외 기타 상품 전문 소매업,G47859,그 외 기타 분류 안된 상품 전문 소매업,47,경상북도,47130,경주시,47130650,불국동,4713013000,시래동,4713013000103360004,1,대지,336,4,경상북도 경주시 시래동 336-4,471304715979,경상북도 경주시 윗시래1길,25,7,4713013000103360004019416,,경상북도 경주시 윗시래1길 25-7,780460,38200,,,,129.300941811657,35.7730671206543
MA010120220812968754,두엄,,G2,소매,G221,기타 상품 소매,G22199,그 외 기타 상품 전문 소매업,G47859,그 외 기타 분류 안된 상품 전문 소매업,48,경상남도,48740,창녕군,48740250,창녕읍,4874025037,창녕읍,4874025037101410003,1,대지,141,3,경상남도 창녕군 창녕읍 교하리 141-3,487404823504,경상남도 창녕군 창녕읍 옥만길,30,,4874025037101410003004419,,경상남도 창녕군 창녕읍 옥만길 30,635805,50325,,,,128.498699181786,35.5410016580901
MA010120220812992247,제이비이노베이션,,G2,소매,G221,기타 상품 소매,G22199,그 외 기타 상품 전문 소매업,G47859,그 외 기타 분류 안된 상품 전문 소매업,52,전북특별자치도,52111,전주시 완산구,52111703,삼천3동,5211113800,삼천동2가,5211113800101770001,1,대지,177,1,전북특별자치도 전주시 완산구 삼천동2가 177-1,521114598279,전북특별자치도 전주시 완산구 용산마을길,53,21,4511113800101770001006108,,전북특별자치도 전주시 완산구 용산마을길 53-21,560292,55074,,1,,127.099381577417,35.7927287925221
MA010120220812997758,한방애푸드,,G2,소매,G221,기타 상품 소매,G22199,그 외 기타 상품 전문 소매업,G47859,그 외 기타 분류 안된 상품 전문 소매업,44,충청남도,44710,금산군,44710250,금산읍,4471025028,금산읍,4471025028102500002,1,대지,250,2,충청남도 금산군 금산읍 양지리 250-2,447103257049,충청남도 금산군 금산읍 진악로,699,,4471025028102500002000001,,충청남도 금산군 금산읍 진악로 699,312805,32743,,,,127.447685732032,36.096283020904
MA010120220813231723,알즈너점프,대리점,G2,소매,G221,기타 상품 소매,G22199,그 외 기타 상품 전문 소매업,G47859,그 외 기타 분류 안된 상품 전문 소매업,26,부산광역시,26410,금정구,26410680,구서1동,2641010700,구서동,2641010700104700001,1,대지,470,1,부산광역시 금정구 구서동 470-1,264103130022,부산광역시 금정구 금강로,402,,2641010700104700001006108,,부산광역시 금정구 금강로 402,609806,46244,,,,129.087514953765,35.243640321462
MA010120220813252389,러브아트,,G2,소매,G221,기타 상품 소매,G22199,그 외 기타 상품 전문 소매업,G47859,그 외 기타 분류 안된 상품 전문 소매업,51,강원특별자치도,51110,춘천시,51110600,후평1동,5111012000,후평동,5111012000107420011,1,대지,742,11,강원특별자치도 춘천시 후평동 742-11,511103218037,강원특별자치도 춘천시 춘천로,382,,4211012000107420011033078,좌측호,강원특별자치도 춘천시 춘천로 382,200959,24296,,1,,127.75102946338,37.8873654755047
MA010120220813252410,젠틀비스트,,G2,소매,G221,기타 상품 소매,G22199,그 외 기타 상품 전문 소매업,G47859,그 외 기타 분류 안된 상품 전문 소매업,28,인천광역시,28110,중구,28110585,동인천동,2811013600,인현동,2811013600100270022,1,대지,27,22,인천광역시 중구 인현동 27-22,281104247244,인천광역시 중구 우현로83번길,6,,2811013600100270022036305,,인천광역시 중구 우현로83번길 6,400180,22316,,,,126.630108190618,37.4745611128686
MA010120220813265949,셀리붙임머리,,G2,소매,G221,기타 상품 소매,G22199,그 외 기타 상품 전문 소매업,G47422,의복 액세서리 및 모조 장신구 소매업,41,경기도,41285,고양시 일산동구,41285590,장항2동,4128510400,장항동,4128510400107590000,1,대지,759,,경기도 고양시 일산동구 장항동 759,412853193011,경기도 고양시 일산동구 무궁화로,20,18,4128510400107590000009332,하임빌로데오빌딩,경기도 고양시 일산동구 무궁화로 20-18,410837,10401,,2,,126.767291693692,37.6613175266989
MA010120220813126093,하현산업,,G2,소매,G221,기타 상품 소매,G22199,그 외 기타 상품 전문 소매업,G47859,그 외 기타 분류 안된 상품 전문 소매업,52,전북특별자치도,52113,전주시 덕진구,52113612,우아2동,5211311100,산정동,5211311100103420004,1,대지,342,4,전북특별자치도 전주시 덕진구 산정동 342-4,521134601046,전북특별자치도 전주시 덕진구 금상길,2,,4511311100200420007000001,,전북특별자치도 전주시 덕진구 금상길 2,561225,55026,,,,127.173116622305,35.8415746463715
MA010120220813190726,구인불교사,,G2,소매,G221,기타 상품 소매,G22199,그 외 기타 상품 전문 소매업,G47859,그 외 기타 분류 안된 상품 전문 소매업,48,경상남도,48129,창원시 진해구,48129540,여좌동,4812910500,현동,4812910500100120023,1,대지,12,23,경상남도 창원시 진해구 현동 12-23,481294793216,경상남도 창원시 진해구 여명로25번길,36,1,4812910500100120023007816,,경상남도 창원시 진해구 여명로25번길 36-1,645805,51691,,,,128.656533070909,35.1584112383166
MA010120220813204589,내서농약사,,G2,소매,G221,기타 상품 소매,G22199,그 외 기타 상품 전문 소매업,G47859,그 외 기타 분류 안된 상품 전문 소매업,48,경상남도,48127,창원시 마산회원구,48127250,내서읍,4812725023,내서읍,4812725023103680000,1,대지,368,,경상남도 창원시 마산회원구 내서읍 호계리 368,481273330038,경상남도 창원시 마산회원구 내서읍 호원로,248,,4812725023200900000000514,,경상남도 창원시 마산회원구 내서읍 호원로 248,630856,51245,,,,128.521880916194,35.2554845991425
MA010120220813215759,에코테크,,G2,소매,G221,기타 상품 소매,G22199,그 외 기타 상품 전문 소매업,G47859,그 외 기타 분류 안된 상품 전문 소매업,52,전북특별자치도,52140,익산시,52140647,영등2동,5214012200,영등동,5214012200108280002,1,대지,828,2,전북특별자치도 익산시 영등동 828-2,521404607064,전북특별자치도 익산시 고봉로34길,10,,4514012200108280002067842,,전북특별자치도 익산시 고봉로34길 10,570982,54545,,2,,126.97218688359,35.9599669816889
MA010120220813226427,케이와이오피스,,G2,소매,G221,기타 상품 소매,G22199,그 외 기타 상품 전문 소매업,G47859,그 외 기타 분류 안된 상품 전문 소매업,41,경기도,41360,남양주시,41360570,별내동,4136011100,별내동,4136011100109750001,1,대지,975,1,경기도 남양주시 별내동 975-1,413603197037,경기도 남양주시 순화궁로,249,,4136011100109750001000001,별내역파라곤스퀘어,경기도 남양주시 순화궁로 249,472501,12106,,B2,,127.128119051286,37.6518820390067
MA010120220813134479,힘찬조경상사,,G2,소매,G221,기타 상품 소매,G22199,그 외 기타 상품 전문 소매업,G47859,그 외 기타 분류 안된 상품 전문 소매업,28,인천광역시,28200,남동구,28200710,논현고잔동,2820011100,고잔동,2820011100106300000,1,대지,630,,인천광역시 남동구 고잔동 630,282003153061,인천광역시 남동구 은청로,4,7,2820011100106300000009826,산업용품상가,인천광역시 남동구 은청로 4-7,405727,21633,,,,126.693398664783,37.4069501649504
MA010120220813158465,청송농협경제사업장,,G2,소매,G221,기타 상품 소매,G22199,그 외 기타 상품 전문 소매업,G47859,그 외 기타 분류 안된 상품 전문 소매업,47,경상북도,47750,청송군,47750250,청송읍,4775025023,청송읍,4775025023108540000,1,대지,854,,경상북도 청송군 청송읍 금곡리 854,477504748246,경상북도 청송군 청송읍 의료원길,32,14,4775025023108540000004679,,경상북도 청송군 청송읍 의료원길 32-14,763802,37433,,,,129.054081446072,36.4302790090664
MA010120220813210262,명동종합상사,,G2,소매,G221,기타 상품 소매,G22199,그 외 기타 상품 전문 소매업,G47859,그 외 기타 분류 안된 상품 전문 소매업,29,광주광역시,29170,북구,29170602,운암2동,2917010900,운암동,2917010900104950024,1,대지,495,24,광주광역시 북구 운암동 495-24,291702009011,광주광역시 북구 서암대로,19,,2917010900104950024017953,,광주광역시 북구 서암대로 19,500852,61118,,,,126.887041739563,35.1730385852878
MA010120220813256259,파이어테크,,G2,소매,G221,기타 상품 소매,G22199,그 외 기타 상품 전문 소매업,G47859,그 외 기타 분류 안된 상품 전문 소매업,31,울산광역시,31200,북구,31200560,효문동,3120012100,진장동,3120012100108880001,1,대지,888,1,울산광역시 북구 진장동 888-1,312004316111,울산광역시 북구 명촌3길,26,,3120012100108870001000002,,울산광역시 북구 명촌3길 26,683360,44254,,,,129.359904914211,35.5585493240741
MA010120220813266385,능인선원,,G2,소매,G221,기타 상품 소매,G22199,그 외 기타 상품 전문 소매업,G47859,그 외 기타 분류 안된 상품 전문 소매업,47,경상북도,47840,성주군,47840360,대가면,4784036037,대가면,4784036037200250000,2,산,25,,경상북도 성주군 대가면 대천리 산25,478403321023,경상북도 성주군 대가면 참별로,1607,,4784036037200250000000001,,경상북도 성주군 대가면 참별로 1607,719861,40054,,,,128.176857078581,35.8819877764955
MA010120220813270573,아토즈캠핑,양산점,G2,소매,G221,기타 상품 소매,G22199,그 외 기타 상품 전문 소매업,G46800,상품 종합 도매업,48,경상남도,48330,양산시,48330515,양주동,4833010300,중부동,4833010300106050004,1,대지,605,4,경상남도 양산시 중부동 605-4,483304814456,경상남도 양산시 서일동1길,20,,4833010300106050004057042,웰메이드,경상남도 양산시 서일동1길 20,626050,50621,,2,,129.034993670755,35.3400570366237
MA010120220813156154,프리모션,,G2,소매,G221,기타 상품 소매,G22199,그 외 기타 상품 전문 소매업,G47859,그 외 기타 분류 안된 상품 전문 소매업,29,광주광역시,29200,광산구,29200626,첨단2동,2920011500,월계동,2920011500107910004,1,대지,791,4,광주광역시 광산구 월계동 791-4,292004289493,광주광역시 광산구 월계로16번길,31,,2920011500107910004016837,,광주광역시 광산구 월계로16번길 31,506822,62264,,,,126.835154354523,35.2095470077357
MA010120220813256579,가람불교,,G2,소매,G221,기타 상품 소매,G22199,그 외 기타 상품 전문 소매업,G47859,그 외 기타 분류 안된 상품 전문 소매업,52,전북특별자치도,52140,익산시,52140520,중앙동,5214010500,중앙동3가,5214010500100800000,1,대지,80,,전북특별자치도 익산시 중앙동3가 80,521404608321,전북특별자치도 익산시 평동로7길,68,42,4514010500100800000088026,,전북특별자치도 익산시 평동로7길 68-42,570989,54601,,1,,126.951061043351,35.937429191328
MA010120220813126575,농민의집,,G2,소매,G221,기타 상품 소매,G22199,그 외 기타 상품 전문 소매업,G47859,그 외 기타 분류 안된 상품 전문 소매업,41,경기도,41550,안성시,41550390,일죽면,4155039028,일죽면,4155039028100470016,1,대지,47,16,경기도 안성시 일죽면 송천리 47-16,415504856022,경기도 안성시 일죽면 송천1길,23,,4155039028100480000000001,,경기도 안성시 일죽면 송천1길 23,456915,17529,,,,127.475144415869,37.0929405715761
MA010120220813191226,안계농약할인마트,,G2,소매,G221,기타 상품 소매,G22199,그 외 기타 상품 전문 소매업,G47859,그 외 기타 분류 안된 상품 전문 소매업,47,경상북도,47730,의성군,47730430,안계면,4773043030,안계면,4773043030109160076,1,대지,916,76,경상북도 의성군 안계면 용기리 916-76,477304745320,경상북도 의성군 안계면 안계길,196,,4773043030109160076010773,,경상북도 의성군 안계면 안계길 196,769933,37312,,,,128.433129821755,36.3882137434459
MA010120220813218686,와이브릭스,,G2,소매,G221,기타 상품 소매,G22199,그 외 기타 상품 전문 소매업,G47859,그 외 기타 분류 안된 상품 전문 소매업,11,서울특별시,11440,마포구,11440660,서교동,1144012000,서교동,1144012000103950179,1,대지,395,179,서울특별시 마포구 서교동 395-179,114404139433,서울특별시 마포구 양화로8길,17,28,1144012000103950179010789,미르빌딩,서울특별시 마포구 양화로8길 17-28,121840,04044,,2,,126.917592567243,37.5505433877758
MA010120220813226823,굿기획,,G2,소매,G221,기타 상품 소매,G22199,그 외 기타 상품 전문 소매업,G47859,그 외 기타 분류 안된 상품 전문 소매업,28,인천광역시,28185,연수구,28185761,연수1동,2818510300,연수동,2818510300200760000,2,산,76,,인천광역시 연수구 연수동 산76,281853152036,인천광역시 연수구 함박안로,155,51,2818510300200760000001279,,인천광역시 연수구 함박안로 155-51,406820,21912,,,,126.685007155509,37.4283812763655
MA010120220813237376,선진,,G2,소매,G221,기타 상품 소매,G22199,그 외 기타 상품 전문 소매업,G47859,그 외 기타 분류 안된 상품 전문 소매업,48,경상남도,48170,진주시,48170715,신안동,4817012500,신안동,4817012500100250008,1,대지,25,8,경상남도 진주시 신안동 25-8,481704796228,경상남도 진주시 남강로503번길,10,3,4817012500100250008208871,,경상남도 진주시 남강로503번길 10-3,660905,52694,,1,,128.073274774595,35.1834963458195
MA010120220813286462,단지,,G2,소매,G221,기타 상품 소매,G22199,그 외 기타 상품 전문 소매업,G47859,그 외 기타 분류 안된 상품 전문 소매업,41,경기도,41410,군포시,41410510,군포1동,4141010200,당정동,4141010200105220000,1,대지,522,,경기도 군포시 당정동 522,414103012052,경기도 군포시 고산로,166,,4141010200105220000010521,SK벤티움,경기도 군포시 고산로 166,435776,15850,,7,,126.953692569272,37.3487540059562
MA010120220813178250,벙커캠핑,,G2,소매,G221,기타 상품 소매,G22199,그 외 기타 상품 전문 소매업,G47859,그 외 기타 분류 안된 상품 전문 소매업,41,경기도,41463,용인시 기흥구,41463570,마북동,4146311300,마북동,4146311300105020024,1,대지,502,24,경기도 용인시 기흥구 마북동 502-24,414634412215,경기도 용인시 기흥구 용구대로2325번길,48,,4146311300105020024000001,,경기도 용인시 기흥구 용구대로2325번길 48,446511,16922,,,,127.105441082544,37.2958524807989
MA010120220813226990,명품상사,,G2,소매,G221,기타 상품 소매,G22199,그 외 기타 상품 전문 소매업,G47859,그 외 기타 분류 안된 상품 전문 소매업,47,경상북도,47113,포항시 북구,47113340,기계면,4711334024,기계면,4711334024103260001,1,대지,326,1,경상북도 포항시 북구 기계면 고지리 326-1,471134712046,경상북도 포항시 북구 기계면 기남길160번길,20,,4711334024103260001002898,,경상북도 포항시 북구 기계면 기남길160번길 20,791823,37529,,,,129.18142756809,36.0793512098349
MA010120220813266840,대동유통,,G2,소매,G221,기타 상품 소매,G22199,그 외 기타 상품 전문 소매업,G47859,그 외 기타 분류 안된 상품 전문 소매업,41,경기도,41450,하남시,41450590,춘궁동,4145011800,춘궁동,4145011800103250003,1,대지,325,3,경기도 하남시 춘궁동 325-3,414503000124,경기도 하남시 서하남로,476,,4145011800103250003007531,,경기도 하남시 서하남로 476,465060,13020,,,,127.192546920483,37.5222589265636
MA010120220813186323,금여,,G2,소매,G221,기타 상품 소매,G22199,그 외 기타 상품 전문 소매업,G47859,그 외 기타 분류 안된 상품 전문 소매업,48,경상남도,48840,남해군,48840390,창선면,4884039031,창선면,4884039031104550001,1,대지,455,1,경상남도 남해군 창선면 상죽리 455-1,488404829374,경상남도 남해군 창선면 창선로131번길,84,,4884039031104550001019143,,경상남도 남해군 창선면 창선로131번길 84,668851,52453,,,,128.007825785597,34.8543151762929
MA010120220813188765,신바드,,G2,소매,G221,기타 상품 소매,G22199,그 외 기타 상품 전문 소매업,G47859,그 외 기타 분류 안된 상품 전문 소매업,11,서울특별시,11650,서초구,11650510,서초1동,1165010800,서초동,1165010800114430027,1,대지,1443,27,서울특별시 서초구 서초동 1443-27,116504163654,서울특별시 서초구 효령로68길,102,,1165010800114430027024172,선민빌딩,서울특별시 서초구 효령로68길 102,137865,06721,,2,,127.019402404446,37.4854099870189
MA010120220813196980,탑소방,,G2,소매,G221,기타 상품 소매,G22199,그 외 기타 상품 전문 소매업,G47859,그 외 기타 분류 안된 상품 전문 소매업,29,광주광역시,29155,남구,29155705,진월동,2915510800,진월동,2915510800103770007,1,대지,377,7,광주광역시 남구 진월동 377-7,291553161002,광주광역시 남구 금당로,35,3,2915510800103770007014946,,광주광역시 남구 금당로 35-3,503842,61736,,1,,126.895781535143,35.1200373711954
MA010120220813232616,솔인터네셔널,,G2,소매,G221,기타 상품 소매,G22199,그 외 기타 상품 전문 소매업,G47859,그 외 기타 분류 안된 상품 전문 소매업,41,경기도,41610,광주시,41610253,초월읍,4161025327,초월읍,4161025327101250002,1,대지,125,2,경기도 광주시 초월읍 용수리 125-2,416104433383,경기도 광주시 초월읍 용수길,42,18,4161025327101250002000001,선경주택,경기도 광주시 초월읍 용수길 42-18,464970,12733,,,,127.30549486608,37.3847969805485
MA010120220813288258,휴먼바일,,G2,소매,G221,기타 상품 소매,G22199,그 외 기타 상품 전문 소매업,N75999,그 외 기타 분류 안된 사업 지원 서비스업,28,인천광역시,28185,연수구,28185840,송도3동,2818510600,송도동,2818510600102140000,1,대지,214,,인천광역시 연수구 송도동 214,281853152042,인천광역시 연수구 송도미래로,30,,2818510600102140000000001,스마트밸리지식산업센터,인천광역시 연수구 송도미래로 30,406083,21990,,,,126.647278391163,37.3666451386433
MA010120220813148857,유한책임회사하이모인천,송도지점,G2,소매,G221,기타 상품 소매,G22199,그 외 기타 상품 전문 소매업,G47422,의복 액세서리 및 모조 장신구 소매업,28,인천광역시,28185,연수구,28185830,송도2동,2818510600,송도동,2818510600100200020,1,대지,20,20,인천광역시 연수구 송도동 20-20,281853152016,인천광역시 연수구 신송로,154,,2818510600100200020000001,더제니스,인천광역시 연수구 신송로 154,406082,22001,,,,126.649763951698,37.3977737437694
MA010120220813151426,아리랑민속,,G2,소매,G221,기타 상품 소매,G22199,그 외 기타 상품 전문 소매업,G47859,그 외 기타 분류 안된 상품 전문 소매업,28,인천광역시,28237,부평구,28237570,산곡1동,2823710300,산곡동,2823710300101680007,1,대지,168,7,인천광역시 부평구 산곡동 168-7,282373154066,인천광역시 부평구 마장로,315,1,2823710300101680016015090,,인천광역시 부평구 마장로 315-1,403021,21369,,,,126.702934073934,37.5063288324586
MA010120220813167876,부덕농자재,,G2,소매,G221,기타 상품 소매,G22199,그 외 기타 상품 전문 소매업,G47859,그 외 기타 분류 안된 상품 전문 소매업,41,경기도,41500,이천시,41500330,호법면,4150033025,호법면,4150033025105610008,1,대지,561,8,경기도 이천시 호법면 매곡리 561-8,415003207044,경기도 이천시 호법면 이섭대천로,9,,4150033025105610008000001,,경기도 이천시 호법면 이섭대천로 9,467821,17396,,,,127.387306357287,37.209595023589
MA010120220813170492,화곡,불교용품점,G2,소매,G221,기타 상품 소매,G22199,그 외 기타 상품 전문 소매업,G47859,그 외 기타 분류 안된 상품 전문 소매업,11,서울특별시,11470,양천구,11470560,신월1동,1147010300,신월동,1147010300101050003,1,대지,105,3,서울특별시 양천구 신월동 105-3,114703005067,서울특별시 양천구 월정로,179,,1147010300101050003014307,일부,서울특별시 양천구 월정로 179,158827,07919,,1,,126.835333334883,37.5346357889425
MA010120220813289052,경남수석판매소,,G2,소매,G221,기타 상품 소매,G22199,그 외 기타 상품 전문 소매업,G47859,그 외 기타 분류 안된 상품 전문 소매업,48,경상남도,48125,창원시 마산합포구,48125630,오동동,4812514600,중성동,4812514600100650020,1,대지,65,20,경상남도 창원시 마산합포구 중성동 65-20,481254787474,경상남도 창원시 마산합포구 오동서12길,13,,4812514600100650020030427,,경상남도 창원시 마산합포구 오동서12길 13,631860,51729,,,,128.575720753585,35.209039703866
MA010120220813121471,대영산업,,G2,소매,G221,기타 상품 소매,G22199,그 외 기타 상품 전문 소매업,G47859,그 외 기타 분류 안된 상품 전문 소매업,51,강원특별자치도,51820,고성군,51820250,간성읍,5182025030,간성읍,5182025030101830000,1,대지,183,,강원특별자치도 고성군 간성읍 어천리 183,518204502231,강원특별자치도 고성군 간성읍 어천길,175,17,4282025030101830000008530,,강원특별자치도 고성군 간성읍 어천길 175-17,219801,24740,,,,128.428428396524,38.360919624378
MA010120220813222173,고산갤러리,,G2,소매,G221,기타 상품 소매,G22199,그 외 기타 상품 전문 소매업,G47859,그 외 기타 분류 안된 상품 전문 소매업,43,충청북도,43130,충주시,43130385,중앙탑면,4313038523,중앙탑면,4313038523105690001,1,대지,569,1,충청북도 충주시 중앙탑면 가흥리 569-1,431303197001,충청북도 충주시 중앙탑면 가곡로,1969,,4313038023105690001054560,,충청북도 충주시 중앙탑면 가곡로 1969,380921,27446,,,,127.847105362536,37.0769187321301
MA010120220813291249,양키캔들용인,동백점,G2,소매,G221,기타 상품 소매,G22199,그 외 기타 상품 전문 소매업,G47813,"화장품, 비누 및 방향제 소매업",41,경기도,41463,용인시 기흥구,41463575,동백2동,4146311600,중동,4146311600108330000,1,대지,833,,경기도 용인시 기흥구 중동 833,414632203001,경기도 용인시 기흥구 동백죽전대로,444,,4146311600108330000017953,쥬네브썬월드빌딩,경기도 용인시 기흥구 동백죽전대로 444,446765,17006,,4,,127.15160126343,37.2779978497857
MA010120220813127422,현대농자재,,G2,소매,G221,기타 상품 소매,G22199,그 외 기타 상품 전문 소매업,G47859,그 외 기타 분류 안된 상품 전문 소매업,41,경기도,41250,동두천시,41250520,생연2동,4125010300,생연동,4125010300107140000,1,대지,714,,경기도 동두천시 생연동 714,412503012028,경기도 동두천시 삼육사로,902,,4125010300107140000008675,,경기도 동두천시 삼육사로 902,483032,11344,,,,127.050072655837,37.8994988129938
MA010120220813189122,헬스바이오컨설팅,,G2,소매,G221,기타 상품 소매,G22199,그 외 기타 상품 전문 소매업,G47859,그 외 기타 분류 안된 상품 전문 소매업,30,대전광역시,30170,서구,30170650,만년동,3017012800,만년동,3017012800103060000,1,대지,306,,대전광역시 서구 만년동 306,301704298317,대전광역시 서구 둔산대로117번길,95,,3017012800103070000019330,,대전광역시 서구 둔산대로117번길 95,302834,35203,,5,,127.381751596915,36.3693292443972
MA010120220813194870,무진장인삼사,,G2,소매,G221,기타 상품 소매,G22199,그 외 기타 상품 전문 소매업,G47859,그 외 기타 분류 안된 상품 전문 소매업,52,전북특별자치도,52720,진안군,52720250,진안읍,5272025022,진안읍,5272025022102850014,1,대지,285,14,전북특별자치도 진안군 진안읍 군하리 285-14,527203274057,전북특별자치도 진안군 진안읍 진무로,1021,,4572025022102850014006101,,전북특별자치도 진안군 진안읍 진무로 1021,567806,55435,,,,127.422884896502,35.7875019169727
MA010120220813281314,정인소방,,G2,소매,G221,기타 상품 소매,G22199,그 외 기타 상품 전문 소매업,G47859,그 외 기타 분류 안된 상품 전문 소매업,28,인천광역시,28200,남동구,28200583,만수6동,2820010300,만수동,2820010300110870000,1,대지,1087,,인천광역시 남동구 만수동 1087,282003153071,인천광역시 남동구 장승로,25,,2820010300110870000007331,장승백이,인천광역시 남동구 장승로 25,405869,21591,,지,,126.73583325786,37.4456610767547
MA010120220813187064,죽림인삼사,,G2,소매,G221,기타 상품 소매,G22199,그 외 기타 상품 전문 소매업,G47859,그 외 기타 분류 안된 상품 전문 소매업,52,전북특별자치도,52720,진안군,52720250,진안읍,5272025022,진안읍,5272025022102850014,1,대지,285,14,전북특별자치도 진안군 진안읍 군하리 285-14,527203274057,전북특별자치도 진안군 진안읍 진무로,1021,,4572025022102850014006101,,전북특별자치도 진안군 진안읍 진무로 1021,567806,55435,,,,127.422884896502,35.7875019169727
MA010120220813159881,창테크직영총판,,G2,소매,G221,기타 상품 소매,G22199,그 외 기타 상품 전문 소매업,G47859,그 외 기타 분류 안된 상품 전문 소매업,41,경기도,41220,평택시,41220253,안중읍,4122025321,안중읍,4122025321104460001,1,대지,446,1,경기도 평택시 안중읍 안중리 446-1,412204853669,경기도 평택시 안중읍 송담8길,48,13,4122025321101070027000001,루덴스,경기도 평택시 안중읍 송담8길 48-13,451884,17941,,,,126.933774228084,36.9853212985397
MA010120220813168282,소백산인삼시장,,G2,소매,G221,기타 상품 소매,G22199,그 외 기타 상품 전문 소매업,G47859,그 외 기타 분류 안된 상품 전문 소매업,47,경상북도,47210,영주시,47210250,풍기읍,4721025032,풍기읍,4721025032101600006,1,대지,160,6,경상북도 영주시 풍기읍 창락리 160-6,472103309091,경상북도 영주시 풍기읍 죽령로,1365,,4721025032101600006012167,,경상북도 영주시 풍기읍 죽령로 1365,750804,36020,,,,128.480390874641,36.8846475649869
MA010120220813128072,가톨릭서원그라시아성물,,G2,소매,G221,기타 상품 소매,G22199,그 외 기타 상품 전문 소매업,G47859,그 외 기타 분류 안된 상품 전문 소매업,28,인천광역시,28177,미추홀구,28177620,주안1동,2817710500,주안동,2817710500101860008,1,대지,186,8,인천광역시 미추홀구 주안동 186-8,281773000028,인천광역시 미추홀구 경인로,365,,2817010600101860008000002,,인천광역시 미추홀구 경인로 365,402835,22140,,,,126.680664326147,37.458652606556
MA010120220813149368,한국스마트폴가로등충전기협동조합,,G2,소매,G221,기타 상품 소매,G22199,그 외 기타 상품 전문 소매업,G47859,그 외 기타 분류 안된 상품 전문 소매업,28,인천광역시,28177,미추홀구,28177610,도화2.3동,2817710400,도화동,2817710400107670004,1,대지,767,4,인천광역시 미추홀구 도화동 767-4,281773150038,인천광역시 미추홀구 염전로,191,,2817010500107670004083413,,인천광역시 미추홀구 염전로 191,402062,22111,,,,126.663628367597,37.4769408362666
MA010120220813184698,광명불교문화사,,G2,소매,G221,기타 상품 소매,G22199,그 외 기타 상품 전문 소매업,G47859,그 외 기타 분류 안된 상품 전문 소매업,26,부산광역시,26110,중구,26110560,부평동,2611012400,부평동2가,2611012400100750008,1,대지,75,8,부산광역시 중구 부평동2가 75-8,261103125015,부산광역시 중구 흑교로,28,3,2611012400100750008002188,,부산광역시 중구 흑교로 28-3,600806,48977,,,,129.025353006593,35.1020783485517
MA010120220813230887,명진전기,,G2,소매,G221,기타 상품 소매,G22199,그 외 기타 상품 전문 소매업,G47859,그 외 기타 분류 안된 상품 전문 소매업,46,전라남도,46910,신안군,46910250,지도읍,4691025025,지도읍,4691025025101680006,1,대지,168,6,전라남도 신안군 지도읍 읍내리 168-6,469104706260,전라남도 신안군 지도읍 읍내길,16,20,4691025025101680006000005,,전라남도 신안군 지도읍 읍내길 16-20,535802,58813,,,,126.206983224159,35.0588197987614
MA010120220813230908,종태,,G2,소매,G221,기타 상품 소매,G22199,그 외 기타 상품 전문 소매업,G47859,그 외 기타 분류 안된 상품 전문 소매업,48,경상남도,48250,김해시,48250360,상동면,4825036025,상동면,4825036025101860000,1,대지,186,,경상남도 김해시 상동면 우계리 186,482504805350,경상남도 김해시 상동면 묵방로109번길,51,2,4825036025101860000028004,,경상남도 김해시 상동면 묵방로109번길 51-2,621816,50805,,,,128.910864561565,35.3019006237565
MA010120220813236001,라메코,,G2,소매,G221,기타 상품 소매,G22199,그 외 기타 상품 전문 소매업,G47859,그 외 기타 분류 안된 상품 전문 소매업,28,인천광역시,28110,중구,28110620,영종동,2811014800,운북동,2811014800107910000,1,대지,791,,인천광역시 중구 운북동 791,281103149019,인천광역시 중구 백운로,556,1,2811014800107910000000001,,인천광역시 중구 백운로 556-1,400821,22356,,,,126.504599005866,37.5174485635104
MA010120220813269988,제이에스종합방재,,G2,소매,G221,기타 상품 소매,G22199,그 외 기타 상품 전문 소매업,G47859,그 외 기타 분류 안된 상품 전문 소매업,41,경기도,41111,수원시 장안구,41111566,율천동,4111113200,율전동,4111113200103930003,1,대지,393,3,경기도 수원시 장안구 율전동 393-3,411114322226,경기도 수원시 장안구 율전로101번길,31,6,4111113200103930003045036,,경기도 수원시 장안구 율전로101번길 31-6,440827,16361,,1,,126.967009810934,37.2983186394007
MA010120220813275020,정기,,G2,소매,G221,기타 상품 소매,G22199,그 외 기타 상품 전문 소매업,G47859,그 외 기타 분류 안된 상품 전문 소매업,48,경상남도,48310,거제시,48310600,수양동,4831011400,수월동,4831011400105810001,1,대지,581,1,경상남도 거제시 수월동 581-1,483104811360,경상남도 거제시 수월2길,22,,4831011400105810001017631,,경상남도 거제시 수월2길 22,656303,53240,,,,128.652659635452,34.8846460120845
MA010120220813171337,노라보까,,G2,소매,G221,기타 상품 소매,G22199,그 외 기타 상품 전문 소매업,G47859,그 외 기타 분류 안된 상품 전문 소매업,28,인천광역시,28237,부평구,28237641,갈산1동,2823710600,갈산동,2823710600101760015,1,대지,176,15,인천광역시 부평구 갈산동 176-15,282374262692,인천광역시 부평구 주부토로249번길,69,,2823710600101760015107810,,인천광역시 부평구 주부토로249번길 69,403801,21329,,2,,126.722983946703,37.516198471219
MA010120220813198118,한국인삼,백화점,G2,소매,G221,기타 상품 소매,G22199,그 외 기타 상품 전문 소매업,G47859,그 외 기타 분류 안된 상품 전문 소매업,50,제주특별자치도,50110,제주시,50110650,연동,5011013700,연동,5011013700119110012,1,대지,1911,12,제주특별자치도 제주시 연동 1911-12,501103349137,제주특별자치도 제주시 연삼로,3,,5011013700119110012065098,,제주특별자치도 제주시 연삼로 3,690818,63117,,,,126.492991367455,33.4940446735624
MA010120220813246645,섹칼슘,코리아,G2,소매,G221,기타 상품 소매,G22199,그 외 기타 상품 전문 소매업,G47859,그 외 기타 분류 안된 상품 전문 소매업,28,인천광역시,28260,서구,28260690,불로대곡동,2826012100,불로동,2826012100103120002,1,대지,312,2,인천광역시 서구 불로동 312-2,282603000070,인천광역시 서구 검단로,834,,2826012100103110009031211,퀸스타운신명아파트,인천광역시 서구 검단로 834,404270,22627,,,,126.690079752166,37.6171450078872
MA010120220813139135,성민약초,,G2,소매,G221,기타 상품 소매,G22199,그 외 기타 상품 전문 소매업,G47859,그 외 기타 분류 안된 상품 전문 소매업,52,전북특별자치도,52140,익산시,52140560,인화동,5214011000,인화동2가,5214011000100180001,1,대지,18,1,전북특별자치도 익산시 인화동2가 18-1,521404608172,전북특별자치도 익산시 주현로1길,13,,4514011000100170000085461,,전북특별자치도 익산시 주현로1길 13,570985,54604,,,,126.954023437186,35.931473142549
MA010120220813166248,팔달불교사,,G2,소매,G221,기타 상품 소매,G22199,그 외 기타 상품 전문 소매업,G47859,그 외 기타 분류 안된 상품 전문 소매업,27,대구광역시,27230,북구,27230790,노원동,2723010800,노원동2가,2723010800101410006,1,대지,141,6,대구광역시 북구 노원동2가 141-6,272304235105,대구광역시 북구 노원로16길,27,,2723010800101410006024692,,대구광역시 북구 노원로16길 27,702811,41556,,,,128.571421500418,35.8935136497601
MA010120220813177078,야해,,G2,소매,G221,기타 상품 소매,G22199,그 외 기타 상품 전문 소매업,G47859,그 외 기타 분류 안된 상품 전문 소매업,50,제주특별자치도,50130,서귀포시,50130540,천지동,5013010100,서귀동,5013010100102970009,1,대지,297,9,제주특별자치도 서귀포시 서귀동 297-9,501303350259,제주특별자치도 서귀포시 천지로,40,,5013010100102970009033065,야해,제주특별자치도 서귀포시 천지로 40,697844,63592,,2,,126.560319490457,33.2509566781462
MA010120220813220390,약재마루,,G2,소매,G221,기타 상품 소매,G22199,그 외 기타 상품 전문 소매업,G47859,그 외 기타 분류 안된 상품 전문 소매업,41,경기도,41670,여주시,41670520,중앙동,4167010700,하동,4167010700102490008,1,대지,249,8,경기도 여주시 하동 249-8,416704442320,경기도 여주시 여흥로11번길,57,6,4173025027102490008028870,,경기도 여주시 여흥로11번길 57-6,469107,12623,,,,127.632549645805,37.2981556280714
MA010120220813276707,진성산업,,G2,소매,G221,기타 상품 소매,G22199,그 외 기타 상품 전문 소매업,G47859,그 외 기타 분류 안된 상품 전문 소매업,41,경기도,41390,시흥시,41390520,신천동,4139010200,신천동,4139010200107500009,1,대지,750,9,경기도 시흥시 신천동 750-9,413904397406,경기도 시흥시 신천2길,34,,4139010200107500009006898,,경기도 시흥시 신천2길 34,429830,14947,,1,,126.778715959403,37.4392258080721
MA010120220813147580,양키캔들신선도원몰점,,G2,소매,G221,기타 상품 소매,G22199,그 외 기타 상품 전문 소매업,G47813,"화장품, 비누 및 방향제 소매업",31,울산광역시,31200,북구,31200560,효문동,3120012100,진장동,3120012100107050000,1,대지,705,,울산광역시 북구 진장동 705,312004316317,울산광역시 북구 진장17길,10,,3120012100107050000000001,메가마트,울산광역시 북구 진장17길 10,683360,44250,,1,,129.356456349782,35.5624102360577
MA010120220813123074,오디가컴퍼니,,G2,소매,G221,기타 상품 소매,G22199,그 외 기타 상품 전문 소매업,G47859,그 외 기타 분류 안된 상품 전문 소매업,48,경상남도,48170,진주시,48170730,판문동,4817012600,평거동,4817012600111200012,1,대지,1120,12,경상남도 진주시 평거동 1120-12,481704838079,경상남도 진주시 진양호로44번길,33,3,4817012600111200012000001,워크,경상남도 진주시 진양호로44번길 33-3,660120,52650,,,,128.047261573756,35.1659323021582
MA010120220813177379,천화,,G2,소매,G221,기타 상품 소매,G22199,그 외 기타 상품 전문 소매업,G47859,그 외 기타 분류 안된 상품 전문 소매업,47,경상북도,47150,김천시,47150250,아포읍,4715025021,아포읍,4715025021112330000,1,대지,1233,,경상북도 김천시 아포읍 인리 1233,471504718607,경상북도 김천시 아포읍 아포공단길,23,,4715025021112330000002691,,경상북도 김천시 아포읍 아포공단길 23,740862,39670,,,,128.256036623372,36.1665930911505
MA010120220813196118,케이에스몰,,G2,소매,G221,기타 상품 소매,G22199,그 외 기타 상품 전문 소매업,G47859,그 외 기타 분류 안된 상품 전문 소매업,11,서울특별시,11620,관악구,11620645,서원동,1162010200,신림동,1162010200116400024,1,대지,1640,24,서울특별시 관악구 신림동 1640-24,116202000003,서울특별시 관악구 남부순환로,1600,9,1162010200116400025021100,,서울특별시 관악구 남부순환로 1600-9,151930,08776,,1,,126.928983748858,37.4838044624964
MA010120220813397096,소라산업,,G2,소매,G221,기타 상품 소매,G22199,그 외 기타 상품 전문 소매업,G47859,그 외 기타 분류 안된 상품 전문 소매업,48,경상남도,48170,진주시,48170680,상평동,4817012100,상평동,4817012100102510010,1,대지,251,10,경상남도 진주시 상평동 251-10,481704796415,경상남도 진주시 돗골로14번길,5,,4817012100102510003096371,,경상남도 진주시 돗골로14번길 5,660903,52813,,,,128.113286714742,35.1695435392717
MA010120220813434903,새한비료,,G2,소매,G221,기타 상품 소매,G22199,그 외 기타 상품 전문 소매업,G47859,그 외 기타 분류 안된 상품 전문 소매업,43,충청북도,43111,청주시 상당구,43111350,문의면,4311135023,문의면,4311135023103590001,1,대지,359,1,충청북도 청주시 상당구 문의면 남계리 359-1,431114520122,충청북도 청주시 상당구 문의면 남계2길,21,6,4371036023003590001072613,,충청북도 청주시 상당구 문의면 남계2길 21-6,360831,28207,,,,127.501570869478,36.5371139434271
MA010120220813304326,한빛여울,,G2,소매,G221,기타 상품 소매,G22199,그 외 기타 상품 전문 소매업,G47859,그 외 기타 분류 안된 상품 전문 소매업,43,충청북도,43770,음성군,43770350,삼성면,4377035028,삼성면,4377035028101040001,1,대지,104,1,충청북도 음성군 삼성면 선정리 104-1,437704541681,충청북도 음성군 삼성면 선정로97번길,90,4,4377035028101040001000001,,충청북도 음성군 삼성면 선정로97번길 90-4,369832,27654,,,,127.518088425328,36.9951843493612
MA010120220813328662,지앤메디,,G2,소매,G221,기타 상품 소매,G22199,그 외 기타 상품 전문 소매업,G47859,그 외 기타 분류 안된 상품 전문 소매업,48,경상남도,48330,양산시,48330540,서창동,4833011400,삼호동,4833011400107940004,1,대지,794,4,경상남도 양산시 삼호동 794-4,483303338095,경상남도 양산시 삼호로,147,,4833011400107940004000001,,경상남도 양산시 삼호로 147,626837,50531,,2,,129.173448155001,35.4116543114143
MA010120220813331297,선기획,,G2,소매,G221,기타 상품 소매,G22199,그 외 기타 상품 전문 소매업,G47859,그 외 기타 분류 안된 상품 전문 소매업,11,서울특별시,11140,중구,11140605,을지로동,1114015200,주교동,1114015200100580006,1,대지,58,6,서울특별시 중구 주교동 58-6,111404103290,서울특별시 중구 창경궁로8길,22,3,1114015200100580006013610,,서울특별시 중구 창경궁로8길 22-3,100330,04546,,1,,126.99938875604,37.5686461425902
MA010120220813339718,서경산업,,G2,소매,G221,기타 상품 소매,G22199,그 외 기타 상품 전문 소매업,G47859,그 외 기타 분류 안된 상품 전문 소매업,41,경기도,41590,화성시,41590587,동탄3동,4159011800,능동,4159011800110980001,1,대지,1098,1,경기도 화성시 능동 1098-1,415904430950,경기도 화성시 여울로4길,43,6,4159011800110980001000001,,경기도 화성시 여울로4길 43-6,445320,18422,,1,,127.05614070978,37.2161167716825
MA010120220813394796,릿다의집,,G2,소매,G221,기타 상품 소매,G22199,그 외 기타 상품 전문 소매업,G47859,그 외 기타 분류 안된 상품 전문 소매업,48,경상남도,48860,산청군,48860340,금서면,4886034026,금서면,4886034026113000003,1,대지,1300,3,경상남도 산청군 금서면 특리 1300-3,488604835429,경상남도 산청군 금서면 동의보감로555번길,31,,4886034026113000003000001,,경상남도 산청군 금서면 동의보감로555번길 31,666831,52229,,,,127.830657540461,35.4420680794285
MA010120220813296226,마스터리,,G2,소매,G221,기타 상품 소매,G22199,그 외 기타 상품 전문 소매업,G47859,그 외 기타 분류 안된 상품 전문 소매업,48,경상남도,48170,진주시,48170695,초장동,4817012200,초전동,4817012200110720002,1,대지,1072,2,경상남도 진주시 초전동 1072-2,481704796516,경상남도 진주시 말티고개로123번길,16,,4817012200110720002000001,,경상남도 진주시 말티고개로123번길 16,660985,52740,,,,128.115588823796,35.1974445774281
MA010120220813296314,덕성자연산효소,,G2,소매,G221,기타 상품 소매,G22199,그 외 기타 상품 전문 소매업,G47859,그 외 기타 분류 안된 상품 전문 소매업,41,경기도,41461,용인시 처인구,41461510,중앙동,4146110100,김량장동,4146110100103230002,1,대지,323,2,경기도 용인시 처인구 김량장동 323-2,414614409120,경기도 용인시 처인구 금령로27번길,6,4,4146110100103230002010666,,경기도 용인시 처인구 금령로27번길 6-4,449925,17050,,3,,127.199522743528,37.2352444282717
MA010120220813331474,나래유통,,G2,소매,G221,기타 상품 소매,G22199,그 외 기타 상품 전문 소매업,G47859,그 외 기타 분류 안된 상품 전문 소매업,48,경상남도,48270,밀양시,48270250,삼랑진읍,4827025027,삼랑진읍,4827025027201200005,2,산,120,5,경상남도 밀양시 삼랑진읍 검세리 산120-5,482704808787,경상남도 밀양시 삼랑진읍 작원관지길,139,3,4827025027201200005000001,,경상남도 밀양시 삼랑진읍 작원관지길 139-3,627901,50467,,,,128.87137582427,35.3966636585835
MA010120220813353486,에스지아그로,,G2,소매,G221,기타 상품 소매,G22199,그 외 기타 상품 전문 소매업,G47859,그 외 기타 분류 안된 상품 전문 소매업,51,강원특별자치도,51130,원주시,51130675,반곡관설동,5113011600,관설동,5113011600116570011,1,대지,1657,11,강원특별자치도 원주시 관설동 1657-11,511304457179,강원특별자치도 원주시 라옹정길,74,29,4213011600116570011000001,,강원특별자치도 원주시 라옹정길 74-29,220934,26471,,1,,127.961210901322,37.3219275427669
MA010120220813318034,장수비전,,G2,소매,G221,기타 상품 소매,G22199,그 외 기타 상품 전문 소매업,G47859,그 외 기타 분류 안된 상품 전문 소매업,11,서울특별시,11710,송파구,11710561,방이1동,1171011100,방이동,1171011100101640002,1,대지,164,2,서울특별시 송파구 방이동 164-2,117104169448,서울특별시 송파구 위례성대로12길,6,,1171011100101640002017153,,서울특별시 송파구 위례성대로12길 6,138833,05636,,,,127.122497555283,37.5131711329353
MA010120220813378869,광주불교원,,G2,소매,G221,기타 상품 소매,G22199,그 외 기타 상품 전문 소매업,G47859,그 외 기타 분류 안된 상품 전문 소매업,29,광주광역시,29110,동구,29110685,학동,2911012200,학동,2911012200100810028,1,대지,81,28,광주광역시 동구 학동 81-28,291103009025,광주광역시 동구 천변우로,485,1,2911012200100810028011433,,광주광역시 동구 천변우로 485-1,501841,61489,,1,,126.919447163241,35.1397231670364
MA010120220813387016,도아트컴퍼니,,G2,소매,G221,기타 상품 소매,G22199,그 외 기타 상품 전문 소매업,S96999,그 외 기타 달리 분류되지 않은 개인 서비스업,11,서울특별시,11680,강남구,11680565,청담동,1168010400,청담동,1168010400100620033,1,대지,62,33,서울특별시 강남구 청담동 62-33,116804166308,서울특별시 강남구 도산대로92길,42,,1168010400100620033018479,,서울특별시 강남구 도산대로92길 42,135953,06070,,1,,127.049389409204,37.5219820793246
MA010120220813433946,홈앤쇼핑오투헬스케어,,G2,소매,G221,기타 상품 소매,G22199,그 외 기타 상품 전문 소매업,G47859,그 외 기타 분류 안된 상품 전문 소매업,52,전북특별자치도,52111,전주시 완산구,52111711,효자1동,5211114000,효자동1가,5211114000101080000,1,대지,108,,전북특별자치도 전주시 완산구 효자동1가 108,521114598442,전북특별자치도 전주시 완산구 효동3길,7,,4511114000101080000026344,익성빌딩,전북특별자치도 전주시 완산구 효동3길 7,560850,55094,,4,,127.128927467228,35.8058862237824
MA010120220813359108,부경용기,,G2,소매,G221,기타 상품 소매,G22199,그 외 기타 상품 전문 소매업,G47859,그 외 기타 분류 안된 상품 전문 소매업,27,대구광역시,27260,수성구,27260652,지산2동,2726011200,지산동,2726011200112120016,1,대지,1212,16,대구광역시 수성구 지산동 1212-16,272604238348,대구광역시 수성구 용학로50길,27,,2726011200112120016004349,,대구광역시 수성구 용학로50길 27,706845,42212,,,,128.635954008378,35.8191908920695
MA010120220813367401,케이비종합방재,,G2,소매,G221,기타 상품 소매,G22199,그 외 기타 상품 전문 소매업,G47859,그 외 기타 분류 안된 상품 전문 소매업,52,전북특별자치도,52130,군산시,52130650,조촌동,5213013500,경장동,5213013500105100015,1,대지,510,15,전북특별자치도 군산시 경장동 510-15,521303268117,전북특별자치도 군산시 번영로,72,,4513013500105100015030163,,전북특별자치도 군산시 번영로 72,573884,54085,,,,126.729370353964,35.9707592837777
MA010120220813379095,리운,,G2,소매,G221,기타 상품 소매,G22199,그 외 기타 상품 전문 소매업,G47859,그 외 기타 분류 안된 상품 전문 소매업,52,전북특별자치도,52111,전주시 완산구,52111730,효자5동,5211114200,효자동3가,5211114200114410002,1,대지,1441,2,전북특별자치도 전주시 완산구 효자동3가 1441-2,521114598175,전북특별자치도 전주시 완산구 서곡4길,16,,4511114200114410002024436,파스텔,전북특별자치도 전주시 완산구 서곡4길 16,560870,54956,,1,,127.103108669915,35.8348866590231
MA010120220813324019,진산성지,,G2,소매,G221,기타 상품 소매,G22199,그 외 기타 상품 전문 소매업,G47859,그 외 기타 분류 안된 상품 전문 소매업,44,충청남도,44710,금산군,44710370,진산면,4471037032,진산면,4471037032103350002,1,대지,335,2,충청남도 금산군 진산면 지방리 335-2,447103257036,충청남도 금산군 진산면 실학로,207,,4471037032103350002011895,,충청남도 금산군 진산면 실학로 207,312932,32700,,,,127.353463447946,36.1801219230256
MA010120220813348733,시두물공방,,G2,소매,G221,기타 상품 소매,G22199,그 외 기타 상품 전문 소매업,G47859,그 외 기타 분류 안된 상품 전문 소매업,44,충청남도,44710,금산군,44710340,군북면,4471034022,군북면,4471034022104650000,1,대지,465,,충청남도 금산군 군북면 내부리 465,447104571362,충청남도 금산군 군북면 시두물1길,55,,4471034022104650000037097,,충청남도 금산군 군북면 시두물1길 55,312831,32721,,,,127.505302601416,36.1304078782167
MA010120220813362243,롤리돔,,G2,소매,G221,기타 상품 소매,G22199,그 외 기타 상품 전문 소매업,G47859,그 외 기타 분류 안된 상품 전문 소매업,30,대전광역시,30140,중구,30140680,태평1동,3014011400,태평동,3014011400103320006,1,대지,332,6,대전광역시 중구 태평동 332-6,301404295501,대전광역시 중구 수침로55번길,30,,3014011400103320006018644,,대전광역시 중구 수침로55번길 30,301843,34893,,,,127.399099035474,36.3252231285195
MA010120220813384627,디모벌룬,,G2,소매,G221,기타 상품 소매,G22199,그 외 기타 상품 전문 소매업,G47859,그 외 기타 분류 안된 상품 전문 소매업,43,충청북도,43112,청주시 서원구,43112540,모충동,4311210300,모충동,4311210300100940011,1,대지,94,11,충청북도 청주시 서원구 모충동 94-11,431123236067,충청북도 청주시 서원구 청남로,2150,,4311310300100940011028955,,충청북도 청주시 서원구 청남로 2150,362806,28702,,1,,127.488717431957,36.6239467543818
MA010120220813403450,우성소방,,G2,소매,G221,기타 상품 소매,G22199,그 외 기타 상품 전문 소매업,G47859,그 외 기타 분류 안된 상품 전문 소매업,48,경상남도,48250,김해시,48250565,칠산서부동,4825011000,흥동,4825011000100420001,1,대지,42,1,경상남도 김해시 흥동 42-1,482503335069,경상남도 김해시 흥동로,60,,4825011000100420001084357,,경상남도 김해시 흥동로 60,621120,50965,,,,128.855307150464,35.2219296282989
MA010120220813425639,세종공예갤러리,,G2,소매,G221,기타 상품 소매,G22199,그 외 기타 상품 전문 소매업,G47859,그 외 기타 분류 안된 상품 전문 소매업,30,대전광역시,30200,유성구,30200530,온천1동,3020011200,구암동,3020011200106790001,1,대지,679,1,대전광역시 유성구 구암동 679-1,302004301580,대전광역시 유성구 덕명동로22번길,30,,3020011200106790001000001,우성빌,대전광역시 유성구 덕명동로22번길 30,305801,34155,,,,127.309657785129,36.3585435207635
MA010120220813432714,가치놀자,칠곡점,G2,소매,G221,기타 상품 소매,G22199,그 외 기타 상품 전문 소매업,G47859,그 외 기타 분류 안된 상품 전문 소매업,47,경상북도,47190,구미시,47190565,선주원남동,4719010100,원평동,4719010100104510011,1,대지,451,11,경상북도 구미시 원평동 451-11,471904724112,경상북도 구미시 금오산로10길,8,12,4719010100104510011010602,,경상북도 구미시 금오산로10길 8-12,730921,39303,,2,,128.334871636988,36.1257025175397
MA010120220813437220,마미스프,,G2,소매,G221,기타 상품 소매,G22199,그 외 기타 상품 전문 소매업,G47859,그 외 기타 분류 안된 상품 전문 소매업,11,서울특별시,11200,성동구,11200650,성수1가1동,1120011400,성수동1가,1120011400106560334,1,대지,656,334,서울특별시 성동구 성수동1가 656-334,112004109156,서울특별시 성동구 뚝섬로1길,31,,1120011400106560334008745,서울숲,서울특별시 성동구 뚝섬로1길 31,133821,04778,,2,,127.046461931897,37.544093831667
MA010120220813326805,투다이,,G2,소매,G221,기타 상품 소매,G22199,그 외 기타 상품 전문 소매업,G45219,기타 자동차 신품 부품 및 내장품 판매업,41,경기도,41115,수원시 팔달구,41115690,화서2동,4111513800,화서동,4111513800106850010,1,대지,685,10,경기도 수원시 팔달구 화서동 685-10,411154328425,경기도 수원시 팔달구 화산로6번길,7,5,4111513800106850010008823,,경기도 수원시 팔달구 화산로6번길 7-5,442870,16425,,1,,126.986197201622,37.2855817564304
MA010120220813340266,아트몰,,G2,소매,G221,기타 상품 소매,G22199,그 외 기타 상품 전문 소매업,G47859,그 외 기타 분류 안된 상품 전문 소매업,48,경상남도,48740,창녕군,48740370,계성면,4874037021,계성면,4874037021109730008,1,대지,973,8,경상남도 창녕군 계성면 명리 973-8,487403341027,경상남도 창녕군 계성면 영산장마로,660,,4874037021109730008049728,,경상남도 창녕군 계성면 영산장마로 660,635924,50342,,,,128.516637330705,35.4588668091592
MA010120220813373659,더오르,,G2,소매,G221,기타 상품 소매,G22199,그 외 기타 상품 전문 소매업,G47859,그 외 기타 분류 안된 상품 전문 소매업,52,전북특별자치도,52130,군산시,52130650,조촌동,5213013500,경장동,5213013500105000015,1,대지,500,15,전북특별자치도 군산시 경장동 500-15,521303268098,전북특별자치도 군산시 진포로,139,,4513013500105000015026741,,전북특별자치도 군산시 진포로 139,573884,54077,,,,126.732916801033,35.9711547607004
MA010120220813445911,테이스코,,G2,소매,G221,기타 상품 소매,G22199,그 외 기타 상품 전문 소매업,G47859,그 외 기타 분류 안된 상품 전문 소매업,48,경상남도,48125,창원시 마산합포구,48125630,오동동,4812510400,남성동,4812510400101990014,1,대지,199,14,경상남도 창원시 마산합포구 남성동 199-14,481254787434,경상남도 창원시 마산합포구 어시장4길,22,,4812510400101990014033661,,경상남도 창원시 마산합포구 어시장4길 22,631860,51721,,3,,128.577554421457,35.2033560511433
MA010120220813359753,상성,,G2,소매,G221,기타 상품 소매,G22199,그 외 기타 상품 전문 소매업,G47859,그 외 기타 분류 안된 상품 전문 소매업,48,경상남도,48840,남해군,48840360,서면,4884036022,서면,4884036022104330000,1,대지,433,,경상남도 남해군 서면 대정리 433,488404829026,경상남도 남해군 서면 고실로386번길,27,1,4884036022104330000011267,,경상남도 남해군 서면 고실로386번길 27-1,668873,52411,,,,127.869692873156,34.8098171338907
MA010120220813434513,이아이에스,,G2,소매,G221,기타 상품 소매,G22199,그 외 기타 상품 전문 소매업,G47859,그 외 기타 분류 안된 상품 전문 소매업,41,경기도,41590,화성시,41590590,동탄5동,4159013100,영천동,4159013100108360001,1,대지,836,1,경기도 화성시 영천동 836-1,415903012058,경기도 화성시 동탄기흥로,602,,4159013100101510001000001,더퍼스트타워,경기도 화성시 동탄기흥로 602,445130,18469,,9,,127.095052517544,37.2141276499563
MA010120220813302770,원바이오,,G2,소매,G221,기타 상품 소매,G22199,그 외 기타 상품 전문 소매업,G47859,그 외 기타 분류 안된 상품 전문 소매업,41,경기도,41480,파주시,41480350,광탄면,4148035026,광탄면,4148035026107410001,1,대지,741,1,경기도 파주시 광탄면 용미리 741-1,414804418541,경기도 파주시 광탄면 양지말길,127,15,4148035026107410001034027,,경기도 파주시 광탄면 양지말길 127-15,413855,10955,,,,126.857468148079,37.7518106096034
MA010120220813409312,금산보양원,,G2,소매,G221,기타 상품 소매,G22199,그 외 기타 상품 전문 소매업,G47859,그 외 기타 분류 안된 상품 전문 소매업,44,충청남도,44150,공주시,44150540,웅진동,4415010500,산성동,4415010500101890002,1,대지,189,2,충청남도 공주시 산성동 189-2,441504553548,충청남도 공주시 산성시장5길,63,,4415010500101890002000004,,충청남도 공주시 산성시장5길 63,314020,32539,,,,127.123485734994,36.4593886083731
MA010120220813412146,미소유통,,G2,소매,G221,기타 상품 소매,G22199,그 외 기타 상품 전문 소매업,G47859,그 외 기타 분류 안된 상품 전문 소매업,41,경기도,41113,수원시 권선구,41113530,세류2동,4111312600,세류동,4111312600109800072,1,대지,980,72,경기도 수원시 권선구 세류동 980-72,411133012006,경기도 수원시 권선구 정조로,468,,4111312600109800072030669,,경기도 수원시 권선구 정조로 468,441876,16656,,,,127.012105744462,37.2510179898087
MA010120220813343820,동호칠기,,G2,소매,G221,기타 상품 소매,G22199,그 외 기타 상품 전문 소매업,G47859,그 외 기타 분류 안된 상품 전문 소매업,26,부산광역시,26290,남구,26290680,문현1동,2629010900,문현동,2629010900105060476,1,대지,506,476,부산광역시 남구 문현동 506-476,262904193012,부산광역시 남구 고동골로69번가길,17,,2629010900105060476017307,,부산광역시 남구 고동골로69번가길 17,608041,48405,,,,129.070688761712,35.1442617141989
MA010120220813362872,토림녹비,,G2,소매,G221,기타 상품 소매,G22199,그 외 기타 상품 전문 소매업,G47859,그 외 기타 분류 안된 상품 전문 소매업,46,전라남도,46860,함평군,46860380,월야면,4686038024,월야면,4686038024102860005,1,대지,286,5,전라남도 함평군 월야면 외치리 286-5,468603297005,전라남도 함평군 월야면 밀재로,1866,52,4686038024102860001021196,,전라남도 함평군 월야면 밀재로 1866-52,525882,57126,,,,126.658634685204,35.1676077494355
MA010120220813365736,해피닉,,G2,소매,G221,기타 상품 소매,G22199,그 외 기타 상품 전문 소매업,G47859,그 외 기타 분류 안된 상품 전문 소매업,51,강원특별자치도,51780,철원군,51780256,갈말읍,5178025621,갈말읍,5178025621109730006,1,대지,973,6,강원특별자치도 철원군 갈말읍 신철원리 973-6,517804490148,강원특별자치도 철원군 갈말읍 삼부연로8번길,4,2,4278025621109730006033186,,강원특별자치도 철원군 갈말읍 삼부연로8번길 4-2,269805,24048,,3,,127.308807834029,38.1447049909091
MA010120220813401455,디앤와이코퍼레이션,,G2,소매,G221,기타 상품 소매,G22199,그 외 기타 상품 전문 소매업,G47859,그 외 기타 분류 안된 상품 전문 소매업,41,경기도,41650,포천시,41650310,군내면,4165031022,군내면,4165031022100060019,1,대지,6,19,경기도 포천시 군내면 용정리 6-19,416503213057,경기도 포천시 군내면 용두로,71,,4165031022100060019026762,,경기도 포천시 군내면 용두로 71,487874,11154,,3,,127.221467599695,37.8713087457377
MA010120220813456611,디제이엠알오,,G2,소매,G221,기타 상품 소매,G22199,그 외 기타 상품 전문 소매업,G47859,그 외 기타 분류 안된 상품 전문 소매업,44,충청남도,44270,당진시,44270510,당진1동,4427010600,수청동,4427010600104370001,1,대지,437,1,충청남도 당진시 수청동 437-1,442704595050,충청남도 당진시 고실1길,39,,4427010600104370001000001,,충청남도 당진시 고실1길 39,343050,31766,,,,126.649050359469,36.9037503104807
MA010120220813300323,칠성불교,백화점,G2,소매,G221,기타 상품 소매,G22199,그 외 기타 상품 전문 소매업,G47859,그 외 기타 분류 안된 상품 전문 소매업,43,충청북도,43730,옥천군,43730250,옥천읍,4373025038,옥천읍,4373025038102000014,1,대지,200,14,충청북도 옥천군 옥천읍 삼양리 200-14,437303242016,충청북도 옥천군 옥천읍 삼양로,44,,4373025038102000014007963,,충청북도 옥천군 옥천읍 삼양로 44,373809,29033,,,,127.566481758228,36.3064424832904
MA010120220813349586,오성안전건재,,G2,소매,G221,기타 상품 소매,G22199,그 외 기타 상품 전문 소매업,G47859,그 외 기타 분류 안된 상품 전문 소매업,52,전북특별자치도,52140,익산시,52140310,오산면,5214031022,오산면,5214031022108420008,1,대지,842,8,전북특별자치도 익산시 오산면 장신리 842-8,521403269059,전북특별자치도 익산시 오산면 오산로,147,1,4514031022108420008000001,,전북특별자치도 익산시 오산면 오산로 147-1,570922,54670,,,,126.915617030024,35.9508380132558
MA010120220813377117,미누테크,,G2,소매,G221,기타 상품 소매,G22199,그 외 기타 상품 전문 소매업,G47859,그 외 기타 분류 안된 상품 전문 소매업,41,경기도,41220,평택시,41220259,청북읍,4122025932,청북읍,4122025932109600001,1,대지,960,1,경기도 평택시 청북읍 고렴리 960-1,412203000117,경기도 평택시 청북읍 서해로,1864,12,4122025932109600001000001,,경기도 평택시 청북읍 서해로 1864-12,451831,17794,,,,126.929484831035,37.0568194470098
MA010120220813447798,보배상사,,G2,소매,G221,기타 상품 소매,G22199,그 외 기타 상품 전문 소매업,G47859,그 외 기타 분류 안된 상품 전문 소매업,27,대구광역시,27170,서구,27170660,평리5동,2717010300,평리동,2717010300115350005,1,대지,1535,5,대구광역시 서구 평리동 1535-5,271703007001,대구광역시 서구 국채보상로,155,,2717010300115350005020365,,대구광역시 서구 국채보상로 155,703850,41768,,,,128.548083116903,35.8694227446624
MA010120220813300587,산약초,,G2,소매,G221,기타 상품 소매,G22199,그 외 기타 상품 전문 소매업,G47859,그 외 기타 분류 안된 상품 전문 소매업,41,경기도,41590,화성시,41590410,정남면,4159041027,정남면,4159041027105310009,1,대지,531,9,경기도 화성시 정남면 문학리 531-9,415903210060,경기도 화성시 정남면 서봉로,980,,4159041027105310009000001,,경기도 화성시 정남면 서봉로 980,445961,18522,,,,126.970222201473,37.1602159506928
MA010120220813319702,키즈쿡,,G2,소매,G221,기타 상품 소매,G22199,그 외 기타 상품 전문 소매업,G47859,그 외 기타 분류 안된 상품 전문 소매업,51,강원특별자치도,51110,춘천시,51110390,동내면,5111039021,동내면,5111039021109580015,1,대지,958,15,강원특별자치도 춘천시 동내면 거두리 958-15,511104454026,강원특별자치도 춘천시 동내면 거두택지길26번길,16,19,4211039021109580015000001,,강원특별자치도 춘천시 동내면 거두택지길26번길 16-19,200883,24405,,3,,127.753931022617,37.8530665408341
MA010120220813330491,경심,,G2,소매,G221,기타 상품 소매,G22199,그 외 기타 상품 전문 소매업,G47859,그 외 기타 분류 안된 상품 전문 소매업,48,경상남도,48840,남해군,48840360,서면,4884036026,서면,4884036026116370004,1,대지,1637,4,경상남도 남해군 서면 남상리 1637-4,488404829088,경상남도 남해군 서면 남서대로2309번길,38,,4884036026116370004049588,,경상남도 남해군 서면 남서대로2309번길 38,668871,52409,,,,127.811584261844,34.8542958976515
MA010120220813330508,제일유통,,G2,소매,G221,기타 상품 소매,G22199,그 외 기타 상품 전문 소매업,G47859,그 외 기타 분류 안된 상품 전문 소매업,52,전북특별자치도,52790,고창군,52790250,고창읍,5279025021,고창읍,5279025021105860002,1,대지,586,2,전북특별자치도 고창군 고창읍 읍내리 586-2,527903279058,전북특별자치도 고창군 고창읍 천변남로,36,,4579025021105860002003750,,전북특별자치도 고창군 고창읍 천변남로 36,585808,56437,,,,126.696059695337,35.4337092341501
MA010120220813401826,꽃과야초,,G2,소매,G221,기타 상품 소매,G22199,그 외 기타 상품 전문 소매업,G47859,그 외 기타 분류 안된 상품 전문 소매업,30,대전광역시,30140,중구,30140640,부사동,3014011100,부사동,3014011100101510005,1,대지,151,5,대전광역시 중구 부사동 151-5,301404295373,대전광역시 중구 보문로67번길,17,,3014011100101510005022251,,대전광역시 중구 보문로67번길 17,301815,35047,,1,,127.43418786866,36.3126195048395
MA010120220813423890,아시시,,G2,소매,G221,기타 상품 소매,G22199,그 외 기타 상품 전문 소매업,G47859,그 외 기타 분류 안된 상품 전문 소매업,27,대구광역시,27110,중구,27110660,남산3동,2711015600,남산동,2711015600124300001,1,대지,2430,1,대구광역시 중구 남산동 2430-1,271104223039,대구광역시 중구 남산로4길,87,,2711015600124300001027301,,대구광역시 중구 남산로4길 87,700805,41971,,1,,128.585509756502,35.8607971751215
MA010120220813308878,바이퍼전자담배,,G2,소매,G221,기타 상품 소매,G22199,그 외 기타 상품 전문 소매업,G47859,그 외 기타 분류 안된 상품 전문 소매업,29,광주광역시,29140,서구,29140770,화정2동,2914011900,화정동,2914011900113910000,1,대지,1391,,광주광역시 서구 화정동 1391,291404280064,광주광역시 서구 금화로383번길,2,,2914011900113910000027462,,광주광역시 서구 금화로383번길 2,502846,62047,,1,,126.88764418129,35.1420684359838
MA010120220813336282,지연농약농자재할인마트,,G2,소매,G221,기타 상품 소매,G22199,그 외 기타 상품 전문 소매업,G47859,그 외 기타 분류 안된 상품 전문 소매업,46,전라남도,46840,무안군,46840370,운남면,4684037023,운남면,4684037023104620015,1,대지,462,15,전라남도 무안군 운남면 연리 462-15,468403296029,전라남도 무안군 운남면 운해로,619,,4684037023104620015000001,,전라남도 무안군 운남면 운해로 619,534861,58537,,,,126.344424967935,34.9624827242395
MA010120220813374950,리베,,G2,소매,G221,기타 상품 소매,G22199,그 외 기타 상품 전문 소매업,G47859,그 외 기타 분류 안된 상품 전문 소매업,28,인천광역시,28237,부평구,28237648,삼산2동,2823710500,삼산동,2823710500104590003,1,대지,459,3,인천광역시 부평구 삼산동 459-3,282373154056,인천광역시 부평구 체육관로,34,,2823710500104590003106978,삼산동이리옴프라자,인천광역시 부평구 체육관로 34,403866,21344,,3,,126.735477026401,37.5082802754306
MA010120220813402045,나노컴텍수처리기새우도소매,,G2,소매,G221,기타 상품 소매,G22199,그 외 기타 상품 전문 소매업,G47859,그 외 기타 분류 안된 상품 전문 소매업,46,전라남도,46110,목포시,46110510,용당1동,4611010100,용당동,4611010100109770095,1,대지,977,95,전라남도 목포시 용당동 977-95,461104643575,전라남도 목포시 용당로262번길,2,,4611010100109770095003878,,전라남도 목포시 용당로262번길 2,530361,58651,,1,,126.399338681287,34.8101084927281
MA010120220813423949,삼안종합상사,,G2,소매,G221,기타 상품 소매,G22199,그 외 기타 상품 전문 소매업,G47859,그 외 기타 분류 안된 상품 전문 소매업,28,인천광역시,28200,남동구,28200550,간석3동,2820010200,간석동,2820010200100770001,1,대지,77,1,인천광역시 남동구 간석동 77-1,282003153078,인천광역시 남동구 풀무로,18,,2820010200100770001022107,,인천광역시 남동구 풀무로 18,405801,21510,,,,126.709872682758,37.4697832983348
MA010120220813454261,중앙소방안전,,G2,소매,G221,기타 상품 소매,G22199,그 외 기타 상품 전문 소매업,G47859,그 외 기타 분류 안된 상품 전문 소매업,29,광주광역시,29170,북구,29170510,중흥1동,2917010100,중흥동,2917010100106480012,1,대지,648,12,광주광역시 북구 중흥동 648-12,291704286128,광주광역시 북구 독립로349번길,14,,2917010100106480012048348,,광주광역시 북구 독립로349번길 14,500877,61235,,,,126.914156509726,35.1622084828819
MA010120220813311828,보름달,,G2,소매,G221,기타 상품 소매,G22199,그 외 기타 상품 전문 소매업,G47859,그 외 기타 분류 안된 상품 전문 소매업,41,경기도,41131,성남시 수정구,41131570,수진1동,4113110300,수진동,4113110300104300000,1,대지,430,,경기도 성남시 수정구 수진동 430,411314334354,경기도 성남시 수정구 수정남로62번길,4,,4113110300104300000021853,,경기도 성남시 수정구 수정남로62번길 4,461804,13328,,1,,127.134741546343,37.4406986566465
MA010120220813386160,딩동청주,오창점,G2,소매,G221,기타 상품 소매,G22199,그 외 기타 상품 전문 소매업,G47859,그 외 기타 분류 안된 상품 전문 소매업,43,충청북도,43114,청주시 청원구,43114253,오창읍,4311425345,오창읍,4311425345107910004,1,대지,791,4,충청북도 청주시 청원구 오창읍 양청리 791-4,431143240075,충청북도 청주시 청원구 오창읍 중심상업1로,8,46,4371025345107910004000001,,충청북도 청주시 청원구 오창읍 중심상업1로 8-46,363883,28120,,1,,127.428846966828,36.7159749080221
MA010120220813399558,효성불교,,G2,소매,G221,기타 상품 소매,G22199,그 외 기타 상품 전문 소매업,G47859,그 외 기타 분류 안된 상품 전문 소매업,47,경상북도,47130,경주시,47130256,건천읍,4713025625,건천읍,4713025625104060004,1,대지,406,4,경상북도 경주시 건천읍 천포리 406-4,471303305071,경상북도 경주시 건천읍 내서로,1045,,4713025625104060004041080,,경상북도 경주시 건천읍 내서로 1045,780901,38178,,,,129.098661674408,35.8542788439395
MA010120220813452084,엠와이유통,,G2,소매,G221,기타 상품 소매,G22199,그 외 기타 상품 전문 소매업,G47859,그 외 기타 분류 안된 상품 전문 소매업,48,경상남도,48330,양산시,48330560,평산동,4833011900,평산동,4833011900100930013,1,대지,93,13,경상남도 양산시 평산동 93-13,483303338016,경상남도 양산시 덕계로,151,,4833011900100930013026924,,경상남도 양산시 덕계로 151,626848,50549,,,,129.154482492979,35.3806265226594
MA010120220813465684,케이엠테크,,G2,소매,G221,기타 상품 소매,G22199,그 외 기타 상품 전문 소매업,G47859,그 외 기타 분류 안된 상품 전문 소매업,41,경기도,41310,구리시,41310520,동구동,4131010300,인창동,4131010300106700007,1,대지,670,7,경기도 구리시 인창동 670-7,413102196001,경기도 구리시 건원대로,36,,4131010300106700007002262,화성골드프라자,경기도 구리시 건원대로 36,471841,11921,,,,127.140483503752,37.6044220492583
MA010120220813315257,우진방재엔지니어링,,G2,소매,G221,기타 상품 소매,G22199,그 외 기타 상품 전문 소매업,G47859,그 외 기타 분류 안된 상품 전문 소매업,41,경기도,41610,광주시,41610600,신현동,4161011500,신현동,4161011500106310000,1,대지,631,,경기도 광주시 신현동 631,416104433186,경기도 광주시 머루숯길81번길,16,4,4161025022106310000258865,,경기도 광주시 머루숯길81번길 16-4,464925,12821,,,,127.156531446758,37.3663466699584
MA010120220813336578,석전석재,,G2,소매,G221,기타 상품 소매,G22199,그 외 기타 상품 전문 소매업,G47519,"페인트, 창호 및 기타 건설자재 소매업",52,전북특별자치도,52113,전주시 덕진구,52113665,여의동,5211313900,여의동2가,5211313900105080003,1,대지,508,3,전북특별자치도 전주시 덕진구 여의동2가 508-3,521132266001,전북특별자치도 전주시 덕진구 기린대로,920,,4511312800105080003034003,,전북특별자치도 전주시 덕진구 기린대로 920,561330,54849,,,,127.084678125308,35.8637953294961
MA010120220813339335,강원안전상사,,G2,소매,G221,기타 상품 소매,G22199,그 외 기타 상품 전문 소매업,G47859,그 외 기타 분류 안된 상품 전문 소매업,51,강원특별자치도,51210,속초시,51210600,대포동,5121011100,도문동,5121011100108320002,1,대지,832,2,강원특별자치도 속초시 도문동 832-2,512103223005,강원특별자치도 속초시 설악산로,228,,4221011100108320002002485,,강원특별자치도 속초시 설악산로 228,217100,24904,,,,128.582957499598,38.1640359218074
MA010120220813353052,파티락,,G2,소매,G221,기타 상품 소매,G22199,그 외 기타 상품 전문 소매업,G47859,그 외 기타 분류 안된 상품 전문 소매업,26,부산광역시,26710,기장군,26710256,정관읍,2671025621,정관읍,2671025621104340006,1,대지,434,6,부산광역시 기장군 정관읍 방곡리 434-6,267104220246,부산광역시 기장군 정관읍 정관덕산길,50,21,2671025621104340006000001,,부산광역시 기장군 정관읍 정관덕산길 50-21,619961,46022,,1,,129.185856862636,35.3220581270313
MA010120220813402333,캐스타,,G2,소매,G221,기타 상품 소매,G22199,그 외 기타 상품 전문 소매업,G47859,그 외 기타 분류 안된 상품 전문 소매업,41,경기도,41461,용인시 처인구,41461250,포곡읍,4146125025,포곡읍,4146125025102790001,1,대지,279,1,경기도 용인시 처인구 포곡읍 마성리 279-1,414614409505,경기도 용인시 처인구 포곡읍 석성로888번길,18,16,4146125025102790001000001,,경기도 용인시 처인구 포곡읍 석성로888번길 18-16,449813,17024,,2,,127.192382413156,37.2768663630098
MA010120220813421485,우람사,,G2,소매,G221,기타 상품 소매,G22199,그 외 기타 상품 전문 소매업,G47859,그 외 기타 분류 안된 상품 전문 소매업,51,강원특별자치도,51780,철원군,51780310,서면,5178031021,서면,5178031021101690012,1,대지,169,12,강원특별자치도 철원군 서면 자등리 169-12,517803000121,강원특별자치도 철원군 서면 금강로,7797,,4278031021101690001000001,,강원특별자치도 철원군 서면 금강로 7797,269843,24062,,,,127.42453590455,38.2130100335979
MA010120220813296043,별꼴상회,,G2,소매,G221,기타 상품 소매,G22199,그 외 기타 상품 전문 소매업,G47859,그 외 기타 분류 안된 상품 전문 소매업,11,서울특별시,11440,마포구,11440660,서교동,1144012100,동교동,1144012100101550032,1,대지,155,32,서울특별시 마포구 동교동 155-32,114403113014,서울특별시 마포구 양화로,177,7,1144012100101550032011715,,서울특별시 마포구 양화로 177-7,121816,03994,,1,,126.92478225398,37.5581706264111
MA010120220813361319,마리텔,영천점,G2,소매,G221,기타 상품 소매,G22199,그 외 기타 상품 전문 소매업,G47859,그 외 기타 분류 안된 상품 전문 소매업,47,경상북도,47230,영천시,47230540,완산동,4723011300,완산동,4723011300109250015,1,대지,925,15,경상북도 영천시 완산동 925-15,472303310020,경상북도 영천시 완산로,12,1,4723011300109250015010788,,경상북도 영천시 완산로 12-1,770905,38893,,2,,128.939394393505,35.9612117284924
MA010120220813378291,레비쥬,,G2,소매,G221,기타 상품 소매,G22199,그 외 기타 상품 전문 소매업,G47859,그 외 기타 분류 안된 상품 전문 소매업,11,서울특별시,11590,동작구,11590530,상도1동,1159010200,상도동,1159010200104860007,1,대지,486,7,서울특별시 동작구 상도동 486-7,115903119005,서울특별시 동작구 상도로,353,,1159010200104860007020803,,서울특별시 동작구 상도로 353,156881,06977,,1,,126.953193906337,37.4972775858968
MA010120220813470016,경방비료,,G2,소매,G221,기타 상품 소매,G22199,그 외 기타 상품 전문 소매업,G47859,그 외 기타 분류 안된 상품 전문 소매업,44,충청남도,44210,서산시,44210330,팔봉면,4421033029,팔봉면,4421033029104780001,1,대지,478,1,충청남도 서산시 팔봉면 진장리 478-1,442104562668,충청남도 서산시 팔봉면 진장1길,99,,4421033029104780001000001,,충청남도 서산시 팔봉면 진장1길 99,356984,31925,,,,126.367995175915,36.7756239207948
MA010120220813496243,법인뷸라랜드,,G2,소매,G221,기타 상품 소매,G22199,그 외 기타 상품 전문 소매업,G47859,그 외 기타 분류 안된 상품 전문 소매업,46,전라남도,46170,나주시,46170330,반남면,4617033027,반남면,4617033027105060003,1,대지,506,3,전라남도 나주시 반남면 청송리 506-3,461703284059,전라남도 나주시 반남면 청송로,362,30,4617033027105060003000001,,전라남도 나주시 반남면 청송로 362-30,520921,58298,,,,126.653566244156,34.9385372390483
MA010120220813529513,임혜숙멋글씨,,G2,소매,G221,기타 상품 소매,G22199,그 외 기타 상품 전문 소매업,G47859,그 외 기타 분류 안된 상품 전문 소매업,44,충청남도,44810,예산군,44810253,삽교읍,4481025326,삽교읍,4481025326109200003,1,대지,920,3,충청남도 예산군 삽교읍 목리 920-3,448103015095,충청남도 예산군 삽교읍 청사로,217,,4481025326109200003000001,엔젤스타워,충청남도 예산군 삽교읍 청사로 217,340904,32416,,3,,126.676185303973,36.6630955071029
MA010120220813493824,명현,,G2,소매,G221,기타 상품 소매,G22199,그 외 기타 상품 전문 소매업,G47859,그 외 기타 분류 안된 상품 전문 소매업,11,서울특별시,11500,강서구,11500603,가양1동,1150010400,가양동,1150010400114980000,1,대지,1498,,서울특별시 강서구 가양동 1498,115003115008,서울특별시 강서구 양천로,401,,1150010400100520007000001,강서한강자이타워,서울특별시 강서구 양천로 401,157201,07528,,12,,126.847647828913,37.5657006958558
MA010120220813516178,미소,,G2,소매,G221,기타 상품 소매,G22199,그 외 기타 상품 전문 소매업,G47859,그 외 기타 분류 안된 상품 전문 소매업,47,경상북도,47840,성주군,47840360,대가면,4784036036,대가면,4784036036105090000,1,대지,509,,경상북도 성주군 대가면 옥화리 509,478403321023,경상북도 성주군 대가면 참별로,1854,2,4784036036105090000000001,,경상북도 성주군 대가면 참별로 1854-2,719861,40054,,,,128.197786264204,35.8944786183061
MA010120220813557992,민트소다샵,,G2,소매,G221,기타 상품 소매,G22199,그 외 기타 상품 전문 소매업,G47859,그 외 기타 분류 안된 상품 전문 소매업,43,충청북도,43130,충주시,43130535,교현.안림동,4313010500,교현동,4313010500103890022,1,대지,389,22,충청북도 충주시 교현동 389-22,431304514965,충청북도 충주시 야현4길,12,1,4313010500103890022000001,민트소다샵,충청북도 충주시 야현4길 12-1,380950,27374,,,,127.93685826217,36.9783451874598
MA010120220813519138,건강나라,,G2,소매,G221,기타 상품 소매,G22199,그 외 기타 상품 전문 소매업,G47859,그 외 기타 분류 안된 상품 전문 소매업,26,부산광역시,26230,부산진구,26230510,부전1동,2623010300,부전동,2623010300103440009,1,대지,344,9,부산광역시 부산진구 부전동 344-9,262303129023,부산광역시 부산진구 부전로,178,1,2623010300103440009005648,,부산광역시 부산진구 부전로 178-1,614843,47252,,,,129.060460037605,35.1632614327802
MA010120220813524904,다향,,G2,소매,G221,기타 상품 소매,G22199,그 외 기타 상품 전문 소매업,G47859,그 외 기타 분류 안된 상품 전문 소매업,52,전북특별자치도,52720,진안군,52720250,진안읍,5272025022,진안읍,5272025022102990003,1,대지,299,3,전북특별자치도 진안군 진안읍 군하리 299-3,527204622073,전북특별자치도 진안군 진안읍 대광1길,16,,4572025022102990003000001,,전북특별자치도 진안군 진안읍 대광1길 16,567806,55437,,,,127.421987094341,35.7871535803891
MA010120220813527376,미호클린,,G2,소매,G221,기타 상품 소매,G22199,그 외 기타 상품 전문 소매업,G47859,그 외 기타 분류 안된 상품 전문 소매업,52,전북특별자치도,52113,전주시 덕진구,52113642,송천2동,5211311900,전미동1가,5211311900102100011,1,대지,210,11,전북특별자치도 전주시 덕진구 전미동1가 210-11,521134601482,전북특별자치도 전주시 덕진구 하오신봉길,13,11,4511311900102100011000001,,전북특별자치도 전주시 덕진구 하오신봉길 13-11,561311,54814,,,,127.128046503034,35.8979774364647
MA010120220813513616,마리텔,봉명점,G2,소매,G221,기타 상품 소매,G22199,그 외 기타 상품 전문 소매업,G47859,그 외 기타 분류 안된 상품 전문 소매업,43,충청북도,43113,청주시 흥덕구,43113756,봉명2.송정동,4311311500,봉명동,4311311500124760000,1,대지,2476,,충청북도 청주시 흥덕구 봉명동 2476,431133237023,충청북도 청주시 흥덕구 덕암로,45,,4311311500124760000000001,현대빌딩,충청북도 청주시 흥덕구 덕암로 45,361856,28461,,1,,127.459175570858,36.6531707266453
MA010120220813541384,제이소방,,G2,소매,G221,기타 상품 소매,G22199,그 외 기타 상품 전문 소매업,G47859,그 외 기타 분류 안된 상품 전문 소매업,29,광주광역시,29200,광산구,29200650,임곡동,2920013400,임곡동,2920013400104500024,1,대지,450,24,광주광역시 광산구 임곡동 450-24,292003163001,광주광역시 광산구 고봉로,802,,2920013400104500024023724,,광주광역시 광산구 고봉로 802,506350,62201,,,,126.74329822647,35.2198878157091
MA010120220813467936,에덴농장,,G2,소매,G221,기타 상품 소매,G22199,그 외 기타 상품 전문 소매업,G47859,그 외 기타 분류 안된 상품 전문 소매업,46,전라남도,46800,장흥군,46800340,장평면,4680034023,장평면,4680034023102240000,1,대지,224,,전라남도 장흥군 장평면 양촌리 224,468004676420,전라남도 장흥군 장평면 장택길,13,,4680034023102240000018156,,전라남도 장흥군 장평면 장택길 13,529841,59306,,,,126.977866852148,34.7753971686054
MA010120220813470759,카페여기,,G2,소매,G221,기타 상품 소매,G22199,그 외 기타 상품 전문 소매업,G47859,그 외 기타 분류 안된 상품 전문 소매업,27,대구광역시,27230,북구,27230790,노원동,2723010900,노원동3가,2723010900105450002,1,대지,545,2,대구광역시 북구 노원동3가 545-2,272303007024,대구광역시 북구 팔달로,31,,2723010900105450002045701,,대구광역시 북구 팔달로 31,702817,41499,,1,,128.554186955926,35.8917013750738
MA010120220813502875,씨엔텍,,G2,소매,G221,기타 상품 소매,G22199,그 외 기타 상품 전문 소매업,G47859,그 외 기타 분류 안된 상품 전문 소매업,26,부산광역시,26530,사상구,26530645,감전동,2653010500,감전동,2653010500108000002,1,대지,800,2,부산광역시 사상구 감전동 800-2,265304217314,부산광역시 사상구 새벽시장로46번길,15,,2653010500108000002015704,,부산광역시 사상구 새벽시장로46번길 15,617804,46989,,,,128.978452410414,35.1546529777614
MA010120220813483809,농민후계자인삼사,,G2,소매,G221,기타 상품 소매,G22199,그 외 기타 상품 전문 소매업,G47859,그 외 기타 분류 안된 상품 전문 소매업,52,전북특별자치도,52720,진안군,52720250,진안읍,5272025022,진안읍,5272025022102850014,1,대지,285,14,전북특별자치도 진안군 진안읍 군하리 285-14,527203274057,전북특별자치도 진안군 진안읍 진무로,1021,,4572025022102850014006101,,전북특별자치도 진안군 진안읍 진무로 1021,567806,55435,,,,127.422884896502,35.7875019169727
MA010120220813558547,비봉수석,,G2,소매,G221,기타 상품 소매,G22199,그 외 기타 상품 전문 소매업,G47859,그 외 기타 분류 안된 상품 전문 소매업,48,경상남도,48170,진주시,48170565,중앙동,4817011800,옥봉동,4817011800106580002,1,대지,658,2,경상남도 진주시 옥봉동 658-2,481703332070,경상남도 진주시 향교로,131,,4817011800106580002006397,,경상남도 진주시 향교로 131,660981,52743,,,,128.09313607398,35.1942785046168
MA010120220813494525,자양안전,,G2,소매,G221,기타 상품 소매,G22199,그 외 기타 상품 전문 소매업,G47859,그 외 기타 분류 안된 상품 전문 소매업,11,서울특별시,11215,광진구,11215830,자양2동,1121510500,자양동,1121510500106870001,1,대지,687,1,서울특별시 광진구 자양동 687-1,112154112461,서울특별시 광진구 자양로4길,42,,1121510500106870001014257,,서울특별시 광진구 자양로4길 42,143875,05113,,지,,127.088259165144,37.532239858596
MA010120220813511328,신세계,,G2,소매,G221,기타 상품 소매,G22199,그 외 기타 상품 전문 소매업,G47422,의복 액세서리 및 모조 장신구 소매업,52,전북특별자치도,52111,전주시 완산구,52111672,중화산2동,5211112800,중화산동2가,5211112800106530006,1,대지,653,6,전북특별자치도 전주시 완산구 중화산동2가 653-6,521114598259,전북특별자치도 전주시 완산구 영경1길,6,11,4511112800106530006030633,,전북특별자치도 전주시 완산구 영경1길 6-11,560833,54984,,,,127.123667247184,35.8170133163145
MA010120220813525743,노프라블럼,,G2,소매,G221,기타 상품 소매,G22199,그 외 기타 상품 전문 소매업,G47859,그 외 기타 분류 안된 상품 전문 소매업,11,서울특별시,11410,서대문구,11410585,신촌동,1141011200,대현동,1141011200100370048,1,대지,37,48,서울특별시 서대문구 대현동 37-48,114104136319,서울특별시 서대문구 이화여대5길,22,,1141011200100370048024185,에스엠피렌체,서울특별시 서대문구 이화여대5길 22,120808,03766,,,,126.944441003166,37.5584067629457
MA010120220813473854,미스터킹콩,,G2,소매,G221,기타 상품 소매,G22199,그 외 기타 상품 전문 소매업,G47859,그 외 기타 분류 안된 상품 전문 소매업,11,서울특별시,11215,광진구,11215850,구의1동,1121510300,구의동,1121510300102460096,1,대지,246,96,서울특별시 광진구 구의동 246-96,112154112421,서울특별시 광진구 자양로18길,44,,1121510300102460096024496,,서울특별시 광진구 자양로18길 44,143825,05044,,1,,127.085957609979,37.5378728093435
MA010120220813489098,화성사,,G2,소매,G221,기타 상품 소매,G22199,그 외 기타 상품 전문 소매업,G47519,"페인트, 창호 및 기타 건설자재 소매업",44,충청남도,44200,아산시,44200380,인주면,4420038021,인주면,4420038021101140020,1,대지,114,20,충청남도 아산시 인주면 공세리 114-20,442003000117,충청남도 아산시 인주면 서해로,662,,4420038021101140019059525,,충청남도 아산시 인주면 서해로 662,336832,31427,,1,,126.911439860025,36.8825011350395
MA010120220813539141,오던모발,,G2,소매,G221,기타 상품 소매,G22199,그 외 기타 상품 전문 소매업,G47422,의복 액세서리 및 모조 장신구 소매업,52,전북특별자치도,52111,전주시 완산구,52111680,서신동,5211112900,서신동,5211112900107700006,1,대지,770,6,전북특별자치도 전주시 완산구 서신동 770-6,521113266067,전북특별자치도 전주시 완산구 전주천서로,473,,4511112900107700006025680,세림빌딩,전북특별자치도 전주시 완산구 전주천서로 473,560821,54940,,4,,127.124666016741,35.8330096394911
MA010120220813564678,김찬월가모연구소,,G2,소매,G221,기타 상품 소매,G22199,그 외 기타 상품 전문 소매업,G47422,의복 액세서리 및 모조 장신구 소매업,28,인천광역시,28237,부평구,28237540,부평4동,2823710100,부평동,2823710100102030002,1,대지,203,2,인천광역시 부평구 부평동 203-2,282373154010,인천광역시 부평구 대정로,22,,2823710100102030002104988,부경빌딩,인천광역시 부평구 대정로 22,403820,21390,,,,126.723699827825,37.4969006768908
MA010120220813564771,소백산약초,,G2,소매,G221,기타 상품 소매,G22199,그 외 기타 상품 전문 소매업,G47859,그 외 기타 분류 안된 상품 전문 소매업,11,서울특별시,11230,동대문구,11230536,용신동,1123010200,용두동,1123010200100200038,1,대지,20,38,서울특별시 동대문구 용두동 20-38,112304115031,서울특별시 동대문구 고산자로34가길,5,1,1123010200100200038040863,,서울특별시 동대문구 고산자로34가길 5-1,130817,02560,,,,127.039803506454,37.5775412637785
MA010120220813564926,페이보릿,,G2,소매,G221,기타 상품 소매,G22199,그 외 기타 상품 전문 소매업,G47859,그 외 기타 분류 안된 상품 전문 소매업,50,제주특별자치도,50110,제주시,50110250,한림읍,5011025023,한림읍,5011025023117740003,1,대지,1774,3,제주특별자치도 제주시 한림읍 대림리 1774-3,501103349209,제주특별자치도 제주시 한림읍 한림상로,207,,5011025023017740003007737,성림빌라,제주특별자치도 제주시 한림읍 한림상로 207,695925,63030,,,,126.268343723167,33.4168824461747
MA010120220813528321,브니엘,,G2,소매,G221,기타 상품 소매,G22199,그 외 기타 상품 전문 소매업,G47859,그 외 기타 분류 안된 상품 전문 소매업,46,전라남도,46150,순천시,46150665,왕조2동,4615013300,조례동,4615013300118130001,1,대지,1813,1,전라남도 순천시 조례동 1813-1,461504649669,전라남도 순천시 연동남2길,2,,4615013300118130001000001,,전라남도 순천시 연동남2길 2,540969,57970,,,,127.534371904561,34.9562981446174
MA010120220813550897,진,,G2,소매,G221,기타 상품 소매,G22199,그 외 기타 상품 전문 소매업,G47859,그 외 기타 분류 안된 상품 전문 소매업,41,경기도,41285,고양시 일산동구,41285600,고봉동,4128511100,설문동,4128511100101530026,1,대지,153,26,경기도 고양시 일산동구 설문동 153-26,412854012003,경기도 고양시 일산동구 문원길,67,24,4128511100101530026001643,,경기도 고양시 일산동구 문원길 67-24,410818,10257,,,,126.818018294835,37.712996596941
MA010120220813498353,바다디자인앤아틀리에캠프,,G2,소매,G221,기타 상품 소매,G22199,그 외 기타 상품 전문 소매업,G47859,그 외 기타 분류 안된 상품 전문 소매업,11,서울특별시,11140,중구,11140625,다산동,1114016200,신당동,1114016200108220000,1,대지,822,,서울특별시 중구 신당동 822,111404103094,서울특별시 중구 동호로17길,43,,1114016200108220000007944,,서울특별시 중구 동호로17길 43,100838,04604,,,,127.007412937013,37.5562752285296
MA010120220813517860,불교용품점,,G2,소매,G221,기타 상품 소매,G22199,그 외 기타 상품 전문 소매업,G47859,그 외 기타 분류 안된 상품 전문 소매업,41,경기도,41360,남양주시,41360253,진접읍,4136025321,진접읍,4136025321103560014,1,대지,356,14,경기도 남양주시 진접읍 장현리 356-14,413603197045,경기도 남양주시 진접읍 장현로,127,,4136025321103560014024755,,경기도 남양주시 진접읍 장현로 127,472865,12006,,,,127.185425854631,37.720658500169
MA010120220813520707,해피바이러스,,G2,소매,G221,기타 상품 소매,G22199,그 외 기타 상품 전문 소매업,G47859,그 외 기타 분류 안된 상품 전문 소매업,47,경상북도,47111,포항시 남구,47111560,청림동,4711110500,청림동,4711110500101430002,1,대지,143,2,경상북도 포항시 남구 청림동 143-2,471113303045,경상북도 포항시 남구 정몽주로,797,,4711110500101430002121875,,경상북도 포항시 남구 정몽주로 797,790836,37900,,,,129.406266485664,35.987136994447
MA010120220813539606,더팔레트,,G2,소매,G221,기타 상품 소매,G22199,그 외 기타 상품 전문 소매업,G47859,그 외 기타 분류 안된 상품 전문 소매업,41,경기도,41590,화성시,41590630,동탄9동,4159013400,목동,4159013400104600002,1,대지,460,2,경기도 화성시 목동 460-2,415904852424,경기도 화성시 왕배산2길,3,3,4159042028103130002000002,,경기도 화성시 왕배산2길 3-3,,18490,,1,,127.125765045191,37.1807871401836
MA010120220813565357,허브,,G2,소매,G221,기타 상품 소매,G22199,그 외 기타 상품 전문 소매업,G47859,그 외 기타 분류 안된 상품 전문 소매업,47,경상북도,47230,영천시,47230370,임고면,4723037033,임고면,4723037033108610011,1,대지,861,11,경상북도 영천시 임고면 매호리 861-11,472304730206,경상북도 영천시 임고면 매호운천길,92,14,4723037033108610011000001,,경상북도 영천시 임고면 매호운천길 92-14,770861,38817,,,,128.964156161053,36.003744904766
MA010120220813526230,학교환경연구회,,G2,소매,G221,기타 상품 소매,G22199,그 외 기타 상품 전문 소매업,G47859,그 외 기타 분류 안된 상품 전문 소매업,11,서울특별시,11650,서초구,11650610,방배2동,1165010100,방배동,1165010100109570016,1,대지,957,16,서울특별시 서초구 방배동 957-16,116504163111,서울특별시 서초구 도구로9길,8,,1165010100109570016012540,,서울특별시 서초구 도구로9길 8,137845,06678,,2,,126.986975142788,37.4823384229382
MA010120220813504404,아미몰,,G2,소매,G221,기타 상품 소매,G22199,그 외 기타 상품 전문 소매업,G47859,그 외 기타 분류 안된 상품 전문 소매업,51,강원특별자치도,51780,철원군,51780310,서면,5178031022,서면,5178031022111370009,1,대지,1137,9,강원특별자치도 철원군 서면 와수리 1137-9,517803230024,강원특별자치도 철원군 서면 와수로,141,,4278031022111370009015342,,강원특별자치도 철원군 서면 와수로 141,269841,24059,,1,,127.436518407177,38.2367225252222
MA010120220813526371,에스엔비,,G2,소매,G221,기타 상품 소매,G22199,그 외 기타 상품 전문 소매업,G47859,그 외 기타 분류 안된 상품 전문 소매업,11,서울특별시,11500,강서구,11500603,가양1동,1150010500,마곡동,1150010500107970007,1,대지,797,7,서울특별시 강서구 마곡동 797-7,115003155054,서울특별시 강서구 마곡중앙6로,66,,1150010500107970007000001,퀸즈파크텐,서울특별시 강서구 마곡중앙6로 66,157805,07803,,,,126.834338201167,37.5599704584762
MA010120220813474668,경민,,G2,소매,G221,기타 상품 소매,G22199,그 외 기타 상품 전문 소매업,G47859,그 외 기타 분류 안된 상품 전문 소매업,28,인천광역시,28185,연수구,28185766,청학동,2818510400,청학동,2818510400104700003,1,대지,470,3,인천광역시 연수구 청학동 470-3,281854256197,인천광역시 연수구 청능대로53번길,27,,2818510400104700003210947,,인천광역시 연수구 청능대로53번길 27,406831,21917,,,,126.673730973603,37.4181151720095
MA010120220813506829,아름드리나무병원,,G2,소매,G221,기타 상품 소매,G22199,그 외 기타 상품 전문 소매업,G47859,그 외 기타 분류 안된 상품 전문 소매업,46,전라남도,46150,순천시,46150310,해룡면,4615031025,해룡면,4615031025107850000,1,대지,785,,전라남도 순천시 해룡면 남가리 785,461504649847,전라남도 순천시 해룡면 율산길,120,,4615031025107850000000001,,전라남도 순천시 해룡면 율산길 120,540851,58005,,2,,127.534294682879,34.9393345571346
MA010120220813518326,농원인삼사,,G2,소매,G221,기타 상품 소매,G22199,그 외 기타 상품 전문 소매업,G47859,그 외 기타 분류 안된 상품 전문 소매업,52,전북특별자치도,52720,진안군,52720250,진안읍,5272025022,진안읍,5272025022102850014,1,대지,285,14,전북특별자치도 진안군 진안읍 군하리 285-14,527203274057,전북특별자치도 진안군 진안읍 진무로,1021,,4572025022102850014006101,,전북특별자치도 진안군 진안읍 진무로 1021,567806,55435,,,,127.422884896502,35.7875019169727
MA010120220813482386,애덜토이,,G2,소매,G221,기타 상품 소매,G22199,그 외 기타 상품 전문 소매업,G47859,그 외 기타 분류 안된 상품 전문 소매업,50,제주특별자치도,50110,제주시,50110660,노형동,5011012200,노형동,5011012200109400004,1,대지,940,4,제주특별자치도 제주시 노형동 940-4,501103349041,제주특별자치도 제주시 노연로,54,,5011012200109400004008866,,제주특별자치도 제주시 노연로 54,690802,63082,,,,126.48578740093,33.4857924733233
MA010120220813524145,모든안전건설,,G2,소매,G221,기타 상품 소매,G22199,그 외 기타 상품 전문 소매업,G47859,그 외 기타 분류 안된 상품 전문 소매업,29,광주광역시,29110,동구,29110560,계림1동,2911010900,계림동,2911010900108110000,1,대지,811,,광주광역시 동구 계림동 811,291103009020,광주광역시 동구 독립로,366,,2917010100106420001008967,,광주광역시 동구 독립로 366,501855,61400,,1,,126.915571595879,35.1630026731488
MA010120220813546305,법인인제이팜,,G2,소매,G221,기타 상품 소매,G22199,그 외 기타 상품 전문 소매업,G47859,그 외 기타 분류 안된 상품 전문 소매업,47,경상북도,47190,구미시,47190250,선산읍,4719025025,선산읍,4719025025110540001,1,대지,1054,1,경상북도 구미시 선산읍 죽장리 1054-1,471903308082,경상북도 구미시 선산읍 선상서로,338,16,4719025025110540001000001,,경상북도 구미시 선산읍 선상서로 338-16,730806,39110,,,,128.26659430404,36.2466198390076
MA010120220813512858,계룡상사,,G2,소매,G221,기타 상품 소매,G22199,그 외 기타 상품 전문 소매업,G47859,그 외 기타 분류 안된 상품 전문 소매업,44,충청남도,44150,공주시,44150590,월송동,4415011800,무릉동,4415011800104850000,1,대지,485,,충청남도 공주시 무릉동 485,441504553203,충청남도 공주시 느랏티길,25,,4415011800104850000051316,,충청남도 공주시 느랏티길 25,314120,32592,,,,127.164487454107,36.4557435038301
MA010120220811369967,평화약초,,G2,소매,G221,기타 상품 소매,G22199,그 외 기타 상품 전문 소매업,G47859,그 외 기타 분류 안된 상품 전문 소매업,28,인천광역시,28710,강화군,28710250,강화읍,2871025025,강화읍,2871025025108490000,1,대지,849,,인천광역시 강화군 강화읍 갑곳리 849,287103150025,인천광역시 강화군 강화읍 중앙로,17,9,2871025025108490000000356,강화풍물시장,인천광역시 강화군 강화읍 중앙로 17-9,417942,23027,,,,126.492865139954,37.7414177478633
MA010120220811391945,삼익열쇠,,G2,소매,G221,기타 상품 소매,G22199,그 외 기타 상품 전문 소매업,G47859,그 외 기타 분류 안된 상품 전문 소매업,26,부산광역시,26290,남구,26290530,대연3동,2629010600,대연동,2629010600100290007,1,대지,29,7,부산광역시 남구 대연동 29-7,262904193158,부산광역시 남구 수영로366번길,8,,2629010600100290007000251,,부산광역시 남구 수영로366번길 8,608804,48509,,,,129.105710260544,35.1392152436597
MA010120220811382048,복은,,G2,소매,G221,기타 상품 소매,G22199,그 외 기타 상품 전문 소매업,G47859,그 외 기타 분류 안된 상품 전문 소매업,48,경상남도,48129,창원시 진해구,48129650,웅동2동,4812916400,용원동,4812916400111680009,1,대지,1168,9,경상남도 창원시 진해구 용원동 1168-9,481294793296,경상남도 창원시 진해구 용원북로17번길,15,,4812916400111680009000001,,경상남도 창원시 진해구 용원북로17번길 15,645510,51603,,1,,128.814083191489,35.1044786178588
MA010120220811378879,유한책임회사하이모,제주지점,G2,소매,G221,기타 상품 소매,G22199,그 외 기타 상품 전문 소매업,G47422,의복 액세서리 및 모조 장신구 소매업,50,제주특별자치도,50110,제주시,50110660,노형동,5011012200,노형동,5011012200137790003,1,대지,3779,3,제주특별자치도 제주시 노형동 3779-3,501103020003,제주특별자치도 제주시 1100로,3347,,5011012200137790003000001,세기트라이빌딩,제주특별자치도 제주시 1100로 3347,690805,63083,,2,,126.479606269478,33.4848380325857
MA010120220811395608,가야총포사,,G2,소매,G221,기타 상품 소매,G22199,그 외 기타 상품 전문 소매업,G47859,그 외 기타 분류 안된 상품 전문 소매업,26,부산광역시,26350,해운대구,26350510,우1동,2635010500,우동,2635010500108280001,1,대지,828,1,부산광역시 해운대구 우동 828-1,263502006010,부산광역시 해운대구 해운대로,541,,2635010500108280001022820,,부산광역시 해운대구 해운대로 541,612822,48088,,,,129.151210106328,35.1602685084941
MA010120220811407433,오케이성인용품,,G2,소매,G221,기타 상품 소매,G22199,그 외 기타 상품 전문 소매업,G47859,그 외 기타 분류 안된 상품 전문 소매업,26,부산광역시,26290,남구,26290690,문현2동,2629010900,문현동,2629010900108090022,1,대지,809,22,부산광역시 남구 문현동 809-22,262903127052,부산광역시 남구 자성로,151,,2629010900108090022018925,,부산광역시 남구 자성로 151,608827,48402,,1,,129.067010033979,35.1371873370471
MA010120220811376805,남원농업협동조합태흥지점,,G2,소매,G221,기타 상품 소매,G22199,그 외 기타 상품 전문 소매업,G47859,그 외 기타 분류 안된 상품 전문 소매업,50,제주특별자치도,50130,서귀포시,50130253,남원읍,5013025322,남원읍,5013025322105410009,1,대지,541,9,제주특별자치도 서귀포시 남원읍 태흥리 541-9,501303350268,제주특별자치도 서귀포시 남원읍 태위로,925,,5013025322105410006000001,,제주특별자치도 서귀포시 남원읍 태위로 925,699945,63617,,,,126.74379122407,33.2860657023884
MA010120220811376821,대정농업협동조합,보성지점,G2,소매,G221,기타 상품 소매,G22199,그 외 기타 상품 전문 소매업,G47859,그 외 기타 분류 안된 상품 전문 소매업,50,제주특별자치도,50130,서귀포시,50130250,대정읍,5013025029,대정읍,5013025029117740001,1,대지,1774,1,제주특별자치도 서귀포시 대정읍 보성리 1774-1,501304850288,제주특별자치도 서귀포시 대정읍 보성하로19번길,20,,5013025029117740002000001,,제주특별자치도 서귀포시 대정읍 보성하로19번길 20,699931,63517,,,,126.276022127547,33.2478233868684
MA010120220811376877,애월농업협동조합중엄지점,,G2,소매,G221,기타 상품 소매,G22199,그 외 기타 상품 전문 소매업,G47859,그 외 기타 분류 안된 상품 전문 소매업,50,제주특별자치도,50110,제주시,50110253,애월읍,5011025326,애월읍,5011025326113090001,1,대지,1309,1,제주특별자치도 제주시 애월읍 신엄리 1309-1,501103349236,제주특별자치도 제주시 애월읍 일주서로,6716,,5011025326113090001000001,,제주특별자치도 제주시 애월읍 일주서로 6716,695912,63048,,,,126.369976625346,33.4715266786248
MA010120220811429205,해인불교전시관,,G2,소매,G221,기타 상품 소매,G22199,그 외 기타 상품 전문 소매업,G47859,그 외 기타 분류 안된 상품 전문 소매업,26,부산광역시,26290,남구,26290560,대연6동,2629010600,대연동,2629010600117580007,1,대지,1758,7,부산광역시 남구 대연동 1758-7,262903131037,부산광역시 남구 수영로,185,8,2629010600117580007007273,,부산광역시 남구 수영로 185-8,608817,48445,,1,,129.087013413913,35.1352222678404
MA010120220811440093,대구초재,,G2,소매,G221,기타 상품 소매,G22199,그 외 기타 상품 전문 소매업,G47859,그 외 기타 분류 안된 상품 전문 소매업,26,부산광역시,26350,해운대구,26350580,반여2동,2635010300,반여동,2635010300112911431,1,대지,1291,1431,부산광역시 해운대구 반여동 1291-1431,263504199281,부산광역시 해운대구 해운대로61번길,95,49,2635010300112910918002317,,부산광역시 해운대구 해운대로61번길 95-49,612813,48029,,,,129.128560209414,35.1955701410672
MA010120220811436407,해운방재,,G2,소매,G221,기타 상품 소매,G22199,그 외 기타 상품 전문 소매업,G47859,그 외 기타 분류 안된 상품 전문 소매업,26,부산광역시,26260,동래구,26260761,명장1동,2626010100,명장동,2626010100101500016,1,대지,150,16,부산광역시 동래구 명장동 150-16,262604190165,부산광역시 동래구 명장로106번길,55,,2626010100101500016023465,,부산광역시 동래구 명장로106번길 55,607810,47778,,1,,129.107901550742,35.202014402517
MA010120220811410324,수영불교사,,G2,소매,G221,기타 상품 소매,G22199,그 외 기타 상품 전문 소매업,G47859,그 외 기타 분류 안된 상품 전문 소매업,26,부산광역시,26500,수영구,26500730,수영동,2650010200,수영동,2650010200101030000,1,대지,103,,부산광역시 수영구 수영동 103,265004214307,부산광역시 수영구 수영성로8번길,3,,2650010200101030000001364,,부산광역시 수영구 수영성로8번길 3,613830,48226,,1,,129.119047636948,35.1699912628571
MA010120220811420171,용호,불교용품점,G2,소매,G221,기타 상품 소매,G22199,그 외 기타 상품 전문 소매업,G47859,그 외 기타 분류 안된 상품 전문 소매업,26,부산광역시,26290,남구,26290580,용호2동,2629010700,용호동,2629010700105170005,1,대지,517,5,부산광역시 남구 용호동 517-5,262904193054,부산광역시 남구 동명로158번길,73,,2629010700105170005010621,,부산광역시 남구 동명로158번길 73,608846,48587,,,,129.113216566778,35.1159698797385
MA010120220811436773,금산인삼,,G2,소매,G221,기타 상품 소매,G22199,그 외 기타 상품 전문 소매업,G47859,그 외 기타 분류 안된 상품 전문 소매업,26,부산광역시,26500,수영구,26500800,민락동,2650010300,민락동,2650010300102270004,1,대지,227,4,부산광역시 수영구 민락동 227-4,265004214069,부산광역시 수영구 광안해변로277번길,38,,2650010300102270004012691,,부산광역시 수영구 광안해변로277번길 38,613828,48287,,,,129.123883036045,35.1575878379387
MA010120220811453372,종합상사,,G2,소매,G221,기타 상품 소매,G22199,그 외 기타 상품 전문 소매업,G47859,그 외 기타 분류 안된 상품 전문 소매업,27,대구광역시,27260,수성구,27260651,지산1동,2726011200,지산동,2726011200110310002,1,대지,1031,2,대구광역시 수성구 지산동 1031-2,272604238221,대구광역시 수성구 무학로33길,21,21,2726011200110310002005679,,대구광역시 수성구 무학로33길 21-21,706842,42184,,,,128.627852984351,35.8320971525315
MA010120220811413608,평산이엔지,,G2,소매,G221,기타 상품 소매,G22199,그 외 기타 상품 전문 소매업,G47859,그 외 기타 분류 안된 상품 전문 소매업,26,부산광역시,26440,강서구,26440520,대저2동,2644010200,대저2동,2644010200131530001,1,대지,3153,1,부산광역시 강서구 대저2동 3153-1,264403136075,부산광역시 강서구 유통단지1로,41,,2644010200131530001000001,,부산광역시 강서구 유통단지1로 41,618899,46721,,,,128.955701258097,35.1672965784783
MA010120220811426833,고려인삼,,G2,소매,G221,기타 상품 소매,G22199,그 외 기타 상품 전문 소매업,G47859,그 외 기타 분류 안된 상품 전문 소매업,26,부산광역시,26500,수영구,26500800,민락동,2650010300,민락동,2650010300102310003,1,대지,231,3,부산광역시 수영구 민락동 231-3,265004214069,부산광역시 수영구 광안해변로277번길,46,,2650010300102310004013885,,부산광역시 수영구 광안해변로277번길 46,613828,48287,,,,129.123716450207,35.1579331962888
MA010120220811430456,단향,불교용품점,G2,소매,G221,기타 상품 소매,G22199,그 외 기타 상품 전문 소매업,G47859,그 외 기타 분류 안된 상품 전문 소매업,26,부산광역시,26350,해운대구,26350650,재송1동,2635010400,재송동,2635010400103800016,1,대지,380,16,부산광역시 해운대구 재송동 380-16,263504199252,부산광역시 해운대구 해운대로161번길,36,,2635010400103800016010415,,부산광역시 해운대구 해운대로161번길 36,612828,48056,,,,129.125118656095,35.1848258796209
MA010120220811433729,낙원수석.민속,,G2,소매,G221,기타 상품 소매,G22199,그 외 기타 상품 전문 소매업,G47859,그 외 기타 분류 안된 상품 전문 소매업,26,부산광역시,26290,남구,26290690,문현2동,2629010900,문현동,2629010900108000030,1,대지,800,30,부산광역시 남구 문현동 800-30,262903131003,부산광역시 남구 남동천로,24,,2629010900108000030018644,,부산광역시 남구 남동천로 24,608827,48402,,,,129.066536295578,35.1392771072682
MA010120220811413963,민락기구사,,G2,소매,G221,기타 상품 소매,G22199,그 외 기타 상품 전문 소매업,G47859,그 외 기타 분류 안된 상품 전문 소매업,26,부산광역시,26500,수영구,26500800,민락동,2650010300,민락동,2650010300102340004,1,대지,234,4,부산광역시 수영구 민락동 234-4,265004214069,부산광역시 수영구 광안해변로277번길,54,4,2650010300102340004000804,,부산광역시 수영구 광안해변로277번길 54-4,613828,48287,,,,129.123668402528,35.158195372283
MA010120220811424117,조이월드성인용품,,G2,소매,G221,기타 상품 소매,G22199,그 외 기타 상품 전문 소매업,G47859,그 외 기타 분류 안된 상품 전문 소매업,26,부산광역시,26500,수영구,26500730,수영동,2650010200,수영동,2650010200104440015,1,대지,444,15,부산광역시 수영구 수영동 444-15,265003131037,부산광역시 수영구 수영로,709,1,2650010200104440015006544,,부산광역시 수영구 수영로 709-1,613830,48227,,,,129.117026170898,35.1682153123299
MA010120220811454139,크리스탈,,G2,소매,G221,기타 상품 소매,G22199,그 외 기타 상품 전문 소매업,G47859,그 외 기타 분류 안된 상품 전문 소매업,26,부산광역시,26410,금정구,26410520,서2동,2641011000,서동,2641011000102110021,1,대지,211,21,부산광역시 금정구 서동 211-21,264103130027,부산광역시 금정구 서동중심로,34,,2641011000102110021004852,,부산광역시 금정구 서동중심로 34,609831,46328,,1,,129.104876043872,35.212826750503
MA010120220811418803,알즈너부산환희,,G2,소매,G221,기타 상품 소매,G22199,그 외 기타 상품 전문 소매업,G47859,그 외 기타 분류 안된 상품 전문 소매업,26,부산광역시,26500,수영구,26500660,남천1동,2650010500,남천동,2650010500105450002,1,대지,545,2,부산광역시 수영구 남천동 545-2,265002006014,부산광역시 수영구 황령대로,521,,2650010500105450002017618,메가마트,부산광역시 수영구 황령대로 521,613819,48313,,,,129.110991329674,35.1372579331725
MA010120220811425541,산수정,,G2,소매,G221,기타 상품 소매,G22199,그 외 기타 상품 전문 소매업,G47859,그 외 기타 분류 안된 상품 전문 소매업,26,부산광역시,26710,기장군,26710259,일광읍,2671025921,일광읍,2671025921100730002,1,대지,73,2,부산광역시 기장군 일광읍 삼성리 73-2,267103140037,부산광역시 기장군 일광읍 일광로,78,,2671031021100730002006886,외,부산광역시 기장군 일광읍 일광로 78,619912,46044,,,,129.232815233381,35.2632312381171
MA010120220811412609,마린테크,,G2,소매,G221,기타 상품 소매,G22199,그 외 기타 상품 전문 소매업,G47859,그 외 기타 분류 안된 상품 전문 소매업,26,부산광역시,26290,남구,26290540,대연4동,2629010600,대연동,2629010600111720036,1,대지,1172,36,부산광역시 남구 대연동 1172-36,262904193121,부산광역시 남구 석포로73번길,68,,2629010600111730036029206,,부산광역시 남구 석포로73번길 68,608815,48484,,,,129.087933326446,35.1274294035638
MA010120220811449640,엠에스,코리아,G2,소매,G221,기타 상품 소매,G22199,그 외 기타 상품 전문 소매업,G47859,그 외 기타 분류 안된 상품 전문 소매업,26,부산광역시,26350,해운대구,26350580,반여2동,2635010300,반여동,2635010300112910755,1,대지,1291,755,부산광역시 해운대구 반여동 1291-755,263504199167,부산광역시 해운대구 재반로196번길,7,68,2635010300112910755006290,,부산광역시 해운대구 재반로196번길 7-68,612813,48030,,3,,129.131349679555,35.1956111708316
MA010120220811490052,프라임종자,,G2,소매,G221,기타 상품 소매,G22199,그 외 기타 상품 전문 소매업,G47859,그 외 기타 분류 안된 상품 전문 소매업,51,강원특별자치도,51760,평창군,51760360,진부면,5176036022,진부면,5176036022100470000,1,대지,47,,강원특별자치도 평창군 진부면 상진부리 47,517603000145,강원특별자치도 평창군 진부면 경강로,3963,,4276036022100470000000001,,강원특별자치도 평창군 진부면 경강로 3963,232947,25323,,,,128.580562919964,37.6603983779604
MA010120220811503494,신기유통,,G2,소매,G221,기타 상품 소매,G22199,그 외 기타 상품 전문 소매업,G47859,그 외 기타 분류 안된 상품 전문 소매업,44,충청남도,44760,부여군,44760330,외산면,4476033029,외산면,4476033029100930000,1,대지,93,,충청남도 부여군 외산면 수신리 93,447604577180,충청남도 부여군 외산면 만수로신근남길,20,10,4476033029100930000000078,,충청남도 부여군 외산면 만수로신근남길 20-10,323893,33100,,,,126.737159678324,36.3616565973686
MA010120220811465172,탄탄정토회포교수행공동체,,G2,소매,G221,기타 상품 소매,G22199,그 외 기타 상품 전문 소매업,G47859,그 외 기타 분류 안된 상품 전문 소매업,29,광주광역시,29155,남구,29155720,송암동,2915511200,송하동,2915511200101240003,1,대지,124,3,광주광역시 남구 송하동 124-3,291554283513,광주광역시 남구 원효천2길,10,,2915511200101240003018447,,광주광역시 남구 원효천2길 10,503819,61741,,,,126.881235583538,35.1044033174691
MA010120220811485076,우리,,G2,소매,G221,기타 상품 소매,G22199,그 외 기타 상품 전문 소매업,G47859,그 외 기타 분류 안된 상품 전문 소매업,41,경기도,41450,하남시,41450580,감북동,4145012400,광암동,4145012400102110004,1,대지,211,4,경기도 하남시 광암동 211-4,414503000124,경기도 하남시 서하남로,278,22,4145012400102110004007169,,경기도 하남시 서하남로 278-22,465818,12989,,1,,127.174469023591,37.5170431828998
MA010120220811495882,초원상사,,G2,소매,G221,기타 상품 소매,G22199,그 외 기타 상품 전문 소매업,G47859,그 외 기타 분류 안된 상품 전문 소매업,48,경상남도,48240,사천시,48240510,동서동,4824010200,서동,4824010200103110013,1,대지,311,13,경상남도 사천시 서동 311-13,482404802352,경상남도 사천시 서부시장길,77,9,4824010200103110013068970,,경상남도 사천시 서부시장길 77-9,664836,52569,,,,128.069514172062,34.9275002826417
MA010120220811500679,생활잡화,,G2,소매,G221,기타 상품 소매,G22199,그 외 기타 상품 전문 소매업,G47859,그 외 기타 분류 안된 상품 전문 소매업,28,인천광역시,28177,미추홀구,28177530,숭의4동,2817710100,숭의동,2817710100102840010,1,대지,284,10,인천광역시 미추홀구 숭의동 284-10,281773151006,인천광역시 미추홀구 독정이로,46,,2817010100102840010000001,,인천광역시 미추홀구 독정이로 46,402014,22168,,,,126.653193048531,37.4598996628559
MA010120220811477160,산약초세상,,G2,소매,G221,기타 상품 소매,G22199,그 외 기타 상품 전문 소매업,G47859,그 외 기타 분류 안된 상품 전문 소매업,47,경상북도,47730,의성군,47730430,안계면,4773043030,안계면,4773043030104670001,1,대지,467,1,경상북도 의성군 안계면 용기리 467-1,477304745321,경상북도 의성군 안계면 안계시장길,14,18,4773043030104670001000496,,경상북도 의성군 안계면 안계시장길 14-18,769933,37312,,,,128.438565732297,36.3844358939485
MA010120220811490752,제이연테크,,G2,소매,G221,기타 상품 소매,G22199,그 외 기타 상품 전문 소매업,G47859,그 외 기타 분류 안된 상품 전문 소매업,43,충청북도,43150,제천시,43150547,영서동,4315012500,천남동,4315012500100310015,1,대지,31,15,충청북도 제천시 천남동 31-15,431503239010,충청북도 제천시 내토로,325,,4315012500100310015023491,,충청북도 제천시 내토로 325,390130,27188,,202,,128.194109317348,37.1303900359609
MA010120220811483194,마하불교,,G2,소매,G221,기타 상품 소매,G22199,그 외 기타 상품 전문 소매업,G47859,그 외 기타 분류 안된 상품 전문 소매업,41,경기도,41450,하남시,41450520,신장1동,4145010600,신장동,4145010600104270381,1,대지,427,381,경기도 하남시 신장동 427-381,414504406164,경기도 하남시 신장1로9번길,71,,4145010600104270381003698,호,경기도 하남시 신장1로9번길 71,465820,12957,,5,,127.205771231155,37.5388150261179
MA010120220811469602,불심불교사,,G2,소매,G221,기타 상품 소매,G22199,그 외 기타 상품 전문 소매업,G47859,그 외 기타 분류 안된 상품 전문 소매업,26,부산광역시,26350,해운대구,26350610,반송1동,2635010100,반송동,2635010100102750472,1,대지,275,472,부산광역시 해운대구 반송동 275-472,263504199040,부산광역시 해운대구 반송로828번길,15,,2635010100102750472015514,,부산광역시 해운대구 반송로828번길 15,612805,48014,,,,129.148226570533,35.2274203724846
MA010120220811469642,식스나인,,G2,소매,G221,기타 상품 소매,G22199,그 외 기타 상품 전문 소매업,G47859,그 외 기타 분류 안된 상품 전문 소매업,26,부산광역시,26110,중구,26110560,부평동,2611012500,부평동3가,2611012500100500001,1,대지,50,1,부산광역시 중구 부평동3가 50-1,261103125015,부산광역시 중구 흑교로,9,,2611012500100500001007313,,부산광역시 중구 흑교로 9,600808,48976,,,,129.024893030643,35.1003287412794
MA010120220811472034,이구종합상사,,G2,소매,G221,기타 상품 소매,G22199,그 외 기타 상품 전문 소매업,G47859,그 외 기타 분류 안된 상품 전문 소매업,26,부산광역시,26440,강서구,26440560,녹산동,2644011700,신호동,2644011700102250003,1,대지,225,3,부산광역시 강서구 신호동 225-3,264403136056,부산광역시 강서구 신호산단1로,207,,2644011700102250003000001,,부산광역시 강서구 신호산단1로 207,618210,46759,,1,,128.881747777208,35.0854949476752
MA010120220811477978,인삼조합판매장,,G2,소매,G221,기타 상품 소매,G22199,그 외 기타 상품 전문 소매업,G47859,그 외 기타 분류 안된 상품 전문 소매업,43,충청북도,43111,청주시 상당구,43111545,성안동,4311111100,석교동,4311111100101260038,1,대지,126,38,충청북도 청주시 상당구 석교동 126-38,431114508309,충청북도 청주시 상당구 상당로1번길,17,,4311111100101260038049977,,충청북도 청주시 상당구 상당로1번길 17,360060,28534,,1,,127.490108001621,36.6281583291213
MA010120220811470104,송정종묘농약사,,G2,소매,G221,기타 상품 소매,G22199,그 외 기타 상품 전문 소매업,G47859,그 외 기타 분류 안된 상품 전문 소매업,26,부산광역시,26350,해운대구,26350560,송정동,2635010800,송정동,2635010800101380003,1,대지,138,3,부산광역시 해운대구 송정동 138-3,263502006010,부산광역시 해운대구 해운대로,1100,,2635010800101380003025722,,부산광역시 해운대구 해운대로 1100,612040,48073,,,,129.201145412728,35.1833502699626
MA010120220811497117,중앙불교사,,G2,소매,G221,기타 상품 소매,G22199,그 외 기타 상품 전문 소매업,G47859,그 외 기타 분류 안된 상품 전문 소매업,48,경상남도,48240,사천시,48240520,선구동,4824010300,선구동,4824010300100180118,1,대지,18,118,경상남도 사천시 선구동 18-118,482404802636,경상남도 사천시 중앙시장1길,23,,4824010300100180118002583,,경상남도 사천시 중앙시장1길 23,664838,52568,,,,128.075963571186,34.9294352961823
MA010120220811478830,허리사랑,,G2,소매,G221,기타 상품 소매,G22199,그 외 기타 상품 전문 소매업,G47859,그 외 기타 분류 안된 상품 전문 소매업,43,충청북도,43112,청주시 서원구,43112540,모충동,4311210300,모충동,4311210300100940010,1,대지,94,10,충청북도 청주시 서원구 모충동 94-10,431123236067,충청북도 청주시 서원구 청남로,2152,,4311310300100940010028953,,충청북도 청주시 서원구 청남로 2152,362806,28702,,1,,127.488763286844,36.6241267922821
MA010120220811492515,한국연문화산업진흥재단,,G2,소매,G221,기타 상품 소매,G22199,그 외 기타 상품 전문 소매업,G47859,그 외 기타 분류 안된 상품 전문 소매업,41,경기도,41113,수원시 권선구,41113550,평동,4111312900,오목천동,4111312900110760000,1,대지,1076,,경기도 수원시 권선구 오목천동 1076,411134325203,경기도 수원시 권선구 매송고색로503번길,102,,4111312900110760000035435,,경기도 수원시 권선구 매송고색로503번길 102,441230,16631,,,,126.95608783904,37.2472981634462
MA010120220811497223,동의당건재한약품,,G2,소매,G221,기타 상품 소매,G22199,그 외 기타 상품 전문 소매업,G47859,그 외 기타 분류 안된 상품 전문 소매업,48,경상남도,48240,사천시,48240530,동서금동,4824010400,동금동,4824010400100910016,1,대지,91,16,경상남도 사천시 동금동 91-16,482403334059,경상남도 사천시 중앙로,76,1,4824010400100910016000247,,경상남도 사천시 중앙로 76-1,664831,52566,,,,128.076653837851,34.9328452536981
MA010120220811503131,선일총포상사,,G2,소매,G221,기타 상품 소매,G22199,그 외 기타 상품 전문 소매업,G47859,그 외 기타 분류 안된 상품 전문 소매업,48,경상남도,48121,창원시 의창구,48121510,의창동,4812110300,서상동,4812110300106030001,1,대지,603,1,경상남도 창원시 의창구 서상동 603-1,481213327027,경상남도 창원시 의창구 서상로,13,1,4812110300106030001017785,,경상남도 창원시 의창구 서상로 13-1,641500,51191,,,,128.614706698542,35.2624283715395
MA010120220811531906,현영불교,,G2,소매,G221,기타 상품 소매,G22199,그 외 기타 상품 전문 소매업,G47859,그 외 기타 분류 안된 상품 전문 소매업,31,울산광역시,31110,중구,31110585,중앙동,3111010200,학산동,3111010200100630015,1,대지,63,15,울산광역시 중구 학산동 63-15,311103169023,울산광역시 중구 학성로,148,,3111010200100630015018150,,울산광역시 중구 학성로 148,681200,44520,,,,129.32699914043,35.5561977376178
MA010120220811531944,성신농약종묘사,,G2,소매,G221,기타 상품 소매,G22199,그 외 기타 상품 전문 소매업,G47859,그 외 기타 분류 안된 상품 전문 소매업,31,울산광역시,31110,중구,31110610,다운동,3111011100,태화동,3111011100109370003,1,대지,937,3,울산광역시 중구 태화동 937-3,311103169020,울산광역시 중구 태화로,13,1,3111011100109370003000386,,울산광역시 중구 태화로 13-1,681802,44432,,,,129.277931298188,35.5554322189375
MA010120220811526658,정관제,,G2,소매,G221,기타 상품 소매,G22199,그 외 기타 상품 전문 소매업,G47859,그 외 기타 분류 안된 상품 전문 소매업,48,경상남도,48330,양산시,48330340,하북면,4833034026,하북면,4833034026109300003,1,대지,930,3,경상남도 양산시 하북면 백록리 930-3,483302000032,경상남도 양산시 하북면 양산대로,2270,,4833034026109300003051395,,경상남도 양산시 하북면 양산대로 2270,626862,50508,,,,129.08196849473,35.4647206101201
MA010120220811529206,가야,불교용품점,G2,소매,G221,기타 상품 소매,G22199,그 외 기타 상품 전문 소매업,G47859,그 외 기타 분류 안된 상품 전문 소매업,31,울산광역시,31710,울주군,31710265,삼남읍,3171026521,삼남읍,3171026521104700001,1,대지,470,1,울산광역시 울주군 삼남읍 교동리 470-1,317102000017,울산광역시 울주군 삼남읍 반구대로,666,,3171039021104700001011320,,울산광역시 울주군 삼남읍 반구대로 666,689812,44951,,,,129.117604347853,35.5521384466504
MA010120220811542920,거송불교,,G2,소매,G221,기타 상품 소매,G22199,그 외 기타 상품 전문 소매업,G47859,그 외 기타 분류 안된 상품 전문 소매업,31,울산광역시,31200,북구,31200510,농소1동,3120010200,호계동,3120010200103460007,1,대지,346,7,울산광역시 북구 호계동 346-7,312003172005,울산광역시 북구 동대로,38,,3120010200103460001000001,,울산광역시 북구 동대로 38,683812,44225,,,,129.35618173312,35.6275342666059
MA010120220811520547,울산불교전시관,,G2,소매,G221,기타 상품 소매,G22199,그 외 기타 상품 전문 소매업,G47859,그 외 기타 분류 안된 상품 전문 소매업,31,울산광역시,31110,중구,31110585,중앙동,3111010500,옥교동,3111010500103110005,1,대지,311,5,울산광역시 중구 옥교동 311-5,311104307349,울산광역시 중구 옥교13길,30,,3111010500103110005021837,,울산광역시 중구 옥교13길 30,681190,44523,,,,129.327341179797,35.5542989107858
MA010120220811540407,KG케미칼울주,대리점,G2,소매,G221,기타 상품 소매,G22199,그 외 기타 상품 전문 소매업,G47859,그 외 기타 분류 안된 상품 전문 소매업,31,울산광역시,31710,울주군,31710259,범서읍,3171025921,범서읍,3171025921101350001,1,대지,135,1,울산광역시 울주군 범서읍 사연리 135-1,317104319439,울산광역시 울주군 범서읍 사일길,93,,3171025921101350001000002,,울산광역시 울주군 범서읍 사일길 93,689851,44919,,,,129.208863480923,35.5780284957924
MA010120220811520642,중앙불교사,,G2,소매,G221,기타 상품 소매,G22199,그 외 기타 상품 전문 소매업,G47859,그 외 기타 분류 안된 상품 전문 소매업,31,울산광역시,31110,중구,31110585,중앙동,3111010500,옥교동,3111010500101200010,1,대지,120,10,울산광역시 중구 옥교동 120-10,311104307408,울산광역시 중구 중앙시장길,27,,3111010500101200010006240,,울산광역시 중구 중앙시장길 27,681190,44531,,1,,129.323887431159,35.5553567256535
MA010120220811520658,고려당한약건재방,,G2,소매,G221,기타 상품 소매,G22199,그 외 기타 상품 전문 소매업,G47859,그 외 기타 분류 안된 상품 전문 소매업,31,울산광역시,31110,중구,31110585,중앙동,3111010500,옥교동,3111010500101270015,1,대지,127,15,울산광역시 중구 옥교동 127-15,311104307408,울산광역시 중구 중앙시장길,17,13,3111010500101270015006253,,울산광역시 중구 중앙시장길 17-13,681190,44531,,,,129.322949408769,35.5553297577487
MA010120220811525004,우정불교,,G2,소매,G221,기타 상품 소매,G22199,그 외 기타 상품 전문 소매업,G47859,그 외 기타 분류 안된 상품 전문 소매업,31,울산광역시,31110,중구,31110590,우정동,3111010800,우정동,3111010800102820039,1,대지,282,39,울산광역시 중구 우정동 282-39,311104307138,울산광역시 중구 당산5길,37,,3111010800102820039007110,,울산광역시 중구 당산5길 37,681815,44467,,,,129.312115445646,35.5547361622048
MA010120220811529730,보원당약업사,,G2,소매,G221,기타 상품 소매,G22199,그 외 기타 상품 전문 소매업,G47859,그 외 기타 분류 안된 상품 전문 소매업,31,울산광역시,31110,중구,31110585,중앙동,3111010600,성남동,3111010600101900154,1,대지,190,154,울산광역시 중구 성남동 190-154,311103169023,울산광역시 중구 학성로,51,2,3111010600101900154000002,,울산광역시 중구 학성로 51-2,681812,44533,,,,129.317099707664,35.5539826574991
MA010120220811532624,대성한약방,,G2,소매,G221,기타 상품 소매,G22199,그 외 기타 상품 전문 소매업,G47811,의약품 및 의료용품 소매업,31,울산광역시,31110,중구,31110530,반구2동,3111011800,반구동,3111011800100640009,1,대지,64,9,울산광역시 중구 반구동 64-9,311103011003,울산광역시 중구 화합로,427,,3111011800100640009025226,,울산광역시 중구 화합로 427,681804,44510,,,,129.336735426927,35.5630285590266
MA010120220811543276,울산동구,대리점,G2,소매,G221,기타 상품 소매,G22199,그 외 기타 상품 전문 소매업,G47221,음료 소매업,31,울산광역시,31170,동구,31170510,방어동,3117010100,방어동,3117010100109130033,1,대지,913,33,울산광역시 동구 방어동 913-33,311704313191,울산광역시 동구 월봉4길,15,,3117010100109130033002377,,울산광역시 동구 월봉4길 15,682805,44086,,,,129.417630712986,35.4895384661481
MA010120220811520703,경동건재한약방,,G2,소매,G221,기타 상품 소매,G22199,그 외 기타 상품 전문 소매업,G47859,그 외 기타 분류 안된 상품 전문 소매업,31,울산광역시,31110,중구,31110585,중앙동,3111010200,학산동,3111010200100010006,1,대지,1,6,울산광역시 중구 학산동 1-6,311103169004,울산광역시 중구 구교로,32,,3111010200100010006021931,,울산광역시 중구 구교로 32,681200,44522,,,,129.32798227119,35.5551155013395
MA010120220811527199,스칼렛가발,,G2,소매,G221,기타 상품 소매,G22199,그 외 기타 상품 전문 소매업,G47422,의복 액세서리 및 모조 장신구 소매업,31,울산광역시,31110,중구,31110585,중앙동,3111010600,성남동,3111010600101900239,1,대지,190,239,울산광역시 중구 성남동 190-239,311104307405,울산광역시 중구 중앙3길,6,,3111010600101900239008463,성남프라자,울산광역시 중구 중앙3길 6,681812,44529,,1,,129.317556072793,35.5545145180702
MA010120220811514607,경화원예농약사,,G2,소매,G221,기타 상품 소매,G22199,그 외 기타 상품 전문 소매업,G47859,그 외 기타 분류 안된 상품 전문 소매업,48,경상남도,48129,창원시 진해구,48129570,병암동,4812913900,경화동,4812913900109770012,1,대지,977,12,경상남도 창원시 진해구 경화동 977-12,481294793539,경상남도 창원시 진해구 충장로345번길,20,,4812913900109770012004016,,경상남도 창원시 진해구 충장로345번길 20,645800,51670,,,,128.689777429276,35.1554375860802
MA010120220811516925,호계농약종묘사,,G2,소매,G221,기타 상품 소매,G22199,그 외 기타 상품 전문 소매업,G47859,그 외 기타 분류 안된 상품 전문 소매업,31,울산광역시,31200,북구,31200510,농소1동,3120010200,호계동,3120010200108330001,1,대지,833,1,울산광역시 북구 호계동 833-1,312003172027,울산광역시 북구 호계로,211,,3120010200108330001016486,,울산광역시 북구 호계로 211,683813,44229,,,,129.354745729132,35.6229760477616
MA010120220811540893,뉴컴텍,,G2,소매,G221,기타 상품 소매,G22199,그 외 기타 상품 전문 소매업,J62010,컴퓨터 프로그래밍 서비스업,47,경상북도,47111,포항시 남구,47111525,상대동,4711110200,대도동,4711110200100700003,1,대지,70,3,경상북도 포항시 남구 대도동 70-3,471113303007,경상북도 포항시 남구 대해로,107,1,4711110200100700003131767,,경상북도 포항시 남구 대해로 107-1,790822,37812,,2,,129.364350898451,36.0213256277108
MA010120220811525446,퀸즈가발,,G2,소매,G221,기타 상품 소매,G22199,그 외 기타 상품 전문 소매업,G47859,그 외 기타 분류 안된 상품 전문 소매업,31,울산광역시,31110,중구,31110585,중앙동,3111010600,성남동,3111010600101900239,1,대지,190,239,울산광역시 중구 성남동 190-239,311104307405,울산광역시 중구 중앙3길,6,,3111010600101900239008463,성남동성남프라자,울산광역시 중구 중앙3길 6,681812,44529,,1,,129.317556072793,35.5545145180702
MA010120220811515104,봉실이네,,G2,소매,G221,기타 상품 소매,G22199,그 외 기타 상품 전문 소매업,G47859,그 외 기타 분류 안된 상품 전문 소매업,28,인천광역시,28710,강화군,28710330,길상면,2871033024,길상면,2871033024112510363,1,대지,1251,363,인천광역시 강화군 길상면 초지리 1251-363,287103157036,인천광역시 강화군 길상면 초지로,151,,2871033024112510363000001,,인천광역시 강화군 길상면 초지로 151,417843,23052,,,,126.533099010866,37.6270346236541
MA010120220811525727,현대종묘사,,G2,소매,G221,기타 상품 소매,G22199,그 외 기타 상품 전문 소매업,G47859,그 외 기타 분류 안된 상품 전문 소매업,31,울산광역시,31170,동구,31170580,남목1동,3117010800,서부동,3117010800103620007,1,대지,362,7,울산광역시 동구 서부동 362-7,311703000101,울산광역시 동구 동해안로,20,,3117010800103620007003691,,울산광역시 동구 동해안로 20,682809,44012,,,,129.425955977549,35.5410370217783
MA010120220811546260,서일불교,,G2,소매,G221,기타 상품 소매,G22199,그 외 기타 상품 전문 소매업,G47859,그 외 기타 분류 안된 상품 전문 소매업,31,울산광역시,31110,중구,31110585,중앙동,3111010200,학산동,3111010200100630015,1,대지,63,15,울산광역시 중구 학산동 63-15,311103169023,울산광역시 중구 학성로,148,,3111010200100630015018150,,울산광역시 중구 학성로 148,681200,44520,,2,,129.32699914043,35.5561977376178
MA010120220811539013,꾸지뽕누에마을약초도사,,G2,소매,G221,기타 상품 소매,G22199,그 외 기타 상품 전문 소매업,G47859,그 외 기타 분류 안된 상품 전문 소매업,31,울산광역시,31200,북구,31200590,염포동,3120012700,염포동,3120012700109990004,1,대지,999,4,울산광역시 북구 염포동 999-4,312004316157,울산광역시 북구 성내1길,7,1,3120012700109990003005523,,울산광역시 북구 성내1길 7-1,683807,44263,,,,129.400196076801,35.5237751498816
MA010120220811534167,황금재료,,G2,소매,G221,기타 상품 소매,G22199,그 외 기타 상품 전문 소매업,G47422,의복 액세서리 및 모조 장신구 소매업,31,울산광역시,31110,중구,31110585,중앙동,3111010500,옥교동,3111010500101320013,1,대지,132,13,울산광역시 중구 옥교동 132-13,311104307340,울산광역시 중구 옥골샘4길,1,,3111010500101320011007741,,울산광역시 중구 옥골샘4길 1,681190,44530,,,,129.324396253144,35.5561758863066
MA010120220811539385,율동상회,,G2,소매,G221,기타 상품 소매,G22199,그 외 기타 상품 전문 소매업,G47859,그 외 기타 분류 안된 상품 전문 소매업,31,울산광역시,31110,중구,31110510,학성동,3111010100,학성동,3111010100103640006,1,대지,364,6,울산광역시 중구 학성동 364-6,311104307255,울산광역시 중구 새벽시장3길,24,,3111010100103640006016410,,울산광역시 중구 새벽시장3길 24,681822,44521,,,,129.333187491301,35.5566637689654
MA010120220811517668,모터치,거제점,G2,소매,G221,기타 상품 소매,G22199,그 외 기타 상품 전문 소매업,G47422,의복 액세서리 및 모조 장신구 소매업,48,경상남도,48310,거제시,48310580,고현동,4831010900,고현동,4831010900101000008,1,대지,100,8,경상남도 거제시 고현동 100-8,483103337007,경상남도 거제시 고현로,95,,4831010900101000008024572,,경상남도 거제시 고현로 95,656930,53253,,,,128.623236378957,34.8867910079496
MA010120220811536899,부라더미싱,,G2,소매,G221,기타 상품 소매,G22199,그 외 기타 상품 전문 소매업,G47859,그 외 기타 분류 안된 상품 전문 소매업,31,울산광역시,31110,중구,31110585,중앙동,3111010600,성남동,3111010600102260048,1,대지,226,48,울산광역시 중구 성남동 226-48,311103169023,울산광역시 중구 학성로,67,2,3111010600102260048006641,,울산광역시 중구 학성로 67-2,681812,44529,,,,129.318490589945,35.5548029030209
MA010120220811218423,토이유통,,G2,소매,G221,기타 상품 소매,G22199,그 외 기타 상품 전문 소매업,G47859,그 외 기타 분류 안된 상품 전문 소매업,27,대구광역시,27200,남구,27200530,봉덕1동,2720010200,봉덕동,2720010200105870007,1,대지,587,7,대구광역시 남구 봉덕동 587-7,272004232303,대구광역시 남구 중앙대로32길,62,,2720010200105870007021215,,대구광역시 남구 중앙대로32길 62,705830,42430,,1,,128.594150976337,35.8473007957049
MA010120220811228801,굿터치,,G2,소매,G221,기타 상품 소매,G22199,그 외 기타 상품 전문 소매업,G47422,의복 액세서리 및 모조 장신구 소매업,48,경상남도,48121,창원시 의창구,48121520,팔룡동,4812112900,팔용동,4812112900101040003,1,대지,104,3,경상남도 창원시 의창구 팔용동 104-3,481213019003,경상남도 창원시 의창구 팔용로,425,,4812112900101040003013450,화성빌딩,경상남도 창원시 의창구 팔용로 425,641849,51377,,,,128.612170141609,35.2547477177084
MA010120220811209369,유한책임회사하이모,진주지점,G2,소매,G221,기타 상품 소매,G22199,그 외 기타 상품 전문 소매업,G47422,의복 액세서리 및 모조 장신구 소매업,48,경상남도,48170,진주시,48170673,상대동,4817011900,상대동,4817011900102920021,1,대지,292,21,경상남도 진주시 상대동 292-21,481703332077,경상남도 진주시 동진로,111,,4817011900102920021012657,한보프라자,경상남도 진주시 동진로 111,660721,52787,,,,128.103479187214,35.1796827887844
MA010120220811237746,환희상사,,G2,소매,G221,기타 상품 소매,G22199,그 외 기타 상품 전문 소매업,G47859,그 외 기타 분류 안된 상품 전문 소매업,48,경상남도,48250,김해시,48250590,삼안동,4825012000,안동,4825012000107470005,1,대지,747,5,경상남도 김해시 안동 747-5,482504805488,경상남도 김해시 삼안로66번길,11,,4825012000107470005045772,,경상남도 김해시 삼안로66번길 11,621915,50827,,1,,128.918613568616,35.2357038466543
MA010120220811240246,하트성인용품점,,G2,소매,G221,기타 상품 소매,G22199,그 외 기타 상품 전문 소매업,G47859,그 외 기타 분류 안된 상품 전문 소매업,48,경상남도,48250,김해시,48250530,부원동,4825010300,부원동,4825010300108600002,1,대지,860,2,경상남도 김해시 부원동 860-2,482504805185,경상남도 김해시 김해대로2325번길,44,1,4825010300108600002089520,,경상남도 김해시 김해대로2325번길 44-1,621907,50920,,,,128.880452072252,35.2303190786418
MA010120220811209553,한울씨엔디전주,,G2,소매,G221,기타 상품 소매,G22199,그 외 기타 상품 전문 소매업,G47519,"페인트, 창호 및 기타 건설자재 소매업",52,전북특별자치도,52111,전주시 완산구,52111510,중앙동,5211111700,고사동,5211111700101550001,1,대지,155,1,전북특별자치도 전주시 완산구 고사동 155-1,521114598335,전북특별자치도 전주시 완산구 전주객사4길,46,,4511111700101550001030967,기린오피스텔,전북특별자치도 전주시 완산구 전주객사4길 46,560706,54999,,,,127.143701064045,35.8200102583305
MA010120220811220925,남해농산,,G2,소매,G221,기타 상품 소매,G22199,그 외 기타 상품 전문 소매업,G47859,그 외 기타 분류 안된 상품 전문 소매업,48,경상남도,48840,남해군,48840250,남해읍,4884025021,남해읍,4884025021102810004,1,대지,281,4,경상남도 남해군 남해읍 북변리 281-4,488404829413,경상남도 남해군 남해읍 화전로96번가길,14,,4884025021102810004060979,,경상남도 남해군 남해읍 화전로96번가길 14,668803,52414,,,,127.894937607204,34.8411009401254
MA010120220811237831,한초당웰빙시대,,G2,소매,G221,기타 상품 소매,G22199,그 외 기타 상품 전문 소매업,G47859,그 외 기타 분류 안된 상품 전문 소매업,48,경상남도,48250,김해시,48250520,회현동,4825010200,서상동,4825010200103330002,1,대지,333,2,경상남도 김해시 서상동 333-2,482503335031,경상남도 김해시 분성로,306,,4825010200103330002089829,,경상남도 김해시 분성로 306,621030,50920,,,,128.879351450182,35.2330757812741
MA010120220811248325,김해인삼본가,,G2,소매,G221,기타 상품 소매,G22199,그 외 기타 상품 전문 소매업,G47859,그 외 기타 분류 안된 상품 전문 소매업,48,경상남도,48250,김해시,48250520,회현동,4825010200,서상동,4825010200103300009,1,대지,330,9,경상남도 김해시 서상동 330-9,482503335031,경상남도 김해시 분성로,291,8,4825010200103300009055385,,경상남도 김해시 분성로 291-8,621030,50916,,,,128.877893026843,35.2331795308466
MA010120220811237949,밀양불교전시관,,G2,소매,G221,기타 상품 소매,G22199,그 외 기타 상품 전문 소매업,G47859,그 외 기타 분류 안된 상품 전문 소매업,48,경상남도,48270,밀양시,48270510,내일동,4827010100,내일동,4827010100102140002,1,대지,214,2,경상남도 밀양시 내일동 214-2,482703336074,경상남도 밀양시 중앙로,336,,4827010100106550000047765,,경상남도 밀양시 중앙로 336,627140,50431,,,,128.754112550608,35.4927681472145
MA010120220811244396,삼미환경공사,,G2,소매,G221,기타 상품 소매,G22199,그 외 기타 상품 전문 소매업,G47859,그 외 기타 분류 안된 상품 전문 소매업,48,경상남도,48250,김해시,48250320,주촌면,4825032023,주촌면,4825032023101220001,1,대지,122,1,경상남도 김해시 주촌면 덕암리 122-1,482504805529,경상남도 김해시 주촌면 서부로1701번길,294,77,4825032023101220001031522,,경상남도 김해시 주촌면 서부로1701번길 294-77,621843,50878,,,,128.82321724105,35.26117767337
MA010120220811216875,귀빨간창고대구,황금점,G2,소매,G221,기타 상품 소매,G22199,그 외 기타 상품 전문 소매업,G47859,그 외 기타 분류 안된 상품 전문 소매업,27,대구광역시,27260,수성구,27260580,수성2.3가동,2726010500,수성동3가,2726010500103850012,1,대지,385,12,대구광역시 수성구 수성동3가 385-12,272603146008,대구광역시 수성구 들안로,242,,2726010500103850012012738,,대구광역시 수성구 들안로 242,706834,42142,,1,,128.617100531231,35.8513646152719
MA010120220811224074,마리텔,영남대점,G2,소매,G221,기타 상품 소매,G22199,그 외 기타 상품 전문 소매업,G47859,그 외 기타 분류 안된 상품 전문 소매업,47,경상북도,47290,경산시,47290550,북부동,4729011800,조영동,4729011800102780004,1,대지,278,4,경상북도 경산시 조영동 278-4,472904739267,경상북도 경산시 대학로61길,12,3,4729011800102780004013221,,경상북도 경산시 대학로61길 12-3,712270,38529,,,,128.754494730942,35.8392448111965
MA010120220811236295,은진퇴비,,G2,소매,G221,기타 상품 소매,G22199,그 외 기타 상품 전문 소매업,G47859,그 외 기타 분류 안된 상품 전문 소매업,48,경상남도,48250,김해시,48250350,생림면,4825035023,생림면,4825035023104200003,1,대지,420,3,경상남도 김해시 생림면 봉림리 420-3,482504805381,경상남도 김해시 생림면 봉림로21번길,33,6,4825035023104200003017438,,경상남도 김해시 생림면 봉림로21번길 33-6,621824,50801,,,,128.847109017277,35.3242765002238
MA010120220811214735,홍덕농약사,,G2,소매,G221,기타 상품 소매,G22199,그 외 기타 상품 전문 소매업,G47859,그 외 기타 분류 안된 상품 전문 소매업,48,경상남도,48840,남해군,48840350,남면,4884035021,남면,4884035021113920005,1,대지,1392,5,경상남도 남해군 남면 당항리 1392-5,488402343001,경상남도 남해군 남면 남서대로,759,,4884035021113920005024310,,경상남도 남해군 남면 남서대로 759,668861,52437,,,,127.888638453235,34.7706776886344
MA010120220811234594,제일꽃집,,G2,소매,G221,기타 상품 소매,G22199,그 외 기타 상품 전문 소매업,G47859,그 외 기타 분류 안된 상품 전문 소매업,48,경상남도,48270,밀양시,48270510,내일동,4827010100,내일동,4827010100101920003,1,대지,192,3,경상남도 밀양시 내일동 192-3,482704808497,경상남도 밀양시 상설시장3길,18,11,4827010100101920004047809,,경상남도 밀양시 상설시장3길 18-11,627140,50430,,,,128.753504435948,35.4936871714851
MA010120220811243966,육일화공약품,,G2,소매,G221,기타 상품 소매,G22199,그 외 기타 상품 전문 소매업,G47859,그 외 기타 분류 안된 상품 전문 소매업,48,경상남도,48250,김해시,48250320,주촌면,4825032024,주촌면,4825032024105030000,1,대지,503,,경상남도 김해시 주촌면 천곡리 503,482503335036,경상남도 김해시 주촌면 서부로,1629,,4825032024105030000073078,,경상남도 김해시 주촌면 서부로 1629,621848,50968,,,,128.829632072456,35.2376318094161
MA010120220811244576,고려인삼,,G2,소매,G221,기타 상품 소매,G22199,그 외 기타 상품 전문 소매업,G47859,그 외 기타 분류 안된 상품 전문 소매업,48,경상남도,48740,창녕군,48740250,창녕읍,4874025025,창녕읍,4874025025100450001,1,대지,45,1,경상남도 창녕군 창녕읍 술정리 45-1,487404823647,경상남도 창녕군 창녕읍 창녕시장길,66,,4874025000100450001000001,,경상남도 창녕군 창녕읍 창녕시장길 66,635807,50325,,,,128.49736978417,35.5400719132478
MA010120220811245431,영통당건재한약품,,G2,소매,G221,기타 상품 소매,G22199,그 외 기타 상품 전문 소매업,G47859,그 외 기타 분류 안된 상품 전문 소매업,48,경상남도,48740,창녕군,48740250,창녕읍,4874025022,창녕읍,4874025022102810000,1,대지,281,,경상남도 창녕군 창녕읍 교리 281,487404823062,경상남도 창녕군 창녕읍 교리1길,3,,4874025022102810000003137,,경상남도 창녕군 창녕읍 교리1길 3,635802,50323,,,,128.494127067037,35.5423921833319
MA010120220811215011,풍기흥주인삼사,,G2,소매,G221,기타 상품 소매,G22199,그 외 기타 상품 전문 소매업,G47859,그 외 기타 분류 안된 상품 전문 소매업,47,경상북도,47210,영주시,47210250,풍기읍,4721025023,풍기읍,4721025023104460004,1,대지,446,4,경상북도 영주시 풍기읍 산법리 446-4,472103309083,경상북도 영주시 풍기읍 소백로,2156,,4721025023104460000000001,선비골인삼시장,경상북도 영주시 풍기읍 소백로 2156,750802,36041,,,,128.54068934949,36.8884940864228
MA010120220811219605,남해한농,,G2,소매,G221,기타 상품 소매,G22199,그 외 기타 상품 전문 소매업,G47859,그 외 기타 분류 안된 상품 전문 소매업,48,경상남도,48840,남해군,48840250,남해읍,4884025021,남해읍,4884025021105560006,1,대지,556,6,경상남도 남해군 남해읍 북변리 556-6,488404829401,경상남도 남해군 남해읍 화전로122번길,1,,4884025021105560006060918,,경상남도 남해군 남해읍 화전로122번길 1,668803,52416,,1,,127.894053082613,34.8422071146661
MA010120220811227490,일맥ENG,,G2,소매,G221,기타 상품 소매,G22199,그 외 기타 상품 전문 소매업,G47859,그 외 기타 분류 안된 상품 전문 소매업,46,전라남도,46790,화순군,46790250,화순읍,4679025028,화순읍,4679025028107970000,1,대지,797,,전라남도 화순군 화순읍 일심리 797,467904673392,전라남도 화순군 화순읍 일심3길,6,,4679025028107970000045096,,전라남도 화순군 화순읍 일심3길 6,519809,58126,,1,,126.99287482645,35.0560756555636
MA010120220811232996,부곡농약종묘사,,G2,소매,G221,기타 상품 소매,G22199,그 외 기타 상품 전문 소매업,G47859,그 외 기타 분류 안된 상품 전문 소매업,48,경상남도,48740,창녕군,48740420,부곡면,4874042021,부곡면,4874042021102720000,1,대지,272,,경상남도 창녕군 부곡면 부곡리 272,487404823348,경상남도 창녕군 부곡면 새동네2길,4,,4874042021102720000056829,,경상남도 창녕군 부곡면 새동네2길 4,635893,50365,,,,128.60355773087,35.434564317667
MA010120220811248000,MS,코리아,G2,소매,G221,기타 상품 소매,G22199,그 외 기타 상품 전문 소매업,G47859,그 외 기타 분류 안된 상품 전문 소매업,48,경상남도,48870,함양군,48870250,함양읍,4887025028,함양읍,4887025028105000005,1,대지,500,5,경상남도 함양군 함양읍 백연리 500-5,488704838237,경상남도 함양군 함양읍 서위천길,15,,4887025028105000007014811,,경상남도 함양군 함양읍 서위천길 15,676803,50043,,,,127.720933771192,35.5202839240128
MA010120220811240370,봉천농원,,G2,소매,G221,기타 상품 소매,G22199,그 외 기타 상품 전문 소매업,G47859,그 외 기타 분류 안된 상품 전문 소매업,48,경상남도,48250,김해시,48250250,진영읍,4825025027,진영읍,4825025027101910003,1,대지,191,3,경상남도 김해시 진영읍 여래리 191-3,482503335059,경상남도 김해시 진영읍 진영로,298,32,4825025027101910003075092,,경상남도 김해시 진영읍 진영로 298-32,621805,50868,,,,128.745290620286,35.3004749654091
MA010120220811237104,한국기업,,G2,소매,G221,기타 상품 소매,G22199,그 외 기타 상품 전문 소매업,G47859,그 외 기타 분류 안된 상품 전문 소매업,48,경상남도,48250,김해시,48250540,내외동,4825010800,내동,4825010800101380004,1,대지,138,4,경상남도 김해시 내동 138-4,482503335063,경상남도 김해시 평전로,171,,4825010800101380004088488,,경상남도 김해시 평전로 171,621902,50889,,1,,128.862406751683,35.2437735237962
MA010120220811244753,경남생약초,,G2,소매,G221,기타 상품 소매,G22199,그 외 기타 상품 전문 소매업,G47859,그 외 기타 분류 안된 상품 전문 소매업,48,경상남도,48250,김해시,48250520,회현동,4825010200,서상동,4825010200102410000,1,대지,241,,경상남도 김해시 서상동 241,482503335031,경상남도 김해시 분성로,315,,4825010200102410000089851,,경상남도 김해시 분성로 315,621030,50916,,,,128.880558004918,35.2334805924777
MA010120220811240447,세종리얼바이오,,G2,소매,G221,기타 상품 소매,G22199,그 외 기타 상품 전문 소매업,G47859,그 외 기타 분류 안된 상품 전문 소매업,48,경상남도,48740,창녕군,48740253,남지읍,4874025321,남지읍,4874025321107270004,1,대지,727,4,경상남도 창녕군 남지읍 남지리 727-4,487403341050,경상남도 창녕군 남지읍 낙동로,434,,4874025321107270004017562,,경상남도 창녕군 남지읍 낙동로 434,635903,50355,,,,128.47190800773,35.3881970606016
MA010120220811233427,부용불교사,,G2,소매,G221,기타 상품 소매,G22199,그 외 기타 상품 전문 소매업,G47859,그 외 기타 분류 안된 상품 전문 소매업,48,경상남도,48270,밀양시,48270520,내이동,4827010200,내이동,4827010200110170010,1,대지,1017,10,경상남도 밀양시 내이동 1017-10,482704808817,경상남도 밀양시 진장3길,11,,4827010200110170010041072,내이동,경상남도 밀양시 진장3길 11,627803,50426,,,,128.746879356118,35.4920440334311
MA010120220811233456,활성퇴비&활성2호태양광발전소,,G2,소매,G221,기타 상품 소매,G22199,그 외 기타 상품 전문 소매업,G47859,그 외 기타 분류 안된 상품 전문 소매업,48,경상남도,48270,밀양시,48270510,내일동,4827010700,활성동,4827010700102470004,1,대지,247,4,경상남도 밀양시 활성동 247-4,482704808893,경상남도 밀양시 활성2길,28,,4827010700102470004041009,외,경상남도 밀양시 활성2길 28,627140,50433,,,,128.805279380969,35.485128358863
MA010120220811237257,약초마을,,G2,소매,G221,기타 상품 소매,G22199,그 외 기타 상품 전문 소매업,G47859,그 외 기타 분류 안된 상품 전문 소매업,48,경상남도,48250,김해시,48250590,삼안동,4825011900,삼방동,4825011900106900001,1,대지,690,1,경상남도 김해시 삼방동 690-1,482503335034,경상남도 김해시 삼안로,224,,4825011900106900001099128,동원,경상남도 김해시 삼안로 224,621771,50815,,,,128.911216102299,35.2481129956402
MA010120220811240680,하늘모,,G2,소매,G221,기타 상품 소매,G22199,그 외 기타 상품 전문 소매업,G47422,의복 액세서리 및 모조 장신구 소매업,48,경상남도,48127,창원시 마산회원구,48127580,합성1동,4812710600,합성동,4812710600101010020,1,대지,101,20,경상남도 창원시 마산회원구 합성동 101-20,481272019003,경상남도 창원시 마산회원구 315대로,723,,4812710600101010020038986,,경상남도 창원시 마산회원구 315대로 723,630815,51210,,3,,128.581037141873,35.2368635887777
MA010120220811218151,금성농약사,,G2,소매,G221,기타 상품 소매,G22199,그 외 기타 상품 전문 소매업,G47859,그 외 기타 분류 안된 상품 전문 소매업,48,경상남도,48850,하동군,48850420,금성면,4885042021,금성면,4885042021110010002,1,대지,1001,2,경상남도 하동군 금성면 가덕리 1001-2,488504832066,경상남도 하동군 금성면 금성중앙길,75,,4885042021110010002001625,,경상남도 하동군 금성면 금성중앙길 75,667931,52353,,,,127.800834447274,34.9668576532575
MA010120220811218166,성인용품,,G2,소매,G221,기타 상품 소매,G22199,그 외 기타 상품 전문 소매업,G47859,그 외 기타 분류 안된 상품 전문 소매업,41,경기도,41285,고양시 일산동구,41285590,장항2동,4128510400,장항동,4128510400108950000,1,대지,895,,경기도 고양시 일산동구 장항동 895,412853192094,경기도 고양시 일산동구 중앙로,1171,,4128510400108950000005139,현대프리젠트프라자,경기도 고양시 일산동구 중앙로 1171,410837,10414,,,,126.777555233219,37.6514265430967
MA010120220811237428,동화한약방,,G2,소매,G221,기타 상품 소매,G22199,그 외 기타 상품 전문 소매업,G47811,의약품 및 의료용품 소매업,48,경상남도,48270,밀양시,48270253,하남읍,4827025321,하남읍,4827025321104460006,1,대지,446,6,경상남도 밀양시 하남읍 수산리 446-6,482704808577,경상남도 밀양시 하남읍 시동중앙길,10,1,4827025321104460006026710,,경상남도 밀양시 하남읍 시동중앙길 10-1,627893,50459,,,,128.709488432089,35.3736591732301
MA010120220811239666,한국원예사,,G2,소매,G221,기타 상품 소매,G22199,그 외 기타 상품 전문 소매업,G47859,그 외 기타 분류 안된 상품 전문 소매업,48,경상남도,48270,밀양시,48270360,상남면,4827036022,상남면,4827036022107230009,1,대지,723,9,경상남도 밀양시 상남면 예림리 723-9,482703336051,경상남도 밀양시 상남면 예평로,42,,4827036022107230009036870,,경상남도 밀양시 상남면 예평로 42,627914,50452,,,,128.762892538032,35.4634061416131
MA010120220811240801,산내종묘농약사,,G2,소매,G221,기타 상품 소매,G22199,그 외 기타 상품 전문 소매업,G47859,그 외 기타 분류 안된 상품 전문 소매업,48,경상남도,48270,밀양시,48270340,산내면,4827034021,산내면,4827034021113650005,1,대지,1365,5,경상남도 밀양시 산내면 송백리 1365-5,482703336029,경상남도 밀양시 산내면 산내로,360,,4827034021113650005000440,,경상남도 밀양시 산내면 산내로 360,627834,50414,,,,128.882517690047,35.5871468367015
MA010120220811214042,남강산업,,G2,소매,G221,기타 상품 소매,G22199,그 외 기타 상품 전문 소매업,G47859,그 외 기타 분류 안된 상품 전문 소매업,48,경상남도,48170,진주시,48170555,성북동,4817011300,봉곡동,4817011300100190009,1,대지,19,9,경상남도 진주시 봉곡동 19-9,481703332063,경상남도 진주시 촉석로,145,,4817011300100190009206733,,경상남도 진주시 촉석로 145,660040,52682,,2,,128.078091182109,35.1940708946928
MA010120220811225563,영환네상회,,G2,소매,G221,기타 상품 소매,G22199,그 외 기타 상품 전문 소매업,G47859,그 외 기타 분류 안된 상품 전문 소매업,11,서울특별시,11230,동대문구,11230545,제기동,1123010300,제기동,1123010300109920020,1,대지,992,20,서울특별시 동대문구 제기동 992-20,112304115012,서울특별시 동대문구 경동시장로3길,10,5,1123010300109920020034679,,서울특별시 동대문구 경동시장로3길 10-5,130865,02571,,,,127.040008536874,37.5798927888821
MA010120220811268459,미래상사,,G2,소매,G221,기타 상품 소매,G22199,그 외 기타 상품 전문 소매업,G47859,그 외 기타 분류 안된 상품 전문 소매업,48,경상남도,48250,김해시,48250620,장유2동,4825012900,대청동,4825012900103230013,1,대지,323,13,경상남도 김해시 대청동 323-13,482504805282,경상남도 김해시 대청로104번길,55,23,4825012900103230014000001,,경상남도 김해시 대청로104번길 55-23,621280,51002,,,,128.803981906385,35.1879282119524
MA010120220811280803,봉화약초,,G2,소매,G221,기타 상품 소매,G22199,그 외 기타 상품 전문 소매업,G47859,그 외 기타 분류 안된 상품 전문 소매업,48,경상남도,48250,김해시,48250250,진영읍,4825025027,진영읍,4825025027107010088,1,대지,701,88,경상남도 김해시 진영읍 여래리 701-88,482503335059,경상남도 김해시 진영읍 진영로,180,11,4825025027107010088083874,,경상남도 김해시 진영읍 진영로 180-11,621806,50867,,,,128.732664566777,35.3027653703838
MA010120220811280806,대교포리머,,G2,소매,G221,기타 상품 소매,G22199,그 외 기타 상품 전문 소매업,G47859,그 외 기타 분류 안된 상품 전문 소매업,48,경상남도,48250,김해시,48250350,생림면,4825035021,생림면,4825035021106790000,1,대지,679,,경상남도 김해시 생림면 나전리 679,482504805239,경상남도 김해시 생림면 나전로161번길,69,,4825035021106790000045067,동양에스엔티내,경상남도 김해시 생림면 나전로161번길 69,621821,50802,,,,128.87484898303,35.3051049503279
MA010120220811266095,거림당,,G2,소매,G221,기타 상품 소매,G22199,그 외 기타 상품 전문 소매업,G47859,그 외 기타 분류 안된 상품 전문 소매업,48,경상남도,48250,김해시,48250565,칠산서부동,4825011000,흥동,4825011000100070005,1,대지,7,5,경상남도 김해시 흥동 7-5,482503335069,경상남도 김해시 흥동로,179,,4825011000100070005080695,,경상남도 김해시 흥동로 179,621120,50963,,,,128.868360411465,35.2226930807424
MA010120220811275500,에이치와이인코퍼레이션,,G2,소매,G221,기타 상품 소매,G22199,그 외 기타 상품 전문 소매업,G47859,그 외 기타 분류 안된 상품 전문 소매업,48,경상남도,48250,김해시,48250360,상동면,4825036025,상동면,4825036025105060000,1,대지,506,,경상남도 김해시 상동면 우계리 506,482504805494,경상남도 김해시 상동면 상동로375번길,80,45,4825036025105060000000001,,경상남도 김해시 상동면 상동로375번길 80-45,621816,50805,,2,,128.9081900027,35.313459823552
MA010120220811249592,풍년농약종묘사,,G2,소매,G221,기타 상품 소매,G22199,그 외 기타 상품 전문 소매업,G47859,그 외 기타 분류 안된 상품 전문 소매업,48,경상남도,48250,김해시,48250250,진영읍,4825025026,진영읍,4825025026102750105,1,대지,275,105,경상남도 김해시 진영읍 진영리 275-105,482503335059,경상남도 김해시 진영읍 진영로,161,,4825025026102750105084894,,경상남도 김해시 진영읍 진영로 161,621807,50867,,,,128.730698467417,35.3033612864859
MA010120220811287287,우정통신,,G2,소매,G221,기타 상품 소매,G22199,그 외 기타 상품 전문 소매업,G47859,그 외 기타 분류 안된 상품 전문 소매업,44,충청남도,44180,보령시,44180525,대천2동,4418010100,대천동,4418010100104330013,1,대지,433,13,충청남도 보령시 대천동 433-13,441803252052,충청남도 보령시 중앙로,107,,4418010100104330013015272,,충청남도 보령시 중앙로 107,355931,33455,,1,,126.592277354664,36.3515894652131
MA010120220811249904,초동농약종묘사,,G2,소매,G221,기타 상품 소매,G22199,그 외 기타 상품 전문 소매업,G47859,그 외 기타 분류 안된 상품 전문 소매업,48,경상남도,48270,밀양시,48270370,초동면,4827037022,초동면,4827037022104230005,1,대지,423,5,경상남도 밀양시 초동면 범평리 423-5,482703336061,경상남도 밀양시 초동면 초동로,126,,4827037022104230005066035,,경상남도 밀양시 초동면 초동로 126,627883,50455,,,,128.673580491341,35.4202671940939
MA010120220811279284,다자바,,G2,소매,G221,기타 상품 소매,G22199,그 외 기타 상품 전문 소매업,G47859,그 외 기타 분류 안된 상품 전문 소매업,48,경상남도,48250,김해시,48250520,회현동,4825010400,봉황동,4825010400100160003,1,대지,16,3,경상남도 김해시 봉황동 16-3,482504805007,경상남도 김해시 가락로15번길,54,1,4825010400100160003089692,,경상남도 김해시 가락로15번길 54-1,621040,50927,,,,128.876629718771,35.2274495629002
MA010120220811284680,금상첨화,,G2,소매,G221,기타 상품 소매,G22199,그 외 기타 상품 전문 소매업,G47859,그 외 기타 분류 안된 상품 전문 소매업,27,대구광역시,27140,동구,27140620,불로.봉무동,2714010500,봉무동,2714010500109580000,1,대지,958,,대구광역시 동구 봉무동 958,271403000048,대구광역시 동구 팔공로,337,,2714010500113580012000001,,대구광역시 동구 팔공로 337,701170,41019,,1,,128.641361227794,35.929046727699
MA010120220811250206,경남퇴비위탁총판,,G2,소매,G221,기타 상품 소매,G22199,그 외 기타 상품 전문 소매업,G47859,그 외 기타 분류 안된 상품 전문 소매업,48,경상남도,48730,함안군,48730340,대산면,4873034022,대산면,4873034022106800001,1,대지,680,1,경상남도 함안군 대산면 대사리 680-1,487304820139,경상남도 함안군 대산면 댓질길,51,,4873034022106800001015830,,경상남도 함안군 대산면 댓질길 51,637912,52010,,,,128.46511935832,35.3450655808709
MA010120220811267096,스피드정보통신,,G2,소매,G221,기타 상품 소매,G22199,그 외 기타 상품 전문 소매업,G47859,그 외 기타 분류 안된 상품 전문 소매업,48,경상남도,48250,김해시,48250630,장유3동,4825013100,율하동,4825013100113140008,1,대지,1314,8,경상남도 김해시 율하동 1314-8,482504805929,경상남도 김해시 율하3로7번길,7,8,4825013100113140008000001,,경상남도 김해시 율하3로7번길 7-8,621320,51019,,,,128.811829178325,35.1700483008718
MA010120220811282052,양키캔들김해,장유점,G2,소매,G221,기타 상품 소매,G22199,그 외 기타 상품 전문 소매업,G47813,"화장품, 비누 및 방향제 소매업",48,경상남도,48250,김해시,48250630,장유3동,4825013000,관동동,4825013000110950005,1,대지,1095,5,경상남도 김해시 관동동 1095-5,482504857148,경상남도 김해시 율하카페길,73,16,4825013000110950005000001,,경상남도 김해시 율하카페길 73-16,621300,51014,,,,128.812673603353,35.1769388916218
MA010120220811298093,금강불교문화원,,G2,소매,G221,기타 상품 소매,G22199,그 외 기타 상품 전문 소매업,G47859,그 외 기타 분류 안된 상품 전문 소매업,48,경상남도,48250,김해시,48250510,동상동,4825010100,동상동,4825010100108750001,1,대지,875,1,경상남도 김해시 동상동 875-1,482504805104,경상남도 김해시 구지로186번길,24,3,4825010100108750001007394,,경상남도 김해시 구지로186번길 24-3,621020,50915,,,,128.883821843385,35.2364037309422
MA010120220811252499,흥인당,,G2,소매,G221,기타 상품 소매,G22199,그 외 기타 상품 전문 소매업,G47859,그 외 기타 분류 안된 상품 전문 소매업,26,부산광역시,26380,사하구,26380601,다대1동,2638010600,다대동,2638010600109470008,1,대지,947,8,부산광역시 사하구 다대동 947-8,263804202404,부산광역시 사하구 윤공단로62번길,7,,2638010600109470008005442,,부산광역시 사하구 윤공단로62번길 7,604823,49494,,1,,128.968074613497,35.0580797282498
MA010120220811295132,미리미,,G2,소매,G221,기타 상품 소매,G22199,그 외 기타 상품 전문 소매업,G47859,그 외 기타 분류 안된 상품 전문 소매업,48,경상남도,48270,밀양시,48270520,내이동,4827010200,내이동,4827010200111830007,1,대지,1183,7,경상남도 밀양시 내이동 1183-7,482704808170,경상남도 밀양시 내이4길,27,,4827010200111830007041169,,경상남도 밀양시 내이4길 27,627802,50423,,,,128.74528037977,35.4996280123232
MA010120220811273831,한국산양산삼감정원,,G2,소매,G221,기타 상품 소매,G22199,그 외 기타 상품 전문 소매업,G47859,그 외 기타 분류 안된 상품 전문 소매업,48,경상남도,48250,김해시,48250520,회현동,4825010200,서상동,4825010200103330003,1,대지,333,3,경상남도 김해시 서상동 333-3,482503335031,경상남도 김해시 분성로,308,,4825010200103330003089839,,경상남도 김해시 분성로 308,621030,50920,,,,128.879550122946,35.2331177546636
MA010120220811283042,금산인삼사,,G2,소매,G221,기타 상품 소매,G22199,그 외 기타 상품 전문 소매업,G47859,그 외 기타 분류 안된 상품 전문 소매업,48,경상남도,48250,김해시,48250590,삼안동,4825011900,삼방동,4825011900101840006,1,대지,184,6,경상남도 김해시 삼방동 184-6,482504805899,경상남도 김해시 활천로267번길,18,,4825011900101840006086896,,경상남도 김해시 활천로267번길 18,621909,50818,,1,,128.9086702977,35.2444853916535
MA010120220811307588,중앙장의사,,G2,소매,G221,기타 상품 소매,G22199,그 외 기타 상품 전문 소매업,G47859,그 외 기타 분류 안된 상품 전문 소매업,50,제주특별자치도,50110,제주시,50110540,이도2동,5011010400,이도이동,5011010400119780005,1,대지,1978,5,제주특별자치도 제주시 이도이동 1978-5,501104847694,제주특별자치도 제주시 박성내서길,16,9,5011010400119780005000001,,제주특별자치도 제주시 박성내서길 16-9,690851,63231,,,,126.541194479745,33.4909326910554
MA010120220811320292,신성총포사,,G2,소매,G221,기타 상품 소매,G22199,그 외 기타 상품 전문 소매업,G47859,그 외 기타 분류 안된 상품 전문 소매업,50,제주특별자치도,50110,제주시,50110520,일도2동,5011010200,일도이동,5011010200103700000,1,대지,370,,제주특별자치도 제주시 일도이동 370,501103349055,제주특별자치도 제주시 동광로,150,,5011010200103700000024593,,제주특별자치도 제주시 동광로 150,690830,63254,,,,126.542199436571,33.508526489405
MA010120220811330895,대경상사,,G2,소매,G221,기타 상품 소매,G22199,그 외 기타 상품 전문 소매업,G47859,그 외 기타 분류 안된 상품 전문 소매업,50,제주특별자치도,50110,제주시,50110660,노형동,5011012200,노형동,5011012200132980001,1,대지,3298,1,제주특별자치도 제주시 노형동 3298-1,501104848549,제주특별자치도 제주시 월산남2길,15,,5011012200132980001000001,,제주특별자치도 제주시 월산남2길 15,690805,63093,,,,126.464137449597,33.4702925432791
MA010120220811313163,제주향기，봄므,,G2,소매,G221,기타 상품 소매,G22199,그 외 기타 상품 전문 소매업,G47859,그 외 기타 분류 안된 상품 전문 소매업,50,제주특별자치도,50130,서귀포시,50130590,대륜동,5013010400,호근동,5013010400115670001,1,대지,1567,1,제주특별자치도 서귀포시 호근동 1567-1,501303350269,제주특별자치도 서귀포시 태평로,60,,5013010400115670001027650,,제주특별자치도 서귀포시 태평로 60,697862,63571,,,,126.529739103359,33.244452255215
MA010120220811315216,산길,,G2,소매,G221,기타 상품 소매,G22199,그 외 기타 상품 전문 소매업,G47859,그 외 기타 분류 안된 상품 전문 소매업,50,제주특별자치도,50110,제주시,50110510,일도1동,5011010100,일도일동,5011010100111070006,1,대지,1107,6,제주특별자치도 제주시 일도일동 1107-6,501103349102,제주특별자치도 제주시 성지로,52,1,5011010100111070006030124,,제주특별자치도 제주시 성지로 52-1,690836,63269,,,,126.52886279923,33.510847673656
MA010120220811313364,대일불교사,,G2,소매,G221,기타 상품 소매,G22199,그 외 기타 상품 전문 소매업,G47859,그 외 기타 분류 안된 상품 전문 소매업,50,제주특별자치도,50110,제주시,50110530,이도1동,5011010300,이도일동,5011010300115330000,1,대지,1533,,제주특별자치도 제주시 이도일동 1533,501103349102,제주특별자치도 제주시 성지로,4,,5011010300115330000030073,,제주특별자치도 제주시 성지로 4,690829,63193,,,,126.52403763719,33.5095038911088
MA010120220811305643,관음불교전시관,,G2,소매,G221,기타 상품 소매,G22199,그 외 기타 상품 전문 소매업,G47859,그 외 기타 분류 안된 상품 전문 소매업,41,경기도,41171,안양시 만안구,41171540,안양4동,4117110100,안양동,4117110100107110039,1,대지,711,39,경기도 안양시 만안구 안양동 711-39,411714346307,경기도 안양시 만안구 장내로99번길,18,,4117110100107110039008632,,경기도 안양시 만안구 장내로99번길 18,430832,14002,,,,126.918834374866,37.3965165996807
MA010120220811328444,룸비니불교사,,G2,소매,G221,기타 상품 소매,G22199,그 외 기타 상품 전문 소매업,G47859,그 외 기타 분류 안된 상품 전문 소매업,50,제주특별자치도,50110,제주시,50110550,삼도1동,5011010500,삼도일동,5011010500105650006,1,대지,565,6,제주특별자치도 제주시 삼도일동 565-6,501103349090,제주특별자치도 제주시 서광로,208,1,5011010500105650006028890,,제주특별자치도 제주시 서광로 208-1,690812,63185,,,,126.518710958947,33.499628919898
MA010120220811310917,창후전기,,G2,소매,G221,기타 상품 소매,G22199,그 외 기타 상품 전문 소매업,G47859,그 외 기타 분류 안된 상품 전문 소매업,50,제주특별자치도,50110,제주시,50110250,한림읍,5011025023,한림읍,5011025023118310004,1,대지,1831,4,제주특별자치도 제주시 한림읍 대림리 1831-4,501104849136,제주특별자치도 제주시 한림읍 대림2길,9,,5011025023118310004000002,,제주특별자치도 제주시 한림읍 대림2길 9,695925,63030,,,,126.265434302163,33.4189479183418
MA010120220811322917,풍광비료,,G2,소매,G221,기타 상품 소매,G22199,그 외 기타 상품 전문 소매업,G47859,그 외 기타 분류 안된 상품 전문 소매업,50,제주특별자치도,50130,서귀포시,50130250,대정읍,5013025022,대정읍,5013025022113960001,1,대지,1396,1,제주특별자치도 서귀포시 대정읍 하모리 1396-1,501303349236,제주특별자치도 서귀포시 대정읍 일주서로,2585,,5013025022113960001000001,,제주특별자치도 서귀포시 대정읍 일주서로 2585,699935,63508,,,,126.253970446989,33.2277223601508
MA010120220811330149,하나유통,,G2,소매,G221,기타 상품 소매,G22199,그 외 기타 상품 전문 소매업,G47859,그 외 기타 분류 안된 상품 전문 소매업,41,경기도,41550,안성시,41550520,안성2동,4155012400,도기동,4155012400100020000,1,대지,2,,경기도 안성시 도기동 2,415502000021,경기도 안성시 안성맞춤대로,979,,4155012400100020000020337,,경기도 안성시 안성맞춤대로 979,456270,17595,,,,127.267147834774,37.0009612850204
MA010120220811331168,신루산,,G2,소매,G221,기타 상품 소매,G22199,그 외 기타 상품 전문 소매업,G47859,그 외 기타 분류 안된 상품 전문 소매업,50,제주특별자치도,50130,서귀포시,50130550,효돈동,5013010800,하효동,5013010800102750000,1,대지,275,,제주특별자치도 서귀포시 하효동 275,501303350334,제주특별자치도 서귀포시 효돈순환로,152,,5013010800102750000027539,,제주특별자치도 서귀포시 효돈순환로 152,697030,63601,,,,126.623229473192,33.2622081705811
MA010120220811301374,에이트,,G2,소매,G221,기타 상품 소매,G22199,그 외 기타 상품 전문 소매업,G47859,그 외 기타 분류 안된 상품 전문 소매업,11,서울특별시,11680,강남구,11680580,삼성1동,1168010500,삼성동,1168010500100590010,1,대지,59,10,서울특별시 강남구 삼성동 59-10,116804166683,서울특별시 강남구 영동대로129길,22,,1168010500100590010014765,,서울특별시 강남구 영동대로129길 22,135870,06085,,,,127.055642400425,37.5183482571803
MA010120220811312304,협성농약사,,G2,소매,G221,기타 상품 소매,G22199,그 외 기타 상품 전문 소매업,G47859,그 외 기타 분류 안된 상품 전문 소매업,50,제주특별자치도,50110,제주시,50110250,한림읍,5011025023,한림읍,5011025023118480002,1,대지,1848,2,제주특별자치도 제주시 한림읍 대림리 1848-2,501103349209,제주특별자치도 제주시 한림읍 한림상로,230,,5011025023018480002004807,,제주특별자치도 제주시 한림읍 한림상로 230,695925,63026,,1,,126.268143947414,33.4189098389499
MA010120220811316214,서귀소방,,G2,소매,G221,기타 상품 소매,G22199,그 외 기타 상품 전문 소매업,G47859,그 외 기타 분류 안된 상품 전문 소매업,50,제주특별자치도,50130,서귀포시,50130540,천지동,5013010100,서귀동,5013010100103060004,1,대지,306,4,제주특별자치도 서귀포시 서귀동 306-4,501304850830,제주특별자치도 서귀포시 중앙로71번길,22,,5013010100103060004002365,,제주특별자치도 서귀포시 중앙로71번길 22,697844,63592,,,,126.559162520852,33.2505648815293
MA010120220811319640,워킹,,G2,소매,G221,기타 상품 소매,G22199,그 외 기타 상품 전문 소매업,G47859,그 외 기타 분류 안된 상품 전문 소매업,50,제주특별자치도,50110,제주시,50110650,연동,5011013700,연동,5011013700113200000,1,대지,1320,,제주특별자치도 제주시 연동 1320,501104848595,제주특별자치도 제주시 은수길,69,,5011013700113200000000001,,제주특별자치도 제주시 은수길 69,690817,63141,,,,126.488211324688,33.4706467221235
MA010120220811319663,O.K광고,,G2,소매,G221,기타 상품 소매,G22199,그 외 기타 상품 전문 소매업,G47859,그 외 기타 분류 안된 상품 전문 소매업,50,제주특별자치도,50130,서귀포시,50130259,성산읍,5013025921,성산읍,5013025921101810006,1,대지,181,6,제주특별자치도 서귀포시 성산읍 성산리 181-6,501304850451,제주특별자치도 서귀포시 성산읍 성산중앙로37번길,6,,5013025921101810006000001,,제주특별자치도 서귀포시 성산읍 성산중앙로37번길 6,699903,63643,,,,126.933144140627,33.4638231814304
MA010120220811331754,현대열쇠,,G2,소매,G221,기타 상품 소매,G22199,그 외 기타 상품 전문 소매업,G47859,그 외 기타 분류 안된 상품 전문 소매업,50,제주특별자치도,50110,제주시,50110650,연동,5011013700,연동,5011013700103040001,1,대지,304,1,제주특별자치도 제주시 연동 304-1,501103349111,제주특별자치도 제주시 신대로,134,,5011013700103040001008682,,제주특별자치도 제주시 신대로 134,690814,63133,,,,126.496118163071,33.4855463977708
MA010120220811312762,화신불교사,,G2,소매,G221,기타 상품 소매,G22199,그 외 기타 상품 전문 소매업,G47859,그 외 기타 분류 안된 상품 전문 소매업,50,제주특별자치도,50110,제주시,50110560,삼도2동,5011010600,삼도이동,5011010600103000065,1,대지,300,65,제주특별자치도 제주시 삼도이동 300-65,501103349176,제주특별자치도 제주시 전농로,97,1,5011010600103000065035560,,제주특별자치도 제주시 전농로 97-1,690850,63179,,,,126.523601627217,33.5046155913916
MA010120220811314899,하귀농약사,,G2,소매,G221,기타 상품 소매,G22199,그 외 기타 상품 전문 소매업,G47859,그 외 기타 분류 안된 상품 전문 소매업,50,제주특별자치도,50110,제주시,50110253,애월읍,5011025341,애월읍,5011025341119090008,1,대지,1909,8,제주특별자치도 제주시 애월읍 하귀2리 1909-8,501103349203,제주특별자치도 제주시 애월읍 하귀로,36,,5011025341019090008030647,,제주특별자치도 제주시 애월읍 하귀로 36,695918,63051,,,,126.40099771415,33.4800201617638
MA010120220811321720,제주미싱,,G2,소매,G221,기타 상품 소매,G22199,그 외 기타 상품 전문 소매업,G47859,그 외 기타 분류 안된 상품 전문 소매업,50,제주특별자치도,50110,제주시,50110510,일도1동,5011010100,일도일동,5011010100111770003,1,대지,1177,3,제주특별자치도 제주시 일도일동 1177-3,501103349056,제주특별자치도 제주시 동문로,27,1,5011010100111770003025348,,제주특별자치도 제주시 동문로 27-1,690836,63278,,,,126.529916208668,33.5130876203331
MA010120220811307334,유일통신,,G2,소매,G221,기타 상품 소매,G22199,그 외 기타 상품 전문 소매업,G47859,그 외 기타 분류 안된 상품 전문 소매업,50,제주특별자치도,50110,제주시,50110550,삼도1동,5011010500,삼도일동,5011010500107830031,1,대지,783,31,제주특별자치도 제주시 삼도일동 783-31,501104848880,제주특별자치도 제주시 충효1길,2,,5011010500107830031037477,,제주특별자치도 제주시 충효1길 2,690811,63177,,,,126.519133267936,33.5049950294122
MA010120220811318294,스포츠테이핑센터,,G2,소매,G221,기타 상품 소매,G22199,그 외 기타 상품 전문 소매업,G47859,그 외 기타 분류 안된 상품 전문 소매업,50,제주특별자치도,50110,제주시,50110640,오라동,5011011900,오라일동,5011011900124440029,1,대지,2444,29,제주특별자치도 제주시 오라일동 2444-29,501104847895,제주특별자치도 제주시 서광로2길,27,,5011011900124440029039656,,제주특별자치도 제주시 서광로2길 27,690161,63188,,,,126.513509085083,33.4984365355465
MA010120220811323615,지렁이마을,,G2,소매,G221,기타 상품 소매,G22199,그 외 기타 상품 전문 소매업,G47859,그 외 기타 분류 안된 상품 전문 소매업,50,제주특별자치도,50130,서귀포시,50130253,남원읍,5013025325,남원읍,5013025325114860016,1,대지,1486,16,제주특별자치도 서귀포시 남원읍 의귀리 1486-16,501303349229,제주특별자치도 서귀포시 남원읍 남조로,358,,5013025325114860016000001,,제주특별자치도 서귀포시 남원읍 남조로 358,699942,63618,,,,126.715297557124,33.309896883493
MA010120220811327675,국제애견센터,,G2,소매,G221,기타 상품 소매,G22199,그 외 기타 상품 전문 소매업,G47859,그 외 기타 분류 안된 상품 전문 소매업,50,제주특별자치도,50110,제주시,50110560,삼도2동,5011010600,삼도이동,5011010600102230005,1,대지,223,5,제주특별자치도 제주시 삼도이동 223-5,501103349184,제주특별자치도 제주시 중앙로,124,1,5011010600102230005035726,,제주특별자치도 제주시 중앙로 124-1,690809,63170,,,,126.524382617422,33.5074315568265
MA010120220811334080,미래전자,,G2,소매,G221,기타 상품 소매,G22199,그 외 기타 상품 전문 소매업,G47859,그 외 기타 분류 안된 상품 전문 소매업,50,제주특별자치도,50110,제주시,50110660,노형동,5011012200,노형동,5011012200112910009,1,대지,1291,9,제주특별자치도 제주시 노형동 1291-9,501104848526,제주특별자치도 제주시 월랑로2길,19,3,5011012200112910009005897,,제주특별자치도 제주시 월랑로2길 19-3,690804,63098,,,,126.480791410049,33.4881788929695
MA010120220811339745,성인용품,,G2,소매,G221,기타 상품 소매,G22199,그 외 기타 상품 전문 소매업,G47859,그 외 기타 분류 안된 상품 전문 소매업,50,제주특별자치도,50110,제주시,50110640,오라동,5011011900,오라일동,5011011900124400004,1,대지,2440,4,제주특별자치도 제주시 오라일동 2440-4,501103349090,제주특별자치도 제주시 서광로,162,,5011011900124400004039320,,제주특별자치도 제주시 서광로 162,690161,63188,,,,126.513673397601,33.4998436636908
MA010120220811352059,가연불교사,,G2,소매,G221,기타 상품 소매,G22199,그 외 기타 상품 전문 소매업,G47859,그 외 기타 분류 안된 상품 전문 소매업,50,제주특별자치도,50110,제주시,50110520,일도2동,5011010200,일도이동,5011010200100710000,1,대지,71,,제주특별자치도 제주시 일도이동 71,501103349137,제주특별자치도 제주시 연삼로,512,,5011010200100710000032664,,제주특별자치도 제주시 연삼로 512,690831,63260,,,,126.544317349322,33.5007535541807
MA010120220811332692,삼보불교사,,G2,소매,G221,기타 상품 소매,G22199,그 외 기타 상품 전문 소매업,G47859,그 외 기타 분류 안된 상품 전문 소매업,50,제주특별자치도,50110,제주시,50110510,일도1동,5011010100,일도일동,5011010100110660028,1,대지,1066,28,제주특별자치도 제주시 일도일동 1066-28,501104848108,제주특별자치도 제주시 신산로2길,11,,5011010100110660028022363,,제주특별자치도 제주시 신산로2길 11,690835,63264,,,,126.530780793993,33.5124327369433
MA010120220811342458,탐라당구재료,,G2,소매,G221,기타 상품 소매,G22199,그 외 기타 상품 전문 소매업,G47859,그 외 기타 분류 안된 상품 전문 소매업,50,제주특별자치도,50110,제주시,50110560,삼도2동,5011010600,삼도이동,5011010600101990005,1,대지,199,5,제주특별자치도 제주시 삼도이동 199-5,501103349037,제주특별자치도 제주시 남성로,156,,5011010600101990005023287,,제주특별자치도 제주시 남성로 156,690809,63170,,3,,126.521887328268,33.5090989112415
MA010120220811348718,유나소방,,G2,소매,G221,기타 상품 소매,G22199,그 외 기타 상품 전문 소매업,G47859,그 외 기타 분류 안된 상품 전문 소매업,50,제주특별자치도,50130,서귀포시,50130540,천지동,5013010100,서귀동,5013010100103320089,1,대지,332,89,제주특별자치도 서귀포시 서귀동 332-89,501303350142,제주특별자치도 서귀포시 서문서로,5,,5013010100103320089024959,,제주특별자치도 서귀포시 서문서로 5,697844,63593,,,,126.555890432992,33.2482811324004
MA010120220811354218,국제수석,,G2,소매,G221,기타 상품 소매,G22199,그 외 기타 상품 전문 소매업,G47859,그 외 기타 분류 안된 상품 전문 소매업,50,제주특별자치도,50110,제주시,50110650,연동,5011013700,연동,5011013700123960007,1,대지,2396,7,제주특별자치도 제주시 연동 2396-7,501104848346,제주특별자치도 제주시 오일장동길,4,,5011013700123960007063865,,제주특별자치도 제주시 오일장동길 4,690818,63116,,,,126.479100024276,33.4939149298951
MA010120220811363091,고려불교,,G2,소매,G221,기타 상품 소매,G22199,그 외 기타 상품 전문 소매업,G47859,그 외 기타 분류 안된 상품 전문 소매업,50,제주특별자치도,50110,제주시,50110510,일도1동,5011010100,일도일동,5011010100111610000,1,대지,1161,,제주특별자치도 제주시 일도일동 1161,501104847633,제주특별자치도 제주시 만덕로6길,29,,5011010100100000000065778,,제주특별자치도 제주시 만덕로6길 29,690836,63278,,,,126.528783904146,33.5134890341647
MA010120220811340775,중앙러브샵,,G2,소매,G221,기타 상품 소매,G22199,그 외 기타 상품 전문 소매업,G47859,그 외 기타 분류 안된 상품 전문 소매업,50,제주특별자치도,50110,제주시,50110530,이도1동,5011010300,이도일동,5011010300114590001,1,대지,1459,1,제주특별자치도 제주시 이도일동 1459-1,501103349184,제주특별자치도 제주시 중앙로,89,1,5011010300114590001035904,,제주특별자치도 제주시 중앙로 89-1,690829,63192,,1,,126.52395839993,33.5102158433352
MA010120220811344443,소잉맘미싱,,G2,소매,G221,기타 상품 소매,G22199,그 외 기타 상품 전문 소매업,G47859,그 외 기타 분류 안된 상품 전문 소매업,50,제주특별자치도,50110,제주시,50110510,일도1동,5011010100,일도일동,5011010100111460020,1,대지,1146,20,제주특별자치도 제주시 일도일동 1146-20,501103349082,제주특별자치도 제주시 산지로,49,,5011010100111460020025385,일도일동,제주특별자치도 제주시 산지로 49,690836,63278,,1,,126.528236216717,33.5132615520396
MA010120220811354475,에코텍,코리아,G2,소매,G221,기타 상품 소매,G22199,그 외 기타 상품 전문 소매업,G47859,그 외 기타 분류 안된 상품 전문 소매업,50,제주특별자치도,50130,서귀포시,50130253,남원읍,5013025321,남원읍,5013025321102220003,1,대지,222,3,제주특별자치도 서귀포시 남원읍 남원리 222-3,501303349235,제주특별자치도 서귀포시 남원읍 일주동로,7115,,5013025321102220003000001,,제주특별자치도 서귀포시 남원읍 일주동로 7115,699941,63621,,,,126.720171829683,33.2832647981495
MA010120220811334857,창작나라조형마을,,G2,소매,G221,기타 상품 소매,G22199,그 외 기타 상품 전문 소매업,G47859,그 외 기타 분류 안된 상품 전문 소매업,50,제주특별자치도,50130,서귀포시,50130580,서홍동,5013010600,서홍동,5013010600103970099,1,대지,397,99,제주특별자치도 서귀포시 서홍동 397-99,501303350347,제주특별자치도 서귀포시 중앙로,111,,5013010600103970099031387,,제주특별자치도 서귀포시 중앙로 111,697851,63584,,,,126.560515960795,33.254581924071
MA010120220811356308,대광불교사,,G2,소매,G221,기타 상품 소매,G22199,그 외 기타 상품 전문 소매업,G47859,그 외 기타 분류 안된 상품 전문 소매업,50,제주특별자치도,50110,제주시,50110640,오라동,5011011900,오라일동,5011011900124490021,1,대지,2449,21,제주특별자치도 제주시 오라일동 2449-21,501103349092,제주특별자치도 제주시 서사로,164,,5011011900124490021039337,,제주특별자치도 제주시 서사로 164,690161,63190,,1,,126.519485914646,33.4976574409301
MA010120220811340992,핑크러브샵성인용품,,G2,소매,G221,기타 상품 소매,G22199,그 외 기타 상품 전문 소매업,G47859,그 외 기타 분류 안된 상품 전문 소매업,50,제주특별자치도,50110,제주시,50110580,용담2동,5011010900,용담이동,5011010900126810035,1,대지,2681,35,제주특별자치도 제주시 용담이동 2681-35,501103349154,제주특별자치도 제주시 용문로,138,,5011010900126810035015438,,제주특별자치도 제주시 용문로 138,690822,63161,,,,126.509307342683,33.5069219703064
MA010120220811354735,타이티수위룬금선다원,코리아,G2,소매,G221,기타 상품 소매,G22199,그 외 기타 상품 전문 소매업,G47859,그 외 기타 분류 안된 상품 전문 소매업,50,제주특별자치도,50130,서귀포시,50130550,효돈동,5013010900,신효동,5013010900113190001,1,대지,1319,1,제주특별자치도 서귀포시 신효동 1319-1,501303350333,제주특별자치도 서귀포시 효돈로,34,,5013010900113190001000001,,제주특별자치도 서귀포시 효돈로 34,697040,63605,,,,126.603024831153,33.261261710087
MA010120220811346956,불교종합점,,G2,소매,G221,기타 상품 소매,G22199,그 외 기타 상품 전문 소매업,G47859,그 외 기타 분류 안된 상품 전문 소매업,50,제주특별자치도,50110,제주시,50110530,이도1동,5011010300,이도일동,5011010300116880001,1,대지,1688,1,제주특별자치도 제주시 이도일동 1688-1,501103349184,제주특별자치도 제주시 중앙로,168,,5011010300116880001000001,,제주특별자치도 제주시 중앙로 168,690828,63198,,,,126.526683688374,33.5038610511305
MA010120220811356545,광주김치,,G2,소매,G221,기타 상품 소매,G22199,그 외 기타 상품 전문 소매업,G47859,그 외 기타 분류 안된 상품 전문 소매업,50,제주특별자치도,50110,제주시,50110259,조천읍,5011025921,조천읍,5011025921127080006,1,대지,2708,6,제주특별자치도 제주시 조천읍 신촌리 2708-6,501104848174,제주특별자치도 제주시 조천읍 신촌남1길,33,7,5011025921127080006000001,,제주특별자치도 제주시 조천읍 신촌남1길 33-7,695963,63336,,,,126.618540140251,33.5277726338176
MA010120220811337269,금산인삼,,G2,소매,G221,기타 상품 소매,G22199,그 외 기타 상품 전문 소매업,G47859,그 외 기타 분류 안된 상품 전문 소매업,50,제주특별자치도,50110,제주시,50110250,한림읍,5011025024,한림읍,5011025024113150005,1,대지,1315,5,제주특별자치도 제주시 한림읍 한림리 1315-5,501104849009,제주특별자치도 제주시 한림읍 한림북동길,2,,5011025024013150005006593,,제주특별자치도 제주시 한림읍 한림북동길 2,695932,63031,,,,126.264839704332,33.4155093493479
MA010120220811349740,제주우표사,,G2,소매,G221,기타 상품 소매,G22199,그 외 기타 상품 전문 소매업,G47859,그 외 기타 분류 안된 상품 전문 소매업,50,제주특별자치도,50110,제주시,50110560,삼도2동,5011010600,삼도이동,5011010600100540000,1,대지,54,,제주특별자치도 제주시 삼도이동 54,501103349016,제주특별자치도 제주시 관덕로,33,,5011010600100540000021767,,제주특별자치도 제주시 관덕로 33,690032,63166,,,,126.522358473058,33.5134554104307
MA010120220811351539,명농원,,G2,소매,G221,기타 상품 소매,G22199,그 외 기타 상품 전문 소매업,G47859,그 외 기타 분류 안된 상품 전문 소매업,50,제주특별자치도,50130,서귀포시,50130253,남원읍,5013025324,남원읍,5013025324102330006,1,대지,233,6,제주특별자치도 서귀포시 남원읍 수망리 233-6,501303349229,제주특별자치도 서귀포시 남원읍 남조로,546,1,5013025324102330006000001,,제주특별자치도 서귀포시 남원읍 남조로 546-1,699949,63615,,,,126.713826391706,33.3263391693499
MA010120220811357018,해모루,,G2,소매,G221,기타 상품 소매,G22199,그 외 기타 상품 전문 소매업,G47859,그 외 기타 분류 안된 상품 전문 소매업,50,제주특별자치도,50110,제주시,50110540,이도2동,5011012900,도남동,5011012900100620003,1,대지,62,3,제주특별자치도 제주시 도남동 62-3,501103349051,제주특별자치도 제주시 도남로,102,10,5011012900100620003040449,,제주특별자치도 제주시 도남로 102-10,690807,63219,,,,126.527374552643,33.491593012388
MA010120220811341727,대통불교마트,,G2,소매,G221,기타 상품 소매,G22199,그 외 기타 상품 전문 소매업,G47859,그 외 기타 분류 안된 상품 전문 소매업,50,제주특별자치도,50110,제주시,50110560,삼도2동,5011010600,삼도이동,5011010600106320014,1,대지,632,14,제주특별자치도 제주시 삼도이동 632-14,501103349092,제주특별자치도 제주시 서사로,53,,5011010600106320014029364,,제주특별자치도 제주시 서사로 53,690850,63171,,1,,126.520227166525,33.5076409320363
MA010120220811357127,도반,,G2,소매,G221,기타 상품 소매,G22199,그 외 기타 상품 전문 소매업,G47859,그 외 기타 분류 안된 상품 전문 소매업,50,제주특별자치도,50110,제주시,50110600,화북동,5011011100,화북일동,5011011100146840000,1,대지,4684,,제주특별자치도 제주시 화북일동 4684,501104848512,제주특별자치도 제주시 원두길,34,,5011011100146840000053816,,제주특별자치도 제주시 원두길 34,690061,63293,,,,126.554217002458,33.5156478109475
MA010120220811334034,그린정보통신,,G2,소매,G221,기타 상품 소매,G22199,그 외 기타 상품 전문 소매업,G47859,그 외 기타 분류 안된 상품 전문 소매업,50,제주특별자치도,50110,제주시,50110540,이도2동,5011010400,이도이동,5011010400110590014,1,대지,1059,14,제주특별자치도 제주시 이도이동 1059-14,501103349137,제주특별자치도 제주시 연삼로,411,,5011010400110590014065197,네오캠퍼스,제주특별자치도 제주시 연삼로 411,690825,63210,,3,,126.535012093324,33.4960667628626
MA010120220811191119,현담가발,,G2,소매,G221,기타 상품 소매,G22199,그 외 기타 상품 전문 소매업,G47422,의복 액세서리 및 모조 장신구 소매업,48,경상남도,48170,진주시,48170673,상대동,4817011900,상대동,4817011900103030047,1,대지,303,47,경상남도 진주시 상대동 303-47,481704796485,경상남도 진주시 동진로215번길,7,,4817011900103030047013761,,경상남도 진주시 동진로215번길 7,660807,52792,,1,,128.114664878111,35.1804456019324
MA010120220811200425,바다방재,,G2,소매,G221,기타 상품 소매,G22199,그 외 기타 상품 전문 소매업,G47519,"페인트, 창호 및 기타 건설자재 소매업",46,전라남도,46110,목포시,46110640,동명동,4611010200,산정동,4611010200113480000,1,대지,1348,,전라남도 목포시 산정동 1348,461104643343,전라남도 목포시 삼학로123번길,8,1,4611010200113480000011692,,전라남도 목포시 삼학로123번길 8-1,530816,58743,,,,126.397804842726,34.7880888260193
MA010120220811207678,에스티켐,,G2,소매,G221,기타 상품 소매,G22199,그 외 기타 상품 전문 소매업,G47859,그 외 기타 분류 안된 상품 전문 소매업,30,대전광역시,30230,대덕구,30230520,대화동,3023010200,대화동,3023010200102890001,1,대지,289,1,대전광역시 대덕구 대화동 289-1,302303168004,대전광역시 대덕구 대화로,160,,3023010200102890001008147,대전산업용재유통상가,대전광역시 대덕구 대화로 160,306754,34368,,,,127.402936017244,36.3652945197826
MA010120220811200917,장수불교사,,G2,소매,G221,기타 상품 소매,G22199,그 외 기타 상품 전문 소매업,G47859,그 외 기타 분류 안된 상품 전문 소매업,52,전북특별자치도,52740,장수군,52740340,천천면,5274034022,천천면,5274034022200380000,2,산,38,,전북특별자치도 장수군 천천면 월곡리 산38,527403276025,전북특별자치도 장수군 천천면 싸리재로,601,,4574034022200380000000001,,전북특별자치도 장수군 천천면 싸리재로 601,597851,55609,,,,127.530015976703,35.6895700346036
MA010120220811195134,풍농비료봉화,대리점,G2,소매,G221,기타 상품 소매,G22199,그 외 기타 상품 전문 소매업,G47859,그 외 기타 분류 안된 상품 전문 소매업,47,경상북도,47920,봉화군,47920320,봉성면,4792032026,봉성면,4792032026106020035,1,대지,602,35,경상북도 봉화군 봉성면 금봉리 602-35,479203324004,경상북도 봉화군 봉성면 다덕로,436,11,4792032026106020035027883,,경상북도 봉화군 봉성면 다덕로 436-11,755851,36225,,,,128.781435352087,36.9097245894657
MA010120220811198867,예인디자인팩,,G2,소매,G221,기타 상품 소매,G22199,그 외 기타 상품 전문 소매업,G47859,그 외 기타 분류 안된 상품 전문 소매업,52,전북특별자치도,52130,군산시,52130690,수송동,5213014100,수송동,5213014100108360004,1,대지,836,4,전북특별자치도 군산시 수송동 836-4,521304604247,전북특별자치도 군산시 동수송5길,13,,4513014100108360004002558,오션빌,전북특별자치도 군산시 동수송5길 13,573370,54091,,,,126.717601606708,35.9661178410483
MA010120220811198978,루나그린골프,,G2,소매,G221,기타 상품 소매,G22199,그 외 기타 상품 전문 소매업,G47859,그 외 기타 분류 안된 상품 전문 소매업,11,서울특별시,11680,강남구,11680640,역삼1동,1168010100,역삼동,1168010100108280007,1,대지,828,7,서울특별시 강남구 역삼동 828-7,116804166767,서울특별시 강남구 테헤란로8길,37,,1168010100108280007024608,한동빌딩,서울특별시 강남구 테헤란로8길 37,135935,06239,,1,,127.032455232745,37.4965615948921
MA010120220812659668,한수케미칼,,G2,소매,G221,기타 상품 소매,G22199,그 외 기타 상품 전문 소매업,G47859,그 외 기타 분류 안된 상품 전문 소매업,41,경기도,41220,평택시,41220640,세교동,4122012200,신대동,4122012200101110001,1,대지,111,1,경기도 평택시 신대동 111-1,412203188122,경기도 평택시 평택로,145,,4122012200101110001011835,,경기도 평택시 평택로 145,450819,17828,,,,127.07953823787,36.9981896077466
MA010120220812667789,일월선녀,,G2,소매,G221,기타 상품 소매,G22199,그 외 기타 상품 전문 소매업,G47859,그 외 기타 분류 안된 상품 전문 소매업,46,전라남도,46110,목포시,46110520,용당2동,4611010100,용당동,4611010100111010024,1,대지,1101,24,전라남도 목포시 용당동 1101-24,461104643522,전라남도 목포시 영산로330번길,10,1,4611010100111010024051238,,전라남도 목포시 영산로330번길 10-1,530362,58700,,,,126.401540715552,34.8048371688629
MA010120220812705675,창원세이브머니,,G2,소매,G221,기타 상품 소매,G22199,그 외 기타 상품 전문 소매업,G47859,그 외 기타 분류 안된 상품 전문 소매업,48,경상남도,48123,창원시 성산구,48123530,상남동,4812312700,상남동,4812312700101050012,1,대지,105,12,경상남도 창원시 성산구 상남동 105-12,481234784070,경상남도 창원시 성산구 동산로55번길,12,1,4812312700101050012026307,,경상남도 창원시 성산구 동산로55번길 12-1,642829,51502,,,,128.685486473047,35.2154828222414
MA010120220812659966,초원농장,,G2,소매,G221,기타 상품 소매,G22199,그 외 기타 상품 전문 소매업,G47859,그 외 기타 분류 안된 상품 전문 소매업,44,충청남도,44760,부여군,44760400,양화면,4476040022,양화면,4476040022101590000,1,대지,159,,충청남도 부여군 양화면 내성리 159,447604577103,충청남도 부여군 양화면 내성로15번길,22,1,4476040022101590000067982,,충청남도 부여군 양화면 내성로15번길 22-1,323931,33215,,,,126.862553291674,36.1066384482244
MA010120220812629294,김호증모가발,,G2,소매,G221,기타 상품 소매,G22199,그 외 기타 상품 전문 소매업,G47422,의복 액세서리 및 모조 장신구 소매업,48,경상남도,48127,창원시 마산회원구,48127570,양덕2동,4812710500,양덕동,4812710500100610001,1,대지,61,1,경상남도 창원시 마산회원구 양덕동 61-1,481273330018,경상남도 창원시 마산회원구 양덕로,149,1,4812710500100610001013850,,경상남도 창원시 마산회원구 양덕로 149-1,630811,51366,,2,,128.583242467373,35.2316436556382
MA010120220812631837,안전한세상,,G2,소매,G221,기타 상품 소매,G22199,그 외 기타 상품 전문 소매업,G47859,그 외 기타 분류 안된 상품 전문 소매업,11,서울특별시,11290,성북구,11290715,월곡1동,1129013600,하월곡동,1129013600100760010,1,대지,76,10,서울특별시 성북구 하월곡동 76-10,112904121437,서울특별시 성북구 오패산로17길,7,,1129013600100760010017502,,서울특별시 성북구 오패산로17길 7,136869,02737,,,,127.035686166098,37.6083474920357
MA010120220812643205,브리티,,G2,소매,G221,기타 상품 소매,G22199,그 외 기타 상품 전문 소매업,G47859,그 외 기타 분류 안된 상품 전문 소매업,11,서울특별시,11680,강남구,11680640,역삼1동,1168010100,역삼동,1168010100106130018,1,대지,613,18,서울특별시 강남구 역삼동 613-18,116804166337,서울특별시 강남구 봉은사로18길,15,,1168010100106130018022262,MK빌딩,서울특별시 강남구 봉은사로18길 15,135907,06127,,3,,127.030581522129,37.5051216514449
MA010120220812632091,내고향산야초,,G2,소매,G221,기타 상품 소매,G22199,그 외 기타 상품 전문 소매업,G47859,그 외 기타 분류 안된 상품 전문 소매업,29,광주광역시,29155,남구,29155537,봉선1동,2915511500,봉선동,2915511500110010008,1,대지,1001,8,광주광역시 남구 봉선동 1001-8,291553161007,광주광역시 남구 봉선1로,35,,2915511500110010008005584,,광주광역시 남구 봉선1로 35,503847,61694,,,,126.909079717506,35.128016138525
MA010120220812645862,시영케미칼,,G2,소매,G221,기타 상품 소매,G22199,그 외 기타 상품 전문 소매업,G47859,그 외 기타 분류 안된 상품 전문 소매업,52,전북특별자치도,52140,익산시,52140420,춘포면,5214042032,춘포면,5214042032100310014,1,대지,31,14,전북특별자치도 익산시 춘포면 춘포리 31-14,521403269037,전북특별자치도 익산시 춘포면 춘포로,364,31,4514042032100310014000001,,전북특별자치도 익산시 춘포면 춘포로 364-31,570951,54581,,2,,127.006823437168,35.9002625757251
MA010120220812665569,조은상사,,G2,소매,G221,기타 상품 소매,G22199,그 외 기타 상품 전문 소매업,G47859,그 외 기타 분류 안된 상품 전문 소매업,44,충청남도,44131,천안시 동남구,44131580,청룡동,4413110800,구성동,4413110800104750011,1,대지,475,11,충청남도 천안시 동남구 구성동 475-11,441313249071,충청남도 천안시 동남구 충무로,496,,4413110800104750011028767,,충청남도 천안시 동남구 충무로 496,330988,31192,,,,127.160432890988,36.7984968596856
MA010120220812715006,니들두들,,G2,소매,G221,기타 상품 소매,G22199,그 외 기타 상품 전문 소매업,G47859,그 외 기타 분류 안된 상품 전문 소매업,48,경상남도,48250,김해시,48250520,회현동,4825010400,봉황동,4825010400102230010,1,대지,223,10,경상남도 김해시 봉황동 223-10,482504857370,경상남도 김해시 봉황대길,46,,4825010400102230010054949,,경상남도 김해시 봉황대길 46,621040,50926,,,,128.878627344324,35.2288244174019
MA010120220812733533,성화식품,,G2,소매,G221,기타 상품 소매,G22199,그 외 기타 상품 전문 소매업,G47859,그 외 기타 분류 안된 상품 전문 소매업,52,전북특별자치도,52140,익산시,52140410,왕궁면,5214041024,왕궁면,5214041024104150001,1,대지,415,1,전북특별자치도 익산시 왕궁면 온수리 415-1,521404607912,전북특별자치도 익산시 왕궁면 온수1길,31,,4514041024104150001055716,,전북특별자치도 익산시 왕궁면 온수1길 31,570945,54577,,,,127.066446799737,35.921775177986
MA010120220812623923,에덴850,,G2,소매,G221,기타 상품 소매,G22199,그 외 기타 상품 전문 소매업,G47859,그 외 기타 분류 안된 상품 전문 소매업,41,경기도,41360,남양주시,41360256,화도읍,4136025630,화도읍,4136025630108500004,1,대지,850,4,경기도 남양주시 화도읍 차산리 850-4,413604391534,경기도 남양주시 화도읍 수레로964번길,113,13,4136025630108500004019803,,경기도 남양주시 화도읍 수레로964번길 113-13,472847,12199,,,,127.289014280973,37.6237752506566
MA010120220812651902,37.5유통,,G2,소매,G221,기타 상품 소매,G22199,그 외 기타 상품 전문 소매업,G47859,그 외 기타 분류 안된 상품 전문 소매업,47,경상북도,47111,포항시 남구,47111320,동해면,4711132022,동해면,4711132022104210015,1,대지,421,15,경상북도 포항시 남구 동해면 약전리 421-15,471113303040,경상북도 포항시 남구 동해면 일월로,137,,4711132022104210015067598,,경상북도 포항시 남구 동해면 일월로 137,790855,37925,,2,,129.448134684057,35.9880914277076
MA010120220812738767,남영종합상사,,G2,소매,G221,기타 상품 소매,G22199,그 외 기타 상품 전문 소매업,G47859,그 외 기타 분류 안된 상품 전문 소매업,30,대전광역시,30230,대덕구,30230546,중리동,3023010900,중리동,3023010900101050008,1,대지,105,8,대전광역시 대덕구 중리동 105-8,302304304028,대전광역시 대덕구 계족산로9번길,46,,3023010900101050008012337,,대전광역시 대덕구 계족산로9번길 46,306824,34411,,2,,127.432120439252,36.3636965869602
MA010120220812687914,성현농자재,,G2,소매,G221,기타 상품 소매,G22199,그 외 기타 상품 전문 소매업,G47859,그 외 기타 분류 안된 상품 전문 소매업,52,전북특별자치도,52710,완주군,52710250,삼례읍,5271025025,삼례읍,5271025025106960001,1,대지,696,1,전북특별자치도 완주군 삼례읍 신금리 696-1,527104619289,전북특별자치도 완주군 삼례읍 원신금1길,24,,4571025025106960001001787,,전북특별자치도 완주군 삼례읍 원신금1길 24,565804,55333,,,,127.088629193794,35.9120454212998
MA010120220812737516,창원단감사슴,,G2,소매,G221,기타 상품 소매,G22199,그 외 기타 상품 전문 소매업,G47859,그 외 기타 분류 안된 상품 전문 소매업,48,경상남도,48121,창원시 의창구,48121250,동읍,4812125038,동읍,4812125038102640002,1,대지,264,2,경상남도 창원시 의창구 동읍 금산리 264-2,481213019001,경상남도 창원시 의창구 동읍 동읍로,991,9,4812125038102640002060945,창원단감사슴농장,경상남도 창원시 의창구 동읍 동읍로 991-9,641861,51115,,,,128.665875618262,35.3443575405052
MA010120220812739001,케이엠엘리보석십자수,,G2,소매,G221,기타 상품 소매,G22199,그 외 기타 상품 전문 소매업,G47859,그 외 기타 분류 안된 상품 전문 소매업,48,경상남도,48240,사천시,48240250,사천읍,4824025023,사천읍,4824025023101570005,1,대지,157,5,경상남도 사천시 사천읍 평화리 157-5,482404802568,경상남도 사천시 사천읍 읍내1길,62,9,4824025023101570005059402,,경상남도 사천시 사천읍 읍내1길 62-9,664808,52518,,1,,128.087378464012,35.0825772164319
MA010120220812676841,오르,,G2,소매,G221,기타 상품 소매,G22199,그 외 기타 상품 전문 소매업,G47859,그 외 기타 분류 안된 상품 전문 소매업,27,대구광역시,27110,중구,27110545,삼덕동,2711010500,삼덕동1가,2711010500100360011,1,대지,36,11,대구광역시 중구 삼덕동1가 36-11,271104223085,대구광역시 중구 동성로3길,12,16,2711010500100360011007760,,대구광역시 중구 동성로3길 12-16,700411,41942,,,,128.598193041872,35.8656034027934
MA010120220812685208,보라돌이,,G2,소매,G221,기타 상품 소매,G22199,그 외 기타 상품 전문 소매업,G47859,그 외 기타 분류 안된 상품 전문 소매업,30,대전광역시,30170,서구,30170590,가수원동,3017011400,가수원동,3017011400108010001,1,대지,801,1,대전광역시 서구 가수원동 801-1,301704298009,대전광역시 서구 가수원중로59번길,26,,3017011400108010001019049,,대전광역시 서구 가수원중로59번길 26,302802,35390,,,,127.35275238144,36.2990543905247
MA010120220812712686,디앤유,,G2,소매,G221,기타 상품 소매,G22199,그 외 기타 상품 전문 소매업,G47859,그 외 기타 분류 안된 상품 전문 소매업,41,경기도,41590,화성시,41590600,동탄6동,4159013800,방교동,4159013800108400001,1,대지,840,1,경기도 화성시 방교동 840-1,415904848180,경기도 화성시 동탄산단4길,9,20,4159042031104170001000001,,경기도 화성시 동탄산단4길 9-20,,18487,,,,127.087246785552,37.1666661785659
MA010120220812652511,근자씨가게,,G2,소매,G221,기타 상품 소매,G22199,그 외 기타 상품 전문 소매업,G47859,그 외 기타 분류 안된 상품 전문 소매업,50,제주특별자치도,50110,제주시,50110256,구좌읍,5011025632,구좌읍,5011025632110400000,1,대지,1040,,제주특별자치도 제주시 구좌읍 종달리 1040,501104848740,제주특별자치도 제주시 구좌읍 종달로1길,48,6,5011025632110400000000001,,제주특별자치도 제주시 구좌읍 종달로1길 48-6,695976,63364,,,,126.901018875661,33.4960251220885
MA010120220812770963,오산불교사,,G2,소매,G221,기타 상품 소매,G22199,그 외 기타 상품 전문 소매업,G47859,그 외 기타 분류 안된 상품 전문 소매업,41,경기도,41370,오산시,41370523,대원1동,4137010100,오산동,4137010100108770002,1,대지,877,2,경기도 오산시 오산동 877-2,413704394113,경기도 오산시 오산로240번길,2,,4137010100108770002015239,,경기도 오산시 오산로240번길 2,447802,18138,,,,127.068911529131,37.1482696391989
MA010120220812632969,피에스허브,,G2,소매,G221,기타 상품 소매,G22199,그 외 기타 상품 전문 소매업,G47859,그 외 기타 분류 안된 상품 전문 소매업,41,경기도,41830,양평군,41830395,지평면,4183039523,지평면,4183039523114700001,1,대지,1470,1,경기도 양평군 지평면 월산리 1470-1,418304451597,경기도 양평군 지평면 산모랭이길,4,,4183039523114700001023276,,경기도 양평군 지평면 산모랭이길 4,476873,12541,,,,127.638558450283,37.4921913266032
MA010120220812649676,불교상회,,G2,소매,G221,기타 상품 소매,G22199,그 외 기타 상품 전문 소매업,G47859,그 외 기타 분류 안된 상품 전문 소매업,44,충청남도,44810,예산군,44810250,예산읍,4481025030,예산읍,4481025030105820000,1,대지,582,,충청남도 예산군 예산읍 신례원리 582,448103263043,충청남도 예산군 예산읍 창신로,53,,4481025030105820000010855,신례원현대,충청남도 예산군 예산읍 창신로 53,340754,32421,,2,,126.837933727307,36.722764709782
MA010120220812688283,부성세이프티,,G2,소매,G221,기타 상품 소매,G22199,그 외 기타 상품 전문 소매업,G47859,그 외 기타 분류 안된 상품 전문 소매업,41,경기도,41390,시흥시,41390621,과림동,4139011200,과림동,4139011200103540008,1,대지,354,8,경기도 시흥시 과림동 354-8,413903000017,경기도 시흥시 금오로,453,,4139011200103540008000205,과림오피시아빌딩,경기도 시흥시 금오로 453,429120,14926,,,,126.831331377518,37.4426643729269
MA010120220812696720,선진산업,,G2,소매,G221,기타 상품 소매,G22199,그 외 기타 상품 전문 소매업,G47859,그 외 기타 분류 안된 상품 전문 소매업,29,광주광역시,29200,광산구,29200640,하남동,2920020200,오선동,2920020200102730030,1,대지,273,30,광주광역시 광산구 오선동 273-30,292003163035,광주광역시 광산구 용아로,627,,2920020200102730030023437,,광주광역시 광산구 용아로 627,506250,62217,,3,,126.804273810004,35.1996041908271
MA010120220812747544,바닐라,,G2,소매,G221,기타 상품 소매,G22199,그 외 기타 상품 전문 소매업,G47859,그 외 기타 분류 안된 상품 전문 소매업,27,대구광역시,27710,달성군,27710253,논공읍,2771025322,논공읍,2771025322115250004,1,대지,1525,4,대구광역시 달성군 논공읍 금포리 1525-4,277103007026,대구광역시 달성군 논공읍 비슬로,1806,,2771025322115250004040639,,대구광역시 달성군 논공읍 비슬로 1806,711851,42974,,,,128.422925800427,35.7749417891959
MA010120220812749780,기동,,G2,소매,G221,기타 상품 소매,G22199,그 외 기타 상품 전문 소매업,G47859,그 외 기타 분류 안된 상품 전문 소매업,48,경상남도,48840,남해군,48840360,서면,4884036026,서면,4884036026116400000,1,대지,1640,,경상남도 남해군 서면 남상리 1640,488404829088,경상남도 남해군 서면 남서대로2309번길,44,3,4884036026116400000049694,,경상남도 남해군 서면 남서대로2309번길 44-3,668871,52409,,,,127.811554912256,34.8546476291652
MA010120220812764119,풍농비료태안,,G2,소매,G221,기타 상품 소매,G22199,그 외 기타 상품 전문 소매업,G47859,그 외 기타 분류 안된 상품 전문 소매업,44,충청남도,44825,태안군,44825330,근흥면,4482533021,근흥면,4482533021102620002,1,대지,262,2,충청남도 태안군 근흥면 두야리 262-2,448253264002,충청남도 태안군 근흥면 근흥로,134,,4482533021102620002000001,,충청남도 태안군 근흥면 근흥로 134,357943,32126,,,,126.26311235132,36.7526192072503
MA010120220812764286,다솜월드,,G2,소매,G221,기타 상품 소매,G22199,그 외 기타 상품 전문 소매업,G47859,그 외 기타 분류 안된 상품 전문 소매업,46,전라남도,46110,목포시,46110758,신흥동,4611015800,상동,4611015800108970001,1,대지,897,1,전라남도 목포시 상동 897-1,461103281072,전라남도 목포시 입암로,34,,4611015800108970001028910,,전라남도 목포시 입암로 34,530826,58696,,2,,126.41872806723,34.802117135114
MA010120220812765044,동성물산,,G2,소매,G221,기타 상품 소매,G22199,그 외 기타 상품 전문 소매업,G47859,그 외 기타 분류 안된 상품 전문 소매업,11,서울특별시,11230,동대문구,11230545,제기동,1123010300,제기동,1123010300109570002,1,대지,957,2,서울특별시 동대문구 제기동 957-2,112303105007,서울특별시 동대문구 약령중앙로,44,1,1123010300109570002031489,,서울특별시 동대문구 약령중앙로 44-1,130864,02570,,,,127.037337934068,37.5822182274901
MA010120220812625169,장유유통,,G2,소매,G221,기타 상품 소매,G22199,그 외 기타 상품 전문 소매업,G47859,그 외 기타 분류 안된 상품 전문 소매업,48,경상남도,48121,창원시 의창구,48121520,팔룡동,4812112900,팔용동,4812112900101350001,1,대지,135,1,경상남도 창원시 의창구 팔용동 135-1,481214781308,경상남도 창원시 의창구 사화로18번길,1,,4812112900101350001019189,,경상남도 창원시 의창구 사화로18번길 1,641849,51377,,,,128.609768548229,35.2566452341579
MA010120220812608156,슈퍼스타,,G2,소매,G221,기타 상품 소매,G22199,그 외 기타 상품 전문 소매업,G47859,그 외 기타 분류 안된 상품 전문 소매업,11,서울특별시,11650,서초구,11650652,양재2동,1165010200,양재동,1165010200102910016,1,대지,291,16,서울특별시 서초구 양재동 291-16,116503121005,서울특별시 서초구 동산로,71,,1165010200102910016003095,마승빌딩,서울특별시 서초구 동산로 71,137896,06781,,4,,127.046293121104,37.4723288661971
MA010120220812616736,신비세상,,G2,소매,G221,기타 상품 소매,G22199,그 외 기타 상품 전문 소매업,G47859,그 외 기타 분류 안된 상품 전문 소매업,11,서울특별시,11740,강동구,11740620,천호3동,1174010900,천호동,1174010900104510000,1,대지,451,,서울특별시 강동구 천호동 451,117402000008,서울특별시 강동구 천호대로,1053,,1174010900104510000010586,이안강동컴홈스테이1차,서울특별시 강동구 천호대로 1053,134864,05336,,,,127.128963842671,37.537383174692
MA010120220812697182,세광기획,,G2,소매,G221,기타 상품 소매,G22199,그 외 기타 상품 전문 소매업,G47859,그 외 기타 분류 안된 상품 전문 소매업,51,강원특별자치도,51750,영월군,51750250,영월읍,5175025022,영월읍,5175025022102530047,1,대지,253,47,강원특별자치도 영월군 영월읍 하송리 253-47,517503227021,강원특별자치도 영월군 영월읍 중앙1로,22,9,4275025022102530047018608,,강원특별자치도 영월군 영월읍 중앙1로 22-9,230808,26236,,3,,128.466142750843,37.1831528562974
MA010120220812719049,미성산업,,G2,소매,G221,기타 상품 소매,G22199,그 외 기타 상품 전문 소매업,G47859,그 외 기타 분류 안된 상품 전문 소매업,41,경기도,41113,수원시 권선구,41113550,평동,4111312900,오목천동,4111312900104980012,1,대지,498,12,경기도 수원시 권선구 오목천동 498-12,411133012004,경기도 수원시 권선구 삼천병마로,1592,19,4111312900104980012035287,,경기도 수원시 권선구 삼천병마로 1592-19,441850,16635,,,,126.964598938068,37.2442464715671
MA010120220812754134,건강식품,,G2,소매,G221,기타 상품 소매,G22199,그 외 기타 상품 전문 소매업,G47859,그 외 기타 분류 안된 상품 전문 소매업,52,전북특별자치도,52140,익산시,52140580,마동,5214011200,마동,5214011200103430002,1,대지,343,2,전북특별자치도 익산시 마동 343-2,521403269002,전북특별자치도 익산시 고봉로,15,,4514011200103430002074852,,전북특별자치도 익산시 고봉로 15,570964,54598,,,,126.961756518938,35.9350177430428
MA010120220812754139,양키캔들광주,수완점,G2,소매,G221,기타 상품 소매,G22199,그 외 기타 상품 전문 소매업,G47190,그 외 기타 종합 소매업,29,광주광역시,29200,광산구,29200637,수완동,2920011400,수완동,2920011400114750000,1,대지,1475,,광주광역시 광산구 수완동 1475,292002009005,광주광역시 광산구 임방울대로,330,,2920011400114750000000001,애플타워,광주광역시 광산구 임방울대로 330,506304,62306,,,,126.824061782408,35.1893501190412
MA010120220812630875,정원소방,,G2,소매,G221,기타 상품 소매,G22199,그 외 기타 상품 전문 소매업,G47859,그 외 기타 분류 안된 상품 전문 소매업,46,전라남도,46150,순천시,46150310,해룡면,4615031023,해룡면,4615031023106240006,1,대지,624,6,전라남도 순천시 해룡면 상삼리 624-6,461504649956,전라남도 순천시 해룡면 조례못등2길,8,16,4615031023106240006000001,,전라남도 순천시 해룡면 조례못등2길 8-16,540855,57974,,1,,127.529209524903,34.9502995481667
MA010120220812653392,디앤알팩토리,,G2,소매,G221,기타 상품 소매,G22199,그 외 기타 상품 전문 소매업,G47859,그 외 기타 분류 안된 상품 전문 소매업,48,경상남도,48250,김해시,48250320,주촌면,4825032028,주촌면,4825032028106380003,1,대지,638,3,경상남도 김해시 주촌면 농소리 638-3,482503335077,경상남도 김해시 주촌면 골든루트로,80,16,4825032028106380003000001,김해중소기업비즈니스센터,경상남도 김해시 주촌면 골든루트로 80-16,621842,50969,,3,,128.8316528353,35.2131878774889
MA010120220812667087,경북스틸하우스컨테이너,,G2,소매,G221,기타 상품 소매,G22199,그 외 기타 상품 전문 소매업,G47859,그 외 기타 분류 안된 상품 전문 소매업,47,경상북도,47170,안동시,47170660,송하동,4717013600,송현동,4717013600106640013,1,대지,664,13,경상북도 안동시 송현동 664-13,471703307043,경상북도 안동시 하이마로,26,,4717013600106640013000001,,경상북도 안동시 하이마로 26,760300,36636,,,,128.678286738221,36.57226670728
MA010120220812686239,세종방재,,G2,소매,G221,기타 상품 소매,G22199,그 외 기타 상품 전문 소매업,G47859,그 외 기타 분류 안된 상품 전문 소매업,36,세종특별자치시,36110,세종특별자치시,36110360,연서면,3611036033,연서면,3611036033102010001,1,대지,201,1,세종특별자치시 세종특별자치시 연서면 봉암리 201-1,361103258005,세종특별자치시 세종특별자치시 연서면 당산로,338,,4473032033102010001019544,,세종특별자치시 세종특별자치시 연서면 당산로 338,339813,30047,,,,127.282137891591,36.5617153552218
MA010120220812650656,여명수석,,G2,소매,G221,기타 상품 소매,G22199,그 외 기타 상품 전문 소매업,G47859,그 외 기타 분류 안된 상품 전문 소매업,26,부산광역시,26500,수영구,26500750,망미2동,2650010100,망미동,2650010100104170013,1,대지,417,13,부산광역시 수영구 망미동 417-13,265004214013,부산광역시 수영구 과정로42번길,30,,2650010100104170013016158,,부산광역시 수영구 과정로42번길 30,613821,48219,,1,,129.109223921741,35.1746054585996
MA010120220812664626,예림안전기업,,G2,소매,G221,기타 상품 소매,G22199,그 외 기타 상품 전문 소매업,G47859,그 외 기타 분류 안된 상품 전문 소매업,46,전라남도,46230,광양시,46230530,중마동,4623010600,중동,4623010600113070004,1,대지,1307,4,전라남도 광양시 중동 1307-4,462304655456,전라남도 광양시 중마청룡길,8,6,4623010600113070004035785,,전라남도 광양시 중마청룡길 8-6,545879,57786,,,,127.699456535207,34.940298642893
MA010120220812757755,진바이오,,G2,소매,G221,기타 상품 소매,G22199,그 외 기타 상품 전문 소매업,G47811,의약품 및 의료용품 소매업,50,제주특별자치도,50110,제주시,50110620,봉개동,5011013300,회천동,5011013300111640003,1,대지,1164,3,제주특별자치도 제주시 회천동 1164-3,501103349238,제주특별자치도 제주시 중산간동로,286,,5011013300111640003000001,,제주특별자치도 제주시 중산간동로 286,690090,63329,,,,126.618085157396,33.5063764049832
MA010120220812700544,동화자석,,G2,소매,G221,기타 상품 소매,G22199,그 외 기타 상품 전문 소매업,G47859,그 외 기타 분류 안된 상품 전문 소매업,11,서울특별시,11530,구로구,11530530,구로2동,1153010200,구로동,1153010200106060001,1,대지,606,1,서울특별시 구로구 구로동 606-1,115303116005,서울특별시 구로구 구로중앙로,197,,1153010200106060001017120,구로기계공구상가,서울특별시 구로구 구로중앙로 197,152864,08216,,,,126.877913427517,37.5039002243341
MA010120220812724802,이케이랩,,G2,소매,G221,기타 상품 소매,G22199,그 외 기타 상품 전문 소매업,G47859,그 외 기타 분류 안된 상품 전문 소매업,11,서울특별시,11530,구로구,11530595,가리봉동,1153010300,가리봉동,1153010300101270011,1,대지,127,11,서울특별시 구로구 가리봉동 127-11,115304148294,서울특별시 구로구 남부순환로105길,52,,1153010300101270011015906,,서울특별시 구로구 남부순환로105길 52,152801,08387,,3,,126.889869208882,37.4797109292351
MA010120220812623218,법인청원과수,,G2,소매,G221,기타 상품 소매,G22199,그 외 기타 상품 전문 소매업,G47859,그 외 기타 분류 안된 상품 전문 소매업,43,충청북도,43114,청주시 청원구,43114310,북이면,4311431024,북이면,4311431024105230000,1,대지,523,,충청북도 청주시 청원구 북이면 서당리 523,431144520349,충청북도 청주시 청원구 북이면 서당길,80,3,4311431024105230000000001,,충청북도 청주시 청원구 북이면 서당길 80-3,363921,28140,,,,127.549430521907,36.7273650926965
MA010120220812662207,천일불교,,G2,소매,G221,기타 상품 소매,G22199,그 외 기타 상품 전문 소매업,G47859,그 외 기타 분류 안된 상품 전문 소매업,44,충청남도,44131,천안시 동남구,44131510,중앙동,4413110400,사직동,4413110400102450004,1,대지,245,4,충청남도 천안시 동남구 사직동 245-4,441313249006,충청남도 천안시 동남구 대흥로,143,,4413110400102450004025249,,충청남도 천안시 동남구 대흥로 143,330040,31130,,1,,127.147081835616,36.8012534995263
MA010120220812428165,큐피트,,G2,소매,G221,기타 상품 소매,G22199,그 외 기타 상품 전문 소매업,G47859,그 외 기타 분류 안된 상품 전문 소매업,52,전북특별자치도,52113,전주시 덕진구,52113642,송천2동,5211312200,송천동2가,5211312200105810001,1,대지,581,1,전북특별자치도 전주시 덕진구 송천동2가 581-1,521133267037,전북특별자치도 전주시 덕진구 시천로,94,1,4511312200105810001000001,,전북특별자치도 전주시 덕진구 시천로 94-1,561821,54827,,,,127.114655376499,35.8676458513576
MA010120220812433319,퀵샵,,G2,소매,G221,기타 상품 소매,G22199,그 외 기타 상품 전문 소매업,G47859,그 외 기타 분류 안된 상품 전문 소매업,11,서울특별시,11620,관악구,11620525,보라매동,1162010100,봉천동,1162010100106620116,1,대지,662,116,서울특별시 관악구 봉천동 662-116,116204160410,서울특별시 관악구 봉천로21길,26,,1162010100106620116038338,,서울특별시 관악구 봉천로21길 26,151829,08719,,1,,126.934305384683,37.4880693097168
MA010120220812453115,케이씨지산업안전,,G2,소매,G221,기타 상품 소매,G22199,그 외 기타 상품 전문 소매업,G47859,그 외 기타 분류 안된 상품 전문 소매업,48,경상남도,48250,김해시,48250370,대동면,4825037028,대동면,4825037028107350001,1,대지,735,1,경상남도 김해시 대동면 덕산리 735-1,482503335020,경상남도 김해시 대동면 동북로,54,,4825037028107350001100192,,경상남도 김해시 대동면 동북로 54,621893,50806,,,,128.980666358205,35.2815194310492
MA010120220812436811,엔제이,,G2,소매,G221,기타 상품 소매,G22199,그 외 기타 상품 전문 소매업,G47859,그 외 기타 분류 안된 상품 전문 소매업,28,인천광역시,28200,남동구,28200700,논현2동,2820011000,논현동,2820011000106420001,1,대지,642,1,인천광역시 남동구 논현동 642-1,282004259254,인천광역시 남동구 논현로46번길,51,,2820011000106420001000001,유승테라폴리스,인천광역시 남동구 논현로46번길 51,405825,21655,,,,126.709574865866,37.400611800314
MA010120220812469358,미래생활용품DC마트,,G2,소매,G221,기타 상품 소매,G22199,그 외 기타 상품 전문 소매업,G47859,그 외 기타 분류 안된 상품 전문 소매업,41,경기도,41271,안산시 상록구,41271550,본오2동,4127110400,본오동,4127110400107910005,1,대지,791,5,경기도 안산시 상록구 본오동 791-5,412713190029,경기도 안산시 상록구 본이로,49,,4127110400107910005042165,,경기도 안산시 상록구 본이로 49,426809,15543,,1,,126.872274344581,37.2950286077972
MA010120220812429626,해미,,G2,소매,G221,기타 상품 소매,G22199,그 외 기타 상품 전문 소매업,G47859,그 외 기타 분류 안된 상품 전문 소매업,52,전북특별자치도,52113,전주시 덕진구,52113641,송천1동,5211312200,송천동2가,5211312200102870003,1,대지,287,3,전북특별자치도 전주시 덕진구 송천동2가 287-3,521133267034,전북특별자치도 전주시 덕진구 솔내로,202,,4511312200102870003016820,,전북특별자치도 전주시 덕진구 솔내로 202,561820,54819,,,,127.12753323277,35.8680113973713
MA010120220812440394,프로스터,,G2,소매,G221,기타 상품 소매,G22199,그 외 기타 상품 전문 소매업,G47859,그 외 기타 분류 안된 상품 전문 소매업,11,서울특별시,11560,영등포구,11560560,당산2동,1156011400,당산동4가,1156011400100370000,1,대지,37,,서울특별시 영등포구 당산동4가 37,115604154113,서울특별시 영등포구 당산로35길,3,,1156011400100370000028464,문하우스,서울특별시 영등포구 당산로35길 3,150806,07219,,1,,126.897162082008,37.5287682192863
MA010120220812454440,아토즈캠핑,수원점,G2,소매,G221,기타 상품 소매,G22199,그 외 기타 상품 전문 소매업,G47631,운동 및 경기용품 소매업,41,경기도,41113,수원시 권선구,41113560,서둔동,4111313300,탑동,4111313300101650002,1,대지,165,2,경기도 수원시 권선구 탑동 165-2,411133175012,경기도 수원시 권선구 금호로,150,,4111313300101650002000001,,경기도 수원시 권선구 금호로 150,441855,16403,,3,,126.966502096026,37.2732696180072
MA010120220812461802,한국드론방제,,G2,소매,G221,기타 상품 소매,G22199,그 외 기타 상품 전문 소매업,G47859,그 외 기타 분류 안된 상품 전문 소매업,48,경상남도,48270,밀양시,48270310,부북면,4827031032,부북면,4827031032101400003,1,대지,140,3,경상남도 밀양시 부북면 월산리 140-3,482703336064,경상남도 밀양시 부북면 퇴로로,367,,4827031032101400003000001,,경상남도 밀양시 부북면 퇴로로 367,627851,50401,,,,128.71009990699,35.5415048292467
MA010120220812432434,필름브릿지,,G2,소매,G221,기타 상품 소매,G22199,그 외 기타 상품 전문 소매업,G47859,그 외 기타 분류 안된 상품 전문 소매업,28,인천광역시,28110,중구,28110622,영종1동,2811014500,중산동,2811014500118730006,1,대지,1873,6,인천광역시 중구 중산동 1873-6,281102149002,인천광역시 중구 자연대로,37,,2811014500118730006000001,스카이가든,인천광역시 중구 자연대로 37,400320,22402,,2,,126.559880523423,37.48816879887
MA010120220812430173,아이엔빌,,G2,소매,G221,기타 상품 소매,G22199,그 외 기타 상품 전문 소매업,G47859,그 외 기타 분류 안된 상품 전문 소매업,27,대구광역시,27140,동구,27140720,안심1동,2714011800,율하동,2714011800100520005,1,대지,52,5,대구광역시 동구 율하동 52-5,271404226123,대구광역시 동구 반야월로16길,18,,2714011800100520005033944,,대구광역시 동구 반야월로16길 18,701836,41118,,,,128.696907756912,35.8727289487556
MA010120220812462210,합천양봉,,G2,소매,G221,기타 상품 소매,G22199,그 외 기타 상품 전문 소매업,G47859,그 외 기타 분류 안된 상품 전문 소매업,48,경상남도,48890,합천군,48890410,대양면,4889041021,대양면,4889041021101360006,1,대지,136,6,경상남도 합천군 대양면 정양리 136-6,488903348044,경상남도 합천군 대양면 동부로,26,,4889041021101360006030988,,경상남도 합천군 대양면 동부로 26,678942,50239,,,,128.164586613122,35.5554074796753
MA010120220812432624,마이벌룬,,G2,소매,G221,기타 상품 소매,G22199,그 외 기타 상품 전문 소매업,G47859,그 외 기타 분류 안된 상품 전문 소매업,41,경기도,41135,성남시 분당구,41135657,백현동,4113511000,백현동,4113511000105600004,1,대지,560,4,경기도 성남시 분당구 백현동 560-4,411354340524,경기도 성남시 분당구 판교역로2번길,32,,4113511000105600004000001,마이벌룬,경기도 성남시 분당구 판교역로2번길 32,463420,13536,,1,,127.112230048087,37.386462818618
MA010120220812494838,루비콘,,G2,소매,G221,기타 상품 소매,G22199,그 외 기타 상품 전문 소매업,G47859,그 외 기타 분류 안된 상품 전문 소매업,44,충청남도,44230,논산시,44230380,벌곡면,4423038023,벌곡면,4423038023104620000,1,대지,462,,충청남도 논산시 벌곡면 사정리 462,442303015049,충청남도 논산시 벌곡면 수락로,877,,4423038023104610006084045,,충청남도 논산시 벌곡면 수락로 877,320881,33026,,,,127.265118425127,36.1953101231502
MA010120220812484646,울산대학교직원협동조합,,G2,소매,G221,기타 상품 소매,G22199,그 외 기타 상품 전문 소매업,N75999,그 외 기타 분류 안된 사업 지원 서비스업,31,울산광역시,31140,남구,31140595,무거동,3114010100,무거동,3114010100106650000,1,대지,665,,울산광역시 남구 무거동 665,311403170013,울산광역시 남구 대학로,93,,3114010100106660000032316,노동조합사무실울산대학교,울산광역시 남구 대학로 93,680808,44610,,,,129.257478267155,35.5417152944638
MA010120220812471261,봉계꽃벵이농장,,G2,소매,G221,기타 상품 소매,G22199,그 외 기타 상품 전문 소매업,G47859,그 외 기타 분류 안된 상품 전문 소매업,52,전북특별자치도,52710,완주군,52710256,용진읍,5271025626,용진읍,5271025626101630001,1,대지,163,1,전북특별자치도 완주군 용진읍 운곡리 163-1,527104619361,전북특별자치도 완주군 용진읍 지동봉계길,41,4,4571031028101630001029437,,전북특별자치도 완주군 용진읍 지동봉계길 41-4,565811,55350,,,,127.183363772754,35.912532950501
MA010120220812474251,단우이앤씨,,G2,소매,G221,기타 상품 소매,G22199,그 외 기타 상품 전문 소매업,G47859,그 외 기타 분류 안된 상품 전문 소매업,11,서울특별시,11410,서대문구,11410660,홍은1동,1141011800,홍은동,1141011800100480066,1,대지,48,66,서울특별시 서대문구 홍은동 48-66,114103112012,서울특별시 서대문구 홍은중앙로,35,,1141011800100480066013465,,서울특별시 서대문구 홍은중앙로 35,120101,03611,,3,,126.946418361325,37.5945465592625
MA010120220812477304,금속탐지기여행,,G2,소매,G221,기타 상품 소매,G22199,그 외 기타 상품 전문 소매업,G47859,그 외 기타 분류 안된 상품 전문 소매업,41,경기도,41630,양주시,41630330,광적면,4163033022,광적면,4163033022100040016,1,대지,4,16,경기도 양주시 광적면 광석리 4-16,416303212006,경기도 양주시 광적면 광적로,85,,4163033022100040016043273,,경기도 양주시 광적면 광적로 85,482841,11420,,,,126.980497321276,37.8263326457606
MA010120220812498230,에벤에셀,,G2,소매,G221,기타 상품 소매,G22199,그 외 기타 상품 전문 소매업,G47859,그 외 기타 분류 안된 상품 전문 소매업,29,광주광역시,29140,서구,29140800,서창동,2914013200,매월동,2914013200109480000,1,대지,948,,광주광역시 서구 매월동 948,291403160009,광주광역시 서구 매월2로,53,,2914013200109460000024501,광주산업용재유통센터,광주광역시 서구 매월2로 53,502795,62074,,,,126.860287964665,35.1162249385525
MA010120220812500852,신영팜,,G2,소매,G221,기타 상품 소매,G22199,그 외 기타 상품 전문 소매업,G47859,그 외 기타 분류 안된 상품 전문 소매업,44,충청남도,44800,홍성군,44800256,홍북읍,4480025626,홍북읍,4480025626101910007,1,대지,191,7,충청남도 홍성군 홍북읍 대동리 191-7,448003262023,충청남도 홍성군 홍북읍 홍북로,463,,4480031026101910007047955,,충청남도 홍성군 홍북읍 홍북로 463,350832,32278,,,,126.693247341386,36.6506870454653
MA010120220812508707,본초한약국,,G2,소매,G221,기타 상품 소매,G22199,그 외 기타 상품 전문 소매업,G47859,그 외 기타 분류 안된 상품 전문 소매업,52,전북특별자치도,52190,남원시,52190550,금동,5219010600,금동,5219010600102590000,1,대지,259,,전북특별자치도 남원시 금동 259,521903271007,전북특별자치도 남원시 남문로,404,5,4519010600102590000317617,,전북특별자치도 남원시 남문로 404-5,590980,55768,,,,127.375593669481,35.4062879196634
MA010120220812490517,드레스꽃길,,G2,소매,G221,기타 상품 소매,G22199,그 외 기타 상품 전문 소매업,G47859,그 외 기타 분류 안된 상품 전문 소매업,26,부산광역시,26710,기장군,26710250,기장읍,2671025022,기장읍,2671025022103420001,1,대지,342,1,부산광역시 기장군 기장읍 교리 342-1,267103140052,부산광역시 기장군 기장읍 차성로,430,,2671025022103420001004350,,부산광역시 기장군 기장읍 차성로 430,619901,46056,,3,,129.217052135303,35.254068505739
MA010120220812508881,수석백마,,G2,소매,G221,기타 상품 소매,G22199,그 외 기타 상품 전문 소매업,G47859,그 외 기타 분류 안된 상품 전문 소매업,52,전북특별자치도,52130,군산시,52130660,경암동,5213013600,경암동,5213013600106270018,1,대지,627,18,전북특별자치도 군산시 경암동 627-18,521303268109,전북특별자치도 군산시 해망로,53,,4513013600106270018031627,,전북특별자치도 군산시 해망로 53,573860,54038,,,,126.723915462296,35.9803630262971
MA010120220812501169,제일종묘사,,G2,소매,G221,기타 상품 소매,G22199,그 외 기타 상품 전문 소매업,G47859,그 외 기타 분류 안된 상품 전문 소매업,47,경상북도,47130,경주시,47130250,감포읍,4713025029,감포읍,4713025029104360001,1,대지,436,1,경상북도 경주시 감포읍 감포리 436-1,471303305002,경상북도 경주시 감포읍 감포로,115,,4713025029104360001000001,감포공설시장,경상북도 경주시 감포읍 감포로 115,780831,38125,,,,129.502010979431,35.8041076087967
MA010120220812509085,그 외 기타 상품 전문 소매업,,G2,소매,G221,기타 상품 소매,G22199,그 외 기타 상품 전문 소매업,G47859,그 외 기타 분류 안된 상품 전문 소매업,31,울산광역시,31710,울주군,31710256,온양읍,3171025621,온양읍,3171025621111940002,1,대지,1194,2,울산광역시 울주군 온양읍 발리 1194-2,317104319297,울산광역시 울주군 온양읍 마근길,168,,3171025621111940002000705,,울산광역시 울주군 온양읍 마근길 168,689904,45012,,,,129.275015230362,35.3856158218847
MA010120220812478030,샤이맨,사당점,G2,소매,G221,기타 상품 소매,G22199,그 외 기타 상품 전문 소매업,G47859,그 외 기타 분류 안된 상품 전문 소매업,11,서울특별시,11590,동작구,11590620,사당1동,1159010700,사당동,1159010700110320002,1,대지,1032,2,서울특별시 동작구 사당동 1032-2,115904157164,서울특별시 동작구 동작대로7길,21,,1159010700110320002010738,,서울특별시 동작구 동작대로7길 21,156826,07015,,1,,126.98058780635,37.4795444181785
MA010120220812501631,용사의집,,G2,소매,G221,기타 상품 소매,G22199,그 외 기타 상품 전문 소매업,G47859,그 외 기타 분류 안된 상품 전문 소매업,51,강원특별자치도,51790,화천군,51790330,상서면,5179033026,상서면,5179033026108990002,1,대지,899,2,강원특별자치도 화천군 상서면 노동리 899-2,517903231002,강원특별자치도 화천군 상서면 노신로,852,,4279033026000000000003844,,강원특별자치도 화천군 상서면 노신로 852,209811,24107,,,,127.666582132115,38.1542734595626
MA010120220812511721,미소산업,,G2,소매,G221,기타 상품 소매,G22199,그 외 기타 상품 전문 소매업,G47859,그 외 기타 분류 안된 상품 전문 소매업,52,전북특별자치도,52140,익산시,52140370,낭산면,5214037027,낭산면,5214037027111570028,1,대지,1157,28,전북특별자치도 익산시 낭산면 용기리 1157-28,521403269013,전북특별자치도 익산시 낭산면 미륵사지로,961,,4514037027111570028030784,,전북특별자치도 익산시 낭산면 미륵사지로 961,570891,54523,,,,126.987270746212,36.0494169116039
MA010120220812483851,파라원,,G2,소매,G221,기타 상품 소매,G22199,그 외 기타 상품 전문 소매업,G47859,그 외 기타 분류 안된 상품 전문 소매업,11,서울특별시,11440,마포구,11440690,망원1동,1144012300,망원동,1144012300103840021,1,대지,384,21,서울특별시 마포구 망원동 384-21,114403112014,서울특별시 마포구 동교로,61,,1144012300103840021013782,수강빌딩,서울특별시 마포구 동교로 61,121821,04018,,2,,126.908943082186,37.5535103274142
MA010120220812507415,플러스바스,,G2,소매,G221,기타 상품 소매,G22199,그 외 기타 상품 전문 소매업,G47859,그 외 기타 분류 안된 상품 전문 소매업,11,서울특별시,11305,강북구,11305645,우이동,1130510300,수유동,1130510300105690042,1,대지,569,42,서울특별시 강북구 수유동 569-42,113054124545,서울특별시 강북구 인수봉로84길,11,12,1130510300105690042005232,,서울특별시 강북구 인수봉로84길 11-12,142881,01026,,1,,127.01158046385,37.6467703881611
MA010120220812481683,은혜유통,,G2,소매,G221,기타 상품 소매,G22199,그 외 기타 상품 전문 소매업,G47859,그 외 기타 분류 안된 상품 전문 소매업,41,경기도,41590,화성시,41590310,매송면,4159031023,매송면,4159031023104360000,1,대지,436,,경기도 화성시 매송면 어천리 436,415903210128,경기도 화성시 매송면 화성로,2228,,4159031023104350002011497,,경기도 화성시 매송면 화성로 2228,445832,18287,,,,126.90938995707,37.2487763822398
MA010120220812492040,아모스프로페셔널울산,남구점,G2,소매,G221,기타 상품 소매,G22199,그 외 기타 상품 전문 소매업,G47859,그 외 기타 분류 안된 상품 전문 소매업,31,울산광역시,31140,남구,31140560,달동,3114010500,달동,3114010500113880015,1,대지,1388,15,울산광역시 남구 달동 1388-15,311404310445,울산광역시 남구 삼산로94번길,19,19,3114010500113880015000001,,울산광역시 남구 삼산로94번길 19-19,680803,44722,,2,,129.319609631364,35.5335613845021
MA010120220812542486,새길종합상사,,G2,소매,G221,기타 상품 소매,G22199,그 외 기타 상품 전문 소매업,G47859,그 외 기타 분류 안된 상품 전문 소매업,52,전북특별자치도,52130,군산시,52130720,미성동,5213015100,산북동,5213015100103250005,1,대지,325,5,전북특별자치도 군산시 산북동 325-5,521303268048,전북특별자치도 군산시 산북로,27,9,4513015100103250005006249,,전북특별자치도 군산시 산북로 27-9,573875,54161,,2,,126.66929074678,35.9575228222438
MA010120220812553477,강원약초,,G2,소매,G221,기타 상품 소매,G22199,그 외 기타 상품 전문 소매업,G47859,그 외 기타 분류 안된 상품 전문 소매업,27,대구광역시,27260,수성구,27260560,만촌2동,2726010200,만촌동,2726010200109840001,1,대지,984,1,대구광역시 수성구 만촌동 984-1,272603146009,대구광역시 수성구 만촌로,66,,2726010200109840001032876,청구시장,대구광역시 수성구 만촌로 66,706806,42049,,,,128.644153830571,35.8648208482077
MA010120220812529288,장수꽃굼벵이,,G2,소매,G221,기타 상품 소매,G22199,그 외 기타 상품 전문 소매업,G47859,그 외 기타 분류 안된 상품 전문 소매업,41,경기도,41370,오산시,41370550,세마동,4137011100,외삼미동,4137011100103160004,1,대지,316,4,경기도 오산시 외삼미동 316-4,413703198019,경기도 오산시 북삼미로,134,,4137011100200370000000407,,경기도 오산시 북삼미로 134,447230,18112,,,,127.063777891207,37.1875946257789
MA010120220812526492,한국인삼종합,,G2,소매,G221,기타 상품 소매,G22199,그 외 기타 상품 전문 소매업,G47859,그 외 기타 분류 안된 상품 전문 소매업,44,충청남도,44710,금산군,44710250,금산읍,4471025022,금산읍,4471025022100080001,1,대지,8,1,충청남도 금산군 금산읍 중도리 8-1,447103257044,충청남도 금산군 금산읍 인삼약초로,45,,4471025022100080001020658,국제인삼시장,충청남도 금산군 금산읍 인삼약초로 45,312806,32739,,,,127.498324032177,36.1019590115178
MA010120220812516034,청명,코리아,G2,소매,G221,기타 상품 소매,G22199,그 외 기타 상품 전문 소매업,G47859,그 외 기타 분류 안된 상품 전문 소매업,26,부산광역시,26290,남구,26290690,문현2동,2629010900,문현동,2629010900106480008,1,대지,648,8,부산광역시 남구 문현동 648-8,262902006005,부산광역시 남구 전포대로,48,,2629010900106480008018131,,부산광역시 남구 전포대로 48,608826,48412,,,,129.067138835431,35.1409790361604
MA010120220812545784,종합비료상사,,G2,소매,G221,기타 상품 소매,G22199,그 외 기타 상품 전문 소매업,G47859,그 외 기타 분류 안된 상품 전문 소매업,51,강원특별자치도,51190,태백시,51190525,황연동,5119011300,백산동,5119011300101370001,1,대지,137,1,강원특별자치도 태백시 백산동 137-1,511903222004,강원특별자치도 태백시 동태백로,901,,4219011300101370001006576,,강원특별자치도 태백시 동태백로 901,235280,26030,,,,129.033200279892,37.1436056255679
MA010120220812545991,철구세이프티,,G2,소매,G221,기타 상품 소매,G22199,그 외 기타 상품 전문 소매업,G47859,그 외 기타 분류 안된 상품 전문 소매업,28,인천광역시,28200,남동구,28200522,구월4동,2820010100,구월동,2820010100112960035,1,대지,1296,35,인천광역시 남동구 구월동 1296-35,282004259116,인천광역시 남동구 구월말로9번길,2,,2820010100112960035027620,일부,인천광역시 남동구 구월말로9번길 2,405839,21536,,2,,126.724246047384,37.4498153032469
MA010120220812514044,레드아이,코리아,G2,소매,G221,기타 상품 소매,G22199,그 외 기타 상품 전문 소매업,G47859,그 외 기타 분류 안된 상품 전문 소매업,11,서울특별시,11650,서초구,11650530,서초3동,1165010800,서초동,1165010800115710014,1,대지,1571,14,서울특별시 서초구 서초동 1571-14,116504163239,서울특별시 서초구 반포대로30길,70,,1165010800115710014022076,우성빌딩,서울특별시 서초구 반포대로30길 70,137874,06645,,5,,127.012336832313,37.492429786934
MA010120220812519310,태림원,,G2,소매,G221,기타 상품 소매,G22199,그 외 기타 상품 전문 소매업,G47859,그 외 기타 분류 안된 상품 전문 소매업,41,경기도,41133,성남시 중원구,41133570,상대원1동,4113310500,상대원동,4113310500103770000,1,대지,377,,경기도 성남시 중원구 상대원동 377,411334337270,경기도 성남시 중원구 순환로124번길,8,,4113310500103770000034947,,경기도 성남시 중원구 순환로124번길 8,462807,13213,,1,,127.179576954128,37.4346833362825
MA010120220812540992,육구상사,,G2,소매,G221,기타 상품 소매,G22199,그 외 기타 상품 전문 소매업,G47859,그 외 기타 분류 안된 상품 전문 소매업,47,경상북도,47190,구미시,47190535,원평동,4719010100,원평동,4719010100110500004,1,대지,1050,4,경상북도 구미시 원평동 1050-4,471903305077,경상북도 구미시 산업로,228,,4719010100110500004015576,,경상북도 구미시 산업로 228,730925,39230,,,,128.345561624967,36.1259613751978
MA010120220812543838,월악산약초마을,,G2,소매,G221,기타 상품 소매,G22199,그 외 기타 상품 전문 소매업,G47859,그 외 기타 분류 안된 상품 전문 소매업,43,충청북도,43150,제천시,43150340,덕산면,4315034021,덕산면,4315034021103640018,1,대지,364,18,충청북도 제천시 덕산면 도전리 364-18,431503239046,충청북도 제천시 덕산면 약초로,78,,4315034021103640018011776,,충청북도 제천시 덕산면 약초로 78,390851,27223,,,,128.164580577848,36.9102384236255
MA010120220812535590,우리,,G2,소매,G221,기타 상품 소매,G22199,그 외 기타 상품 전문 소매업,G47859,그 외 기타 분류 안된 상품 전문 소매업,41,경기도,41550,안성시,41550390,일죽면,4155039022,일죽면,4155039022104750004,1,대지,475,4,경기도 안성시 일죽면 주천리 475-4,415503012068,경기도 안성시 일죽면 주래본죽로,61,1,4155039022104750004000001,,경기도 안성시 일죽면 주래본죽로 61-1,456911,17528,,,,127.481479488142,37.0933204965192
MA010120220812522468,카워시뱅뱅,,G2,소매,G221,기타 상품 소매,G22199,그 외 기타 상품 전문 소매업,G47859,그 외 기타 분류 안된 상품 전문 소매업,41,경기도,41390,시흥시,41390592,정왕2동,4139013200,정왕동,4139013200113650010,1,대지,1365,10,경기도 시흥시 정왕동 1365-10,413904397015,경기도 시흥시 공단1대로195번길,14,,4139013200113650010033531,,경기도 시흥시 공단1대로195번길 14,429879,15083,,,,126.725213149593,37.3397670391572
MA010120220812522659,다온농약사,,G2,소매,G221,기타 상품 소매,G22199,그 외 기타 상품 전문 소매업,G47859,그 외 기타 분류 안된 상품 전문 소매업,41,경기도,41220,평택시,41220253,안중읍,4122025329,안중읍,4122025329101240000,1,대지,124,,경기도 평택시 안중읍 송담리 124,412204364322,경기도 평택시 안중읍 송담길,3,,4122025329101240000000001,,경기도 평택시 안중읍 송담길 3,451881,17942,,,,126.93928333309,36.9786922583964
MA010120220812541535,조이파티스타필드,고양점,G2,소매,G221,기타 상품 소매,G22199,그 외 기타 상품 전문 소매업,G47859,그 외 기타 분류 안된 상품 전문 소매업,41,경기도,41281,고양시 덕양구,41281580,창릉동,4128111200,동산동,4128111200103700000,1,대지,370,,경기도 고양시 덕양구 동산동 370,412812192001,경기도 고양시 덕양구 고양대로,1955,,4128111200103700000000001,스타필드고양,경기도 고양시 덕양구 고양대로 1955,412090,10595,,3,,126.894812526821,37.6468862402497
MA010120220812531192,장군약초인삼사,,G2,소매,G221,기타 상품 소매,G22199,그 외 기타 상품 전문 소매업,G47859,그 외 기타 분류 안된 상품 전문 소매업,44,충청남도,44710,금산군,44710250,금산읍,4471025022,금산읍,4471025022100080001,1,대지,8,1,충청남도 금산군 금산읍 중도리 8-1,447103257044,충청남도 금산군 금산읍 인삼약초로,45,,4471025022100080001020658,국제시장,충청남도 금산군 금산읍 인삼약초로 45,312806,32739,,,,127.498324032177,36.1019590115178
MA010120220812528580,비엠산업,,G2,소매,G221,기타 상품 소매,G22199,그 외 기타 상품 전문 소매업,G47859,그 외 기타 분류 안된 상품 전문 소매업,51,강원특별자치도,51130,원주시,51130675,반곡관설동,5113011600,관설동,5113011600117200001,1,대지,1720,1,강원특별자치도 원주시 관설동 1720-1,511304457133,강원특별자치도 원주시 단관초교길,22,11,4213011600117200001010535,,강원특별자치도 원주시 단관초교길 22-11,220934,26472,,,,127.963358194463,37.3169185408303
MA010120220812512608,팜인,,G2,소매,G221,기타 상품 소매,G22199,그 외 기타 상품 전문 소매업,G47859,그 외 기타 분류 안된 상품 전문 소매업,52,전북특별자치도,52111,전주시 완산구,52111650,동서학동,5211112500,동서학동,5211112500102000007,1,대지,200,7,전북특별자치도 전주시 완산구 동서학동 200-7,521114598434,전북특별자치도 전주시 완산구 황학1길,5,,4511112500102000007008931,,전북특별자치도 전주시 완산구 황학1길 5,560120,55101,,1,,127.156955698583,35.8076283850644
MA010120220812523485,데끌라,,G2,소매,G221,기타 상품 소매,G22199,그 외 기타 상품 전문 소매업,G47422,의복 액세서리 및 모조 장신구 소매업,46,전라남도,46820,해남군,46820250,해남읍,4682025023,해남읍,4682025023100440001,1,대지,44,1,전라남도 해남군 해남읍 읍내리 44-1,468203294022,전라남도 해남군 해남읍 중앙2로,27,,4682025023100440001000001,,전라남도 해남군 해남읍 중앙2로 27,536805,59036,,1,,126.598442241882,34.570708589794
MA010120220812517854,웰빙명품,,G2,소매,G221,기타 상품 소매,G22199,그 외 기타 상품 전문 소매업,G47859,그 외 기타 분류 안된 상품 전문 소매업,41,경기도,41220,평택시,41220590,신평동,4122011700,합정동,4122011700109660002,1,대지,966,2,경기도 평택시 합정동 966-2,412204364947,경기도 평택시 평택5로20번길,36,,4122011700109660002000001,,경기도 평택시 평택5로20번길 36,450020,17902,,,,127.113947288425,36.9897634721405
MA010120220812539633,나노텍,,G2,소매,G221,기타 상품 소매,G22199,그 외 기타 상품 전문 소매업,G47859,그 외 기타 분류 안된 상품 전문 소매업,41,경기도,41590,화성시,41590370,장안면,4159037024,장안면,4159037024105680005,1,대지,568,5,경기도 화성시 장안면 독정리 568-5,415904430869,경기도 화성시 장안면 신촌길,60,16,4159037024105680005000001,,경기도 화성시 장안면 신촌길 60-16,445944,18583,,,,126.84973853802,37.0743161382437
MA010120220812594071,법인덕인,,G2,소매,G221,기타 상품 소매,G22199,그 외 기타 상품 전문 소매업,G47859,그 외 기타 분류 안된 상품 전문 소매업,52,전북특별자치도,52730,무주군,52730340,안성면,5273034027,안성면,5273034027112050000,1,대지,1205,,전북특별자치도 무주군 안성면 사전리 1205,527304625252,전북특별자치도 무주군 안성면 하산길,31,1,4573034027112050000005866,,전북특별자치도 무주군 안성면 하산길 31-1,568844,55536,,,,127.658598846465,35.8678870642343
MA010120220812576133,도아디자인,,G2,소매,G221,기타 상품 소매,G22199,그 외 기타 상품 전문 소매업,G47859,그 외 기타 분류 안된 상품 전문 소매업,47,경상북도,47130,경주시,47130515,중부동,4713010300,북부동,4713010300101120001,1,대지,112,1,경상북도 경주시 북부동 112-1,471303305026,경상북도 경주시 북성로,103,1,4713010300101120001005292,,경상북도 경주시 북성로 103-1,780050,38140,,,,129.213159695041,35.8474479962312
MA010120220812594856,금산인삼,,G2,소매,G221,기타 상품 소매,G22199,그 외 기타 상품 전문 소매업,G47859,그 외 기타 분류 안된 상품 전문 소매업,26,부산광역시,26380,사하구,26380530,괴정3동,2638010100,괴정동,2638010100104360021,1,대지,436,21,부산광역시 사하구 괴정동 436-21,263804202113,부산광역시 사하구 낙동대로199번길,14,,2638010100104360021039934,,부산광역시 사하구 낙동대로199번길 14,604811,49355,,1,,128.995245933579,35.1000184038457
MA010120220812579023,카마트,,G2,소매,G221,기타 상품 소매,G22199,그 외 기타 상품 전문 소매업,G45219,기타 자동차 신품 부품 및 내장품 판매업,11,서울특별시,11500,강서구,11500641,방화3동,1150010900,방화동,1150010900108130001,1,대지,813,1,서울특별시 강서구 방화동 813-1,115004145235,서울특별시 강서구 금낭화로19길,36,,1150010900108130001000436,,서울특별시 강서구 금낭화로19길 36,157856,07515,,,,126.810235622281,37.575935841139
MA010120220812590108,천광,,G2,소매,G221,기타 상품 소매,G22199,그 외 기타 상품 전문 소매업,G47859,그 외 기타 분류 안된 상품 전문 소매업,41,경기도,41285,고양시 일산동구,41285600,고봉동,4128511200,문봉동,4128511200101960000,1,대지,196,,경기도 고양시 일산동구 문봉동 196,412854379093,경기도 고양시 일산동구 문봉길62번길,32,42,4128511200101960000001365,,경기도 고양시 일산동구 문봉길62번길 32-42,410560,10257,,,,126.818200849249,37.7079063824666
MA010120220812592816,미래로팜,,G2,소매,G221,기타 상품 소매,G22199,그 외 기타 상품 전문 소매업,G47859,그 외 기타 분류 안된 상품 전문 소매업,43,충청북도,43113,청주시 흥덕구,43113250,오송읍,4311325028,오송읍,4311325028101430005,1,대지,143,5,충청북도 청주시 흥덕구 오송읍 오송리 143-5,431133014012,충청북도 청주시 흥덕구 오송읍 가로수로,191,,4311325028101430005000001,,충청북도 청주시 흥덕구 오송읍 가로수로 191,361954,28168,,,,127.325886887678,36.6106889528943
MA010120220812571600,마리텔,화성점,G2,소매,G221,기타 상품 소매,G22199,그 외 기타 상품 전문 소매업,G47859,그 외 기타 분류 안된 상품 전문 소매업,41,경기도,41590,화성시,41590259,향남읍,4159025926,향남읍,4159025926114720003,1,대지,1472,3,경기도 화성시 향남읍 하길리 1472-3,415904848211,경기도 화성시 향남읍 상신하길로298번길,7,9,4159025926114720003000001,제,경기도 화성시 향남읍 상신하길로298번길 7-9,445938,18611,,,,126.910944074116,37.1156107387919
MA010120220812595457,어울림,,G2,소매,G221,기타 상품 소매,G22199,그 외 기타 상품 전문 소매업,G47422,의복 액세서리 및 모조 장신구 소매업,48,경상남도,48129,창원시 진해구,48129530,충무동,4812913300,대흥동,4812913300100190002,1,대지,19,2,경상남도 창원시 진해구 대흥동 19-2,481294793446,경상남도 창원시 진해구 중원로74번길,11,1,4812913300100190002017085,,경상남도 창원시 진해구 중원로74번길 11-1,645230,51679,,2,,128.661051701036,35.1507249345056
MA010120220812566071,가나유통,,G2,소매,G221,기타 상품 소매,G22199,그 외 기타 상품 전문 소매업,G47859,그 외 기타 분류 안된 상품 전문 소매업,28,인천광역시,28177,미추홀구,28177650,주안4동,2817710500,주안동,2817710500103020017,1,대지,302,17,인천광역시 미추홀구 주안동 302-17,281773000028,인천광역시 미추홀구 경인로,422,,2817010600103020017061527,,인천광역시 미추홀구 경인로 422,402840,22149,,3,,126.686861736402,37.4578042219861
MA010120220812561390,24시편의점,,G2,소매,G221,기타 상품 소매,G22199,그 외 기타 상품 전문 소매업,G47859,그 외 기타 분류 안된 상품 전문 소매업,27,대구광역시,27140,동구,27140580,신천4동,2714010200,신천동,2714010200103310001,1,대지,331,1,대구광역시 동구 신천동 331-1,271404226067,대구광역시 동구 동부로26길,5,,2714010200103310001027195,동대구역부띠끄시티테라스오피스텔,대구광역시 동구 동부로26길 5,701829,41243,,1,,128.628186517117,35.8754735402243
MA010120220812577225,행복만들기,,G2,소매,G221,기타 상품 소매,G22199,그 외 기타 상품 전문 소매업,G47859,그 외 기타 분류 안된 상품 전문 소매업,52,전북특별자치도,52113,전주시 덕진구,52113611,우아1동,5211311500,우아동3가,5211311500107520057,1,대지,752,57,전북특별자치도 전주시 덕진구 우아동3가 752-57,521132266002,전북특별자치도 전주시 덕진구 동부대로,675,,4511311500107520057004599,,전북특별자치도 전주시 덕진구 동부대로 675,561826,54910,,,,127.160435213718,35.8487932803952
MA010120220812564202,일성에스터리스크,,G2,소매,G221,기타 상품 소매,G22199,그 외 기타 상품 전문 소매업,N75999,그 외 기타 분류 안된 사업 지원 서비스업,26,부산광역시,26170,동구,26170660,범일2동,2617010400,범일동,2617010400108300287,1,대지,830,287,부산광역시 동구 범일동 830-287,261703127033,부산광역시 동구 조방로,17,,2617010400108300287007089,대웅빌딩,부산광역시 동구 조방로 17,601808,48744,,,,129.06214963214,35.1384687238965
MA010120220812558879,아네스아뜰리에,,G2,소매,G221,기타 상품 소매,G22199,그 외 기타 상품 전문 소매업,G47859,그 외 기타 분류 안된 상품 전문 소매업,11,서울특별시,11170,용산구,11170685,한남동,1117013100,한남동,1117013100106570084,1,대지,657,84,서울특별시 용산구 한남동 657-84,111704106029,서울특별시 용산구 대사관로31길,24,,1117013100106570084006129,캠퍼스빌딩,서울특별시 용산구 대사관로31길 24,140887,04401,,,,127.006041753376,37.534335976245
MA010120220812262638,토브,,G2,소매,G221,기타 상품 소매,G22199,그 외 기타 상품 전문 소매업,G47859,그 외 기타 분류 안된 상품 전문 소매업,41,경기도,41135,성남시 분당구,41135580,서현1동,4113510500,서현동,4113510500102450002,1,대지,245,2,경기도 성남시 분당구 서현동 245-2,411354340225,경기도 성남시 분당구 서현로210번길,1,,4113510500102450002037662,보람코아,경기도 성남시 분당구 서현로210번길 1,463824,13591,,,,127.125938383295,37.386458024695
MA010120220812273247,두류댕댕,,G2,소매,G221,기타 상품 소매,G22199,그 외 기타 상품 전문 소매업,G47859,그 외 기타 분류 안된 상품 전문 소매업,27,대구광역시,27290,달서구,27290535,두류1.2동,2729010200,두류동,2729010200101370075,1,대지,137,75,대구광역시 달서구 두류동 137-75,272904241403,대구광역시 달서구 야외음악당로53길,31,,2729010200101370075022838,,대구광역시 달서구 야외음악당로53길 31,704909,42659,,1,,128.562696498287,35.8575365963605
MA010120220812278953,아토즈캠핑,부산점,G2,소매,G221,기타 상품 소매,G22199,그 외 기타 상품 전문 소매업,G47631,운동 및 경기용품 소매업,26,부산광역시,26290,남구,26290610,용당동,2629010800,용당동,2629010800105440000,1,대지,544,,부산광역시 남구 용당동 544,262903131019,부산광역시 남구 신선로,446,,2629010800105440000013192,,부산광역시 남구 신선로 446,608830,48518,,1,,129.100477828695,35.1247163483837
MA010120220812290267,삼막,,G2,소매,G221,기타 상품 소매,G22199,그 외 기타 상품 전문 소매업,G47859,그 외 기타 분류 안된 상품 전문 소매업,46,전라남도,46870,영광군,46870256,홍농읍,4687025622,홍농읍,4687025622100310011,1,대지,31,11,전라남도 영광군 홍농읍 칠곡리 31-11,468703298026,전라남도 영광군 홍농읍 연우로,336,2,4687025622100310011010268,,전라남도 영광군 홍농읍 연우로 336-2,513882,57007,,,,126.44131173875,35.3911588576251
MA010120220812281948,일등풍재,,G2,소매,G221,기타 상품 소매,G22199,그 외 기타 상품 전문 소매업,G47859,그 외 기타 분류 안된 상품 전문 소매업,41,경기도,41630,양주시,41630530,회천1동,4163011000,덕정동,4163011000104770001,1,대지,477,1,경기도 양주시 덕정동 477-1,416304436428,경기도 양주시 화합로1325번길,151,,4163011000104770001013977,,경기도 양주시 화합로1325번길 151,482060,11449,,,,127.062119678304,37.8529680981748
MA010120220812292322,에스에이치건장,,G2,소매,G221,기타 상품 소매,G22199,그 외 기타 상품 전문 소매업,G47859,그 외 기타 분류 안된 상품 전문 소매업,27,대구광역시,27290,달서구,27290602,월성2동,2729012000,월성동,2729012000117960002,1,대지,1796,2,대구광역시 달서구 월성동 1796-2,272904241639,대구광역시 달서구 월곡로100길,40,,2729012000117960002000001,,대구광역시 달서구 월곡로100길 40,704402,42723,,,,128.525095527837,35.8351575452541
MA010120220812268443,새농사마트,,G2,소매,G221,기타 상품 소매,G22199,그 외 기타 상품 전문 소매업,G47859,그 외 기타 분류 안된 상품 전문 소매업,43,충청북도,43770,음성군,43770340,대소면,4377034022,대소면,4377034022100410003,1,대지,41,3,충청북도 음성군 대소면 태생리 41-3,437703014058,충청북도 음성군 대소면 대금로,633,,4377034022100410003170766,,충청북도 음성군 대소면 대금로 633,369824,27661,,,,127.507370440074,36.969649120111
MA010120220812258176,갤러리아트플러스,,G2,소매,G221,기타 상품 소매,G22199,그 외 기타 상품 전문 소매업,G47859,그 외 기타 분류 안된 상품 전문 소매업,11,서울특별시,11110,종로구,11110615,종로1.2.3.4가동,1111012800,관훈동,1111012800100740000,1,대지,74,,서울특별시 종로구 관훈동 74,111104100259,서울특별시 종로구 인사동길,52,,1111012800100740000014610,,서울특별시 종로구 인사동길 52,110300,03146,,1,,126.984276182017,37.5746637447172
MA010120220812274369,가람바이오,,G2,소매,G221,기타 상품 소매,G22199,그 외 기타 상품 전문 소매업,G47859,그 외 기타 분류 안된 상품 전문 소매업,51,강원특별자치도,51720,홍천군,51720360,남면,5172036022,남면,5172036022103210001,1,대지,321,1,강원특별자치도 홍천군 남면 유목정리 321-1,517203000146,강원특별자치도 홍천군 남면 설악로,62,,4272036022103210001016932,,강원특별자치도 홍천군 남면 설악로 62,250874,25108,,,,127.7615044134,37.5944176468068
MA010120220812268994,원일홍삼,,G2,소매,G221,기타 상품 소매,G22199,그 외 기타 상품 전문 소매업,G47859,그 외 기타 분류 안된 상품 전문 소매업,44,충청남도,44710,금산군,44710250,금산읍,4471025022,금산읍,4471025022100070001,1,대지,7,1,충청남도 금산군 금산읍 중도리 7-1,447103257042,충청남도 금산군 금산읍 인삼광장로,47,,4471025022100070001020661,,충청남도 금산군 금산읍 인삼광장로 47,312806,32739,,,,127.498954158378,36.1015057852482
MA010120220812271741,샤이맨,안양역점,G2,소매,G221,기타 상품 소매,G22199,그 외 기타 상품 전문 소매업,G47859,그 외 기타 분류 안된 상품 전문 소매업,41,경기도,41171,안양시 만안구,41171510,안양1동,4117110100,안양동,4117110100106740018,1,대지,674,18,경기도 안양시 만안구 안양동 674-18,411714346060,경기도 안양시 만안구 만안로223번길,15,,4117110100106740018011567,,경기도 안양시 만안구 만안로223번길 15,430831,13992,,지,,126.921901874721,37.4006633639092
MA010120220812274595,란달유디케어스,,G2,소매,G221,기타 상품 소매,G22199,그 외 기타 상품 전문 소매업,G47859,그 외 기타 분류 안된 상품 전문 소매업,27,대구광역시,27110,중구,27110680,대봉1동,2711015700,대봉동,2711015700102140000,1,대지,214,,대구광역시 중구 대봉동 214,271103141013,대구광역시 중구 명덕로,333,,2711015700102140000018442,어울마당,대구광역시 중구 명덕로 333,700718,41953,,10,,128.606362859942,35.8557080077408
MA010120220812278488,기원약초,,G2,소매,G221,기타 상품 소매,G22199,그 외 기타 상품 전문 소매업,G47859,그 외 기타 분류 안된 상품 전문 소매업,41,경기도,41271,안산시 상록구,41271570,부곡동,4127110700,부곡동,4127110700105450004,1,대지,545,4,경기도 안산시 상록구 부곡동 545-4,412714370392,경기도 안산시 상록구 옹주길,11,,4127110700105450004021968,,경기도 안산시 상록구 옹주길 11,426819,15307,,,,126.866695693219,37.3310638176265
MA010120220812270269,티에스바이오,,G2,소매,G221,기타 상품 소매,G22199,그 외 기타 상품 전문 소매업,G47859,그 외 기타 분류 안된 상품 전문 소매업,43,충청북도,43760,괴산군,43760400,소수면,4376040021,소수면,4376040021103230001,1,대지,323,1,충청북도 괴산군 소수면 수리 323-1,437604538443,충청북도 괴산군 소수면 수동길,99,23,4376040021103230001000001,,충청북도 괴산군 소수면 수동길 99-23,367922,28041,,1,,127.75207837351,36.8643854016016
MA010120220812319631,줄렙,코리아,G2,소매,G221,기타 상품 소매,G22199,그 외 기타 상품 전문 소매업,G47859,그 외 기타 분류 안된 상품 전문 소매업,48,경상남도,48170,진주시,48170680,상평동,4817012100,상평동,4817012100103010001,1,대지,301,1,경상남도 진주시 상평동 301-1,481703332011,경상남도 진주시 남강로,1169,14,4817012100103010001408679,,경상남도 진주시 남강로 1169-14,660902,52812,,1,,128.118643463281,35.1695662896815
MA010120220812325009,소트라,,G2,소매,G221,기타 상품 소매,G22199,그 외 기타 상품 전문 소매업,G47859,그 외 기타 분류 안된 상품 전문 소매업,41,경기도,41133,성남시 중원구,41133570,상대원1동,4113310500,상대원동,4113310500101440003,1,대지,144,3,경기도 성남시 중원구 상대원동 144-3,411333179001,경기도 성남시 중원구 갈마치로,302,,4113310500101440003000001,성남우림라이온스밸리5차,경기도 성남시 중원구 갈마치로 302,462739,13201,,14,,127.172889618976,37.4403516782481
MA010120220812300539,좋은친구들어른장난감,,G2,소매,G221,기타 상품 소매,G22199,그 외 기타 상품 전문 소매업,G47859,그 외 기타 분류 안된 상품 전문 소매업,31,울산광역시,31200,북구,31200540,강동동,3120011800,산하동,3120011800110190001,1,대지,1019,1,울산광역시 북구 산하동 1019-1,312003172054,울산광역시 북구 강동산하3로,17,,3120011800103480000000001,신한마린스퀘어,울산광역시 북구 강동산하3로 17,683260,44264,,,,129.438717616532,35.6296030583622
MA010120220812300618,아가월드대구지사,,G2,소매,G221,기타 상품 소매,G22199,그 외 기타 상품 전문 소매업,G47859,그 외 기타 분류 안된 상품 전문 소매업,27,대구광역시,27110,중구,27110680,대봉1동,2711015700,대봉동,2711015700102140350,1,대지,214,350,대구광역시 중구 대봉동 214-350,271104223080,대구광역시 중구 동덕로6길,26,2,2711015700102140350018400,,대구광역시 중구 동덕로6길 26-2,700811,41953,,3,,128.605935104494,35.85645266472
MA010120220812311635,스토어24,하남미사점,G2,소매,G221,기타 상품 소매,G22199,그 외 기타 상품 전문 소매업,G47859,그 외 기타 분류 안된 상품 전문 소매업,41,경기도,41450,하남시,41450610,미사1동,4145010900,망월동,4145010900111040001,1,대지,1104,1,경기도 하남시 망월동 1104-1,414503202058,경기도 하남시 미사강변중앙로,161,,4145010900108300065000001,미사파크뷰,경기도 하남시 미사강변중앙로 161,465150,12913,,1,,127.190700093635,37.5610949562851
MA010120220812320166,제일한약건재약업사,,G2,소매,G221,기타 상품 소매,G22199,그 외 기타 상품 전문 소매업,G47859,그 외 기타 분류 안된 상품 전문 소매업,52,전북특별자치도,52800,부안군,52800250,부안읍,5280025022,부안읍,5280025022100110011,1,대지,11,11,전북특별자치도 부안군 부안읍 서외리 11-11,528004640382,전북특별자치도 부안군 부안읍 시장1길,6,,4580025022100110011030479,,전북특별자치도 부안군 부안읍 시장1길 6,579803,56308,,,,126.734231817682,35.7269450426002
MA010120220812323222,어스덴탈헬스케어,,G2,소매,G221,기타 상품 소매,G22199,그 외 기타 상품 전문 소매업,G47859,그 외 기타 분류 안된 상품 전문 소매업,29,광주광역시,29170,북구,29170676,오치1동,2917011500,오치동,2917011500109700004,1,대지,970,4,광주광역시 북구 오치동 970-4,291703162056,광주광역시 북구 우치로,246,,2917011500109700004002204,,광주광역시 북구 우치로 246,500838,61130,,2,,126.905402122118,35.186772957124
MA010120220812320652,서구농약사,,G2,소매,G221,기타 상품 소매,G22199,그 외 기타 상품 전문 소매업,G47859,그 외 기타 분류 안된 상품 전문 소매업,28,인천광역시,28260,서구,28260530,연희동,2826010600,연희동,2826010600107410026,1,대지,741,26,인천광역시 서구 연희동 741-26,282603156051,인천광역시 서구 승학로,291,5,2826010600107410026012067,,인천광역시 서구 승학로 291-5,404838,22723,,1,,126.674263566904,37.5479514472019
MA010120220812323589,금산인삼,,G2,소매,G221,기타 상품 소매,G22199,그 외 기타 상품 전문 소매업,G47859,그 외 기타 분류 안된 상품 전문 소매업,27,대구광역시,27110,중구,27110595,대신동,2711015400,대신동,2711015400101150084,1,대지,115,84,대구광역시 중구 대신동 115-84,271103141016,대구광역시 중구 큰장로,126,,2711015400101150084027502,,대구광역시 중구 큰장로 126,700320,41926,,,,128.579303761942,35.8693857478614
MA010120220812315232,웰니스업글로벌,,G2,소매,G221,기타 상품 소매,G22199,그 외 기타 상품 전문 소매업,G47859,그 외 기타 분류 안된 상품 전문 소매업,41,경기도,41390,시흥시,41390589,정왕본동,4139013200,정왕동,4139013200123030007,1,대지,2303,7,경기도 시흥시 정왕동 2303-7,413903199036,경기도 시흥시 역전로,292,,4139013200123030007019303,,경기도 시흥시 역전로 292,429930,15024,,6,,126.739829636794,37.3520991059251
MA010120220812323782,재경테크,,G2,소매,G221,기타 상품 소매,G22199,그 외 기타 상품 전문 소매업,G47859,그 외 기타 분류 안된 상품 전문 소매업,52,전북특별자치도,52770,순창군,52770330,풍산면,5277033025,풍산면,5277033025103660001,1,대지,366,1,전북특별자치도 순창군 풍산면 죽전리 366-1,527704634225,전북특별자치도 순창군 풍산면 용내길,82,56,4577033025103660001000001,,전북특별자치도 순창군 풍산면 용내길 82-56,595842,56054,,,,127.146638704893,35.3325495403493
MA010120220812329417,파티秀,,G2,소매,G221,기타 상품 소매,G22199,그 외 기타 상품 전문 소매업,G47859,그 외 기타 분류 안된 상품 전문 소매업,51,강원특별자치도,51130,원주시,51130590,단계동,5113011000,단계동,5113011000111020009,1,대지,1102,9,강원특별자치도 원주시 단계동 1102-9,511304457242,강원특별자치도 원주시 백간공원길,17,6,4213011000111020009000001,,강원특별자치도 원주시 백간공원길 17-6,220100,26422,,,,127.925204199966,37.3490013053363
MA010120220812313104,지에스,,G2,소매,G221,기타 상품 소매,G22199,그 외 기타 상품 전문 소매업,G47859,그 외 기타 분류 안된 상품 전문 소매업,11,서울특별시,11260,중랑구,11260540,면목4동,1126010100,면목동,1126010100103740042,1,대지,374,42,서울특별시 중랑구 면목동 374-42,112604118194,서울특별시 중랑구 면목로27나길,6,,1126010100103740042023750,,서울특별시 중랑구 면목로27나길 6,131830,02244,,,,127.08289862293,37.5751042023292
MA010120220812299244,금일인삼,,G2,소매,G221,기타 상품 소매,G22199,그 외 기타 상품 전문 소매업,G47859,그 외 기타 분류 안된 상품 전문 소매업,44,충청남도,44710,금산군,44710250,금산읍,4471025022,금산읍,4471025022100340005,1,대지,34,5,충청남도 금산군 금산읍 중도리 34-5,447103257044,충청남도 금산군 금산읍 인삼약초로,36,1,4471025022100340005020596,,충청남도 금산군 금산읍 인삼약초로 36-1,312806,32739,,,,127.496926904889,36.1005318930997
MA010120220812321735,에이티트레이드,,G2,소매,G221,기타 상품 소매,G22199,그 외 기타 상품 전문 소매업,G47859,그 외 기타 분류 안된 상품 전문 소매업,41,경기도,41390,시흥시,41390510,대야동,4139010100,대야동,4139010100104680017,1,대지,468,17,경기도 시흥시 대야동 468-17,413904397270,경기도 시흥시 복지로71번길,1,,4139010100104680017004765,,경기도 시흥시 복지로71번길 1,429810,14905,,2,,126.790280079478,37.4457341879068
MA010120220812322074,태성산업,,G2,소매,G221,기타 상품 소매,G22199,그 외 기타 상품 전문 소매업,G47859,그 외 기타 분류 안된 상품 전문 소매업,41,경기도,41430,의왕시,41430530,오전동,4143010500,오전동,4143010500103090012,1,대지,309,12,경기도 의왕시 오전동 309-12,414304403047,경기도 의왕시 등칙골4길,9,,4143010500103090012005912,,경기도 의왕시 등칙골4길 9,437822,16058,,,,126.974209574066,37.3527698366325
MA010120220812327442,더풀,,G2,소매,G221,기타 상품 소매,G22199,그 외 기타 상품 전문 소매업,G47859,그 외 기타 분류 안된 상품 전문 소매업,43,충청북도,43150,제천시,43150560,용두동,4315011200,신월동,4315011200105790000,1,대지,579,,충청북도 제천시 신월동 579,431503239033,충청북도 제천시 세명로,65,,4315011200105220000000001,세명대학교,충청북도 제천시 세명로 65,390711,27136,,,,128.196155288597,37.1738429266066
MA010120220812310931,주안산업,,G2,소매,G221,기타 상품 소매,G22199,그 외 기타 상품 전문 소매업,G47859,그 외 기타 분류 안된 상품 전문 소매업,28,인천광역시,28200,남동구,28200530,간석1동,2820010200,간석동,2820010200105420002,1,대지,542,2,인천광역시 남동구 간석동 542-2,282003000028,인천광역시 남동구 경인로,554,,2820010200105420002000453,효성오피스텔,인천광역시 남동구 경인로 554,405811,21549,,2,,126.700315770227,37.4624702917187
MA010120220812297386,청실홍실,,G2,소매,G221,기타 상품 소매,G22199,그 외 기타 상품 전문 소매업,G47859,그 외 기타 분류 안된 상품 전문 소매업,41,경기도,41360,남양주시,41360253,진접읍,4136025326,진접읍,4136025326107880016,1,대지,788,16,경기도 남양주시 진접읍 팔야리 788-16,413603197006,경기도 남양주시 진접읍 광릉내로,69,1,4136025326107880016023373,,경기도 남양주시 진접읍 광릉내로 69-1,472868,12019,,,,127.202323748369,37.7448307416095
MA010120220812363276,와이제이에스,,G2,소매,G221,기타 상품 소매,G22199,그 외 기타 상품 전문 소매업,G47859,그 외 기타 분류 안된 상품 전문 소매업,41,경기도,41610,광주시,41610253,초월읍,4161025329,초월읍,4161025329103890001,1,대지,389,1,경기도 광주시 초월읍 지월리 389-1,416104433014,경기도 광주시 초월읍 경수길100번길,2,,4161025329103890001000001,,경기도 광주시 초월읍 경수길100번길 2,464863,12728,,,,127.294662787973,37.4185315500385
MA010120220812376348,대한불교,,G2,소매,G221,기타 상품 소매,G22199,그 외 기타 상품 전문 소매업,G47859,그 외 기타 분류 안된 상품 전문 소매업,47,경상북도,47250,상주시,47250520,남원동,4725010700,남성동,4725010700100070002,1,대지,7,2,경상북도 상주시 남성동 7-2,472503311009,경상북도 상주시 남성로,81,12,4725010700100070002091776,,경상북도 상주시 남성로 81-12,742903,37196,,,,128.160293321568,36.4154342296203
MA010120220812379031,아성기업,,G2,소매,G221,기타 상품 소매,G22199,그 외 기타 상품 전문 소매업,G45212,자동차용 전용 신품 부품 판매업,28,인천광역시,28200,남동구,28200660,남촌도림동,2820010800,수산동,2820010800103110000,1,대지,311,,인천광역시 남동구 수산동 311,282003153006,인천광역시 남동구 구수골로,48,,2820010800103110000000001,,인천광역시 남동구 구수골로 48,405290,21620,,1,,126.727120895638,37.4330721556621
MA010120220812357741,영신ST,,G2,소매,G221,기타 상품 소매,G22199,그 외 기타 상품 전문 소매업,G47859,그 외 기타 분류 안된 상품 전문 소매업,41,경기도,41463,용인시 기흥구,41463520,구갈동,4146310200,구갈동,4146310200103530004,1,대지,353,4,경기도 용인시 기흥구 구갈동 353-4,414633204007,경기도 용인시 기흥구 관곡로,92,,4146310200103530004021679,신건프라자,경기도 용인시 기흥구 관곡로 92,446569,16972,,2,,127.113504577931,37.2805003454037
MA010120220812360691,시온방재,,G2,소매,G221,기타 상품 소매,G22199,그 외 기타 상품 전문 소매업,M71109,기타 법무관련 서비스업,41,경기도,41390,시흥시,41390520,신천동,4139010200,신천동,4139010200108420017,1,대지,842,17,경기도 시흥시 신천동 842-17,413904397426,경기도 시흥시 신천로79번길,22,,4139010200108420017007607,,경기도 시흥시 신천로79번길 22,429825,14949,,2,,126.783681571471,37.4374870331762
MA010120220812357900,제이엠텍,,G2,소매,G221,기타 상품 소매,G22199,그 외 기타 상품 전문 소매업,G47859,그 외 기타 분류 안된 상품 전문 소매업,47,경상북도,47190,구미시,47190670,인동동,4719012000,구평동,4719012000104620006,1,대지,462,6,경상북도 구미시 구평동 462-6,471904724759,경상북도 구미시 인동46길,5,40,4719012000104620006005125,새빛마을,경상북도 구미시 인동46길 5-40,730300,39446,,,,128.441157703483,36.0921382246881
MA010120220812360976,현종합상사,,G2,소매,G221,기타 상품 소매,G22199,그 외 기타 상품 전문 소매업,G47859,그 외 기타 분류 안된 상품 전문 소매업,31,울산광역시,31140,남구,31140550,신정5동,3114010400,신정동,3114010400101450004,1,대지,145,4,울산광역시 남구 신정동 145-4,311404310150,울산광역시 남구 돋질로157번길,38,8,3114010400101450004013607,,울산광역시 남구 돋질로157번길 38-8,680821,44687,,,,129.321894467438,35.5439877249571
MA010120220812376955,넘버원,,G2,소매,G221,기타 상품 소매,G22199,그 외 기타 상품 전문 소매업,G47859,그 외 기타 분류 안된 상품 전문 소매업,11,서울특별시,11350,노원구,11350640,상계2동,1135010500,상계동,1135010500103490002,1,대지,349,2,서울특별시 노원구 상계동 349-2,113503110003,서울특별시 노원구 상계로,91,,1135010500103490002007517,서진빌딩,서울특별시 노원구 상계로 91,139816,01692,,2,,127.064970454619,37.6568891222727
MA010120220812382498,성공기업,,G2,소매,G221,기타 상품 소매,G22199,그 외 기타 상품 전문 소매업,G47859,그 외 기타 분류 안된 상품 전문 소매업,50,제주특별자치도,50130,서귀포시,50130620,예래동,5013012000,상예동,5013012000146600000,1,대지,4660,,제주특별자치도 서귀포시 상예동 4660,501304851205,제주특별자치도 서귀포시 존제로15번길,10,11,5013012000146600000030487,,제주특별자치도 서귀포시 존제로15번길 10-11,697301,63534,,,,126.375758543588,33.2647193477757
MA010120220812347404,대한농약사,,G2,소매,G221,기타 상품 소매,G22199,그 외 기타 상품 전문 소매업,G47859,그 외 기타 분류 안된 상품 전문 소매업,47,경상북도,47840,성주군,47840250,성주읍,4784025028,성주읍,4784025028107910008,1,대지,791,8,경상북도 성주군 성주읍 예산리 791-8,478403321017,경상북도 성주군 성주읍 성주순환로,224,,4784025028107910008036268,,경상북도 성주군 성주읍 성주순환로 224,719801,40029,,,,128.289849703549,35.9227591764527
MA010120220812380028,태광상사,,G2,소매,G221,기타 상품 소매,G22199,그 외 기타 상품 전문 소매업,G47859,그 외 기타 분류 안된 상품 전문 소매업,30,대전광역시,30140,중구,30140535,은행선화동,3014010200,선화동,3014010200100210001,1,대지,21,1,대전광역시 중구 선화동 21-1,301404295566,대전광역시 중구 중앙로137번길,43,,3014010200100210001001926,,대전광역시 중구 중앙로137번길 43,301822,34837,,2,,127.423412915525,36.3297715227495
MA010120220812366588,시리얼,,G2,소매,G221,기타 상품 소매,G22199,그 외 기타 상품 전문 소매업,G47859,그 외 기타 분류 안된 상품 전문 소매업,11,서울특별시,11230,동대문구,11230650,장안1동,1123010600,장안동,1123010600104300001,1,대지,430,1,서울특별시 동대문구 장안동 430-1,112304115569,서울특별시 동대문구 천호대로83길,84,,1123010600104300001017852,,서울특별시 동대문구 천호대로83길 84,130844,02629,,4,,127.066668134102,37.5655819547644
MA010120220812353398,에스티켐,,G2,소매,G221,기타 상품 소매,G22199,그 외 기타 상품 전문 소매업,G47859,그 외 기타 분류 안된 상품 전문 소매업,41,경기도,41590,화성시,41590360,팔탄면,4159036022,팔탄면,4159036022109250004,1,대지,925,4,경기도 화성시 팔탄면 창곡리 925-4,415904430297,경기도 화성시 팔탄면 독곡길,24,41,4159036022109250004000001,,경기도 화성시 팔탄면 독곡길 24-41,445949,18525,,,,126.895007786821,37.1755902600867
MA010120220812361534,오토파트,,G2,소매,G221,기타 상품 소매,G22199,그 외 기타 상품 전문 소매업,G47859,그 외 기타 분류 안된 상품 전문 소매업,44,충청남도,44131,천안시 동남구,44131510,중앙동,4413110100,대흥동,4413110100101010002,1,대지,101,2,충청남도 천안시 동남구 대흥동 101-2,441314547624,충청남도 천안시 동남구 은행길,11,,4413110100101010002018815,,충청남도 천안시 동남구 은행길 11,330010,31129,,,,127.148843088606,36.8080817315365
MA010120220812345722,비바삭스,,G2,소매,G221,기타 상품 소매,G22199,그 외 기타 상품 전문 소매업,G47859,그 외 기타 분류 안된 상품 전문 소매업,41,경기도,41133,성남시 중원구,41133570,상대원1동,4113310500,상대원동,4113310500101440003,1,대지,144,3,경기도 성남시 중원구 상대원동 144-3,411333179001,경기도 성남시 중원구 갈마치로,302,,4113310500101440003000001,성남우림라이온스밸리5차,경기도 성남시 중원구 갈마치로 302,462739,13201,,2,,127.172889618976,37.4403516782481
MA010120220812372910,천신불교용품,,G2,소매,G221,기타 상품 소매,G22199,그 외 기타 상품 전문 소매업,G47859,그 외 기타 분류 안된 상품 전문 소매업,46,전라남도,46150,순천시,46150560,조곡동,4615011100,조곡동,4615011100100470021,1,대지,47,21,전라남도 순천시 조곡동 47-21,461504649884,전라남도 순천시 자경1길,57,,4615011100100470021043709,,전라남도 순천시 자경1길 57,540962,57954,,,,127.500100403491,34.9539743126651
MA010120220812354148,도서출판불방일,,G2,소매,G221,기타 상품 소매,G22199,그 외 기타 상품 전문 소매업,G47859,그 외 기타 분류 안된 상품 전문 소매업,41,경기도,41171,안양시 만안구,41171590,석수1동,4117110200,석수동,4117110200101780019,1,대지,178,19,경기도 안양시 만안구 석수동 178-19,411714346010,경기도 안양시 만안구 경수대로1201번길,10,,4117110200101780019002752,,경기도 안양시 만안구 경수대로1201번길 10,430804,13961,,2,,126.913853959518,37.4162724483704
MA010120220812362731,형제농약사,,G2,소매,G221,기타 상품 소매,G22199,그 외 기타 상품 전문 소매업,G47859,그 외 기타 분류 안된 상품 전문 소매업,46,전라남도,46840,무안군,46840340,현경면,4684034024,현경면,4684034024106310001,1,대지,631,1,전라남도 무안군 현경면 외반리 631-1,468403296042,전라남도 무안군 현경면 현해로,51,3,4684034024106310001010973,,전라남도 무안군 현경면 현해로 51-3,534844,58512,,,,126.415162823981,35.0200628360881
MA010120220812414608,휴먼시티,,G2,소매,G221,기타 상품 소매,G22199,그 외 기타 상품 전문 소매업,G47859,그 외 기타 분류 안된 상품 전문 소매업,47,경상북도,47170,안동시,47170340,풍천면,4717034021,풍천면,4717034021112760000,1,대지,1276,,경상북도 안동시 풍천면 갈전리 1276,471703351093,경상북도 안동시 풍천면 검무로,4,8,4717034021112760000000001,,경상북도 안동시 풍천면 검무로 4-8,760811,36759,,,,128.493400477597,36.5759702148301
MA010120220812425161,한국부적협회,,G2,소매,G221,기타 상품 소매,G22199,그 외 기타 상품 전문 소매업,G47859,그 외 기타 분류 안된 상품 전문 소매업,26,부산광역시,26530,사상구,26530645,감전동,2653010500,감전동,2653010500101350011,1,대지,135,11,부산광역시 사상구 감전동 135-11,265304217263,부산광역시 사상구 사상로46번길,65,4,2653010500101350011005397,,부산광역시 사상구 사상로46번길 65-4,617801,46983,,,,128.992987078862,35.1549283446352
MA010120220812390916,에픽탱크,,G2,소매,G221,기타 상품 소매,G22199,그 외 기타 상품 전문 소매업,G47859,그 외 기타 분류 안된 상품 전문 소매업,41,경기도,41273,안산시 단원구,41273565,신길동,4127310300,신길동,4127310300112290000,1,대지,1229,,경기도 안산시 단원구 신길동 1229,412733012031,경기도 안산시 단원구 산단로,325,,4127310300112290000044323,리드스마트스퀘어지식산업센터,경기도 안산시 단원구 산단로 325,425839,15426,,8,,126.785102816127,37.3236093669733
MA010120220812404427,유한책임회사하이모,평택지점,G2,소매,G221,기타 상품 소매,G22199,그 외 기타 상품 전문 소매업,G47422,의복 액세서리 및 모조 장신구 소매업,41,경기도,41220,평택시,41220620,비전1동,4122011800,비전동,4122011800110900002,1,대지,1090,2,경기도 평택시 비전동 1090-2,412203188116,경기도 평택시 평남로,862,,4122011800110900002000001,로이드빌딩,경기도 평택시 평남로 862,450151,17854,,,,127.111502885703,37.0004616445325
MA010120220812407434,화개장터지리산칡생즙,,G2,소매,G221,기타 상품 소매,G22199,그 외 기타 상품 전문 소매업,G47859,그 외 기타 분류 안된 상품 전문 소매업,48,경상남도,48850,하동군,48850310,화개면,4885031023,화개면,4885031023107260046,1,대지,726,46,경상남도 하동군 화개면 탑리 726-46,488503344009,경상남도 하동군 화개면 쌍계로,15,,4885031023107260046047848,일대,경상남도 하동군 화개면 쌍계로 15,667822,52303,,,,127.624070190419,35.1879961975287
MA010120220812394298,하나방재,,G2,소매,G221,기타 상품 소매,G22199,그 외 기타 상품 전문 소매업,G47859,그 외 기타 분류 안된 상품 전문 소매업,41,경기도,41390,시흥시,41390510,대야동,4139010100,대야동,4139010100106510000,1,대지,651,,경기도 시흥시 대야동 651,413904854192,경기도 시흥시 은계중앙로306번길,70,,4139010100102650002000002,S,경기도 시흥시 은계중앙로306번길 70,429010,15120,,1,,126.795347459857,37.4523294715292
MA010120220812407778,가발,백화점,G2,소매,G221,기타 상품 소매,G22199,그 외 기타 상품 전문 소매업,G47422,의복 액세서리 및 모조 장신구 소매업,52,전북특별자치도,52140,익산시,52140520,중앙동,5214010500,중앙동3가,5214010500100530001,1,대지,53,1,전북특별자치도 익산시 중앙동3가 53-1,521403269061,전북특별자치도 익산시 중앙로,34,,4514010500100530001094456,,전북특별자치도 익산시 중앙로 34,570988,54601,,,,126.950627935669,35.938880015189
MA010120220812397123,목양성구사,,G2,소매,G221,기타 상품 소매,G22199,그 외 기타 상품 전문 소매업,G47859,그 외 기타 분류 안된 상품 전문 소매업,11,서울특별시,11110,종로구,11110630,종로5.6가동,1111016000,연지동,1111016000101350000,1,대지,135,,서울특별시 종로구 연지동 135,111104100039,서울특별시 종로구 대학로3길,29,,1111016000101350000011309,한국교회,서울특별시 종로구 대학로3길 29,110470,03128,,2,,127.000475450056,37.5746377610798
MA010120220812419098,태성아그로,,G2,소매,G221,기타 상품 소매,G22199,그 외 기타 상품 전문 소매업,G47859,그 외 기타 분류 안된 상품 전문 소매업,46,전라남도,46230,광양시,46230250,광양읍,4623025023,광양읍,4623025023100020001,1,대지,2,1,전라남도 광양시 광양읍 칠성리 2-1,462304655395,전라남도 광양시 광양읍 읍성길,183,,4623025023100050001024726,,전라남도 광양시 광양읍 읍성길 183,545808,57743,,,,127.587136271683,34.9768672245262
MA010120220812394616,청정옹진비료,,G2,소매,G221,기타 상품 소매,G22199,그 외 기타 상품 전문 소매업,G47859,그 외 기타 분류 안된 상품 전문 소매업,28,인천광역시,28720,옹진군,28720360,영흥면,2872036021,영흥면,2872036021102130003,1,대지,213,3,인천광역시 옹진군 영흥면 외리 213-3,287204274161,인천광역시 옹진군 영흥면 영흥남로9번길,412,36,2872036021102130003010176,,인천광역시 옹진군 영흥면 영흥남로9번길 412-36,409871,23121,,,,126.470102568818,37.2409306995134
MA010120220812397654,광명전기,,G2,소매,G221,기타 상품 소매,G22199,그 외 기타 상품 전문 소매업,G47859,그 외 기타 분류 안된 상품 전문 소매업,27,대구광역시,27230,북구,27230550,침산1동,2723010600,침산동,2723010600108150000,1,대지,815,,대구광역시 북구 침산동 815,272304235416,대구광역시 북구 침산남로9길,179,19,2723010600108150000010643,,대구광역시 북구 침산남로9길 179-19,702862,41545,,,,128.586459474757,35.9006511864301
MA010120220812397988,한중수석,,G2,소매,G221,기타 상품 소매,G22199,그 외 기타 상품 전문 소매업,G47859,그 외 기타 분류 안된 상품 전문 소매업,52,전북특별자치도,52111,전주시 완산구,52111680,서신동,5211112900,서신동,5211112900110170010,1,대지,1017,10,전북특별자치도 전주시 완산구 서신동 1017-10,521114598029,전북특별자치도 전주시 완산구 고사평7길,9,3,4511112900110170010024280,로얄빌,전북특별자치도 전주시 완산구 고사평7길 9-3,560823,54943,,1,,127.109254699985,35.8373236380208
MA010120220813678005,소연인삼,,G2,소매,G221,기타 상품 소매,G22199,그 외 기타 상품 전문 소매업,G47859,그 외 기타 분류 안된 상품 전문 소매업,26,부산광역시,26230,부산진구,26230510,부전1동,2623010300,부전동,2623010300105730003,1,대지,573,3,부산광역시 부산진구 부전동 573-3,262304187696,부산광역시 부산진구 중앙대로783번길,23,,2623010300105730021011896,부전시장,부산광역시 부산진구 중앙대로783번길 23,614848,47251,,2,,129.06102082303,35.1633059594121
MA010120220813638800,코코갤러리,,G2,소매,G221,기타 상품 소매,G22199,그 외 기타 상품 전문 소매업,G47859,그 외 기타 분류 안된 상품 전문 소매업,11,서울특별시,11440,마포구,11440655,서강동,1144011500,상수동,1144011500100930089,1,대지,93,89,서울특별시 마포구 상수동 93-89,114403113017,서울특별시 마포구 와우산로,49,,1144011500100930089026794,상수아뜨리에,서울특별시 마포구 와우산로 49,121828,04049,,2,,126.922630076766,37.5489700490091
MA010120220814043163,경주인삼,,G2,소매,G221,기타 상품 소매,G22199,그 외 기타 상품 전문 소매업,G47859,그 외 기타 분류 안된 상품 전문 소매업,26,부산광역시,26230,부산진구,26230510,부전1동,2623010300,부전동,2623010300105730026,1,대지,573,26,부산광역시 부산진구 부전동 573-26,262304187696,부산광역시 부산진구 중앙대로783번길,23,,2623010300105730021011896,부전점포,부산광역시 부산진구 중앙대로783번길 23,614848,47251,,2,,129.061156600134,35.1630333001005
MA010120220813664179,레뱅현대,목동점,G2,소매,G221,기타 상품 소매,G22199,그 외 기타 상품 전문 소매업,G47859,그 외 기타 분류 안된 상품 전문 소매업,11,서울특별시,11470,양천구,11470510,목1동,1147010200,목동,1147010200109160000,1,대지,916,,서울특별시 양천구 목동 916,114703114001,서울특별시 양천구 목동동로,257,,1147010200109160000021253,하이페리온,서울특별시 양천구 목동동로 257,158724,07998,,2,,126.874617173696,37.5272778041426
MA010120220813836516,지컴파짓,,G2,소매,G221,기타 상품 소매,G22199,그 외 기타 상품 전문 소매업,G47859,그 외 기타 분류 안된 상품 전문 소매업,41,경기도,41113,수원시 권선구,41113700,입북동,4111314100,당수동,4111314100107450000,1,대지,745,,경기도 수원시 권선구 당수동 745,411134325166,경기도 수원시 권선구 당진로31번길,51,20,4111314100107450000022538,쌍용스윗닷홈1단지,경기도 수원시 권선구 당진로31번길 51-20,441762,16378,,3,,126.936844431293,37.2921793337478
MA0101202212A0029195,비주,,G2,소매,G221,기타 상품 소매,G22199,그 외 기타 상품 전문 소매업,G47859,그 외 기타 분류 안된 상품 전문 소매업,48,경상남도,48330,양산시,48330340,하북면,4833034022,하북면,4833034022100070014,1,대지,7,14,경상남도 양산시 하북면 지산리 7-14,483303338078,경상남도 양산시 하북면 지산로,11,,4833034022100070014000001,명칭없음,경상남도 양산시 하북면 지산로 11,626861,50502,,3,,129.082019544917,35.4953126209854
MA0101202307A0060782,우리밀,,G2,소매,G221,기타 상품 소매,G22199,그 외 기타 상품 전문 소매업,G47859,그 외 기타 분류 안된 상품 전문 소매업,52,전북특별자치도,52111,전주시 완산구,52111510,중앙동,5211111900,태평동,5211111900100360001,1,대지,36,1,전북특별자치도 전주시 완산구 태평동 36-1,521114598369,전북특별자치도 전주시 완산구 태평3길,70,,4511111900100380001031292,중앙상가,전북특별자치도 전주시 완산구 태평3길 70,560773,54996,,2,,127.142448868237,35.8252210291403
MA010120220814371972,다판다몰,,G2,소매,G221,기타 상품 소매,G22199,그 외 기타 상품 전문 소매업,G47859,그 외 기타 분류 안된 상품 전문 소매업,52,전북특별자치도,52130,군산시,52130320,회현면,5213032023,회현면,5213032023100860000,1,대지,86,,전북특별자치도 군산시 회현면 대정리 86,521304604210,전북특별자치도 군산시 회현면 대지산길,23,,4513032023100860000000001,명칭없음,전북특별자치도 군산시 회현면 대지산길 23,573833,54177,,3,,126.752280483631,35.9124084181938
MA0101202305A0082400,착한파티&풍선,,G2,소매,G221,기타 상품 소매,G22199,그 외 기타 상품 전문 소매업,G47859,그 외 기타 분류 안된 상품 전문 소매업,27,대구광역시,27710,달성군,27710256,다사읍,2771025626,다사읍,2771025626115660001,1,대지,1566,1,대구광역시 달성군 다사읍 세천리 1566-1,277103148034,대구광역시 달성군 다사읍 세천로,187,,2771025626115660001000001,다사세천한라비발디,대구광역시 달성군 다사읍 세천로 187,711814,42922,,1,,128.479797126442,35.8773215186956
MA0101202301A0084431,바른사람들,,G2,소매,G221,기타 상품 소매,G22199,그 외 기타 상품 전문 소매업,G47859,그 외 기타 분류 안된 상품 전문 소매업,41,경기도,41370,오산시,41370550,세마동,4137011300,세교동,4137011300106220000,1,대지,622,,경기도 오산시 세교동 622,413703198025,경기도 오산시 수목원로,615,,4137011300106220000000001,잔다리마을휴먼시아1단지,경기도 오산시 수목원로 615,447240,18107,,1,,127.041600853344,37.1844057462928
MA0101202211A0040207,대림이엔지,,G2,소매,G221,기타 상품 소매,G22199,그 외 기타 상품 전문 소매업,G47859,그 외 기타 분류 안된 상품 전문 소매업,11,서울특별시,11350,노원구,11350665,상계3.4동,1135010500,상계동,1135010500113200000,1,대지,1320,,서울특별시 노원구 상계동 1320,113504130127,서울특별시 노원구 덕릉로127길,25,,1135010500100600012003647,미라보,서울특별시 노원구 덕릉로127길 25,139204,01634,,2,,127.08157835568,37.6722495369929
MA0101202307A0099333,환태평양참치,,G2,소매,G221,기타 상품 소매,G22199,그 외 기타 상품 전문 소매업,G47859,그 외 기타 분류 안된 상품 전문 소매업,11,서울특별시,11500,강서구,11500591,화곡6동,1150010300,화곡동,1150010300109800019,1,대지,980,19,서울특별시 강서구 화곡동 980-19,115004145538,서울특별시 강서구 화곡로54길,43,,1150010300109800019016067,강서금호어울림퍼스티어,서울특별시 강서구 화곡로54길 43,157915,07659,,1,,126.851073199823,37.5507755556237
MA0101202212A0080068,다올그린,,G2,소매,G221,기타 상품 소매,G22199,그 외 기타 상품 전문 소매업,G47859,그 외 기타 분류 안된 상품 전문 소매업,11,서울특별시,11380,은평구,11380520,불광1동,1138010300,불광동,1138010300102380103,1,대지,238,103,서울특별시 은평구 불광동 238-103,113804133095,서울특별시 은평구 불광로9길,7,,1138010300102380103040240,이레빌라트,서울특별시 은평구 불광로9길 7,122856,03355,,2,,126.932210858895,37.6160008328967
MA0101202303A0006902,한국소방방재,,G2,소매,G221,기타 상품 소매,G22199,그 외 기타 상품 전문 소매업,G47859,그 외 기타 분류 안된 상품 전문 소매업,41,경기도,41590,화성시,41590610,동탄7동,4159013700,송동,4159013700106920000,1,대지,692,,경기도 화성시 송동 692,415904852343,경기도 화성시 동탄대로9길,20,,4159042031106810060000001,엘에이치26단지,경기도 화성시 동탄대로9길 20,,18488,,5,,127.103303102713,37.1755557024638
MA010120220814235348,경성상회,,G2,소매,G221,기타 상품 소매,G22199,그 외 기타 상품 전문 소매업,G47859,그 외 기타 분류 안된 상품 전문 소매업,11,서울특별시,11260,중랑구,11260565,면목본동,1126010100,면목동,1126010100105380000,1,대지,538,,서울특별시 중랑구 면목동 538,112604118243,서울특별시 중랑구 면목로69길,16,,1126010100105380000031619,중랑지웰에스테이트,서울특별시 중랑구 면목로69길 16,131818,02219,,1,,127.086252152037,37.5872742211731
MA0101202305A0170223,제이에스토브,,G2,소매,G221,기타 상품 소매,G22199,그 외 기타 상품 전문 소매업,G47859,그 외 기타 분류 안된 상품 전문 소매업,11,서울특별시,11710,송파구,11710570,오금동,1171011200,오금동,1171011200100430000,1,대지,43,,서울특별시 송파구 오금동 43,117104169393,서울특별시 송파구 오금로35길,17,,1171011200100430000013929,현대아파트,서울특별시 송파구 오금로35길 17,138740,05658,,2,,127.126887254244,37.5071117520477
MA0101202303A0074657,세종지향개발,,G2,소매,G221,기타 상품 소매,G22199,그 외 기타 상품 전문 소매업,G47859,그 외 기타 분류 안된 상품 전문 소매업,36,세종특별자치시,36110,세종특별자치시,36110556,반곡동,3611010100,반곡동,3611010100108990000,1,대지,899,,세종특별자치시 세종특별자치시 반곡동 899,361104853189,세종특별자치시 세종특별자치시 반곡2길,9,,3611010100100460003000001,수루배마을5단지,세종특별자치시 세종특별자치시 반곡2길 9,339007,30145,,1,,127.311925430391,36.4966141661192
MA010120220814242108,인삼,,G2,소매,G221,기타 상품 소매,G22199,그 외 기타 상품 전문 소매업,G47859,그 외 기타 분류 안된 상품 전문 소매업,26,부산광역시,26230,부산진구,26230510,부전1동,2623010300,부전동,2623010300105730003,1,대지,573,3,부산광역시 부산진구 부전동 573-3,262304187696,부산광역시 부산진구 중앙대로783번길,23,,2623010300105730021011896,부전시장,부산광역시 부산진구 중앙대로783번길 23,614848,47251,,2,,129.06102082303,35.1633059594121
MA0101202305A0096146,파티팡24동탄,호수공원점,G2,소매,G221,기타 상품 소매,G22199,그 외 기타 상품 전문 소매업,G47859,그 외 기타 분류 안된 상품 전문 소매업,41,경기도,41590,화성시,41590610,동탄7동,4159013700,송동,4159013700107250004,1,대지,725,4,경기도 화성시 송동 725-4,415904852340,경기도 화성시 동탄대로5길,15,,4159013700107250005000001,동탄더샵센텀폴리스,경기도 화성시 동탄대로5길 15,,18497,,2,,127.105125466462,37.1661110332049
MA0101202306A0027891,텐마오,,G2,소매,G221,기타 상품 소매,G22199,그 외 기타 상품 전문 소매업,G47859,그 외 기타 분류 안된 상품 전문 소매업,26,부산광역시,26410,금정구,26410670,남산동,2641010400,남산동,2641010400100270025,1,대지,27,25,부산광역시 금정구 남산동 27-25,264104205189,부산광역시 금정구 범어천로52번길,38,,2641010400100270025011729,남산청룡,부산광역시 금정구 범어천로52번길 38,609813,46219,,3,,129.091540125162,35.2707582873211
MA0101202306A0063318,민초인삼초재,,G2,소매,G221,기타 상품 소매,G22199,그 외 기타 상품 전문 소매업,G47859,그 외 기타 분류 안된 상품 전문 소매업,26,부산광역시,26110,중구,26110580,남포동,2611014100,남포동6가,2611014100100030000,1,대지,3,,부산광역시 중구 남포동6가 3,261103125012,부산광역시 중구 자갈치로,33,,2611014100100030000004908,신천지상가,부산광역시 중구 자갈치로 33,600046,48982,,1,,129.027816192104,35.0970446442651
MA0101202308A0034674,광성,,G2,소매,G221,기타 상품 소매,G22199,그 외 기타 상품 전문 소매업,G47859,그 외 기타 분류 안된 상품 전문 소매업,41,경기도,41310,구리시,41310580,수택2동,4131010500,수택동,4131010500104380069,1,대지,438,69,경기도 구리시 수택동 438-69,413104388134,경기도 구리시 원수택로25번길,7,11,4131010500104380069006512,삼우,경기도 구리시 원수택로25번길 7-11,471816,11933,,2,,127.139048780979,37.5941434495636
MA0101202308A0094142,세온안전,,G2,소매,G221,기타 상품 소매,G22199,그 외 기타 상품 전문 소매업,G47859,그 외 기타 분류 안된 상품 전문 소매업,29,광주광역시,29140,서구,29140590,양3동,2914010400,양동,2914010400103210049,1,대지,321,49,광주광역시 서구 양동 321-49,291404280278,광주광역시 서구 양동로17번길,16,,2914010400103210049000001,명칭없음,광주광역시 서구 양동로17번길 16,502825,61922,,3,,126.897493131732,35.1548764917497
MA0101202211A0063125,행운유통,,G2,소매,G221,기타 상품 소매,G22199,그 외 기타 상품 전문 소매업,G47859,그 외 기타 분류 안된 상품 전문 소매업,30,대전광역시,30230,대덕구,30230533,비래동,3023011000,비래동,3023011000105600009,1,대지,560,9,대전광역시 대덕구 비래동 560-9,302304304184,대전광역시 대덕구 동서대로1748번길,45,,3023011000105600009005459,동부맨션,대전광역시 대덕구 동서대로1748번길 45,306829,34419,,1,,127.445085916824,36.351239856774
MA0101202307A0054827,다올,,G2,소매,G221,기타 상품 소매,G22199,그 외 기타 상품 전문 소매업,G47859,그 외 기타 분류 안된 상품 전문 소매업,52,전북특별자치도,52111,전주시 완산구,52111510,중앙동,5211111900,태평동,5211111900100360001,1,대지,36,1,전북특별자치도 전주시 완산구 태평동 36-1,521114598369,전북특별자치도 전주시 완산구 태평3길,70,,4511111900100380001031292,중앙상가,전북특별자치도 전주시 완산구 태평3길 70,560773,54996,,1,,127.142448868237,35.8252210291403
MA0101202305A0155277,다니엘3,,G2,소매,G221,기타 상품 소매,G22199,그 외 기타 상품 전문 소매업,G47859,그 외 기타 분류 안된 상품 전문 소매업,52,전북특별자치도,52111,전주시 완산구,52111510,중앙동,5211111900,태평동,5211111900100360001,1,대지,36,1,전북특별자치도 전주시 완산구 태평동 36-1,521114598369,전북특별자치도 전주시 완산구 태평3길,70,,4511111900100380001031292,중앙상가,전북특별자치도 전주시 완산구 태평3길 70,560773,54996,,1,,127.142448868237,35.8252210291403
MA0101202305A0162066,대산만물상회,,G2,소매,G221,기타 상품 소매,G22199,그 외 기타 상품 전문 소매업,G47859,그 외 기타 분류 안된 상품 전문 소매업,29,광주광역시,29110,동구,29110590,산수1동,2911011000,산수동,2911011000105530121,1,대지,553,121,광주광역시 동구 산수동 553-121,291104277023,광주광역시 동구 경양로379번길,4,,2911011000105530121004933,,광주광역시 동구 경양로379번길 4,501820,61418,,1,,126.930451332513,35.1546835663504
MA0101202305A0186270,아그로켐,,G2,소매,G221,기타 상품 소매,G22199,그 외 기타 상품 전문 소매업,G47859,그 외 기타 분류 안된 상품 전문 소매업,48,경상남도,48170,진주시,48170250,문산읍,4817025024,문산읍,4817025024111640000,1,대지,1164,,경상남도 진주시 문산읍 이곡리 1164,481704796995,경상남도 진주시 문산읍 월아산로950번길,25,,4817025024111640000000001,,경상남도 진주시 문산읍 월아산로950번길 25,660841,52840,,,,128.16566765388,35.1550806785467
MA0101202305A0097850,이산,,G2,소매,G221,기타 상품 소매,G22199,그 외 기타 상품 전문 소매업,G47859,그 외 기타 분류 안된 상품 전문 소매업,30,대전광역시,30110,동구,30110640,용전동,3011011500,용전동,3011011500101330002,1,대지,133,2,대전광역시 동구 용전동 133-2,301103010001,대전광역시 동구 계족로,446,,3011011500101330002003666,,대전광역시 동구 계족로 446,300826,34547,,2,,127.432621250744,36.3515109274514
MA0101202305A0134541,신성운반구,,G2,소매,G221,기타 상품 소매,G22199,그 외 기타 상품 전문 소매업,G47859,그 외 기타 분류 안된 상품 전문 소매업,41,경기도,41115,수원시 팔달구,41115730,인계동,4111514100,인계동,4111514100107730017,1,대지,773,17,경기도 수원시 팔달구 인계동 773-17,411153175035,경기도 수원시 팔달구 수원천로,216,,4111514100107730017004880,,경기도 수원시 팔달구 수원천로 216,442831,16470,,,,127.018829048338,37.2727322354145
MA0101202305A0136738,나인틴,,G2,소매,G221,기타 상품 소매,G22199,그 외 기타 상품 전문 소매업,G47859,그 외 기타 분류 안된 상품 전문 소매업,41,경기도,41370,오산시,41370530,남촌동,4137010400,궐동,4137010400107020004,1,대지,702,4,경기도 오산시 궐동 702-4,413704394051,경기도 오산시 대호로71번길,7,,4137010400107020004011657,천지빌딩,경기도 오산시 대호로71번길 7,447140,18123,,,,127.05338342623,37.15636916074
MA0101202305A0178290,돌리블리,,G2,소매,G221,기타 상품 소매,G22199,그 외 기타 상품 전문 소매업,G47859,그 외 기타 분류 안된 상품 전문 소매업,28,인천광역시,28110,중구,28110620,영종동,2811014500,중산동,2811014500112160000,1,대지,1216,,인천광역시 중구 중산동 1216,281103149016,인천광역시 중구 마장포로,65,,2811014500112160000223823,,인천광역시 중구 마장포로 65,400841,22358,,,,126.546451943551,37.5099041634797
MA0101202305A0099813,제이에스에프엔아이,,G2,소매,G221,기타 상품 소매,G22199,그 외 기타 상품 전문 소매업,G47859,그 외 기타 분류 안된 상품 전문 소매업,41,경기도,41390,시흥시,41390591,정왕1동,4139013200,정왕동,4139013200113670001,1,대지,1367,1,경기도 시흥시 정왕동 1367-1,413902199001,경기도 시흥시 공단1대로,244,,4139013200113670001016345,공구상가,경기도 시흥시 공단1대로 244,429853,15103,,,,126.728445299906,37.3353324328239
MA0101202305A0177436,세우림건축,,G2,소매,G221,기타 상품 소매,G22199,그 외 기타 상품 전문 소매업,G47859,그 외 기타 분류 안된 상품 전문 소매업,41,경기도,41360,남양주시,41360250,와부읍,4136025025,와부읍,4136025025103920000,1,대지,392,,경기도 남양주시 와부읍 율석리 392,413604391485,경기도 남양주시 와부읍 석실로율석길,125,1,4136025025103920000000001,제,경기도 남양주시 와부읍 석실로율석길 125-1,472904,12201,,,,127.221461767236,37.6180379336055
MA0101202305A0201193,베스트푸드,,G2,소매,G221,기타 상품 소매,G22199,그 외 기타 상품 전문 소매업,G47859,그 외 기타 분류 안된 상품 전문 소매업,41,경기도,41630,양주시,41630580,옥정2동,4163011400,옥정동,4163011400109650006,1,대지,965,6,경기도 양주시 옥정동 965-6,416304852470,경기도 양주시 옥정동로7다길,74,,4163011400109650006000001,부지로타워,경기도 양주시 옥정동로7다길 74,482130,11473,,6,,127.092815217696,37.8206847333087
MA0101202305A0110880,씨앤에스종합건업,,G2,소매,G221,기타 상품 소매,G22199,그 외 기타 상품 전문 소매업,G47859,그 외 기타 분류 안된 상품 전문 소매업,47,경상북도,47113,포항시 북구,47113700,장량동,4711312200,양덕동,4711312200121140000,1,대지,2114,,경상북도 포항시 북구 양덕동 2114,471134712445,경상북도 포항시 북구 양덕로6번길,57,1,4711312200121140000000001,,경상북도 포항시 북구 양덕로6번길 57-1,791270,37596,,,,129.407930631707,36.0804182554001
MA0101202305A0129440,형제상사,,G2,소매,G221,기타 상품 소매,G22199,그 외 기타 상품 전문 소매업,G47859,그 외 기타 분류 안된 상품 전문 소매업,44,충청남도,44710,금산군,44710250,금산읍,4471025022,금산읍,4471025022103210000,1,대지,321,,충청남도 금산군 금산읍 중도리 321,447104571153,충청남도 금산군 금산읍 뒷담말2길,10,,4471025022103210000000001,,충청남도 금산군 금산읍 뒷담말2길 10,312806,32738,,,,127.491958900933,36.1034362596058
MA0101202305A0177453,약초상점,,G2,소매,G221,기타 상품 소매,G22199,그 외 기타 상품 전문 소매업,G47859,그 외 기타 분류 안된 상품 전문 소매업,50,제주특별자치도,50130,서귀포시,50130253,남원읍,5013025327,남원읍,5013025327109590007,1,대지,959,7,제주특별자치도 서귀포시 남원읍 위미리 959-7,501303350268,제주특별자치도 서귀포시 남원읍 태위로,293,1,5013025327109590007000001,,제주특별자치도 서귀포시 남원읍 태위로 293-1,699944,63610,,,,126.67835262851,33.2763112295661
MA0101202305A0114574,양경애인삼사,,G2,소매,G221,기타 상품 소매,G22199,그 외 기타 상품 전문 소매업,G47859,그 외 기타 분류 안된 상품 전문 소매업,47,경상북도,47210,영주시,47210250,풍기읍,4721025022,풍기읍,4721025022104660000,1,대지,466,,경상북도 영주시 풍기읍 동부리 466,472103309010,경상북도 영주시 풍기읍 기주로,10,,4721025022104650000013772,풍기수삼센터,경상북도 영주시 풍기읍 기주로 10,750803,36034,,,,128.533960963921,36.8678399086181
MA0101202305A0118397,화원유통,,G2,소매,G221,기타 상품 소매,G22199,그 외 기타 상품 전문 소매업,G47859,그 외 기타 분류 안된 상품 전문 소매업,27,대구광역시,27710,달성군,27710250,화원읍,2771025021,화원읍,2771025021100530015,1,대지,53,15,대구광역시 달성군 화원읍 천내리 53-15,277103007026,대구광역시 달성군 화원읍 비슬로,2619,,2771025021100530015019018,,대구광역시 달성군 화원읍 비슬로 2619,711837,42953,,,,128.502975894317,35.8053734931531
MA0101202305A0155600,성인용품여기,,G2,소매,G221,기타 상품 소매,G22199,그 외 기타 상품 전문 소매업,G47859,그 외 기타 분류 안된 상품 전문 소매업,41,경기도,41590,화성시,41590262,남양읍,4159026221,남양읍,4159026221120780003,1,대지,2078,3,경기도 화성시 남양읍 남양리 2078-3,415903210014,경기도 화성시 남양읍 남양로,693,,4159026221120780003000001,,경기도 화성시 남양읍 남양로 693,445851,18271,,,,126.828043649617,37.1997323025077
MA0101202305A0164520,해피몰강일선불폰,,G2,소매,G221,기타 상품 소매,G22199,그 외 기타 상품 전문 소매업,G47859,그 외 기타 분류 안된 상품 전문 소매업,11,서울특별시,11740,강동구,11740515,강일동,1174011000,강일동,1174011000106770000,1,대지,677,,서울특별시 강동구 강일동 677,117404172209,서울특별시 강동구 아리수로91길,24,9,1174011000100000000000001,강일포디움,서울특별시 강동구 아리수로91길 24-9,134100,05211,,,,127.173438478454,37.5653742735778
MA0101202305A0170269,트렉스타안전용품,,G2,소매,G221,기타 상품 소매,G22199,그 외 기타 상품 전문 소매업,G47859,그 외 기타 분류 안된 상품 전문 소매업,48,경상남도,48123,창원시 성산구,48123515,용지동,4812313600,신월동,4812313600100320023,1,대지,32,23,경상남도 창원시 성산구 신월동 32-23,481233327032,경상남도 창원시 성산구 신월로,43,,4812112600100320023032319,,경상남도 창원시 성산구 신월로 43,641837,51440,,1,,128.692606798506,35.228379017501
MA0101202306A0000664,토이앤조이,,G2,소매,G221,기타 상품 소매,G22199,그 외 기타 상품 전문 소매업,G47859,그 외 기타 분류 안된 상품 전문 소매업,28,인천광역시,28260,서구,28260560,석남2동,2826011000,석남동,2826011000105270032,1,대지,527,32,인천광역시 서구 석남동 527-32,282603000065,인천광역시 서구 길주로,60,,2826011000105270032016444,,인천광역시 서구 길주로 60,404827,22792,,3,,126.668529687837,37.5062733404484
MA0101202305A0107239,별밤토이,,G2,소매,G221,기타 상품 소매,G22199,그 외 기타 상품 전문 소매업,G47859,그 외 기타 분류 안된 상품 전문 소매업,27,대구광역시,27110,중구,27110565,성내1동,2711012200,공평동,2711012200100590002,1,대지,59,2,대구광역시 중구 공평동 59-2,271104223088,대구광역시 중구 동성로6길,58,,2711012200100590006007265,,대구광역시 중구 동성로6길 58,700150,41941,,2,,128.598470497313,35.8683932536392
MA0101202305A0159269,산들바이오,,G2,소매,G221,기타 상품 소매,G22199,그 외 기타 상품 전문 소매업,G47859,그 외 기타 분류 안된 상품 전문 소매업,47,경상북도,47170,안동시,47170370,남선면,4717037021,남선면,4717037021107360003,1,대지,736,3,경상북도 안동시 남선면 이천리 736-3,471704721588,경상북도 안동시 남선면 샘들윗길,72,,4717037021107360003000001,,경상북도 안동시 남선면 샘들윗길 72,760862,36741,,,,128.794889990416,36.5328239249622
MA0101202305A0100451,24시무인편의점온양,온천점,G2,소매,G221,기타 상품 소매,G22199,그 외 기타 상품 전문 소매업,G47859,그 외 기타 분류 안된 상품 전문 소매업,44,충청남도,44200,아산시,44200570,온양1동,4420010100,온천동,4420010100100910007,1,대지,91,7,충청남도 아산시 온천동 91-7,442003015033,충청남도 아산시 온천대로,1493,,4420010100100910007038097,호,충청남도 아산시 온천대로 1493,336011,31513,,,,127.003808858784,36.7816189952025
MA0101202305A0179899,행운유통,,G2,소매,G221,기타 상품 소매,G22199,그 외 기타 상품 전문 소매업,G47859,그 외 기타 분류 안된 상품 전문 소매업,41,경기도,41610,광주시,41610510,경안동,4161010100,경안동,4161010100100740025,1,대지,74,25,경기도 광주시 경안동 74-25,416103211038,경기도 광주시 중앙로,147,,4161010100100740025001702,,경기도 광주시 중앙로 147,464801,12755,,,,127.256901139941,37.4128261020883
MA0101202306A0004406,반딧불신약초,,G2,소매,G221,기타 상품 소매,G22199,그 외 기타 상품 전문 소매업,G47859,그 외 기타 분류 안된 상품 전문 소매업,52,전북특별자치도,52730,무주군,52730250,무주읍,5273025021,무주읍,5273025021111520000,1,대지,1152,,전북특별자치도 무주군 무주읍 읍내리 1152,527303275041,전북특별자치도 무주군 무주읍 장터로,2,,4573025021111520000001555,늦반디동,전북특별자치도 무주군 무주읍 장터로 2,568806,55509,,,,127.653534271914,36.0046485740013
MA0101202305A0127935,빨간초콜렛,,G2,소매,G221,기타 상품 소매,G22199,그 외 기타 상품 전문 소매업,G47859,그 외 기타 분류 안된 상품 전문 소매업,41,경기도,41450,하남시,41450610,미사1동,4145010900,망월동,4145010900110980000,1,대지,1098,,경기도 하남시 망월동 1098,414503202058,경기도 하남시 미사강변중앙로,193,,4145010900110980000000001,에코브리지,경기도 하남시 미사강변중앙로 193,465150,12913,,3,,127.189620289704,37.5637546315748
MA0101202305A0137713,어벤져스힐링센타,,G2,소매,G221,기타 상품 소매,G22199,그 외 기타 상품 전문 소매업,G47859,그 외 기타 분류 안된 상품 전문 소매업,11,서울특별시,11680,강남구,11680630,대치4동,1168010600,대치동,1168010600108950009,1,대지,895,9,서울특별시 강남구 대치동 895-9,116804166428,서울특별시 강남구 삼성로81길,44,,1168010600108950009027272,,서울특별시 강남구 삼성로81길 44,135840,06196,,,,127.054093464558,37.5037436965016
MA0101202305A0147247,설아아이스크림생금점,,G2,소매,G221,기타 상품 소매,G22199,그 외 기타 상품 전문 소매업,G47216,"빵류, 과자류 및 당류 소매업",41,경기도,41390,시흥시,41390589,정왕본동,4139013300,죽율동,4139013300107520000,1,대지,752,,경기도 시흥시 죽율동 752,413903199048,경기도 시흥시 죽율로,38,,4139013300102840000000001,시흥푸르지오6차2단지,경기도 시흥시 죽율로 38,429455,15050,,1,,126.761275965,37.3480356465484
MA0101202305A0107755,동양인삼사,,G2,소매,G221,기타 상품 소매,G22199,그 외 기타 상품 전문 소매업,G47859,그 외 기타 분류 안된 상품 전문 소매업,47,경상북도,47210,영주시,47210250,풍기읍,4721025029,풍기읍,4721025029101450003,1,대지,145,3,경상북도 영주시 풍기읍 서부리 145-3,472103309053,경상북도 영주시 풍기읍 인삼로,8,,4721025029101450003011718,풍기인삼시장,경상북도 영주시 풍기읍 인삼로 8,750805,36024,,,,128.523612585866,36.8730277243237
MA0101202305A0113483,원테크,,G2,소매,G221,기타 상품 소매,G22199,그 외 기타 상품 전문 소매업,G47859,그 외 기타 분류 안된 상품 전문 소매업,43,충청북도,43730,옥천군,43730360,이원면,4373036030,이원면,4373036030104720000,1,대지,472,,충청북도 옥천군 이원면 미동리 472,437303014035,충청북도 옥천군 이원면 이원로,606,,4373036030104720000000001,,충청북도 옥천군 이원면 이원로 606,373861,29063,,,,127.628261533969,36.2269112961467
MA0101202305A0117199,태운소방,,G2,소매,G221,기타 상품 소매,G22199,그 외 기타 상품 전문 소매업,G47859,그 외 기타 분류 안된 상품 전문 소매업,41,경기도,41173,안양시 동안구,41173580,호계1동,4117310400,호계동,4117310400105550009,1,대지,555,9,경기도 안양시 동안구 호계동 555-9,411733182030,경기도 안양시 동안구 엘에스로,92,,4117310400105550009005178,국제유통단지,경기도 안양시 동안구 엘에스로 92,431763,14117,,2,,126.95173678756,37.3714771356516
MA0101202306A0001404,신원사선다원,,G2,소매,G221,기타 상품 소매,G22199,그 외 기타 상품 전문 소매업,G47859,그 외 기타 분류 안된 상품 전문 소매업,44,충청남도,44150,공주시,44150330,계룡면,4415033029,계룡면,4415033029100080000,1,대지,8,,충청남도 공주시 계룡면 양화리 8,441504553744,충청남도 공주시 계룡면 신원사동길,1,,4415033029100070001011430,,충청남도 공주시 계룡면 신원사동길 1,314831,32619,,,,127.183792707975,36.3353186645362
MA0101202305A0117352,봄농약사,,G2,소매,G221,기타 상품 소매,G22199,그 외 기타 상품 전문 소매업,G47859,그 외 기타 분류 안된 상품 전문 소매업,44,충청남도,44131,천안시 동남구,44131250,목천읍,4413125033,목천읍,4413125033104070002,1,대지,407,2,충청남도 천안시 동남구 목천읍 신계리 407-2,441314547072,충청남도 천안시 동남구 목천읍 교천지산길,22,,4413125033104070002000001,,충청남도 천안시 동남구 목천읍 교천지산길 22,330846,31233,,1,,127.202347001883,36.7715347005897
MA0101202305A0163576,업소명없음,,G2,소매,G221,기타 상품 소매,G22199,그 외 기타 상품 전문 소매업,G47859,그 외 기타 분류 안된 상품 전문 소매업,41,경기도,41550,안성시,41550390,일죽면,4155039025,일죽면,4155039025100050002,1,대지,5,2,경기도 안성시 일죽면 산북리 5-2,415504424132,경기도 안성시 일죽면 내산길,69,,4155039025100050002000001,,경기도 안성시 일죽면 내산길 69,456911,17528,,,,127.51043231571,37.0950195477925
MA0101202305A0194293,화인,,G2,소매,G221,기타 상품 소매,G22199,그 외 기타 상품 전문 소매업,G47859,그 외 기타 분류 안된 상품 전문 소매업,11,서울특별시,11140,중구,11140550,명동,1114012600,명동1가,1114012600100320000,1,대지,32,,서울특별시 중구 명동1가 32,111404103164,서울특별시 중구 명동9길,7,,1114012600100320000019521,,서울특별시 중구 명동9길 7,100021,04534,,,,126.984878264375,37.56423029554
MA0101202305A0156559,무심양봉,,G2,소매,G221,기타 상품 소매,G22199,그 외 기타 상품 전문 소매업,G47859,그 외 기타 분류 안된 상품 전문 소매업,52,전북특별자치도,52180,정읍시,52180595,상교동,5218010700,하모동,5218010700104300000,1,대지,430,,전북특별자치도 정읍시 하모동 430,521804610300,전북특별자치도 정읍시 모촌길,67,,4518010700104300000019470,,전북특별자치도 정읍시 모촌길 67,580110,56206,,,,126.821073084189,35.5692183585431
MA0101202306A0006597,해피데이,,G2,소매,G221,기타 상품 소매,G22199,그 외 기타 상품 전문 소매업,G47859,그 외 기타 분류 안된 상품 전문 소매업,46,전라남도,46230,광양시,46230530,중마동,4623010600,중동,4623010600113650009,1,대지,1365,9,전라남도 광양시 중동 1365-9,462304655453,전라남도 광양시 중마용소길,12,,4623010600113650009042343,,전라남도 광양시 중마용소길 12,545880,57782,,,,127.687448258637,34.9402500111203
MA0101202305A0097638,업소명없음,,G2,소매,G221,기타 상품 소매,G22199,그 외 기타 상품 전문 소매업,G47859,그 외 기타 분류 안된 상품 전문 소매업,51,강원특별자치도,51110,춘천시,51110630,효자2동,5111011200,효자동,5111011200106030008,1,대지,603,8,강원특별자치도 춘천시 효자동 603-8,511104454162,강원특별자치도 춘천시 도화길,4,,4211011200106030008028507,,강원특별자치도 춘천시 도화길 4,200951,24331,,,,127.737768963247,37.87539489921
MA0101202306A0073287,한미용품,,G2,소매,G221,기타 상품 소매,G22199,그 외 기타 상품 전문 소매업,G47859,그 외 기타 분류 안된 상품 전문 소매업,11,서울특별시,11590,동작구,11590510,노량진1동,1159010100,노량진동,1159010100101480056,1,대지,148,56,서울특별시 동작구 노량진동 148-56,115904157202,서울특별시 동작구 만양로18길,19,,1159010100101480056031907,,서울특별시 동작구 만양로18길 19,156801,06913,,지,,126.94535681555,37.5131589428871
MA0101202306A0102600,석암문화관,,G2,소매,G221,기타 상품 소매,G22199,그 외 기타 상품 전문 소매업,G47859,그 외 기타 분류 안된 상품 전문 소매업,48,경상남도,48170,진주시,48170555,성북동,4817010500,본성동,4817010500100020014,1,대지,2,14,경상남도 진주시 본성동 2-14,481703332027,경상남도 진주시 비봉로,12,5,4817010500100020014000001,,경상남도 진주시 비봉로 12-5,660160,52691,,4,,128.081939176183,35.1919725960634
MA0101202306A0046977,24무인편의점인덕원점,,G2,소매,G221,기타 상품 소매,G22199,그 외 기타 상품 전문 소매업,G47859,그 외 기타 분류 안된 상품 전문 소매업,41,경기도,41173,안양시 동안구,41173559,인덕원동,4117310200,관양동,4117310200114910008,1,대지,1491,8,경기도 안양시 동안구 관양동 1491-8,411734349178,경기도 안양시 동안구 인덕원로24번길,44,,4117310200114910008000973,M,경기도 안양시 동안구 인덕원로24번길 44,431846,13951,,지,,126.975074176274,37.4004432526036
MA0101202306A0079212,탄이맘,,G2,소매,G221,기타 상품 소매,G22199,그 외 기타 상품 전문 소매업,G47859,그 외 기타 분류 안된 상품 전문 소매업,41,경기도,41610,광주시,41610259,곤지암읍,4161025921,곤지암읍,4161025921104570000,1,대지,457,,경기도 광주시 곤지암읍 곤지암리 457,416103211003,경기도 광주시 곤지암읍 곤지암로,102,3,4161025621104570000025143,곤지암쌍용2차,경기도 광주시 곤지암읍 곤지암로 102-3,464756,12804,,,,127.338555092997,37.3467648998006
MA0101202306A0026018,더와인케이브,,G2,소매,G221,기타 상품 소매,G22199,그 외 기타 상품 전문 소매업,G47221,음료 소매업,52,전북특별자치도,52111,전주시 완산구,52111530,풍남동,5211111100,전동,5211111100102950002,1,대지,295,2,전북특별자치도 전주시 완산구 전동 295-2,521114598391,전북특별자치도 전주시 완산구 풍남문1길,19,1,4511111100102950002030153,,전북특별자치도 전주시 완산구 풍남문1길 19-1,560040,55043,,,,127.147781985918,35.8127591764347
MA0101202306A0039458,다솜약선약초,,G2,소매,G221,기타 상품 소매,G22199,그 외 기타 상품 전문 소매업,G47859,그 외 기타 분류 안된 상품 전문 소매업,41,경기도,41370,오산시,41370543,신장1동,4137010800,수청동,4137010800106110002,1,대지,611,2,경기도 오산시 수청동 611-2,413703198045,경기도 오산시 청학로,230,,4137010800106110002000001,,경기도 오산시 청학로 230,447290,18118,,1,,127.062006006618,37.1692681060389
MA0101202306A0073527,합강산업개발,,G2,소매,G221,기타 상품 소매,G22199,그 외 기타 상품 전문 소매업,G47859,그 외 기타 분류 안된 상품 전문 소매업,51,강원특별자치도,51810,인제군,51810320,북면,5181032021,북면,5181032021106450017,1,대지,645,17,강원특별자치도 인제군 북면 원통리 645-17,518103233019,강원특별자치도 인제군 북면 원통로,174,,4281032021006450017011279,,강원특별자치도 인제군 북면 원통로 174,252822,24617,,3,,128.203680323322,38.1224755996589
MA0101202306A0047237,청솔유통,,G2,소매,G221,기타 상품 소매,G22199,그 외 기타 상품 전문 소매업,G47859,그 외 기타 분류 안된 상품 전문 소매업,44,충청남도,44800,홍성군,44800253,광천읍,4480025321,광천읍,4480025321105460026,1,대지,546,26,충청남도 홍성군 광천읍 신진리 546-26,448004586072,충청남도 홍성군 광천읍 광천로329번길,53,7,4480025321105460026054180,,충청남도 홍성군 광천읍 광천로329번길 53-7,350906,32295,,,,126.623146755994,36.5017705880253
MA0101202306A0085270,샬롬삼전,,G2,소매,G221,기타 상품 소매,G22199,그 외 기타 상품 전문 소매업,G47859,그 외 기타 분류 안된 상품 전문 소매업,11,서울특별시,11710,송파구,11710610,삼전동,1171010600,삼전동,1171010600101640001,1,대지,164,1,서울특별시 송파구 삼전동 164-1,117104169182,서울특별시 송파구 백제고분로32길,12,19,1171010600101640001027380,,서울특별시 송파구 백제고분로32길 12-19,138841,05589,,,,127.093888580403,37.501268035683
MA0101202307A0002623,천상여래천,,G2,소매,G221,기타 상품 소매,G22199,그 외 기타 상품 전문 소매업,G47859,그 외 기타 분류 안된 상품 전문 소매업,41,경기도,41820,가평군,41820325,청평면,4182032521,청평면,4182032521101820001,1,대지,182,1,경기도 가평군 청평면 청평리 182-1,418204448240,경기도 가평군 청평면 잠곡보길,25,,4182032521101820002007790,,경기도 가평군 청평면 잠곡보길 25,477815,12453,,1,,127.426271579414,37.7367736134116
MA0101202306A0054625,대성장의운수,,G2,소매,G221,기타 상품 소매,G22199,그 외 기타 상품 전문 소매업,G47859,그 외 기타 분류 안된 상품 전문 소매업,47,경상북도,47250,상주시,47250250,함창읍,4725025024,함창읍,4725025024100030005,1,대지,3,5,경상북도 상주시 함창읍 증촌리 3-5,472503311067,경상북도 상주시 함창읍 함창중앙로,75,,4725025024100030005048929,,경상북도 상주시 함창읍 함창중앙로 75,742804,37118,,,,128.173968925294,36.5667310380103
MA0101202306A0095355,금오상사,,G2,소매,G221,기타 상품 소매,G22199,그 외 기타 상품 전문 소매업,G47859,그 외 기타 분류 안된 상품 전문 소매업,41,경기도,41220,평택시,41220600,원평동,4122012200,신대동,4122012200104070001,1,대지,407,1,경기도 평택시 신대동 407-1,412203188116,경기도 평택시 평남로,160,,4122012200104070001001807,,경기도 평택시 평남로 160,450820,17830,,,,127.068235780694,36.9972505063949
MA0101202307A0016242,충청C.S,,G2,소매,G221,기타 상품 소매,G22199,그 외 기타 상품 전문 소매업,G47859,그 외 기타 분류 안된 상품 전문 소매업,43,충청북도,43113,청주시 흥덕구,43113250,오송읍,4311325026,오송읍,4311325026105290002,1,대지,529,2,충청북도 청주시 흥덕구 오송읍 연제리 529-2,431134520457,충청북도 청주시 흥덕구 오송읍 연제1길,39,,4371040026005290001018779,,충청북도 청주시 흥덕구 오송읍 연제1길 39,361951,28165,,,,127.320934781962,36.6267786620098
MA0101202306A0067937,우정상사,,G2,소매,G221,기타 상품 소매,G22199,그 외 기타 상품 전문 소매업,G47859,그 외 기타 분류 안된 상품 전문 소매업,44,충청남도,44131,천안시 동남구,44131590,신안동,4413111800,신부동,4413111800104960011,1,대지,496,11,충청남도 천안시 동남구 신부동 496-11,441314547455,충청남도 천안시 동남구 신원3길,96,,4413111800104960011007706,,충청남도 천안시 동남구 신원3길 96,330943,31124,,1,,127.16286526655,36.8200841579656
MA0101202306A0073958,세종화폐사,,G2,소매,G221,기타 상품 소매,G22199,그 외 기타 상품 전문 소매업,G47859,그 외 기타 분류 안된 상품 전문 소매업,36,세종특별자치시,36110,세종특별자치시,36110560,보람동,3611010300,보람동,3611010300107220000,1,대지,722,,세종특별자치시 세종특별자치시 보람동 722,361102000002,세종특별자치시 세종특별자치시 한누리대로,2150,,3611010300106640010000001,제,세종특별자치시 세종특별자치시 한누리대로 2150,339008,30151,,5,,127.287326039133,36.4785086210739
MA0101202306A0041936,라온성,,G2,소매,G221,기타 상품 소매,G22199,그 외 기타 상품 전문 소매업,G47859,그 외 기타 분류 안된 상품 전문 소매업,52,전북특별자치도,52111,전주시 완산구,52111730,효자5동,5211114200,효자동3가,5211114200115340006,1,대지,1534,6,전북특별자치도 전주시 완산구 효자동3가 1534-6,521113266081,전북특별자치도 전주시 완산구 홍산남로,59,,4511114200115340006000001,,전북특별자치도 전주시 완산구 홍산남로 59,560900,54969,,,,127.108318187574,35.8160457526852
MA0101202306A0054907,반디산업안전,,G2,소매,G221,기타 상품 소매,G22199,그 외 기타 상품 전문 소매업,G47859,그 외 기타 분류 안된 상품 전문 소매업,11,서울특별시,11530,구로구,11530530,구로2동,1153010200,구로동,1153010200106060001,1,대지,606,1,서울특별시 구로구 구로동 606-1,115303116005,서울특별시 구로구 구로중앙로,197,,1153010200106060001017120,구로기계공구상가,서울특별시 구로구 구로중앙로 197,152864,08216,,3,,126.877913427517,37.5039002243341
MA0101202306A0081866,버니버니,동아대점,G2,소매,G221,기타 상품 소매,G22199,그 외 기타 상품 전문 소매업,G47859,그 외 기타 분류 안된 상품 전문 소매업,26,부산광역시,26380,사하구,26380562,하단2동,2638010300,하단동,2638010300105000005,1,대지,500,5,부산광역시 사하구 하단동 500-5,263804202156,부산광역시 사하구 낙동대로535번길,21,,2638010300105000005032419,,부산광역시 사하구 낙동대로535번길 21,604851,49307,,1,,128.963470496615,35.1110902579793
MA0101202306A0081870,제주농업드론,,G2,소매,G221,기타 상품 소매,G22199,그 외 기타 상품 전문 소매업,G47859,그 외 기타 분류 안된 상품 전문 소매업,50,제주특별자치도,50110,제주시,50110250,한림읍,5011025026,한림읍,5011025026115910003,1,대지,1591,3,제주특별자치도 제주시 한림읍 동명리 1591-3,501103349210,제주특별자치도 제주시 한림읍 한림중앙로,56,2,5011025026115910003000001,,제주특별자치도 제주시 한림읍 한림중앙로 56-2,695926,63013,,,,126.265599005279,33.4095994309796
MA0101202306A0081884,유신유통,,G2,소매,G221,기타 상품 소매,G22199,그 외 기타 상품 전문 소매업,G47859,그 외 기타 분류 안된 상품 전문 소매업,46,전라남도,46810,강진군,46810250,강진읍,4681025022,강진읍,4681025022101710000,1,대지,171,,전라남도 강진군 강진읍 남성리 171,468103293031,전라남도 강진군 강진읍 영랑로,55,,4681025022101710000606327,,전라남도 강진군 강진읍 영랑로 55,527802,59235,,,,126.766725723184,34.6401874148998
MA0101202306A0085639,엘리시아IT타워612호,,G2,소매,G221,기타 상품 소매,G22199,그 외 기타 상품 전문 소매업,G47859,그 외 기타 분류 안된 상품 전문 소매업,41,경기도,41115,수원시 팔달구,41115730,인계동,4111514100,인계동,4111514100110400000,1,대지,1040,,경기도 수원시 팔달구 인계동 1040,411154328229,경기도 수원시 팔달구 인계로124번길,27,10,4111514100110400000060266,엘리시아IT타워,경기도 수원시 팔달구 인계로124번길 27-10,442834,16489,,6,,127.031228567331,37.2658366477524
MA0101202306A0020839,힐링샵,,G2,소매,G221,기타 상품 소매,G22199,그 외 기타 상품 전문 소매업,G47859,그 외 기타 분류 안된 상품 전문 소매업,41,경기도,41220,평택시,41220550,지산동,4122011200,신장동,4122011200102140007,1,대지,214,7,경기도 평택시 신장동 214-7,412204364775,경기도 평택시 탄현로327번길,7,,4122011200102140007008615,,경기도 평택시 탄현로327번길 7,459821,17753,,,,127.055433800982,37.0812555084683
MA0101202306A0034376,솔모증모가발,,G2,소매,G221,기타 상품 소매,G22199,그 외 기타 상품 전문 소매업,G47859,그 외 기타 분류 안된 상품 전문 소매업,26,부산광역시,26380,사하구,26380561,하단1동,2638010300,하단동,2638010300106180027,1,대지,618,27,부산광역시 사하구 하단동 618-27,263802006002,부산광역시 사하구 낙동대로,457,,2638010300106180027010923,,부산광역시 사하구 낙동대로 457,604848,49408,,3,,128.968741378743,35.1054444235228
MA0101202306A0038289,진소방,,G2,소매,G221,기타 상품 소매,G22199,그 외 기타 상품 전문 소매업,G47859,그 외 기타 분류 안된 상품 전문 소매업,29,광주광역시,29140,서구,29140740,유덕동,2914011700,덕흥동,2914011700105790001,1,대지,579,1,광주광역시 서구 덕흥동 579-1,291404280109,광주광역시 서구 덕흥3길,1,,2914011700105790001014677,,광주광역시 서구 덕흥3길 1,502290,61900,,1,,126.838360130326,35.165736497086
MA0101202306A0056916,와인나라아이비,송도점,G2,소매,G221,기타 상품 소매,G22199,그 외 기타 상품 전문 소매업,G47221,음료 소매업,28,인천광역시,28185,연수구,28185830,송도2동,2818510600,송도동,2818510600100220008,1,대지,22,8,인천광역시 연수구 송도동 22-8,281853152037,인천광역시 연수구 해돋이로,157,,2818510600100220008000001,백제원도쿄풀사이드,인천광역시 연수구 해돋이로 157,406082,22003,,1,,126.64571492149,37.3942387030309
MA0101202306A0068249,케이스바이케이스,거제점,G2,소매,G221,기타 상품 소매,G22199,그 외 기타 상품 전문 소매업,G47859,그 외 기타 분류 안된 상품 전문 소매업,48,경상남도,48310,거제시,48310580,고현동,4831010900,고현동,4831010900100350008,1,대지,35,8,경상남도 거제시 고현동 35-8,483103337005,경상남도 거제시 거제중앙로,1894,,4831010900100350008025358,,경상남도 거제시 거제중앙로 1894,656930,53251,,1,,128.623826565275,34.8873238885626
MA0101202306A0091736,민,코리아,G2,소매,G221,기타 상품 소매,G22199,그 외 기타 상품 전문 소매업,G47859,그 외 기타 분류 안된 상품 전문 소매업,52,전북특별자치도,52113,전주시 덕진구,52113641,송천1동,5211312200,송천동2가,5211312200113300014,1,대지,1330,14,전북특별자치도 전주시 덕진구 송천동2가 1330-14,521134854852,전북특별자치도 전주시 덕진구 세병2길,32,18,4511312200113300014000001,트윈타워,전북특별자치도 전주시 덕진구 세병2길 32-18,561302,55149,,,,127.12579065901,35.872366284753
MA0101202306A0032818,천상문집,,G2,소매,G221,기타 상품 소매,G22199,그 외 기타 상품 전문 소매업,G47519,"페인트, 창호 및 기타 건설자재 소매업",31,울산광역시,31110,중구,31110610,다운동,3111011100,태화동,3111011100109090001,1,대지,909,1,울산광역시 중구 태화동 909-1,311103169020,울산광역시 중구 태화로,42,,3111011100109090001025086,,울산광역시 중구 태화로 42,681802,44439,,1,,129.280799601887,35.5543147080661
MA0101202306A0032819,나비나세,,G2,소매,G221,기타 상품 소매,G22199,그 외 기타 상품 전문 소매업,G47859,그 외 기타 분류 안된 상품 전문 소매업,47,경상북도,47850,칠곡군,47850310,지천면,4785031037,지천면,4785031037111000000,1,대지,1100,,경상북도 칠곡군 지천면 송정리 1100,478503322033,경상북도 칠곡군 지천면 금송로,60,,4785031037111000000000001,토탈테크노센터,경상북도 칠곡군 지천면 금송로 60,718821,39866,,4,,128.463969387441,35.9473910067965
MA0101202306A0036683,러브엔젤,,G2,소매,G221,기타 상품 소매,G22199,그 외 기타 상품 전문 소매업,G47859,그 외 기타 분류 안된 상품 전문 소매업,48,경상남도,48330,양산시,48330310,동면,4833031026,동면,4833031026114720025,1,대지,1472,25,경상남도 양산시 동면 석산리 1472-25,483304814974,경상남도 양산시 동면 금오2길,71,,4833031026114720025000001,,경상남도 양산시 동면 금오2길 71,626821,50639,,1,,129.024969265706,35.3147139794565
MA0101202306A0089956,핫이씨유,,G2,소매,G221,기타 상품 소매,G22199,그 외 기타 상품 전문 소매업,G47859,그 외 기타 분류 안된 상품 전문 소매업,44,충청남도,44131,천안시 동남구,44131510,중앙동,4413110400,사직동,4413110400103430096,1,대지,343,96,충청남도 천안시 동남구 사직동 343-96,441313249034,충청남도 천안시 동남구 영성로,8,,4413110400103430096028428,상가대문쪽,충청남도 천안시 동남구 영성로 8,330040,31130,,1,,127.15112252191,36.7989866431328
MA0101202306A0059474,신오비료상회,,G2,소매,G221,기타 상품 소매,G22199,그 외 기타 상품 전문 소매업,G47859,그 외 기타 분류 안된 상품 전문 소매업,46,전라남도,46860,함평군,46860310,손불면,4686031029,손불면,4686031029106860000,1,대지,686,,전라남도 함평군 손불면 궁산리 686,468604691167,전라남도 함평군 손불면 손불신평길,81,3,4686031029106860000000001,,전라남도 함평군 손불면 손불신평길 81-3,525841,57112,,,,126.471197600735,35.1234895496199
MA0101202306A0096117,롯데농수산물,,G2,소매,G221,기타 상품 소매,G22199,그 외 기타 상품 전문 소매업,G47859,그 외 기타 분류 안된 상품 전문 소매업,48,경상남도,48740,창녕군,48740250,창녕읍,4874025025,창녕읍,4874025025100390007,1,대지,39,7,경상남도 창녕군 창녕읍 술정리 39-7,487404823647,경상남도 창녕군 창녕읍 창녕시장길,81,,4874025025100390006004394,,경상남도 창녕군 창녕읍 창녕시장길 81,635807,50323,,1,,128.496968139194,35.5410051388683
MA0101202307A0015335,길안사거리농산,,G2,소매,G221,기타 상품 소매,G22199,그 외 기타 상품 전문 소매업,G47859,그 외 기타 분류 안된 상품 전문 소매업,47,경상북도,47170,안동시,47170390,길안면,4717039021,길안면,4717039021106720002,1,대지,672,2,경상북도 안동시 길안면 천지리 672-2,471704722107,경상북도 안동시 길안면 천지길,3,,4717039021106720002006672,,경상북도 안동시 길안면 천지길 3,760845,36735,,,,128.888249228781,36.4601747182146
MA0101202306A0017280,가온물류,,G2,소매,G221,기타 상품 소매,G22199,그 외 기타 상품 전문 소매업,G47859,그 외 기타 분류 안된 상품 전문 소매업,31,울산광역시,31710,울주군,31710340,웅촌면,3171034027,웅촌면,3171034027113610001,1,대지,1361,1,울산광역시 울주군 웅촌면 대대리 1361-1,317104319463,울산광역시 울주군 웅촌면 상대길,13,,3171034027113610001000001,,울산광역시 울주군 웅촌면 상대길 13,689872,44967,,,,129.195924834523,35.4444981811449
MA0101202306A0098071,와이제이이엔씨,,G2,소매,G221,기타 상품 소매,G22199,그 외 기타 상품 전문 소매업,G47859,그 외 기타 분류 안된 상품 전문 소매업,41,경기도,41173,안양시 동안구,41173580,호계1동,4117310400,호계동,4117310400105550002,1,대지,555,2,경기도 안양시 동안구 호계동 555-2,411733182030,경기도 안양시 동안구 엘에스로,136,,4117310400105550002014457,에이,경기도 안양시 동안구 엘에스로 136,431831,14118,,11,,126.947704905081,37.3736108521183
MA0101202307A0008335,빅토리벤처스,,G2,소매,G221,기타 상품 소매,G22199,그 외 기타 상품 전문 소매업,G47859,그 외 기타 분류 안된 상품 전문 소매업,11,서울특별시,11470,양천구,11470650,신정4동,1147010100,신정동,1147010100109710020,1,대지,971,20,서울특별시 양천구 신정동 971-20,114703005068,서울특별시 양천구 중앙로,294,,1147010100109710020003393,명성빌딩,서울특별시 양천구 중앙로 294,158859,08026,,6,,126.852056902111,37.522566490507
MA0101202306A0084580,켄터키,,G2,소매,G221,기타 상품 소매,G22199,그 외 기타 상품 전문 소매업,G47859,그 외 기타 분류 안된 상품 전문 소매업,11,서울특별시,11710,송파구,11710590,송파2동,1171010400,송파동,1171010400100980010,1,대지,98,10,서울특별시 송파구 송파동 98-10,117103123001,서울특별시 송파구 가락로,138,6,1171010400100980010011913,,서울특별시 송파구 가락로 138-6,138854,05676,,1,,127.111441508037,37.5020276455292
MA0101202306A0096390,시너지,,G2,소매,G221,기타 상품 소매,G22199,그 외 기타 상품 전문 소매업,G47859,그 외 기타 분류 안된 상품 전문 소매업,11,서울특별시,11590,동작구,11590660,대방동,1159010800,대방동,1159010800103800001,1,대지,380,1,서울특별시 동작구 대방동 380-1,115904157097,서울특별시 동작구 대방동23길,21,,1159010800103800001003869,,서울특별시 동작구 대방동23길 21,156810,06945,,,,126.924101564726,37.5039479403995
MA0101202306A0102081,크리스탈허즈,,G2,소매,G221,기타 상품 소매,G22199,그 외 기타 상품 전문 소매업,G47859,그 외 기타 분류 안된 상품 전문 소매업,50,제주특별자치도,50110,제주시,50110640,오라동,5011011900,오라일동,5011011900124540012,1,대지,2454,12,제주특별자치도 제주시 오라일동 2454-12,501103349092,제주특별자치도 제주시 서사로,177,14,5011011900124540012000001,,제주특별자치도 제주시 서사로 177-14,690161,63190,,,,126.520484623339,33.4960835231285
MA0101202307A0008750,낙원인삼,,G2,소매,G221,기타 상품 소매,G22199,그 외 기타 상품 전문 소매업,G47859,그 외 기타 분류 안된 상품 전문 소매업,47,경상북도,47210,영주시,47210250,풍기읍,4721025023,풍기읍,4721025023104460004,1,대지,446,4,경상북도 영주시 풍기읍 산법리 446-4,472103309083,경상북도 영주시 풍기읍 소백로,2156,,4721025023104460000000001,선비골인삼시장,경상북도 영주시 풍기읍 소백로 2156,750802,36041,,,,128.54068934949,36.8884940864228
MA0101202306A0035228,에드가모붙임머리,,G2,소매,G221,기타 상품 소매,G22199,그 외 기타 상품 전문 소매업,G47859,그 외 기타 분류 안된 상품 전문 소매업,11,서울특별시,11650,서초구,11650520,서초2동,1165010800,서초동,1165010800113270034,1,대지,1327,34,서울특별시 서초구 서초동 1327-34,116504163026,서울특별시 서초구 강남대로53길,12,,1165010800113270034022534,솔라티움시티강남,서울특별시 서초구 강남대로53길 12,137858,06621,,6,,127.027693570122,37.4943733605811
MA0101202306A0029656,에이앤소방,,G2,소매,G221,기타 상품 소매,G22199,그 외 기타 상품 전문 소매업,G47859,그 외 기타 분류 안된 상품 전문 소매업,41,경기도,41450,하남시,41450610,미사1동,4145010900,망월동,4145010900110830003,1,대지,1083,3,경기도 하남시 망월동 1083-3,414503202058,경기도 하남시 미사강변중앙로,208,,4145010900110830003000001,부강타워,경기도 하남시 미사강변중앙로 208,465150,12913,,7,,127.189657534449,37.5650520045435
MA0101202306A0052284,153바스케어,,G2,소매,G221,기타 상품 소매,G22199,그 외 기타 상품 전문 소매업,G47859,그 외 기타 분류 안된 상품 전문 소매업,30,대전광역시,30170,서구,30170555,탄방동,3017010600,탄방동,3017010600100800001,1,대지,80,1,대전광역시 서구 탄방동 80-1,301704298246,대전광역시 서구 도산로403번길,21,,3017010600100800001023822,전자타운,대전광역시 서구 도산로403번길 21,302857,35264,,,,127.393806123927,36.3401281313226
MA0101202307A0079087,창영PVC종합상사,,G2,소매,G221,기타 상품 소매,G22199,그 외 기타 상품 전문 소매업,G47519,"페인트, 창호 및 기타 건설자재 소매업",27,대구광역시,27230,북구,27230550,침산1동,2723010600,침산동,2723010600110340002,1,대지,1034,2,대구광역시 북구 침산동 1034-2,272303145016,대구광역시 북구 노원로,179,,2723010600110340002025105,,대구광역시 북구 노원로 179,702862,41500,,,,128.579687322528,35.8998483499363
MA0101202307A0100681,신원방화문,,G2,소매,G221,기타 상품 소매,G22199,그 외 기타 상품 전문 소매업,G47859,그 외 기타 분류 안된 상품 전문 소매업,41,경기도,41370,오산시,41370550,세마동,4137011400,지곶동,4137011400100770000,1,대지,77,,경기도 오산시 지곶동 77,413704394054,경기도 오산시 독산성로270번길,26,,4137011400100770000017577,,경기도 오산시 독산성로270번길 26,447250,18102,,,,127.030899852892,37.1786332595151
MA0101202308A0007841,오아시스플러스,,G2,소매,G221,기타 상품 소매,G22199,그 외 기타 상품 전문 소매업,G47859,그 외 기타 분류 안된 상품 전문 소매업,11,서울특별시,11680,강남구,11680640,역삼1동,1168010100,역삼동,1168010100106410016,1,대지,641,16,서울특별시 강남구 역삼동 641-16,116804166726,서울특별시 강남구 테헤란로25길,28,,1168010100106410016027090,충암빌딩,서울특별시 강남구 테헤란로25길 28,135909,06131,,2,,127.035409488614,37.5023902562033
MA0101202307A0022400,모웰강남,논현점,G2,소매,G221,기타 상품 소매,G22199,그 외 기타 상품 전문 소매업,G47422,의복 액세서리 및 모조 장신구 소매업,11,서울특별시,11650,서초구,11650540,잠원동,1165010600,잠원동,1165010600100380025,1,대지,38,25,서울특별시 서초구 잠원동 38-25,116504163461,서울특별시 서초구 신반포로49길,3,,1165010600100380025019605,,서울특별시 서초구 신반포로49길 3,137905,06531,,2,,127.02007636962,37.5110615260886
MA0101202307A0056997,좋은물만드는사람들,,G2,소매,G221,기타 상품 소매,G22199,그 외 기타 상품 전문 소매업,G47859,그 외 기타 분류 안된 상품 전문 소매업,48,경상남도,48127,창원시 마산회원구,48127590,합성2동,4812710600,합성동,4812710600101020001,1,대지,102,1,경상남도 창원시 마산회원구 합성동 102-1,481272019003,경상남도 창원시 마산회원구 315대로,732,,4812710600101020001039021,남산빌딩,경상남도 창원시 마산회원구 315대로 732,630859,51362,,4,,128.58213309786,35.237299880794
MA0101202307A0104606,파티팡24,천안점,G2,소매,G221,기타 상품 소매,G22199,그 외 기타 상품 전문 소매업,G47859,그 외 기타 분류 안된 상품 전문 소매업,44,충청남도,44133,천안시 서북구,44133590,부성2동,4413310400,두정동,4413310400108620000,1,대지,862,,충청남도 천안시 서북구 두정동 862,441334550553,충청남도 천안시 서북구 원두정6길,39,9,4413310400108620000000001,,충청남도 천안시 서북구 원두정6길 39-9,331959,31107,,1,,127.13766847731,36.8320737028669
MA0101202307A0022595,중앙소방산업,,G2,소매,G221,기타 상품 소매,G22199,그 외 기타 상품 전문 소매업,G47859,그 외 기타 분류 안된 상품 전문 소매업,50,제주특별자치도,50110,제주시,50110610,삼양동,5011013000,도련일동,5011013000125740001,1,대지,2574,1,제주특별자치도 제주시 도련일동 2574-1,501103349234,제주특별자치도 제주시 번영로,345,,5011013000125670000000001,,제주특별자치도 제주시 번영로 345,690071,63328,,,,126.581449777397,33.4975125877571
MA0101202307A0035878,풍년제과cafe,,G2,소매,G221,기타 상품 소매,G22199,그 외 기타 상품 전문 소매업,G47859,그 외 기타 분류 안된 상품 전문 소매업,52,전북특별자치도,52111,전주시 완산구,52111672,중화산2동,5211112800,중화산동2가,5211112800105700006,1,대지,570,6,전북특별자치도 전주시 완산구 중화산동2가 570-6,521112266003,전북특별자치도 전주시 완산구 백제대로,325,,4511112800105700006034499,,전북특별자치도 전주시 완산구 백제대로 325,560838,54972,,,,127.122358581704,35.8223050532071
MA0101202307A0085437,에코월드,,G2,소매,G221,기타 상품 소매,G22199,그 외 기타 상품 전문 소매업,G47859,그 외 기타 분류 안된 상품 전문 소매업,28,인천광역시,28260,서구,28260600,가좌3동,2826011200,가좌동,2826011200102740001,1,대지,274,1,인천광역시 서구 가좌동 274-1,282603156003,인천광역시 서구 가석로,30,,2826011200102740001000001,광양프런티어밸리3차,인천광역시 서구 가석로 30,404851,22827,,,,126.675917545567,37.4873727808998
MA0101202307A0093319,슬로우트리지점,,G2,소매,G221,기타 상품 소매,G22199,그 외 기타 상품 전문 소매업,G47859,그 외 기타 분류 안된 상품 전문 소매업,41,경기도,41461,용인시 처인구,41461360,양지면,4146136029,양지면,4146136029103750003,1,대지,375,3,경기도 용인시 처인구 양지면 주북리 375-3,414613203113,경기도 용인시 처인구 양지면 주북로,215,11,4146136029103750003241430,,경기도 용인시 처인구 양지면 주북로 215-11,449822,17159,,,,127.256238019055,37.247686826779
MA0101202307A0101030,법인금산자연농원,,G2,소매,G221,기타 상품 소매,G22199,그 외 기타 상품 전문 소매업,G47859,그 외 기타 분류 안된 상품 전문 소매업,44,충청남도,44710,금산군,44710350,남일면,4471035021,남일면,4471035021109380000,1,대지,938,,충청남도 금산군 남일면 황풍리 938,447103257057,충청남도 금산군 남일면 황풍로,2,24,4471035021109400001000001,,충청남도 금산군 남일면 황풍로 2-24,312852,32753,,,,127.493024116152,36.0801806722699
MA0101202307A0104834,법인아케다바이오푸드,,G2,소매,G221,기타 상품 소매,G22199,그 외 기타 상품 전문 소매업,G47859,그 외 기타 분류 안된 상품 전문 소매업,44,충청남도,44710,금산군,44710250,금산읍,4471025024,금산읍,4471025024100350004,1,대지,35,4,충청남도 금산군 금산읍 상리 35-4,447103257022,충청남도 금산군 금산읍 비호로,72,,4471025024100350004018426,,충청남도 금산군 금산읍 비호로 72,312802,32735,,,,127.490458515539,36.1068219397216
MA0101202307A0106666,킹더랜드,,G2,소매,G221,기타 상품 소매,G22199,그 외 기타 상품 전문 소매업,G47859,그 외 기타 분류 안된 상품 전문 소매업,27,대구광역시,27200,남구,27200586,대명3동,2720010300,대명동,2720010300121550003,1,대지,2155,3,대구광역시 남구 대명동 2155-3,272004232241,대구광역시 남구 양지로10길,6,,2720010300121550003011878,,대구광역시 남구 양지로10길 6,705816,42455,,1,,128.578017107745,35.8508390380052
MA0101202308A0012226,비에이치컴퍼니,,G2,소매,G221,기타 상품 소매,G22199,그 외 기타 상품 전문 소매업,G47859,그 외 기타 분류 안된 상품 전문 소매업,41,경기도,41210,광명시,41210631,하안1동,4121010300,하안동,4121010300103030000,1,대지,303,,경기도 광명시 하안동 303,412104361243,경기도 광명시 오리로651번길,8,,4121010300103030000014395,현대테라타워,경기도 광명시 오리로651번길 8,423851,14303,,7,,126.875702984281,37.4591898827396
MA0101202308A0013391,법성사,,G2,소매,G221,기타 상품 소매,G22199,그 외 기타 상품 전문 소매업,G47859,그 외 기타 분류 안된 상품 전문 소매업,27,대구광역시,27140,동구,27140555,신천1.2동,2714010200,신천동,2714010200106860013,1,대지,686,13,대구광역시 동구 신천동 686-13,271404226074,대구광역시 동구 동부로6길,55,,2714010200106860006016192,,대구광역시 동구 동부로6길 55,701832,41269,,,,128.617705161729,35.8718574314956
MA0101202307A0024745,핑크52,,G2,소매,G221,기타 상품 소매,G22199,그 외 기타 상품 전문 소매업,G47859,그 외 기타 분류 안된 상품 전문 소매업,11,서울특별시,11320,도봉구,11320514,창4동,1132010700,창동,1132010700100060000,1,대지,6,,서울특별시 도봉구 창동 6,113204127200,서울특별시 도봉구 마들로11가길,15,,1132010700100060000014370,콤마빌딩,서울특별시 도봉구 마들로11가길 15,132898,01414,,3,,127.049260514403,37.6526531017957
MA0101202307A0030356,지플러스,,G2,소매,G221,기타 상품 소매,G22199,그 외 기타 상품 전문 소매업,G47859,그 외 기타 분류 안된 상품 전문 소매업,43,충청북도,43750,진천군,43750253,덕산읍,4375025329,덕산읍,4375025329105070009,1,대지,507,9,충청북도 진천군 덕산읍 신척리 507-9,437504535250,충청북도 진천군 덕산읍 신척서길,98,51,4375025329105070009000001,,충청북도 진천군 덕산읍 신척서길 98-51,365842,27850,,1,,127.488217263143,36.9334969705038
MA0101202307A0036157,왕왕케미칼,,G2,소매,G221,기타 상품 소매,G22199,그 외 기타 상품 전문 소매업,G47859,그 외 기타 분류 안된 상품 전문 소매업,51,강원특별자치도,51720,홍천군,51720390,내면,5172039021,내면,5172039021115730001,1,대지,1573,1,강원특별자치도 홍천군 내면 창촌리 1573-1,517203013017,강원특별자치도 홍천군 내면 구룡령로,5273,,4272039021115730010039468,,강원특별자치도 홍천군 내면 구룡령로 5273,250846,25171,,,,128.391185604822,37.7741993758898
MA0101202307A0064704,조은소방방재,,G2,소매,G221,기타 상품 소매,G22199,그 외 기타 상품 전문 소매업,G47859,그 외 기타 분류 안된 상품 전문 소매업,52,전북특별자치도,52111,전주시 완산구,52111672,중화산2동,5211112800,중화산동2가,5211112800106420009,1,대지,642,9,전북특별자치도 전주시 완산구 중화산동2가 642-9,521114598162,전북특별자치도 전주시 완산구 산월2길,19,5,4511112800106420009028196,,전북특별자치도 전주시 완산구 산월2길 19-5,560837,54980,,,,127.12102882447,35.8138165254694
MA0101202307A0099394,한국의약초,,G2,소매,G221,기타 상품 소매,G22199,그 외 기타 상품 전문 소매업,G47859,그 외 기타 분류 안된 상품 전문 소매업,47,경상북도,47210,영주시,47210590,휴천1동,4721010400,휴천동,4721010400107080016,1,대지,708,16,경상북도 영주시 휴천동 708-16,472103309008,경상북도 영주시 구성로,302,1,4721010400107080016009284,,경상북도 영주시 구성로 302-1,750914,36086,,1,,128.627280781369,36.8201338396159
MA0101202307A0051726,바탈봉굿당,,G2,소매,G221,기타 상품 소매,G22199,그 외 기타 상품 전문 소매업,G47859,그 외 기타 분류 안된 상품 전문 소매업,29,광주광역시,29170,북구,29170650,문화동,2917011300,각화동,2917011300100450000,1,대지,45,,광주광역시 북구 각화동 45,291704286060,광주광역시 북구 군왕로274번길,39,,2917011300100450000044890,화암사,광주광역시 북구 군왕로274번길 39,500800,61142,,,,126.941393976473,35.184506277741
MA0101202307A0051731,멍냥편의점,,G2,소매,G221,기타 상품 소매,G22199,그 외 기타 상품 전문 소매업,G47859,그 외 기타 분류 안된 상품 전문 소매업,26,부산광역시,26230,부산진구,26230560,양정1동,2623010100,양정동,2623010100105200004,1,대지,520,4,부산광역시 부산진구 양정동 520-4,262302000010,부산광역시 부산진구 중앙대로,861,,2623010100105200004054019,,부산광역시 부산진구 중앙대로 861,614856,47215,,1,,129.066651062855,35.168103301887
MA0101202308A0003414,엔젤성인용품샆,,G2,소매,G221,기타 상품 소매,G22199,그 외 기타 상품 전문 소매업,G47859,그 외 기타 분류 안된 상품 전문 소매업,52,전북특별자치도,52113,전주시 덕진구,52113540,인후1동,5211310300,인후동1가,5211310300107740007,1,대지,774,7,전북특별자치도 전주시 덕진구 인후동1가 774-7,521134601470,전북특별자치도 전주시 덕진구 팽나무4길,14,,4511310300107740007003064,,전북특별자치도 전주시 덕진구 팽나무4길 14,561870,55008,,2,,127.15437609509,35.8353454577211
MA0101202307A0023122,올망졸망소품점,,G2,소매,G221,기타 상품 소매,G22199,그 외 기타 상품 전문 소매업,G47859,그 외 기타 분류 안된 상품 전문 소매업,44,충청남도,44180,보령시,44180515,대천1동,4418010100,대천동,4418010100102880083,1,대지,288,83,충청남도 보령시 대천동 288-83,441804556064,충청남도 보령시 구시6길,12,5,4418010100102880083014404,,충청남도 보령시 구시6길 12-5,355934,33460,,,,126.592720430411,36.34566124894
MA0101202307A0051802,김해제일총포사,,G2,소매,G221,기타 상품 소매,G22199,그 외 기타 상품 전문 소매업,G47859,그 외 기타 분류 안된 상품 전문 소매업,48,경상남도,48250,김해시,48250520,회현동,4825010400,봉황동,4825010400100160031,1,대지,16,31,경상남도 김해시 봉황동 16-31,482504805007,경상남도 김해시 가락로15번길,46,,4825010400100160031089693,,경상남도 김해시 가락로15번길 46,621040,50927,,,,128.877399901911,35.2275097113304
MA0101202307A0095897,정발산경희물산,,G2,소매,G221,기타 상품 소매,G22199,그 외 기타 상품 전문 소매업,G47859,그 외 기타 분류 안된 상품 전문 소매업,11,서울특별시,11230,동대문구,11230536,용신동,1123010200,용두동,1123010200107880000,1,대지,788,,서울특별시 동대문구 용두동 788,112303105008,서울특별시 동대문구 왕산로,122,,1123010200100510004039014,용두동포스빌,서울특별시 동대문구 왕산로 122,130070,02566,,11,,127.036905564462,37.5778485433586
MA0101202307A0025252,참조은,,G2,소매,G221,기타 상품 소매,G22199,그 외 기타 상품 전문 소매업,G47859,그 외 기타 분류 안된 상품 전문 소매업,11,서울특별시,11350,노원구,11350670,상계5동,1135010500,상계동,1135010500101690248,1,대지,169,248,서울특별시 노원구 상계동 169-248,113504130395,서울특별시 노원구 한글비석로23길,32,,1135010500101690248002197,,서울특별시 노원구 한글비석로23길 32,139815,01682,,2,,127.070990601404,37.6594894901936
MA0101202307A0054045,도반산약초,,G2,소매,G221,기타 상품 소매,G22199,그 외 기타 상품 전문 소매업,G47859,그 외 기타 분류 안된 상품 전문 소매업,46,전라남도,46870,영광군,46870256,홍농읍,4687025621,홍농읍,4687025621102540001,1,대지,254,1,전라남도 영광군 홍농읍 상하리 254-1,468703298041,전라남도 영광군 홍농읍 홍농로,465,,4687025621102540001005149,,전라남도 영광군 홍농읍 홍농로 465,513884,57004,,,,126.446805211529,35.3958349014874
MA0101202307A0072731,산청지리산약초,,G2,소매,G221,기타 상품 소매,G22199,그 외 기타 상품 전문 소매업,G47859,그 외 기타 분류 안된 상품 전문 소매업,26,부산광역시,26530,사상구,26530591,모라1동,2653010200,모라동,2653010200113280002,1,대지,1328,2,부산광역시 사상구 모라동 1328-2,265304217187,부산광역시 사상구 백양대로950번가길,65,,2653010200113280002005765,,부산광역시 사상구 백양대로950번가길 65,617818,46927,,1,,128.993481306527,35.1935985359046
MA0101202307A0096036,카용품점,,G2,소매,G221,기타 상품 소매,G22199,그 외 기타 상품 전문 소매업,G47859,그 외 기타 분류 안된 상품 전문 소매업,44,충청남도,44131,천안시 동남구,44131540,원성2동,4413110700,원성동,4413110700105080001,1,대지,508,1,충청남도 천안시 동남구 원성동 508-1,441313249014,충청남도 천안시 동남구 버들로,118,,4413110700105080001020432,,충청남도 천안시 동남구 버들로 118,330072,31187,,,,127.159586002302,36.8061574463558
MA0101202308A0016770,헤라잡하,,G2,소매,G221,기타 상품 소매,G22199,그 외 기타 상품 전문 소매업,G47859,그 외 기타 분류 안된 상품 전문 소매업,26,부산광역시,26260,동래구,26260580,사직1동,2626010900,사직동,2626010900100990001,1,대지,99,1,부산광역시 동래구 사직동 99-1,262603130033,부산광역시 동래구 종합운동장로,58,,2626010900100990001007981,,부산광역시 동래구 종합운동장로 58,607817,47875,,,,129.063925293789,35.1957162229483
MA0101202308A0016819,반야불교,,G2,소매,G221,기타 상품 소매,G22199,그 외 기타 상품 전문 소매업,G47859,그 외 기타 분류 안된 상품 전문 소매업,43,충청북도,43130,충주시,43130420,엄정면,4313042021,엄정면,4313042021200010001,2,산,1,1,충청북도 충주시 엄정면 용산리 산1-1,431304515500,충청북도 충주시 엄정면 향림길,314,,4313042021100140001068093,,충청북도 충주시 엄정면 향림길 314,380843,27313,,,,127.918986446408,37.1076675237478
MA0101202307A0072973,금산수삼시장29호,,G2,소매,G221,기타 상품 소매,G22199,그 외 기타 상품 전문 소매업,G47859,그 외 기타 분류 안된 상품 전문 소매업,44,충청남도,44710,금산군,44710250,금산읍,4471025021,금산읍,4471025021106770001,1,대지,677,1,충청남도 금산군 금산읍 신대리 677-1,447103257044,충청남도 금산군 금산읍 인삼약초로,48,8,4471025021106770001000001,금산수삼시장,충청남도 금산군 금산읍 인삼약초로 48-8,312804,32739,,,,127.499114288961,36.1004867532682
MA0101202308A0018538,소벨루스,,G2,소매,G221,기타 상품 소매,G22199,그 외 기타 상품 전문 소매업,G47859,그 외 기타 분류 안된 상품 전문 소매업,11,서울특별시,11650,서초구,11650651,양재1동,1165010200,양재동,1165010200100140002,1,대지,14,2,서울특별시 서초구 양재동 14-2,116504163016,서울특별시 서초구 강남대로34길,8,,1165010200100140002005174,유엘아이빌딩,서울특별시 서초구 강남대로34길 8,137888,06743,,3,,127.03666658658,37.4828650465711
MA0101202308A0030563,김가네인삼농장,,G2,소매,G221,기타 상품 소매,G22199,그 외 기타 상품 전문 소매업,G47859,그 외 기타 분류 안된 상품 전문 소매업,11,서울특별시,11590,동작구,11590630,사당2동,1159010700,사당동,1159010700100910177,1,대지,91,177,서울특별시 동작구 사당동 91-177,115904157128,서울특별시 동작구 동작대로29나길,10,,1159010700100910177012238,,서울특별시 동작구 동작대로29나길 10,156815,06997,,1,,126.980687279607,37.4884013486531
MA0101202307A0052396,지앤티,,G2,소매,G221,기타 상품 소매,G22199,그 외 기타 상품 전문 소매업,G47859,그 외 기타 분류 안된 상품 전문 소매업,31,울산광역시,31110,중구,31110620,병영1동,3111011500,남외동,3111011500105110012,1,대지,511,12,울산광역시 중구 남외동 511-12,311104307085,울산광역시 중구 남외1길,48,1,3111011500105110012000001,,울산광역시 중구 남외1길 48-1,681800,44495,,2,,129.350506095964,35.5663379021177
MA0101202307A0078707,스토어3355,,G2,소매,G221,기타 상품 소매,G22199,그 외 기타 상품 전문 소매업,G47859,그 외 기타 분류 안된 상품 전문 소매업,47,경상북도,47210,영주시,47210250,풍기읍,4721025022,풍기읍,4721025022104660000,1,대지,466,,경상북도 영주시 풍기읍 동부리 466,472103309010,경상북도 영주시 풍기읍 기주로,10,,4721025022104650000013772,풍기인삼시장,경상북도 영주시 풍기읍 기주로 10,750803,36034,,,,128.533960963921,36.8678399086181
MA0101202307A0060517,모두안전,,G2,소매,G221,기타 상품 소매,G22199,그 외 기타 상품 전문 소매업,G47859,그 외 기타 분류 안된 상품 전문 소매업,51,강원특별자치도,51770,정선군,51770259,신동읍,5177025921,신동읍,5177025921101780016,1,대지,178,16,강원특별자치도 정선군 신동읍 예미리 178-16,517704487296,강원특별자치도 정선군 신동읍 용수길,8,,4277025921101780016003243,,강원특별자치도 정선군 신동읍 용수길 8,233822,26142,,,,128.646619092254,37.2114049937136
MA0101202307A0096581,이윤술,,G2,소매,G221,기타 상품 소매,G22199,그 외 기타 상품 전문 소매업,G47859,그 외 기타 분류 안된 상품 전문 소매업,41,경기도,41590,화성시,41590590,동탄5동,4159013100,영천동,4159013100108440001,1,대지,844,1,경기도 화성시 영천동 844-1,415903350553,경기도 화성시 동탄영천로,150,,4159013100108440001000002,동탄실리콘앨리,경기도 화성시 동탄영천로 150,445130,18462,,1,,127.10108236446,37.2159698087526
MA0101202307A0098446,아진안전산업,,G2,소매,G221,기타 상품 소매,G22199,그 외 기타 상품 전문 소매업,G47859,그 외 기타 분류 안된 상품 전문 소매업,29,광주광역시,29170,북구,29170656,문흥1동,2917011200,문흥동,2917011200109930005,1,대지,993,5,광주광역시 북구 문흥동 993-5,291704286250,광주광역시 북구 문산로62번길,15,4,2917011200109930005035970,,광주광역시 북구 문산로62번길 15-4,500821,61128,,1,,126.925900941146,35.1863095148721
MA0101202308A0025017,용궁불교,백화점,G2,소매,G221,기타 상품 소매,G22199,그 외 기타 상품 전문 소매업,G47859,그 외 기타 분류 안된 상품 전문 소매업,41,경기도,41150,의정부시,41150510,의정부1동,4115010100,의정부동,4115010100101520012,1,대지,152,12,경기도 의정부시 의정부동 152-12,411503181062,경기도 의정부시 태평로,113,,4115010100101520012000281,전체,경기도 의정부시 태평로 113,480842,11692,,1,,127.051316972689,37.7426777252111
MA0101202307A0025844,환타지토이,,G2,소매,G221,기타 상품 소매,G22199,그 외 기타 상품 전문 소매업,G47859,그 외 기타 분류 안된 상품 전문 소매업,31,울산광역시,31710,울주군,31710265,삼남읍,3171026523,삼남읍,3171026523116050003,1,대지,1605,3,울산광역시 울주군 삼남읍 신화리 1605-3,317104320161,울산광역시 울주군 삼남읍 도호1길,30,24,3171039023116050003000001,울산역신한디아채시티,울산광역시 울주군 삼남읍 도호1길 30-24,689815,44951,,1,,129.140601178865,35.5486594653871
MA0101202307A0100386,평안한의원,,G2,소매,G221,기타 상품 소매,G22199,그 외 기타 상품 전문 소매업,G47859,그 외 기타 분류 안된 상품 전문 소매업,26,부산광역시,26500,수영구,26500730,수영동,2650010200,수영동,2650010200104440016,1,대지,444,16,부산광역시 수영구 수영동 444-16,265003131037,부산광역시 수영구 수영로,709,,2650010200104440016006121,,부산광역시 수영구 수영로 709,613830,48227,,2,,129.116882402051,35.1681727683512
MA0101202307A0104278,해운불교용품사,,G2,소매,G221,기타 상품 소매,G22199,그 외 기타 상품 전문 소매업,G47859,그 외 기타 분류 안된 상품 전문 소매업,27,대구광역시,27140,동구,27140620,불로.봉무동,2714010600,불로동,2714010600111490000,1,대지,1149,,대구광역시 동구 불로동 1149,271403000048,대구광역시 동구 팔공로,178,,2714010600111490000041575,,대구광역시 동구 팔공로 178,701805,41030,,1,,128.641352211284,35.9146738386949
MA0101202308A0002349,다움안전용품,,G2,소매,G221,기타 상품 소매,G22199,그 외 기타 상품 전문 소매업,G47859,그 외 기타 분류 안된 상품 전문 소매업,44,충청남도,44810,예산군,44810253,삽교읍,4481025338,삽교읍,4481025338102830010,1,대지,283,10,충청남도 예산군 삽교읍 신가리 283-10,448103263014,충청남도 예산군 삽교읍 삽교로,80,,4481025338102830010001719,,충청남도 예산군 삽교읍 삽교로 80,340905,32414,,,,126.737570662026,36.6860000903953
MA0101202308A0004449,두두,,G2,소매,G221,기타 상품 소매,G22199,그 외 기타 상품 전문 소매업,G47859,그 외 기타 분류 안된 상품 전문 소매업,41,경기도,41610,광주시,41610259,곤지암읍,4161025926,곤지암읍,4161025926103880000,1,대지,388,,경기도 광주시 곤지암읍 이선리 388,416104433381,경기도 광주시 곤지암읍 외선길,24,,4161025926103880000000001,,경기도 광주시 곤지암읍 외선길 24,464935,12725,,,,127.417733765665,37.358441342107
MA0101202307A0041315,해피엠,,G2,소매,G221,기타 상품 소매,G22199,그 외 기타 상품 전문 소매업,G47859,그 외 기타 분류 안된 상품 전문 소매업,47,경상북도,47113,포항시 북구,47113340,기계면,4711334033,기계면,4711334033108300003,1,대지,830,3,경상북도 포항시 북구 기계면 인비리 830-3,471133304002,경상북도 포항시 북구 기계면 기북로,18,,4711334033108300003003194,해피엠,경상북도 포항시 북구 기계면 기북로 18,791823,37526,,,,129.158220017684,36.0919984514107
MA0101202307A0073437,고에이프,,G2,소매,G221,기타 상품 소매,G22199,그 외 기타 상품 전문 소매업,G47859,그 외 기타 분류 안된 상품 전문 소매업,28,인천광역시,28200,남동구,28200521,구월3동,2820010100,구월동,2820010100113510007,1,대지,1351,7,인천광역시 남동구 구월동 1351-7,282004259358,인천광역시 남동구 문화서로28번길,19,33,2820010100113510007002277,,인천광역시 남동구 문화서로28번길 19-33,405840,21569,,,,126.697725122295,37.4489755798037
MA0101202307A0077133,정읍농업협동조합정읍농협자재센터,,G2,소매,G221,기타 상품 소매,G22199,그 외 기타 상품 전문 소매업,G47859,그 외 기타 분류 안된 상품 전문 소매업,52,전북특별자치도,52180,정읍시,52180580,농소동,5218010600,농소동,5218010600100480028,1,대지,48,28,전북특별자치도 정읍시 농소동 48-28,521803270055,전북특별자치도 정읍시 벚꽃로,29,,4518010600100480028000001,,전북특별자치도 정읍시 벚꽃로 29,580090,56155,,,,126.843801783148,35.5840312084881
MA0101202309A0011757,푸른봄센터,,G2,소매,G221,기타 상품 소매,G22199,그 외 기타 상품 전문 소매업,G47859,그 외 기타 분류 안된 상품 전문 소매업,41,경기도,41115,수원시 팔달구,41115730,인계동,4111514100,인계동,4111514100111180003,1,대지,1118,3,경기도 수원시 팔달구 인계동 1118-3,411154331157,경기도 수원시 팔달구 인계로166번길,47,17,4111514100111180003011466,,경기도 수원시 팔달구 인계로166번길 47-17,442835,16488,,2,,127.035726054205,37.2641864692166
MA0101202308A0077836,김해농약종묘사,,G2,소매,G221,기타 상품 소매,G22199,그 외 기타 상품 전문 소매업,G47859,그 외 기타 분류 안된 상품 전문 소매업,48,경상남도,48250,김해시,48250530,부원동,4825010300,부원동,4825010300106070024,1,대지,607,24,경상남도 김해시 부원동 607-24,482503335002,경상남도 김해시 가락로,12,,4825010300106070024089502,,경상남도 김해시 가락로 12,621907,50925,,,,128.882737509467,35.2275078904033
MA0101202309A0021287,한마음선물넷,,G2,소매,G221,기타 상품 소매,G22199,그 외 기타 상품 전문 소매업,G47859,그 외 기타 분류 안된 상품 전문 소매업,26,부산광역시,26260,동래구,26260750,안락2동,2626010200,안락동,2626010200101720023,1,대지,172,23,부산광역시 동래구 안락동 172-23,262604190383,부산광역시 동래구 연안로52번길,53,10,2626010200101720023001707,,부산광역시 동래구 연안로52번길 53-10,607825,47905,,2,,129.110848335256,35.1915818311349
MA0101202308A0092735,엔케이무역,,G2,소매,G221,기타 상품 소매,G22199,그 외 기타 상품 전문 소매업,G47859,그 외 기타 분류 안된 상품 전문 소매업,48,경상남도,48250,김해시,48250540,내외동,4825010800,내동,4825010800111310004,1,대지,1131,4,경상남도 김해시 내동 1131-4,482503335013,경상남도 김해시 내외중앙로,137,,4825010800111310004088380,,경상남도 김해시 내외중앙로 137,621905,50943,,,,128.868565808598,35.2421825890806
MA0101202309A0008383,첨단대로하,,G2,소매,G221,기타 상품 소매,G22199,그 외 기타 상품 전문 소매업,G47859,그 외 기타 분류 안된 상품 전문 소매업,41,경기도,41461,용인시 처인구,41461256,이동읍,4146125628,이동읍,4146125628108730000,1,대지,873,,경기도 용인시 처인구 이동읍 천리 873,414612012004,경기도 용인시 처인구 이동읍 남북대로,3429,,4146125628108730000000001,,경기도 용인시 처인구 이동읍 남북대로 3429,449833,17128,,,,127.203633413801,37.2091250890526
MA0101202308A0067183,그린머티리얼즈,,G2,소매,G221,기타 상품 소매,G22199,그 외 기타 상품 전문 소매업,G47859,그 외 기타 분류 안된 상품 전문 소매업,41,경기도,41117,수원시 영통구,41117580,영통2동,4111710500,영통동,4111710500111060000,1,대지,1106,,경기도 수원시 영통구 영통동 1106,411174331135,경기도 수원시 영통구 영통로200번길,21,,4111710500111060000000097,현대프라자,경기도 수원시 영통구 영통로200번길 21,443816,16690,,,,127.057852494269,37.24467914339
MA0101202308A0092868,그린세상,,G2,소매,G221,기타 상품 소매,G22199,그 외 기타 상품 전문 소매업,G47859,그 외 기타 분류 안된 상품 전문 소매업,47,경상북도,47230,영천시,47230250,금호읍,4723025027,금호읍,4723025027104140001,1,대지,414,1,경상북도 영천시 금호읍 냉천리 414-1,472303310033,경상북도 영천시 금호읍 금호로,213,,4723025027104140001047756,,경상북도 영천시 금호읍 금호로 213,770804,38876,,,,128.884279981271,35.9347960761719
MA0101202308A0044716,행복한약초농장,,G2,소매,G221,기타 상품 소매,G22199,그 외 기타 상품 전문 소매업,G47859,그 외 기타 분류 안된 상품 전문 소매업,46,전라남도,46880,장성군,46880340,삼서면,4688034027,삼서면,4688034027101360005,1,대지,136,5,전라남도 장성군 삼서면 수해리 136-5,468804691275,전라남도 장성군 삼서면 주전길,13,,4688034027101360005000002,,전라남도 장성군 삼서면 주전길 13,515881,57254,,,,126.631426381513,35.2131633133161
MA0101202308A0072922,한일모터,,G2,소매,G221,기타 상품 소매,G22199,그 외 기타 상품 전문 소매업,G47859,그 외 기타 분류 안된 상품 전문 소매업,44,충청남도,44760,부여군,44760250,부여읍,4476025029,부여읍,4476025029103990001,1,대지,399,1,충청남도 부여군 부여읍 구아리 399-1,447603259085,충청남도 부여군 부여읍 부여로,11,1,4476025029103990001020404,,충청남도 부여군 부여읍 부여로 11-1,323805,33144,,,,126.909297250965,36.2808496815899
MA0101202308A0059882,넥스트이엔지,,G2,소매,G221,기타 상품 소매,G22199,그 외 기타 상품 전문 소매업,G47859,그 외 기타 분류 안된 상품 전문 소매업,41,경기도,41131,성남시 수정구,41131640,고등동,4113111200,고등동,4113111200105720000,1,대지,572,,경기도 성남시 수정구 고등동 572,411313352360,경기도 성남시 수정구 고등로,3,,4113111200105720000000001,현대지식산업센터,경기도 성남시 수정구 고등로 3,461300,13105,,,,127.093673643794,37.4287368079556
MA0101202308A0081890,신세계유통,,G2,소매,G221,기타 상품 소매,G22199,그 외 기타 상품 전문 소매업,G47859,그 외 기타 분류 안된 상품 전문 소매업,41,경기도,41590,화성시,41590253,봉담읍,4159025326,봉담읍,4159025326100110174,1,대지,11,174,경기도 화성시 봉담읍 수기리 11-174,415903210064,경기도 화성시 봉담읍 세자로,369,3,4159025326100110174000001,,경기도 화성시 봉담읍 세자로 369-3,445904,18364,,1,,126.983667389645,37.1987657013124
MA0101202309A0032144,에스에이,,G2,소매,G221,기타 상품 소매,G22199,그 외 기타 상품 전문 소매업,G45219,기타 자동차 신품 부품 및 내장품 판매업,52,전북특별자치도,52113,전주시 덕진구,52113570,덕진동,5211310500,덕진동1가,5211310500113580022,1,대지,1358,22,전북특별자치도 전주시 덕진구 덕진동1가 1358-22,521132266001,전북특별자치도 전주시 덕진구 기린대로,529,,4511310500113580022000001,,전북특별자치도 전주시 덕진구 기린대로 529,561811,54888,,,,127.121153695255,35.8450179794398
MA0101202308A0050541,루케테,,G2,소매,G221,기타 상품 소매,G22199,그 외 기타 상품 전문 소매업,G47859,그 외 기타 분류 안된 상품 전문 소매업,11,서울특별시,11590,동작구,11590520,노량진2동,1159010100,노량진동,1159010100103040017,1,대지,304,17,서울특별시 동작구 노량진동 304-17,115904157607,서울특별시 동작구 장승배기로27마길,11,,1159010100103040017031618,,서울특별시 동작구 장승배기로27마길 11,156806,06935,,2,,126.938211791586,37.5089207011839
MA0101202308A0085991,헤세드,,G2,소매,G221,기타 상품 소매,G22199,그 외 기타 상품 전문 소매업,G47859,그 외 기타 분류 안된 상품 전문 소매업,41,경기도,41630,양주시,41630570,옥정1동,4163011400,옥정동,4163011400109880000,1,대지,988,,경기도 양주시 옥정동 988,416303212038,경기도 양주시 화합로,1710,,4163011300103130000000001,듀클래스,경기도 양주시 화합로 1710,482130,11465,,,,127.097303020139,37.8391326757026
MA0101202309A0007115,업소명없음,,G2,소매,G221,기타 상품 소매,G22199,그 외 기타 상품 전문 소매업,G47859,그 외 기타 분류 안된 상품 전문 소매업,28,인천광역시,28237,부평구,28237550,부평5동,2823710100,부평동,2823710100101260010,1,대지,126,10,인천광역시 부평구 부평동 126-10,282372008008,인천광역시 부평구 부평대로,30,,2823710100102240001401054,신부평지하상가,인천광역시 부평구 부평대로 30,403817,21393,,,,126.722752339862,37.4931863200725
MA0101202308A0086105,샹테라이프,,G2,소매,G221,기타 상품 소매,G22199,그 외 기타 상품 전문 소매업,G47859,그 외 기타 분류 안된 상품 전문 소매업,41,경기도,41450,하남시,41450610,미사1동,4145010900,망월동,4145010900111290002,1,대지,1129,2,경기도 하남시 망월동 1129-2,414504853315,경기도 하남시 미사강변동로84번길,29,,4145010900111290003000001,제,경기도 하남시 미사강변동로84번길 29,465150,12912,,2,,127.194723656026,37.5632507775117
MA0101202309A0012673,능암수석,,G2,소매,G221,기타 상품 소매,G22199,그 외 기타 상품 전문 소매업,G47859,그 외 기타 분류 안된 상품 전문 소매업,43,충청북도,43130,충주시,43130370,앙성면,4313037034,앙성면,4313037034100130001,1,대지,13,1,충청북도 충주시 앙성면 능암리 13-1,431303197001,충청북도 충주시 앙성면 가곡로,1835,,4313037034100130001000001,,충청북도 충주시 앙성면 가곡로 1835,380863,27302,,,,127.832888396271,37.0797585990136
MA0101202309A0045323,대원불교용품,,G2,소매,G221,기타 상품 소매,G22199,그 외 기타 상품 전문 소매업,G47859,그 외 기타 분류 안된 상품 전문 소매업,29,광주광역시,29170,북구,29170662,두암2동,2917011400,두암동,2917011400108420005,1,대지,842,5,광주광역시 북구 두암동 842-5,291704286149,광주광역시 북구 동문대로134번길,18,,2917011400108420005040736,,광주광역시 북구 동문대로134번길 18,500884,61199,,1,,126.927591367847,35.174358551877
MA0101202308A0104681,여왕의식탁,,G2,소매,G221,기타 상품 소매,G22199,그 외 기타 상품 전문 소매업,G47859,그 외 기타 분류 안된 상품 전문 소매업,52,전북특별자치도,52111,전주시 완산구,52111530,풍남동,5211111000,풍남동3가,5211111000100580006,1,대지,58,6,전북특별자치도 전주시 완산구 풍남동3가 58-6,521113266057,전북특별자치도 전주시 완산구 은행로,51,7,4511111000100580006345174,,전북특별자치도 전주시 완산구 은행로 51-7,560033,55041,,,,127.152910053041,35.8153934569666
MA0101202308A0045448,유니드원,,G2,소매,G221,기타 상품 소매,G22199,그 외 기타 상품 전문 소매업,G47859,그 외 기타 분류 안된 상품 전문 소매업,47,경상북도,47230,영천시,47230250,금호읍,4723025022,금호읍,4723025022100910001,1,대지,91,1,경상북도 영천시 금호읍 덕성리 91-1,472303310006,경상북도 영천시 금호읍 금창로,53,,4723025022100910001060509,,경상북도 영천시 금호읍 금창로 53,770802,38882,,,,128.876879197188,35.9273248561029
MA0101202308A0097326,현대토양연구소,,G2,소매,G221,기타 상품 소매,G22199,그 외 기타 상품 전문 소매업,G47859,그 외 기타 분류 안된 상품 전문 소매업,48,경상남도,48250,김해시,48250320,주촌면,4825032028,주촌면,4825032028106380003,1,대지,638,3,경상남도 김해시 주촌면 농소리 638-3,482503335077,경상남도 김해시 주촌면 골든루트로,80,16,4825032028106380003000001,김해중소기업비즈니스센터,경상남도 김해시 주촌면 골든루트로 80-16,621842,50969,,3,,128.8316528353,35.2131878774889
MA0101202309A0028662,행복회로,성남점,G2,소매,G221,기타 상품 소매,G22199,그 외 기타 상품 전문 소매업,G47859,그 외 기타 분류 안된 상품 전문 소매업,41,경기도,41133,성남시 중원구,41133510,성남동,4113310100,성남동,4113310100137220000,1,대지,3722,,경기도 성남시 중원구 성남동 3722,411334337420,경기도 성남시 중원구 제일로35번길,14,,4113310100137220000005651,,경기도 성남시 중원구 제일로35번길 14,462828,13368,,2,,127.135378947268,37.4307056687287
MA0101202309A0032657,빈이네,,G2,소매,G221,기타 상품 소매,G22199,그 외 기타 상품 전문 소매업,G47859,그 외 기타 분류 안된 상품 전문 소매업,51,강원특별자치도,51230,삼척시,51230250,도계읍,5123025030,도계읍,5123025030104070002,1,대지,407,2,강원특별자치도 삼척시 도계읍 도계리 407-2,512303224007,강원특별자치도 삼척시 도계읍 도계로,278,24,4223025030104070001000001,,강원특별자치도 삼척시 도계읍 도계로 278-24,245905,25947,,1,,129.04572683837,37.2337770580866
MA0101202308A0047430,해룡군장판매소,,G2,소매,G221,기타 상품 소매,G22199,그 외 기타 상품 전문 소매업,G47859,그 외 기타 분류 안된 상품 전문 소매업,47,경상북도,47111,포항시 남구,47111256,오천읍,4711125630,오천읍,4711125630101030000,1,대지,103,,경상북도 포항시 남구 오천읍 용덕리 103,471113303055,경상북도 포항시 남구 오천읍 충무로,70,,4711125630101030000000001,,경상북도 포항시 남구 오천읍 충무로 70,790908,37897,,,,129.418212418523,35.9749946422475
MA0101202308A0040019,다모아안전,,G2,소매,G221,기타 상품 소매,G22199,그 외 기타 상품 전문 소매업,G47859,그 외 기타 분류 안된 상품 전문 소매업,47,경상북도,47290,경산시,47290520,중앙동,4729010200,삼북동,4729010200102800011,1,대지,280,11,경상북도 경산시 삼북동 280-11,472904739065,경상북도 경산시 경안로30길,17,,4729010200102800011000999,,경상북도 경산시 경안로30길 17,712020,38633,,2,,128.740148039216,35.8203135219821
MA0101202309A0034467,올포독,,G2,소매,G221,기타 상품 소매,G22199,그 외 기타 상품 전문 소매업,G47859,그 외 기타 분류 안된 상품 전문 소매업,41,경기도,41220,평택시,41220620,비전1동,4122011800,비전동,4122011800110680000,1,대지,1068,,경기도 평택시 비전동 1068,412203188116,경기도 평택시 평남로,874,2,4122011800110680000000001,,경기도 평택시 평남로 874-2,450151,17855,,,,127.110942507747,37.0013902838572
MA0101202309A0020849,재경인삼,,G2,소매,G221,기타 상품 소매,G22199,그 외 기타 상품 전문 소매업,G47859,그 외 기타 분류 안된 상품 전문 소매업,41,경기도,41410,군포시,41410540,산본1동,4141010400,산본동,4141010400102220005,1,대지,222,5,경기도 군포시 산본동 222-5,414103200017,경기도 군포시 산본천로,187,,4141010400102220005008580,일부호,경기도 군포시 산본천로 187,435841,15806,,1,,126.938642007045,37.3700023953235
MA0101202309A0037992,왔다PC,,G2,소매,G221,기타 상품 소매,G22199,그 외 기타 상품 전문 소매업,G47859,그 외 기타 분류 안된 상품 전문 소매업,27,대구광역시,27170,서구,27170650,평리4동,2717010300,평리동,2717010300111880020,1,대지,1188,20,대구광역시 서구 평리동 1188-20,271703143010,대구광역시 서구 통학로,107,,2717010300111880020021196,,대구광역시 서구 통학로 107,703846,41825,,1,,128.563027588934,35.8698870307653
MA0101202308A0055397,아토즈캠핑,분당점,G2,소매,G221,기타 상품 소매,G22199,그 외 기타 상품 전문 소매업,G46464,운동 및 경기용품 도매업,41,경기도,41135,성남시 분당구,41135570,정자3동,4113510300,정자동,4113510300102190004,1,대지,219,4,경기도 성남시 분당구 정자동 219-4,411353180030,경기도 성남시 분당구 불정로,162,,4113510300102190004038475,롯데하이마트,경기도 성남시 분당구 불정로 162,463815,13604,,5,,127.122743639393,37.3592684491422
MA0101202309A0020881,성준,,G2,소매,G221,기타 상품 소매,G22199,그 외 기타 상품 전문 소매업,G47859,그 외 기타 분류 안된 상품 전문 소매업,41,경기도,41461,용인시 처인구,41461526,삼가동,4146110300,삼가동,4146110300101970002,1,대지,197,2,경기도 용인시 처인구 삼가동 197-2,414613204057,경기도 용인시 처인구 지삼로,608,31,4146110300101970002000001,더휴펫오피스텔,경기도 용인시 처인구 지삼로 608-31,449060,17091,,4,,127.170549365373,37.2402184142985
MA0101202308A0063097,한국수석분경예술연구회,,G2,소매,G221,기타 상품 소매,G22199,그 외 기타 상품 전문 소매업,G47859,그 외 기타 분류 안된 상품 전문 소매업,43,충청북도,43150,제천시,43150320,청풍면,4315032041,청풍면,4315032041102890000,1,대지,289,,충청북도 제천시 청풍면 물태리 289,431504518037,충청북도 제천시 청풍면 청풍호로52길,16,27,4315032041102890000000001,,충청북도 제천시 청풍면 청풍호로52길 16-27,390832,27214,,,,128.166005665808,37.000814699568
MA0101202308A0064884,법인마이진안,,G2,소매,G221,기타 상품 소매,G22199,그 외 기타 상품 전문 소매업,G47859,그 외 기타 분류 안된 상품 전문 소매업,52,전북특별자치도,52720,진안군,52720380,부귀면,5272038024,부귀면,5272038024104820000,1,대지,482,,전북특별자치도 진안군 부귀면 신정리 482,527203267080,전북특별자치도 진안군 부귀면 전진로,2411,,4572038024104820000020203,,전북특별자치도 진안군 부귀면 전진로 2411,567913,55417,,,,127.344288146377,35.7988201068798
MA0101202309A0040559,부라더소잉팩토리,판교점,G2,소매,G221,기타 상품 소매,G22199,그 외 기타 상품 전문 소매업,G47859,그 외 기타 분류 안된 상품 전문 소매업,41,경기도,41135,성남시 분당구,41135657,백현동,4113511000,백현동,4113511000105960003,1,대지,596,3,경기도 성남시 분당구 백현동 596-3,411354340279,경기도 성남시 분당구 동판교로52번길,22,9,4113511000105960003000001,,경기도 성남시 분당구 동판교로52번길 22-9,463420,13535,,1,,127.113778190912,37.3872272087561
MA0101202308A0036472,매직스페이스,,G2,소매,G221,기타 상품 소매,G22199,그 외 기타 상품 전문 소매업,G47859,그 외 기타 분류 안된 상품 전문 소매업,41,경기도,41465,용인시 수지구,41465555,죽전3동,4146510200,죽전동,4146510200113280004,1,대지,1328,4,경기도 용인시 수지구 죽전동 1328-4,414653204055,경기도 용인시 수지구 죽전로,150,1,4146510200113280004000001,단대프라자,경기도 용인시 수지구 죽전로 150-1,448160,16889,,,,127.124649011175,37.3237568733017
MA0101202308A0063306,금흑플렉스,,G2,소매,G221,기타 상품 소매,G22199,그 외 기타 상품 전문 소매업,G47859,그 외 기타 분류 안된 상품 전문 소매업,44,충청남도,44710,금산군,44710250,금산읍,4471025022,금산읍,4471025022101040012,1,대지,104,12,충청남도 금산군 금산읍 중도리 104-12,447103257022,충청남도 금산군 금산읍 비호로,146,,4471025022101040012000001,,충청남도 금산군 금산읍 비호로 146,312806,32725,,,,127.498451361554,36.1045359359458
MA0101202308A0098108,업소명없음,,G2,소매,G221,기타 상품 소매,G22199,그 외 기타 상품 전문 소매업,G47859,그 외 기타 분류 안된 상품 전문 소매업,27,대구광역시,27200,남구,27200530,봉덕1동,2720010200,봉덕동,2720010200105740015,1,대지,574,15,대구광역시 남구 봉덕동 574-15,272004232175,대구광역시 남구 봉덕로9길,23,,2720010200105740015022006,,대구광역시 남구 봉덕로9길 23,705830,42430,,,,128.59536683165,35.8461131657146
MA0101202309A0075433,미르안전,,G2,소매,G221,기타 상품 소매,G22199,그 외 기타 상품 전문 소매업,G47859,그 외 기타 분류 안된 상품 전문 소매업,52,전북특별자치도,52710,완주군,52710340,소양면,5271034022,소양면,5271034022114680008,1,대지,1468,8,전북특별자치도 완주군 소양면 명덕리 1468-8,527103273005,전북특별자치도 완주군 소양면 구억명덕로,471,18,4571034022114680008000001,,전북특별자치도 완주군 소양면 구억명덕로 471-18,565842,55355,,2,,127.19882035452,35.8600826880597
MA0101202309A0077256,"성,생활용품",,G2,소매,G221,기타 상품 소매,G22199,그 외 기타 상품 전문 소매업,G47859,그 외 기타 분류 안된 상품 전문 소매업,41,경기도,41192,부천시 원미구,41192600,도당동,4119210400,도당동,4119210400102750003,1,대지,275,3,경기도 부천시 원미구 도당동 275-3,411923184013,경기도 부천시 원미구 옥산로,166,,4119510400102750003026863,,경기도 부천시 원미구 옥산로 166,420808,14526,,지,,126.780457361211,37.5083724396669
MA0101202310A0017442,금산인삼,,G2,소매,G221,기타 상품 소매,G22199,그 외 기타 상품 전문 소매업,G47859,그 외 기타 분류 안된 상품 전문 소매업,29,광주광역시,29200,광산구,29200515,송정1동,2920010100,송정동,2920010100107430002,1,대지,743,2,광주광역시 광산구 송정동 743-2,292004289055,광주광역시 광산구 내상로15번길,74,,2920010100107430002010323,,광주광역시 광산구 내상로15번길 74,506805,62422,,,,126.799045955108,35.1419629157587
MA0101202309A0068069,새한테크,,G2,소매,G221,기타 상품 소매,G22199,그 외 기타 상품 전문 소매업,G47859,그 외 기타 분류 안된 상품 전문 소매업,46,전라남도,46230,광양시,46230250,광양읍,4623025023,광양읍,4623025023109560006,1,대지,956,6,전라남도 광양시 광양읍 칠성리 956-6,462304655234,전라남도 광양시 광양읍 서천1길,67,,4623025023109560006000001,,전라남도 광양시 광양읍 서천1길 67,545809,57754,,,,127.580017146939,34.9705197291416
MA0101202309A0071834,세이브안전철물,,G2,소매,G221,기타 상품 소매,G22199,그 외 기타 상품 전문 소매업,G47422,의복 액세서리 및 모조 장신구 소매업,52,전북특별자치도,52113,전주시 덕진구,52113590,금암2동,5211310700,금암동,5211310700101950004,1,대지,195,4,전북특별자치도 전주시 덕진구 금암동 195-4,521134601143,전북특별자치도 전주시 덕진구 모래내1길,6,,4511310700101950004009388,,전북특별자치도 전주시 덕진구 모래내1길 6,561800,54925,,,,127.140373036727,35.8341639560712
MA0101202310A0022916,강원영서친환경비료,,G2,소매,G221,기타 상품 소매,G22199,그 외 기타 상품 전문 소매업,G47859,그 외 기타 분류 안된 상품 전문 소매업,51,강원특별자치도,51720,홍천군,51720340,서석면,5172034023,서석면,5172034023101760004,1,대지,176,4,강원특별자치도 홍천군 서석면 생곡리 176-4,517204475545,강원특별자치도 홍천군 서석면 장골길,14,,4272034023101760004016570,,강원특별자치도 홍천군 서석면 장골길 14,250832,25167,,,,128.262885011881,37.7079768581175
MA0101202309A0079283,더원소방,,G2,소매,G221,기타 상품 소매,G22199,그 외 기타 상품 전문 소매업,G47859,그 외 기타 분류 안된 상품 전문 소매업,26,부산광역시,26410,금정구,26410670,남산동,2641010400,남산동,2641010400109830026,1,대지,983,26,부산광역시 금정구 남산동 983-26,264104205449,부산광역시 금정구 팔송로53번길,88,,2641010400109830026027951,,부산광역시 금정구 팔송로53번길 88,609813,46222,,1,,129.08668068535,35.2680847360148
MA0101202309A0092088,대덕산우안전,,G2,소매,G221,기타 상품 소매,G22199,그 외 기타 상품 전문 소매업,G47859,그 외 기타 분류 안된 상품 전문 소매업,30,대전광역시,30230,대덕구,30230510,오정동,3023010100,오정동,3023010100100600016,1,대지,60,16,대전광역시 대덕구 오정동 60-16,302302010004,대전광역시 대덕구 한밭대로,1003,,3023010100100600016019874,,대전광역시 대덕구 한밭대로 1003,306817,34378,,2,,127.410053517354,36.3584394182327
MA0101202310A0008019,도경약초,,G2,소매,G221,기타 상품 소매,G22199,그 외 기타 상품 전문 소매업,G47859,그 외 기타 분류 안된 상품 전문 소매업,43,충청북도,43111,청주시 상당구,43111545,성안동,4311111100,석교동,4311111100100500005,1,대지,50,5,충청북도 청주시 상당구 석교동 50-5,431114508644,충청북도 청주시 상당구 청남로2197번길,18,,4311111100100480007044194,,충청북도 청주시 상당구 청남로2197번길 18,360060,28534,,,,127.489804548626,36.6279072607939
MA0101202310A0048453,크린워터시스템전북,대리점,G2,소매,G221,기타 상품 소매,G22199,그 외 기타 상품 전문 소매업,G47859,그 외 기타 분류 안된 상품 전문 소매업,52,전북특별자치도,52113,전주시 덕진구,52113665,여의동,5211313000,여의동,5211313000105580006,1,대지,558,6,전북특별자치도 전주시 덕진구 여의동 558-6,521132266001,전북특별자치도 전주시 덕진구 기린대로,945,6,4511313000105580006001082,,전북특별자치도 전주시 덕진구 기린대로 945-6,561330,54852,,1,,127.081146522604,35.8641312306376
MA0101202309A0074083,마리텔인천,작전점,G2,소매,G221,기타 상품 소매,G22199,그 외 기타 상품 전문 소매업,G47859,그 외 기타 분류 안된 상품 전문 소매업,28,인천광역시,28245,계양구,28245640,작전서운동,2824510300,작전동,2824510300109050006,1,대지,905,6,인천광역시 계양구 작전동 905-6,282453155006,인천광역시 계양구 계양문화로,21,,2824510300109050006014009,실유니온빌딩,인천광역시 계양구 계양문화로 21,407825,21079,,,,126.735990602875,37.5326534879736
MA0101202309A0086803,제이상사,,G2,소매,G221,기타 상품 소매,G22199,그 외 기타 상품 전문 소매업,G47859,그 외 기타 분류 안된 상품 전문 소매업,41,경기도,41287,고양시 일산서구,41287520,일산2동,4128710100,일산동,4128710100106400028,1,대지,640,28,경기도 고양시 일산서구 일산동 640-28,412873194019,경기도 고양시 일산서구 원일로,100,,4128710100106400028007716,,경기도 고양시 일산서구 원일로 100,411875,10341,,1,,126.773077406902,37.6855020327668
MA0101202310A0008075,경북상조,,G2,소매,G221,기타 상품 소매,G22199,그 외 기타 상품 전문 소매업,G47859,그 외 기타 분류 안된 상품 전문 소매업,27,대구광역시,27140,동구,27140730,안심2동,2714011900,용계동,2714011900104370066,1,대지,437,66,대구광역시 동구 용계동 437-66,271403142047,대구광역시 동구 화랑로,465,,2714011900104370053000001,,대구광역시 동구 화랑로 465,701835,41166,,2,,128.674972528453,35.8757763165067
MA0101202310A0019672,제이에스몰,,G2,소매,G221,기타 상품 소매,G22199,그 외 기타 상품 전문 소매업,G47859,그 외 기타 분류 안된 상품 전문 소매업,48,경상남도,48170,진주시,48170565,중앙동,4817010900,대안동,4817010900100160012,1,대지,16,12,경상남도 진주시 대안동 16-12,481704797293,경상남도 진주시 진주대로1079번길,7,,4817010900100160012207000,,경상남도 진주시 진주대로1079번길 7,660140,52683,,1,,128.082624209237,35.1956077259591
MA0101202310A0021518,레드페퍼,,G2,소매,G221,기타 상품 소매,G22199,그 외 기타 상품 전문 소매업,G47859,그 외 기타 분류 안된 상품 전문 소매업,41,경기도,41630,양주시,41630580,옥정2동,4163011400,옥정동,4163011400109630017,1,대지,963,17,경기도 양주시 옥정동 963-17,416303350563,경기도 양주시 회천남로,80,,4163011400109630017000001,대방엘리움어반시티오피스텔,경기도 양주시 회천남로 80,482130,11473,,2,,127.09342586473,37.8185670018876
MA0101202310A0023209,시종장의사,,G2,소매,G221,기타 상품 소매,G22199,그 외 기타 상품 전문 소매업,G47859,그 외 기타 분류 안된 상품 전문 소매업,46,전라남도,46830,영암군,46830340,시종면,4683034027,시종면,4683034027109370001,1,대지,937,1,전라남도 영암군 시종면 만수리 937-1,468303295020,전라남도 영암군 시종면 내동중앙로,26,17,4683034027109370001038404,,전라남도 영암군 시종면 내동중앙로 26-17,526843,58427,,,,126.608312913494,34.8675865264312
MA0101202310A0038168,영광불교,,G2,소매,G221,기타 상품 소매,G22199,그 외 기타 상품 전문 소매업,G47859,그 외 기타 분류 안된 상품 전문 소매업,51,강원특별자치도,51130,원주시,51130575,학성동,5113010900,학성동,5113010900102230006,1,대지,223,6,강원특별자치도 원주시 학성동 223-6,511303219043,강원특별자치도 원주시 원일로,177,,4213010900102230006017826,,강원특별자치도 원주시 원일로 177,220964,26417,,,,127.945598201544,37.3535342244633
MA0101202309A0072271,큐피트성인용품,,G2,소매,G221,기타 상품 소매,G22199,그 외 기타 상품 전문 소매업,G47859,그 외 기타 분류 안된 상품 전문 소매업,51,강원특별자치도,51130,원주시,51130575,학성동,5113010900,학성동,5113010900109540013,1,대지,954,13,강원특별자치도 원주시 학성동 954-13,511303219043,강원특별자치도 원주시 원일로,281,,4213010900109540013014106,,강원특별자치도 원주시 원일로 281,220963,26413,,2,,127.941000156924,37.3595084549536
MA0101202309A0092279,더매쓰산업,,G2,소매,G221,기타 상품 소매,G22199,그 외 기타 상품 전문 소매업,G47859,그 외 기타 분류 안된 상품 전문 소매업,46,전라남도,46130,여수시,46130820,삼일동,4613015000,상암동,4613015000120870000,1,대지,2087,,전라남도 여수시 상암동 2087,461303282037,전라남도 여수시 상암로,608,1,4613015000120870000000001,,전라남도 여수시 상암로 608-1,555230,59619,,,,127.732695048119,34.8239154433235
MA0101202310A0013713,형제농약사,,G2,소매,G221,기타 상품 소매,G22199,그 외 기타 상품 전문 소매업,G47859,그 외 기타 분류 안된 상품 전문 소매업,46,전라남도,46820,해남군,46820250,해남읍,4682025024,해남읍,4682025024104010041,1,대지,401,41,전라남도 해남군 해남읍 고도리 401-41,468203294003,전라남도 해남군 해남읍 남부순환로,152,,4682025024104010041000002,,전라남도 해남군 해남읍 남부순환로 152,536801,59042,,,,126.595317119103,34.5656952803742
MA0101202310A0010005,나눔,,G2,소매,G221,기타 상품 소매,G22199,그 외 기타 상품 전문 소매업,G47859,그 외 기타 분류 안된 상품 전문 소매업,48,경상남도,48220,통영시,48220330,도산면,4822033021,도산면,4822033021111860001,1,대지,1186,1,경상남도 통영시 도산면 원산리 1186-1,482202328001,경상남도 통영시 도산면 남해안대로,2125,,4822033021111860001010773,,경상남도 통영시 도산면 남해안대로 2125,650817,53000,,2,,128.347260849219,34.9364006626693
MA0101202310A0032706,대성비닐,,G2,소매,G221,기타 상품 소매,G22199,그 외 기타 상품 전문 소매업,G47859,그 외 기타 분류 안된 상품 전문 소매업,11,서울특별시,11230,동대문구,11230545,제기동,1123010300,제기동,1123010300106160000,1,대지,616,,서울특별시 동대문구 제기동 616,112304115288,서울특별시 동대문구 왕산로33길,47,,1123010300106160000033731,,서울특별시 동대문구 왕산로33길 47,130862,02572,,,,127.041684933716,37.5814779577603
MA0101202310A0049676,하나유통,,G2,소매,G221,기타 상품 소매,G22199,그 외 기타 상품 전문 소매업,G47859,그 외 기타 분류 안된 상품 전문 소매업,31,울산광역시,31710,울주군,31710265,삼남읍,3171026522,삼남읍,3171026522109370042,1,대지,937,42,울산광역시 울주군 삼남읍 상천리 937-42,317102000017,울산광역시 울주군 삼남읍 반구대로,190,,3171039022109370042005684,,울산광역시 울주군 삼남읍 반구대로 190,689814,44954,,,,129.096794801465,35.5147729448381
MA0101202309A0050049,금산상회,,G2,소매,G221,기타 상품 소매,G22199,그 외 기타 상품 전문 소매업,G47859,그 외 기타 분류 안된 상품 전문 소매업,27,대구광역시,27140,동구,27140555,신천1.2동,2714010200,신천동,2714010200107830005,1,대지,783,5,대구광역시 동구 신천동 783-5,271404226175,대구광역시 동구 송라로3길,13,2,2714010200107830005030708,,대구광역시 동구 송라로3길 13-2,701832,41268,,,,128.618987751022,35.8695963114147
MA0101202309A0081576,대구방충망,,G2,소매,G221,기타 상품 소매,G22199,그 외 기타 상품 전문 소매업,G47859,그 외 기타 분류 안된 상품 전문 소매업,27,대구광역시,27290,달서구,27290568,장기동,2729011000,장기동,2729011000102930016,1,대지,293,16,대구광역시 달서구 장기동 293-16,272904241154,대구광역시 달서구 문화회관1길,21,,2729011000102920000000001,건축물중일부,대구광역시 달서구 문화회관1길 21,704944,42698,,,,128.519358466124,35.8488467106035
MA0101202309A0088972,오색사,,G2,소매,G221,기타 상품 소매,G22199,그 외 기타 상품 전문 소매업,G47859,그 외 기타 분류 안된 상품 전문 소매업,28,인천광역시,28200,남동구,28200582,만수5동,2820010300,만수동,2820010300108840011,1,대지,884,11,인천광역시 남동구 만수동 884-11,282004259377,인천광역시 남동구 백범로143번길,13,,2820010300108840011026779,일부호,인천광역시 남동구 백범로143번길 13,405862,21543,,1,,126.731300567364,37.4554448493632
MA0101202310A0012126,스릴앤조이,,G2,소매,G221,기타 상품 소매,G22199,그 외 기타 상품 전문 소매업,G47859,그 외 기타 분류 안된 상품 전문 소매업,43,충청북도,43113,청주시 흥덕구,43113250,오송읍,4311325031,오송읍,4311325031112570000,1,대지,1257,,충청북도 청주시 흥덕구 오송읍 봉산리 1257,431134520285,충청북도 청주시 흥덕구 오송읍 봉산2길,46,11,4311325031112570000000001,,충청북도 청주시 흥덕구 오송읍 봉산2길 46-11,361953,28222,,1,,127.320676487051,36.6211022043949
MA0101202309A0067065,대진소방건설,,G2,소매,G221,기타 상품 소매,G22199,그 외 기타 상품 전문 소매업,G47859,그 외 기타 분류 안된 상품 전문 소매업,41,경기도,41360,남양주시,41360256,화도읍,4136025624,화도읍,4136025624101380000,1,대지,138,,경기도 남양주시 화도읍 구암리 138,413604391097,경기도 남양주시 화도읍 경춘로2647번길,25,1,4136025624101380000017989,,경기도 남양주시 화도읍 경춘로2647번길 25-1,472842,12192,,1,,127.371085834993,37.6698920402601
MA0101202310A0004949,현대상사,,G2,소매,G221,기타 상품 소매,G22199,그 외 기타 상품 전문 소매업,G47859,그 외 기타 분류 안된 상품 전문 소매업,41,경기도,41410,군포시,41410520,군포2동,4141010100,당동,4141010100109110004,1,대지,911,4,경기도 군포시 당동 911-4,414104400032,경기도 군포시 군포로456번길,35,12,4141010100109110004000262,,경기도 군포시 군포로456번길 35-12,435818,15856,,1,,126.947554017963,37.3470845396716
MA0101202310A0029406,버버니,서면점,G2,소매,G221,기타 상품 소매,G22199,그 외 기타 상품 전문 소매업,G47859,그 외 기타 분류 안된 상품 전문 소매업,26,부산광역시,26230,부산진구,26230520,부전2동,2623010300,부전동,2623010300105190030,1,대지,519,30,부산광역시 부산진구 부전동 519-30,262304187070,부산광역시 부산진구 가야대로784번길,46,11,2623010300105190030014971,,부산광역시 부산진구 가야대로784번길 46-11,614847,47287,,,,129.056529138522,35.1553259292035
MA0101202310A0033042,그린에코텍,,G2,소매,G221,기타 상품 소매,G22199,그 외 기타 상품 전문 소매업,G47859,그 외 기타 분류 안된 상품 전문 소매업,43,충청북도,43113,청주시 흥덕구,43113747,가경동,4311311300,가경동,4311311300109500000,1,대지,950,,충청북도 청주시 흥덕구 가경동 950,431134512036,충청북도 청주시 흥덕구 풍년로198번길,63,,4311311300109500000009541,,충청북도 청주시 흥덕구 풍년로198번길 63,361800,28389,,,,127.431721443476,36.6315021123429
MA0101202310A0029528,현갤러리,,G2,소매,G221,기타 상품 소매,G22199,그 외 기타 상품 전문 소매업,G47859,그 외 기타 분류 안된 상품 전문 소매업,51,강원특별자치도,51110,춘천시,51110310,동면,5111031021,동면,5111031021102350001,1,대지,235,1,강원특별자치도 춘천시 동면 지내리 235-1,511103218001,강원특별자치도 춘천시 동면 가산로,94,,4211031021102350001035294,,강원특별자치도 춘천시 동면 가산로 94,200853,24211,,,,127.782306313102,37.9124777385917
MA0101202310A0042761,규림상사,,G2,소매,G221,기타 상품 소매,G22199,그 외 기타 상품 전문 소매업,G47859,그 외 기타 분류 안된 상품 전문 소매업,41,경기도,41287,고양시 일산서구,41287510,일산1동,4128710100,일산동,4128710100109720012,1,대지,972,12,경기도 고양시 일산서구 일산동 972-12,412873194019,경기도 고양시 일산서구 원일로,12,,4128710100109720012003407,,경기도 고양시 일산서구 원일로 12,411857,10351,,,,126.76386661447,37.6871147158614
MA0101202309A0065481,로뎀복지용구,,G2,소매,G221,기타 상품 소매,G22199,그 외 기타 상품 전문 소매업,G47859,그 외 기타 분류 안된 상품 전문 소매업,26,부산광역시,26110,중구,26110510,중앙동,2611010700,중앙동4가,2611010700100400019,1,대지,40,19,부산광역시 중구 중앙동4가 40-19,261104175046,부산광역시 중구 대청로135번길,15,,2611010700100400019000002,,부산광역시 중구 대청로135번길 15,600815,48928,,4,,129.034659215594,35.1041393529638
MA0101202309A0067342,경주이모,,G2,소매,G221,기타 상품 소매,G22199,그 외 기타 상품 전문 소매업,G47859,그 외 기타 분류 안된 상품 전문 소매업,31,울산광역시,31710,울주군,31710380,상북면,3171038026,상북면,3171038026202390009,2,산,239,9,울산광역시 울주군 상북면 덕현리 산239-9,317103173055,울산광역시 울주군 상북면 석남로,26,,3171038026202390009013760,,울산광역시 울주군 상북면 석남로 26,689823,44901,,,,129.025785528465,35.6077204141751
MA0101202310A0010711,오감상회,,G2,소매,G221,기타 상품 소매,G22199,그 외 기타 상품 전문 소매업,G47859,그 외 기타 분류 안된 상품 전문 소매업,11,서울특별시,11650,서초구,11650531,서초4동,1165010800,서초동,1165010800113080007,1,대지,1308,7,서울특별시 서초구 서초동 1308-7,116504163435,서울특별시 서초구 서초대로77길,39,,1165010800113080007019944,MK빌딩,서울특별시 서초구 서초대로77길 39,137856,06612,,11,,127.025061035043,37.5011224866494
MA0101202310A0038895,우성산업,,G2,소매,G221,기타 상품 소매,G22199,그 외 기타 상품 전문 소매업,G47859,그 외 기타 분류 안된 상품 전문 소매업,51,강원특별자치도,51110,춘천시,51110600,후평1동,5111012000,후평동,5111012000107140008,1,대지,714,8,강원특별자치도 춘천시 후평동 714-8,511103218049,강원특별자치도 춘천시 후석로,409,,4211012000107140008030973,,강원특별자치도 춘천시 후석로 409,200959,24251,,1,,127.744927686414,37.8865033189975
MA0101202309A0084177,로브토브,,G2,소매,G221,기타 상품 소매,G22199,그 외 기타 상품 전문 소매업,G47859,그 외 기타 분류 안된 상품 전문 소매업,41,경기도,41450,하남시,41450610,미사1동,4145010900,망월동,4145010900110770003,1,대지,1077,3,경기도 하남시 망월동 1077-3,414503202058,경기도 하남시 미사강변중앙로,217,,4145010900105860001000001,미사호수의아침,경기도 하남시 미사강변중앙로 217,465150,12913,,,,127.188742513396,37.5657652568467
MA0101202309A0085872,영천약령시협동조합,,G2,소매,G221,기타 상품 소매,G22199,그 외 기타 상품 전문 소매업,G47859,그 외 기타 분류 안된 상품 전문 소매업,47,경상북도,47230,영천시,47230540,완산동,4723011300,완산동,4723011300109240029,1,대지,924,29,경상북도 영천시 완산동 924-29,472304730429,경상북도 영천시 약전1길,16,,4723011300109240029010730,,경상북도 영천시 약전1길 16,770905,38893,,,,128.94034395182,35.9606106732944
MA0101202309A0078521,용문사문화원,,G2,소매,G221,기타 상품 소매,G22199,그 외 기타 상품 전문 소매업,G47859,그 외 기타 분류 안된 상품 전문 소매업,48,경상남도,48125,창원시 마산합포구,48125640,합포동,4812511900,상남동,4812511900102270001,1,대지,227,1,경상남도 창원시 마산합포구 상남동 227-1,481253329017,경상남도 창원시 마산합포구 불종거리로,62,,4812511900102270001031561,,경상남도 창원시 마산합포구 불종거리로 62,631858,51725,,2,,128.576265471462,35.2099518737281
MA0101202309A0084252,참사랑어머니회아가용품점,,G2,소매,G221,기타 상품 소매,G22199,그 외 기타 상품 전문 소매업,G47859,그 외 기타 분류 안된 상품 전문 소매업,41,경기도,41115,수원시 팔달구,41115730,인계동,4111514100,인계동,4111514100110420007,1,대지,1042,7,경기도 수원시 팔달구 인계동 1042-7,411154328467,경기도 수원시 팔달구 효원로249번길,46,15,4111514100110420007011581,,경기도 수원시 팔달구 효원로249번길 46-15,442834,16490,,5,,127.030810865912,37.2644401421498
MA0101202310A0035395,럭키준,,G2,소매,G221,기타 상품 소매,G22199,그 외 기타 상품 전문 소매업,G47859,그 외 기타 분류 안된 상품 전문 소매업,26,부산광역시,26110,중구,26110560,부평동,2611012400,부평동2가,2611012400100330002,1,대지,33,2,부산광역시 중구 부평동2가 33-2,261103125001,부산광역시 중구 광복로,8,1,2611012400100330002006761,,부산광역시 중구 광복로 8-1,600807,48980,,1,,129.025986958725,35.099337188792
MA0101202310A0003539,에이제트샵,,G2,소매,G221,기타 상품 소매,G22199,그 외 기타 상품 전문 소매업,G47859,그 외 기타 분류 안된 상품 전문 소매업,29,광주광역시,29110,동구,29110655,서남동,2911011300,광산동,2911011300101000020,1,대지,100,20,광주광역시 동구 광산동 100-20,291104277099,광주광역시 동구 문화전당로35번길,12,,2911011300101000020007204,,광주광역시 동구 문화전당로35번길 12,501180,61487,,2,,126.917784404052,35.1455268211151
MA0101202310A0007409,허브앤러브,,G2,소매,G221,기타 상품 소매,G22199,그 외 기타 상품 전문 소매업,G47859,그 외 기타 분류 안된 상품 전문 소매업,41,경기도,41250,동두천시,41250566,송내동,4125010200,지행동,4125010200106910005,1,대지,691,5,경기도 동두천시 지행동 691-5,412503189031,경기도 동두천시 중앙로,125,,4125010200106910005008882,영스포렉스,경기도 동두천시 중앙로 125,483010,11347,,1,,127.051739300501,37.8927590209711
MA0101202310A0011118,고려약초원,,G2,소매,G221,기타 상품 소매,G22199,그 외 기타 상품 전문 소매업,G47859,그 외 기타 분류 안된 상품 전문 소매업,11,서울특별시,11500,강서구,11500630,방화1동,1150010900,방화동,1150010900105800060,1,대지,580,60,서울특별시 강서구 방화동 580-60,115004145369,서울특별시 강서구 방화동로16길,22,,1150010900105800060005058,고려약초원,서울특별시 강서구 방화동로16길 22,157221,07604,,1,,126.812828709583,37.5711286750267
MA0101202310A0024504,지연아그로,,G2,소매,G221,기타 상품 소매,G22199,그 외 기타 상품 전문 소매업,G47859,그 외 기타 분류 안된 상품 전문 소매업,29,광주광역시,29140,서구,29140751,상무1동,2914011800,쌍촌동,2914011800113560006,1,대지,1356,6,광주광역시 서구 쌍촌동 1356-6,291404280235,광주광역시 서구 상일로24번길,19,,2914011800113560006025698,,광주광역시 서구 상일로24번길 19,502860,61966,,,,126.865265893804,35.1576301409446
MA0101202309A0051086,아담과이브,,G2,소매,G221,기타 상품 소매,G22199,그 외 기타 상품 전문 소매업,G47859,그 외 기타 분류 안된 상품 전문 소매업,30,대전광역시,30170,서구,30170550,용문동,3017010500,용문동,3017010500102630032,1,대지,263,32,대전광역시 서구 용문동 263-32,301703166016,대전광역시 서구 도산로,348,,3017010500102630032009072,,대전광역시 서구 도산로 348,302845,35302,,1,,127.390510245881,36.3359124286129
MA0101202309A0069693,수원종묘농약사,,G2,소매,G221,기타 상품 소매,G22199,그 외 기타 상품 전문 소매업,G47859,그 외 기타 분류 안된 상품 전문 소매업,41,경기도,41115,수원시 팔달구,41115740,행궁동,4111512700,남수동,4111512700101310004,1,대지,131,4,경기도 수원시 팔달구 남수동 131-4,411153175035,경기도 수원시 팔달구 수원천로,307,,4111512700101310004004786,,경기도 수원시 팔달구 수원천로 307,442170,16257,,,,127.017962820195,37.28088678388
MA0101202310A0007534,디니힐링프리미엄,,G2,소매,G221,기타 상품 소매,G22199,그 외 기타 상품 전문 소매업,S96129,체형 등 기타 신체 관리 서비스업,41,경기도,41590,화성시,41590600,동탄6동,4159012900,오산동,4159012900109680005,1,대지,968,5,경기도 화성시 오산동 968-5,415903350550,경기도 화성시 동탄역로,122,,4159012900109680005000001,동탄역그린파킹파크,경기도 화성시 동탄역로 122,445150,18478,,2,,127.096844798471,37.1972495182405
MA0101202310A0013055,가든오브러브,,G2,소매,G221,기타 상품 소매,G22199,그 외 기타 상품 전문 소매업,G47859,그 외 기타 분류 안된 상품 전문 소매업,29,광주광역시,29110,동구,29110545,동명동,2911010800,동명동,2911010800102350006,1,대지,235,6,광주광역시 동구 동명동 235-6,291103009002,광주광역시 동구 동계천로,83,2,2911010800102350006005818,,광주광역시 동구 동계천로 83-2,501815,61429,,2,,126.920389350687,35.1525231217376
MA0101202309A0080636,당진농협경제사업소,,G2,소매,G221,기타 상품 소매,G22199,그 외 기타 상품 전문 소매업,G47859,그 외 기타 분류 안된 상품 전문 소매업,44,충청남도,44270,당진시,44270520,당진2동,4427010700,대덕동,4427010700103720000,1,대지,372,,충청남도 당진시 대덕동 372,442703265120,충청남도 당진시 대덕로,228,,4427010700103720000000001,,충청남도 당진시 대덕로 228,343030,31786,,,,126.649211794659,36.8856388047938
MA010120220814266780,함께소방,,G2,소매,G221,기타 상품 소매,G22199,그 외 기타 상품 전문 소매업,G47859,그 외 기타 분류 안된 상품 전문 소매업,51,강원특별자치도,51130,원주시,51130660,무실동,5113011000,단계동,5113011000108990004,1,대지,899,4,강원특별자치도 원주시 단계동 899-4,511304457505,강원특별자치도 원주시 이화4길,51,,4213011000108990004023771,,강원특별자치도 원주시 이화4길 51,220939,26474,,1,,127.932945320536,37.3416244014066
MA010120220814286959,이앤아이,,G2,소매,G221,기타 상품 소매,G22199,그 외 기타 상품 전문 소매업,G47859,그 외 기타 분류 안된 상품 전문 소매업,46,전라남도,46110,목포시,46110758,신흥동,4611015800,상동,4611015800110020010,1,대지,1002,10,전라남도 목포시 상동 1002-10,461103281056,전라남도 목포시 옥암로,41,,4611015800110020010050143,,전라남도 목포시 옥암로 41,530826,58689,,,,126.429155902407,34.8033202831979
MA010120220814300601,으뜸건철,,G2,소매,G221,기타 상품 소매,G22199,그 외 기타 상품 전문 소매업,G47859,그 외 기타 분류 안된 상품 전문 소매업,28,인천광역시,28140,동구,28140570,송현3동,2814010300,송현동,2814010300101290000,1,대지,129,,인천광역시 동구 송현동 129,281404250066,인천광역시 동구 방축로37번길,30,,2814010300101290000001672,인천산업용품유통단지,인천광역시 동구 방축로37번길 30,401704,22530,,,,126.652754921392,37.4861987386311
MA010120220814283369,허니문,,G2,소매,G221,기타 상품 소매,G22199,그 외 기타 상품 전문 소매업,G47859,그 외 기타 분류 안된 상품 전문 소매업,27,대구광역시,27230,북구,27230770,읍내동,2723011800,읍내동,2723011800103930000,1,대지,393,,대구광역시 북구 읍내동 393,272302145001,대구광역시 북구 칠곡중앙대로,632,,2723011800103930000042151,,대구광역시 북구 칠곡중앙대로 632,702847,41401,,1,,128.553687270941,35.9516607791169
MA010120220814285428,시목화,,G2,소매,G221,기타 상품 소매,G22199,그 외 기타 상품 전문 소매업,G47859,그 외 기타 분류 안된 상품 전문 소매업,48,경상남도,48220,통영시,48220330,도산면,4822033021,도산면,4822033021108700001,1,대지,870,1,경상남도 통영시 도산면 원산리 870-1,482204799345,경상남도 통영시 도산면 원동길,35,,4822033021108700001033427,,경상남도 통영시 도산면 원동길 35,650817,53000,,,,128.360126105672,34.9327331881458
MA010120220814246400,통일비료,,G2,소매,G221,기타 상품 소매,G22199,그 외 기타 상품 전문 소매업,G47859,그 외 기타 분류 안된 상품 전문 소매업,43,충청북도,43730,옥천군,43730250,옥천읍,4373025038,옥천읍,4373025038102200013,1,대지,220,13,충청북도 옥천군 옥천읍 삼양리 220-13,437303242016,충청북도 옥천군 옥천읍 삼양로,60,,4373025038102200013008478,,충청북도 옥천군 옥천읍 삼양로 60,373809,29033,,,,127.56696263558,36.305196583128
MA010120220814199545,바나나팩토리,,G2,소매,G221,기타 상품 소매,G22199,그 외 기타 상품 전문 소매업,G47859,그 외 기타 분류 안된 상품 전문 소매업,41,경기도,41465,용인시 수지구,41465510,풍덕천1동,4146510100,풍덕천동,4146510100109430000,1,대지,943,,경기도 용인시 수지구 풍덕천동 943,414654415169,경기도 용인시 수지구 풍덕천로190번길,23,,4146510100109430000025399,,경기도 용인시 수지구 풍덕천로190번길 23,448854,16833,,1,,127.102355874714,37.3245441350898
MA010120220814215836,송죽인삼사,,G2,소매,G221,기타 상품 소매,G22199,그 외 기타 상품 전문 소매업,G47859,그 외 기타 분류 안된 상품 전문 소매업,44,충청남도,44710,금산군,44710250,금산읍,4471025022,금산읍,4471025022100080001,1,대지,8,1,충청남도 금산군 금산읍 중도리 8-1,447103257044,충청남도 금산군 금산읍 인삼약초로,45,,4471025022100080001020658,국제인삼시장,충청남도 금산군 금산읍 인삼약초로 45,312806,32739,,,,127.498324032177,36.1019590115178
MA010120220814246567,엘로사리움,,G2,소매,G221,기타 상품 소매,G22199,그 외 기타 상품 전문 소매업,G47859,그 외 기타 분류 안된 상품 전문 소매업,11,서울특별시,11710,송파구,11710570,오금동,1171011200,오금동,1171011200100080001,1,대지,8,1,서울특별시 송파구 오금동 8-1,117104169454,서울특별시 송파구 위례성대로22길,14,,1171011200100080001015208,우전빌딩,서울특별시 송파구 위례성대로22길 14,138855,05653,,2,,127.130724834269,37.5091077969496
MA010120220814275155,나영만물,,G2,소매,G221,기타 상품 소매,G22199,그 외 기타 상품 전문 소매업,G47859,그 외 기타 분류 안된 상품 전문 소매업,41,경기도,41450,하남시,41450520,신장1동,4145010600,신장동,4145010600104270281,1,대지,427,281,경기도 하남시 신장동 427-281,414504406163,경기도 하남시 신장1로3번길,64,,4145010600104270281010392,,경기도 하남시 신장1로3번길 64,465820,12957,,1,,127.205803986768,37.5383824896558
MA010120220814285698,리즈무용용품유통센터,,G2,소매,G221,기타 상품 소매,G22199,그 외 기타 상품 전문 소매업,G47859,그 외 기타 분류 안된 상품 전문 소매업,29,광주광역시,29155,남구,29155705,진월동,2915510800,진월동,2915510800102590000,1,대지,259,,광주광역시 남구 진월동 259,291552161001,광주광역시 남구 서문대로,683,,2915510800102590000014850,,광주광역시 남구 서문대로 683,503840,61727,,3,,126.898600691511,35.1202200353027
MA010120220814166625,샤이맨까치산역점,,G2,소매,G221,기타 상품 소매,G22199,그 외 기타 상품 전문 소매업,G47859,그 외 기타 분류 안된 상품 전문 소매업,11,서울특별시,11500,강서구,11500540,화곡1동,1150010300,화곡동,1150010300109290003,1,대지,929,3,서울특별시 강서구 화곡동 929-3,115004145073,서울특별시 강서구 강서로5나길,117,,1150010300109290003029635,점포,서울특별시 강서구 강서로5나길 117,157910,07780,,1,,126.841637754475,37.5281391881996
MA010120220814213283,KMT,코리아,G2,소매,G221,기타 상품 소매,G22199,그 외 기타 상품 전문 소매업,G47859,그 외 기타 분류 안된 상품 전문 소매업,27,대구광역시,27290,달서구,27290568,장기동,2729011000,장기동,2729011000105550012,1,대지,555,12,대구광역시 달서구 장기동 555-12,272903147036,대구광역시 달서구 장기로,247,,2729011000105550012007944,,대구광역시 달서구 장기로 247,704945,42690,,3,,128.533255360346,35.8433983990432
MA010120220814226304,양곡유통,,G2,소매,G221,기타 상품 소매,G22199,그 외 기타 상품 전문 소매업,G47859,그 외 기타 분류 안된 상품 전문 소매업,41,경기도,41570,김포시,41570256,양촌읍,4157025621,양촌읍,4157025621103930002,1,대지,393,2,경기도 김포시 양촌읍 양곡리 393-2,415703209079,경기도 김포시 양촌읍 양곡1로,26,1,4157032021103930002002404,,경기도 김포시 양촌읍 양곡1로 26-1,415845,10059,,,,126.624250596208,37.6529028789491
MA010120220814262248,포스물류,,G2,소매,G221,기타 상품 소매,G22199,그 외 기타 상품 전문 소매업,G47859,그 외 기타 분류 안된 상품 전문 소매업,48,경상남도,48850,하동군,48850360,금남면,4885036028,금남면,4885036028110390001,1,대지,1039,1,경상남도 하동군 금남면 진정리 1039-1,488503344001,경상남도 하동군 금남면 경제산업로,148,,4885036028110390001008002,진나루가든,경상남도 하동군 금남면 경제산업로 148,667923,52350,,,,127.816003750642,34.9827377066531
MA010120220814285873,24시생활편의점,,G2,소매,G221,기타 상품 소매,G22199,그 외 기타 상품 전문 소매업,G47859,그 외 기타 분류 안된 상품 전문 소매업,41,경기도,41273,안산시 단원구,41273532,중앙동,4127310100,고잔동,4127310100105410001,1,대지,541,1,경기도 안산시 단원구 고잔동 541-1,412732190002,경기도 안산시 단원구 중앙대로,921,,4127310100105410004019568,중,경기도 안산시 단원구 중앙대로 921,425713,15361,,1,,126.839001614652,37.3171534814873
MA010120220814301290,성일이엔지,,G2,소매,G221,기타 상품 소매,G22199,그 외 기타 상품 전문 소매업,G47859,그 외 기타 분류 안된 상품 전문 소매업,51,강원특별자치도,51170,동해시,51170530,북삼동,5117010600,효가동,5117010600102890010,1,대지,289,10,강원특별자치도 동해시 효가동 289-10,511704463064,강원특별자치도 동해시 도새뚝길,9,,4217010600102890010000001,,강원특별자치도 동해시 도새뚝길 9,240160,25785,,,,129.112033757481,37.4966198479236
MA010120220814319122,웰빙,코리아,G2,소매,G221,기타 상품 소매,G22199,그 외 기타 상품 전문 소매업,G47859,그 외 기타 분류 안된 상품 전문 소매업,30,대전광역시,30140,중구,30140535,은행선화동,3014010200,선화동,3014010200101410015,1,대지,141,15,대전광역시 중구 선화동 141-15,301404295165,대전광역시 중구 대종로549번길,30,,3014010200101410015016317,선화빌딩,대전광역시 중구 대종로549번길 30,301824,34835,,2,,127.420590559424,36.3309890644157
MA010120220814205330,참한약초,,G2,소매,G221,기타 상품 소매,G22199,그 외 기타 상품 전문 소매업,G47859,그 외 기타 분류 안된 상품 전문 소매업,48,경상남도,48250,김해시,48250565,칠산서부동,4825011100,풍유동,4825011100101020000,1,대지,102,,경상남도 김해시 풍유동 102,482504805934,경상남도 김해시 골든루트로66번길,177,,4825011100101020000047422,,경상남도 김해시 골든루트로66번길 177,621130,50967,,,,128.84722502723,35.2195389357193
MA010120220814205339,더미상회,,G2,소매,G221,기타 상품 소매,G22199,그 외 기타 상품 전문 소매업,G47859,그 외 기타 분류 안된 상품 전문 소매업,41,경기도,41220,평택시,41220320,서탄면,4122032024,서탄면,4122032024106420005,1,대지,642,5,경기도 평택시 서탄면 내천리 642-5,412203210137,경기도 평택시 서탄면 발안로,929,,4122032024106420005030886,,경기도 평택시 서탄면 발안로 929,451852,17700,,,,127.005378965631,37.125925202825
MA010120220814292754,약사사불교용품판매점,,G2,소매,G221,기타 상품 소매,G22199,그 외 기타 상품 전문 소매업,G47859,그 외 기타 분류 안된 상품 전문 소매업,28,인천광역시,28200,남동구,28200550,간석3동,2820010200,간석동,2820010200100120003,1,대지,12,3,인천광역시 남동구 간석동 12-3,282003153078,인천광역시 남동구 풀무로,48,,2820010200100120003020643,,인천광역시 남동구 풀무로 48,405800,21509,,,,126.712588627746,37.4719793839896
MA010120220814321395,지원트,,G2,소매,G221,기타 상품 소매,G22199,그 외 기타 상품 전문 소매업,G47859,그 외 기타 분류 안된 상품 전문 소매업,41,경기도,41610,광주시,41610590,오포2동,4161012000,양벌동,4161012000106030003,1,대지,603,3,경기도 광주시 양벌동 603-3,416104433341,경기도 광주시 양촌길,103,18,4161025027106030003037376,,경기도 광주시 양촌길 103-18,464893,12795,,,,127.246183901767,37.3721498149655
MA010120220814321956,러비즈,,G2,소매,G221,기타 상품 소매,G22199,그 외 기타 상품 전문 소매업,G47859,그 외 기타 분류 안된 상품 전문 소매업,41,경기도,41117,수원시 영통구,41117585,영통3동,4111710500,영통동,4111710500110100004,1,대지,1010,4,경기도 수원시 영통구 영통동 1010-4,411174331172,경기도 수원시 영통구 청명남로34번길,18,,4111710500110100004001175,좌측성우테,경기도 수원시 영통구 청명남로34번길 18,443470,16705,,3,,127.07636645984,37.2520932564614
MA010120220814262734,보아담,,G2,소매,G221,기타 상품 소매,G22199,그 외 기타 상품 전문 소매업,G47859,그 외 기타 분류 안된 상품 전문 소매업,46,전라남도,46110,목포시,46110758,신흥동,4611015800,상동,4611015800108940012,1,대지,894,12,전라남도 목포시 상동 894-12,461104643652,전라남도 목포시 입암로42번길,20,,4611015800108940012028942,,전라남도 목포시 입암로42번길 20,530826,58696,,1,,126.420341794757,34.8010701979094
MA010120220814205724,동경유통,,G2,소매,G221,기타 상품 소매,G22199,그 외 기타 상품 전문 소매업,G47859,그 외 기타 분류 안된 상품 전문 소매업,28,인천광역시,28177,미추홀구,28177540,용현1.4동,2817710200,용현동,2817710200100370021,1,대지,37,21,인천광역시 미추홀구 용현동 37-21,281773151034,인천광역시 미추홀구 한나루로,465,,2817010200100370020131496,,인천광역시 미추홀구 한나루로 465,402819,22210,,,,126.667463098692,37.4483717219536
MA010120220814239592,동부산업,,G2,소매,G221,기타 상품 소매,G22199,그 외 기타 상품 전문 소매업,G47859,그 외 기타 분류 안된 상품 전문 소매업,48,경상남도,48890,합천군,48890360,초계면,4889036024,초계면,4889036024100570001,1,대지,57,1,경상남도 합천군 초계면 대동리 57-1,488903348044,경상남도 합천군 초계면 동부로,1026,,4889036024100570001000001,,경상남도 합천군 초계면 동부로 1026,678822,50246,,,,128.251355424245,35.5636675337899
MA010120220814244525,토탈,,G2,소매,G221,기타 상품 소매,G22199,그 외 기타 상품 전문 소매업,G47859,그 외 기타 분류 안된 상품 전문 소매업,11,서울특별시,11305,강북구,11305635,수유3동,1130510300,수유동,1130510300102230039,1,대지,223,39,서울특별시 강북구 수유동 223-39,113053005047,서울특별시 강북구 노해로,28,,1130510300102230039008553,,서울특별시 강북구 노해로 28,142878,01072,,,,127.023067572283,37.6380201435863
MA010120220814270880,러브스토리,,G2,소매,G221,기타 상품 소매,G22199,그 외 기타 상품 전문 소매업,G47859,그 외 기타 분류 안된 상품 전문 소매업,11,서울특별시,11530,구로구,11530550,구로4동,1153010200,구로동,1153010200103170061,1,대지,317,61,서울특별시 구로구 구로동 317-61,115304148215,서울특별시 구로구 구로동로28가길,2,,1153010200103170061017066,,서울특별시 구로구 구로동로28가길 2,152850,08312,,1,,126.889636359716,37.4919734288447
MA010120220814325471,봉미,,G2,소매,G221,기타 상품 소매,G22199,그 외 기타 상품 전문 소매업,G47859,그 외 기타 분류 안된 상품 전문 소매업,29,광주광역시,29140,서구,29140660,농성2동,2914010600,농성동,2914010600106640040,1,대지,664,40,광주광역시 서구 농성동 664-40,291404280534,광주광역시 서구 화정로271번길,3,1,2914010600106640040016266,,광주광역시 서구 화정로271번길 3-1,502813,61983,,1,,126.885879268576,35.1486467236335
MA010120220814184352,에이치투오,,G2,소매,G221,기타 상품 소매,G22199,그 외 기타 상품 전문 소매업,G47859,그 외 기타 분류 안된 상품 전문 소매업,46,전라남도,46880,장성군,46880340,삼서면,4688034023,삼서면,4688034023107600003,1,대지,760,3,전라남도 장성군 삼서면 유평리 760-3,468804697450,전라남도 장성군 삼서면 드림빌2길,20,3,4688034023101480001000026,,전라남도 장성군 삼서면 드림빌2길 20-3,515883,57253,,,,126.628676779533,35.2501820643416
MA010120220814197516,재오영,,G2,소매,G221,기타 상품 소매,G22199,그 외 기타 상품 전문 소매업,G47859,그 외 기타 분류 안된 상품 전문 소매업,26,부산광역시,26530,사상구,26530645,감전동,2653010500,감전동,2653010500101350011,1,대지,135,11,부산광역시 사상구 감전동 135-11,265304217263,부산광역시 사상구 사상로46번길,65,4,2653010500101350011005397,,부산광역시 사상구 사상로46번길 65-4,617801,46983,,,,128.992987078862,35.1549283446352
MA010120220814226727,법인엔에프그린,,G2,소매,G221,기타 상품 소매,G22199,그 외 기타 상품 전문 소매업,G47859,그 외 기타 분류 안된 상품 전문 소매업,29,광주광역시,29200,광산구,29200640,하남동,2920020200,오선동,2920020200102700101,1,대지,270,101,광주광역시 광산구 오선동 270-101,292003163020,광주광역시 광산구 손재로,436,59,2920020200102700101042709,,광주광역시 광산구 손재로 436-59,506250,62216,,,,126.801800601361,35.2051434798292
MA010120220814234954,한국사,,G2,소매,G221,기타 상품 소매,G22199,그 외 기타 상품 전문 소매업,G47859,그 외 기타 분류 안된 상품 전문 소매업,28,인천광역시,28260,서구,28260515,검암경서동,2826010100,백석동,2826010100102060000,1,대지,206,,인천광역시 서구 백석동 206,282602000013,인천광역시 서구 봉수대로,1186,8,2826010100102060000029724,,인천광역시 서구 봉수대로 1186-8,404140,22687,,,,126.663221115253,37.5826807442164
MA010120220814268177,자유장식,,G2,소매,G221,기타 상품 소매,G22199,그 외 기타 상품 전문 소매업,G47859,그 외 기타 분류 안된 상품 전문 소매업,26,부산광역시,26170,동구,26170660,범일2동,2617010400,범일동,2617010400108300024,1,대지,830,24,부산광역시 동구 범일동 830-24,261703127033,부산광역시 동구 조방로,48,,2617010400108300024020038,자유시장,부산광역시 동구 조방로 48,601703,48739,,,,129.061038763407,35.1409658316461
MA010120220814332982,튼튼식물병원,,G2,소매,G221,기타 상품 소매,G22199,그 외 기타 상품 전문 소매업,G47859,그 외 기타 분류 안된 상품 전문 소매업,48,경상남도,48270,밀양시,48270380,무안면,4827038034,무안면,4827038034106720001,1,대지,672,1,경상남도 밀양시 무안면 성덕리 672-1,482703336071,경상남도 밀양시 무안면 사명로,9,16,4827038034106720001074264,,경상남도 밀양시 무안면 사명로 9-16,627873,50408,,,,128.648864519193,35.4267534258194
MA010120220814164528,오방불교만물,,G2,소매,G221,기타 상품 소매,G22199,그 외 기타 상품 전문 소매업,G47859,그 외 기타 분류 안된 상품 전문 소매업,48,경상남도,48250,김해시,48250590,삼안동,4825011900,삼방동,4825011900101820003,1,대지,182,3,경상남도 김해시 삼방동 182-3,482504805899,경상남도 김해시 활천로267번길,10,,4825011900101820003086873,,경상남도 김해시 활천로267번길 10,621909,50818,,,,128.908730692766,35.2437815194797
MA010120220814200963,백옥통상,,G2,소매,G221,기타 상품 소매,G22199,그 외 기타 상품 전문 소매업,G47859,그 외 기타 분류 안된 상품 전문 소매업,47,경상북도,47150,김천시,47150595,대곡동,4715011300,백옥동,4715011300101710005,1,대지,171,5,경상북도 김천시 백옥동 171-5,471502306002,경상북도 김천시 영남대로,1338,,4715011300101710005001330,,경상북도 김천시 영남대로 1338,740120,39639,,,,128.082624650797,36.1249499531366
MA010120220814211466,세움종합상사,,G2,소매,G221,기타 상품 소매,G22199,그 외 기타 상품 전문 소매업,G47859,그 외 기타 분류 안된 상품 전문 소매업,52,전북특별자치도,52140,익산시,52140652,어양동,5214012300,어양동,5214012300100300000,1,대지,30,,전북특별자치도 익산시 어양동 30,521403269023,전북특별자치도 익산시 선화로,575,7,4514012300100300000061481,,전북특별자치도 익산시 선화로 575-7,570210,54567,,,,126.99129907273,35.9502635285444
MA010120220814304217,올세이프티,,G2,소매,G221,기타 상품 소매,G22199,그 외 기타 상품 전문 소매업,G47859,그 외 기타 분류 안된 상품 전문 소매업,41,경기도,41590,화성시,41590590,동탄5동,4159013100,영천동,4159013100108460002,1,대지,846,2,경기도 화성시 영천동 846-2,415902348100,경기도 화성시 동탄대로,683,,4159013100100990006000002,에스에이치스퀘어투,경기도 화성시 동탄대로 683,445130,18468,,4,,127.100607069449,37.2143843667396
MA010120220814173158,쏠비쥬,,G2,소매,G221,기타 상품 소매,G22199,그 외 기타 상품 전문 소매업,G47859,그 외 기타 분류 안된 상품 전문 소매업,51,강원특별자치도,51760,평창군,51760250,평창읍,5176025036,평창읍,5176025036103890000,1,대지,389,,강원특별자치도 평창군 평창읍 마지리 389,517604484124,강원특별자치도 평창군 평창읍 마지1길,77,16,4276025036103890000000001,,강원특별자치도 평창군 평창읍 마지1길 77-16,232804,25378,,,,128.370404611544,37.3169045252925
MA010120220814222060,영천밧데리할인점,,G2,소매,G221,기타 상품 소매,G22199,그 외 기타 상품 전문 소매업,G47859,그 외 기타 분류 안된 상품 전문 소매업,47,경상북도,47230,영천시,47230540,완산동,4723011300,완산동,4723011300104990020,1,대지,499,20,경상북도 영천시 완산동 499-20,472303310019,경상북도 영천시 영화로,240,,4723011300104990020000001,,경상북도 영천시 영화로 240,770905,38895,,1,,128.948981306437,35.9639037619407
MA010120220814230061,라인앤라운드,,G2,소매,G221,기타 상품 소매,G22199,그 외 기타 상품 전문 소매업,G47859,그 외 기타 분류 안된 상품 전문 소매업,11,서울특별시,11200,성동구,11200660,성수1가2동,1120011400,성수동1가,1120011400106680099,1,대지,668,99,서울특별시 성동구 성수동1가 668-99,112004109320,서울특별시 성동구 서울숲6길,12,,1120011400106680099027756,,서울특별시 성동구 서울숲6길 12,133824,04768,,2,,127.042922132904,37.5475640177352
MA010120220814230195,군불노유통,,G2,소매,G221,기타 상품 소매,G22199,그 외 기타 상품 전문 소매업,G47859,그 외 기타 분류 안된 상품 전문 소매업,48,경상남도,48121,창원시 의창구,48121530,명곡동,4812112400,명서동,4812112400102090004,1,대지,209,4,경상남도 창원시 의창구 명서동 209-4,481213327040,경상남도 창원시 의창구 우곡로,211,,4812112400102090004021275,파트너빌딩,경상남도 창원시 의창구 우곡로 211,641815,51388,,,,128.64777849306,35.239523987967
MA010120220814240223,고은인삼,,G2,소매,G221,기타 상품 소매,G22199,그 외 기타 상품 전문 소매업,G47859,그 외 기타 분류 안된 상품 전문 소매업,11,서울특별시,11230,동대문구,11230545,제기동,1123010300,제기동,1123010300110190000,1,대지,1019,,서울특별시 동대문구 제기동 1019,112304115033,서울특별시 동대문구 고산자로36길,3,,1123010300110190000034389,경동시장,서울특별시 동대문구 고산자로36길 3,130865,02571,,2,,127.039147690267,37.5790371332837
MA010120220814293597,원불교출판사,,G2,소매,G221,기타 상품 소매,G22199,그 외 기타 상품 전문 소매업,G47859,그 외 기타 분류 안된 상품 전문 소매업,52,전북특별자치도,52140,익산시,52140656,신동,5214012000,신용동,5214012000103440002,1,대지,344,2,전북특별자치도 익산시 신용동 344-2,521402269001,전북특별자치도 익산시 익산대로,501,,4514012000103260013070410,,전북특별자치도 익산시 익산대로 501,570749,54536,,,,126.951603650427,35.9744613758208
MA010120220814293602,에이스상사,,G2,소매,G221,기타 상품 소매,G22199,그 외 기타 상품 전문 소매업,G47859,그 외 기타 분류 안된 상품 전문 소매업,41,경기도,41273,안산시 단원구,41273532,중앙동,4127310100,고잔동,4127310100105270009,1,대지,527,9,경기도 안산시 단원구 고잔동 527-9,412733190009,경기도 안산시 단원구 고잔로,55,,4127310100105270009018780,실,경기도 안산시 단원구 고잔로 55,425727,15352,,,,126.832351589401,37.3195049531223
MA010120220814296214,닥터레인전북지점,,G2,소매,G221,기타 상품 소매,G22199,그 외 기타 상품 전문 소매업,G47859,그 외 기타 분류 안된 상품 전문 소매업,52,전북특별자치도,52111,전주시 완산구,52111635,완산동,5211112200,동완산동,5211112200103540001,1,대지,354,1,전북특별자치도 전주시 완산구 동완산동 354-1,521114598034,전북특별자치도 전주시 완산구 곤지산3길,21,1,4511112200103540001013839,,전북특별자치도 전주시 완산구 곤지산3길 21-1,560140,55098,,2,,127.146666970461,35.8081190459957
MA010120220814303110,우주상회,,G2,소매,G221,기타 상품 소매,G22199,그 외 기타 상품 전문 소매업,G47859,그 외 기타 분류 안된 상품 전문 소매업,29,광주광역시,29140,서구,29140740,유덕동,2914011600,유촌동,2914011600101640001,1,대지,164,1,광주광역시 서구 유촌동 164-1,291403160040,광주광역시 서구 유덕로,10,,2914011600101640001004446,,광주광역시 서구 유덕로 10,502861,61901,,,,126.853070307257,35.1647997918819
MA010120220814258089,삼호농약사,,G2,소매,G221,기타 상품 소매,G22199,그 외 기타 상품 전문 소매업,G47859,그 외 기타 분류 안된 상품 전문 소매업,46,전라남도,46110,목포시,46110756,상동,4611016000,석현동,4611016000105030001,1,대지,503,1,전라남도 목포시 석현동 503-1,461103281095,전라남도 목포시 영산로,683,,4611016000105030001014584,,전라남도 목포시 영산로 683,530828,58607,,,,126.42176379495,34.8259013826556
MA010120220814293943,다사가,,G2,소매,G221,기타 상품 소매,G22199,그 외 기타 상품 전문 소매업,G47859,그 외 기타 분류 안된 상품 전문 소매업,47,경상북도,47130,경주시,47130253,안강읍,4713025333,안강읍,4713025333103510014,1,대지,351,14,경상북도 경주시 안강읍 안강리 351-14,471304715566,경상북도 경주시 안강읍 비화동길,18,1,4713025333103510014066266,,경상북도 경주시 안강읍 비화동길 18-1,780807,38021,,1,,129.224943886334,35.9904764089051
MA010120220814305625,강일화약,,G2,소매,G221,기타 상품 소매,G22199,그 외 기타 상품 전문 소매업,G47859,그 외 기타 분류 안된 상품 전문 소매업,51,강원특별자치도,51150,강릉시,51150340,강동면,5115034028,강동면,5115034028201020000,2,산,102,,강원특별자치도 강릉시 강동면 정동진리 산102,511503220032,강원특별자치도 강릉시 강동면 율곡로,1289,79,4215034028201020000000001,,강원특별자치도 강릉시 강동면 율곡로 1289-79,210824,25631,,,,129.018557372445,37.6933332203942
MA010120220814325294,핸드메이드공방,,G2,소매,G221,기타 상품 소매,G22199,그 외 기타 상품 전문 소매업,G47859,그 외 기타 분류 안된 상품 전문 소매업,41,경기도,41500,이천시,41500340,마장면,4150034023,마장면,4150034023109030004,1,대지,903,4,경기도 이천시 마장면 관리 903-4,415004421280,경기도 이천시 마장면 마도로248번길,117,20,4150034023109030004014325,,경기도 이천시 마장면 마도로248번길 117-20,467811,17382,,,,127.348243953271,37.2819437055623
MA010120220814227447,대건방재,,G2,소매,G221,기타 상품 소매,G22199,그 외 기타 상품 전문 소매업,G47859,그 외 기타 분류 안된 상품 전문 소매업,41,경기도,41192,부천시 원미구,41192630,중1동,4119210800,중동,4119210800111590005,1,대지,1159,5,경기도 부천시 원미구 중동 1159-5,411924352259,경기도 부천시 원미구 석천로170번길,19,,4119510800111590005021913,부광프라자,경기도 부천시 원미구 석천로170번길 19,420852,14547,,,,126.763951157953,37.5026552773519
MA010120220814230443,케이스뱅크,동두천점,G2,소매,G221,기타 상품 소매,G22199,그 외 기타 상품 전문 소매업,G47859,그 외 기타 분류 안된 상품 전문 소매업,41,경기도,41250,동두천시,41250566,송내동,4125010200,지행동,4125010200107210001,1,대지,721,1,경기도 동두천시 지행동 721-1,412503189026,경기도 동두천시 지행로,64,,4125010200107210001008898,씨티타워,경기도 동두천시 지행로 64,483010,11350,,1,,127.054160340631,37.8920642036144
MA010120220814250632,주연아그로,,G2,소매,G221,기타 상품 소매,G22199,그 외 기타 상품 전문 소매업,G47859,그 외 기타 분류 안된 상품 전문 소매업,47,경상북도,47920,봉화군,47920250,봉화읍,4792025031,봉화읍,4792025031102320010,1,대지,232,10,경상북도 봉화군 봉화읍 내성리 232-10,479204772076,경상북도 봉화군 봉화읍 내성천1길,78,,4792025031102320010029149,,경상북도 봉화군 봉화읍 내성천1길 78,755805,36238,,3,,128.739129744498,36.8901336020525
MA010120220814333166,포이티,,G2,소매,G221,기타 상품 소매,G22199,그 외 기타 상품 전문 소매업,G47422,의복 액세서리 및 모조 장신구 소매업,11,서울특별시,11410,서대문구,11410585,신촌동,1141011600,창천동,1141011600105030008,1,대지,503,8,서울특별시 서대문구 창천동 503-8,114103005057,서울특별시 서대문구 신촌로,25,,1141011600105030008022365,,서울특별시 서대문구 신촌로 25,120836,03785,,3,,126.92962641567,37.5579934136618
MA010120220814167949,에스제이산업안전,,G2,소매,G221,기타 상품 소매,G22199,그 외 기타 상품 전문 소매업,G47859,그 외 기타 분류 안된 상품 전문 소매업,41,경기도,41450,하남시,41450510,천현동,4145010500,상산곡동,4145010500104810001,1,대지,481,1,경기도 하남시 상산곡동 481-1,414504406249,경기도 하남시 하남대로145번길,32,1,4145010500104810001001073,,경기도 하남시 하남대로145번길 32-1,465816,13028,,,,127.235370728599,37.4883847140541
MA010120220814167966,번개에너지,,G2,소매,G221,기타 상품 소매,G22199,그 외 기타 상품 전문 소매업,G47859,그 외 기타 분류 안된 상품 전문 소매업,52,전북특별자치도,52800,부안군,52800330,행안면,5280033025,행안면,5280033025101830010,1,대지,183,10,전북특별자치도 부안군 행안면 신기리 183-10,528003280035,전북특별자치도 부안군 행안면 변산로,39,4,4580033025101830010000001,,전북특별자치도 부안군 행안면 변산로 39-4,579832,56319,,,,126.716660599963,35.729239244076
MA010120220814193379,안전제일종합상사,,G2,소매,G221,기타 상품 소매,G22199,그 외 기타 상품 전문 소매업,G47859,그 외 기타 분류 안된 상품 전문 소매업,44,충청남도,44790,청양군,44790250,청양읍,4479025024,청양읍,4479025024107100000,1,대지,710,,충청남도 청양군 청양읍 벽천리 710,447904583327,충청남도 청양군 청양읍 학사길,35,4,4479025024107100000000001,,충청남도 청양군 청양읍 학사길 35-4,345803,33303,,,,126.799233237127,36.4391065673288
MA010120220814193411,유진커머스,,G2,소매,G221,기타 상품 소매,G22199,그 외 기타 상품 전문 소매업,G47859,그 외 기타 분류 안된 상품 전문 소매업,41,경기도,41210,광명시,41210610,철산3동,4121010200,철산동,4121010200104340000,1,대지,434,,경기도 광명시 철산동 434,412104361284,경기도 광명시 철산로30번길,24,,4121010200104340000000374,서울종합빌딩,경기도 광명시 철산로30번길 24,423837,14240,,B1,,126.869629461126,37.474464478163
MA010120220814195973,모앤모헤어,,G2,소매,G221,기타 상품 소매,G22199,그 외 기타 상품 전문 소매업,G47422,의복 액세서리 및 모조 장신구 소매업,46,전라남도,46150,순천시,46150550,삼산동,4615010900,가곡동,4615010900110330001,1,대지,1033,1,전라남도 순천시 가곡동 1033-1,461504649051,전라남도 순천시 고지1길,68,,4615010900107420001000001,,전라남도 순천시 고지1길 68,540080,57924,,1,,127.481890916515,34.9852716185162
MA010120220814222449,우드비앙,,G2,소매,G221,기타 상품 소매,G22199,그 외 기타 상품 전문 소매업,G47859,그 외 기타 분류 안된 상품 전문 소매업,50,제주특별자치도,50130,서귀포시,50130250,대정읍,5013025021,대정읍,5013025021137680000,1,대지,3768,,제주특별자치도 서귀포시 대정읍 상모리 3768,501304850343,제주특별자치도 서귀포시 대정읍 상모대서로20번길,31,12,5013025021137680000000001,,제주특별자치도 서귀포시 대정읍 상모대서로20번길 31-12,699934,63510,,,,126.259983549521,33.2257927561861
MA010120220814168005,늘푸른농자재마트,,G2,소매,G221,기타 상품 소매,G22199,그 외 기타 상품 전문 소매업,G47859,그 외 기타 분류 안된 상품 전문 소매업,51,강원특별자치도,51760,평창군,51760360,진부면,5176036028,진부면,5176036028105750003,1,대지,575,3,강원특별자치도 평창군 진부면 간평리 575-3,517603000145,강원특별자치도 평창군 진부면 경강로,4058,,4276036028105750000014655,,강원특별자치도 평창군 진부면 경강로 4058,232941,25322,,,,128.588584138706,37.6650923577564
MA010120220814258796,에코누리,,G2,소매,G221,기타 상품 소매,G22199,그 외 기타 상품 전문 소매업,G47859,그 외 기타 분류 안된 상품 전문 소매업,30,대전광역시,30200,유성구,30200530,온천1동,3020011100,봉명동,3020011100105350005,1,대지,535,5,대전광역시 유성구 봉명동 535-5,302003167083,대전광역시 유성구 대학로,31,,3020011100105350005013434,유성한진리조트오피스텔,대전광역시 유성구 대학로 31,305301,34168,,6,,127.341904030489,36.3565991806009
MA010120220814264197,썬차일드더채움,,G2,소매,G221,기타 상품 소매,G22199,그 외 기타 상품 전문 소매업,G47859,그 외 기타 분류 안된 상품 전문 소매업,41,경기도,41570,김포시,41570515,김포본동,4157010200,걸포동,4157010200100010024,1,대지,1,24,경기도 김포시 걸포동 1-24,415703209136,경기도 김포시 금포로,1117,20,4157010200100010024022805,제,경기도 김포시 금포로 1117-20,415020,10092,,2,,126.706630627016,37.6452889754154
MA010120220814273932,에스엘상사,,G2,소매,G221,기타 상품 소매,G22199,그 외 기타 상품 전문 소매업,G47859,그 외 기타 분류 안된 상품 전문 소매업,11,서울특별시,11380,은평구,11380625,역촌동,1138010800,역촌동,1138010800100830062,1,대지,83,62,서울특별시 은평구 역촌동 83-62,113804133209,서울특별시 은평구 은평로3길,20,1,1138010800100830062016493,,서울특별시 은평구 은평로3길 20-1,122903,03421,,1,,126.915238365126,37.6007901732041
MA010120220814185633,명성안전자재,,G2,소매,G221,기타 상품 소매,G22199,그 외 기타 상품 전문 소매업,G47859,그 외 기타 분류 안된 상품 전문 소매업,26,부산광역시,26350,해운대구,26350610,반송1동,2635010200,석대동,2635010200104930001,1,대지,493,1,부산광역시 해운대구 석대동 493-1,263503130026,부산광역시 해운대구 반송로,569,,2635010200104930001009157,,부산광역시 해운대구 반송로 569,612081,48002,,,,129.124873099988,35.2192178370418
MA0101202209A0026030,지민상회,,G2,소매,G221,기타 상품 소매,G22199,그 외 기타 상품 전문 소매업,G47859,그 외 기타 분류 안된 상품 전문 소매업,44,충청남도,44270,당진시,44270520,당진2동,4427010700,대덕동,4427010700118050000,1,대지,1805,,충청남도 당진시 대덕동 1805,442703265145,충청남도 당진시 대덕1로,45,,4427010700118050000000001,,충청남도 당진시 대덕1로 45,343030,31778,,4,,126.636330172183,36.8840682197181
MA0101202209A0028012,미광종합상사,,G2,소매,G221,기타 상품 소매,G22199,그 외 기타 상품 전문 소매업,G47859,그 외 기타 분류 안된 상품 전문 소매업,28,인천광역시,28720,옹진군,28720330,백령면,2872033021,백령면,2872033021107030010,1,대지,703,10,인천광역시 옹진군 백령면 진촌리 703-10,287204274067,인천광역시 옹진군 백령면 백령로280번길,18,,2872033021107030010004471,미광체육사,인천광역시 옹진군 백령면 백령로280번길 18,409913,23101,,,,124.717193714487,37.9722654282957
MA0101202209A0033911,유앤아이팩토리,,G2,소매,G221,기타 상품 소매,G22199,그 외 기타 상품 전문 소매업,G47859,그 외 기타 분류 안된 상품 전문 소매업,41,경기도,41610,광주시,41610330,도척면,4161033028,도척면,4161033028100110026,1,대지,11,26,경기도 광주시 도척면 진우리 11-26,416104433116,경기도 광주시 도척면 다람로57번길,94,2,4161033028100110026000001,,경기도 광주시 도척면 다람로57번길 94-2,464883,12814,,,,127.334153321471,37.3365147261982
MA0101202209A0046598,진성커머스,,G2,소매,G221,기타 상품 소매,G22199,그 외 기타 상품 전문 소매업,G47859,그 외 기타 분류 안된 상품 전문 소매업,41,경기도,41192,부천시 원미구,41192520,심곡2동,4119210200,심곡동,4119210200103920005,1,대지,392,5,경기도 부천시 원미구 심곡동 392-5,411924352078,경기도 부천시 원미구 부일로446번길,18,,4119510200103920005028564,일부,경기도 부천시 원미구 부일로446번길 18,420827,14636,,1,,126.779755280709,37.4855576899313
MA010120220814345469,충주농협영농자재,백화점,G2,소매,G221,기타 상품 소매,G22199,그 외 기타 상품 전문 소매업,G47859,그 외 기타 분류 안된 상품 전문 소매업,43,충청북도,43130,충주시,43130605,달천동,4313011400,달천동,4313011400100480002,1,대지,48,2,충청북도 충주시 달천동 48-2,431302246001,충청북도 충주시 중원대로,3534,,4313011400100480002013917,,충청북도 충주시 중원대로 3534,380190,27431,,,,127.911643480895,36.9688101081274
MA010120220814371919,태양유통,,G2,소매,G221,기타 상품 소매,G22199,그 외 기타 상품 전문 소매업,G47859,그 외 기타 분류 안된 상품 전문 소매업,46,전라남도,46150,순천시,46150320,서면,4615032028,서면,4615032028108200000,1,대지,820,,전라남도 순천시 서면 선평리 820,461503283007,전라남도 순천시 서면 백강로,711,,4615032028108200000007673,,전라남도 순천시 서면 백강로 711,540813,57926,,,,127.505399419348,34.9896558644366
MA0101202209A0056681,수억농약종묘사,,G2,소매,G221,기타 상품 소매,G22199,그 외 기타 상품 전문 소매업,G47859,그 외 기타 분류 안된 상품 전문 소매업,48,경상남도,48240,사천시,48240510,동서동,4824010100,동동,4824010100103220015,1,대지,322,15,경상남도 사천시 동동 322-15,482404802179,경상남도 사천시 동동3길,30,,4824010100103220015023729,,경상남도 사천시 동동3길 30,664020,52556,,,,128.07025319909,34.9330009574121
MA0101202209A0057997,대연,,G2,소매,G221,기타 상품 소매,G22199,그 외 기타 상품 전문 소매업,G47859,그 외 기타 분류 안된 상품 전문 소매업,41,경기도,41220,평택시,41220660,고덕동,4122012800,고덕동,4122012800120450002,1,대지,2045,2,경기도 평택시 고덕동 2045-2,412203352098,경기도 평택시 고덕중앙로,322,,4122033029143880002000001,TOWER지식산업센터,경기도 평택시 고덕중앙로 322,,18014,,,,127.055934996121,37.0439598720682
MA010120220814388279,무령불교사,,G2,소매,G221,기타 상품 소매,G22199,그 외 기타 상품 전문 소매업,G47859,그 외 기타 분류 안된 상품 전문 소매업,41,경기도,41281,고양시 덕양구,41281600,관산동,4128111900,내유동,4128111900100690002,1,대지,69,2,경기도 고양시 덕양구 내유동 69-2,412814376037,경기도 고양시 덕양구 내유길117번길,27,17,4128111900100700003000001,,경기도 고양시 덕양구 내유길117번길 27-17,412802,10264,,,,126.860052996077,37.7229016083422
MA0101202209A0015086,허브애,,G2,소매,G221,기타 상품 소매,G22199,그 외 기타 상품 전문 소매업,G47859,그 외 기타 분류 안된 상품 전문 소매업,47,경상북도,47230,영천시,47230555,남부동,4723011100,도동,4723011100102670001,1,대지,267,1,경상북도 영천시 도동 267-1,472303310029,경상북도 영천시 한방로,14,,4723011100102670001000001,,경상북도 영천시 한방로 14,770230,38896,,1,,128.930645492632,35.9428356375897
MA0101202209A0026236,먹산삼,,G2,소매,G221,기타 상품 소매,G22199,그 외 기타 상품 전문 소매업,G47859,그 외 기타 분류 안된 상품 전문 소매업,52,전북특별자치도,52190,남원시,52190310,주천면,5219031031,주천면,5219031031105460000,1,대지,546,,전북특별자치도 남원시 주천면 덕치리 546,521904613058,전북특별자치도 남원시 주천면 구룡폭포길,194,,4519031031105460000000001,,전북특별자치도 남원시 주천면 구룡폭포길 194,590835,55720,,,,127.489626835882,35.3921975733081
MA0101202209A0044831,은성테크,,G2,소매,G221,기타 상품 소매,G22199,그 외 기타 상품 전문 소매업,G47859,그 외 기타 분류 안된 상품 전문 소매업,30,대전광역시,30170,서구,30170586,월평1동,3017011300,월평동,3017011300112200000,1,대지,1220,,대전광역시 서구 월평동 1220,301704298530,대전광역시 서구 월평새뜸로4번길,105,,3017011300112200000021195,,대전광역시 서구 월평새뜸로4번길 105,302852,35226,,2,,127.357224675878,36.3544726460814
MA010120220814350952,대호유통,,G2,소매,G221,기타 상품 소매,G22199,그 외 기타 상품 전문 소매업,G47859,그 외 기타 분류 안된 상품 전문 소매업,41,경기도,41250,동두천시,41250520,생연2동,4125010300,생연동,4125010300106680009,1,대지,668,9,경기도 동두천시 생연동 668-9,412503189031,경기도 동두천시 중앙로,241,,4125010300106680009000995,,경기도 동두천시 중앙로 241,483032,11330,,,,127.053179200146,37.9030922192839
MA0101202209A0019604,아쿠아플랜트디자인,,G2,소매,G221,기타 상품 소매,G22199,그 외 기타 상품 전문 소매업,G47859,그 외 기타 분류 안된 상품 전문 소매업,47,경상북도,47111,포항시 남구,47111256,오천읍,4711125622,오천읍,4711125622102560003,1,대지,256,3,경상북도 포항시 남구 오천읍 문덕리 256-3,471114709579,경상북도 포항시 남구 오천읍 철강로731번길,13,5,4711125622102560003053657,,경상북도 포항시 남구 오천읍 철강로731번길 13-5,790902,37886,,,,129.406415574463,35.9632127387056
MA0101202209A0015387,장복건설,,G2,소매,G221,기타 상품 소매,G22199,그 외 기타 상품 전문 소매업,G47859,그 외 기타 분류 안된 상품 전문 소매업,46,전라남도,46130,여수시,46130800,여천동,4613013700,화장동,4613013700107340001,1,대지,734,1,전라남도 여수시 화장동 734-1,461304646986,전라남도 여수시 화산2길,15,,4613013700107340001000001,,전라남도 여수시 화산2길 15,555090,59641,,2,,127.647411503291,34.773290169617
MA0101202209A0060413,바른유통,,G2,소매,G221,기타 상품 소매,G22199,그 외 기타 상품 전문 소매업,G47859,그 외 기타 분류 안된 상품 전문 소매업,47,경상북도,47190,구미시,47190670,인동동,4719012100,황상동,4719012100103050026,1,대지,305,26,경상북도 구미시 황상동 305-26,471903308087,경상북도 구미시 인동가산로,9,3,4719012100103050026002449,,경상북도 구미시 인동가산로 9-3,730932,39431,,,,128.418493638509,36.1080163303084
MA010120220814367053,여여공예불교사,,G2,소매,G221,기타 상품 소매,G22199,그 외 기타 상품 전문 소매업,G47859,그 외 기타 분류 안된 상품 전문 소매업,50,제주특별자치도,50110,제주시,50110560,삼도2동,5011010600,삼도이동,5011010600108360000,1,대지,836,,제주특별자치도 제주시 삼도이동 836,501103349092,제주특별자치도 제주시 서사로,5,,5011010600108360000029314,,제주특별자치도 제주시 서사로 5,690809,63168,,,,126.519783137651,33.5120389734191
MA010120220814369622,동서불교전시관,,G2,소매,G221,기타 상품 소매,G22199,그 외 기타 상품 전문 소매업,G47859,그 외 기타 분류 안된 상품 전문 소매업,27,대구광역시,27110,중구,27110650,남산2동,2711015600,남산동,2711015600106130007,1,대지,613,7,대구광역시 중구 남산동 613-7,271103141007,대구광역시 중구 명륜로,55,,2711015600106130007021933,,대구광역시 중구 명륜로 55,700442,41966,,,,128.590793886534,35.862088038921
MA010120220814388701,에이스,,G2,소매,G221,기타 상품 소매,G22199,그 외 기타 상품 전문 소매업,G47859,그 외 기타 분류 안된 상품 전문 소매업,48,경상남도,48170,진주시,48170750,충무공동,4817013700,충무공동,4817013700103220006,1,대지,322,6,경상남도 진주시 충무공동 322-6,481703350087,경상남도 진주시 사들로,26,,4817013700103220006000001,,경상남도 진주시 사들로 26,660031,52854,,1,,128.146921914481,35.1705996909112
MA010120220814396384,다원왕겨,,G2,소매,G221,기타 상품 소매,G22199,그 외 기타 상품 전문 소매업,G47859,그 외 기타 분류 안된 상품 전문 소매업,52,전북특별자치도,52770,순창군,52770330,풍산면,5277033029,풍산면,5277033029105420005,1,대지,542,5,전북특별자치도 순창군 풍산면 두승리 542-5,527704634055,전북특별자치도 순창군 풍산면 대가2길,6,,4577033029105420005000001,,전북특별자치도 순창군 풍산면 대가2길 6,595842,56056,,,,127.174815919618,35.3519537910078
MA0101202209A0038956,우드랩,,G2,소매,G221,기타 상품 소매,G22199,그 외 기타 상품 전문 소매업,G47859,그 외 기타 분류 안된 상품 전문 소매업,44,충청남도,44133,천안시 서북구,44133250,성환읍,4413325024,성환읍,4413325024105350005,1,대지,535,5,충청남도 천안시 서북구 성환읍 율금리 535-5,441334550580,충청남도 천안시 서북구 성환읍 율금9길,90,,4413325024105350005018286,,충청남도 천안시 서북구 성환읍 율금9길 90,331807,31009,,1,,127.110898191143,36.9088935651
MA0101202209A0081555,에이스방재,,G2,소매,G221,기타 상품 소매,G22199,그 외 기타 상품 전문 소매업,G47859,그 외 기타 분류 안된 상품 전문 소매업,41,경기도,41150,의정부시,41150520,의정부2동,4115010100,의정부동,4115010100104870000,1,대지,487,,경기도 의정부시 의정부동 487,411504343215,경기도 의정부시 시민로19번길,10,,4115010100104870000012957,,경기도 의정부시 시민로19번길 10,480848,11673,,,,127.036951258547,37.7387458685107
MA010120220814358973,거시기생활용품,,G2,소매,G221,기타 상품 소매,G22199,그 외 기타 상품 전문 소매업,G47859,그 외 기타 분류 안된 상품 전문 소매업,52,전북특별자치도,52190,남원시,52190520,죽항동,5219010200,하정동,5219010200102180020,1,대지,218,20,전북특별자치도 남원시 하정동 218-20,521904613201,전북특별자치도 남원시 동헌길,11,2,4519010200102180020000001,,전북특별자치도 남원시 동헌길 11-2,590987,55763,,,,127.377186953344,35.4080044689108
MA010120220814388791,핑크하우스성인용품점김량장점,,G2,소매,G221,기타 상품 소매,G22199,그 외 기타 상품 전문 소매업,G47859,그 외 기타 분류 안된 상품 전문 소매업,41,경기도,41461,용인시 처인구,41461510,중앙동,4146110100,김량장동,4146110100101110008,1,대지,111,8,경기도 용인시 처인구 김량장동 111-8,414612012009,경기도 용인시 처인구 백옥대로,1113,,4146110100101110008011572,일부,경기도 용인시 처인구 백옥대로 1113,449924,17051,,1,,127.208649968476,37.2349223439622
MA010120220814394106,대성산업,,G2,소매,G221,기타 상품 소매,G22199,그 외 기타 상품 전문 소매업,G47859,그 외 기타 분류 안된 상품 전문 소매업,46,전라남도,46150,순천시,46150320,서면,4615032021,서면,4615032021105380020,1,대지,538,20,전라남도 순천시 서면 학구리 538-20,461504649622,전라남도 순천시 서면 신촌길,6,,4615032021105380020078636,,전라남도 순천시 서면 신촌길 6,540811,57905,,,,127.444185878643,35.0345582484442
MA0101202209A0015478,더프라임,,G2,소매,G221,기타 상품 소매,G22199,그 외 기타 상품 전문 소매업,G47859,그 외 기타 분류 안된 상품 전문 소매업,28,인천광역시,28200,남동구,28200521,구월3동,2820010100,구월동,2820010100111260001,1,대지,1126,1,인천광역시 남동구 구월동 1126-1,282002008004,인천광역시 남동구 인주대로,582,,2820010100111260001002492,연세프라임치과내신현프라자,인천광역시 남동구 인주대로 582,405223,21570,,4,,126.701598257602,37.4497783115831
MA0101202209A0000194,백석농협경제사업소,,G2,소매,G221,기타 상품 소매,G22199,그 외 기타 상품 전문 소매업,G47859,그 외 기타 분류 안된 상품 전문 소매업,41,경기도,41630,양주시,41630250,백석읍,4163025022,백석읍,4163025022106000013,1,대지,600,13,경기도 양주시 백석읍 오산리 600-13,416303212036,경기도 양주시 백석읍 중앙로,320,30,4163025022106000013000001,,경기도 양주시 백석읍 중앙로 320-30,482835,11504,,,,126.979345981143,37.8003668362263
MA0101202209A0017831,하늘.별.꽃,,G2,소매,G221,기타 상품 소매,G22199,그 외 기타 상품 전문 소매업,G47859,그 외 기타 분류 안된 상품 전문 소매업,48,경상남도,48129,창원시 진해구,48129570,병암동,4812913900,경화동,4812913900109770037,1,대지,977,37,경상남도 창원시 진해구 경화동 977-37,481294793025,경상남도 창원시 진해구 경화로8번길,33,,4812913900109770037013073,,경상남도 창원시 진해구 경화로8번길 33,645800,51670,,,,128.68998637389,35.1543982597477
MA0101202209A0037045,그린라이트,,G2,소매,G221,기타 상품 소매,G22199,그 외 기타 상품 전문 소매업,G47859,그 외 기타 분류 안된 상품 전문 소매업,51,강원특별자치도,51130,원주시,51130550,단구동,5113010700,단구동,5113010700101310047,1,대지,131,47,강원특별자치도 원주시 단구동 131-47,511303219054,강원특별자치도 원주시 치악로,1584,,4213010700101310047005626,우측상가,강원특별자치도 원주시 치악로 1584,220940,26451,,1,,127.961637294591,37.3244018258313
MA0101202209A0054149,싼종합안전용품,,G2,소매,G221,기타 상품 소매,G22199,그 외 기타 상품 전문 소매업,G47859,그 외 기타 분류 안된 상품 전문 소매업,52,전북특별자치도,52140,익산시,52140647,영등2동,5214012200,영등동,5214012200104310000,1,대지,431,,전북특별자치도 익산시 영등동 431,521403269010,전북특별자치도 익산시 마한로,51,,4514012200104310000000001,,전북특별자치도 익산시 마한로 51,570979,54540,,1,,126.969458120674,35.9645626393392
MA010120220814349213,블라썸토퍼,,G2,소매,G221,기타 상품 소매,G22199,그 외 기타 상품 전문 소매업,G47859,그 외 기타 분류 안된 상품 전문 소매업,28,인천광역시,28710,강화군,28710320,불은면,2871032021,불은면,2871032021100740003,1,대지,74,3,인천광역시 강화군 불은면 두운리 74-3,287104271099,인천광역시 강화군 불은면 강화동로726번길,52,21,2871032021100740003000001,,인천광역시 강화군 불은면 강화동로726번길 52-21,417832,23046,,,,126.485890772351,37.6950149426218
MA010120220814375758,가산소방전기,,G2,소매,G221,기타 상품 소매,G22199,그 외 기타 상품 전문 소매업,G47859,그 외 기타 분류 안된 상품 전문 소매업,41,경기도,41450,하남시,41450560,덕풍3동,4145010800,덕풍동,4145010800108330001,1,대지,833,1,경기도 하남시 덕풍동 833-1,414502000019,경기도 하남시 미사대로,550,,4145010800100730007000001,알42현대지식산업센터,경기도 하남시 미사대로 550,465013,12925,,10,,127.206465693798,37.5567706900926
MA010120220814381024,동우상사마스타,,G2,소매,G221,기타 상품 소매,G22199,그 외 기타 상품 전문 소매업,G47859,그 외 기타 분류 안된 상품 전문 소매업,51,강원특별자치도,51130,원주시,51130575,학성동,5113010900,학성동,5113010900102750001,1,대지,275,1,강원특별자치도 원주시 학성동 275-1,511303219043,강원특별자치도 원주시 원일로,183,,4213010900102750001017788,,강원특별자치도 원주시 원일로 183,220964,26416,,1,,127.945333226833,37.3540048602782
MA0101202209A0063482,전문농약사,,G2,소매,G221,기타 상품 소매,G22199,그 외 기타 상품 전문 소매업,G47859,그 외 기타 분류 안된 상품 전문 소매업,52,전북특별자치도,52113,전주시 덕진구,52113560,인후3동,5211310300,인후동1가,5211310300105140012,1,대지,514,12,전북특별자치도 전주시 덕진구 인후동1가 514-12,521134601430,전북특별자치도 전주시 덕진구 진버들1길,38,,4511310300105140012003330,,전북특별자치도 전주시 덕진구 진버들1길 38,561829,55012,,1,,127.160334706211,35.8373564724629
MA010120220814341625,금천운기,,G2,소매,G221,기타 상품 소매,G22199,그 외 기타 상품 전문 소매업,G47859,그 외 기타 분류 안된 상품 전문 소매업,47,경상북도,47850,칠곡군,47850320,동명면,4785032036,동명면,4785032036101700001,1,대지,170,1,경상북도 칠곡군 동명면 기성리 170-1,478504766114,경상북도 칠곡군 동명면 기성1길,3,,4785032036101700001012430,,경상북도 칠곡군 동명면 기성1길 3,718923,39855,,,,128.592477658012,36.0101581112494
MA010120220814357030,일등농자재마트,,G2,소매,G221,기타 상품 소매,G22199,그 외 기타 상품 전문 소매업,G47859,그 외 기타 분류 안된 상품 전문 소매업,51,강원특별자치도,51130,원주시,51130250,문막읍,5113025021,문막읍,5113025021102240002,1,대지,224,2,강원특별자치도 원주시 문막읍 문막리 224-2,511304457223,강원특별자치도 원주시 문막읍 문막시장1길,76,,4213025021102240002026757,,강원특별자치도 원주시 문막읍 문막시장1길 76,220806,26373,,,,127.815201797641,37.30423754794
MA010120220814357064,어른의세계,신갈점,G2,소매,G221,기타 상품 소매,G22199,그 외 기타 상품 전문 소매업,G47859,그 외 기타 분류 안된 상품 전문 소매업,41,경기도,41463,용인시 기흥구,41463530,상갈동,4146310300,상갈동,4146310300101020009,1,대지,102,9,경기도 용인시 기흥구 상갈동 102-9,414633204042,경기도 용인시 기흥구 신갈로,16,1,4146310300101020009020396,,경기도 용인시 기흥구 신갈로 16-1,446905,17067,,1,,127.105639068527,37.2680552504619
MA0101202209A0020265,몬스터샵,,G2,소매,G221,기타 상품 소매,G22199,그 외 기타 상품 전문 소매업,G47859,그 외 기타 분류 안된 상품 전문 소매업,48,경상남도,48250,김해시,48250580,활천동,4825011700,삼정동,4825011700100170011,1,대지,17,11,경상남도 김해시 삼정동 17-11,482504805416,경상남도 김해시 분성로447번길,1,,4825011700100170011087278,,경상남도 김해시 분성로447번길 1,621912,50841,,,,128.89474313735,35.2351247476794
MA0101202209A0020321,홍익인,,G2,소매,G221,기타 상품 소매,G22199,그 외 기타 상품 전문 소매업,G47859,그 외 기타 분류 안된 상품 전문 소매업,51,강원특별자치도,51190,태백시,51190535,삼수동,5119010100,황지동,5119010100100250083,1,대지,25,83,강원특별자치도 태백시 황지동 25-83,511904466247,강원특별자치도 태백시 황지연못길,19,,4219010100100250084001799,,강원특별자치도 태백시 황지연못길 19,235800,26008,,,,128.990189169724,37.1732551113485
MA0101202209A0022592,원준유통,,G2,소매,G221,기타 상품 소매,G22199,그 외 기타 상품 전문 소매업,G47859,그 외 기타 분류 안된 상품 전문 소매업,28,인천광역시,28245,계양구,28245611,계산1동,2824510200,계산동,2824510200109460001,1,대지,946,1,인천광역시 계양구 계산동 946-1,282452008010,인천광역시 계양구 경명대로,1084,,2824510200109460001128079,,인천광역시 계양구 경명대로 1084,407806,21050,,2,,126.727388102252,37.5430674965836
MA0101202209A0022647,블루샵,,G2,소매,G221,기타 상품 소매,G22199,그 외 기타 상품 전문 소매업,G47859,그 외 기타 분류 안된 상품 전문 소매업,41,경기도,41670,여주시,41670350,대신면,4167035037,대신면,4167035037102690009,1,대지,269,9,경기도 여주시 대신면 율촌리 269-9,416703214070,경기도 여주시 대신면 여양로,1427,,4173036037102690009053422,,경기도 여주시 대신면 여양로 1427,469844,12610,,,,127.589583037743,37.3752433435464
MA0101202209A0037317,헤라스토어,,G2,소매,G221,기타 상품 소매,G22199,그 외 기타 상품 전문 소매업,G47859,그 외 기타 분류 안된 상품 전문 소매업,50,제주특별자치도,50110,제주시,50110253,애월읍,5011025321,애월읍,5011025321101300000,1,대지,130,,제주특별자치도 제주시 애월읍 광령리 130,501103349240,제주특별자치도 제주시 애월읍 평화로,2820,67,5011025321101300000000001,,제주특별자치도 제주시 애월읍 평화로 2820-67,695900,63064,,2,,126.446318605805,33.4590705439145
MA0101202209A0000662,고덕24시출장배터리밧데리,,G2,소매,G221,기타 상품 소매,G22199,그 외 기타 상품 전문 소매업,G47859,그 외 기타 분류 안된 상품 전문 소매업,41,경기도,41220,평택시,41220570,신장1동,4122011200,신장동,4122011200103600004,1,대지,360,4,경기도 평택시 신장동 360-4,412203188052,경기도 평택시 신장로,106,,4122011200103600004007538,,경기도 평택시 신장로 106,459822,17751,,2,,127.049587903504,37.0847272149107
MA0101202209A0007456,더모아,,G2,소매,G221,기타 상품 소매,G22199,그 외 기타 상품 전문 소매업,G47422,의복 액세서리 및 모조 장신구 소매업,28,인천광역시,28185,연수구,28185830,송도2동,2818510600,송도동,2818510600100290008,1,대지,29,8,인천광역시 연수구 송도동 29-8,281853152013,인천광역시 연수구 센트럴로,313,,2818510600100290008000001,송도씨워크인테라스한라,인천광역시 연수구 센트럴로 313,406082,22006,,,,126.631517327849,37.4016287014149
MA010120220814373454,NC엑스코캠핑Zone,,G2,소매,G221,기타 상품 소매,G22199,그 외 기타 상품 전문 소매업,G47859,그 외 기타 분류 안된 상품 전문 소매업,27,대구광역시,27230,북구,27230620,산격2동,2723011100,산격동,2723011100116680000,1,대지,1668,,대구광역시 북구 산격동 1668,272304235303,대구광역시 북구 유통단지로14길,22,,2723011100116680000004111,일반의류관,대구광역시 북구 유통단지로14길 22,702716,41518,,2,,128.610364757941,35.9052170915427
MA0101202209A0033481,한국안전보건교육원,,G2,소매,G221,기타 상품 소매,G22199,그 외 기타 상품 전문 소매업,G47859,그 외 기타 분류 안된 상품 전문 소매업,31,울산광역시,31710,울주군,31710262,청량읍,3171026223,청량읍,3171026223107010003,1,대지,701,3,울산광역시 울주군 청량읍 상남리 701-3,317103173048,울산광역시 울주군 청량읍 삼정로,824,,3171026223107010003000001,,울산광역시 울주군 청량읍 삼정로 824,689864,44985,,3,,129.304362003476,35.4872235514775
MA0101202209A0050254,광명인삼,,G2,소매,G221,기타 상품 소매,G22199,그 외 기타 상품 전문 소매업,G47859,그 외 기타 분류 안된 상품 전문 소매업,44,충청남도,44710,금산군,44710320,제원면,4471032033,제원면,4471032033104690002,1,대지,469,2,충청남도 금산군 제원면 천내리 469-2,447104571606,충청남도 금산군 제원면 천내1길,15,,4471032033104690002033223,,충청남도 금산군 제원면 천내1길 15,312822,32761,,1,,127.571233707179,36.1118081935498
MA0101202209A0066751,24시,안산고잔점,G2,소매,G221,기타 상품 소매,G22199,그 외 기타 상품 전문 소매업,G47859,그 외 기타 분류 안된 상품 전문 소매업,41,경기도,41273,안산시 단원구,41273535,호수동,4127310100,고잔동,4127310100107700012,1,대지,770,12,경기도 안산시 단원구 고잔동 770-12,412733191003,경기도 안산시 단원구 광덕2로,185,12,4127310100107700012037060,골드프라자,경기도 안산시 단원구 광덕2로 185-12,425906,15470,,1,,126.831400854198,37.3107725894315
MA0101202209A0080509,하늘장재,,G2,소매,G221,기타 상품 소매,G22199,그 외 기타 상품 전문 소매업,G47859,그 외 기타 분류 안된 상품 전문 소매업,51,강원특별자치도,51130,원주시,51130575,학성동,5113010900,학성동,5113010900110230013,1,대지,1023,13,강원특별자치도 원주시 학성동 1023-13,511303219041,강원특별자치도 원주시 원문로,73,,4213010900110230013013543,,강원특별자치도 원주시 원문로 73,220963,26412,,1,,127.938290975541,37.3567729312482
MA010120220814344726,태림원,,G2,소매,G221,기타 상품 소매,G22199,그 외 기타 상품 전문 소매업,G47859,그 외 기타 분류 안된 상품 전문 소매업,28,인천광역시,28200,남동구,28200550,간석3동,2820010200,간석동,2820010200100010004,1,대지,1,4,인천광역시 남동구 간석동 1-4,282003008030,인천광역시 남동구 평온로,6,,2820010200100010004023760,,인천광역시 남동구 평온로 6,405800,21514,,,,126.710739400912,37.476615057843
MA0101202209A0007727,풍기인삼사,,G2,소매,G221,기타 상품 소매,G22199,그 외 기타 상품 전문 소매업,G47859,그 외 기타 분류 안된 상품 전문 소매업,51,강원특별자치도,51150,강릉시,51150550,교1동,5115011000,교동,5115011000118060013,1,대지,1806,13,강원특별자치도 강릉시 교동 1806-13,511504460992,강원특별자치도 강릉시 하슬라로232번길,25,9,4215011000118060013003479,,강원특별자치도 강릉시 하슬라로232번길 25-9,210924,25508,,1,,128.878622180756,37.771119454071
MA0101202209A0072495,상정소방설비,,G2,소매,G221,기타 상품 소매,G22199,그 외 기타 상품 전문 소매업,G47859,그 외 기타 분류 안된 상품 전문 소매업,30,대전광역시,30110,동구,30110551,판암1동,3011010700,판암동,3011010700108920000,1,대지,892,,대전광역시 동구 판암동 892,301104855087,대전광역시 동구 동부로10번길,82,1,3011010700108920000000001,,대전광역시 동구 동부로10번길 82-1,300131,34675,,,,127.461292385867,36.3186369825063
MA010120220814339674,굿앤삼마루약업사,,G2,소매,G221,기타 상품 소매,G22199,그 외 기타 상품 전문 소매업,G47859,그 외 기타 분류 안된 상품 전문 소매업,44,충청남도,44710,금산군,44710250,금산읍,4471025022,금산읍,4471025022100080001,1,대지,8,1,충청남도 금산군 금산읍 중도리 8-1,447103257044,충청남도 금산군 금산읍 인삼약초로,45,,4471025022100080001020658,,충청남도 금산군 금산읍 인삼약초로 45,312806,32739,,,,127.498324032177,36.1019590115178
MA010120220814384815,광은농약사,,G2,소매,G221,기타 상품 소매,G22199,그 외 기타 상품 전문 소매업,G47859,그 외 기타 분류 안된 상품 전문 소매업,52,전북특별자치도,52710,완주군,52710256,용진읍,5271025622,용진읍,5271025622107880003,1,대지,788,3,전북특별자치도 완주군 용진읍 구억리 788-3,527103273094,전북특별자치도 완주군 용진읍 초포다리로,248,,4571031024107880003029399,,전북특별자치도 완주군 용진읍 초포다리로 248,565812,55353,,,,127.157503522553,35.8776913389872
MA0101202209A0072597,지엔비컴퍼니,,G2,소매,G221,기타 상품 소매,G22199,그 외 기타 상품 전문 소매업,G47859,그 외 기타 분류 안된 상품 전문 소매업,11,서울특별시,11440,마포구,11440690,망원1동,1144012300,망원동,1144012300103940118,1,대지,394,118,서울특별시 마포구 망원동 394-118,114404139639,서울특별시 마포구 희우정로10길,28,,1144012300103940118022333,플렉스홈,서울특별시 마포구 희우정로10길 28,121821,04017,,3,,126.905480538192,37.5531381973566
MA010120220814368357,하나로농약,,G2,소매,G221,기타 상품 소매,G22199,그 외 기타 상품 전문 소매업,G47859,그 외 기타 분류 안된 상품 전문 소매업,31,울산광역시,31710,울주군,31710253,언양읍,3171025332,언양읍,3171025332101080004,1,대지,108,4,울산광역시 울주군 언양읍 남부리 108-4,317103173059,울산광역시 울주군 언양읍 언양로,5,,3171025332101080004012308,,울산광역시 울주군 언양읍 언양로 5,689802,44940,,,,129.128252448599,35.5636831779042
MA0101202209A0018886,셀모가발,,G2,소매,G221,기타 상품 소매,G22199,그 외 기타 상품 전문 소매업,G47859,그 외 기타 분류 안된 상품 전문 소매업,41,경기도,41131,성남시 수정구,41131580,수진2동,4113110300,수진동,4113110300145800000,1,대지,4580,,경기도 성남시 수정구 수진동 4580,411312000005,경기도 성남시 수정구 성남대로,1207,,4113110300145800000054497,,경기도 성남시 수정구 성남대로 1207,461807,13313,,3,,127.127854387585,37.4374986942956
MA010120220814339900,제이에스디자인,,G2,소매,G221,기타 상품 소매,G22199,그 외 기타 상품 전문 소매업,G47859,그 외 기타 분류 안된 상품 전문 소매업,52,전북특별자치도,52140,익산시,52140646,영등1동,5214012200,영등동,5214012200101910035,1,대지,191,35,전북특별자치도 익산시 영등동 191-35,521403269028,전북특별자치도 익산시 약촌로,174,,4514012200101910035000002,식산업센터,전북특별자치도 익산시 약촌로 174,570979,54630,,6,,126.974750992741,35.9492968599995
MA010120220814345313,대성산전,,G2,소매,G221,기타 상품 소매,G22199,그 외 기타 상품 전문 소매업,G47859,그 외 기타 분류 안된 상품 전문 소매업,28,인천광역시,28200,남동구,28200521,구월3동,2820010100,구월동,2820010100111290017,1,대지,1129,17,인천광역시 남동구 구월동 1129-17,282003153035,인천광역시 남동구 미래로,21,,2820010100111290018000547,SR노빌리,인천광역시 남동구 미래로 21,405223,21558,,,,126.704087563194,37.4518839248647
MA010120220814347783,영동아그로팜,,G2,소매,G221,기타 상품 소매,G22199,그 외 기타 상품 전문 소매업,G47859,그 외 기타 분류 안된 상품 전문 소매업,43,충청북도,43740,영동군,43740250,영동읍,4374025021,영동읍,4374025021106900007,1,대지,690,7,충청북도 영동군 영동읍 계산리 690-7,437404529459,충청북도 영동군 영동읍 영동천2길,9,1,4374025021106900006005129,,충청북도 영동군 영동읍 영동천2길 9-1,370809,29145,,,,127.775629186983,36.1732016547549
MA0101202209A0029993,사,명지,G2,소매,G221,기타 상품 소매,G22199,그 외 기타 상품 전문 소매업,G47859,그 외 기타 분류 안된 상품 전문 소매업,28,인천광역시,28200,남동구,28200550,간석3동,2820010200,간석동,2820010200100030025,1,대지,3,25,인천광역시 남동구 간석동 3-25,282003008030,인천광역시 남동구 평온로,28,1,2820010200100030025020664,신성빌딩,인천광역시 남동구 평온로 28-1,405800,21515,,2,,126.713239075969,37.4763057984794
MA010120220814363671,디에스안전,,G2,소매,G221,기타 상품 소매,G22199,그 외 기타 상품 전문 소매업,G47859,그 외 기타 분류 안된 상품 전문 소매업,41,경기도,41590,화성시,41590560,기배동,4159012400,기안동,4159012400102450002,1,대지,245,2,경기도 화성시 기안동 245-2,415904431441,경기도 화성시 효행로205번길,81,18,4159012400002450002009173,,경기도 화성시 효행로205번길 81-18,445310,18338,,2,,126.977632353403,37.2288057163354
MA010120220814371849,동의인삼,,G2,소매,G221,기타 상품 소매,G22199,그 외 기타 상품 전문 소매업,G47859,그 외 기타 분류 안된 상품 전문 소매업,11,서울특별시,11230,동대문구,11230545,제기동,1123010300,제기동,1123010300110460001,1,대지,1046,1,서울특별시 동대문구 제기동 1046-1,112304115033,서울특별시 동대문구 고산자로36길,4,,1123010300110460001034752,,서울특별시 동대문구 고산자로36길 4,130865,02571,,1,,127.038739993053,37.5787579596422
MA010120220814387789,동묘불교만물,,G2,소매,G221,기타 상품 소매,G22199,그 외 기타 상품 전문 소매업,G47859,그 외 기타 분류 안된 상품 전문 소매업,11,서울특별시,11110,종로구,11110710,숭인2동,1111017500,숭인동,1111017500102400002,1,대지,240,2,서울특별시 종로구 숭인동 240-2,111103100021,서울특별시 종로구 청계천로,371,,1111017500102400003000716,,서울특별시 종로구 청계천로 371,110826,03118,,1,,127.018553042727,37.5712936128619
MA010120220814387849,몬스터창고,안산점,G2,소매,G221,기타 상품 소매,G22199,그 외 기타 상품 전문 소매업,G47859,그 외 기타 분류 안된 상품 전문 소매업,41,경기도,41271,안산시 상록구,41271560,본오3동,4127110400,본오동,4127110400108740012,1,대지,874,12,경기도 안산시 상록구 본오동 874-12,412713190058,경기도 안산시 상록구 용신로,381,,4127110400108740012014990,신영빌딩,경기도 안산시 상록구 용신로 381,426815,15532,,2,,126.86438973905,37.3019488052921
MA0101202209A0090579,대지유통,,G2,소매,G221,기타 상품 소매,G22199,그 외 기타 상품 전문 소매업,G47859,그 외 기타 분류 안된 상품 전문 소매업,26,부산광역시,26290,남구,26290690,문현2동,2629010900,문현동,2629010900105290021,1,대지,529,21,부산광역시 남구 문현동 529-21,262904006025,부산광역시 남구 황령대로74번길,72,,2629010900105290021017509,,부산광역시 남구 황령대로74번길 72,608826,48403,,1,,129.067360519387,35.1467066464628
MA0101202210A0001778,하얀샵,,G2,소매,G221,기타 상품 소매,G22199,그 외 기타 상품 전문 소매업,G47859,그 외 기타 분류 안된 상품 전문 소매업,41,경기도,41390,시흥시,41390650,거북섬동,4139013200,정왕동,4139013200127060004,1,대지,2706,4,경기도 시흥시 정왕동 2706-4,413904855375,경기도 시흥시 거북섬1길,19,,4139013200127600004000002,,경기도 시흥시 거북섬1길 19,429450,15119,,1,,126.675515718104,37.3264050745675
MA0101202210A0035155,팜엔코,,G2,소매,G221,기타 상품 소매,G22199,그 외 기타 상품 전문 소매업,G47859,그 외 기타 분류 안된 상품 전문 소매업,41,경기도,41500,이천시,41500253,부발읍,4150025324,부발읍,4150025324103450001,1,대지,345,1,경기도 이천시 부발읍 고백리 345-1,415004421739,경기도 이천시 부발읍 중부대로1997번길,104,,4150025324103440001014782,,경기도 이천시 부발읍 중부대로1997번길 104,467862,17317,,,,127.526119892143,37.297343083204
MA0101202210A0069062,신서세이프,,G2,소매,G221,기타 상품 소매,G22199,그 외 기타 상품 전문 소매업,G47859,그 외 기타 분류 안된 상품 전문 소매업,44,충청남도,44133,천안시 서북구,44133580,부성1동,4413310400,두정동,4413310400111450000,1,대지,1145,,충청남도 천안시 서북구 두정동 1145,441334550145,충청남도 천안시 서북구 두정중11길,18,,4413310400111450000046558,한우리빌딩,충청남도 천안시 서북구 두정중11길 18,331961,31101,,3,,127.14027942858,36.8376935571135
MA0101202210A0077310,백제안전,,G2,소매,G221,기타 상품 소매,G22199,그 외 기타 상품 전문 소매업,G47859,그 외 기타 분류 안된 상품 전문 소매업,44,충청남도,44800,홍성군,44800256,홍북읍,4480025621,홍북읍,4480025621107490004,1,대지,749,4,충청남도 홍성군 홍북읍 중계리 749-4,448004586633,충청남도 홍성군 홍북읍 홍천문화2길,45,24,4480031021107490004002224,,충청남도 홍성군 홍북읍 홍천문화2길 45-24,350834,32251,,,,126.640369716497,36.6246856541747
MA0101202210A0084013,가야금홍삼,,G2,소매,G221,기타 상품 소매,G22199,그 외 기타 상품 전문 소매업,G47859,그 외 기타 분류 안된 상품 전문 소매업,44,충청남도,44133,천안시 서북구,44133530,쌍용1동,4413310700,쌍용동,4413310700108420001,1,대지,842,1,충청남도 천안시 서북구 쌍용동 842-1,441333249018,충청남도 천안시 서북구 봉명로,13,,4413310700108420001053220,,충청남도 천안시 서북구 봉명로 13,331949,31149,,,,127.129993691187,36.8079145953205
MA0101202210A0089512,웰비디앤씨,,G2,소매,G221,기타 상품 소매,G22199,그 외 기타 상품 전문 소매업,G47859,그 외 기타 분류 안된 상품 전문 소매업,29,광주광역시,29140,서구,29140745,치평동,2914012000,치평동,2914012000112180001,1,대지,1218,1,광주광역시 서구 치평동 1218-1,291403160029,광주광역시 서구 시청로,67,,2914012000112180001026615,프리미엄아울렛,광주광역시 서구 시청로 67,502827,61949,,4,,126.851003968728,35.1542874260172
MA0101202209A0095156,양키캔들,군산점,G2,소매,G221,기타 상품 소매,G22199,그 외 기타 상품 전문 소매업,G47813,"화장품, 비누 및 방향제 소매업",52,전북특별자치도,52130,군산시,52130690,수송동,5213014100,수송동,5213014100108200004,1,대지,820,4,전북특별자치도 군산시 수송동 820-4,521303268088,전북특별자치도 군산시 월명로,215,,4513014100108200004000001,제,전북특별자치도 군산시 월명로 215,573370,54101,,1,,126.715172609344,35.9633453071502
MA0101202209A0099103,맑은공기연구소,,G2,소매,G221,기타 상품 소매,G22199,그 외 기타 상품 전문 소매업,G47859,그 외 기타 분류 안된 상품 전문 소매업,11,서울특별시,11320,도봉구,11320710,방학3동,1132010600,방학동,1132010600105650018,1,대지,565,18,서울특별시 도봉구 방학동 565-18,113204127217,서울특별시 도봉구 방학로15길,26,16,1132010600105650018000134,,서울특별시 도봉구 방학로15길 26-16,132836,01360,,1,,127.023323911439,37.6606708122172
MA0101202209A0101335,금단암,,G2,소매,G221,기타 상품 소매,G22199,그 외 기타 상품 전문 소매업,G47859,그 외 기타 분류 안된 상품 전문 소매업,48,경상남도,48860,산청군,48860360,시천면,4886036030,시천면,4886036030100940000,1,대지,94,,경상남도 산청군 시천면 신천리 94,488602345002,경상남도 산청군 시천면 지리산대로,1249,34,4886036030100940001017931,매점,경상남도 산청군 시천면 지리산대로 1249-34,666933,52238,,1,,127.792724653809,35.2470287102567
MA0101202209C0032908,양만옥건재한약방,,G2,소매,G221,기타 상품 소매,G22199,그 외 기타 상품 전문 소매업,G47859,그 외 기타 분류 안된 상품 전문 소매업,48,경상남도,48330,양산시,48330340,하북면,4833034021,하북면,4833034021106920003,1,대지,692,3,경상남도 양산시 하북면 순지리 692-3,483304814585,경상남도 양산시 하북면 신평중앙길,11,,4833034021106920003050933,,경상남도 양산시 하북면 신평중앙길 11,626863,50502,,,,129.085769049784,35.4915983261047
MA0101202210A0022356,엔앤제이컴퍼니,,G2,소매,G221,기타 상품 소매,G22199,그 외 기타 상품 전문 소매업,G47859,그 외 기타 분류 안된 상품 전문 소매업,41,경기도,41285,고양시 일산동구,41285590,장항2동,4128510400,장항동,4128510400107440000,1,대지,744,,경기도 고양시 일산동구 장항동 744,412853012034,경기도 고양시 일산동구 고봉로,20,32,4128510400107440001009282,코오롱레이크폴리스III,경기도 고양시 일산동구 고봉로 20-32,410837,10364,,,,126.765349162889,37.6627552455079
MA0101202210A0051887,다온프라자,,G2,소매,G221,기타 상품 소매,G22199,그 외 기타 상품 전문 소매업,G47859,그 외 기타 분류 안된 상품 전문 소매업,29,광주광역시,29170,북구,29170662,두암2동,2917011400,두암동,2917011400100630000,1,대지,63,,광주광역시 북구 두암동 63,291703162059,광주광역시 북구 월동로,24,,2917011400100630000042653,,광주광역시 북구 월동로 24,500807,61153,,2,,126.935166398112,35.1737949879582
MA0101202210A0071411,신서세이프,,G2,소매,G221,기타 상품 소매,G22199,그 외 기타 상품 전문 소매업,G47859,그 외 기타 분류 안된 상품 전문 소매업,52,전북특별자치도,52113,전주시 덕진구,52113590,금암2동,5211310700,금암동,5211310700115950026,1,대지,1595,26,전북특별자치도 전주시 덕진구 금암동 1595-26,521132266003,전북특별자치도 전주시 덕진구 백제대로,681,1,4511310700115950026000001,,전북특별자치도 전주시 덕진구 백제대로 681-1,561805,54907,,2,,127.143667363568,35.8442901927022
MA0101202210B0058222,와인공간,,G2,소매,G221,기타 상품 소매,G22199,그 외 기타 상품 전문 소매업,G47859,그 외 기타 분류 안된 상품 전문 소매업,11,서울특별시,11380,은평구,11380551,갈현1동,1138010400,갈현동,1138010400104010007,1,대지,401,7,서울특별시 은평구 갈현동 401-7,113804133160,서울특별시 은평구 연서로29길,20,11,1138010400104010013046137,규정빌딩,서울특별시 은평구 연서로29길 20-11,122809,03330,,4,,126.918535668309,37.6197583140701
MA0101202210A0052066,한길산업안전,,G2,소매,G221,기타 상품 소매,G22199,그 외 기타 상품 전문 소매업,G47859,그 외 기타 분류 안된 상품 전문 소매업,29,광주광역시,29200,광산구,29200580,우산동,2920010900,우산동,2920010900110640015,1,대지,1064,15,광주광역시 광산구 우산동 1064-15,292004289179,광주광역시 광산구 사암로106번길,117,18,2920010900110640015000001,,광주광역시 광산구 사암로106번길 117-18,506812,62371,,,,126.814029367855,35.1542903975625
MA0101202210A0077757,유창바이오,,G2,소매,G221,기타 상품 소매,G22199,그 외 기타 상품 전문 소매업,G47859,그 외 기타 분류 안된 상품 전문 소매업,47,경상북도,47130,경주시,47130380,천북면,4713038025,천북면,4713038025108610032,1,대지,861,32,경상북도 경주시 천북면 동산리 861-32,471304715422,경상북도 경주시 천북면 모아동산길,202,,4713038025108610032000001,,경상북도 경주시 천북면 모아동산길 202,780873,38039,,,,129.262833855429,35.9118380666213
MA0101202210A0085947,천일유통,,G2,소매,G221,기타 상품 소매,G22199,그 외 기타 상품 전문 소매업,G47859,그 외 기타 분류 안된 상품 전문 소매업,47,경상북도,47210,영주시,47210250,풍기읍,4721025025,풍기읍,4721025025200010001,2,산,1,1,경상북도 영주시 풍기읍 삼가리 산1-1,472103309034,경상북도 영주시 풍기읍 삼가로,265,17,4721025025200010001006166,,경상북도 영주시 풍기읍 삼가로 265-17,750801,36018,,,,128.515704067522,36.9097909675214
MA0101202210A0087763,파일커피머신,,G2,소매,G221,기타 상품 소매,G22199,그 외 기타 상품 전문 소매업,G47859,그 외 기타 분류 안된 상품 전문 소매업,48,경상남도,48250,김해시,48250530,부원동,4825010300,부원동,4825010300101160012,1,대지,116,12,경상남도 김해시 부원동 116-12,482504805410,경상남도 김해시 분성로390번길,48,,4825010300101160012000001,JK빌딩,경상남도 김해시 분성로390번길 48,621906,50922,,1,,128.88906804581,35.2300677239972
MA0101202209A0089048,레드컨테이너,잠실새내점,G2,소매,G221,기타 상품 소매,G22199,그 외 기타 상품 전문 소매업,G47859,그 외 기타 분류 안된 상품 전문 소매업,11,서울특별시,11710,송파구,11710650,잠실본동,1171010100,잠실동,1171010100101880000,1,대지,188,,서울특별시 송파구 잠실동 188,117104169204,서울특별시 송파구 백제고분로7길,34,,1171010100101880000000681,,서울특별시 송파구 백제고분로7길 34,138861,05560,,1,,127.082646364503,37.5106919377365
MA0101202210A0009247,가인종합상사,,G2,소매,G221,기타 상품 소매,G22199,그 외 기타 상품 전문 소매업,G47859,그 외 기타 분류 안된 상품 전문 소매업,51,강원특별자치도,51190,태백시,51190525,황연동,5119010100,황지동,5119010100102660027,1,대지,266,27,강원특별자치도 태백시 황지동 266-27,511904466146,강원특별자치도 태백시 연지로25번길,17,,4219010100102660027003221,,강원특별자치도 태백시 연지로25번길 17,235801,26026,,,,128.989089286428,37.1763907278908
MA0101202210A0018179,미미골반,,G2,소매,G221,기타 상품 소매,G22199,그 외 기타 상품 전문 소매업,G47859,그 외 기타 분류 안된 상품 전문 소매업,11,서울특별시,11320,도봉구,11320700,방학2동,1132010600,방학동,1132010600106680034,1,대지,668,34,서울특별시 도봉구 방학동 668-34,113204127090,서울특별시 도봉구 도당로9길,63,,1132010600106680034002472,,서울특별시 도봉구 도당로9길 63,132848,01357,,1,,127.031110715665,37.6626691941377
MA0101202210A0043900,아주바이오텍,,G2,소매,G221,기타 상품 소매,G22199,그 외 기타 상품 전문 소매업,G47859,그 외 기타 분류 안된 상품 전문 소매업,43,충청북도,43113,청주시 흥덕구,43113700,운천.신봉동,4311310400,운천동,4311310400107910000,1,대지,791,,충청북도 청주시 흥덕구 운천동 791,431133237098,충청북도 청주시 흥덕구 흥덕로,151,,4311310400107910000015252,,충청북도 청주시 흥덕구 흥덕로 151,361841,28472,,1,,127.47569441251,36.6477802449347
MA0101202210A0054620,청연에스엔씨,,G2,소매,G221,기타 상품 소매,G22199,그 외 기타 상품 전문 소매업,G47859,그 외 기타 분류 안된 상품 전문 소매업,41,경기도,41550,안성시,41550380,원곡면,4155038025,원곡면,4155038025102050090,1,대지,205,90,경기도 안성시 원곡면 내가천리 205-90,415503012025,경기도 안성시 원곡면 청원로,1756,20,4155038025102050090000001,,경기도 안성시 원곡면 청원로 1756-20,456811,17556,,1,,127.115596948229,37.0406458407954
MA0101202210A0062957,월배약재,,G2,소매,G221,기타 상품 소매,G22199,그 외 기타 상품 전문 소매업,G47859,그 외 기타 분류 안된 상품 전문 소매업,27,대구광역시,27290,달서구,27290615,진천동,2729011700,진천동,2729011700102410003,1,대지,241,3,대구광역시 달서구 진천동 241-3,272904241478,대구광역시 달서구 월배로24길,13,,2729011700102410003016056,월배시장,대구광역시 달서구 월배로24길 13,704834,42801,,,,128.527402841134,35.8140771755632
MA0101202209B0037064,송학장의사,,G2,소매,G221,기타 상품 소매,G22199,그 외 기타 상품 전문 소매업,G47859,그 외 기타 분류 안된 상품 전문 소매업,43,충청북도,43150,제천시,43150380,송학면,4315038021,송학면,4315038021102220011,1,대지,222,11,충청북도 제천시 송학면 무도리 222-11,431504517341,충청북도 제천시 송학면 무도2길,4,,4315038021102220011037774,,충청북도 제천시 송학면 무도2길 4,390811,27126,,,,128.263432230573,37.183406946057
MA0101202210A0092628,주신기업,,G2,소매,G221,기타 상품 소매,G22199,그 외 기타 상품 전문 소매업,G47859,그 외 기타 분류 안된 상품 전문 소매업,41,경기도,41610,광주시,41610330,도척면,4161033025,도척면,4161033025101620015,1,대지,162,15,경기도 광주시 도척면 상림리 162-15,416104433323,경기도 광주시 도척면 시어골길,114,,4161033025101620015249925,,경기도 광주시 도척면 시어골길 114,464953,12816,,,,127.296169127838,37.3132522099535
MA0101202210A0092701,아름테크,,G2,소매,G221,기타 상품 소매,G22199,그 외 기타 상품 전문 소매업,G47859,그 외 기타 분류 안된 상품 전문 소매업,47,경상북도,47113,포항시 북구,47113630,양학동,4711311500,학잠동,4711311500102440018,1,대지,244,18,경상북도 포항시 북구 학잠동 244-18,471134712449,경상북도 포항시 북구 양학로10번길,12,1,4711311500102440018126273,,경상북도 포항시 북구 양학로10번길 12-1,791849,37700,,,,129.352391693411,36.0256964961745
MA0101202211A0003419,라온하루,,G2,소매,G221,기타 상품 소매,G22199,그 외 기타 상품 전문 소매업,G47859,그 외 기타 분류 안된 상품 전문 소매업,41,경기도,41115,수원시 팔달구,41115710,우만1동,4111514000,우만동,4111514000105590012,1,대지,559,12,경기도 수원시 팔달구 우만동 559-12,411154328031,경기도 수원시 팔달구 경수대로616번길,18,5,4111514000105590012016534,,경기도 수원시 팔달구 경수대로616번길 18-5,442819,16240,,1,,127.03164061698,37.2806316270731
MA0101202209B0007492,산삼이야기,,G2,소매,G221,기타 상품 소매,G22199,그 외 기타 상품 전문 소매업,G47859,그 외 기타 분류 안된 상품 전문 소매업,28,인천광역시,28710,강화군,28710250,강화읍,2871025025,강화읍,2871025025103420006,1,대지,342,6,인천광역시 강화군 강화읍 갑곳리 342-6,287102157001,인천광역시 강화군 강화읍 강화대로,294,,2871025025103420006003800,,인천광역시 강화군 강화읍 강화대로 294,417801,23025,,,,126.497052414577,37.741300545002
MA0101202211A0003866,우야야드,,G2,소매,G221,기타 상품 소매,G22199,그 외 기타 상품 전문 소매업,G47859,그 외 기타 분류 안된 상품 전문 소매업,47,경상북도,47730,의성군,47730310,단촌면,4773031031,단촌면,4773031031111780000,1,대지,1178,,경상북도 의성군 단촌면 하화리 1178,477304745019,경상북도 의성군 단촌면 고운길,13,6,4773031031111780000029394,,경상북도 의성군 단촌면 고운길 13-6,769823,37327,,,,128.672529625613,36.4242157970006
MA0101202211A0004760,이진텍,,G2,소매,G221,기타 상품 소매,G22199,그 외 기타 상품 전문 소매업,G47859,그 외 기타 분류 안된 상품 전문 소매업,41,경기도,41135,성남시 분당구,41135580,서현1동,4113510500,서현동,4113510500102690003,1,대지,269,3,경기도 성남시 분당구 서현동 269-3,411354340162,경기도 성남시 분당구 분당로53번길,15,,4113510500102690003001768,산호트윈스,경기도 성남시 분당구 분당로53번길 15,463824,13591,,,,127.12198283115,37.3843627871908
MA0101202210A0009731,미율,,G2,소매,G221,기타 상품 소매,G22199,그 외 기타 상품 전문 소매업,G47859,그 외 기타 분류 안된 상품 전문 소매업,27,대구광역시,27200,남구,27200586,대명3동,2720010300,대명동,2720010300121450012,1,대지,2145,12,대구광역시 남구 대명동 2145-12,272003144010,대구광역시 남구 현충로,217,,2720010300121450012014521,,대구광역시 남구 현충로 217,705816,42455,,1,,128.581934680334,35.8519139481924
MA0101202210A0071897,한성안전용품,,G2,소매,G221,기타 상품 소매,G22199,그 외 기타 상품 전문 소매업,G47859,그 외 기타 분류 안된 상품 전문 소매업,48,경상남도,48310,거제시,48310550,옥포1동,4831010600,옥포동,4831010600105340015,1,대지,534,15,경상남도 거제시 옥포동 534-15,483104811489,경상남도 거제시 옥포대첩로4길,5,,4831010600105340015044607,,경상남도 거제시 옥포대첩로4길 5,656904,53229,,1,,128.692642248801,34.8934959376503
MA0101202210A0071947,에이스상사,,G2,소매,G221,기타 상품 소매,G22199,그 외 기타 상품 전문 소매업,G47859,그 외 기타 분류 안된 상품 전문 소매업,44,충청남도,44270,당진시,44270320,석문면,4427032021,석문면,4427032021116270000,1,대지,1627,,충청남도 당진시 석문면 통정리 1627,442704832320,충청남도 당진시 석문면 산단3로13길,43,,4427032021116270000000001,,충청남도 당진시 석문면 산단3로13길 43,343856,31702,,,,126.59729591872,37.0115989381132
MA0101202210A0073880,내안애뜰,,G2,소매,G221,기타 상품 소매,G22199,그 외 기타 상품 전문 소매업,G47859,그 외 기타 분류 안된 상품 전문 소매업,30,대전광역시,30200,유성구,30200520,진잠동,3020010300,대정동,3020010300103140003,1,대지,314,3,대전광역시 유성구 대정동 314-3,302004301127,대전광역시 유성구 대정로28번안길,71,,3020010300103140003018614,,대전광역시 유성구 대정로28번안길 71,305251,34219,,,,127.321101779295,36.3128055213063
MA0101202211A0005692,홍삼센터대진인삼,2호점,G2,소매,G221,기타 상품 소매,G22199,그 외 기타 상품 전문 소매업,G47859,그 외 기타 분류 안된 상품 전문 소매업,47,경상북도,47210,영주시,47210250,풍기읍,4721025022,풍기읍,4721025022104660000,1,대지,466,,경상북도 영주시 풍기읍 동부리 466,472103309010,경상북도 영주시 풍기읍 기주로,10,,4721025022104650000013772,,경상북도 영주시 풍기읍 기주로 10,750803,36034,,,,128.533960963921,36.8678399086181
MA0101202209A0098094,동백컴퍼니,,G2,소매,G221,기타 상품 소매,G22199,그 외 기타 상품 전문 소매업,G47859,그 외 기타 분류 안된 상품 전문 소매업,41,경기도,41500,이천시,41500350,대월면,4150035034,대월면,4150035034102670012,1,대지,267,12,경기도 이천시 대월면 부필리 267-12,415003207064,경기도 이천시 대월면 대평로,307,8,4150035034102670012000765,,경기도 이천시 대월면 대평로 307-8,467853,17403,,,,127.50986484931,37.2233402938228
MA0101202209B0010825,산과들에서,,G2,소매,G221,기타 상품 소매,G22199,그 외 기타 상품 전문 소매업,G47859,그 외 기타 분류 안된 상품 전문 소매업,51,강원특별자치도,51760,평창군,51760250,평창읍,5176025033,평창읍,5176025033101750000,1,대지,175,,강원특별자치도 평창군 평창읍 조둔리 175,517604484112,강원특별자치도 평창군 평창읍 둥지버들길,335,2,4276025033101750001028608,,강원특별자치도 평창군 평창읍 둥지버들길 335-2,232805,25373,,,,128.3595486658,37.3642492312722
MA0101202210A0025440,오픈마인드,,G2,소매,G221,기타 상품 소매,G22199,그 외 기타 상품 전문 소매업,G47859,그 외 기타 분류 안된 상품 전문 소매업,11,서울특별시,11590,동작구,11590620,사당1동,1159010700,사당동,1159010700110440022,1,대지,1044,22,서울특별시 동작구 사당동 1044-22,115904157115,서울특별시 동작구 동작대로1길,35,,1159010700110440022010566,CS빌딩,서울특별시 동작구 동작대로1길 35,156827,07025,,B1,,126.979310880532,37.4772286072906
MA0101202210A0036021,창작사과,,G2,소매,G221,기타 상품 소매,G22199,그 외 기타 상품 전문 소매업,G47859,그 외 기타 분류 안된 상품 전문 소매업,41,경기도,41171,안양시 만안구,41171590,석수1동,4117110200,석수동,4117110200102100022,1,대지,210,22,경기도 안양시 만안구 석수동 210-22,411714346008,경기도 안양시 만안구 경수대로1196번길,37,,4117110200102100022002640,,경기도 안양시 만안구 경수대로1196번길 37,430850,13912,,,,126.916812287456,37.4174639115109
MA0101202210A0091774,상록안전,,G2,소매,G221,기타 상품 소매,G22199,그 외 기타 상품 전문 소매업,G47859,그 외 기타 분류 안된 상품 전문 소매업,52,전북특별자치도,52710,완주군,52710330,이서면,5271033027,이서면,5271033027103680001,1,대지,368,1,전북특별자치도 완주군 이서면 용서리 368-1,527104619245,전북특별자치도 완주군 이서면 용서2길,98,19,4571033027103680001016000,,전북특별자치도 완주군 이서면 용서2길 98-19,565854,55364,,,,127.017010535089,35.8309100700599
MA0101202209A0093971,24시송탄배터리365출장,,G2,소매,G221,기타 상품 소매,G22199,그 외 기타 상품 전문 소매업,G47859,그 외 기타 분류 안된 상품 전문 소매업,41,경기도,41220,평택시,41220570,신장1동,4122011200,신장동,4122011200103600004,1,대지,360,4,경기도 평택시 신장동 360-4,412203188052,경기도 평택시 신장로,106,,4122011200103600004007538,,경기도 평택시 신장로 106,459822,17751,,1,,127.049587903504,37.0847272149107
MA0101202209B0013049,백수당약초,,G2,소매,G221,기타 상품 소매,G22199,그 외 기타 상품 전문 소매업,G47859,그 외 기타 분류 안된 상품 전문 소매업,11,서울특별시,11230,동대문구,11230545,제기동,1123010300,제기동,1123010300111410041,1,대지,1141,41,서울특별시 동대문구 제기동 1141-41,112303105007,서울특별시 동대문구 약령중앙로,19,12,1123010300111410041031791,,서울특별시 동대문구 약령중앙로 19-12,130864,02569,,지,,127.036691726364,37.5804074329045
MA0101202209C0012098,태양농수산，약초,,G2,소매,G221,기타 상품 소매,G22199,그 외 기타 상품 전문 소매업,G47859,그 외 기타 분류 안된 상품 전문 소매업,51,강원특별자치도,51820,고성군,51820250,간성읍,5182025022,간성읍,5182025022103470010,1,대지,347,10,강원특별자치도 고성군 간성읍 신안리 347-10,518203234002,강원특별자치도 고성군 간성읍 간성북로,42,2,4282025022103470010000577,,강원특별자치도 고성군 간성읍 간성북로 42-2,219803,24733,,,,128.473070293,38.382364780508
MA0101202210A0023405,성인용품돈텔마마,수원점,G2,소매,G221,기타 상품 소매,G22199,그 외 기타 상품 전문 소매업,G47859,그 외 기타 분류 안된 상품 전문 소매업,41,경기도,41115,수원시 팔달구,41115730,인계동,4111514100,인계동,4111514100110380018,1,대지,1038,18,경기도 수원시 팔달구 인계동 1038-18,411154328090,경기도 수원시 팔달구 권광로187번길,10,3,4111514100110380018011512,,경기도 수원시 팔달구 권광로187번길 10-3,442834,16489,,5,,127.032163836982,37.2647551470383
MA0101202210A0023418,블로썸,경산점,G2,소매,G221,기타 상품 소매,G22199,그 외 기타 상품 전문 소매업,G47859,그 외 기타 분류 안된 상품 전문 소매업,47,경상북도,47290,경산시,47290250,하양읍,4729025021,하양읍,4729025021101160268,1,대지,116,268,경상북도 경산시 하양읍 금락리 116-268,472903018052,경상북도 경산시 하양읍 하양로,34,,4729025021101160268032779,더스테이션,경상북도 경산시 하양읍 하양로 34,712902,38436,,2,,128.813560346188,35.9087804600162
MA0101202211A0000540,다온안전,,G2,소매,G221,기타 상품 소매,G22199,그 외 기타 상품 전문 소매업,G47859,그 외 기타 분류 안된 상품 전문 소매업,41,경기도,41465,용인시 수지구,41465585,상현3동,4146510700,상현동,4146510700112200000,1,대지,1220,,경기도 용인시 수지구 상현동 1220,414653177022,경기도 용인시 수지구 광교중앙로,338,,4146510700105080004000001,광교우미뉴브,경기도 용인시 수지구 광교중앙로 338,448130,16942,,,,127.071340003067,37.3006984941304
MA0101202209B0016781,율곡상사,,G2,소매,G221,기타 상품 소매,G22199,그 외 기타 상품 전문 소매업,G47859,그 외 기타 분류 안된 상품 전문 소매업,41,경기도,41480,파주시,41480250,문산읍,4148025023,문산읍,4148025023102710003,1,대지,271,3,경기도 파주시 문산읍 선유리 271-3,414803206074,경기도 파주시 문산읍 장승배기로,15,,4148025023102690007013818,,경기도 파주시 문산읍 장승배기로 15,413902,10811,,,,126.808248328966,37.868757151634
MA0101202209C0015231,솔뫼약초,,G2,소매,G221,기타 상품 소매,G22199,그 외 기타 상품 전문 소매업,G47859,그 외 기타 분류 안된 상품 전문 소매업,47,경상북도,47210,영주시,47210620,가흥1동,4721010600,문정동,4721010600102840067,1,대지,284,67,경상북도 영주시 문정동 284-67,472104727001,경상북도 영주시 가흥로12번길,30,82,4721010600102840067000001,,경상북도 영주시 가흥로12번길 30-82,750901,36142,,,,128.602021960217,36.798158860309
MA0101202209C0020895,대원상사,,G2,소매,G221,기타 상품 소매,G22199,그 외 기타 상품 전문 소매업,G47859,그 외 기타 분류 안된 상품 전문 소매업,29,광주광역시,29110,동구,29110525,충장동,2911010100,대인동,2911010100101540001,1,대지,154,1,광주광역시 동구 대인동 154-1,291104277032,광주광역시 동구 구성로204번길,26,,2911010100101540001001984,,광주광역시 동구 구성로204번길 26,501811,61473,,,,126.916417177091,35.1518624536022
MA0101202210A0005909,케이에스씨도로안전,,G2,소매,G221,기타 상품 소매,G22199,그 외 기타 상품 전문 소매업,G47859,그 외 기타 분류 안된 상품 전문 소매업,41,경기도,41220,평택시,41220620,비전1동,4122012700,죽백동,4122012700106580016,1,대지,658,16,경기도 평택시 죽백동 658-16,412203198036,경기도 평택시 죽백3로,167,5,4122012700106580016000001,,경기도 평택시 죽백3로 167-5,450805,17864,,,,127.133722041815,37.0052955208313
MA0101202210A0038254,딥시크릿,,G2,소매,G221,기타 상품 소매,G22199,그 외 기타 상품 전문 소매업,G47859,그 외 기타 분류 안된 상품 전문 소매업,28,인천광역시,28260,서구,28260550,석남1동,2826011000,석남동,2826011000105160004,1,대지,516,4,인천광역시 서구 석남동 516-4,282604268035,인천광역시 서구 가정로261번길,7,,2826011000105160004016251,인천플러스,인천광역시 서구 가정로261번길 7,404826,22789,,,,126.671451403072,37.5079934051721
MA0101202211A0002470,수호EMG,,G2,소매,G221,기타 상품 소매,G22199,그 외 기타 상품 전문 소매업,G47859,그 외 기타 분류 안된 상품 전문 소매업,30,대전광역시,30170,서구,30170530,도마2동,3017010300,도마동,3017010300101060018,1,대지,106,18,대전광역시 서구 도마동 106-18,301703166017,대전광역시 서구 도솔로,84,,3017010300101060018000002,,대전광역시 서구 도솔로 84,302822,35334,,,,127.373638994768,36.3179337780984
MA0101202210A0101494,태경유통,,G2,소매,G221,기타 상품 소매,G22199,그 외 기타 상품 전문 소매업,G47859,그 외 기타 분류 안된 상품 전문 소매업,26,부산광역시,26710,기장군,26710250,기장읍,2671025027,기장읍,2671025027107950042,1,대지,795,42,부산광역시 기장군 기장읍 청강리 795-42,267102006018,부산광역시 기장군 기장읍 기장대로,507,,2671025027107950042003972,,부산광역시 기장군 기장읍 기장대로 507,619906,46072,,1,,129.219874481868,35.2403377544369
MA0101202210B0003226,영동사,,G2,소매,G221,기타 상품 소매,G22199,그 외 기타 상품 전문 소매업,G47859,그 외 기타 분류 안된 상품 전문 소매업,11,서울특별시,11470,양천구,11470650,신정4동,1147010100,신정동,1147010100109640029,1,대지,964,29,서울특별시 양천구 신정동 964-29,114704142292,서울특별시 양천구 오목로32길,25,1,1147010100109640029021389,,서울특별시 양천구 오목로32길 25-1,158859,08025,,,,126.855314818559,37.5225885465078
MA0101202209A0087842,삼동불교사,,G2,소매,G221,기타 상품 소매,G22199,그 외 기타 상품 전문 소매업,G47859,그 외 기타 분류 안된 상품 전문 소매업,41,경기도,41610,광주시,41610560,광남1동,4161010700,삼동,4161010700102260007,1,대지,226,7,경기도 광주시 삼동 226-7,416103211033,경기도 광주시 순암로,457,,4161010700102260007010159,JS빌딩,경기도 광주시 순암로 457,464040,12767,,,,127.203812454691,37.4092714068866
MA0101202209A0100567,직거래삼금산고려인삼,,G2,소매,G221,기타 상품 소매,G22199,그 외 기타 상품 전문 소매업,G47859,그 외 기타 분류 안된 상품 전문 소매업,30,대전광역시,30140,중구,30140640,부사동,3014011100,부사동,3014011100101340001,1,대지,134,1,대전광역시 중구 부사동 134-1,301404295146,대전광역시 중구 대종로333번길,15,,3014011100101340010025730,,대전광역시 중구 대종로333번길 15,301815,35023,,,,127.432753701236,36.3150398640691
MA0101202210A0006058,베이프갱스터,향남점,G2,소매,G221,기타 상품 소매,G22199,그 외 기타 상품 전문 소매업,G47859,그 외 기타 분류 안된 상품 전문 소매업,41,경기도,41590,화성시,41590259,향남읍,4159025926,향남읍,4159025926114670000,1,대지,1467,,경기도 화성시 향남읍 하길리 1467,415904848212,경기도 화성시 향남읍 상신하길로328번길,26,,4159025926114670000000001,키움프라자,경기도 화성시 향남읍 상신하길로328번길 26,445938,18606,,1,,126.913519833356,37.1163515183668
MA0101202210A0032562,진성기업,,G2,소매,G221,기타 상품 소매,G22199,그 외 기타 상품 전문 소매업,G47859,그 외 기타 분류 안된 상품 전문 소매업,41,경기도,41610,광주시,41610570,광남2동,4161011000,태전동,4161011000100870094,1,대지,87,94,경기도 광주시 태전동 87-94,416104855046,경기도 광주시 태전중앙1길,5,,4161011000100870094000001,,경기도 광주시 태전중앙1길 5,464808,12788,,6,,127.228512212498,37.3822316844898
MA0101202210A0036493,진선테크,,G2,소매,G221,기타 상품 소매,G22199,그 외 기타 상품 전문 소매업,G47859,그 외 기타 분류 안된 상품 전문 소매업,48,경상남도,48250,김해시,48250565,칠산서부동,4825011300,이동,4825011300103100000,1,대지,310,,경상남도 김해시 이동 310,482504805772,경상남도 김해시 칠산로179번길,107,6,4825011300103100000011169,,경상남도 김해시 칠산로179번길 107-6,621160,51006,,,,128.842111011016,35.1963660530078
MA0101202210A0068376,클라우드9,,G2,소매,G221,기타 상품 소매,G22199,그 외 기타 상품 전문 소매업,G47859,그 외 기타 분류 안된 상품 전문 소매업,47,경상북도,47280,문경시,47280610,점촌5동,4728011000,모전동,4728011000108910003,1,대지,891,3,경상북도 문경시 모전동 891-3,472803018038,경상북도 문경시 당교로,200,,4728011000108910003026010,,경상북도 문경시 당교로 200,745883,36985,,1,,128.18508251442,36.5849222183347
MA0101202210A0101900,자연드림,,G2,소매,G221,기타 상품 소매,G22199,그 외 기타 상품 전문 소매업,G47859,그 외 기타 분류 안된 상품 전문 소매업,29,광주광역시,29200,광산구,29200610,월곡2동,2920012800,월곡동,2920012800105190005,1,대지,519,5,광주광역시 광산구 월곡동 519-5,292004289210,광주광역시 광산구 산정공원로28번길,29,,2920012800105190005001411,,광주광역시 광산구 산정공원로28번길 29,506826,62345,,,,126.80763576947,35.1709014482922
MA0101202210B0011417,에어라인PC,,G2,소매,G221,기타 상품 소매,G22199,그 외 기타 상품 전문 소매업,G47859,그 외 기타 분류 안된 상품 전문 소매업,47,경상북도,47290,경산시,47290541,서부1동,4729010900,옥산동,4729010900107580006,1,대지,758,6,경상북도 경산시 옥산동 758-6,472903313044,경상북도 경산시 성암로,95,,4729010900107580006008401,,경상북도 경산시 성암로 95,712800,38676,,,,128.727628325705,35.8246303565045
MA0101202210B0027837,태백산약초,,G2,소매,G221,기타 상품 소매,G22199,그 외 기타 상품 전문 소매업,G47859,그 외 기타 분류 안된 상품 전문 소매업,51,강원특별자치도,51750,영월군,51750250,영월읍,5175025022,영월읍,5175025022100050013,1,대지,5,13,강원특별자치도 영월군 영월읍 하송리 5-13,517504481131,강원특별자치도 영월군 영월읍 서부시장길,8,14,4275025022100050013018636,제,강원특별자치도 영월군 영월읍 서부시장길 8-14,230808,26236,,,,128.466144779198,37.1826753148273
MA0101202209A0094440,양키캔들이마트,죽전점,G2,소매,G221,기타 상품 소매,G22199,그 외 기타 상품 전문 소매업,G47813,"화장품, 비누 및 방향제 소매업",41,경기도,41465,용인시 수지구,41465550,죽전2동,4146510200,죽전동,4146510200112820000,1,대지,1282,,경기도 용인시 수지구 죽전동 1282,414652012014,경기도 용인시 수지구 포은대로,552,,4146510200112820000028768,양키캔들이마트,경기도 용인시 수지구 포은대로 552,448703,16896,,1,,127.109984065034,37.3253301991489
MA0101202210A0003768,상주아그로,,G2,소매,G221,기타 상품 소매,G22199,그 외 기타 상품 전문 소매업,G47859,그 외 기타 분류 안된 상품 전문 소매업,47,경상북도,47250,상주시,47250370,내서면,4725037027,내서면,4725037027101070007,1,대지,107,7,경상북도 상주시 내서면 낙서리 107-7,472503311045,경상북도 상주시 내서면 영남제일로,3005,,4725037027101060004037386,,경상북도 상주시 내서면 영남제일로 3005,742852,37151,,,,128.033550154928,36.397747006759
MA0101202210A0017166,수왕사우나여탕매점,,G2,소매,G221,기타 상품 소매,G22199,그 외 기타 상품 전문 소매업,G47859,그 외 기타 분류 안된 상품 전문 소매업,48,경상남도,48250,김해시,48250550,북부동,4825010700,삼계동,4825010700104070001,1,대지,407,1,경상남도 김해시 삼계동 407-1,482504805448,경상남도 김해시 삼계중앙로13번길,91,,4825010700104070001000001,,경상남도 김해시 삼계중앙로13번길 91,621070,50896,,2,,128.862608105713,35.2669759426771
MA0101202210A0046913,동림산업,,G2,소매,G221,기타 상품 소매,G22199,그 외 기타 상품 전문 소매업,G47859,그 외 기타 분류 안된 상품 전문 소매업,46,전라남도,46110,목포시,46110780,삼향동,4611016300,대양동,4611016300103180024,1,대지,318,24,전라남도 목포시 대양동 318-24,461104643073,전라남도 목포시 대박길,118,50,4611016300103180024000003,좌측,전라남도 목포시 대박길 118-50,530410,58603,,2,,126.419641912722,34.8369874185478
MA0101202209C0026386,유명인삼사,,G2,소매,G221,기타 상품 소매,G22199,그 외 기타 상품 전문 소매업,G47859,그 외 기타 분류 안된 상품 전문 소매업,47,경상북도,47210,영주시,47210250,풍기읍,4721025021,풍기읍,4721025021101200002,1,대지,120,2,경상북도 영주시 풍기읍 성내리 120-2,472103309075,경상북도 영주시 풍기읍 남원로,110,31,4721025021101200002012050,,경상북도 영주시 풍기읍 남원로 110-31,750805,36028,,,,128.523406657319,36.8694353269125
MA0101202209C0026735,불교출판사,,G2,소매,G221,기타 상품 소매,G22199,그 외 기타 상품 전문 소매업,G47859,그 외 기타 분류 안된 상품 전문 소매업,47,경상북도,47820,청도군,47820330,각북면,4782033029,각북면,4782033029106530000,1,대지,653,,경상북도 청도군 각북면 명대리 653,478204757170,경상북도 청도군 각북면 명대1길,39,8,4782033029106530000037416,,경상북도 청도군 각북면 명대1길 39-8,714843,38304,,,,128.625536715431,35.6492658219093
MA0101202210A0038712,성인샵,,G2,소매,G221,기타 상품 소매,G22199,그 외 기타 상품 전문 소매업,G47859,그 외 기타 분류 안된 상품 전문 소매업,43,충청북도,43112,청주시 서원구,43112310,남이면,4311231040,남이면,4311231040104550000,1,대지,455,,충청북도 청주시 서원구 남이면 부용외천리 455,431123236067,충청북도 청주시 서원구 남이면 청남로,839,,4371038025004550000031993,,충청북도 청주시 서원구 남이면 청남로 839,362814,28185,,,,127.429876172294,36.528634785449
MA0101202210A0077144,은혜사,,G2,소매,G221,기타 상품 소매,G22199,그 외 기타 상품 전문 소매업,G47859,그 외 기타 분류 안된 상품 전문 소매업,41,경기도,41117,수원시 영통구,41117550,원천동,4111710200,원천동,4111710200101960002,1,대지,196,2,경기도 수원시 영통구 원천동 196-2,411172012012,경기도 수원시 영통구 중부대로,406,,4111710200101960002001430,안쪽우측상가,경기도 수원시 영통구 중부대로 406,443822,16529,,,,127.059608532923,37.270511175776
MA0101202210A0006419,감성글램핑,,G2,소매,G221,기타 상품 소매,G22199,그 외 기타 상품 전문 소매업,G47859,그 외 기타 분류 안된 상품 전문 소매업,47,경상북도,47290,경산시,47290310,와촌면,4729031021,와촌면,4729031021100380002,1,대지,38,2,경상북도 경산시 와촌면 소월리 38-2,472904739466,경상북도 경산시 와촌면 소월1길,3,4,4729031021100380002067631,,경상북도 경산시 와촌면 소월1길 3-4,712843,38412,,,,128.834693575699,35.9442329848035
MA0101202210A0014892,동서,,G2,소매,G221,기타 상품 소매,G22199,그 외 기타 상품 전문 소매업,G47859,그 외 기타 분류 안된 상품 전문 소매업,48,경상남도,48310,거제시,48310550,옥포1동,4831010600,옥포동,4831010600105400008,1,대지,540,8,경상남도 거제시 옥포동 540-8,483104811498,경상남도 거제시 옥포로14길,5,2,4831010600105400008045002,드림하우스,경상남도 거제시 옥포로14길 5-2,656904,53229,,,,128.691813075923,34.8925341203629
MA0101202210A0015072,산들에약초,,G2,소매,G221,기타 상품 소매,G22199,그 외 기타 상품 전문 소매업,G47859,그 외 기타 분류 안된 상품 전문 소매업,47,경상북도,47230,영천시,47230370,임고면,4723037033,임고면,4723037033109710000,1,대지,971,,경상북도 영천시 임고면 매호리 971,472304730206,경상북도 영천시 임고면 매호운천길,195,,4723037033109710000000001,,경상북도 영천시 임고면 매호운천길 195,770861,38817,,,,128.958957122144,36.0123360426068
MA0101202210A0026571,이로움,,G2,소매,G221,기타 상품 소매,G22199,그 외 기타 상품 전문 소매업,G47859,그 외 기타 분류 안된 상품 전문 소매업,41,경기도,41480,파주시,41480540,교하동,4148011500,문발동,4148011500105310006,1,대지,531,6,경기도 파주시 문발동 531-6,414804418895,경기도 파주시 회동길,77,3,4148025929105310006002819,효남빌딩,경기도 파주시 회동길 77-3,413070,10881,,,,126.686897092565,37.7061622370368
MA0101202210A0049521,구엄약초,,G2,소매,G221,기타 상품 소매,G22199,그 외 기타 상품 전문 소매업,G47859,그 외 기타 분류 안된 상품 전문 소매업,50,제주특별자치도,50110,제주시,50110690,도두동,5011012700,도두일동,5011012700112120000,1,대지,1212,,제주특별자치도 제주시 도두일동 1212,501104848347,제주특별자치도 제주시 오일장서길,26,,5011012700112070001000001,제,제주특별자치도 제주시 오일장서길 26,690241,63116,,,,126.474894018211,33.4972420771405
MA0101202211A0093260,다온,,G2,소매,G221,기타 상품 소매,G22199,그 외 기타 상품 전문 소매업,G47859,그 외 기타 분류 안된 상품 전문 소매업,47,경상북도,47113,포항시 북구,47113340,기계면,4711334022,기계면,4711334022110360004,1,대지,1036,4,경상북도 포항시 북구 기계면 지가리 1036-4,471134712043,경상북도 포항시 북구 기계면 기남길,320,1,4711334022110360004004630,,경상북도 포항시 북구 기계면 기남길 320-1,791824,37529,,2,,129.164871798081,36.0855982903513
MA0101202211A0095600,태선소방,,G2,소매,G221,기타 상품 소매,G22199,그 외 기타 상품 전문 소매업,G47859,그 외 기타 분류 안된 상품 전문 소매업,29,광주광역시,29155,남구,29155545,사직동,2915510300,서동,2915510300100520001,1,대지,52,1,광주광역시 남구 서동 52-1,291554283357,광주광역시 남구 서당골1길,1,,2915510300100520001030347,,광주광역시 남구 서당골1길 1,503817,61635,,,,126.904835279314,35.1455804388062
MA0101202211A0103221,드림Ⅰ보드카페,,G2,소매,G221,기타 상품 소매,G22199,그 외 기타 상품 전문 소매업,G47859,그 외 기타 분류 안된 상품 전문 소매업,36,세종특별자치시,36110,세종특별자치시,36110250,조치원읍,3611025024,조치원읍,3611025024100210017,1,대지,21,17,세종특별자치시 세종특별자치시 조치원읍 교리 21-17,361104574255,세종특별자치시 세종특별자치시 조치원읍 새내12길,45,,4473025024100210017038041,,세종특별자치시 세종특별자치시 조치원읍 새내12길 45,339801,30024,,,,127.300515615564,36.6025913194013
MA0101202211A0032511,길이엔씨,,G2,소매,G221,기타 상품 소매,G22199,그 외 기타 상품 전문 소매업,G47859,그 외 기타 분류 안된 상품 전문 소매업,41,경기도,41590,화성시,41590259,향남읍,4159025924,향남읍,4159025924108250003,1,대지,825,3,경기도 화성시 향남읍 상신리 825-3,415904430658,경기도 화성시 향남읍 상신초교길,3,22,4159025924108250003000001,,경기도 화성시 향남읍 상신초교길 3-22,445937,18622,,2,,126.904487196402,37.096494105199
MA0101202211A0036477,전남종묘농약사,,G2,소매,G221,기타 상품 소매,G22199,그 외 기타 상품 전문 소매업,G47859,그 외 기타 분류 안된 상품 전문 소매업,29,광주광역시,29155,남구,29155730,대촌동,2915511700,양촌동,2915511700107060000,1,대지,706,,광주광역시 남구 양촌동 706,291553161018,광주광역시 남구 포충로,145,,2915511700107060000017090,,광주광역시 남구 포충로 145,503210,61759,,,,126.793170235421,35.0614429896862
MA0101202211A0079818,마루산업,,G2,소매,G221,기타 상품 소매,G22199,그 외 기타 상품 전문 소매업,G47859,그 외 기타 분류 안된 상품 전문 소매업,47,경상북도,47170,안동시,47170340,풍천면,4717034022,풍천면,4717034022103020000,1,대지,302,,경상북도 안동시 풍천면 도양리 302,471704721731,경상북도 안동시 풍천면 신방길,29,5,4717034022103020000085367,,경상북도 안동시 풍천면 신방길 29-5,760813,36760,,,,128.494809327027,36.5580665453584
MA0101202211A0093371,오엠지,,G2,소매,G221,기타 상품 소매,G22199,그 외 기타 상품 전문 소매업,G47859,그 외 기타 분류 안된 상품 전문 소매업,41,경기도,41273,안산시 단원구,41273545,원곡동,4127310800,원곡동,4127310800107410003,1,대지,741,3,경기도 안산시 단원구 원곡동 741-3,412733191057,경기도 안산시 단원구 원곡공원로,14,1,4127310800107410003016878,,경기도 안산시 단원구 원곡공원로 14-1,425845,15376,,1,,126.792883750153,37.3332732817575
MA0101202211A0103239,삼천푸드,,G2,소매,G221,기타 상품 소매,G22199,그 외 기타 상품 전문 소매업,G47859,그 외 기타 분류 안된 상품 전문 소매업,52,전북특별자치도,52111,전주시 완산구,52111701,삼천1동,5211113700,삼천동1가,5211113700105940006,1,대지,594,6,전북특별자치도 전주시 완산구 삼천동1가 594-6,521114598221,전북특별자치도 전주시 완산구 송정1길,22,,4511113700105940006007986,,전북특별자치도 전주시 완산구 송정1길 22,560811,55084,,,,127.117687727293,35.7991743307318
MA0101202211B0056284,산양삼연구단지,,G2,소매,G221,기타 상품 소매,G22199,그 외 기타 상품 전문 소매업,G47859,그 외 기타 분류 안된 상품 전문 소매업,48,경상남도,48870,함양군,48870250,함양읍,4887025024,함양읍,4887025024110430000,1,대지,1043,,경상남도 함양군 함양읍 교산리 1043,488704838095,경상남도 함양군 함양읍 대맛길,107,,4887025024110430000000001,항노화유통센터,경상남도 함양군 함양읍 대맛길 107,676801,50028,,,,127.719770815516,35.5270865355426
MA0101202211A0011745,동양미싱,,G2,소매,G221,기타 상품 소매,G22199,그 외 기타 상품 전문 소매업,G47859,그 외 기타 분류 안된 상품 전문 소매업,26,부산광역시,26380,사하구,26380520,괴정2동,2638010100,괴정동,2638010100102030010,1,대지,203,10,부산광역시 사하구 괴정동 203-10,263804202242,부산광역시 사하구 대티로59번길,40,,2638010100102030010028213,,부산광역시 사하구 대티로59번길 40,604808,49320,,,,129.003634630993,35.1062964110829
MA0101202211A0017892,진미싱,,G2,소매,G221,기타 상품 소매,G22199,그 외 기타 상품 전문 소매업,G47859,그 외 기타 분류 안된 상품 전문 소매업,41,경기도,41273,안산시 단원구,41273510,와동,4127310200,와동,4127310200107130006,1,대지,713,6,경기도 안산시 단원구 와동 713-6,412733191053,경기도 안산시 단원구 와동로,77,,4127310200107130006036652,,경기도 안산시 단원구 와동로 77,425841,15254,,,,126.828588845512,37.3369975900218
MA0101202211A0020172,진성기획,,G2,소매,G221,기타 상품 소매,G22199,그 외 기타 상품 전문 소매업,G47859,그 외 기타 분류 안된 상품 전문 소매업,41,경기도,41113,수원시 권선구,41113560,서둔동,4111313100,서둔동,4111313100103330022,1,대지,333,22,경기도 수원시 권선구 서둔동 333-22,411134325359,경기도 수원시 권선구 세화로121번길,16,,4111313100103330022023950,,경기도 수원시 권선구 세화로121번길 16,441100,16619,,1,,126.994701537124,37.2623085625133
MA0101202211A0047155,미율창원,,G2,소매,G221,기타 상품 소매,G22199,그 외 기타 상품 전문 소매업,G47859,그 외 기타 분류 안된 상품 전문 소매업,48,경상남도,48123,창원시 성산구,48123515,용지동,4812313600,신월동,4812313600100840016,1,대지,84,16,경상남도 창원시 성산구 신월동 84-16,481234781128,경상남도 창원시 성산구 동산로181번길,20,1,4812112600100840016031790,,경상남도 창원시 성산구 동산로181번길 20-1,641838,51441,,,,128.692572364073,35.2251351179502
MA0101202212A0028011,유진상자,,G2,소매,G221,기타 상품 소매,G22199,그 외 기타 상품 전문 소매업,G47859,그 외 기타 분류 안된 상품 전문 소매업,46,전라남도,46110,목포시,46110660,유달동,4611015500,금화동,4611015500100050006,1,대지,5,6,전라남도 목포시 금화동 5-6,461103281090,전라남도 목포시 해안로,125,1,4611015500100050006015281,,전라남도 목포시 해안로 125-1,530050,58758,,,,126.378082354789,34.7809497449296
MA0101202211A0049193,카르베유통센타,,G2,소매,G221,기타 상품 소매,G22199,그 외 기타 상품 전문 소매업,G47859,그 외 기타 분류 안된 상품 전문 소매업,30,대전광역시,30200,유성구,30200546,노은1동,3020011900,노은동,3020011900105340006,1,대지,534,6,대전광역시 유성구 노은동 534-6,302004301071,대전광역시 유성구 노은동로79번길,25,,3020011900105340006010094,더원빌딩,대전광역시 유성구 노은동로79번길 25,305325,34091,,,,127.321817049153,36.3675952319765
MA0101202211A0056846,애플쉴드,,G2,소매,G221,기타 상품 소매,G22199,그 외 기타 상품 전문 소매업,G47859,그 외 기타 분류 안된 상품 전문 소매업,11,서울특별시,11500,강서구,11500603,가양1동,1150010500,마곡동,1150010500107970001,1,대지,797,1,서울특별시 강서구 마곡동 797-1,115002005007,서울특별시 강서구 공항대로,247,,1150010500107970001000001,퀸즈파크나인,서울특별시 강서구 공항대로 247,157805,07803,,,,126.834826246372,37.5593494549899
MA0101202211A0077992,신비의산약초,,G2,소매,G221,기타 상품 소매,G22199,그 외 기타 상품 전문 소매업,G47859,그 외 기타 분류 안된 상품 전문 소매업,30,대전광역시,30110,동구,30110560,용운동,3011010900,용운동,3011010900102410008,1,대지,241,8,대전광역시 동구 용운동 241-8,301104292437,대전광역시 동구 용운로205번길,68,15,3011010900102410008023707,,대전광역시 동구 용운로205번길 68-15,300820,34521,,,,127.466203383975,36.3298736169638
MA0101202211A0091559,시대로,,G2,소매,G221,기타 상품 소매,G22199,그 외 기타 상품 전문 소매업,G47216,"빵류, 과자류 및 당류 소매업",52,전북특별자치도,52111,전주시 완산구,52111510,중앙동,5211111900,태평동,5211111900101700003,1,대지,170,3,전북특별자치도 전주시 완산구 태평동 170-3,521114598124,전북특별자치도 전주시 완산구 물레방아1길,43,11,4511111900101700003033749,우측,전북특별자치도 전주시 완산구 물레방아1길 43-11,560080,54998,,1,,127.135726936803,35.8225610794728
MA0101202211A0053024,제이엠컴퍼니,,G2,소매,G221,기타 상품 소매,G22199,그 외 기타 상품 전문 소매업,G47859,그 외 기타 분류 안된 상품 전문 소매업,41,경기도,41135,성남시 분당구,41135630,야탑2동,4113510700,야탑동,4113510700104580002,1,대지,458,2,경기도 성남시 분당구 야탑동 458-2,411354340537,경기도 성남시 분당구 판교로592번길,25,,4113510700104580001000001,,경기도 성남시 분당구 판교로592번길 25,463839,13515,,,,127.137694054219,37.4054294408441
MA0101202211A0099771,제이비산업,,G2,소매,G221,기타 상품 소매,G22199,그 외 기타 상품 전문 소매업,G47859,그 외 기타 분류 안된 상품 전문 소매업,41,경기도,41210,광명시,41210660,학온동,4121010500,노온사동,4121010500105770075,1,대지,577,75,경기도 광명시 노온사동 577-75,412103000122,경기도 광명시 광명로,377,,4121010500105770075014693,,경기도 광명시 광명로 377,423080,14336,,,,126.846219495644,37.4344043563225
MA0101202212A0000950,동명인삼,,G2,소매,G221,기타 상품 소매,G22199,그 외 기타 상품 전문 소매업,G47859,그 외 기타 분류 안된 상품 전문 소매업,48,경상남도,48170,진주시,48170565,중앙동,4817011700,장대동,4817011700101250001,1,대지,125,1,경상남도 진주시 장대동 125-1,481704797246,경상남도 진주시 진양호로569번길,11,,4817011700101250001004130,,경상남도 진주시 진양호로569번길 11,660170,52755,,,,128.086985624287,35.1949647817903
MA0101202211A0012103,달리삭스아론점,,G2,소매,G221,기타 상품 소매,G22199,그 외 기타 상품 전문 소매업,G47859,그 외 기타 분류 안된 상품 전문 소매업,47,경상북도,47113,포항시 북구,47113520,중앙동,4711310100,대흥동,4711310100105060001,1,대지,506,1,경상북도 포항시 북구 대흥동 506-1,471134712651,경상북도 포항시 북구 중앙상가4길,16,,4711310100105060000108544,,경상북도 포항시 북구 중앙상가4길 16,791080,37737,,,,129.364466422717,36.0378024741693
MA0101202211A0014099,삼손창호,,G2,소매,G221,기타 상품 소매,G22199,그 외 기타 상품 전문 소매업,G47859,그 외 기타 분류 안된 상품 전문 소매업,47,경상북도,47760,영양군,47760320,청기면,4776032041,청기면,4776032041105240001,1,대지,524,1,경상북도 영양군 청기면 토구리 524-1,477604751208,경상북도 영양군 청기면 양지마을길,15,72,4776032041105240001000001,,경상북도 영양군 청기면 양지마을길 15-72,764842,36504,,,,129.042167547745,36.7145984627688
MA0101202211A0018295,위드슈슈,,G2,소매,G221,기타 상품 소매,G22199,그 외 기타 상품 전문 소매업,G47859,그 외 기타 분류 안된 상품 전문 소매업,47,경상북도,47290,경산시,47290542,서부2동,4729011100,정평동,4729011100102300023,1,대지,230,23,경상북도 경산시 정평동 230-23,472904739028,경상북도 경산시 강변서로53길,24,,4729011100102300024007298,,경상북도 경산시 강변서로53길 24,712110,38655,,,,128.729709271258,35.8307821667956
MA0101202211A0035032,새만금수석,,G2,소매,G221,기타 상품 소매,G22199,그 외 기타 상품 전문 소매업,G47859,그 외 기타 분류 안된 상품 전문 소매업,52,전북특별자치도,52130,군산시,52130550,신풍동,5213011000,문화동,5213011000108970008,1,대지,897,8,전북특별자치도 군산시 문화동 897-8,521303268104,전북특별자치도 군산시 팔마로,37,,4513011000108970008027771,,전북특별자치도 군산시 팔마로 37,573874,54115,,1,,126.705079098464,35.9737572255076
MA0101202211A0061319,키오스크이피앤켈러,,G2,소매,G221,기타 상품 소매,G22199,그 외 기타 상품 전문 소매업,G47859,그 외 기타 분류 안된 상품 전문 소매업,11,서울특별시,11380,은평구,11380552,갈현2동,1138010400,갈현동,1138010400104810006,1,대지,481,6,서울특별시 은평구 갈현동 481-6,113804133156,서울특별시 은평구 연서로25길,6,7,1138010400104810006045320,,서울특별시 은평구 연서로25길 6-7,122959,03333,,1,,126.918017591208,37.617054991955
MA0101202212A0000309,대박아그로,,G2,소매,G221,기타 상품 소매,G22199,그 외 기타 상품 전문 소매업,G47859,그 외 기타 분류 안된 상품 전문 소매업,30,대전광역시,30170,서구,30170540,변동,3017010200,변동,3017010200100810007,1,대지,81,7,대전광역시 서구 변동 81-7,301704298387,대전광역시 서구 배재로220번길,25,7,3017010200100810007000001,,대전광역시 서구 배재로220번길 25-7,302838,35327,,,,127.371949761226,36.3280232430735
MA0101202212A0023750,아이엘씨도버,코리아,G2,소매,G221,기타 상품 소매,G22199,그 외 기타 상품 전문 소매업,G47859,그 외 기타 분류 안된 상품 전문 소매업,11,서울특별시,11560,영등포구,11560550,당산1동,1156011100,당산동1가,1156011100104590000,1,대지,459,,서울특별시 영등포구 당산동1가 459,115603118022,서울특별시 영등포구 영등포로,150,,1156011100100120001030735,생각공장,서울특별시 영등포구 영등포로 150,150041,07292,,12,,126.897546608877,37.5205874555442
MA0101202211A0035056,미율상주,,G2,소매,G221,기타 상품 소매,G22199,그 외 기타 상품 전문 소매업,G47859,그 외 기타 분류 안된 상품 전문 소매업,47,경상북도,47250,상주시,47250560,동성동,4725010200,성동동,4725010200102030004,1,대지,203,4,경상북도 상주시 성동동 203-4,472503303047,경상북도 상주시 중앙로,252,1,4725010200102030004096173,,경상북도 상주시 중앙로 252-1,742020,37193,,1,,128.166073872245,36.415792428452
MA0101202211A0045583,신화스치로폴,,G2,소매,G221,기타 상품 소매,G22199,그 외 기타 상품 전문 소매업,G47859,그 외 기타 분류 안된 상품 전문 소매업,31,울산광역시,31710,울주군,31710380,상북면,3171038024,상북면,3171038024101970000,1,대지,197,,울산광역시 울주군 상북면 길천리 197,317104319974,울산광역시 울주군 상북면 지화길,102,,3171038024101970000018214,,울산광역시 울주군 상북면 지화길 102,689821,44905,,1,,129.093727438716,35.5782370228769
MA0101202211A0070128,지우엔지니어링,,G2,소매,G221,기타 상품 소매,G22199,그 외 기타 상품 전문 소매업,G47859,그 외 기타 분류 안된 상품 전문 소매업,30,대전광역시,30170,서구,30170582,갈마2동,3017011100,갈마동,3017011100103750023,1,대지,375,23,대전광역시 서구 갈마동 375-23,301704298465,대전광역시 서구 신갈마로155번길,33,,3017011100103750023006051,,대전광역시 서구 신갈마로155번길 33,302172,35277,,3,,127.366404786837,36.3473345758724
MA0101202211A0074113,성인숍,,G2,소매,G221,기타 상품 소매,G22199,그 외 기타 상품 전문 소매업,G47859,그 외 기타 분류 안된 상품 전문 소매업,28,인천광역시,28177,미추홀구,28177520,숭의1.3동,2817710100,숭의동,2817710100101610024,1,대지,161,24,인천광역시 미추홀구 숭의동 161-24,281773151030,인천광역시 미추홀구 석정로,56,,2817010100101610024083304,,인천광역시 미추홀구 석정로 56,402816,22170,,,,126.64454758845,37.4644150520014
MA0101202211A0022873,에스에이치종합안전,,G2,소매,G221,기타 상품 소매,G22199,그 외 기타 상품 전문 소매업,G47859,그 외 기타 분류 안된 상품 전문 소매업,28,인천광역시,28710,강화군,28710340,화도면,2871034027,화도면,2871034027105550000,1,대지,555,,인천광역시 강화군 화도면 흥왕리 555,287103157038,인천광역시 강화군 화도면 해안남로,1908,,2871034027105550000031742,,인천광역시 강화군 화도면 해안남로 1908,417863,23062,,,,126.418013266532,37.608656741568
MA0101202211A0029107,더편안함,,G2,소매,G221,기타 상품 소매,G22199,그 외 기타 상품 전문 소매업,G47859,그 외 기타 분류 안된 상품 전문 소매업,41,경기도,41287,고양시 일산서구,41287560,주엽2동,4128710200,주엽동,4128710200100300002,1,대지,30,2,경기도 고양시 일산서구 주엽동 30-2,412873194026,경기도 고양시 일산서구 대산로,123,,4128710200100300002002344,현대프라자,경기도 고양시 일산서구 대산로 123,411838,10388,,3,,126.763624010734,37.6742482851777
MA0101202211A0031265,에코로보,,G2,소매,G221,기타 상품 소매,G22199,그 외 기타 상품 전문 소매업,G47859,그 외 기타 분류 안된 상품 전문 소매업,11,서울특별시,11170,용산구,11170510,후암동,1117010100,후암동,1117010100101420037,1,대지,142,37,서울특별시 용산구 후암동 142-37,111704106399,서울특별시 용산구 한강대로102다길,31,3,1117010100101420037027238,,서울특별시 용산구 한강대로102다길 31-3,140900,04333,,,,126.974877911,37.5483079653666
MA0101202211A0094198,영화세이프티,,G2,소매,G221,기타 상품 소매,G22199,그 외 기타 상품 전문 소매업,G47859,그 외 기타 분류 안된 상품 전문 소매업,41,경기도,41285,고양시 일산동구,41285590,장항2동,4128510400,장항동,4128510400107600000,1,대지,760,,경기도 고양시 일산동구 장항동 760,412853193011,경기도 고양시 일산동구 무궁화로,18,,4128510400107600000009277,남정씨티프라자,경기도 고양시 일산동구 무궁화로 18,410837,10401,,,,126.766893788779,37.6617131720204
MA0101202212A0008808,엠앤제이플러스,,G2,소매,G221,기타 상품 소매,G22199,그 외 기타 상품 전문 소매업,G47859,그 외 기타 분류 안된 상품 전문 소매업,51,강원특별자치도,51110,춘천시,51110675,강남동,5111012100,온의동,5111012100105210007,1,대지,521,7,강원특별자치도 춘천시 온의동 521-7,511104454708,강원특별자치도 춘천시 충혼길24번길,14,1,4211012100105210007018726,,강원특별자치도 춘천시 충혼길24번길 14-1,200938,24436,,,,127.720814667182,37.8629319272305
MA0101202211A0072319,혜성인더스,,G2,소매,G221,기타 상품 소매,G22199,그 외 기타 상품 전문 소매업,G47859,그 외 기타 분류 안된 상품 전문 소매업,46,전라남도,46110,목포시,46110800,부흥동,4611016400,옥암동,4611016400110510004,1,대지,1051,4,전라남도 목포시 옥암동 1051-4,461104643232,전라남도 목포시 복산길12번길,30,,4611016400110510004000498,,전라남도 목포시 복산길12번길 30,530847,58686,,,,126.435836649683,34.8059835168132
MA0101202211B0034371,복음당건재한약,,G2,소매,G221,기타 상품 소매,G22199,그 외 기타 상품 전문 소매업,G47859,그 외 기타 분류 안된 상품 전문 소매업,46,전라남도,46110,목포시,46110510,용당1동,4611010100,용당동,4611010100110490037,1,대지,1049,37,전라남도 목포시 용당동 1049-37,461104643134,전라남도 목포시 동부로21번길,16,,4611010100110490037025313,,전라남도 목포시 동부로21번길 16,530361,58652,,,,126.392784748734,34.8051723801622
MA0101202212A0007321,전자담배액상,,G2,소매,G221,기타 상품 소매,G22199,그 외 기타 상품 전문 소매업,G47859,그 외 기타 분류 안된 상품 전문 소매업,41,경기도,41465,용인시 수지구,41465585,상현3동,4146510700,상현동,4146510700103540001,1,대지,354,1,경기도 용인시 수지구 상현동 354-1,414653205007,경기도 용인시 수지구 상현로,5,,4146510700103540001026571,상현프라자,경기도 용인시 수지구 상현로 5,448130,16938,,,,127.074883945366,37.3030389989751
MA0101202212A0026524,삼공원예사,,G2,소매,G221,기타 상품 소매,G22199,그 외 기타 상품 전문 소매업,G47859,그 외 기타 분류 안된 상품 전문 소매업,46,전라남도,46830,영암군,46830250,영암읍,4683025023,영암읍,4683025023100350008,1,대지,35,8,전라남도 영암군 영암읍 서남리 35-8,468303295016,전라남도 영암군 영암읍 남문로,6,,4683025023100350008017917,,전라남도 영암군 영암읍 남문로 6,526802,58417,,,,126.697174294073,34.7986395192106
MA0101202212A0027768,만다라,,G2,소매,G221,기타 상품 소매,G22199,그 외 기타 상품 전문 소매업,G47859,그 외 기타 분류 안된 상품 전문 소매업,41,경기도,41220,평택시,41220630,비전2동,4122011800,비전동,4122011800108080006,1,대지,808,6,경기도 평택시 비전동 808-6,412203188121,경기도 평택시 평택5로,202,,4122011800108080006017766,,경기도 평택시 평택5로 202,450809,17882,,1,,127.102106528726,36.9972622468173
MA0101202211A0049809,백월불교용품,,G2,소매,G221,기타 상품 소매,G22199,그 외 기타 상품 전문 소매업,G47859,그 외 기타 분류 안된 상품 전문 소매업,48,경상남도,48121,창원시 의창구,48121310,북면,4812131025,북면,4812131025109050000,1,대지,905,,경상남도 창원시 의창구 북면 월백리 905,481214781243,경상남도 창원시 의창구 북면 백월로143번길,53,62,4812131025109050000048099,,경상남도 창원시 의창구 북면 백월로143번길 53-62,641872,51108,,,,128.627557523838,35.3269455601725
MA0101202211A0064147,더원안전,,G2,소매,G221,기타 상품 소매,G22199,그 외 기타 상품 전문 소매업,G47859,그 외 기타 분류 안된 상품 전문 소매업,28,인천광역시,28110,중구,28110615,개항동,2811014200,송월동1가,2811014200100010067,1,대지,1,67,인천광역시 중구 송월동1가 1-67,281103149065,인천광역시 중구 참외전로,61,,2811014200100010067010119,상가,인천광역시 중구 참외전로 61,400221,22308,,1,,126.626951701377,37.4795878052904
MA0101202211A0072474,리우,,G2,소매,G221,기타 상품 소매,G22199,그 외 기타 상품 전문 소매업,G47859,그 외 기타 분류 안된 상품 전문 소매업,52,전북특별자치도,52720,진안군,52720250,진안읍,5272025021,진안읍,5272025021100600001,1,대지,60,1,전북특별자치도 진안군 진안읍 군상리 60-1,527203274027,전북특별자치도 진안군 진안읍 쇠징계로,42,,4572025021100600001024306,,전북특별자치도 진안군 진안읍 쇠징계로 42,567804,55422,,1,,127.434656254086,35.8021233847682
MA0101202211A0086458,썸씽-뉴,,G2,소매,G221,기타 상품 소매,G22199,그 외 기타 상품 전문 소매업,G47859,그 외 기타 분류 안된 상품 전문 소매업,41,경기도,41171,안양시 만안구,41171560,안양6동,4117110100,안양동,4117110100105110001,1,대지,511,1,경기도 안양시 만안구 안양동 511-1,411714346169,경기도 안양시 만안구 수리산로48번길,5,,4117110100105110001010021,,경기도 안양시 만안구 수리산로48번길 5,430826,14034,,1,,126.931557715946,37.3888389278876
MA0101202212A0020653,엔비바디,,G2,소매,G221,기타 상품 소매,G22199,그 외 기타 상품 전문 소매업,G47859,그 외 기타 분류 안된 상품 전문 소매업,28,인천광역시,28185,연수구,28185830,송도2동,2818510600,송도동,2818510600100290008,1,대지,29,8,인천광역시 연수구 송도동 29-8,281853152013,인천광역시 연수구 센트럴로,313,,2818510600100290008000001,송도씨워크인테라스한라,인천광역시 연수구 센트럴로 313,406082,22006,,,,126.631517327849,37.4016287014149
MA0101202211A0051981,탐진남해화학,,G2,소매,G221,기타 상품 소매,G22199,그 외 기타 상품 전문 소매업,G47859,그 외 기타 분류 안된 상품 전문 소매업,46,전라남도,46810,강진군,46810250,강진읍,4681025030,강진읍,4681025030103760000,1,대지,376,,전라남도 강진군 강진읍 임천리 376,468103293064,전라남도 강진군 강진읍 해강로,1217,,4681025030103750002609209,,전라남도 강진군 강진읍 해강로 1217,527806,59247,,,,126.74523589202,34.616364549736
MA0101202211A0052000,운,,G2,소매,G221,기타 상품 소매,G22199,그 외 기타 상품 전문 소매업,G47859,그 외 기타 분류 안된 상품 전문 소매업,52,전북특별자치도,52710,완주군,52710256,용진읍,5271025626,용진읍,5271025626101230001,1,대지,123,1,전북특별자치도 완주군 용진읍 운곡리 123-1,527104619361,전북특별자치도 완주군 용진읍 지동봉계길,128,,4571025626101230001000001,,전북특별자치도 완주군 용진읍 지동봉계길 128,565811,55350,,,,127.190707020058,35.9117284165241
MA0101202211A0064220,엔와이코퍼레이션,,G2,소매,G221,기타 상품 소매,G22199,그 외 기타 상품 전문 소매업,G47859,그 외 기타 분류 안된 상품 전문 소매업,11,서울특별시,11170,용산구,11170625,한강로동,1117012800,한강로3가,1117012800100160091,1,대지,16,91,서울특별시 용산구 한강로3가 16-91,111703102008,서울특별시 용산구 이촌로,5,,1117012800100160091011448,한강그랜드오피스텔,서울특별시 용산구 이촌로 5,140879,04373,,,,126.955050833585,37.5311200128408
MA0101202211B0009383,수삼랜드105호,,G2,소매,G221,기타 상품 소매,G22199,그 외 기타 상품 전문 소매업,G47859,그 외 기타 분류 안된 상품 전문 소매업,44,충청남도,44710,금산군,44710250,금산읍,4471025022,금산읍,4471025022100160002,1,대지,16,2,충청남도 금산군 금산읍 중도리 16-2,447103257044,충청남도 금산군 금산읍 인삼약초로,42,,4471025022100160002020652,금산인삼농협,충청남도 금산군 금산읍 인삼약초로 42,312806,32739,,1,,127.497681451483,36.1004386406449
MA0101202212A0007745,제이전기,,G2,소매,G221,기타 상품 소매,G22199,그 외 기타 상품 전문 소매업,G47859,그 외 기타 분류 안된 상품 전문 소매업,47,경상북도,47170,안동시,47170555,용상동,4717011000,용상동,4717011000105350172,1,대지,535,172,경상북도 안동시 용상동 535-172,471704721311,경상북도 안동시 마들7길,18,,4717011000105350172000001,,경상북도 안동시 마들7길 18,760901,36724,,,,128.763522343536,36.5502853794614
MA0101202212A0014981,안녕엄마,,G2,소매,G221,기타 상품 소매,G22199,그 외 기타 상품 전문 소매업,G47859,그 외 기타 분류 안된 상품 전문 소매업,26,부산광역시,26140,서구,26140540,서대신1동,2614010500,서대신동2가,2614010500100280015,1,대지,28,15,부산광역시 서구 서대신동2가 28-15,261404178116,부산광역시 서구 대영로45번길,38,,2614010500100280015004575,,부산광역시 서구 대영로45번길 38,602819,49227,,1,,129.015675411707,35.1111883847742
MA0101202211A0055948,청춘풍선,,G2,소매,G221,기타 상품 소매,G22199,그 외 기타 상품 전문 소매업,G47859,그 외 기타 분류 안된 상품 전문 소매업,46,전라남도,46150,순천시,46150560,조곡동,4615011100,조곡동,4615011100101390003,1,대지,139,3,전라남도 순천시 조곡동 139-3,461504649664,전라남도 순천시 역전길,34,,4615011100101390003002858,청춘창고,전라남도 순천시 역전길 34,540963,57964,,,,127.49875047318,34.9480037209415
MA0101202211A0070858,라부넬,,G2,소매,G221,기타 상품 소매,G22199,그 외 기타 상품 전문 소매업,G47859,그 외 기타 분류 안된 상품 전문 소매업,48,경상남도,48330,양산시,48330510,중앙동,4833010300,중부동,4833010300104230005,1,대지,423,5,경상남도 양산시 중부동 423-5,483303338098,경상남도 양산시 중앙로,133,,4833010300104230008056881,남부시장,경상남도 양산시 중앙로 133,626050,50621,,2,,129.037231142206,35.3424434083234
MA0101202211A0081037,에코앤아그로,,G2,소매,G221,기타 상품 소매,G22199,그 외 기타 상품 전문 소매업,G47859,그 외 기타 분류 안된 상품 전문 소매업,47,경상북도,47113,포항시 북구,47113250,흥해읍,4711325031,흥해읍,4711325031100030000,1,대지,3,,경상북도 포항시 북구 흥해읍 남송리 3,471133304044,경상북도 포항시 북구 흥해읍 한동로,558,,4711325031100260001041572,한동대학교,경상북도 포항시 북구 흥해읍 한동로 558,791708,37554,,,,129.38925830944,36.1022985169345
MA0101202212A0014296,아트수리,,G2,소매,G221,기타 상품 소매,G22199,그 외 기타 상품 전문 소매업,G47859,그 외 기타 분류 안된 상품 전문 소매업,27,대구광역시,27230,북구,27230725,태전1동,2723012600,태전동,2723012600102140008,1,대지,214,8,대구광역시 북구 태전동 214-8,272304235448,대구광역시 북구 태전로9길,30,,2723012600102140008045355,,대구광역시 북구 태전로9길 30,702863,41454,,,,128.540955870657,35.9244122451946
MA0101202211A0008937,동성불교상회,,G2,소매,G221,기타 상품 소매,G22199,그 외 기타 상품 전문 소매업,G47859,그 외 기타 분류 안된 상품 전문 소매업,44,충청남도,44270,당진시,44270510,당진1동,4427010100,읍내동,4427010100106560000,1,대지,656,,충청남도 당진시 읍내동 656,442704595137,충청남도 당진시 당진시장서길,14,4,4483025021106560000085816,,충청남도 당진시 당진시장서길 14-4,343924,31777,,,,126.629360522675,36.8894622629172
MA0101202211A0008972,마리텔,수송점,G2,소매,G221,기타 상품 소매,G22199,그 외 기타 상품 전문 소매업,G47859,그 외 기타 분류 안된 상품 전문 소매업,52,전북특별자치도,52130,군산시,52130690,수송동,5213014100,수송동,5213014100108460001,1,대지,846,1,전북특별자치도 군산시 수송동 846-1,521304604244,전북특별자치도 군산시 동수송2길,26,,4513014100108460001000001,코너쪽,전북특별자치도 군산시 동수송2길 26,573370,54091,,,,126.718413257328,35.9654528340185
MA0101202211A0037994,타키온,,G2,소매,G221,기타 상품 소매,G22199,그 외 기타 상품 전문 소매업,G47859,그 외 기타 분류 안된 상품 전문 소매업,51,강원특별자치도,51110,춘천시,51110310,동면,5111031023,동면,5111031023102040000,1,대지,204,,강원특별자치도 춘천시 동면 장학리 204,511103218038,강원특별자치도 춘천시 동면 춘천순환로,564,,4211031023102040000000001,,강원특별자치도 춘천시 동면 춘천순환로 564,200853,24213,,,,127.758462435172,37.8894349966805
MA0101202211A0046512,흥농종묘사,,G2,소매,G221,기타 상품 소매,G22199,그 외 기타 상품 전문 소매업,G47859,그 외 기타 분류 안된 상품 전문 소매업,48,경상남도,48125,창원시 마산합포구,48125630,오동동,4812512600,신포동2가,4812512600100170001,1,대지,17,1,경상남도 창원시 마산합포구 신포동2가 17-1,481253329059,경상남도 창원시 마산합포구 합포로,22,,4812512600100170001031056,제,경상남도 창원시 마산합포구 합포로 22,631859,51720,,,,128.574773678093,35.2026442282961
MA0101202211A0074935,버스카드충전소,,G2,소매,G221,기타 상품 소매,G22199,그 외 기타 상품 전문 소매업,G47859,그 외 기타 분류 안된 상품 전문 소매업,28,인천광역시,28200,남동구,28200583,만수6동,2820010300,만수동,2820010300110670000,1,대지,1067,,인천광역시 남동구 만수동 1067,282003153070,인천광역시 남동구 장승남로,37,1,2820010300110670000000001,가로판매대,인천광역시 남동구 장승남로 37-1,405868,21594,,,,126.736518785614,37.4435272083266
MA0101202212A0011107,티앤지바스,,G2,소매,G221,기타 상품 소매,G22199,그 외 기타 상품 전문 소매업,G47859,그 외 기타 분류 안된 상품 전문 소매업,11,서울특별시,11290,성북구,11290770,장위2동,1129013800,장위동,1129013800100450009,1,대지,45,9,서울특별시 성북구 장위동 45-9,112903005046,서울특별시 성북구 화랑로,285,,1129013800100450009054939,,서울특별시 성북구 화랑로 285,136142,02775,,지,,127.060231829074,37.6128604823654
MA0101202211A0027900,제이에스,,G2,소매,G221,기타 상품 소매,G22199,그 외 기타 상품 전문 소매업,G47859,그 외 기타 분류 안된 상품 전문 소매업,41,경기도,41360,남양주시,41360520,평내동,4136010200,평내동,4136010200102060003,1,대지,206,3,경기도 남양주시 평내동 206-3,413603000120,경기도 남양주시 경춘로,1287,,4136010200102060003004409,정우빌딩,경기도 남양주시 경춘로 1287,472936,12217,,,,127.235730380882,37.6493194768232
MA0101202211A0091049,드림월드기획,,G2,소매,G221,기타 상품 소매,G22199,그 외 기타 상품 전문 소매업,G47859,그 외 기타 분류 안된 상품 전문 소매업,29,광주광역시,29170,북구,29170661,두암1동,2917011400,두암동,2917011400108690006,1,대지,869,6,광주광역시 북구 두암동 869-6,291703162002,광주광역시 북구 군왕로,83,,2917011400108690006038021,,광주광역시 북구 군왕로 83,500809,61197,,1,,126.932448044792,35.1688540621114
MA0101202211A0099096,고려불교사,,G2,소매,G221,기타 상품 소매,G22199,그 외 기타 상품 전문 소매업,G47859,그 외 기타 분류 안된 상품 전문 소매업,52,전북특별자치도,52130,군산시,52130640,흥남동,5213012700,대명동,5213012700101680001,1,대지,168,1,전북특별자치도 군산시 대명동 168-1,521304604202,전북특별자치도 군산시 대명1길,16,,4513012700101680001009618,,전북특별자치도 군산시 대명1길 16,573210,54029,,1,,126.719440211707,35.9822632597573
MA0101202211B0017384,수삼센타5호,,G2,소매,G221,기타 상품 소매,G22199,그 외 기타 상품 전문 소매업,G47859,그 외 기타 분류 안된 상품 전문 소매업,44,충청남도,44710,금산군,44710250,금산읍,4471025022,금산읍,4471025022100240000,1,대지,24,,충청남도 금산군 금산읍 중도리 24,447103257044,충청남도 금산군 금산읍 인삼약초로,24,,4471025022100240000017736,,충청남도 금산군 금산읍 인삼약초로 24,312806,32739,,,,127.496457788994,36.1001012577521
MA0101202212A0017183,그린쇼파,,G2,소매,G221,기타 상품 소매,G22199,그 외 기타 상품 전문 소매업,G47859,그 외 기타 분류 안된 상품 전문 소매업,47,경상북도,47230,영천시,47230520,중앙동,4723010400,문내동,4723010400101290001,1,대지,129,1,경상북도 영천시 문내동 129-1,472303310025,경상북도 영천시 최무선로,314,,4723010400101290001011302,,경상북도 영천시 최무선로 314,770020,38853,,,,128.933598111473,35.9680453599916
MA0101202211A0017603,영일산업,,G2,소매,G221,기타 상품 소매,G22199,그 외 기타 상품 전문 소매업,G47859,그 외 기타 분류 안된 상품 전문 소매업,48,경상남도,48730,함안군,48730320,군북면,4873032030,군북면,4873032030100170003,1,대지,17,3,경상남도 함안군 군북면 장지리 17-3,487304820469,경상남도 함안군 군북면 장지1길,140,95,4873032030100170003000001,,경상남도 함안군 군북면 장지1길 140-95,637824,52063,,,,128.348767239574,35.2855675161189
MA0101202211A0052499,무갑산상회,,G2,소매,G221,기타 상품 소매,G22199,그 외 기타 상품 전문 소매업,G47859,그 외 기타 분류 안된 상품 전문 소매업,41,경기도,41610,광주시,41610340,퇴촌면,4161034022,퇴촌면,4161034022100960015,1,대지,96,15,경기도 광주시 퇴촌면 관음리 96-15,416104433336,경기도 광주시 퇴촌면 안도장골길,131,139,4161034022100960015000001,,경기도 광주시 퇴촌면 안도장골길 131-139,464842,12713,,,,127.364816581018,37.4491234394271
MA0101202211A0056394,태진소방,,G2,소매,G221,기타 상품 소매,G22199,그 외 기타 상품 전문 소매업,G47859,그 외 기타 분류 안된 상품 전문 소매업,41,경기도,41360,남양주시,41360262,오남읍,4136026223,오남읍,4136026223108260000,1,대지,826,,경기도 남양주시 오남읍 오남리 826,413604391553,경기도 남양주시 오남읍 양지로139번길,6,1,4136026223108260000008591,,경기도 남양주시 오남읍 양지로139번길 6-1,472883,12048,,,,127.202393431874,37.6912228280838
MA0101202211A0089050,오픈마인드,,G2,소매,G221,기타 상품 소매,G22199,그 외 기타 상품 전문 소매업,G47859,그 외 기타 분류 안된 상품 전문 소매업,11,서울특별시,11620,관악구,11620595,청룡동,1162010100,봉천동,1162010100108660020,1,대지,866,20,서울특별시 관악구 봉천동 866-20,116204160009,서울특별시 관악구 관악로15길,21,,1162010100108660020034334,,서울특별시 관악구 관악로15길 21,151836,08787,,1,,126.951248607316,37.4802297323212
MA0101202211A0075340,형통사,,G2,소매,G221,기타 상품 소매,G22199,그 외 기타 상품 전문 소매업,G47859,그 외 기타 분류 안된 상품 전문 소매업,43,충청북도,43114,청주시 청원구,43114540,율량.사천동,4311410400,사천동,4311410400102330069,1,대지,233,69,충청북도 청주시 청원구 사천동 233-69,431144508590,충청북도 청주시 청원구 율봉로56번길,18,,4311111600102330069038570,,충청북도 청주시 청원구 율봉로56번길 18,363220,28346,,,,127.476800085128,36.6638699282737
MA0101202212A0099520,서울태양,,G2,소매,G221,기타 상품 소매,G22199,그 외 기타 상품 전문 소매업,G47859,그 외 기타 분류 안된 상품 전문 소매업,11,서울특별시,11560,영등포구,11560515,영등포본동,1156013200,신길동,1156013200101940019,1,대지,194,19,서울특별시 영등포구 신길동 194-19,115604154340,서울특별시 영등포구 도신로53길,19,1,1156013200101940019015994,,서울특별시 영등포구 도신로53길 19-1,150838,07315,,1,,126.915326988759,37.5125105306283
MA0101202212C0033698,비비추꽃집,,G2,소매,G221,기타 상품 소매,G22199,그 외 기타 상품 전문 소매업,G47859,그 외 기타 분류 안된 상품 전문 소매업,48,경상남도,48220,통영시,48220530,명정동,4822010200,서호동,4822010200100680003,1,대지,68,3,경상남도 통영시 서호동 68-3,482204799004,경상남도 통영시 가죽고랑2길,24,,4822010200100680003030308,,경상남도 통영시 가죽고랑2길 24,650100,53062,,2,,128.418486835633,34.8439903179964
MA0101202301A0006752,베이비하우스대구,,G2,소매,G221,기타 상품 소매,G22199,그 외 기타 상품 전문 소매업,G47859,그 외 기타 분류 안된 상품 전문 소매업,27,대구광역시,27140,동구,27140720,안심1동,2714011800,율하동,2714011800112220000,1,대지,1222,,대구광역시 동구 율하동 1222,271403142029,대구광역시 동구 안심로,106,,2714011800103380000000001,,대구광역시 동구 안심로 106,701847,41098,,4,,128.696199182906,35.8670167922351
MA0101202301A0040865,보은산업,,G2,소매,G221,기타 상품 소매,G22199,그 외 기타 상품 전문 소매업,G47859,그 외 기타 분류 안된 상품 전문 소매업,52,전북특별자치도,52710,완주군,52710256,용진읍,5271025625,용진읍,5271025625104220017,1,대지,422,17,전북특별자치도 완주군 용진읍 간중리 422-17,527104619005,전북특별자치도 완주군 용진읍 간중길,110,,4571025625104220017000001,,전북특별자치도 완주군 용진읍 간중길 110,565811,55349,,,,127.189847873534,35.8906225709591
MA0101202301A0017889,오케이소방안전,,G2,소매,G221,기타 상품 소매,G22199,그 외 기타 상품 전문 소매업,G47859,그 외 기타 분류 안된 상품 전문 소매업,28,인천광역시,28237,부평구,28237648,삼산2동,2823710500,삼산동,2823710500104620003,1,대지,462,3,인천광역시 부평구 삼산동 462-3,282373154056,인천광역시 부평구 체육관로,18,,2823710500104620003110231,대경프라자,인천광역시 부평구 체육관로 18,403866,21344,,5,,126.733633161716,37.5083662321433
MA0101202301A0020256,과수,,G2,소매,G221,기타 상품 소매,G22199,그 외 기타 상품 전문 소매업,G47859,그 외 기타 분류 안된 상품 전문 소매업,48,경상남도,48740,창녕군,48740380,영산면,4874038021,영산면,4874038021102600001,1,대지,260,1,경상남도 창녕군 영산면 서리 260-1,487404823366,경상남도 창녕군 영산면 서리새동네길,11,1,4874038021102600001000001,,경상남도 창녕군 영산면 서리새동네길 11-1,635862,50342,,,,128.523159687954,35.4595326721156
MA0101202212A0060304,한국송이산삼,,G2,소매,G221,기타 상품 소매,G22199,그 외 기타 상품 전문 소매업,G47859,그 외 기타 분류 안된 상품 전문 소매업,11,서울특별시,11110,종로구,11110615,종로1.2.3.4가동,1111013600,인사동,1111013600100150000,1,대지,15,,서울특별시 종로구 인사동 15,111104100259,서울특별시 종로구 인사동길,24,,1111013600100150000014714,덕원빌딩,서울특별시 종로구 인사동길 24,110290,03163,,1,,126.986517898751,37.5729521318403
MA0101202212A0093650,금양바이오텍,,G2,소매,G221,기타 상품 소매,G22199,그 외 기타 상품 전문 소매업,G47859,그 외 기타 분류 안된 상품 전문 소매업,48,경상남도,48270,밀양시,48270380,무안면,4827038021,무안면,4827038021107670029,1,대지,767,29,경상남도 밀양시 무안면 무안리 767-29,482704808506,경상남도 밀양시 무안면 서부1길,31,,4827038021107670029076939,,경상남도 밀양시 무안면 서부1길 31,627874,50408,,,,128.65055269045,35.467374175825
MA0101202301A0011396,다온이앤씨,,G2,소매,G221,기타 상품 소매,G22199,그 외 기타 상품 전문 소매업,G47859,그 외 기타 분류 안된 상품 전문 소매업,50,제주특별자치도,50110,제주시,50110670,외도동,5011013800,도평동,5011013800113800001,1,대지,1380,1,제주특별자치도 제주시 도평동 1380-1,501104847482,제주특별자치도 제주시 대통길,116,,5011013800113800001000001,,제주특별자치도 제주시 대통길 116,690191,63075,,,,126.446322582601,33.4838192607414
MA0101202212A0052831,엔케이메디컬,,G2,소매,G221,기타 상품 소매,G22199,그 외 기타 상품 전문 소매업,G47859,그 외 기타 분류 안된 상품 전문 소매업,11,서울특별시,11560,영등포구,11560710,대림2동,1156013300,대림동,1156013300108610012,1,대지,861,12,서울특별시 영등포구 대림동 861-12,115603118027,서울특별시 영등포구 대림로,115,4,1156013300108610012002589,,서울특별시 영등포구 대림로 115-4,150819,07418,,,,126.901860244045,37.4918130242493
MA0101202212A0058640,베스트산업안전,,G2,소매,G221,기타 상품 소매,G22199,그 외 기타 상품 전문 소매업,G47859,그 외 기타 분류 안된 상품 전문 소매업,28,인천광역시,28237,부평구,28237592,청천2동,2823710400,청천동,2823710400101990051,1,대지,199,51,인천광역시 부평구 청천동 199-51,282373000065,인천광역시 부평구 길주로,505,,2823710400101990051001296,,인천광역시 부평구 길주로 505,403857,21334,,,,126.718207957841,37.5078619200941
MA0101202212A0062160,엔젤위켐하나바이오,,G2,소매,G221,기타 상품 소매,G22199,그 외 기타 상품 전문 소매업,G47859,그 외 기타 분류 안된 상품 전문 소매업,44,충청남도,44230,논산시,44230250,강경읍,4423025021,강경읍,4423025021100640009,1,대지,64,9,충청남도 논산시 강경읍 남교리 64-9,442303000095,충청남도 논산시 강경읍 계백로,178,1,4423025021100640009049538,,충청남도 논산시 강경읍 계백로 178-1,320901,32938,,,,127.019192673558,36.1590852770273
MA0101202212A0072087,한길계량증명업소,,G2,소매,G221,기타 상품 소매,G22199,그 외 기타 상품 전문 소매업,G47859,그 외 기타 분류 안된 상품 전문 소매업,51,강원특별자치도,51720,홍천군,51720320,두촌면,5172032021,두촌면,5172032021108470017,1,대지,847,17,강원특별자치도 홍천군 두촌면 철정리 847-17,517204475622,강원특별자치도 홍천군 두촌면 한계길,126,,4272032021108470017000001,,강원특별자치도 홍천군 두촌면 한계길 126,250822,25164,,,,127.993353518023,37.8078026467423
MA0101202212A0077882,바이오농자재,,G2,소매,G221,기타 상품 소매,G22199,그 외 기타 상품 전문 소매업,G47859,그 외 기타 분류 안된 상품 전문 소매업,41,경기도,41830,양평군,41830400,용문면,4183040022,용문면,4183040022101680001,1,대지,168,1,경기도 양평군 용문면 화전리 168-1,418303217031,경기도 양평군 용문면 화전로,86,,4183040022101680001002499,,경기도 양평군 용문면 화전로 86,476842,12524,,,,127.607334011637,37.4791113490966
MA0101202212A0091893,호남종신물산,,G2,소매,G221,기타 상품 소매,G22199,그 외 기타 상품 전문 소매업,G47859,그 외 기타 분류 안된 상품 전문 소매업,46,전라남도,46150,순천시,46150310,해룡면,4615031022,해룡면,4615031022111280003,1,대지,1128,3,전라남도 순천시 해룡면 신대리 1128-3,461503283041,전라남도 순천시 해룡면 신대로,212,43,4615031022111280003000001,,전라남도 순천시 해룡면 신대로 212-43,540853,58005,,,,127.550315692014,34.9436437364896
MA0101202212A0100100,브이에스갤러리,,G2,소매,G221,기타 상품 소매,G22199,그 외 기타 상품 전문 소매업,G47859,그 외 기타 분류 안된 상품 전문 소매업,50,제주특별자치도,50110,제주시,50110630,아라동,5011011700,아라일동,5011011700104540001,1,대지,454,1,제주특별자치도 제주시 아라일동 454-1,501103349179,제주특별자치도 제주시 제주대학로,21,1,5011011700104540001000001,,제주특별자치도 제주시 제주대학로 21-1,690121,63249,,,,126.552707250615,33.4575976486265
MA0101202212A0028392,까치유통,,G2,소매,G221,기타 상품 소매,G22199,그 외 기타 상품 전문 소매업,G47859,그 외 기타 분류 안된 상품 전문 소매업,51,강원특별자치도,51110,춘천시,51110310,동면,5111031023,동면,5111031023104250004,1,대지,425,4,강원특별자치도 춘천시 동면 장학리 425-4,511104454003,강원특별자치도 춘천시 동면 가래울길,57,,4211031023104250004061740,,강원특별자치도 춘천시 동면 가래울길 57,200853,24210,,,,127.754644865364,37.9185864337032
MA0101202212A0062247,제이투물산,,G2,소매,G221,기타 상품 소매,G22199,그 외 기타 상품 전문 소매업,G47859,그 외 기타 분류 안된 상품 전문 소매업,41,경기도,41281,고양시 덕양구,41281622,화정2동,4128112300,화정동,4128112300109810000,1,대지,981,,경기도 고양시 덕양구 화정동 981,412814376366,경기도 고양시 덕양구 화신로272번길,52,,4128112300109810000012931,원빈프라자,경기도 고양시 덕양구 화신로272번길 52,412827,10500,,,,126.831989418546,37.6331275564022
MA0101202212A0065996,스피드소방,,G2,소매,G221,기타 상품 소매,G22199,그 외 기타 상품 전문 소매업,G47859,그 외 기타 분류 안된 상품 전문 소매업,30,대전광역시,30110,동구,30110670,홍도동,3011011700,홍도동,3011011700101340004,1,대지,134,4,대전광역시 동구 홍도동 134-4,301104292408,대전광역시 동구 옛신탄진로67번길,4,,3011011700101340004007889,,대전광역시 동구 옛신탄진로67번길 4,300836,34560,,,,127.422534016594,36.3464463781915
MA0101202212A0066055,강남농약,,G2,소매,G221,기타 상품 소매,G22199,그 외 기타 상품 전문 소매업,G47859,그 외 기타 분류 안된 상품 전문 소매업,47,경상북도,47770,영덕군,47770320,남정면,4777032046,남정면,4777032046101830007,1,대지,183,7,경상북도 영덕군 남정면 남정리 183-7,477704754478,경상북도 영덕군 남정면 남정1길,28,15,4777032046101830007009482,,경상북도 영덕군 남정면 남정1길 28-15,766841,36461,,,,129.363120566507,36.3449340005307
MA0101202212A0068266,매직컴퓨터,,G2,소매,G221,기타 상품 소매,G22199,그 외 기타 상품 전문 소매업,G47859,그 외 기타 분류 안된 상품 전문 소매업,48,경상남도,48125,창원시 마산합포구,48125540,문화동,4812513200,월남동4가,4812513200100010003,1,대지,1,3,경상남도 창원시 마산합포구 월남동4가 1-3,481254787202,경상남도 창원시 마산합포구 문화남11길,3,,4812513200100010003043642,,경상남도 창원시 마산합포구 문화남11길 3,631380,51765,,,,128.559731395709,35.1837146195186
MA0101202212A0081929,마이미,,G2,소매,G221,기타 상품 소매,G22199,그 외 기타 상품 전문 소매업,G47859,그 외 기타 분류 안된 상품 전문 소매업,26,부산광역시,26380,사하구,26380540,괴정4동,2638010100,괴정동,2638010100110740033,1,대지,1074,33,부산광역시 사하구 괴정동 1074-33,263804202325,부산광역시 사하구 승학로161번길,55,,2638010100110740033025103,,부산광역시 사하구 승학로161번길 55,604813,49335,,,,128.984496037628,35.1043854069521
MA0101202301A0039607,금산약초,,G2,소매,G221,기타 상품 소매,G22199,그 외 기타 상품 전문 소매업,G47859,그 외 기타 분류 안된 상품 전문 소매업,26,부산광역시,26170,동구,26170570,수정2동,2617010200,수정동,2617010200108040015,1,대지,804,15,부산광역시 동구 수정동 804-15,261703127024,부산광역시 동구 수정동로,21,,2617010200108040015013219,,부산광역시 동구 수정동로 21,601818,48780,,,,129.045770105366,35.1301132677391
MA0101202212A0072320,우성건재철물,,G2,소매,G221,기타 상품 소매,G22199,그 외 기타 상품 전문 소매업,G47859,그 외 기타 분류 안된 상품 전문 소매업,44,충청남도,44150,공주시,44150380,우성면,4415038033,우성면,4415038033106210001,1,대지,621,1,충청남도 공주시 우성면 목천리 621-1,441504553395,충청남도 공주시 우성면 문촌길,73,1,4415038033106210001028849,,충청남도 공주시 우성면 문촌길 73-1,314861,32528,,,,127.114235838102,36.5039241618393
MA0101202212A0080039,문화불교사,,G2,소매,G221,기타 상품 소매,G22199,그 외 기타 상품 전문 소매업,G47859,그 외 기타 분류 안된 상품 전문 소매업,46,전라남도,46730,구례군,46730250,구례읍,4673025021,구례읍,4673025021103530002,1,대지,353,2,전라남도 구례군 구례읍 봉동리 353-2,467304664098,전라남도 구례군 구례읍 로터리길,24,,4673025021103530001017917,,전라남도 구례군 구례읍 로터리길 24,542804,57642,,,,127.467098430497,35.2090286445033
MA0101202212A0100288,더타이마사지,,G2,소매,G221,기타 상품 소매,G22199,그 외 기타 상품 전문 소매업,G47859,그 외 기타 분류 안된 상품 전문 소매업,46,전라남도,46770,고흥군,46770253,도양읍,4677025324,도양읍,4677025324127850006,1,대지,2785,6,전라남도 고흥군 도양읍 봉암리 2785-6,467703289018,전라남도 고흥군 도양읍 비봉로,167,,4677025324127850006065064,,전라남도 고흥군 도양읍 비봉로 167,548907,59558,,3,,127.135343230505,34.5264288999704
MA0101202301A0005205,효령보은,,G2,소매,G221,기타 상품 소매,G22199,그 외 기타 상품 전문 소매업,G47859,그 외 기타 분류 안된 상품 전문 소매업,29,광주광역시,29170,북구,29170695,건국동,2917013500,효령동,2917013500101000002,1,대지,100,2,광주광역시 북구 효령동 100-2,291703162049,광주광역시 북구 영락공원로,170,,2917013500101000002047303,영락공원,광주광역시 북구 영락공원로 170,500280,61044,,2,,126.91636907272,35.2309743164163
MA0101202301A0018460,스리진,,G2,소매,G221,기타 상품 소매,G22199,그 외 기타 상품 전문 소매업,G47859,그 외 기타 분류 안된 상품 전문 소매업,41,경기도,41590,화성시,41590330,마도면,4159033024,마도면,4159033024106620000,1,대지,662,,경기도 화성시 마도면 쌍송리 662,415904430357,경기도 화성시 마도면 마도공단로1길,8,,4159033024106620000000001,유통업무및지원,경기도 화성시 마도면 마도공단로1길 8,445861,18542,,,,126.790179097323,37.1857140045234
MA0101202212A0038893,삼죽농협경제사업소,,G2,소매,G221,기타 상품 소매,G22199,그 외 기타 상품 전문 소매업,G47859,그 외 기타 분류 안된 상품 전문 소매업,41,경기도,41550,안성시,41550410,삼죽면,4155041024,삼죽면,4155041024108360000,1,대지,836,,경기도 안성시 삼죽면 덕산리 836,415504424362,경기도 안성시 삼죽면 삼죽초교길,23,,4155041024108360000011093,,경기도 안성시 삼죽면 삼죽초교길 23,456882,17513,,,,127.372979611503,37.0749241917895
MA0101202301A0054037,"거북섬타워502호,512호",,G2,소매,G221,기타 상품 소매,G22199,그 외 기타 상품 전문 소매업,G47859,그 외 기타 분류 안된 상품 전문 소매업,41,경기도,41390,시흥시,41390650,거북섬동,4139013200,정왕동,4139013200127060011,1,대지,2706,11,경기도 시흥시 정왕동 2706-11,413904854721,경기도 시흥시 거북섬둘레길,5,7,4139013200127060011000001,,경기도 시흥시 거북섬둘레길 5-7,429450,15119,,,,126.675429525671,37.3254587578685
MA0101202212A0049347,나미,,G2,소매,G221,기타 상품 소매,G22199,그 외 기타 상품 전문 소매업,G47859,그 외 기타 분류 안된 상품 전문 소매업,41,경기도,41390,시흥시,41390650,거북섬동,4139013200,정왕동,4139013200127130005,1,대지,2713,5,경기도 시흥시 정왕동 2713-5,413903351812,경기도 시흥시 거북섬남로,47,,4139013200127130005000001,,경기도 시흥시 거북섬남로 47,429450,15119,,2,,126.687389908332,37.3225626157029
MA0101202212A0064442,은성산업,,G2,소매,G221,기타 상품 소매,G22199,그 외 기타 상품 전문 소매업,G47859,그 외 기타 분류 안된 상품 전문 소매업,52,전북특별자치도,52210,김제시,52210510,요촌동,5221010100,요촌동,5221010100103680052,1,대지,368,52,전북특별자치도 김제시 요촌동 368-52,522103272095,전북특별자치도 김제시 중앙로,72,,4521010100103680052056727,,전북특별자치도 김제시 중앙로 72,576806,54384,,,,126.883874513223,35.8051512230904
MA0101202212A0096518,영양과비료,,G2,소매,G221,기타 상품 소매,G22199,그 외 기타 상품 전문 소매업,G47859,그 외 기타 분류 안된 상품 전문 소매업,47,경상북도,47760,영양군,47760250,영양읍,4776025022,영양읍,4776025022103090003,1,대지,309,3,경상북도 영양군 영양읍 서부리 309-3,477604751356,경상북도 영양군 영양읍 황용천길,36,,4776025022103090003009539,,경상북도 영양군 영양읍 황용천길 36,764805,36541,,,,129.11516733474,36.6644915815794
MA0101202301A0000830,간이촌,,G2,소매,G221,기타 상품 소매,G22199,그 외 기타 상품 전문 소매업,G47859,그 외 기타 분류 안된 상품 전문 소매업,47,경상북도,47210,영주시,47210310,이산면,4721031027,이산면,4721031027101850002,1,대지,185,2,경상북도 영주시 이산면 운문리 185-2,472104727011,경상북도 영주시 이산면 간운로494번길,27,4,4721031027101850002000001,,경상북도 영주시 이산면 간운로494번길 27-4,750842,36170,,,,128.6722165435,36.7684413268464
MA0101202212A0094395,대경,,G2,소매,G221,기타 상품 소매,G22199,그 외 기타 상품 전문 소매업,G47859,그 외 기타 분류 안된 상품 전문 소매업,48,경상남도,48330,양산시,48330515,양주동,4833010300,중부동,4833010300106700006,1,대지,670,6,경상남도 양산시 중부동 670-6,483304814607,경상남도 양산시 양주5길,31,7,4833010300106700006000001,,경상남도 양산시 양주5길 31-7,626050,50620,,,,129.030205349186,35.341642491749
MA0101202301A0023635,미율광양,,G2,소매,G221,기타 상품 소매,G22199,그 외 기타 상품 전문 소매업,G47859,그 외 기타 분류 안된 상품 전문 소매업,46,전라남도,46230,광양시,46230530,중마동,4623010600,중동,4623010600113520006,1,대지,1352,6,전라남도 광양시 중동 1352-6,462303285032,전라남도 광양시 오류로,55,,4623010600113520006000001,,전라남도 광양시 오류로 55,545879,57784,,1,,127.694908205719,34.9435155922132
MA0101202301A0025705,익산원예농협자재센터,,G2,소매,G221,기타 상품 소매,G22199,그 외 기타 상품 전문 소매업,G47859,그 외 기타 분류 안된 상품 전문 소매업,52,전북특별자치도,52140,익산시,52140440,용동면,5214044023,용동면,5214044023102510000,1,대지,251,,전북특별자치도 익산시 용동면 용성리 251,521404607261,전북특별자치도 익산시 용동면 돈다산길,236,,4514044023102510000000002,,전북특별자치도 익산시 용동면 돈다산길 236,570871,54513,,,,126.986182644141,36.1157917422392
MA0101202212A0043432,동원상사,,G2,소매,G221,기타 상품 소매,G22199,그 외 기타 상품 전문 소매업,G47859,그 외 기타 분류 안된 상품 전문 소매업,48,경상남도,48250,김해시,48250600,불암동,4825012100,지내동,4825012100101630001,1,대지,163,1,경상남도 김해시 지내동 163-1,482504805214,경상남도 김해시 김해대로2715번길,4,,4825012100101630001086551,,경상남도 김해시 김해대로2715번길 4,621210,50828,,,,128.92377333856,35.228151156551
MA0101202212A0059342,남과여,,G2,소매,G221,기타 상품 소매,G22199,그 외 기타 상품 전문 소매업,G47859,그 외 기타 분류 안된 상품 전문 소매업,52,전북특별자치도,52130,군산시,52130710,소룡동,5213014600,소룡동,5213014600115330008,1,대지,1533,8,전북특별자치도 군산시 소룡동 1533-8,521303268007,전북특별자치도 군산시 공단대로,568,,4513014600115330008008341,,전북특별자치도 군산시 공단대로 568,573882,54014,,,,126.684081745265,35.9705134137926
MA0101202301A0003326,더바른기업,,G2,소매,G221,기타 상품 소매,G22199,그 외 기타 상품 전문 소매업,G47859,그 외 기타 분류 안된 상품 전문 소매업,50,제주특별자치도,50130,서귀포시,50130250,대정읍,5013025024,대정읍,5013025024102020001,1,대지,202,1,제주특별자치도 서귀포시 대정읍 인성리 202-1,501303350239,제주특별자치도 서귀포시 대정읍 인성로,4,,5013025024102020001000001,,제주특별자치도 서귀포시 대정읍 인성로 4,699931,63511,,,,126.282069970058,33.2483182686876
MA0101202301A0036830,반야불교용품,,G2,소매,G221,기타 상품 소매,G22199,그 외 기타 상품 전문 소매업,G47859,그 외 기타 분류 안된 상품 전문 소매업,11,서울특별시,11320,도봉구,11320710,방학3동,1132010600,방학동,1132010600105600006,1,대지,560,6,서울특별시 도봉구 방학동 560-6,113204127218,서울특별시 도봉구 방학로17길,55,,1132010600105600006000001,,서울특별시 도봉구 방학로17길 55,132836,01360,,1,,127.021193478402,37.6614640779127
MA0101202212A0064922,신화,,G2,소매,G221,기타 상품 소매,G22199,그 외 기타 상품 전문 소매업,G47859,그 외 기타 분류 안된 상품 전문 소매업,26,부산광역시,26230,부산진구,26230560,양정1동,2623010100,양정동,2623010100103660023,1,대지,366,23,부산광역시 부산진구 양정동 366-23,262304187748,부산광역시 부산진구 진남로483번길,16,,2623010100103660023019104,,부산광역시 부산진구 진남로483번길 16,614853,47234,,,,129.06961035497,35.1679536315354
MA0101202212A0069176,동충주농업협동조합경제사업장,,G2,소매,G221,기타 상품 소매,G22199,그 외 기타 상품 전문 소매업,G47859,그 외 기타 분류 안된 상품 전문 소매업,43,충청북도,43130,충주시,43130420,엄정면,4313042025,엄정면,4313042025102180000,1,대지,218,,충청북도 충주시 엄정면 미내리 218,431304514993,충청북도 충주시 엄정면 엄정길,71,,4313042025102180000000001,,충청북도 충주시 엄정면 엄정길 71,380843,27313,,,,127.913276872692,37.0846901646545
MA0101202212A0101109,제이엠안전,,G2,소매,G221,기타 상품 소매,G22199,그 외 기타 상품 전문 소매업,G47859,그 외 기타 분류 안된 상품 전문 소매업,46,전라남도,46110,목포시,46110595,목원동,4611011100,명륜동,4611011100100060002,1,대지,6,2,전라남도 목포시 명륜동 6-2,461103281095,전라남도 목포시 영산로,93,1,4611011100100060002046810,,전라남도 목포시 영산로 93-1,530270,58728,,,,126.385513189896,34.7910200305074
MA0101202301A0001373,천궁사불교용품,,G2,소매,G221,기타 상품 소매,G22199,그 외 기타 상품 전문 소매업,G47859,그 외 기타 분류 안된 상품 전문 소매업,41,경기도,41650,포천시,41650320,내촌면,4165032024,내촌면,4165032024101920001,1,대지,192,1,경기도 포천시 내촌면 내리 192-1,416504439114,경기도 포천시 내촌면 내촌로183번길,35,49,4165032024101920001000001,,경기도 포천시 내촌면 내촌로183번길 35-49,487831,11189,,,,127.229086447037,37.7991278336002
MA0101202301A0017085,농부의창고,,G2,소매,G221,기타 상품 소매,G22199,그 외 기타 상품 전문 소매업,G47859,그 외 기타 분류 안된 상품 전문 소매업,51,강원특별자치도,51720,홍천군,51720370,서면,5172037029,서면,5172037029104830002,1,대지,483,2,강원특별자치도 홍천군 서면 모곡리 483-2,517203225018,강원특별자치도 홍천군 서면 모곡로,83,4,4272037029104830002021079,,강원특별자치도 홍천군 서면 모곡로 83-4,250855,25100,,,,127.596150232846,37.6931601468188
MA0101202212A0047927,연우테크,,G2,소매,G221,기타 상품 소매,G22199,그 외 기타 상품 전문 소매업,G47859,그 외 기타 분류 안된 상품 전문 소매업,28,인천광역시,28200,남동구,28200700,논현2동,2820011000,논현동,2820011000106310006,1,대지,631,6,인천광역시 남동구 논현동 631-6,282002008006,인천광역시 남동구 청능대로,559,,2820011000102710003031408,논현메디컬센터,인천광역시 남동구 청능대로 559,405825,21653,,4,,126.721443758596,37.4009016524856
MA0101202212A0055910,친환경바이오,,G2,소매,G221,기타 상품 소매,G22199,그 외 기타 상품 전문 소매업,G47859,그 외 기타 분류 안된 상품 전문 소매업,52,전북특별자치도,52190,남원시,52190540,노암동,5219012300,신촌동,5219012300100940009,1,대지,94,9,전북특별자치도 남원시 신촌동 94-9,521903271028,전북특별자치도 남원시 원천로,113,,4519012300100940009000001,,전북특별자치도 남원시 원천로 113,590090,55794,,,,127.404473973672,35.4092681486193
MA0101202212A0057800,비엔피무역,,G2,소매,G221,기타 상품 소매,G22199,그 외 기타 상품 전문 소매업,G47859,그 외 기타 분류 안된 상품 전문 소매업,11,서울특별시,11560,영등포구,11560550,당산1동,1156011200,당산동2가,1156011200100300002,1,대지,30,2,서울특별시 영등포구 당산동2가 30-2,115603118022,서울특별시 영등포구 영등포로,109,,1156011200100300002030099,,서울특별시 영등포구 영등포로 109,150723,07264,,5,,126.894399370198,37.522350648366
MA0101202212A0091029,삼마에코,,G2,소매,G221,기타 상품 소매,G22199,그 외 기타 상품 전문 소매업,G47859,그 외 기타 분류 안된 상품 전문 소매업,46,전라남도,46150,순천시,46150390,별량면,4615039026,별량면,4615039026104820003,1,대지,482,3,전라남도 순천시 별량면 쌍림리 482-3,461504650105,전라남도 순천시 별량면 하림길,116,,4615039026104820003000001,,전라남도 순천시 별량면 하림길 116,540872,58030,,,,127.463055493242,34.8746730287893
MA0101202212A0092929,하이테크,,G2,소매,G221,기타 상품 소매,G22199,그 외 기타 상품 전문 소매업,G47859,그 외 기타 분류 안된 상품 전문 소매업,47,경상북도,47250,상주시,47250540,계림동,4725010500,냉림동,4725010500100970000,1,대지,97,,경상북도 상주시 냉림동 97,472503311011,경상북도 상주시 냉림로,61,,4725010500100970000087948,,경상북도 상주시 냉림로 61,742070,37174,,,,128.162441668558,36.4249291089625
MA0101202301A0001566,신세계,,G2,소매,G221,기타 상품 소매,G22199,그 외 기타 상품 전문 소매업,G47859,그 외 기타 분류 안된 상품 전문 소매업,48,경상남도,48250,김해시,48250620,장유2동,4825012900,대청동,4825012900100560011,1,대지,56,11,경상남도 김해시 대청동 56-11,482504805361,경상남도 김해시 번화1로67번길,12,,4825031027100560011093657,광희빌딩,경상남도 김해시 번화1로67번길 12,621280,50988,,3,,128.798753535628,35.1932690372702
MA0101202301A0040577,해명농자재,,G2,소매,G221,기타 상품 소매,G22199,그 외 기타 상품 전문 소매업,G47859,그 외 기타 분류 안된 상품 전문 소매업,52,전북특별자치도,52770,순창군,52770360,쌍치면,5277036033,쌍치면,5277036033103710006,1,대지,371,6,전북특별자치도 순창군 쌍치면 쌍계리 371-6,527703270062,전북특별자치도 순창군 쌍치면 청정로,241,,4577036033003710006000149,,전북특별자치도 순창군 쌍치면 청정로 241,595893,56008,,,,127.007009898243,35.5004823249293
MA0101202301A0040578,미더함,,G2,소매,G221,기타 상품 소매,G22199,그 외 기타 상품 전문 소매업,G47859,그 외 기타 분류 안된 상품 전문 소매업,52,전북특별자치도,52113,전주시 덕진구,52113665,여의동,5211313200,장동,5211313200110540002,1,대지,1054,2,전북특별자치도 전주시 덕진구 장동 1054-2,521133267057,전북특별자치도 전주시 덕진구 장동유통로,12,,4511313200110540002000001,,전북특별자치도 전주시 덕진구 장동유통로 12,561330,54810,,1,,127.061201926171,35.8589698454141
MA0101202301A0044224,등암원예사,,G2,소매,G221,기타 상품 소매,G22199,그 외 기타 상품 전문 소매업,G47859,그 외 기타 분류 안된 상품 전문 소매업,46,전라남도,46770,고흥군,46770250,고흥읍,4677025024,고흥읍,4677025024103160001,1,대지,316,1,전라남도 고흥군 고흥읍 등암리 316-1,467703289003,전라남도 고흥군 고흥읍 고흥로,1585,,4677025024103160001000001,,전라남도 고흥군 고흥읍 고흥로 1585,548804,59542,,,,127.275284358659,34.5964252314807
MA0101202301A0046685,진주팜,,G2,소매,G221,기타 상품 소매,G22199,그 외 기타 상품 전문 소매업,G47859,그 외 기타 분류 안된 상품 전문 소매업,48,경상남도,48170,진주시,48170250,문산읍,4817025024,문산읍,4817025024109610001,1,대지,961,1,경상남도 진주시 문산읍 이곡리 961-1,481703332043,경상남도 진주시 문산읍 월아산로,784,,4817025024109610001000001,,경상남도 진주시 문산읍 월아산로 784,660841,52840,,,,128.169679415806,35.1455423378597
MA0101202212A0033606,농림바이오,,G2,소매,G221,기타 상품 소매,G22199,그 외 기타 상품 전문 소매업,G47859,그 외 기타 분류 안된 상품 전문 소매업,41,경기도,41550,안성시,41550350,대덕면,4155035023,대덕면,4155035023103720003,1,대지,372,3,경기도 안성시 대덕면 모산리 372-3,415504424282,경기도 안성시 대덕면 배꽃길,33,32,4155035023103720003000001,,경기도 안성시 대덕면 배꽃길 33-32,456833,17543,,,,127.237415134272,37.027939680623
MA0101202212A0089004,유천농산,,G2,소매,G221,기타 상품 소매,G22199,그 외 기타 상품 전문 소매업,G47859,그 외 기타 분류 안된 상품 전문 소매업,41,경기도,41550,안성시,41550250,공도읍,4155025030,공도읍,4155025030102000407,1,대지,200,407,경기도 안성시 공도읍 마정리 200-407,415504424257,경기도 안성시 공도읍 문터길,126,,4155025030102000407024090,,경기도 안성시 공도읍 문터길 126,456822,17548,,,,127.194190956891,37.0188633407684
MA0101202301A0048545,업소명없음,,G2,소매,G221,기타 상품 소매,G22199,그 외 기타 상품 전문 소매업,G47859,그 외 기타 분류 안된 상품 전문 소매업,27,대구광역시,27710,달성군,27710380,구지면,2771038021,구지면,2771038021103660003,1,대지,366,3,대구광역시 달성군 구지면 창리 366-3,277104244504,대구광역시 달성군 구지면 창리로19길,25,,2771038021103660001025830,,대구광역시 달성군 구지면 창리로19길 25,711891,43010,,,,128.413322768037,35.6608294522659
MA0101202212A0038072,우림소방기술산업,,G2,소매,G221,기타 상품 소매,G22199,그 외 기타 상품 전문 소매업,G47859,그 외 기타 분류 안된 상품 전문 소매업,41,경기도,41463,용인시 기흥구,41463516,영덕1동,4146311100,영덕동,4146311100110290000,1,대지,1029,,경기도 용인시 기흥구 영덕동 1029,414633204076,경기도 용인시 기흥구 흥덕중앙로,120,,4146311100110290000000066,중일부제,경기도 용인시 기흥구 흥덕중앙로 120,446982,16950,,,,127.080087752878,37.274896171297
MA0101202212A0063466,핑크유통,,G2,소매,G221,기타 상품 소매,G22199,그 외 기타 상품 전문 소매업,G47859,그 외 기타 분류 안된 상품 전문 소매업,41,경기도,41590,화성시,41590259,향남읍,4159025941,향남읍,4159025941103590005,1,대지,359,5,경기도 화성시 향남읍 장짐리 359-5,415904430513,경기도 화성시 향남읍 발안만세길,179,,4159025941103590005000001,,경기도 화성시 향남읍 발안만세길 179,445925,18594,,,,126.899267345399,37.139299339837
MA0101202212A0063487,비건,,G2,소매,G221,기타 상품 소매,G22199,그 외 기타 상품 전문 소매업,G47859,그 외 기타 분류 안된 상품 전문 소매업,11,서울특별시,11560,영등포구,11560540,여의동,1156011000,여의도동,1156011000100220000,1,대지,22,,서울특별시 영등포구 여의도동 22,115602118001,서울특별시 영등포구 여의대로,108,,1156011000100220000000001,파크원,서울특별시 영등포구 여의대로 108,150875,07335,,1,,126.929114222117,37.5251967223703
MA0101202212A0081297,생기,,G2,소매,G221,기타 상품 소매,G22199,그 외 기타 상품 전문 소매업,G47859,그 외 기타 분류 안된 상품 전문 소매업,29,광주광역시,29170,북구,29170570,임동,2917010500,임동,2917010500100940221,1,대지,94,221,광주광역시 북구 임동 94-221,291703009025,광주광역시 북구 천변우로,185,,2917010500100940221012216,,광주광역시 북구 천변우로 185,500869,61243,,2,,126.897289712965,35.1595453620292
MA0101202212A0093231,미륵,불교용품점,G2,소매,G221,기타 상품 소매,G22199,그 외 기타 상품 전문 소매업,G47859,그 외 기타 분류 안된 상품 전문 소매업,48,경상남도,48820,고성군,48820400,회화면,4882040021,회화면,4882040021103730003,1,대지,373,3,경상남도 고성군 회화면 배둔리 373-3,488203342005,경상남도 고성군 회화면 관인로,98,1,4882040021103730003000001,,경상남도 고성군 회화면 관인로 98-1,638813,52915,,,,128.373434490984,35.0631720016578
MA0101202301A0020048,경기농약사,,G2,소매,G221,기타 상품 소매,G22199,그 외 기타 상품 전문 소매업,G47859,그 외 기타 분류 안된 상품 전문 소매업,41,경기도,41500,이천시,41500250,장호원읍,4150025023,장호원읍,4150025023106970000,1,대지,697,,경기도 이천시 장호원읍 진암리 697,415003000128,경기도 이천시 장호원읍 장감로,37,,4150025023106970000021373,,경기도 이천시 장호원읍 장감로 37,467904,17419,,,,127.626838057696,37.1164560292026
MA0101202212A0034027,손부자농자재,백화점,G2,소매,G221,기타 상품 소매,G22199,그 외 기타 상품 전문 소매업,G47859,그 외 기타 분류 안된 상품 전문 소매업,48,경상남도,48740,창녕군,48740330,대합면,4874033021,대합면,4874033021103650001,1,대지,365,1,경상남도 창녕군 대합면 십이리 365-1,487404823456,경상남도 창녕군 대합면 십이리길,33,,4874033021103650001022620,,경상남도 창녕군 대합면 십이리길 33,635943,50311,,1,,128.468694199006,35.6127459976523
MA0101202212A0040191,원아그로,,G2,소매,G221,기타 상품 소매,G22199,그 외 기타 상품 전문 소매업,G47859,그 외 기타 분류 안된 상품 전문 소매업,52,전북특별자치도,52113,전주시 덕진구,52113650,조촌동,5211312300,반월동,5211312300102170004,1,대지,217,4,전북특별자치도 전주시 덕진구 반월동 217-4,521134601165,전북특별자치도 전주시 덕진구 반월2길,13,,4511312300102170004012059,영무예다음,전북특별자치도 전주시 덕진구 반월2길 13,561747,54807,,,,127.073229050657,35.8750685182446
MA0101202212A0052402,와이피유통3,,G2,소매,G221,기타 상품 소매,G22199,그 외 기타 상품 전문 소매업,G47859,그 외 기타 분류 안된 상품 전문 소매업,44,충청남도,44133,천안시 서북구,44133566,불당1동,4413310800,불당동,4413310800107360000,1,대지,736,,충청남도 천안시 서북구 불당동 736,441334550035,충청남도 천안시 서북구 검은들3길,5,,4413310800107360000055138,,충청남도 천안시 서북구 검은들3길 5,331982,31163,,1,,127.11083474698,36.81062831534
MA0101202302A0038187,해안테크,,G2,소매,G221,기타 상품 소매,G22199,그 외 기타 상품 전문 소매업,G47859,그 외 기타 분류 안된 상품 전문 소매업,26,부산광역시,26440,강서구,26440560,녹산동,2644010900,송정동,2644010900107090003,1,대지,709,3,부산광역시 강서구 송정동 709-3,264404208033,부산광역시 강서구 가락대로373번길,7,,2644010900107090003000001,,부산광역시 강서구 가락대로373번길 7,618816,46750,,,,128.844027437818,35.1159406781739
MA0101202302A0012970,골드,,G2,소매,G221,기타 상품 소매,G22199,그 외 기타 상품 전문 소매업,R91139,그 외 기타 스포츠시설 운영업,41,경기도,41390,시흥시,41390591,정왕1동,4139013200,정왕동,4139013200117820007,1,대지,1782,7,경기도 시흥시 정왕동 1782-7,413904397624,경기도 시흥시 평안상가2길,26,1,4139013200117820007017147,,경기도 시흥시 평안상가2길 26-1,429861,15062,,2,,126.747397813683,37.3368070505816
MA0101202302A0044571,신흥아그로,,G2,소매,G221,기타 상품 소매,G22199,그 외 기타 상품 전문 소매업,G47859,그 외 기타 분류 안된 상품 전문 소매업,43,충청북도,43130,충주시,43130571,문화동,4313012700,문화동,4313012700107300000,1,대지,730,,충청북도 충주시 문화동 730,431302238006,충청북도 충주시 탄금대로,14,,4313012700107300000028986,,충청북도 충주시 탄금대로 14,380956,27405,,,,127.926941438777,36.9737195366853
MA0101202301A0095205,천지궁,,G2,소매,G221,기타 상품 소매,G22199,그 외 기타 상품 전문 소매업,G47859,그 외 기타 분류 안된 상품 전문 소매업,41,경기도,41310,구리시,41310570,수택1동,4131010500,수택동,4131010500104050014,1,대지,405,14,경기도 구리시 수택동 405-14,413104388116,경기도 구리시 안골로103번길,50,,4131010500104050014003945,,경기도 구리시 안골로103번길 50,471815,11928,,2,,127.141470899571,37.5995735445919
MA0101202302A0042665,에스제이에스테크,,G2,소매,G221,기타 상품 소매,G22199,그 외 기타 상품 전문 소매업,G47859,그 외 기타 분류 안된 상품 전문 소매업,48,경상남도,48250,김해시,48250250,진영읍,4825025027,진영읍,4825025027106110003,1,대지,611,3,경상남도 김해시 진영읍 여래리 611-3,482503335027,경상남도 김해시 진영읍 본산로,35,,4825025027106110003008969,,경상남도 김해시 진영읍 본산로 35,621806,50857,,,,128.738378137226,35.3087934847634
MA0101202301A0086829,당진농약할인마트,,G2,소매,G221,기타 상품 소매,G22199,그 외 기타 상품 전문 소매업,G47859,그 외 기타 분류 안된 상품 전문 소매업,44,충청남도,44270,당진시,44270390,송산면,4427039021,송산면,4427039021104040000,1,대지,404,,충청남도 당진시 송산면 상거리 404,442703265060,충청남도 당진시 송산면 송산로,355,6,4483040021104040000060798,,충청남도 당진시 송산면 송산로 355-6,343834,31714,,,,126.676369650372,36.930815539602
MA0101202302A0009077,삼라만상,,G2,소매,G221,기타 상품 소매,G22199,그 외 기타 상품 전문 소매업,G47859,그 외 기타 분류 안된 상품 전문 소매업,44,충청남도,44710,금산군,44710250,금산읍,4471025021,금산읍,4471025021106770001,1,대지,677,1,충청남도 금산군 금산읍 신대리 677-1,447103257044,충청남도 금산군 금산읍 인삼약초로,48,8,4471025021106770001000001,금산수삼시장,충청남도 금산군 금산읍 인삼약초로 48-8,312804,32739,,,,127.499114288961,36.1004867532682
MA0101202302A0044814,도원상사,,G2,소매,G221,기타 상품 소매,G22199,그 외 기타 상품 전문 소매업,G47859,그 외 기타 분류 안된 상품 전문 소매업,11,서울특별시,11320,도봉구,11320690,방학1동,1132010600,방학동,1132010600107000032,1,대지,700,32,서울특별시 도봉구 방학동 700-32,113203109001,서울특별시 도봉구 도당로,106,,1132010600107000032003146,좌측,서울특별시 도봉구 도당로 106,132852,01342,,1,,127.038320742108,37.666289015413
MA0101202301A0104471,그린안전,,G2,소매,G221,기타 상품 소매,G22199,그 외 기타 상품 전문 소매업,G47859,그 외 기타 분류 안된 상품 전문 소매업,48,경상남도,48121,창원시 의창구,48121520,팔룡동,4812112900,팔용동,4812112900101870014,1,대지,187,14,경상남도 창원시 의창구 팔용동 187-14,481213019003,경상남도 창원시 의창구 팔용로,493,,4812112900101870014018917,남산빌딩,경상남도 창원시 의창구 팔용로 493,641851,51368,,2,,128.616773488495,35.259715119098
MA0101202302A0021865,제이온클린,,G2,소매,G221,기타 상품 소매,G22199,그 외 기타 상품 전문 소매업,G47859,그 외 기타 분류 안된 상품 전문 소매업,11,서울특별시,11230,동대문구,11230570,전농2동,1123010400,전농동,1123010400100260013,1,대지,26,13,서울특별시 동대문구 전농동 26-13,112303105013,서울특별시 동대문구 전농로,124,,1123010400100260013000285,,서울특별시 동대문구 전농로 124,130849,02531,,3,,127.057881353971,37.5758939745224
MA0101202302A0032537,제국,,G2,소매,G221,기타 상품 소매,G22199,그 외 기타 상품 전문 소매업,G47859,그 외 기타 분류 안된 상품 전문 소매업,44,충청남도,44180,보령시,44180250,웅천읍,4418025029,웅천읍,4418025029104750001,1,대지,475,1,충청남도 보령시 웅천읍 독산리 475-1,441804556677,충청남도 보령시 웅천읍 홀뫼1길,46,,4418025029104750001030887,,충청남도 보령시 웅천읍 홀뫼1길 46,355852,33509,,,,126.535208467142,36.2270541561801
MA0101202302A0078535,신세계엘앤비와인앤모어,교대역점,G2,소매,G221,기타 상품 소매,G22199,그 외 기타 상품 전문 소매업,G47221,음료 소매업,11,서울특별시,11650,서초구,11650510,서초1동,1165010800,서초동,1165010800116560002,1,대지,1656,2,서울특별시 서초구 서초동 1656-2,116503121024,서울특별시 서초구 서초중앙로,114,,1165010800116560003024480,일광빌딩,서울특별시 서초구 서초중앙로 114,137881,06634,,1,,127.014292980499,37.4918799520053
MA0101202302A0078794,대한불교조계종영국사다향,,G2,소매,G221,기타 상품 소매,G22199,그 외 기타 상품 전문 소매업,G47859,그 외 기타 분류 안된 상품 전문 소매업,43,충청북도,43740,영동군,43740390,양산면,4374039028,양산면,4374039028113970000,1,대지,1397,,충청북도 영동군 양산면 누교리 1397,437404529453,충청북도 영동군 양산면 영국동길,225,35,4374039028113960000000075,,충청북도 영동군 양산면 영국동길 225-35,370832,29160,,,,127.610921831619,36.1582854160371
MA0101202301A0080304,기빙트리,,G2,소매,G221,기타 상품 소매,G22199,그 외 기타 상품 전문 소매업,G47859,그 외 기타 분류 안된 상품 전문 소매업,11,서울특별시,11305,강북구,11305535,미아동,1130510100,미아동,1130510100102580617,1,대지,258,617,서울특별시 강북구 미아동 258-617,113054124409,서울특별시 강북구 오패산로52길,70,,1130510100102580617029876,일부,서울특별시 강북구 오패산로52길 70,142807,01142,,1,,127.032443460405,37.6259987861302
MA0101202302A0034679,태광바이오,,G2,소매,G221,기타 상품 소매,G22199,그 외 기타 상품 전문 소매업,G47859,그 외 기타 분류 안된 상품 전문 소매업,52,전북특별자치도,52113,전주시 덕진구,52113650,조촌동,5211312600,성덕동,5211312600101720022,1,대지,172,22,전북특별자치도 전주시 덕진구 성덕동 172-22,521134601283,전북특별자치도 전주시 덕진구 신성길,48,,4511312600101720022000001,,전북특별자치도 전주시 덕진구 신성길 48,561390,54801,,,,127.037143492716,35.8814389225141
MA0101202302A0040839,대한불교원조계종용천,,G2,소매,G221,기타 상품 소매,G22199,그 외 기타 상품 전문 소매업,G47859,그 외 기타 분류 안된 상품 전문 소매업,30,대전광역시,30110,동구,30110552,판암2동,3011010700,판암동,3011010700200100003,2,산,10,3,대전광역시 동구 판암동 산10-3,301103000091,대전광역시 동구 옥천로,109,,3011010700200100003030990,,대전광역시 동구 옥천로 109,300132,34672,,,,127.452981663464,36.3180469523986
MA0101202302A0055571,조형랍빠,,G2,소매,G221,기타 상품 소매,G22199,그 외 기타 상품 전문 소매업,G47859,그 외 기타 분류 안된 상품 전문 소매업,41,경기도,41131,성남시 수정구,41131530,신흥3동,4113110100,신흥동,4113110100134090000,1,대지,3409,,경기도 성남시 수정구 신흥동 3409,411313178018,경기도 성남시 수정구 수정로,234,,4113110100134090000026541,,경기도 성남시 수정구 수정로 234,461812,13346,,,,127.145293868656,37.4455606423407
MA0101202302A0057173,명품유통,,G2,소매,G221,기타 상품 소매,G22199,그 외 기타 상품 전문 소매업,G47859,그 외 기타 분류 안된 상품 전문 소매업,46,전라남도,46840,무안군,46840370,운남면,4684037023,운남면,4684037023111940002,1,대지,1194,2,전라남도 무안군 운남면 연리 1194-2,468403296050,전라남도 무안군 운남면 신월로,108,6,4684037023111940002043421,,전라남도 무안군 운남면 신월로 108-6,534861,58537,,,,126.328560328697,34.9610710409608
MA0101202302A0079673,천지함,,G2,소매,G221,기타 상품 소매,G22199,그 외 기타 상품 전문 소매업,G47859,그 외 기타 분류 안된 상품 전문 소매업,46,전라남도,46110,목포시,46110780,삼향동,4611016300,대양동,4611016300107640011,1,대지,764,11,전라남도 목포시 대양동 764-11,461102281001,전라남도 목포시 고하대로,1140,41,4611016300107640011000001,,전라남도 목포시 고하대로 1140-41,530410,58603,,,,126.404451042691,34.8408080015934
MA0101202301A0080498,태화유통,,G2,소매,G221,기타 상품 소매,G22199,그 외 기타 상품 전문 소매업,G47859,그 외 기타 분류 안된 상품 전문 소매업,47,경상북도,47170,안동시,47170600,태화동,4717012200,태화동,4717012200100630008,1,대지,63,8,경상북도 안동시 태화동 63-8,471704721612,경상북도 안동시 서부시장3길,30,,4717012200100630008000116,,경상북도 안동시 서부시장3길 30,760904,36672,,,,128.715008264889,36.5643284746442
MA0101202302A0030462,우주유통,,G2,소매,G221,기타 상품 소매,G22199,그 외 기타 상품 전문 소매업,G47859,그 외 기타 분류 안된 상품 전문 소매업,43,충청북도,43750,진천군,43750250,진천읍,4375025022,진천읍,4375025022104960001,1,대지,496,1,충청북도 진천군 진천읍 신정리 496-1,437503245024,충청북도 진천군 진천읍 문화로,656,,4375025022104960001000002,,충청북도 진천군 진천읍 문화로 656,365805,27835,,,,127.450583568125,36.8499253347185
MA0101202302A0032789,산업안전지점,,G2,소매,G221,기타 상품 소매,G22199,그 외 기타 상품 전문 소매업,G47859,그 외 기타 분류 안된 상품 전문 소매업,41,경기도,41390,시흥시,41390630,연성동,4139012900,장현동,4139012900105430003,1,대지,543,3,경기도 시흥시 장현동 543-3,413903199031,경기도 시흥시 새재로,13,,4139012900105430003000001,새오름빌딩,경기도 시흥시 새재로 13,429844,14998,,4,,126.801898699449,37.380853909828
MA0101202302A0043166,업소명없음,,G2,소매,G221,기타 상품 소매,G22199,그 외 기타 상품 전문 소매업,G47859,그 외 기타 분류 안된 상품 전문 소매업,41,경기도,41171,안양시 만안구,41171510,안양1동,4117110100,안양동,4117110100106740040,1,대지,674,40,경기도 안양시 만안구 안양동 674-40,411714346196,경기도 안양시 만안구 안양로314번길,10,,4117110100106740041008344,,경기도 안양시 만안구 안양로314번길 10,430831,13992,,,,126.920965020973,37.4001401491611
MA0101202301A0061434,청담,,G2,소매,G221,기타 상품 소매,G22199,그 외 기타 상품 전문 소매업,G47519,"페인트, 창호 및 기타 건설자재 소매업",30,대전광역시,30140,중구,30140640,부사동,3014011100,부사동,3014011100101520006,1,대지,152,6,대전광역시 중구 부사동 152-6,301404295373,대전광역시 중구 보문로67번길,31,,3014011100101520006006768,,대전광역시 중구 보문로67번길 31,301815,35048,,1,,127.434686280187,36.3121400687729
MA0101202301A0078425,동방불교,백화점,G2,소매,G221,기타 상품 소매,G22199,그 외 기타 상품 전문 소매업,G47859,그 외 기타 분류 안된 상품 전문 소매업,52,전북특별자치도,52111,전주시 완산구,52111605,노송동,5211112000,중노송동,5211112000104700013,1,대지,470,13,전북특별자치도 전주시 완산구 중노송동 470-13,521113266010,전북특별자치도 전주시 완산구 견훤왕궁로,44,,4511112000104700013031322,,전북특별자치도 전주시 완산구 견훤왕궁로 44,560827,55011,,,,127.153027125541,35.8245050450105
MA0101202301A0100348,하늘컴퍼니,,G2,소매,G221,기타 상품 소매,G22199,그 외 기타 상품 전문 소매업,G47859,그 외 기타 분류 안된 상품 전문 소매업,41,경기도,41830,양평군,41830340,옥천면,4183034023,옥천면,4183034023104730002,1,대지,473,2,경기도 양평군 옥천면 신복리 473-2,418304451805,경기도 양평군 옥천면 신복복동길,28,,4183034023104730002011258,,경기도 양평군 옥천면 신복복동길 28,476831,12505,,1,,127.463960247984,37.5438582401856
MA0101202302A0009498,업소명없음,,G2,소매,G221,기타 상품 소매,G22199,그 외 기타 상품 전문 소매업,G47859,그 외 기타 분류 안된 상품 전문 소매업,27,대구광역시,27260,수성구,27260651,지산1동,2726011200,지산동,2726011200109820010,1,대지,982,10,대구광역시 수성구 지산동 982-10,272604238110,대구광역시 수성구 동대구로12길,95,,2726011200109820004016760,,대구광역시 수성구 동대구로12길 95,706841,42177,,,,128.629335007771,35.8353031577055
MA0101202302A0067746,그린퇴비,,G2,소매,G221,기타 상품 소매,G22199,그 외 기타 상품 전문 소매업,G47859,그 외 기타 분류 안된 상품 전문 소매업,46,전라남도,46830,영암군,46830360,군서면,4683036031,군서면,4683036031104310000,1,대지,431,,전라남도 영암군 군서면 도장리 431,468304685407,전라남도 영암군 군서면 장사리길,126,2,4683036031104300000043067,,전라남도 영암군 군서면 장사리길 126-2,526852,58432,,,,126.636373011843,34.8086769683406
MA0101202302A0082466,양동약초,,G2,소매,G221,기타 상품 소매,G22199,그 외 기타 상품 전문 소매업,G47859,그 외 기타 분류 안된 상품 전문 소매업,29,광주광역시,29140,서구,29140575,양동,2914010400,양동,2914010400100050072,1,대지,5,72,광주광역시 서구 양동 5-72,291404280408,광주광역시 서구 천변좌로254번길,6,1,2914010400100050072004901,,광주광역시 서구 천변좌로254번길 6-1,502822,61924,,,,126.903180341051,35.1530694360224
MA0101202302A0075760,러브인벌룬,,G2,소매,G221,기타 상품 소매,G22199,그 외 기타 상품 전문 소매업,G47859,그 외 기타 분류 안된 상품 전문 소매업,46,전라남도,46880,장성군,46880250,장성읍,4688025024,장성읍,4688025024110140001,1,대지,1014,1,전라남도 장성군 장성읍 영천리 1014-1,468804697113,전라남도 장성군 장성읍 매화1길,6,,4688025024110140001027152,일부,전라남도 장성군 장성읍 매화1길 6,515805,57219,,1,,126.783262324271,35.3004828858068
MA0101202301A0068210,유림퇴비,,G2,소매,G221,기타 상품 소매,G22199,그 외 기타 상품 전문 소매업,G47859,그 외 기타 분류 안된 상품 전문 소매업,47,경상북도,47850,칠곡군,47850310,지천면,4785031038,지천면,4785031038108210001,1,대지,821,1,경상북도 칠곡군 지천면 금호리 821-1,478504766107,경상북도 칠곡군 지천면 금호왕방1길,65,,4785031038108210001025467,,경상북도 칠곡군 지천면 금호왕방1길 65,718821,39868,,,,128.435827781459,35.9386383749018
MA0101202301A0083298,한자엔지니어링경북특판,,G2,소매,G221,기타 상품 소매,G22199,그 외 기타 상품 전문 소매업,G47859,그 외 기타 분류 안된 상품 전문 소매업,47,경상북도,47170,안동시,47170510,중구동,4717011300,운흥동,4717011300101760020,1,대지,176,20,경상북도 안동시 운흥동 176-20,471703018013,경상북도 안동시 경동로,676,,4717011300101760020014639,,경상북도 안동시 경동로 676,760110,36706,,3,,128.731944053822,36.5629482915147
MA0101202302A0028774,업소명없음,,G2,소매,G221,기타 상품 소매,G22199,그 외 기타 상품 전문 소매업,G47859,그 외 기타 분류 안된 상품 전문 소매업,27,대구광역시,27260,수성구,27260652,지산2동,2726011200,지산동,2726011200111960002,1,대지,1196,2,대구광역시 수성구 지산동 1196-2,272604238344,대구광역시 수성구 용학로42길,46,,2726011200111960002004140,,대구광역시 수성구 용학로42길 46,706844,42219,,,,128.630544135207,35.8203007332407
MA0101202302A0049924,정토사,,G2,소매,G221,기타 상품 소매,G22199,그 외 기타 상품 전문 소매업,G47859,그 외 기타 분류 안된 상품 전문 소매업,11,서울특별시,11110,종로구,11110560,평창동,1111018300,평창동,1111018300105230061,1,대지,523,61,서울특별시 종로구 평창동 523-61,111104100496,서울특별시 종로구 평창21길,52,,1111018300105230061032136,정토사,서울특별시 종로구 평창21길 52,110848,03005,,1,,126.968186326538,37.610168598024
MA0101202302A0076925,아산원예농업협동조합음봉경제사업소,,G2,소매,G221,기타 상품 소매,G22199,그 외 기타 상품 전문 소매업,G47859,그 외 기타 분류 안된 상품 전문 소매업,44,충청남도,44200,아산시,44200350,음봉면,4420035031,음봉면,4420035031100630001,1,대지,63,1,충청남도 아산시 음봉면 쌍룡리 63-1,442003250039,충청남도 아산시 음봉면 연암율금로,505,6,4420035031100630001074451,,충청남도 아산시 음봉면 연암율금로 505-6,336865,31414,,,,127.075175886064,36.8803747479817
MA0101202301A0059558,멍냥25영종점,,G2,소매,G221,기타 상품 소매,G22199,그 외 기타 상품 전문 소매업,G47859,그 외 기타 분류 안된 상품 전문 소매업,28,인천광역시,28110,중구,28110622,영종1동,2811014500,중산동,2811014500118730001,1,대지,1873,1,인천광역시 중구 중산동 1873-1,281104247518,인천광역시 중구 하늘중앙로225번길,3,,2811014500118730001000001,영종,인천광역시 중구 하늘중앙로225번길 3,400320,22402,,1,,126.558410368736,37.4882083630026
MA0101202301A0085780,백운농약종묘사,,G2,소매,G221,기타 상품 소매,G22199,그 외 기타 상품 전문 소매업,G47859,그 외 기타 분류 안된 상품 전문 소매업,43,충청북도,43150,제천시,43150360,백운면,4315036021,백운면,4315036021102170005,1,대지,217,5,충청북도 제천시 백운면 평동리 217-5,431503239090,충청북도 제천시 백운면 평동로,6,,4315036021102170005000001,,충청북도 제천시 백운면 평동로 6,390882,27105,,1,,128.022388292784,37.1380684878495
MA0101202301A0100870,엔케이유통,,G2,소매,G221,기타 상품 소매,G22199,그 외 기타 상품 전문 소매업,G47859,그 외 기타 분류 안된 상품 전문 소매업,11,서울특별시,11500,강서구,11500540,화곡1동,1150010300,화곡동,1150010300103820017,1,대지,382,17,서울특별시 강서구 화곡동 382-17,115004145021,서울특별시 강서구 강서로17가길,24,,1150010300103820017013903,,서울특별시 강서구 강서로17가길 24,157885,07764,,,,126.844250119212,37.5340532255158
MA0101202302A0037659,남북안전장비,,G2,소매,G221,기타 상품 소매,G22199,그 외 기타 상품 전문 소매업,G47859,그 외 기타 분류 안된 상품 전문 소매업,30,대전광역시,30140,중구,30140535,은행선화동,3014010200,선화동,3014010200100790014,1,대지,79,14,대전광역시 중구 선화동 79-14,301404295166,대전광역시 중구 대종로550번길,5,,3014010200100790014002124,유원오피스텔,대전광역시 중구 대종로550번길 5,301734,34831,,,,127.421612508282,36.3325535107779
MA0101202301A0068456,판다텍,,G2,소매,G221,기타 상품 소매,G22199,그 외 기타 상품 전문 소매업,G47859,그 외 기타 분류 안된 상품 전문 소매업,48,경상남도,48127,창원시 마산회원구,48127560,양덕1동,4812710500,양덕동,4812710500100540004,1,대지,54,4,경상남도 창원시 마산회원구 양덕동 54-4,481273330018,경상남도 창원시 마산회원구 양덕로,114,,4812710500100540004012658,,경상남도 창원시 마산회원구 양덕로 114,630809,51365,,,,128.58584332763,35.2292663960118
MA0101202301A0096553,양산농상종묘사,,G2,소매,G221,기타 상품 소매,G22199,그 외 기타 상품 전문 소매업,G47859,그 외 기타 분류 안된 상품 전문 소매업,48,경상남도,48330,양산시,48330510,중앙동,4833010300,중부동,4833010300104270001,1,대지,427,1,경상남도 양산시 중부동 427-1,483304814741,경상남도 양산시 장터1길,21,,4833010300104270001057026,,경상남도 양산시 장터1길 21,626050,50621,,,,129.035197366325,35.3424776805253
MA0101202302A0031253,신풍바이오,,G2,소매,G221,기타 상품 소매,G22199,그 외 기타 상품 전문 소매업,G47859,그 외 기타 분류 안된 상품 전문 소매업,48,경상남도,48740,창녕군,48740350,유어면,4874035021,유어면,4874035021100130004,1,대지,13,4,경상남도 창녕군 유어면 부곡리 13-4,487403341037,경상남도 창녕군 유어면 유어장마로,762,,4874035021100130004041055,,경상남도 창녕군 유어면 유어장마로 762,635812,50305,,,,128.416626932317,35.5106676725819
MA0101202302A0033654,우봄이앤지,,G2,소매,G221,기타 상품 소매,G22199,그 외 기타 상품 전문 소매업,G47859,그 외 기타 분류 안된 상품 전문 소매업,41,경기도,41250,동두천시,41250565,불현동,4125011100,탑동동,4125011100104350007,1,대지,435,7,경기도 동두천시 탑동동 435-7,412504367211,경기도 동두천시 천보산로456번길,53,,4125011100104350007000002,,경기도 동두천시 천보산로456번길 53,483050,11360,,1,,127.110352738562,37.8748709080205
MA0101202302A0031522,고미원,,G2,소매,G221,기타 상품 소매,G22199,그 외 기타 상품 전문 소매업,G47859,그 외 기타 분류 안된 상품 전문 소매업,48,경상남도,48870,함양군,48870250,함양읍,4887025030,함양읍,4887025030104630003,1,대지,463,3,경상남도 함양군 함양읍 난평리 463-3,488703346025,경상남도 함양군 함양읍 함양로,767,1,4887025030104630003000001,,경상남도 함양군 함양읍 함양로 767-1,676802,50029,,,,127.70497321011,35.4953585834094
MA0101202302A0072873,대명미싱,,G2,소매,G221,기타 상품 소매,G22199,그 외 기타 상품 전문 소매업,G47859,그 외 기타 분류 안된 상품 전문 소매업,30,대전광역시,30140,중구,30140740,산성동,3014011700,산성동,3014011700101410003,1,대지,141,3,대전광역시 중구 산성동 141-3,301403000093,대전광역시 중구 대둔산로,481,,3014011700101410003006730,대경상가,대전광역시 중구 대둔산로 481,301817,34987,,,,127.388743805211,36.3121631178306
MA0101202301A0060030,송가네종묘사,,G2,소매,G221,기타 상품 소매,G22199,그 외 기타 상품 전문 소매업,G47859,그 외 기타 분류 안된 상품 전문 소매업,51,강원특별자치도,51150,강릉시,51150600,내곡동,5115011600,내곡동,5115011600104940003,1,대지,494,3,강원특별자치도 강릉시 내곡동 494-3,511503220014,강원특별자치도 강릉시 범일로,589,,4215011600104940003007668,,강원특별자치도 강릉시 범일로 589,210927,25602,,1,,128.88024590644,37.7402306178031
MA0101202301A0064467,와이에이치테크,,G2,소매,G221,기타 상품 소매,G22199,그 외 기타 상품 전문 소매업,G47859,그 외 기타 분류 안된 상품 전문 소매업,52,전북특별자치도,52111,전주시 완산구,52111730,효자5동,5211114200,효자동3가,5211114200115350001,1,대지,1535,1,전북특별자치도 전주시 완산구 효자동3가 1535-1,521113266084,전북특별자치도 전주시 완산구 홍산중앙로,41,,4511114200115350001000001,승인빌딩,전북특별자치도 전주시 완산구 홍산중앙로 41,560900,54969,,,,127.108751466425,35.8173161392733
MA0101202301A0079443,신농농약사,,G2,소매,G221,기타 상품 소매,G22199,그 외 기타 상품 전문 소매업,G47859,그 외 기타 분류 안된 상품 전문 소매업,47,경상북도,47280,문경시,47280590,점촌3동,4728010300,흥덕동,4728010300103250003,1,대지,325,3,경상북도 문경시 흥덕동 325-3,472803312031,경상북도 문경시 호서로,85,2,4728010300103250003000001,,경상북도 문경시 호서로 85-2,745891,36966,,,,128.202040895519,36.6020352240212
MA0101202301A0101313,모바일쿠폰마켓,,G2,소매,G221,기타 상품 소매,G22199,그 외 기타 상품 전문 소매업,G47859,그 외 기타 분류 안된 상품 전문 소매업,29,광주광역시,29140,서구,29140830,풍암동,2914012800,풍암동,2914012800109660004,1,대지,966,4,광주광역시 서구 풍암동 966-4,291404280443,광주광역시 서구 풍금로4번길,3,,2914012800109660004026192,,광주광역시 서구 풍금로4번길 3,502832,62051,,2,,126.866412769497,35.1207206406267
MA0101202302A0001968,파워펌프영암점,,G2,소매,G221,기타 상품 소매,G22199,그 외 기타 상품 전문 소매업,G47859,그 외 기타 분류 안된 상품 전문 소매업,46,전라남도,46830,영암군,46830250,영암읍,4683025026,영암읍,4683025026103600001,1,대지,360,1,전라남도 영암군 영암읍 역리 360-1,468303295019,전라남도 영암군 영암읍 낭주로,224,,4683025026103600001016538,,전라남도 영암군 영암읍 낭주로 224,526804,58411,,,,126.699916584406,34.80783166273
MA0101202302A0012487,성인용품,,G2,소매,G221,기타 상품 소매,G22199,그 외 기타 상품 전문 소매업,G47859,그 외 기타 분류 안된 상품 전문 소매업,11,서울특별시,11530,구로구,11530760,개봉3동,1153010700,개봉동,1153010700104030203,1,대지,403,203,서울특별시 구로구 개봉동 403-203,115303116001,서울특별시 구로구 개봉로,17,,1153010700104030203007688,성림빌딩,서울특별시 구로구 개봉로 17,152816,08352,,1,,126.856106801766,37.4871710217707
MA0101202302A0037999,재승전업,,G2,소매,G221,기타 상품 소매,G22199,그 외 기타 상품 전문 소매업,G47859,그 외 기타 분류 안된 상품 전문 소매업,44,충청남도,44210,서산시,44210540,수석동,4421010600,수석동,4421010600102040012,1,대지,204,12,충청남도 서산시 수석동 204-12,442103015038,충청남도 서산시 운암로,54,,4421010600102040012000001,,충청남도 서산시 운암로 54,356050,32010,,,,126.495349994859,36.7816930423771
MA0101202302A0020990,24시부산서면2번가점,,G2,소매,G221,기타 상품 소매,G22199,그 외 기타 상품 전문 소매업,G47859,그 외 기타 분류 안된 상품 전문 소매업,26,부산광역시,26230,부산진구,26230520,부전2동,2623010300,부전동,2623010300101680299,1,대지,168,299,부산광역시 부산진구 부전동 168-299,262304187685,부산광역시 부산진구 중앙대로680번가길,55,3,2623010300101680299020211,,부산광역시 부산진구 중앙대로680번가길 55-3,614845,47292,,2,,129.060646164998,35.1558507158875
MA0101202302A0042245,재신소방,,G2,소매,G221,기타 상품 소매,G22199,그 외 기타 상품 전문 소매업,G47859,그 외 기타 분류 안된 상품 전문 소매업,30,대전광역시,30230,대덕구,30230546,중리동,3023010900,중리동,3023010900103960021,1,대지,396,21,대전광역시 대덕구 중리동 396-21,302304304439,대전광역시 대덕구 중리로31번길,34,,3023010900103960021016828,,대전광역시 대덕구 중리로31번길 34,306827,34391,,1,,127.423186120549,36.361962269262
MA0101202303A0068918,호성바이오,,G2,소매,G221,기타 상품 소매,G22199,그 외 기타 상품 전문 소매업,G47859,그 외 기타 분류 안된 상품 전문 소매업,41,경기도,41410,군포시,41410620,광정동,4141010400,산본동,4141010400111280000,1,대지,1128,,경기도 군포시 산본동 1128,414104400232,경기도 군포시 산본로323번길,7,,4141010400111280000005418,금성프라자,경기도 군포시 산본로323번길 7,435804,15865,,4,,126.933176119061,37.3593132574834
MA0101202303A0080875,나노바이오,,G2,소매,G221,기타 상품 소매,G22199,그 외 기타 상품 전문 소매업,G47859,그 외 기타 분류 안된 상품 전문 소매업,30,대전광역시,30140,중구,30140535,은행선화동,3014010200,선화동,3014010200100050003,1,대지,5,3,대전광역시 중구 선화동 5-3,301403010004,대전광역시 중구 대종로,509,,3014010200100050003014849,소청,대전광역시 중구 대종로 509,301822,34838,,4,,127.424569080578,36.3293799154558
MA0101202302A0092284,한국아그로법인,,G2,소매,G221,기타 상품 소매,G22199,그 외 기타 상품 전문 소매업,G47859,그 외 기타 분류 안된 상품 전문 소매업,46,전라남도,46170,나주시,46170310,세지면,4617031021,세지면,4617031021102360041,1,대지,236,41,전라남도 나주시 세지면 오봉리 236-41,461703284039,전라남도 나주시 세지면 세남로,3,,4617031021102360006000001,동창종로약국,전라남도 나주시 세지면 세남로 3,520873,58315,,,,126.748148980214,34.921427368824
MA0101202303A0009390,우리유통,,G2,소매,G221,기타 상품 소매,G22199,그 외 기타 상품 전문 소매업,G47859,그 외 기타 분류 안된 상품 전문 소매업,26,부산광역시,26530,사상구,26530645,감전동,2653010500,감전동,2653010500101430016,1,대지,143,16,부산광역시 사상구 감전동 143-16,265303139012,부산광역시 사상구 새벽로,141,,2653010500101430012006183,부산새벽시장,부산광역시 사상구 새벽로 141,617803,46988,,,,128.982423239727,35.1541464704966
MA0101202303A0040203,퀸즈맘앤베이비,,G2,소매,G221,기타 상품 소매,G22199,그 외 기타 상품 전문 소매업,G47859,그 외 기타 분류 안된 상품 전문 소매업,41,경기도,41192,부천시 원미구,41192630,중1동,4119210800,중동,4119210800111610003,1,대지,1161,3,경기도 부천시 원미구 중동 1161-3,411923184007,경기도 부천시 원미구 소향로,131,,4119510800111610003043203,일신빌딩,경기도 부천시 원미구 소향로 131,420852,14546,,7,,126.762357265441,37.5024268307142
MA0101202303A0067863,포레스트,,G2,소매,G221,기타 상품 소매,G22199,그 외 기타 상품 전문 소매업,G47859,그 외 기타 분류 안된 상품 전문 소매업,48,경상남도,48330,양산시,48330515,양주동,4833010300,중부동,4833010300106910004,1,대지,691,4,경상남도 양산시 중부동 691-4,483304814596,경상남도 양산시 양산역3길,12,,4833010300106910004001979,광장프라자,경상남도 양산시 양산역3길 12,626050,50629,,1,,129.02805062927,35.3363979681337
MA0101202303A0071561,섹다른공간,,G2,소매,G221,기타 상품 소매,G22199,그 외 기타 상품 전문 소매업,G47859,그 외 기타 분류 안된 상품 전문 소매업,28,인천광역시,28110,중구,28110628,운서동,2811014700,운서동,2811014700130920005,1,대지,3092,5,인천광역시 중구 운서동 3092-5,281104247494,인천광역시 중구 영종대로196번길,26,,2811014700130920005000001,응답하라,인천광역시 중구 영종대로196번길 26,400340,22376,,,,126.498468520599,37.4903477457082
MA0101202303A0003450,법인한국산삼원지점,,G2,소매,G221,기타 상품 소매,G22199,그 외 기타 상품 전문 소매업,G47859,그 외 기타 분류 안된 상품 전문 소매업,26,부산광역시,26470,연제구,26470690,연산5동,2647010200,연산동,2647010200113300009,1,대지,1330,9,부산광역시 연제구 연산동 1330-9,264702000010,부산광역시 연제구 중앙대로,1043,,2647010200113300009024228,,부산광역시 연제구 중앙대로 1043,611830,47542,,8,,129.077830452284,35.1817627604267
MA0101202303A0050342,대한상사,,G2,소매,G221,기타 상품 소매,G22199,그 외 기타 상품 전문 소매업,G47859,그 외 기타 분류 안된 상품 전문 소매업,41,경기도,41271,안산시 상록구,41271580,월피동,4127110900,월피동,4127110900104450000,1,대지,445,,경기도 안산시 상록구 월피동 445,412713190056,경기도 안산시 상록구 예술광장로,1,,4127110900104450000013638,,경기도 안산시 상록구 예술광장로 1,426853,15288,,4,,126.844246948044,37.3283603333454
MA0101202303A0011450,충주수석갤러리,,G2,소매,G221,기타 상품 소매,G22199,그 외 기타 상품 전문 소매업,G47859,그 외 기타 분류 안된 상품 전문 소매업,43,충청북도,43130,충주시,43130370,앙성면,4313037033,앙성면,4313037033101350001,1,대지,135,1,충청북도 충주시 앙성면 돈산리 135-1,431303197001,충청북도 충주시 앙성면 가곡로,1407,,4313037033101350001055303,,충청북도 충주시 앙성면 가곡로 1407,380863,27302,,,,127.791830121672,37.0960333895533
MA0101202303A0030687,풍기홍삼상회,,G2,소매,G221,기타 상품 소매,G22199,그 외 기타 상품 전문 소매업,G47859,그 외 기타 분류 안된 상품 전문 소매업,47,경상북도,47210,영주시,47210250,풍기읍,4721025021,풍기읍,4721025021101290005,1,대지,129,5,경상북도 영주시 풍기읍 성내리 129-5,472103309053,경상북도 영주시 풍기읍 인삼로,51,,4721025021101290005000001,,경상북도 영주시 풍기읍 인삼로 51,750805,36028,,1,,128.52271668454,36.8691378265089
MA0101202303A0058421,감초당약업사,,G2,소매,G221,기타 상품 소매,G22199,그 외 기타 상품 전문 소매업,G47859,그 외 기타 분류 안된 상품 전문 소매업,47,경상북도,47170,안동시,47170510,중구동,4717011400,천리동,4717011400102270030,1,대지,227,30,경상북도 안동시 천리동 227-30,471703307040,경상북도 안동시 퇴계로,52,1,4717011400102270030000001,,경상북도 안동시 퇴계로 52-1,760160,36699,,,,128.726377404451,36.5637588820421
MA0101202303A0066291,영산,,G2,소매,G221,기타 상품 소매,G22199,그 외 기타 상품 전문 소매업,G47859,그 외 기타 분류 안된 상품 전문 소매업,11,서울특별시,11500,강서구,11500540,화곡1동,1150010300,화곡동,1150010300103710060,1,대지,371,60,서울특별시 강서구 화곡동 371-60,115004145005,서울특별시 강서구 가로공원로76길,23,,1150010300103710060014423,일부,서울특별시 강서구 가로공원로76길 23,157884,07762,,1,,126.837468755496,37.5359992568507
MA0101202302A0100769,풍년상사,,G2,소매,G221,기타 상품 소매,G22199,그 외 기타 상품 전문 소매업,G47859,그 외 기타 분류 안된 상품 전문 소매업,44,충청남도,44200,아산시,44200250,염치읍,4420025025,염치읍,4420025025102200004,1,대지,220,4,충청남도 아산시 염치읍 염성리 220-4,442004559566,충청남도 아산시 염치읍 염성길,102,,4420025025102200004064212,,충청남도 아산시 염치읍 염성길 102,336812,31445,,,,126.973113210543,36.8157591883175
MA0101202302A0086439,진량농협경제사업부,,G2,소매,G221,기타 상품 소매,G22199,그 외 기타 상품 전문 소매업,G47859,그 외 기타 분류 안된 상품 전문 소매업,47,경상북도,47290,경산시,47290253,진량읍,4729025330,진량읍,4729025330107900000,1,대지,790,,경상북도 경산시 진량읍 문천리 790,472903353266,경상북도 경산시 진량읍 공단11로,257,10,4729025330107900000000001,,경상북도 경산시 진량읍 공단11로 257-10,712834,38478,,,,128.839827943706,35.8788696104957
MA0101202302A0094891,위드미어스,,G2,소매,G221,기타 상품 소매,G22199,그 외 기타 상품 전문 소매업,G47859,그 외 기타 분류 안된 상품 전문 소매업,27,대구광역시,27260,수성구,27260530,범어3동,2726010100,범어동,2726010100100020008,1,대지,2,8,대구광역시 수성구 범어동 2-8,272603007004,대구광역시 수성구 동대구로,389,,2726010100100020008029566,,대구광역시 수성구 동대구로 389,706816,42012,,5,,128.626239301494,35.8652539782723
MA0101202303A0092805,동양테크,,G2,소매,G221,기타 상품 소매,G22199,그 외 기타 상품 전문 소매업,G47859,그 외 기타 분류 안된 상품 전문 소매업,46,전라남도,46820,해남군,46820400,황산면,4682040022,황산면,4682040022110500001,1,대지,1050,1,전라남도 해남군 황산면 원호리 1050-1,468204856531,전라남도 해남군 황산면 학동마을길,128,,4682040022110500001000001,,전라남도 해남군 황산면 학동마을길 128,536865,59008,,,,126.482976726651,34.5645680622819
MA0101202302A0088704,우리유통,,G2,소매,G221,기타 상품 소매,G22199,그 외 기타 상품 전문 소매업,G47859,그 외 기타 분류 안된 상품 전문 소매업,41,경기도,41500,이천시,41500330,호법면,4150033022,호법면,4150033022100730000,1,대지,73,,경기도 이천시 호법면 안평리 73,415002012012,경기도 이천시 호법면 중부대로,773,,4150033022100730000003620,패밀리마트,경기도 이천시 호법면 중부대로 773,467822,17392,,,,127.418429443107,37.2457200406408
MA0101202303A0009892,장례용품예송,,G2,소매,G221,기타 상품 소매,G22199,그 외 기타 상품 전문 소매업,G47859,그 외 기타 분류 안된 상품 전문 소매업,41,경기도,41135,성남시 분당구,41135640,야탑3동,4113510700,야탑동,4113510700102940005,1,대지,294,5,경기도 성남시 분당구 야탑동 294-5,411354340083,경기도 성남시 분당구 매화로48번길,8,3,4113510700102940005037187,,경기도 성남시 분당구 매화로48번길 8-3,463856,13504,,1,,127.134847395184,37.4115146030128
MA0101202303A0023688,성주불교사,,G2,소매,G221,기타 상품 소매,G22199,그 외 기타 상품 전문 소매업,G47859,그 외 기타 분류 안된 상품 전문 소매업,41,경기도,41194,부천시 소사구,41194510,심곡본1동,4119410200,심곡본동,4119410200106240000,1,대지,624,,경기도 부천시 소사구 심곡본동 624,411944355140,경기도 부천시 소사구 성주로176번길,27,,4119710200106240000021685,,경기도 부천시 소사구 성주로176번길 27,422822,14748,,,,126.775618234339,37.4775850023986
MA0101202303A0046826,시그니처,,G2,소매,G221,기타 상품 소매,G22199,그 외 기타 상품 전문 소매업,G47859,그 외 기타 분류 안된 상품 전문 소매업,11,서울특별시,11500,강서구,11500603,가양1동,1150010500,마곡동,1150010500107950007,1,대지,795,7,서울특별시 강서구 마곡동 795-7,115003155054,서울특별시 강서구 마곡중앙6로,93,,1150010500107950007000001,열린프라자,서울특별시 강서구 마곡중앙6로 93,157805,07803,,1,,126.837699287621,37.5601373059004
MA0101202303A0072205,한성JNC,,G2,소매,G221,기타 상품 소매,G22199,그 외 기타 상품 전문 소매업,G47859,그 외 기타 분류 안된 상품 전문 소매업,44,충청남도,44810,예산군,44810350,응봉면,4481035021,응봉면,4481035021100360003,1,대지,36,3,충청남도 예산군 응봉면 노화리 36-3,448103015081,충청남도 예산군 응봉면 예당로,1567,5,4481035021100360003014627,,충청남도 예산군 응봉면 예당로 1567-5,340831,32446,,,,126.76554665542,36.6587181761444
MA0101202303A0031175,제이앤씨케미칼,,G2,소매,G221,기타 상품 소매,G22199,그 외 기타 상품 전문 소매업,G47859,그 외 기타 분류 안된 상품 전문 소매업,11,서울특별시,11650,서초구,11650652,양재2동,1165010200,양재동,1165010200102750001,1,대지,275,1,서울특별시 서초구 양재동 275-1,116503121022,서울특별시 서초구 논현로,83,,1165010200102750001002669,삼호물산빌딩,서울특별시 서초구 논현로 83,137940,06775,,,,127.044385478438,37.477177031504
MA0101202303A0049005,한반도산삼마을,,G2,소매,G221,기타 상품 소매,G22199,그 외 기타 상품 전문 소매업,G47859,그 외 기타 분류 안된 상품 전문 소매업,41,경기도,41650,포천시,41650380,이동면,4165038022,이동면,4165038022101340008,1,대지,134,8,경기도 포천시 이동면 도평리 134-8,416503000121,경기도 포천시 이동면 금강로,5960,,4165038022202410007000001,,경기도 포천시 이동면 금강로 5960,487862,11110,,,,127.38165040234,38.0622469366291
MA0101202303A0062855,한우리유기질비료,,G2,소매,G221,기타 상품 소매,G22199,그 외 기타 상품 전문 소매업,G47859,그 외 기타 분류 안된 상품 전문 소매업,36,세종특별자치시,36110,세종특별자치시,36110330,부강면,3611033025,부강면,3611033025102900004,1,대지,290,4,세종특별자치시 세종특별자치시 부강면 문곡리 290-4,361104574712,세종특별자치시 세종특별자치시 부강면 문곡대국터길,77,1,4371038026002900004029194,,세종특별자치시 세종특별자치시 부강면 문곡대국터길 77-1,339944,30073,,,,127.396796961121,36.5362109208266
MA0101202302A0086758,루시드,,G2,소매,G221,기타 상품 소매,G22199,그 외 기타 상품 전문 소매업,G47859,그 외 기타 분류 안된 상품 전문 소매업,41,경기도,41273,안산시 단원구,41273570,초지동,4127310700,초지동,4127310700107430007,1,대지,743,7,경기도 안산시 단원구 초지동 743-7,412733191065,경기도 안산시 단원구 원포공원2로,21,,4127310700107430007000001,에비뉴시티오피스텔,경기도 안산시 단원구 원포공원2로 21,425856,15455,,5,,126.811975640279,37.3017600072762
MA0101202303A0057018,천향,,G2,소매,G221,기타 상품 소매,G22199,그 외 기타 상품 전문 소매업,G47859,그 외 기타 분류 안된 상품 전문 소매업,44,충청남도,44270,당진시,44270253,송악읍,4427025333,송악읍,4427025333116500007,1,대지,1650,7,충청남도 당진시 송악읍 복운리 1650-7,442704595426,충청남도 당진시 송악읍 신복운로6길,33,,4483025633116500007090383,,충청남도 당진시 송악읍 신복운로6길 33,343827,31724,,,,126.783491705194,36.9436112879845
MA0101202303A0025901,에코셀,,G2,소매,G221,기타 상품 소매,G22199,그 외 기타 상품 전문 소매업,G47859,그 외 기타 분류 안된 상품 전문 소매업,46,전라남도,46870,영광군,46870310,대마면,4687031023,대마면,4687031023110330005,1,대지,1033,5,전라남도 영광군 대마면 송죽리 1033-5,468703298057,전라남도 영광군 대마면 전기차2로,164,,4687031023110330005000001,세진더이룸,전라남도 영광군 대마면 전기차2로 164,513811,57055,,,,126.580699962456,35.2872504946957
MA0101202303A0076915,대명전기소방,,G2,소매,G221,기타 상품 소매,G22199,그 외 기타 상품 전문 소매업,G47859,그 외 기타 분류 안된 상품 전문 소매업,11,서울특별시,11350,노원구,11350665,상계3.4동,1135010500,상계동,1135010500101110541,1,대지,111,541,서울특별시 노원구 상계동 111-541,113503000004,서울특별시 노원구 덕릉로,838,12,1135010500101110541004861,,서울특별시 노원구 덕릉로 838-12,139811,01643,,,,127.082121037628,37.6709787791229
MA0101202303A0053272,지에스지송해수석,,G2,소매,G221,기타 상품 소매,G22199,그 외 기타 상품 전문 소매업,G47859,그 외 기타 분류 안된 상품 전문 소매업,27,대구광역시,27710,달성군,27710262,옥포읍,2771026226,옥포읍,2771026226101460001,1,대지,146,1,대구광역시 달성군 옥포읍 기세리 146-1,277104244304,대구광역시 달성군 옥포읍 비슬로458길,17,3,2771034026101460001008272,,대구광역시 달성군 옥포읍 비슬로458길 17-3,711843,42972,,,,128.472544496711,35.7904933644846
MA0101202302A0089393,보타리바이오,,G2,소매,G221,기타 상품 소매,G22199,그 외 기타 상품 전문 소매업,G47859,그 외 기타 분류 안된 상품 전문 소매업,50,제주특별자치도,50110,제주시,50110253,애월읍,5011025339,애월읍,5011025339113110006,1,대지,1311,6,제주특별자치도 제주시 애월읍 봉성리 1311-6,501104847554,제주특별자치도 제주시 애월읍 돈물내길,12,10,5011025339113110006000001,,제주특별자치도 제주시 애월읍 돈물내길 12-10,695907,63039,,,,126.32526337766,33.3983527868141
MA0101202303A0051731,서귀안전,,G2,소매,G221,기타 상품 소매,G22199,그 외 기타 상품 전문 소매업,G47859,그 외 기타 분류 안된 상품 전문 소매업,50,제주특별자치도,50130,서귀포시,50130580,서홍동,5013010600,서홍동,5013010600112620013,1,대지,1262,13,제주특별자치도 서귀포시 서홍동 1262-13,501303350152,제주특별자치도 서귀포시 서홍로,77,,5013010600112620013039820,,제주특별자치도 서귀포시 서홍로 77,697853,63583,,2,,126.552906753735,33.2547170934125
MA0101202302A0089495,읍내농약사,,G2,소매,G221,기타 상품 소매,G22199,그 외 기타 상품 전문 소매업,G47859,그 외 기타 분류 안된 상품 전문 소매업,27,대구광역시,27230,북구,27230770,읍내동,2723011800,읍내동,2723011800112010004,1,대지,1201,4,대구광역시 북구 읍내동 1201-4,272302145001,대구광역시 북구 칠곡중앙대로,522,1,2723011800112010004002947,,대구광역시 북구 칠곡중앙대로 522-1,702849,41434,,2,,128.550864241977,35.9421812782102
MA0101202302A0091666,업소명없음,,G2,소매,G221,기타 상품 소매,G22199,그 외 기타 상품 전문 소매업,G47859,그 외 기타 분류 안된 상품 전문 소매업,47,경상북도,47190,구미시,47190510,송정동,4719011000,송정동,4719011000100240001,1,대지,24,1,경상북도 구미시 송정동 24-1,471904724583,경상북도 구미시 신시로20길,8,,4719011000100240001027122,블루마운틴,경상북도 구미시 신시로20길 8,730912,39284,,2,,128.339447284945,36.1184693503669
MA0101202303A0024216,포레스트H,,G2,소매,G221,기타 상품 소매,G22199,그 외 기타 상품 전문 소매업,G47859,그 외 기타 분류 안된 상품 전문 소매업,26,부산광역시,26350,해운대구,26350530,중1동,2635010600,중동,2635010600113920166,1,대지,1392,166,부산광역시 해운대구 중동 1392-166,263503132002,부산광역시 해운대구 구남로,37,,2635010600113920166025818,해운대르와지르호텔,부산광역시 해운대구 구남로 37,612847,48095,,1,,129.161492800095,35.1611307303357
MA0101202303A0055474,도산농자재미니슈퍼,,G2,소매,G221,기타 상품 소매,G22199,그 외 기타 상품 전문 소매업,G47859,그 외 기타 분류 안된 상품 전문 소매업,44,충청남도,44230,논산시,44230380,벌곡면,4423038028,벌곡면,4423038028101710002,1,대지,171,2,충청남도 논산시 벌곡면 도산리 171-2,442303015049,충청남도 논산시 벌곡면 수락로,7,,4423038028101710002082726,,충청남도 논산시 벌곡면 수락로 7,320882,33028,,,,127.317428241808,36.1617121665373
MA0101202302A0087514,에스라이프헬스케어,,G2,소매,G221,기타 상품 소매,G22199,그 외 기타 상품 전문 소매업,G47859,그 외 기타 분류 안된 상품 전문 소매업,11,서울특별시,11215,광진구,11215730,군자동,1121510900,군자동,1121510900100910011,1,대지,91,11,서울특별시 광진구 군자동 91-11,112153000001,서울특별시 광진구 동일로,286,1,1121510900100910011025908,,서울특별시 광진구 동일로 286-1,143838,04995,,3,,127.072658546108,37.5567396435788
MA0101202303A0051958,해드림복지용구,,G2,소매,G221,기타 상품 소매,G22199,그 외 기타 상품 전문 소매업,G47859,그 외 기타 분류 안된 상품 전문 소매업,41,경기도,41285,고양시 일산동구,41285530,정발산동,4128510300,정발산동,4128510300112970006,1,대지,1297,6,경기도 고양시 일산동구 정발산동 1297-6,412854379164,경기도 고양시 일산동구 일산로380번길,5,7,4128510300112970006007045,일부호,경기도 고양시 일산동구 일산로380번길 5-7,410830,10406,,1,,126.78174073711,37.669399900434
MA0101202303A0024386,더풀,,G2,소매,G221,기타 상품 소매,G22199,그 외 기타 상품 전문 소매업,G47859,그 외 기타 분류 안된 상품 전문 소매업,43,충청북도,43150,제천시,43150560,용두동,4315011200,신월동,4315011200105790000,1,대지,579,,충청북도 제천시 신월동 579,431503239033,충청북도 제천시 세명로,65,,4315011200105220000000001,세명대학교,충청북도 제천시 세명로 65,390711,27136,,,,128.196155288597,37.1738429266066
MA0101202303A0030141,에스닉,,G2,소매,G221,기타 상품 소매,G22199,그 외 기타 상품 전문 소매업,G47859,그 외 기타 분류 안된 상품 전문 소매업,41,경기도,41590,화성시,41590585,동탄1동,4159012700,반송동,4159012700101030003,1,대지,103,3,경기도 화성시 반송동 103-3,415903210037,경기도 화성시 메타폴리스로,42,,4159012700100700000000001,디앤씨빌딩,경기도 화성시 메타폴리스로 42,445160,18455,,9,,127.071854998593,37.2017004856618
MA0101202303A0001012,자연드림농자재,,G2,소매,G221,기타 상품 소매,G22199,그 외 기타 상품 전문 소매업,G47859,그 외 기타 분류 안된 상품 전문 소매업,51,강원특별자치도,51720,홍천군,51720360,남면,5172036021,남면,5172036021101550007,1,대지,155,7,강원특별자치도 홍천군 남면 양덕원리 155-7,517203225034,강원특별자치도 홍천군 남면 양덕원로,60,,4272036021101550007033313,,강원특별자치도 홍천군 남면 양덕원로 60,250875,25108,,2,,127.768595474022,37.6145083437477
MA0101202303A0038057,서원농자재마트,,G2,소매,G221,기타 상품 소매,G22199,그 외 기타 상품 전문 소매업,G47859,그 외 기타 분류 안된 상품 전문 소매업,43,충청북도,43112,청주시 서원구,43112310,남이면,4311231037,남이면,4311231037100080004,1,대지,8,4,충청북도 청주시 서원구 남이면 양촌리 8-4,431123014065,충청북도 청주시 서원구 남이면 2순환로,1789,,4311231037100080004000001,,충청북도 청주시 서원구 남이면 2순환로 1789,362811,28803,,,,127.475949135888,36.5946395395378
MA0101202305A0041605,에스엔제이,,G2,소매,G221,기타 상품 소매,G22199,그 외 기타 상품 전문 소매업,G47859,그 외 기타 분류 안된 상품 전문 소매업,41,경기도,41131,성남시 수정구,41131520,신흥2동,4113110100,신흥동,4113110100124630004,1,대지,2463,4,경기도 성남시 수정구 신흥동 2463-4,411312179002,경기도 성남시 수정구 산성대로,331,,4113110100124630004014595,한신프라자,경기도 성남시 수정구 산성대로 331,461720,13272,,,,127.152816467374,37.4437401177771
MA0101202305A0066293,월화교전자담배,,G2,소매,G221,기타 상품 소매,G22199,그 외 기타 상품 전문 소매업,G47859,그 외 기타 분류 안된 상품 전문 소매업,51,강원특별자치도,51150,강릉시,51150615,강남동,5115012100,노암동,5115012100102790061,1,대지,279,61,강원특별자치도 강릉시 노암동 279-61,511503220055,강원특별자치도 강릉시 강변로,308,,4215012100102790061000109,,강원특별자치도 강릉시 강변로 308,210930,25588,,1,,128.90177346251,37.7511907167017
MA0101202303A0112431,24스토어,야당점,G2,소매,G221,기타 상품 소매,G22199,그 외 기타 상품 전문 소매업,G47859,그 외 기타 분류 안된 상품 전문 소매업,41,경기도,41480,파주시,41480570,운정3동,4148010800,야당동,4148010800110740002,1,대지,1074,2,경기도 파주시 야당동 1074-2,414803012061,경기도 파주시 경의로,1100,,4148010800110740002000001,연세프라자,경기도 파주시 경의로 1100,413200,10908,,3,,126.760147773582,37.7153347050426
MA0101202305A0018799,꽃마중,,G2,소매,G221,기타 상품 소매,G22199,그 외 기타 상품 전문 소매업,G47859,그 외 기타 분류 안된 상품 전문 소매업,46,전라남도,46110,목포시,46110640,동명동,4611010200,산정동,4611010200110800546,1,대지,1080,546,전라남도 목포시 산정동 1080-546,461103281014,전라남도 목포시 동명로,53,1,4611010200110800546043254,,전라남도 목포시 동명로 53-1,530811,58740,,,,126.395611648893,34.792179312098
MA0101202303A0118531,법인강산,,G2,소매,G221,기타 상품 소매,G22199,그 외 기타 상품 전문 소매업,G47859,그 외 기타 분류 안된 상품 전문 소매업,52,전북특별자치도,52140,익산시,52140610,모현동,5214011500,모현동2가,5214011500100310003,1,대지,31,3,전북특별자치도 익산시 모현동2가 31-3,521403269008,전북특별자치도 익산시 동서로,135,,4514011500100310003050477,,전북특별자치도 익산시 동서로 135,570970,54651,,,,126.949708363951,35.9559491491706
MA0101202305A0066427,하동종합상사,,G2,소매,G221,기타 상품 소매,G22199,그 외 기타 상품 전문 소매업,G47422,의복 액세서리 및 모조 장신구 소매업,48,경상남도,48850,하동군,48850250,하동읍,4885025021,하동읍,4885025021103150005,1,대지,315,5,경상남도 하동군 하동읍 읍내리 315-5,488504832417,경상남도 하동군 하동읍 중앙1길,5,2,4885025021103150005021299,,경상남도 하동군 하동읍 중앙1길 5-2,667804,52329,,,,127.747739165392,35.070266040792
MA0101202305A0073188,금산인삼건강식품화장품,,G2,소매,G221,기타 상품 소매,G22199,그 외 기타 상품 전문 소매업,G47859,그 외 기타 분류 안된 상품 전문 소매업,41,경기도,41271,안산시 상록구,41271540,본오1동,4127110400,본오동,4127110400108540017,1,대지,854,17,경기도 안산시 상록구 본오동 854-17,412713190028,경기도 안산시 상록구 본오로,62,,4127110400108540017015612,,경기도 안산시 상록구 본오로 62,426812,15561,,,,126.866541711266,37.2905170970822
MA0101202303A0103039,수생대화한약방,,G2,소매,G221,기타 상품 소매,G22199,그 외 기타 상품 전문 소매업,G47859,그 외 기타 분류 안된 상품 전문 소매업,11,서울특별시,11230,동대문구,11230545,제기동,1123010300,제기동,1123010300111400015,1,대지,1140,15,서울특별시 동대문구 제기동 1140-15,112304115240,서울특별시 동대문구 약령서1길,26,,1123010300111400015031597,,서울특별시 동대문구 약령서1길 26,130864,02569,,1,,127.036442279874,37.5796236455355
MA0101202305A0005600,키즈플래너,,G2,소매,G221,기타 상품 소매,G22199,그 외 기타 상품 전문 소매업,G47859,그 외 기타 분류 안된 상품 전문 소매업,41,경기도,41480,파주시,41480262,조리읍,4148026221,조리읍,4148026221101420032,1,대지,142,32,경기도 파주시 조리읍 봉일천리 142-32,414803206039,경기도 파주시 조리읍 봉천로,27,,4148026221101420032032498,,경기도 파주시 조리읍 봉천로 27,413823,10937,,,,126.808640660498,37.7432453299064
MA0101202305A0032370,지혜로움,,G2,소매,G221,기타 상품 소매,G22199,그 외 기타 상품 전문 소매업,G47859,그 외 기타 분류 안된 상품 전문 소매업,48,경상남도,48125,창원시 마산합포구,48125310,구산면,4812531024,구산면,4812531024201790128,2,산,179,128,경상남도 창원시 마산합포구 구산면 수정리 산179-128,481253329005,경상남도 창원시 마산합포구 구산면 구산로,434,,4812531024201790076000001,오오유파크,경상남도 창원시 마산합포구 구산면 구산로 434,631843,51779,,B2,,128.58661382493,35.1135550161196
MA0101202305A0062738,신사유통,,G2,소매,G221,기타 상품 소매,G22199,그 외 기타 상품 전문 소매업,G47859,그 외 기타 분류 안된 상품 전문 소매업,44,충청남도,44133,천안시 서북구,44133590,부성2동,4413310500,성성동,4413310500104820011,1,대지,482,11,충청남도 천안시 서북구 성성동 482-11,441333250001,충청남도 천안시 서북구 2공단1로,43,4,4413310500104820011043748,,충청남도 천안시 서북구 2공단1로 43-4,331300,31074,,,,127.117906768033,36.8475218803498
MA0101202305A0068830,영진정보통신,,G2,소매,G221,기타 상품 소매,G22199,그 외 기타 상품 전문 소매업,G47859,그 외 기타 분류 안된 상품 전문 소매업,47,경상북도,47930,울진군,47930250,울진읍,4793025026,울진읍,4793025026101510000,1,대지,151,,경상북도 울진군 울진읍 고성리 151,479304775014,경상북도 울진군 울진읍 고성1길,22,,4793025026101510000021699,,경상북도 울진군 울진읍 고성1길 22,767801,36327,,,,129.396249233677,36.9990873211203
MA0101202305A0078780,대광34,,G2,소매,G221,기타 상품 소매,G22199,그 외 기타 상품 전문 소매업,G47859,그 외 기타 분류 안된 상품 전문 소매업,44,충청남도,44710,금산군,44710250,금산읍,4471025022,금산읍,4471025022105230000,1,대지,523,,충청남도 금산군 금산읍 중도리 523,447104571020,충청남도 금산군 금산읍 건삼전1길,17,1,4471025022105230000019343,,충청남도 금산군 금산읍 건삼전1길 17-1,312806,32740,,,,127.491607334039,36.1004817397196
MA0101202303A0103080,태영방재,,G2,소매,G221,기타 상품 소매,G22199,그 외 기타 상품 전문 소매업,G47859,그 외 기타 분류 안된 상품 전문 소매업,31,울산광역시,31140,남구,31140510,신정1동,3114010400,신정동,3114010400111310001,1,대지,1131,1,울산광역시 남구 신정동 1131-1,311404310348,울산광역시 남구 봉월로82번길,16,,3114010400111310001011683,,울산광역시 남구 봉월로82번길 16,680826,44672,,,,129.307306520686,35.540068917272
MA0101202305A0074505,제이제이세이프티,,G2,소매,G221,기타 상품 소매,G22199,그 외 기타 상품 전문 소매업,G47859,그 외 기타 분류 안된 상품 전문 소매업,26,부산광역시,26320,북구,26320543,화명3동,2632010200,화명동,2632010200122750002,1,대지,2275,2,부산광역시 북구 화명동 2275-2,263202132002,부산광역시 북구 화명대로,20,,2632010200122750002017652,,부산광역시 북구 화명대로 20,616852,46527,,8,,129.010127630769,35.2347137395979
MA0101202305A0077213,양키캔들부산,정관점,G2,소매,G221,기타 상품 소매,G22199,그 외 기타 상품 전문 소매업,G47813,"화장품, 비누 및 방향제 소매업",26,부산광역시,26710,기장군,26710256,정관읍,2671025622,정관읍,2671025622107180006,1,대지,718,6,부산광역시 기장군 정관읍 매학리 718-6,267103140047,부산광역시 기장군 정관읍 정관로,570,,2671032022107180006000001,대한빌딩,부산광역시 기장군 정관읍 정관로 570,619963,46017,,,,129.175868169844,35.3210398884734
MA0101202303A0120859,우리인삼사,,G2,소매,G221,기타 상품 소매,G22199,그 외 기타 상품 전문 소매업,G47859,그 외 기타 분류 안된 상품 전문 소매업,47,경상북도,47210,영주시,47210360,봉현면,4721036023,봉현면,4721036023104150004,1,대지,415,4,경상북도 영주시 봉현면 대촌리 415-4,472104727308,경상북도 영주시 봉현면 소백로1701번길,101,3,4721036023104150004000001,,경상북도 영주시 봉현면 소백로1701번길 101-3,750893,36045,,,,128.520932928894,36.8521315111553
MA0101202305A0022751,더써봇,,G2,소매,G221,기타 상품 소매,G22199,그 외 기타 상품 전문 소매업,G47859,그 외 기타 분류 안된 상품 전문 소매업,41,경기도,41590,화성시,41590585,동탄1동,4159012700,반송동,4159012700100910002,1,대지,91,2,경기도 화성시 반송동 91-2,415904431486,경기도 화성시 동탄중심상가2길,8,,4159012700104810000000002,로하스애비뉴,경기도 화성시 동탄중심상가2길 8,445160,18453,,6,,127.072647169562,37.205529470063
MA0101202305A0024766,스타일,,G2,소매,G221,기타 상품 소매,G22199,그 외 기타 상품 전문 소매업,G47859,그 외 기타 분류 안된 상품 전문 소매업,52,전북특별자치도,52800,부안군,52800250,부안읍,5280025022,부안읍,5280025022105220001,1,대지,522,1,전북특별자치도 부안군 부안읍 서외리 522-1,528003280067,전북특별자치도 부안군 부안읍 오리정로,80,,4580025022105220001023228,,전북특별자치도 부안군 부안읍 오리정로 80,579803,56312,,1,,126.73084057923,35.7230620356083
MA0101202305A0047819,대성,,G2,소매,G221,기타 상품 소매,G22199,그 외 기타 상품 전문 소매업,G47859,그 외 기타 분류 안된 상품 전문 소매업,41,경기도,41273,안산시 단원구,41273545,원곡동,4127310800,원곡동,4127310800109940005,1,대지,994,5,경기도 안산시 단원구 원곡동 994-5,412733012031,경기도 안산시 단원구 산단로,326,,4127310800109940005001086,,경기도 안산시 단원구 산단로 326,425780,15431,,,,126.78750644884,37.3234425118844
MA0101202305A0075793,장례용품예송,,G2,소매,G221,기타 상품 소매,G22199,그 외 기타 상품 전문 소매업,G47859,그 외 기타 분류 안된 상품 전문 소매업,28,인천광역시,28200,남동구,28200550,간석3동,2820010200,간석동,2820010200107710007,1,대지,771,7,인천광역시 남동구 간석동 771-7,282003008030,인천광역시 남동구 평온로,9,,2820010200107710007020879,,인천광역시 남동구 평온로 9,405812,21513,,1,,126.711247653784,37.4767424419385
MA0101202303A0103327,대운운기,,G2,소매,G221,기타 상품 소매,G22199,그 외 기타 상품 전문 소매업,G47859,그 외 기타 분류 안된 상품 전문 소매업,27,대구광역시,27710,달성군,27710253,논공읍,2771025326,논공읍,2771025326102900000,1,대지,290,,대구광역시 달성군 논공읍 하리 290,277104244430,대구광역시 달성군 논공읍 약산덧재길,166,,2771025326102900000000001,,대구광역시 달성군 논공읍 약산덧재길 166,711858,42976,,,,128.435844399019,35.743075711242
MA0101202305A0066791,정이엔씨,,G2,소매,G221,기타 상품 소매,G22199,그 외 기타 상품 전문 소매업,G47859,그 외 기타 분류 안된 상품 전문 소매업,41,경기도,41590,화성시,41590259,향남읍,4159025924,향남읍,4159025924108250003,1,대지,825,3,경기도 화성시 향남읍 상신리 825-3,415904430658,경기도 화성시 향남읍 상신초교길,3,22,4159025924108250003000001,,경기도 화성시 향남읍 상신초교길 3-22,445937,18622,,,,126.904487196402,37.096494105199
MA0101202305A0077468,지포더프리미엄,,G2,소매,G221,기타 상품 소매,G22199,그 외 기타 상품 전문 소매업,G47859,그 외 기타 분류 안된 상품 전문 소매업,41,경기도,41590,화성시,41590360,팔탄면,4159036023,팔탄면,4159036023102490000,1,대지,249,,경기도 화성시 팔탄면 기천리 249,415903210004,경기도 화성시 팔탄면 건달산로,152,,4159036023102490000000003,,경기도 화성시 팔탄면 건달산로 152,445916,18526,,,,126.907606608988,37.1861430914316
MA0101202305A0092686,창대유통,,G2,소매,G221,기타 상품 소매,G22199,그 외 기타 상품 전문 소매업,G47859,그 외 기타 분류 안된 상품 전문 소매업,11,서울특별시,11500,강서구,11500611,발산1동,1150010700,외발산동,1150010700100750000,1,대지,75,,서울특별시 강서구 외발산동 75,115003115004,서울특별시 강서구 발산로,40,,1150010700104270000009217,강서농산물시장,서울특별시 강서구 발산로 40,157740,07644,,1,,126.821564667928,37.5533385317377
MA0101202305A0028764,대명생약,,G2,소매,G221,기타 상품 소매,G22199,그 외 기타 상품 전문 소매업,G47859,그 외 기타 분류 안된 상품 전문 소매업,44,충청남도,44710,금산군,44710250,금산읍,4471025022,금산읍,4471025022100070001,1,대지,7,1,충청남도 금산군 금산읍 중도리 7-1,447103257042,충청남도 금산군 금산읍 인삼광장로,47,,4471025022100070001020661,인삼종합쇼핑센터,충청남도 금산군 금산읍 인삼광장로 47,312806,32739,,,,127.498954158378,36.1015057852482
MA0101202305A0061316,노을멍,,G2,소매,G221,기타 상품 소매,G22199,그 외 기타 상품 전문 소매업,G47859,그 외 기타 분류 안된 상품 전문 소매업,50,제주특별자치도,50110,제주시,50110250,한림읍,5011025031,한림읍,5011025031124470043,1,대지,2447,43,제주특별자치도 제주시 한림읍 협재리 2447-43,501103349208,제주특별자치도 제주시 한림읍 한림로,329,8,5011025031024470043002521,,제주특별자치도 제주시 한림읍 한림로 329-8,695934,63011,,1,,126.239797249638,33.3937203344049
MA0101202305A0072755,엔젤드론대전알앤디기술센터,,G2,소매,G221,기타 상품 소매,G22199,그 외 기타 상품 전문 소매업,G47859,그 외 기타 분류 안된 상품 전문 소매업,30,대전광역시,30200,유성구,30200530,온천1동,3020011200,구암동,3020011200105980018,1,대지,598,18,대전광역시 유성구 구암동 598-18,302004301016,대전광역시 유성구 계룡로26번길,65,,3020011200105980018014423,,대전광역시 유성구 계룡로26번길 65,305800,34177,,2,,127.332763878639,36.3529662112017
MA0101202305A0016049,뉴트리풀,,G2,소매,G221,기타 상품 소매,G22199,그 외 기타 상품 전문 소매업,G47859,그 외 기타 분류 안된 상품 전문 소매업,44,충청남도,44760,부여군,44760250,부여읍,4476025029,부여읍,4476025029100940004,1,대지,94,4,충청남도 부여군 부여읍 구아리 94-4,447603259076,충청남도 부여군 부여읍 반월로,26,22,4476025029100940004014652,,충청남도 부여군 부여읍 반월로 26-22,323805,33139,,,,126.909025066894,36.2852022262026
MA0101202305A0023215,성하산업,,G2,소매,G221,기타 상품 소매,G22199,그 외 기타 상품 전문 소매업,G47859,그 외 기타 분류 안된 상품 전문 소매업,51,강원특별자치도,51150,강릉시,51150571,포남1동,5115011100,포남동,5115011100111570012,1,대지,1157,12,강원특별자치도 강릉시 포남동 1157-12,511503220017,강원특별자치도 강릉시 성덕포남로,175,,4215011100111570012006217,,강원특별자치도 강릉시 성덕포남로 175,210955,25545,,1,,128.909079989947,37.7675218944339
MA0101202305A0035010,머신뱅크,,G2,소매,G221,기타 상품 소매,G22199,그 외 기타 상품 전문 소매업,G47859,그 외 기타 분류 안된 상품 전문 소매업,51,강원특별자치도,51720,홍천군,51720360,남면,5172036031,남면,5172036031112710000,1,대지,1271,,강원특별자치도 홍천군 남면 화전리 1271,517203000143,강원특별자치도 홍천군 남면 한서로,2853,11,4272036031112710000022515,,강원특별자치도 홍천군 남면 한서로 2853-11,250875,25107,,,,127.720599623181,37.5984765873464
MA0101202303A0109659,한그루팜,,G2,소매,G221,기타 상품 소매,G22199,그 외 기타 상품 전문 소매업,G47859,그 외 기타 분류 안된 상품 전문 소매업,48,경상남도,48240,사천시,48240510,동서동,4824012000,늑도동,4824012000105230000,1,대지,523,,경상남도 사천시 늑도동 523,482404802670,경상남도 사천시 초양길,54,2,4824012000105220000072452,,경상남도 사천시 초양길 54-2,664260,52570,,,,128.04309258256,34.925557763931
MA0101202305A0004409,한솔,,G2,소매,G221,기타 상품 소매,G22199,그 외 기타 상품 전문 소매업,G47859,그 외 기타 분류 안된 상품 전문 소매업,52,전북특별자치도,52710,완주군,52710380,운주면,5271038027,운주면,5271038027105410001,1,대지,541,1,전북특별자치도 완주군 운주면 고당리 541-1,527103273007,전북특별자치도 완주군 운주면 금고당로,1150,,4571038027105410001000001,,전북특별자치도 완주군 운주면 금고당로 1150,565911,55301,,,,127.350599981272,36.018659902118
MA0101202305A0006461,신화엔지니어링,,G2,소매,G221,기타 상품 소매,G22199,그 외 기타 상품 전문 소매업,G47859,그 외 기타 분류 안된 상품 전문 소매업,41,경기도,41281,고양시 덕양구,41281660,화전동,4128113200,향동동,4128113200105210000,1,대지,521,,경기도 고양시 덕양구 향동동 521,412813351995,경기도 고양시 덕양구 꽃마을로,66,,4128113200105210000000001,한일미디어타워,경기도 고양시 덕양구 꽃마을로 66,412160,10546,,,,126.893348023739,37.6012589567872
MA0101202305A0041031,전주에어컨청소맑은누리케어,,G2,소매,G221,기타 상품 소매,G22199,그 외 기타 상품 전문 소매업,G47859,그 외 기타 분류 안된 상품 전문 소매업,52,전북특별자치도,52113,전주시 덕진구,52113525,진북동,5211310200,진북동,5211310200103910017,1,대지,391,17,전북특별자치도 전주시 덕진구 진북동 391-17,521133266077,전북특별자치도 전주시 덕진구 팔달로,341,3,4511310200103910017031147,,전북특별자치도 전주시 덕진구 팔달로 341-3,561836,54936,,,,127.138286163777,35.830633443373
MA0101202303A0111881,오픈마인드청주강서점,,G2,소매,G221,기타 상품 소매,G22199,그 외 기타 상품 전문 소매업,G47859,그 외 기타 분류 안된 상품 전문 소매업,43,충청북도,43113,청주시 흥덕구,43113760,강서1동,4311311700,강서동,4311311700104990000,1,대지,499,,충청북도 청주시 흥덕구 강서동 499,431133237045,충청북도 청주시 흥덕구 서현동로,23,,4311311700104990000000001,서강프라자,충청북도 청주시 흥덕구 서현동로 23,361872,28378,,2,,127.429097297101,36.6240322001691
MA0101202303A0115675,매디스,,G2,소매,G221,기타 상품 소매,G22199,그 외 기타 상품 전문 소매업,G47859,그 외 기타 분류 안된 상품 전문 소매업,41,경기도,41450,하남시,41450610,미사1동,4145010900,망월동,4145010900111350000,1,대지,1135,,경기도 하남시 망월동 1135,414503202056,경기도 하남시 미사강변남로,125,,4145010900111350000000001,미사역마이움푸르지오,경기도 하남시 미사강변남로 125,465150,12912,,,,127.194504740509,37.5617644962578
MA0101202305A0059781,동명세이프티,,G2,소매,G221,기타 상품 소매,G22199,그 외 기타 상품 전문 소매업,G47859,그 외 기타 분류 안된 상품 전문 소매업,47,경상북도,47111,포항시 남구,47111580,효곡동,4711111400,효자동,4711111400105860002,1,대지,586,2,경상북도 포항시 남구 효자동 586-2,471114709726,경상북도 포항시 남구 효성로93번길,10,,4711111400105860002000001,,경상북도 포항시 남구 효성로93번길 10,790330,37835,,,,129.343698673009,36.0063241739857
MA0101202303A0100433,남산선구사,,G2,소매,G221,기타 상품 소매,G22199,그 외 기타 상품 전문 소매업,G47859,그 외 기타 분류 안된 상품 전문 소매업,44,충청남도,44825,태안군,44825250,태안읍,4482525024,태안읍,4482525024100440001,1,대지,44,1,충청남도 태안군 태안읍 남산리 44-1,448254592051,충청남도 태안군 태안읍 남산1길,12,,4482525024100440001000001,,충청남도 태안군 태안읍 남산1길 12,357903,32146,,,,126.294783381939,36.7412860435377
MA0101202303A0102179,편한약업사,,G2,소매,G221,기타 상품 소매,G22199,그 외 기타 상품 전문 소매업,G47859,그 외 기타 분류 안된 상품 전문 소매업,48,경상남도,48121,창원시 의창구,48121510,의창동,4812110100,북동,4812110100102490001,1,대지,249,1,경상남도 창원시 의창구 북동 249-1,481214781510,경상남도 창원시 의창구 의안로49번길,30,,4812110100102490001016599,창원공설시장,경상남도 창원시 의창구 의안로49번길 30,641520,51196,,1,,128.620703946643,35.2661783685466
MA0101202303A0109915,매일아케이드C-1호,,G2,소매,G221,기타 상품 소매,G22199,그 외 기타 상품 전문 소매업,G47859,그 외 기타 분류 안된 상품 전문 소매업,26,부산광역시,26110,중구,26110560,부평동,2611012300,부평동1가,2611012300100200020,1,대지,20,20,부산광역시 중구 부평동1가 20-20,261104175238,부산광역시 중구 중구로43번길,17,1,2611012300100200020005468,,부산광역시 중구 중구로43번길 17-1,600804,48978,,1,,129.026922256302,35.101682630868
MA0101202303A0112060,법인강산원주지점,,G2,소매,G221,기타 상품 소매,G22199,그 외 기타 상품 전문 소매업,G47859,그 외 기타 분류 안된 상품 전문 소매업,51,강원특별자치도,51130,원주시,51130330,지정면,5113033021,지정면,5113033021111080009,1,대지,1108,9,강원특별자치도 원주시 지정면 간현리 1108-9,511304457367,강원특별자치도 원주시 지정면 소금산길,145,,4213033021111080009030462,,강원특별자치도 원주시 지정면 소금산길 145,220822,26359,,1,,127.8227558336,37.3680936515337
MA0101202305A0010893,클린잇,,G2,소매,G221,기타 상품 소매,G22199,그 외 기타 상품 전문 소매업,G47859,그 외 기타 분류 안된 상품 전문 소매업,48,경상남도,48170,진주시,48170320,정촌면,4817032025,정촌면,4817032025113020001,1,대지,1302,1,경상남도 진주시 정촌면 예하리 1302-1,481703332051,경상남도 진주시 정촌면 정촌로,92,,4817032025113020001000001,,경상남도 진주시 정촌면 정촌로 92,660822,52845,,1,,128.104635793512,35.1288297111417
MA0101202305A0018331,고덕산업,,G2,소매,G221,기타 상품 소매,G22199,그 외 기타 상품 전문 소매업,G47859,그 외 기타 분류 안된 상품 전문 소매업,41,경기도,41220,평택시,41220330,고덕면,4122033025,고덕면,4122033025111380003,1,대지,1138,3,경기도 평택시 고덕면 해창리 1138-3,412204364192,경기도 평택시 고덕면 문화마을길,38,49,4122033025111380003047469,,경기도 평택시 고덕면 문화마을길 38-49,451843,17789,,,,127.016085183617,37.0409984161074
MA0101202305A0085106,경안물산,,G2,소매,G221,기타 상품 소매,G22199,그 외 기타 상품 전문 소매업,G47859,그 외 기타 분류 안된 상품 전문 소매업,11,서울특별시,11230,동대문구,11230545,제기동,1123010300,제기동,1123010300108920007,1,대지,892,7,서울특별시 동대문구 제기동 892-7,112304115241,서울특별시 동대문구 약령서길,16,,1123010300108920007031824,,서울특별시 동대문구 약령서길 16,130864,02569,,,,127.036226914737,37.5790741055202
MA0101202303A0100804,원영유통,,G2,소매,G221,기타 상품 소매,G22199,그 외 기타 상품 전문 소매업,G47859,그 외 기타 분류 안된 상품 전문 소매업,52,전북특별자치도,52130,군산시,52130701,나운1동,5213014400,나운동,5213014400108300001,1,대지,830,1,전북특별자치도 군산시 나운동 830-1,521303268023,전북특별자치도 군산시 대학로,271,,4513014400108300001007358,,전북특별자치도 군산시 대학로 271,573870,54131,,,,126.697181932438,35.9687537310037
MA0101202305A0009064,대영파이어테크,,G2,소매,G221,기타 상품 소매,G22199,그 외 기타 상품 전문 소매업,G47859,그 외 기타 분류 안된 상품 전문 소매업,26,부산광역시,26440,강서구,26440510,대저1동,2644010100,대저1동,2644010100106650016,1,대지,665,16,부산광역시 강서구 대저1동 665-16,264404208067,부산광역시 강서구 공항로1309번길,198,12,2644010100106650016039613,,부산광역시 강서구 공항로1309번길 198-12,618803,46702,,1,,128.978155088404,35.2161899880189
MA0101202305A0037591,고은님,,G2,소매,G221,기타 상품 소매,G22199,그 외 기타 상품 전문 소매업,G47859,그 외 기타 분류 안된 상품 전문 소매업,47,경상북도,47230,영천시,47230520,중앙동,4723010400,문내동,4723010400101520047,1,대지,152,47,경상북도 영천시 문내동 152-47,472303310025,경상북도 영천시 최무선로,309,,4723010400101520047011314,,경상북도 영천시 최무선로 309,770020,38849,,1,,128.932920246237,35.9679751876346
MA0101202303A0099027,승차권박스,,G2,소매,G221,기타 상품 소매,G22199,그 외 기타 상품 전문 소매업,G47859,그 외 기타 분류 안된 상품 전문 소매업,27,대구광역시,27140,동구,27140510,신암1동,2714010100,신암동,2714010100105880003,1,대지,588,3,대구광역시 동구 신암동 588-3,271403142028,대구광역시 동구 아양로,69,2,2714010100105880003000002,플러스약국앞,대구광역시 동구 아양로 69-2,701819,41198,,,,128.621526858907,35.8828178037923
MA0101202305A0005099,법왕사,,G2,소매,G221,기타 상품 소매,G22199,그 외 기타 상품 전문 소매업,G47859,그 외 기타 분류 안된 상품 전문 소매업,31,울산광역시,31710,울주군,31710360,두동면,3171036021,두동면,3171036021200560000,2,산,56,,울산광역시 울주군 두동면 만화리 산56,317104320026,울산광역시 울주군 두동면 치술령길,199,,3171036021200550001022797,,울산광역시 울주군 두동면 치술령길 199,689842,44916,,,,129.246661346356,35.6596239985532
MA0101202305A0020427,조이플러스,,G2,소매,G221,기타 상품 소매,G22199,그 외 기타 상품 전문 소매업,G47859,그 외 기타 분류 안된 상품 전문 소매업,41,경기도,41360,남양주시,41360510,호평동,4136010100,호평동,4136010100106400002,1,대지,640,2,경기도 남양주시 호평동 640-2,413603197013,경기도 남양주시 늘을2로,20,,4136010100106400002014935,CH리베로빌딩,경기도 남양주시 늘을2로 20,472120,12150,,,,127.244098626844,37.6544830980676
MA0101202305A0037669,백제한약방,,G2,소매,G221,기타 상품 소매,G22199,그 외 기타 상품 전문 소매업,G47811,의약품 및 의료용품 소매업,41,경기도,41210,광명시,41210550,광명4동,4121010100,광명동,4121010100101580777,1,대지,158,777,경기도 광명시 광명동 158-777,412103000122,경기도 광명시 광명로,880,,4121010100101580777006423,,경기도 광명시 광명로 880,423858,14267,,2,,126.853739890332,37.4774912888056
MA0101202305A0088107,리베,,G2,소매,G221,기타 상품 소매,G22199,그 외 기타 상품 전문 소매업,G47859,그 외 기타 분류 안된 상품 전문 소매업,41,경기도,41570,김포시,41570570,구래동,4157010900,구래동,4157010900168780006,1,대지,6878,6,경기도 김포시 구래동 6878-6,415703209024,경기도 김포시 김포한강4로,571,,4157010900168780006000001,월드퍼스티오피스텔,경기도 김포시 김포한강4로 571,415080,10071,,2,,126.620563989705,37.644719205553
MA010120220813577043,캔들웍스방산점,,G2,소매,G221,기타 상품 소매,G22199,그 외 기타 상품 전문 소매업,G47859,그 외 기타 분류 안된 상품 전문 소매업,11,서울특별시,11140,중구,11140605,을지로동,1114015200,주교동,1114015200100190001,1,대지,19,1,서울특별시 중구 주교동 19-1,111404103112,서울특별시 중구 동호로37길,20,,1114015200100190001011477,방산종합시장,서울특별시 중구 동호로37길 20,100330,04546,,1,,127.000803673485,37.5687272310429
MA010120220813603609,다산유통,,G2,소매,G221,기타 상품 소매,G22199,그 외 기타 상품 전문 소매업,G47859,그 외 기타 분류 안된 상품 전문 소매업,44,충청남도,44230,논산시,44230253,연무읍,4423025331,연무읍,4423025331100010122,1,대지,1,122,충청남도 논산시 연무읍 안심리 1-122,442303255027,충청남도 논산시 연무읍 안심로,131,,4423025331100010122055975,,충청남도 논산시 연무읍 안심로 131,320838,33008,,2,,127.099386337851,36.1327301990355
MA010120220813608541,명품소방안전,,G2,소매,G221,기타 상품 소매,G22199,그 외 기타 상품 전문 소매업,G47859,그 외 기타 분류 안된 상품 전문 소매업,41,경기도,41390,시흥시,41390510,대야동,4139011300,계수동,4139011300101430003,1,대지,143,3,경기도 시흥시 계수동 143-3,413904397011,경기도 시흥시 계수로229번길,13,,4139011300101430003001196,,경기도 시흥시 계수로229번길 13,429807,14925,,,,126.821530165143,37.4537955093489
MA010120220813612319,이레,,G2,소매,G221,기타 상품 소매,G22199,그 외 기타 상품 전문 소매업,G47859,그 외 기타 분류 안된 상품 전문 소매업,52,전북특별자치도,52710,완주군,52710256,용진읍,5271025626,용진읍,5271025626107450001,1,대지,745,1,전북특별자치도 완주군 용진읍 운곡리 745-1,527104619364,전북특별자치도 완주군 용진읍 지암안길,16,,4571025626107450001000001,,전북특별자치도 완주군 용진읍 지암안길 16,565811,55352,,,,127.171257448716,35.9035023136771
MA010120220813579884,김기사배터리,,G2,소매,G221,기타 상품 소매,G22199,그 외 기타 상품 전문 소매업,G47859,그 외 기타 분류 안된 상품 전문 소매업,47,경상북도,47850,칠곡군,47850256,석적읍,4785025622,석적읍,4785025622101610011,1,대지,161,11,경상북도 칠곡군 석적읍 중리 161-11,478504766324,경상북도 칠곡군 석적읍 서중리1길,2,,4785025622101610011000001,,경상북도 칠곡군 석적읍 서중리1길 2,718833,39840,,1,,128.401634816715,36.078558375397
MA010120220813582759,러브토이,,G2,소매,G221,기타 상품 소매,G22199,그 외 기타 상품 전문 소매업,G47859,그 외 기타 분류 안된 상품 전문 소매업,41,경기도,41273,안산시 단원구,41273545,원곡동,4127310800,원곡동,4127310800107520005,1,대지,752,5,경기도 안산시 단원구 원곡동 752-5,412733191057,경기도 안산시 단원구 원곡공원로,28,,4127310800107520005041957,,경기도 안산시 단원구 원곡공원로 28,425845,15376,,1,,126.794137929162,37.3326627701204
MA010120220813598736,청향암,,G2,소매,G221,기타 상품 소매,G22199,그 외 기타 상품 전문 소매업,G47859,그 외 기타 분류 안된 상품 전문 소매업,47,경상북도,47820,청도군,47820250,화양읍,4782025029,화양읍,4782025029102090000,1,대지,209,,경상북도 청도군 화양읍 눌미리 209,478204757139,경상북도 청도군 화양읍 동고길,93,6,4782025029102090000058143,,경상북도 청도군 화양읍 동고길 93-6,714902,38327,,,,128.716216182824,35.6601911133998
MA010120220813582796,마대직매장,,G2,소매,G221,기타 상품 소매,G22199,그 외 기타 상품 전문 소매업,G47422,의복 액세서리 및 모조 장신구 소매업,51,강원특별자치도,51130,원주시,51130590,단계동,5113011000,단계동,5113011000100540005,1,대지,54,5,강원특별자치도 원주시 단계동 54-5,511303219073,강원특별자치도 원주시 북원로,2406,,4213011000100540005021818,,강원특별자치도 원주시 북원로 2406,220935,26413,,,,127.939056776036,37.3593527112005
MA010120220813572596,효경상사,,G2,소매,G221,기타 상품 소매,G22199,그 외 기타 상품 전문 소매업,G47859,그 외 기타 분류 안된 상품 전문 소매업,47,경상북도,47111,포항시 남구,47111560,청림동,4711110500,청림동,4711110500103420008,1,대지,342,8,경상북도 포항시 남구 청림동 342-8,471114709494,경상북도 포항시 남구 정몽주로861번길,5,,4711110500103420008125197,,경상북도 포항시 남구 정몽주로861번길 5,790836,37899,,,,129.405703198099,35.9919505609825
MA010120220813599167,용산해수센터,,G2,소매,G221,기타 상품 소매,G22199,그 외 기타 상품 전문 소매업,G47859,그 외 기타 분류 안된 상품 전문 소매업,11,서울특별시,11710,송파구,11710631,가락1동,1171010700,가락동,1171010700106000000,1,대지,600,,서울특별시 송파구 가락동 600,117102000006,서울특별시 송파구 양재대로,932,,1171010700106000000006061,가설건축시설가락동농수산물도매시장,서울특별시 송파구 양재대로 932,138701,05699,,2,,127.10871642044,37.4945338152583
MA010120220813575448,미양농협경제사업부,,G2,소매,G221,기타 상품 소매,G22199,그 외 기타 상품 전문 소매업,G47859,그 외 기타 분류 안된 상품 전문 소매업,41,경기도,41550,안성시,41550340,미양면,4155034032,미양면,4155034032100900001,1,대지,90,1,경기도 안성시 미양면 양지리 90-1,415504424472,경기도 안성시 미양면 역전1길,18,,4155034032100900001029312,,경기도 안성시 미양면 역전1길 18,456841,17601,,,,127.217956084174,36.9789312293613
MA010120220813591723,여수수석원,,G2,소매,G221,기타 상품 소매,G22199,그 외 기타 상품 전문 소매업,G47859,그 외 기타 분류 안된 상품 전문 소매업,46,전라남도,46130,여수시,46130800,여천동,4613013700,화장동,4613013700108900001,1,대지,890,1,전라남도 여수시 화장동 890-1,461304646530,전라남도 여수시 성산5길,16,,4613013700108900001000001,,전라남도 여수시 성산5길 16,555090,59642,,1,,127.639083628013,34.7728023467071
MA010120220813594238,정천인삼,,G2,소매,G221,기타 상품 소매,G22199,그 외 기타 상품 전문 소매업,G47859,그 외 기타 분류 안된 상품 전문 소매업,52,전북특별자치도,52720,진안군,52720250,진안읍,5272025022,진안읍,5272025022102850014,1,대지,285,14,전북특별자치도 진안군 진안읍 군하리 285-14,527203274057,전북특별자치도 진안군 진안읍 진무로,1021,,4572025022102850014006101,,전북특별자치도 진안군 진안읍 진무로 1021,567806,55435,,,,127.422884896502,35.7875019169727
MA010120220813596457,기성유리,,G2,소매,G221,기타 상품 소매,G22199,그 외 기타 상품 전문 소매업,G47519,"페인트, 창호 및 기타 건설자재 소매업",28,인천광역시,28237,부평구,28237540,부평4동,2823710100,부평동,2823710100103790012,1,대지,379,12,인천광역시 부평구 부평동 379-12,282374262459,인천광역시 부평구 부흥북로58번길,13,,2823710100103790012101780,,인천광역시 부평구 부흥북로58번길 13,403826,21360,,1,,126.728560982034,37.5004348707701
MA010120220813636842,신광드론,,G2,소매,G221,기타 상품 소매,G22199,그 외 기타 상품 전문 소매업,G47859,그 외 기타 분류 안된 상품 전문 소매업,46,전라남도,46910,신안군,46910330,자은면,4691033027,자은면,4691033027106390006,1,대지,639,6,전라남도 신안군 자은면 백산리 639-6,469104706274,전라남도 신안군 자은면 자은서부2길,495,20,4691033027106390006000001,,전라남도 신안군 자은면 자은서부2길 495-20,535872,58831,,,,125.999948067668,34.8733258503924
MA010120220813578156,만물약초,,G2,소매,G221,기타 상품 소매,G22199,그 외 기타 상품 전문 소매업,G47859,그 외 기타 분류 안된 상품 전문 소매업,26,부산광역시,26380,사하구,26380571,신평1동,2638010400,신평동,2638010400101110249,1,대지,111,249,부산광역시 사하구 신평동 111-249,263804202182,부산광역시 사하구 다대로134번길,100,,2638010400101110249030465,,부산광역시 사하구 다대로134번길 100,604833,49441,,,,128.975982062961,35.0923945658576
MA010120220813589097,제일농자재,,G2,소매,G221,기타 상품 소매,G22199,그 외 기타 상품 전문 소매업,G47859,그 외 기타 분류 안된 상품 전문 소매업,41,경기도,41273,안산시 단원구,41273610,대부동,4127311100,대부북동,4127311100104310001,1,대지,431,1,경기도 안산시 단원구 대부북동 431-1,412733191017,경기도 안산시 단원구 대남로,26,5,4127311100104310001000001,,경기도 안산시 단원구 대남로 26-5,425330,15645,,,,126.583196679037,37.2410583942125
MA010120220813596885,명품수석,,G2,소매,G221,기타 상품 소매,G22199,그 외 기타 상품 전문 소매업,G47859,그 외 기타 분류 안된 상품 전문 소매업,29,광주광역시,29110,동구,29110560,계림1동,2911010900,계림동,2911010900102840029,1,대지,284,29,광주광역시 동구 계림동 284-29,291104277010,광주광역시 동구 경양로259번길,24,,2911010900102840029000442,,광주광역시 동구 경양로259번길 24,501805,61423,,1,,126.920417552741,35.1573724575989
MA010120220813618196,국민식생활개발연구원,,G2,소매,G221,기타 상품 소매,G22199,그 외 기타 상품 전문 소매업,G47859,그 외 기타 분류 안된 상품 전문 소매업,52,전북특별자치도,52140,익산시,52140570,동산동,5214011100,동산동,5214011100110350004,1,대지,1035,4,전북특별자치도 익산시 동산동 1035-4,521403269019,전북특별자치도 익산시 서동로,74,,4514011100110350004073329,,전북특별자치도 익산시 서동로 74,570959,54609,,1,,126.960261641589,35.9326740239645
MA010120220813630290,다나은세상,,G2,소매,G221,기타 상품 소매,G22199,그 외 기타 상품 전문 소매업,G47859,그 외 기타 분류 안된 상품 전문 소매업,11,서울특별시,11230,동대문구,11230536,용신동,1123010100,신설동,1123010100101090005,1,대지,109,5,서울특별시 동대문구 신설동 109-5,112304115545,서울특별시 동대문구 천호대로4길,21,,1123010100101090005000001,서울풍물시장,서울특별시 동대문구 천호대로4길 21,130813,02586,,,,127.025503840736,37.5727068781748
MA010120220813631425,피우다,,G2,소매,G221,기타 상품 소매,G22199,그 외 기타 상품 전문 소매업,G47859,그 외 기타 분류 안된 상품 전문 소매업,11,서울특별시,11170,용산구,11170520,용산2가동,1117010200,용산동2가,1117010200100440008,1,대지,44,8,서울특별시 용산구 용산동2가 44-8,111703102005,서울특별시 용산구 신흥로,33,,1117010200100440008025681,,서울특별시 용산구 신흥로 33,140842,04338,,,,126.987066687639,37.541543425133
MA010120220813573465,제이.씨.브이,,G2,소매,G221,기타 상품 소매,G22199,그 외 기타 상품 전문 소매업,G47859,그 외 기타 분류 안된 상품 전문 소매업,11,서울특별시,11110,종로구,11110615,종로1.2.3.4가동,1111013600,인사동,1111013600100320002,1,대지,32,2,서울특별시 종로구 인사동 32-2,111104100259,서울특별시 종로구 인사동길,18,,1111013600100360001016286,,서울특별시 종로구 인사동길 18,110290,03163,,,,126.986868903679,37.5724656341053
MA010120220813622431,이안,,G2,소매,G221,기타 상품 소매,G22199,그 외 기타 상품 전문 소매업,G47859,그 외 기타 분류 안된 상품 전문 소매업,48,경상남도,48840,남해군,48840250,남해읍,4884025030,남해읍,4884025030102880008,1,대지,288,8,경상남도 남해군 남해읍 입현리 288-8,488403343002,경상남도 남해군 남해읍 강진만로,159,3,4884025030102880008035465,,경상남도 남해군 남해읍 강진만로 159-3,668806,52429,,,,127.923657429043,34.8312686525593
MA010120220813576038,승훈개발,,G2,소매,G221,기타 상품 소매,G22199,그 외 기타 상품 전문 소매업,G47859,그 외 기타 분류 안된 상품 전문 소매업,26,부산광역시,26260,동래구,26260570,온천3동,2626010800,온천동,2626010800114490014,1,대지,1449,14,부산광역시 동래구 온천동 1449-14,262604190185,부산광역시 동래구 미남로102번길,23,,2626010800114490014003543,,부산광역시 동래구 미남로102번길 23,607843,47827,,1,,129.070819622717,35.2035016013706
MA010120220813586976,계백광택,,G2,소매,G221,기타 상품 소매,G22199,그 외 기타 상품 전문 소매업,G47859,그 외 기타 분류 안된 상품 전문 소매업,41,경기도,41570,김포시,41570253,고촌읍,4157025324,고촌읍,4157025324105840004,1,대지,584,4,경기도 김포시 고촌읍 신곡리 584-4,415704427102,경기도 김포시 고촌읍 김포대로319번길,13,16,4157025324105840004020384,,경기도 김포시 고촌읍 김포대로319번길 13-16,415811,10129,,2,,126.77239088211,37.5984387632495
MA010120220813595005,안전지구,,G2,소매,G221,기타 상품 소매,G22199,그 외 기타 상품 전문 소매업,G47859,그 외 기타 분류 안된 상품 전문 소매업,47,경상북도,47850,칠곡군,47850360,약목면,4785036034,약목면,4785036034108810002,1,대지,881,2,경상북도 칠곡군 약목면 관호리 881-2,478502000028,경상북도 칠곡군 약목면 칠곡대로,1132,,4785036034108810002026365,,경상북도 칠곡군 약목면 칠곡대로 1132,718811,39830,,2,,128.390532882079,36.0015226425998
MA010120220813621248,제이피,,G2,소매,G221,기타 상품 소매,G22199,그 외 기타 상품 전문 소매업,G47859,그 외 기타 분류 안된 상품 전문 소매업,26,부산광역시,26260,동래구,26260570,온천3동,2626010800,온천동,2626010800114410013,1,대지,1441,13,부산광역시 동래구 온천동 1441-13,262602006006,부산광역시 동래구 충렬대로,152,,2626010800114410013000001,,부산광역시 동래구 충렬대로 152,607836,47824,,8,,129.076589952015,35.2046102836877
MA010120220813634860,이세산업,,G2,소매,G221,기타 상품 소매,G22199,그 외 기타 상품 전문 소매업,G47859,그 외 기타 분류 안된 상품 전문 소매업,29,광주광역시,29155,남구,29155640,월산5동,2915510400,월산동,2915510400110260004,1,대지,1026,4,광주광역시 남구 월산동 1026-4,291552009001,광주광역시 남구 대남대로,319,,2915510400110260004021044,,광주광역시 남구 대남대로 319,503831,61613,,4,,126.894054820581,35.140352608916
MA010120220813623853,아름다운세상,,G2,소매,G221,기타 상품 소매,G22199,그 외 기타 상품 전문 소매업,G47859,그 외 기타 분류 안된 상품 전문 소매업,26,부산광역시,26290,남구,26290580,용호2동,2629010700,용호동,2629010700104950018,1,대지,495,18,부산광역시 남구 용호동 495-18,262903131025,부산광역시 남구 용호로,195,,2629010700104950018010556,,부산광역시 남구 용호로 195,608092,48587,,,,129.111193989269,35.1149417721699
MA010120220813618866,참불심불교사,,G2,소매,G221,기타 상품 소매,G22199,그 외 기타 상품 전문 소매업,G47859,그 외 기타 분류 안된 상품 전문 소매업,41,경기도,41131,성남시 수정구,41131560,태평3동,4113110200,태평동,4113110200135380000,1,대지,3538,,경기도 성남시 수정구 태평동 3538,411314334365,경기도 성남시 수정구 수정로135번길,16,1,4113110200135380000035109,,경기도 성남시 수정구 수정로135번길 16-1,461827,13304,,1,,127.134644528183,37.4433117087784
MA010120220813625070,정일소방산업,,G2,소매,G221,기타 상품 소매,G22199,그 외 기타 상품 전문 소매업,G47859,그 외 기타 분류 안된 상품 전문 소매업,11,서울특별시,11530,구로구,11530730,고척2동,1153010600,고척동,1153010600101610082,1,대지,161,82,서울특별시 구로구 고척동 161-82,115303116003,서울특별시 구로구 고척로,194,12,1153010600101610082012114,,서울특별시 구로구 고척로 194-12,152829,08229,,1,,126.855350261676,37.5042261421352
MA010120220813574182,크라운에벤에셀,,G2,소매,G221,기타 상품 소매,G22199,그 외 기타 상품 전문 소매업,G47859,그 외 기타 분류 안된 상품 전문 소매업,41,경기도,41461,용인시 처인구,41461256,이동읍,4146125626,이동읍,4146125626105350000,1,대지,535,,경기도 용인시 처인구 이동읍 덕성리 535,414612012009,경기도 용인시 처인구 이동읍 백옥대로,531,,4146133026105350000004625,,경기도 용인시 처인구 이동읍 백옥대로 531,449831,17130,,,,127.203296809052,37.1844278624998
MA010120220813584995,액츠테크놀러지스,,G2,소매,G221,기타 상품 소매,G22199,그 외 기타 상품 전문 소매업,G47859,그 외 기타 분류 안된 상품 전문 소매업,11,서울특별시,11680,강남구,11680640,역삼1동,1168010100,역삼동,1168010100108250002,1,대지,825,2,서울특별시 강남구 역삼동 825-2,116802102001,서울특별시 강남구 강남대로,382,,1168010100108250011028058,메리츠타워,서울특별시 강남구 강남대로 382,135934,06232,,,,127.028621856567,37.4970491293837
MA010120220813587596,양키캔들,,G2,소매,G221,기타 상품 소매,G22199,그 외 기타 상품 전문 소매업,G47813,"화장품, 비누 및 방향제 소매업",44,충청남도,44210,서산시,44210550,석남동,4421010900,예천동,4421010900112980006,1,대지,1298,6,충청남도 서산시 예천동 1298-6,442103254208,충청남도 서산시 호수공원9로,28,,4421010900112980006000001,,충청남도 서산시 호수공원9로 28,356808,31996,,1,,126.448295454743,36.7713737242882
MA010120220813590647,모노오끼울산,,G2,소매,G221,기타 상품 소매,G22199,그 외 기타 상품 전문 소매업,G47859,그 외 기타 분류 안된 상품 전문 소매업,31,울산광역시,31200,북구,31200570,송정동,3120012600,송정동,3120012600106970001,1,대지,697,1,울산광역시 북구 송정동 697-1,312004316305,울산광역시 북구 지당1길,1,,3120012600106970001000001,,울산광역시 북구 지당1길 1,683410,44238,,,,129.355476369187,35.6008591246117
MA010120220813628730,윈컴퍼니,,G2,소매,G221,기타 상품 소매,G22199,그 외 기타 상품 전문 소매업,G47859,그 외 기타 분류 안된 상품 전문 소매업,27,대구광역시,27170,서구,27170660,평리5동,2717010300,평리동,2717010300115350005,1,대지,1535,5,대구광역시 서구 평리동 1535-5,271703007001,대구광역시 서구 국채보상로,155,,2717010300115350005020365,,대구광역시 서구 국채보상로 155,703850,41768,,2,,128.548083116903,35.8694227446624
MA010120220813766148,영주비젼툴,,G2,소매,G221,기타 상품 소매,G22199,그 외 기타 상품 전문 소매업,G47859,그 외 기타 분류 안된 상품 전문 소매업,47,경상북도,47210,영주시,47210510,상망동,4721010300,하망동,4721010300102600007,1,대지,260,7,경상북도 영주시 하망동 260-7,472103309035,경상북도 영주시 서원로,317,,4721010300102600007000001,,경상북도 영주시 서원로 317,750911,36071,,,,128.635283955307,36.8286286163413
MA010120220813644525,주원24시마트,,G2,소매,G221,기타 상품 소매,G22199,그 외 기타 상품 전문 소매업,G47859,그 외 기타 분류 안된 상품 전문 소매업,41,경기도,41150,의정부시,41150510,의정부1동,4115010100,의정부동,4115010100101730014,1,대지,173,14,경기도 의정부시 의정부동 173-14,411504343381,경기도 의정부시 태평로63번길,39,,4115010100101730014013814,,경기도 의정부시 태평로63번길 39,480842,11695,,,,127.049453591696,37.7386601990911
MA010120220813660771,베리빅,,G2,소매,G221,기타 상품 소매,G22199,그 외 기타 상품 전문 소매업,G47859,그 외 기타 분류 안된 상품 전문 소매업,11,서울특별시,11545,금천구,11545510,가산동,1154510100,가산동,1154510100103710057,1,대지,371,57,서울특별시 금천구 가산동 371-57,115453117001,서울특별시 금천구 가산디지털1로,142,,1154510100103710057014575,가산더스카이밸리1차,서울특별시 금천구 가산디지털1로 142,153803,08507,,6,,126.883359052032,37.4783982190242
MA010120220813700781,지음공방,,G2,소매,G221,기타 상품 소매,G22199,그 외 기타 상품 전문 소매업,G47859,그 외 기타 분류 안된 상품 전문 소매업,41,경기도,41650,포천시,41650370,일동면,4165037023,일동면,4165037023101080002,1,대지,108,2,경기도 포천시 일동면 기산리 108-2,416504439295,경기도 포천시 일동면 소야길,52,,4165037023101080002045096,오뚜기빌아파트,경기도 포천시 일동면 소야길 52,487851,11120,,,,127.310896112106,37.9562994017993
MA010120220813753024,라온,충북지점,G2,소매,G221,기타 상품 소매,G22199,그 외 기타 상품 전문 소매업,G47859,그 외 기타 분류 안된 상품 전문 소매업,43,충청북도,43113,청주시 흥덕구,43113756,봉명2.송정동,4311311500,봉명동,4311311500122570000,1,대지,2257,,충청북도 청주시 흥덕구 봉명동 2257,431133237052,충청북도 청주시 흥덕구 송절로,98,,4311311500122570000000001,,충청북도 청주시 흥덕구 송절로 98,361856,28460,,,,127.459866855947,36.6584576709852
MA010120220813776403,에스콤평창,코리아,G2,소매,G221,기타 상품 소매,G22199,그 외 기타 상품 전문 소매업,G47859,그 외 기타 분류 안된 상품 전문 소매업,51,강원특별자치도,51760,평창군,51760350,용평면,5176035028,용평면,5176035028112830001,1,대지,1283,1,강원특별자치도 평창군 용평면 재산리 1283-1,517602228001,강원특별자치도 평창군 용평면 평창대로,1681,,4276035028112850002007988,,강원특별자치도 평창군 용평면 평창대로 1681,232934,25317,,,,128.435506869172,37.5612605625459
MA010120220813787850,미래환경산업,,G2,소매,G221,기타 상품 소매,G22199,그 외 기타 상품 전문 소매업,G47859,그 외 기타 분류 안된 상품 전문 소매업,44,충청남도,44210,서산시,44210250,대산읍,4421025028,대산읍,4421025028100070006,1,대지,7,6,충청남도 서산시 대산읍 화곡리 7-6,442104562343,충청남도 서산시 대산읍 삼길포4길,27,7,4421025028100070006003785,,충청남도 서산시 대산읍 삼길포4길 27-7,356872,31904,,,,126.450917581365,37.0014876843201
MA010120220813653001,한아름인삼사,,G2,소매,G221,기타 상품 소매,G22199,그 외 기타 상품 전문 소매업,G47859,그 외 기타 분류 안된 상품 전문 소매업,47,경상북도,47210,영주시,47210250,풍기읍,4721025022,풍기읍,4721025022104660000,1,대지,466,,경상북도 영주시 풍기읍 동부리 466,472103309010,경상북도 영주시 풍기읍 기주로,10,,4721025022104650000013772,인삼홍삼센터,경상북도 영주시 풍기읍 기주로 10,750803,36034,,,,128.533960963921,36.8678399086181
MA010120220813728427,청우싸이언스,,G2,소매,G221,기타 상품 소매,G22199,그 외 기타 상품 전문 소매업,G47859,그 외 기타 분류 안된 상품 전문 소매업,11,서울특별시,11380,은평구,11380600,응암3동,1138010700,응암동,1138010700105840037,1,대지,584,37,서울특별시 은평구 응암동 584-37,113803005053,서울특별시 은평구 가좌로,244,,1138010700105840037020428,,서울특별시 은평구 가좌로 244,122923,03457,,지,,126.915860443068,37.591402290287
MA010120220813744736,고려인삼,,G2,소매,G221,기타 상품 소매,G22199,그 외 기타 상품 전문 소매업,G47859,그 외 기타 분류 안된 상품 전문 소매업,47,경상북도,47850,칠곡군,47850250,왜관읍,4785025026,왜관읍,4785025026109860016,1,대지,986,16,경상북도 칠곡군 왜관읍 금산리 986-16,478503305008,경상북도 칠곡군 왜관읍 공단로,198,3,4785025026109860016018313,,경상북도 칠곡군 왜관읍 공단로 198-3,718802,39909,,,,128.41766625433,35.9678263890322
MA010120220813666202,어울모,,G2,소매,G221,기타 상품 소매,G22199,그 외 기타 상품 전문 소매업,G47422,의복 액세서리 및 모조 장신구 소매업,41,경기도,41287,고양시 일산서구,41287520,일산2동,4128710100,일산동,4128710100106370064,1,대지,637,64,경기도 고양시 일산서구 일산동 637-64,412874382020,경기도 고양시 일산서구 고양대로685번길,17,,4128710100106370064003543,,경기도 고양시 일산서구 고양대로685번길 17,411875,10342,,,,126.772285856747,37.6848337848113
MA010120220813756124,강원화물차용품,,G2,소매,G221,기타 상품 소매,G22199,그 외 기타 상품 전문 소매업,G45219,기타 자동차 신품 부품 및 내장품 판매업,51,강원특별자치도,51130,원주시,51130675,반곡관설동,5113011600,관설동,5113011600112810002,1,대지,1281,2,강원특별자치도 원주시 관설동 1281-2,511303219054,강원특별자치도 원주시 치악로,1377,,4213011600112810002000001,,강원특별자치도 원주시 치악로 1377,220934,26470,,,,127.975659860997,37.3103485676355
MA010120220813777759,다온상사,,G2,소매,G221,기타 상품 소매,G22199,그 외 기타 상품 전문 소매업,G47859,그 외 기타 분류 안된 상품 전문 소매업,41,경기도,41461,용인시 처인구,41461510,중앙동,4146110400,남동,4146110400101730004,1,대지,173,4,경기도 용인시 처인구 남동 173-4,414612012009,경기도 용인시 처인구 백옥대로,979,,4146110400101730004011406,,경기도 용인시 처인구 백옥대로 979,449030,17059,,,,127.209767024198,37.2232247952873
MA010120220813644856,부산불교전시관,,G2,소매,G221,기타 상품 소매,G22199,그 외 기타 상품 전문 소매업,G47859,그 외 기타 분류 안된 상품 전문 소매업,26,부산광역시,26170,동구,26170660,범일2동,2617010400,범일동,2617010400103300152,1,대지,330,152,부산광역시 동구 범일동 330-152,261703127051,부산광역시 동구 범일로,54,,2617010400103300152016498,,부산광역시 동구 범일로 54,601806,48747,,2,,129.059799445732,35.1348860270308
MA010120220813650427,삼대인삼사,,G2,소매,G221,기타 상품 소매,G22199,그 외 기타 상품 전문 소매업,G47859,그 외 기타 분류 안된 상품 전문 소매업,27,대구광역시,27110,중구,27110595,대신동,2711015400,대신동,2711015400101150096,1,대지,115,96,대구광역시 중구 대신동 115-96,271103007001,대구광역시 중구 국채보상로,452,7,2711015400101150096014166,,대구광역시 중구 국채보상로 452-7,700320,41926,,2,,128.580324235,35.8700391724253
MA010120220813687887,대성바이오농자재마트,,G2,소매,G221,기타 상품 소매,G22199,그 외 기타 상품 전문 소매업,G47859,그 외 기타 분류 안된 상품 전문 소매업,47,경상북도,47900,예천군,47900250,예천읍,4790025025,예천읍,4790025025100480004,1,대지,48,4,경상북도 예천군 예천읍 남본리 48-4,479003307052,경상북도 예천군 예천읍 충효로,312,3,4790025025100480004000001,,경상북도 예천군 예천읍 충효로 312-3,757803,36829,,,,128.458347879362,36.6515523417711
MA010120220813728735,신진,,G2,소매,G221,기타 상품 소매,G22199,그 외 기타 상품 전문 소매업,G47859,그 외 기타 분류 안된 상품 전문 소매업,11,서울특별시,11305,강북구,11305555,송천동,1130510100,미아동,1130510100104030171,1,대지,403,171,서울특별시 강북구 미아동 403-171,113054124229,서울특별시 강북구 삼양로24길,22,,1130510100104030171025822,,서울특별시 강북구 삼양로24길 22,142817,01202,,,,127.022494779373,37.6171173652922
MA010120220813761353,위드디와이,,G2,소매,G221,기타 상품 소매,G22199,그 외 기타 상품 전문 소매업,G47859,그 외 기타 분류 안된 상품 전문 소매업,29,광주광역시,29110,동구,29110740,지원2동,2911012600,용산동,2911012600106360047,1,대지,636,47,광주광역시 동구 용산동 636-47,291103009009,광주광역시 동구 화산로,354,,2911012600106360047015207,,광주광역시 동구 화산로 354,501831,61504,,2,,126.932532488235,35.1197479199904
MA010120220813778016,위고토이,,G2,소매,G221,기타 상품 소매,G22199,그 외 기타 상품 전문 소매업,G47859,그 외 기타 분류 안된 상품 전문 소매업,30,대전광역시,30170,서구,30170586,월평1동,3017011300,월평동,3017011300113940000,1,대지,1394,,대전광역시 서구 월평동 1394,301704298530,대전광역시 서구 월평새뜸로4번길,23,,3017011300113940000021266,,대전광역시 서구 월평새뜸로4번길 23,302852,35226,,,,127.354919690383,36.3522806470072
MA010120220813788472,지에스피,,G2,소매,G221,기타 상품 소매,G22199,그 외 기타 상품 전문 소매업,G47859,그 외 기타 분류 안된 상품 전문 소매업,48,경상남도,48121,창원시 의창구,48121540,봉림동,4812112700,봉곡동,4812112700101410008,1,대지,141,8,경상남도 창원시 의창구 봉곡동 141-8,481214781267,경상남도 창원시 의창구 봉곡로123번길,15,,4812112700101410008007554,,경상남도 창원시 의창구 봉곡로123번길 15,641823,51147,,,,128.672174524694,35.2458763464976
MA010120220813661428,톰홀,,G2,소매,G221,기타 상품 소매,G22199,그 외 기타 상품 전문 소매업,G47859,그 외 기타 분류 안된 상품 전문 소매업,11,서울특별시,11170,용산구,11170530,남영동,1117010500,남영동,1117010500101080000,1,대지,108,,서울특별시 용산구 남영동 108,111704106448,서울특별시 용산구 한강대로72길,21,21,1117010500101080000024105,,서울특별시 용산구 한강대로72길 21-21,140160,04352,,,,126.974269134203,37.5416134100284
MA010120220813742750,바리스타마켓,,G2,소매,G221,기타 상품 소매,G22199,그 외 기타 상품 전문 소매업,G47859,그 외 기타 분류 안된 상품 전문 소매업,44,충청남도,44133,천안시 서북구,44133520,성정2동,4413310200,성정동,4413310200106300010,1,대지,630,10,충청남도 천안시 서북구 성정동 630-10,441334550297,충청남도 천안시 서북구 서부5길,15,,4413310200106300010048420,,충청남도 천안시 서북구 서부5길 15,331936,31135,,1,,127.142229533589,36.8252829936394
MA010120220813780124,하리인삼천국,,G2,소매,G221,기타 상품 소매,G22199,그 외 기타 상품 전문 소매업,G47859,그 외 기타 분류 안된 상품 전문 소매업,44,충청남도,44710,금산군,44710250,금산읍,4471025022,금산읍,4471025022100180026,1,대지,18,26,충청남도 금산군 금산읍 중도리 18-26,447103257038,충청남도 금산군 금산읍 약초로,50,,4471025022100180026017441,,충청남도 금산군 금산읍 약초로 50,312806,32739,,,,127.4985474408,36.1004080043819
MA010120220813781742,동해종묘사,,G2,소매,G221,기타 상품 소매,G22199,그 외 기타 상품 전문 소매업,G47859,그 외 기타 분류 안된 상품 전문 소매업,51,강원특별자치도,51170,동해시,51170570,발한동,5117011100,발한동,5117011100103080010,1,대지,308,10,강원특별자치도 동해시 발한동 308-10,511703221018,강원특별자치도 동해시 발한로,253,1,4217011100003080010012298,,강원특별자치도 동해시 발한로 253-1,240803,25720,,,,129.106176320873,37.5512885866292
MA010120220813809304,빅유통,,G2,소매,G221,기타 상품 소매,G22199,그 외 기타 상품 전문 소매업,G47859,그 외 기타 분류 안된 상품 전문 소매업,31,울산광역시,31170,동구,31170530,화정동,3117010200,화정동,3117010200106440004,1,대지,644,4,울산광역시 동구 화정동 644-4,311702011001,울산광역시 동구 방어진순환도로,605,,3117010200106440004004212,,울산광역시 동구 방어진순환도로 605,682822,44077,,1,,129.427185793983,35.4958700979786
MA010120220813701973,오케이마켓,,G2,소매,G221,기타 상품 소매,G22199,그 외 기타 상품 전문 소매업,G47859,그 외 기타 분류 안된 상품 전문 소매업,47,경상북도,47130,경주시,47130630,동천동,4713012600,동천동,4713012600107330237,1,대지,733,237,경상북도 경주시 동천동 733-237,471303305041,경상북도 경주시 양정로,221,,4713012600107330237037277,,경상북도 경주시 양정로 221,780934,38103,,,,129.224036107616,35.8525091700633
MA010120220813723616,에이치제이상사,,G2,소매,G221,기타 상품 소매,G22199,그 외 기타 상품 전문 소매업,G47859,그 외 기타 분류 안된 상품 전문 소매업,11,서울특별시,11440,마포구,11440740,상암동,1144012700,상암동,1144012700116010000,1,대지,1601,,서울특별시 마포구 상암동 1601,114403113019,서울특별시 마포구 월드컵북로,402,,1144012700101820008028898,케이지아이티센터,서울특별시 마포구 월드컵북로 402,121913,03925,,20,,126.889042086333,37.5802078184805
MA010120220813810217,수연상사,,G2,소매,G221,기타 상품 소매,G22199,그 외 기타 상품 전문 소매업,G47859,그 외 기타 분류 안된 상품 전문 소매업,27,대구광역시,27140,동구,27140685,해안동,2714011200,둔산동,2714011200110680007,1,대지,1068,7,대구광역시 동구 둔산동 1068-7,271404226115,대구광역시 동구 둔산로51길,60,,2714011200110680007004935,,대구광역시 동구 둔산로51길 60,701160,41057,,,,128.670873672931,35.8962259863083
MA010120220813810526,에스엠이엔씨,,G2,소매,G221,기타 상품 소매,G22199,그 외 기타 상품 전문 소매업,G47859,그 외 기타 분류 안된 상품 전문 소매업,46,전라남도,46150,순천시,46150390,별량면,4615039023,별량면,4615039023105750012,1,대지,575,12,전라남도 순천시 별량면 송학리 575-12,461504649553,전라남도 순천시 별량면 송학길,141,5,4615039023105750012000001,,전라남도 순천시 별량면 송학길 141-5,540873,58029,,,,127.444426781834,34.8844505385013
MA010120220813707625,힐링제천특산물판매장,,G2,소매,G221,기타 상품 소매,G22199,그 외 기타 상품 전문 소매업,G47859,그 외 기타 분류 안된 상품 전문 소매업,43,충청북도,43150,제천시,43150605,화산동,4315010900,화산동,4315010900102080009,1,대지,208,9,충청북도 제천시 화산동 208-9,431504517155,충청북도 제천시 내토로28길,12,,4315010900102080009030824,,충청북도 제천시 내토로28길 12,390150,27196,,1,,128.20645412248,37.1289855964408
MA010120220813737104,좋은세상,,G2,소매,G221,기타 상품 소매,G22199,그 외 기타 상품 전문 소매업,G47859,그 외 기타 분류 안된 상품 전문 소매업,52,전북특별자치도,52190,남원시,52190360,대강면,5219036028,대강면,5219036028105540000,1,대지,554,,전북특별자치도 남원시 대강면 사석리 554,521904613279,전북특별자치도 남원시 대강면 사석길,66,,4519036028105540000047793,,전북특별자치도 남원시 대강면 사석길 66,590961,55788,,,,127.230007227916,35.3506175326346
MA010120220813811725,성인상회,,G2,소매,G221,기타 상품 소매,G22199,그 외 기타 상품 전문 소매업,G47859,그 외 기타 분류 안된 상품 전문 소매업,26,부산광역시,26500,수영구,26500740,망미1동,2650010100,망미동,2650010100104240011,1,대지,424,11,부산광역시 수영구 망미동 424-11,265003006054,부산광역시 수영구 과정로,3,,2650010100104240011003157,,부산광역시 수영구 과정로 3,613822,48211,,2,,129.109009864228,35.1718426549812
MA010120220813811949,유일소방자재총판,,G2,소매,G221,기타 상품 소매,G22199,그 외 기타 상품 전문 소매업,G47859,그 외 기타 분류 안된 상품 전문 소매업,43,충청북도,43111,청주시 상당구,43111525,중앙동,4311110100,영동,4311110100101150014,1,대지,115,14,충청북도 청주시 상당구 영동 115-14,431113236019,충청북도 청주시 상당구 무심동로,484,,4311110100101150013046428,,충청북도 청주시 상당구 무심동로 484,360020,28541,,,,127.483912002163,36.6438993338072
MA010120220813661836,누리모,,G2,소매,G221,기타 상품 소매,G22199,그 외 기타 상품 전문 소매업,G47422,의복 액세서리 및 모조 장신구 소매업,47,경상북도,47190,구미시,47190510,송정동,4719011000,송정동,4719011000104710008,1,대지,471,8,경상북도 구미시 송정동 471-8,471904724578,경상북도 구미시 신시로14길,50,,4719011000104710008028315,,경상북도 구미시 신시로14길 50,730915,39287,,,,128.344329215198,36.1168737091262
MA010120220813704643,세성,,G2,소매,G221,기타 상품 소매,G22199,그 외 기타 상품 전문 소매업,G47859,그 외 기타 분류 안된 상품 전문 소매업,47,경상북도,47210,영주시,47210360,봉현면,4721036024,봉현면,4721036024104420000,1,대지,442,,경상북도 영주시 봉현면 한천리 442,472104727302,경상북도 영주시 봉현면 소백로1317번길,214,17,4721036024200500002016391,,경상북도 영주시 봉현면 소백로1317번길 214-17,750893,36045,,,,128.490917481552,36.8295268190168
MA010120220813793785,동양인삼약초,,G2,소매,G221,기타 상품 소매,G22199,그 외 기타 상품 전문 소매업,G47859,그 외 기타 분류 안된 상품 전문 소매업,44,충청남도,44710,금산군,44710250,금산읍,4471025022,금산읍,4471025022100340001,1,대지,34,1,충청남도 금산군 금산읍 중도리 34-1,447103257044,충청남도 금산군 금산읍 인삼약초로,33,,4471025022100340001020598,,충청남도 금산군 금산읍 인삼약초로 33,312806,32739,,,,127.496796372504,36.1009650142874
MA010120220813814327,가람,,G2,소매,G221,기타 상품 소매,G22199,그 외 기타 상품 전문 소매업,G47859,그 외 기타 분류 안된 상품 전문 소매업,44,충청남도,44710,금산군,44710390,추부면,4471039025,추부면,4471039025104450001,1,대지,445,1,충청남도 금산군 추부면 자부리 445-1,447103257053,충청남도 금산군 추부면 추풍로,221,,4471039025104450001000001,,충청남도 금산군 추부면 추풍로 221,312943,32711,,,,127.481125547656,36.1952946611266
MA010120220813699358,한국ApexL&H사,,G2,소매,G221,기타 상품 소매,G22199,그 외 기타 상품 전문 소매업,G47859,그 외 기타 분류 안된 상품 전문 소매업,41,경기도,41173,안양시 동안구,41173566,부림동,4117310200,관양동,4117310200115940000,1,대지,1594,,경기도 안양시 동안구 관양동 1594,411732182002,경기도 안양시 동안구 시민대로,267,,4117310200115940000007395,,경기도 안양시 동안구 시민대로 267,431700,14054,,,,126.959728807225,37.3945463398633
MA010120220813767495,해동약초사,,G2,소매,G221,기타 상품 소매,G22199,그 외 기타 상품 전문 소매업,G47859,그 외 기타 분류 안된 상품 전문 소매업,44,충청남도,44710,금산군,44710250,금산읍,4471025022,금산읍,4471025022100300001,1,대지,30,1,충청남도 금산군 금산읍 중도리 30-1,447103257020,충청남도 금산군 금산읍 비단로,140,,4471025022100300001017733,,충청남도 금산군 금산읍 비단로 140,312806,32739,,,,127.495214472584,36.1001694872851
MA010120220813789283,제이엔에스,,G2,소매,G221,기타 상품 소매,G22199,그 외 기타 상품 전문 소매업,G47859,그 외 기타 분류 안된 상품 전문 소매업,27,대구광역시,27290,달서구,27290624,상인1동,2729011500,상인동,2729011500109380000,1,대지,938,,대구광역시 달서구 상인동 938,272904241192,대구광역시 달서구 상인로26길,35,,2729011500109380000000480,우진주택,대구광역시 달서구 상인로26길 35,704813,42805,,,,128.546478536863,35.817591056781
MA010120220813789350,진우인터내셔널,,G2,소매,G221,기타 상품 소매,G22199,그 외 기타 상품 전문 소매업,G47859,그 외 기타 분류 안된 상품 전문 소매업,31,울산광역시,31140,남구,31140570,삼산동,3114010600,삼산동,3114010600116060001,1,대지,1606,1,울산광역시 남구 삼산동 1606-1,311403170050,울산광역시 남구 정동로,4,,3114010600116060001004931,,울산광역시 남구 정동로 4,680815,44717,,2,,129.344001390852,35.5342158574559
MA010120220813805807,한들농산,,G2,소매,G221,기타 상품 소매,G22199,그 외 기타 상품 전문 소매업,G47859,그 외 기타 분류 안된 상품 전문 소매업,28,인천광역시,28260,서구,28260515,검암경서동,2826010100,백석동,2826010100100510300,1,대지,51,300,인천광역시 서구 백석동 51-300,282603156089,인천광역시 서구 한들로,66,67,2826010100100510300000001,,인천광역시 서구 한들로 66-67,404140,22687,,,,126.67395700041,37.5741604875588
MA010120220813678233,덕수농약사,,G2,소매,G221,기타 상품 소매,G22199,그 외 기타 상품 전문 소매업,G47859,그 외 기타 분류 안된 상품 전문 소매업,44,충청남도,44230,논산시,44230390,양촌면,4423039028,양촌면,4423039028102950002,1,대지,295,2,충청남도 논산시 양촌면 남산리 295-2,442303255013,충청남도 논산시 양촌면 매죽헌로,1703,1,4423039028102950002000001,,충청남도 논산시 양촌면 매죽헌로 1703-1,320852,33022,,,,127.23748587889,36.1389346027751
MA010120220813696868,센치바이인치,,G2,소매,G221,기타 상품 소매,G22199,그 외 기타 상품 전문 소매업,G47859,그 외 기타 분류 안된 상품 전문 소매업,50,제주특별자치도,50110,제주시,50110310,한경면,5011031023,한경면,5011031023122100002,1,대지,2210,2,제주특별자치도 제주시 한경면 고산리 2210-2,501103349008,제주특별자치도 제주시 한경면 고산로,26,1,5011031023022100002020109,,제주특별자치도 제주시 한경면 고산로 26-1,695941,63008,,,,126.179735114766,33.303395275871
MA010120220813749201,세울,,G2,소매,G221,기타 상품 소매,G22199,그 외 기타 상품 전문 소매업,G47859,그 외 기타 분류 안된 상품 전문 소매업,11,서울특별시,11305,강북구,11305635,수유3동,1130510300,수유동,1130510300101730002,1,대지,173,2,서울특별시 강북구 수유동 173-2,113053005039,서울특별시 강북구 도봉로,383,1,1130510300101730002007208,,서울특별시 강북구 도봉로 383-1,142876,01054,,3,,127.028699795862,37.6413705711373
MA010120220813789588,토이스토리,,G2,소매,G221,기타 상품 소매,G22199,그 외 기타 상품 전문 소매업,G47859,그 외 기타 분류 안된 상품 전문 소매업,28,인천광역시,28200,남동구,28200690,논현1동,2820011000,논현동,2820011000106760006,1,대지,676,6,인천광역시 남동구 논현동 676-6,282004259519,인천광역시 남동구 앵고개로948번길,54,,2820011000101790093019594,굿모닝타워,인천광역시 남동구 앵고개로948번길 54,405825,21673,,1,,126.736523015316,37.400404614147
MA010120220813702705,로얄PC수유동호회,,G2,소매,G221,기타 상품 소매,G22199,그 외 기타 상품 전문 소매업,G47859,그 외 기타 분류 안된 상품 전문 소매업,11,서울특별시,11305,강북구,11305635,수유3동,1130510300,수유동,1130510300102300007,1,대지,230,7,서울특별시 강북구 수유동 230-7,113053005039,서울특별시 강북구 도봉로,313,,1130510300102300007009346,효성인텔리안,서울특별시 강북구 도봉로 313,142878,01073,,지,,127.023463621132,37.6364433415467
MA010120220813702750,필승사,,G2,소매,G221,기타 상품 소매,G22199,그 외 기타 상품 전문 소매업,G47859,그 외 기타 분류 안된 상품 전문 소매업,51,강원특별자치도,51800,양구군,51800250,양구읍,5180025021,양구읍,5180025021103270002,1,대지,327,2,강원특별자치도 양구군 양구읍 상리 327-2,518003232017,강원특별자치도 양구군 양구읍 중심로,198,,4280025021000300010007747,,강원특별자치도 양구군 양구읍 중심로 198,255804,24524,,,,127.989250649998,38.1078108303692
MA010120220813705195,보운갤러리,,G2,소매,G221,기타 상품 소매,G22199,그 외 기타 상품 전문 소매업,G47859,그 외 기타 분류 안된 상품 전문 소매업,11,서울특별시,11140,중구,11140615,신당동,1114016200,신당동,1114016200102510100,1,대지,251,100,서울특별시 중구 신당동 251-100,111404103376,서울특별시 중구 퇴계로73가길,22,,1114016200102510100009605,한양빌딩,서울특별시 중구 퇴계로73가길 22,100889,04566,,,,127.013526193337,37.5663838698703
MA010120220813737837,미르,,G2,소매,G221,기타 상품 소매,G22199,그 외 기타 상품 전문 소매업,G47859,그 외 기타 분류 안된 상품 전문 소매업,29,광주광역시,29170,북구,29170580,신안동,2917010600,신안동,2917010600102400001,1,대지,240,1,광주광역시 북구 신안동 240-1,291703162065,광주광역시 북구 자미로,26,,2917010600102400001031632,,광주광역시 북구 자미로 26,500830,61225,,,,126.903513536728,35.1683116842714
MA010120220813754681,코로나라방역공주,,G2,소매,G221,기타 상품 소매,G22199,그 외 기타 상품 전문 소매업,G47859,그 외 기타 분류 안된 상품 전문 소매업,44,충청남도,44710,금산군,44710320,제원면,4471032033,제원면,4471032033101290002,1,대지,129,2,충청남도 금산군 제원면 천내리 129-2,447104571079,충청남도 금산군 제원면 낙안1길,27,,4471032033101290002034327,,충청남도 금산군 제원면 낙안1길 27,312822,32720,,,,127.584917856879,36.1194294183937
MA010120220813795585,일오삼원예농산,,G2,소매,G221,기타 상품 소매,G22199,그 외 기타 상품 전문 소매업,G47859,그 외 기타 분류 안된 상품 전문 소매업,44,충청남도,44760,부여군,44760430,세도면,4476043022,세도면,4476043022102730000,1,대지,273,,충청남도 부여군 세도면 장산리 273,447603259168,충청남도 부여군 세도면 인세로,141,,4476043022102730000061012,,충청남도 부여군 세도면 인세로 141,323941,33231,,,,126.981572227058,36.1672773886001
MA010120220813796646,새마을담뱃잎,,G2,소매,G221,기타 상품 소매,G22199,그 외 기타 상품 전문 소매업,G47859,그 외 기타 분류 안된 상품 전문 소매업,47,경상북도,47230,영천시,47230510,동부동,4723010100,조교동,4723010100108380005,1,대지,838,5,경상북도 영천시 조교동 838-5,472304730583,경상북도 영천시 장천길,27,,4723010100108380005000001,,경상북도 영천시 장천길 27,770120,38865,,,,128.952857521248,35.9696256254113
MA010120220813664859,신화이엔씨,,G2,소매,G221,기타 상품 소매,G22199,그 외 기타 상품 전문 소매업,G47859,그 외 기타 분류 안된 상품 전문 소매업,48,경상남도,48250,김해시,48250630,장유3동,4825013000,관동동,4825013000110530013,1,대지,1053,13,경상남도 김해시 관동동 1053-13,482504805084,경상남도 김해시 관동로12번길,17,5,4825031028110530013000001,,경상남도 김해시 관동로12번길 17-5,621300,51013,,1,,128.804954571466,35.1758195465454
MA010120220813708323,강화인삼센터,,G2,소매,G221,기타 상품 소매,G22199,그 외 기타 상품 전문 소매업,G47859,그 외 기타 분류 안된 상품 전문 소매업,28,인천광역시,28710,강화군,28710250,강화읍,2871025025,강화읍,2871025025108440001,1,대지,844,1,인천광역시 강화군 강화읍 갑곳리 844-1,287102157001,인천광역시 강화군 강화읍 강화대로,335,,2871025025108460000002454,강화인삼농협,인천광역시 강화군 강화읍 강화대로 335,417942,23027,,1,,126.492519372773,37.7422091046471
MA010120220813713776,홍천산양삼연구단지,,G2,소매,G221,기타 상품 소매,G22199,그 외 기타 상품 전문 소매업,G47859,그 외 기타 분류 안된 상품 전문 소매업,51,강원특별자치도,51720,홍천군,51720390,내면,5172039026,내면,5172039026103550000,1,대지,355,,강원특별자치도 홍천군 내면 방내리 355,517204475456,강원특별자치도 홍천군 내면 여차동길,447,30,4272039026103550000000001,,강원특별자치도 홍천군 내면 여차동길 447-30,250843,25169,,,,128.269820728169,37.8497052270552
MA010120220813719528,삼남농약종묘사,,G2,소매,G221,기타 상품 소매,G22199,그 외 기타 상품 전문 소매업,G47859,그 외 기타 분류 안된 상품 전문 소매업,31,울산광역시,31710,울주군,31710265,삼남읍,3171026523,삼남읍,3171026523114850041,1,대지,1485,41,울산광역시 울주군 삼남읍 신화리 1485-41,317103173074,울산광역시 울주군 삼남읍 중남로,61,1,3171039025100060008008900,,울산광역시 울주군 삼남읍 중남로 61-1,689815,44953,,,,129.108131130441,35.5369226915819
MA010120220813738103,청우방재,,G2,소매,G221,기타 상품 소매,G22199,그 외 기타 상품 전문 소매업,G47519,"페인트, 창호 및 기타 건설자재 소매업",28,인천광역시,28245,계양구,28245613,계산3동,2824510200,계산동,2824510200103550001,1,대지,355,1,인천광역시 계양구 계산동 355-1,282453008034,인천광역시 계양구 주부토로,540,,2824510200103550001133629,한국아파트,인천광역시 계양구 주부토로 540,407802,21056,,,,126.728669184233,37.542394699426
MA010120220813754838,경신소방,,G2,소매,G221,기타 상품 소매,G22199,그 외 기타 상품 전문 소매업,G47859,그 외 기타 분류 안된 상품 전문 소매업,11,서울특별시,11215,광진구,11215710,화양동,1121510700,화양동,1121510700103020004,1,대지,302,4,서울특별시 광진구 화양동 302-4,112153005024,서울특별시 광진구 광나루로,450,,1121510700100020004017913,,서울특별시 광진구 광나루로 450,143926,05022,,1,,127.079301047656,37.5452206132883
MA010120220813809415,지안방재,,G2,소매,G221,기타 상품 소매,G22199,그 외 기타 상품 전문 소매업,G47859,그 외 기타 분류 안된 상품 전문 소매업,11,서울특별시,11560,영등포구,11560550,당산1동,1156011300,당산동3가,1156011300100910001,1,대지,91,1,서울특별시 영등포구 당산동3가 91-1,115604154075,서울특별시 영등포구 국회대로38길,8,,1156011300100910001029113,B,서울특별시 영등포구 국회대로38길 8,150803,07257,,4,,126.898783254141,37.5262738455156
MA010120220813646698,해금강,,G2,소매,G221,기타 상품 소매,G22199,그 외 기타 상품 전문 소매업,G47859,그 외 기타 분류 안된 상품 전문 소매업,51,강원특별자치도,51820,고성군,51820253,거진읍,5182025321,거진읍,5182025321102720039,1,대지,272,39,강원특별자치도 고성군 거진읍 거진리 272-39,518204502027,강원특별자치도 고성군 거진읍 거진시장길,13,5,4282025321102720039018231,,강원특별자치도 고성군 거진읍 거진시장길 13-5,219901,24715,,1,,128.454164918824,38.4474854004881
MA010120220813665347,미라클산약초,,G2,소매,G221,기타 상품 소매,G22199,그 외 기타 상품 전문 소매업,G47859,그 외 기타 분류 안된 상품 전문 소매업,48,경상남도,48860,산청군,48860400,신등면,4886040021,신등면,4886040021107840000,1,대지,784,,경상남도 산청군 신등면 단계리 784,488603019076,경상남도 산청군 신등면 신차로,500,3,4886040021107840000011527,단계시장,경상남도 산청군 신등면 신차로 500-3,666952,52257,,,,128.011148761987,35.3771243304804
MA010120220813681539,꿈그린,,G2,소매,G221,기타 상품 소매,G22199,그 외 기타 상품 전문 소매업,G47859,그 외 기타 분류 안된 상품 전문 소매업,47,경상북도,47840,성주군,47840390,월항면,4784039038,월항면,4784039038104080000,1,대지,408,,경상북도 성주군 월항면 지방리 408,478404763127,경상북도 성주군 월항면 모산2길,6,11,4784039038104080000009966,,경상북도 성주군 월항면 모산2길 6-11,719853,40035,,,,128.292551599376,35.9900113556986
MA010120220813684136,삼매경,,G2,소매,G221,기타 상품 소매,G22199,그 외 기타 상품 전문 소매업,G47859,그 외 기타 분류 안된 상품 전문 소매업,52,전북특별자치도,52720,진안군,52720250,진안읍,5272025021,진안읍,5272025021102340000,1,대지,234,,전북특별자치도 진안군 진안읍 군상리 234,527203274057,전북특별자치도 진안군 진안읍 진무로,1166,,4572025021102340000010054,,전북특별자치도 진안군 진안읍 진무로 1166,567804,55422,,,,127.434251985031,35.7949238114995
MA010120220813730254,정유통,,G2,소매,G221,기타 상품 소매,G22199,그 외 기타 상품 전문 소매업,G47859,그 외 기타 분류 안된 상품 전문 소매업,30,대전광역시,30200,유성구,30200540,온천2동,3020011700,장대동,3020011700103310008,1,대지,331,8,대전광역시 유성구 장대동 331-8,302002167001,대전광역시 유성구 유성대로,773,,3020011700103310008010475,F실,대전광역시 유성구 유성대로 773,305308,34165,,3,,127.335663190806,36.3613840907494
MA010120220813768270,약초사랑,,G2,소매,G221,기타 상품 소매,G22199,그 외 기타 상품 전문 소매업,G47859,그 외 기타 분류 안된 상품 전문 소매업,11,서울특별시,11470,양천구,11470560,신월1동,1147010300,신월동,1147010300102390008,1,대지,239,8,서울특별시 양천구 신월동 239-8,114704142313,서울특별시 양천구 월정로13길,8,,1147010300102390008000001,,서울특별시 양천구 월정로13길 8,158831,07926,,1,,126.839230332155,37.5270727544042
MA010120220813801449,이모작가발,,G2,소매,G221,기타 상품 소매,G22199,그 외 기타 상품 전문 소매업,G47422,의복 액세서리 및 모조 장신구 소매업,48,경상남도,48125,창원시 마산합포구,48125650,산호동,4812511800,산호동,4812511800100060015,1,대지,6,15,경상남도 창원시 마산합포구 산호동 6-15,481253329020,경상남도 창원시 마산합포구 삼호로,51,,4812511800100060015020358,,경상남도 창원시 마산합포구 삼호로 51,631852,51329,,,,128.584955377141,35.2220140866444
MA010120220813802268,꼼꼼한사람들,,G2,소매,G221,기타 상품 소매,G22199,그 외 기타 상품 전문 소매업,G47859,그 외 기타 분류 안된 상품 전문 소매업,41,경기도,41173,안양시 동안구,41173566,부림동,4117310200,관양동,4117310200115910011,1,대지,1591,11,경기도 안양시 동안구 관양동 1591-11,411732182002,경기도 안양시 동안구 시민대로,260,,4117310200115910011005003,안양금융센터,경기도 안양시 동안구 시민대로 260,431815,14067,,6,,126.959413164061,37.3935010461211
MA010120220813668190,유민상사,,G2,소매,G221,기타 상품 소매,G22199,그 외 기타 상품 전문 소매업,G47859,그 외 기타 분류 안된 상품 전문 소매업,28,인천광역시,28140,동구,28140610,송림4동,2814010700,송림동,2814010700102940000,1,대지,294,,인천광역시 동구 송림동 294,281404250070,인천광역시 동구 방축로83번길,23,,2814010700102940000004016,인천산업용품유통센터,인천광역시 동구 방축로83번길 23,401705,22530,,,,126.654796465778,37.4848261851048
MA010120220813719959,고베무역,,G2,소매,G221,기타 상품 소매,G22199,그 외 기타 상품 전문 소매업,G47859,그 외 기타 분류 안된 상품 전문 소매업,41,경기도,41131,성남시 수정구,41131540,태평1동,4113110200,태평동,4113110200161570001,1,대지,6157,1,경기도 성남시 수정구 태평동 6157-1,411314334414,경기도 성남시 수정구 수정로87번길,19,,4113110200161570001000269,,경기도 성남시 수정구 수정로87번길 19,461824,13311,,2,,127.129376310133,37.4420201322241
MA010120220813724886,프란치스코상회,,G2,소매,G221,기타 상품 소매,G22199,그 외 기타 상품 전문 소매업,G47859,그 외 기타 분류 안된 상품 전문 소매업,41,경기도,41133,성남시 중원구,41133570,상대원1동,4113310500,상대원동,4113310500154690000,1,대지,5469,,경기도 성남시 중원구 상대원동 5469,411333179011,경기도 성남시 중원구 사기막골로,99,,4113310500101450003051190,센트럴비즈타워,경기도 성남시 중원구 사기막골로 99,462121,13201,,1,,127.174128706955,37.4386649626252
MA010120220813800134,아이모비스,,G2,소매,G221,기타 상품 소매,G22199,그 외 기타 상품 전문 소매업,G47859,그 외 기타 분류 안된 상품 전문 소매업,11,서울특별시,11680,강남구,11680700,세곡동,1168011300,율현동,1168011300101080009,1,대지,108,9,서울특별시 강남구 율현동 108-9,116804166840,서울특별시 강남구 헌릉로745길,25,,1168011300101080009000001,강남자동차매매장,서울특별시 강남구 헌릉로745길 25,135190,06378,,,,127.119170276884,37.469295497967
MA010120220813813846,주연디자인,,G2,소매,G221,기타 상품 소매,G22199,그 외 기타 상품 전문 소매업,G47859,그 외 기타 분류 안된 상품 전문 소매업,46,전라남도,46230,광양시,46230250,광양읍,4623025030,광양읍,4623025030109090012,1,대지,909,12,전라남도 광양시 광양읍 용강리 909-12,462304655351,전라남도 광양시 광양읍 와룡길,12,,4623025030109090012000001,,전라남도 광양시 광양읍 와룡길 12,545801,57747,,3,,127.609528445639,34.9705915186691
MA010120220813644296,제이디씨,,G2,소매,G221,기타 상품 소매,G22199,그 외 기타 상품 전문 소매업,G47859,그 외 기타 분류 안된 상품 전문 소매업,48,경상남도,48330,양산시,48330330,상북면,4833033024,상북면,4833033024101540001,1,대지,154,1,경상남도 양산시 상북면 소석리 154-1,483303338101,경상남도 양산시 상북면 충렬로,729,,4833033024101540001000001,,경상남도 양산시 상북면 충렬로 729,626855,50580,,,,129.0545220058,35.4045722788682
MA010120220813660380,태안영신불교만물사,,G2,소매,G221,기타 상품 소매,G22199,그 외 기타 상품 전문 소매업,G47859,그 외 기타 분류 안된 상품 전문 소매업,44,충청남도,44825,태안군,44825250,태안읍,4482525022,태안읍,4482525022105020007,1,대지,502,7,충청남도 태안군 태안읍 남문리 502-7,448253264043,충청남도 태안군 태안읍 중앙로,22,1,4482525022105020007004169,,충청남도 태안군 태안읍 중앙로 22-1,357901,32142,,1,,126.292284704314,36.7561213524499
MA010120220813679350,더니어.L,,G2,소매,G221,기타 상품 소매,G22199,그 외 기타 상품 전문 소매업,G47859,그 외 기타 분류 안된 상품 전문 소매업,50,제주특별자치도,50110,제주시,50110310,한경면,5011031027,한경면,5011031027113980000,1,대지,1398,,제주특별자치도 제주시 한경면 두모리 1398,501104849028,제주특별자치도 제주시 한경면 한원북길,3,2,5011031027013980000024071,,제주특별자치도 제주시 한경면 한원북길 3-2,695942,63002,,,,126.196141763385,33.3360951609154
MA010120220813697661,예산팜한농,,G2,소매,G221,기타 상품 소매,G22199,그 외 기타 상품 전문 소매업,G47859,그 외 기타 분류 안된 상품 전문 소매업,44,충청남도,44810,예산군,44810380,고덕면,4481038021,고덕면,4481038021106570006,1,대지,657,6,충청남도 예산군 고덕면 대천리 657-6,448103263004,충청남도 예산군 고덕면 고덕중앙로,89,,4481038021106570006013100,,충청남도 예산군 고덕면 고덕중앙로 89,340932,32403,,,,126.703545130603,36.7474308267876
MA010120220813774324,가야농자재,,G2,소매,G221,기타 상품 소매,G22199,그 외 기타 상품 전문 소매업,G47859,그 외 기타 분류 안된 상품 전문 소매업,44,충청남도,44230,논산시,44230400,가야곡면,4423040028,가야곡면,4423040028107080005,1,대지,708,5,충청남도 논산시 가야곡면 등리 708-5,442303255010,충청남도 논산시 가야곡면 덕은로,189,,4423040028107080005014972,,충청남도 논산시 가야곡면 덕은로 189,320842,33019,,,,127.170795070966,36.146438200349
MA010120220813815774,태종대농마트,,G2,소매,G221,기타 상품 소매,G22199,그 외 기타 상품 전문 소매업,G47859,그 외 기타 분류 안된 상품 전문 소매업,26,부산광역시,26200,영도구,26200660,동삼2동,2620012100,동삼동,2620012100109430000,1,대지,943,,부산광역시 영도구 동삼동 943,262004184358,부산광역시 영도구 태종로795번길,3,,2620012100109430000014069,,부산광역시 영도구 태종로795번길 3,606804,49127,,,,129.081420491742,35.0654331174887
MA010120220813803902,바운스,코리아,G2,소매,G221,기타 상품 소매,G22199,그 외 기타 상품 전문 소매업,G47859,그 외 기타 분류 안된 상품 전문 소매업,11,서울특별시,11170,용산구,11170650,이태원1동,1117013000,이태원동,1117013000100640041,1,대지,64,41,서울특별시 용산구 이태원동 64-41,111703102009,서울특별시 용산구 이태원로,154,1,1117013000100640041009700,외,서울특별시 용산구 이태원로 154-1,140863,04391,,,,126.991039220985,37.5341375706371
MA010120220813647229,가리골산야초,,G2,소매,G221,기타 상품 소매,G22199,그 외 기타 상품 전문 소매업,G47859,그 외 기타 분류 안된 상품 전문 소매업,51,강원특별자치도,51190,태백시,51190535,삼수동,5119010100,황지동,5119010100100250083,1,대지,25,83,강원특별자치도 태백시 황지동 25-83,511904466247,강원특별자치도 태백시 황지연못길,19,,4219010100100250084001799,,강원특별자치도 태백시 황지연못길 19,235800,26008,,,,128.990189169724,37.1732551113485
MA010120220813922289,강호농약사,,G2,소매,G221,기타 상품 소매,G22199,그 외 기타 상품 전문 소매업,G47859,그 외 기타 분류 안된 상품 전문 소매업,47,경상북도,47770,영덕군,47770310,강구면,4777031032,강구면,4777031032100480001,1,대지,48,1,경상북도 영덕군 강구면 오포리 48-1,477704754061,경상북도 영덕군 강구면 나비산길,11,,4777031032100480001006269,,경상북도 영덕군 강구면 나비산길 11,766823,36458,,,,129.380313275847,36.3561877932558
MA010120220813930710,유한책임회사하이모,세종지점,G2,소매,G221,기타 상품 소매,G22199,그 외 기타 상품 전문 소매업,G47422,의복 액세서리 및 모조 장신구 소매업,36,세종특별자치시,36110,세종특별자치시,36110518,나성동,3611010700,나성동,3611010700107230000,1,대지,723,,세종특별자치시 세종특별자치시 나성동 723,361102000002,세종특별자치시 세종특별자치시 한누리대로,157,,3611010700105660001000001,금강프라자,세종특별자치시 세종특별자치시 한누리대로 157,339003,30130,,,,127.262478355887,36.4793228343938
MA010120220813953619,수,,G2,소매,G221,기타 상품 소매,G22199,그 외 기타 상품 전문 소매업,G47422,의복 액세서리 및 모조 장신구 소매업,52,전북특별자치도,52111,전주시 완산구,52111680,서신동,5211112900,서신동,5211112900108310001,1,대지,831,1,전북특별자치도 전주시 완산구 서신동 831-1,521113266033,전북특별자치도 전주시 완산구 서신로,39,,4511112900108310001025761,,전북특별자치도 전주시 완산구 서신로 39,560821,54952,,,,127.115595667489,35.8289089662735
MA010120220813895773,아세아총포사,,G2,소매,G221,기타 상품 소매,G22199,그 외 기타 상품 전문 소매업,G47859,그 외 기타 분류 안된 상품 전문 소매업,52,전북특별자치도,52111,전주시 완산구,52111692,평화2동,5211113300,평화동2가,5211113300108480004,1,대지,848,4,전북특별자치도 전주시 완산구 평화동2가 848-4,521114598104,전북특별자치도 전주시 완산구 맏내3길,5,6,4511113300108480004024755,,전북특별자치도 전주시 완산구 맏내3길 5-6,560867,55134,,,,127.131107050798,35.7924189938756
MA010120220813948635,토윤바이오,,G2,소매,G221,기타 상품 소매,G22199,그 외 기타 상품 전문 소매업,G47859,그 외 기타 분류 안된 상품 전문 소매업,44,충청남도,44133,천안시 서북구,44133250,성환읍,4413325021,성환읍,4413325021103440140,1,대지,344,140,충청남도 천안시 서북구 성환읍 성환리 344-140,441334550596,충청남도 천안시 서북구 성환읍 종합시장길,22,,4413325021103440140013377,,충청남도 천안시 서북구 성환읍 종합시장길 22,331805,31014,,1,,127.129678190329,36.9197147212131
MA010120220813975929,건강행복플러스,,G2,소매,G221,기타 상품 소매,G22199,그 외 기타 상품 전문 소매업,G47859,그 외 기타 분류 안된 상품 전문 소매업,29,광주광역시,29140,서구,29140650,농성1동,2914010600,농성동,2914010600200380002,2,산,38,2,광주광역시 서구 농성동 산38-2,291403009015,광주광역시 서구 월산로,164,1,2914010600101310007018095,,광주광역시 서구 월산로 164-1,502201,61921,,,,126.895356152903,35.1524139519411
MA010120220813847370,다운영,,G2,소매,G221,기타 상품 소매,G22199,그 외 기타 상품 전문 소매업,G47859,그 외 기타 분류 안된 상품 전문 소매업,41,경기도,41590,화성시,41590310,매송면,4159031024,매송면,4159031024106050001,1,대지,605,1,경기도 화성시 매송면 숙곡리 605-1,415904431397,경기도 화성시 매송면 화성로2132번길,12,5,4159031024106050002011219,,경기도 화성시 매송면 화성로2132번길 12-5,445832,18287,,,,126.899316610282,37.2463714677062
MA010120220813880541,다향인삼,,G2,소매,G221,기타 상품 소매,G22199,그 외 기타 상품 전문 소매업,G47859,그 외 기타 분류 안된 상품 전문 소매업,52,전북특별자치도,52720,진안군,52720250,진안읍,5272025022,진안읍,5272025022102850014,1,대지,285,14,전북특별자치도 진안군 진안읍 군하리 285-14,527203274057,전북특별자치도 진안군 진안읍 진무로,1021,,4572025022102850014006101,,전북특별자치도 진안군 진안읍 진무로 1021,567806,55435,,,,127.422884896502,35.7875019169727
MA010120220813823855,광명유통,,G2,소매,G221,기타 상품 소매,G22199,그 외 기타 상품 전문 소매업,G47859,그 외 기타 분류 안된 상품 전문 소매업,41,경기도,41670,여주시,41670370,강천면,4167037024,강천면,4167037024102800003,1,대지,280,3,경기도 여주시 강천면 가야리 280-3,416703214003,경기도 여주시 강천면 강천로,643,,4173038024102800003038638,,경기도 여주시 강천면 강천로 643,469861,12616,,,,127.694017573144,37.2588869804035
MA010120220813866701,영춘수석&나무,,G2,소매,G221,기타 상품 소매,G22199,그 외 기타 상품 전문 소매업,G47859,그 외 기타 분류 안된 상품 전문 소매업,28,인천광역시,28710,강화군,28710330,길상면,2871033024,길상면,2871033024112510329,1,대지,1251,329,인천광역시 강화군 길상면 초지리 1251-329,287103157038,인천광역시 강화군 길상면 해안남로,9,,2871033024112510329000001,국보빌딩,인천광역시 강화군 길상면 해안남로 9,417843,23052,,1,,126.53276171469,37.626627847924
MA010120220813898768,라온제나,,G2,소매,G221,기타 상품 소매,G22199,그 외 기타 상품 전문 소매업,G47859,그 외 기타 분류 안된 상품 전문 소매업,50,제주특별자치도,50110,제주시,50110640,오라동,5011012100,오라삼동,5011012100127680004,1,대지,2768,4,제주특별자치도 제주시 오라삼동 2768-4,501104847669,제주특별자치도 제주시 모시길,27,1,5011012100127680004000001,,제주특별자치도 제주시 모시길 27-1,690163,63148,,1,,126.505497890737,33.495492681559
MA010120220813826503,지금행복한시간,,G2,소매,G221,기타 상품 소매,G22199,그 외 기타 상품 전문 소매업,G47859,그 외 기타 분류 안된 상품 전문 소매업,29,광주광역시,29110,동구,29110560,계림1동,2911010900,계림동,2911010900104250000,1,대지,425,,광주광역시 동구 계림동 425,291103009002,광주광역시 동구 동계천로,49,2,2911010100104250000018578,,광주광역시 동구 동계천로 49-2,501804,61428,,2,,126.917544826345,35.1545763208355
MA010120220813844778,필름과케이스,,G2,소매,G221,기타 상품 소매,G22199,그 외 기타 상품 전문 소매업,G47859,그 외 기타 분류 안된 상품 전문 소매업,11,서울특별시,11440,마포구,11440660,서교동,1144012100,동교동,1144012100101520004,1,대지,152,4,서울특별시 마포구 동교동 152-4,114404139427,서울특별시 마포구 양화로21길,43,,1144012100101520004011667,좌측,서울특별시 마포구 양화로21길 43,121816,03994,,1,,126.924146652207,37.5599541936189
MA010120220813864222,사천장례컨설팅,,G2,소매,G221,기타 상품 소매,G22199,그 외 기타 상품 전문 소매업,G47859,그 외 기타 분류 안된 상품 전문 소매업,48,경상남도,48240,사천시,48240520,선구동,4824010700,좌룡동,4824010700104200007,1,대지,420,7,경상남도 사천시 좌룡동 420-7,482404802328,경상남도 사천시 새고개길,38,,4824010700104200007000001,,경상남도 사천시 새고개길 38,664838,52553,,,,128.077607962731,34.9488896052651
MA010120220813883181,대박박스,,G2,소매,G221,기타 상품 소매,G22199,그 외 기타 상품 전문 소매업,G47859,그 외 기타 분류 안된 상품 전문 소매업,47,경상북도,47113,포항시 북구,47113655,죽도동,4711311600,죽도동,4711311600105760001,1,대지,576,1,경상북도 포항시 북구 죽도동 576-1,471134712584,경상북도 포항시 북구 죽도시장2길,34,,4711311600105760001094851,,경상북도 포항시 북구 죽도시장2길 34,791843,37741,,,,129.369670044203,36.0348705869369
MA010120220813883249,대일농약사금산점,,G2,소매,G221,기타 상품 소매,G22199,그 외 기타 상품 전문 소매업,G47859,그 외 기타 분류 안된 상품 전문 소매업,44,충청남도,44710,금산군,44710250,금산읍,4471025021,금산읍,4471025021104230007,1,대지,423,7,충청남도 금산군 금산읍 신대리 423-7,447103257043,충청남도 금산군 금산읍 인삼로,192,,4471025021104230007000001,,충청남도 금산군 금산읍 인삼로 192,312804,32722,,,,127.502502143965,36.1023651297882
MA010120220813834135,약사정사법화당,,G2,소매,G221,기타 상품 소매,G22199,그 외 기타 상품 전문 소매업,G47859,그 외 기타 분류 안된 상품 전문 소매업,48,경상남도,48170,진주시,48170595,상봉동,4817011400,상봉동,4817011400107940001,1,대지,794,1,경상남도 진주시 상봉동 794-1,481703332047,경상남도 진주시 의병로,128,,4817011400107940001001215,,경상남도 진주시 의병로 128,660813,52657,,,,128.072427394893,35.2017191521518
MA010120220813880974,티에스유통,,G2,소매,G221,기타 상품 소매,G22199,그 외 기타 상품 전문 소매업,G47519,"페인트, 창호 및 기타 건설자재 소매업",11,서울특별시,11230,동대문구,11230560,전농1동,1123010400,전농동,1123010400105810047,1,대지,581,47,서울특별시 동대문구 전농동 581-47,112303105004,서울특별시 동대문구 서울시립대로,107,,1123010400105810047027628,,서울특별시 동대문구 서울시립대로 107,130021,02557,,1,,127.050763810074,37.580321130727
MA010120220813893660,유진유통,,G2,소매,G221,기타 상품 소매,G22199,그 외 기타 상품 전문 소매업,G47859,그 외 기타 분류 안된 상품 전문 소매업,28,인천광역시,28110,중구,28110585,동인천동,2811013600,인현동,2811013600100010283,1,대지,1,283,인천광역시 중구 인현동 1-283,281103149065,인천광역시 중구 참외전로,111,1,2811013600100010283014954,,인천광역시 중구 참외전로 111-1,400180,22317,,,,126.631026510095,37.4763299538204
MA010120220813850679,야베스상사,,G2,소매,G221,기타 상품 소매,G22199,그 외 기타 상품 전문 소매업,G47859,그 외 기타 분류 안된 상품 전문 소매업,43,충청북도,43113,청주시 흥덕구,43113751,봉명1동,4311311500,봉명동,4311311500108160000,1,대지,816,,충청북도 청주시 흥덕구 봉명동 816,431134512194,충청북도 청주시 흥덕구 1순환로577번길,29,,4311311500108160000002224,,충청북도 청주시 흥덕구 1순환로577번길 29,361818,28557,,,,127.46306364778,36.6413148603908
MA010120220813886369,안전뱅크,,G2,소매,G221,기타 상품 소매,G22199,그 외 기타 상품 전문 소매업,G47859,그 외 기타 분류 안된 상품 전문 소매업,41,경기도,41830,양평군,41830400,용문면,4183040021,용문면,4183040021103240000,1,대지,324,,경기도 양평군 용문면 마룡리 324,418304452057,경기도 양평군 용문면 용문로503번길,1,,4183040021103240000004187,,경기도 양평군 용문면 용문로503번길 1,476845,12514,,,,127.601924363215,37.4953299136879
MA010120220813904213,삼우당,,G2,소매,G221,기타 상품 소매,G22199,그 외 기타 상품 전문 소매업,G47859,그 외 기타 분류 안된 상품 전문 소매업,11,서울특별시,11230,동대문구,11230610,답십리2동,1123010500,답십리동,1123010500109610002,1,대지,961,2,서울특별시 동대문구 답십리동 961-2,112303105003,서울특별시 동대문구 고미술로,100,,1123010500109610002020506,,서울특별시 동대문구 고미술로 100,130809,02622,,,,127.057351383933,37.5638569356952
MA010120220813931817,백세약초,,G2,소매,G221,기타 상품 소매,G22199,그 외 기타 상품 전문 소매업,G47859,그 외 기타 분류 안된 상품 전문 소매업,52,전북특별자치도,52111,전주시 완산구,52111510,중앙동,5211111900,태평동,5211111900100350035,1,대지,35,35,전북특별자치도 전주시 완산구 태평동 35-35,521114598369,전북특별자치도 전주시 완산구 태평3길,32,1,4511111900100350036031378,,전북특별자치도 전주시 완산구 태평3길 32-1,560080,54996,,1,,127.142368891675,35.8238151593958
MA010120220813940472,유니콘,,G2,소매,G221,기타 상품 소매,G22199,그 외 기타 상품 전문 소매업,G47859,그 외 기타 분류 안된 상품 전문 소매업,51,강원특별자치도,51150,강릉시,51150645,성덕동,5115012500,입암동,5115012500105070002,1,대지,507,2,강원특별자치도 강릉시 입암동 507-2,511504460067,강원특별자치도 강릉시 강변로410번길,19,,4215012500105070002013459,,강원특별자치도 강릉시 강변로410번길 19,210937,25579,,,,128.911972302367,37.7573315356463
MA010120220813824490,하울,,G2,소매,G221,기타 상품 소매,G22199,그 외 기타 상품 전문 소매업,G47859,그 외 기타 분류 안된 상품 전문 소매업,29,광주광역시,29200,광산구,29200637,수완동,2920011400,수완동,2920011400114590000,1,대지,1459,,광주광역시 광산구 수완동 1459,292004289571,광주광역시 광산구 장신로148번길,11,,2920011400114590000000001,,광주광역시 광산구 장신로148번길 11,506304,62306,,1,,126.826497879369,35.190002608234
MA010120220813867568,트레져박스,,G2,소매,G221,기타 상품 소매,G22199,그 외 기타 상품 전문 소매업,G47859,그 외 기타 분류 안된 상품 전문 소매업,41,경기도,41281,고양시 덕양구,41281610,능곡동,4128112200,대장동,4128112200103340001,1,대지,334,1,경기도 고양시 덕양구 대장동 334-1,412814376061,경기도 고양시 덕양구 대장길50번길,77,,4128112200103340001000001,,경기도 고양시 덕양구 대장길50번길 77,412250,10456,,,,126.817987381427,37.6374765609339
MA010120220813889722,준상사,,G2,소매,G221,기타 상품 소매,G22199,그 외 기타 상품 전문 소매업,G47859,그 외 기타 분류 안된 상품 전문 소매업,29,광주광역시,29170,북구,29170510,중흥1동,2917010100,중흥동,2917010100108060032,1,대지,806,32,광주광역시 북구 중흥동 806-32,291702009011,광주광역시 북구 서암대로,298,,2917010100108060001010918,,광주광역시 북구 서암대로 298,500876,61227,,2,,126.915986334118,35.1652924125504
MA010120220813907227,세컨드웨이,,G2,소매,G221,기타 상품 소매,G22199,그 외 기타 상품 전문 소매업,G47859,그 외 기타 분류 안된 상품 전문 소매업,29,광주광역시,29155,남구,29155545,사직동,2915510200,구동,2915510200100550012,1,대지,55,12,광주광역시 남구 구동 55-12,291553162073,광주광역시 남구 중앙로,124,,2915510200100550012027686,2~3층,광주광역시 남구 중앙로 124,503020,61639,,,,126.910650860247,35.1460625880084
MA010120220813956876,대박비료마트,,G2,소매,G221,기타 상품 소매,G22199,그 외 기타 상품 전문 소매업,G47859,그 외 기타 분류 안된 상품 전문 소매업,47,경상북도,47840,성주군,47840250,성주읍,4784025025,성주읍,4784025025104330001,1,대지,433,1,경상북도 성주군 성주읍 삼산리 433-1,478403018092,경상북도 성주군 성주읍 주산로,73,,4784025025104330001036100,,경상북도 성주군 성주읍 주산로 73,719804,40031,,,,128.294861671062,35.9277698096084
MA010120220813977091,대박유통,,G2,소매,G221,기타 상품 소매,G22199,그 외 기타 상품 전문 소매업,G47859,그 외 기타 분류 안된 상품 전문 소매업,31,울산광역시,31710,울주군,31710250,온산읍,3171025032,온산읍,3171025032102940001,1,대지,294,1,울산광역시 울주군 온산읍 덕신리 294-1,317104319639,울산광역시 울주군 온산읍 신온5길,1,,3171025032102940001000001,,울산광역시 울주군 온산읍 신온5길 1,689893,45006,,2,,129.307370460327,35.4298126620105
MA010120220813978291,강북미싱부속,,G2,소매,G221,기타 상품 소매,G22199,그 외 기타 상품 전문 소매업,G47859,그 외 기타 분류 안된 상품 전문 소매업,11,서울특별시,11305,강북구,11305555,송천동,1130510100,미아동,1130510100107420005,1,대지,742,5,서울특별시 강북구 미아동 742-5,113054124254,서울특별시 강북구 삼양로46길,24,,1130510100107420005021643,,서울특별시 강북구 삼양로46길 24,142816,01173,,1,,127.021193802442,37.6227217500051
MA010120220813851379,다잘,,G2,소매,G221,기타 상품 소매,G22199,그 외 기타 상품 전문 소매업,G47859,그 외 기타 분류 안된 상품 전문 소매업,26,부산광역시,26230,부산진구,26230520,부전2동,2623010300,부전동,2623010300105210011,1,대지,521,11,부산광역시 부산진구 부전동 521-11,262303129025,부산광역시 부산진구 서면로,35,,2623010300105210011026851,,부산광역시 부산진구 서면로 35,614847,47288,,1,,129.057534798007,35.1538669872906
MA010120220813854046,우신소방,,G2,소매,G221,기타 상품 소매,G22199,그 외 기타 상품 전문 소매업,G47859,그 외 기타 분류 안된 상품 전문 소매업,26,부산광역시,26380,사하구,26380530,괴정3동,2638010100,괴정동,2638010100104720055,1,대지,472,55,부산광역시 사하구 괴정동 472-55,263804202307,부산광역시 사하구 사하로142번길,8,3,2638010100104720055001550,,부산광역시 사하구 사하로142번길 8-3,604811,49360,,,,128.99362711071,35.0943315461134
MA010120220813894688,그 외 기타 상품 전문 소매업,,G2,소매,G221,기타 상품 소매,G22199,그 외 기타 상품 전문 소매업,G47859,그 외 기타 분류 안된 상품 전문 소매업,51,강원특별자치도,51720,홍천군,51720310,화촌면,5172031027,화촌면,5172031027108790000,1,대지,879,,강원특별자치도 홍천군 화촌면 장평리 879,517203013017,강원특별자치도 홍천군 화촌면 구룡령로,1223,8,4272031027108790000023379,,강원특별자치도 홍천군 화촌면 구룡령로 1223-8,250812,25159,,,,128.061436189197,37.7472252550204
MA010120220813907464,제이와이케미컬,,G2,소매,G221,기타 상품 소매,G22199,그 외 기타 상품 전문 소매업,G47859,그 외 기타 분류 안된 상품 전문 소매업,52,전북특별자치도,52210,김제시,52210510,요촌동,5221010100,요촌동,5221010100105210018,1,대지,521,18,전북특별자치도 김제시 요촌동 521-18,522103272085,전북특별자치도 김제시 동서로,140,,4521010100105210018057792,,전북특별자치도 김제시 동서로 140,576807,54409,,,,126.884449389946,35.7978154957132
MA010120220813912837,새론시스템,,G2,소매,G221,기타 상품 소매,G22199,그 외 기타 상품 전문 소매업,G47859,그 외 기타 분류 안된 상품 전문 소매업,26,부산광역시,26170,동구,26170660,범일2동,2617010400,범일동,2617010400108300269,1,대지,830,269,부산광역시 동구 범일동 830-269,261704181197,부산광역시 동구 범일로102번길,20,,2617010400108030269009839,,부산광역시 동구 범일로102번길 20,601808,48744,,,,129.061633274575,35.1388740254004
MA010120220813943801,남양화학,,G2,소매,G221,기타 상품 소매,G22199,그 외 기타 상품 전문 소매업,G47859,그 외 기타 분류 안된 상품 전문 소매업,31,울산광역시,31140,남구,31140520,신정2동,3114010400,신정동,3114010400112170002,1,대지,1217,2,울산광역시 남구 신정동 1217-2,311404310351,울산광역시 남구 봉월로8번길,11,,3114010400112170002012506,,울산광역시 남구 봉월로8번길 11,680828,44678,,3,,129.308369588896,35.5336960604055
MA010120220813962794,별2별마트,,G2,소매,G221,기타 상품 소매,G22199,그 외 기타 상품 전문 소매업,G47859,그 외 기타 분류 안된 상품 전문 소매업,28,인천광역시,28140,동구,28140590,송림2동,2814010700,송림동,2814010700100550153,1,대지,55,153,인천광역시 동구 송림동 55-153,281403149062,인천광역시 동구 샛골로,155,,2814010700100550153213869,,인천광역시 동구 샛골로 155,401813,22543,,,,126.644513451097,37.4763983304195
MA010120220813820204,자연유통,,G2,소매,G221,기타 상품 소매,G22199,그 외 기타 상품 전문 소매업,G47859,그 외 기타 분류 안된 상품 전문 소매업,46,전라남도,46820,해남군,46820250,해남읍,4682025029,해남읍,4682025029106410006,1,대지,641,6,전라남도 해남군 해남읍 연동리 641-6,468204682084,전라남도 해남군 해남읍 남송1길,9,,4682025029106410006000001,,전라남도 해남군 해남읍 남송1길 9,536806,59046,,,,126.603916909394,34.5514626857534
MA010120220813851539,케이씨글로벌,,G2,소매,G221,기타 상품 소매,G22199,그 외 기타 상품 전문 소매업,G47859,그 외 기타 분류 안된 상품 전문 소매업,28,인천광역시,28260,서구,28260539,청라3동,2826012200,청라동,2826012200100960008,1,대지,96,8,인천광역시 서구 청라동 96-8,282603156116,인천광역시 서구 청라대로,127,,2826012200100960008000001,리베라움더레이크,인천광역시 서구 청라대로 127,,22758,,2,,126.631187132568,37.533327747515
MA010120220813907606,오피돌,오리역점,G2,소매,G221,기타 상품 소매,G22199,그 외 기타 상품 전문 소매업,G47859,그 외 기타 분류 안된 상품 전문 소매업,41,경기도,41135,성남시 분당구,41135670,구미동,4113511400,구미동,4113511400101850003,1,대지,185,3,경기도 성남시 분당구 구미동 185-3,411352000005,경기도 성남시 분당구 성남대로,34,,4113511400101850003029750,하나프라자,경기도 성남시 분당구 성남대로 34,463870,13637,,3,,127.109394433481,37.3388732467803
MA010120220813963160,배바우농약사,,G2,소매,G221,기타 상품 소매,G22199,그 외 기타 상품 전문 소매업,G47859,그 외 기타 분류 안된 상품 전문 소매업,43,충청북도,43730,옥천군,43730320,안남면,4373032021,안남면,4373032021100290003,1,대지,29,3,충청북도 옥천군 안남면 연주리 29-3,437303242023,충청북도 옥천군 안남면 안남로,498,,4373032021100290000000002,,충청북도 옥천군 안남면 안남로 498,373822,29010,,,,127.675918795508,36.3568617463001
MA010120220813905029,마스터,,G2,소매,G221,기타 상품 소매,G22199,그 외 기타 상품 전문 소매업,G47859,그 외 기타 분류 안된 상품 전문 소매업,30,대전광역시,30230,대덕구,30230546,중리동,3023010900,중리동,3023010900101510008,1,대지,151,8,대전광역시 대덕구 중리동 151-8,302303010001,대전광역시 대덕구 계족로,577,,3023010900101510008017107,,대전광역시 대덕구 계족로 577,306825,34390,,2,,127.430824290294,36.3630344009421
MA010120220813930255,시골집내장독대,,G2,소매,G221,기타 상품 소매,G22199,그 외 기타 상품 전문 소매업,G47859,그 외 기타 분류 안된 상품 전문 소매업,41,경기도,41830,양평군,41830380,양동면,4183038028,양동면,4183038028111520001,1,대지,1152,1,경기도 양평군 양동면 단석리 1152-1,418304451046,경기도 양평군 양동면 거단길,167,51,4183038028201210007000001,,경기도 양평군 양동면 거단길 167-51,476884,12538,,,,127.716313577866,37.3835717383126
MA010120220813946961,큐피드,,G2,소매,G221,기타 상품 소매,G22199,그 외 기타 상품 전문 소매업,G47859,그 외 기타 분류 안된 상품 전문 소매업,43,충청북도,43130,충주시,43130571,문화동,4313012700,문화동,4313012700104730000,1,대지,473,,충청북도 충주시 문화동 473,431302238002,충청북도 충주시 국원대로,3,,4313012700104730000028806,,충청북도 충주시 국원대로 3,380956,27428,,2,,127.923240844087,36.9732347718945
MA010120220813982313,영디,,G2,소매,G221,기타 상품 소매,G22199,그 외 기타 상품 전문 소매업,G47859,그 외 기타 분류 안된 상품 전문 소매업,41,경기도,41550,안성시,41550400,죽산면,4155040022,죽산면,4155040022103570008,1,대지,357,8,경기도 안성시 죽산면 매산리 357-8,415504424261,경기도 안성시 죽산면 미륵당길,27,,4155040022103570008000001,,경기도 안성시 죽산면 미륵당길 27,456893,17518,,1,,127.435526916365,37.0847758889605
MA010120220813972138,경해,,G2,소매,G221,기타 상품 소매,G22199,그 외 기타 상품 전문 소매업,G47859,그 외 기타 분류 안된 상품 전문 소매업,29,광주광역시,29200,광산구,29200640,하남동,2920012500,하남동,2920012500111760000,1,대지,1176,,광주광역시 광산구 하남동 1176,292003163001,광주광역시 광산구 고봉로,96,,2920012500111760000000001,,광주광역시 광산구 고봉로 96,506250,62232,,,,126.797187292351,35.183440283206
MA010120220813832667,엔젤스톤인터내셔날,,G2,소매,G221,기타 상품 소매,G22199,그 외 기타 상품 전문 소매업,G47422,의복 액세서리 및 모조 장신구 소매업,11,서울특별시,11440,마포구,11440655,서강동,1144011400,창전동,1144011400100060043,1,대지,6,43,서울특별시 마포구 창전동 6-43,114403113017,서울특별시 마포구 와우산로,144,6,1144011400100060043021498,,서울특별시 마포구 와우산로 144-6,121880,04059,,2,,126.929415288478,37.5538486996152
MA010120220813838377,동화소방,,G2,소매,G221,기타 상품 소매,G22199,그 외 기타 상품 전문 소매업,G47859,그 외 기타 분류 안된 상품 전문 소매업,29,광주광역시,29200,광산구,29200525,송정2동,2920010100,송정동,2920010100108310021,1,대지,831,21,광주광역시 광산구 송정동 831-21,292004289022,광주광역시 광산구 광산로29번길,14,,2920010100108310021005093,,광주광역시 광산구 광산로29번길 14,506806,62430,,3,,126.794376501213,35.1399089941091
MA010120220813860665,호천불교사,,G2,소매,G221,기타 상품 소매,G22199,그 외 기타 상품 전문 소매업,G47859,그 외 기타 분류 안된 상품 전문 소매업,41,경기도,41273,안산시 단원구,41273510,와동,4127310200,와동,4127310200101200000,1,대지,120,,경기도 안산시 단원구 와동 120,412733191053,경기도 안산시 단원구 와동로,110,,4127310200101200000000001,,경기도 안산시 단원구 와동로 110,425840,15255,,,,126.827622874063,37.3399695846419
MA010120220813892603,이브닝,,G2,소매,G221,기타 상품 소매,G22199,그 외 기타 상품 전문 소매업,G47859,그 외 기타 분류 안된 상품 전문 소매업,41,경기도,41630,양주시,41630530,회천1동,4163011100,봉양동,4163011100108060001,1,대지,806,1,경기도 양주시 봉양동 806-1,416303215066,경기도 양주시 평화로,2000,,4163011100108060001014321,,경기도 양주시 평화로 2000,482090,11447,,,,127.060676180669,37.8662939148957
MA010120220813924910,양키캔들,,G2,소매,G221,기타 상품 소매,G22199,그 외 기타 상품 전문 소매업,G47813,"화장품, 비누 및 방향제 소매업",44,충청남도,44131,천안시 동남구,44131570,신방동,4413111600,신방동,4413111600101490001,1,대지,149,1,충청남도 천안시 동남구 신방동 149-1,441314547698,충청남도 천안시 동남구 천안천변길,139,,4413111600101490001000001,,충청남도 천안시 동남구 천안천변길 139,330939,31178,,1,,127.125167063203,36.7824002551024
MA010120220813930441,법인백성,,G2,소매,G221,기타 상품 소매,G22199,그 외 기타 상품 전문 소매업,G47859,그 외 기타 분류 안된 상품 전문 소매업,41,경기도,41370,오산시,41370510,중앙동,4137010100,오산동,4137010100104370003,1,대지,437,3,경기도 오산시 오산동 437-3,413704394118,경기도 오산시 오산로300번길,2,,4137010100104370003014592,,경기도 오산시 오산로300번길 2,447800,18136,,,,127.069040157489,37.1535587820661
MA010120220813971857,콩조이,,G2,소매,G221,기타 상품 소매,G22199,그 외 기타 상품 전문 소매업,G47859,그 외 기타 분류 안된 상품 전문 소매업,36,세종특별자치시,36110,세종특별자치시,36110250,조치원읍,3611025021,조치원읍,3611025021100010003,1,대지,1,3,세종특별자치시 세종특별자치시 조치원읍 원리 1-3,361103258043,세종특별자치시 세종특별자치시 조치원읍 문화로,7,,4473025021100010005038255,,세종특별자치시 세종특별자치시 조치원읍 문화로 7,339883,30024,,,,127.300883142925,36.6022569706058
MA010120220813975014,골드팜,,G2,소매,G221,기타 상품 소매,G22199,그 외 기타 상품 전문 소매업,G47859,그 외 기타 분류 안된 상품 전문 소매업,48,경상남도,48270,밀양시,48270253,하남읍,4827025321,하남읍,4827025321104890057,1,대지,489,57,경상남도 밀양시 하남읍 수산리 489-57,482704808555,경상남도 밀양시 하남읍 수산동촌3길,4,1,4827025321104890057000001,,경상남도 밀양시 하남읍 수산동촌3길 4-1,627894,50460,,,,128.71013586726,35.3767050573292
MA010120220813849160,종우바이오,,G2,소매,G221,기타 상품 소매,G22199,그 외 기타 상품 전문 소매업,G47859,그 외 기타 분류 안된 상품 전문 소매업,43,충청북도,43130,충주시,43130605,달천동,4313011300,용두동,4313011300104050002,1,대지,405,2,충청북도 충주시 용두동 405-2,431302246001,충청북도 충주시 중원대로,3861,,4313011300104050002000001,,충청북도 충주시 중원대로 3861,380190,27475,,,,127.877791160036,36.962370357037
MA010120220813849221,오일장담방약초,,G2,소매,G221,기타 상품 소매,G22199,그 외 기타 상품 전문 소매업,G47859,그 외 기타 분류 안된 상품 전문 소매업,50,제주특별자치도,50110,제주시,50110690,도두동,5011012700,도두일동,5011012700112120000,1,대지,1212,,제주특별자치도 제주시 도두일동 1212,501104848347,제주특별자치도 제주시 오일장서길,26,,5011012700112070001000001,제,제주특별자치도 제주시 오일장서길 26,690241,63116,,,,126.474894018211,33.4972420771405
MA010120220813975164,태양소방자재,,G2,소매,G221,기타 상품 소매,G22199,그 외 기타 상품 전문 소매업,G47859,그 외 기타 분류 안된 상품 전문 소매업,26,부산광역시,26530,사상구,26530591,모라1동,2653010200,모라동,2653010200107770001,1,대지,777,1,부산광역시 사상구 모라동 777-1,265303132023,부산광역시 사상구 사상로,473,,2653010200107770001024826,,부산광역시 사상구 사상로 473,617822,46921,,,,128.987126310837,35.186890163032
MA010120220813986910,제제상회,,G2,소매,G221,기타 상품 소매,G22199,그 외 기타 상품 전문 소매업,G47859,그 외 기타 분류 안된 상품 전문 소매업,27,대구광역시,27170,서구,27170630,평리2동,2717010300,평리동,2717010300111160015,1,대지,1116,15,대구광역시 서구 평리동 1116-15,271703143010,대구광역시 서구 통학로,82,1,2717010300111160015012057,,대구광역시 서구 통학로 82-1,703845,41820,,2,,128.563735286724,35.8675889044574
MA010120220813818086,연음바이오,,G2,소매,G221,기타 상품 소매,G22199,그 외 기타 상품 전문 소매업,G47859,그 외 기타 분류 안된 상품 전문 소매업,43,충청북도,43730,옥천군,43730250,옥천읍,4373025038,옥천읍,4373025038101870021,1,대지,187,21,충청북도 옥천군 옥천읍 삼양리 187-21,437304526178,충청북도 옥천군 옥천읍 삼양로4길,12,1,4373025038101870021008379,,충청북도 옥천군 옥천읍 삼양로4길 12-1,373809,29032,,,,127.568315144767,36.3059291243267
MA010120220813818095,에이스멀치경기총판점,,G2,소매,G221,기타 상품 소매,G22199,그 외 기타 상품 전문 소매업,G47859,그 외 기타 분류 안된 상품 전문 소매업,41,경기도,41360,남양주시,41360540,양정동,4136010500,이패동,4136010500103450001,1,대지,345,1,경기도 남양주시 이패동 345-1,413604391544,경기도 남양주시 양정로219번길,27,,4136010500103450001010148,,경기도 남양주시 양정로219번길 27,472927,12246,,,,127.194863032604,37.6080478537189
MA010120220813885121,달리는출장썬팅맨,,G2,소매,G221,기타 상품 소매,G22199,그 외 기타 상품 전문 소매업,G45219,기타 자동차 신품 부품 및 내장품 판매업,28,인천광역시,28177,미추홀구,28177550,용현2동,2817710200,용현동,2817710200106840022,1,대지,684,22,인천광역시 미추홀구 용현동 684-22,281774253147,인천광역시 미추홀구 능해길77번길,46,,2817010100104380051214397,,인천광역시 미추홀구 능해길77번길 46,402022,22175,,,,126.640320522266,37.4595998927617
MA010120220813892873,제이앤씨파이어,,G2,소매,G221,기타 상품 소매,G22199,그 외 기타 상품 전문 소매업,G47859,그 외 기타 분류 안된 상품 전문 소매업,48,경상남도,48330,양산시,48330530,강서동,4833011200,어곡동,4833011200115140000,1,대지,1514,,경상남도 양산시 어곡동 1514,483303338065,경상남도 양산시 어실로,446,,4833011200115140000000001,,경상남도 양산시 어실로 446,626220,50590,,,,129.009190361939,35.3949810261668
MA010120220813897978,녹색자동화산업,,G2,소매,G221,기타 상품 소매,G22199,그 외 기타 상품 전문 소매업,G47859,그 외 기타 분류 안된 상품 전문 소매업,41,경기도,41210,광명시,41210600,철산2동,4121010200,철산동,4121010200102020004,1,대지,202,4,경기도 광명시 철산동 202-4,412103187044,경기도 광명시 연서로,18,,4121010200102020004001823,,경기도 광명시 연서로 18,423832,14215,,,,126.862528433559,37.4814122180692
MA010120220813916484,부산선구,,G2,소매,G221,기타 상품 소매,G22199,그 외 기타 상품 전문 소매업,G47859,그 외 기타 분류 안된 상품 전문 소매업,44,충청남도,44270,당진시,44270510,당진1동,4427010100,읍내동,4427010100101600001,1,대지,160,1,충청남도 당진시 읍내동 160-1,442704595133,충청남도 당진시 당진시장길,149,,4483025021101600001086218,,충청남도 당진시 당진시장길 149,343920,31776,,,,126.632270079319,36.8909581074001
MA010120220813978471,농사마트,,G2,소매,G221,기타 상품 소매,G22199,그 외 기타 상품 전문 소매업,G47859,그 외 기타 분류 안된 상품 전문 소매업,46,전라남도,46790,화순군,46790350,능주면,4679035023,능주면,4679035023101640008,1,대지,164,8,전라남도 화순군 능주면 석고리 164-8,467903291038,전라남도 화순군 능주면 학포로,2015,,4679035023101640008000001,,전라남도 화순군 능주면 학포로 2015,519811,58153,,,,126.958857456782,34.9962263031682
MA010120220813877639,컬러모바일월성,,G2,소매,G221,기타 상품 소매,G22199,그 외 기타 상품 전문 소매업,G47422,의복 액세서리 및 모조 장신구 소매업,27,대구광역시,27290,달서구,27290601,월성1동,2729012000,월성동,2729012000118520000,1,대지,1852,,대구광역시 달서구 월성동 1852,272903147040,대구광역시 달서구 조암로,17,,2729012000118520000000001,,대구광역시 달서구 조암로 17,704401,42758,,,,128.527966765159,35.8250281019043
MA010120220813888215,글로바이오안동지사,,G2,소매,G221,기타 상품 소매,G22199,그 외 기타 상품 전문 소매업,G47859,그 외 기타 분류 안된 상품 전문 소매업,47,경상북도,47170,안동시,47170380,임하면,4717038022,임하면,4717038022103330016,1,대지,333,16,경상북도 안동시 임하면 천전리 333-16,471703018013,경상북도 안동시 임하면 경동로,1972,1,4717038022103330016000001,,경상북도 안동시 임하면 경동로 1972-1,760833,36730,,,,128.855610441551,36.5344712506537
MA010120220813895731,약초장이,,G2,소매,G221,기타 상품 소매,G22199,그 외 기타 상품 전문 소매업,G47859,그 외 기타 분류 안된 상품 전문 소매업,51,강원특별자치도,51130,원주시,51130575,학성동,5113010900,학성동,5113010900110560001,1,대지,1056,1,강원특별자치도 원주시 학성동 1056-1,511304457096,강원특별자치도 원주시 남산로218번길,40,,4213010900110560001000902,영진로얄맨션,강원특별자치도 원주시 남산로218번길 40,220796,26417,,1,,127.943474071917,37.3524519712068
MA010120220813900710,이쁜girl,,G2,소매,G221,기타 상품 소매,G22199,그 외 기타 상품 전문 소매업,G47422,의복 액세서리 및 모조 장신구 소매업,28,인천광역시,28177,미추홀구,28177620,주안1동,2817710500,주안동,2817710500102350000,1,대지,235,,인천광역시 미추홀구 주안동 235,281773008014,인천광역시 미추홀구 주안로,86,,2817010600102340000000001,주안역지하도상가,인천광역시 미추홀구 주안로 86,402835,22136,,,,126.680153793568,37.4644086690514
MA010120220814122154,양키캔들시흥배곧점,,G2,소매,G221,기타 상품 소매,G22199,그 외 기타 상품 전문 소매업,G47813,"화장품, 비누 및 방향제 소매업",41,경기도,41390,시흥시,41390597,배곧2동,4139013500,배곧동,4139013500102000002,1,대지,200,2,경기도 시흥시 배곧동 200-2,413904853128,경기도 시흥시 서울대학로278번길,43,7,4139013200150060262000001,배곧유호1차,경기도 시흥시 서울대학로278번길 43-7,,15011,,1,,126.729736035516,37.3687544449378
MA010120220814128177,레드스토어,김제지점,G2,소매,G221,기타 상품 소매,G22199,그 외 기타 상품 전문 소매업,G47859,그 외 기타 분류 안된 상품 전문 소매업,52,전북특별자치도,52210,김제시,52210510,요촌동,5221010100,요촌동,5221010100103660011,1,대지,366,11,전북특별자치도 김제시 요촌동 366-11,522103272083,전북특별자치도 김제시 남북로,254,,4521010100103660011054070,,전북특별자치도 김제시 남북로 254,576806,54383,,,,126.883773271806,35.8062957285226
MA010120220813994351,양키캔들,,G2,소매,G221,기타 상품 소매,G22199,그 외 기타 상품 전문 소매업,G47813,"화장품, 비누 및 방향제 소매업",43,충청북도,43113,청주시 흥덕구,43113250,오송읍,4311325025,오송읍,4311325025105300000,1,대지,530,,충청북도 청주시 흥덕구 오송읍 만수리 530,431133240061,충청북도 청주시 흥덕구 오송읍 오송생명로,210,,4311325025105300000000002,,충청북도 청주시 흥덕구 오송읍 오송생명로 210,361954,28166,,1,,127.332062594017,36.6302445703299
MA010120220814016073,금산수삼센타도매25호,,G2,소매,G221,기타 상품 소매,G22199,그 외 기타 상품 전문 소매업,G47859,그 외 기타 분류 안된 상품 전문 소매업,44,충청남도,44710,금산군,44710250,금산읍,4471025022,금산읍,4471025022102250018,1,대지,225,18,충청남도 금산군 금산읍 중도리 225-18,447104571675,충청남도 금산군 금산읍 향군길,25,,4471025022102250018017052,,충청남도 금산군 금산읍 향군길 25,312806,32735,,,,127.492117318138,36.1056886285062
MA010120220814102773,화랑소방전기,,G2,소매,G221,기타 상품 소매,G22199,그 외 기타 상품 전문 소매업,G47859,그 외 기타 분류 안된 상품 전문 소매업,31,울산광역시,31140,남구,31140625,대현동,3114010800,야음동,3114010800104780001,1,대지,478,1,울산광역시 남구 야음동 478-1,311403170038,울산광역시 남구 신화로,9,,3114010800104780001000002,,울산광역시 남구 신화로 9,680837,44758,,,,129.331790427349,35.5293707161561
MA010120220814125845,러브허니,,G2,소매,G221,기타 상품 소매,G22199,그 외 기타 상품 전문 소매업,G47859,그 외 기타 분류 안된 상품 전문 소매업,11,서울특별시,11440,마포구,11440660,서교동,1144012000,서교동,1144012000104030016,1,대지,403,16,서울특별시 마포구 서교동 403-16,114403113015,서울특별시 마포구 어울마당로,47,,1144012000104030016010901,,서울특별시 마포구 어울마당로 47,121895,04048,,2,,126.920592608824,37.549464245514
MA010120220813994549,크로바,,G2,소매,G221,기타 상품 소매,G22199,그 외 기타 상품 전문 소매업,G47859,그 외 기타 분류 안된 상품 전문 소매업,51,강원특별자치도,51750,영월군,51750250,영월읍,5175025021,영월읍,5175025021110610041,1,대지,1061,41,강원특별자치도 영월군 영월읍 영흥리 1061-41,517503227006,강원특별자치도 영월군 영월읍 단종로,64,,4275025021110610041018146,,강원특별자치도 영월군 영월읍 단종로 64,230805,26225,,,,128.46483243473,37.1881874916244
MA010120220814018851,영트레이딩,,G2,소매,G221,기타 상품 소매,G22199,그 외 기타 상품 전문 소매업,G47859,그 외 기타 분류 안된 상품 전문 소매업,41,경기도,41220,평택시,41220620,비전1동,4122011800,비전동,4122011800110370004,1,대지,1037,4,경기도 평택시 비전동 1037-4,412204838186,경기도 평택시 비전9길,24,,4122011800110370004000001,,경기도 평택시 비전9길 24,450151,17855,,4,,127.109608091942,37.0031396218825
MA010120220814045694,순우리인삼,,G2,소매,G221,기타 상품 소매,G22199,그 외 기타 상품 전문 소매업,G47859,그 외 기타 분류 안된 상품 전문 소매업,41,경기도,41150,의정부시,41150510,의정부1동,4115010100,의정부동,4115010100102350017,1,대지,235,17,경기도 의정부시 의정부동 235-17,411503215066,경기도 의정부시 평화로,635,,4115010100102350017005071,미림프라자,경기도 의정부시 평화로 635,480844,11686,,5,,127.044853489077,37.7486627924356
MA010120220814053892,대림유통,,G2,소매,G221,기타 상품 소매,G22199,그 외 기타 상품 전문 소매업,G47859,그 외 기타 분류 안된 상품 전문 소매업,47,경상북도,47111,포항시 남구,47111256,오천읍,4711125622,오천읍,4711125622103140009,1,대지,314,9,경상북도 포항시 남구 오천읍 문덕리 314-9,471113303011,경상북도 포항시 남구 오천읍 문덕로,27,1,4711125622103140009000001,,경상북도 포항시 남구 오천읍 문덕로 27-1,790902,37888,,1,,129.403274946803,35.960149269932
MA010120220814083926,행복,,G2,소매,G221,기타 상품 소매,G22199,그 외 기타 상품 전문 소매업,G47859,그 외 기타 분류 안된 상품 전문 소매업,52,전북특별자치도,52800,부안군,52800250,부안읍,5280025022,부안읍,5280025022100360003,1,대지,36,3,전북특별자치도 부안군 부안읍 서외리 36-3,528003280045,전북특별자치도 부안군 부안읍 부풍로,61,,4580025022100360003030564,,전북특별자치도 부안군 부안읍 부풍로 61,579803,56313,,1,,126.732224302565,35.7257148624495
MA010120220814092174,군인창고형,백화점,G2,소매,G221,기타 상품 소매,G22199,그 외 기타 상품 전문 소매업,G47859,그 외 기타 분류 안된 상품 전문 소매업,51,강원특별자치도,51780,철원군,51780310,서면,5178031022,서면,5178031022109310011,1,대지,931,11,강원특별자치도 철원군 서면 와수리 931-11,517804490232,강원특별자치도 철원군 서면 와수로199번길,52,,4278031022108230001015260,,강원특별자치도 철원군 서면 와수로199번길 52,269841,24059,,,,127.441466327281,38.2427489660774
MA010120220814124162,금산인삼약초,,G2,소매,G221,기타 상품 소매,G22199,그 외 기타 상품 전문 소매업,G47859,그 외 기타 분류 안된 상품 전문 소매업,26,부산광역시,26230,부산진구,26230510,부전1동,2623010300,부전동,2623010300102670001,1,대지,267,1,부산광역시 부산진구 부전동 267-1,262302000010,부산광역시 부산진구 중앙대로,767,,2623010300102670001044506,부전빌딩,부산광역시 부산진구 중앙대로 767,614843,47251,,1,,129.061245314356,35.1608960376969
MA010120220813994669,검단소방산업,,G2,소매,G221,기타 상품 소매,G22199,그 외 기타 상품 전문 소매업,G47859,그 외 기타 분류 안된 상품 전문 소매업,28,인천광역시,28260,서구,28260530,연희동,2826010700,심곡동,2826010700102570007,1,대지,257,7,인천광역시 서구 심곡동 257-7,282604268420,인천광역시 서구 승학로216번길,9,,2826010700102570007012491,일부,인천광역시 서구 승학로216번길 9,404833,22730,,1,,126.673554781825,37.5418137107215
MA010120220814008135,나우산업,,G2,소매,G221,기타 상품 소매,G22199,그 외 기타 상품 전문 소매업,G47859,그 외 기타 분류 안된 상품 전문 소매업,11,서울특별시,11710,송파구,11710620,가락본동,1171010700,가락동,1171010700100500001,1,대지,50,1,서울특별시 송파구 가락동 50-1,117104169394,서울특별시 송파구 오금로36길,67,,1171010700100500001006838,주현빌딩,서울특별시 송파구 오금로36길 67,138802,05714,,1,,127.121489528077,37.4983776766379
MA010120220814010600,담원,,G2,소매,G221,기타 상품 소매,G22199,그 외 기타 상품 전문 소매업,G47859,그 외 기타 분류 안된 상품 전문 소매업,47,경상북도,47210,영주시,47210250,풍기읍,4721025032,풍기읍,4721025032101600006,1,대지,160,6,경상북도 영주시 풍기읍 창락리 160-6,472103309091,경상북도 영주시 풍기읍 죽령로,1365,,4721025032101600006012167,,경상북도 영주시 풍기읍 죽령로 1365,750804,36020,,,,128.480390874641,36.8846475649869
MA010120220814089385,한양소방설비,,G2,소매,G221,기타 상품 소매,G22199,그 외 기타 상품 전문 소매업,G47859,그 외 기타 분류 안된 상품 전문 소매업,41,경기도,41390,시흥시,41390550,매화동,4139010900,도창동,4139010900105080007,1,대지,508,7,경기도 시흥시 도창동 508-7,413904857772,경기도 시흥시 매화산단2길,37,,4139010800100000000000039,한양,경기도 시흥시 매화산단2길 37,429875,14931,,3,,126.820858117581,37.4133208933503
MA010120220814111550,곽민재가모,,G2,소매,G221,기타 상품 소매,G22199,그 외 기타 상품 전문 소매업,G47422,의복 액세서리 및 모조 장신구 소매업,26,부산광역시,26230,부산진구,26230600,전포1동,2623010200,전포동,2623010200106900004,1,대지,690,4,부산광역시 부산진구 전포동 690-4,262304187662,부산광역시 부산진구 전포대로199번길,15,,2623010200106900007036381,현대타워,부산광역시 부산진구 전포대로199번길 15,614747,47297,,,,129.064281077364,35.1542298038177
MA010120220814062323,다미,,G2,소매,G221,기타 상품 소매,G22199,그 외 기타 상품 전문 소매업,G47859,그 외 기타 분류 안된 상품 전문 소매업,47,경상북도,47250,상주시,47250560,동성동,4725010100,성하동,4725010100100080013,1,대지,8,13,경상북도 상주시 성하동 8-13,472503311074,경상북도 상주시 왕산로,210,,4725010100100080013095839,,경상북도 상주시 왕산로 210,742030,37194,,,,128.162917528354,36.4149671524659
MA010120220814100606,티이씨,,G2,소매,G221,기타 상품 소매,G22199,그 외 기타 상품 전문 소매업,G47859,그 외 기타 분류 안된 상품 전문 소매업,11,서울특별시,11650,서초구,11650530,서초3동,1165010100,방배동,1165010100110010034,1,대지,1001,34,서울특별시 서초구 방배동 1001-34,116504163195,서울특별시 서초구 명달로9길,6,,1165010100110010034021320,,서울특별시 서초구 명달로9길 6,137073,06707,,6,,127.004285075268,37.4821228210292
MA010120220814011346,에이치에스환경,,G2,소매,G221,기타 상품 소매,G22199,그 외 기타 상품 전문 소매업,G47859,그 외 기타 분류 안된 상품 전문 소매업,41,경기도,41273,안산시 단원구,41273535,호수동,4127310100,고잔동,4127310100106820000,1,대지,682,,경기도 안산시 단원구 고잔동 682,412733191009,경기도 안산시 단원구 다리간로,4,,4127310100106820000001306,신양빌딩,경기도 안산시 단원구 다리간로 4,425802,15459,,4,,126.822276576955,37.3148499309097
MA010120220814040635,광주건재상,,G2,소매,G221,기타 상품 소매,G22199,그 외 기타 상품 전문 소매업,G47859,그 외 기타 분류 안된 상품 전문 소매업,29,광주광역시,29110,동구,29110525,충장동,2911010100,대인동,2911010100103070002,1,대지,307,2,광주광역시 동구 대인동 307-2,291103009002,광주광역시 동구 동계천로,57,,2911010100103070002018586,,광주광역시 동구 동계천로 57,501812,61428,,,,126.918181844992,35.1541080453834
MA010120220814043575,아쿠아플레이,,G2,소매,G221,기타 상품 소매,G22199,그 외 기타 상품 전문 소매업,G47859,그 외 기타 분류 안된 상품 전문 소매업,41,경기도,41360,남양주시,41360259,진건읍,4136025925,진건읍,4136025925100360014,1,대지,36,14,경기도 남양주시 진건읍 용정리 36-14,413604391276,경기도 남양주시 진건읍 독정로성지2길,80,18,4136025925100360014000001,,경기도 남양주시 진건읍 독정로성지2길 80-18,472835,12128,,,,127.194563773283,37.6843975976673
MA010120220814109119,슈뱅크,,G2,소매,G221,기타 상품 소매,G22199,그 외 기타 상품 전문 소매업,G47859,그 외 기타 분류 안된 상품 전문 소매업,41,경기도,41463,용인시 기흥구,41463510,신갈동,4146310100,신갈동,4146310100105440000,1,대지,544,,경기도 용인시 기흥구 신갈동 544,414634412185,경기도 용인시 기흥구 신정로237번길,33,,4146310100105440000000001,,경기도 용인시 기흥구 신정로237번길 33,446599,16945,,,,127.093613104221,37.2891587078599
MA010120220814111962,비타민,,G2,소매,G221,기타 상품 소매,G22199,그 외 기타 상품 전문 소매업,G47859,그 외 기타 분류 안된 상품 전문 소매업,47,경상북도,47850,칠곡군,47850250,왜관읍,4785025022,왜관읍,4785025022103650005,1,대지,365,5,경상북도 칠곡군 왜관읍 석전리 365-5,478503322010,경상북도 칠곡군 왜관읍 석전로,169,,4785025022103650005019910,,경상북도 칠곡군 왜관읍 석전로 169,718803,39875,,,,128.414334285783,36.0041189841382
MA010120220814157900,디케이이앤씨,,G2,소매,G221,기타 상품 소매,G22199,그 외 기타 상품 전문 소매업,G47859,그 외 기타 분류 안된 상품 전문 소매업,11,서울특별시,11530,구로구,11530720,고척1동,1153010600,고척동,1153010600101030004,1,대지,103,4,서울특별시 구로구 고척동 103-4,115304148466,서울특별시 구로구 중앙로3길,50,,1153010600101030004014178,비층,서울특별시 구로구 중앙로3길 50,152757,08225,,,,126.860131302035,37.4997268742436
MA010120220814030112,조이텍,,G2,소매,G221,기타 상품 소매,G22199,그 외 기타 상품 전문 소매업,G47859,그 외 기타 분류 안된 상품 전문 소매업,11,서울특별시,11710,송파구,11710642,문정2동,1171010800,문정동,1171010800106280000,1,대지,628,,서울특별시 송파구 문정동 628,117103123017,서울특별시 송파구 충민로,10,,1171010800104090003000001,디,서울특별시 송파구 충민로 10,138888,05840,,2,,127.119388027962,37.4782693339906
MA010120220814057860,마리텔,정읍점,G2,소매,G221,기타 상품 소매,G22199,그 외 기타 상품 전문 소매업,G47859,그 외 기타 분류 안된 상품 전문 소매업,52,전북특별자치도,52180,정읍시,52180545,시기동,5218010400,시기동,5218010400101850004,1,대지,185,4,전북특별자치도 정읍시 시기동 185-4,521804610882,전북특별자치도 정읍시 조곡천1길,80,,4518010400101850004081322,,전북특별자치도 정읍시 조곡천1길 80,580060,56162,,,,126.852903777574,35.5661789605865
MA010120220814060399,대성,,G2,소매,G221,기타 상품 소매,G22199,그 외 기타 상품 전문 소매업,G47859,그 외 기타 분류 안된 상품 전문 소매업,41,경기도,41150,의정부시,41150615,흥선동,4115011000,가능동,4115011000107450040,1,대지,745,40,경기도 의정부시 가능동 745-40,411504343122,경기도 의정부시 둔야로61번길,26,,4115011000107450040011918,,경기도 의정부시 둔야로61번길 26,480819,11672,,,,127.038075843475,37.7415024767322
MA010120220814082028,갈릴리산약초,,G2,소매,G221,기타 상품 소매,G22199,그 외 기타 상품 전문 소매업,G47859,그 외 기타 분류 안된 상품 전문 소매업,47,경상북도,47290,경산시,47290541,서부1동,4729010900,옥산동,4729010900107590008,1,대지,759,8,경상북도 경산시 옥산동 759-8,472904739047,경상북도 경산시 경산로40길,4,14,4729010900107590008006937,,경상북도 경산시 경산로40길 4-14,712800,38676,,,,128.726727142264,35.8249136489568
MA010120220814085203,장춘양봉원,,G2,소매,G221,기타 상품 소매,G22199,그 외 기타 상품 전문 소매업,G47859,그 외 기타 분류 안된 상품 전문 소매업,44,충청남도,44230,논산시,44230250,강경읍,4423025029,강경읍,4423025029100100094,1,대지,10,94,충청남도 논산시 강경읍 대흥리 10-94,442304565048,충청남도 논산시 강경읍 계백로133번길,9,7,4423025029100100094051847,,충청남도 논산시 강경읍 계백로133번길 9-7,320902,32936,,,,127.014324566869,36.1564454130182
MA010120220814129378,자연농산물,,G2,소매,G221,기타 상품 소매,G22199,그 외 기타 상품 전문 소매업,G47859,그 외 기타 분류 안된 상품 전문 소매업,43,충청북도,43114,청주시 청원구,43114510,우암동,4311410100,우암동,4311410100103780004,1,대지,378,4,충청북도 청주시 청원구 우암동 378-4,431143236045,충청북도 청주시 청원구 우암로,41,,4311111300103780004052714,,충청북도 청주시 청원구 우암로 41,363814,28480,,,,127.483991088577,36.652964344832
MA010120220814138706,효다함,,G2,소매,G221,기타 상품 소매,G22199,그 외 기타 상품 전문 소매업,G47859,그 외 기타 분류 안된 상품 전문 소매업,44,충청남도,44133,천안시 서북구,44133256,직산읍,4413325632,직산읍,4413325632102530000,1,대지,253,,충청남도 천안시 서북구 직산읍 신갈리 253,441334550009,충청남도 천안시 서북구 직산읍 4산단2길,20,3,4413325632102530000009353,,충청남도 천안시 서북구 직산읍 4산단2길 20-3,331814,31040,,1,,127.115585740473,36.8623383084598
MA010120220814162643,소피아성물,,G2,소매,G221,기타 상품 소매,G22199,그 외 기타 상품 전문 소매업,G47859,그 외 기타 분류 안된 상품 전문 소매업,52,전북특별자치도,52111,전주시 완산구,52111530,풍남동,5211110700,경원동3가,5211110700100750003,1,대지,75,3,전북특별자치도 전주시 완산구 경원동3가 75-3,521113266074,전북특별자치도 전주시 완산구 충경로,97,,4511110700100750003031142,,전북특별자치도 전주시 완산구 충경로 97,560023,55000,,,,127.149520751601,35.8195074672326
MA010120220814006516,태백불교사,,G2,소매,G221,기타 상품 소매,G22199,그 외 기타 상품 전문 소매업,G47859,그 외 기타 분류 안된 상품 전문 소매업,47,경상북도,47770,영덕군,47770250,영덕읍,4777025023,영덕읍,4777025023100250003,1,대지,25,3,경상북도 영덕군 영덕읍 남석리 25-3,477704754071,경상북도 영덕군 영덕읍 남석길,35,2,4777025023100250003000001,,경상북도 영덕군 영덕읍 남석길 35-2,766801,36440,,,,129.369094436098,36.4075035262483
MA010120220814006545,비주거용 건물 임대업,,G2,소매,G221,기타 상품 소매,G22199,그 외 기타 상품 전문 소매업,G47859,그 외 기타 분류 안된 상품 전문 소매업,52,전북특별자치도,52113,전주시 덕진구,52113641,송천1동,5211312200,송천동2가,5211312200113290001,1,대지,1329,1,전북특별자치도 전주시 덕진구 송천동2가 1329-1,521134854852,전북특별자치도 전주시 덕진구 세병2길,10,,4511312200113290001000001,에코시티상업,전북특별자치도 전주시 덕진구 세병2길 10,561302,55149,,4,,127.124573732775,35.8730795421147
MA010120220814014788,비주거용 건물 임대업,,G2,소매,G221,기타 상품 소매,G22199,그 외 기타 상품 전문 소매업,G47859,그 외 기타 분류 안된 상품 전문 소매업,11,서울특별시,11710,송파구,11710650,잠실본동,1171010100,잠실동,1171010100101830004,1,대지,183,4,서울특별시 송파구 잠실동 183-4,117104169204,서울특별시 송파구 백제고분로7길,49,,1171010100101830004000592,,서울특별시 송파구 백제고분로7길 49,138861,05558,,,,127.084331922215,37.5109430275482
MA010120220814060514,대건인삼약초사,,G2,소매,G221,기타 상품 소매,G22199,그 외 기타 상품 전문 소매업,G47859,그 외 기타 분류 안된 상품 전문 소매업,41,경기도,41273,안산시 단원구,41273590,선부2동,4127310900,선부동,4127310900110280000,1,대지,1028,,경기도 안산시 단원구 선부동 1028,412733191042,경기도 안산시 단원구 선이로,14,,4127310900110280000008010,안산제1종합시장,경기도 안산시 단원구 선이로 14,425828,15220,,지,,126.803624947959,37.342355953632
MA010120220814095936,대아소방펌프,,G2,소매,G221,기타 상품 소매,G22199,그 외 기타 상품 전문 소매업,G47859,그 외 기타 분류 안된 상품 전문 소매업,26,부산광역시,26230,부산진구,26230750,개금2동,2623011100,개금동,2623011100106330016,1,대지,633,16,부산광역시 부산진구 개금동 633-16,262304187772,부산광역시 부산진구 진사로83번길,47,,2623011100106330016015609,,부산광역시 부산진구 진사로83번길 47,614812,47395,,,,129.018700211347,35.14398582174
MA010120220814112442,프로모,,G2,소매,G221,기타 상품 소매,G22199,그 외 기타 상품 전문 소매업,G47422,의복 액세서리 및 모조 장신구 소매업,30,대전광역시,30170,서구,30170582,갈마2동,3017011100,갈마동,3017011100102740002,1,대지,274,2,대전광역시 서구 갈마동 274-2,301703010024,대전광역시 서구 계룡로,310,,3017011100102740002005466,,대전광역시 서구 계룡로 310,302172,35275,,5,,127.363547992437,36.3534532707702
MA010120220814120630,기계농자재철물,,G2,소매,G221,기타 상품 소매,G22199,그 외 기타 상품 전문 소매업,G47859,그 외 기타 분류 안된 상품 전문 소매업,47,경상북도,47113,포항시 북구,47113340,기계면,4711334021,기계면,4711334021100470000,1,대지,47,,경상북도 포항시 북구 기계면 현내리 47,471133304001,경상북도 포항시 북구 기계면 기계로,21,,4711334021100470000000001,,경상북도 포항시 북구 기계면 기계로 21,791824,37528,,,,129.213942156704,36.0688075118105
MA010120220814149995,엠엘디,,G2,소매,G221,기타 상품 소매,G22199,그 외 기타 상품 전문 소매업,G47859,그 외 기타 분류 안된 상품 전문 소매업,27,대구광역시,27140,동구,27140747,안심4동,2714012300,각산동,2714012300103740021,1,대지,374,21,대구광역시 동구 각산동 374-21,271403142015,대구광역시 동구 반야월북로,138,,2714012300103740021000001,가람빌딩,대구광역시 동구 반야월북로 138,701857,41126,,,,128.712690476373,35.8729915177013
MA010120220814153187,사천비연보존회,,G2,소매,G221,기타 상품 소매,G22199,그 외 기타 상품 전문 소매업,G47859,그 외 기타 분류 안된 상품 전문 소매업,48,경상남도,48240,사천시,48240250,사천읍,4824025023,사천읍,4824025023101710026,1,대지,171,26,경상남도 사천시 사천읍 평화리 171-26,482404802701,경상남도 사천시 사천읍 평화길,27,,4824025023101710026059440,,경상남도 사천시 사천읍 평화길 27,664808,52518,,,,128.088544548298,35.0812147804595
MA010120220814025273,지우소방,,G2,소매,G221,기타 상품 소매,G22199,그 외 기타 상품 전문 소매업,G47859,그 외 기타 분류 안된 상품 전문 소매업,30,대전광역시,30200,유성구,30200600,관평동,3020014400,용산동,3020014400105740000,1,대지,574,,대전광역시 유성구 용산동 574,302003167078,대전광역시 유성구 테크노8로,34,,3020014400105740000000001,,대전광역시 유성구 테크노8로 34,305509,34028,,,,127.401134952118,36.4224796739631
MA010120220814058156,닭꼬치굽는밤,본점,G2,소매,G221,기타 상품 소매,G22199,그 외 기타 상품 전문 소매업,G47859,그 외 기타 분류 안된 상품 전문 소매업,48,경상남도,48127,창원시 마산회원구,48127590,합성2동,4812710600,합성동,4812710600107330010,1,대지,733,10,경상남도 창원시 마산회원구 합성동 733-10,481274790358,경상남도 창원시 마산회원구 합성옛길,96,,4812710600107330010038970,,경상남도 창원시 마산회원구 합성옛길 96,630522,51361,,,,128.582298962768,35.2362252455894
MA010120220814093543,엘림타조,,G2,소매,G221,기타 상품 소매,G22199,그 외 기타 상품 전문 소매업,G47859,그 외 기타 분류 안된 상품 전문 소매업,11,서울특별시,11740,강동구,11740685,길동,1174010500,길동,1174010500101240004,1,대지,124,4,서울특별시 강동구 길동 124-4,117404172396,서울특별시 강동구 천호대로197길,37,,1174010500101240004002354,비,서울특별시 강동구 천호대로197길 37,134809,05345,,,,127.146717075182,37.5377048324321
MA010120220814153800,미래소방,,G2,소매,G221,기타 상품 소매,G22199,그 외 기타 상품 전문 소매업,G47859,그 외 기타 분류 안된 상품 전문 소매업,50,제주특별자치도,50110,제주시,50110600,화북동,5011011100,화북일동,5011011100119670023,1,대지,1967,23,제주특별자치도 제주시 화북일동 1967-23,501104848814,제주특별자치도 제주시 진동로5길,38,,5011011100119670023052587,,제주특별자치도 제주시 진동로5길 38,690839,63289,,1,,126.567028392878,33.5215535970276
MA010120220814047048,대동마대,,G2,소매,G221,기타 상품 소매,G22199,그 외 기타 상품 전문 소매업,G47859,그 외 기타 분류 안된 상품 전문 소매업,44,충청남도,44825,태안군,44825250,태안읍,4482525021,태안읍,4482525021102870004,1,대지,287,4,충청남도 태안군 태안읍 동문리 287-4,448254592177,충청남도 태안군 태안읍 시장5길,43,,4482525021102870026015573,,충청남도 태안군 태안읍 시장5길 43,357905,32143,,,,126.299521211108,36.7521813107462
MA010120220814101532,리버티,온천점,G2,소매,G221,기타 상품 소매,G22199,그 외 기타 상품 전문 소매업,G47859,그 외 기타 분류 안된 상품 전문 소매업,44,충청남도,44200,아산시,44200580,온양2동,4420010100,온천동,4420010100104930000,1,대지,493,,충청남도 아산시 온천동 493,442004559620,충청남도 아산시 온화로11번길,6,,4420010100104930000040280,,충청남도 아산시 온화로11번길 6,336819,31570,,1,,126.999092632797,36.7784471249814
MA010120220814155435,대명,,G2,소매,G221,기타 상품 소매,G22199,그 외 기타 상품 전문 소매업,G47859,그 외 기타 분류 안된 상품 전문 소매업,41,경기도,41113,수원시 권선구,41113560,서둔동,4111313300,탑동,4111313300100230010,1,대지,23,10,경기도 수원시 권선구 탑동 23-10,411133175024,경기도 수원시 권선구 서둔로,231,2,4111313300100230010021525,,경기도 수원시 권선구 서둔로 231-2,441853,16605,,,,126.978927416568,37.2721371703501
MA010120220814017942,영우eng,,G2,소매,G221,기타 상품 소매,G22199,그 외 기타 상품 전문 소매업,G47859,그 외 기타 분류 안된 상품 전문 소매업,41,경기도,41271,안산시 상록구,41271580,월피동,4127110700,부곡동,4127110700107290002,1,대지,729,2,경기도 안산시 상록구 부곡동 729-2,412714370308,경기도 안산시 상록구 시낭북로4길,16,,4127110700107290002006356,,경기도 안산시 상록구 시낭북로4길 16,426829,15277,,,,126.859456604784,37.3344523269649
MA010120220814036332,삼송이엔씨,,G2,소매,G221,기타 상품 소매,G22199,그 외 기타 상품 전문 소매업,G47859,그 외 기타 분류 안된 상품 전문 소매업,11,서울특별시,11260,중랑구,11260680,신내1동,1126010600,신내동,1126010600102620001,1,대지,262,1,서울특별시 중랑구 신내동 262-1,112604118591,서울특별시 중랑구 신내역로3길,40,36,1126010600102620001000001,신내데시앙플렉스지식산업센터,서울특별시 중랑구 신내역로3길 40-36,131865,02055,,3,,127.104047226614,37.6173979951332
MA010120220814077206,태양유통성인용품,,G2,소매,G221,기타 상품 소매,G22199,그 외 기타 상품 전문 소매업,G47859,그 외 기타 분류 안된 상품 전문 소매업,48,경상남도,48330,양산시,48330510,중앙동,4833010400,북부동,4833010400104390001,1,대지,439,1,경상남도 양산시 북부동 439-1,483303338098,경상남도 양산시 중앙로,155,,4833010400104390001058855,,경상남도 양산시 중앙로 155,626800,50619,,2,,129.037998438976,35.3445301304608
MA010120220814110170,괴산농약사,,G2,소매,G221,기타 상품 소매,G22199,그 외 기타 상품 전문 소매업,G47859,그 외 기타 분류 안된 상품 전문 소매업,43,충청북도,43760,괴산군,43760250,괴산읍,4376025021,괴산읍,4376025021106610034,1,대지,661,34,충청북도 괴산군 괴산읍 동부리 661-34,437604538585,충청북도 괴산군 괴산읍 읍내로2길,58,1,4376025021106610035203630,,충청북도 괴산군 괴산읍 읍내로2길 58-1,367805,28030,,,,127.793137683063,36.8093777193405
MA010120220814121179,와일드진생,,G2,소매,G221,기타 상품 소매,G22199,그 외 기타 상품 전문 소매업,G47859,그 외 기타 분류 안된 상품 전문 소매업,51,강원특별자치도,51110,춘천시,51110350,서면,5111035022,서면,5111035022106100001,1,대지,610,1,강원특별자치도 춘천시 서면 금산리 610-1,511104454098,강원특별자치도 춘천시 서면 금산2길,38,,4211035022106100001038871,,강원특별자치도 춘천시 서면 금산2길 38,200831,24461,,1,,127.701211650762,37.9036732680392
MA010120220813990612,금산수삼도소매센터법인,,G2,소매,G221,기타 상품 소매,G22199,그 외 기타 상품 전문 소매업,G47859,그 외 기타 분류 안된 상품 전문 소매업,44,충청남도,44710,금산군,44710250,금산읍,4471025028,금산읍,4471025028100540001,1,대지,54,1,충청남도 금산군 금산읍 양지리 54-1,447104571417,충청남도 금산군 금산읍 양지장동길,22,1,4471025028100540001013742,,충청남도 금산군 금산읍 양지장동길 22-1,312805,32743,,,,127.461589222738,36.1021241821689
MA010120220813996454,모발란스,,G2,소매,G221,기타 상품 소매,G22199,그 외 기타 상품 전문 소매업,G47422,의복 액세서리 및 모조 장신구 소매업,11,서울특별시,11350,노원구,11350695,상계6.7동,1135010500,상계동,1135010500107250004,1,대지,725,4,서울특별시 노원구 상계동 725-4,113504130213,서울특별시 노원구 동일로218길,41,,1135010500107250004000881,영보빌딩,서울특별시 노원구 동일로218길 41,139832,01751,,3,,127.063177588834,37.6541781397201
MA010120220814115917,동서하이텍,,G2,소매,G221,기타 상품 소매,G22199,그 외 기타 상품 전문 소매업,G47859,그 외 기타 분류 안된 상품 전문 소매업,41,경기도,41650,포천시,41650310,군내면,4165031022,군내면,4165031022100060019,1,대지,6,19,경기도 포천시 군내면 용정리 6-19,416503213057,경기도 포천시 군내면 용두로,71,,4165031022100060019026762,,경기도 포천시 군내면 용두로 71,487874,11154,,3,,127.221467599695,37.8713087457377
MA010120220814139665,승진안전소방,,G2,소매,G221,기타 상품 소매,G22199,그 외 기타 상품 전문 소매업,G47859,그 외 기타 분류 안된 상품 전문 소매업,26,부산광역시,26290,남구,26290530,대연3동,2629010600,대연동,2629010600105370006,1,대지,537,6,부산광역시 남구 대연동 537-6,262904193149,부산광역시 남구 수영로266번길,121,6,2629010600105370006001249,,부산광역시 남구 수영로266번길 121-6,608810,48500,,,,129.100782777041,35.1323168345066
MA010120220814146544,신풍농약사,,G2,소매,G221,기타 상품 소매,G22199,그 외 기타 상품 전문 소매업,G47859,그 외 기타 분류 안된 상품 전문 소매업,52,전북특별자치도,52730,무주군,52730320,설천면,5273032024,설천면,5273032024109040011,1,대지,904,11,전북특별자치도 무주군 설천면 소천리 904-11,527303275022,전북특별자치도 무주군 설천면 무설로,1580,,4573032024110310007014992,,전북특별자치도 무주군 설천면 무설로 1580,568816,55548,,,,127.78677996745,36.0096883914114
MA010120220814018211,대전약초,,G2,소매,G221,기타 상품 소매,G22199,그 외 기타 상품 전문 소매업,G47859,그 외 기타 분류 안된 상품 전문 소매업,30,대전광역시,30110,동구,30110665,성남동,3011011600,성남동,3011011600100120029,1,대지,12,29,대전광역시 동구 성남동 12-29,301104292210,대전광역시 동구 동서대로1692번길,136,,3011011600100120029011268,,대전광역시 동구 동서대로1692번길 136,300817,34589,,1,,127.437989084747,36.3432186005316
MA010120220814031277,포곡농약종묘사,,G2,소매,G221,기타 상품 소매,G22199,그 외 기타 상품 전문 소매업,G47859,그 외 기타 분류 안된 상품 전문 소매업,41,경기도,41461,용인시 처인구,41461250,포곡읍,4146125023,포곡읍,4146125023101970010,1,대지,197,10,경기도 용인시 처인구 포곡읍 둔전리 197-10,414613203129,경기도 용인시 처인구 포곡읍 포곡로,155,,4146125023101970010037561,,경기도 용인시 처인구 포곡읍 포곡로 155,449812,17027,,,,127.221369175051,37.2721663469745
MA010120220814036705,로코붙임머리,,G2,소매,G221,기타 상품 소매,G22199,그 외 기타 상품 전문 소매업,G47859,그 외 기타 분류 안된 상품 전문 소매업,41,경기도,41285,고양시 일산동구,41285552,백석2동,4128510600,백석동,4128510600113350000,1,대지,1335,,경기도 고양시 일산동구 백석동 1335,412853192094,경기도 고양시 일산동구 중앙로,1079,,4128510600113350000004105,백석역더리브스타일,경기도 고양시 일산동구 중앙로 1079,410817,10447,,,,126.78456540811,37.6450515923354
MA010120220814091519,블랙하우스,,G2,소매,G221,기타 상품 소매,G22199,그 외 기타 상품 전문 소매업,G47859,그 외 기타 분류 안된 상품 전문 소매업,41,경기도,41630,양주시,41630520,양주2동,4163010600,광사동,4163010600103790008,1,대지,379,8,경기도 양주시 광사동 379-8,416303206116,경기도 양주시 부흥로,1844,3,4163010600103790008005900,,경기도 양주시 부흥로 1844-3,482030,11489,,,,127.070773934777,37.7892115127959
MA010120220814121600,하나아그로,,G2,소매,G221,기타 상품 소매,G22199,그 외 기타 상품 전문 소매업,G47859,그 외 기타 분류 안된 상품 전문 소매업,47,경상북도,47170,안동시,47170380,임하면,4717038027,임하면,4717038027101680002,1,대지,168,2,경상북도 안동시 임하면 오대리 168-2,471704721831,경상북도 안동시 임하면 오대1길,42,,4717038027101680002005608,,경상북도 안동시 임하면 오대1길 42,760831,36731,,,,128.895634899588,36.4790150013476
MA010120220814023416,박재석가발,,G2,소매,G221,기타 상품 소매,G22199,그 외 기타 상품 전문 소매업,G47422,의복 액세서리 및 모조 장신구 소매업,27,대구광역시,27230,북구,27230770,읍내동,2723011800,읍내동,2723011800113810018,1,대지,1381,18,대구광역시 북구 읍내동 1381-18,272303145012,대구광역시 북구 구암로,99,,2723011800113810018023516,,대구광역시 북구 구암로 99,702850,41438,,2,,128.551583898224,35.9325117604833
MA010120220814162199,전원,,G2,소매,G221,기타 상품 소매,G22199,그 외 기타 상품 전문 소매업,G47859,그 외 기타 분류 안된 상품 전문 소매업,44,충청남도,44710,금산군,44710250,금산읍,4471025022,금산읍,4471025022100080001,1,대지,8,1,충청남도 금산군 금산읍 중도리 8-1,447103257044,충청남도 금산군 금산읍 인삼약초로,45,,4471025022100080001020658,,충청남도 금산군 금산읍 인삼약초로 45,312806,32739,,,,127.498324032177,36.1019590115178
MA010120220814163213,심마니약초,,G2,소매,G221,기타 상품 소매,G22199,그 외 기타 상품 전문 소매업,G47859,그 외 기타 분류 안된 상품 전문 소매업,52,전북특별자치도,52720,진안군,52720250,진안읍,5272025021,진안읍,5272025021104060007,1,대지,406,7,전북특별자치도 진안군 진안읍 군상리 406-7,527204622198,전북특별자치도 진안군 진안읍 시장1길,16,,4572025021104060007007836,,전북특별자치도 진안군 진안읍 시장1길 16,567804,55430,,,,127.429626736778,35.7926422225725
MA010120220814013070,율이네작업실,,G2,소매,G221,기타 상품 소매,G22199,그 외 기타 상품 전문 소매업,G47859,그 외 기타 분류 안된 상품 전문 소매업,52,전북특별자치도,52710,완주군,52710253,봉동읍,5271025328,봉동읍,5271025328102800001,1,대지,280,1,전북특별자치도 완주군 봉동읍 장기리 280-1,527103273010,전북특별자치도 완주군 봉동읍 낙평장기로,53,,4571025328102800001007169,,전북특별자치도 완주군 봉동읍 낙평장기로 53,565907,55328,,1,,127.162751148479,35.9365267355443
MA010120220814026231,더이음,,G2,소매,G221,기타 상품 소매,G22199,그 외 기타 상품 전문 소매업,G47859,그 외 기타 분류 안된 상품 전문 소매업,50,제주특별자치도,50110,제주시,50110540,이도2동,5011010400,이도이동,5011010400110570005,1,대지,1057,5,제주특별자치도 제주시 이도이동 1057-5,501104847092,제주특별자치도 제주시 고산동산5길,3,1,5011010400110570005065446,,제주특별자치도 제주시 고산동산5길 3-1,690825,63210,,2,,126.533388468901,33.4958262452042
MA010120220814048071,다노,,G2,소매,G221,기타 상품 소매,G22199,그 외 기타 상품 전문 소매업,G47859,그 외 기타 분류 안된 상품 전문 소매업,47,경상북도,47130,경주시,47130530,황오동,4713010500,황오동,4713010500102450011,1,대지,245,11,경상북도 경주시 황오동 245-11,471304716215,경상북도 경주시 태종로791번길,22,3,4713010500102450011007080,,경상북도 경주시 태종로791번길 22-3,780958,38153,,1,,129.215000091866,35.8427917154273
MA0101202311A0001492,더믿음,,G2,소매,G221,기타 상품 소매,G22199,그 외 기타 상품 전문 소매업,G47859,그 외 기타 분류 안된 상품 전문 소매업,41,경기도,41281,고양시 덕양구,41281530,흥도동,4128110400,원흥동,4128110400106350000,1,대지,635,,경기도 고양시 덕양구 원흥동 635,412813192101,경기도 고양시 덕양구 권율대로,690,,4128110400106350000000001,원흥역동원로얄듀크비스타삼송2차,경기도 고양시 덕양구 권율대로 690,412040,10558,,1,,126.875634175609,37.6504715130205
MA0101202406A0140340,크로스,,G2,소매,G221,기타 상품 소매,G22199,그 외 기타 상품 전문 소매업,G47859,그 외 기타 분류 안된 상품 전문 소매업,41,경기도,41271,안산시 상록구,41271550,본오2동,4127110400,본오동,4127110400108710005,1,대지,871,5,경기도 안산시 상록구 본오동 871-5,412713190036,경기도 안산시 상록구 샘골로,136,,4127110400108710005043585,우남빌딩,경기도 안산시 상록구 샘골로 136,426814,15541,,2,,126.863329268246,37.2958385602666
MA0101202406A0128058,라탄하우스,,G2,소매,G221,기타 상품 소매,G22199,그 외 기타 상품 전문 소매업,G47859,그 외 기타 분류 안된 상품 전문 소매업,41,경기도,41113,수원시 권선구,41113560,서둔동,4111313300,탑동,4111313300107510003,1,대지,751,3,경기도 수원시 권선구 탑동 751-3,411134325145,경기도 수원시 권선구 금호로200번길,9,14,4111313300107510003026537,세종아트빌,경기도 수원시 권선구 금호로200번길 9-14,441100,16603,,1,,126.972838221008,37.2743885317076
MA0101202406A0017268,이룸몰,,G2,소매,G221,기타 상품 소매,G22199,그 외 기타 상품 전문 소매업,G47859,그 외 기타 분류 안된 상품 전문 소매업,52,전북특별자치도,52111,전주시 완산구,52111510,중앙동,5211111900,태평동,5211111900100360001,1,대지,36,1,전북특별자치도 전주시 완산구 태평동 36-1,521114598369,전북특별자치도 전주시 완산구 태평3길,70,,4511111900100380001031292,중앙상가,전북특별자치도 전주시 완산구 태평3길 70,560773,54996,,2,,127.142448868237,35.8252210291403
MA0101202410A0341472,한국청년임업회,,G2,소매,G221,기타 상품 소매,G22199,그 외 기타 상품 전문 소매업,G47859,그 외 기타 분류 안된 상품 전문 소매업,51,강원특별자치도,51130,원주시,51130330,지정면,5113033023,지정면,5113033023114930000,1,대지,1493,,강원특별자치도 원주시 지정면 가곡리 1493,511303350535,강원특별자치도 원주시 지정면 가곡로,132,,4213033023114930000000001,원주기업도시라온프라이빗,강원특별자치도 원주시 지정면 가곡로 132,220821,26352,,3,,127.874736008941,37.3842088716115
MA0101202410A0343927,자연산약초세상,,G2,소매,G221,기타 상품 소매,G22199,그 외 기타 상품 전문 소매업,G47859,그 외 기타 분류 안된 상품 전문 소매업,51,강원특별자치도,51770,정선군,51770370,여량면,5177037023,여량면,5177037023103020002,1,대지,302,2,강원특별자치도 정선군 여량면 구절리 302-2,517704487042,강원특별자치도 정선군 여량면 구절양지말길,30,,4277037023103020002039998,노추산아파트,강원특별자치도 정선군 여량면 구절양지말길 30,233842,26104,,1,,128.734524309013,37.5191555922364
MA0101202406A0292671,신성Healthy,,G2,소매,G221,기타 상품 소매,G22199,그 외 기타 상품 전문 소매업,G47859,그 외 기타 분류 안된 상품 전문 소매업,31,울산광역시,31140,남구,31140560,달동,3114010500,달동,3114010500108190006,1,대지,819,6,울산광역시 남구 달동 819-6,311403170014,울산광역시 남구 도산로,9,,3114010500108190006039964,이진빌라,울산광역시 남구 도산로 9,680803,44722,,1,,129.317132040398,35.5328881859464
MA0101202406A0500629,청각관리센터소리대장간진접,,G2,소매,G221,기타 상품 소매,G22199,그 외 기타 상품 전문 소매업,G47859,그 외 기타 분류 안된 상품 전문 소매업,41,경기도,41360,남양주시,41360253,진접읍,4136025321,진접읍,4136025321107100000,1,대지,710,,경기도 남양주시 진접읍 장현리 710,413603000121,경기도 남양주시 진접읍 금강로,1530,14,4136025321107100000000001,진접하우스토리,경기도 남양주시 진접읍 금강로 1530-14,472869,12010,,1,,127.193590906587,37.724447472037
MA0101202409A0000036,그외기타상품전문소매업,,G2,소매,G221,기타 상품 소매,G22199,그 외 기타 상품 전문 소매업,G47859,그 외 기타 분류 안된 상품 전문 소매업,52,전북특별자치도,52210,김제시,52210540,검산동,5221010400,검산동,5221010400105260000,1,대지,526,,전북특별자치도 김제시 검산동 526,522103272074,전북특별자치도 김제시 풍요로,25,,4521010400105260000000001,김제대검산LH아파트,전북특별자치도 김제시 풍요로 25,576800,54369,,5,,126.909832136551,35.8033889928341
MA0101202410A0254959,푸른화원,,G2,소매,G221,기타 상품 소매,G22199,그 외 기타 상품 전문 소매업,G47859,그 외 기타 분류 안된 상품 전문 소매업,11,서울특별시,11140,중구,11140590,광희동,1114013200,충무로4가,1114013200101200003,1,대지,120,3,서울특별시 중구 충무로4가 120-3,111403101011,서울특별시 중구 퇴계로,217,,1114013200101200003015733,진양상가,서울특별시 중구 퇴계로 217,100713,04558,,3,,126.995936697295,37.5624292011506
MA0101202409A0023987,브레인핏,,G2,소매,G221,기타 상품 소매,G22199,그 외 기타 상품 전문 소매업,G47859,그 외 기타 분류 안된 상품 전문 소매업,11,서울특별시,11230,동대문구,11230720,휘경1동,1123010900,휘경동,1123010900100780000,1,대지,78,,서울특별시 동대문구 휘경동 78,112303005032,서울특별시 동대문구 망우로,95,,1123010900100780000009895,롯데,서울특별시 동대문구 망우로 95,130779,02436,,1,,127.063973511377,37.5911896948407
MA0101202409A0024469,써니샵,,G2,소매,G221,기타 상품 소매,G22199,그 외 기타 상품 전문 소매업,G47859,그 외 기타 분류 안된 상품 전문 소매업,28,인천광역시,28260,서구,28260550,석남1동,2826011000,석남동,2826011000104620000,1,대지,462,,인천광역시 서구 석남동 462,282604268449,인천광역시 서구 신석로111번길,38,,2826011000104620000015508,위드빌,인천광역시 서구 신석로111번길 38,404824,22784,,1,,126.674821728603,37.5132285355054
MA0101202406A0228826,길.이다,,G2,소매,G221,기타 상품 소매,G22199,그 외 기타 상품 전문 소매업,G47859,그 외 기타 분류 안된 상품 전문 소매업,11,서울특별시,11680,강남구,11680670,개포2동,1168010300,개포동,1168010300101700000,1,대지,170,,서울특별시 강남구 개포동 170,116804166457,서울특별시 강남구 선릉로12길,5,,1168010300101700000019441,명칭없음,서울특별시 강남구 선릉로12길 5,135800,06325,,2,,127.0603088524,37.4836482316462
MA0101202409A0244634,중고폰뱅크진주점중고폰매입선불폰아이폰수리,,G2,소매,G221,기타 상품 소매,G22199,그 외 기타 상품 전문 소매업,G47859,그 외 기타 분류 안된 상품 전문 소매업,48,경상남도,48170,진주시,48170515,천전동,4817010300,강남동,4817010300103870000,1,대지,387,,경상남도 진주시 강남동 387,481704797350,경상남도 진주시 진주대로891번길,56,,4817010300101810001000001,진주강남동일동미라주,경상남도 진주시 진주대로891번길 56,660250,52709,,1,,128.087703252123,35.1837281365235
MA0101202406A0576742,가리온,,G2,소매,G221,기타 상품 소매,G22199,그 외 기타 상품 전문 소매업,G47859,그 외 기타 분류 안된 상품 전문 소매업,52,전북특별자치도,52140,익산시,52140570,동산동,5214011100,동산동,5214011100111390000,1,대지,1139,,전북특별자치도 익산시 동산동 1139,521403269009,전북특별자치도 익산시 동천로,25,,4514011100111390000000001,동산여울휴먼시아2단지,전북특별자치도 익산시 동천로 25,570961,54608,,3,,126.964429692067,35.9295570267151
MA0101202409A0009334,두리방재,,G2,소매,G221,기타 상품 소매,G22199,그 외 기타 상품 전문 소매업,G47859,그 외 기타 분류 안된 상품 전문 소매업,46,전라남도,46110,목포시,46110595,목원동,4611010700,남교동,4611010700100890019,1,대지,89,19,전라남도 목포시 남교동 89-19,461103281093,전라남도 목포시 호남로,36,,4611010700100890019036653,남교빌라,전라남도 목포시 호남로 36,530310,58724,,1,,126.382622971697,34.7947101416864
MA0101202409A0116478,그외기타상품전문소매업,,G2,소매,G221,기타 상품 소매,G22199,그 외 기타 상품 전문 소매업,G47859,그 외 기타 분류 안된 상품 전문 소매업,11,서울특별시,11470,양천구,11470530,목3동,1147010200,목동,1147010200106550010,1,대지,655,10,서울특별시 양천구 목동 655-10,114704142136,서울특별시 양천구 목동중앙남로16마길,41,5,1147010200106550010022037,동원씨티빌,서울특별시 양천구 목동중앙남로16마길 41-5,158812,07951,,4,,126.863814074189,37.5454570290758
MA0101202409A0095623,시리몰,,G2,소매,G221,기타 상품 소매,G22199,그 외 기타 상품 전문 소매업,G47859,그 외 기타 분류 안된 상품 전문 소매업,28,인천광역시,28185,연수구,28185830,송도2동,2818510600,송도동,2818510600100210060,1,대지,21,60,인천광역시 연수구 송도동 21-60,281852152004,인천광역시 연수구 컨벤시아대로,80,,2818510600100210060000004,인천송도힐스테이트4단지,인천광역시 연수구 컨벤시아대로 80,406779,22002,,1,,126.649094120728,37.3961048756546
MA0101202406A0194335,유성,,G2,소매,G221,기타 상품 소매,G22199,그 외 기타 상품 전문 소매업,G47859,그 외 기타 분류 안된 상품 전문 소매업,41,경기도,41285,고양시 일산동구,41285540,풍산동,4128510700,풍동,4128510700106050033,1,대지,605,33,경기도 고양시 일산동구 풍동 605-33,412853193006,경기도 고양시 일산동구 고풍로,182,7,4128510700106050033000001,빛가람,경기도 고양시 일산동구 고풍로 182-7,410842,10302,,4,,126.795544220808,37.6742809086664
MA0101202408A0051087,산삼당,,G2,소매,G221,기타 상품 소매,G22199,그 외 기타 상품 전문 소매업,G47859,그 외 기타 분류 안된 상품 전문 소매업,48,경상남도,48240,사천시,48240550,벌용동,4824010800,벌리동,4824010800102470002,1,대지,247,2,경상남도 사천시 벌리동 247-2,482404802268,경상남도 사천시 벌리5길,12,12,4824010800102470002016510,경상월드텔,경상남도 사천시 벌리5길 12-12,664833,52559,,1,,128.084339706607,34.9388699332463
MA0101202409A0056268,신선황미,,G2,소매,G221,기타 상품 소매,G22199,그 외 기타 상품 전문 소매업,G47859,그 외 기타 분류 안된 상품 전문 소매업,26,부산광역시,26320,북구,26320510,구포1동,2632010500,구포동,2632010500104320006,1,대지,432,6,부산광역시 북구 구포동 432-6,263204196093,부산광역시 북구 낙동대로1762번길,55,,2632010500104320006011529,서원하이츠,부산광역시 북구 낙동대로1762번길 55,616801,46583,,2,,129.001085273134,35.2073150139675
MA0101202409A0099904,절대생명진아네스터디창조방,,G2,소매,G221,기타 상품 소매,G22199,그 외 기타 상품 전문 소매업,G47859,그 외 기타 분류 안된 상품 전문 소매업,11,서울특별시,11110,종로구,11110710,숭인2동,1111017500,숭인동,1111017500108140015,1,대지,814,15,서울특별시 종로구 숭인동 814-15,111104100200,서울특별시 종로구 숭인동1길,27,,1111017500108140015032069,신성주택,서울특별시 종로구 숭인동1길 27,110827,03112,,1,,127.020444881419,37.5765731299316
MA0101202410A0040767,금산수삼센터81호,,G2,소매,G221,기타 상품 소매,G22199,그 외 기타 상품 전문 소매업,G47859,그 외 기타 분류 안된 상품 전문 소매업,44,충청남도,44710,금산군,44710250,금산읍,4471025022,금산읍,4471025022100240000,1,대지,24,,충청남도 금산군 금산읍 중도리 24,447103257044,충청남도 금산군 금산읍 인삼약초로,24,,4471025022100240000017736,,충청남도 금산군 금산읍 인삼약초로 24,312806,32739,,,,127.496358187934,36.1001557428811
MA0101202410A0052035,한우리,,G2,소매,G221,기타 상품 소매,G22199,그 외 기타 상품 전문 소매업,G47859,그 외 기타 분류 안된 상품 전문 소매업,41,경기도,41285,고양시 일산동구,41285580,장항1동,4128510400,장항동,4128510400106340010,1,대지,634,10,경기도 고양시 일산동구 장항동 634-10,412854379075,경기도 고양시 일산동구 멱절길,260,41,4128510400106340010005557,,경기도 고양시 일산동구 멱절길 260-41,410835,10397,,,,126.748341338382,37.6548906730065
MA0101202410A0055420,금산수삼센터37호,,G2,소매,G221,기타 상품 소매,G22199,그 외 기타 상품 전문 소매업,G47859,그 외 기타 분류 안된 상품 전문 소매업,44,충청남도,44710,금산군,44710250,금산읍,4471025022,금산읍,4471025022100240000,1,대지,24,,충청남도 금산군 금산읍 중도리 24,447103257044,충청남도 금산군 금산읍 인삼약초로,24,,4471025022100240000017736,금산수삼센터,충청남도 금산군 금산읍 인삼약초로 24,312806,32739,,,,127.496358187934,36.1001557428811
MA0101202410A0060426,영이약초,,G2,소매,G221,기타 상품 소매,G22199,그 외 기타 상품 전문 소매업,G47859,그 외 기타 분류 안된 상품 전문 소매업,41,경기도,41133,성남시 중원구,41133510,성남동,4113310100,성남동,4113310100149310000,1,대지,4931,,경기도 성남시 중원구 성남동 4931,411332179001,경기도 성남시 중원구 둔촌대로,68,,4113310100149310000000001,,경기도 성남시 중원구 둔촌대로 68,462829,13383,,,,127.126654182249,37.4293367839759
MA0101202410A0058486,금산인삼,,G2,소매,G221,기타 상품 소매,G22199,그 외 기타 상품 전문 소매업,G47859,그 외 기타 분류 안된 상품 전문 소매업,11,서울특별시,11470,양천구,11470560,신월1동,1147010300,신월동,1147010300101150007,1,대지,115,7,서울특별시 양천구 신월동 115-7,114704142015,서울특별시 양천구 곰달래로13길,24,,1147010300101150007014941,,서울특별시 양천구 곰달래로13길 24,158827,07923,,,,126.836538415611,37.5319885228855
MA0101202410A0059665,금산인삼,,G2,소매,G221,기타 상품 소매,G22199,그 외 기타 상품 전문 소매업,G47859,그 외 기타 분류 안된 상품 전문 소매업,44,충청남도,44710,금산군,44710250,금산읍,4471025022,금산읍,4471025022100340005,1,대지,34,5,충청남도 금산군 금산읍 중도리 34-5,447103257044,충청남도 금산군 금산읍 인삼약초로,36,1,4471025022100340005020596,,충청남도 금산군 금산읍 인삼약초로 36-1,312806,32739,,,,127.496926904889,36.1005318930997
MA0101202410A0060531,수삼센타5호,,G2,소매,G221,기타 상품 소매,G22199,그 외 기타 상품 전문 소매업,G47859,그 외 기타 분류 안된 상품 전문 소매업,44,충청남도,44710,금산군,44710250,금산읍,4471025022,금산읍,4471025022100240000,1,대지,24,,충청남도 금산군 금산읍 중도리 24,447103257044,충청남도 금산군 금산읍 인삼약초로,24,,4471025022100240000017736,,충청남도 금산군 금산읍 인삼약초로 24,312806,32739,,,,127.496358187934,36.1001557428811
MA0101202410A0076697,신토불이산삼.약초,,G2,소매,G221,기타 상품 소매,G22199,그 외 기타 상품 전문 소매업,G47859,그 외 기타 분류 안된 상품 전문 소매업,28,인천광역시,28177,미추홀구,28177630,주안2동,2817710500,주안동,2817710500104810023,1,대지,481,23,인천광역시 미추홀구 주안동 481-23,281772008003,인천광역시 미추홀구 미추홀대로,653,,2817010600104810023061587,,인천광역시 미추홀구 미추홀대로 653,402844,22155,,,,126.679783602489,37.4557940249745
MA0101202410A0059952,금산약초,,G2,소매,G221,기타 상품 소매,G22199,그 외 기타 상품 전문 소매업,G47859,그 외 기타 분류 안된 상품 전문 소매업,30,대전광역시,30140,중구,30140640,부사동,3014011100,부사동,3014011100101020008,1,대지,102,8,대전광역시 중구 부사동 102-8,301404295144,대전광역시 중구 대종로316번길,25,,3014011100101020008007985,,대전광역시 중구 대종로316번길 25,301815,35032,,,,127.435723606983,36.3144613333604
MA0101202409A0268659,대산삼,,G2,소매,G221,기타 상품 소매,G22199,그 외 기타 상품 전문 소매업,G47859,그 외 기타 분류 안된 상품 전문 소매업,52,전북특별자치도,52130,군산시,52130550,신풍동,5213011000,문화동,5213011000109200008,1,대지,920,8,전북특별자치도 군산시 문화동 920-8,521303268023,전북특별자치도 군산시 대학로,218,,4513011000109200008027393,,전북특별자치도 군산시 대학로 218,573874,54112,,2,,126.700258928396,35.9730242945365
MA0101202410A0057381,고려인삼,,G2,소매,G221,기타 상품 소매,G22199,그 외 기타 상품 전문 소매업,G47859,그 외 기타 분류 안된 상품 전문 소매업,11,서울특별시,11470,양천구,11470611,신월7동,1147010300,신월동,1147010300109210001,1,대지,921,1,서울특별시 양천구 신월동 921-1,114703114013,서울특별시 양천구 지양로,82,,1147010300109210001007634,세지상가,서울특별시 양천구 지양로 82,158845,08034,,1,,126.833085775722,37.5227033837745
MA0101202410A0015416,금산인삼,,G2,소매,G221,기타 상품 소매,G22199,그 외 기타 상품 전문 소매업,G47859,그 외 기타 분류 안된 상품 전문 소매업,11,서울특별시,11170,용산구,11170530,남영동,1117010500,남영동,1117010500101140003,1,대지,114,3,서울특별시 용산구 남영동 114-3,111704106448,서울특별시 용산구 한강대로72길,17,13,1117010500101140003024126,금산인삼,서울특별시 용산구 한강대로72길 17-13,140160,04352,,,,126.974122160601,37.5412529780057
MA0101202410A0022220,고려인삼,,G2,소매,G221,기타 상품 소매,G22199,그 외 기타 상품 전문 소매업,G47859,그 외 기타 분류 안된 상품 전문 소매업,11,서울특별시,11560,영등포구,11560535,영등포동,1156010600,영등포동5가,1156010600100180001,1,대지,18,1,서울특별시 영등포구 영등포동5가 18-1,115603118022,서울특별시 영등포구 영등포로,225,,1156010600100180001034891,,서울특별시 영등포구 영등포로 225,150030,07250,,1,,126.906653653063,37.5199192522038
MA0101202410A0022221,개성인삼센터,,G2,소매,G221,기타 상품 소매,G22199,그 외 기타 상품 전문 소매업,G47859,그 외 기타 분류 안된 상품 전문 소매업,11,서울특별시,11560,영등포구,11560535,영등포동,1156010600,영등포동5가,1156010600100180001,1,대지,18,1,서울특별시 영등포구 영등포동5가 18-1,115603118022,서울특별시 영등포구 영등포로,225,,1156010600100180001034891,,서울특별시 영등포구 영등포로 225,150030,07250,,1,,126.906653653063,37.5199192522038
MA0101202410A0043678,보라매꽃방,,G2,소매,G221,기타 상품 소매,G22199,그 외 기타 상품 전문 소매업,G47859,그 외 기타 분류 안된 상품 전문 소매업,11,서울특별시,11590,동작구,11590680,신대방2동,1159010900,신대방동,1159010900103430007,1,대지,343,7,서울특별시 동작구 신대방동 343-7,115903005078,서울특별시 동작구 보라매로,59,,1159010900103430007000749,,서울특별시 동작구 보라매로 59,156847,07061,,,,126.927062410264,37.4946424132399
MA0101202410A0065538,금산상회,,G2,소매,G221,기타 상품 소매,G22199,그 외 기타 상품 전문 소매업,G47859,그 외 기타 분류 안된 상품 전문 소매업,11,서울특별시,11545,금천구,11545630,독산3동,1154510200,독산동,1154510200109870012,1,대지,987,12,서울특별시 금천구 독산동 987-12,115454151271,서울특별시 금천구 시흥대로142길,23,,1154510200109870014016280,,서울특별시 금천구 시흥대로142길 23,153825,08544,,,,126.900561747086,37.47332324536
MA0101202410A0038201,한국야생산삼감정협회,,G2,소매,G221,기타 상품 소매,G22199,그 외 기타 상품 전문 소매업,G47859,그 외 기타 분류 안된 상품 전문 소매업,51,강원특별자치도,51190,태백시,51190540,상장동,5119010100,황지동,5119010100101730000,1,대지,173,,강원특별자치도 태백시 황지동 173,511904466228,강원특별자치도 태백시 함태길,129,,4219010100101730000010146,,강원특별자치도 태백시 함태길 129,235800,26036,,,,128.986324995013,37.1469233008941
MA0101202410A0044451,오류동남부교회,,G2,소매,G221,기타 상품 소매,G22199,그 외 기타 상품 전문 소매업,G47859,그 외 기타 분류 안된 상품 전문 소매업,11,서울특별시,11530,구로구,11530780,오류2동,1153010800,오류동,1153010800101870012,1,대지,187,12,서울특별시 구로구 오류동 187-12,115304148428,서울특별시 구로구 오리로10길,16,,1153010800101870012004095,,서울특별시 구로구 오리로10길 16,152899,08342,,,,126.837752718976,37.4884627125725
MA0101202410A0058899,서울삼보우편취급소,,G2,소매,G221,기타 상품 소매,G22199,그 외 기타 상품 전문 소매업,G47859,그 외 기타 분류 안된 상품 전문 소매업,11,서울특별시,11470,양천구,11470611,신월7동,1147010300,신월동,1147010300109720003,1,대지,972,3,서울특별시 양천구 신월동 972-3,114703114013,서울특별시 양천구 지양로,46,1,1147010300109720003007807,,서울특별시 양천구 지양로 46-1,158846,08040,,,,126.835274544439,37.5202106815533
MA0101202410A0073235,분당유통,,G2,소매,G221,기타 상품 소매,G22199,그 외 기타 상품 전문 소매업,G47859,그 외 기타 분류 안된 상품 전문 소매업,41,경기도,41135,성남시 분당구,41135580,서현1동,4113510500,서현동,4113510500102690001,1,대지,269,1,경기도 성남시 분당구 서현동 269-1,411354340162,경기도 성남시 분당구 분당로53번길,21,,4113510500102690001046741,산호프라자,경기도 성남시 분당구 분당로53번길 21,463824,13591,,,,127.122389854034,37.3846867350162
MA0101202410A0075561,고려인삼직판장,,G2,소매,G221,기타 상품 소매,G22199,그 외 기타 상품 전문 소매업,G47859,그 외 기타 분류 안된 상품 전문 소매업,28,인천광역시,28140,동구,28140630,송림6동,2814010700,송림동,2814010700100500006,1,대지,50,6,인천광역시 동구 송림동 50-6,281403149062,인천광역시 동구 샛골로,170,,2814010700100500006023805,동구상가,인천광역시 동구 샛골로 170,401823,22544,,,,126.645457596002,37.4775634638011
MA0101202410A0009336,금산인삼,,G2,소매,G221,기타 상품 소매,G22199,그 외 기타 상품 전문 소매업,G47859,그 외 기타 분류 안된 상품 전문 소매업,11,서울특별시,11440,마포구,11440555,아현동,1144010100,아현동,1144010100103270025,1,대지,327,25,서울특별시 마포구 아현동 327-25,114403113002,서울특별시 마포구 굴레방로,27,,1144010100103270025000443,,서울특별시 마포구 굴레방로 27,121859,04116,,1,,126.955318545941,37.5564742363167
MA0101202410A0033445,자연산약초집,,G2,소매,G221,기타 상품 소매,G22199,그 외 기타 상품 전문 소매업,G47859,그 외 기타 분류 안된 상품 전문 소매업,11,서울특별시,11410,서대문구,11410640,홍제3동,1141011100,홍제동,1141011100102950025,1,대지,295,25,서울특별시 서대문구 홍제동 295-25,114104136323,서울특별시 서대문구 인왕시장길,46,,1141011100102950003000001,,서울특별시 서대문구 인왕시장길 46,120857,03628,,,,126.944574850078,37.5916084747775
MA0101202410A0061202,축협공판장,,G2,소매,G221,기타 상품 소매,G22199,그 외 기타 상품 전문 소매업,G47859,그 외 기타 분류 안된 상품 전문 소매업,11,서울특별시,11470,양천구,11470580,신월3동,1147010300,신월동,1147010300101780011,1,대지,178,11,서울특별시 양천구 신월동 178-11,114704142037,서울특별시 양천구 남부순환로40길,56,,1147010300101780011012063,,서울특별시 양천구 남부순환로40길 56,158829,07911,,,,126.826556567062,37.5333257850289
MA0101202410A0076063,우리생약농민연합회석바위점,,G2,소매,G221,기타 상품 소매,G22199,그 외 기타 상품 전문 소매업,G47859,그 외 기타 분류 안된 상품 전문 소매업,28,인천광역시,28177,미추홀구,28177670,주안6동,2817710500,주안동,2817710500109520007,1,대지,952,7,인천광역시 미추홀구 주안동 952-7,281774253026,인천광역시 미추홀구 경원대로852번길,9,1,2817010600109520007000001,,인천광역시 미추홀구 경원대로852번길 9-1,402848,22144,,,,126.690202946673,37.4588581985063
MA0101202410A0007126,대한문화사,,G2,소매,G221,기타 상품 소매,G22199,그 외 기타 상품 전문 소매업,G47859,그 외 기타 분류 안된 상품 전문 소매업,11,서울특별시,11140,중구,11140520,소공동,1114016600,서소문동,1114016600100900000,1,대지,90,,서울특별시 중구 서소문동 90,111403005010,서울특별시 중구 서소문로,130,,1114016600100900000022434,대양빌딩,서울특별시 중구 서소문로 130,100814,04514,,,,126.975529316407,37.5634088212835
MA0101202410A0044737,금산인삼사,,G2,소매,G221,기타 상품 소매,G22199,그 외 기타 상품 전문 소매업,G47859,그 외 기타 분류 안된 상품 전문 소매업,11,서울특별시,11530,구로구,11530730,고척2동,1153010600,고척동,1153010600102530321,1,대지,253,321,서울특별시 구로구 고척동 253-321,115304148155,서울특별시 구로구 고척로32길,7,,1153010600102530321012668,,서울특별시 구로구 고척로32길 7,152834,08235,,1,,126.849405305212,37.5022905625334
MA0101202410A0012497,둥굴레볶는집,,G2,소매,G221,기타 상품 소매,G22199,그 외 기타 상품 전문 소매업,G47859,그 외 기타 분류 안된 상품 전문 소매업,41,경기도,41133,성남시 중원구,41133510,성남동,4113310100,성남동,4113310100149310000,1,대지,4931,,경기도 성남시 중원구 성남동 4931,411332179001,경기도 성남시 중원구 둔촌대로,68,,4113310100149310000000001,농수산부,경기도 성남시 중원구 둔촌대로 68,462829,13383,,,,127.126654182249,37.4293367839759
MA0101202410A0019899,강화인삼사,,G2,소매,G221,기타 상품 소매,G22199,그 외 기타 상품 전문 소매업,G47859,그 외 기타 분류 안된 상품 전문 소매업,11,서울특별시,11560,영등포구,11560535,영등포동,1156010600,영등포동5가,1156010600100180001,1,대지,18,1,서울특별시 영등포구 영등포동5가 18-1,115603118022,서울특별시 영등포구 영등포로,225,,1156010600100180001034891,영신상가,서울특별시 영등포구 영등포로 225,150030,07250,,1,,126.906653653063,37.5199192522038
MA0101202410A0069502,피쉬마트수족관,,G2,소매,G221,기타 상품 소매,G22199,그 외 기타 상품 전문 소매업,G47859,그 외 기타 분류 안된 상품 전문 소매업,11,서울특별시,11680,강남구,11680656,도곡2동,1168011800,도곡동,1168011800105380001,1,대지,538,1,서울특별시 강남구 도곡동 538-1,116803122006,서울특별시 강남구 선릉로,227,,1168011800105380001000002,진달래상가,서울특별시 강남구 선릉로 227,135272,06275,,2,,127.052742067049,37.4958334744113
MA0101202410A0098802,고려인삼식품,,G2,소매,G221,기타 상품 소매,G22199,그 외 기타 상품 전문 소매업,G47859,그 외 기타 분류 안된 상품 전문 소매업,41,경기도,41220,평택시,41220610,통복동,4122011400,통복동,4122011400100670006,1,대지,67,6,경기도 평택시 통복동 67-6,412204364812,경기도 평택시 통복시장로21번길,22,,4122011400100670006012769,,경기도 평택시 통복시장로21번길 22,450040,17893,,,,127.084109824353,36.9975196554127
MA0101202410A0106674,내린천꽃향기꿀나라,,G2,소매,G221,기타 상품 소매,G22199,그 외 기타 상품 전문 소매업,G47859,그 외 기타 분류 안된 상품 전문 소매업,51,강원특별자치도,51810,인제군,51810350,상남면,5181035023,상남면,5181035023105550017,1,대지,555,17,강원특별자치도 인제군 상남면 미산리 555-17,518104499097,강원특별자치도 인제군 상남면 솔개길,29,21,4281035023105550017000001,,강원특별자치도 인제군 상남면 솔개길 29-21,252851,24666,,,,128.300928127686,37.8729600160855
MA0101202410A0109080,신원축분,,G2,소매,G221,기타 상품 소매,G22199,그 외 기타 상품 전문 소매업,G47859,그 외 기타 분류 안된 상품 전문 소매업,41,경기도,41500,이천시,41500360,모가면,4150036022,모가면,4150036022103470027,1,대지,347,27,경기도 이천시 모가면 서경리 347-27,415003207055,경기도 이천시 모가면 진상미로,1126,36,4150036022103470027000002,,경기도 이천시 모가면 진상미로 1126-36,467872,17408,,,,127.482493236947,37.1573633339505
MA0101202410A0105109,이천고려인삼,,G2,소매,G221,기타 상품 소매,G22199,그 외 기타 상품 전문 소매업,G47859,그 외 기타 분류 안된 상품 전문 소매업,41,경기도,41500,이천시,41500510,창전동,4150010100,창전동,4150010100101530023,1,대지,153,23,경기도 이천시 창전동 153-23,415004421709,경기도 이천시 중리천로21번길,18,,4150010100101530029009489,,경기도 이천시 중리천로21번길 18,467804,17368,,,,127.44082877403,37.2812747081034
MA0101202410A0129123,성원농장,,G2,소매,G221,기타 상품 소매,G22199,그 외 기타 상품 전문 소매업,G47859,그 외 기타 분류 안된 상품 전문 소매업,41,경기도,41133,성남시 중원구,41133510,성남동,4113310100,성남동,4113310100144530000,1,대지,4453,,경기도 성남시 중원구 성남동 4453,411332179001,경기도 성남시 중원구 둔촌대로,69,,4113310100144530000054805,성남동,경기도 성남시 중원구 둔촌대로 69,462829,13377,,1,,127.126847530321,37.4300934303393
MA0101202410A0096830,만민약초,,G2,소매,G221,기타 상품 소매,G22199,그 외 기타 상품 전문 소매업,G47859,그 외 기타 분류 안된 상품 전문 소매업,43,충청북도,43150,제천시,43150510,교동,4315011600,장락동,4315011600102420005,1,대지,242,5,충청북도 제천시 장락동 242-5,431504517192,충청북도 제천시 내토로54길,10,,4315011600102420005039915,,충청북도 제천시 내토로54길 10,390894,27177,,,,128.2245333611,37.1433964874208
MA0101202410A0118348,약초공판장,,G2,소매,G221,기타 상품 소매,G22199,그 외 기타 상품 전문 소매업,G47859,그 외 기타 분류 안된 상품 전문 소매업,41,경기도,41250,동두천시,41250520,생연2동,4125010300,생연동,4125010300106940007,1,대지,694,7,경기도 동두천시 생연동 694-7,412504367129,경기도 동두천시 중앙로217번길,3,,4125010300106940005007931,,경기도 동두천시 중앙로217번길 3,483032,11332,,,,127.052552222206,37.9008311302959
MA0101202410A0100783,안성허브약초,,G2,소매,G221,기타 상품 소매,G22199,그 외 기타 상품 전문 소매업,G47859,그 외 기타 분류 안된 상품 전문 소매업,41,경기도,41550,안성시,41550520,안성2동,4155011700,서인동,4155011700100760000,1,대지,76,,경기도 안성시 서인동 76,415502000021,경기도 안성시 안성맞춤대로,1037,,4155011700100760000021538,,경기도 안성시 안성맞춤대로 1037,456210,17581,,,,127.268952180305,37.006084350408
MA0101202410A0148592,산삼마을,,G2,소매,G221,기타 상품 소매,G22199,그 외 기타 상품 전문 소매업,G47859,그 외 기타 분류 안된 상품 전문 소매업,41,경기도,41360,남양주시,41360256,화도읍,4136025622,화도읍,4136025622200730006,2,산,73,6,경기도 남양주시 화도읍 묵현리 산73-6,413603197025,경기도 남양주시 화도읍 먹갓로,72,,4136025622105080009013814,,경기도 남양주시 화도읍 먹갓로 72,472846,12157,,,,127.273233145441,37.660428746691
MA0101202410A0088341,금산인삼,,G2,소매,G221,기타 상품 소매,G22199,그 외 기타 상품 전문 소매업,G47859,그 외 기타 분류 안된 상품 전문 소매업,41,경기도,41171,안양시 만안구,41171540,안양4동,4117110100,안양동,4117110100106760045,1,대지,676,45,경기도 안양시 만안구 안양동 676-45,411714346192,경기도 안양시 만안구 안양로291번길,34,,4117110100106760045008628,중앙시장,경기도 안양시 만안구 안양로291번길 34,430832,14001,,,,126.919984824943,37.3979049570329
MA0101202410A0091453,전국특산물센타,,G2,소매,G221,기타 상품 소매,G22199,그 외 기타 상품 전문 소매업,G47859,그 외 기타 분류 안된 상품 전문 소매업,41,경기도,41113,수원시 권선구,41113670,권선1동,4111313700,권선동,4111313700112300009,1,대지,1230,9,경기도 수원시 권선구 권선동 1230-9,411133176023,경기도 수원시 권선구 권중로,23,,4111313700112300009028867,,경기도 수원시 권선구 권중로 23,441833,16563,,,,127.03279105019,37.2552669949221
MA0101202410A0105267,그외기타상품전문소매업,,G2,소매,G221,기타 상품 소매,G22199,그 외 기타 상품 전문 소매업,G47859,그 외 기타 분류 안된 상품 전문 소매업,41,경기도,41670,여주시,41670250,가남읍,4167025037,가남읍,4167025037103100000,1,대지,310,,경기도 여주시 가남읍 금당리 310,416704442065,경기도 여주시 가남읍 금당2길,14,,4173032037103100000054897,,경기도 여주시 가남읍 금당2길 14,469882,12660,,,,127.618672511,37.2024765169249
MA0101202410A0109613,금산수삼센터소매장31호,,G2,소매,G221,기타 상품 소매,G22199,그 외 기타 상품 전문 소매업,G47859,그 외 기타 분류 안된 상품 전문 소매업,44,충청남도,44710,금산군,44710250,금산읍,4471025022,금산읍,4471025022100240000,1,대지,24,,충청남도 금산군 금산읍 중도리 24,447103257044,충청남도 금산군 금산읍 인삼약초로,24,,4471025022100240000017736,금산인삼수삼센터,충청남도 금산군 금산읍 인삼약초로 24,312806,32739,,,,127.496358187934,36.1001557428811
MA0101202410A0144795,충청원예,,G2,소매,G221,기타 상품 소매,G22199,그 외 기타 상품 전문 소매업,G47859,그 외 기타 분류 안된 상품 전문 소매업,28,인천광역시,28177,미추홀구,28177620,주안1동,2817710500,주안동,2817710500101880000,1,대지,188,,인천광역시 미추홀구 주안동 188,281773000028,인천광역시 미추홀구 경인로,343,,2817010600101890000000001,,인천광역시 미추홀구 경인로 343,402835,22139,,,,126.677521751758,37.4587521939974
MA0101202410A0087216,장수약초,,G2,소매,G221,기타 상품 소매,G22199,그 외 기타 상품 전문 소매업,G47859,그 외 기타 분류 안된 상품 전문 소매업,41,경기도,41171,안양시 만안구,41171550,안양5동,4117110100,안양동,4117110100106270080,1,대지,627,80,경기도 안양시 만안구 안양동 627-80,411714346297,경기도 안양시 만안구 장내로120번길,30,,4117110100106270081002157,,경기도 안양시 만안구 장내로120번길 30,430830,13997,,1,,126.922076592994,37.3955366669652
MA0101202410A0112744,성지애견,,G2,소매,G221,기타 상품 소매,G22199,그 외 기타 상품 전문 소매업,G47859,그 외 기타 분류 안된 상품 전문 소매업,41,경기도,41250,동두천시,41250565,불현동,4125010300,생연동,4125010300104260008,1,대지,426,8,경기도 동두천시 생연동 426-8,412503215066,경기도 동두천시 평화로,2404,1,4125010300104260008001450,,경기도 동두천시 평화로 2404-1,483030,11317,,,,127.058170178518,37.9023150464465
MA0101202410A0100185,자연건강한약초,,G2,소매,G221,기타 상품 소매,G22199,그 외 기타 상품 전문 소매업,G47859,그 외 기타 분류 안된 상품 전문 소매업,41,경기도,41220,평택시,41220610,통복동,4122011400,통복동,4122011400100870008,1,대지,87,8,경기도 평택시 통복동 87-8,412204364824,경기도 평택시 통복시장로6번길,11,,4122011400100870008015418,,경기도 평택시 통복시장로6번길 11,450040,17894,,,,127.085658149825,36.9957524262497
MA0101202410A0107506,여주약초,,G2,소매,G221,기타 상품 소매,G22199,그 외 기타 상품 전문 소매업,G47859,그 외 기타 분류 안된 상품 전문 소매업,41,경기도,41670,여주시,41670520,중앙동,4167010700,하동,4167010700102500013,1,대지,250,13,경기도 여주시 하동 250-13,416704442320,경기도 여주시 여흥로11번길,58,4,4173025027102500013028801,,경기도 여주시 여흥로11번길 58-4,469107,12623,,,,127.632411066314,37.2977689290775
MA0101202410A0143228,희망약초,,G2,소매,G221,기타 상품 소매,G22199,그 외 기타 상품 전문 소매업,G47859,그 외 기타 분류 안된 상품 전문 소매업,28,인천광역시,28200,남동구,28200522,구월4동,2820010100,구월동,2820010100112680001,1,대지,1268,1,인천광역시 남동구 구월동 1268-1,282004259080,인천광역시 남동구 구월로276번길,55,,2820010100112680001027492,,인천광역시 남동구 구월로276번길 55,405839,21534,,,,126.721159459794,37.4532138818694
MA0101202410A0093213,팔도인삼약초농산,,G2,소매,G221,기타 상품 소매,G22199,그 외 기타 상품 전문 소매업,G47859,그 외 기타 분류 안된 상품 전문 소매업,41,경기도,41113,수원시 권선구,41113670,권선1동,4111313700,권선동,4111313700110400007,1,대지,1040,7,경기도 수원시 권선구 권선동 1040-7,411134328481,경기도 수원시 권선구 권선로734번길,14,,4111313700110400007028930,,경기도 수원시 권선구 권선로734번길 14,441824,16561,,,,127.031213712498,37.257159612224
MA0101202410A0117946,사계절농원,,G2,소매,G221,기타 상품 소매,G22199,그 외 기타 상품 전문 소매업,G47859,그 외 기타 분류 안된 상품 전문 소매업,41,경기도,41650,포천시,41650360,영중면,4165036024,영중면,4165036024104500001,1,대지,450,1,경기도 포천시 영중면 성동리 450-1,416503000136,경기도 포천시 영중면 호국로,3237,,4165036024104500001059375,,경기도 포천시 영중면 호국로 3237,487882,11127,,,,127.259475586081,38.0271289140403
MA0101202410A0083622,백운산약초마,,G2,소매,G221,기타 상품 소매,G22199,그 외 기타 상품 전문 소매업,G47859,그 외 기타 분류 안된 상품 전문 소매업,41,경기도,41650,포천시,41650380,이동면,4165038022,이동면,4165038022101660013,1,대지,166,13,경기도 포천시 이동면 도평리 166-13,416503213050,경기도 포천시 이동면 화동로,2405,,4165038022101660013062532,,경기도 포천시 이동면 화동로 2405,487862,11110,,,,127.385064265038,38.057019502404
MA0101202410A0098731,동국문화당,,G2,소매,G221,기타 상품 소매,G22199,그 외 기타 상품 전문 소매업,G47859,그 외 기타 분류 안된 상품 전문 소매업,41,경기도,41220,평택시,41220250,팽성읍,4122025034,팽성읍,4122025034102110000,1,대지,211,,경기도 평택시 팽성읍 신대리 211,412203188003,경기도 평택시 팽성읍 계양로,460,35,4122025034102110000036745,,경기도 평택시 팽성읍 계양로 460-35,451804,17979,,,,126.999146783802,36.9458721291941
MA0101202410A0114835,금산인삼,,G2,소매,G221,기타 상품 소매,G22199,그 외 기타 상품 전문 소매업,G47859,그 외 기타 분류 안된 상품 전문 소매업,41,경기도,41150,의정부시,41150510,의정부1동,4115010100,의정부동,4115010100101600000,1,대지,160,,경기도 의정부시 의정부동 160,411504343382,경기도 의정부시 태평로73번길,20,,4115010100101600000015603,제일시장,경기도 의정부시 태평로73번길 20,480842,11695,,,,127.05006721362,37.7401195104757
MA0101202410A0126314,문산화원,,G2,소매,G221,기타 상품 소매,G22199,그 외 기타 상품 전문 소매업,G47859,그 외 기타 분류 안된 상품 전문 소매업,41,경기도,41480,파주시,41480250,문산읍,4148025021,문산읍,4148025021100060002,1,대지,6,2,경기도 파주시 문산읍 문산리 6-2,414803206033,경기도 파주시 문산읍 문향로,71,,4148025021100060002015050,,경기도 파주시 문산읍 문향로 71,413904,10821,,,,126.785230152823,37.858356502468
MA0101202410A0195929,경희본초당,,G2,소매,G221,기타 상품 소매,G22199,그 외 기타 상품 전문 소매업,G47859,그 외 기타 분류 안된 상품 전문 소매업,30,대전광역시,30170,서구,30170520,도마1동,3017010300,도마동,3017010300100840001,1,대지,84,1,대전광역시 서구 도마동 84-1,301703166015,대전광역시 서구 도마로,124,,3017010300100840001024861,,대전광역시 서구 도마로 124,302819,35330,,,,127.383843853004,36.3211276679685
MA0101202410A0202285,우리농축산,,G2,소매,G221,기타 상품 소매,G22199,그 외 기타 상품 전문 소매업,G47859,그 외 기타 분류 안된 상품 전문 소매업,44,충청남도,44710,금산군,44710380,복수면,4471038025,복수면,4471038025104380001,1,대지,438,1,충청남도 금산군 복수면 목소리 438-1,447103257040,충청남도 금산군 복수면 용천로,1039,,4471038025104380001000001,,충청남도 금산군 복수면 용천로 1039,312923,32702,,1,,127.418539116873,36.1741264002228
MA0101202410A0233995,중앙인삼,,G2,소매,G221,기타 상품 소매,G22199,그 외 기타 상품 전문 소매업,G47859,그 외 기타 분류 안된 상품 전문 소매업,44,충청남도,44150,공주시,44150540,웅진동,4415010500,산성동,4415010500101860149,1,대지,186,149,충청남도 공주시 산성동 186-149,441504553545,충청남도 공주시 산성시장2길,70,19,4415010500101860149000001,,충청남도 공주시 산성시장2길 70-19,314020,32540,,,,127.123840390553,36.4579193437299
MA0101202410A0168303,김포파주인삼농협12호,,G2,소매,G221,기타 상품 소매,G22199,그 외 기타 상품 전문 소매업,G47859,그 외 기타 분류 안된 상품 전문 소매업,41,경기도,41570,김포시,41570340,대곶면,4157034033,대곶면,4157034033103910000,1,대지,391,,경기도 김포시 대곶면 대명리 391,415703209038,경기도 김포시 대곶면 대명항로,518,,4157034033103910000008355,,경기도 김포시 대곶면 대명항로 518,415853,10040,,1,,126.563752071635,37.6465409938344
MA0101202410A0171929,지산약초,,G2,소매,G221,기타 상품 소매,G22199,그 외 기타 상품 전문 소매업,G47859,그 외 기타 분류 안된 상품 전문 소매업,28,인천광역시,28710,강화군,28710250,강화읍,2871025025,강화읍,2871025025108490000,1,대지,849,,인천광역시 강화군 강화읍 갑곳리 849,287103150025,인천광역시 강화군 강화읍 중앙로,17,9,2871025025108490000000356,,인천광역시 강화군 강화읍 중앙로 17-9,417942,23027,,,,126.492865139954,37.7414177478633
MA0101202410A0186817,오솔길유통,,G2,소매,G221,기타 상품 소매,G22199,그 외 기타 상품 전문 소매업,G47859,그 외 기타 분류 안된 상품 전문 소매업,28,인천광역시,28710,강화군,28710370,하점면,2871037022,하점면,2871037022106720005,1,대지,672,5,인천광역시 강화군 하점면 장정리 672-5,287102157001,인천광역시 강화군 하점면 강화대로,1092,,2871037022106720005033735,,인천광역시 강화군 하점면 강화대로 1092,417874,23014,,,,126.425419920442,37.7732363371618
MA0101202410A0222495,강원농원,,G2,소매,G221,기타 상품 소매,G22199,그 외 기타 상품 전문 소매업,G47859,그 외 기타 분류 안된 상품 전문 소매업,51,강원특별자치도,51170,동해시,51170520,송정동,5117010300,송정동,5117010300108390000,1,대지,839,,강원특별자치도 동해시 송정동 839,511703221039,강원특별자치도 동해시 송정로,37,,4217010300008390000026298,,강원특별자치도 동해시 송정로 37,240806,25789,,,,129.125955299576,37.4971357428789
MA0101202410A0166767,그외기타상품전문소매업,,G2,소매,G221,기타 상품 소매,G22199,그 외 기타 상품 전문 소매업,G47859,그 외 기타 분류 안된 상품 전문 소매업,41,경기도,41115,수원시 팔달구,41115680,화서1동,4111513800,화서동,4111513800100860001,1,대지,86,1,경기도 수원시 팔달구 화서동 86-1,411154328141,경기도 수원시 팔달구 동말로78번길,3,,4111513800100860001006916,,경기도 수원시 팔달구 동말로78번길 3,442860,16441,,,,127.002785112991,37.2786445249723
MA0101202410A0174898,해울다육공예원,,G2,소매,G221,기타 상품 소매,G22199,그 외 기타 상품 전문 소매업,G47859,그 외 기타 분류 안된 상품 전문 소매업,41,경기도,41800,연천군,41800340,미산면,4180034022,미산면,4180034022110700002,1,대지,1070,2,경기도 연천군 미산면 아미리 1070-2,418004445493,경기도 연천군 미산면 통아길,138,,4180034022110700002000001,,경기도 연천군 미산면 통아길 138,486861,11046,,,,126.940947912018,38.0239948935544
MA0101202410A0196187,금산수삼센터92호,,G2,소매,G221,기타 상품 소매,G22199,그 외 기타 상품 전문 소매업,G47859,그 외 기타 분류 안된 상품 전문 소매업,44,충청남도,44710,금산군,44710250,금산읍,4471025022,금산읍,4471025022100240000,1,대지,24,,충청남도 금산군 금산읍 중도리 24,447103257044,충청남도 금산군 금산읍 인삼약초로,24,,4471025022100240000017736,,충청남도 금산군 금산읍 인삼약초로 24,312806,32739,,,,127.496358187934,36.1001557428811
MA0101202410A0156856,태백산삼,,G2,소매,G221,기타 상품 소매,G22199,그 외 기타 상품 전문 소매업,G47859,그 외 기타 분류 안된 상품 전문 소매업,41,경기도,41273,안산시 단원구,41273535,호수동,4127310100,고잔동,4127310100107480003,1,대지,748,3,경기도 안산시 단원구 고잔동 748-3,412733191067,경기도 안산시 단원구 이삭로,30,,4127310100107480003033983,,경기도 안산시 단원구 이삭로 30,425809,15465,,,,126.839899691805,37.3139290004967
MA0101202410A0222039,수삼센터판매장21호,,G2,소매,G221,기타 상품 소매,G22199,그 외 기타 상품 전문 소매업,G47859,그 외 기타 분류 안된 상품 전문 소매업,44,충청남도,44710,금산군,44710250,금산읍,4471025022,금산읍,4471025022100240000,1,대지,24,,충청남도 금산군 금산읍 중도리 24,447103257044,충청남도 금산군 금산읍 인삼약초로,24,,4471025022100240000017736,,충청남도 금산군 금산읍 인삼약초로 24,312806,32739,,,,127.496358187934,36.1001557428811
MA0101202410A0152016,금산수삼센터13호,,G2,소매,G221,기타 상품 소매,G22199,그 외 기타 상품 전문 소매업,G47859,그 외 기타 분류 안된 상품 전문 소매업,44,충청남도,44710,금산군,44710250,금산읍,4471025022,금산읍,4471025022100240000,1,대지,24,,충청남도 금산군 금산읍 중도리 24,447103257044,충청남도 금산군 금산읍 인삼약초로,24,,4471025022100240000017736,,충청남도 금산군 금산읍 인삼약초로 24,312806,32739,,,,127.496358187934,36.1001557428811
MA0101202410A0167208,금월상회,,G2,소매,G221,기타 상품 소매,G22199,그 외 기타 상품 전문 소매업,G47859,그 외 기타 분류 안된 상품 전문 소매업,28,인천광역시,28710,강화군,28710310,선원면,2871031021,선원면,2871031021101040002,1,대지,104,2,인천광역시 강화군 선원면 금월리 104-2,287103157029,인천광역시 강화군 선원면 선원사지로,284,,2871031021101040002006799,,인천광역시 강화군 선원면 선원사지로 284,417821,23043,,,,126.485964235171,37.7172150491501
MA0101202410A0152156,평화계분,,G2,소매,G221,기타 상품 소매,G22199,그 외 기타 상품 전문 소매업,G47859,그 외 기타 분류 안된 상품 전문 소매업,41,경기도,41310,구리시,41310541,교문1동,4131010400,교문동,4131010400107410006,1,대지,741,6,경기도 구리시 교문동 741-6,413104388128,경기도 구리시 안골로8번길,7,22,4131010400107410006005598,,경기도 구리시 안골로8번길 7-22,471807,11935,,,,127.132167772166,37.5961155156078
MA0101202410A0152192,가야계분,,G2,소매,G221,기타 상품 소매,G22199,그 외 기타 상품 전문 소매업,G47859,그 외 기타 분류 안된 상품 전문 소매업,41,경기도,41360,남양주시,41360253,진접읍,4136025322,진접읍,4136025322107330006,1,대지,733,6,경기도 남양주시 진접읍 내각리 733-6,413604391221,경기도 남양주시 진접읍 내각1로59번길,6,,4136025322107330006023640,,경기도 남양주시 진접읍 내각1로59번길 6,472862,12071,,,,127.163294251091,37.7039871976383
MA0101202410A0176375,주암축분,,G2,소매,G221,기타 상품 소매,G22199,그 외 기타 상품 전문 소매업,G47859,그 외 기타 분류 안된 상품 전문 소매업,41,경기도,41290,과천시,41290550,과천동,4129010600,주암동,4129010600101760001,1,대지,176,1,경기도 과천시 주암동 176-1,412903195049,경기도 과천시 추사로,92,11,4129010600101760003000001,,경기도 과천시 추사로 92-11,427060,13820,,,,127.02950954605,37.4538454887552
MA0101202410A0247008,소백산심마니약초,,G2,소매,G221,기타 상품 소매,G22199,그 외 기타 상품 전문 소매업,G47859,그 외 기타 분류 안된 상품 전문 소매업,43,충청북도,43800,단양군,43800310,대강면,4380031021,대강면,4380031021101150007,1,대지,115,7,충청북도 단양군 대강면 장림리 115-7,438003248010,충청북도 단양군 대강면 대강로,54,,4380031021101150007004559,,충청북도 단양군 대강면 대강로 54,395813,27027,,,,128.354317014994,36.9221295398469
MA0101202410A0218206,바닐라PC동호회,,G2,소매,G221,기타 상품 소매,G22199,그 외 기타 상품 전문 소매업,G47859,그 외 기타 분류 안된 상품 전문 소매업,41,경기도,41430,의왕시,41430550,내손2동,4143010700,내손동,4143010700106890020,1,대지,689,20,경기도 의왕시 내손동 689-20,414303201010,경기도 의왕시 내손순환로,67,1,4143010700106890020003209,,경기도 의왕시 내손순환로 67-1,437810,16032,,1,,126.979325322254,37.3836670313857
MA0101202410A0152431,화방,,G2,소매,G221,기타 상품 소매,G22199,그 외 기타 상품 전문 소매업,G47859,그 외 기타 분류 안된 상품 전문 소매업,41,경기도,41220,평택시,41220250,팽성읍,4122025041,팽성읍,4122025041101440003,1,대지,144,3,경기도 평택시 팽성읍 안정리 144-3,412204364424,경기도 평택시 팽성읍 안정순환로104번길,55,,4122025041101440003034758,,경기도 평택시 팽성읍 안정순환로104번길 55,451807,17983,,,,127.046452679038,36.9599200434947
MA0101202410A0163591,어인마니산삼,,G2,소매,G221,기타 상품 소매,G22199,그 외 기타 상품 전문 소매업,G47859,그 외 기타 분류 안된 상품 전문 소매업,41,경기도,41590,화성시,41590600,동탄6동,4159013900,금곡동,4159013900101460007,1,대지,146,7,경기도 화성시 금곡동 146-7,415903210131,경기도 화성시 금곡로,257,,4159042033101460007018540,일부,경기도 화성시 금곡로 257,,18511,,2,,127.077513355902,37.1832613770407
MA0101202410A0183099,소연불교사,,G2,소매,G221,기타 상품 소매,G22199,그 외 기타 상품 전문 소매업,G47859,그 외 기타 분류 안된 상품 전문 소매업,41,경기도,41390,시흥시,41390520,신천동,4139010200,신천동,4139010200107570026,1,대지,757,26,경기도 시흥시 신천동 757-26,413904397406,경기도 시흥시 신천2길,12,,4139010200107570026007844,,경기도 시흥시 신천2길 12,429830,14948,,,,126.781280918799,37.4392576125987
MA0101202410A0244317,곰배령다람쥐약초,,G2,소매,G221,기타 상품 소매,G22199,그 외 기타 상품 전문 소매업,G47859,그 외 기타 분류 안된 상품 전문 소매업,51,강원특별자치도,51810,인제군,51810330,기린면,5181033021,기린면,5181033021106940001,1,대지,694,1,강원특별자치도 인제군 기린면 현리 694-1,518103013018,강원특별자치도 인제군 기린면 내린천로,4000,,4281033021006940001002784,,강원특별자치도 인제군 기린면 내린천로 4000,252845,24659,,,,128.316272125513,37.9534275734476
MA0101202410A0161606,수원금산인삼,,G2,소매,G221,기타 상품 소매,G22199,그 외 기타 상품 전문 소매업,G47859,그 외 기타 분류 안된 상품 전문 소매업,41,경기도,41115,수원시 팔달구,41115680,화서1동,4111513800,화서동,4111513800100860003,1,대지,86,3,경기도 수원시 팔달구 화서동 86-3,411154328354,경기도 수원시 팔달구 팔달로107번길,12,,4111513800100860003006918,,경기도 수원시 팔달구 팔달로107번길 12,442860,16441,,,,127.002796380085,37.2784102543183
MA0101202410A0183710,황해자연석꽃농원,,G2,소매,G221,기타 상품 소매,G22199,그 외 기타 상품 전문 소매업,G47859,그 외 기타 분류 안된 상품 전문 소매업,41,경기도,41210,광명시,41210580,광명7동,4121010100,광명동,4121010100106480004,1,대지,648,4,경기도 광명시 광명동 648-4,412103000122,경기도 광명시 광명로,645,,4121010100106480004015447,,경기도 광명시 광명로 645,423819,14300,,,,126.844419660164,37.4578193416717
MA0101202410A0210109,약초상회,,G2,소매,G221,기타 상품 소매,G22199,그 외 기타 상품 전문 소매업,G47859,그 외 기타 분류 안된 상품 전문 소매업,41,경기도,41830,양평군,41830250,양평읍,4183025021,양평읍,4183025021102050001,1,대지,205,1,경기도 양평군 양평읍 양근리 205-1,418303217038,경기도 양평군 양평읍 시민로,18,,4183025021102050001019250,,경기도 양평군 양평읍 시민로 18,476802,12562,,,,127.493747403533,37.4896507252636
MA0101202410A0181386,동해수족관,,G2,소매,G221,기타 상품 소매,G22199,그 외 기타 상품 전문 소매업,G47859,그 외 기타 분류 안된 상품 전문 소매업,28,인천광역시,28200,남동구,28200520,구월2동,2820010100,구월동,2820010100103410015,1,대지,341,15,인천광역시 남동구 구월동 341-15,282003008003,인천광역시 남동구 구월로,273,,2820010100103410015026075,,인천광역시 남동구 구월로 273,405828,21542,,,,126.721070142153,37.4559617523932
MA0101202410A0191295,산삼구경꾼,,G2,소매,G221,기타 상품 소매,G22199,그 외 기타 상품 전문 소매업,G47859,그 외 기타 분류 안된 상품 전문 소매업,41,경기도,41461,용인시 처인구,41461259,남사읍,4146125923,남사읍,4146125923101490003,1,대지,149,3,경기도 용인시 처인구 남사읍 통삼리 149-3,414614409878,경기도 용인시 처인구 남사읍 통삼로281번길,42,1,4146132023101490003006848,,경기도 용인시 처인구 남사읍 통삼로281번길 42-1,449884,17118,,,,127.125783594092,37.1240204289896
MA0101202410A0158129,건강식품,,G2,소매,G221,기타 상품 소매,G22199,그 외 기타 상품 전문 소매업,G47859,그 외 기타 분류 안된 상품 전문 소매업,41,경기도,41271,안산시 상록구,41271515,이동,4127110200,이동,4127110200105280000,1,대지,528,,경기도 안산시 상록구 이동 528,412713190071,경기도 안산시 상록구 충장로,312,,4127110200105280000000039,농산물도매시장,경기도 안산시 상록구 충장로 312,426856,15507,,,,126.857395286476,37.3086262648376
MA0101202410A0162835,금산인삼사,,G2,소매,G221,기타 상품 소매,G22199,그 외 기타 상품 전문 소매업,G47859,그 외 기타 분류 안된 상품 전문 소매업,41,경기도,41111,수원시 장안구,41111560,파장동,4111112900,파장동,4111112900105800008,1,대지,580,8,경기도 수원시 장안구 파장동 580-8,411113174015,경기도 수원시 장안구 파장로,82,,4111112900105800008048327,,경기도 수원시 장안구 파장로 82,440853,16349,,,,126.992070208834,37.3065764640671
MA0101202410A0236881,금산수삼시장,,G2,소매,G221,기타 상품 소매,G22199,그 외 기타 상품 전문 소매업,G47859,그 외 기타 분류 안된 상품 전문 소매업,44,충청남도,44710,금산군,44710250,금산읍,4471025021,금산읍,4471025021106770001,1,대지,677,1,충청남도 금산군 금산읍 신대리 677-1,447103257044,충청남도 금산군 금산읍 인삼약초로,48,8,4471025021106770001000001,금산수삼시장,충청남도 금산군 금산읍 인삼약초로 48-8,312804,32739,,,,127.498991853197,36.1004422028023
MA0101202410A0238470,순수계분,,G2,소매,G221,기타 상품 소매,G22199,그 외 기타 상품 전문 소매업,G47859,그 외 기타 분류 안된 상품 전문 소매업,44,충청남도,44760,부여군,44760450,초촌면,4476045031,초촌면,4476045031101390004,1,대지,139,4,충청남도 부여군 초촌면 초평리 139-4,447604577649,충청남도 부여군 초촌면 초평로152번길,47,,4476045031101390003036813,,충청남도 부여군 초촌면 초평로152번길 47,323962,33174,,,,127.032677993505,36.2510951645872
MA0101202410A0171855,혁이상회,,G2,소매,G221,기타 상품 소매,G22199,그 외 기타 상품 전문 소매업,G47859,그 외 기타 분류 안된 상품 전문 소매업,28,인천광역시,28710,강화군,28710250,강화읍,2871025025,강화읍,2871025025108490000,1,대지,849,,인천광역시 강화군 강화읍 갑곳리 849,287103150025,인천광역시 강화군 강화읍 중앙로,17,9,2871025025108490000000356,강화풍물시장,인천광역시 강화군 강화읍 중앙로 17-9,417942,23027,,1,,126.492865139954,37.7414177478633
MA0101202410A0166689,금산인삼직매장,,G2,소매,G221,기타 상품 소매,G22199,그 외 기타 상품 전문 소매업,G47859,그 외 기타 분류 안된 상품 전문 소매업,41,경기도,41115,수원시 팔달구,41115700,지동,4111513900,지동,4111513900104060000,1,대지,406,,경기도 수원시 팔달구 지동 406,411153175035,경기도 수원시 팔달구 수원천로,266,,4111513900104060000015484,,경기도 수원시 팔달구 수원천로 266,442838,16245,,,,127.01950668719,37.2771742552974
MA0101202410A0166705,금산인삼사,,G2,소매,G221,기타 상품 소매,G22199,그 외 기타 상품 전문 소매업,G47859,그 외 기타 분류 안된 상품 전문 소매업,41,경기도,41111,수원시 장안구,41111560,파장동,4111112900,파장동,4111112900105790003,1,대지,579,3,경기도 수원시 장안구 파장동 579-3,411114322013,경기도 수원시 장안구 경수대로1081번길,41,,4111112900105790003048390,,경기도 수원시 장안구 경수대로1081번길 41,440853,16349,,,,126.992927384811,37.3076307300411
MA0101202410A0171184,김포파주인삼농협8호,,G2,소매,G221,기타 상품 소매,G22199,그 외 기타 상품 전문 소매업,G47859,그 외 기타 분류 안된 상품 전문 소매업,41,경기도,41570,김포시,41570340,대곶면,4157034033,대곶면,4157034033103910000,1,대지,391,,경기도 김포시 대곶면 대명리 391,415703209038,경기도 김포시 대곶면 대명항로,518,,4157034033103910000008355,,경기도 김포시 대곶면 대명항로 518,415853,10040,,1,,126.563752071635,37.6465409938344
MA0101202410A0186785,황금농장,,G2,소매,G221,기타 상품 소매,G22199,그 외 기타 상품 전문 소매업,G47859,그 외 기타 분류 안된 상품 전문 소매업,41,경기도,41480,파주시,41480350,광탄면,4148035025,광탄면,4148035025105050001,1,대지,505,1,경기도 파주시 광탄면 창만리 505-1,414804418293,경기도 파주시 광탄면 벌만장길,166,29,4148035025105050001037352,,경기도 파주시 광탄면 벌만장길 166-29,413853,10951,,,,126.854900030169,37.8001441487228
MA0101202410A0319615,심마니약초,,G2,소매,G221,기타 상품 소매,G22199,그 외 기타 상품 전문 소매업,G47859,그 외 기타 분류 안된 상품 전문 소매업,51,강원특별자치도,51130,원주시,51130310,소초면,5113031024,소초면,5113031024116590000,1,대지,1659,,강원특별자치도 원주시 소초면 흥양리 1659,511304457384,강원특별자치도 원주시 소초면 송문1길,5,,4213031024116590000032019,,강원특별자치도 원주시 소초면 송문1길 5,220836,26310,,,,127.974703711368,37.3821387075069
MA0101202410A0260422,우리인삼,,G2,소매,G221,기타 상품 소매,G22199,그 외 기타 상품 전문 소매업,G47859,그 외 기타 분류 안된 상품 전문 소매업,11,서울특별시,11230,동대문구,11230545,제기동,1123010300,제기동,1123010300110150000,1,대지,1015,,서울특별시 동대문구 제기동 1015,112303105008,서울특별시 동대문구 왕산로,147,,1123010300110150000034749,한국인삼상가,서울특별시 동대문구 왕산로 147,130865,02571,,,,127.03965699709,37.5787846849648
MA0101202410A0260425,금산인삼,,G2,소매,G221,기타 상품 소매,G22199,그 외 기타 상품 전문 소매업,G47859,그 외 기타 분류 안된 상품 전문 소매업,11,서울특별시,11230,동대문구,11230545,제기동,1123010300,제기동,1123010300110150000,1,대지,1015,,서울특별시 동대문구 제기동 1015,112303105008,서울특별시 동대문구 왕산로,147,,1123010300110150000034749,,서울특별시 동대문구 왕산로 147,130865,02571,,,,127.03965699709,37.5787846849648
MA0101202410A0261027,용성건재,,G2,소매,G221,기타 상품 소매,G22199,그 외 기타 상품 전문 소매업,G47859,그 외 기타 분류 안된 상품 전문 소매업,11,서울특별시,11230,동대문구,11230545,제기동,1123010300,제기동,1123010300110770001,1,대지,1077,1,서울특별시 동대문구 제기동 1077-1,112303005030,서울특별시 동대문구 고산자로,459,,1123010300110770001031747,부림빌딩,서울특별시 동대문구 고산자로 459,130864,02570,,1,,127.038197558338,37.5806502235611
MA0101202410A0261068,안성물산,,G2,소매,G221,기타 상품 소매,G22199,그 외 기타 상품 전문 소매업,G47859,그 외 기타 분류 안된 상품 전문 소매업,11,서울특별시,11230,동대문구,11230545,제기동,1123010300,제기동,1123010300111400026,1,대지,1140,26,서울특별시 동대문구 제기동 1140-26,112303105007,서울특별시 동대문구 약령중앙로,15,,1123010300111400026031865,,서울특별시 동대문구 약령중앙로 15,130864,02569,,1,,127.036793230623,37.5796235366713
MA0101202410A0276978,삼성조류,,G2,소매,G221,기타 상품 소매,G22199,그 외 기타 상품 전문 소매업,G47859,그 외 기타 분류 안된 상품 전문 소매업,11,서울특별시,11110,종로구,11110670,창신1동,1111017400,창신동,1111017400104360065,1,대지,436,65,서울특별시 종로구 창신동 436-65,111103100021,서울특별시 종로구 청계천로,319,,1111017400104360065005742,,서울특별시 종로구 청계천로 319,110842,03120,,,,127.013368392498,37.570105000007
MA0101202410A0259974,경동제일인삼방,,G2,소매,G221,기타 상품 소매,G22199,그 외 기타 상품 전문 소매업,G47859,그 외 기타 분류 안된 상품 전문 소매업,11,서울특별시,11230,동대문구,11230545,제기동,1123010300,제기동,1123010300110190000,1,대지,1019,,서울특별시 동대문구 제기동 1019,112304115033,서울특별시 동대문구 고산자로36길,3,,1123010300110190000034389,본관,서울특별시 동대문구 고산자로36길 3,130865,02571,,2,,127.039147690267,37.5790371332837
MA0101202410A0259975,신흥인삼방,,G2,소매,G221,기타 상품 소매,G22199,그 외 기타 상품 전문 소매업,G47859,그 외 기타 분류 안된 상품 전문 소매업,11,서울특별시,11230,동대문구,11230545,제기동,1123010300,제기동,1123010300110190000,1,대지,1019,,서울특별시 동대문구 제기동 1019,112304115033,서울특별시 동대문구 고산자로36길,3,,1123010300110190000034389,경동시장,서울특별시 동대문구 고산자로36길 3,130865,02571,,2,,127.039147690267,37.5790371332837
MA0101202410A0260455,경남인삼,,G2,소매,G221,기타 상품 소매,G22199,그 외 기타 상품 전문 소매업,G47859,그 외 기타 분류 안된 상품 전문 소매업,11,서울특별시,11230,동대문구,11230545,제기동,1123010300,제기동,1123010300110290001,1,대지,1029,1,서울특별시 동대문구 제기동 1029-1,112303005030,서울특별시 동대문구 고산자로,458,,1123010300110290001034516,,서울특별시 동대문구 고산자로 458,130865,02571,,,,127.03869560954,37.5804968924119
MA0101202410A0261665,충남인삼,,G2,소매,G221,기타 상품 소매,G22199,그 외 기타 상품 전문 소매업,G47859,그 외 기타 분류 안된 상품 전문 소매업,11,서울특별시,11230,동대문구,11230545,제기동,1123010300,제기동,1123010300110150000,1,대지,1015,,서울특별시 동대문구 제기동 1015,112303105008,서울특별시 동대문구 왕산로,147,,1123010300110150000034749,,서울특별시 동대문구 왕산로 147,130865,02571,,,,127.03965699709,37.5787846849648
MA0101202410A0260488,혜민서물산,,G2,소매,G221,기타 상품 소매,G22199,그 외 기타 상품 전문 소매업,G47859,그 외 기타 분류 안된 상품 전문 소매업,11,서울특별시,11230,동대문구,11230545,제기동,1123010300,제기동,1123010300110770002,1,대지,1077,2,서울특별시 동대문구 제기동 1077-2,112303005030,서울특별시 동대문구 고산자로,457,,1123010300110770002031781,,서울특별시 동대문구 고산자로 457,130864,02570,,1,,127.038163498319,37.5804610258895
MA0101202410A0260490,심봤다인삼,,G2,소매,G221,기타 상품 소매,G22199,그 외 기타 상품 전문 소매업,G47859,그 외 기타 분류 안된 상품 전문 소매업,11,서울특별시,11230,동대문구,11230545,제기동,1123010300,제기동,1123010300110190000,1,대지,1019,,서울특별시 동대문구 제기동 1019,112304115033,서울특별시 동대문구 고산자로36길,3,,1123010300110190000034389,2000,서울특별시 동대문구 고산자로36길 3,130865,02571,,2,,127.039147690267,37.5790371332837
MA0101202410A0261119,두리건강약초,,G2,소매,G221,기타 상품 소매,G22199,그 외 기타 상품 전문 소매업,G47859,그 외 기타 분류 안된 상품 전문 소매업,11,서울특별시,11230,동대문구,11230545,제기동,1123010300,제기동,1123010300111400004,1,대지,1140,4,서울특별시 동대문구 제기동 1140-4,112303105007,서울특별시 동대문구 약령중앙로,7,4,1123010300111400004031642,,서울특별시 동대문구 약령중앙로 7-4,130864,02569,,1,,127.036566511156,37.5790109312354
MA0101202410A0328578,화천왕겨,,G2,소매,G221,기타 상품 소매,G22199,그 외 기타 상품 전문 소매업,G47859,그 외 기타 분류 안된 상품 전문 소매업,51,강원특별자치도,51790,화천군,51790320,하남면,5179032022,하남면,5179032022101320005,1,대지,132,5,강원특별자치도 화천군 하남면 논미리 132-5,517903231003,강원특별자치도 화천군 하남면 논미로,327,,4279032022001320005004251,,강원특별자치도 화천군 하남면 논미로 327,209841,24144,,,,127.676887519646,38.0965482216683
MA0101202410A0336620,천년바위,,G2,소매,G221,기타 상품 소매,G22199,그 외 기타 상품 전문 소매업,G47859,그 외 기타 분류 안된 상품 전문 소매업,51,강원특별자치도,51720,홍천군,51720340,서석면,5172034026,서석면,5172034026102060000,1,대지,206,,강원특별자치도 홍천군 서석면 청량리 206,517204475596,강원특별자치도 홍천군 서석면 청량로318번길,101,,4272034026102060000002202,,강원특별자치도 홍천군 서석면 청량로318번길 101,250834,25168,,,,128.213351933955,37.662702990003
MA0101202410A0336685,내린천약초,,G2,소매,G221,기타 상품 소매,G22199,그 외 기타 상품 전문 소매업,G47859,그 외 기타 분류 안된 상품 전문 소매업,51,강원특별자치도,51810,인제군,51810250,인제읍,5181025024,인제읍,5181025024106790004,1,대지,679,4,강원특별자치도 인제군 인제읍 덕산리 679-4,518103233007,강원특별자치도 인제군 인제읍 덕산로,2,1,4281025024006790004010148,,강원특별자치도 인제군 인제읍 덕산로 2-1,252801,24627,,,,128.189256629132,38.0775881540717
MA0101202410A0260551,장안물산,,G2,소매,G221,기타 상품 소매,G22199,그 외 기타 상품 전문 소매업,G47859,그 외 기타 분류 안된 상품 전문 소매업,11,서울특별시,11230,동대문구,11230545,제기동,1123010300,제기동,1123010300110670000,1,대지,1067,,서울특별시 동대문구 제기동 1067,112303005030,서울특별시 동대문구 고산자로,451,,1123010300110670000031978,제기동,서울특별시 동대문구 고산자로 451,130864,02570,,1,,127.038185933484,37.5800555714254
MA0101202410A0260553,흥원상회,,G2,소매,G221,기타 상품 소매,G22199,그 외 기타 상품 전문 소매업,G47859,그 외 기타 분류 안된 상품 전문 소매업,11,서울특별시,11230,동대문구,11230545,제기동,1123010300,제기동,1123010300110150000,1,대지,1015,,서울특별시 동대문구 제기동 1015,112303105008,서울특별시 동대문구 왕산로,147,,1123010300110150000034749,별관신광장,서울특별시 동대문구 왕산로 147,130865,02571,,,,127.03965699709,37.5787846849648
MA0101202410A0261156,자연약초,,G2,소매,G221,기타 상품 소매,G22199,그 외 기타 상품 전문 소매업,G47859,그 외 기타 분류 안된 상품 전문 소매업,11,서울특별시,11230,동대문구,11230545,제기동,1123010300,제기동,1123010300110190000,1,대지,1019,,서울특별시 동대문구 제기동 1019,112304115033,서울특별시 동대문구 고산자로36길,3,,1123010300110190000034389,경동시장,서울특별시 동대문구 고산자로36길 3,130865,02571,,,,127.039147690267,37.5790371332837
MA0101202410A0260558,을화인삼방,,G2,소매,G221,기타 상품 소매,G22199,그 외 기타 상품 전문 소매업,G47859,그 외 기타 분류 안된 상품 전문 소매업,11,서울특별시,11230,동대문구,11230545,제기동,1123010300,제기동,1123010300110190000,1,대지,1019,,서울특별시 동대문구 제기동 1019,112304115033,서울특별시 동대문구 고산자로36길,3,,1123010300110190000034389,신관,서울특별시 동대문구 고산자로36길 3,130865,02571,,2,,127.039147690267,37.5790371332837
MA0101202410A0260562,에덴인삼,,G2,소매,G221,기타 상품 소매,G22199,그 외 기타 상품 전문 소매업,G47859,그 외 기타 분류 안된 상품 전문 소매업,11,서울특별시,11230,동대문구,11230545,제기동,1123010300,제기동,1123010300110150000,1,대지,1015,,서울특별시 동대문구 제기동 1015,112303105008,서울특별시 동대문구 왕산로,147,,1123010300110150000034749,제일학원,서울특별시 동대문구 왕산로 147,130865,02571,,,,127.03965699709,37.5787846849648
MA0101202410A0260582,덕원인삼,,G2,소매,G221,기타 상품 소매,G22199,그 외 기타 상품 전문 소매업,G47859,그 외 기타 분류 안된 상품 전문 소매업,11,서울특별시,11230,동대문구,11230545,제기동,1123010300,제기동,1123010300110190000,1,대지,1019,,서울특별시 동대문구 제기동 1019,112304115033,서울특별시 동대문구 고산자로36길,3,,1123010300110190000034389,본관,서울특별시 동대문구 고산자로36길 3,130865,02571,,2,,127.039147690267,37.5790371332837
MA0101202410A0260603,왕성인삼,,G2,소매,G221,기타 상품 소매,G22199,그 외 기타 상품 전문 소매업,G47859,그 외 기타 분류 안된 상품 전문 소매업,11,서울특별시,11230,동대문구,11230545,제기동,1123010300,제기동,1123010300110190000,1,대지,1019,,서울특별시 동대문구 제기동 1019,112304115033,서울특별시 동대문구 고산자로36길,3,,1123010300110190000034389,2000,서울특별시 동대문구 고산자로36길 3,130865,02571,,2,,127.039147690267,37.5790371332837
MA0101202410A0261203,서원물산약초,,G2,소매,G221,기타 상품 소매,G22199,그 외 기타 상품 전문 소매업,G47859,그 외 기타 분류 안된 상품 전문 소매업,11,서울특별시,11230,동대문구,11230545,제기동,1123010300,제기동,1123010300109370000,1,대지,937,,서울특별시 동대문구 제기동 937,112303005030,서울특별시 동대문구 고산자로,461,,1123010300109370000031710,,서울특별시 동대문구 고산자로 461,130864,02570,,1,,127.038276935522,37.5809024760902
MA0101202410A0290957,금산수삼,,G2,소매,G221,기타 상품 소매,G22199,그 외 기타 상품 전문 소매업,G47859,그 외 기타 분류 안된 상품 전문 소매업,11,서울특별시,11680,강남구,11680521,논현1동,1168010800,논현동,1168010800101440011,1,대지,144,11,서울특별시 강남구 논현동 144-11,116804166012,서울특별시 강남구 강남대로124길,13,,1168010800101440011008567,,서울특별시 강남구 강남대로124길 13,135825,06114,,,,127.023774328347,37.5091146698243
MA0101202410A0290988,불교조계종,,G2,소매,G221,기타 상품 소매,G22199,그 외 기타 상품 전문 소매업,G47859,그 외 기타 분류 안된 상품 전문 소매업,11,서울특별시,11680,강남구,11680510,신사동,1168010700,신사동,1168010700105280000,1,대지,528,,서울특별시 강남구 신사동 528,116803122007,서울특별시 강남구 압구정로,104,,1168010700105280000010830,보암빌딩,서울특별시 강남구 압구정로 104,135888,06028,,,,127.020011580447,37.5225763623184
MA0101202410A0328266,깊은산속산애산삼,,G2,소매,G221,기타 상품 소매,G22199,그 외 기타 상품 전문 소매업,G47859,그 외 기타 분류 안된 상품 전문 소매업,51,강원특별자치도,51110,춘천시,51110380,북산면,5111038027,북산면,5111038027102990000,1,대지,299,,강원특별자치도 춘천시 북산면 조교리 299,511103218051,강원특별자치도 춘천시 북산면 원동조교로,392,22,4211038027102990000037399,,강원특별자치도 춘천시 북산면 원동조교로 392-22,250826,24471,,,,127.949864635447,37.9239294834538
MA0101202410A0329070,화천$약초천지,,G2,소매,G221,기타 상품 소매,G22199,그 외 기타 상품 전문 소매업,G47859,그 외 기타 분류 안된 상품 전문 소매업,51,강원특별자치도,51790,화천군,51790250,화천읍,5179025022,화천읍,5179025022100500016,1,대지,50,16,강원특별자치도 화천군 화천읍 하리 50-16,517904493111,강원특별자치도 화천군 화천읍 중앙로8길,6,,4279025022100500016000001,,강원특별자치도 화천군 화천읍 중앙로8길 6,209804,24127,,,,127.706868696825,38.1035428352328
MA0101202410A0340003,오대산장뇌삼직판장,,G2,소매,G221,기타 상품 소매,G22199,그 외 기타 상품 전문 소매업,G47859,그 외 기타 분류 안된 상품 전문 소매업,51,강원특별자치도,51130,원주시,51130575,학성동,5113010900,학성동,5113010900110720007,1,대지,1072,7,강원특별자치도 원주시 학성동 1072-7,511304457581,강원특별자치도 원주시 청산길,12,,4213010900110720007015969,,강원특별자치도 원주시 청산길 12,220963,26412,,,,127.937747759077,37.3557501038329
MA0101202410A0260612,경동인삼,,G2,소매,G221,기타 상품 소매,G22199,그 외 기타 상품 전문 소매업,G47859,그 외 기타 분류 안된 상품 전문 소매업,11,서울특별시,11230,동대문구,11230545,제기동,1123010300,제기동,1123010300110190000,1,대지,1019,,서울특별시 동대문구 제기동 1019,112304115033,서울특별시 동대문구 고산자로36길,3,,1123010300110190000034389,경동시장,서울특별시 동대문구 고산자로36길 3,130865,02571,,2,,127.039147690267,37.5790371332837
MA0101202410A0260615,만진물산,,G2,소매,G221,기타 상품 소매,G22199,그 외 기타 상품 전문 소매업,G47859,그 외 기타 분류 안된 상품 전문 소매업,11,서울특별시,11230,동대문구,11230545,제기동,1123010300,제기동,1123010300108890015,1,대지,889,15,서울특별시 동대문구 제기동 889-15,112303105007,서울특별시 동대문구 약령중앙로,41,,1123010300108890015031527,,서울특별시 동대문구 약령중앙로 41,130864,02569,,,,127.036975498251,37.5819120037762
MA0101202410A0260630,장수인삼,,G2,소매,G221,기타 상품 소매,G22199,그 외 기타 상품 전문 소매업,G47859,그 외 기타 분류 안된 상품 전문 소매업,11,서울특별시,11230,동대문구,11230545,제기동,1123010300,제기동,1123010300110150000,1,대지,1015,,서울특별시 동대문구 제기동 1015,112303105008,서울특별시 동대문구 왕산로,147,,1123010300110150000034749,제기동,서울특별시 동대문구 왕산로 147,130865,02571,,,,127.03965699709,37.5787846849648
MA0101202410A0261835,금산인삼,,G2,소매,G221,기타 상품 소매,G22199,그 외 기타 상품 전문 소매업,G47859,그 외 기타 분류 안된 상품 전문 소매업,11,서울특별시,11230,동대문구,11230545,제기동,1123010300,제기동,1123010300109970001,1,대지,997,1,서울특별시 동대문구 제기동 997-1,112304115033,서울특별시 동대문구 고산자로36길,38,,1123010300109970000034794,,서울특별시 동대문구 고산자로36길 38,130865,02571,,,,127.040619534875,37.5792708944327
MA0101202410A0285208,금산수삼센타84호,,G2,소매,G221,기타 상품 소매,G22199,그 외 기타 상품 전문 소매업,G47859,그 외 기타 분류 안된 상품 전문 소매업,44,충청남도,44710,금산군,44710250,금산읍,4471025022,금산읍,4471025022100240000,1,대지,24,,충청남도 금산군 금산읍 중도리 24,447103257044,충청남도 금산군 금산읍 인삼약초로,24,,4471025022100240000017736,,충청남도 금산군 금산읍 인삼약초로 24,312806,32739,,,,127.496358187934,36.1001557428811
MA0101202410A0328293,산마을,,G2,소매,G221,기타 상품 소매,G22199,그 외 기타 상품 전문 소매업,G47859,그 외 기타 분류 안된 상품 전문 소매업,51,강원특별자치도,51790,화천군,51790340,사내면,5179034022,사내면,5179034022111380010,1,대지,1138,10,강원특별자치도 화천군 사내면 광덕리 1138-10,517903000135,강원특별자치도 화천군 사내면 포화로,6,,4279034022011380010004468,,강원특별자치도 화천군 사내면 포화로 6,209831,24150,,,,127.443865356502,38.0997766169715
MA0101202410A0328682,고려산삼방하리농장,,G2,소매,G221,기타 상품 소매,G22199,그 외 기타 상품 전문 소매업,G47859,그 외 기타 분류 안된 상품 전문 소매업,51,강원특별자치도,51110,춘천시,51110400,남산면,5111040030,남산면,5111040030101490003,1,대지,149,3,강원특별자치도 춘천시 남산면 방하리 149-3,511103218012,강원특별자치도 춘천시 남산면 방하로,877,,4211040030200110000000001,,강원특별자치도 춘천시 남산면 방하로 877,200914,24464,,,,127.537150205722,37.8066490132746
MA0101202410A0260657,풍산인삼,,G2,소매,G221,기타 상품 소매,G22199,그 외 기타 상품 전문 소매업,G47859,그 외 기타 분류 안된 상품 전문 소매업,11,서울특별시,11230,동대문구,11230545,제기동,1123010300,제기동,1123010300110190000,1,대지,1019,,서울특별시 동대문구 제기동 1019,112304115033,서울특별시 동대문구 고산자로36길,3,,1123010300110190000034389,신관,서울특별시 동대문구 고산자로36길 3,130865,02571,,2,,127.039147690267,37.5790371332837
MA0101202410A0327995,대흥인삼,,G2,소매,G221,기타 상품 소매,G22199,그 외 기타 상품 전문 소매업,G47859,그 외 기타 분류 안된 상품 전문 소매업,51,강원특별자치도,51110,춘천시,51110545,약사명동,5111010900,죽림동,5111010900100320000,1,대지,32,,강원특별자치도 춘천시 죽림동 32,511104454476,강원특별자치도 춘천시 약사고개길,13,,4211010900100320000023432,제일종합시장,강원특별자치도 춘천시 약사고개길 13,200050,24355,,1,,127.726071267564,37.8774857085028
MA0101202410A0329173,금산수삼센터35호,,G2,소매,G221,기타 상품 소매,G22199,그 외 기타 상품 전문 소매업,G47859,그 외 기타 분류 안된 상품 전문 소매업,44,충청남도,44710,금산군,44710250,금산읍,4471025022,금산읍,4471025022100240000,1,대지,24,,충청남도 금산군 금산읍 중도리 24,447103257044,충청남도 금산군 금산읍 인삼약초로,24,,4471025022100240000017736,,충청남도 금산군 금산읍 인삼약초로 24,312806,32739,,,,127.496358187934,36.1001557428811
MA0101202410A0340476,대영물산,,G2,소매,G221,기타 상품 소매,G22199,그 외 기타 상품 전문 소매업,G47859,그 외 기타 분류 안된 상품 전문 소매업,51,강원특별자치도,51130,원주시,51130515,중앙동,5113010100,중앙동,5113010100100520002,1,대지,52,2,강원특별자치도 원주시 중앙동 52-2,511303219066,강원특별자치도 원주시 중앙로,142,,4213010100100520002012286,,강원특별자치도 원주시 중앙로 142,220903,26428,,,,127.949496357918,37.3511874380644
MA0101202410A0340506,외솔배기산삼,,G2,소매,G221,기타 상품 소매,G22199,그 외 기타 상품 전문 소매업,G47859,그 외 기타 분류 안된 상품 전문 소매업,51,강원특별자치도,51760,평창군,51760350,용평면,5176035027,용평면,5176035027102840003,1,대지,284,3,강원특별자치도 평창군 용평면 장평리 284-3,517602228001,강원특별자치도 평창군 용평면 평창대로,1910,1,4276035027102840003000001,,강원특별자치도 평창군 용평면 평창대로 1910-1,232933,25315,,,,128.420698250812,37.5770527311077
MA0101202410A0261886,금강자연약초,,G2,소매,G221,기타 상품 소매,G22199,그 외 기타 상품 전문 소매업,G47859,그 외 기타 분류 안된 상품 전문 소매업,11,서울특별시,11230,동대문구,11230545,제기동,1123010300,제기동,1123010300108920071,1,대지,892,71,서울특별시 동대문구 제기동 892-71,112303105008,서울특별시 동대문구 왕산로,109,,1123010300108920071031926,,서울특별시 동대문구 왕산로 109,130864,02568,,2,,127.035932367607,37.5786507283571
MA0101202410A0261921,송희인삼,,G2,소매,G221,기타 상품 소매,G22199,그 외 기타 상품 전문 소매업,G47859,그 외 기타 분류 안된 상품 전문 소매업,11,서울특별시,11230,동대문구,11230545,제기동,1123010300,제기동,1123010300110190000,1,대지,1019,,서울특별시 동대문구 제기동 1019,112304115033,서울특별시 동대문구 고산자로36길,3,,1123010300110190000034389,2000,서울특별시 동대문구 고산자로36길 3,130865,02571,,2,,127.039147690267,37.5790371332837
MA0101202410A0283507,청정물산,,G2,소매,G221,기타 상품 소매,G22199,그 외 기타 상품 전문 소매업,G47859,그 외 기타 분류 안된 상품 전문 소매업,11,서울특별시,11305,강북구,11305615,수유1동,1130510300,수유동,1130510300100550034,1,대지,55,34,서울특별시 강북구 수유동 55-34,113054124292,서울특별시 강북구 삼양로74길,81,,1130510300100550034013037,,서울특별시 강북구 삼양로74길 81,142874,01117,,,,127.022430814884,37.6304159481324
MA0101202410A0259694,삼부자인삼,,G2,소매,G221,기타 상품 소매,G22199,그 외 기타 상품 전문 소매업,G47859,그 외 기타 분류 안된 상품 전문 소매업,11,서울특별시,11230,동대문구,11230545,제기동,1123010300,제기동,1123010300110190000,1,대지,1019,,서울특별시 동대문구 제기동 1019,112304115033,서울특별시 동대문구 고산자로36길,3,,1123010300110190000034389,본관,서울특별시 동대문구 고산자로36길 3,130865,02571,,2,,127.039147690267,37.5790371332837
MA0101202410A0259698,신호인삼,,G2,소매,G221,기타 상품 소매,G22199,그 외 기타 상품 전문 소매업,G47859,그 외 기타 분류 안된 상품 전문 소매업,11,서울특별시,11230,동대문구,11230545,제기동,1123010300,제기동,1123010300110190000,1,대지,1019,,서울특별시 동대문구 제기동 1019,112304115033,서울특별시 동대문구 고산자로36길,3,,1123010300110190000034389,신관,서울특별시 동대문구 고산자로36길 3,130865,02571,,1,,127.039147690267,37.5790371332837
MA0101202410A0260187,오복인삼방,,G2,소매,G221,기타 상품 소매,G22199,그 외 기타 상품 전문 소매업,G47859,그 외 기타 분류 안된 상품 전문 소매업,11,서울특별시,11230,동대문구,11230545,제기동,1123010300,제기동,1123010300110290001,1,대지,1029,1,서울특별시 동대문구 제기동 1029-1,112303005030,서울특별시 동대문구 고산자로,458,,1123010300110290001034516,인삼상가,서울특별시 동대문구 고산자로 458,130865,02571,,,,127.03869560954,37.5804968924119
MA0101202410A0263145,금산인삼방,,G2,소매,G221,기타 상품 소매,G22199,그 외 기타 상품 전문 소매업,G47859,그 외 기타 분류 안된 상품 전문 소매업,11,서울특별시,11230,동대문구,11230545,제기동,1123010300,제기동,1123010300110190000,1,대지,1019,,서울특별시 동대문구 제기동 1019,112304115033,서울특별시 동대문구 고산자로36길,3,,1123010300110190000034389,경동시장,서울특별시 동대문구 고산자로36길 3,130865,02571,,2,,127.039147690267,37.5790371332837
MA0101202410A0263198,세종인삼,,G2,소매,G221,기타 상품 소매,G22199,그 외 기타 상품 전문 소매업,G47859,그 외 기타 분류 안된 상품 전문 소매업,11,서울특별시,11230,동대문구,11230545,제기동,1123010300,제기동,1123010300110150000,1,대지,1015,,서울특별시 동대문구 제기동 1015,112303105008,서울특별시 동대문구 왕산로,147,,1123010300110150000034749,,서울특별시 동대문구 왕산로 147,130865,02571,,1,,127.03965699709,37.5787846849648
MA0101202410A0328052,고서방약초상회,,G2,소매,G221,기타 상품 소매,G22199,그 외 기타 상품 전문 소매업,G47859,그 외 기타 분류 안된 상품 전문 소매업,51,강원특별자치도,51110,춘천시,51110570,근화동,5111011700,근화동,5111011700107120002,1,대지,712,2,강원특별자치도 춘천시 근화동 712-2,511103218003,강원특별자치도 춘천시 공지로,431,,4211011700107120002010020,,강원특별자치도 춘천시 공지로 431,200931,24360,,1,,127.719371555755,37.8734636395038
MA0101202410A0336448,구룡약초상회,,G2,소매,G221,기타 상품 소매,G22199,그 외 기타 상품 전문 소매업,G47859,그 외 기타 분류 안된 상품 전문 소매업,51,강원특별자치도,51810,인제군,51810320,북면,5181032021,북면,5181032021104740062,1,대지,474,62,강원특별자치도 인제군 북면 원통리 474-62,518103233019,강원특별자치도 인제군 북면 원통로,260,,4281032021004740062011945,,강원특별자치도 인제군 북면 원통로 260,252822,24616,,2,,128.211987020469,38.1255251876965
MA0101202410A0336500,은하약초,,G2,소매,G221,기타 상품 소매,G22199,그 외 기타 상품 전문 소매업,G47859,그 외 기타 분류 안된 상품 전문 소매업,51,강원특별자치도,51810,인제군,51810320,북면,5181032021,북면,5181032021107090009,1,대지,709,9,강원특별자치도 인제군 북면 원통리 709-9,518104499027,강원특별자치도 인제군 북면 금강로33번길,16,,4281032021007090009011209,,강원특별자치도 인제군 북면 금강로33번길 16,252822,24617,,,,128.204748093859,38.1222214204751
MA0101202410A0259708,양주상회,,G2,소매,G221,기타 상품 소매,G22199,그 외 기타 상품 전문 소매업,G47859,그 외 기타 분류 안된 상품 전문 소매업,11,서울특별시,11230,동대문구,11230545,제기동,1123010300,제기동,1123010300110170000,1,대지,1017,,서울특별시 동대문구 제기동 1017,112303105008,서울특별시 동대문구 왕산로,139,10,1123010300110170000034751,삼화상가,서울특별시 동대문구 왕산로 139-10,130865,02571,,,,127.039136251467,37.5788118885768
MA0101202410A0259711,충남인삼사,,G2,소매,G221,기타 상품 소매,G22199,그 외 기타 상품 전문 소매업,G47859,그 외 기타 분류 안된 상품 전문 소매업,11,서울특별시,11230,동대문구,11230545,제기동,1123010300,제기동,1123010300110190000,1,대지,1019,,서울특별시 동대문구 제기동 1019,112304115033,서울특별시 동대문구 고산자로36길,3,,1123010300110190000034389,본관,서울특별시 동대문구 고산자로36길 3,130865,02571,,2,,127.039147690267,37.5790371332837
MA0101202410A0259721,장수인삼,,G2,소매,G221,기타 상품 소매,G22199,그 외 기타 상품 전문 소매업,G47859,그 외 기타 분류 안된 상품 전문 소매업,11,서울특별시,11230,동대문구,11230545,제기동,1123010300,제기동,1123010300110190000,1,대지,1019,,서울특별시 동대문구 제기동 1019,112304115033,서울특별시 동대문구 고산자로36길,3,,1123010300110190000034389,신관,서울특별시 동대문구 고산자로36길 3,130865,02571,,2,,127.039147690267,37.5790371332837
MA0101202410A0259722,강화삼보인삼,,G2,소매,G221,기타 상품 소매,G22199,그 외 기타 상품 전문 소매업,G47859,그 외 기타 분류 안된 상품 전문 소매업,11,서울특별시,11230,동대문구,11230545,제기동,1123010300,제기동,1123010300110190000,1,대지,1019,,서울특별시 동대문구 제기동 1019,112304115033,서울특별시 동대문구 고산자로36길,3,,1123010300110190000034389,2000,서울특별시 동대문구 고산자로36길 3,130865,02571,,2,,127.039147690267,37.5790371332837
MA0101202410A0259723,풍원농산,,G2,소매,G221,기타 상품 소매,G22199,그 외 기타 상품 전문 소매업,G47859,그 외 기타 분류 안된 상품 전문 소매업,11,서울특별시,11230,동대문구,11230545,제기동,1123010300,제기동,1123010300110150000,1,대지,1015,,서울특별시 동대문구 제기동 1015,112303105008,서울특별시 동대문구 왕산로,147,,1123010300110150000034749,경신인삼,서울특별시 동대문구 왕산로 147,130865,02571,,,,127.03965699709,37.5787846849648
MA0101202410A0259733,문경상회,,G2,소매,G221,기타 상품 소매,G22199,그 외 기타 상품 전문 소매업,G47859,그 외 기타 분류 안된 상품 전문 소매업,11,서울특별시,11230,동대문구,11230545,제기동,1123010300,제기동,1123010300111400030,1,대지,1140,30,서울특별시 동대문구 제기동 1140-30,112303105007,서울특별시 동대문구 약령중앙로,13,,1123010300111400030032139,,서울특별시 동대문구 약령중앙로 13,130864,02569,,,,127.036781820986,37.5794433414445
MA0101202410A0260776,심보인삼,,G2,소매,G221,기타 상품 소매,G22199,그 외 기타 상품 전문 소매업,G47859,그 외 기타 분류 안된 상품 전문 소매업,11,서울특별시,11230,동대문구,11230545,제기동,1123010300,제기동,1123010300108920071,1,대지,892,71,서울특별시 동대문구 제기동 892-71,112303105008,서울특별시 동대문구 왕산로,109,,1123010300108920071031926,한솔동의보감,서울특별시 동대문구 왕산로 109,130864,02568,,2,,127.035932367607,37.5786507283571
MA0101202410A0261339,고서연인삼,,G2,소매,G221,기타 상품 소매,G22199,그 외 기타 상품 전문 소매업,G47859,그 외 기타 분류 안된 상품 전문 소매업,11,서울특별시,11230,동대문구,11230545,제기동,1123010300,제기동,1123010300110190000,1,대지,1019,,서울특별시 동대문구 제기동 1019,112304115033,서울특별시 동대문구 고산자로36길,3,,1123010300110190000034389,본관,서울특별시 동대문구 고산자로36길 3,130865,02571,,2,,127.039147690267,37.5790371332837
MA0101202410A0261373,최씨인삼방,,G2,소매,G221,기타 상품 소매,G22199,그 외 기타 상품 전문 소매업,G47859,그 외 기타 분류 안된 상품 전문 소매업,11,서울특별시,11230,동대문구,11230545,제기동,1123010300,제기동,1123010300110190000,1,대지,1019,,서울특별시 동대문구 제기동 1019,112304115033,서울특별시 동대문구 고산자로36길,3,,1123010300110190000034389,본관,서울특별시 동대문구 고산자로36길 3,130865,02571,,2,,127.039147690267,37.5790371332837
MA0101202410A0276446,금순이네인삼,,G2,소매,G221,기타 상품 소매,G22199,그 외 기타 상품 전문 소매업,G47859,그 외 기타 분류 안된 상품 전문 소매업,44,충청남도,44710,금산군,44710250,금산읍,4471025022,금산읍,4471025022100240000,1,대지,24,,충청남도 금산군 금산읍 중도리 24,447103257044,충청남도 금산군 금산읍 인삼약초로,24,,4471025022100240000017736,금산인삼수삼센터,충청남도 금산군 금산읍 인삼약초로 24,312806,32739,,,,127.496358187934,36.1001557428811
MA0101202410A0259743,벧엘인삼,,G2,소매,G221,기타 상품 소매,G22199,그 외 기타 상품 전문 소매업,G47859,그 외 기타 분류 안된 상품 전문 소매업,11,서울특별시,11230,동대문구,11230545,제기동,1123010300,제기동,1123010300110190000,1,대지,1019,,서울특별시 동대문구 제기동 1019,112304115033,서울특별시 동대문구 고산자로36길,3,,1123010300110190000034389,신관,서울특별시 동대문구 고산자로36길 3,130865,02571,,2,,127.039147690267,37.5790371332837
MA0101202410A0259768,서울인삼,,G2,소매,G221,기타 상품 소매,G22199,그 외 기타 상품 전문 소매업,G47859,그 외 기타 분류 안된 상품 전문 소매업,11,서울특별시,11230,동대문구,11230545,제기동,1123010300,제기동,1123010300110190000,1,대지,1019,,서울특별시 동대문구 제기동 1019,112304115033,서울특별시 동대문구 고산자로36길,3,,1123010300110190000034389,본관,서울특별시 동대문구 고산자로36길 3,130865,02571,,2,,127.039147690267,37.5790371332837
MA0101202410A0260234,성보인삼,,G2,소매,G221,기타 상품 소매,G22199,그 외 기타 상품 전문 소매업,G47859,그 외 기타 분류 안된 상품 전문 소매업,11,서울특별시,11230,동대문구,11230545,제기동,1123010300,제기동,1123010300110290001,1,대지,1029,1,서울특별시 동대문구 제기동 1029-1,112303005030,서울특별시 동대문구 고산자로,458,,1123010300110290001034516,,서울특별시 동대문구 고산자로 458,130865,02571,,,,127.03869560954,37.5804968924119
MA0101202410A0260841,한수인삼,,G2,소매,G221,기타 상품 소매,G22199,그 외 기타 상품 전문 소매업,G47859,그 외 기타 분류 안된 상품 전문 소매업,11,서울특별시,11230,동대문구,11230545,제기동,1123010300,제기동,1123010300110460001,1,대지,1046,1,서울특별시 동대문구 제기동 1046-1,112304115033,서울특별시 동대문구 고산자로36길,4,,1123010300110460001034752,경동빌딩,서울특별시 동대문구 고산자로36길 4,130865,02571,,,,127.038739993053,37.5787579596422
MA0101202410A0264707,삼포인삼사,,G2,소매,G221,기타 상품 소매,G22199,그 외 기타 상품 전문 소매업,G47859,그 외 기타 분류 안된 상품 전문 소매업,11,서울특별시,11230,동대문구,11230545,제기동,1123010300,제기동,1123010300110190000,1,대지,1019,,서울특별시 동대문구 제기동 1019,112304115033,서울특별시 동대문구 고산자로36길,3,,1123010300110190000034389,본관,서울특별시 동대문구 고산자로36길 3,130865,02571,,2,,127.039147690267,37.5790371332837
MA0101202410A0264712,일성물산,,G2,소매,G221,기타 상품 소매,G22199,그 외 기타 상품 전문 소매업,G47859,그 외 기타 분류 안된 상품 전문 소매업,11,서울특별시,11230,동대문구,11230545,제기동,1123010300,제기동,1123010300110190000,1,대지,1019,,서울특별시 동대문구 제기동 1019,112304115033,서울특별시 동대문구 고산자로36길,3,,1123010300110190000034389,경동시장,서울특별시 동대문구 고산자로36길 3,130865,02571,,,,127.039147690267,37.5790371332837
MA0101202410A0299329,심마니농장,,G2,소매,G221,기타 상품 소매,G22199,그 외 기타 상품 전문 소매업,G47859,그 외 기타 분류 안된 상품 전문 소매업,41,경기도,41210,광명시,41210631,하안1동,4121010300,하안동,4121010300105010001,1,대지,501,1,경기도 광명시 하안동 501-1,412103000027,경기도 광명시 범안로,897,,4121010300105010001000001,,경기도 광명시 범안로 897,423844,14260,,,,126.866104870538,37.4539895680362
MA0101202410A0316417,서울과학기술대학교우편취급국,,G2,소매,G221,기타 상품 소매,G22199,그 외 기타 상품 전문 소매업,G47859,그 외 기타 분류 안된 상품 전문 소매업,11,서울특별시,11350,노원구,11350600,공릉2동,1135010300,공릉동,1135010300101720000,1,대지,172,,서울특별시 노원구 공릉동 172,113503005050,서울특별시 노원구 공릉로,232,,1135010300100780001000170,학생회관,서울특별시 노원구 공릉로 232,139743,01811,,1,,127.076788624216,37.6330780309353
MA0101202410A0332901,태백건재,,G2,소매,G221,기타 상품 소매,G22199,그 외 기타 상품 전문 소매업,G47859,그 외 기타 분류 안된 상품 전문 소매업,51,강원특별자치도,51190,태백시,51190535,삼수동,5119010100,황지동,5119010100102730016,1,대지,273,16,강원특별자치도 태백시 황지동 273-16,511903222013,강원특별자치도 태백시 황지로,231,,4219010100102730016002103,,강원특별자치도 태백시 황지로 231,235801,26007,,,,128.986110709919,37.1774407180114
MA0101202410A0333042,세진유통상회,,G2,소매,G221,기타 상품 소매,G22199,그 외 기타 상품 전문 소매업,G47859,그 외 기타 분류 안된 상품 전문 소매업,51,강원특별자치도,51190,태백시,51190515,황지동,5119010100,황지동,5119010100100380027,1,대지,38,27,강원특별자치도 태백시 황지동 38-27,511904466129,강원특별자치도 태백시 시장북길,17,,4219010100100380027003304,,강원특별자치도 태백시 시장북길 17,235800,26011,,,,128.992359966899,37.17360600822
MA0101202410A0259791,광주당한초,,G2,소매,G221,기타 상품 소매,G22199,그 외 기타 상품 전문 소매업,G47859,그 외 기타 분류 안된 상품 전문 소매업,11,서울특별시,11230,동대문구,11230545,제기동,1123010300,제기동,1123010300110540001,1,대지,1054,1,서울특별시 동대문구 제기동 1054-1,112303005030,서울특별시 동대문구 고산자로,441,,1123010300110540001031825,,서울특별시 동대문구 고산자로 441,130864,02570,,,,127.038004237858,37.5789564174873
MA0101202410A0259796,만석인삼,,G2,소매,G221,기타 상품 소매,G22199,그 외 기타 상품 전문 소매업,G47859,그 외 기타 분류 안된 상품 전문 소매업,11,서울특별시,11230,동대문구,11230545,제기동,1123010300,제기동,1123010300110190000,1,대지,1019,,서울특별시 동대문구 제기동 1019,112304115033,서울특별시 동대문구 고산자로36길,3,,1123010300110190000034389,신관,서울특별시 동대문구 고산자로36길 3,130865,02571,,2,,127.039147690267,37.5790371332837
MA0101202410A0259797,음성인삼,,G2,소매,G221,기타 상품 소매,G22199,그 외 기타 상품 전문 소매업,G47859,그 외 기타 분류 안된 상품 전문 소매업,11,서울특별시,11230,동대문구,11230545,제기동,1123010300,제기동,1123010300110190000,1,대지,1019,,서울특별시 동대문구 제기동 1019,112304115033,서울특별시 동대문구 고산자로36길,3,,1123010300110190000034389,신관,서울특별시 동대문구 고산자로36길 3,130865,02571,,2,,127.039147690267,37.5790371332837
MA0101202410A0259809,목화인삼,,G2,소매,G221,기타 상품 소매,G22199,그 외 기타 상품 전문 소매업,G47859,그 외 기타 분류 안된 상품 전문 소매업,11,서울특별시,11230,동대문구,11230545,제기동,1123010300,제기동,1123010300109200001,1,대지,920,1,서울특별시 동대문구 제기동 920-1,112303005030,서울특별시 동대문구 고산자로,466,,1123010300109200001034426,,서울특별시 동대문구 고산자로 466,130863,02571,,1,,127.03878652441,37.5811635979189
MA0101202410A0260260,한국인삼방16호,,G2,소매,G221,기타 상품 소매,G22199,그 외 기타 상품 전문 소매업,G47859,그 외 기타 분류 안된 상품 전문 소매업,11,서울특별시,11230,동대문구,11230545,제기동,1123010300,제기동,1123010300110190000,1,대지,1019,,서울특별시 동대문구 제기동 1019,112304115033,서울특별시 동대문구 고산자로36길,3,,1123010300110190000034389,경동시장,서울특별시 동대문구 고산자로36길 3,130865,02571,,2,,127.039147690267,37.5790371332837
MA0101202410A0264797,괴산인삼방,,G2,소매,G221,기타 상품 소매,G22199,그 외 기타 상품 전문 소매업,G47859,그 외 기타 분류 안된 상품 전문 소매업,11,서울특별시,11230,동대문구,11230545,제기동,1123010300,제기동,1123010300110190000,1,대지,1019,,서울특별시 동대문구 제기동 1019,112304115033,서울특별시 동대문구 고산자로36길,3,,1123010300110190000034389,본관,서울특별시 동대문구 고산자로36길 3,130865,02571,,2,,127.039147690267,37.5790371332837
MA0101202410A0264800,대근네인삼,,G2,소매,G221,기타 상품 소매,G22199,그 외 기타 상품 전문 소매업,G47859,그 외 기타 분류 안된 상품 전문 소매업,11,서울특별시,11230,동대문구,11230545,제기동,1123010300,제기동,1123010300110290001,1,대지,1029,1,서울특별시 동대문구 제기동 1029-1,112303005030,서울특별시 동대문구 고산자로,458,,1123010300110290001034516,,서울특별시 동대문구 고산자로 458,130865,02571,,,,127.03869560954,37.5804968924119
MA0101202410A0332969,삼척가시오가피정보화운영위원회,,G2,소매,G221,기타 상품 소매,G22199,그 외 기타 상품 전문 소매업,G47859,그 외 기타 분류 안된 상품 전문 소매업,51,강원특별자치도,51230,삼척시,51230330,노곡면,5123033035,노곡면,5123033035100720001,1,대지,72,1,강원특별자치도 삼척시 노곡면 중마읍리 72-1,512303013011,강원특별자치도 삼척시 노곡면 문의재로,2470,,4223033035100720001000001,산촌문화회관,강원특별자치도 삼척시 노곡면 문의재로 2470,245835,25941,,2,,129.179227166212,37.2665465859735
MA0101202410A0333223,고려인삼,,G2,소매,G221,기타 상품 소매,G22199,그 외 기타 상품 전문 소매업,G47859,그 외 기타 분류 안된 상품 전문 소매업,51,강원특별자치도,51170,동해시,51170570,발한동,5117011100,발한동,5117011100100160022,1,대지,16,22,강원특별자치도 동해시 발한동 16-22,511703221018,강원특별자치도 동해시 발한로,234,1,4217011100100160022000002,,강원특별자치도 동해시 발한로 234-1,240804,25720,,1,,129.10824656227,37.5500715236192
MA0101202410A0333704,쇗골농장,,G2,소매,G221,기타 상품 소매,G22199,그 외 기타 상품 전문 소매업,G47859,그 외 기타 분류 안된 상품 전문 소매업,51,강원특별자치도,51230,삼척시,51230330,노곡면,5123033021,노곡면,5123033021102770000,1,대지,277,,강원특별자치도 삼척시 노곡면 여삼리 277,512303224015,강원특별자치도 삼척시 노곡면 박걸남로,121,159,4223033021102770000000001,,강원특별자치도 삼척시 노곡면 박걸남로 121-159,245842,25940,,1,,129.13653905574,37.3668617648292
MA0101202410A0259819,인삼,코리아,G2,소매,G221,기타 상품 소매,G22199,그 외 기타 상품 전문 소매업,G47859,그 외 기타 분류 안된 상품 전문 소매업,11,서울특별시,11230,동대문구,11230545,제기동,1123010300,제기동,1123010300110190000,1,대지,1019,,서울특별시 동대문구 제기동 1019,112304115033,서울특별시 동대문구 고산자로36길,3,,1123010300110190000034389,본관,서울특별시 동대문구 고산자로36길 3,130865,02571,,2,,127.039147690267,37.5790371332837
MA0101202410A0259835,삼성농산,,G2,소매,G221,기타 상품 소매,G22199,그 외 기타 상품 전문 소매업,G47859,그 외 기타 분류 안된 상품 전문 소매업,11,서울특별시,11230,동대문구,11230545,제기동,1123010300,제기동,1123010300110150000,1,대지,1015,,서울특별시 동대문구 제기동 1015,112303105008,서울특별시 동대문구 왕산로,147,,1123010300110150000034749,제일학원,서울특별시 동대문구 왕산로 147,130865,02571,,,,127.03965699709,37.5787846849648
MA0101202410A0261480,동인인삼,,G2,소매,G221,기타 상품 소매,G22199,그 외 기타 상품 전문 소매업,G47859,그 외 기타 분류 안된 상품 전문 소매업,11,서울특별시,11230,동대문구,11230545,제기동,1123010300,제기동,1123010300110190000,1,대지,1019,,서울특별시 동대문구 제기동 1019,112304115033,서울특별시 동대문구 고산자로36길,3,,1123010300110190000034389,본관,서울특별시 동대문구 고산자로36길 3,130865,02571,,2,,127.039147690267,37.5790371332837
MA0101202410A0264807,개풍인삼,,G2,소매,G221,기타 상품 소매,G22199,그 외 기타 상품 전문 소매업,G47859,그 외 기타 분류 안된 상품 전문 소매업,11,서울특별시,11230,동대문구,11230545,제기동,1123010300,제기동,1123010300110190000,1,대지,1019,,서울특별시 동대문구 제기동 1019,112304115033,서울특별시 동대문구 고산자로36길,3,,1123010300110190000034389,경동시장,서울특별시 동대문구 고산자로36길 3,130865,02571,,2,,127.039147690267,37.5790371332837
MA0101202410A0335210,강원농산,,G2,소매,G221,기타 상품 소매,G22199,그 외 기타 상품 전문 소매업,G47859,그 외 기타 분류 안된 상품 전문 소매업,51,강원특별자치도,51170,동해시,51170520,송정동,5117010300,송정동,5117010300108480160,1,대지,848,160,강원특별자치도 동해시 송정동 848-160,511704463076,강원특별자치도 동해시 동해역길,70,,4217010300008480160008207,,강원특별자치도 동해시 동해역길 70,240806,25786,,,,129.124559734262,37.4981607981727
MA0101202410A0259848,신삼우상회,,G2,소매,G221,기타 상품 소매,G22199,그 외 기타 상품 전문 소매업,G47859,그 외 기타 분류 안된 상품 전문 소매업,11,서울특별시,11230,동대문구,11230545,제기동,1123010300,제기동,1123010300110190000,1,대지,1019,,서울특별시 동대문구 제기동 1019,112304115033,서울특별시 동대문구 고산자로36길,3,,1123010300110190000034389,신관,서울특별시 동대문구 고산자로36길 3,130865,02571,,1,,127.039147690267,37.5790371332837
MA0101202410A0260339,자매인삼,,G2,소매,G221,기타 상품 소매,G22199,그 외 기타 상품 전문 소매업,G47859,그 외 기타 분류 안된 상품 전문 소매업,11,서울특별시,11230,동대문구,11230545,제기동,1123010300,제기동,1123010300110190000,1,대지,1019,,서울특별시 동대문구 제기동 1019,112304115033,서울특별시 동대문구 고산자로36길,3,,1123010300110190000034389,본관,서울특별시 동대문구 고산자로36길 3,130865,02571,,2,,127.039147690267,37.5790371332837
MA0101202410A0260949,송림상회,,G2,소매,G221,기타 상품 소매,G22199,그 외 기타 상품 전문 소매업,G47859,그 외 기타 분류 안된 상품 전문 소매업,11,서울특별시,11230,동대문구,11230545,제기동,1123010300,제기동,1123010300110190000,1,대지,1019,,서울특별시 동대문구 제기동 1019,112304115033,서울특별시 동대문구 고산자로36길,3,,1123010300110190000034389,경동시장,서울특별시 동대문구 고산자로36길 3,130865,02571,,2,,127.039147690267,37.5790371332837
MA0101202410A0340569,한국산삼경매장한국야생산삼감정협회,,G2,소매,G221,기타 상품 소매,G22199,그 외 기타 상품 전문 소매업,G47859,그 외 기타 분류 안된 상품 전문 소매업,51,강원특별자치도,51730,횡성군,51730250,횡성읍,5173025022,횡성읍,5173025022103640003,1,대지,364,3,강원특별자치도 횡성군 횡성읍 읍하리 364-3,517303226086,강원특별자치도 횡성군 횡성읍 한우로,246,,4273025022103640003021989,,강원특별자치도 횡성군 횡성읍 한우로 246,225808,25237,,,,127.982333902264,37.4917339495881
MA0101202410A0259893,봉화인삼,,G2,소매,G221,기타 상품 소매,G22199,그 외 기타 상품 전문 소매업,G47859,그 외 기타 분류 안된 상품 전문 소매업,11,서울특별시,11230,동대문구,11230545,제기동,1123010300,제기동,1123010300110150000,1,대지,1015,,서울특별시 동대문구 제기동 1015,112303105008,서울특별시 동대문구 왕산로,147,,1123010300110150000034749,,서울특별시 동대문구 왕산로 147,130865,02571,,,,127.03965699709,37.5787846849648
MA0101202410A0260366,조선물산,,G2,소매,G221,기타 상품 소매,G22199,그 외 기타 상품 전문 소매업,G47859,그 외 기타 분류 안된 상품 전문 소매업,11,서울특별시,11230,동대문구,11230545,제기동,1123010300,제기동,1123010300108920007,1,대지,892,7,서울특별시 동대문구 제기동 892-7,112304115241,서울특별시 동대문구 약령서길,16,,1123010300108920007031824,,서울특별시 동대문구 약령서길 16,130864,02569,,,,127.036226914737,37.5790741055202
MA0101202410A0260968,마포인삼,,G2,소매,G221,기타 상품 소매,G22199,그 외 기타 상품 전문 소매업,G47859,그 외 기타 분류 안된 상품 전문 소매업,11,서울특별시,11230,동대문구,11230545,제기동,1123010300,제기동,1123010300110190000,1,대지,1019,,서울특별시 동대문구 제기동 1019,112304115033,서울특별시 동대문구 고산자로36길,3,,1123010300110190000034389,본관,서울특별시 동대문구 고산자로36길 3,130865,02571,,2,,127.039147690267,37.5790371332837
MA0101202410A0340952,횡성더덕，장뇌삼농가판매장,,G2,소매,G221,기타 상품 소매,G22199,그 외 기타 상품 전문 소매업,G47859,그 외 기타 분류 안된 상품 전문 소매업,51,강원특별자치도,51130,원주시,51130515,중앙동,5113010200,평원동,5113010200103230003,1,대지,323,3,강원특별자치도 원주시 평원동 323-3,511304457618,강원특별자치도 원주시 평원안길,21,,4213010200103230003008188,,강원특별자치도 원주시 평원안길 21,220010,26430,,,,127.952771436342,37.3495663407425
MA0101202410A0336472,점봉산약초,,G2,소매,G221,기타 상품 소매,G22199,그 외 기타 상품 전문 소매업,G47859,그 외 기타 분류 안된 상품 전문 소매업,51,강원특별자치도,51810,인제군,51810330,기린면,5181033022,기린면,5181033022100270001,1,대지,27,1,강원특별자치도 인제군 기린면 북리 27-1,518103233024,강원특별자치도 인제군 기린면 한석산로,2380,,4281033022000270001006821,,강원특별자치도 인제군 기린면 한석산로 2380,252842,24654,,,,128.355247697324,38.0175953938723
MA0101202410A0260381,한양인삼,,G2,소매,G221,기타 상품 소매,G22199,그 외 기타 상품 전문 소매업,G47859,그 외 기타 분류 안된 상품 전문 소매업,11,서울특별시,11230,동대문구,11230545,제기동,1123010300,제기동,1123010300110150000,1,대지,1015,,서울특별시 동대문구 제기동 1015,112303105008,서울특별시 동대문구 왕산로,147,,1123010300110150000034749,경동시장,서울특별시 동대문구 왕산로 147,130865,02571,,,,127.03965699709,37.5787846849648
MA0101202410A0260998,개성인삼,,G2,소매,G221,기타 상품 소매,G22199,그 외 기타 상품 전문 소매업,G47859,그 외 기타 분류 안된 상품 전문 소매업,11,서울특별시,11230,동대문구,11230545,제기동,1123010300,제기동,1123010300110290001,1,대지,1029,1,서울특별시 동대문구 제기동 1029-1,112303005030,서울특별시 동대문구 고산자로,458,,1123010300110290001034516,,서울특별시 동대문구 고산자로 458,130865,02571,,2,,127.03869560954,37.5804968924119
MA0101202410A0261619,강릉인삼,,G2,소매,G221,기타 상품 소매,G22199,그 외 기타 상품 전문 소매업,G47859,그 외 기타 분류 안된 상품 전문 소매업,11,서울특별시,11230,동대문구,11230545,제기동,1123010300,제기동,1123010300110190000,1,대지,1019,,서울특별시 동대문구 제기동 1019,112304115033,서울특별시 동대문구 고산자로36길,3,,1123010300110190000034389,본관,서울특별시 동대문구 고산자로36길 3,130865,02571,,2,,127.039147690267,37.5790371332837
MA0101202410A0344774,정선남매농산,,G2,소매,G221,기타 상품 소매,G22199,그 외 기타 상품 전문 소매업,G47859,그 외 기타 분류 안된 상품 전문 소매업,51,강원특별자치도,51770,정선군,51770250,정선읍,5177025021,정선읍,5177025021103490015,1,대지,349,15,강원특별자치도 정선군 정선읍 봉양리 349-15,517704487147,강원특별자치도 정선군 정선읍 봉양7길,45,,4277025021103490015009246,,강원특별자치도 정선군 정선읍 봉양7길 45,233804,26130,,,,128.66533177423,37.3807894207424
MA0101202410A0357954,동현상사,,G2,소매,G221,기타 상품 소매,G22199,그 외 기타 상품 전문 소매업,G47859,그 외 기타 분류 안된 상품 전문 소매업,41,경기도,41830,양평군,41830330,양서면,4183033028,양서면,4183033028100960001,1,대지,96,1,경기도 양평군 양서면 국수리 96-1,418304452019,경기도 양평군 양서면 왯재길,54,,4183033028100960001014379,,경기도 양평군 양서면 왯재길 54,476821,12580,,,,127.406482118129,37.5238607707198
MA0101202410A0343899,가리왕산원골농원,,G2,소매,G221,기타 상품 소매,G22199,그 외 기타 상품 전문 소매업,G47859,그 외 기타 분류 안된 상품 전문 소매업,51,강원특별자치도,51770,정선군,51770250,정선읍,5177025021,정선읍,5177025021103480001,1,대지,348,1,강원특별자치도 정선군 정선읍 봉양리 348-1,517704487147,강원특별자치도 정선군 정선읍 봉양7길,50,,4277025021103480001009119,,강원특별자치도 정선군 정선읍 봉양7길 50,233804,26130,,,,128.665709401318,37.3810183411426
MA0101202410A0360422,성현,,G2,소매,G221,기타 상품 소매,G22199,그 외 기타 상품 전문 소매업,G47859,그 외 기타 분류 안된 상품 전문 소매업,43,충청북도,43150,제천시,43150320,청풍면,4315032041,청풍면,4315032041102940003,1,대지,294,3,충청북도 제천시 청풍면 물태리 294-3,431504518038,충청북도 제천시 청풍면 청풍호로54길,14,7,4315032041102940003000001,,충청북도 제천시 청풍면 청풍호로54길 14-7,390832,27214,,,,128.166751149451,36.9996090027229
MA0101202410A0369003,솔향축분,,G2,소매,G221,기타 상품 소매,G22199,그 외 기타 상품 전문 소매업,G47859,그 외 기타 분류 안된 상품 전문 소매업,41,경기도,41670,여주시,41670350,대신면,4167035021,대신면,4167035021101810006,1,대지,181,6,경기도 여주시 대신면 후포리 181-6,416704442195,경기도 여주시 대신면 상구1길,87,48,4167035021101810006000001,,경기도 여주시 대신면 상구1길 87-48,469843,12611,,,,127.628653808842,37.3693477217957
MA0101202410A0341379,율동농장,,G2,소매,G221,기타 상품 소매,G22199,그 외 기타 상품 전문 소매업,G47859,그 외 기타 분류 안된 상품 전문 소매업,51,강원특별자치도,51730,횡성군,51730340,갑천면,5173034029,갑천면,5173034029102030000,1,대지,203,,강원특별자치도 횡성군 갑천면 율동리 203,517303226059,강원특별자치도 횡성군 갑천면 율동로,90,19,4273034029102030000000001,,강원특별자치도 횡성군 갑천면 율동로 90-19,225844,25258,,,,128.111727044693,37.5713038399746
MA0101202410A0343984,유림사부자농장,,G2,소매,G221,기타 상품 소매,G22199,그 외 기타 상품 전문 소매업,G47859,그 외 기타 분류 안된 상품 전문 소매업,51,강원특별자치도,51770,정선군,51770250,정선읍,5177025021,정선읍,5177025021103500007,1,대지,350,7,강원특별자치도 정선군 정선읍 봉양리 350-7,517704487001,강원특별자치도 정선군 정선읍 5일장길,43,,4277025021103500007009343,,강원특별자치도 정선군 정선읍 5일장길 43,233804,26130,,,,128.664980107752,37.3807132904984
MA0101202410A0346837,평창모릿재산양산삼,,G2,소매,G221,기타 상품 소매,G22199,그 외 기타 상품 전문 소매업,G47859,그 외 기타 분류 안된 상품 전문 소매업,51,강원특별자치도,51760,평창군,51760360,진부면,5176036033,진부면,5176036033107470004,1,대지,747,4,강원특별자치도 평창군 진부면 마평리 747-4,517603228009,강원특별자치도 평창군 진부면 모릿재로,704,19,4276036033107470004000001,,강원특별자치도 평창군 진부면 모릿재로 704-19,232944,25337,,,,128.502514523924,37.5775080096465
MA0101202410A0354512,부산식물원,,G2,소매,G221,기타 상품 소매,G22199,그 외 기타 상품 전문 소매업,G47859,그 외 기타 분류 안된 상품 전문 소매업,11,서울특별시,11650,서초구,11650652,양재2동,1165010200,양재동,1165010200102320000,1,대지,232,,서울특별시 서초구 양재동 232,116502102001,서울특별시 서초구 강남대로,27,,1165010200102320000000001,,서울특별시 서초구 강남대로 27,137942,06774,,,,127.039135075925,37.4682769059703
MA0101202410A0354520,미화농원,,G2,소매,G221,기타 상품 소매,G22199,그 외 기타 상품 전문 소매업,G47859,그 외 기타 분류 안된 상품 전문 소매업,11,서울특별시,11650,서초구,11650652,양재2동,1165010200,양재동,1165010200102320000,1,대지,232,,서울특별시 서초구 양재동 232,116502102001,서울특별시 서초구 강남대로,27,,1165010200102320000000001,,서울특별시 서초구 강남대로 27,137942,06774,,,,127.039135075925,37.4682769059703
MA0101202410A0346885,옛살비,,G2,소매,G221,기타 상품 소매,G22199,그 외 기타 상품 전문 소매업,G47859,그 외 기타 분류 안된 상품 전문 소매업,51,강원특별자치도,51760,평창군,51760340,봉평면,5176034026,봉평면,5176034026107730004,1,대지,773,4,강원특별자치도 평창군 봉평면 무이리 773-4,517603228037,강원특별자치도 평창군 봉평면 태기로,89,,4276034026107730004003401,,강원특별자치도 평창군 봉평면 태기로 89,232923,25306,,,,128.321290088564,37.5880546424879
MA0101202410A0349999,주헌물산,,G2,소매,G221,기타 상품 소매,G22199,그 외 기타 상품 전문 소매업,G47859,그 외 기타 분류 안된 상품 전문 소매업,51,강원특별자치도,51830,양양군,51830250,양양읍,5183025021,양양읍,5183025021100660008,1,대지,66,8,강원특별자치도 양양군 양양읍 남문리 66-8,518304505040,강원특별자치도 양양군 양양읍 남문7길,15,9,4283025021100660008014242,,강원특별자치도 양양군 양양읍 남문7길 15-9,215804,25030,,,,128.622852380915,38.0741925619464
MA0101202410A0343650,대흥농산,,G2,소매,G221,기타 상품 소매,G22199,그 외 기타 상품 전문 소매업,G47859,그 외 기타 분류 안된 상품 전문 소매업,51,강원특별자치도,51770,정선군,51770250,정선읍,5177025021,정선읍,5177025021100570021,1,대지,57,21,강원특별자치도 정선군 정선읍 봉양리 57-21,517703229007,강원특별자치도 정선군 정선읍 녹송로,50,,4277025021100570021000001,,강원특별자치도 정선군 정선읍 녹송로 50,233804,26126,,,,128.671528537173,37.3817470441596
MA0101202410A0341722,금산인삼,대리점,G2,소매,G221,기타 상품 소매,G22199,그 외 기타 상품 전문 소매업,G47859,그 외 기타 분류 안된 상품 전문 소매업,51,강원특별자치도,51150,강릉시,51150520,중앙동,5115010800,성남동,5115010800100460015,1,대지,46,15,강원특별자치도 강릉시 성남동 46-15,511504460218,강원특별자치도 강릉시 금성로13번길,9,1,4215010800100460015001427,,강원특별자치도 강릉시 금성로13번길 9-1,210050,25543,,,,128.899472312271,37.7539303648812
MA0101202410A0365748,금산수삼센타91호,,G2,소매,G221,기타 상품 소매,G22199,그 외 기타 상품 전문 소매업,G47859,그 외 기타 분류 안된 상품 전문 소매업,44,충청남도,44710,금산군,44710250,금산읍,4471025022,금산읍,4471025022100240000,1,대지,24,,충청남도 금산군 금산읍 중도리 24,447103257044,충청남도 금산군 금산읍 인삼약초로,24,,4471025022100240000017736,금산인삼수삼센터,충청남도 금산군 금산읍 인삼약초로 24,312806,32739,,,,127.496358187934,36.1001557428811
MA0101202410A0347071,영흥상회,,G2,소매,G221,기타 상품 소매,G22199,그 외 기타 상품 전문 소매업,G47859,그 외 기타 분류 안된 상품 전문 소매업,51,강원특별자치도,51760,평창군,51760360,진부면,5176036021,진부면,5176036021102060052,1,대지,206,52,강원특별자치도 평창군 진부면 하진부리 206-52,517603228025,강원특별자치도 평창군 진부면 진부중앙로,89,,4276036021102060052016970,,강원특별자치도 평창군 진부면 진부중앙로 89,232948,25325,,,,128.55998010836,37.6391049552445
MA0101202410A0347073,외솔,,G2,소매,G221,기타 상품 소매,G22199,그 외 기타 상품 전문 소매업,G47859,그 외 기타 분류 안된 상품 전문 소매업,51,강원특별자치도,51760,평창군,51760330,대화면,5176033021,대화면,5176033021112390000,1,대지,1239,,강원특별자치도 평창군 대화면 대화리 1239,517602228001,강원특별자치도 평창군 대화면 평창대로,998,,4276033021112390000004731,,강원특별자치도 평창군 대화면 평창대로 998,232912,25355,,,,128.456559919489,37.5084877354151
MA0101202410A0369808,금산인삼102호,,G2,소매,G221,기타 상품 소매,G22199,그 외 기타 상품 전문 소매업,G47859,그 외 기타 분류 안된 상품 전문 소매업,44,충청남도,44710,금산군,44710250,금산읍,4471025022,금산읍,4471025022100160002,1,대지,16,2,충청남도 금산군 금산읍 중도리 16-2,447103257044,충청남도 금산군 금산읍 인삼약초로,42,,4471025022100160002020652,,충청남도 금산군 금산읍 인삼약초로 42,312806,32739,,,,127.497692669771,36.1004566182124
MA0101202410A0343752,산골약초농원,,G2,소매,G221,기타 상품 소매,G22199,그 외 기타 상품 전문 소매업,G47859,그 외 기타 분류 안된 상품 전문 소매업,51,강원특별자치도,51750,영월군,51750325,김삿갓면,5175032525,김삿갓면,5175032525104520000,1,대지,452,,강원특별자치도 영월군 김삿갓면 예밀리 452,517504481174,강원특별자치도 영월군 김삿갓면 예밀촌길,307,,4275032525104520000027519,,강원특별자치도 영월군 김삿갓면 예밀촌길 307,230823,26246,,,,128.588651202865,37.1468681605247
MA0101202410A0347082,산삼하우스,,G2,소매,G221,기타 상품 소매,G22199,그 외 기타 상품 전문 소매업,G47859,그 외 기타 분류 안된 상품 전문 소매업,51,강원특별자치도,51150,강릉시,51150330,구정면,5115033027,구정면,5115033027111100000,1,대지,1110,,강원특별자치도 강릉시 구정면 제비리 1110,511503220060,강원특별자치도 강릉시 구정면 칠봉로,699,13,4215033027011100000043074,,강원특별자치도 강릉시 구정면 칠봉로 699-13,210814,25621,,,,128.859933986603,37.7286437454264
MA0101202310A0059941,반려반상,,G2,소매,G221,기타 상품 소매,G22199,그 외 기타 상품 전문 소매업,G47859,그 외 기타 분류 안된 상품 전문 소매업,50,제주특별자치도,50110,제주시,50110660,노형동,5011012200,노형동,5011012200137850005,1,대지,3785,5,제주특별자치도 제주시 노형동 3785-5,501104849221,제주특별자치도 제주시 노형10길,21,,5011012200137850005000001,,제주특별자치도 제주시 노형10길 21,690805,63083,,,,126.479248976768,33.4834120163606
MA0101202310A0066881,백지네수석촌,,G2,소매,G221,기타 상품 소매,G22199,그 외 기타 상품 전문 소매업,G47859,그 외 기타 분류 안된 상품 전문 소매업,43,충청북도,43130,충주시,43130385,중앙탑면,4313038523,중앙탑면,4313038523105860005,1,대지,586,5,충청북도 충주시 중앙탑면 가흥리 586-5,431303197001,충청북도 충주시 중앙탑면 가곡로,2039,,4313038523105860001000001,,충청북도 충주시 중앙탑면 가곡로 2039,380921,27446,,1,,127.854710959627,37.0762424455474
MA0101202310A0051778,마리텔,제천점,G2,소매,G221,기타 상품 소매,G22199,그 외 기타 상품 전문 소매업,G47859,그 외 기타 분류 안된 상품 전문 소매업,43,충청북도,43150,제천시,43150590,청전동,4315011300,청전동,4315011300108890000,1,대지,889,,충청북도 제천시 청전동 889,431503239009,충청북도 제천시 내제로,221,,4315011300108890000030980,일부호,충청북도 제천시 내제로 221,390899,27153,,1,,128.210605812855,37.146602991448
MA0101202310A0073675,아트광고인쇄,,G2,소매,G221,기타 상품 소매,G22199,그 외 기타 상품 전문 소매업,G47859,그 외 기타 분류 안된 상품 전문 소매업,47,경상북도,47730,의성군,47730250,의성읍,4773025021,의성읍,4773025021108580037,1,대지,858,37,경상북도 의성군 의성읍 후죽리 858-37,477304745201,경상북도 의성군 의성읍 북부길,7,,4773025021108580037052447,,경상북도 의성군 의성읍 북부길 7,769805,37335,,,,128.693769837718,36.3569497271815
MA0101202310A0051803,한국농자재,,G2,소매,G221,기타 상품 소매,G22199,그 외 기타 상품 전문 소매업,G47859,그 외 기타 분류 안된 상품 전문 소매업,41,경기도,41461,용인시 처인구,41461525,역북동,4146110200,역북동,4146110200104360008,1,대지,436,8,경기도 용인시 처인구 역북동 436-8,414614409779,경기도 용인시 처인구 중부대로1313번길,6,18,4146110200104360008237958,,경기도 용인시 처인구 중부대로1313번길 6-18,449931,17047,,3,,127.192740204704,37.2358593613208
MA0101202310A0066966,관음불교사,,G2,소매,G221,기타 상품 소매,G22199,그 외 기타 상품 전문 소매업,G47859,그 외 기타 분류 안된 상품 전문 소매업,48,경상남도,48740,창녕군,48740253,남지읍,4874025321,남지읍,4874025321107460010,1,대지,746,10,경상남도 창녕군 남지읍 남지리 746-10,487403341050,경상남도 창녕군 남지읍 낙동로,453,,4874025321107460010017050,,경상남도 창녕군 남지읍 낙동로 453,635903,50359,,1,,128.474084926703,35.388684212932
MA0101202310A0059401,잡화,,G2,소매,G221,기타 상품 소매,G22199,그 외 기타 상품 전문 소매업,G47859,그 외 기타 분류 안된 상품 전문 소매업,28,인천광역시,28177,미추홀구,28177620,주안1동,2817710500,주안동,2817710500101880000,1,대지,188,,인천광역시 미추홀구 주안동 188,281773000028,인천광역시 미추홀구 경인로,343,,2817010600101890000000001,주안,인천광역시 미추홀구 경인로 343,402835,22139,,,,126.676074828846,37.4587932872372
MA0101202310A0059795,발칙한언니,,G2,소매,G221,기타 상품 소매,G22199,그 외 기타 상품 전문 소매업,G47859,그 외 기타 분류 안된 상품 전문 소매업,41,경기도,41590,화성시,41590262,남양읍,4159026221,남양읍,4159026221103880002,1,대지,388,2,경기도 화성시 남양읍 남양리 388-2,415903210128,경기도 화성시 남양읍 화성로,1018,,4159026221103880002000001,,경기도 화성시 남양읍 화성로 1018,445851,18260,,2,,126.799436470879,37.2027148538985
MA0101202311A0042211,24시편의점,,G2,소매,G221,기타 상품 소매,G22199,그 외 기타 상품 전문 소매업,G47859,그 외 기타 분류 안된 상품 전문 소매업,27,대구광역시,27260,수성구,27260640,두산동,2726011100,두산동,2726011100101940000,1,대지,194,,대구광역시 수성구 두산동 194,272604238217,대구광역시 수성구 무학로23길,72,,2726011100101940019016285,,대구광역시 수성구 무학로23길 72,706801,42175,,1,,128.622355443221,35.8332979370858
MA0101202311A0065359,수연,,G2,소매,G221,기타 상품 소매,G22199,그 외 기타 상품 전문 소매업,G47859,그 외 기타 분류 안된 상품 전문 소매업,41,경기도,41630,양주시,41630330,광적면,4163033021,광적면,4163033021107350008,1,대지,735,8,경기도 양주시 광적면 가납리 735-8,416304436022,경기도 양주시 광적면 가래비길,79,18,4163033021107350008040563,,경기도 양주시 광적면 가래비길 79-18,482841,11419,,2,,126.9841894895,37.8233780623397
MA0101202311A0068580,에스에스몰,,G2,소매,G221,기타 상품 소매,G22199,그 외 기타 상품 전문 소매업,G47859,그 외 기타 분류 안된 상품 전문 소매업,26,부산광역시,26530,사상구,26530660,주례2동,2653010600,주례동,2653010600100550169,1,대지,55,169,부산광역시 사상구 주례동 55-169,265303129042,부산광역시 사상구 냉정로,117,,2653010600100550169005085,,부산광역시 사상구 냉정로 117,617833,47006,,3,,129.012862884928,35.1497513399936
MA0101202311A0072133,금성유통,,G2,소매,G221,기타 상품 소매,G22199,그 외 기타 상품 전문 소매업,G47859,그 외 기타 분류 안된 상품 전문 소매업,11,서울특별시,11530,구로구,11530780,오류2동,1153010800,오류동,1153010800101190001,1,대지,119,1,서울특별시 구로구 오류동 119-1,115303000028,서울특별시 구로구 경인로,89,,1153010800101190001002130,성인용품,서울특별시 구로구 경인로 89,152895,08264,,,,126.832046539633,37.491743412729
MA0101202311A0074791,메이클럽학생복,서구점,G2,소매,G221,기타 상품 소매,G22199,그 외 기타 상품 전문 소매업,G47859,그 외 기타 분류 안된 상품 전문 소매업,29,광주광역시,29140,서구,29140752,상무2동,2914011800,쌍촌동,2914011800112480013,1,대지,1248,13,광주광역시 서구 쌍촌동 1248-13,291403160035,광주광역시 서구 운천로,104,1,2914011800112480012010767,,광주광역시 서구 운천로 104-1,502854,62023,,,,126.858565079969,35.1419658767982
MA0101202311A0023693,슬로우트리인터내셔널,,G2,소매,G221,기타 상품 소매,G22199,그 외 기타 상품 전문 소매업,G47859,그 외 기타 분류 안된 상품 전문 소매업,41,경기도,41461,용인시 처인구,41461340,원삼면,4146134025,원삼면,4146134025101830032,1,대지,183,32,경기도 용인시 처인구 원삼면 미평리 183-32,414614409493,경기도 용인시 처인구 원삼면 생안로31번길,20,,4146134025101830032015526,,경기도 용인시 처인구 원삼면 생안로31번길 20,449871,17166,,,,127.319596357904,37.1897487379634
MA0101202311A0047765,대호농약사,,G2,소매,G221,기타 상품 소매,G22199,그 외 기타 상품 전문 소매업,G47859,그 외 기타 분류 안된 상품 전문 소매업,44,충청남도,44270,당진시,44270320,석문면,4427032023,석문면,4427032023109190002,1,대지,919,2,충청남도 당진시 석문면 삼봉리 919-2,442703265018,충청남도 당진시 석문면 대호로,1570,,4483032023109190002078341,,충청남도 당진시 석문면 대호로 1570,343853,31706,,,,126.536270745211,37.0137640265596
MA0101202311A0064618,은하소방,,G2,소매,G221,기타 상품 소매,G22199,그 외 기타 상품 전문 소매업,G47859,그 외 기타 분류 안된 상품 전문 소매업,46,전라남도,46170,나주시,46170360,다시면,4617036021,다시면,4617036021108780043,1,대지,878,43,전라남도 나주시 다시면 영동리 878-43,461703284030,전라남도 나주시 다시면 무숙로,797,1,4617036021108780043053254,,전라남도 나주시 다시면 무숙로 797-1,520932,58280,,,,126.636771292318,35.0162593022398
MA0101202310A0088712,아임플라스틱하동점,,G2,소매,G221,기타 상품 소매,G22199,그 외 기타 상품 전문 소매업,G47859,그 외 기타 분류 안된 상품 전문 소매업,41,경기도,41670,여주시,41670520,중앙동,4167010700,하동,4167010700102960006,1,대지,296,6,경기도 여주시 하동 296-6,416703214047,경기도 여주시 우암로,28,,4173025027102960006057887,,경기도 여주시 우암로 28,469107,12623,,1,,127.632614707473,37.2964973991965
MA0101202311A0007726,경북아그로판매조합,,G2,소매,G221,기타 상품 소매,G22199,그 외 기타 상품 전문 소매업,G47859,그 외 기타 분류 안된 상품 전문 소매업,47,경상북도,47170,안동시,47170690,강남동,4717014000,정하동,4717014000102500002,1,대지,250,2,경상북도 안동시 정하동 250-2,471704854722,경상북도 안동시 아늑길,10,,4717014000102500002000001,,경상북도 안동시 아늑길 10,760400,36747,,,,128.737825338604,36.5467703187979
MA0101202311A0020443,해인미타,,G2,소매,G221,기타 상품 소매,G22199,그 외 기타 상품 전문 소매업,G47859,그 외 기타 분류 안된 상품 전문 소매업,41,경기도,41281,고양시 덕양구,41281600,관산동,4128111700,대자동,4128111700110530005,1,대지,1053,5,경기도 고양시 덕양구 대자동 1053-5,412813192014,경기도 고양시 덕양구 대양로,84,80,4128111700110530005001852,해인사미타원,경기도 고양시 덕양구 대양로 84-80,412470,10282,,,,126.882185068904,37.6927611992918
MA0101202311A0047880,메이드라운지,,G2,소매,G221,기타 상품 소매,G22199,그 외 기타 상품 전문 소매업,G47859,그 외 기타 분류 안된 상품 전문 소매업,52,전북특별자치도,52111,전주시 완산구,52111730,효자5동,5211114100,효자동2가,5211114100112390001,1,대지,1239,1,전북특별자치도 전주시 완산구 효자동2가 1239-1,521113266082,전북특별자치도 전주시 완산구 홍산로,263,,4511114100112390001000001,,전북특별자치도 전주시 완산구 홍산로 263,560800,54966,,,,127.105476043855,35.8172830074617
MA0101202311A0073592,진도농협의신지점경제사업장,,G2,소매,G221,기타 상품 소매,G22199,그 외 기타 상품 전문 소매업,G47859,그 외 기타 분류 안된 상품 전문 소매업,46,전라남도,46900,진도군,46900330,의신면,4690033025,의신면,4690033025106740000,1,대지,674,,전라남도 진도군 의신면 돈지리 674,469004703095,전라남도 진도군 의신면 돈지1길,8,,4690033024106740000022865,,전라남도 진도군 의신면 돈지1길 8,539833,58935,,,,126.277872060707,34.439156581947
MA0101202311A0076600,하이통키,,G2,소매,G221,기타 상품 소매,G22199,그 외 기타 상품 전문 소매업,G47859,그 외 기타 분류 안된 상품 전문 소매업,48,경상남도,48125,창원시 마산합포구,48125650,산호동,4812511800,산호동,4812511800100260026,1,대지,26,26,경상남도 창원시 마산합포구 산호동 26-26,481254787330,경상남도 창원시 마산합포구 산호북15길,37,,4812511800100260026020494,,경상남도 창원시 마산합포구 산호북15길 37,631852,51328,,1,,128.583102176131,35.2193346377127
MA0101202310A0090753,황금동물,,G2,소매,G221,기타 상품 소매,G22199,그 외 기타 상품 전문 소매업,G47859,그 외 기타 분류 안된 상품 전문 소매업,46,전라남도,46170,나주시,46170380,노안면,4617038029,노안면,4617038029105950000,1,대지,595,,전라남도 나주시 노안면 구정리 595,461703000080,전라남도 나주시 노안면 노안삼도로,296,21,4617038029105950000062620,,전라남도 나주시 노안면 노안삼도로 296-21,520812,58210,,,,126.708708328757,35.072644854098
MA0101202311A0048040,젠틀맨마카롱,,G2,소매,G221,기타 상품 소매,G22199,그 외 기타 상품 전문 소매업,G47859,그 외 기타 분류 안된 상품 전문 소매업,41,경기도,41281,고양시 덕양구,41281530,흥도동,4128110500,도내동,4128110500109740000,1,대지,974,,경기도 고양시 덕양구 도내동 974,412813194084,경기도 고양시 덕양구 의장로,116,,4128110500109740000000001,더하이브,경기도 고양시 덕양구 의장로 116,412060,10551,,1,,126.872829725893,37.6337642833361
MA0101202311A0055432,석심유통,,G2,소매,G221,기타 상품 소매,G22199,그 외 기타 상품 전문 소매업,G47859,그 외 기타 분류 안된 상품 전문 소매업,48,경상남도,48820,고성군,48820380,개천면,4882038021,개천면,4882038021105180001,1,대지,518,1,경상남도 고성군 개천면 청광리 518-1,488203342027,경상남도 고성군 개천면 영회로,1299,,4882038021105180001000001,,경상남도 고성군 개천면 영회로 1299,638981,52903,,,,128.309483046427,35.1152528807092
MA0101202311A0033286,천신만물,,G2,소매,G221,기타 상품 소매,G22199,그 외 기타 상품 전문 소매업,G47859,그 외 기타 분류 안된 상품 전문 소매업,41,경기도,41450,하남시,41450510,천현동,4145010300,창우동,4145010300104530025,1,대지,453,25,경기도 하남시 창우동 453-25,414504406037,경기도 하남시 검단산로146번길,87,12,4145010300104530025000001,,경기도 하남시 검단산로146번길 87-12,465816,13024,,1,,127.23141454736,37.5291178590168
MA0101202311A0014940,에이디티오,,G2,소매,G221,기타 상품 소매,G22199,그 외 기타 상품 전문 소매업,G47859,그 외 기타 분류 안된 상품 전문 소매업,41,경기도,41220,평택시,41220580,신장2동,4122011200,신장동,4122011200102940001,1,대지,294,1,경기도 평택시 신장동 294-1,412204364718,경기도 평택시 중앙시장로20번길,11,,4122011200102940001008129,,경기도 평택시 중앙시장로20번길 11,459120,17758,,1,,127.053025948743,37.0796617154424
MA0101202311A0029602,24시편의점마산,,G2,소매,G221,기타 상품 소매,G22199,그 외 기타 상품 전문 소매업,G47859,그 외 기타 분류 안된 상품 전문 소매업,48,경상남도,48127,창원시 마산회원구,48127580,합성1동,4812710600,합성동,4812710600100850024,1,대지,85,24,경상남도 창원시 마산회원구 합성동 85-24,481272019003,경상남도 창원시 마산회원구 315대로,745,1,4812710600100850024038908,,경상남도 창원시 마산회원구 315대로 745-1,630815,51210,,1,,128.582335588959,35.2386761183349
MA0101202311A0039125,유니크소방,,G2,소매,G221,기타 상품 소매,G22199,그 외 기타 상품 전문 소매업,G47859,그 외 기타 분류 안된 상품 전문 소매업,46,전라남도,46840,무안군,46840340,현경면,4684034023,현경면,4684034023109520000,1,대지,952,,전라남도 무안군 현경면 평산리 952,468403296033,전라남도 무안군 현경면 장군로,123,,4684034023109520000010222,무안칼라채양지붕공사,전라남도 무안군 현경면 장군로 123,534843,58513,,,,126.420536143323,35.0271913598698
MA0101202311A0076940,신성아그로,,G2,소매,G221,기타 상품 소매,G22199,그 외 기타 상품 전문 소매업,G47859,그 외 기타 분류 안된 상품 전문 소매업,43,충청북도,43112,청주시 서원구,43112310,남이면,4311231034,남이면,4311231034101910001,1,대지,191,1,충청북도 청주시 서원구 남이면 석판리 191-1,431124520361,충청북도 청주시 서원구 남이면 석판1길,28,8,4371035034001910001035365,,충청북도 청주시 서원구 남이면 석판1길 28-8,362811,28180,,,,127.444629050827,36.59345384769
MA0101202311A0017190,골든,,G2,소매,G221,기타 상품 소매,G22199,그 외 기타 상품 전문 소매업,G47859,그 외 기타 분류 안된 상품 전문 소매업,11,서울특별시,11500,강서구,11500603,가양1동,1150010500,마곡동,1150010500107950006,1,대지,795,6,서울특별시 강서구 마곡동 795-6,115003155054,서울특별시 강서구 마곡중앙6로,89,,1150010500107950006000001,뉴골든타워,서울특별시 강서구 마곡중앙6로 89,157805,07803,,4,,126.837291761266,37.5601727848312
MA0101202311A0067650,대성,,G2,소매,G221,기타 상품 소매,G22199,그 외 기타 상품 전문 소매업,G47859,그 외 기타 분류 안된 상품 전문 소매업,28,인천광역시,28260,서구,28260530,연희동,2826010600,연희동,2826010600106950010,1,대지,695,10,인천광역시 서구 연희동 695-10,282604268082,인천광역시 서구 간촌로27번길,33,1,2826010600106950010011502,,인천광역시 서구 간촌로27번길 33-1,404837,22708,,2,,126.681694377186,37.5515306420613
MA0101202310A0094855,천등사,,G2,소매,G221,기타 상품 소매,G22199,그 외 기타 상품 전문 소매업,G47859,그 외 기타 분류 안된 상품 전문 소매업,43,충청북도,43112,청주시 서원구,43112590,성화.개신.죽림동,4311211000,죽림동,4311211000101980002,1,대지,198,2,충청북도 청주시 서원구 죽림동 198-2,431124511069,충청북도 청주시 서원구 3순환로723번길,87,,4311211000101980002000001,,충청북도 청주시 서원구 3순환로723번길 87,362250,28180,,,,127.436614919124,36.6030985933633
MA0101202311A0027877,별밤토이,,G2,소매,G221,기타 상품 소매,G22199,그 외 기타 상품 전문 소매업,G47859,그 외 기타 분류 안된 상품 전문 소매업,41,경기도,41650,포천시,41650250,소흘읍,4165025025,소흘읍,4165025025103810001,1,대지,381,1,경기도 포천시 소흘읍 직동리 381-1,416503012038,경기도 포천시 소흘읍 광릉수목원로,712,,4165025025103810001001725,,경기도 포천시 소흘읍 광릉수목원로 712,487829,11186,,1,,127.15811166261,37.773206678967
MA0101202311A0039352,하나의전,,G2,소매,G221,기타 상품 소매,G22199,그 외 기타 상품 전문 소매업,G47859,그 외 기타 분류 안된 상품 전문 소매업,43,충청북도,43111,청주시 상당구,43111720,용암1동,4311112400,용암동,4311112400116730000,1,대지,1673,,충청북도 청주시 상당구 용암동 1673,431114508560,충청북도 청주시 상당구 월평로184번길,140,,4311112400116730000030334,,충청북도 청주시 상당구 월평로184번길 140,360810,28776,,,,127.50510046176,36.6092891281374
MA0101202310A0080189,휴다원,,G2,소매,G221,기타 상품 소매,G22199,그 외 기타 상품 전문 소매업,G47859,그 외 기타 분류 안된 상품 전문 소매업,50,제주특별자치도,50110,제주시,50110253,애월읍,5011025339,애월읍,5011025339136080000,1,대지,3608,,제주특별자치도 제주시 애월읍 봉성리 3608,501104847236,제주특별자치도 제주시 애월읍 구몰동길,65,,5011025339036100001037297,선운정사,제주특별자치도 제주시 애월읍 구몰동길 65,695907,63039,,,,126.307152708574,33.4293578699859
MA0101202310A0087762,동양총포사,,G2,소매,G221,기타 상품 소매,G22199,그 외 기타 상품 전문 소매업,G47859,그 외 기타 분류 안된 상품 전문 소매업,43,충청북도,43112,청주시 서원구,43112510,사직1동,4311210100,사직동,4311210100105370047,1,대지,537,47,충청북도 청주시 서원구 사직동 537-47,431123236024,충청북도 청주시 서원구 사북로,20,,4311310100105370047001357,,충청북도 청주시 서원구 사북로 20,362828,28547,,,,127.473636681613,36.6422915674507
MA0101202311A0013540,키스,,G2,소매,G221,기타 상품 소매,G22199,그 외 기타 상품 전문 소매업,G47859,그 외 기타 분류 안된 상품 전문 소매업,11,서울특별시,11530,구로구,11530595,가리봉동,1153010300,가리봉동,1153010300101210038,1,대지,121,38,서울특별시 구로구 가리봉동 121-38,115303005070,서울특별시 구로구 구로동로,9,,1153010300101210039015073,,서울특별시 구로구 구로동로 9,152800,08322,,1,,126.887004302671,37.4827085825928
MA0101202311A0050457,케이진생바이오법인,,G2,소매,G221,기타 상품 소매,G22199,그 외 기타 상품 전문 소매업,G47859,그 외 기타 분류 안된 상품 전문 소매업,47,경상북도,47210,영주시,47210380,단산면,4721038022,단산면,4721038022103670001,1,대지,367,1,경상북도 영주시 단산면 사천리 367-1,472103309016,경상북도 영주시 단산면 단산로,197,1,4721038022103670001018686,,경상북도 영주시 단산면 단산로 197-1,750831,36011,,,,128.599148733462,36.8953260083712
MA0101202311A0052373,오길상,,G2,소매,G221,기타 상품 소매,G22199,그 외 기타 상품 전문 소매업,G47859,그 외 기타 분류 안된 상품 전문 소매업,46,전라남도,46110,목포시,46110510,용당1동,4611010100,용당동,4611010100110560001,1,대지,1056,1,전라남도 목포시 용당동 1056-1,461103281032,전라남도 목포시 산정로,166,1,4611010100110560001011328,,전라남도 목포시 산정로 166-1,530361,58652,,,,126.39238205819,34.8034577202
MA0101202311A0063548,빌드웨이,,G2,소매,G221,기타 상품 소매,G22199,그 외 기타 상품 전문 소매업,G47519,"페인트, 창호 및 기타 건설자재 소매업",52,전북특별자치도,52113,전주시 덕진구,52113665,여의동,5211313100,만성동,5211313100108020002,1,대지,802,2,전북특별자치도 전주시 덕진구 만성동 802-2,521133266068,전북특별자치도 전주시 덕진구 정여립로,842,,4511313100108020002000001,,전북특별자치도 전주시 덕진구 정여립로 842,561330,54879,,,,127.071381118736,35.8271588636671
MA0101202311A0010195,토탈패션다있다,,G2,소매,G221,기타 상품 소매,G22199,그 외 기타 상품 전문 소매업,G47859,그 외 기타 분류 안된 상품 전문 소매업,29,광주광역시,29155,남구,29155705,진월동,2915510800,진월동,2915510800102930000,1,대지,293,,광주광역시 남구 진월동 293,291552161001,광주광역시 남구 서문대로,711,,2915510800102930000030184,가운데호,광주광역시 남구 서문대로 711,503840,61725,,1,,126.898169694929,35.1227525093538
MA0101202311A0028089,식품,,G2,소매,G221,기타 상품 소매,G22199,그 외 기타 상품 전문 소매업,G47859,그 외 기타 분류 안된 상품 전문 소매업,11,서울특별시,11620,관악구,11620575,행운동,1162010100,봉천동,1162010100100660160,1,대지,66,160,서울특별시 관악구 봉천동 66-160,116204160746,서울특별시 관악구 행운1다길,6,,1162010100100660160033414,,서울특별시 관악구 행운1다길 6,151809,08736,,지,,126.956335102203,37.4822860219054
MA0101202310A0093462,신라철강,,G2,소매,G221,기타 상품 소매,G22199,그 외 기타 상품 전문 소매업,G47859,그 외 기타 분류 안된 상품 전문 소매업,41,경기도,41287,고양시 일산서구,41287560,주엽2동,4128710200,주엽동,4128710200100300002,1,대지,30,2,경기도 고양시 일산서구 주엽동 30-2,412873194026,경기도 고양시 일산서구 대산로,123,,4128710200100300002002344,현대프라자,경기도 고양시 일산서구 대산로 123,411838,10388,,,,126.763624010734,37.6742482851777
MA0101202311A0015539,예가,,G2,소매,G221,기타 상품 소매,G22199,그 외 기타 상품 전문 소매업,G47859,그 외 기타 분류 안된 상품 전문 소매업,30,대전광역시,30140,중구,30140535,은행선화동,3014010200,선화동,3014010200101510013,1,대지,151,13,대전광역시 중구 선화동 151-13,301403164032,대전광역시 중구 보문로,337,,3014010200101510013002163,선화현대빌딩,대전광역시 중구 보문로 337,301824,34844,,,,127.418560278462,36.33246510937
MA0101202311A0047095,고려불교,,G2,소매,G221,기타 상품 소매,G22199,그 외 기타 상품 전문 소매업,G47859,그 외 기타 분류 안된 상품 전문 소매업,43,충청북도,43730,옥천군,43730250,옥천읍,4373025036,옥천읍,4373025036100050015,1,대지,5,15,충청북도 옥천군 옥천읍 금구리 5-15,437304526374,충청북도 옥천군 옥천읍 중앙로8길,8,3,4373025036100050020007845,,충청북도 옥천군 옥천읍 중앙로8길 8-3,373806,29038,,,,127.569168239505,36.3022843209236
MA0101202311A0056369,마리텔충주점,,G2,소매,G221,기타 상품 소매,G22199,그 외 기타 상품 전문 소매업,G47859,그 외 기타 분류 안된 상품 전문 소매업,43,충청북도,43130,충주시,43130630,연수동,4313011800,연수동,4313011800115970000,1,대지,1597,,충청북도 충주시 연수동 1597,431304515010,충청북도 충주시 연수동산로6길,19,,4313011800115970000000001,뉴오투빌,충청북도 충주시 연수동산로6길 19,380100,27352,,1,,127.940554991243,36.9848756100465
MA0101202311A0073200,정영농장,,G2,소매,G221,기타 상품 소매,G22199,그 외 기타 상품 전문 소매업,G47859,그 외 기타 분류 안된 상품 전문 소매업,52,전북특별자치도,52190,남원시,52190460,산내면,5219046025,산내면,5219046025101780001,1,대지,178,1,전북특별자치도 남원시 산내면 입석리 178-1,521904613546,전북특별자치도 남원시 산내면 입석길,81,,4519046025101780001025235,,전북특별자치도 남원시 산내면 입석길 81,590853,55804,,,,127.628512758746,35.4163767890956
MA0101202311A0075969,건국이엔지,,G2,소매,G221,기타 상품 소매,G22199,그 외 기타 상품 전문 소매업,G47859,그 외 기타 분류 안된 상품 전문 소매업,47,경상북도,47111,포항시 남구,47111525,상대동,4711110100,상도동,4711110100106320010,1,대지,632,10,경상북도 포항시 남구 상도동 632-10,471113303015,경상북도 포항시 남구 상대로,108,,4711110100106320009117877,,경상북도 포항시 남구 상대로 108,790828,37830,,3,,129.358144713616,36.0136723113088
MA0101202310A0078724,짱구쿠폰,,G2,소매,G221,기타 상품 소매,G22199,그 외 기타 상품 전문 소매업,G47859,그 외 기타 분류 안된 상품 전문 소매업,11,서울특별시,11305,강북구,11305635,수유3동,1130510300,수유동,1130510300101890006,1,대지,189,6,서울특별시 강북구 수유동 189-6,113053005038,서울특별시 강북구 한천로,1065,,1130510300101890006007857,일부,서울특별시 강북구 한천로 1065,142878,01070,,2,,127.024235717314,37.6416238482597
MA0101202310A0091668,좋은가게,,G2,소매,G221,기타 상품 소매,G22199,그 외 기타 상품 전문 소매업,G47859,그 외 기타 분류 안된 상품 전문 소매업,52,전북특별자치도,52111,전주시 완산구,52111712,효자2동,5211114000,효자동1가,5211114000105790008,1,대지,579,8,전북특별자치도 전주시 완산구 효자동1가 579-8,521113266043,전북특별자치도 전주시 완산구 송정로,3,,4511114000105790008005453,,전북특별자치도 전주시 완산구 송정로 3,560853,55081,,,,127.11713934359,35.8024194135682
MA0101202310A0095261,이스코,,G2,소매,G221,기타 상품 소매,G22199,그 외 기타 상품 전문 소매업,G47859,그 외 기타 분류 안된 상품 전문 소매업,46,전라남도,46230,광양시,46230250,광양읍,4623025030,광양읍,4623025030107960000,1,대지,796,,전라남도 광양시 광양읍 용강리 796,462304655368,전라남도 광양시 광양읍 용두길,12,,4623025030107960000000790,,전라남도 광양시 광양읍 용두길 12,545801,57749,,,,127.601304803857,34.9660896072134
MA0101202311A0004719,샤이맨,구미점,G2,소매,G221,기타 상품 소매,G22199,그 외 기타 상품 전문 소매업,G47859,그 외 기타 분류 안된 상품 전문 소매업,47,경상북도,47190,구미시,47190670,인동동,4719012100,황상동,4719012100103030035,1,대지,303,35,경상북도 구미시 황상동 303-35,471904724778,경상북도 구미시 인동중앙로11길,25,,4719012100103030035002457,,경상북도 구미시 인동중앙로11길 25,730932,39430,,,,128.419762999221,36.1088213227785
MA0101202311A0052719,중앙약초마을,코리아,G2,소매,G221,기타 상품 소매,G22199,그 외 기타 상품 전문 소매업,G47859,그 외 기타 분류 안된 상품 전문 소매업,52,전북특별자치도,52111,전주시 완산구,52111605,노송동,5211114700,서노송동,5211114700106520003,1,대지,652,3,전북특별자치도 전주시 완산구 서노송동 652-3,521113266077,전북특별자치도 전주시 완산구 팔달로,267,3,4511114700106520003031301,,전북특별자치도 전주시 완산구 팔달로 267-3,560913,54996,,1,,127.143578547805,35.825715377547
MA0101202311A0086978,한정,,G2,소매,G221,기타 상품 소매,G22199,그 외 기타 상품 전문 소매업,G47859,그 외 기타 분류 안된 상품 전문 소매업,11,서울특별시,11305,강북구,11305535,미아동,1130510100,미아동,1130510100101870040,1,대지,187,40,서울특별시 강북구 미아동 187-40,113054124037,서울특별시 강북구 덕릉로28길,45,,1130510100101870040029679,,서울특별시 강북구 덕릉로28길 45,142803,01132,,2,,127.024516043294,37.6326950278156
MA0101202311A0019878,고려바이오연구소홍천지점,,G2,소매,G221,기타 상품 소매,G22199,그 외 기타 상품 전문 소매업,G47859,그 외 기타 분류 안된 상품 전문 소매업,51,강원특별자치도,51720,홍천군,51720330,내촌면,5172033021,내촌면,5172033021116800000,1,대지,1680,,강원특별자치도 홍천군 내촌면 물걸리 1680,517204475564,강원특별자치도 홍천군 내촌면 조상골길,37,3,4272033021116800000000001,,강원특별자치도 홍천군 내촌면 조상골길 37-3,250864,25162,,,,128.133458375526,37.7813031198256
MA0101202311A0036056,뷰-티,,G2,소매,G221,기타 상품 소매,G22199,그 외 기타 상품 전문 소매업,G47859,그 외 기타 분류 안된 상품 전문 소매업,41,경기도,41390,시흥시,41390589,정왕본동,4139013200,정왕동,4139013200112100013,1,대지,1210,13,경기도 시흥시 정왕동 1210-13,413903199008,경기도 시흥시 군서마을로,62,,4139013200112100013014989,,경기도 시흥시 군서마을로 62,429455,15052,,지,,126.745502363062,37.3467413265984
MA0101202311A0043679,지앤지,,G2,소매,G221,기타 상품 소매,G22199,그 외 기타 상품 전문 소매업,G47859,그 외 기타 분류 안된 상품 전문 소매업,41,경기도,41210,광명시,41210655,일직동,4121010600,일직동,4121010600105010004,1,대지,501,4,경기도 광명시 일직동 501-4,412104855368,경기도 광명시 덕안로104번길,17,,4121010600105010004000001,광명역엠클러스터,경기도 광명시 덕안로104번길 17,423090,14353,,,,126.887058370828,37.4242148846332
MA0101202311A0043745,쿠지더쿠,,G2,소매,G221,기타 상품 소매,G22199,그 외 기타 상품 전문 소매업,G47859,그 외 기타 분류 안된 상품 전문 소매업,52,전북특별자치도,52111,전주시 완산구,52111510,중앙동,5211111700,고사동,5211111700103610001,1,대지,361,1,전북특별자치도 전주시 완산구 고사동 361-1,521114598335,전북특별자치도 전주시 완산구 전주객사4길,73,7,4511111700103610001031039,,전북특별자치도 전주시 완산구 전주객사4길 73-7,560802,54999,,,,127.142783876459,35.8207233466329
MA0101202311A0076148,엔조이위드미,,G2,소매,G221,기타 상품 소매,G22199,그 외 기타 상품 전문 소매업,G47859,그 외 기타 분류 안된 상품 전문 소매업,41,경기도,41450,하남시,41450550,덕풍2동,4145010800,덕풍동,4145010800103380003,1,대지,338,3,경기도 하남시 덕풍동 338-3,414504406179,경기도 하남시 신장로222번길,32,1,4145010800103380003009234,,경기도 하남시 신장로222번길 32-1,465803,12971,,,,127.199481924692,37.5437092290146
MA0101202310A0090035,바이담다락,방이점,G2,소매,G221,기타 상품 소매,G22199,그 외 기타 상품 전문 소매업,G47859,그 외 기타 분류 안된 상품 전문 소매업,11,서울특별시,11710,송파구,11710562,방이2동,1171011100,방이동,1171011100100350008,1,대지,35,8,서울특별시 송파구 방이동 35-8,117103123023,서울특별시 송파구 올림픽로,360,,1171011100100350008015870,두양빌딩,서울특별시 송파구 올림픽로 360,138827,05543,,1,,127.110173241106,37.5163097531501
MA0101202311A0052961,꿈앤들농약,,G2,소매,G221,기타 상품 소매,G22199,그 외 기타 상품 전문 소매업,G47859,그 외 기타 분류 안된 상품 전문 소매업,47,경상북도,47830,고령군,47830330,성산면,4783033035,성산면,4783033035102310004,1,대지,231,4,경상북도 고령군 성산면 어곡리 231-4,478303000059,경상북도 고령군 성산면 성산로,892,,4783033035102310004000001,,경상북도 고령군 성산면 성산로 892,717812,40118,,,,128.359500254694,35.7493248759711
MA0101202310A0090142,드림안전산업,,G2,소매,G221,기타 상품 소매,G22199,그 외 기타 상품 전문 소매업,G47859,그 외 기타 분류 안된 상품 전문 소매업,41,경기도,41630,양주시,41630320,남면,4163032026,남면,4163032026101540001,1,대지,154,1,경기도 양주시 남면 경신리 154-1,416303212038,경기도 양주시 남면 화합로,408,,4163032026101540001000001,,경기도 양주시 남면 화합로 408,482871,11413,,,,126.978702981927,37.8647399695442
MA0101202311A0018135,안강테크,,G2,소매,G221,기타 상품 소매,G22199,그 외 기타 상품 전문 소매업,G47859,그 외 기타 분류 안된 상품 전문 소매업,44,충청남도,44230,논산시,44230310,성동면,4423031028,성동면,4423031028102340010,1,대지,234,10,충청남도 논산시 성동면 정지리 234-10,442303015044,충청남도 논산시 성동면 논산평야로,258,11,4423031028102340010000002,,충청남도 논산시 성동면 논산평야로 258-11,320944,32926,,,,127.054754293158,36.2216089096685
MA0101202311A0047460,도나펌프,,G2,소매,G221,기타 상품 소매,G22199,그 외 기타 상품 전문 소매업,G47859,그 외 기타 분류 안된 상품 전문 소매업,46,전라남도,46870,영광군,46870250,영광읍,4687025029,영광읍,4687025029106350002,1,대지,635,2,전라남도 영광군 영광읍 덕호리 635-2,468703298012,전라남도 영광군 영광읍 덕호로,95,11,4687025029106350002023850,,전라남도 영광군 영광읍 덕호로 95-11,513806,57023,,,,126.481067741943,35.3086852217233
MA0101202311A0062421,업소명없음,,G2,소매,G221,기타 상품 소매,G22199,그 외 기타 상품 전문 소매업,G47859,그 외 기타 분류 안된 상품 전문 소매업,46,전라남도,46830,영암군,46830253,삼호읍,4683025325,삼호읍,4683025325107490000,1,대지,749,,전라남도 영암군 삼호읍 산호리 749,468304685425,전라남도 영암군 삼호읍 중촌길,37,17,4683025325107490000043479,,전라남도 영암군 삼호읍 중촌길 37-17,526895,58454,,,,126.474295960934,34.7608602708578
MA0101202311A0080455,아이디샵,,G2,소매,G221,기타 상품 소매,G22199,그 외 기타 상품 전문 소매업,G47859,그 외 기타 분류 안된 상품 전문 소매업,44,충청남도,44133,천안시 서북구,44133580,부성1동,4413311100,부대동,4413311100101050039,1,대지,105,39,충청남도 천안시 서북구 부대동 105-39,441334550473,충청남도 천안시 서북구 안터길,13,,4413311100101050039045628,,충청남도 천안시 서북구 안터길 13,331240,31084,,,,127.154830207682,36.8429109227784
MA0101202311A0083610,파티타임,,G2,소매,G221,기타 상품 소매,G22199,그 외 기타 상품 전문 소매업,G47859,그 외 기타 분류 안된 상품 전문 소매업,28,인천광역시,28177,미추홀구,28177570,용현5동,2817710200,용현동,2817710200106650008,1,대지,665,8,인천광역시 미추홀구 용현동 665-8,281774854091,인천광역시 미추홀구 용정공원로83번길,49,,2817710200106650008000001,인하대역헤리움메트로타워,인천광역시 미추홀구 용정공원로83번길 49,402025,22188,,2,,126.648593960303,37.4475692869904
MA0101202310A0079292,이로운,,G2,소매,G221,기타 상품 소매,G22199,그 외 기타 상품 전문 소매업,G47859,그 외 기타 분류 안된 상품 전문 소매업,52,전북특별자치도,52210,김제시,52210580,교월동,5221011000,옥산동,5221011000102120014,1,대지,212,14,전북특별자치도 김제시 옥산동 212-14,522103272024,전북특별자치도 김제시 벽지산로,176,,4521011000102120014000001,,전북특별자치도 김제시 벽지산로 176,576050,54410,,,,126.882332026631,35.7932800846589
MA0101202311A0032759,덕형상사,,G2,소매,G221,기타 상품 소매,G22199,그 외 기타 상품 전문 소매업,G47859,그 외 기타 분류 안된 상품 전문 소매업,28,인천광역시,28245,계양구,28245611,계산1동,2824510200,계산동,2824510200109840005,1,대지,984,5,인천광역시 계양구 계산동 984-5,282453155001,인천광역시 계양구 계산로,45,,2824510200109840005059825,준하우스,인천광역시 계양구 계산로 45,407808,21054,,1,,126.718631960371,37.5395240592403
MA0101202406A0063318,금강불교,,G2,소매,G221,기타 상품 소매,G22199,그 외 기타 상품 전문 소매업,G47859,그 외 기타 분류 안된 상품 전문 소매업,47,경상북도,47111,포항시 남구,47111545,해도동,4711110300,해도동,4711110300104790054,1,대지,479,54,경상북도 포항시 남구 해도동 479-54,471113303058,경상북도 포항시 남구 해동로,55,1,4711110300104790054096305,,경상북도 포항시 남구 해동로 55-1,790839,37795,,,,129.372885542112,36.0244726165986
MA0101202406A0070637,편안복직권등록,,G2,소매,G221,기타 상품 소매,G22199,그 외 기타 상품 전문 소매업,G47859,그 외 기타 분류 안된 상품 전문 소매업,41,경기도,41590,화성시,41590590,동탄5동,4159013100,영천동,4159013100106511397,1,대지,651,1397,경기도 화성시 영천동 651-1397,415904854673,경기도 화성시 동탄순환대로30길,8,,4159042026200370000000001,선납재마을성원상떼빌아파트,경기도 화성시 동탄순환대로30길 8,445716,18466,,,,127.10920855426,37.2103040044967
MA0101202406A0009277,금산인삼,,G2,소매,G221,기타 상품 소매,G22199,그 외 기타 상품 전문 소매업,G47859,그 외 기타 분류 안된 상품 전문 소매업,30,대전광역시,30140,중구,30140640,부사동,3014011100,부사동,3014011100100910009,1,대지,91,9,대전광역시 중구 부사동 91-9,301404295305,대전광역시 중구 문창로69번길,6,,3014011100100910009009517,,대전광역시 중구 문창로69번길 6,301815,35027,,3,,127.433145887697,36.3195082873876
MA0101202406A0051914,안전블루,,G2,소매,G221,기타 상품 소매,G22199,그 외 기타 상품 전문 소매업,G47859,그 외 기타 분류 안된 상품 전문 소매업,41,경기도,41285,고양시 일산동구,41285540,풍산동,4128510700,풍동,4128510700108300002,1,대지,830,2,경기도 고양시 일산동구 풍동 830-2,412853193005,경기도 고양시 일산동구 고일로,132,1,4128510700108300002000001,,경기도 고양시 일산동구 고일로 132-1,410842,10308,,2,,126.799518811123,37.6631696520454
MA0101202406A0003358,대명산업,,G2,소매,G221,기타 상품 소매,G22199,그 외 기타 상품 전문 소매업,G47859,그 외 기타 분류 안된 상품 전문 소매업,41,경기도,41461,용인시 처인구,41461510,중앙동,4146110400,남동,4146110400104590001,1,대지,459,1,경기도 용인시 처인구 남동 459-1,414613203159,경기도 용인시 처인구 신기로,74,,4146110400104590001009791,,경기도 용인시 처인구 신기로 74,449030,17059,,,,127.200672987692,37.2185280752273
MA0101202406A0007955,월드바이코퍼레이션,,G2,소매,G221,기타 상품 소매,G22199,그 외 기타 상품 전문 소매업,G47859,그 외 기타 분류 안된 상품 전문 소매업,41,경기도,41463,용인시 기흥구,41463575,동백2동,4146311600,중동,4146311600108330000,1,대지,833,,경기도 용인시 기흥구 중동 833,414632203001,경기도 용인시 기흥구 동백죽전대로,444,,4146311600108330000017953,B15쥬네브썬월드,경기도 용인시 기흥구 동백죽전대로 444,446765,17006,,,,127.15160126343,37.2779978497857
MA0101202406A0067311,대성이엔씨,,G2,소매,G221,기타 상품 소매,G22199,그 외 기타 상품 전문 소매업,G47859,그 외 기타 분류 안된 상품 전문 소매업,41,경기도,41273,안산시 단원구,41273510,와동,4127310200,와동,4127310200107770000,1,대지,777,,경기도 안산시 단원구 와동 777,412734373446,경기도 안산시 단원구 화정천동로2안길,30,,4127310200107770000015040,,경기도 안산시 단원구 화정천동로2안길 30,425843,15250,,1,,126.822587541828,37.345728726494
MA0101202311A0093458,24시편의점,,G2,소매,G221,기타 상품 소매,G22199,그 외 기타 상품 전문 소매업,G47859,그 외 기타 분류 안된 상품 전문 소매업,47,경상북도,47113,포항시 북구,47113690,두호동,4711312000,두호동,4711312000105570000,1,대지,557,,경상북도 포항시 북구 두호동 557,471133304014,경상북도 포항시 북구 삼호로,233,,4711312000105570000116000,,경상북도 포항시 북구 삼호로 233,791802,37709,,2,,129.378145192736,36.0592095288617
MA0101202311A0091748,올리브,,G2,소매,G221,기타 상품 소매,G22199,그 외 기타 상품 전문 소매업,G47859,그 외 기타 분류 안된 상품 전문 소매업,41,경기도,41390,시흥시,41390592,정왕2동,4139013200,정왕동,4139013200123050013,1,대지,2305,13,경기도 시흥시 정왕동 2305-13,413903199036,경기도 시흥시 역전로,313,,4139013200123050013014382,,경기도 시흥시 역전로 313,429452,15025,,,,126.737738540266,37.35297749405
MA0101202406A0050694,팜스케어,,G2,소매,G221,기타 상품 소매,G22199,그 외 기타 상품 전문 소매업,G47859,그 외 기타 분류 안된 상품 전문 소매업,44,충청남도,44230,논산시,44230310,성동면,4423031027,성동면,4423031027102880003,1,대지,288,3,충청남도 논산시 성동면 원북리 288-3,442304565433,충청남도 논산시 성동면 산업단지로1길,61,,4423031027102880003000001,,충청남도 논산시 성동면 산업단지로1길 61,320944,32925,,,,127.04506686088,36.2215228301199
MA0101202406A0063262,영재안전,,G2,소매,G221,기타 상품 소매,G22199,그 외 기타 상품 전문 소매업,G47859,그 외 기타 분류 안된 상품 전문 소매업,29,광주광역시,29140,서구,29140745,치평동,2914012000,치평동,2914012000108950021,1,대지,895,21,광주광역시 서구 치평동 895-21,291403160022,광주광역시 서구 상무자유로,8,12,2914012000108950021000001,,광주광역시 서구 상무자유로 8-12,502827,61955,,,,126.835319804213,35.149318659594
MA0101202406A0072443,쑥쑥체온다이어트,,G2,소매,G221,기타 상품 소매,G22199,그 외 기타 상품 전문 소매업,G47859,그 외 기타 분류 안된 상품 전문 소매업,11,서울특별시,11200,성동구,11200535,왕십리도선동,1120010300,홍익동,1120010300100310000,1,대지,31,,서울특별시 성동구 홍익동 31,112004109168,서울특별시 성동구 마장로23길,9,,1120010300100310000022591,,서울특별시 성동구 마장로23길 9,133880,04706,,1,,127.032123748961,37.5674434494667
MA0101202406A0003636,한명안전,,G2,소매,G221,기타 상품 소매,G22199,그 외 기타 상품 전문 소매업,G47859,그 외 기타 분류 안된 상품 전문 소매업,11,서울특별시,11215,광진구,11215740,중곡1동,1121510100,중곡동,1121510100102460008,1,대지,246,8,서울특별시 광진구 중곡동 246-8,112153104006,서울특별시 광진구 긴고랑로,24,,1121510100102460008004437,,서울특별시 광진구 긴고랑로 24,143904,04913,,,,127.078924044225,37.5632858678709
MA0101202406A0014304,그외기타상품전문소매업,,G2,소매,G221,기타 상품 소매,G22199,그 외 기타 상품 전문 소매업,G47859,그 외 기타 분류 안된 상품 전문 소매업,41,경기도,41390,시흥시,41390592,정왕2동,4139013200,정왕동,4139013200117300007,1,대지,1730,7,경기도 시흥시 정왕동 1730-7,413904397320,경기도 시흥시 서촌상가1길,29,,4139013200117300007000001,,경기도 시흥시 서촌상가1길 29,429452,15036,,,,126.731577013235,37.3463321185396
MA0101202406A0055288,에바다,,G2,소매,G221,기타 상품 소매,G22199,그 외 기타 상품 전문 소매업,G47859,그 외 기타 분류 안된 상품 전문 소매업,28,인천광역시,28177,미추홀구,28177560,용현3동,2817710200,용현동,2817710200104590072,1,대지,459,72,인천광역시 미추홀구 용현동 459-72,281774253489,인천광역시 미추홀구 용삼길,22,,2817010200104590072000001,,인천광역시 미추홀구 용삼길 22,402831,22179,,,,126.650966167185,37.4575144454455
MA0101202406A0000724,그외기타상품전문소매업,,G2,소매,G221,기타 상품 소매,G22199,그 외 기타 상품 전문 소매업,G47859,그 외 기타 분류 안된 상품 전문 소매업,27,대구광역시,27200,남구,27200610,대명6동,2720010300,대명동,2720010300110920001,1,대지,1092,1,대구광역시 남구 대명동 1092-1,272004232216,대구광역시 남구 안지랑로17길,113,,2720010300110920001003095,,대구광역시 남구 안지랑로17길 113,705811,42494,,,,128.565046834498,35.8368786685628
MA0101202406A0011329,하다,,G2,소매,G221,기타 상품 소매,G22199,그 외 기타 상품 전문 소매업,G47859,그 외 기타 분류 안된 상품 전문 소매업,48,경상남도,48880,거창군,48880250,거창읍,4888025022,거창읍,4888025022102730007,1,대지,273,7,경상남도 거창군 거창읍 중앙리 273-7,488804841372,경상남도 거창군 거창읍 시장길,9,,4888025022102730007011747,,경상남도 거창군 거창읍 시장길 9,670808,50138,,,,127.911332020006,35.685683031318
MA0101202406A0044687,영로차,,G2,소매,G221,기타 상품 소매,G22199,그 외 기타 상품 전문 소매업,G47859,그 외 기타 분류 안된 상품 전문 소매업,48,경상남도,48850,하동군,48850250,하동읍,4885025021,하동읍,4885025021104490002,1,대지,449,2,경상남도 하동군 하동읍 읍내리 449-2,488503344026,경상남도 하동군 하동읍 중앙로,52,8,4885025021104490002020325,,경상남도 하동군 하동읍 중앙로 52-8,667804,52326,,,,127.747257425178,35.0715399086548
MA0101202406A0064586,오리오리,,G2,소매,G221,기타 상품 소매,G22199,그 외 기타 상품 전문 소매업,G47859,그 외 기타 분류 안된 상품 전문 소매업,50,제주특별자치도,50130,서귀포시,50130590,대륜동,5013010200,법환동,5013010200103310000,1,대지,331,,제주특별자치도 서귀포시 법환동 331,501304850265,제주특별자치도 서귀포시 법환로38번길,13,,5013010200103310000020040,,제주특별자치도 서귀포시 법환로38번길 13,697805,63573,,,,126.513518089761,33.2381235453602
MA0101202406A0081789,별밤토이,,G2,소매,G221,기타 상품 소매,G22199,그 외 기타 상품 전문 소매업,G47859,그 외 기타 분류 안된 상품 전문 소매업,41,경기도,41800,연천군,41800253,전곡읍,4180025321,전곡읍,4180025321104740002,1,대지,474,2,경기도 연천군 전곡읍 전곡리 474-2,418003215032,경기도 연천군 전곡읍 온골로,49,,4180025321104740002002187,,경기도 연천군 전곡읍 온골로 49,486903,11028,,2,,127.06769753715,38.0252785573955
MA0101202406A0082256,울주종합상사,,G2,소매,G221,기타 상품 소매,G22199,그 외 기타 상품 전문 소매업,G47859,그 외 기타 분류 안된 상품 전문 소매업,31,울산광역시,31710,울주군,31710253,언양읍,3171025331,언양읍,3171025331102200003,1,대지,220,3,울산광역시 울주군 언양읍 서부리 220-3,317104319087,울산광역시 울주군 언양읍 구교동길,37,,3171025331102200003000001,,울산광역시 울주군 언양읍 구교동길 37,689806,44943,,,,129.118018719218,35.5695584170019
MA0101202311A0093910,지엠디,,G2,소매,G221,기타 상품 소매,G22199,그 외 기타 상품 전문 소매업,G47859,그 외 기타 분류 안된 상품 전문 소매업,41,경기도,41461,용인시 처인구,41461256,이동읍,4146125629,이동읍,4146125629107700000,1,대지,770,,경기도 용인시 처인구 이동읍 서리 770,414613204016,경기도 용인시 처인구 이동읍 기흥단지로,579,1,4146125629107700000000001,,경기도 용인시 처인구 이동읍 기흥단지로 579-1,449834,17125,,,,127.151746616092,37.2211778593412
MA0101202406A0006864,에이티에스&현대방범방재시스템호남지사,,G2,소매,G221,기타 상품 소매,G22199,그 외 기타 상품 전문 소매업,G47859,그 외 기타 분류 안된 상품 전문 소매업,52,전북특별자치도,52111,전주시 완산구,52111672,중화산2동,5211112800,중화산동2가,5211112800100040043,1,대지,4,43,전북특별자치도 전주시 완산구 중화산동2가 4-43,521113266049,전북특별자치도 전주시 완산구 어은로,55,,4511112800100040043031083,,전북특별자치도 전주시 완산구 어은로 55,560833,54984,,3,,127.128349843098,35.8182070842607
MA0101202406A0008383,영광유통,,G2,소매,G221,기타 상품 소매,G22199,그 외 기타 상품 전문 소매업,G47859,그 외 기타 분류 안된 상품 전문 소매업,52,전북특별자치도,52710,완주군,52710340,소양면,5271034023,소양면,5271034023202250000,2,산,225,,전북특별자치도 완주군 소양면 죽절리 산225,527104619358,전북특별자치도 완주군 소양면 죽절길,75,15,4571034023202250000010908,,전북특별자치도 완주군 소양면 죽절길 75-15,565841,55355,,,,127.217961714143,35.8596889875044
MA0101202406A0069990,대박물류,,G2,소매,G221,기타 상품 소매,G22199,그 외 기타 상품 전문 소매업,G47859,그 외 기타 분류 안된 상품 전문 소매업,46,전라남도,46790,화순군,46790250,화순읍,4679025028,화순읍,4679025028108660004,1,대지,866,4,전라남도 화순군 화순읍 일심리 866-4,467904673338,전라남도 화순군 화순읍 용곡3길,53,,4679025028108660004045572,,전라남도 화순군 화순읍 용곡3길 53,519809,58115,,,,126.996557759669,35.0616372979322
MA0101202406A0082529,바른생활,,G2,소매,G221,기타 상품 소매,G22199,그 외 기타 상품 전문 소매업,G47859,그 외 기타 분류 안된 상품 전문 소매업,41,경기도,41360,남양주시,41360265,퇴계원읍,4136026521,퇴계원읍,4136026521102320000,1,대지,232,,경기도 남양주시 퇴계원읍 퇴계원리 232,413603197019,경기도 남양주시 퇴계원읍 도제원로,22,,4136037021102320000006399,성원,경기도 남양주시 퇴계원읍 도제원로 22,472745,12124,,,,127.146404118936,37.649491180062
MA0101202406A0040444,케비에스솔루션즈,,G2,소매,G221,기타 상품 소매,G22199,그 외 기타 상품 전문 소매업,G47859,그 외 기타 분류 안된 상품 전문 소매업,41,경기도,41461,용인시 처인구,41461525,역북동,4146110200,역북동,4146110200107500002,1,대지,750,2,경기도 용인시 처인구 역북동 750-2,414613205043,경기도 용인시 처인구 명지로40번길,4,,4146110200107500002000001,,경기도 용인시 처인구 명지로40번길 4,449933,17055,,5,,127.188100655126,37.2327041520282
MA0101202406A0044914,올리브,,G2,소매,G221,기타 상품 소매,G22199,그 외 기타 상품 전문 소매업,G47859,그 외 기타 분류 안된 상품 전문 소매업,46,전라남도,46110,목포시,46110705,북항동,4611010200,산정동,4611010200116750007,1,대지,1675,7,전라남도 목포시 산정동 1675-7,461104643608,전라남도 목포시 원산로47번길,1,,4611010200116750007007775,,전라남도 목포시 원산로47번길 1,530814,58714,,1,,126.374420699902,34.8043312066542
MA0101202406A0048067,대구상사,,G2,소매,G221,기타 상품 소매,G22199,그 외 기타 상품 전문 소매업,G47859,그 외 기타 분류 안된 상품 전문 소매업,31,울산광역시,31110,중구,31110650,성안동,3111010900,성안동,3111010900108050002,1,대지,805,2,울산광역시 중구 성안동 805-2,311104307476,울산광역시 중구 함월17길,16,,3111010900108050002024422,,울산광역시 중구 함월17길 16,681300,44423,,1,,129.308867903771,35.5756669863496
MA0101202406A0061289,마음애들어,,G2,소매,G221,기타 상품 소매,G22199,그 외 기타 상품 전문 소매업,G47859,그 외 기타 분류 안된 상품 전문 소매업,41,경기도,41370,오산시,41370526,대원2동,4137012200,고현동,4137012200100500004,1,대지,50,4,경기도 오산시 고현동 50-4,413702012003,경기도 오산시 남부대로,446,,4137012200100500004015231,,경기도 오산시 남부대로 446,447320,18151,,2,,127.083382191248,37.133428883668
MA0101202406A0011649,남원봉투,,G2,소매,G221,기타 상품 소매,G22199,그 외 기타 상품 전문 소매업,G47859,그 외 기타 분류 안된 상품 전문 소매업,52,전북특별자치도,52190,남원시,52190550,금동,5219010600,금동,5219010600102640001,1,대지,264,1,전북특별자치도 남원시 금동 264-1,521903271030,전북특별자치도 남원시 의총로,51,,4519010600102640001307488,공설시장,전북특별자치도 남원시 의총로 51,590980,55768,,,,127.375861148408,35.4046196519992
MA0101202406A0019023,그외기타상품전문소매업,,G2,소매,G221,기타 상품 소매,G22199,그 외 기타 상품 전문 소매업,G47859,그 외 기타 분류 안된 상품 전문 소매업,41,경기도,41820,가평군,41820345,조종면,4182034521,조종면,4182034521102730020,1,대지,273,20,경기도 가평군 조종면 현리 273-20,418203216040,경기도 가평군 조종면 조종새싹로,3,1,4182034521102730020000001,,경기도 가평군 조종면 조종새싹로 3-1,477834,12437,,2,,127.348096369899,37.8194861892662
MA0101202406A0025381,현창정밀,,G2,소매,G221,기타 상품 소매,G22199,그 외 기타 상품 전문 소매업,G47859,그 외 기타 분류 안된 상품 전문 소매업,46,전라남도,46820,해남군,46820250,해남읍,4682025024,해남읍,4682025024104740001,1,대지,474,1,전라남도 해남군 해남읍 고도리 474-1,468204682632,전라남도 해남군 해남읍 호천길,1,,4682025024104740001000002,,전라남도 해남군 해남읍 호천길 1,536801,59044,,,,126.595024741186,34.5653157060604
MA0101202311A0103592,도화원타투스튜디오,,G2,소매,G221,기타 상품 소매,G22199,그 외 기타 상품 전문 소매업,G47859,그 외 기타 분류 안된 상품 전문 소매업,27,대구광역시,27290,달서구,27290563,죽전동,2729011200,죽전동,2729011200102690001,1,대지,269,1,대구광역시 달서구 죽전동 269-1,272904241426,대구광역시 달서구 와룡로41길,39,,2729011200102690001017314,,대구광역시 달서구 와룡로41길 39,704932,42633,,1,,128.535011570925,35.8512520620598
MA0101202406A0011907,청구식품,,G2,소매,G221,기타 상품 소매,G22199,그 외 기타 상품 전문 소매업,G47859,그 외 기타 분류 안된 상품 전문 소매업,47,경상북도,47170,안동시,47170380,임하면,4717038024,임하면,4717038024110300001,1,대지,1030,1,경상북도 안동시 임하면 신덕리 1030-1,471703307036,경상북도 안동시 임하면 추목로,15,,4717038024110300001007624,,경상북도 안동시 임하면 추목로 15,760833,36738,,,,128.81086437446,36.5312758895929
MA0101202406A0070575,서울강남유통,,G2,소매,G221,기타 상품 소매,G22199,그 외 기타 상품 전문 소매업,G47859,그 외 기타 분류 안된 상품 전문 소매업,11,서울특별시,11380,은평구,11380600,응암3동,1138010700,응암동,1138010700106020032,1,대지,602,32,서울특별시 은평구 응암동 602-32,113803005055,서울특별시 은평구 응암로,174,,1138010700106020032001727,,서울특별시 은평구 응암로 174,122927,03478,,2,,126.916781971,37.587465607684
MA0101202406A0075096,초정문인화공방,,G2,소매,G221,기타 상품 소매,G22199,그 외 기타 상품 전문 소매업,G47859,그 외 기타 분류 안된 상품 전문 소매업,30,대전광역시,30140,중구,30140575,대흥동,3014010500,대흥동,3014010500103260627,1,대지,326,627,대전광역시 중구 대흥동 326-627,301403164032,대전광역시 중구 보문로,205,,3014010500103260627000001,,대전광역시 중구 보문로 205,301805,34949,,,,127.423577552827,36.3210926021736
MA0101202406A0020909,바오공조,,G2,소매,G221,기타 상품 소매,G22199,그 외 기타 상품 전문 소매업,G47859,그 외 기타 분류 안된 상품 전문 소매업,11,서울특별시,11590,동작구,11590520,노량진2동,1159010100,노량진동,1159010100102290108,1,대지,229,108,서울특별시 동작구 노량진동 229-108,115904157589,서울특별시 동작구 장승배기로20가길,3,6,1159010100102290108031161,,서울특별시 동작구 장승배기로20가길 3-6,156803,06925,,1,,126.941096322055,37.508408602149
MA0101202406A0024116,전방,,G2,소매,G221,기타 상품 소매,G22199,그 외 기타 상품 전문 소매업,G47859,그 외 기타 분류 안된 상품 전문 소매업,52,전북특별자치도,52140,익산시,52140430,삼기면,5214043025,삼기면,5214043025103860007,1,대지,386,7,전북특별자치도 익산시 삼기면 기산리 386-7,521403269013,전북특별자치도 익산시 삼기면 미륵사지로,622,2,4514043025103860007025975,,전북특별자치도 익산시 삼기면 미륵사지로 622-2,570822,54528,,,,127.01296992467,36.028183955707
MA0101202406A0043768,인제농부팜,,G2,소매,G221,기타 상품 소매,G22199,그 외 기타 상품 전문 소매업,G47859,그 외 기타 분류 안된 상품 전문 소매업,51,강원특별자치도,51810,인제군,51810310,남면,5181031027,남면,5181031027106360002,1,대지,636,2,강원특별자치도 인제군 남면 남전리 636-2,518104499001,강원특별자치도 인제군 남면 가넷고개길,48,8,4281031027006360002007668,,강원특별자치도 인제군 남면 가넷고개길 48-8,252813,24668,,,,128.151327078311,38.0360661162433
MA0101202406A0061751,대양산업,,G2,소매,G221,기타 상품 소매,G22199,그 외 기타 상품 전문 소매업,G47859,그 외 기타 분류 안된 상품 전문 소매업,11,서울특별시,11500,강서구,11500611,발산1동,1150010600,내발산동,1150010600106800003,1,대지,680,3,서울특별시 강서구 내발산동 680-3,115004145176,서울특별시 강서구 공항대로36가길,15,,1150010600106800003009273,근영빌리지,서울특별시 강서구 공항대로36가길 15,157829,07633,,,,126.834840186529,37.5530334886067
MA0101202406A0074824,충청소방안전,,G2,소매,G221,기타 상품 소매,G22199,그 외 기타 상품 전문 소매업,G47859,그 외 기타 분류 안된 상품 전문 소매업,43,충청북도,43113,청주시 흥덕구,43113741,복대1동,4311311400,복대동,4311311400130000000,1,대지,3000,,충청북도 청주시 흥덕구 복대동 3000,431134511873,충청북도 청주시 흥덕구 진재로28번길,18,,4311311400130000000008352,,충청북도 청주시 흥덕구 진재로28번길 18,361815,28420,,1,,127.430715708442,36.6336053872654
MA0101202406A0076114,내면흥농종묘사,,G2,소매,G221,기타 상품 소매,G22199,그 외 기타 상품 전문 소매업,G47859,그 외 기타 분류 안된 상품 전문 소매업,51,강원특별자치도,51720,홍천군,51720390,내면,5172039021,내면,5172039021116070001,1,대지,1607,1,강원특별자치도 홍천군 내면 창촌리 1607-1,517203225049,강원특별자치도 홍천군 내면 창촌로,47,,4272039021115910000018035,,강원특별자치도 홍천군 내면 창촌로 47,250846,25171,,,,128.389563269372,37.7724167264317
MA0101202406A0022645,에스에이치농자재,,G2,소매,G221,기타 상품 소매,G22199,그 외 기타 상품 전문 소매업,G47859,그 외 기타 분류 안된 상품 전문 소매업,41,경기도,41550,안성시,41550520,안성2동,4155011300,인지동,4155011300103840017,1,대지,384,17,경기도 안성시 인지동 384-17,415503208041,경기도 안성시 장기로,60,,4155011300103840017021710,,경기도 안성시 장기로 60,456230,17593,,,,127.269249494205,37.004371626542
MA0101202406A0048528,혁신오송농약사,,G2,소매,G221,기타 상품 소매,G22199,그 외 기타 상품 전문 소매업,G47859,그 외 기타 분류 안된 상품 전문 소매업,52,전북특별자치도,52710,완주군,52710330,이서면,5271033024,이서면,5271033024106420001,1,대지,642,1,전북특별자치도 완주군 이서면 갈산리 642-1,527104619430,전북특별자치도 완주군 이서면 양동길,15,1,4571033024106420001000001,,전북특별자치도 완주군 이서면 양동길 15-1,565851,55365,,,,127.052708257686,35.8392003069899
MA0101202406A0076656,수연당한약방,,G2,소매,G221,기타 상품 소매,G22199,그 외 기타 상품 전문 소매업,G47859,그 외 기타 분류 안된 상품 전문 소매업,29,광주광역시,29155,남구,29155700,주월2동,2915510600,주월동,2915510600109890015,1,대지,989,15,광주광역시 남구 주월동 989-15,291554283343,광주광역시 남구 봉주길,14,1,2915510600109890015010894,,광주광역시 남구 봉주길 14-1,503837,61605,,,,126.89250130111,35.1368088869749
MA0101202406A0083181,우진제과기계,,G2,소매,G221,기타 상품 소매,G22199,그 외 기타 상품 전문 소매업,G47859,그 외 기타 분류 안된 상품 전문 소매업,41,경기도,41630,양주시,41630250,백석읍,4163025023,백석읍,4163025023100880002,1,대지,88,2,경기도 양주시 백석읍 복지리 88-2,416303212033,경기도 양주시 백석읍 양주산성로,511,86,4163025023100880002059124,,경기도 양주시 백석읍 양주산성로 511-86,482836,11512,,,,126.993903872558,37.7846286943672
MA0101202406A0036462,예담이네,,G2,소매,G221,기타 상품 소매,G22199,그 외 기타 상품 전문 소매업,G47859,그 외 기타 분류 안된 상품 전문 소매업,28,인천광역시,28710,강화군,28710250,강화읍,2871025025,강화읍,2871025025108440001,1,대지,844,1,인천광역시 강화군 강화읍 갑곳리 844-1,287102157001,인천광역시 강화군 강화읍 강화대로,335,,2871025025108460000002454,강화인삼농협,인천광역시 강화군 강화읍 강화대로 335,417942,23027,,1,,126.492519372773,37.7422091046471
MA0101202406A0057529,선암사,,G2,소매,G221,기타 상품 소매,G22199,그 외 기타 상품 전문 소매업,G47859,그 외 기타 분류 안된 상품 전문 소매업,48,경상남도,48330,양산시,48330530,강서동,4833011200,어곡동,4833011200113110003,1,대지,1311,3,경상남도 양산시 어곡동 1311-3,483304814862,경상남도 양산시 화룡1길,41,,4833011200113110003060706,,경상남도 양산시 화룡1길 41,626220,50590,,,,129.017085945577,35.3920829011878
MA0101202406A0061840,아토그루밍,,G2,소매,G221,기타 상품 소매,G22199,그 외 기타 상품 전문 소매업,G47859,그 외 기타 분류 안된 상품 전문 소매업,30,대전광역시,30110,동구,30110530,효동,3011010500,가오동,3011010500106670000,1,대지,667,,대전광역시 동구 가오동 667,301103010015,대전광역시 동구 은어송로,36,,3011010500106670000033336,수성프라자,대전광역시 동구 은어송로 36,300030,34695,,,,127.454062723247,36.304759482983
MA0101202406A0018181,마이크로바이오랩,,G2,소매,G221,기타 상품 소매,G22199,그 외 기타 상품 전문 소매업,G47859,그 외 기타 분류 안된 상품 전문 소매업,28,인천광역시,28245,계양구,28245611,계산1동,2824510200,계산동,2824510200109440011,1,대지,944,11,인천광역시 계양구 계산동 944-11,282452008010,인천광역시 계양구 경명대로,1058,,2824510200109440011092374,계림빌딩,인천광역시 계양구 경명대로 1058,407806,21049,,12,,126.724457066003,37.5431598032485
MA0101202406A0148624,케미큐,,G2,소매,G221,기타 상품 소매,G22199,그 외 기타 상품 전문 소매업,G47859,그 외 기타 분류 안된 상품 전문 소매업,31,울산광역시,31110,중구,31110630,병영2동,3111011400,서동,3111011400104620000,1,대지,462,,울산광역시 중구 서동 462,311104307013,울산광역시 중구 고복수길,1,3,3111011400104620000012596,,울산광역시 중구 고복수길 1-3,681290,44489,,,,129.345601639069,35.5732454311777
MA0101202406A0157052,강북농약사,,G2,소매,G221,기타 상품 소매,G22199,그 외 기타 상품 전문 소매업,G47859,그 외 기타 분류 안된 상품 전문 소매업,27,대구광역시,27230,북구,27230770,읍내동,2723011800,읍내동,2723011800109440002,1,대지,944,2,대구광역시 북구 읍내동 944-2,272302145001,대구광역시 북구 칠곡중앙대로,512,,2723011800109440002004377,,대구광역시 북구 칠곡중앙대로 512,702849,41434,,,,128.550610815872,35.9411212089094
MA0101202406A0126589,그린장미리스,,G2,소매,G221,기타 상품 소매,G22199,그 외 기타 상품 전문 소매업,G47859,그 외 기타 분류 안된 상품 전문 소매업,41,경기도,41390,시흥시,41390520,신천동,4139010200,신천동,4139010200100830047,1,대지,83,47,경기도 시흥시 신천동 83-47,413904397400,경기도 시흥시 시흥대로1152번길,8,1,4139010200100830047019917,,경기도 시흥시 시흥대로1152번길 8-1,429882,14950,,1,,126.791442783586,37.4380506006871
MA0101202406A0131256,청년씽크,,G2,소매,G221,기타 상품 소매,G22199,그 외 기타 상품 전문 소매업,G47859,그 외 기타 분류 안된 상품 전문 소매업,51,강원특별자치도,51130,원주시,51130660,무실동,5113011500,무실동,5113011500111930000,1,대지,1193,,강원특별자치도 원주시 무실동 1193,511304457386,강원특별자치도 원주시 송삼길,95,,4213011500111930000035677,,강원특별자치도 원주시 송삼길 95,220150,26385,,,,127.914903294554,37.331584008332
MA0101202406A0157087,보리심,,G2,소매,G221,기타 상품 소매,G22199,그 외 기타 상품 전문 소매업,G47859,그 외 기타 분류 안된 상품 전문 소매업,47,경상북도,47150,김천시,47150420,지례면,4715042029,지례면,4715042029101860000,1,대지,186,,경상북도 김천시 지례면 울곡리 186,471504718704,경상북도 김천시 지례면 울곡길,68,9,4715042029101860000034708,,경상북도 김천시 지례면 울곡길 68-9,740933,39690,,,,128.082602540372,35.9498692559107
MA0101202406A0090663,사다24,,G2,소매,G221,기타 상품 소매,G22199,그 외 기타 상품 전문 소매업,G47859,그 외 기타 분류 안된 상품 전문 소매업,41,경기도,41390,시흥시,41390540,은행동,4139010600,은행동,4139010600106080006,1,대지,608,6,경기도 시흥시 은행동 608-6,413903351222,경기도 시흥시 은계중앙로,238,,4139011300107030001000001,,경기도 시흥시 은계중앙로 238,429060,14923,,,,126.804192275398,37.4453706193501
MA0101202406A0090672,블랙스폿,,G2,소매,G221,기타 상품 소매,G22199,그 외 기타 상품 전문 소매업,G47859,그 외 기타 분류 안된 상품 전문 소매업,11,서울특별시,11140,중구,11140590,광희동,1114014800,을지로6가,1114014800100180185,1,대지,18,185,서울특별시 중구 을지로6가 18-185,111403101021,서울특별시 중구 장충단로,263,,1114014800100180017016044,밀리오레빌딩,서울특별시 중구 장충단로 263,100851,04563,,13,,127.008466800567,37.5681142531234
MA0101202406A0096370,자연사랑하늘약초,,G2,소매,G221,기타 상품 소매,G22199,그 외 기타 상품 전문 소매업,G47859,그 외 기타 분류 안된 상품 전문 소매업,50,제주특별자치도,50110,제주시,50110550,삼도1동,5011010500,삼도일동,5011010500107210009,1,대지,721,9,제주특별자치도 제주시 삼도일동 721-9,501104848646,제주특별자치도 제주시 전농로3길,5,1,5011010500107210009028075,,제주특별자치도 제주시 전농로3길 5-1,690811,63173,,,,126.515194267231,33.5050067263021
MA0101202406A0109274,루나유통,,G2,소매,G221,기타 상품 소매,G22199,그 외 기타 상품 전문 소매업,G47859,그 외 기타 분류 안된 상품 전문 소매업,41,경기도,41670,여주시,41670510,여흥동,4167011500,점봉동,4167011500104290182,1,대지,429,182,경기도 여주시 점봉동 429-182,416703214032,경기도 여주시 세종로,369,,4173025035104290044056306,,경기도 여주시 세종로 369,469115,12653,,2,,127.639628550613,37.265707736327
MA0101202406A0110736,가호방,,G2,소매,G221,기타 상품 소매,G22199,그 외 기타 상품 전문 소매업,G47859,그 외 기타 분류 안된 상품 전문 소매업,31,울산광역시,31170,동구,31170510,방어동,3117010100,방어동,3117010100100900005,1,대지,90,5,울산광역시 동구 방어동 90-5,311704313296,울산광역시 동구 등대5길,46,,3117010100100900005000001,,울산광역시 동구 등대5길 46,682803,44059,,1,,129.429414178367,35.4879140588736
MA0101202406A0116876,영모가발,,G2,소매,G221,기타 상품 소매,G22199,그 외 기타 상품 전문 소매업,G47859,그 외 기타 분류 안된 상품 전문 소매업,46,전라남도,46150,순천시,46150665,왕조2동,4615013300,조례동,4615013300116200008,1,대지,1620,8,전라남도 순천시 조례동 1620-8,461504649955,전라남도 순천시 조례못등1길,12,11,4615013300116200008043460,,전라남도 순천시 조례못등1길 12-11,540977,57974,,1,,127.528908207696,34.9528157033892
MA0101202406A0122487,혀니네집,,G2,소매,G221,기타 상품 소매,G22199,그 외 기타 상품 전문 소매업,G47859,그 외 기타 분류 안된 상품 전문 소매업,43,충청북도,43130,충주시,43130550,용산동,4313010600,용산동,4313010600113480000,1,대지,1348,,충청북도 충주시 용산동 1348,431304514044,충청북도 충주시 거룡2길,52,,4313010600113480000008527,혀니네집,충청북도 충주시 거룡2길 52,380090,27399,,,,127.937572689177,36.9624269476314
MA0101202406A0150230,미라클애드,,G2,소매,G221,기타 상품 소매,G22199,그 외 기타 상품 전문 소매업,G47859,그 외 기타 분류 안된 상품 전문 소매업,11,서울특별시,11560,영등포구,11560630,신길1동,1156013200,신길동,1156013200101200077,1,대지,120,77,서울특별시 영등포구 신길동 120-77,115604154670,서울특별시 영등포구 여의대방로47나길,19,1,1156013200101200077018120,,서울특별시 영등포구 여의대방로47나길 19-1,150839,07357,,,,126.919989516198,37.5102072102655
MA0101202406A0153185,바디밸런스,,G2,소매,G221,기타 상품 소매,G22199,그 외 기타 상품 전문 소매업,G47859,그 외 기타 분류 안된 상품 전문 소매업,11,서울특별시,11740,강동구,11740530,명일1동,1174010100,명일동,1174010100103060007,1,대지,306,7,서울특별시 강동구 명일동 306-7,117402000006,서울특별시 강동구 양재대로,1657,11,1174010100103060007019758,,서울특별시 강동구 양재대로 1657-11,134830,05257,,1,,127.14338672703,37.5534223356097
MA0101202406A0156559,평온기획사,,G2,소매,G221,기타 상품 소매,G22199,그 외 기타 상품 전문 소매업,G47859,그 외 기타 분류 안된 상품 전문 소매업,50,제주특별자치도,50110,제주시,50110560,삼도2동,5011010600,삼도이동,5011010600102230004,1,대지,223,4,제주특별자치도 제주시 삼도이동 223-4,501103349184,제주특별자치도 제주시 중앙로,124,,5011010600102230004035722,,제주특별자치도 제주시 중앙로 124,690809,63170,,1,,126.524339174033,33.5075035173267
MA0101202406A0163739,오엔,,G2,소매,G221,기타 상품 소매,G22199,그 외 기타 상품 전문 소매업,G47859,그 외 기타 분류 안된 상품 전문 소매업,11,서울특별시,11170,용산구,11170650,이태원1동,1117013000,이태원동,1117013000101660020,1,대지,166,20,서울특별시 용산구 이태원동 166-20,111704106302,서울특별시 용산구 이태원로17길,7,10,1117013000101660020009509,,서울특별시 용산구 이태원로17길 7-10,140864,04351,,,,126.991186204804,37.5349845224858
MA0101202406A0088060,광주유통본부,,G2,소매,G221,기타 상품 소매,G22199,그 외 기타 상품 전문 소매업,G47859,그 외 기타 분류 안된 상품 전문 소매업,29,광주광역시,29170,북구,29170602,운암2동,2917010900,운암동,2917010900104770018,1,대지,477,18,광주광역시 북구 운암동 477-18,291704286314,광주광역시 북구 비엔날레로3번길,54,15,2917010900104770018017771,,광주광역시 북구 비엔날레로3번길 54-15,500855,61117,,,,126.883064104911,35.1756848000179
MA0101202406A0089287,태영ENG,,G2,소매,G221,기타 상품 소매,G22199,그 외 기타 상품 전문 소매업,G47859,그 외 기타 분류 안된 상품 전문 소매업,47,경상북도,47830,고령군,47830330,성산면,4783033046,성산면,4783033046105890000,1,대지,589,,경상북도 고령군 성산면 기족리 589,478303000059,경상북도 고령군 성산면 성산로,816,,4783033046105890000000001,,경상북도 고령군 성산면 성산로 816,717812,40119,,,,128.351300129005,35.7475247788578
MA0101202406A0114098,보경샆,,G2,소매,G221,기타 상품 소매,G22199,그 외 기타 상품 전문 소매업,G47859,그 외 기타 분류 안된 상품 전문 소매업,29,광주광역시,29155,남구,29155700,주월2동,2915510500,백운동,2915510500106530221,1,대지,653,221,광주광역시 남구 백운동 653-221,291554283163,광주광역시 남구 대남대로247번안길,1,,2915510500106530221000001,,광주광역시 남구 대남대로247번안길 1,503833,61616,,,,126.897616957886,35.1348753868365
MA0101202406A0132906,렉스코,,G2,소매,G221,기타 상품 소매,G22199,그 외 기타 상품 전문 소매업,G47859,그 외 기타 분류 안된 상품 전문 소매업,27,대구광역시,27290,달서구,27290535,두류1.2동,2729010200,두류동,2729010200112170001,1,대지,1217,1,대구광역시 달서구 두류동 1217-1,272904241151,대구광역시 달서구 명덕로2길,18,,2729010200112170001025136,,대구광역시 달서구 명덕로2길 18,704907,42662,,1,,128.571553873691,35.8609805764759
MA0101202406A0141726,위드유소방,,G2,소매,G221,기타 상품 소매,G22199,그 외 기타 상품 전문 소매업,G47859,그 외 기타 분류 안된 상품 전문 소매업,11,서울특별시,11530,구로구,11530530,구로2동,1153010200,구로동,1153010200112580000,1,대지,1258,,서울특별시 구로구 구로동 1258,115304148108,서울특별시 구로구 경인로53길,15,,1153010200112580000017234,구로유통상가,서울특별시 구로구 경인로53길 15,152721,08217,,3,,126.876118294779,37.5020332748086
MA0101202406A0151697,두리,,G2,소매,G221,기타 상품 소매,G22199,그 외 기타 상품 전문 소매업,G47859,그 외 기타 분류 안된 상품 전문 소매업,41,경기도,41800,연천군,41800310,군남면,4180031027,군남면,4180031027113300003,1,대지,1330,3,경기도 연천군 군남면 남계리 1330-3,418004861615,경기도 연천군 군남면 남계로142번길,26,12,4180031027113300000000005,,경기도 연천군 군남면 남계로142번길 26-12,486821,11008,,,,127.024804102079,38.020457457094
MA0101202406A0090820,한국유통,,G2,소매,G221,기타 상품 소매,G22199,그 외 기타 상품 전문 소매업,G47859,그 외 기타 분류 안된 상품 전문 소매업,41,경기도,41410,군포시,41410560,금정동,4141010500,금정동,4141010500100850001,1,대지,85,1,경기도 군포시 금정동 85-1,414103200004,경기도 군포시 군포로,695,,4141010500100850001007965,,경기도 군포시 군포로 695,435826,15812,,1,,126.944841755556,37.3674645555466
MA0101202406A0099351,유알보조기,,G2,소매,G221,기타 상품 소매,G22199,그 외 기타 상품 전문 소매업,G47859,그 외 기타 분류 안된 상품 전문 소매업,11,서울특별시,11680,강남구,11680655,도곡1동,1168011800,도곡동,1168011800109590016,1,대지,959,16,서울특별시 강남구 도곡동 959-16,116804166091,서울특별시 강남구 남부순환로359길,14,,1168011800109590016000827,,서울특별시 강남구 남부순환로359길 14,135861,06268,,3,,127.036645465637,37.4859194718166
MA0101202406A0118468,헤이브라더,,G2,소매,G221,기타 상품 소매,G22199,그 외 기타 상품 전문 소매업,G47859,그 외 기타 분류 안된 상품 전문 소매업,48,경상남도,48123,창원시 성산구,48123510,반송동,4812312400,반지동,4812312400100410002,1,대지,41,2,경상남도 창원시 성산구 반지동 41-2,481233328016,경상남도 창원시 성산구 반지로,40,,4812312400100410002009453,,경상남도 창원시 성산구 반지로 40,642819,51418,,,,128.661752346251,35.2417301333063
MA0101202406A0121308,수정힐링샵,,G2,소매,G221,기타 상품 소매,G22199,그 외 기타 상품 전문 소매업,G47859,그 외 기타 분류 안된 상품 전문 소매업,41,경기도,41192,부천시 원미구,41192690,상2동,4119210900,상동,4119210900105480006,1,대지,548,6,경기도 부천시 원미구 상동 548-6,411923000065,경기도 부천시 원미구 길주로,70,,4119510900105480006034771,강산타운,경기도 부천시 원미구 길주로 70,420864,14544,,1,,126.749839373902,37.5053652858603
MA0101202406A0128382,대한홍삼건강아산총판,백화점,G2,소매,G221,기타 상품 소매,G22199,그 외 기타 상품 전문 소매업,G47859,그 외 기타 분류 안된 상품 전문 소매업,44,충청남도,44200,아산시,44200580,온양2동,4420010100,온천동,4420010100127200000,1,대지,2720,,충청남도 아산시 온천동 2720,442004559589,충청남도 아산시 온여고길,32,,4420011200100880006044647,,충청남도 아산시 온여고길 32,336012,31577,,,,127.011493089095,36.7769146757511
MA0101202406A0139100,제이에스컴퍼니,,G2,소매,G221,기타 상품 소매,G22199,그 외 기타 상품 전문 소매업,G47859,그 외 기타 분류 안된 상품 전문 소매업,41,경기도,41390,시흥시,41390597,배곧2동,4139013500,배곧동,4139013500102190000,1,대지,219,,경기도 시흥시 배곧동 219,413904853127,경기도 시흥시 서울대학로264번길,25,,4139013200117710001000045,A-14시흥배곧아브뉴프랑센트럴블루,경기도 시흥시 서울대학로264번길 25,,15011,,,,126.727332825619,37.3683704992794
MA0101202406A0140459,비스트베이프중동현대점,,G2,소매,G221,기타 상품 소매,G22199,그 외 기타 상품 전문 소매업,G47859,그 외 기타 분류 안된 상품 전문 소매업,41,경기도,41192,부천시 원미구,41192630,중1동,4119210800,중동,4119210800111620002,1,대지,1162,2,경기도 부천시 원미구 중동 1162-2,411924352260,경기도 부천시 원미구 석천로177번길,11,,4119010800111620002000001,제이클래스중동,경기도 부천시 원미구 석천로177번길 11,420852,14546,,,,126.762061252566,37.5030479273868
MA0101202406A0146236,365의전,,G2,소매,G221,기타 상품 소매,G22199,그 외 기타 상품 전문 소매업,G47859,그 외 기타 분류 안된 상품 전문 소매업,46,전라남도,46130,여수시,46130800,여천동,4613013500,선원동,4613013500112490014,1,대지,1249,14,전라남도 여수시 선원동 1249-14,461304646348,전라남도 여수시 무선2길,10,1,4613013500112490014048611,,전라남도 여수시 무선2길 10-1,555801,59641,,1,,127.653346394238,34.7723029837137
MA0101202406A0151857,제일안전,,G2,소매,G221,기타 상품 소매,G22199,그 외 기타 상품 전문 소매업,G47859,그 외 기타 분류 안된 상품 전문 소매업,46,전라남도,46110,목포시,46110790,옥암동,4611016400,옥암동,4611016400109600004,1,대지,960,4,전라남도 목포시 옥암동 960-4,461103281056,전라남도 목포시 옥암로,108,,4611016400109600004000175,,전라남도 목포시 옥암로 108,530831,58663,,4,,126.425948499616,34.8088397697924
MA0101202406A0158580,강화인삼,,G2,소매,G221,기타 상품 소매,G22199,그 외 기타 상품 전문 소매업,G47859,그 외 기타 분류 안된 상품 전문 소매업,41,경기도,41133,성남시 중원구,41133510,성남동,4113310100,성남동,4113310100141990000,1,대지,4199,,경기도 성남시 중원구 성남동 4199,411332179001,경기도 성남시 중원구 둔촌대로,75,,4113310100141990000027668,건물후면,경기도 성남시 중원구 둔촌대로 75,462829,13377,,,,127.127367394551,37.4301739628022
MA0101202406A0175519,활력굿굼벵이농장,,G2,소매,G221,기타 상품 소매,G22199,그 외 기타 상품 전문 소매업,G47859,그 외 기타 분류 안된 상품 전문 소매업,41,경기도,41210,광명시,41210660,학온동,4121010500,노온사동,4121010500107870000,1,대지,787,,경기도 광명시 노온사동 787,412104361279,경기도 광명시 장절로61번길,41,,4121010500107870000010568,,경기도 광명시 장절로61번길 41,423080,14334,,3,,126.852281256146,37.4316279489371
MA0101202406A0099514,압량상사,,G2,소매,G221,기타 상품 소매,G22199,그 외 기타 상품 전문 소매업,G47859,그 외 기타 분류 안된 상품 전문 소매업,47,경상북도,47290,경산시,47290256,압량읍,4729025622,압량읍,4729025622104060001,1,대지,406,1,경상북도 경산시 압량읍 신대리 406-1,472904739766,경상북도 경산시 압량읍 압독2로1길,20,5,4729036022104060001000002,카이저,경상북도 경산시 압량읍 압독2로1길 20-5,712822,38536,,,,128.76386280111,35.8429914745938
MA0101202406A0120059,금영태진음향,,G2,소매,G221,기타 상품 소매,G22199,그 외 기타 상품 전문 소매업,G47859,그 외 기타 분류 안된 상품 전문 소매업,48,경상남도,48121,창원시 의창구,48121530,명곡동,4812112400,명서동,4812112400100530008,1,대지,53,8,경상남도 창원시 의창구 명서동 53-8,481214781209,경상남도 창원시 의창구 명지로63번길,26,,4812112400100530008006398,,경상남도 창원시 의창구 명지로63번길 26,641813,51173,,,,128.647845165574,35.2504188469163
MA0101202406A0130011,월드베이프가톨릭대점,,G2,소매,G221,기타 상품 소매,G22199,그 외 기타 상품 전문 소매업,G47859,그 외 기타 분류 안된 상품 전문 소매업,41,경기도,41192,부천시 원미구,41192580,역곡2동,4119210700,역곡동,4119210700100270003,1,대지,27,3,경기도 부천시 원미구 역곡동 27-3,411923185016,경기도 부천시 원미구 지봉로,29,1,4119510700100270003026654,일부호,경기도 부천시 원미구 지봉로 29-1,420832,14662,,1,,126.804881094788,37.4847188694552
MA0101202406A0139188,브라마파크골프울산총판,,G2,소매,G221,기타 상품 소매,G22199,그 외 기타 상품 전문 소매업,G47859,그 외 기타 분류 안된 상품 전문 소매업,31,울산광역시,31200,북구,31200560,효문동,3120012100,진장동,3120012100102850006,1,대지,285,6,울산광역시 북구 진장동 285-6,312003172025,울산광역시 북구 진장유통로,8,10,3120012100102850006000001,브라마실내파크,울산광역시 북구 진장유통로 8-10,683360,44248,,2,,129.357990300912,35.5711023927215
MA0101202406A0161644,위니크랩,,G2,소매,G221,기타 상품 소매,G22199,그 외 기타 상품 전문 소매업,G47859,그 외 기타 분류 안된 상품 전문 소매업,41,경기도,41192,부천시 원미구,41192630,중1동,4119210800,중동,4119210800111410005,1,대지,1141,5,경기도 부천시 원미구 중동 1141-5,411923000065,경기도 부천시 원미구 길주로,288,,4119510800111410005045219,다운타운,경기도 부천시 원미구 길주로 288,420852,14548,,8,,126.774242487003,37.5027114336139
MA0101202406A0128601,서울종묘사,,G2,소매,G221,기타 상품 소매,G22199,그 외 기타 상품 전문 소매업,G47859,그 외 기타 분류 안된 상품 전문 소매업,31,울산광역시,31200,북구,31200510,농소1동,3120010200,호계동,3120010200108400009,1,대지,840,9,울산광역시 북구 호계동 840-9,312003172027,울산광역시 북구 호계로,197,1,3120010200108400009011802,,울산광역시 북구 호계로 197-1,683813,44229,,1,,129.355388128761,35.621927283207
MA0101202406A0130251,골든타임15분,,G2,소매,G221,기타 상품 소매,G22199,그 외 기타 상품 전문 소매업,G47859,그 외 기타 분류 안된 상품 전문 소매업,51,강원특별자치도,51130,원주시,51130550,단구동,5113010700,단구동,5113010700115990004,1,대지,1599,4,강원특별자치도 원주시 단구동 1599-4,511302219001,강원특별자치도 원주시 서원대로,500,,4213010700115990002006941,원주프리미엄아울렛,강원특별자치도 원주시 서원대로 500,220965,26487,,4,,127.957071830261,37.325592123575
MA0101202406A0134809,엘오엘,,G2,소매,G221,기타 상품 소매,G22199,그 외 기타 상품 전문 소매업,G47859,그 외 기타 분류 안된 상품 전문 소매업,51,강원특별자치도,51780,철원군,51780259,동송읍,5178025922,동송읍,5178025922112530001,1,대지,1253,1,강원특별자치도 철원군 동송읍 오덕리 1253-1,517804490323,강원특별자치도 철원군 동송읍 하월촌길,8,,4278025922112530001008905,,강원특별자치도 철원군 동송읍 하월촌길 8,269814,24023,,,,127.241439684749,38.2053042095811
MA0101202406A0155234,조아그로,,G2,소매,G221,기타 상품 소매,G22199,그 외 기타 상품 전문 소매업,G47859,그 외 기타 분류 안된 상품 전문 소매업,52,전북특별자치도,52111,전주시 완산구,52111703,삼천3동,5211113800,삼천동2가,5211113800102730001,1,대지,273,1,전북특별자치도 전주시 완산구 삼천동2가 273-1,521113266073,전북특별자치도 전주시 완산구 천잠로,11,,4511113800102730000022382,,전북특별자치도 전주시 완산구 천잠로 11,560292,55074,,,,127.110010998667,35.7918453108239
MA0101202406A0159311,유성자동차유리,,G2,소매,G221,기타 상품 소매,G22199,그 외 기타 상품 전문 소매업,G47859,그 외 기타 분류 안된 상품 전문 소매업,30,대전광역시,30200,유성구,30200527,상대동,3020011500,상대동,3020011500104410002,1,대지,441,2,대전광역시 유성구 상대동 441-2,302002166002,대전광역시 유성구 월드컵대로,302,,3020011500104410002013106,,대전광역시 유성구 월드컵대로 302,305313,34198,,,,127.333612352632,36.348160575631
MA0101202406A0123054,기란마트,,G2,소매,G221,기타 상품 소매,G22199,그 외 기타 상품 전문 소매업,G47859,그 외 기타 분류 안된 상품 전문 소매업,47,경상북도,47290,경산시,47290310,와촌면,4729031034,와촌면,4729031034105760000,1,대지,576,,경상북도 경산시 와촌면 음양리 576,472904739601,경상북도 경산시 와촌면 음양3길,1,,4729031034105760000072505,,경상북도 경산시 와촌면 음양3길 1,712841,38403,,,,128.76759844789,35.9607751758037
MA0101202406A0145083,피앤에이농업기술,,G2,소매,G221,기타 상품 소매,G22199,그 외 기타 상품 전문 소매업,G47859,그 외 기타 분류 안된 상품 전문 소매업,41,경기도,41463,용인시 기흥구,41463590,보정동,4146311800,보정동,4146311800111970002,1,대지,1197,2,경기도 용인시 기흥구 보정동 1197-2,414633204055,경기도 용인시 기흥구 죽전로,17,,4146311800111970002023444,풍산프라자,경기도 용인시 기흥구 죽전로 17,446858,16897,,,,127.110789660959,37.3207251704385
MA0101202406A0102684,문산그린농약사,,G2,소매,G221,기타 상품 소매,G22199,그 외 기타 상품 전문 소매업,G47859,그 외 기타 분류 안된 상품 전문 소매업,48,경상남도,48170,진주시,48170250,문산읍,4817025023,문산읍,4817025023111980003,1,대지,1198,3,경상남도 진주시 문산읍 삼곡리 1198-3,481703332019,경상남도 진주시 문산읍 동부로,563,,4817025023111980003040878,,경상남도 진주시 문산읍 동부로 563,660844,52838,,,,128.162335228878,35.1661445673052
MA0101202406A0121747,복혜불교상점,,G2,소매,G221,기타 상품 소매,G22199,그 외 기타 상품 전문 소매업,G47859,그 외 기타 분류 안된 상품 전문 소매업,51,강원특별자치도,51170,동해시,51170510,천곡동,5117010100,천곡동,5117010100110390007,1,대지,1039,7,강원특별자치도 동해시 천곡동 1039-7,511703221045,강원특별자치도 동해시 한섬로,80,1,4217010100110390007000001,,강원특별자치도 동해시 한섬로 80-1,240807,25771,,,,129.112728653142,37.5200654213734
MA0101202406A0130435,부자농민마트,,G2,소매,G221,기타 상품 소매,G22199,그 외 기타 상품 전문 소매업,G47859,그 외 기타 분류 안된 상품 전문 소매업,47,경상북도,47280,문경시,47280590,점촌3동,4728010300,흥덕동,4728010300103570008,1,대지,357,8,경상북도 문경시 흥덕동 357-8,472803303047,경상북도 문경시 중앙로,229,,4728010300103570008025186,,경상북도 문경시 중앙로 229,745891,36964,,,,128.205098809765,36.6046355051416
MA0101202406A0133389,시크릿모,,G2,소매,G221,기타 상품 소매,G22199,그 외 기타 상품 전문 소매업,G47859,그 외 기타 분류 안된 상품 전문 소매업,41,경기도,41271,안산시 상록구,41271515,이동,4127110200,이동,4127110200107160001,1,대지,716,1,경기도 안산시 상록구 이동 716-1,412713190068,경기도 안산시 상록구 중보로,55,,4127110200107160001038520,삼성프라자,경기도 안산시 상록구 중보로 55,426863,15495,,4,,126.852625063195,37.3079536549793
MA0101202406A0146554,조원물류,,G2,소매,G221,기타 상품 소매,G22199,그 외 기타 상품 전문 소매업,G47859,그 외 기타 분류 안된 상품 전문 소매업,41,경기도,41150,의정부시,41150520,의정부2동,4115010100,의정부동,4115010100105630008,1,대지,563,8,경기도 의정부시 의정부동 563-8,411504343147,경기도 의정부시 범골로158번길,50,,4115010100105630008014314,,경기도 의정부시 범골로158번길 50,480850,11653,,,,127.042915874073,37.7336353484817
MA0101202406A0172796,비봉건재,,G2,소매,G221,기타 상품 소매,G22199,그 외 기타 상품 전문 소매업,G47859,그 외 기타 분류 안된 상품 전문 소매업,51,강원특별자치도,51770,정선군,51770250,정선읍,5177025021,정선읍,5177025021100350003,1,대지,35,3,강원특별자치도 정선군 정선읍 봉양리 35-3,517704487067,강원특별자치도 정선군 정선읍 녹송4길,13,8,4277025021100350003033026,,강원특별자치도 정선군 정선읍 녹송4길 13-8,233804,26128,,1,,128.670354274607,37.3842862229006
MA0101202406A0106996,엘투산업개발,,G2,소매,G221,기타 상품 소매,G22199,그 외 기타 상품 전문 소매업,G47859,그 외 기타 분류 안된 상품 전문 소매업,47,경상북도,47770,영덕군,47770250,영덕읍,4777025023,영덕읍,4777025023101390001,1,대지,139,1,경상북도 영덕군 영덕읍 남석리 139-1,477704754311,경상북도 영덕군 영덕읍 중앙길,132,4,4777025023101390001013571,,경상북도 영덕군 영덕읍 중앙길 132-4,766801,36434,,2,,129.365922181406,36.4120531464139
MA0101202406A0130518,체리쉬몽,,G2,소매,G221,기타 상품 소매,G22199,그 외 기타 상품 전문 소매업,G47859,그 외 기타 분류 안된 상품 전문 소매업,48,경상남도,48330,양산시,48330253,물금읍,4833025323,물금읍,4833025323105540007,1,대지,554,7,경상남도 양산시 물금읍 가촌리 554-7,483304814022,경상남도 양산시 물금읍 가촌서6길,12,,4833025323105540007000001,,경상남도 양산시 물금읍 가촌서6길 12,626811,50603,,1,,128.991456731929,35.3200198402214
MA0101202406A0130583,화신아그로,,G2,소매,G221,기타 상품 소매,G22199,그 외 기타 상품 전문 소매업,G47859,그 외 기타 분류 안된 상품 전문 소매업,43,충청북도,43760,괴산군,43760390,사리면,4376039021,사리면,4376039021107120002,1,대지,712,2,충청북도 괴산군 사리면 사담리 712-2,437603014051,충청북도 괴산군 사리면 사리로,255,56,4376039021107120002000001,,충청북도 괴산군 사리면 사리로 255-56,367822,28046,,,,127.642600668986,36.8171167484811
MA0101202406A0146609,휴켐,,G2,소매,G221,기타 상품 소매,G22199,그 외 기타 상품 전문 소매업,G47859,그 외 기타 분류 안된 상품 전문 소매업,11,서울특별시,11170,용산구,11170650,이태원1동,1117013000,이태원동,1117013000100220020,1,대지,22,20,서울특별시 용산구 이태원동 22-20,111704106005,서울특별시 용산구 녹사평대로26길,80,6,1117013000100220020010513,좌측호,서울특별시 용산구 녹사평대로26길 80-6,140860,04392,,1,,126.99375486023,37.5311193916684
MA0101202406A0152382,에이치제이산업,,G2,소매,G221,기타 상품 소매,G22199,그 외 기타 상품 전문 소매업,G47859,그 외 기타 분류 안된 상품 전문 소매업,47,경상북도,47190,구미시,47190360,장천면,4719036023,장천면,4719036023100150002,1,대지,15,2,경상북도 구미시 장천면 상림리 15-2,471904724803,경상북도 구미시 장천면 장천상림3길,57,2,4719036023100150002074873,,경상북도 구미시 장천면 장천상림3길 57-2,730841,39163,,,,128.514421111545,36.1474643810425
MA0101202406A0167718,연화불교도소매,,G2,소매,G221,기타 상품 소매,G22199,그 외 기타 상품 전문 소매업,G47859,그 외 기타 분류 안된 상품 전문 소매업,41,경기도,41196,부천시 오정구,41196510,성곡동,4119610200,여월동,4119610200100480026,1,대지,48,26,경기도 부천시 오정구 여월동 48-26,411964358219,경기도 부천시 오정구 소사로656번길,22,6,4119910200100480026043973,,경기도 부천시 오정구 소사로656번길 22-6,421812,14474,,,,126.803727815706,37.5149636892838
MA0101202406A0099951,스릴앤조이탕정점,,G2,소매,G221,기타 상품 소매,G22199,그 외 기타 상품 전문 소매업,G47859,그 외 기타 분류 안된 상품 전문 소매업,44,충청남도,44200,아산시,44200330,탕정면,4420033025,탕정면,4420033025112180000,1,대지,1218,,충청남도 아산시 탕정면 매곡리 1218,442003353795,충청남도 아산시 탕정면 한들물빛5로,11,,4420033025112180000000001,젤존트윈시티,충청남도 아산시 탕정면 한들물빛5로 11,336843,31465,,1,,127.084618589983,36.7870046612891
MA0101202406A0111615,에스이엔티,,G2,소매,G221,기타 상품 소매,G22199,그 외 기타 상품 전문 소매업,G47859,그 외 기타 분류 안된 상품 전문 소매업,11,서울특별시,11320,도봉구,11320513,창3동,1132010700,창동,1132010700104530015,1,대지,453,15,서울특별시 도봉구 창동 453-15,113204127052,서울특별시 도봉구 덕릉로60길,61,,1132010700104530015014788,,서울특별시 도봉구 덕릉로60길 61,132913,01475,,1,,127.040877849569,37.6375738344907
MA0101202406A0117734,"송도,감천,서구,구평,삼성,부산,괴정,사하,자갈치,충무,아미열쇠",,G2,소매,G221,기타 상품 소매,G22199,그 외 기타 상품 전문 소매업,G47859,그 외 기타 분류 안된 상품 전문 소매업,26,부산광역시,26140,서구,26140680,암남동,2614012400,암남동,2614012400102880005,1,대지,288,5,부산광역시 서구 암남동 288-5,261404178251,부산광역시 서구 암남로6번길,6,,2614012400102880005018352,,부산광역시 서구 암남로6번길 6,602830,49268,,1,,129.016678949181,35.078918507462
MA0101202406A0175207,붙임머리츄잉,,G2,소매,G221,기타 상품 소매,G22199,그 외 기타 상품 전문 소매업,G47859,그 외 기타 분류 안된 상품 전문 소매업,41,경기도,41360,남양주시,41360565,다산2동,4136011200,다산동,4136011200162200009,1,대지,6220,9,경기도 남양주시 다산동 6220-9,413603351593,경기도 남양주시 다산지금로146번길,8,63,4136011200162200009000001,일부호,경기도 남양주시 다산지금로146번길 8-63,,12284,,1,,127.172558715525,37.6010548593688
MA0101202406A0085699,그린비료,,G2,소매,G221,기타 상품 소매,G22199,그 외 기타 상품 전문 소매업,G47859,그 외 기타 분류 안된 상품 전문 소매업,41,경기도,41670,여주시,41670510,여흥동,4167011500,점봉동,4167011500100680013,1,대지,68,13,경기도 여주시 점봉동 68-13,416703214023,경기도 여주시 명성로,49,,4167011500100680013000001,,경기도 여주시 명성로 49,469115,12653,,,,127.65222407111,37.2581965340533
MA0101202406A0094414,김정문알로에,,G2,소매,G221,기타 상품 소매,G22199,그 외 기타 상품 전문 소매업,G47859,그 외 기타 분류 안된 상품 전문 소매업,27,대구광역시,27110,중구,27110595,대신동,2711015400,대신동,2711015400101150001,1,대지,115,1,대구광역시 중구 대신동 115-1,271103007001,대구광역시 중구 국채보상로,470,,2711013500101540018000001,대신지하상가,대구광역시 중구 국채보상로 470,700750,41925,,,,128.581053359105,35.8705161947503
MA0101202406A0138362,두원기획,,G2,소매,G221,기타 상품 소매,G22199,그 외 기타 상품 전문 소매업,G47859,그 외 기타 분류 안된 상품 전문 소매업,30,대전광역시,30110,동구,30110530,효동,3011010500,가오동,3011010500102120002,1,대지,212,2,대전광역시 동구 가오동 212-2,301104292126,대전광역시 동구 대전로470번길,32,,3011010500102120002033092,,대전광역시 동구 대전로470번길 32,300030,34691,,,,127.452712356508,36.3080629194291
MA0101202406A0168707,그외기타상품전문소매업,,G2,소매,G221,기타 상품 소매,G22199,그 외 기타 상품 전문 소매업,G47859,그 외 기타 분류 안된 상품 전문 소매업,30,대전광역시,30140,중구,30140575,대흥동,3014010500,대흥동,3014010500106300000,1,대지,630,,대전광역시 중구 대흥동 630,301403164033,대전광역시 중구 중앙로,145,,3014010100102160000032432,D구역나열,대전광역시 중구 중앙로 145,301804,34838,,,,127.424973422173,36.3279546192123
MA0101202406A0103058,특수열쇠,,G2,소매,G221,기타 상품 소매,G22199,그 외 기타 상품 전문 소매업,G47859,그 외 기타 분류 안된 상품 전문 소매업,41,경기도,41113,수원시 권선구,41113670,권선1동,4111313700,권선동,4111313700110180011,1,대지,1018,11,경기도 수원시 권선구 권선동 1018-11,411134325031,경기도 수원시 권선구 경수대로384번길,13,,4111313700110180011021945,,경기도 수원시 권선구 경수대로384번길 13,441822,16571,,,,127.025184010572,37.2605129279842
MA0101202406A0120729,씨유울산대공원복권판매점,동문점,G2,소매,G221,기타 상품 소매,G22199,그 외 기타 상품 전문 소매업,G47859,그 외 기타 분류 안된 상품 전문 소매업,31,울산광역시,31140,남구,31140520,신정2동,3114010400,신정동,3114010400111160001,1,대지,1116,1,울산광역시 남구 신정동 1116-1,311404310277,울산광역시 남구 문수로480번길,26,,3114010400111160001036331,,울산광역시 남구 문수로480번길 26,680832,44667,,1,,129.305121176212,35.5303521965127
MA0101202406A0145402,양지상사,,G2,소매,G221,기타 상품 소매,G22199,그 외 기타 상품 전문 소매업,G47859,그 외 기타 분류 안된 상품 전문 소매업,44,충청남도,44710,금산군,44710250,금산읍,4471025028,금산읍,4471025028102930000,1,대지,293,,충청남도 금산군 금산읍 양지리 293,447104571591,충청남도 금산군 금산읍 중와정길,24,6,4471025028102930000013597,,충청남도 금산군 금산읍 중와정길 24-6,312805,32743,,,,127.44532190912,36.0984997952187
MA0101202406A0155818,그리운숲,,G2,소매,G221,기타 상품 소매,G22199,그 외 기타 상품 전문 소매업,G47859,그 외 기타 분류 안된 상품 전문 소매업,11,서울특별시,11350,노원구,11350670,상계5동,1135010500,상계동,1135010500101550005,1,대지,155,5,서울특별시 노원구 상계동 155-5,113504130401,서울특별시 노원구 한글비석로24마길,16,,1135010500101550005006115,일층좌,서울특별시 노원구 한글비석로24마길 16,139813,01660,,,,127.072943941284,37.6636238022581
MA0101202406A0167358,지에스비젼,,G2,소매,G221,기타 상품 소매,G22199,그 외 기타 상품 전문 소매업,G47859,그 외 기타 분류 안된 상품 전문 소매업,11,서울특별시,11350,노원구,11350625,중계2.3동,1135010600,중계동,1135010600105030000,1,대지,503,,서울특별시 노원구 중계동 503,113504130202,서울특별시 노원구 동일로207길,23,,1135010600105030000010523,중계그린1단지,서울특별시 노원구 동일로207길 23,139863,01778,,4,,127.063224755979,37.6429788926427
MA0101202406A0170432,에스앤제이,,G2,소매,G221,기타 상품 소매,G22199,그 외 기타 상품 전문 소매업,G47859,그 외 기타 분류 안된 상품 전문 소매업,28,인천광역시,28200,남동구,28200530,간석1동,2820010200,간석동,2820010200105180000,1,대지,518,,인천광역시 남동구 간석동 518,282004259028,인천광역시 남동구 경인로524번길,11,,2820010200105180000004273,영생빌딩,인천광역시 남동구 경인로524번길 11,405809,21552,,,,126.697756845679,37.4607518580914
MA0101202406A0094658,토파즈,,G2,소매,G221,기타 상품 소매,G22199,그 외 기타 상품 전문 소매업,G47859,그 외 기타 분류 안된 상품 전문 소매업,50,제주특별자치도,50110,제주시,50110650,연동,5011013700,연동,5011013700102720033,1,대지,272,33,제주특별자치도 제주시 연동 272-33,501104848086,제주특별자치도 제주시 신대로12길,51,,5011013700102720033009223,및오피스텔,제주특별자치도 제주시 신대로12길 51,690720,63124,,2,,126.491107960475,33.4885733076431
MA0101202406A0098861,피스텔,,G2,소매,G221,기타 상품 소매,G22199,그 외 기타 상품 전문 소매업,G47859,그 외 기타 분류 안된 상품 전문 소매업,28,인천광역시,28237,부평구,28237510,부평1동,2823710100,부평동,2823710100109540000,1,대지,954,,인천광역시 부평구 부평동 954,282372008008,인천광역시 부평구 부평대로,153,,2823710100100470002000001,부평구청역대명벨리온,인천광역시 부평구 부평대로 153,403011,21366,,17,,126.720819528175,37.5051110541667
MA0101202406A0116580,진주수석방,,G2,소매,G221,기타 상품 소매,G22199,그 외 기타 상품 전문 소매업,G47859,그 외 기타 분류 안된 상품 전문 소매업,48,경상남도,48170,진주시,48170555,성북동,4817011300,봉곡동,4817011300104800026,1,대지,480,26,경상남도 진주시 봉곡동 480-26,481703332063,경상남도 진주시 촉석로,79,2,4817011300104800026209542,,경상남도 진주시 촉석로 79-2,660040,52680,,1,,128.071489691705,35.1921916918158
MA0101202406A0127773,매포상사,,G2,소매,G221,기타 상품 소매,G22199,그 외 기타 상품 전문 소매업,G47859,그 외 기타 분류 안된 상품 전문 소매업,43,충청북도,43800,단양군,43800253,매포읍,4380025327,매포읍,4380025327102550005,1,대지,255,5,충청북도 단양군 매포읍 평동리 255-5,438003014063,충청북도 단양군 매포읍 단양로,1945,,4380025327102550005012270,미니스톱단양매포점,충청북도 단양군 매포읍 단양로 1945,395904,27005,,2,,128.301599052741,37.0350942845298
MA0101202406A0171068,대경,,G2,소매,G221,기타 상품 소매,G22199,그 외 기타 상품 전문 소매업,G47859,그 외 기타 분류 안된 상품 전문 소매업,27,대구광역시,27200,남구,27200590,대명4동,2720010300,대명동,2720010300130290051,1,대지,3029,51,대구광역시 남구 대명동 3029-51,272004232027,대구광역시 남구 대경3길,8,4,2720010300130290051006753,,대구광역시 남구 대경3길 8-4,705825,42462,,,,128.572814459485,35.8457797278812
MA0101202406A0087565,명량PC,,G2,소매,G221,기타 상품 소매,G22199,그 외 기타 상품 전문 소매업,G47859,그 외 기타 분류 안된 상품 전문 소매업,46,전라남도,46820,해남군,46820420,문내면,4682042023,문내면,4682042023104870007,1,대지,487,7,전라남도 해남군 문내면 동외리 487-7,468203294006,전라남도 해남군 문내면 명량로,182,,4682042023104870007000001,,전라남도 해남군 문내면 명량로 182,536872,59004,,,,126.314769710639,34.5944692832495
MA0101202406A0091851,엘베르데트레이딩,,G2,소매,G221,기타 상품 소매,G22199,그 외 기타 상품 전문 소매업,G47859,그 외 기타 분류 안된 상품 전문 소매업,26,부산광역시,26440,강서구,26440535,명지1동,2644010400,명지동,2644010400135860004,1,대지,3586,4,부산광역시 강서구 명지동 3586-4,264403350869,부산광역시 강서구 명지국제8로10번길,38,,2644010400135860004000001,플러스시네마,부산광역시 강서구 명지국제8로10번길 38,618200,46726,,,,128.903454609928,35.0944023596423
MA0101202406A0093357,청암불교만물사,,G2,소매,G221,기타 상품 소매,G22199,그 외 기타 상품 전문 소매업,G47859,그 외 기타 분류 안된 상품 전문 소매업,44,충청남도,44200,아산시,44200580,온양2동,4420010100,온천동,4420010100121970000,1,대지,2197,,충청남도 아산시 온천동 2197,442004559589,충청남도 아산시 온여고길,6,,4420011200100290012045258,,충청남도 아산시 온여고길 6,336012,31577,,,,127.010126752534,36.7791045121188
MA0101202406A0096111,하나농약종묘사,,G2,소매,G221,기타 상품 소매,G22199,그 외 기타 상품 전문 소매업,G47859,그 외 기타 분류 안된 상품 전문 소매업,36,세종특별자치시,36110,세종특별자치시,36110350,장군면,3611035021,장군면,3611035021101760002,1,대지,176,2,세종특별자치시 세종특별자치시 장군면 도계리 176-2,361103251037,세종특별자치시 세종특별자치시 장군면 장척로,382,,4415035021101760002000001,,세종특별자치시 세종특별자치시 장군면 장척로 382,339913,30053,,,,127.203859258756,36.4956852595919
MA0101202406A0135523,지천암,,G2,소매,G221,기타 상품 소매,G22199,그 외 기타 상품 전문 소매업,G47859,그 외 기타 분류 안된 상품 전문 소매업,41,경기도,41360,남양주시,41360259,진건읍,4136025924,진건읍,4136025924104990004,1,대지,499,4,경기도 남양주시 진건읍 신월리 499-4,413604391455,경기도 남양주시 진건읍 사릉로533번길,45,,4136025924104680001009536,,경기도 남양주시 진건읍 사릉로533번길 45,472832,12131,,,,127.164787427461,37.6613238488881
MA0101202406A0145685,마돈나가발,,G2,소매,G221,기타 상품 소매,G22199,그 외 기타 상품 전문 소매업,G47859,그 외 기타 분류 안된 상품 전문 소매업,11,서울특별시,11140,중구,11140570,필동,1114015800,충무로3가,1114015800100380024,1,대지,38,24,서울특별시 중구 충무로3가 38-24,111403101009,서울특별시 중구 충무로,14,,1114015800100380024017652,,서울특별시 중구 충무로 14,100013,04557,,1,,126.993276887348,37.5622939301626
MA0101202406A0178085,산업,명지,G2,소매,G221,기타 상품 소매,G22199,그 외 기타 상품 전문 소매업,G47859,그 외 기타 분류 안된 상품 전문 소매업,11,서울특별시,11545,금천구,11545610,독산1동,1154510200,독산동,1154510200109980000,1,대지,998,,서울특별시 금천구 독산동 998,115453116013,서울특별시 금천구 벚꽃로,172,,1154510200109980000012421,,서울특별시 금천구 벚꽃로 172,153828,08582,,,,126.887995003672,37.470410749536
MA0101202406A0178885,보현다원,,G2,소매,G221,기타 상품 소매,G22199,그 외 기타 상품 전문 소매업,G47859,그 외 기타 분류 안된 상품 전문 소매업,52,전북특별자치도,52140,익산시,52140656,신동,5214012100,신동,5214012100108170039,1,대지,817,39,전북특별자치도 익산시 신동 817-39,521403269034,전북특별자치도 익산시 인북로,325,,4514012100108170039065252,,전북특별자치도 익산시 인북로 325,570976,54647,,,,126.960515333244,35.9573320886419
MA0101202406A0126442,중앙프라자,,G2,소매,G221,기타 상품 소매,G22199,그 외 기타 상품 전문 소매업,G47859,그 외 기타 분류 안된 상품 전문 소매업,41,경기도,41590,화성시,41590590,동탄5동,4159013100,영천동,4159013100106520004,1,대지,652,4,경기도 화성시 영천동 652-4,415902348101,경기도 화성시 동탄순환대로,823,,4159013100106520004000001,에이팩시티,경기도 화성시 동탄순환대로 823,445130,18471,,B1,,127.097704354673,37.2087191932626
MA0101202406A0248208,슬리밍고유성스테이션/바른생활식품,,G2,소매,G221,기타 상품 소매,G22199,그 외 기타 상품 전문 소매업,G47859,그 외 기타 분류 안된 상품 전문 소매업,30,대전광역시,30200,유성구,30200540,온천2동,3020011700,장대동,3020011700102710009,1,대지,271,9,대전광역시 유성구 장대동 271-9,302002167001,대전광역시 유성구 유성대로,759,1,3020011700102710009012089,,대전광역시 유성구 유성대로 759-1,305308,34173,,3,,127.335102237135,36.3604844906125
MA0101202406A0206853,생금바이오비료유통,,G2,소매,G221,기타 상품 소매,G22199,그 외 기타 상품 전문 소매업,G47859,그 외 기타 분류 안된 상품 전문 소매업,47,경상북도,47290,경산시,47290256,압량읍,4729025636,압량읍,4729025636100130001,1,대지,13,1,경상북도 경산시 압량읍 당리리 13-1,472903313087,경상북도 경산시 압량읍 원효로,577,,4729036036100130001036041,,경상북도 경산시 압량읍 원효로 577,712824,38540,,,,128.797701062194,35.8123294322494
MA0101202406A0211223,호남바이오축협퇴비,대리점,G2,소매,G221,기타 상품 소매,G22199,그 외 기타 상품 전문 소매업,G47859,그 외 기타 분류 안된 상품 전문 소매업,52,전북특별자치도,52180,정읍시,52180440,산외면,5218044026,산외면,5218044026105840000,1,대지,584,,전북특별자치도 정읍시 산외면 오공리 584,521804610056,전북특별자치도 정읍시 산외면 공동길,47,13,4518044026105840001078201,,전북특별자치도 정읍시 산외면 공동길 47-13,580951,56122,,,,127.021623434986,35.618316544264
MA0101202406A0239938,그린아그로,,G2,소매,G221,기타 상품 소매,G22199,그 외 기타 상품 전문 소매업,G47859,그 외 기타 분류 안된 상품 전문 소매업,52,전북특별자치도,52190,남원시,52190570,향교동,5219011200,용정동,5219011200103710002,1,대지,371,2,전북특별자치도 남원시 용정동 371-2,521904613057,전북특별자치도 남원시 구룡길,39,1,4519011200103710002315925,,전북특별자치도 남원시 구룡길 39-1,590989,55728,,,,127.377270974475,35.4283919431584
MA0101202406A0243276,24게이트맨삼성도어락잠긴문열기현관문유리문푸시풀디지털열쇠,,G2,소매,G221,기타 상품 소매,G22199,그 외 기타 상품 전문 소매업,G47859,그 외 기타 분류 안된 상품 전문 소매업,11,서울특별시,11620,관악구,11620735,대학동,1162010200,신림동,1162010200102440014,1,대지,244,14,서울특별시 관악구 신림동 244-14,116204160553,서울특별시 관악구 신림로7나길,27,,1162010200102440014007250,,서울특별시 관악구 신림로7나길 27,151859,08814,,,,126.94000764523,37.4696106636836
MA0101202406A0244042,인터텍,,G2,소매,G221,기타 상품 소매,G22199,그 외 기타 상품 전문 소매업,G47859,그 외 기타 분류 안된 상품 전문 소매업,41,경기도,41450,하남시,41450610,미사1동,4145010900,망월동,4145010900111290002,1,대지,1129,2,경기도 하남시 망월동 1129-2,414504853315,경기도 하남시 미사강변동로84번길,29,,4145010900111290003000001,미사역헤리움애비뉴어,경기도 하남시 미사강변동로84번길 29,465150,12912,,2,,127.194723656026,37.5632507775117
MA0101202406A0251105,주공열쇠,,G2,소매,G221,기타 상품 소매,G22199,그 외 기타 상품 전문 소매업,G47859,그 외 기타 분류 안된 상품 전문 소매업,31,울산광역시,31140,남구,31140635,수암동,3114010800,야음동,3114010800107090002,1,대지,709,2,울산광역시 남구 야음동 709-2,311404310523,울산광역시 남구 수암로116번길,42,,3114010800107090002028985,,울산광역시 남구 수암로116번길 42,680840,44749,,,,129.319503381403,35.5248952049893
MA0101202406A0221093,한솔소방,,G2,소매,G221,기타 상품 소매,G22199,그 외 기타 상품 전문 소매업,G47859,그 외 기타 분류 안된 상품 전문 소매업,26,부산광역시,26470,연제구,26470730,연산9동,2647010200,연산동,2647010200103970012,1,대지,397,12,부산광역시 연제구 연산동 397-12,264704211295,부산광역시 연제구 연안로13번길,51,,2647010200103970012023676,내제조표,부산광역시 연제구 연안로13번길 51,611817,47565,,1,,129.104180890453,35.1888683022118
MA0101202406A0246090,새싹농약종묘사,,G2,소매,G221,기타 상품 소매,G22199,그 외 기타 상품 전문 소매업,G47859,그 외 기타 분류 안된 상품 전문 소매업,48,경상남도,48310,거제시,48310580,고현동,4831010900,고현동,4831010900108080007,1,대지,808,7,경상남도 거제시 고현동 808-7,483103337007,경상남도 거제시 고현로,92,,4831010900108080007024559,,경상남도 거제시 고현로 92,656934,53254,,,,128.62284479869,34.8863456000335
MA0101202406A0272002,불교개구리,,G2,소매,G221,기타 상품 소매,G22199,그 외 기타 상품 전문 소매업,G47859,그 외 기타 분류 안된 상품 전문 소매업,50,제주특별자치도,50130,서귀포시,50130320,표선면,5013032021,표선면,5013032021108140002,1,대지,814,2,제주특별자치도 서귀포시 표선면 표선리 814-2,501304851022,제주특별자치도 서귀포시 표선면 표선백사로110번길,20,,5013032021108140002000001,,제주특별자치도 서귀포시 표선면 표선백사로110번길 20,699914,63629,,,,126.837580255028,33.3236233053062
MA0101202406A0211427,다모아원예자재,,G2,소매,G221,기타 상품 소매,G22199,그 외 기타 상품 전문 소매업,G47859,그 외 기타 분류 안된 상품 전문 소매업,47,경상북도,47113,포항시 북구,47113320,청하면,4711332033,청하면,4711332033104470000,1,대지,447,,경상북도 포항시 북구 청하면 하대리 447,471134712695,경상북도 포항시 북구 청하면 청하로109번길,67,83,4711332033104470000000001,,경상북도 포항시 북구 청하면 청하로109번길 67-83,791922,37516,,1,,129.331677338058,36.1854499905886
MA0101202406A0215550,전담GATE,강남점,G2,소매,G221,기타 상품 소매,G22199,그 외 기타 상품 전문 소매업,G47859,그 외 기타 분류 안된 상품 전문 소매업,11,서울특별시,11680,강남구,11680640,역삼1동,1168010100,역삼동,1168010100108180000,1,대지,818,,서울특별시 강남구 역삼동 818,116804166722,서울특별시 강남구 테헤란로1길,20,,1168010100108180000023782,,서울특별시 강남구 테헤란로1길 20,135932,06129,,1,,127.027808612358,37.49966224203
MA0101202406A0229594,현대소방,,G2,소매,G221,기타 상품 소매,G22199,그 외 기타 상품 전문 소매업,G47859,그 외 기타 분류 안된 상품 전문 소매업,11,서울특별시,11470,양천구,11470560,신월1동,1147010300,신월동,1147010300101450016,1,대지,145,16,서울특별시 양천구 신월동 145-16,114702000003,서울특별시 양천구 남부순환로,361,1,1147010300101450016014239,,서울특별시 양천구 남부순환로 361-1,158828,07920,,,,126.829313103004,37.5351137809857
MA0101202406A0242050,순수한인연,,G2,소매,G221,기타 상품 소매,G22199,그 외 기타 상품 전문 소매업,G47859,그 외 기타 분류 안된 상품 전문 소매업,41,경기도,41590,화성시,41590585,동탄1동,4159012700,반송동,4159012700100910002,1,대지,91,2,경기도 화성시 반송동 91-2,415904431486,경기도 화성시 동탄중심상가2길,8,,4159012700104810000000002,로하스애비뉴,경기도 화성시 동탄중심상가2길 8,445160,18453,,4,,127.072647169562,37.205529470063
MA0101202406A0247365,채담종합상사,,G2,소매,G221,기타 상품 소매,G22199,그 외 기타 상품 전문 소매업,G47859,그 외 기타 분류 안된 상품 전문 소매업,43,충청북도,43800,단양군,43800250,단양읍,4380025026,단양읍,4380025026104480000,1,대지,448,,충청북도 단양군 단양읍 도전리 448,438004544127,충청북도 단양군 단양읍 도전4길,2,,4380025026104480000007338,,충청북도 단양군 단양읍 도전4길 2,395804,27011,,2,,128.368899909832,36.9801320692505
MA0101202406A0249933,정연소방,,G2,소매,G221,기타 상품 소매,G22199,그 외 기타 상품 전문 소매업,G47859,그 외 기타 분류 안된 상품 전문 소매업,51,강원특별자치도,51150,강릉시,51150590,송정동,5115011400,송정동,5115011400103310009,1,대지,331,9,강원특별자치도 강릉시 송정동 331-9,511504460586,강원특별자치도 강릉시 송정길33번길,59,,4215011400103310009014786,,강원특별자치도 강릉시 송정길33번길 59,210140,25557,,,,128.930588115248,37.7820621812088
MA0101202406A0259914,영광소방,,G2,소매,G221,기타 상품 소매,G22199,그 외 기타 상품 전문 소매업,G47859,그 외 기타 분류 안된 상품 전문 소매업,46,전라남도,46870,영광군,46870250,영광읍,4687025028,영광읍,4687025028105530007,1,대지,553,7,전라남도 영광군 영광읍 단주리 553-7,468703298028,전라남도 영광군 영광읍 옥당로,186,,4687025028105530007019297,,전라남도 영광군 영광읍 옥당로 186,513809,57036,,1,,126.500384669144,35.2786622091374
MA0101202406A0261324,고덕농약사,,G2,소매,G221,기타 상품 소매,G22199,그 외 기타 상품 전문 소매업,G47859,그 외 기타 분류 안된 상품 전문 소매업,44,충청남도,44810,예산군,44810380,고덕면,4481038021,고덕면,4481038021107700009,1,대지,770,9,충청남도 예산군 고덕면 대천리 770-9,448103263004,충청남도 예산군 고덕면 고덕중앙로,70,1,4481038021107700009013578,,충청남도 예산군 고덕면 고덕중앙로 70-1,340932,32403,,,,126.704111712482,36.7456840690244
MA0101202406A0226587,지유명차부산서면시민공원점,,G2,소매,G221,기타 상품 소매,G22199,그 외 기타 상품 전문 소매업,G47859,그 외 기타 분류 안된 상품 전문 소매업,26,부산광역시,26230,부산진구,26230510,부전1동,2623010300,부전동,2623010300103920048,1,대지,392,48,부산광역시 부산진구 부전동 392-48,262303129023,부산광역시 부산진구 부전로,141,,2623010300103920048010183,,부산광역시 부산진구 부전로 141,614842,47248,,2,,129.056902212967,35.1618620341401
MA0101202406A0241371,오토플러스,,G2,소매,G221,기타 상품 소매,G22199,그 외 기타 상품 전문 소매업,G47859,그 외 기타 분류 안된 상품 전문 소매업,41,경기도,41285,고양시 일산동구,41285510,식사동,4128510100,식사동,4128510100105130003,1,대지,513,3,경기도 고양시 일산동구 식사동 513-3,412852192001,경기도 고양시 일산동구 고양대로,1139,,4128510100105130003000001,,경기도 고양시 일산동구 고양대로 1139,410821,10299,,,,126.815969404871,37.6655480219258
MA0101202406A0191333,홀덤경기장,,G2,소매,G221,기타 상품 소매,G22199,그 외 기타 상품 전문 소매업,G47859,그 외 기타 분류 안된 상품 전문 소매업,51,강원특별자치도,51210,속초시,51210560,교동,5121010600,교동,5121010600106450059,1,대지,645,59,강원특별자치도 속초시 교동 645-59,512103223007,강원특별자치도 속초시 수복로,114,1,4221010600106450059000001,,강원특별자치도 속초시 수복로 114-1,217803,24835,,,,128.581376344304,38.2012070328854
MA0101202406A0200139,토탈샾,,G2,소매,G221,기타 상품 소매,G22199,그 외 기타 상품 전문 소매업,G47859,그 외 기타 분류 안된 상품 전문 소매업,41,경기도,41194,부천시 소사구,41194590,송내1동,4119410500,송내동,4119410500105230004,1,대지,523,4,경기도 부천시 소사구 송내동 523-4,411944355292,경기도 부천시 소사구 중동로71번길,36,,4119710500105230004000004,일부,경기도 부천시 소사구 중동로71번길 36,422041,14721,,1,,126.762565316606,37.4867227331238
MA0101202406A0265967,매뷰티,,G2,소매,G221,기타 상품 소매,G22199,그 외 기타 상품 전문 소매업,G47859,그 외 기타 분류 안된 상품 전문 소매업,50,제주특별자치도,50110,제주시,50110253,애월읍,5011025340,애월읍,5011025340115630007,1,대지,1563,7,제주특별자치도 제주시 애월읍 하귀1리 1563-7,501104848943,제주특별자치도 제주시 애월읍 하귀14길,4,,5011025340015630007031357,,제주특별자치도 제주시 애월읍 하귀14길 4,695918,63053,,,,126.408033243831,33.4848864766795
MA0101202406A0179251,그린유기농비료,,G2,소매,G221,기타 상품 소매,G22199,그 외 기타 상품 전문 소매업,G47859,그 외 기타 분류 안된 상품 전문 소매업,41,경기도,41500,이천시,41500250,장호원읍,4150025021,장호원읍,4150025021100890003,1,대지,89,3,경기도 이천시 장호원읍 장호원리 89-3,415004421373,경기도 이천시 장호원읍 서동대로8975번길,2,,4150025021100890003022015,,경기도 이천시 장호원읍 서동대로8975번길 2,467902,17420,,1,,127.632382639957,37.1134621305792
MA0101202406A0180824,서울농약사,,G2,소매,G221,기타 상품 소매,G22199,그 외 기타 상품 전문 소매업,G47859,그 외 기타 분류 안된 상품 전문 소매업,47,경상북도,47250,상주시,47250250,함창읍,4725025021,함창읍,4725025021101190007,1,대지,119,7,경상북도 상주시 함창읍 구향리 119-7,472504733861,경상북도 상주시 함창읍 함창시장3길,15,,4725025021101190007049604,,경상북도 상주시 함창읍 함창시장3길 15,742802,37116,,,,128.180605410532,36.5682694401632
MA0101202406A0202889,클린스쿨충남,,G2,소매,G221,기타 상품 소매,G22199,그 외 기타 상품 전문 소매업,G47859,그 외 기타 분류 안된 상품 전문 소매업,44,충청남도,44790,청양군,44790250,청양읍,4479025021,청양읍,4479025021101740015,1,대지,174,15,충청남도 청양군 청양읍 읍내리 174-15,447903015067,충청남도 청양군 청양읍 칠갑산로,246,1,4479025021101740015010130,,충청남도 청양군 청양읍 칠갑산로 246-1,345804,33333,,3,,126.803710075434,36.4506218898941
MA0101202406A0211736,삶에생기를,,G2,소매,G221,기타 상품 소매,G22199,그 외 기타 상품 전문 소매업,G47859,그 외 기타 분류 안된 상품 전문 소매업,31,울산광역시,31140,남구,31140600,옥동,3114010200,옥동,3114010200101910011,1,대지,191,11,울산광역시 남구 옥동 191-11,311404310252,울산광역시 남구 문수로327번길,20,,3114010200101910011036539,,울산광역시 남구 문수로327번길 20,680845,44644,,2,,129.289339698393,35.5370685483241
MA0101202406A0218664,바나나성인용품,,G2,소매,G221,기타 상품 소매,G22199,그 외 기타 상품 전문 소매업,G47859,그 외 기타 분류 안된 상품 전문 소매업,43,충청북도,43770,음성군,43770330,맹동면,4377033028,맹동면,4377033028113820000,1,대지,1382,,충청북도 음성군 맹동면 두성리 1382,437703000235,충청북도 음성군 맹동면 대하로,226,,4377033028113820000000001,에이스프라자,충청북도 음성군 맹동면 대하로 226,369811,27738,,1,,127.542126715459,36.9078165561392
MA0101202406A0226773,라이프케어,,G2,소매,G221,기타 상품 소매,G22199,그 외 기타 상품 전문 소매업,G47859,그 외 기타 분류 안된 상품 전문 소매업,11,서울특별시,11380,은평구,11380625,역촌동,1138010800,역촌동,1138010800100700001,1,대지,70,1,서울특별시 은평구 역촌동 70-1,113803111001,서울특별시 은평구 갈현로,77,,1138010800100700001046334,우리빌딩,서울특별시 은평구 갈현로 77,122902,03431,,6,,126.910307616668,37.6047238558936
MA0101202406A0267697,국제,,G2,소매,G221,기타 상품 소매,G22199,그 외 기타 상품 전문 소매업,G47859,그 외 기타 분류 안된 상품 전문 소매업,47,경상북도,47840,성주군,47840390,월항면,4784039037,월항면,4784039037106300000,1,대지,630,,경상북도 성주군 월항면 수죽리 630,478404763249,경상북도 성주군 월항면 수죽길,58,16,4784039037106300000000001,,경상북도 성주군 월항면 수죽길 58-16,719852,40035,,,,128.294885063456,35.9794515791458
MA0101202406A0187182,미래상사,,G2,소매,G221,기타 상품 소매,G22199,그 외 기타 상품 전문 소매업,G47859,그 외 기타 분류 안된 상품 전문 소매업,52,전북특별자치도,52210,김제시,52210400,성덕면,5221040026,성덕면,5221040026105640011,1,대지,564,11,전북특별자치도 김제시 성덕면 남포리 564-11,522103272078,전북특별자치도 김제시 성덕면 해학로,505,61,4521040026105640011000001,,전북특별자치도 김제시 성덕면 해학로 505-61,576841,54316,,1,,126.799035067168,35.8148991332586
MA0101202406A0217483,방염119,,G2,소매,G221,기타 상품 소매,G22199,그 외 기타 상품 전문 소매업,G47859,그 외 기타 분류 안된 상품 전문 소매업,41,경기도,41210,광명시,41210660,학온동,4121010700,가학동,4121010700104850003,1,대지,485,3,경기도 광명시 가학동 485-3,412104361013,경기도 광명시 가학로15번길,20,,4121010700104850003012973,,경기도 광명시 가학로15번길 20,423070,14341,,2,,126.85031899455,37.4184165745785
MA0101202406A0244683,오뚜기,,G2,소매,G221,기타 상품 소매,G22199,그 외 기타 상품 전문 소매업,G47859,그 외 기타 분류 안된 상품 전문 소매업,41,경기도,41590,화성시,41590262,남양읍,4159026221,남양읍,4159026221112680000,1,대지,1268,,경기도 화성시 남양읍 남양리 1268,415903210016,경기도 화성시 남양읍 남양성지로,147,,4159010100112680008004409,,경기도 화성시 남양읍 남양성지로 147,445851,18261,,1,,126.819064648798,37.2098377205053
MA0101202406A0245542,비엠플러스,,G2,소매,G221,기타 상품 소매,G22199,그 외 기타 상품 전문 소매업,G47859,그 외 기타 분류 안된 상품 전문 소매업,26,부산광역시,26350,해운대구,26350570,반여1동,2635010300,반여동,2635010300116320000,1,대지,1632,,부산광역시 해운대구 반여동 1632,263503133007,부산광역시 해운대구 반여로,131,,2635010300116320000000001,아시아선수촌프레스센터,부산광역시 해운대구 반여로 131,612061,48037,,2,,129.123353405045,35.2034564890498
MA0101202406A0248873,가야죽시,,G2,소매,G221,기타 상품 소매,G22199,그 외 기타 상품 전문 소매업,G47859,그 외 기타 분류 안된 상품 전문 소매업,48,경상남도,48730,함안군,48730250,가야읍,4873025030,가야읍,4873025030102870028,1,대지,287,28,경상남도 함안군 가야읍 묘사리 287-28,487304820291,경상남도 함안군 가야읍 새터길,95,20,4873025030102870000000007,,경상남도 함안군 가야읍 새터길 95-20,637801,52034,,,,128.386660789341,35.2942686744913
MA0101202406A0269381,서민유통,,G2,소매,G221,기타 상품 소매,G22199,그 외 기타 상품 전문 소매업,G47859,그 외 기타 분류 안된 상품 전문 소매업,48,경상남도,48310,거제시,48310550,옥포1동,4831010600,옥포동,4831010600105390002,1,대지,539,2,경상남도 거제시 옥포동 539-2,483103337031,경상남도 거제시 옥포로,199,,4831010600105390002045321,에스엠에스빌딩,경상남도 거제시 옥포로 199,656904,53228,,,,128.691026291408,34.8925721087948
MA0101202406A0198990,담덕소방,,G2,소매,G221,기타 상품 소매,G22199,그 외 기타 상품 전문 소매업,G47859,그 외 기타 분류 안된 상품 전문 소매업,26,부산광역시,26530,사상구,26530670,학장동,2653010700,학장동,2653010700105730001,1,대지,573,1,부산광역시 사상구 학장동 573-1,265303139006,부산광역시 사상구 대동로,94,,2653010700105730002031721,반도보라타운,부산광역시 사상구 대동로 94,617773,47051,,,,128.978311071717,35.1379384159311
MA0101202406A0220282,태조불교,,G2,소매,G221,기타 상품 소매,G22199,그 외 기타 상품 전문 소매업,G47859,그 외 기타 분류 안된 상품 전문 소매업,30,대전광역시,30170,서구,30170520,도마1동,3017010300,도마동,3017010300100910021,1,대지,91,21,대전광역시 서구 도마동 91-21,301704298212,대전광역시 서구 도마6길,69,,3017010300100910021028273,,대전광역시 서구 도마6길 69,302819,35331,,,,127.380887239233,36.3177036312761
MA0101202406A0234594,멀티상사,,G2,소매,G221,기타 상품 소매,G22199,그 외 기타 상품 전문 소매업,G47859,그 외 기타 분류 안된 상품 전문 소매업,47,경상북도,47230,영천시,47230555,남부동,4723011200,금노동,4723011200105800001,1,대지,580,1,경상북도 영천시 금노동 580-1,472303310005,경상북도 영천시 금완로,8,,4723011200105870003012116,,경상북도 영천시 금완로 8,770060,38885,,,,128.928926119126,35.9605334891912
MA0101202406A0243892,스마트농자재마트,,G2,소매,G221,기타 상품 소매,G22199,그 외 기타 상품 전문 소매업,G47859,그 외 기타 분류 안된 상품 전문 소매업,51,강원특별자치도,51800,양구군,51800340,해안면,5180034021,해안면,5180034021101740003,1,대지,174,3,강원특별자치도 양구군 해안면 현리 174-3,518003232018,강원특별자치도 양구군 해안면 펀치볼로,1323,14,4280034021000000000008403,,강원특별자치도 양구군 해안면 펀치볼로 1323-14,255843,24563,,,,128.137624439923,38.2871617156817
MA0101202406A0196251,초록이식물,,G2,소매,G221,기타 상품 소매,G22199,그 외 기타 상품 전문 소매업,G47859,그 외 기타 분류 안된 상품 전문 소매업,48,경상남도,48250,김해시,48250620,장유2동,4825012900,대청동,4825012900100680010,1,대지,68,10,경상남도 김해시 대청동 68-10,482504805362,경상남도 김해시 번화1로68번길,7,,4825031027100680010093650,장안프라자,경상남도 김해시 번화1로68번길 7,621280,50989,,,,128.800699611161,35.1938979861252
MA0101202406A0200513,보고싶은골동품,,G2,소매,G221,기타 상품 소매,G22199,그 외 기타 상품 전문 소매업,G47859,그 외 기타 분류 안된 상품 전문 소매업,44,충청남도,44270,당진시,44270310,고대면,4427031024,고대면,4427031024102790002,1,대지,279,2,충청남도 당진시 고대면 장항리 279-2,442703265073,충청남도 당진시 고대면 연동로,470,,4483031025100990000091025,,충청남도 당진시 고대면 연동로 470,343843,31791,,,,126.59447068041,36.9596331437982
MA0101202406A0246709,대풍농약사,,G2,소매,G221,기타 상품 소매,G22199,그 외 기타 상품 전문 소매업,G47859,그 외 기타 분류 안된 상품 전문 소매업,41,경기도,41820,가평군,41820330,상면,4182033022,상면,4182033022102420009,1,대지,242,9,경기도 가평군 상면 항사리 242-9,418203213060,경기도 가평군 상면 청군로,925,,4182033022102420009008855,,경기도 가평군 상면 청군로 925,477821,12445,,1,,127.365788104684,37.7935121144459
MA0101202406A0182869,미래농약사,,G2,소매,G221,기타 상품 소매,G22199,그 외 기타 상품 전문 소매업,G47859,그 외 기타 분류 안된 상품 전문 소매업,46,전라남도,46840,무안군,46840360,해제면,4684036026,해제면,4684036026101300013,1,대지,130,13,전라남도 무안군 해제면 신정리 130-13,468403296042,전라남도 무안군 해제면 현해로,1709,1,4684036026101300013003208,,전라남도 무안군 해제면 현해로 1709-1,534874,58502,,,,126.292294259908,35.110183522322
MA0101202406A0191779,남부소방가스설비,,G2,소매,G221,기타 상품 소매,G22199,그 외 기타 상품 전문 소매업,G47859,그 외 기타 분류 안된 상품 전문 소매업,30,대전광역시,30230,대덕구,30230580,목상동,3023011400,신일동,3023011400116840039,1,대지,1684,39,대전광역시 대덕구 신일동 1684-39,302304304302,대전광역시 대덕구 신일동로17번길,5,,3023011400116840039009411,테크노시티,대전광역시 대덕구 신일동로17번길 5,306210,34324,,,,127.406098463511,36.4441718801891
MA0101202406A0224444,빛의정원엘이디플로라,,G2,소매,G221,기타 상품 소매,G22199,그 외 기타 상품 전문 소매업,G47859,그 외 기타 분류 안된 상품 전문 소매업,41,경기도,41360,남양주시,41360259,진건읍,4136025921,진건읍,4136025921101560003,1,대지,156,3,경기도 남양주시 진건읍 사능리 156-3,413603197033,경기도 남양주시 진건읍 사릉로,273,,4136025921101560003004878,,경기도 남양주시 진건읍 사릉로 273,472831,12140,,1,,127.190483131948,37.6491669576127
MA0101202406A0251859,부흥농약사,,G2,소매,G221,기타 상품 소매,G22199,그 외 기타 상품 전문 소매업,G47859,그 외 기타 분류 안된 상품 전문 소매업,47,경상북도,47280,문경시,47280580,점촌2동,4728010100,점촌동,4728010100102650029,1,대지,265,29,경상북도 문경시 점촌동 265-29,472803304021,경상북도 문경시 신흥로,149,,4728010100102650029024780,,경상북도 문경시 신흥로 149,745887,36970,,,,128.201499613288,36.5945166182544
MA0101202406A0223138,엔에스테크,,G2,소매,G221,기타 상품 소매,G22199,그 외 기타 상품 전문 소매업,G47859,그 외 기타 분류 안된 상품 전문 소매업,28,인천광역시,28110,중구,28110620,영종동,2811014500,중산동,2811014500111750026,1,대지,1175,26,인천광역시 중구 중산동 1175-26,281104247415,인천광역시 중구 마장포로23번길,7,,2811014500111750026000001,,인천광역시 중구 마장포로23번길 7,400841,22358,,,,126.550994905561,37.5086511134538
MA0101202406A0228780,서부소방가스설비,,G2,소매,G221,기타 상품 소매,G22199,그 외 기타 상품 전문 소매업,G47859,그 외 기타 분류 안된 상품 전문 소매업,30,대전광역시,30170,서구,30170593,도안동,3017011500,도안동,3017011500114250000,1,대지,1425,,대전광역시 서구 도안동 1425,301704709104,대전광역시 서구 도안중로305번안길,7,26,3017011500114250000000001,,대전광역시 서구 도안중로305번안길 7-26,302318,35353,,1,,127.350393495085,36.3142822983114
MA0101202406A0183088,열다닫다도어락,,G2,소매,G221,기타 상품 소매,G22199,그 외 기타 상품 전문 소매업,G47859,그 외 기타 분류 안된 상품 전문 소매업,47,경상북도,47111,포항시 남구,47111590,대이동,4711111700,이동,4711111700106640018,1,대지,664,18,경상북도 포항시 남구 이동 664-18,471112303003,경상북도 포항시 남구 포스코대로,139,,4711111700106640018129116,,경상북도 포항시 남구 포스코대로 139,790320,37677,,,,129.341209902047,36.0260235549123
MA0101202406A0191968,햇빛마을협동,,G2,소매,G221,기타 상품 소매,G22199,그 외 기타 상품 전문 소매업,G47859,그 외 기타 분류 안된 상품 전문 소매업,41,경기도,41500,이천시,41500250,장호원읍,4150025025,장호원읍,4150025025100250001,1,대지,25,1,경기도 이천시 장호원읍 대서리 25-1,415002012006,경기도 이천시 장호원읍 서동대로,8448,,4150025025100250001072912,,경기도 이천시 장호원읍 서동대로 8448,467903,17415,,1,,127.57587160089,37.1108847308533
MA0101202406A0212240,오복,,G2,소매,G221,기타 상품 소매,G22199,그 외 기타 상품 전문 소매업,G47859,그 외 기타 분류 안된 상품 전문 소매업,52,전북특별자치도,52190,남원시,52190460,산내면,5219046022,산내면,5219046022100260000,1,대지,26,,전북특별자치도 남원시 산내면 백일리 26,521903000202,전북특별자치도 남원시 산내면 천왕봉로,871,105,4519046022100260000000001,,전북특별자치도 남원시 산내면 천왕봉로 871-105,590853,55804,,,,127.650931597398,35.4152756177242
MA0101202406A0235115,대성모터스,,G2,소매,G221,기타 상품 소매,G22199,그 외 기타 상품 전문 소매업,G47859,그 외 기타 분류 안된 상품 전문 소매업,27,대구광역시,27710,달성군,27710253,논공읍,2771025328,논공읍,2771025328108030113,1,대지,803,113,대구광역시 달성군 논공읍 북리 803-113,277104244124,대구광역시 달성군 논공읍 논공로23길,14,18,2771025328108030113032155,,대구광역시 달성군 논공읍 논공로23길 14-18,711857,42979,,,,128.44682128212,35.7308683517372
MA0101202406A0252053,산이키운삼서울서부총판,,G2,소매,G221,기타 상품 소매,G22199,그 외 기타 상품 전문 소매업,G47859,그 외 기타 분류 안된 상품 전문 소매업,11,서울특별시,11380,은평구,11380530,불광2동,1138010300,불광동,1138010300103570009,1,대지,357,9,서울특별시 은평구 불광동 357-9,113804133164,서울특별시 은평구 연서로33길,4,,1138010300103570009044304,,서울특별시 은평구 연서로33길 4,122863,03342,,1,,126.924775620299,37.6210148295175
MA0101202406A0190586,세이브에스,,G2,소매,G221,기타 상품 소매,G22199,그 외 기타 상품 전문 소매업,G47859,그 외 기타 분류 안된 상품 전문 소매업,47,경상북도,47290,경산시,47290256,압량읍,4729025622,압량읍,4729025622100180000,1,대지,18,,경상북도 경산시 압량읍 신대리 18,472904739008,경상북도 경산시 압량읍 가일길,28,5,4729025622100180000000001,,경상북도 경산시 압량읍 가일길 28-5,712822,38539,,,,128.775942384439,35.8367669911219
MA0101202406A0202216,에이치에스상사,,G2,소매,G221,기타 상품 소매,G22199,그 외 기타 상품 전문 소매업,G47859,그 외 기타 분류 안된 상품 전문 소매업,48,경상남도,48170,진주시,48170695,초장동,4817012200,초전동,4817012200116870002,1,대지,1687,2,경상남도 진주시 초전동 1687-2,481704838077,경상남도 진주시 초전북로39번길,6,4,4817012200116870002000001,,경상남도 진주시 초전북로39번길 6-4,660360,52731,,,,128.111533921342,35.2084866914009
MA0101202406A0206467,풍기홍삼마을,,G2,소매,G221,기타 상품 소매,G22199,그 외 기타 상품 전문 소매업,G47859,그 외 기타 분류 안된 상품 전문 소매업,47,경상북도,47210,영주시,47210250,풍기읍,4721025022,풍기읍,4721025022104660000,1,대지,466,,경상북도 영주시 풍기읍 동부리 466,472103309010,경상북도 영주시 풍기읍 기주로,10,,4721025022104650000013772,풍기인삼홍삼센터,경상북도 영주시 풍기읍 기주로 10,750803,36034,,,,128.533960963921,36.8678399086181
MA0101202406A0226025,"산양삼,산삼",,G2,소매,G221,기타 상품 소매,G22199,그 외 기타 상품 전문 소매업,G47859,그 외 기타 분류 안된 상품 전문 소매업,48,경상남도,48330,양산시,48330540,서창동,4833011300,용당동,4833011300108370005,1,대지,837,5,경상남도 양산시 용당동 837-5,483303338069,경상남도 양산시 용주로,17,,4833011300108370005033678,,경상남도 양산시 용주로 17,626290,50523,,,,129.181920230943,35.428667529993
MA0101202406A0180110,가호방,,G2,소매,G221,기타 상품 소매,G22199,그 외 기타 상품 전문 소매업,G47859,그 외 기타 분류 안된 상품 전문 소매업,50,제주특별자치도,50110,제주시,50110520,일도2동,5011010200,일도이동,5011010200103170001,1,대지,317,1,제주특별자치도 제주시 일도이동 317-1,501104847836,제주특별자치도 제주시 삼성로18길,23,,5011010200103170001030494,,제주특별자치도 제주시 삼성로18길 23,690833,63272,,1,,126.537016837501,33.5096161875431
MA0101202406A0183295,러브뱅크,,G2,소매,G221,기타 상품 소매,G22199,그 외 기타 상품 전문 소매업,G47859,그 외 기타 분류 안된 상품 전문 소매업,46,전라남도,46110,목포시,46110756,상동,4611015800,상동,4611015800101740012,1,대지,174,12,전라남도 목포시 상동 174-12,461103281095,전라남도 목포시 영산로,507,,4611015800101740012045945,,전라남도 목포시 영산로 507,530822,58643,,,,126.417419540126,34.8110346969321
MA0101202406A0200982,시온방재소방공사완비증명방염필증,,G2,소매,G221,기타 상품 소매,G22199,그 외 기타 상품 전문 소매업,G47859,그 외 기타 분류 안된 상품 전문 소매업,41,경기도,41390,시흥시,41390510,대야동,4139011300,계수동,4139011300105780007,1,대지,578,7,경기도 시흥시 계수동 578-7,413904397008,경기도 시흥시 계수로126번길,65,4,4139011300105780007000273,,경기도 시흥시 계수로126번길 65-4,429874,14929,,2,,126.815265495216,37.4459741040897
MA0101202406A0216628,신진유통,,G2,소매,G221,기타 상품 소매,G22199,그 외 기타 상품 전문 소매업,G47859,그 외 기타 분류 안된 상품 전문 소매업,47,경상북도,47111,포항시 남구,47111256,오천읍,4711125621,오천읍,4711125621113960000,1,대지,1396,,경상북도 포항시 남구 오천읍 원리 1396,471113303048,경상북도 포항시 남구 오천읍 중원로,3,,4711125621113960000000001,,경상북도 포항시 남구 오천읍 중원로 3,790911,37880,,,,129.407488763495,35.9759221859872
MA0101202406A0272814,주원산업,,G2,소매,G221,기타 상품 소매,G22199,그 외 기타 상품 전문 소매업,G47859,그 외 기타 분류 안된 상품 전문 소매업,41,경기도,41670,여주시,41670345,세종대왕면,4167034529,세종대왕면,4167034529103680006,1,대지,368,6,경기도 여주시 세종대왕면 마래리 368-6,416703214068,경기도 여주시 세종대왕면 양화로,468,,4167034529200410003000001,,경기도 여주시 세종대왕면 양화로 468,469811,12647,,,,127.556259387219,37.2625877578771
MA0101202406A0259369,씨에스에너지,,G2,소매,G221,기타 상품 소매,G22199,그 외 기타 상품 전문 소매업,G47859,그 외 기타 분류 안된 상품 전문 소매업,29,광주광역시,29110,동구,29110525,충장동,2911013200,금남로2가,2911013200100220005,1,대지,22,5,광주광역시 동구 금남로2가 22-5,291103009019,광주광역시 동구 금남로,236,,2911013200100220005007039,아송빌딩,광주광역시 동구 금남로 236,501022,61482,,2,,126.917485118903,35.1484920962328
MA0101202406A0239417,인동,불교용품점,G2,소매,G221,기타 상품 소매,G22199,그 외 기타 상품 전문 소매업,G47859,그 외 기타 분류 안된 상품 전문 소매업,47,경상북도,47190,구미시,47190670,인동동,4719012100,황상동,4719012100103010007,1,대지,301,7,경상북도 구미시 황상동 301-7,471904724786,경상북도 구미시 인동중앙로7길,13,,4719012100103010007003958,,경상북도 구미시 인동중앙로7길 13,730932,39430,,,,128.42145208501,36.1088823934025
MA0101202406A0260371,비바그린,,G2,소매,G221,기타 상품 소매,G22199,그 외 기타 상품 전문 소매업,G47859,그 외 기타 분류 안된 상품 전문 소매업,41,경기도,41287,고양시 일산서구,41287580,송포동,4128710400,대화동,4128710400127010000,1,대지,2701,,경기도 고양시 일산서구 대화동 2701,412873194032,경기도 고양시 일산서구 킨텍스로,217,21,4128710400127010000000001,힐스테이트일산,경기도 고양시 일산서구 킨텍스로 217-21,411410,10390,,,,126.745385390659,37.6643175845317
MA0101202406A0261655,피앤와이,,G2,소매,G221,기타 상품 소매,G22199,그 외 기타 상품 전문 소매업,G47859,그 외 기타 분류 안된 상품 전문 소매업,26,부산광역시,26710,기장군,26710253,장안읍,2671025331,장안읍,2671025331104290000,1,대지,429,,부산광역시 기장군 장안읍 반룡리 429,267103140016,부산광역시 기장군 장안읍 반룡로,155,,2671025331104290000000001,,부산광역시 기장군 장안읍 반룡로 155,619952,46031,,3,,129.260945304885,35.3407802298917
MA0101202406A0181872,괘방산쉼터,,G2,소매,G221,기타 상품 소매,G22199,그 외 기타 상품 전문 소매업,G47859,그 외 기타 분류 안된 상품 전문 소매업,51,강원특별자치도,51150,강릉시,51150340,강동면,5115034028,강동면,5115034028105470006,1,대지,547,6,강원특별자치도 강릉시 강동면 정동진리 547-6,511504851283,강원특별자치도 강릉시 강동면 괘방산길,14,,4215034028005470014042410,,강원특별자치도 강릉시 강동면 괘방산길 14,210824,25631,,,,129.008297542764,37.7118044129469
MA0101202406A0190900,메탈프렌즈,,G2,소매,G221,기타 상품 소매,G22199,그 외 기타 상품 전문 소매업,G47859,그 외 기타 분류 안된 상품 전문 소매업,47,경상북도,47290,경산시,47290510,중방동,4729011700,중방동,4729011700108180069,1,대지,818,69,경상북도 경산시 중방동 818-69,472904739673,경상북도 경산시 중앙초등길,41,1,4729011700108200047001791,층,경상북도 경산시 중앙초등길 41-1,712802,38626,,2,,128.733043734929,35.8253543792678
MA0101202406A0193925,케이앤에스소방,,G2,소매,G221,기타 상품 소매,G22199,그 외 기타 상품 전문 소매업,G47859,그 외 기타 분류 안된 상품 전문 소매업,30,대전광역시,30200,유성구,30200546,노은1동,3020011900,노은동,3020011900105070013,1,대지,507,13,대전광역시 유성구 노은동 507-13,302004301091,대전광역시 유성구 노은서로96번길,47,,3020011900105070013010020,,대전광역시 유성구 노은서로96번길 47,305325,34092,,1,,127.316717596572,36.3685731153177
MA0101202406A0344290,문수상사,,G2,소매,G221,기타 상품 소매,G22199,그 외 기타 상품 전문 소매업,G47859,그 외 기타 분류 안된 상품 전문 소매업,26,부산광역시,26440,강서구,26440560,녹산동,2644010900,송정동,2644010900116310006,1,대지,1631,6,부산광역시 강서구 송정동 1631-6,264403136021,부산광역시 강서구 녹산산단335로,24,8,2644010900116310006016365,,부산광역시 강서구 녹산산단335로 24-8,618819,46754,,,,128.854794028386,35.0906056526286
MA0101202406A0349536,에스디기업,,G2,소매,G221,기타 상품 소매,G22199,그 외 기타 상품 전문 소매업,G47859,그 외 기타 분류 안된 상품 전문 소매업,29,광주광역시,29170,북구,29170580,신안동,2917010600,신안동,2917010600104950012,1,대지,495,12,광주광역시 북구 신안동 495-12,291703162066,광주광역시 북구 자산로,89,,2917010600104950012032925,,광주광역시 북구 자산로 89,500828,61230,,1,,126.901242662374,35.167210197497
MA0101202406A0277340,경인유통,,G2,소매,G221,기타 상품 소매,G22199,그 외 기타 상품 전문 소매업,G47859,그 외 기타 분류 안된 상품 전문 소매업,41,경기도,41590,화성시,41590256,우정읍,4159025632,우정읍,4159025632102730003,1,대지,273,3,경기도 화성시 우정읍 조암리 273-3,415903210100,경기도 화성시 우정읍 조암로,3,,4159025632102730003023548,,경기도 화성시 우정읍 조암로 3,445955,18567,,1,,126.819860232501,37.0834924618632
MA0101202406A0310353,효성건업,,G2,소매,G221,기타 상품 소매,G22199,그 외 기타 상품 전문 소매업,G47859,그 외 기타 분류 안된 상품 전문 소매업,47,경상북도,47190,구미시,47190565,선주원남동,4719010400,봉곡동,4719010400102290003,1,대지,229,3,경상북도 구미시 봉곡동 229-3,471904724325,경상북도 구미시 봉곡로18길,17,10,4719010400102290003023251,,경상북도 구미시 봉곡로18길 17-10,730808,39207,,1,,128.312772656285,36.1520257753416
MA0101202406A0322657,스마트스쿨,,G2,소매,G221,기타 상품 소매,G22199,그 외 기타 상품 전문 소매업,G47859,그 외 기타 분류 안된 상품 전문 소매업,47,경상북도,47190,구미시,47190680,진미동,4719012500,임수동,4719012500100920009,1,대지,92,9,경상북도 구미시 임수동 92-9,471903018095,경상북도 구미시 3공단1로,302,7,4719012500100920009008041,구미산업유통단지,경상북도 구미시 3공단1로 302-7,730720,39391,,,,128.402646516423,36.1098790445333
MA0101202406A0322669,방이먹자골목성인용품,,G2,소매,G221,기타 상품 소매,G22199,그 외 기타 상품 전문 소매업,G47859,그 외 기타 분류 안된 상품 전문 소매업,11,서울특별시,11710,송파구,11710562,방이2동,1171011100,방이동,1171011100100630004,1,대지,63,4,서울특별시 송파구 방이동 63-4,117104169429,서울특별시 송파구 올림픽로32길,22,22,1171011100100630004016176,대덕빌딩,서울특별시 송파구 올림픽로32길 22-22,138828,05548,,,,127.108246541711,37.513707634733
MA0101202406A0328314,초원농자재,,G2,소매,G221,기타 상품 소매,G22199,그 외 기타 상품 전문 소매업,G47859,그 외 기타 분류 안된 상품 전문 소매업,47,경상북도,47170,안동시,47170690,강남동,4717014200,수하동,4717014200105150002,1,대지,515,2,경상북도 안동시 수하동 515-2,471703307025,경상북도 안동시 앙실로,180,,4717014200105150002014831,,경상북도 안동시 앙실로 180,760420,36742,,,,128.684687583105,36.541919629799
MA0101202406A0332920,트리니티,,G2,소매,G221,기타 상품 소매,G22199,그 외 기타 상품 전문 소매업,G47859,그 외 기타 분류 안된 상품 전문 소매업,41,경기도,41360,남양주시,41360250,와부읍,4136025024,와부읍,4136025024109910007,1,대지,991,7,경기도 남양주시 와부읍 월문리 991-7,413603197036,경기도 남양주시 와부읍 수레로,256,,4136025024109910007000001,,경기도 남양주시 와부읍 수레로 256,472905,12203,,,,127.234958062169,37.5983703028614
MA0101202406A0338644,신영에프엔씨,,G2,소매,G221,기타 상품 소매,G22199,그 외 기타 상품 전문 소매업,G47859,그 외 기타 분류 안된 상품 전문 소매업,47,경상북도,47170,안동시,47170370,남선면,4717037022,남선면,4717037022107770001,1,대지,777,1,경상북도 안동시 남선면 신석리 777-1,471704721220,경상북도 안동시 남선면 농공단지길,43,20,4717037022107770001010261,,경상북도 안동시 남선면 농공단지길 43-20,760862,36741,,,,128.777073961328,36.5329646586272
MA0101202406A0349663,예당그린산업,,G2,소매,G221,기타 상품 소매,G22199,그 외 기타 상품 전문 소매업,G47859,그 외 기타 분류 안된 상품 전문 소매업,44,충청남도,44810,예산군,44810400,오가면,4481040025,오가면,4481040025101810001,1,대지,181,1,충청남도 예산군 오가면 월곡리 181-1,448104589455,충청남도 예산군 오가면 월곡2길,15,,4481040025101810001000097,,충청남도 예산군 오가면 월곡2길 15,340913,32426,,,,126.780414937818,36.6691726064847
MA0101202406A0284747,엘엠,,G2,소매,G221,기타 상품 소매,G22199,그 외 기타 상품 전문 소매업,G47859,그 외 기타 분류 안된 상품 전문 소매업,11,서울특별시,11650,서초구,11650530,서초3동,1165010800,서초동,1165010800115990011,1,대지,1599,11,서울특별시 서초구 서초동 1599-11,116503121024,서울특별시 서초구 서초중앙로,63,,1165010800115990011020984,리더스빌딩,서울특별시 서초구 서초중앙로 63,137912,06651,,,,127.014473024653,37.4873208310814
MA0101202406A0302086,겁외사용품점,,G2,소매,G221,기타 상품 소매,G22199,그 외 기타 상품 전문 소매업,G47859,그 외 기타 분류 안된 상품 전문 소매업,48,경상남도,48860,산청군,48860370,단성면,4886037030,단성면,4886037030102000004,1,대지,200,4,경상남도 산청군 단성면 묵곡리 200-4,488603332079,경상남도 산청군 단성면 성철로,125,,4886037030101730000023756,벽해루누각,경상남도 산청군 단성면 성철로 125,666942,52250,,1,,127.968416560441,35.2792426386143
MA0101202406A0328411,금산상회,,G2,소매,G221,기타 상품 소매,G22199,그 외 기타 상품 전문 소매업,G47859,그 외 기타 분류 안된 상품 전문 소매업,47,경상북도,47230,영천시,47230555,남부동,4723011100,도동,4723011100105100001,1,대지,510,1,경상북도 영천시 도동 510-1,472303310029,경상북도 영천시 한방로,18,,4723011100102650001021014,,경상북도 영천시 한방로 18,770230,38896,,,,128.931698762199,35.9424041883174
MA0101202406A0354343,고려소방공사,,G2,소매,G221,기타 상품 소매,G22199,그 외 기타 상품 전문 소매업,G47859,그 외 기타 분류 안된 상품 전문 소매업,43,충청북도,43111,청주시 상당구,43111690,용담.명암.산성동,4311112100,용담동,4311112100101690010,1,대지,169,10,충청북도 청주시 상당구 용담동 169-10,431114508277,충청북도 청주시 상당구 산성로101번길,22,17,4311112100101690010047080,,충청북도 청주시 상당구 산성로101번길 22-17,360190,28523,,,,127.503155792726,36.6334025768307
MA0101202406A0366823,대한안전,,G2,소매,G221,기타 상품 소매,G22199,그 외 기타 상품 전문 소매업,G47859,그 외 기타 분류 안된 상품 전문 소매업,41,경기도,41360,남양주시,41360565,다산2동,4136011200,다산동,4136011200162500000,1,대지,6250,,경기도 남양주시 다산동 6250,413603351589,경기도 남양주시 다산지금로,202,,4136011200162500000000001,현대테라타워,경기도 남양주시 다산지금로 202,,12284,,03,,127.172217832858,37.5956404071921
MA0101202406A0284754,좋은친구들어른장난감,익산점,G2,소매,G221,기타 상품 소매,G22199,그 외 기타 상품 전문 소매업,G47859,그 외 기타 분류 안된 상품 전문 소매업,52,전북특별자치도,52140,익산시,52140530,평화동,5214010600,평화동,5214010600101110004,1,대지,111,4,전북특별자치도 익산시 평화동 111-4,521404607383,전북특별자치도 익산시 목천로1길,35,,4514010600101110004085464,대풍식당,전북특별자치도 익산시 목천로1길 35,570010,54674,,,,126.946321309917,35.9323351399373
MA0101202406A0333022,영남세프티안전,,G2,소매,G221,기타 상품 소매,G22199,그 외 기타 상품 전문 소매업,G47859,그 외 기타 분류 안된 상품 전문 소매업,48,경상남도,48330,양산시,48330520,삼성동,4833010800,산막동,4833010800104990001,1,대지,499,1,경상남도 양산시 산막동 499-1,483304814635,경상남도 양산시 영동2길,3,,4833010800104990001060147,,경상남도 양산시 영동2길 3,626120,50571,,,,129.048357329923,35.3723353084072
MA0101202406A0306478,쥬,,G2,소매,G221,기타 상품 소매,G22199,그 외 기타 상품 전문 소매업,G47859,그 외 기타 분류 안된 상품 전문 소매업,51,강원특별자치도,51210,속초시,51210520,동명동,5121010200,동명동,5121010200102610091,1,대지,261,91,강원특별자치도 속초시 동명동 261-91,512103223014,강원특별자치도 속초시 장안로,8,,4221010200102610091001946,,강원특별자치도 속초시 장안로 8,217809,24827,,,,128.590167332538,38.2112224401752
MA0101202406A0334622,봄날애,,G2,소매,G221,기타 상품 소매,G22199,그 외 기타 상품 전문 소매업,G47859,그 외 기타 분류 안된 상품 전문 소매업,51,강원특별자치도,51210,속초시,51210560,교동,5121010500,청학동,5121010500104820279,1,대지,482,279,강원특별자치도 속초시 청학동 482-279,512103223025,강원특별자치도 속초시 중앙로,77,,4221010500106440027009400,,강원특별자치도 속초시 중앙로 77,217800,24835,,,,128.584470719484,38.2017688500614
MA0101202406A0340234,이지테크시스템,동해점,G2,소매,G221,기타 상품 소매,G22199,그 외 기타 상품 전문 소매업,G47859,그 외 기타 분류 안된 상품 전문 소매업,51,강원특별자치도,51170,동해시,51170530,북삼동,5117010600,효가동,5117010600103610031,1,대지,361,31,강원특별자치도 동해시 효가동 361-31,511702000023,강원특별자치도 동해시 동해대로,5122,,4217010600003610031026278,,강원특별자치도 동해시 동해대로 5122,240160,25776,,,,129.109447768414,37.5031611770262
MA0101202406A0279291,늘푸른농약사,,G2,소매,G221,기타 상품 소매,G22199,그 외 기타 상품 전문 소매업,G47859,그 외 기타 분류 안된 상품 전문 소매업,52,전북특별자치도,52130,군산시,52130640,흥남동,5213012900,미원동,5213012900102440003,1,대지,244,3,전북특별자치도 군산시 미원동 244-3,521304605061,전북특별자치도 군산시 풍문안2길,10,,4513012900104020000036871,,전북특별자치도 군산시 풍문안2길 10,573180,54039,,1,,126.717321217524,35.9794644630842
MA0101202406A0308121,호박쿠폰방,,G2,소매,G221,기타 상품 소매,G22199,그 외 기타 상품 전문 소매업,G47859,그 외 기타 분류 안된 상품 전문 소매업,48,경상남도,48250,김해시,48250550,북부동,4825010700,삼계동,4825010700114700002,1,대지,1470,2,경상남도 김해시 삼계동 1470-2,482504805864,경상남도 김해시 해반천로144번길,9,17,4825010700114700002090746,보경프라자,경상남도 김해시 해반천로144번길 9-17,621070,50901,,1,,128.868081002693,35.2617457835053
MA0101202406A0334770,땅심비료농자재,,G2,소매,G221,기타 상품 소매,G22199,그 외 기타 상품 전문 소매업,G47859,그 외 기타 분류 안된 상품 전문 소매업,46,전라남도,46870,영광군,46870340,군서면,4687034021,군서면,4687034021105340002,1,대지,534,2,전라남도 영광군 군서면 보라리 534-2,468703297013,전라남도 영광군 군서면 함영로,3234,2,4687034021105340002015089,,전라남도 영광군 군서면 함영로 3234-2,513841,57034,,,,126.503314774564,35.2397997633209
MA0101202406A0341812,에코세이프티,양산점,G2,소매,G221,기타 상품 소매,G22199,그 외 기타 상품 전문 소매업,G47859,그 외 기타 분류 안된 상품 전문 소매업,48,경상남도,48330,양산시,48330520,삼성동,4833010700,북정동,4833010700104430005,1,대지,443,5,경상남도 양산시 북정동 443-5,483303338033,경상남도 양산시 북정중앙로,40,1,4833010700104430005058380,,경상남도 양산시 북정중앙로 40-1,626110,50570,,,,129.048549341228,35.3620861237323
MA0101202406A0347599,동방약초상회,,G2,소매,G221,기타 상품 소매,G22199,그 외 기타 상품 전문 소매업,G47859,그 외 기타 분류 안된 상품 전문 소매업,44,충청남도,44180,보령시,44180515,대천1동,4418010100,대천동,4418010100106180421,1,대지,618,421,충청남도 보령시 대천동 618-421,441804556202,충청남도 보령시 목장길,20,,4418010400109830048014775,,충청남도 보령시 목장길 20,355011,33463,,,,126.597348100514,36.3490743596458
MA0101202406A0348516,헤니,,G2,소매,G221,기타 상품 소매,G22199,그 외 기타 상품 전문 소매업,G47859,그 외 기타 분류 안된 상품 전문 소매업,51,강원특별자치도,51110,춘천시,51110400,남산면,5111040029,남산면,5111040029104770001,1,대지,477,1,강원특별자치도 춘천시 남산면 백양리 477-1,511104454369,강원특별자치도 춘천시 남산면 서백길,251,3,4211040029104770001000001,,강원특별자치도 춘천시 남산면 서백길 251-3,200914,24464,,,,127.560925066263,37.8287105038017
MA0101202406A0279389,푸른산업,,G2,소매,G221,기타 상품 소매,G22199,그 외 기타 상품 전문 소매업,G47859,그 외 기타 분류 안된 상품 전문 소매업,48,경상남도,48860,산청군,48860370,단성면,4886037023,단성면,4886037023102690081,1,대지,269,81,경상남도 산청군 단성면 방목리 269-81,488604835005,경상남도 산청군 단성면 강누방목로401번길,162,,4886037023200820109000001,,경상남도 산청군 단성면 강누방목로401번길 162,666944,52242,,,,127.925494272479,35.3302947209672
MA0101202406A0333532,제이리버,,G2,소매,G221,기타 상품 소매,G22199,그 외 기타 상품 전문 소매업,G47859,그 외 기타 분류 안된 상품 전문 소매업,43,충청북도,43113,청주시 흥덕구,43113250,오송읍,4311325026,오송읍,4311325026107120000,1,대지,712,,충청북도 청주시 흥덕구 오송읍 연제리 712,431133240057,충청북도 청주시 흥덕구 오송읍 오송생명3로,65,18,4371025626107120000000001,,충청북도 청주시 흥덕구 오송읍 오송생명3로 65-18,361951,28165,,,,127.327650878819,36.6313291341061
MA0101202406A0352286,자일,,G2,소매,G221,기타 상품 소매,G22199,그 외 기타 상품 전문 소매업,G47859,그 외 기타 분류 안된 상품 전문 소매업,41,경기도,41650,포천시,41650390,영북면,4165039022,영북면,4165039022102260000,1,대지,226,,경기도 포천시 영북면 자일리 226,416504439818,경기도 포천시 영북면 호국로4350번길,136,205,4165039022102260000000001,,경기도 포천시 영북면 호국로4350번길 136-205,487899,11102,,,,127.301613433799,38.1040657345514
MA0101202406A0281095,세일농약사,,G2,소매,G221,기타 상품 소매,G22199,그 외 기타 상품 전문 소매업,G47859,그 외 기타 분류 안된 상품 전문 소매업,47,경상북도,47210,영주시,47210510,상망동,4721010200,상망동,4721010200102550013,1,대지,255,13,경상북도 영주시 상망동 255-13,472103309052,경상북도 영주시 원당로,394,,4721010200102550004001682,,경상북도 영주시 원당로 394,750904,36065,,,,128.64905517897,36.8378628489422
MA0101202406A0291031,에스앤와이,,G2,소매,G221,기타 상품 소매,G22199,그 외 기타 상품 전문 소매업,G47859,그 외 기타 분류 안된 상품 전문 소매업,41,경기도,41273,안산시 단원구,41273570,초지동,4127310700,초지동,4127310700107420001,1,대지,742,1,경기도 안산시 단원구 초지동 742-1,412733191064,경기도 안산시 단원구 원포공원1로,70,,4127310700107420001005804,키즈타워,경기도 안산시 단원구 원포공원1로 70,425856,15455,,5,,126.810324992351,37.3033071535469
MA0101202406A0292370,신화테크,,G2,소매,G221,기타 상품 소매,G22199,그 외 기타 상품 전문 소매업,G47859,그 외 기타 분류 안된 상품 전문 소매업,44,충청남도,44180,보령시,44180525,대천2동,4418010100,대천동,4418010100104290001,1,대지,429,1,충청남도 보령시 대천동 429-1,441803252042,충청남도 보령시 해태로,7,,4418010100104290001016303,,충청남도 보령시 해태로 7,355931,33454,,,,126.592461949141,36.3525092922245
MA0101202406A0305558,상도아그로,,G2,소매,G221,기타 상품 소매,G22199,그 외 기타 상품 전문 소매업,G47859,그 외 기타 분류 안된 상품 전문 소매업,48,경상남도,48250,김해시,48250340,한림면,4825034028,한림면,4825034028103420002,1,대지,342,2,경상남도 김해시 한림면 장방리 342-2,482504805836,경상남도 김해시 한림면 한림로371번길,19,,4825034028103390002067962,,경상남도 김해시 한림면 한림로371번길 19,621874,50848,,,,128.800838655537,35.3213429614238
MA0101202406A0312544,삼일약초인삼사,,G2,소매,G221,기타 상품 소매,G22199,그 외 기타 상품 전문 소매업,G47859,그 외 기타 분류 안된 상품 전문 소매업,44,충청남도,44710,금산군,44710250,금산읍,4471025022,금산읍,4471025022100070001,1,대지,7,1,충청남도 금산군 금산읍 중도리 7-1,447103257042,충청남도 금산군 금산읍 인삼광장로,47,,4471025022100070001020661,인삼호텔,충청남도 금산군 금산읍 인삼광장로 47,312806,32739,,1,,127.49895421536,36.1015147970903
MA0101202406A0360438,에이치에스안전시스템,,G2,소매,G221,기타 상품 소매,G22199,그 외 기타 상품 전문 소매업,G47859,그 외 기타 분류 안된 상품 전문 소매업,41,경기도,41210,광명시,41210631,하안1동,4121010300,하안동,4121010300103050001,1,대지,305,1,경기도 광명시 하안동 305-1,412104361243,경기도 광명시 오리로651번길,5,,4121010300103050001012529,프라임모터스빌딩,경기도 광명시 오리로651번길 5,423851,14303,,4,,126.876743535753,37.4587674970251
MA0101202406A0283991,다팜,,G2,소매,G221,기타 상품 소매,G22199,그 외 기타 상품 전문 소매업,G47859,그 외 기타 분류 안된 상품 전문 소매업,48,경상남도,48121,창원시 의창구,48121320,대산면,4812132024,대산면,4812132024106420000,1,대지,642,,경상남도 창원시 의창구 대산면 가술리 642,481214781575,경상남도 창원시 의창구 대산면 주남로503번길,101,17,4812132024106420000000001,,경상남도 창원시 의창구 대산면 주남로503번길 101-17,641921,51126,,,,128.695568146326,35.3335987894851
MA0101202406A0361972,알파브레이커,,G2,소매,G221,기타 상품 소매,G22199,그 외 기타 상품 전문 소매업,G47859,그 외 기타 분류 안된 상품 전문 소매업,41,경기도,41194,부천시 소사구,41194560,옥길동,4119410600,옥길동,4119410600105210005,1,대지,521,5,경기도 부천시 소사구 옥길동 521-5,411944355257,경기도 부천시 소사구 연동로131번길,30,4,4119710600105210005030662,,경기도 부천시 소사구 연동로131번길 30-4,422080,14785,,,,126.822545429887,37.4737364011811
MA0101202406A0362163,도도이커머스,,G2,소매,G221,기타 상품 소매,G22199,그 외 기타 상품 전문 소매업,G47859,그 외 기타 분류 안된 상품 전문 소매업,41,경기도,41410,군포시,41410630,송부동,4141010900,도마교동,4141010900104900008,1,대지,490,8,경기도 군포시 도마교동 490-8,414104403077,경기도 군포시 송부로34번길,21,,4141010900104900008000001,,경기도 군포시 송부로34번길 21,435070,15885,,,,126.919598846593,37.3151182595804
MA0101202406A0273897,공항네,,G2,소매,G221,기타 상품 소매,G22199,그 외 기타 상품 전문 소매업,G47859,그 외 기타 분류 안된 상품 전문 소매업,28,인천광역시,28710,강화군,28710250,강화읍,2871025025,강화읍,2871025025108440001,1,대지,844,1,인천광역시 강화군 강화읍 갑곳리 844-1,287102157001,인천광역시 강화군 강화읍 강화대로,335,,2871025025108460000002454,강화인삼센터,인천광역시 강화군 강화읍 강화대로 335,417942,23027,,,,126.492519372773,37.7422091046471
MA0101202406A0273956,스마트비즈메이트,,G2,소매,G221,기타 상품 소매,G22199,그 외 기타 상품 전문 소매업,G47859,그 외 기타 분류 안된 상품 전문 소매업,41,경기도,41173,안양시 동안구,41173578,귀인동,4117310300,평촌동,4117310300109170009,1,대지,917,9,경기도 안양시 동안구 평촌동 917-9,411734349095,경기도 안양시 동안구 귀인로190번길,49,,4117310300109170009004468,,경기도 안양시 동안구 귀인로190번길 49,431802,14103,,1,,126.961417292439,37.3832030225854
MA0101202406A0273972,대박유통,,G2,소매,G221,기타 상품 소매,G22199,그 외 기타 상품 전문 소매업,G47859,그 외 기타 분류 안된 상품 전문 소매업,47,경상북도,47210,영주시,47210560,영주2동,4721010100,영주동,4721010100105860000,1,대지,586,,경상북도 영주시 영주동 586,472103309008,경상북도 영주시 구성로,321,,4721010300105860000008858,,경상북도 영주시 구성로 321,750909,36100,,,,128.625350214997,36.8210522466655
MA0101202406A0276831,민준그릇,,G2,소매,G221,기타 상품 소매,G22199,그 외 기타 상품 전문 소매업,G47859,그 외 기타 분류 안된 상품 전문 소매업,11,서울특별시,11320,도봉구,11320513,창3동,1132010700,창동,1132010700105600024,1,대지,560,24,서울특별시 도봉구 창동 560-24,113204127055,서울특별시 도봉구 덕릉로60라길,19,,1132010700105600024015116,,서울특별시 도봉구 덕릉로60라길 19,132917,01476,,,,127.039880814624,37.6375471461689
MA0101202406A0281318,오로라,,G2,소매,G221,기타 상품 소매,G22199,그 외 기타 상품 전문 소매업,G47859,그 외 기타 분류 안된 상품 전문 소매업,27,대구광역시,27290,달서구,27290577,이곡2동,2729010600,갈산동,2729010600109860003,1,대지,986,3,대구광역시 달서구 갈산동 986-3,272904241280,대구광역시 달서구 성서공단로39길,18,16,2729010600109860003000001,,대구광역시 달서구 성서공단로39길 18-16,704938,42704,,,,128.505554314391,35.8370531087265
MA0101202406A0285517,착한농부,,G2,소매,G221,기타 상품 소매,G22199,그 외 기타 상품 전문 소매업,G47859,그 외 기타 분류 안된 상품 전문 소매업,51,강원특별자치도,51790,화천군,51790310,간동면,5179031025,간동면,5179031025113980004,1,대지,1398,4,강원특별자치도 화천군 간동면 방천리 1398-4,517904493011,강원특별자치도 화천군 간동면 갓골길,349,6,4279031025013980004014488,,강원특별자치도 화천군 간동면 갓골길 349-6,209821,24135,,,,127.850400288897,38.0683847879818
MA0101202406A0292540,바른창조산업,,G2,소매,G221,기타 상품 소매,G22199,그 외 기타 상품 전문 소매업,G47859,그 외 기타 분류 안된 상품 전문 소매업,47,경상북도,47113,포항시 북구,47113700,장량동,4711312100,장성동,4711312100113920006,1,대지,1392,6,경상북도 포항시 북구 장성동 1392-6,471134712190,경상북도 포항시 북구 법원로116번길,42,,4711312100113920006109899,,경상북도 포항시 북구 법원로116번길 42,791851,37582,,,,129.390230628716,36.0845568796947
MA0101202406A0327889,멀티,,G2,소매,G221,기타 상품 소매,G22199,그 외 기타 상품 전문 소매업,G47859,그 외 기타 분류 안된 상품 전문 소매업,47,경상북도,47230,영천시,47230555,남부동,4723011200,금노동,4723011200105800001,1,대지,580,1,경상북도 영천시 금노동 580-1,472303310005,경상북도 영천시 금완로,8,,4723011200105870003012116,,경상북도 영천시 금완로 8,770060,38885,,1,,128.928926119126,35.9605334891912
MA0101202406A0352566,24시다딴다출장열쇠검단,,G2,소매,G221,기타 상품 소매,G22199,그 외 기타 상품 전문 소매업,G47859,그 외 기타 분류 안된 상품 전문 소매업,28,인천광역시,28260,서구,28260700,원당동,2826011500,원당동,2826011500108250007,1,대지,825,7,인천광역시 서구 원당동 825-7,282604268196,인천광역시 서구 고산후로121번길,15,,2826011500107250003030312,삼경프라자,인천광역시 서구 고산후로121번길 15,404320,22647,,,,126.697499677815,37.594531476045
MA0101202406A0363272,설성종묘농약사,,G2,소매,G221,기타 상품 소매,G22199,그 외 기타 상품 전문 소매업,G47859,그 외 기타 분류 안된 상품 전문 소매업,41,경기도,41500,이천시,41500370,설성면,4150037021,설성면,4150037021101930025,1,대지,193,25,경기도 이천시 설성면 금당리 193-25,415003207055,경기도 이천시 설성면 진상미로,681,,4150037021101930025025670,,경기도 이천시 설성면 진상미로 681,467881,17411,,,,127.516151819263,37.133929374801
MA0101202406A0309983,그외기타상품전문소매업,,G2,소매,G221,기타 상품 소매,G22199,그 외 기타 상품 전문 소매업,G47859,그 외 기타 분류 안된 상품 전문 소매업,51,강원특별자치도,51720,홍천군,51720390,내면,5172039026,내면,5172039026111480004,1,대지,1148,4,강원특별자치도 홍천군 내면 방내리 1148-4,517204475267,강원특별자치도 홍천군 내면 방내시장길,36,,4272039026111480004006191,,강원특별자치도 홍천군 내면 방내시장길 36,250843,25169,,,,128.268703353651,37.8222848840793
MA0101202406A0322107,레드닷,,G2,소매,G221,기타 상품 소매,G22199,그 외 기타 상품 전문 소매업,G47859,그 외 기타 분류 안된 상품 전문 소매업,51,강원특별자치도,51150,강릉시,51150520,중앙동,5115010500,임당동,5115010500100400019,1,대지,40,19,강원특별자치도 강릉시 임당동 40-19,511504460408,강원특별자치도 강릉시 문화의길8번길,1,,4215010500100400019029594,,강원특별자치도 강릉시 문화의길8번길 1,210080,25532,,2,,128.894655087386,37.7550078659072
MA0101202406A0327983,삼영마린텍,,G2,소매,G221,기타 상품 소매,G22199,그 외 기타 상품 전문 소매업,G47859,그 외 기타 분류 안된 상품 전문 소매업,47,경상북도,47770,영덕군,47770310,강구면,4777031032,강구면,4777031032100720024,1,대지,72,24,경상북도 영덕군 강구면 오포리 72-24,477704754195,경상북도 영덕군 강구면 신강구길,16,,4777031032100720024029481,,경상북도 영덕군 강구면 신강구길 16,766823,36459,,,,129.382266771091,36.3570587961811
MA0101202406A0356477,다원,,G2,소매,G221,기타 상품 소매,G22199,그 외 기타 상품 전문 소매업,G47859,그 외 기타 분류 안된 상품 전문 소매업,26,부산광역시,26710,기장군,26710253,장안읍,2671025328,장안읍,2671025328110670069,1,대지,1067,69,부산광역시 기장군 장안읍 기룡리 1067-69,267103140038,부산광역시 기장군 장안읍 장안로,88,,2671025328110670069005077,,부산광역시 기장군 장안읍 장안로 88,619951,46032,,1,,129.254216827745,35.3475740882471
MA0101202406A0291290,로이덕,,G2,소매,G221,기타 상품 소매,G22199,그 외 기타 상품 전문 소매업,G47859,그 외 기타 분류 안된 상품 전문 소매업,41,경기도,41220,평택시,41220253,안중읍,4122025330,안중읍,4122025330103680003,1,대지,368,3,경기도 평택시 안중읍 현화리 368-3,412204364922,경기도 평택시 안중읍 현화1길,23,,4122025330103680003047915,,경기도 평택시 안중읍 현화1길 23,451885,17930,,4,,126.920776710765,36.9761493010295
MA0101202406A0298683,양키캔들대구상인,,G2,소매,G221,기타 상품 소매,G22199,그 외 기타 상품 전문 소매업,G47859,그 외 기타 분류 안된 상품 전문 소매업,27,대구광역시,27290,달서구,27290624,상인1동,2729011500,상인동,2729011500115110000,1,대지,1511,,대구광역시 달서구 상인동 1511,272903147029,대구광역시 달서구 월곡로,266,,2729011500115110000010607,별관,대구광역시 달서구 월곡로 266,704808,42809,,1,,128.538976302272,35.8181289297654
MA0101202406A0358826,뉴팜,,G2,소매,G221,기타 상품 소매,G22199,그 외 기타 상품 전문 소매업,G47859,그 외 기타 분류 안된 상품 전문 소매업,52,전북특별자치도,52113,전주시 덕진구,52113540,인후1동,5211310300,인후동1가,5211310300106270042,1,대지,627,42,전북특별자치도 전주시 덕진구 인후동1가 627-42,521133267005,전북특별자치도 전주시 덕진구 건산로,166,,4511310300106270042030516,,전북특별자치도 전주시 덕진구 건산로 166,561830,55009,,,,127.155190875164,35.8331633648185
MA0101202406A0306016,한멕종합상사,,G2,소매,G221,기타 상품 소매,G22199,그 외 기타 상품 전문 소매업,G47859,그 외 기타 분류 안된 상품 전문 소매업,48,경상남도,48121,창원시 의창구,48121310,북면,4812131029,북면,4812131029102350001,1,대지,235,1,경상남도 창원시 의창구 북면 동전리 235-1,481214781725,경상남도 창원시 의창구 북면 천주로759번길,19,24,4812131029102350001044577,,경상남도 창원시 의창구 북면 천주로759번길 19-24,641871,51106,,,,128.599682705014,35.3209100188591
MA0101202406A0358048,퍼스트,,G2,소매,G221,기타 상품 소매,G22199,그 외 기타 상품 전문 소매업,G47859,그 외 기타 분류 안된 상품 전문 소매업,31,울산광역시,31710,울주군,31710265,삼남읍,3171026523,삼남읍,3171026523116100003,1,대지,1610,3,울산광역시 울주군 삼남읍 신화리 1610-3,317104320161,울산광역시 울주군 삼남읍 도호1길,23,,3171039023116100003000001,KTX월드메르디앙W오피스텔,울산광역시 울주군 삼남읍 도호1길 23,689815,44951,,,,129.141454085712,35.5471484952951
MA0101202406A0366410,성진농자재,,G2,소매,G221,기타 상품 소매,G22199,그 외 기타 상품 전문 소매업,G47859,그 외 기타 분류 안된 상품 전문 소매업,41,경기도,41480,파주시,41480250,문산읍,4148025021,문산읍,4148025021100680040,1,대지,68,40,경기도 파주시 문산읍 문산리 68-40,414804418146,경기도 파주시 문산읍 독산로23번길,15,,4148025021100680040015045,,경기도 파주시 문산읍 독산로23번길 15,413904,10822,,,,126.781434348694,37.8584936699679
MA0101202406A0287361,한결퇴비,,G2,소매,G221,기타 상품 소매,G22199,그 외 기타 상품 전문 소매업,G47859,그 외 기타 분류 안된 상품 전문 소매업,51,강원특별자치도,51750,영월군,51750253,상동읍,5175025322,상동읍,5175025322100610000,1,대지,61,,강원특별자치도 영월군 상동읍 구래리 61,517503227002,강원특별자치도 영월군 상동읍 구래로,429,17,4275025322100600000024806,,강원특별자치도 영월군 상동읍 구래로 429-17,230901,26248,,,,128.86410681824,37.148503801874
MA0101202406A0303234,성인용품다사랑,,G2,소매,G221,기타 상품 소매,G22199,그 외 기타 상품 전문 소매업,G47859,그 외 기타 분류 안된 상품 전문 소매업,46,전라남도,46110,목포시,46110655,만호동,4611012400,행복동1가,4611012400100070005,1,대지,7,5,전라남도 목포시 행복동1가 7-5,461104643784,전라남도 목포시 해안로237번길,2,,4611012400100070005032828,,전라남도 목포시 해안로237번길 2,530130,58753,,1,,126.387711977235,34.786235680569
MA0101202406A0307349,오성소방전기,,G2,소매,G221,기타 상품 소매,G22199,그 외 기타 상품 전문 소매업,G47859,그 외 기타 분류 안된 상품 전문 소매업,46,전라남도,46110,목포시,46110780,삼향동,4611016300,대양동,4611016300112010005,1,대지,1201,5,전라남도 목포시 대양동 1201-5,461104853647,전라남도 목포시 대양산단로56번길,9,5,4611016300112010005000001,,전라남도 목포시 대양산단로56번길 9-5,530410,58600,,1,,126.402398866957,34.8267452511671
MA0101202406A0320866,이코노바이저호남,대리점,G2,소매,G221,기타 상품 소매,G22199,그 외 기타 상품 전문 소매업,G47859,그 외 기타 분류 안된 상품 전문 소매업,52,전북특별자치도,52111,전주시 완산구,52111692,평화2동,5211113300,평화동2가,5211113300108560001,1,대지,856,1,전북특별자치도 전주시 완산구 평화동2가 856-1,521114598376,전북특별자치도 전주시 완산구 평화14길,27,1,4511113300108560001024747,,전북특별자치도 전주시 완산구 평화14길 27-1,560867,55123,,2,,127.133485273668,35.7923532887596
MA0101202406A0361004,양수종묘농약사,,G2,소매,G221,기타 상품 소매,G22199,그 외 기타 상품 전문 소매업,G47859,그 외 기타 분류 안된 상품 전문 소매업,43,충청북도,43730,옥천군,43730250,옥천읍,4373025036,옥천읍,4373025036101910051,1,대지,191,51,충청북도 옥천군 옥천읍 금구리 191-51,437304526168,충청북도 옥천군 옥천읍 삼금로2길,13,,4373025036101910051008198,,충청북도 옥천군 옥천읍 삼금로2길 13,373806,29037,,,,127.565772080554,36.3006783255764
MA0101202406A0303333,엠제이원강화,대리점,G2,소매,G221,기타 상품 소매,G22199,그 외 기타 상품 전문 소매업,G47859,그 외 기타 분류 안된 상품 전문 소매업,28,인천광역시,28710,강화군,28710400,교동면,2871040030,교동면,2871040030104640004,1,대지,464,4,인천광역시 강화군 교동면 동산리 464-4,287103157013,인천광역시 강화군 교동면 교동서로,525,16,2871040030104640004000001,,인천광역시 강화군 교동면 교동서로 525-16,417922,23003,,,,126.233583927535,37.7583603082768
MA0101202406A0320944,뱅크정보통신,,G2,소매,G221,기타 상품 소매,G22199,그 외 기타 상품 전문 소매업,G47859,그 외 기타 분류 안된 상품 전문 소매업,41,경기도,41630,양주시,41630310,은현면,4163031022,은현면,4163031022100340005,1,대지,34,5,경기도 양주시 은현면 선암리 34-5,416304436286,경기도 양주시 은현면 용암로161번길,397,52,4163031022100340005000001,우측,경기도 양주시 은현면 용암로161번길 397-52,482862,11427,,,,127.029948475138,37.8723871493695
MA0101202406A0437563,제일양봉원,,G2,소매,G221,기타 상품 소매,G22199,그 외 기타 상품 전문 소매업,G47859,그 외 기타 분류 안된 상품 전문 소매업,47,경상북도,47150,김천시,47150565,양금동,4715010700,황금동,4715010700100250004,1,대지,25,4,경상북도 김천시 황금동 25-4,471504718962,경상북도 김천시 황금시장7길,3,,4715010700101110019026981,,경상북도 김천시 황금시장7길 3,740070,39592,,,,128.126164145032,36.1169426962804
MA0101202406A0441385,엔팜,,G2,소매,G221,기타 상품 소매,G22199,그 외 기타 상품 전문 소매업,G47859,그 외 기타 분류 안된 상품 전문 소매업,47,경상북도,47250,상주시,47250550,동문동,4725010400,복룡동,4725010400102150005,1,대지,215,5,경상북도 상주시 복룡동 215-5,472503303047,경상북도 상주시 중앙로,321,,4725010400102180001087783,,경상북도 상주시 중앙로 321,742040,37233,,,,128.173307536695,36.4171363132921
MA0101202406A0449251,영진종합상사,,G2,소매,G221,기타 상품 소매,G22199,그 외 기타 상품 전문 소매업,G47859,그 외 기타 분류 안된 상품 전문 소매업,48,경상남도,48270,밀양시,48270350,단장면,4827035024,단장면,4827035024105900000,1,대지,590,,경상남도 밀양시 단장면 안법리 590,482703336008,경상남도 밀양시 단장면 단장로,1074,13,4827035024105900000016537,,경상남도 밀양시 단장면 단장로 1074-13,627821,50416,,,,128.850979596313,35.4869590512944
MA0101202406A0400341,한양지업사,,G2,소매,G221,기타 상품 소매,G22199,그 외 기타 상품 전문 소매업,G47859,그 외 기타 분류 안된 상품 전문 소매업,52,전북특별자치도,52180,정읍시,52180545,시기동,5218010400,시기동,5218010400103270001,1,대지,327,1,전북특별자치도 정읍시 시기동 327-1,521803270032,전북특별자치도 정읍시 우암로,20,12,4518010400103270001082295,,전북특별자치도 정읍시 우암로 20-12,580060,56162,,1,,126.854692981028,35.5649553649259
MA0101202406A0426999,미성사,,G2,소매,G221,기타 상품 소매,G22199,그 외 기타 상품 전문 소매업,G47859,그 외 기타 분류 안된 상품 전문 소매업,44,충청남도,44800,홍성군,44800380,갈산면,4480038021,갈산면,4480038021100630003,1,대지,63,3,충청남도 홍성군 갈산면 상촌리 63-3,448003259010,충청남도 홍성군 갈산면 갈산로,173,,4480038021100630003000001,,충청남도 홍성군 갈산면 갈산로 173,350853,32202,,,,126.557140141408,36.6026159720183
MA0101202406A0440838,소화기동산,,G2,소매,G221,기타 상품 소매,G22199,그 외 기타 상품 전문 소매업,G47859,그 외 기타 분류 안된 상품 전문 소매업,51,강원특별자치도,51110,춘천시,51110650,석사동,5111012400,석사동,5111012400106390009,1,대지,639,9,강원특별자치도 춘천시 석사동 639-9,511104454277,강원특별자치도 춘천시 벌말길,76,,4211012400106390009016170,,강원특별자치도 춘천시 벌말길 76,200935,24383,,1,,127.743250991914,37.8610536351995
MA0101202406A0447061,이지소방,,G2,소매,G221,기타 상품 소매,G22199,그 외 기타 상품 전문 소매업,G47859,그 외 기타 분류 안된 상품 전문 소매업,29,광주광역시,29200,광산구,29200626,첨단2동,2920011500,월계동,2920011500107790009,1,대지,779,9,광주광역시 광산구 월계동 779-9,292004289495,광주광역시 광산구 월계로34번길,31,4,2920011500107790009000001,E,광주광역시 광산구 월계로34번길 31-4,506822,62264,,,,126.834295588786,35.2106004160695
MA0101202406A0413509,서현종합상사,,G2,소매,G221,기타 상품 소매,G22199,그 외 기타 상품 전문 소매업,G47859,그 외 기타 분류 안된 상품 전문 소매업,43,충청북도,43113,청주시 흥덕구,43113747,가경동,4311311300,가경동,4311311300108740000,1,대지,874,,충청북도 청주시 흥덕구 가경동 874,431134512038,충청북도 청주시 흥덕구 풍년로206번길,46,,4311311300108740000009535,,충청북도 청주시 흥덕구 풍년로206번길 46,361800,28389,,,,127.431845283097,36.6316548557882
MA0101202406A0413536,그라시아스GRACIAS,,G2,소매,G221,기타 상품 소매,G22199,그 외 기타 상품 전문 소매업,G47859,그 외 기타 분류 안된 상품 전문 소매업,41,경기도,41410,군포시,41410560,금정동,4141010500,금정동,4141010500107100007,1,대지,710,7,경기도 군포시 금정동 710-7,414103200005,경기도 군포시 금산로,13,,4141010500107100007006734,,경기도 군포시 금산로 13,435827,15827,,5,,126.94057755625,37.3635880759619
MA0101202406A0433220,뱅갈냥이,,G2,소매,G221,기타 상품 소매,G22199,그 외 기타 상품 전문 소매업,G47859,그 외 기타 분류 안된 상품 전문 소매업,27,대구광역시,27230,북구,27230745,구암동,2723012300,구암동,2723012300106730006,1,대지,673,6,대구광역시 북구 구암동 673-6,272304235431,대구광역시 북구 태암남로11길,6,,2723012300106730006047448,,대구광역시 북구 태암남로11길 6,702807,41465,,1,,128.553974299637,35.9255690881617
MA0101202406A0439310,미래안전,,G2,소매,G221,기타 상품 소매,G22199,그 외 기타 상품 전문 소매업,G47859,그 외 기타 분류 안된 상품 전문 소매업,31,울산광역시,31710,울주군,31710265,삼남읍,3171026523,삼남읍,3171026523116040007,1,대지,1604,7,울산광역시 울주군 삼남읍 신화리 1604-7,317104320161,울산광역시 울주군 삼남읍 도호1길,2,,3171026523116040007000001,울산골드테라스타워,울산광역시 울주군 삼남읍 도호1길 2,689815,44951,,,,129.142801245767,35.5484671857767
MA0101202406A0382268,하우스컴,,G2,소매,G221,기타 상품 소매,G22199,그 외 기타 상품 전문 소매업,G47859,그 외 기타 분류 안된 상품 전문 소매업,11,서울특별시,11380,은평구,11380530,불광2동,1138010300,불광동,1138010300103910221,1,대지,391,221,서울특별시 은평구 불광동 391-221,113804133330,서울특별시 은평구 통일로88길,13,17,1138010300103910221035571,,서울특별시 은평구 통일로88길 13-17,122864,03340,,,,126.922155735658,37.6241665853446
MA0101202406A0386659,부성농약사,,G2,소매,G221,기타 상품 소매,G22199,그 외 기타 상품 전문 소매업,G47859,그 외 기타 분류 안된 상품 전문 소매업,47,경상북도,47230,영천시,47230310,청통면,4723031030,청통면,4723031030100140000,1,대지,14,,경상북도 영천시 청통면 치일리 14,472303310032,경상북도 영천시 청통면 금송로,988,,4723031030100140000055313,,경상북도 영천시 청통면 금송로 988,770892,38869,,,,128.822152649284,35.9925966705411
MA0101202406A0388246,디시샵,,G2,소매,G221,기타 상품 소매,G22199,그 외 기타 상품 전문 소매업,G47859,그 외 기타 분류 안된 상품 전문 소매업,11,서울특별시,11320,도봉구,11320514,창4동,1132010700,창동,1132010700100030004,1,대지,3,4,서울특별시 도봉구 창동 3-4,113204127201,서울특별시 도봉구 마들로11길,71,,1132010700100030004014393,제,서울특별시 도봉구 마들로11길 71,132898,01414,,,,127.049340285975,37.6533288054308
MA0101202406A0394289,예하리식품,,G2,소매,G221,기타 상품 소매,G22199,그 외 기타 상품 전문 소매업,G47859,그 외 기타 분류 안된 상품 전문 소매업,48,경상남도,48170,진주시,48170730,판문동,4817012900,판문동,4817012900102240009,1,대지,224,9,경상남도 진주시 판문동 224-9,481704797551,경상남도 진주시 판문오동길,29,,4817012900102240009202798,,경상남도 진주시 판문오동길 29,660989,52648,,,,128.042022357002,35.1699432396787
MA0101202406A0412199,미담,,G2,소매,G221,기타 상품 소매,G22199,그 외 기타 상품 전문 소매업,G47859,그 외 기타 분류 안된 상품 전문 소매업,30,대전광역시,30140,중구,30140740,산성동,3014011700,산성동,3014011700103090007,1,대지,309,7,대전광역시 중구 산성동 309-7,301403010022,대전광역시 중구 보문산로,116,,3014011700103090007005237,,대전광역시 중구 보문산로 116,301819,35054,,1,,127.393184944999,36.3051734538248
MA0101202406A0449526,자운당,,G2,소매,G221,기타 상품 소매,G22199,그 외 기타 상품 전문 소매업,G47859,그 외 기타 분류 안된 상품 전문 소매업,48,경상남도,48127,창원시 마산회원구,48127510,회원1동,4812710800,회원동,4812710800103270006,1,대지,327,6,경상남도 창원시 마산회원구 회원동 327-6,481273330034,경상남도 창원시 마산회원구 북성로,171,,4812710800103270006020253,,경상남도 창원시 마산회원구 북성로 171,630820,51287,,2,,128.570864991137,35.2226033427128
MA0101202406A0457356,오투오투엔,,G2,소매,G221,기타 상품 소매,G22199,그 외 기타 상품 전문 소매업,G47859,그 외 기타 분류 안된 상품 전문 소매업,52,전북특별자치도,52750,임실군,52750370,삼계면,5275037023,삼계면,5275037023109890014,1,대지,989,14,전북특별자치도 임실군 삼계면 세심리 989-14,527503277029,전북특별자치도 임실군 삼계면 임삼로,211,,4575037023109890014000001,,전북특별자치도 임실군 삼계면 임삼로 211,566913,55947,,,,127.244558329897,35.4914559493142
MA0101202406A0371695,원바이오,,G2,소매,G221,기타 상품 소매,G22199,그 외 기타 상품 전문 소매업,G47859,그 외 기타 분류 안된 상품 전문 소매업,52,전북특별자치도,52113,전주시 덕진구,52113650,조촌동,5211313600,도덕동,5211313600102340002,1,대지,234,2,전북특별자치도 전주시 덕진구 도덕동 234-2,521134601034,전북특별자치도 전주시 덕진구 고잔1길,8,23,4511313600102340002015000,,전북특별자치도 전주시 덕진구 고잔1길 8-23,561440,54800,,,,127.025707086589,35.8920676613184
MA0101202406A0379240,석화성인용품점,,G2,소매,G221,기타 상품 소매,G22199,그 외 기타 상품 전문 소매업,G47859,그 외 기타 분류 안된 상품 전문 소매업,51,강원특별자치도,51130,원주시,51130575,학성동,5113010900,학성동,5113010900102380004,1,대지,238,4,강원특별자치도 원주시 학성동 238-4,511304457435,강원특별자치도 원주시 옛시청길,2,,4213010900102380004017700,,강원특별자치도 원주시 옛시청길 2,220964,26417,,2,,127.946130402699,37.3527731321706
MA0101202406A0413688,노리디어스,,G2,소매,G221,기타 상품 소매,G22199,그 외 기타 상품 전문 소매업,G47859,그 외 기타 분류 안된 상품 전문 소매업,51,강원특별자치도,51130,원주시,51130675,반곡관설동,5113011700,반곡동,5113011700118820002,1,대지,1882,2,강원특별자치도 원주시 반곡동 1882-2,511303219082,강원특별자치도 원주시 혁신로,35,,4213011700118820002000001,,강원특별자치도 원주시 혁신로 35,220170,26465,,4,,127.978130413511,37.3242936546953
MA0101202406A0415073,일상건재,,G2,소매,G221,기타 상품 소매,G22199,그 외 기타 상품 전문 소매업,G47859,그 외 기타 분류 안된 상품 전문 소매업,26,부산광역시,26710,기장군,26710250,기장읍,2671025025,기장읍,2671025025103780000,1,대지,378,,부산광역시 기장군 기장읍 서부리 378,267104220118,부산광역시 기장군 기장읍 배산로8번길,6,,2671025025103780000014459,,부산광역시 기장군 기장읍 배산로8번길 6,619905,46058,,1,,129.207878224899,35.2520105457147
MA0101202406A0415096,한결안전,,G2,소매,G221,기타 상품 소매,G22199,그 외 기타 상품 전문 소매업,G47859,그 외 기타 분류 안된 상품 전문 소매업,28,인천광역시,28140,동구,28140570,송현3동,2814010300,송현동,2814010300101290000,1,대지,129,,인천광역시 동구 송현동 129,281404250066,인천광역시 동구 방축로37번길,30,,2814010300101290000001672,인천산업용품유통단지,인천광역시 동구 방축로37번길 30,401704,22530,,,,126.652754921392,37.4861987386311
MA0101202406A0415109,비에프티119,,G2,소매,G221,기타 상품 소매,G22199,그 외 기타 상품 전문 소매업,G47859,그 외 기타 분류 안된 상품 전문 소매업,28,인천광역시,28237,부평구,28237581,산곡3동,2823710300,산곡동,2823710300103100113,1,대지,310,113,인천광역시 부평구 산곡동 310-113,282372008007,인천광역시 부평구 경원대로,1240,,2823710300103100113013292,우성빌딩,인천광역시 부평구 경원대로 1240,403839,21405,,5,,126.708606181955,37.4873588157691
MA0101202406A0424299,튜브홀릭,,G2,소매,G221,기타 상품 소매,G22199,그 외 기타 상품 전문 소매업,G47859,그 외 기타 분류 안된 상품 전문 소매업,30,대전광역시,30200,유성구,30200550,신성동,3020012500,신성동,3020012500101400008,1,대지,140,8,대전광역시 유성구 신성동 140-8,302004301249,대전광역시 유성구 신성로71번길,19,,3020012500101400008006058,,대전광역시 유성구 신성로71번길 19,305804,34107,,1,,127.348361510418,36.3905907762526
MA0101202406A0458720,정남오백바이오,,G2,소매,G221,기타 상품 소매,G22199,그 외 기타 상품 전문 소매업,G47859,그 외 기타 분류 안된 상품 전문 소매업,41,경기도,41590,화성시,41590410,정남면,4159041025,정남면,4159041025101050001,1,대지,105,1,경기도 화성시 정남면 오일리 105-1,415904431042,경기도 화성시 정남면 원오일길41번길,16,4,4159041025101050001003127,,경기도 화성시 정남면 원오일길41번길 16-4,445969,18520,,,,126.968877405971,37.1725961286012
MA0101202406A0367269,영비원,,G2,소매,G221,기타 상품 소매,G22199,그 외 기타 상품 전문 소매업,G47859,그 외 기타 분류 안된 상품 전문 소매업,47,경상북도,47290,경산시,47290340,용성면,4729034034,용성면,4729034034105530000,1,대지,553,,경상북도 경산시 용성면 고은리 553,472903313087,경상북도 경산시 용성면 원효로,1191,,4729034034105530000000001,,경상북도 경산시 용성면 원효로 1191,712872,38561,,,,128.855306406435,35.7995051516058
MA0101202406A0415174,용마이앤씨,,G2,소매,G221,기타 상품 소매,G22199,그 외 기타 상품 전문 소매업,G47859,그 외 기타 분류 안된 상품 전문 소매업,52,전북특별자치도,52210,김제시,52210440,황산면,5221044021,황산면,5221044021106180034,1,대지,618,34,전북특별자치도 김제시 황산면 봉월리 618-34,522103272054,전북특별자치도 김제시 황산면 용마로,67,,4521044021106180034023022,,전북특별자치도 김제시 황산면 용마로 67,576932,54353,,1,,126.943128416465,35.7948473470367
MA0101202406A0423004,아시안글로벌,,G2,소매,G221,기타 상품 소매,G22199,그 외 기타 상품 전문 소매업,G47859,그 외 기타 분류 안된 상품 전문 소매업,44,충청남도,44710,금산군,44710250,금산읍,4471025022,금산읍,4471025022100080001,1,대지,8,1,충청남도 금산군 금산읍 중도리 8-1,447103257044,충청남도 금산군 금산읍 인삼약초로,45,,4471025022100080001020658,금산국제인삼시장,충청남도 금산군 금산읍 인삼약초로 45,312806,32739,,,,127.498345957274,36.1019138599352
MA0101202406A0430352,서진바이오,,G2,소매,G221,기타 상품 소매,G22199,그 외 기타 상품 전문 소매업,G47859,그 외 기타 분류 안된 상품 전문 소매업,44,충청남도,44230,논산시,44230250,강경읍,4423025032,강경읍,4423025032101020013,1,대지,102,13,충청남도 논산시 강경읍 산양리 102-13,442303255011,충청남도 논산시 강경읍 동안로,101,,4423025032101020013053137,,충청남도 논산시 강경읍 동안로 101,320904,32942,,,,127.024346699117,36.1508472769348
MA0101202406A0443243,강원안전차단,,G2,소매,G221,기타 상품 소매,G22199,그 외 기타 상품 전문 소매업,G47859,그 외 기타 분류 안된 상품 전문 소매업,47,경상북도,47840,성주군,47840250,성주읍,4784025023,성주읍,4784025023117620000,1,대지,1762,,경상북도 성주군 성주읍 대황리 1762,478404763067,경상북도 성주군 성주읍 대황길,127,,4784025023117570001033295,,경상북도 성주군 성주읍 대황길 127,719804,40034,,,,128.26605023245,35.9046104933519
MA0101202406A0451010,신성농약사,,G2,소매,G221,기타 상품 소매,G22199,그 외 기타 상품 전문 소매업,G47859,그 외 기타 분류 안된 상품 전문 소매업,51,강원특별자치도,51190,태백시,51190525,황연동,5119010100,황지동,5119010100103370039,1,대지,337,39,강원특별자치도 태백시 황지동 337-39,511904466231,강원특별자치도 태백시 혈암길,16,,5119010100103370039000001,,강원특별자치도 태백시 혈암길 16,235801,26024,,,,128.978809869577,37.1988153265011
MA0101202406A0406689,스타티스라페,스타점,G2,소매,G221,기타 상품 소매,G22199,그 외 기타 상품 전문 소매업,G47859,그 외 기타 분류 안된 상품 전문 소매업,41,경기도,41285,고양시 일산동구,41285590,장항2동,4128510400,장항동,4128510400107650000,1,대지,765,,경기도 고양시 일산동구 장항동 765,412853192094,경기도 고양시 일산동구 중앙로,1305,56,4128510400107650001009333,라페스타D,경기도 고양시 일산동구 중앙로 1305-56,410837,10401,,1,,126.768312614322,37.6610222130958
MA0101202406A0382655,손뜨개공방이음,,G2,소매,G221,기타 상품 소매,G22199,그 외 기타 상품 전문 소매업,G47859,그 외 기타 분류 안된 상품 전문 소매업,50,제주특별자치도,50130,서귀포시,50130570,동홍동,5013010500,동홍동,5013010500100810010,1,대지,81,10,제주특별자치도 서귀포시 동홍동 81-10,501304850212,제주특별자치도 서귀포시 동홍중앙로90번길,20,8,5013010500100810010000001,,제주특별자치도 서귀포시 동홍중앙로90번길 20-8,697834,63587,,2,,126.574020774917,33.2580190453088
MA0101202406A0405270,러블리본,,G2,소매,G221,기타 상품 소매,G22199,그 외 기타 상품 전문 소매업,G47859,그 외 기타 분류 안된 상품 전문 소매업,41,경기도,41570,김포시,41570570,구래동,4157010900,구래동,4157010900168790003,1,대지,6879,3,경기도 김포시 구래동 6879-3,415703209024,경기도 김포시 김포한강4로,535,,4157010900168790003000001,앨리츠골드오피스텔,경기도 김포시 김포한강4로 535,415080,10071,,,,126.624412499312,37.6455063624339
MA0101202406A0408122,서준세이프티,,G2,소매,G221,기타 상품 소매,G22199,그 외 기타 상품 전문 소매업,G47859,그 외 기타 분류 안된 상품 전문 소매업,51,강원특별자치도,51170,동해시,51170600,북평동,5117011800,이도동,5117011800106470000,1,대지,647,,강원특별자치도 동해시 이도동 647,511704463181,강원특별자치도 동해시 이원길,83,,5117011800106470000000001,,강원특별자치도 동해시 이원길 83,240200,25818,,,,129.101832819057,37.4803973964556
MA0101202406A0460953,새재인삼,,G2,소매,G221,기타 상품 소매,G22199,그 외 기타 상품 전문 소매업,G47859,그 외 기타 분류 안된 상품 전문 소매업,11,서울특별시,11230,동대문구,11230545,제기동,1123010300,제기동,1123010300110150000,1,대지,1015,,서울특별시 동대문구 제기동 1015,112303105008,서울특별시 동대문구 왕산로,147,,1123010300110150000034749,,서울특별시 동대문구 왕산로 147,130865,02571,,,,127.03965699709,37.5787846849648
MA0101202406A0411275,에코그린,,G2,소매,G221,기타 상품 소매,G22199,그 외 기타 상품 전문 소매업,G47859,그 외 기타 분류 안된 상품 전문 소매업,11,서울특별시,11170,용산구,11170580,효창동,1117011900,효창동,1117011900100030108,1,대지,3,108,서울특별시 용산구 효창동 3-108,111704106328,서울특별시 용산구 임정로13길,9,,1117011900100030108000103,우측,서울특별시 용산구 임정로13길 9,140897,04319,,1,,126.957804674901,37.5429962140654
MA0101202406A0385877,케이엔케이,,G2,소매,G221,기타 상품 소매,G22199,그 외 기타 상품 전문 소매업,G47859,그 외 기타 분류 안된 상품 전문 소매업,46,전라남도,46170,나주시,46170380,노안면,4617038023,노안면,4617038023104980003,1,대지,498,3,전라남도 나주시 노안면 학산리 498-3,461703284018,전라남도 나주시 노안면 노안로,531,12,4617038023104980003000001,,전라남도 나주시 노안면 노안로 531-12,520814,58208,,1,,126.748582545045,35.0660729401831
MA0101202406A0393333,세향쇼핑,,G2,소매,G221,기타 상품 소매,G22199,그 외 기타 상품 전문 소매업,G47859,그 외 기타 분류 안된 상품 전문 소매업,52,전북특별자치도,52111,전주시 완산구,52111712,효자2동,5211114000,효자동1가,5211114000106240005,1,대지,624,5,전북특별자치도 전주시 완산구 효자동1가 624-5,521114598139,전북특별자치도 전주시 완산구 밤나무1길,8,,4511114000106240005014639,,전북특별자치도 전주시 완산구 밤나무1길 8,560855,55055,,1,,127.116652165363,35.8097201123241
MA0101202406A0399505,화도농약종묘사,,G2,소매,G221,기타 상품 소매,G22199,그 외 기타 상품 전문 소매업,G47859,그 외 기타 분류 안된 상품 전문 소매업,41,경기도,41360,남양주시,41360256,화도읍,4136025621,화도읍,4136025621102750002,1,대지,275,2,경기도 남양주시 화도읍 마석우리 275-2,413603197022,경기도 남양주시 화도읍 마석중앙로,84,,4136025621102750002019916,,경기도 남양주시 화도읍 마석중앙로 84,472845,12180,,1,,127.308976533782,37.651844306437
MA0101202406A0414073,성심산업,,G2,소매,G221,기타 상품 소매,G22199,그 외 기타 상품 전문 소매업,G47859,그 외 기타 분류 안된 상품 전문 소매업,44,충청남도,44710,금산군,44710390,추부면,4471039023,추부면,4471039023105690002,1,대지,569,2,충청남도 금산군 추부면 마전리 569-2,447104571166,충청남도 금산군 추부면 마전1길,38,7,4471039023105690002044652,일부,충청남도 금산군 추부면 마전1길 38-7,312941,32714,,1,,127.467454788647,36.1904823745152
MA0101202406A0417193,그외기타상품전문소매업,,G2,소매,G221,기타 상품 소매,G22199,그 외 기타 상품 전문 소매업,G47859,그 외 기타 분류 안된 상품 전문 소매업,26,부산광역시,26260,동래구,26260550,온천1동,2626010800,온천동,2626010800102100077,1,대지,210,77,부산광역시 동래구 온천동 210-77,262603130001,부산광역시 동래구 금강공원로,41,2,2626010800102100077004646,,부산광역시 동래구 금강공원로 41-2,607833,47712,,,,129.079919325085,35.2184849153032
MA0101202406A0456265,모심위그,수원점,G2,소매,G221,기타 상품 소매,G22199,그 외 기타 상품 전문 소매업,G47859,그 외 기타 분류 안된 상품 전문 소매업,41,경기도,41117,수원시 영통구,41117550,원천동,4111710200,원천동,4111710200106270000,1,대지,627,,경기도 수원시 영통구 원천동 627,411174331117,경기도 수원시 영통구 신원로250번길,13,,4111710200103810001057880,현대테라타워,경기도 수원시 영통구 신원로250번길 13,443380,16675,,,,127.061266952689,37.2579047515383
MA0101202406A0373648,에스비엔터프라이즈,,G2,소매,G221,기타 상품 소매,G22199,그 외 기타 상품 전문 소매업,G47859,그 외 기타 분류 안된 상품 전문 소매업,41,경기도,41590,화성시,41590262,남양읍,4159026221,남양읍,4159026221120580009,1,대지,2058,9,경기도 화성시 남양읍 남양리 2058-9,415903210079,경기도 화성시 남양읍 역골동로,32,13,4159026221120580009000001,,경기도 화성시 남양읍 역골동로 32-13,445851,18271,,,,126.831743593745,37.2023957148267
MA0101202406A0404107,꿀벌PC,,G2,소매,G221,기타 상품 소매,G22199,그 외 기타 상품 전문 소매업,G47859,그 외 기타 분류 안된 상품 전문 소매업,27,대구광역시,27290,달서구,27290515,성당동,2729010100,성당동,2729010100106360001,1,대지,636,1,대구광역시 달서구 성당동 636-1,272903147036,대구광역시 달서구 장기로,81,,2729010100106360001029054,,대구광역시 달서구 장기로 81,704917,42678,,,,128.551702741689,35.8432606866936
MA0101202406A0457963,만세조합미네랄,코리아,G2,소매,G221,기타 상품 소매,G22199,그 외 기타 상품 전문 소매업,G47859,그 외 기타 분류 안된 상품 전문 소매업,30,대전광역시,30170,서구,30170586,월평1동,3017011300,월평동,3017011300114230000,1,대지,1423,,대전광역시 서구 월평동 1423,301704298531,대전광역시 서구 월평새뜸로8번길,15,,3017011300114230000021244,,대전광역시 서구 월평새뜸로8번길 15,302852,35226,,,,127.354631182232,36.3525338327028
MA0101202406A0452489,대한소방A/S,,G2,소매,G221,기타 상품 소매,G22199,그 외 기타 상품 전문 소매업,G47859,그 외 기타 분류 안된 상품 전문 소매업,41,경기도,41570,김포시,41570550,풍무동,4157010700,풍무동,4157010700110090000,1,대지,1009,,경기도 김포시 풍무동 1009,415702209001,경기도 김포시 김포대로,693,,4157010700102580006051357,,경기도 김포시 김포대로 693,415070,10113,,,,126.733446412045,37.6116558108194
MA0101202406A0384622,신교선,,G2,소매,G221,기타 상품 소매,G22199,그 외 기타 상품 전문 소매업,G47859,그 외 기타 분류 안된 상품 전문 소매업,11,서울특별시,11680,강남구,11680521,논현1동,1168010800,논현동,1168010800101600012,1,대지,160,12,서울특별시 강남구 논현동 160-12,116804166011,서울특별시 강남구 강남대로122길,33,,1168010800101600012008730,,서울특별시 강남구 강남대로122길 33,135825,06114,,,,127.025629057103,37.5086277394032
MA0101202406A0396614,대호,,G2,소매,G221,기타 상품 소매,G22199,그 외 기타 상품 전문 소매업,G47859,그 외 기타 분류 안된 상품 전문 소매업,46,전라남도,46820,해남군,46820360,북일면,4682036023,북일면,4682036023101800003,1,대지,180,3,전라남도 해남군 북일면 신월리 180-3,468204682165,전라남도 해남군 북일면 만월길,13,,4682036023101800003000001,,전라남도 해남군 북일면 만월길 13,536943,59051,,,,126.67368181634,34.4639758963613
MA0101202406A0411559,천지바이오,,G2,소매,G221,기타 상품 소매,G22199,그 외 기타 상품 전문 소매업,G47859,그 외 기타 분류 안된 상품 전문 소매업,46,전라남도,46860,함평군,46860330,학교면,4686033028,학교면,4686033028114340001,1,대지,1434,1,전라남도 함평군 학교면 월산리 1434-1,468604691171,전라남도 함평군 학교면 송산길,4,,4686033028114340001000001,,전라남도 함평군 학교면 송산길 4,525811,57158,,1,,126.534366471737,35.0444379505688
MA0101202406A0415827,화성산업,,G2,소매,G221,기타 상품 소매,G22199,그 외 기타 상품 전문 소매업,G47859,그 외 기타 분류 안된 상품 전문 소매업,11,서울특별시,11140,중구,11140645,청구동,1114016200,신당동,1114016200102940064,1,대지,294,64,서울특별시 중구 신당동 294-64,111403101008,서울특별시 중구 청구로,69,,1114016200102940073006936,신당동오피스텔,서울특별시 중구 청구로 69,100454,04589,,,,127.014453086787,37.559842525701
MA0101202406A0429558,다모인유통,,G2,소매,G221,기타 상품 소매,G22199,그 외 기타 상품 전문 소매업,G47859,그 외 기타 분류 안된 상품 전문 소매업,47,경상북도,47840,성주군,47840310,선남면,4784031045,선남면,4784031045105580003,1,대지,558,3,경상북도 성주군 선남면 관화리 558-3,478403311038,경상북도 성주군 선남면 성주로,4022,,4784031045105580003021214,,경상북도 성주군 선남면 성주로 4022,719831,40045,,,,128.358060241125,35.8907543711566
MA0101202406A0435539,2988전자담배평택,세교점,G2,소매,G221,기타 상품 소매,G22199,그 외 기타 상품 전문 소매업,G47859,그 외 기타 분류 안된 상품 전문 소매업,41,경기도,41220,평택시,41220640,세교동,4122012000,세교동,4122012000106020006,1,대지,602,6,경기도 평택시 세교동 602-6,412203351557,경기도 평택시 세교4로,27,,4122012000106020006000001,,경기도 평택시 세교4로 27,450100,17842,,,,127.08636740777,37.0070334577267
MA0101202406A0384671,케이-meta,,G2,소매,G221,기타 상품 소매,G22199,그 외 기타 상품 전문 소매업,G47859,그 외 기타 분류 안된 상품 전문 소매업,48,경상남도,48121,창원시 의창구,48121540,봉림동,4812112700,봉곡동,4812112700100020006,1,대지,2,6,경상남도 창원시 의창구 봉곡동 2-6,481214781334,경상남도 창원시 의창구 서곡길,88,19,4812112700100020006004903,,경상남도 창원시 의창구 서곡길 88-19,641821,51178,,2,,128.653952628416,35.2487493613798
MA0101202406A0399939,먼칭잇,,G2,소매,G221,기타 상품 소매,G22199,그 외 기타 상품 전문 소매업,G47859,그 외 기타 분류 안된 상품 전문 소매업,41,경기도,41570,김포시,41570350,월곶면,4157035024,월곶면,4157035024100230006,1,대지,23,6,경기도 김포시 월곶면 고양리 23-6,415704427029,경기도 김포시 월곶면 고양로115번길,123,,4157035024100230006000001,,경기도 김포시 월곶면 고양로115번길 123,415874,10025,,1,,126.551745694263,37.6910130729339
MA0101202406A0414434,디스토피아,,G2,소매,G221,기타 상품 소매,G22199,그 외 기타 상품 전문 소매업,G47859,그 외 기타 분류 안된 상품 전문 소매업,11,서울특별시,11380,은평구,11380600,응암3동,1138010700,응암동,1138010700105920042,1,대지,592,42,서울특별시 은평구 응암동 592-42,113804133248,서울특별시 은평구 응암로9길,20,12,1138010700105920042000382,,서울특별시 은평구 응암로9길 20-12,122924,03485,,,,126.914618582432,37.588211886363
MA0101202406A0453924,포시즌케미칼,,G2,소매,G221,기타 상품 소매,G22199,그 외 기타 상품 전문 소매업,G47859,그 외 기타 분류 안된 상품 전문 소매업,47,경상북도,47730,의성군,47730380,봉양면,4773038040,봉양면,4773038040105190013,1,대지,519,13,경상북도 의성군 봉양면 화전리 519-13,477304745120,경상북도 의성군 봉양면 도리원3길,27,7,4773038040105190013000001,,경상북도 의성군 봉양면 도리원3길 27-7,769913,37362,,,,128.576563883808,36.2999297301143
MA0101202406A0460838,바디밸런스,,G2,소매,G221,기타 상품 소매,G22199,그 외 기타 상품 전문 소매업,G47859,그 외 기타 분류 안된 상품 전문 소매업,50,제주특별자치도,50110,제주시,50110520,일도2동,5011010200,일도이동,5011010200109920018,1,대지,992,18,제주특별자치도 제주시 일도이동 992-18,501103349056,제주특별자치도 제주시 동문로,80,,5011010200109920018025206,,제주특별자치도 제주시 동문로 80,690834,63265,,,,126.535101618185,33.5135399522416
MA0101202406A0423736,강운소방안전,,G2,소매,G221,기타 상품 소매,G22199,그 외 기타 상품 전문 소매업,G47859,그 외 기타 분류 안된 상품 전문 소매업,48,경상남도,48250,김해시,48250330,진례면,4825033024,진례면,4825033024109060006,1,대지,906,6,경상남도 김해시 진례면 초전리 906-6,482503335036,경상남도 김해시 진례면 서부로,748,,4825033024109060006093386,,경상남도 김해시 진례면 서부로 748,621884,50874,,,,128.756387739089,35.237095011429
MA0101202406A0434235,다팜,,G2,소매,G221,기타 상품 소매,G22199,그 외 기타 상품 전문 소매업,G47859,그 외 기타 분류 안된 상품 전문 소매업,46,전라남도,46880,장성군,46880360,황룡면,4688036021,황룡면,4688036021101590024,1,대지,159,24,전라남도 장성군 황룡면 월평리 159-24,468803299017,전라남도 장성군 황룡면 뱃나드리로,161,1,4688036021101590024025791,,전라남도 장성군 황룡면 뱃나드리로 161-1,515813,57227,,,,126.771350146417,35.2905282182094
MA0101202406A0461991,상상컴퍼니,,G2,소매,G221,기타 상품 소매,G22199,그 외 기타 상품 전문 소매업,G47859,그 외 기타 분류 안된 상품 전문 소매업,41,경기도,41590,화성시,41590585,동탄1동,4159012700,반송동,4159012700101070002,1,대지,107,2,경기도 화성시 반송동 107-2,415904431485,경기도 화성시 동탄중심상가1길,8,,4159012700100780001000001,일부,경기도 화성시 동탄중심상가1길 8,445160,18455,,6,,127.072011175118,37.200096518977
MA0101202406A0462247,디에스티,,G2,소매,G221,기타 상품 소매,G22199,그 외 기타 상품 전문 소매업,G47859,그 외 기타 분류 안된 상품 전문 소매업,44,충청남도,44270,당진시,44270380,신평면,4427038029,신평면,4427038029102640009,1,대지,264,9,충청남도 당진시 신평면 신당리 264-9,442703265086,충청남도 당진시 신평면 원신당로,188,,4427038029102640009000001,,충청남도 당진시 신평면 원신당로 188,343816,31745,,3,,126.802902037682,36.8780814541267
MA0101202406A0462261,만득이네마트,,G2,소매,G221,기타 상품 소매,G22199,그 외 기타 상품 전문 소매업,G47859,그 외 기타 분류 안된 상품 전문 소매업,44,충청남도,44810,예산군,44810250,예산읍,4481025030,예산읍,4481025030103030012,1,대지,303,12,충청남도 예산군 예산읍 신례원리 303-12,448103263019,충청남도 예산군 예산읍 신례원로,194,1,4481025030103030012010521,,충청남도 예산군 예산읍 신례원로 194-1,340805,32421,,1,,126.844475526466,36.7260715483249
MA0101202406A0383345,유니드,,G2,소매,G221,기타 상품 소매,G22199,그 외 기타 상품 전문 소매업,G47859,그 외 기타 분류 안된 상품 전문 소매업,27,대구광역시,27170,서구,27170675,상중이동,2717010500,중리동,2717010500111550000,1,대지,1155,,대구광역시 서구 중리동 1155,271704229344,대구광역시 서구 평리로29길,33,,2717010500111550000030299,,대구광역시 서구 평리로29길 33,703833,41845,,,,128.539545335546,35.8613229989817
MA0101202406A0414680,윤현산업,,G2,소매,G221,기타 상품 소매,G22199,그 외 기타 상품 전문 소매업,G47859,그 외 기타 분류 안된 상품 전문 소매업,47,경상북도,47113,포항시 북구,47113700,장량동,4711312100,장성동,4711312100116080000,1,대지,1608,,경상북도 포항시 북구 장성동 1608,471133304017,경상북도 포항시 북구 성실로,50,,4711312100108660001109354,현진에버빌2단지,경상북도 포항시 북구 성실로 50,791707,37615,,,,129.375386583109,36.0671028192612
MA0101202406A0414701,에센셜전자담배,여의도점,G2,소매,G221,기타 상품 소매,G22199,그 외 기타 상품 전문 소매업,G47859,그 외 기타 분류 안된 상품 전문 소매업,11,서울특별시,11560,영등포구,11560540,여의동,1156011000,여의도동,1156011000100210004,1,대지,21,4,서울특별시 영등포구 여의도동 21-4,115603118019,서울특별시 영등포구 여의나루로,113,,1156011000100210004031674,공작상가,서울특별시 영등포구 여의나루로 113,150875,07336,,1,,126.930776406364,37.5260536602362
MA0101202406A0434332,아쿠아그린,,G2,소매,G221,기타 상품 소매,G22199,그 외 기타 상품 전문 소매업,G47859,그 외 기타 분류 안된 상품 전문 소매업,41,경기도,41220,평택시,41220630,비전2동,4122011800,비전동,4122011800111040000,1,대지,1104,,경기도 평택시 비전동 1104,412203198035,경기도 평택시 비전5로,10,,4122011800111040000000001,평택가로수길센트럴돔,경기도 평택시 비전5로 10,450152,17854,,,,127.112545810942,36.9991811238926
MA0101202406A0462405,세이프08,,G2,소매,G221,기타 상품 소매,G22199,그 외 기타 상품 전문 소매업,G47859,그 외 기타 분류 안된 상품 전문 소매업,44,충청남도,44131,천안시 동남구,44131340,성남면,4413134025,성남면,4413134025102490011,1,대지,249,11,충청남도 천안시 동남구 성남면 석곡리 249-11,441314547361,충청남도 천안시 동남구 성남면 석곡3길,67,,4413134025102490011000001,,충청남도 천안시 동남구 성남면 석곡3길 67,330891,31247,,,,127.224326954033,36.7342791142817
MA0101202406A0456339,코지스포츠,,G2,소매,G221,기타 상품 소매,G22199,그 외 기타 상품 전문 소매업,G47859,그 외 기타 분류 안된 상품 전문 소매업,41,경기도,41111,수원시 장안구,41111600,연무동,4111113700,연무동,4111113700102480012,1,대지,248,12,경기도 수원시 장안구 연무동 248-12,411114322201,경기도 수원시 장안구 연무로7번길,31,,4111113700102480012041950,,경기도 수원시 장안구 연무로7번길 31,440814,16220,,,,127.027754921005,37.2930038627304
MA0101202406A0404608,고너비웰,,G2,소매,G221,기타 상품 소매,G22199,그 외 기타 상품 전문 소매업,G47859,그 외 기타 분류 안된 상품 전문 소매업,41,경기도,41450,하남시,41450580,감북동,4145011300,감북동,4145011300103660109,1,대지,366,109,경기도 하남시 감북동 366-109,414504406141,경기도 하남시 서하남로95번길,19,9,4145011300103660109007389,,경기도 하남시 서하남로95번길 19-9,465818,12991,,2,,127.155451290146,37.5155650688206
MA0101202406A0533820,워크시티,,G2,소매,G221,기타 상품 소매,G22199,그 외 기타 상품 전문 소매업,G47859,그 외 기타 분류 안된 상품 전문 소매업,52,전북특별자치도,52113,전주시 덕진구,52113611,우아1동,5211311500,우아동3가,5211311500107430042,1,대지,743,42,전북특별자치도 전주시 덕진구 우아동3가 743-42,521132266002,전북특별자치도 전주시 덕진구 동부대로,737,,4511311500107430042015639,,전북특별자치도 전주시 덕진구 동부대로 737,561826,54908,,2,,127.157766782802,35.8540781680521
MA0101202406A0533837,이엠환경,,G2,소매,G221,기타 상품 소매,G22199,그 외 기타 상품 전문 소매업,G47859,그 외 기타 분류 안된 상품 전문 소매업,44,충청남도,44131,천안시 동남구,44131540,원성2동,4413110700,원성동,4413110700105180013,1,대지,518,13,충청남도 천안시 동남구 원성동 518-13,441313249014,충청남도 천안시 동남구 버들로,146,,4413110700105180013018185,,충청남도 천안시 동남구 버들로 146,330954,31187,,1,,127.162477126338,36.8061355095444
MA0101202406A0535325,메타피플,,G2,소매,G221,기타 상품 소매,G22199,그 외 기타 상품 전문 소매업,G47859,그 외 기타 분류 안된 상품 전문 소매업,29,광주광역시,29200,광산구,29200635,운남동,2920012000,운남동,2920012000104010004,1,대지,401,4,광주광역시 광산구 운남동 401-4,292002009005,광주광역시 광산구 임방울대로,154,29,2920012000104010004000001,,광주광역시 광산구 임방울대로 154-29,506816,62319,,1,,126.820777222533,35.1750948830613
MA0101202406A0535849,연호산업,,G2,소매,G221,기타 상품 소매,G22199,그 외 기타 상품 전문 소매업,G47859,그 외 기타 분류 안된 상품 전문 소매업,43,충청북도,43113,청주시 흥덕구,43113760,강서1동,4311312400,지동동,4311312400104760000,1,대지,476,,충청북도 청주시 흥덕구 지동동 476,431134511830,충청북도 청주시 흥덕구 직지대로240번길,38,,4311312400104760000026610,화물터미널,충청북도 청주시 흥덕구 직지대로240번길 38,361400,28360,,1,,127.420008313957,36.6446374040967
MA0101202406A0535859,비비나라,,G2,소매,G221,기타 상품 소매,G22199,그 외 기타 상품 전문 소매업,G47859,그 외 기타 분류 안된 상품 전문 소매업,41,경기도,41570,김포시,41570253,고촌읍,4157025324,고촌읍,4157025324105330072,1,대지,533,72,경기도 김포시 고촌읍 신곡리 533-72,415703209105,경기도 김포시 고촌읍 장차로,9,,4157025324105330072000001,,경기도 김포시 고촌읍 장차로 9,415811,10126,,2,,126.770179773491,37.6030835808942
MA0101202406A0539492,에이치와이상사,,G2,소매,G221,기타 상품 소매,G22199,그 외 기타 상품 전문 소매업,G47859,그 외 기타 분류 안된 상품 전문 소매업,41,경기도,41610,광주시,41610510,경안동,4161011200,역동,4161011200100080020,1,대지,8,20,경기도 광주시 역동 8-20,416103211038,경기도 광주시 중앙로,95,3,4161011200100220040002760,,경기도 광주시 중앙로 95-3,464807,12759,,,,127.258635652809,37.4080739587639
MA0101202406A0542757,지키미,,G2,소매,G221,기타 상품 소매,G22199,그 외 기타 상품 전문 소매업,G47859,그 외 기타 분류 안된 상품 전문 소매업,47,경상북도,47113,포항시 북구,47113250,흥해읍,4711325027,흥해읍,4711325027103310003,1,대지,331,3,경상북도 포항시 북구 흥해읍 남성리 331-3,471133304003,경상북도 포항시 북구 흥해읍 남미질로,21,,4711325027103310003012330,,경상북도 포항시 북구 흥해읍 남미질로 21,791943,37545,,,,129.345438473807,36.1053271364263
MA0101202406A0465773,판다9,,G2,소매,G221,기타 상품 소매,G22199,그 외 기타 상품 전문 소매업,G47859,그 외 기타 분류 안된 상품 전문 소매업,41,경기도,41281,고양시 덕양구,41281621,화정1동,4128112300,화정동,4128112300109670003,1,대지,967,3,경기도 고양시 덕양구 화정동 967-3,412813192098,경기도 고양시 덕양구 화정로,53,1,4128112300109670003012934,글로리아빌딩,경기도 고양시 덕양구 화정로 53-1,412734,10497,,5,,126.832380633204,37.6354886924406
MA0101202406A0474471,써니건설,,G2,소매,G221,기타 상품 소매,G22199,그 외 기타 상품 전문 소매업,G47859,그 외 기타 분류 안된 상품 전문 소매업,47,경상북도,47130,경주시,47130590,선도동,4713011500,서악동,4713011500111310001,1,대지,1131,1,경상북도 경주시 서악동 1131-1,471303000047,경상북도 경주시 대경로,4873,1,4713011500111310001025397,,경상북도 경주시 대경로 4873-1,780200,38064,,1,,129.189543234398,35.8261385156875
MA0101202406A0483485,양키캔들이마트,금정점,G2,소매,G221,기타 상품 소매,G22199,그 외 기타 상품 전문 소매업,G47813,"화장품, 비누 및 방향제 소매업",26,부산광역시,26410,금정구,26410680,구서1동,2641010700,구서동,2641010700103680000,1,대지,368,,부산광역시 금정구 구서동 368,264104205400,부산광역시 금정구 중앙대로1841번길,24,,2641010700103680000007216,,부산광역시 금정구 중앙대로1841번길 24,609847,46233,,2,,129.090598612225,35.2499401418204
MA0101202406A0491859,다만소방,,G2,소매,G221,기타 상품 소매,G22199,그 외 기타 상품 전문 소매업,G47859,그 외 기타 분류 안된 상품 전문 소매업,41,경기도,41113,수원시 권선구,41113540,세류3동,4111312600,세류동,4111312600110840007,1,대지,1084,7,경기도 수원시 권선구 세류동 1084-7,411134325292,경기도 수원시 권선구 세권로138번길,34,,4111312600110840007031207,,경기도 수원시 권선구 세권로138번길 34,441878,16579,,,,127.018452771306,37.2554953584847
MA0101202406A0493429,니얼바이미,,G2,소매,G221,기타 상품 소매,G22199,그 외 기타 상품 전문 소매업,G47859,그 외 기타 분류 안된 상품 전문 소매업,26,부산광역시,26440,강서구,26440580,가덕도동,2644011900,성북동,2644011900103920000,1,대지,392,,부산광역시 강서구 성북동 392,264404853569,부산광역시 강서구 동선2길,52,,2644011900103920000016310,창고일부,부산광역시 강서구 동선2길 52,618410,46769,,,,128.831114343104,35.0505371572098
MA0101202406A0511368,찬호소방,,G2,소매,G221,기타 상품 소매,G22199,그 외 기타 상품 전문 소매업,G47859,그 외 기타 분류 안된 상품 전문 소매업,30,대전광역시,30200,유성구,30200540,온천2동,3020012200,궁동,3020012200104820007,1,대지,482,7,대전광역시 유성구 궁동 482-7,302003167083,대전광역시 유성구 대학로,82,,3020012200104820007000003,,대전광역시 유성구 대학로 82,305335,34183,,4,,127.344640459471,36.3606736410728
MA0101202406A0476157,오케이열쇠,,G2,소매,G221,기타 상품 소매,G22199,그 외 기타 상품 전문 소매업,G47859,그 외 기타 분류 안된 상품 전문 소매업,48,경상남도,48125,창원시 마산합포구,48125650,산호동,4812511800,산호동,4812511800102320020,1,대지,232,20,경상남도 창원시 마산합포구 산호동 232-20,481253329059,경상남도 창원시 마산합포구 합포로,201,1,4812511800102320020034761,,경상남도 창원시 마산합포구 합포로 201-1,631855,51331,,,,128.586678722465,35.2151962005411
MA0101202406A0497834,각나와,,G2,소매,G221,기타 상품 소매,G22199,그 외 기타 상품 전문 소매업,G47859,그 외 기타 분류 안된 상품 전문 소매업,11,서울특별시,11740,강동구,11740570,암사1동,1174010700,암사동,1174010700104900022,1,대지,490,22,서울특별시 강동구 암사동 490-22,117403124003,서울특별시 강동구 상암로,83,7,1174010700104900022016841,,서울특별시 강동구 상암로 83-7,134859,05265,,,,127.132287310465,37.5484798053774
MA0101202406A0534188,도고산업,,G2,소매,G221,기타 상품 소매,G22199,그 외 기타 상품 전문 소매업,G47859,그 외 기타 분류 안된 상품 전문 소매업,44,충청남도,44230,논산시,44230380,벌곡면,4423038033,벌곡면,4423038033104660007,1,대지,466,7,충청남도 논산시 벌곡면 신양리 466-7,442303000096,충청남도 논산시 벌곡면 벌곡로,113,45,4423038033104660007000001,,충청남도 논산시 벌곡면 벌곡로 113-45,320883,33027,,,,127.277056209974,36.2164432522791
MA0101202406A0534194,케이비아이앤티엘,,G2,소매,G221,기타 상품 소매,G22199,그 외 기타 상품 전문 소매업,G47859,그 외 기타 분류 안된 상품 전문 소매업,41,경기도,41590,화성시,41590410,정남면,4159041034,정남면,4159041034102880001,1,대지,288,1,경기도 화성시 정남면 망월리 288-1,415903210094,경기도 화성시 정남면 정남동로,346,,4159041034102870001012216,,경기도 화성시 정남면 정남동로 346,445966,18514,,3,,127.008352487806,37.1506051007436
MA0101202406A0534424,엔에스모아샵,,G2,소매,G221,기타 상품 소매,G22199,그 외 기타 상품 전문 소매업,G47859,그 외 기타 분류 안된 상품 전문 소매업,11,서울특별시,11170,용산구,11170555,청파동,1117011000,청파동2가,1117011000100710061,1,대지,71,61,서울특별시 용산구 청파동2가 71-61,111704106368,서울특별시 용산구 청파로49길,37,3,1117011000100710061020162,디테일씨빌딩,서울특별시 용산구 청파로49길 37-3,140132,04309,,2,,126.968146111918,37.5450807650209
MA0101202406A0537918,더베스트소방,,G2,소매,G221,기타 상품 소매,G22199,그 외 기타 상품 전문 소매업,G47859,그 외 기타 분류 안된 상품 전문 소매업,26,부산광역시,26260,동래구,26260510,수민동,2626010600,수안동,2626010600100400002,1,대지,40,2,부산광역시 동래구 수안동 40-2,262604190406,부산광역시 동래구 온천천로319번길,12,,2626010600100400002002000,,부산광역시 동래구 온천천로319번길 12,607823,47887,,5,,129.088539267169,35.1953300864946
MA0101202406A0541746,허니상자,,G2,소매,G221,기타 상품 소매,G22199,그 외 기타 상품 전문 소매업,G47859,그 외 기타 분류 안된 상품 전문 소매업,31,울산광역시,31140,남구,31140570,삼산동,3114010600,삼산동,3114010600114810007,1,대지,1481,7,울산광역시 남구 삼산동 1481-7,311404310837,울산광역시 남구 화합로125번길,10,,3114010600114810008008225,,울산광역시 남구 화합로125번길 10,680815,44720,,,,129.33922292431,35.5359305894087
MA0101202406A0474599,엄마의찬장,,G2,소매,G221,기타 상품 소매,G22199,그 외 기타 상품 전문 소매업,G47859,그 외 기타 분류 안된 상품 전문 소매업,47,경상북도,47190,구미시,47190250,선산읍,4719025029,선산읍,4719025029113390000,1,대지,1339,,경상북도 구미시 선산읍 교리 1339,471904853488,경상북도 구미시 선산읍 동교4길,14,,4719025029113390000000001,,경상북도 구미시 선산읍 동교4길 14,730801,39115,,,,128.30479464695,36.2464795682847
MA0101202406A0486611,소닉베이프,,G2,소매,G221,기타 상품 소매,G22199,그 외 기타 상품 전문 소매업,G47859,그 외 기타 분류 안된 상품 전문 소매업,41,경기도,41590,화성시,41590620,동탄8동,4159013600,장지동,4159013600109340002,1,대지,934,2,경기도 화성시 장지동 934-2,415904857648,경기도 화성시 동탄장지천3길,7,9,4159042030108800066000001,,경기도 화성시 동탄장지천3길 7-9,,18499,,1,,127.099927094492,37.1600604263059
MA0101202406A0497945,농사연구소,,G2,소매,G221,기타 상품 소매,G22199,그 외 기타 상품 전문 소매업,G47859,그 외 기타 분류 안된 상품 전문 소매업,43,충청북도,43730,옥천군,43730250,옥천읍,4373025036,옥천읍,4373025036101710034,1,대지,171,34,충청북도 옥천군 옥천읍 금구리 171-34,437303242004,충청북도 옥천군 옥천읍 금장로,27,1,4373025036101710034008823,,충청북도 옥천군 옥천읍 금장로 27-1,373806,29038,,,,127.567507066948,36.3019677947185
MA0101202406A0512969,젬텍,,G2,소매,G221,기타 상품 소매,G22199,그 외 기타 상품 전문 소매업,G47859,그 외 기타 분류 안된 상품 전문 소매업,47,경상북도,47190,구미시,47190535,원평동,4719010100,원평동,4719010100110430014,1,대지,1043,14,경상북도 구미시 원평동 1043-14,471904724385,경상북도 구미시 산업로28길,20,,4719010100110430014014121,영산쉐르빌,경상북도 구미시 산업로28길 20,730925,39230,,,,128.34498205874,36.1245440861353
MA0101202406A0536642,진생,코리아,G2,소매,G221,기타 상품 소매,G22199,그 외 기타 상품 전문 소매업,G47859,그 외 기타 분류 안된 상품 전문 소매업,27,대구광역시,27290,달서구,27290535,두류1.2동,2729010200,두류동,2729010200108660020,1,대지,866,20,대구광역시 달서구 두류동 866-20,272902007002,대구광역시 달서구 달구벌대로,1906,,2729010200108660020025637,,대구광역시 달서구 달구벌대로 1906,704906,42663,,4,,128.573046308158,35.8619973603223
MA0101202406A0537956,환타지,,G2,소매,G221,기타 상품 소매,G22199,그 외 기타 상품 전문 소매업,G47859,그 외 기타 분류 안된 상품 전문 소매업,11,서울특별시,11545,금천구,11545510,가산동,1154510100,가산동,1154510100100500003,1,대지,50,3,서울특별시 금천구 가산동 50-3,115453116013,서울특별시 금천구 벚꽃로,298,,1154510100100500003017038,대륭포스트타워6차,서울특별시 금천구 벚꽃로 298,153715,08510,,18,,126.883874400754,37.4814441360817
MA0101202406A0538000,바람몰,,G2,소매,G221,기타 상품 소매,G22199,그 외 기타 상품 전문 소매업,G47859,그 외 기타 분류 안된 상품 전문 소매업,29,광주광역시,29155,남구,29155710,효덕동,2915510700,노대동,2915510700108620000,1,대지,862,,광주광역시 남구 노대동 862,291553161003,광주광역시 남구 노대실로,44,,2915510700102860005000001,,광주광역시 남구 노대실로 44,503320,61746,,,,126.906055160278,35.1058041822826
MA0101202406A0467510,아남매리봉,,G2,소매,G221,기타 상품 소매,G22199,그 외 기타 상품 전문 소매업,G47859,그 외 기타 분류 안된 상품 전문 소매업,36,세종특별자치시,36110,세종특별자치시,36110360,연서면,3611036021,연서면,3611036021108090008,1,대지,809,8,세종특별자치시 세종특별자치시 연서면 월하리 809-8,361103258009,세종특별자치시 세종특별자치시 연서면 도원로,88,4,3611036021108090008000001,,세종특별자치시 세종특별자치시 연서면 도원로 88-4,339815,30049,,,,127.284957932777,36.5843724194576
MA0101202406A0470506,와이케이솔루션,,G2,소매,G221,기타 상품 소매,G22199,그 외 기타 상품 전문 소매업,G47859,그 외 기타 분류 안된 상품 전문 소매업,29,광주광역시,29155,남구,29155710,효덕동,2915510700,노대동,2915510700104720000,1,대지,472,,광주광역시 남구 노대동 472,291554283134,광주광역시 남구 노대마을1길,8,,2915510700104720000031431,,광주광역시 남구 노대마을1길 8,503320,61747,,2,,126.905063135311,35.1005394222146
MA0101202406A0474730,견생냥품24시무인펫샵군포당동점,,G2,소매,G221,기타 상품 소매,G22199,그 외 기타 상품 전문 소매업,G47859,그 외 기타 분류 안된 상품 전문 소매업,41,경기도,41410,군포시,41410520,군포2동,4141010100,당동,4141010100109050001,1,대지,905,1,경기도 군포시 당동 905-1,414104400009,경기도 군포시 고산로250번길,19,,4141010100109050001002100,폴리프라자,경기도 군포시 고산로250번길 19,435818,15856,,1,,126.944517538415,37.3478310088941
MA0101202406A0483764,자연산산야초농원,,G2,소매,G221,기타 상품 소매,G22199,그 외 기타 상품 전문 소매업,G47859,그 외 기타 분류 안된 상품 전문 소매업,28,인천광역시,28710,강화군,28710340,화도면,2871034022,화도면,2871034022108150002,1,대지,815,2,인천광역시 강화군 화도면 상방리 815-2,287103157022,인천광역시 강화군 화도면 마니산로,712,,2871034022108150002000001,,인천광역시 강화군 화도면 마니산로 712,417861,23060,,1,,126.419350148175,37.6333500613143
MA0101202406A0496693,아이조은건강기능식품,,G2,소매,G221,기타 상품 소매,G22199,그 외 기타 상품 전문 소매업,G47859,그 외 기타 분류 안된 상품 전문 소매업,41,경기도,41390,시흥시,41390570,목감동,4139012400,조남동,4139012400106770000,1,대지,677,,경기도 시흥시 조남동 677,413903350924,경기도 시흥시 목감중앙로,47,,4139012400104040000029196,골든프라자,경기도 시흥시 목감중앙로 47,429320,14988,,,,126.85476613961,37.3735332424538
MA0101202406A0514489,로미아파티,,G2,소매,G221,기타 상품 소매,G22199,그 외 기타 상품 전문 소매업,G47859,그 외 기타 분류 안된 상품 전문 소매업,41,경기도,41570,김포시,41570540,사우동,4157010600,사우동,4157010600102460005,1,대지,246,5,경기도 김포시 사우동 246-5,415703209060,경기도 김포시 사우중로,27,,4157010600102460005021296,한성빌딩,경기도 김포시 사우중로 27,415801,10108,,1,,126.717543802679,37.6179527496297
MA0101202406A0528125,대한피앤에프,,G2,소매,G221,기타 상품 소매,G22199,그 외 기타 상품 전문 소매업,G47859,그 외 기타 분류 안된 상품 전문 소매업,46,전라남도,46130,여수시,46130810,주삼동,4613014000,해산동,4613014000102300000,1,대지,230,,전라남도 여수시 해산동 230,461304646242,전라남도 여수시 대평길,6,,4613014000102300000000001,,전라남도 여수시 대평길 6,555130,59633,,,,127.647468696576,34.7903983541273
MA0101202406A0548303,홍삼백작소,,G2,소매,G221,기타 상품 소매,G22199,그 외 기타 상품 전문 소매업,G47859,그 외 기타 분류 안된 상품 전문 소매업,44,충청남도,44710,금산군,44710250,금산읍,4471025022,금산읍,4471025022103500008,1,대지,350,8,충청남도 금산군 금산읍 중도리 350-8,447104571154,충청남도 금산군 금산읍 뒷담말3길,6,,4471025022103500008019633,,충청남도 금산군 금산읍 뒷담말3길 6,312806,32738,,1,,127.492700632064,36.1030637165918
MA0101202406A0470595,하람복지용구센터,,G2,소매,G221,기타 상품 소매,G22199,그 외 기타 상품 전문 소매업,G47859,그 외 기타 분류 안된 상품 전문 소매업,44,충청남도,44825,태안군,44825250,태안읍,4482525021,태안읍,4482525021104470000,1,대지,447,,충청남도 태안군 태안읍 동문리 447,448253264008,충청남도 태안군 태안읍 독샘로,103,,4482525021104470000006769,,충청남도 태안군 태안읍 독샘로 103,357905,32141,,,,126.298716604847,36.7556908631506
MA0101202406A0476424,백년인삼사,,G2,소매,G221,기타 상품 소매,G22199,그 외 기타 상품 전문 소매업,G47859,그 외 기타 분류 안된 상품 전문 소매업,47,경상북도,47210,영주시,47210250,풍기읍,4721025029,풍기읍,4721025029101450003,1,대지,145,3,경상북도 영주시 풍기읍 서부리 145-3,472103309053,경상북도 영주시 풍기읍 인삼로,8,,4721025029101450003011718,인삼시장,경상북도 영주시 풍기읍 인삼로 8,750805,36024,,,,128.523612585866,36.8730277243237
MA0101202406A0482233,우리농약사,,G2,소매,G221,기타 상품 소매,G22199,그 외 기타 상품 전문 소매업,G47859,그 외 기타 분류 안된 상품 전문 소매업,47,경상북도,47900,예천군,47900410,풍양면,4790041040,풍양면,4790041040101510001,1,대지,151,1,경상북도 예천군 풍양면 낙상리 151-1,479004769049,경상북도 예천군 풍양면 낙상2길,27,,4790041040101510001008124,,경상북도 예천군 풍양면 낙상2길 27,757862,36865,,,,128.300805250586,36.5090245864766
MA0101202406A0529320,스노브스크,,G2,소매,G221,기타 상품 소매,G22199,그 외 기타 상품 전문 소매업,G47859,그 외 기타 분류 안된 상품 전문 소매업,52,전북특별자치도,52113,전주시 덕진구,52113570,덕진동,5211310500,덕진동1가,5211310500114370018,1,대지,1437,18,전북특별자치도 전주시 덕진구 덕진동1가 1437-18,521133267018,전북특별자치도 전주시 덕진구 들사평서로,12,,4511310500114370018017664,,전북특별자치도 전주시 덕진구 들사평서로 12,561811,54894,,,,127.121230537798,35.8373211668507
MA0101202406A0531671,한경국제무역,,G2,소매,G221,기타 상품 소매,G22199,그 외 기타 상품 전문 소매업,G47859,그 외 기타 분류 안된 상품 전문 소매업,11,서울특별시,11500,강서구,11500520,등촌1동,1150010200,등촌동,1150010200106480006,1,대지,648,6,서울특별시 강서구 등촌동 648-6,115002005007,서울특별시 강서구 공항대로,525,,1150010200106480006027374,비원오피스텔,서울특별시 강서구 공항대로 525,157840,07563,,,,126.865285498402,37.5515404538222
MA0101202406A0548928,죽전미디어,,G2,소매,G221,기타 상품 소매,G22199,그 외 기타 상품 전문 소매업,G47859,그 외 기타 분류 안된 상품 전문 소매업,41,경기도,41465,용인시 수지구,41465555,죽전3동,4146510200,죽전동,4146510200113430002,1,대지,1343,2,경기도 용인시 수지구 죽전동 1343-2,414653204055,경기도 용인시 수지구 죽전로,172,,4146510200113430002028894,단국프라자,경기도 용인시 수지구 죽전로 172,448160,16889,,3,,127.124957293182,37.3259640773108
MA0101202406A0466196,신세계성인샾,,G2,소매,G221,기타 상품 소매,G22199,그 외 기타 상품 전문 소매업,G47859,그 외 기타 분류 안된 상품 전문 소매업,41,경기도,41360,남양주시,41360520,평내동,4136010200,평내동,4136010200200870025,2,산,87,25,경기도 남양주시 평내동 산87-25,413604391077,경기도 남양주시 경춘로1308번길,30,,4136010200200870025005487,,경기도 남양주시 경춘로1308번길 30,472140,12218,,1,,127.240316451392,37.6518419805262
MA0101202406A0488337,아시아마트,,G2,소매,G221,기타 상품 소매,G22199,그 외 기타 상품 전문 소매업,G47859,그 외 기타 분류 안된 상품 전문 소매업,52,전북특별자치도,52111,전주시 완산구,52111530,풍남동,5211111200,전동3가,5211111200100020014,1,대지,2,14,전북특별자치도 전주시 완산구 전동3가 2-14,521114598392,전북특별자치도 전주시 완산구 풍남문2길,61,,4511111200100020014000001,,전북특별자치도 전주시 완산구 풍남문2길 61,560043,55043,,,,127.146078385412,35.8129685486594
MA0101202406A0501297,건국테크,,G2,소매,G221,기타 상품 소매,G22199,그 외 기타 상품 전문 소매업,G47859,그 외 기타 분류 안된 상품 전문 소매업,41,경기도,41550,안성시,41550360,양성면,4155036032,양성면,4155036032104000045,1,대지,400,45,경기도 안성시 양성면 미산리 400-45,415503208022,경기도 안성시 양성면 미리내성지로,274,35,4155036032104000045000001,,경기도 안성시 양성면 미리내성지로 274-35,456932,17500,,,,127.262149803672,37.1287891962501
MA0101202406A0523825,월드유통,,G2,소매,G221,기타 상품 소매,G22199,그 외 기타 상품 전문 소매업,G47859,그 외 기타 분류 안된 상품 전문 소매업,44,충청남도,44200,아산시,44200600,온양4동,4420010300,방축동,4420010300101270006,1,대지,127,6,충청남도 아산시 방축동 127-6,442003253026,충청남도 아산시 방축로,49,,4420010300101270006040097,,충청남도 아산시 방축로 49,336070,31565,,1,,126.992303749444,36.7827722350642
MA0101202406A0538238,도메인,코리아,G2,소매,G221,기타 상품 소매,G22199,그 외 기타 상품 전문 소매업,G47859,그 외 기타 분류 안된 상품 전문 소매업,26,부산광역시,26170,동구,26170520,초량2동,2617010100,초량동,2617010100105540001,1,대지,554,1,부산광역시 동구 초량동 554-1,261704006002,부산광역시 동구 대영로243번길,73,,2617010100105540001007132,,부산광역시 동구 대영로243번길 73,601829,48816,,2,,129.038774847518,35.1152807692801
MA0101202406A0538985,페트라씨테크솔루션,,G2,소매,G221,기타 상품 소매,G22199,그 외 기타 상품 전문 소매업,G47859,그 외 기타 분류 안된 상품 전문 소매업,46,전라남도,46130,여수시,46130685,월호동,4613011800,신월동,4613011800103420015,1,대지,342,15,전라남도 여수시 신월동 342-15,461303282045,전라남도 여수시 신월로,429,,4613011800103420015000001,,전라남도 여수시 신월로 429,550190,59747,,3,,127.696895441054,34.7275685270959
MA0101202406A0506015,에이스컴퍼니,,G2,소매,G221,기타 상품 소매,G22199,그 외 기타 상품 전문 소매업,G47859,그 외 기타 분류 안된 상품 전문 소매업,47,경상북도,47190,구미시,47190565,선주원남동,4719010400,봉곡동,4719010400103750001,1,대지,375,1,경상북도 구미시 봉곡동 375-1,471904724319,경상북도 구미시 봉곡로11길,7,,4719010400103750001024582,,경상북도 구미시 봉곡로11길 7,730809,39209,,,,128.309492856772,36.1472315847475
MA0101202406A0513408,선명,,G2,소매,G221,기타 상품 소매,G22199,그 외 기타 상품 전문 소매업,G47859,그 외 기타 분류 안된 상품 전문 소매업,51,강원특별자치도,51130,원주시,51130520,원인동,5113010300,원동,5113010300102730001,1,대지,273,1,강원특별자치도 원주시 원동 273-1,511303219022,강원특별자치도 원주시 무실로,93,,4213010300102740146020707,한주아파트,강원특별자치도 원주시 무실로 93,220902,26433,,,,127.944552922281,37.3448749895052
MA0101202406A0517983,신영소방,,G2,소매,G221,기타 상품 소매,G22199,그 외 기타 상품 전문 소매업,G47859,그 외 기타 분류 안된 상품 전문 소매업,41,경기도,41210,광명시,41210655,일직동,4121010600,일직동,4121010600105030009,1,대지,503,9,경기도 광명시 일직동 503-9,412104361308,경기도 광명시 일직로99번길,16,,4121010600105030009000001,좌측,경기도 광명시 일직로99번길 16,423090,14354,,1,,126.891603706929,37.4216332196251
MA0101202406A0528368,구조라에이아이협동조합,,G2,소매,G221,기타 상품 소매,G22199,그 외 기타 상품 전문 소매업,G47859,그 외 기타 분류 안된 상품 전문 소매업,48,경상남도,48310,거제시,48310310,일운면,4831031022,일운면,4831031022100800000,1,대지,80,,경상남도 거제시 일운면 구조라리 80,483103337009,경상남도 거제시 일운면 구조라로,36,,4831031022100800000000001,,경상남도 거제시 일운면 구조라로 36,656891,53329,,1,,128.69477281782,34.8054213832828
MA0101202406A0536923,부산대학영화제,,G2,소매,G221,기타 상품 소매,G22199,그 외 기타 상품 전문 소매업,G47859,그 외 기타 분류 안된 상품 전문 소매업,26,부산광역시,26260,동래구,26260600,사직3동,2626010900,사직동,2626010900101490086,1,대지,149,86,부산광역시 동래구 사직동 149-86,262604190368,부산광역시 동래구 여고로91번길,54,3,2626010900101490086006727,,부산광역시 동래구 여고로91번길 54-3,607813,47830,,,,129.07266592799,35.1996851518327
MA0101202406A0511894,썬싸인기획,,G2,소매,G221,기타 상품 소매,G22199,그 외 기타 상품 전문 소매업,G47859,그 외 기타 분류 안된 상품 전문 소매업,48,경상남도,48310,거제시,48310370,연초면,4831037030,연초면,4831037030104320011,1,대지,432,11,경상남도 거제시 연초면 송정리 432-11,483104811346,경상남도 거제시 연초면 송정4길,8,5,4831037030104320011000001,,경상남도 거제시 연초면 송정4길 8-5,656812,53211,,,,128.679227620915,34.9147896193801
MA0101202406A0527047,수작공예방,,G2,소매,G221,기타 상품 소매,G22199,그 외 기타 상품 전문 소매업,G47859,그 외 기타 분류 안된 상품 전문 소매업,41,경기도,41610,광주시,41610610,능평동,4161011600,능평동,4161011600102040003,1,대지,204,3,경기도 광주시 능평동 204-3,416104433449,경기도 광주시 창뜰윗길6번길,20,,4161025023102040003258933,동래빌리지,경기도 광주시 창뜰윗길6번길 20,464921,12773,,,,127.172593549279,37.3507095308268
MA0101202406A0540066,와이드커머스,,G2,소매,G221,기타 상품 소매,G22199,그 외 기타 상품 전문 소매업,G47859,그 외 기타 분류 안된 상품 전문 소매업,28,인천광역시,28237,부평구,28237641,갈산1동,2823710600,갈산동,2823710600100940000,1,대지,94,,인천광역시 부평구 갈산동 94,282373008034,인천광역시 부평구 주부토로,236,,2823710600100940000111706,인천테크노밸리,인천광역시 부평구 주부토로 236,403800,21330,,5,,126.726808406095,37.515864998516
MA0101202406A0550546,엔에스모아샵,,G2,소매,G221,기타 상품 소매,G22199,그 외 기타 상품 전문 소매업,G47859,그 외 기타 분류 안된 상품 전문 소매업,11,서울특별시,11560,영등포구,11560550,당산1동,1156011300,당산동3가,1156011300100910001,1,대지,91,1,서울특별시 영등포구 당산동3가 91-1,115604154075,서울특별시 영등포구 국회대로38길,8,,1156011300100910001029113,A,서울특별시 영등포구 국회대로38길 8,150803,07257,,,,126.898805867789,37.5262828749111
MA0101202406A0550716,비앤티,,G2,소매,G221,기타 상품 소매,G22199,그 외 기타 상품 전문 소매업,G47859,그 외 기타 분류 안된 상품 전문 소매업,41,경기도,41570,김포시,41570256,양촌읍,4157025625,양촌읍,4157025625100220002,1,대지,22,2,경기도 김포시 양촌읍 대포리 22-2,415704427606,경기도 김포시 양촌읍 향동로21번길,38,,4157025625100220002000001,,경기도 김포시 양촌읍 향동로21번길 38,415823,10069,,,,126.635535974889,37.6230257386253
MA0101202406A0463616,엘에스테크.CCTV0497,,G2,소매,G221,기타 상품 소매,G22199,그 외 기타 상품 전문 소매업,G47859,그 외 기타 분류 안된 상품 전문 소매업,47,경상북도,47730,의성군,47730380,봉양면,4773038040,봉양면,4773038040101330006,1,대지,133,6,경상북도 의성군 봉양면 화전리 133-6,477304745120,경상북도 의성군 봉양면 도리원3길,3,,4773038040101300008056305,,경상북도 의성군 봉양면 도리원3길 3,769913,37362,,1,,128.579155044775,36.2986970827264
MA0101202406A0479610,잡화상회,,G2,소매,G221,기타 상품 소매,G22199,그 외 기타 상품 전문 소매업,G47859,그 외 기타 분류 안된 상품 전문 소매업,51,강원특별자치도,51730,횡성군,51730310,우천면,5173031031,우천면,5173031031107440001,1,대지,744,1,강원특별자치도 횡성군 우천면 우항리 744-1,517303226086,강원특별자치도 횡성군 우천면 한우로,1439,,4273031031107440001033754,,강원특별자치도 횡성군 우천면 한우로 1439,225814,25248,,,,128.077399311165,37.4472261785728
MA0101202406A0488627,한미렌탈,,G2,소매,G221,기타 상품 소매,G22199,그 외 기타 상품 전문 소매업,G47859,그 외 기타 분류 안된 상품 전문 소매업,47,경상북도,47930,울진군,47930253,평해읍,4793025322,평해읍,4793025322105020007,1,대지,502,7,경상북도 울진군 평해읍 학곡리 502-7,479304775364,경상북도 울진군 평해읍 학곡7길,18,,4793025322105020007005031,,경상북도 울진군 평해읍 학곡7길 18,767902,36367,,,,129.441471344764,36.7068137999037
MA0101202406A0518081,대성산업,,G2,소매,G221,기타 상품 소매,G22199,그 외 기타 상품 전문 소매업,G47859,그 외 기타 분류 안된 상품 전문 소매업,48,경상남도,48121,창원시 의창구,48121310,북면,4812131023,북면,4812131023105510001,1,대지,551,1,경상남도 창원시 의창구 북면 대산리 551-1,481214781066,경상남도 창원시 의창구 북면 대산길156번길,29,2,4812131023105510001035890,,경상남도 창원시 의창구 북면 대산길156번길 29-2,641872,51109,,1,,128.616989028053,35.3109015643045
MA0101202406A0468004,전자담배액상젤루싸,,G2,소매,G221,기타 상품 소매,G22199,그 외 기타 상품 전문 소매업,G47859,그 외 기타 분류 안된 상품 전문 소매업,11,서울특별시,11545,금천구,11545510,가산동,1154510100,가산동,1154510100104590024,1,대지,459,24,서울특별시 금천구 가산동 459-24,115453117002,서울특별시 금천구 가산디지털2로,169,16,1154510100104590024014347,하우스디퍼스타,서울특별시 금천구 가산디지털2로 169-16,153803,08500,,2,,126.876522770826,37.4830404766418
MA0101202406A0507756,진프라텍,,G2,소매,G221,기타 상품 소매,G22199,그 외 기타 상품 전문 소매업,G47859,그 외 기타 분류 안된 상품 전문 소매업,41,경기도,41271,안산시 상록구,41271515,이동,4127110200,이동,4127110200107180003,1,대지,718,3,경기도 안산시 상록구 이동 718-3,412713190068,경기도 안산시 상록구 중보로,27,,4127110200107180003022041,월드프라자,경기도 안산시 상록구 중보로 27,426863,15495,,,,126.850180464038,37.3063467436023
MA0101202406A0521263,케렌시아힐스템,,G2,소매,G221,기타 상품 소매,G22199,그 외 기타 상품 전문 소매업,G47859,그 외 기타 분류 안된 상품 전문 소매업,46,전라남도,46170,나주시,46170310,세지면,4617031021,세지면,4617031021104670004,1,대지,467,4,전라남도 나주시 세지면 오봉리 467-4,461703284040,전라남도 나주시 세지면 세영로,88,3,4617031021104670004097763,,전라남도 나주시 세지면 세영로 88-3,520873,58315,,1,,126.736772428454,34.9232781524207
MA0101202406A0521309,팔공안전,,G2,소매,G221,기타 상품 소매,G22199,그 외 기타 상품 전문 소매업,G47859,그 외 기타 분류 안된 상품 전문 소매업,27,대구광역시,27290,달서구,27290535,두류1.2동,2729010200,두류동,2729010200100870036,1,대지,87,36,대구광역시 달서구 두류동 87-36,272902007002,대구광역시 달서구 달구벌대로,1834,,2729010200100870036023184,성안오피스텔,대구광역시 달서구 달구벌대로 1834,704712,42661,,,,128.565400217231,35.8599254826472
MA0101202406A0542364,풍기인삼홍삼센터협동조합,,G2,소매,G221,기타 상품 소매,G22199,그 외 기타 상품 전문 소매업,G47859,그 외 기타 분류 안된 상품 전문 소매업,47,경상북도,47210,영주시,47210250,풍기읍,4721025022,풍기읍,4721025022104660000,1,대지,466,,경상북도 영주시 풍기읍 동부리 466,472103309010,경상북도 영주시 풍기읍 기주로,10,,4721025022104650000013772,,경상북도 영주시 풍기읍 기주로 10,750803,36034,,2,,128.533960963921,36.8678399086181
MA0101202406A0487428,두인환경산업,,G2,소매,G221,기타 상품 소매,G22199,그 외 기타 상품 전문 소매업,G47859,그 외 기타 분류 안된 상품 전문 소매업,46,전라남도,46840,무안군,46840250,무안읍,4684025021,무안읍,4684025021100720000,1,대지,72,,전라남도 무안군 무안읍 성내리 72,468404688217,전라남도 무안군 무안읍 성내1길,32,11,4684025021100720000056468,,전라남도 무안군 무안읍 성내1길 32-11,534802,58524,,1,,126.476336386763,34.9923006038925
MA0101202406A0503287,황탁그린,,G2,소매,G221,기타 상품 소매,G22199,그 외 기타 상품 전문 소매업,G47859,그 외 기타 분류 안된 상품 전문 소매업,31,울산광역시,31710,울주군,31710340,웅촌면,3171034026,웅촌면,3171034026102210000,1,대지,221,,울산광역시 울주군 웅촌면 고연리 221,317103173006,울산광역시 울주군 웅촌면 고연로,219,22,3171034026102210000000001,,울산광역시 울주군 웅촌면 고연로 219-22,689871,44968,,,,129.177926854998,35.4373632155879
MA0101202406A0532195,우아한가,,G2,소매,G221,기타 상품 소매,G22199,그 외 기타 상품 전문 소매업,G47859,그 외 기타 분류 안된 상품 전문 소매업,31,울산광역시,31170,동구,31170510,방어동,3117010100,방어동,3117010100109860009,1,대지,986,9,울산광역시 동구 방어동 986-9,311704313261,울산광역시 동구 화잠3길,8,,3117010100109860009000001,덕영하우스,울산광역시 동구 화잠3길 8,682831,44102,,,,129.411118982306,35.4825145044326
MA0101202406A0533400,믹샤일리스지점,코리아,G2,소매,G221,기타 상품 소매,G22199,그 외 기타 상품 전문 소매업,G47859,그 외 기타 분류 안된 상품 전문 소매업,28,인천광역시,28710,강화군,28710330,길상면,2871033026,길상면,2871033026107710002,1,대지,771,2,인천광역시 강화군 길상면 길직리 771-2,287104271553,인천광역시 강화군 길상면 장촌길113번길,12,,2871033026107680009023030,,인천광역시 강화군 길상면 장촌길113번길 12,417841,23048,,,,126.48215824717,37.6529233067657
MA0101202406A0543111,멍보스,,G2,소매,G221,기타 상품 소매,G22199,그 외 기타 상품 전문 소매업,G47859,그 외 기타 분류 안된 상품 전문 소매업,41,경기도,41570,김포시,41570253,고촌읍,4157025324,고촌읍,4157025324105330072,1,대지,533,72,경기도 김포시 고촌읍 신곡리 533-72,415703209105,경기도 김포시 고촌읍 장차로,9,,4157025324105330072000001,,경기도 김포시 고촌읍 장차로 9,415811,10126,,2,,126.770179773491,37.6030835808942
MA0101202406A0543223,부성유통,,G2,소매,G221,기타 상품 소매,G22199,그 외 기타 상품 전문 소매업,G47859,그 외 기타 분류 안된 상품 전문 소매업,48,경상남도,48170,진주시,48170673,상대동,4817011900,상대동,4817011900102920021,1,대지,292,21,경상남도 진주시 상대동 292-21,481703332077,경상남도 진주시 동진로,111,,4817011900102920021012657,한보프라자,경상남도 진주시 동진로 111,660721,52787,,,,128.103479187214,35.1796827887844
MA0101202406A0465372,환영종합상사,,G2,소매,G221,기타 상품 소매,G22199,그 외 기타 상품 전문 소매업,G47859,그 외 기타 분류 안된 상품 전문 소매업,44,충청남도,44270,당진시,44270320,석문면,4427032023,석문면,4427032023101400005,1,대지,140,5,충청남도 당진시 석문면 삼봉리 140-5,442703265019,충청남도 당진시 석문면 대호만로,1438,,4483032023101400005092416,,충청남도 당진시 석문면 대호만로 1438,343853,31705,,1,,126.56571463203,37.0011252244173
MA0101202406A0475642,상설시장내밀양인삼센타,,G2,소매,G221,기타 상품 소매,G22199,그 외 기타 상품 전문 소매업,G47859,그 외 기타 분류 안된 상품 전문 소매업,48,경상남도,48270,밀양시,48270510,내일동,4827010100,내일동,4827010100105830001,1,대지,583,1,경상남도 밀양시 내일동 583-1,482704808495,경상남도 밀양시 상설시장1길,11,,4827010100105830001047400,,경상남도 밀양시 상설시장1길 11,627140,50430,,,,128.75255420256,35.4930611493154
MA0101202406A0500476,감초농약사,,G2,소매,G221,기타 상품 소매,G22199,그 외 기타 상품 전문 소매업,G47859,그 외 기타 분류 안된 상품 전문 소매업,43,충청북도,43745,증평군,43745250,증평읍,4374525023,증평읍,4374525023100650011,1,대지,65,11,충청북도 증평군 증평읍 중동리 65-11,437454532130,충청북도 증평군 증평읍 윗장뜰길,50,,4374525023100650012006824,,충청북도 증평군 증평읍 윗장뜰길 50,368905,27930,,,,127.582670642439,36.7841208741083
MA0101202406A0511048,그외기타상품전문소매업,,G2,소매,G221,기타 상품 소매,G22199,그 외 기타 상품 전문 소매업,G47859,그 외 기타 분류 안된 상품 전문 소매업,47,경상북도,47290,경산시,47290550,북부동,4729012800,갑제동,4729012800102960003,1,대지,296,3,경상북도 경산시 갑제동 296-3,472904739022,경상북도 경산시 갑제길,3,,4729012800102960003010740,,경상북도 경산시 갑제길 3,712260,38541,,,,128.763586958964,35.8295327466405
MA0101202406A0533579,엔에스모아샵,,G2,소매,G221,기타 상품 소매,G22199,그 외 기타 상품 전문 소매업,G47859,그 외 기타 분류 안된 상품 전문 소매업,11,서울특별시,11410,서대문구,11410555,북아현동,1141011000,북아현동,1141011000100040034,1,대지,4,34,서울특별시 서대문구 북아현동 4-34,114103112006,서울특별시 서대문구 북아현로,34,,1141011000100040034027429,,서울특별시 서대문구 북아현로 34,120820,03755,,1,,126.956402720283,37.5604300189681
MA0101202406A0541490,매일안전물산,,G2,소매,G221,기타 상품 소매,G22199,그 외 기타 상품 전문 소매업,G47859,그 외 기타 분류 안된 상품 전문 소매업,31,울산광역시,31140,남구,31140570,삼산동,3114010600,삼산동,3114010600116020003,1,대지,1602,3,울산광역시 남구 삼산동 1602-3,311404310833,울산광역시 남구 화합로102번길,3,,3114010600116020003005958,,울산광역시 남구 화합로102번길 3,680815,44717,,1,,129.342328082958,35.5342934379823
MA0101202406A0544277,사탕박스,,G2,소매,G221,기타 상품 소매,G22199,그 외 기타 상품 전문 소매업,G47859,그 외 기타 분류 안된 상품 전문 소매업,27,대구광역시,27260,수성구,27260680,고산2동,2726011400,시지동,2726011400105780000,1,대지,578,,대구광역시 수성구 시지동 578,272603146018,대구광역시 수성구 시지로,22,,2726011400105780000000001,,대구광역시 수성구 시지로 22,706220,42251,,3,,128.692297731034,35.8407678050554
MA0101202406A0465507,가드원제주,대리점,G2,소매,G221,기타 상품 소매,G22199,그 외 기타 상품 전문 소매업,G47859,그 외 기타 분류 안된 상품 전문 소매업,50,제주특별자치도,50110,제주시,50110259,조천읍,5011025921,조천읍,5011025921103040008,1,대지,304,8,제주특별자치도 제주시 조천읍 신촌리 304-8,501104848712,제주특별자치도 제주시 조천읍 조와로5길,17,,5011025921103040008000001,,제주특별자치도 제주시 조천읍 조와로5길 17,695963,63336,,2,,126.636466546664,33.514266571112
MA0101202406A0478555,아이이엔지,,G2,소매,G221,기타 상품 소매,G22199,그 외 기타 상품 전문 소매업,G47859,그 외 기타 분류 안된 상품 전문 소매업,28,인천광역시,28110,중구,28110530,신포동,2811012300,신생동,2811012300100070019,1,대지,7,19,인천광역시 중구 신생동 7-19,281104247341,인천광역시 중구 제물량로166번길,4,,2811012300100070019122447,,인천광역시 중구 제물량로166번길 4,400080,22322,,4,,126.625550836961,37.4703120334989
MA0101202406A0513997,가발히트모,,G2,소매,G221,기타 상품 소매,G22199,그 외 기타 상품 전문 소매업,G47859,그 외 기타 분류 안된 상품 전문 소매업,41,경기도,41590,화성시,41590600,동탄6동,4159012900,오산동,4159012900109690002,1,대지,969,2,경기도 화성시 오산동 969-2,415902348100,경기도 화성시 동탄대로,495,,4159012900109690002000001,,경기도 화성시 동탄대로 495,445150,18478,,4,,127.098242399023,37.1979511880303
MA0101202406A0550616,법인청림명삼,,G2,소매,G221,기타 상품 소매,G22199,그 외 기타 상품 전문 소매업,G47859,그 외 기타 분류 안된 상품 전문 소매업,47,경상북도,47750,청송군,47750320,부남면,4775032035,부남면,4775032035200680000,2,산,68,,경상북도 청송군 부남면 화장리 산68,477504748118,경상북도 청송군 부남면 무등실길,265,220,4775032035200680000000001,,경상북도 청송군 부남면 무등실길 265-220,763844,37445,,,,129.153843177413,36.3206360953217
MA0101202406A0469897,태경종합상사,,G2,소매,G221,기타 상품 소매,G22199,그 외 기타 상품 전문 소매업,G47859,그 외 기타 분류 안된 상품 전문 소매업,26,부산광역시,26380,사하구,26380562,하단2동,2638010300,하단동,2638010300105240035,1,대지,524,35,부산광역시 사하구 하단동 524-35,263803006030,부산광역시 사하구 낙동남로,1377,1,2638010300105240035041482,정면이쪽,부산광역시 사하구 낙동남로 1377-1,604852,49313,,1,,128.962396897112,35.1065656668726
MA0101202406A0472898,서강트래블,,G2,소매,G221,기타 상품 소매,G22199,그 외 기타 상품 전문 소매업,G47859,그 외 기타 분류 안된 상품 전문 소매업,11,서울특별시,11680,강남구,11680630,대치4동,1168010600,대치동,1168010600108900060,1,대지,890,60,서울특별시 강남구 대치동 890-60,116804166755,서울특별시 강남구 테헤란로70길,12,,1168010600108900060000001,,서울특별시 강남구 테헤란로70길 12,135839,06193,,,,127.053155483302,37.5047442382647
MA0101202406A0480210,코지컴퍼니,,G2,소매,G221,기타 상품 소매,G22199,그 외 기타 상품 전문 소매업,G47859,그 외 기타 분류 안된 상품 전문 소매업,41,경기도,41820,가평군,41820310,설악면,4182031021,설악면,4182031021103410000,1,대지,341,,경기도 가평군 설악면 신천리 341,418203216028,경기도 가평군 설악면 신천중앙로,6,,4182031021103410000000198,,경기도 가평군 설악면 신천중앙로 6,477853,12467,,,,127.489403188869,37.6709110116619
MA0101202406A0491663,리원상사,,G2,소매,G221,기타 상품 소매,G22199,그 외 기타 상품 전문 소매업,G47859,그 외 기타 분류 안된 상품 전문 소매업,27,대구광역시,27290,달서구,27290571,용산1동,2729011000,장기동,2729011000100250005,1,대지,25,5,대구광역시 달서구 장기동 25-5,272903147038,대구광역시 달서구 장산로,63,27,2729011000100250005000001,,대구광역시 달서구 장산로 63-27,704923,42636,,,,128.523595345159,35.8516136688295
MA0101202406A0491667,그외기타상품전문소매업,,G2,소매,G221,기타 상품 소매,G22199,그 외 기타 상품 전문 소매업,G47859,그 외 기타 분류 안된 상품 전문 소매업,26,부산광역시,26260,동래구,26260570,온천3동,2626010800,온천동,2626010800113800011,1,대지,1380,11,부산광역시 동래구 온천동 1380-11,262604190374,부산광역시 동래구 여고북로23번길,28,,2626010800113800011010031,,부산광역시 동래구 여고북로23번길 28,607840,47838,,,,129.067492815848,35.2021977304229
MA0101202406A0520152,중앙농약사,,G2,소매,G221,기타 상품 소매,G22199,그 외 기타 상품 전문 소매업,G47859,그 외 기타 분류 안된 상품 전문 소매업,46,전라남도,46720,곡성군,46720330,석곡면,4672033021,석곡면,4672033021101920001,1,대지,192,1,전라남도 곡성군 석곡면 석곡리 192-1,467203287026,전라남도 곡성군 석곡면 강변로,14,,4672033021101920001018851,,전라남도 곡성군 석곡면 강변로 14,516851,57559,,,,127.254985060934,35.1309548134938
MA0101202406A0547047,이지유파인,,G2,소매,G221,기타 상품 소매,G22199,그 외 기타 상품 전문 소매업,G47859,그 외 기타 분류 안된 상품 전문 소매업,41,경기도,41463,용인시 기흥구,41463520,구갈동,4146310200,구갈동,4146310200105940001,1,대지,594,1,경기도 용인시 기흥구 구갈동 594-1,414633204003,경기도 용인시 기흥구 강남동로,6,,4146310200105940001021460,그랜드프라자,경기도 용인시 기흥구 강남동로 6,446573,16978,,,,127.12775336822,37.271394334397
MA0101202406A0547242,인네이처,,G2,소매,G221,기타 상품 소매,G22199,그 외 기타 상품 전문 소매업,G47859,그 외 기타 분류 안된 상품 전문 소매업,43,충청북도,43770,음성군,43770350,삼성면,4377035024,삼성면,4377035024100710001,1,대지,71,1,충청북도 음성군 삼성면 용성리 71-1,437704541084,충청북도 음성군 삼성면 금일로965번길,73,,4377035024100710001000001,,충청북도 음성군 삼성면 금일로965번길 73,369834,27651,,,,127.488474516306,37.0141873790407
MA0101202406A0478760,한빛소방가스설비,,G2,소매,G221,기타 상품 소매,G22199,그 외 기타 상품 전문 소매업,G47859,그 외 기타 분류 안된 상품 전문 소매업,30,대전광역시,30170,서구,30170630,둔산1동,3017011200,둔산동,3017011200114690000,1,대지,1469,,대전광역시 서구 둔산동 1469,301704298320,대전광역시 서구 둔산로137번길,21,,3017011200114690000022243,대승빌딩,대전광역시 서구 둔산로137번길 21,302831,35240,,3,,127.388976555834,36.3522737678382
MA0101202406A0497715,율현산업안전,,G2,소매,G221,기타 상품 소매,G22199,그 외 기타 상품 전문 소매업,G47859,그 외 기타 분류 안된 상품 전문 소매업,48,경상남도,48170,진주시,48170360,일반성면,4817036021,일반성면,4817036021101970000,1,대지,197,,경상남도 진주시 일반성면 창촌리 197,481704796121,경상남도 진주시 일반성면 공치고개길,35,,4817036021101970000035191,,경상남도 진주시 일반성면 공치고개길 35,660863,52616,,,,128.286011298105,35.1732314897174
MA0101202406A0595069,경기동부원예농업협동조합장호원유통센터,,G2,소매,G221,기타 상품 소매,G22199,그 외 기타 상품 전문 소매업,G47859,그 외 기타 분류 안된 상품 전문 소매업,41,경기도,41500,이천시,41500250,장호원읍,4150025021,장호원읍,4150025021103320004,1,대지,332,4,경기도 이천시 장호원읍 장호원리 332-4,415004421366,경기도 이천시 장호원읍 서동대로8759번길,117,,4150025021103320003000001,,경기도 이천시 장호원읍 서동대로8759번길 117,467902,17421,,,,127.613221527658,37.1189690861595
MA0101202406A0584428,공간메이커,,G2,소매,G221,기타 상품 소매,G22199,그 외 기타 상품 전문 소매업,G47859,그 외 기타 분류 안된 상품 전문 소매업,30,대전광역시,30200,유성구,30200530,온천1동,3020011100,봉명동,3020011100106110009,1,대지,611,9,대전광역시 유성구 봉명동 611-9,302003167023,대전광역시 유성구 문화원로,89,,3020011100106110004012759,스타원,대전광역시 유성구 문화원로 89,305301,34184,,2,,127.345737308744,36.3592736517082
MA0101202406A0552522,중부소방,,G2,소매,G221,기타 상품 소매,G22199,그 외 기타 상품 전문 소매업,G47859,그 외 기타 분류 안된 상품 전문 소매업,51,강원특별자치도,51130,원주시,51130370,흥업면,5113037021,흥업면,5113037021100290001,1,대지,29,1,강원특별자치도 원주시 흥업면 흥업리 29-1,511303219011,강원특별자치도 원주시 흥업면 남원로,125,,4213037021100290001029119,,강원특별자치도 원주시 흥업면 남원로 125,220844,26403,,,,127.922092601598,37.3068046841523
MA0101202406A0556104,엔에스모아샵,,G2,소매,G221,기타 상품 소매,G22199,그 외 기타 상품 전문 소매업,G47859,그 외 기타 분류 안된 상품 전문 소매업,11,서울특별시,11440,마포구,11440730,성산2동,1144012500,성산동,1144012500102000049,1,대지,200,49,서울특별시 마포구 성산동 200-49,114403113019,서울특별시 마포구 월드컵북로,179,,1144012500102000049019371,,서울특별시 마포구 월드컵북로 179,121845,03947,,2,,126.908586268419,37.5676737176422
MA0101202406A0560574,이앤이,,G2,소매,G221,기타 상품 소매,G22199,그 외 기타 상품 전문 소매업,G47859,그 외 기타 분류 안된 상품 전문 소매업,41,경기도,41271,안산시 상록구,41271580,월피동,4127110900,월피동,4127110900104450021,1,대지,445,21,경기도 안산시 상록구 월피동 445-21,412713190055,경기도 안산시 상록구 예술광장1로,54,,4127110900104450021042664,오성빌딩,경기도 안산시 상록구 예술광장1로 54,426853,15288,,,,126.847901688329,37.3288606551078
MA0101202406A0570618,와이에스솔루션,,G2,소매,G221,기타 상품 소매,G22199,그 외 기타 상품 전문 소매업,G47859,그 외 기타 분류 안된 상품 전문 소매업,11,서울특별시,11215,광진구,11215780,능동,1121510200,능동,1121510200102790005,1,대지,279,5,서울특별시 광진구 능동 279-5,112153104007,서울특별시 광진구 능동로,290,,1121510200102790005022655,삼일빌딩,서울특별시 광진구 능동로 290,143847,04985,,5,,127.078983823151,37.5555823051408
MA0101202406A0578764,에스피산업,,G2,소매,G221,기타 상품 소매,G22199,그 외 기타 상품 전문 소매업,G47859,그 외 기타 분류 안된 상품 전문 소매업,52,전북특별자치도,52130,군산시,52130710,소룡동,5213014700,오식도동,5213014700110020000,1,대지,1002,,전북특별자치도 군산시 오식도동 1002,521303016027,전북특별자치도 군산시 새만금북로,277,,4513014700110020000000001,,전북특별자치도 군산시 새만금북로 277,573881,54002,,,,126.566826700669,35.9464630522723
MA0101202406A0579864,피티에스코퍼레이션,,G2,소매,G221,기타 상품 소매,G22199,그 외 기타 상품 전문 소매업,G47859,그 외 기타 분류 안된 상품 전문 소매업,41,경기도,41590,화성시,41590590,동탄5동,4159013100,영천동,4159013100108510000,1,대지,851,,경기도 화성시 영천동 851,415904859002,경기도 화성시 동탄대로23길,121,,4159013100108510000000001,우미뉴브,경기도 화성시 동탄대로23길 121,445130,18468,,,,127.096974979166,37.2109634073147
MA0101202406A0556136,호남단빈퇴비,,G2,소매,G221,기타 상품 소매,G22199,그 외 기타 상품 전문 소매업,G47859,그 외 기타 분류 안된 상품 전문 소매업,46,전라남도,46910,신안군,46910253,압해읍,4691025330,압해읍,4691025330100100002,1,대지,10,2,전라남도 신안군 압해읍 분매리 10-2,469104706093,전라남도 신안군 압해읍 두지숭의길,109,,4691043030100100003000001,,전라남도 신안군 압해읍 두지숭의길 109,535817,58825,,,,126.348477418681,34.8598287458193
MA0101202408A0040610,고려비료,,G2,소매,G221,기타 상품 소매,G22199,그 외 기타 상품 전문 소매업,G47859,그 외 기타 분류 안된 상품 전문 소매업,48,경상남도,48170,진주시,48170400,대곡면,4817040026,대곡면,4817040026100550011,1,대지,55,11,경상남도 진주시 대곡면 와룡리 55-11,481703332015,경상남도 진주시 대곡면 대화로,58,,4817040026100550011009284,,경상남도 진주시 대곡면 대화로 58,660913,52607,,,,128.184356959919,35.2586826677452
MA0101202406A0559603,구일몰,,G2,소매,G221,기타 상품 소매,G22199,그 외 기타 상품 전문 소매업,G47859,그 외 기타 분류 안된 상품 전문 소매업,41,경기도,41273,안산시 단원구,41273535,호수동,4127310100,고잔동,4127310100107250001,1,대지,725,1,경기도 안산시 단원구 고잔동 725-1,412732190001,경기도 안산시 단원구 광덕대로,194,,4127310100107250002028902,,경기도 안산시 단원구 광덕대로 194,425809,15462,,6,,126.831011286865,37.3134661247826
MA0101202406A0581166,유림에퐁당,,G2,소매,G221,기타 상품 소매,G22199,그 외 기타 상품 전문 소매업,G47859,그 외 기타 분류 안된 상품 전문 소매업,43,충청북도,43113,청주시 흥덕구,43113760,강서1동,4311313800,비하동,4311313800101760003,1,대지,176,3,충청북도 청주시 흥덕구 비하동 176-3,431134511440,충청북도 청주시 흥덕구 비하로35번길,14,,4311313800101750009008047,계룡프라자,충청북도 청주시 흥덕구 비하로35번길 14,361825,28366,,,,127.424170048224,36.6306911842439
MA0101202406A0583529,에프티원,,G2,소매,G221,기타 상품 소매,G22199,그 외 기타 상품 전문 소매업,G47859,그 외 기타 분류 안된 상품 전문 소매업,41,경기도,41273,안산시 단원구,41273545,원곡동,4127310800,원곡동,4127310800109940006,1,대지,994,6,경기도 안산시 단원구 원곡동 994-6,412733191083,경기도 안산시 단원구 풍전로,37,9,4127310800109940006013056,트리플렉스,경기도 안산시 단원구 풍전로 37-9,425850,15431,,,,126.788663259725,37.325327739093
MA0101202406A0551617,대한소방설비,,G2,소매,G221,기타 상품 소매,G22199,그 외 기타 상품 전문 소매업,G47859,그 외 기타 분류 안된 상품 전문 소매업,30,대전광역시,30200,유성구,30200530,온천1동,3020011100,봉명동,3020011100105510007,1,대지,551,7,대전광역시 유성구 봉명동 551-7,302004301009,대전광역시 유성구 계룡로105번길,15,,3020011100105510007014032,한진오피스텔,대전광역시 유성구 계룡로105번길 15,305301,34187,,,,127.342506803198,36.3543174807374
MA0101202406A0565477,펫프랜드,,G2,소매,G221,기타 상품 소매,G22199,그 외 기타 상품 전문 소매업,G47859,그 외 기타 분류 안된 상품 전문 소매업,41,경기도,41590,화성시,41590585,동탄1동,4159012700,반송동,4159012700100910002,1,대지,91,2,경기도 화성시 반송동 91-2,415904431486,경기도 화성시 동탄중심상가2길,8,,4159012700104810000000002,로하스애비뉴,경기도 화성시 동탄중심상가2길 8,445160,18453,,6,,127.072647169562,37.205529470063
MA0101202406A0570854,두두랜드,,G2,소매,G221,기타 상품 소매,G22199,그 외 기타 상품 전문 소매업,G47859,그 외 기타 분류 안된 상품 전문 소매업,28,인천광역시,28185,연수구,28185820,송도1동,2818510600,송도동,2818510600100080021,1,대지,8,21,인천광역시 연수구 송도동 8-21,281853152032,인천광역시 연수구 하모니로,158,,2818510600100080021000001,디동,인천광역시 연수구 하모니로 158,406081,21998,,,,126.642254785841,37.383298931388
MA0101202406A0589391,해빙스,,G2,소매,G221,기타 상품 소매,G22199,그 외 기타 상품 전문 소매업,G47859,그 외 기타 분류 안된 상품 전문 소매업,41,경기도,41271,안산시 상록구,41271515,이동,4127110200,이동,4127110200107180003,1,대지,718,3,경기도 안산시 상록구 이동 718-3,412713190068,경기도 안산시 상록구 중보로,27,,4127110200107180003022041,월드프라자,경기도 안산시 상록구 중보로 27,426863,15495,,,,126.850180464038,37.3063467436023
MA0101202406A0590593,에스제이티엔티,,G2,소매,G221,기타 상품 소매,G22199,그 외 기타 상품 전문 소매업,G47859,그 외 기타 분류 안된 상품 전문 소매업,11,서울특별시,11470,양천구,11470650,신정4동,1147010100,신정동,1147010100108860006,1,대지,886,6,서울특별시 양천구 신정동 886-6,114703114011,서울특별시 양천구 신정중앙로,85,,1147010100108860006002269,로데오프라자,서울특별시 양천구 신정중앙로 85,158856,07938,,,,126.86138165828,37.5268575605594
MA0101202406A0590616,이브나라,,G2,소매,G221,기타 상품 소매,G22199,그 외 기타 상품 전문 소매업,G47859,그 외 기타 분류 안된 상품 전문 소매업,41,경기도,41570,김포시,41570253,고촌읍,4157025324,고촌읍,4157025324105330072,1,대지,533,72,경기도 김포시 고촌읍 신곡리 533-72,415703209105,경기도 김포시 고촌읍 장차로,9,,4157025324105330072000001,,경기도 김포시 고촌읍 장차로 9,415811,10126,,2,,126.770179773491,37.6030835808942
MA0101202408A0026701,한라약초,,G2,소매,G221,기타 상품 소매,G22199,그 외 기타 상품 전문 소매업,G47859,그 외 기타 분류 안된 상품 전문 소매업,50,제주특별자치도,50110,제주시,50110630,아라동,5011013400,오등동,5011013400106060006,1,대지,606,6,제주특별자치도 제주시 오등동 606-6,501103349125,제주특별자치도 제주시 아연로,455,2,5011013400106060006063935,,제주특별자치도 제주시 아연로 455-2,690150,63240,,,,126.529225570028,33.4756418304202
MA0101202406A0552874,요정몰,,G2,소매,G221,기타 상품 소매,G22199,그 외 기타 상품 전문 소매업,G47859,그 외 기타 분류 안된 상품 전문 소매업,29,광주광역시,29155,남구,29155710,효덕동,2915510700,노대동,2915510700108620000,1,대지,862,,광주광역시 남구 노대동 862,291553161003,광주광역시 남구 노대실로,44,,2915510700102860005000001,,광주광역시 남구 노대실로 44,503320,61746,,,,126.906055160278,35.1058041822826
MA0101202406A0559739,지성컴퍼니,,G2,소매,G221,기타 상품 소매,G22199,그 외 기타 상품 전문 소매업,G47859,그 외 기타 분류 안된 상품 전문 소매업,41,경기도,41287,고양시 일산서구,41287550,주엽1동,4128710200,주엽동,4128710200100720002,1,대지,72,2,경기도 고양시 일산서구 주엽동 72-2,412873192094,경기도 고양시 일산서구 중앙로,1406,,4128710200100720002006398,한솔코아,경기도 고양시 일산서구 중앙로 1406,411848,10386,,,,126.763877524605,37.6693654928795
MA0101202406A0566674,아시아종합상사,,G2,소매,G221,기타 상품 소매,G22199,그 외 기타 상품 전문 소매업,G47859,그 외 기타 분류 안된 상품 전문 소매업,41,경기도,41220,평택시,41220253,안중읍,4122025326,안중읍,4122025326107290006,1,대지,729,6,경기도 평택시 안중읍 용성리 729-6,412203000117,경기도 평택시 안중읍 서해로,1253,,4122025326107290006039517,코코빌,경기도 평택시 안중읍 서해로 1253,451883,17817,,,,126.945206010142,37.004772497256
MA0101202406A0584858,문,,G2,소매,G221,기타 상품 소매,G22199,그 외 기타 상품 전문 소매업,G47859,그 외 기타 분류 안된 상품 전문 소매업,11,서울특별시,11680,강남구,11680545,압구정동,1168010700,신사동,1168010700106530009,1,대지,653,9,서울특별시 강남구 신사동 653-9,116804166279,서울특별시 강남구 도산대로49길,16,7,1168010700106530009010423,,서울특별시 강남구 도산대로49길 16-7,135897,06019,,3,,127.037648325911,37.5240947514639
MA0101202406A0596676,비케이친환경,,G2,소매,G221,기타 상품 소매,G22199,그 외 기타 상품 전문 소매업,G47859,그 외 기타 분류 안된 상품 전문 소매업,48,경상남도,48123,창원시 성산구,48123520,중앙동,4812312500,중앙동,4812312500100970006,1,대지,97,6,경상남도 창원시 성산구 중앙동 97-6,481234784239,경상남도 창원시 성산구 중앙대로61번길,4,,4812312500100970006003366,,경상남도 창원시 성산구 중앙대로61번길 4,642947,51522,,2,,128.676830524529,35.2212356792551
MA0101202406A0599028,아이앤티,,G2,소매,G221,기타 상품 소매,G22199,그 외 기타 상품 전문 소매업,G47859,그 외 기타 분류 안된 상품 전문 소매업,41,경기도,41461,용인시 처인구,41461525,역북동,4146110200,역북동,4146110200104360008,1,대지,436,8,경기도 용인시 처인구 역북동 436-8,414614409779,경기도 용인시 처인구 중부대로1313번길,6,18,4146110200104360008237958,,경기도 용인시 처인구 중부대로1313번길 6-18,449931,17047,,3,,127.192740204704,37.2358593613208
MA0101202406A0555288,지로리테일,코리아,G2,소매,G221,기타 상품 소매,G22199,그 외 기타 상품 전문 소매업,G47859,그 외 기타 분류 안된 상품 전문 소매업,27,대구광역시,27290,달서구,27290568,장기동,2729011000,장기동,2729011000101800096,1,대지,180,96,대구광역시 달서구 장기동 180-96,272904241304,대구광역시 달서구 성서동로53안길,20,,2729011000101800058007666,,대구광역시 달서구 성서동로53안길 20,704944,42697,,3,,128.513783799214,35.8461415197781
MA0101202406A0557566,만개,,G2,소매,G221,기타 상품 소매,G22199,그 외 기타 상품 전문 소매업,G47859,그 외 기타 분류 안된 상품 전문 소매업,41,경기도,41220,평택시,41220253,안중읍,4122025324,안중읍,4122025324104970006,1,대지,497,6,경기도 평택시 안중읍 대반리 497-6,412204364108,경기도 평택시 안중읍 대반길,119,,4122025324104970006039189,,경기도 평택시 안중읍 대반길 119,451882,17928,,,,126.950589934366,36.9838967636233
MA0101202406A0567784,아름다운가게창원,용호점,G2,소매,G221,기타 상품 소매,G22199,그 외 기타 상품 전문 소매업,G47859,그 외 기타 분류 안된 상품 전문 소매업,48,경상남도,48123,창원시 성산구,48123515,용지동,4812313500,용호동,4812313500100730037,1,대지,73,37,경상남도 창원시 성산구 용호동 73-37,481233327038,경상남도 창원시 성산구 용지로,159,,4812112800100730037009600,대구은행빌딩,경상남도 창원시 성산구 용지로 159,641842,51436,,,,128.681321966111,35.2292032284823
MA0101202406A0572035,동부산농협자재센터,,G2,소매,G221,기타 상품 소매,G22199,그 외 기타 상품 전문 소매업,G47859,그 외 기타 분류 안된 상품 전문 소매업,26,부산광역시,26710,기장군,26710259,일광읍,2671025931,일광읍,2671025931100560000,1,대지,56,,부산광역시 기장군 일광읍 화전리 56,267102006018,부산광역시 기장군 일광읍 기장대로,1001,,2671025931100560000000001,,부산광역시 기장군 일광읍 기장대로 1001,619912,46047,,,,129.232465166405,35.2828999876279
MA0101202406A0575619,산해들부평,,G2,소매,G221,기타 상품 소매,G22199,그 외 기타 상품 전문 소매업,G47859,그 외 기타 분류 안된 상품 전문 소매업,41,경기도,41590,화성시,41590350,서신면,4159035023,서신면,4159035023102630005,1,대지,263,5,경기도 화성시 서신면 광평리 263-5,415904430045,경기도 화성시 서신면 고래물길,6,,4159035023102630005000001,,경기도 화성시 서신면 고래물길 6,445881,18553,,,,126.691805727359,37.1747944670192
MA0101202406A0578004,경기동부원예농업협동조합이천유통센터,,G2,소매,G221,기타 상품 소매,G22199,그 외 기타 상품 전문 소매업,G47859,그 외 기타 분류 안된 상품 전문 소매업,41,경기도,41500,이천시,41500253,부발읍,4150025333,부발읍,4150025333104680022,1,대지,468,22,경기도 이천시 부발읍 가산리 468-22,415003207057,경기도 이천시 부발읍 황무로,2035,,4150025333104680022002286,,경기도 이천시 부발읍 황무로 2035,467861,17405,,,,127.512041030402,37.2435681988257
MA0101202406A0557621,에이프로피드,,G2,소매,G221,기타 상품 소매,G22199,그 외 기타 상품 전문 소매업,G47859,그 외 기타 분류 안된 상품 전문 소매업,43,충청북도,43113,청주시 흥덕구,43113250,오송읍,4311325025,오송읍,4311325025108630000,1,대지,863,,충청북도 청주시 흥덕구 오송읍 만수리 863,431133240059,충청북도 청주시 흥덕구 오송읍 오송생명5로,305,,4371025625108630000000001,프라임시티,충청북도 청주시 흥덕구 오송읍 오송생명5로 305,361954,28166,,2,,127.327411054229,36.6222103091596
MA0101202406A0566760,대연에스앤티,,G2,소매,G221,기타 상품 소매,G22199,그 외 기타 상품 전문 소매업,G47859,그 외 기타 분류 안된 상품 전문 소매업,11,서울특별시,11230,동대문구,11230536,용신동,1123010200,용두동,1123010200107640002,1,대지,764,2,서울특별시 동대문구 용두동 764-2,112304115164,서울특별시 동대문구 무학로49길,79,8,1123010200107640002035496,맺다빌딩,서울특별시 동대문구 무학로49길 79-8,130824,02578,,3,,127.026230649579,37.5793560581208
MA0101202406A0568865,하이트진로신세계푸드마켓청담점,,G2,소매,G221,기타 상품 소매,G22199,그 외 기타 상품 전문 소매업,G47859,그 외 기타 분류 안된 상품 전문 소매업,11,서울특별시,11680,강남구,11680565,청담동,1168010400,청담동,1168010400100040001,1,대지,4,1,서울특별시 강남구 청담동 4-1,116802122001,서울특별시 강남구 도산대로,442,,1168010400100040014000001,피엔폴루스,서울특별시 강남구 도산대로 442,135948,06062,,1,,127.044118668702,37.5233086395885
MA0101202406A0579132,유성소방,,G2,소매,G221,기타 상품 소매,G22199,그 외 기타 상품 전문 소매업,G47859,그 외 기타 분류 안된 상품 전문 소매업,26,부산광역시,26230,부산진구,26230600,전포1동,2623010200,전포동,2623010200103420013,1,대지,342,13,부산광역시 부산진구 전포동 342-13,262303129009,부산광역시 부산진구 동성로,36,,2623010200103420013030759,,부산광역시 부산진구 동성로 36,614867,47309,,1,,129.068642855598,35.1535876488973
MA0101202406A0583849,주리랜드,,G2,소매,G221,기타 상품 소매,G22199,그 외 기타 상품 전문 소매업,G47859,그 외 기타 분류 안된 상품 전문 소매업,28,인천광역시,28185,연수구,28185820,송도1동,2818510600,송도동,2818510600100080021,1,대지,8,21,인천광역시 연수구 송도동 8-21,281853152032,인천광역시 연수구 하모니로,158,,2818510600100080021000001,디동,인천광역시 연수구 하모니로 158,406081,21998,,,,126.642254785841,37.383298931388
MA0101202406A0593169,하루,,G2,소매,G221,기타 상품 소매,G22199,그 외 기타 상품 전문 소매업,G47859,그 외 기타 분류 안된 상품 전문 소매업,27,대구광역시,27260,수성구,27260661,범물1동,2726011300,범물동,2726011300112750006,1,대지,1275,6,대구광역시 수성구 범물동 1275-6,272603146024,대구광역시 수성구 지범로,203,,2726011300112750006004934,,대구광역시 수성구 지범로 203,706813,42198,,5,,128.641345211955,35.8204060139979
MA0101202406A0593212,레드스토리,,G2,소매,G221,기타 상품 소매,G22199,그 외 기타 상품 전문 소매업,G47859,그 외 기타 분류 안된 상품 전문 소매업,11,서울특별시,11710,송파구,11710562,방이2동,1171011100,방이동,1171011100100620004,1,대지,62,4,서울특별시 송파구 방이동 62-4,117104169375,서울특별시 송파구 오금로13길,7,,1171011100100620004016223,신일빌딩,서울특별시 송파구 오금로13길 7,138828,05548,,3,,127.108393037558,37.5133290788611
MA0101202406A0567876,선부의류,,G2,소매,G221,기타 상품 소매,G22199,그 외 기타 상품 전문 소매업,G47859,그 외 기타 분류 안된 상품 전문 소매업,41,경기도,41273,안산시 단원구,41273510,와동,4127310200,와동,4127310200100980007,1,대지,98,7,경기도 안산시 단원구 와동 98-7,412733191039,경기도 안산시 단원구 선부로,286,,4127310200100980007035991,쥐,경기도 안산시 단원구 선부로 286,425840,15255,,3,,126.826863312784,37.341482204851
MA0101202406A0559936,힘찬,남구지점,G2,소매,G221,기타 상품 소매,G22199,그 외 기타 상품 전문 소매업,G47859,그 외 기타 분류 안된 상품 전문 소매업,26,부산광역시,26290,남구,26290570,용호1동,2629010700,용호동,2629010700104840016,1,대지,484,16,부산광역시 남구 용호동 484-16,262904193235,부산광역시 남구 용호로178번길,16,,2629010700104840016010384,,부산광역시 남구 용호로178번길 16,608837,48566,,3,,129.1101510159,35.1166000474804
MA0101202406A0572251,제이비테크놀로지,,G2,소매,G221,기타 상품 소매,G22199,그 외 기타 상품 전문 소매업,G47859,그 외 기타 분류 안된 상품 전문 소매업,41,경기도,41590,화성시,41590585,동탄1동,4159012800,석우동,4159012800100330001,1,대지,33,1,경기도 화성시 석우동 33-1,415904431263,경기도 화성시 큰재봉길,29,,4159012800100330001000001,우미쁘띠린오피스텔,경기도 화성시 큰재봉길 29,445170,18450,,8,,127.079543630406,37.2185091685796
MA0101202406A0583996,명진,,G2,소매,G221,기타 상품 소매,G22199,그 외 기타 상품 전문 소매업,G47859,그 외 기타 분류 안된 상품 전문 소매업,47,경상북도,47250,상주시,47250350,공성면,4725035029,공성면,4725035029103140000,1,대지,314,,경상북도 상주시 공성면 무곡리 314,472504733253,경상북도 상주시 공성면 무곡신터길,89,41,4725035029103140000000001,,경상북도 상주시 공성면 무곡신터길 89-41,742843,37263,,,,128.135161546985,36.2917888213893
MA0101202408A0042291,웰빙약초,백화점,G2,소매,G221,기타 상품 소매,G22199,그 외 기타 상품 전문 소매업,G47859,그 외 기타 분류 안된 상품 전문 소매업,52,전북특별자치도,52130,군산시,52130640,흥남동,5213012700,대명동,5213012700101380094,1,대지,138,94,전북특별자치도 군산시 대명동 138-94,521304604204,전북특별자치도 군산시 대명3길,39,2,4513012700101380094009388,,전북특별자치도 군산시 대명3길 39-2,573210,54029,,,,126.720239588971,35.9819767317118
MA0101202406A0564705,아름다운가게부천,옥길점,G2,소매,G221,기타 상품 소매,G22199,그 외 기타 상품 전문 소매업,G47859,그 외 기타 분류 안된 상품 전문 소매업,41,경기도,41194,부천시 소사구,41194560,옥길동,4119410600,옥길동,4119410600107940001,1,대지,794,1,경기도 부천시 소사구 옥길동 794-1,411943185018,경기도 부천시 소사구 부광로,220,,4119011500107940001000001,우성테크노파크Ⅰ,경기도 부천시 소사구 부광로 220,422080,14786,,1,,126.825272837869,37.4676316212653
MA0101202406A0579327,병천아그로법인,,G2,소매,G221,기타 상품 소매,G22199,그 외 기타 상품 전문 소매업,G47859,그 외 기타 분류 안된 상품 전문 소매업,44,충청남도,44131,천안시 동남구,44131360,병천면,4413136022,병천면,4413136022100860002,1,대지,86,2,충청남도 천안시 동남구 병천면 병천리 86-2,441313249055,충청남도 천안시 동남구 병천면 충절로,1781,,4413136022100860002046859,,충청남도 천안시 동남구 병천면 충절로 1781,330861,31254,,,,127.302707531011,36.7628151584772
MA0101202406A0585228,168CM,신사지점,G2,소매,G221,기타 상품 소매,G22199,그 외 기타 상품 전문 소매업,G47859,그 외 기타 분류 안된 상품 전문 소매업,11,서울특별시,11680,강남구,11680510,신사동,1168010700,신사동,1168010700105360004,1,대지,536,4,서울특별시 강남구 신사동 536-4,116804166257,서울특별시 강남구 도산대로11길,16,,1168010700105360004011900,보배빌딩,서울특별시 강남구 도산대로11길 16,135889,06035,,1,,127.022657421291,37.518431270715
MA0101202408A0032301,심마니휴게소,,G2,소매,G221,기타 상품 소매,G22199,그 외 기타 상품 전문 소매업,G47859,그 외 기타 분류 안된 상품 전문 소매업,47,경상북도,47210,영주시,47210250,풍기읍,4721025029,풍기읍,4721025029100920008,1,대지,92,8,경상북도 영주시 풍기읍 서부리 92-8,472104727534,경상북도 영주시 풍기읍 인삼로3번길,51,,4721025029100920008011560,,경상북도 영주시 풍기읍 인삼로3번길 51,750805,36025,,1,,128.527235634389,36.8730623028438
MA0101202406A0571328,옥토법인,,G2,소매,G221,기타 상품 소매,G22199,그 외 기타 상품 전문 소매업,G47859,그 외 기타 분류 안된 상품 전문 소매업,46,전라남도,46820,해남군,46820400,황산면,4682040026,황산면,4682040026108260012,1,대지,826,12,전라남도 해남군 황산면 호동리 826-12,468203294001,전라남도 해남군 황산면 고천암로,1324,,4682040026108260012000001,,전라남도 해남군 황산면 고천암로 1324,536863,59009,,,,126.444186613211,34.5576729219126
MA0101202406A0577094,신진티앤씨,,G2,소매,G221,기타 상품 소매,G22199,그 외 기타 상품 전문 소매업,G47859,그 외 기타 분류 안된 상품 전문 소매업,51,강원특별자치도,51130,원주시,51130550,단구동,5113010700,단구동,5113010700115590006,1,대지,1559,6,강원특별자치도 원주시 단구동 1559-6,511304457578,강원특별자치도 원주시 천매봉길,18,,4213010700115590006000001,,강원특별자치도 원주시 천매봉길 18,220944,26483,,4,,127.944189383429,37.3221456897636
MA0101202406A0578261,치즈박스,,G2,소매,G221,기타 상품 소매,G22199,그 외 기타 상품 전문 소매업,G47859,그 외 기타 분류 안된 상품 전문 소매업,48,경상남도,48250,김해시,48250630,장유3동,4825013100,율하동,4825013100113310002,1,대지,1331,2,경상남도 김해시 율하동 1331-2,482503335048,경상남도 김해시 율하3로,77,,4825013100113310002000001,,경상남도 김해시 율하3로 77,621320,51014,,,,128.816012593125,35.1745727677048
MA0101202406A0573607,아이씨씨이,,G2,소매,G221,기타 상품 소매,G22199,그 외 기타 상품 전문 소매업,G47859,그 외 기타 분류 안된 상품 전문 소매업,41,경기도,41500,이천시,41500250,장호원읍,4150025023,장호원읍,4150025023105280017,1,대지,528,17,경기도 이천시 장호원읍 진암리 528-17,415002012006,경기도 이천시 장호원읍 서동대로,8694,18,4150025023105280010021845,,경기도 이천시 장호원읍 서동대로 8694-18,467904,17422,,,,127.602422921319,37.1136902272084
MA0101202406A0578346,미타암,,G2,소매,G221,기타 상품 소매,G22199,그 외 기타 상품 전문 소매업,G47859,그 외 기타 분류 안된 상품 전문 소매업,47,경상북도,47130,경주시,47130250,감포읍,4713025024,감포읍,4713025024100710003,1,대지,71,3,경상북도 경주시 감포읍 나정리 71-3,471303000101,경상북도 경주시 감포읍 동해안로,1961,,4713025024100710003053238,,경상북도 경주시 감포읍 동해안로 1961,780833,38123,,2,,129.489927317468,35.7823113117845
MA0101202406A0599490,스노브스크,,G2,소매,G221,기타 상품 소매,G22199,그 외 기타 상품 전문 소매업,G47859,그 외 기타 분류 안된 상품 전문 소매업,52,전북특별자치도,52113,전주시 덕진구,52113570,덕진동,5211310500,덕진동1가,5211310500114100001,1,대지,1410,1,전북특별자치도 전주시 덕진구 덕진동1가 1410-1,521134601104,전북특별자치도 전주시 덕진구 들사평3길,16,3,4511310500114100001020861,,전북특별자치도 전주시 덕진구 들사평3길 16-3,561811,54893,,,,127.12266315337,35.84044707624
MA0101202408A0037388,한길,,G2,소매,G221,기타 상품 소매,G22199,그 외 기타 상품 전문 소매업,G47859,그 외 기타 분류 안된 상품 전문 소매업,48,경상남도,48870,함양군,48870400,병곡면,4887040027,병곡면,4887040027100930000,1,대지,93,,경상남도 함양군 병곡면 원산리 93,488704838352,경상남도 함양군 병곡면 원산지소길,118,,4887040027100930000000001,,경상남도 함양군 병곡면 원산지소길 118,676862,50027,,,,127.681109782711,35.5784587050373
MA0101202406A0580755,제이엠소방,,G2,소매,G221,기타 상품 소매,G22199,그 외 기타 상품 전문 소매업,G47859,그 외 기타 분류 안된 상품 전문 소매업,26,부산광역시,26470,연제구,26470720,연산8동,2647010200,연산동,2647010200103650042,1,대지,365,42,부산광역시 연제구 연산동 365-42,264704211104,부산광역시 연제구 과정로276번길,33,,2647010200103650042023381,,부산광역시 연제구 과정로276번길 33,611816,47562,,1,,129.0975575216,35.1895599836655
MA0101202406A0580801,엔에스모아샵,,G2,소매,G221,기타 상품 소매,G22199,그 외 기타 상품 전문 소매업,G47859,그 외 기타 분류 안된 상품 전문 소매업,11,서울특별시,11305,강북구,11305535,미아동,1130510100,미아동,1130510100103040002,1,대지,304,2,서울특별시 강북구 미아동 304-2,113053005039,서울특별시 강북구 도봉로,191,,1130510100103040002030751,상아빌딩,서울특별시 강북구 도봉로 191,142812,01170,,4,,127.026054373848,37.6257661132742
MA0101202406A0571465,냥보스,,G2,소매,G221,기타 상품 소매,G22199,그 외 기타 상품 전문 소매업,G47859,그 외 기타 분류 안된 상품 전문 소매업,41,경기도,41570,김포시,41570253,고촌읍,4157025324,고촌읍,4157025324105330072,1,대지,533,72,경기도 김포시 고촌읍 신곡리 533-72,415703209105,경기도 김포시 고촌읍 장차로,9,,4157025324105330072000001,,경기도 김포시 고촌읍 장차로 9,415811,10126,,2,,126.770179773491,37.6030835808942
MA0101202406A0588969,아름다운가게아산배방점,,G2,소매,G221,기타 상품 소매,G22199,그 외 기타 상품 전문 소매업,G47859,그 외 기타 분류 안된 상품 전문 소매업,44,충청남도,44200,아산시,44200253,배방읍,4420025325,배방읍,4420025325118060000,1,대지,1806,,충청남도 아산시 배방읍 북수리 1806,442004855508,충청남도 아산시 배방읍 월천6길,91,,4420025325118060000000001,월천시티프라자,충청남도 아산시 배방읍 월천6길 91,336851,31494,,,,127.080703213456,36.7711477453531
MA0101202406A0595006,진강,,G2,소매,G221,기타 상품 소매,G22199,그 외 기타 상품 전문 소매업,G47859,그 외 기타 분류 안된 상품 전문 소매업,48,경상남도,48170,진주시,48170440,명석면,4817044030,명석면,4817044030100210007,1,대지,21,7,경상남도 진주시 명석면 용산리 21-7,481704797319,경상남도 진주시 명석면 진주대로1706번길,5,,4817044030100210007000001,,경상남도 진주시 명석면 진주대로1706번길 5,660951,52640,,,,128.031441166351,35.2194613720251
MA0101202406A0596180,엔에스모아샵,,G2,소매,G221,기타 상품 소매,G22199,그 외 기타 상품 전문 소매업,G47859,그 외 기타 분류 안된 상품 전문 소매업,11,서울특별시,11500,강서구,11500611,발산1동,1150010600,내발산동,1150010600107500011,1,대지,750,11,서울특별시 강서구 내발산동 750-11,115004145058,서울특별시 강서구 강서로47길,165,,1150010600107500011000001,,서울특별시 강서구 강서로47길 165,157937,07635,,9,,126.826917383628,37.5534365991788
MA0101202406A0554786,제이엘팜아그로,,G2,소매,G221,기타 상품 소매,G22199,그 외 기타 상품 전문 소매업,G47859,그 외 기타 분류 안된 상품 전문 소매업,47,경상북도,47770,영덕군,47770360,영해면,4777036031,영해면,4777036031102010000,1,대지,201,,경상북도 영덕군 영해면 괴시리 201,477704754242,경상북도 영덕군 영해면 예주목은길,135,,4777036031102010000000001,,경상북도 영덕군 영해면 예주목은길 135,766811,36416,,,,129.411150655897,36.5429444451659
MA0101202406A0579735,농켐,,G2,소매,G221,기타 상품 소매,G22199,그 외 기타 상품 전문 소매업,G47859,그 외 기타 분류 안된 상품 전문 소매업,44,충청남도,44230,논산시,44230360,연산면,4423036021,연산면,4423036021101600001,1,대지,160,1,충청남도 논산시 연산면 연산리 160-1,442303255041,충청남도 논산시 연산면 황산벌로,1498,,4423036021101600001000002,,충청남도 논산시 연산면 황산벌로 1498,320875,32911,,,,127.218180590304,36.2127800374782
MA0101202409A0038717,약초누리,,G2,소매,G221,기타 상품 소매,G22199,그 외 기타 상품 전문 소매업,G47859,그 외 기타 분류 안된 상품 전문 소매업,48,경상남도,48170,진주시,48170250,문산읍,4817025023,문산읍,4817025023112590055,1,대지,1259,55,경상남도 진주시 문산읍 삼곡리 1259-55,481704796462,경상남도 진주시 문산읍 동부로597번길,3,,4817025023112590055039938,,경상남도 진주시 문산읍 동부로597번길 3,660844,52834,,3,,128.165099320019,35.1683261853725
MA0101202409A0058491,큐파워테크,,G2,소매,G221,기타 상품 소매,G22199,그 외 기타 상품 전문 소매업,G47859,그 외 기타 분류 안된 상품 전문 소매업,41,경기도,41250,동두천시,41250535,중앙동,4125010300,생연동,4125010300104830099,1,대지,483,99,경기도 동두천시 생연동 483-99,412503215066,경기도 동두천시 평화로,2441,,4125010300104830099001321,,경기도 동두천시 평화로 2441,483130,11315,,,,127.057968291597,37.9058558563966
MA0101202409A0020611,동화,,G2,소매,G221,기타 상품 소매,G22199,그 외 기타 상품 전문 소매업,G47859,그 외 기타 분류 안된 상품 전문 소매업,41,경기도,41650,포천시,41650510,포천동,4165010100,신읍동,4165010100100580002,1,대지,58,2,경기도 포천시 신읍동 58-2,416503213059,경기도 포천시 중앙로,87,,4165010100100580002031926,신관앞광장신읍동포천시청,경기도 포천시 중앙로 87,487701,11147,,,,127.200345737498,37.8946991043107
MA0101202409A0037298,부자개발,,G2,소매,G221,기타 상품 소매,G22199,그 외 기타 상품 전문 소매업,G47859,그 외 기타 분류 안된 상품 전문 소매업,46,전라남도,46170,나주시,46170620,빛가람동,4617013400,빛가람동,4617013400102870001,1,대지,287,1,전라남도 나주시 빛가람동 287-1,461704685303,전라남도 나주시 배멧2길,17,,4617013400102870001000001,,전라남도 나주시 배멧2길 17,520350,58325,,2,,126.793352986091,35.0193490679555
MA0101202409A0038805,안티파이어,,G2,소매,G221,기타 상품 소매,G22199,그 외 기타 상품 전문 소매업,G47859,그 외 기타 분류 안된 상품 전문 소매업,41,경기도,41171,안양시 만안구,41171570,안양7동,4117110100,안양동,4117110100102040015,1,대지,204,15,경기도 안양시 만안구 안양동 204-15,411714346053,경기도 안양시 만안구 덕천로34번길,35,,4117110100102040015020759,,경기도 안양시 만안구 덕천로34번길 35,430817,14088,,5,,126.938178184781,37.3849231230395
MA0101202409A0047059,꾸밈,,G2,소매,G221,기타 상품 소매,G22199,그 외 기타 상품 전문 소매업,G47859,그 외 기타 분류 안된 상품 전문 소매업,29,광주광역시,29155,남구,29155520,방림1동,2915511400,방림동,2915511400103500014,1,대지,350,14,광주광역시 남구 방림동 350-14,291553161013,광주광역시 남구 오방로,97,,2915511400103500014000881,,광주광역시 남구 오방로 97,503802,61666,,1,,126.918706725183,35.1339629644045
MA0101202408A0053226,부자왕겨,,G2,소매,G221,기타 상품 소매,G22199,그 외 기타 상품 전문 소매업,G47859,그 외 기타 분류 안된 상품 전문 소매업,46,전라남도,46840,무안군,46840330,청계면,4684033033,청계면,4684033033105600013,1,대지,560,13,전라남도 무안군 청계면 청수리 560-13,468404688382,전라남도 무안군 청계면 청계공단길,130,,4684033033105600013018957,,전라남도 무안군 청계면 청계공단길 130,534833,58544,,,,126.436610077051,34.9426193319916
MA0101202408A0059702,유일공방,,G2,소매,G221,기타 상품 소매,G22199,그 외 기타 상품 전문 소매업,G47859,그 외 기타 분류 안된 상품 전문 소매업,52,전북특별자치도,52210,김제시,52210420,금구면,5221042027,금구면,5221042027100270008,1,대지,27,8,전북특별자치도 김제시 금구면 대화리 27-8,522103272091,전북특별자치도 김제시 금구면 선비로,1240,,4521042027100270008000001,,전북특별자치도 김제시 금구면 선비로 1240,576943,54341,,,,127.046328605051,35.7938965310001
MA0101202409A0004134,끼윙아어딨니,,G2,소매,G221,기타 상품 소매,G22199,그 외 기타 상품 전문 소매업,G47859,그 외 기타 분류 안된 상품 전문 소매업,51,강원특별자치도,51720,홍천군,51720330,내촌면,5172033021,내촌면,5172033021111630005,1,대지,1163,5,강원특별자치도 홍천군 내촌면 물걸리 1163-5,517203225044,강원특별자치도 홍천군 내촌면 장수원로,393,,4272033021111630005000001,,강원특별자치도 홍천군 내촌면 장수원로 393,250864,25162,,,,128.126201262451,37.766093104598
MA0101202409A0008288,소품샵제주베네핏서울점,,G2,소매,G221,기타 상품 소매,G22199,그 외 기타 상품 전문 소매업,G47859,그 외 기타 분류 안된 상품 전문 소매업,11,서울특별시,11560,영등포구,11560560,당산2동,1156011700,당산동,1156011700101210162,1,대지,121,162,서울특별시 영등포구 당산동 121-162,115604154085,서울특별시 영등포구 국회대로55길,10,,1156011700101210162028714,계룡오피스텔,서울특별시 영등포구 국회대로55길 10,150040,07229,,,,126.90835427505,37.5260383897021
MA0101202409A0013771,불교용품상회,,G2,소매,G221,기타 상품 소매,G22199,그 외 기타 상품 전문 소매업,G47859,그 외 기타 분류 안된 상품 전문 소매업,11,서울특별시,11260,중랑구,11260655,망우본동,1126010500,망우동,1126010500104640029,1,대지,464,29,서울특별시 중랑구 망우동 464-29,112604118158,서울특별시 중랑구 망우로62길,69,,1126010500104640029003837,우림시장,서울특별시 중랑구 망우로62길 69,131809,02166,,,,127.09927347028,37.5964360838531
MA0101202409A0019276,랑지몰,,G2,소매,G221,기타 상품 소매,G22199,그 외 기타 상품 전문 소매업,G47859,그 외 기타 분류 안된 상품 전문 소매업,27,대구광역시,27290,달서구,27290535,두류1.2동,2729010200,두류동,2729010200112370000,1,대지,1237,,대구광역시 달서구 두류동 1237,272904241144,대구광역시 달서구 두류남5길,15,,2729010200112370000025354,,대구광역시 달서구 두류남5길 15,704907,42664,,3,,128.572173215008,35.8564667334558
MA0101202409A0047146,에이치알엠디케이,,G2,소매,G221,기타 상품 소매,G22199,그 외 기타 상품 전문 소매업,G47859,그 외 기타 분류 안된 상품 전문 소매업,41,경기도,41570,김포시,41570256,양촌읍,4157025625,양촌읍,4157025625100150001,1,대지,15,1,경기도 김포시 양촌읍 대포리 15-1,415704427606,경기도 김포시 양촌읍 향동로21번길,50,1,4157025625100150001000002,,경기도 김포시 양촌읍 향동로21번길 50-1,415823,10069,,2,,126.635203563486,37.6238265858929
MA0101202409A0048409,별밤토이,,G2,소매,G221,기타 상품 소매,G22199,그 외 기타 상품 전문 소매업,G47859,그 외 기타 분류 안된 상품 전문 소매업,41,경기도,41310,구리시,41310570,수택1동,4131010500,수택동,4131010500104090003,1,대지,409,3,경기도 구리시 수택동 409-3,413104388018,경기도 구리시 검배로6번길,15,,4131010500104090003003710,,경기도 구리시 검배로6번길 15,471815,11928,,2,,127.140769491698,37.5999347793194
MA0101202409A0060499,워크업남양주화도점,,G2,소매,G221,기타 상품 소매,G22199,그 외 기타 상품 전문 소매업,G47859,그 외 기타 분류 안된 상품 전문 소매업,41,경기도,41360,남양주시,41360256,화도읍,4136025629,화도읍,4136025629100460005,1,대지,46,5,경기도 남양주시 화도읍 녹촌리 46-5,413604856439,경기도 남양주시 화도읍 경춘로1876번길,56,,4136025629200140016000001,드림,경기도 남양주시 화도읍 경춘로1876번길 56,472843,12187,,,,127.296497233807,37.6482724113698
MA0101202409A0009788,씨앤케이개발,,G2,소매,G221,기타 상품 소매,G22199,그 외 기타 상품 전문 소매업,G47859,그 외 기타 분류 안된 상품 전문 소매업,31,울산광역시,31170,동구,31170510,방어동,3117010100,방어동,3117010100100640001,1,대지,64,1,울산광역시 동구 방어동 64-1,311704313292,울산광역시 동구 등대2길,21,,3117010100100640001000001,,울산광역시 동구 등대2길 21,682803,44059,,1,,129.428156043256,35.4907686765752
MA0101202409A0032977,케이시스템,,G2,소매,G221,기타 상품 소매,G22199,그 외 기타 상품 전문 소매업,G47859,그 외 기타 분류 안된 상품 전문 소매업,48,경상남도,48310,거제시,48310580,고현동,4831010900,고현동,4831010900109610086,1,대지,961,86,경상남도 거제시 고현동 961-86,483104811032,경상남도 거제시 거제중앙로24길,11,,4831010900109610086025105,,경상남도 거제시 거제중앙로24길 11,656935,53251,,,,128.624182456867,34.8887341330527
MA0101202409A0056698,스탠다드켐,,G2,소매,G221,기타 상품 소매,G22199,그 외 기타 상품 전문 소매업,G47859,그 외 기타 분류 안된 상품 전문 소매업,11,서울특별시,11680,강남구,11680690,개포4동,1168010300,개포동,1168010300111940004,1,대지,1194,4,서울특별시 강남구 개포동 1194-4,116803121022,서울특별시 강남구 논현로,42,,1168010300101940004020972,글로리빌딩,서울특별시 강남구 논현로 42,135962,06312,,3,,127.0482050711,37.4745716168305
MA0101202409A0065053,그외기타상품전문소매업,,G2,소매,G221,기타 상품 소매,G22199,그 외 기타 상품 전문 소매업,G47859,그 외 기타 분류 안된 상품 전문 소매업,41,경기도,41135,성남시 분당구,41135510,분당동,4113510100,분당동,4113510100101280008,1,대지,128,8,경기도 성남시 분당구 분당동 128-8,411354340240,경기도 성남시 분당구 서현로494번길,8,,4113510100101280008065106,,경기도 성남시 분당구 서현로494번길 8,463832,13584,,,,127.147044044125,37.3696926394414
MA0101202409A0001330,온하컴퍼니,,G2,소매,G221,기타 상품 소매,G22199,그 외 기타 상품 전문 소매업,G47859,그 외 기타 분류 안된 상품 전문 소매업,11,서울특별시,11290,성북구,11290760,장위1동,1129013800,장위동,1129013800102330563,1,대지,233,563,서울특별시 성북구 장위동 233-563,112904121557,서울특별시 성북구 장위로20길,29,6,1129013800102330563014014,,서울특별시 성북구 장위로20길 29-6,136837,02744,,,,127.043457726587,37.6124263670897
MA0101202409A0022154,카페블랙다이아몬드,,G2,소매,G221,기타 상품 소매,G22199,그 외 기타 상품 전문 소매업,G47859,그 외 기타 분류 안된 상품 전문 소매업,52,전북특별자치도,52113,전주시 덕진구,52113525,진북동,5211310200,진북동,5211310200111490001,1,대지,1149,1,전북특별자치도 전주시 덕진구 진북동 1149-1,521134601265,전북특별자치도 전주시 덕진구 숲정이3길,11,1,4511310200111490001007537,,전북특별자치도 전주시 덕진구 숲정이3길 11-1,561839,54938,,,,127.131710791706,35.829793645835
MA0101202409A0023546,그레이스뜨개,,G2,소매,G221,기타 상품 소매,G22199,그 외 기타 상품 전문 소매업,G47859,그 외 기타 분류 안된 상품 전문 소매업,48,경상남도,48310,거제시,48310590,상문동,4831011100,문동동,4831011100100240000,1,대지,24,,경상남도 거제시 문동동 24,483104811246,경상남도 거제시 문동폭포길,99,,4831011100100240000000001,,경상남도 거제시 문동폭포길 99,656301,53297,,,,128.659349471645,34.8572463605715
MA0101202409A0026186,픽업손세차,,G2,소매,G221,기타 상품 소매,G22199,그 외 기타 상품 전문 소매업,G47859,그 외 기타 분류 안된 상품 전문 소매업,47,경상북도,47920,봉화군,47920250,봉화읍,4792025031,봉화읍,4792025031104760009,1,대지,476,9,경상북도 봉화군 봉화읍 내성리 476-9,479204772040,경상북도 봉화군 봉화읍 교촌1길,16,1,4792025031104760009000001,,경상북도 봉화군 봉화읍 교촌1길 16-1,755805,36238,,1,,128.735550863296,36.8851494486427
MA0101202409A0026206,문점희,,G2,소매,G221,기타 상품 소매,G22199,그 외 기타 상품 전문 소매업,G47859,그 외 기타 분류 안된 상품 전문 소매업,31,울산광역시,31140,남구,31140585,삼호동,3114010100,무거동,3114010100114610001,1,대지,1461,1,울산광역시 남구 무거동 1461-1,311404310041,울산광역시 남구 남부순환도로27번길,28,12,3114010100114610001033682,,울산광역시 남구 남부순환도로27번길 28-12,680810,44641,,,,129.265970407742,35.5492691186626
MA0101202409A0028909,벧엘FooD,,G2,소매,G221,기타 상품 소매,G22199,그 외 기타 상품 전문 소매업,G47859,그 외 기타 분류 안된 상품 전문 소매업,44,충청남도,44710,금산군,44710340,군북면,4471034022,군북면,4471034022107170000,1,대지,717,,충청남도 금산군 군북면 내부리 717,447103257045,충청남도 금산군 군북면 일흔이재로,17,29,4471034022107170000000001,,충청남도 금산군 군북면 일흔이재로 17-29,312831,32721,,1,,127.499275721791,36.1330105928117
MA0101202409A0056815,대성하드웨어,,G2,소매,G221,기타 상품 소매,G22199,그 외 기타 상품 전문 소매업,G47859,그 외 기타 분류 안된 상품 전문 소매업,48,경상남도,48250,김해시,48250540,내외동,4825010800,내동,4825010800111140008,1,대지,1114,8,경상남도 김해시 내동 1114-8,482503335074,경상남도 김해시 우암로,59,,4825010800111140008087856,,경상남도 김해시 우암로 59,621903,50951,,1,,128.860834691669,35.2360294763428
MA0101202409A0059992,해신낚시,,G2,소매,G221,기타 상품 소매,G22199,그 외 기타 상품 전문 소매업,G47859,그 외 기타 분류 안된 상품 전문 소매업,44,충청남도,44825,태안군,44825253,안면읍,4482525323,안면읍,4482525323121940001,1,대지,2194,1,충청남도 태안군 안면읍 창기리 2194-1,448254592118,충청남도 태안군 안면읍 백사장1길,77,,4482525323121940001000001,,충청남도 태안군 안면읍 백사장1길 77,357965,32162,,1,,126.318624372798,36.5847750861315
MA0101202409A0063168,금테산업,,G2,소매,G221,기타 상품 소매,G22199,그 외 기타 상품 전문 소매업,G47859,그 외 기타 분류 안된 상품 전문 소매업,11,서울특별시,11680,강남구,11680640,역삼1동,1168010100,역삼동,1168010100106030004,1,대지,603,4,서울특별시 강남구 역삼동 603-4,116804166336,서울특별시 강남구 봉은사로16길,14,,1168010100106030004022128,,서울특별시 강남구 봉은사로16길 14,135907,06124,,B1,,127.029699495009,37.5054552484524
MA0101202409A0075376,석무언당,,G2,소매,G221,기타 상품 소매,G22199,그 외 기타 상품 전문 소매업,G47859,그 외 기타 분류 안된 상품 전문 소매업,43,충청북도,43130,충주시,43130385,중앙탑면,4313038523,중앙탑면,4313038523105690003,1,대지,569,3,충청북도 충주시 중앙탑면 가흥리 569-3,431303197001,충청북도 충주시 중앙탑면 가곡로,1967,,4313038023105690003054563,,충청북도 충주시 중앙탑면 가곡로 1967,380921,27446,,,,127.846757381477,37.0769752796865
MA0101202409A0011242,골드,,G2,소매,G221,기타 상품 소매,G22199,그 외 기타 상품 전문 소매업,G47859,그 외 기타 분류 안된 상품 전문 소매업,44,충청남도,44131,천안시 동남구,44131520,문성동,4413110200,성황동,4413110200100100012,1,대지,10,12,충청남도 천안시 동남구 성황동 10-12,441313249006,충청남도 천안시 동남구 대흥로,322,9,4413110200100100012009096,,충청남도 천안시 동남구 대흥로 322-9,330130,31122,,,,127.15104436282,36.816243013352
MA0101202409A0039088,청대통신,,G2,소매,G221,기타 상품 소매,G22199,그 외 기타 상품 전문 소매업,G47859,그 외 기타 분류 안된 상품 전문 소매업,43,충청북도,43114,청주시 청원구,43114530,내덕2동,4311410200,내덕동,4311410200101210004,1,대지,121,4,충청북도 청주시 청원구 내덕동 121-4,431143236036,충청북도 청주시 청원구 안덕벌로,66,1,4311111400101210004036770,,충청북도 청주시 청원구 안덕벌로 66-1,363804,28497,,,,127.495690371016,36.6583680390041
MA0101202409A0055421,백두대간자연산약초,,G2,소매,G221,기타 상품 소매,G22199,그 외 기타 상품 전문 소매업,G47859,그 외 기타 분류 안된 상품 전문 소매업,43,충청북도,43750,진천군,43750250,진천읍,4375025025,진천읍,4375025025105320002,1,대지,532,2,충청북도 진천군 진천읍 성석리 532-2,437504535078,충청북도 진천군 진천읍 대촌1길,17,,4375025025105320002023943,,충청북도 진천군 진천읍 대촌1길 17,365806,27849,,,,127.446316135966,36.8622684340036
MA0101202409A0055480,제이엠소방,,G2,소매,G221,기타 상품 소매,G22199,그 외 기타 상품 전문 소매업,G47859,그 외 기타 분류 안된 상품 전문 소매업,41,경기도,41131,성남시 수정구,41131580,수진2동,4113110300,수진동,4113110300142490000,1,대지,4249,,경기도 성남시 수정구 수진동 4249,411314334252,경기도 성남시 수정구 성남대로1180번길,19,3,4113110300142490000036477,,경기도 성남시 수정구 성남대로1180번길 19-3,461873,13325,,,,127.130890899005,37.4357383911655
MA0101202409A0003050,대경무인항공,,G2,소매,G221,기타 상품 소매,G22199,그 외 기타 상품 전문 소매업,G47859,그 외 기타 분류 안된 상품 전문 소매업,47,경상북도,47820,청도군,47820340,이서면,4782034054,이서면,4782034054101960000,1,대지,196,,경상북도 청도군 이서면 팔조리 196,478204757483,경상북도 청도군 이서면 팔조길,133,19,4782034054101960000029101,,경상북도 청도군 이서면 팔조길 133-19,714852,38319,,,,128.681980215285,35.7083454442667
MA0101202409A0016914,팡팡,,G2,소매,G221,기타 상품 소매,G22199,그 외 기타 상품 전문 소매업,G47859,그 외 기타 분류 안된 상품 전문 소매업,52,전북특별자치도,52140,익산시,52140690,삼성동,5214013400,부송동,5214013400102160084,1,대지,216,84,전북특별자치도 익산시 부송동 216-84,521403016011,전북특별자치도 익산시 무왕로,1272,,4514013400102160084058709,,전북특별자치도 익산시 무왕로 1272,570972,54557,,2,,126.997705322643,35.9603847528899
MA0101202409A0020950,위드스,,G2,소매,G221,기타 상품 소매,G22199,그 외 기타 상품 전문 소매업,G47859,그 외 기타 분류 안된 상품 전문 소매업,46,전라남도,46150,순천시,46150560,조곡동,4615011100,조곡동,4615011100105030001,1,대지,503,1,전라남도 순천시 조곡동 503-1,461503283008,전라남도 순천시 봉화로,39,,4615011100200130009054289,,전라남도 순천시 봉화로 39,540963,57943,,,,127.494486939068,34.9562777826934
MA0101202409A0046226,전담GATE,잠실새내점,G2,소매,G221,기타 상품 소매,G22199,그 외 기타 상품 전문 소매업,G47859,그 외 기타 분류 안된 상품 전문 소매업,11,서울특별시,11710,송파구,11710650,잠실본동,1171010100,잠실동,1171010100101830009,1,대지,183,9,서울특별시 송파구 잠실동 183-9,117104169204,서울특별시 송파구 백제고분로7길,51,,1171010100101830009000615,일부,서울특별시 송파구 백제고분로7길 51,138861,05558,,1,,127.08467115881,37.5108707045282
MA0101202409A0076910,법인덤아세,,G2,소매,G221,기타 상품 소매,G22199,그 외 기타 상품 전문 소매업,G47859,그 외 기타 분류 안된 상품 전문 소매업,52,전북특별자치도,52140,익산시,52140350,성당면,5214035021,성당면,5214035021109240000,1,대지,924,,전북특별자치도 익산시 성당면 장선리 924,521404607015,전북특별자치도 익산시 성당면 간지평길,400,,4514035021109240000000001,,전북특별자치도 익산시 성당면 간지평길 400,570851,54505,,,,126.939464488082,36.0885063812399
MA0101202409A0031936,이엑스알EXR스포츠센터여탕매점,,G2,소매,G221,기타 상품 소매,G22199,그 외 기타 상품 전문 소매업,G47859,그 외 기타 분류 안된 상품 전문 소매업,31,울산광역시,31170,동구,31170520,일산동,3117010300,일산동,3117010300105770001,1,대지,577,1,울산광역시 동구 일산동 577-1,311702011001,울산광역시 동구 방어진순환도로,637,,3117010300105770001000001,홈플러스,울산광역시 동구 방어진순환도로 637,682811,44068,,8,,129.427477240955,35.4989638217677
MA0101202409A0055545,명성종합상사,,G2,소매,G221,기타 상품 소매,G22199,그 외 기타 상품 전문 소매업,G47859,그 외 기타 분류 안된 상품 전문 소매업,30,대전광역시,30200,유성구,30200610,원신흥동,3020011100,봉명동,3020011100110460016,1,대지,1046,16,대전광역시 유성구 봉명동 1046-16,302004301523,대전광역시 유성구 봉명서로20번길,17,7,3020011100110460016000001,,대전광역시 유성구 봉명서로20번길 17-7,305315,34190,,1,,127.342041431239,36.3447122750928
MA0101202409A0006114,송산수석,,G2,소매,G221,기타 상품 소매,G22199,그 외 기타 상품 전문 소매업,G47859,그 외 기타 분류 안된 상품 전문 소매업,26,부산광역시,26110,중구,26110520,동광동,2611011200,동광동2가,2611011200100160001,1,대지,16,1,부산광역시 중구 동광동2가 16-1,261104175018,부산광역시 중구 광복로97번길,25,1,2611011200100160001001264,,부산광역시 중구 광복로97번길 25-1,600022,48951,,,,129.034556905769,35.1009058553357
MA0101202409A0033402,반도낚시,,G2,소매,G221,기타 상품 소매,G22199,그 외 기타 상품 전문 소매업,G47859,그 외 기타 분류 안된 상품 전문 소매업,26,부산광역시,26200,영도구,26200550,영선2동,2620011100,영선동4가,2620011100101070000,1,대지,107,,부산광역시 영도구 영선동4가 107,262004184381,부산광역시 영도구 해안산책길,23,,2620011100101070000002669,,부산광역시 영도구 해안산책길 23,606816,49079,,,,129.040516429999,35.0830795601842
MA0101202409A0043532,엠지세이프티,,G2,소매,G221,기타 상품 소매,G22199,그 외 기타 상품 전문 소매업,G47859,그 외 기타 분류 안된 상품 전문 소매업,41,경기도,41463,용인시 기흥구,41463535,보라동,4146310500,보라동,4146310500104760003,1,대지,476,3,경기도 용인시 기흥구 보라동 476-3,414634412268,경기도 용인시 기흥구 하갈로15번길,54,,4146310500104740006228505,천안물류센터,경기도 용인시 기흥구 하갈로15번길 54,446904,17099,,,,127.10307558879,37.2483967592568
MA0101202409A0008925,월드산업,,G2,소매,G221,기타 상품 소매,G22199,그 외 기타 상품 전문 소매업,G47859,그 외 기타 분류 안된 상품 전문 소매업,47,경상북도,47170,안동시,47170660,송하동,4717013600,송현동,4717013600102320001,1,대지,232,1,경상북도 안동시 송현동 232-1,471703018013,경상북도 안동시 경동로,361,16,4717013600102320001053464,,경상북도 안동시 경동로 361-16,760300,36631,,,,128.699044004305,36.5728646244852
MA0101202409A0065635,풍기인삼공인협동조합,,G2,소매,G221,기타 상품 소매,G22199,그 외 기타 상품 전문 소매업,G47859,그 외 기타 분류 안된 상품 전문 소매업,47,경상북도,47210,영주시,47210250,풍기읍,4721025021,풍기읍,4721025021101720002,1,대지,172,2,경상북도 영주시 풍기읍 성내리 172-2,472103309053,경상북도 영주시 풍기읍 인삼로,30,,4721025021101720002000001,,경상북도 영주시 풍기읍 인삼로 30,750805,36024,,1,,128.523214985762,36.8710776261738
MA0101202409A0028181,원스탑팜,,G2,소매,G221,기타 상품 소매,G22199,그 외 기타 상품 전문 소매업,G47859,그 외 기타 분류 안된 상품 전문 소매업,52,전북특별자치도,52710,완주군,52710330,이서면,5271033024,이서면,5271033024106400002,1,대지,640,2,전북특별자치도 완주군 이서면 갈산리 640-2,527103016076,전북특별자치도 완주군 이서면 출판로,18,,4571033024106400002000001,,전북특별자치도 완주군 이서면 출판로 18,565851,55365,,,,127.054700774798,35.8394697939341
MA0101202409A0036642,아바몰,,G2,소매,G221,기타 상품 소매,G22199,그 외 기타 상품 전문 소매업,G47859,그 외 기타 분류 안된 상품 전문 소매업,27,대구광역시,27290,달서구,27290535,두류1.2동,2729010200,두류동,2729010200112370000,1,대지,1237,,대구광역시 달서구 두류동 1237,272904241144,대구광역시 달서구 두류남5길,15,,2729010200112370000025354,,대구광역시 달서구 두류남5길 15,704907,42664,,3,,128.572173215008,35.8564667334558
MA0101202409A0068139,옥천다원,,G2,소매,G221,기타 상품 소매,G22199,그 외 기타 상품 전문 소매업,G47859,그 외 기타 분류 안된 상품 전문 소매업,48,경상남도,48820,고성군,48820380,개천면,4882038026,개천면,4882038026104080000,1,대지,408,,경상남도 고성군 개천면 북평리 408,488203342025,경상남도 고성군 개천면 연화산1로,471,9,4882038026104080000036357,,경상남도 고성군 개천면 연화산1로 471-9,638982,52904,,,,128.262083051731,35.0808486117918
MA0101202409A0068937,권무진,,G2,소매,G221,기타 상품 소매,G22199,그 외 기타 상품 전문 소매업,G47859,그 외 기타 분류 안된 상품 전문 소매업,36,세종특별자치시,36110,세종특별자치시,36110360,연서면,3611036026,연서면,3611036026106030003,1,대지,603,3,세종특별자치시 세종특별자치시 연서면 쌍류리 603-3,361103258012,세종특별자치시 세종특별자치시 연서면 비암로,112,,3611036026106030003000001,,세종특별자치시 세종특별자치시 연서면 비암로 112,339811,30041,,,,127.205402563166,36.602369662585
MA0101202409A0002000,경신당,,G2,소매,G221,기타 상품 소매,G22199,그 외 기타 상품 전문 소매업,G47859,그 외 기타 분류 안된 상품 전문 소매업,41,경기도,41390,시흥시,41390640,능곡동,4139012800,군자동,4139012800100010001,1,대지,1,1,경기도 시흥시 군자동 1-1,413904397458,경기도 시흥시 영각사길,27,39,4139012800100010001012604,,경기도 시흥시 영각사길 27-39,429802,14997,,,,126.797631075957,37.3554918469875
MA0101202409A0020140,그외기타상품전문소매업,,G2,소매,G221,기타 상품 소매,G22199,그 외 기타 상품 전문 소매업,G47859,그 외 기타 분류 안된 상품 전문 소매업,11,서울특별시,11170,용산구,11170660,이태원2동,1117013000,이태원동,1117013000102080026,1,대지,208,26,서울특별시 용산구 이태원동 208-26,111704106502,서울특별시 용산구 회나무로44가길,42,,1117013000102080026008458,,서울특별시 용산구 회나무로44가길 42,140857,04346,,,,126.993799509172,37.5384355205648
MA0101202409A0022874,그외기타상품전문소매업,,G2,소매,G221,기타 상품 소매,G22199,그 외 기타 상품 전문 소매업,G47859,그 외 기타 분류 안된 상품 전문 소매업,48,경상남도,48890,합천군,48890250,합천읍,4889025027,합천읍,4889025027101330000,1,대지,133,,경상남도 합천군 합천읍 외곡리 133,488903348010,경상남도 합천군 합천읍 마령로,593,17,4889025027101330000000001,,경상남도 합천군 합천읍 마령로 593-17,678802,50227,,,,128.147615406534,35.6328331802409
MA0101202409A0069869,토베이스튜디오,,G2,소매,G221,기타 상품 소매,G22199,그 외 기타 상품 전문 소매업,G47859,그 외 기타 분류 안된 상품 전문 소매업,11,서울특별시,11440,마포구,11440660,서교동,1144012000,서교동,1144012000103670013,1,대지,367,13,서울특별시 마포구 서교동 367-13,114403113020,서울특별시 마포구 잔다리로,28,,1144012000103670013010362,,서울특별시 마포구 잔다리로 28,121893,04042,,7,,126.920251292289,37.551175912073
MA0101202409A0006517,새한소방기술광,양지점,G2,소매,G221,기타 상품 소매,G22199,그 외 기타 상품 전문 소매업,G47859,그 외 기타 분류 안된 상품 전문 소매업,46,전라남도,46230,광양시,46230250,광양읍,4623025023,광양읍,4623025023109550006,1,대지,955,6,전라남도 광양시 광양읍 칠성리 955-6,462304655234,전라남도 광양시 광양읍 서천1길,7,,4623025023109550006024894,,전라남도 광양시 광양읍 서천1길 7,545809,57754,,,,127.58114224232,34.9701267603009
MA0101202409A0010593,강선당,,G2,소매,G221,기타 상품 소매,G22199,그 외 기타 상품 전문 소매업,G47859,그 외 기타 분류 안된 상품 전문 소매업,11,서울특별시,11260,중랑구,11260570,면목7동,1126010100,면목동,1126010100106490017,1,대지,649,17,서울특별시 중랑구 면목동 649-17,112604118368,서울특별시 중랑구 사가정로50길,15,,1126010100106490017019916,,서울특별시 중랑구 사가정로50길 15,131828,02238,,1,,127.086447667335,37.5801111833311
MA0101202409A0021482,디에스피에이,코리아,G2,소매,G221,기타 상품 소매,G22199,그 외 기타 상품 전문 소매업,G47859,그 외 기타 분류 안된 상품 전문 소매업,11,서울특별시,11530,구로구,11530530,구로2동,1153010200,구로동,1153010200112580000,1,대지,1258,,서울특별시 구로구 구로동 1258,115304148108,서울특별시 구로구 경인로53길,15,,1153010200112580000017234,구로유통상가,서울특별시 구로구 경인로53길 15,152721,08217,,,,126.876118294779,37.5020332748086
MA0101202409A0044041,장용수,,G2,소매,G221,기타 상품 소매,G22199,그 외 기타 상품 전문 소매업,G47859,그 외 기타 분류 안된 상품 전문 소매업,47,경상북도,47280,문경시,47280600,점촌4동,4728010600,신기동,4728010600100970020,1,대지,97,20,경상북도 문경시 신기동 97-20,472804736402,경상북도 문경시 신기3길,12,12,4728010600100970020028583,,경상북도 문경시 신기3길 12-12,745060,36988,,,,128.170231264064,36.6365750807784
MA0101202409A0023011,제이제이디벨로먼트,,G2,소매,G221,기타 상품 소매,G22199,그 외 기타 상품 전문 소매업,G47859,그 외 기타 분류 안된 상품 전문 소매업,11,서울특별시,11680,강남구,11680531,논현2동,1168010800,논현동,1168010800100650024,1,대지,65,24,서울특별시 강남구 논현동 65-24,116804166583,서울특별시 강남구 언주로147길,42,,1168010800100650024005438,,서울특별시 강남구 언주로147길 42,135816,06049,,2,,127.030960559859,37.519204248849
MA0101202409A0053486,이더카가발,,G2,소매,G221,기타 상품 소매,G22199,그 외 기타 상품 전문 소매업,G47859,그 외 기타 분류 안된 상품 전문 소매업,52,전북특별자치도,52180,정읍시,52180545,시기동,5218010400,시기동,5218010400101940035,1,대지,194,35,전북특별자치도 정읍시 시기동 194-35,521804610215,전북특별자치도 정읍시 대흥3길,21,14,4518010400101940035082929,,전북특별자치도 정읍시 대흥3길 21-14,580060,56162,,2,,126.849967634715,35.5672208479468
MA0101202409A0071601,미뮤드붙임머리,,G2,소매,G221,기타 상품 소매,G22199,그 외 기타 상품 전문 소매업,G47859,그 외 기타 분류 안된 상품 전문 소매업,41,경기도,41115,수원시 팔달구,41115730,인계동,4111514100,인계동,4111514100110400000,1,대지,1040,,경기도 수원시 팔달구 인계동 1040,411154328229,경기도 수원시 팔달구 인계로124번길,27,10,4111514100110400000060266,엘리시아IT타워,경기도 수원시 팔달구 인계로124번길 27-10,442834,16489,,11,,127.031036934077,37.2658907606557
MA0101202409A0028550,판게아열린사회,,G2,소매,G221,기타 상품 소매,G22199,그 외 기타 상품 전문 소매업,G47859,그 외 기타 분류 안된 상품 전문 소매업,31,울산광역시,31200,북구,31200530,농소3동,3120010800,천곡동,3120010800108790001,1,대지,879,1,울산광역시 북구 천곡동 879-1,312004316263,울산광역시 북구 음달길,79,2,3120010800108790001000001,,울산광역시 북구 음달길 79-2,683500,44200,,,,129.32222578852,35.6451697108788
MA0101202409A0029884,연합수족관,,G2,소매,G221,기타 상품 소매,G22199,그 외 기타 상품 전문 소매업,G47859,그 외 기타 분류 안된 상품 전문 소매업,28,인천광역시,28110,중구,28110520,연안동,2811011800,항동7가,2811011800100870013,1,대지,87,13,인천광역시 중구 항동7가 87-13,281104247189,인천광역시 중구 연안부두로75번길,11,,2811011800100870013037178,,인천광역시 중구 연안부두로75번길 11,400802,22348,,1,,126.599767687196,37.4529281966847
MA0101202409A0034200,디케이,,G2,소매,G221,기타 상품 소매,G22199,그 외 기타 상품 전문 소매업,G47859,그 외 기타 분류 안된 상품 전문 소매업,28,인천광역시,28140,동구,28140610,송림4동,2814010700,송림동,2814010700102940000,1,대지,294,,인천광역시 동구 송림동 294,281404250070,인천광역시 동구 방축로83번길,23,,2814010700102940000004016,인천산업용품유통단지,인천광역시 동구 방축로83번길 23,401705,22530,,,,126.654796465778,37.4848261851048
MA0101202409A0035533,백순란,,G2,소매,G221,기타 상품 소매,G22199,그 외 기타 상품 전문 소매업,G47859,그 외 기타 분류 안된 상품 전문 소매업,31,울산광역시,31140,남구,31140560,달동,3114010500,달동,3114010500106120027,1,대지,612,27,울산광역시 남구 달동 612-27,311404310396,울산광역시 남구 삼산로155번길,29,1,3114010500106120027013884,,울산광역시 남구 삼산로155번길 29-1,680801,44694,,,,129.32320279428,35.5392769988658
MA0101202409A0053510,진원상사,,G2,소매,G221,기타 상품 소매,G22199,그 외 기타 상품 전문 소매업,G47859,그 외 기타 분류 안된 상품 전문 소매업,46,전라남도,46230,광양시,46230530,중마동,4623010700,마동,4623010700111530003,1,대지,1153,3,전라남도 광양시 마동 1153-3,462304655569,전라남도 광양시 눈소4길,5,,4623010700111530003000001,,전라남도 광양시 눈소4길 5,545070,57798,,1,,127.705304687413,34.9393634616021
MA0101202409A0053572,그외기타상품전문소매업,,G2,소매,G221,기타 상품 소매,G22199,그 외 기타 상품 전문 소매업,G47859,그 외 기타 분류 안된 상품 전문 소매업,28,인천광역시,28260,서구,28260720,오류왕길동,2826011900,오류동,2826011900116560001,1,대지,1656,1,인천광역시 서구 오류동 1656-1,282603156156,인천광역시 서구 보듬로,158,,2826011900116560001000001,미플존,인천광역시 서구 보듬로 158,404300,22664,,,,126.614890052624,37.5958675696797
MA0101202409A0073065,그외기타상품전문소매업,,G2,소매,G221,기타 상품 소매,G22199,그 외 기타 상품 전문 소매업,G47859,그 외 기타 분류 안된 상품 전문 소매업,51,강원특별자치도,51790,화천군,51790330,상서면,5179033025,상서면,5179033025108200000,1,대지,820,,강원특별자치도 화천군 상서면 파포리 820,517903231001,강원특별자치도 화천군 상서면 계파로,1283,124,4279033025008200000000322,,강원특별자치도 화천군 상서면 계파로 1283-124,209811,24106,,,,127.631049925968,38.1643615423799
MA0101202409A0073301,김남중,,G2,소매,G221,기타 상품 소매,G22199,그 외 기타 상품 전문 소매업,G47859,그 외 기타 분류 안된 상품 전문 소매업,26,부산광역시,26470,연제구,26470700,연산6동,2647010200,연산동,2647010200119410181,1,대지,1941,181,부산광역시 연제구 연산동 1941-181,264704211279,부산광역시 연제구 연수로148번길,8,35,2647010200119410181013883,,부산광역시 연제구 연수로148번길 8-35,611825,47610,,,,129.087291807611,35.173174217583
MA0101202408A0052951,그린퇴비,,G2,소매,G221,기타 상품 소매,G22199,그 외 기타 상품 전문 소매업,G47859,그 외 기타 분류 안된 상품 전문 소매업,46,전라남도,46860,함평군,46860340,엄다면,4686034022,엄다면,4686034022107480001,1,대지,748,1,전라남도 함평군 엄다면 송로리 748-1,468604691195,전라남도 함평군 엄다면 신송길,19,18,4686034022107480001028502,,전라남도 함평군 엄다면 신송길 19-18,525822,57164,,,,126.508267809301,35.0119398195565
MA0101202409A0006771,도깨비,,G2,소매,G221,기타 상품 소매,G22199,그 외 기타 상품 전문 소매업,G47859,그 외 기타 분류 안된 상품 전문 소매업,47,경상북도,47111,포항시 남구,47111256,오천읍,4711125630,오천읍,4711125630103670016,1,대지,367,16,경상북도 포항시 남구 오천읍 용덕리 367-16,471113303045,경상북도 포항시 남구 오천읍 정몽주로,636,,4711125630103670016056588,,경상북도 포항시 남구 오천읍 정몽주로 636,790908,37905,,,,129.41450044094,35.9746730021627
MA0101202409A0031327,모들,,G2,소매,G221,기타 상품 소매,G22199,그 외 기타 상품 전문 소매업,G47859,그 외 기타 분류 안된 상품 전문 소매업,41,경기도,41480,파주시,41480510,금촌1동,4148010100,금촌동,4148010100107860035,1,대지,786,35,경기도 파주시 금촌동 786-35,414804418084,경기도 파주시 금정2길,27,5,4148010100107860035026972,비,경기도 파주시 금정2길 27-5,413011,10923,,,,126.777775675338,37.7560569782554
MA0101202409A0138320,태풍,,G2,소매,G221,기타 상품 소매,G22199,그 외 기타 상품 전문 소매업,G47859,그 외 기타 분류 안된 상품 전문 소매업,44,충청남도,44270,당진시,44270320,석문면,4427032022,석문면,4427032022100200005,1,대지,20,5,충청남도 당진시 석문면 삼화리 20-5,442703265042,충청남도 당진시 석문면 북부산업로,2374,29,4427032022100200005000001,,충청남도 당진시 석문면 북부산업로 2374-29,343854,31704,,,,126.631266009663,36.9736838352585
MA0101202409A0153710,디앤지,,G2,소매,G221,기타 상품 소매,G22199,그 외 기타 상품 전문 소매업,G47859,그 외 기타 분류 안된 상품 전문 소매업,27,대구광역시,27230,북구,27230695,무태조야동,2723013100,연경동,2723013100109620003,1,대지,962,3,대구광역시 북구 연경동 962-3,272303352157,대구광역시 북구 연경지묘로,2,,2723013100109620003000001,,대구광역시 북구 연경지묘로 2,702130,41409,,4,,128.61532578976,35.942196009957
MA0101202409A0080646,리젠,,G2,소매,G221,기타 상품 소매,G22199,그 외 기타 상품 전문 소매업,G47859,그 외 기타 분류 안된 상품 전문 소매업,51,강원특별자치도,51130,원주시,51130560,일산동,5113010800,일산동,5113010800101930010,1,대지,193,10,강원특별자치도 원주시 일산동 193-10,511303219052,강원특별자치도 원주시 천사로,199,,4213010800101930010000001,,강원특별자치도 원주시 천사로 199,220957,26417,,1,,127.946198407967,37.35099762603
MA0101202409A0091879,누보,대리점,G2,소매,G221,기타 상품 소매,G22199,그 외 기타 상품 전문 소매업,G47859,그 외 기타 분류 안된 상품 전문 소매업,47,경상북도,47250,상주시,47250550,동문동,4725010600,서성동,4725010600100250006,1,대지,25,6,경상북도 상주시 서성동 25-6,472503311028,경상북도 상주시 삼백로,165,6,4725010600100250006087468,,경상북도 상주시 삼백로 165-6,742050,37179,,,,128.161897037038,36.4190591413427
MA0101202409A0101524,위드쉐프,,G2,소매,G221,기타 상품 소매,G22199,그 외 기타 상품 전문 소매업,G47859,그 외 기타 분류 안된 상품 전문 소매업,47,경상북도,47111,포항시 남구,47111525,상대동,4711110200,대도동,4711110200101650009,1,대지,165,9,경상북도 포항시 남구 대도동 165-9,471113303012,경상북도 포항시 남구 문예로,39,,4711110200101650009116766,,경상북도 포항시 남구 문예로 39,790823,37828,,,,129.36386789329,36.0110998762748
MA0101202409A0143771,현대상사,,G2,소매,G221,기타 상품 소매,G22199,그 외 기타 상품 전문 소매업,G47859,그 외 기타 분류 안된 상품 전문 소매업,41,경기도,41220,평택시,41220590,신평동,4122011300,평택동,4122011300102910000,1,대지,291,,경기도 평택시 평택동 291,412203188083,경기도 평택시 중앙2로,13,,4122011300102910000013974,,경기도 평택시 중앙2로 13,450828,17909,,,,127.088529627041,36.9919657706929
MA0101202409A0146601,오행불교사,,G2,소매,G221,기타 상품 소매,G22199,그 외 기타 상품 전문 소매업,G47859,그 외 기타 분류 안된 상품 전문 소매업,48,경상남도,48820,고성군,48820250,고성읍,4882025025,고성읍,4882025025102380346,1,대지,238,346,경상남도 고성군 고성읍 송학리 238-346,488203342013,경상남도 고성군 고성읍 동외로,218,,4882025025102380346006532,,경상남도 고성군 고성읍 동외로 218,638805,52938,,1,,128.327257520083,34.9807668359822
MA0101202409A0152755,시즌테라피,,G2,소매,G221,기타 상품 소매,G22199,그 외 기타 상품 전문 소매업,G47859,그 외 기타 분류 안된 상품 전문 소매업,41,경기도,41113,수원시 권선구,41113550,평동,4111312800,고색동,4111312800108940210,1,대지,894,210,경기도 수원시 권선구 고색동 894-210,411133354208,경기도 수원시 권선구 서부로1670번길,55,,4111312800108940210000001,수원금호리첸시아퍼스티지2단지,경기도 수원시 권선구 서부로1670번길 55,441813,16623,,11,,126.977004077277,37.2568461283179
MA0101202409A0152788,럭키마켓,,G2,소매,G221,기타 상품 소매,G22199,그 외 기타 상품 전문 소매업,G47859,그 외 기타 분류 안된 상품 전문 소매업,50,제주특별자치도,50110,제주시,50110560,삼도2동,5011010600,삼도이동,5011010600109490002,1,대지,949,2,제주특별자치도 제주시 삼도이동 949-2,501103349016,제주특별자치도 제주시 관덕로,14,,5011010600112220018021741,,제주특별자치도 제주시 관덕로 14,690809,63168,,,,126.520693647607,33.5128268830348
MA0101202409A0102913,유니팜농자재,,G2,소매,G221,기타 상품 소매,G22199,그 외 기타 상품 전문 소매업,G47859,그 외 기타 분류 안된 상품 전문 소매업,48,경상남도,48170,진주시,48170695,초장동,4817012400,하촌동,4817012400108300000,1,대지,830,,경상남도 진주시 하촌동 830,481703332069,경상남도 진주시 하촌로,274,,4817012400108300000000001,,경상남도 진주시 하촌로 274,660390,52730,,,,128.073161402204,35.216611118693
MA0101202409A0126001,금강메디칼,,G2,소매,G221,기타 상품 소매,G22199,그 외 기타 상품 전문 소매업,G47859,그 외 기타 분류 안된 상품 전문 소매업,41,경기도,41281,고양시 덕양구,41281621,화정1동,4128112300,화정동,4128112300109650000,1,대지,965,,경기도 고양시 덕양구 화정동 965,412813192098,경기도 고양시 덕양구 화정로,65,,4128112300109650000012889,오벨리스크,경기도 고양시 덕양구 화정로 65,412271,10497,,,,126.833492041882,37.634985714856
MA0101202409A0133071,영남,,G2,소매,G221,기타 상품 소매,G22199,그 외 기타 상품 전문 소매업,G47859,그 외 기타 분류 안된 상품 전문 소매업,27,대구광역시,27140,동구,27140685,해안동,2714011400,신평동,2714011400107770008,1,대지,777,8,대구광역시 동구 신평동 777-8,271403142010,대구광역시 동구 동촌로,339,1,2714011400107770008033336,,대구광역시 동구 동촌로 339-1,701140,41133,,1,,128.676734342755,35.8779414781224
MA0101202409A0134573,정진E&G,,G2,소매,G221,기타 상품 소매,G22199,그 외 기타 상품 전문 소매업,G47859,그 외 기타 분류 안된 상품 전문 소매업,41,경기도,41670,여주시,41670250,가남읍,4167025026,가남읍,4167025026101420002,1,대지,142,2,경기도 여주시 가남읍 건장리 142-2,416703214004,경기도 여주시 가남읍 건은로,19,,4167025026101420002000001,,경기도 여주시 가남읍 건은로 19,469881,12663,,,,127.548844559441,37.1961439080365
MA0101202409A0148737,지호인스트루먼트,,G2,소매,G221,기타 상품 소매,G22199,그 외 기타 상품 전문 소매업,G47859,그 외 기타 분류 안된 상품 전문 소매업,44,충청남도,44133,천안시 서북구,44133253,성거읍,4413325329,성거읍,4413325329101380008,1,대지,138,8,충청남도 천안시 서북구 성거읍 문덕리 138-8,441334550316,충청남도 천안시 서북구 성거읍 석문길,253,,4413325329101380008000001,,충청남도 천안시 서북구 성거읍 석문길 253,331832,31047,,1,,127.184339583354,36.8666128974049
MA0101202409A0082333,경주스쿠버센터,,G2,소매,G221,기타 상품 소매,G22199,그 외 기타 상품 전문 소매업,G47859,그 외 기타 분류 안된 상품 전문 소매업,47,경상북도,47130,경주시,47130630,동천동,4713012600,동천동,4713012600108930018,1,대지,893,18,경상북도 경주시 동천동 893-18,471304716156,경상북도 경주시 초당길147번길,2,,4713012600108930018015661,,경상북도 경주시 초당길147번길 2,780933,38109,,,,129.23178975082,35.8499685695569
MA0101202409A0085136,포베스트,,G2,소매,G221,기타 상품 소매,G22199,그 외 기타 상품 전문 소매업,G47859,그 외 기타 분류 안된 상품 전문 소매업,41,경기도,41570,김포시,41570560,장기동,4157010400,장기동,4157010400119420002,1,대지,1942,2,경기도 김포시 장기동 1942-2,415704427668,경기도 김포시 김포한강2로24번길,78,109,4157010400119420001000002,,경기도 김포시 김포한강2로24번길 78-109,415060,10079,,1,,126.675987065805,37.646389077899
MA0101202409A0086499,남원례,,G2,소매,G221,기타 상품 소매,G22199,그 외 기타 상품 전문 소매업,G47859,그 외 기타 분류 안된 상품 전문 소매업,43,충청북도,43760,괴산군,43760360,청천면,4376036031,청천면,4376036031105600016,1,대지,560,16,충청북도 괴산군 청천면 도원리 560-16,437604538210,충청북도 괴산군 청천면 도원1길,30,,4376036031105600016025566,,충청북도 괴산군 청천면 도원1길 30,367846,28062,,,,127.77789509272,36.674935500852
MA0101202409A0094726,바른모강남,본점,G2,소매,G221,기타 상품 소매,G22199,그 외 기타 상품 전문 소매업,G47859,그 외 기타 분류 안된 상품 전문 소매업,11,서울특별시,11680,강남구,11680545,압구정동,1168010700,신사동,1168010700106150000,1,대지,615,,서울특별시 강남구 신사동 615,116803122007,서울특별시 강남구 압구정로,214,,1168010700106150000009719,현대종합상가,서울특별시 강남구 압구정로 214,135894,06023,,3,,127.030737930276,37.5279980912295
MA0101202409A0114385,화양실버타운,,G2,소매,G221,기타 상품 소매,G22199,그 외 기타 상품 전문 소매업,G47859,그 외 기타 분류 안된 상품 전문 소매업,43,충청북도,43760,괴산군,43760360,청천면,4376036031,청천면,4376036031200020005,2,산,2,5,충청북도 괴산군 청천면 도원리 산2-5,437603246038,충청북도 괴산군 청천면 화양로,608,,4376036031200020005022848,,충청북도 괴산군 청천면 화양로 608,367846,28061,,,,127.788782294333,36.6784683109476
MA0101202409A0138562,이구사,,G2,소매,G221,기타 상품 소매,G22199,그 외 기타 상품 전문 소매업,G47859,그 외 기타 분류 안된 상품 전문 소매업,11,서울특별시,11230,동대문구,11230536,용신동,1123010200,용두동,1123010200100240013,1,대지,24,13,서울특별시 동대문구 용두동 24-13,112304115032,서울특별시 동대문구 고산자로34길,7,,1123010200100240013037341,,서울특별시 동대문구 고산자로34길 7,130817,02560,,1,,127.038886573841,37.5776226588662
MA0101202409A0093401,화성상회,,G2,소매,G221,기타 상품 소매,G22199,그 외 기타 상품 전문 소매업,G47859,그 외 기타 분류 안된 상품 전문 소매업,28,인천광역시,28260,서구,28260580,가좌1동,2826011200,가좌동,2826011200101060009,1,대지,106,9,인천광역시 서구 가좌동 106-9,282604268025,인천광역시 서구 가정로151번길,14,,2826011200101060009000001,해담빌,인천광역시 서구 가정로151번길 14,404251,22832,,,,126.670181103642,37.4985203369664
MA0101202409A0096120,스파원,,G2,소매,G221,기타 상품 소매,G22199,그 외 기타 상품 전문 소매업,G47859,그 외 기타 분류 안된 상품 전문 소매업,11,서울특별시,11110,종로구,11110670,창신1동,1111017400,창신동,1111017400103280018,1,대지,328,18,서울특별시 종로구 창신동 328-18,111103005007,서울특별시 종로구 지봉로,19,,1111017400103280018005740,시즌,서울특별시 종로구 지봉로 19,110841,03121,,12,,127.015202493387,37.5717445894616
MA0101202409A0107251,소원정사,,G2,소매,G221,기타 상품 소매,G22199,그 외 기타 상품 전문 소매업,G47859,그 외 기타 분류 안된 상품 전문 소매업,50,제주특별자치도,50110,제주시,50110256,구좌읍,5011025628,구좌읍,5011025628113660003,1,대지,1366,3,제주특별자치도 제주시 구좌읍 세화리 1366-3,501104848007,제주특별자치도 제주시 구좌읍 세화12길,1,,5011025628013660003049118,,제주특별자치도 제주시 구좌읍 세화12길 1,695973,63361,,,,126.859279257793,33.5208419215148
MA0101202409A0117319,우리안전용품,,G2,소매,G221,기타 상품 소매,G22199,그 외 기타 상품 전문 소매업,G47859,그 외 기타 분류 안된 상품 전문 소매업,41,경기도,41670,여주시,41670350,대신면,4167035028,대신면,4167035028104590067,1,대지,459,67,경기도 여주시 대신면 옥촌리 459-67,416704442354,경기도 여주시 대신면 옥촌2길,17,33,4167035028104590067000001,,경기도 여주시 대신면 옥촌2길 17-33,469843,12609,,,,127.615770703505,37.4063568856707
MA0101202409A0107427,최소영가발,,G2,소매,G221,기타 상품 소매,G22199,그 외 기타 상품 전문 소매업,G47859,그 외 기타 분류 안된 상품 전문 소매업,47,경상북도,47113,포항시 북구,47113520,중앙동,4711310400,상원동,4711310400104470001,1,대지,447,1,경상북도 포항시 북구 상원동 447-1,471134712637,경상북도 포항시 북구 중앙로298번길,8,,4711310400104470001107507,,경상북도 포항시 북구 중앙로298번길 8,791080,37736,,,,129.367073028639,36.0392736890021
MA0101202409A0109020,정우유통,,G2,소매,G221,기타 상품 소매,G22199,그 외 기타 상품 전문 소매업,G47859,그 외 기타 분류 안된 상품 전문 소매업,44,충청남도,44710,금산군,44710250,금산읍,4471025022,금산읍,4471025022106340000,1,대지,634,,충청남도 금산군 금산읍 중도리 634,447104571532,충청남도 금산군 금산읍 인삼약초1길,5,6,4471025022106340000019183,청옥고려인삼,충청남도 금산군 금산읍 인삼약초1길 5-6,312806,32747,,2,,127.493102911834,36.0999078330274
MA0101202409A0117464,시대의명작,,G2,소매,G221,기타 상품 소매,G22199,그 외 기타 상품 전문 소매업,G47859,그 외 기타 분류 안된 상품 전문 소매업,11,서울특별시,11650,서초구,11650530,서초3동,1165010800,서초동,1165010800115950001,1,대지,1595,1,서울특별시 서초구 서초동 1595-1,116504163646,서울특별시 서초구 효령로53길,50,,1165010800115950001020653,S,서울특별시 서초구 효령로53길 50,137876,06651,,,,127.013511863719,37.4869785618425
MA0101202409A0117473,그레이트,,G2,소매,G221,기타 상품 소매,G22199,그 외 기타 상품 전문 소매업,G47859,그 외 기타 분류 안된 상품 전문 소매업,28,인천광역시,28185,연수구,28185840,송도3동,2818510600,송도동,2818510600102140000,1,대지,214,,인천광역시 연수구 송도동 214,281853152042,인천광역시 연수구 송도미래로,30,,2818510600102140000000001,스마트밸리지식산업센터,인천광역시 연수구 송도미래로 30,406083,21990,,9,,126.647278391163,37.3666451386433
MA0101202409A0166512,동방왕겨,,G2,소매,G221,기타 상품 소매,G22199,그 외 기타 상품 전문 소매업,G47859,그 외 기타 분류 안된 상품 전문 소매업,48,경상남도,48890,합천군,48890360,초계면,4889036023,초계면,4889036023102690001,1,대지,269,1,경상남도 합천군 초계면 중리 269-1,488903348044,경상남도 합천군 초계면 동부로,1099,,4889036023102690001052286,,경상남도 합천군 초계면 동부로 1099,678822,50246,,,,128.258458107368,35.5601148503471
MA0101202409A0082776,하늘정원,,G2,소매,G221,기타 상품 소매,G22199,그 외 기타 상품 전문 소매업,G47859,그 외 기타 분류 안된 상품 전문 소매업,47,경상북도,47190,구미시,47190253,고아읍,4719025332,고아읍,4719025332116040000,1,대지,1604,,경상북도 구미시 고아읍 문성리 1604,471903351541,경상북도 구미시 고아읍 동평로,75,,4719025332100000000051711,,경상북도 구미시 고아읍 동평로 75,730814,39147,,1,,128.351232729074,36.1548239830106
MA0101202409A0132010,용강건설,,G2,소매,G221,기타 상품 소매,G22199,그 외 기타 상품 전문 소매업,G47859,그 외 기타 분류 안된 상품 전문 소매업,51,강원특별자치도,51720,홍천군,51720250,홍천읍,5172025023,홍천읍,5172025023104080008,1,대지,408,8,강원특별자치도 홍천군 홍천읍 희망리 408-8,517204475355,강원특별자치도 홍천군 홍천읍 석화로3길,20,1,4272025023104080008034549,,강원특별자치도 홍천군 홍천읍 석화로3길 20-1,250809,25121,,,,127.884431802943,37.6971344206155
MA0101202409A0095119,창대수석,,G2,소매,G221,기타 상품 소매,G22199,그 외 기타 상품 전문 소매업,G47859,그 외 기타 분류 안된 상품 전문 소매업,46,전라남도,46790,화순군,46790360,도곡면,4679036032,도곡면,4679036032103240001,1,대지,324,1,전라남도 화순군 도곡면 원화리 324-1,467903291031,전라남도 화순군 도곡면 지강로,486,,4679036032103240001030637,,전라남도 화순군 도곡면 지강로 486,519832,58148,,,,126.906221079348,35.0374983109492
MA0101202409A0109238,천경선,,G2,소매,G221,기타 상품 소매,G22199,그 외 기타 상품 전문 소매업,G47859,그 외 기타 분류 안된 상품 전문 소매업,46,전라남도,46150,순천시,46150310,해룡면,4615031029,해룡면,4615031029104110002,1,대지,411,2,전라남도 순천시 해룡면 신성리 411-2,461504649323,전라남도 순천시 해룡면 몰랑길,8,,4615031029104110002018135,,전라남도 순천시 해룡면 몰랑길 8,540856,58020,,,,127.573166555977,34.9144956595736
MA0101202409A0119270,대한불교녹원조계종,,G2,소매,G221,기타 상품 소매,G22199,그 외 기타 상품 전문 소매업,G47859,그 외 기타 분류 안된 상품 전문 소매업,41,경기도,41830,양평군,41830380,양동면,4183038021,양동면,4183038021101780004,1,대지,178,4,경기도 양평군 양동면 쌍학리 178-4,418304451899,경기도 양평군 양동면 양동역길,12,,4183038021101780004021025,,경기도 양평군 양동면 양동역길 12,476881,12539,,2,,127.753484725185,37.4197141283776
MA0101202409A0087000,블박설치,,G2,소매,G221,기타 상품 소매,G22199,그 외 기타 상품 전문 소매업,G47859,그 외 기타 분류 안된 상품 전문 소매업,11,서울특별시,11380,은평구,11380580,응암1동,1138010700,응암동,1138010700100810132,1,대지,81,132,서울특별시 은평구 응암동 81-132,113804133195,서울특별시 은평구 은평로14길,17,1,1138010700100810132024565,,서울특별시 은평구 은평로14길 17-1,122906,03471,,,,126.92902082142,37.5998352067475
MA0101202409A0099441,홍삼약초,,G2,소매,G221,기타 상품 소매,G22199,그 외 기타 상품 전문 소매업,G47859,그 외 기타 분류 안된 상품 전문 소매업,52,전북특별자치도,52130,군산시,52130605,중앙동,5213012300,신영동,5213012300100180001,1,대지,18,1,전북특별자치도 군산시 신영동 18-1,521304604652,전북특별자치도 군산시 신금길,18,,4513012300100180001000001,군산공설시장,전북특별자치도 군산시 신금길 18,573250,54027,,1,,126.720324097551,35.9831665563573
MA0101202409A0085835,솔솔,,G2,소매,G221,기타 상품 소매,G22199,그 외 기타 상품 전문 소매업,G47859,그 외 기타 분류 안된 상품 전문 소매업,52,전북특별자치도,52111,전주시 완산구,52111713,효자3동,5211114000,효자동1가,5211114000104540003,1,대지,454,3,전북특별자치도 전주시 완산구 효자동1가 454-3,521114598445,전북특별자치도 전주시 완산구 효자천변2길,7,,4511114000104540003026987,굿모닝빌딩,전북특별자치도 전주시 완산구 효자천변2길 7,560856,55080,,1,,127.11396847745,35.8054507038188
MA0101202409A0115018,믿음베스트,,G2,소매,G221,기타 상품 소매,G22199,그 외 기타 상품 전문 소매업,G47859,그 외 기타 분류 안된 상품 전문 소매업,11,서울특별시,11530,구로구,11530530,구로2동,1153010200,구로동,1153010200106060001,1,대지,606,1,서울특별시 구로구 구로동 606-1,115303116005,서울특별시 구로구 구로중앙로,197,,1153010200106060001017120,구로기계공구상가,서울특별시 구로구 구로중앙로 197,152864,08216,,,,126.877913427517,37.5039002243341
MA0101202409A0137844,드림산업안전용품,,G2,소매,G221,기타 상품 소매,G22199,그 외 기타 상품 전문 소매업,G47859,그 외 기타 분류 안된 상품 전문 소매업,51,강원특별자치도,51130,원주시,51130370,흥업면,5113037023,흥업면,5113037023102510000,1,대지,251,,강원특별자치도 원주시 흥업면 사제리 251,511303219041,강원특별자치도 원주시 흥업면 원문로,865,,4213037023201400000000001,,강원특별자치도 원주시 흥업면 원문로 865,220843,26356,,,,127.885916081764,37.3430761577932
MA0101202409A0139161,남천양봉원,,G2,소매,G221,기타 상품 소매,G22199,그 외 기타 상품 전문 소매업,G47859,그 외 기타 분류 안된 상품 전문 소매업,47,경상북도,47290,경산시,47290370,남천면,4729037027,남천면,4729037027106680028,1,대지,668,28,경상북도 경산시 남천면 금곡리 668-28,472903313023,경상북도 경산시 남천면 남천로,305,24,4729037027106680028044082,,경상북도 경산시 남천면 남천로 305-24,712882,38696,,,,128.738561781171,35.7612401788389
MA0101202409A0165074,어디개,,G2,소매,G221,기타 상품 소매,G22199,그 외 기타 상품 전문 소매업,G47859,그 외 기타 분류 안된 상품 전문 소매업,29,광주광역시,29155,남구,29155710,효덕동,2915510700,노대동,2915510700108620000,1,대지,862,,광주광역시 남구 노대동 862,291553161003,광주광역시 남구 노대실로,44,,2915510700102860005000001,,광주광역시 남구 노대실로 44,503320,61746,,,,126.906055160278,35.1058041822826
MA0101202409A0132547,엔지니어링,,G2,소매,G221,기타 상품 소매,G22199,그 외 기타 상품 전문 소매업,G47859,그 외 기타 분류 안된 상품 전문 소매업,28,인천광역시,28710,강화군,28710330,길상면,2871033025,길상면,2871033025105050026,1,대지,505,26,인천광역시 강화군 길상면 장흥리 505-26,287104271233,인천광역시 강화군 길상면 길상로210번길,11,,2871033025105050032026380,,인천광역시 강화군 길상면 길상로210번길 11,417843,23049,,,,126.500861448911,37.6351826359416
MA0101202409A0159978,대현농약사,,G2,소매,G221,기타 상품 소매,G22199,그 외 기타 상품 전문 소매업,G47859,그 외 기타 분류 안된 상품 전문 소매업,48,경상남도,48270,밀양시,48270540,가곡동,4827010800,가곡동,4827010800106260002,1,대지,626,2,경상남도 밀양시 가곡동 626-2,482703336074,경상남도 밀양시 중앙로,121,,4827010800106260002043943,,경상남도 밀양시 중앙로 121,627801,50444,,1,,128.765264191798,35.476663763972
MA0101202409A0160661,탑통신,,G2,소매,G221,기타 상품 소매,G22199,그 외 기타 상품 전문 소매업,G47859,그 외 기타 분류 안된 상품 전문 소매업,48,경상남도,48310,거제시,48310570,장평동,4831010800,장평동,4831010800103460066,1,대지,346,66,경상남도 거제시 장평동 346-66,483104811627,경상남도 거제시 장평3로7길,21,,4831010800103460066023084,,경상남도 거제시 장평3로7길 21,656927,53263,,1,,128.605174272097,34.8933398342769
MA0101202409A0160933,라쿤몰,,G2,소매,G221,기타 상품 소매,G22199,그 외 기타 상품 전문 소매업,G47859,그 외 기타 분류 안된 상품 전문 소매업,41,경기도,41570,김포시,41570560,장기동,4157010400,장기동,4157010400119250001,1,대지,1925,1,경기도 김포시 장기동 1925-1,415704427668,경기도 김포시 김포한강2로24번길,134,34,4157010400119250001000001,,경기도 김포시 김포한강2로24번길 134-34,415060,10079,,,,126.675446122005,37.6483156878882
MA0101202409A0091604,탑전자담배,,G2,소매,G221,기타 상품 소매,G22199,그 외 기타 상품 전문 소매업,G47859,그 외 기타 분류 안된 상품 전문 소매업,28,인천광역시,28177,미추홀구,28177580,학익1동,2817710300,학익동,2817710300104010058,1,대지,401,58,인천광역시 미추홀구 학익동 401-58,281773149061,인천광역시 미추홀구 매소홀로,262,,2817710300104010058000001,시티필드,인천광역시 미추홀구 매소홀로 262,402865,22204,,1,,126.652395254028,37.4442287707885
MA0101202409A0092896,비요,,G2,소매,G221,기타 상품 소매,G22199,그 외 기타 상품 전문 소매업,G47859,그 외 기타 분류 안된 상품 전문 소매업,11,서울특별시,11140,중구,11140570,필동,1114013800,필동2가,1114013800100820001,1,대지,82,1,서울특별시 중구 필동2가 82-1,111404103343,서울특별시 중구 퇴계로36길,2,,1114013800100820001018624,동국대학교,서울특별시 중구 퇴계로36길 2,100272,04626,,,,126.993559988556,37.5606451219419
MA0101202409A0099774,대성C.P,,G2,소매,G221,기타 상품 소매,G22199,그 외 기타 상품 전문 소매업,G47859,그 외 기타 분류 안된 상품 전문 소매업,48,경상남도,48270,밀양시,48270530,삼문동,4827010400,삼문동,4827010400101130010,1,대지,113,10,경상남도 밀양시 삼문동 113-10,482704808472,경상남도 밀양시 삼문중앙로4길,12,3,4827010400101130010051863,,경상남도 밀양시 삼문중앙로4길 12-3,627804,50440,,,,128.754383737148,35.4829414311797
MA0101202409A0106700,굿러브,,G2,소매,G221,기타 상품 소매,G22199,그 외 기타 상품 전문 소매업,G47859,그 외 기타 분류 안된 상품 전문 소매업,30,대전광역시,30230,대덕구,30230550,신탄진동,3023012600,신탄진동,3023012600101210038,1,대지,121,38,대전광역시 대덕구 신탄진동 121-38,302304304316,대전광역시 대덕구 신탄진동로23번길,69,,3023012600101210038021488,,대전광역시 대덕구 신탄진동로23번길 69,306815,34311,,1,,127.430941711588,36.4509245768663
MA0101202409A0119711,서기산업,,G2,소매,G221,기타 상품 소매,G22199,그 외 기타 상품 전문 소매업,G47859,그 외 기타 분류 안된 상품 전문 소매업,26,부산광역시,26710,기장군,26710253,장안읍,2671025334,장안읍,2671025334102590001,1,대지,259,1,부산광역시 기장군 장안읍 길천리 259-1,267104220031,부산광역시 기장군 장안읍 길천1길,37,,2671025334101830001009121,,부산광역시 기장군 장안읍 길천1길 37,619952,46036,,1,,129.286668648996,35.3279331221224
MA0101202409A0139333,유원상사,,G2,소매,G221,기타 상품 소매,G22199,그 외 기타 상품 전문 소매업,G47859,그 외 기타 분류 안된 상품 전문 소매업,48,경상남도,48250,김해시,48250540,내외동,4825010800,내동,4825010800105950002,1,대지,595,2,경상남도 김해시 내동 595-2,482504805140,경상남도 김해시 금관대로1335번길,4,,4825010800105950002043779,,경상남도 김해시 금관대로1335번길 4,621905,50890,,,,128.864439810611,35.2428500362015
MA0101202409A0140583,무농이플러스,,G2,소매,G221,기타 상품 소매,G22199,그 외 기타 상품 전문 소매업,G47859,그 외 기타 분류 안된 상품 전문 소매업,44,충청남도,44760,부여군,44760420,장암면,4476042027,장암면,4476042027106610029,1,대지,661,29,충청남도 부여군 장암면 석동리 661-29,447603259171,충청남도 부여군 장암면 장암로,25,,4476042027106610029039265,,충청남도 부여군 장암면 장암로 25,323912,33183,,,,126.885266650938,36.2426544728883
MA0101202409A0144874,하연바이오,,G2,소매,G221,기타 상품 소매,G22199,그 외 기타 상품 전문 소매업,G47859,그 외 기타 분류 안된 상품 전문 소매업,46,전라남도,46730,구례군,46730250,구례읍,4673025022,구례읍,4673025022101060001,1,대지,106,1,전라남도 구례군 구례읍 봉남리 106-1,467304664032,전라남도 구례군 구례읍 구례여중길,3,,4673025022103590020015439,,전라남도 구례군 구례읍 구례여중길 3,542803,57655,,,,127.464095284519,35.2062189906852
MA0101202409A0160153,그외기타상품전문소매업,,G2,소매,G221,기타 상품 소매,G22199,그 외 기타 상품 전문 소매업,G47859,그 외 기타 분류 안된 상품 전문 소매업,46,전라남도,46150,순천시,46150635,도사동,4615012700,덕월동,4615012700106640002,1,대지,664,2,전라남도 순천시 덕월동 664-2,461504649528,전라남도 순천시 소라2길,53,28,4615012700106640002032430,,전라남도 순천시 소라2길 53-28,540944,57997,,,,127.48671793538,34.9292226731256
MA0101202409A0161240,스마일샵,,G2,소매,G221,기타 상품 소매,G22199,그 외 기타 상품 전문 소매업,G47859,그 외 기타 분류 안된 상품 전문 소매업,46,전라남도,46830,영암군,46830253,삼호읍,4683025326,삼호읍,4683025326116610005,1,대지,1661,5,전라남도 영암군 삼호읍 용앙리 1661-5,468304685575,전라남도 영암군 삼호읍 대불주거5로1길,5,,4683025326116610005000001,,전라남도 영암군 삼호읍 대불주거5로1길 5,526897,58456,,,,126.455245061105,34.7545297931074
MA0101202409A0161581,푸딩나라,,G2,소매,G221,기타 상품 소매,G22199,그 외 기타 상품 전문 소매업,G47859,그 외 기타 분류 안된 상품 전문 소매업,41,경기도,41570,김포시,41570253,고촌읍,4157025324,고촌읍,4157025324105330072,1,대지,533,72,경기도 김포시 고촌읍 신곡리 533-72,415703209105,경기도 김포시 고촌읍 장차로,9,,4157025324105330072000001,,경기도 김포시 고촌읍 장차로 9,415811,10126,,2,,126.770179773491,37.6030835808942
MA0101202409A0090398,부농원,,G2,소매,G221,기타 상품 소매,G22199,그 외 기타 상품 전문 소매업,G47859,그 외 기타 분류 안된 상품 전문 소매업,46,전라남도,46870,영광군,46870250,영광읍,4687025039,영광읍,4687025039108210007,1,대지,821,7,전라남도 영광군 영광읍 신하리 821-7,468704694056,전라남도 영광군 영광읍 대하길3길,21,15,4687025039108210001020299,,전라남도 영광군 영광읍 대하길3길 21-15,513805,57041,,,,126.499197598769,35.2750880314798
MA0101202409A0091729,현대CCTV,,G2,소매,G221,기타 상품 소매,G22199,그 외 기타 상품 전문 소매업,G47859,그 외 기타 분류 안된 상품 전문 소매업,44,충청남도,44200,아산시,44200253,배방읍,4420025329,배방읍,4420025329103120001,1,대지,312,1,충청남도 아산시 배방읍 세교리 312-1,442004559824,충청남도 아산시 배방읍 휴대세교길,155,,4420025329103120001004565,,충청남도 아산시 배방읍 휴대세교길 155,336855,31475,,,,127.104484998099,36.772670145878
MA0101202409A0098586,세모소방,,G2,소매,G221,기타 상품 소매,G22199,그 외 기타 상품 전문 소매업,G47859,그 외 기타 분류 안된 상품 전문 소매업,41,경기도,41610,광주시,41610560,광남1동,4161011300,목동,4161011300103990004,1,대지,399,4,경기도 광주시 목동 399-4,416104433189,경기도 광주시 목동길,48,,4161011300103990004000001,,경기도 광주시 목동길 48,464020,12770,,,,127.197349716165,37.3827292937715
MA0101202409A0104075,히앤쉬,,G2,소매,G221,기타 상품 소매,G22199,그 외 기타 상품 전문 소매업,G47859,그 외 기타 분류 안된 상품 전문 소매업,52,전북특별자치도,52710,완주군,52710253,봉동읍,5271025324,봉동읍,5271025324108840004,1,대지,884,4,전북특별자치도 완주군 봉동읍 둔산리 884-4,527103273021,전북특별자치도 완주군 봉동읍 둔산1로,112,,4571025324108840004000001,리원빌,전북특별자치도 완주군 봉동읍 둔산1로 112,565902,55319,,1,,127.122195604141,35.9612238049259
MA0101202409A0112712,부영유통,,G2,소매,G221,기타 상품 소매,G22199,그 외 기타 상품 전문 소매업,G47859,그 외 기타 분류 안된 상품 전문 소매업,11,서울특별시,11290,성북구,11290810,석관동,1129013900,석관동,1129013900100670015,1,대지,67,15,서울특별시 성북구 석관동 67-15,112904121032,서울특별시 성북구 돌곶이로14길,73,,1129013900100670015004187,,서울특별시 성북구 돌곶이로14길 73,136816,02784,,,,127.063683070359,37.6091105561549
MA0101202409A0121343,국제안전용품,,G2,소매,G221,기타 상품 소매,G22199,그 외 기타 상품 전문 소매업,G47859,그 외 기타 분류 안된 상품 전문 소매업,44,충청남도,44710,금산군,44710250,금산읍,4471025022,금산읍,4471025022100180029,1,대지,18,29,충청남도 금산군 금산읍 중도리 18-29,447103257038,충청남도 금산군 금산읍 약초로,46,,4471025022100180029000001,,충청남도 금산군 금산읍 약초로 46,312806,32724,,2,,127.498644705957,36.0999840318141
MA0101202409A0138216,나도산업,,G2,소매,G221,기타 상품 소매,G22199,그 외 기타 상품 전문 소매업,G47859,그 외 기타 분류 안된 상품 전문 소매업,41,경기도,41220,평택시,41220256,포승읍,4122025624,포승읍,4122025624103890003,1,대지,389,3,경기도 평택시 포승읍 만호리 389-3,412204364888,경기도 평택시 포승읍 하만호길,43,,4122025624103890003049898,,경기도 평택시 포승읍 하만호길 43,451821,17962,,,,126.856919057135,36.9572748277457
MA0101202409A0138244,농산물판매및아이스크림,,G2,소매,G221,기타 상품 소매,G22199,그 외 기타 상품 전문 소매업,G47859,그 외 기타 분류 안된 상품 전문 소매업,41,경기도,41410,군포시,41410540,산본1동,4141010400,산본동,4141010400102200001,1,대지,220,1,경기도 군포시 산본동 220-1,414104400253,경기도 군포시 산본천로183번길,20,,4141010400102200001008761,,경기도 군포시 산본천로183번길 20,435841,15806,,,,126.938291585057,37.3705518387606
MA0101202409A0143583,퍼스트안전,,G2,소매,G221,기타 상품 소매,G22199,그 외 기타 상품 전문 소매업,G47859,그 외 기타 분류 안된 상품 전문 소매업,29,광주광역시,29170,북구,29170696,양산동,2917012900,연제동,2917012900110340000,1,대지,1034,,광주광역시 북구 연제동 1034,291704286827,광주광역시 북구 첨단연신로29번길,26,,2917012900110340000000001,카페동,광주광역시 북구 첨단연신로29번길 26,500896,61089,,,,126.861239947738,35.2016568286415
MA0101202409A0162222,혁신영양제,,G2,소매,G221,기타 상품 소매,G22199,그 외 기타 상품 전문 소매업,G47859,그 외 기타 분류 안된 상품 전문 소매업,47,경상북도,47840,성주군,47840310,선남면,4784031034,선남면,4784031034103040000,1,대지,304,,경상북도 성주군 선남면 용신리 304,478403018091,경상북도 성주군 선남면 선노로,368,12,4784031034103040000000001,,경상북도 성주군 선남면 선노로 368-12,719833,40043,,,,128.394832935195,35.9074369803182
MA0101202409A0083646,이슬나라,,G2,소매,G221,기타 상품 소매,G22199,그 외 기타 상품 전문 소매업,G47859,그 외 기타 분류 안된 상품 전문 소매업,41,경기도,41570,김포시,41570253,고촌읍,4157025324,고촌읍,4157025324105330072,1,대지,533,72,경기도 김포시 고촌읍 신곡리 533-72,415703209105,경기도 김포시 고촌읍 장차로,9,,4157025324105330072000001,,경기도 김포시 고촌읍 장차로 9,415811,10126,,2,,126.770179773491,37.6030835808942
MA0101202409A0121423,효상종합안전상사,,G2,소매,G221,기타 상품 소매,G22199,그 외 기타 상품 전문 소매업,G47859,그 외 기타 분류 안된 상품 전문 소매업,31,울산광역시,31110,중구,31110520,반구1동,3111011800,반구동,3111011800107810013,1,대지,781,13,울산광역시 중구 반구동 781-13,311104307099,울산광역시 중구 내황4길,57,,3111011800107810013025225,,울산광역시 중구 내황4길 57,681806,44504,,,,129.345221901574,35.5522763042923
MA0101202409A0173062,전진소방,,G2,소매,G221,기타 상품 소매,G22199,그 외 기타 상품 전문 소매업,G47859,그 외 기타 분류 안된 상품 전문 소매업,46,전라남도,46130,여수시,46130790,시전동,4613013300,신기동,4613013300100340007,1,대지,34,7,전라남도 여수시 신기동 34-7,461304646606,전라남도 여수시 신기북2길,15,,4613013300100340007024400,,전라남도 여수시 신기북2길 15,555802,59680,,2,,127.671201286625,34.7635073826353
MA0101202409A0188636,이비디아,,G2,소매,G221,기타 상품 소매,G22199,그 외 기타 상품 전문 소매업,G47859,그 외 기타 분류 안된 상품 전문 소매업,52,전북특별자치도,52130,군산시,52130720,미성동,5213015100,산북동,5213015100135340004,1,대지,3534,4,전북특별자치도 군산시 산북동 3534-4,521304605034,전북특별자치도 군산시 칠성6길,144,,4513015100135340008025737,크리스탈,전북특별자치도 군산시 칠성6길 144,573878,54162,,,,126.678557804558,35.9684529427608
MA0101202409A0197285,수억인삼,2호점,G2,소매,G221,기타 상품 소매,G22199,그 외 기타 상품 전문 소매업,G47859,그 외 기타 분류 안된 상품 전문 소매업,47,경상북도,47210,영주시,47210250,풍기읍,4721025022,풍기읍,4721025022104660000,1,대지,466,,경상북도 영주시 풍기읍 동부리 466,472103309010,경상북도 영주시 풍기읍 기주로,10,,4721025022104650000013772,풍기인삼홍삼센터,경상북도 영주시 풍기읍 기주로 10,750803,36034,,,,128.533960963921,36.8678399086181
MA0101202409A0238284,이도산업,,G2,소매,G221,기타 상품 소매,G22199,그 외 기타 상품 전문 소매업,G47859,그 외 기타 분류 안된 상품 전문 소매업,48,경상남도,48890,합천군,48890250,합천읍,4889025021,합천읍,4889025021108300006,1,대지,830,6,경상남도 합천군 합천읍 합천리 830-6,488904844569,경상남도 합천군 합천읍 중앙로1길,9,5,4889025021108300006000001,,경상남도 합천군 합천읍 중앙로1길 9-5,678805,50236,,,,128.158845509268,35.5641687768113
MA0101202409A0247886,수제담배잎,,G2,소매,G221,기타 상품 소매,G22199,그 외 기타 상품 전문 소매업,G47859,그 외 기타 분류 안된 상품 전문 소매업,11,서울특별시,11470,양천구,11470650,신정4동,1147010100,신정동,1147010100109400038,1,대지,940,38,서울특별시 양천구 신정동 940-38,114703114014,서울특별시 양천구 오목로,129,,1147010100109400038001969,중앙현관에서좌측으로두번째칸,서울특별시 양천구 오목로 129,158871,07942,,1,,126.851702546141,37.5244221097033
MA0101202409A0203048,동은수석,,G2,소매,G221,기타 상품 소매,G22199,그 외 기타 상품 전문 소매업,G47859,그 외 기타 분류 안된 상품 전문 소매업,30,대전광역시,30170,서구,30170520,도마1동,3017010300,도마동,3017010300100950004,1,대지,95,4,대전광역시 서구 도마동 95-4,301704298214,대전광역시 서구 도마8길,25,,3017010300100950004027462,,대전광역시 서구 도마8길 25,302819,35331,,1,,127.37962311999,36.3188070918495
MA0101202409A0211433,법인남정,,G2,소매,G221,기타 상품 소매,G22199,그 외 기타 상품 전문 소매업,G47859,그 외 기타 분류 안된 상품 전문 소매업,52,전북특별자치도,52113,전주시 덕진구,52113665,여의동,5211313000,여의동,5211313000105490001,1,대지,549,1,전북특별자치도 전주시 덕진구 여의동 549-1,521133267023,전북특별자치도 전주시 덕진구 반룡로,158,9,4511313000105490001011686,,전북특별자치도 전주시 덕진구 반룡로 158-9,561330,54852,,1,,127.079207592113,35.862789656025
MA0101202409A0211481,룰더베이프,,G2,소매,G221,기타 상품 소매,G22199,그 외 기타 상품 전문 소매업,G47859,그 외 기타 분류 안된 상품 전문 소매업,41,경기도,41590,화성시,41590585,동탄1동,4159012700,반송동,4159012700100700005,1,대지,70,5,경기도 화성시 반송동 70-5,415904431476,경기도 화성시 동탄공원로1길,6,13,4159012700100700005000001,,경기도 화성시 동탄공원로1길 6-13,445160,18436,,1,,127.06059075076,37.2017698560353
MA0101202409A0242404,다아,,G2,소매,G221,기타 상품 소매,G22199,그 외 기타 상품 전문 소매업,G47859,그 외 기타 분류 안된 상품 전문 소매업,51,강원특별자치도,51110,춘천시,51110310,동면,5111031022,동면,5111031022101630100,1,대지,163,100,강원특별자치도 춘천시 동면 만천리 163-100,511104454094,강원특별자치도 춘천시 동면 금베이길,61,100,4211031022101630100000001,강원특별자치도춘천,강원특별자치도 춘천시 동면 금베이길 61-100,200852,24212,,2,,127.784028937305,37.8786996210242
MA0101202409A0219894,워크업청주주중점,,G2,소매,G221,기타 상품 소매,G22199,그 외 기타 상품 전문 소매업,G47859,그 외 기타 분류 안된 상품 전문 소매업,43,충청북도,43114,청주시 청원구,43114550,오근장동,4311410600,주중동,4311410600101310006,1,대지,131,6,충청북도 청주시 청원구 주중동 131-6,431142014003,충청북도 청주시 청원구 충청대로,233,,4311113200101310006000001,,충청북도 청주시 청원구 충청대로 233,363568,28308,,,,127.497000752437,36.6777817792065
MA0101202409A0222437,크린파트너,,G2,소매,G221,기타 상품 소매,G22199,그 외 기타 상품 전문 소매업,G47859,그 외 기타 분류 안된 상품 전문 소매업,44,충청남도,44760,부여군,44760390,충화면,4476039022,충화면,4476039022100480000,1,대지,48,,충청남도 부여군 충화면 복금리 48,447604577004,충청남도 부여군 충화면 가림로354번길,45,,4476039022100480000058581,,충청남도 부여군 충화면 가림로354번길 45,323862,33211,,,,126.861780649619,36.1799240694087
MA0101202409A0246876,룩아웃,,G2,소매,G221,기타 상품 소매,G22199,그 외 기타 상품 전문 소매업,G47859,그 외 기타 분류 안된 상품 전문 소매업,27,대구광역시,27230,북구,27230630,산격3동,2723011100,산격동,2723011100113290001,1,대지,1329,1,대구광역시 북구 산격동 1329-1,272303145021,대구광역시 북구 대학로,99,4,2723011100113290001026412,창업놀이터,대구광역시 북구 대학로 99-4,702842,41544,,,,128.610449723634,35.8941049362263
MA0101202409A0181664,미안해요고마워요사랑해요미고사,,G2,소매,G221,기타 상품 소매,G22199,그 외 기타 상품 전문 소매업,G47859,그 외 기타 분류 안된 상품 전문 소매업,11,서울특별시,11140,중구,11140580,장충동,1114014400,장충동2가,1114014400101990003,1,대지,199,3,서울특별시 중구 장충동2가 199-3,111403005001,서울특별시 중구 동호로,256,,1114014400101990003000001,동대입구역,서울특별시 중구 동호로 256,100856,04617,,,,127.005455216588,37.5590233769993
MA0101202409A0190428,비욘드테크,,G2,소매,G221,기타 상품 소매,G22199,그 외 기타 상품 전문 소매업,G47859,그 외 기타 분류 안된 상품 전문 소매업,41,경기도,41590,화성시,41590590,동탄5동,4159013100,영천동,4159013100106030001,1,대지,603,1,경기도 화성시 영천동 603-1,415904852384,경기도 화성시 동탄순환대로27길,30,,4159013100106030001000001,,경기도 화성시 동탄순환대로27길 30,445130,18472,,1,,127.104406369778,37.2080917511518
MA0101202409A0193473,넥스트이앤씨,,G2,소매,G221,기타 상품 소매,G22199,그 외 기타 상품 전문 소매업,G47859,그 외 기타 분류 안된 상품 전문 소매업,41,경기도,41281,고양시 덕양구,41281650,행신2동,4128112800,행신동,4128112800107620005,1,대지,762,5,경기도 고양시 덕양구 행신동 762-5,412813192095,경기도 고양시 덕양구 충장로,2,,4128112800107620005010152,센트럴빌딩,경기도 고양시 덕양구 충장로 2,412222,10526,,4,,126.834480849286,37.6131291814776
MA0101202409A0200434,영인환경산업,,G2,소매,G221,기타 상품 소매,G22199,그 외 기타 상품 전문 소매업,G47859,그 외 기타 분류 안된 상품 전문 소매업,41,경기도,41220,평택시,41220620,비전1동,4122012700,죽백동,4122012700101170000,1,대지,117,,경기도 평택시 죽백동 117,412203188077,경기도 평택시 이화로,238,,4122012700101170000019735,,경기도 평택시 이화로 238,450804,17865,,,,127.133648424658,37.0145857406478
MA0101202409A0210188,신도종합상사,,G2,소매,G221,기타 상품 소매,G22199,그 외 기타 상품 전문 소매업,G47859,그 외 기타 분류 안된 상품 전문 소매업,47,경상북도,47190,구미시,47190256,산동읍,4719025625,산동읍,4719025625116050000,1,대지,1605,,경상북도 구미시 산동읍 신당리 1605,471903351410,경상북도 구미시 산동읍 신당인덕1로,73,,4719035025100000000000063,포세븐상가,경상북도 구미시 산동읍 신당인덕1로 73,730853,39462,,1,,128.439164056434,36.1575029455073
MA0101202409A0236374,강남글로벌기업,,G2,소매,G221,기타 상품 소매,G22199,그 외 기타 상품 전문 소매업,G47859,그 외 기타 분류 안된 상품 전문 소매업,41,경기도,41610,광주시,41610560,광남1동,4161011100,장지동,4161011100106660002,1,대지,666,2,경기도 광주시 장지동 666-2,416104433408,경기도 광주시 장지9길,55,,4161011100106660002000001,,경기도 광주시 장지9길 55,464070,12776,,,,127.236102213551,37.4009670151484
MA0101202409A0239140,라움,,G2,소매,G221,기타 상품 소매,G22199,그 외 기타 상품 전문 소매업,G47859,그 외 기타 분류 안된 상품 전문 소매업,47,경상북도,47760,영양군,47760250,영양읍,4776025022,영양읍,4776025022100910000,1,대지,91,,경상북도 영양군 영양읍 서부리 91,477604751191,경상북도 영양군 영양읍 시장길,26,1,4776025022100910000009443,,경상북도 영양군 영양읍 시장길 26-1,764805,36541,,,,129.11575680196,36.663147692507
MA0101202409A0183206,한마음보청기,,G2,소매,G221,기타 상품 소매,G22199,그 외 기타 상품 전문 소매업,G47859,그 외 기타 분류 안된 상품 전문 소매업,43,충청북도,43113,청주시 흥덕구,43113747,가경동,4311311300,가경동,4311311300114550001,1,대지,1455,1,충청북도 청주시 흥덕구 가경동 1455-1,431134511058,충청북도 청주시 흥덕구 2순환로1261번길,4,,4311311300114550001009208,새마을금고,충청북도 청주시 흥덕구 2순환로1261번길 4,361802,28397,,1,,127.432148156333,36.6238229249981
MA0101202409A0200530,셀린,,G2,소매,G221,기타 상품 소매,G22199,그 외 기타 상품 전문 소매업,G47859,그 외 기타 분류 안된 상품 전문 소매업,48,경상남도,48123,창원시 성산구,48123515,용지동,4812313500,용호동,4812313500100190018,1,대지,19,18,경상남도 창원시 성산구 용호동 19-18,481234781415,경상남도 창원시 성산구 용지로245번길,30,1,4812112800100190018009791,반,경상남도 창원시 성산구 용지로245번길 30-1,641840,51429,,,,128.68422033918,35.2371116633064
MA0101202409A0217295,씨알그린영농,,G2,소매,G221,기타 상품 소매,G22199,그 외 기타 상품 전문 소매업,G47859,그 외 기타 분류 안된 상품 전문 소매업,44,충청남도,44790,청양군,44790350,청남면,4479035021,청남면,4479035021101830001,1,대지,183,1,충청남도 청양군 청남면 청소리 183-1,447903261010,충청남도 청양군 청남면 명덕로,187,4,4479035021101830001015632,,충청남도 청양군 청남면 명덕로 187-4,345842,33363,,,,126.952183796356,36.3528161895943
MA0101202409A0221352,이승복,,G2,소매,G221,기타 상품 소매,G22199,그 외 기타 상품 전문 소매업,G47859,그 외 기타 분류 안된 상품 전문 소매업,11,서울특별시,11380,은평구,11380570,대조동,1138010600,대조동,1138010600100830029,1,대지,83,29,서울특별시 은평구 대조동 83-29,113804133314,서울특별시 은평구 통일로71길,26,10,1138010600100830029025863,,서울특별시 은평구 통일로71길 26-10,122947,03391,,,,126.92689101247,37.6123126141523
MA0101202409A0235027,일상,,G2,소매,G221,기타 상품 소매,G22199,그 외 기타 상품 전문 소매업,G47859,그 외 기타 분류 안된 상품 전문 소매업,41,경기도,41281,고양시 덕양구,41281560,효자동,4128110900,지축동,4128110900110070004,1,대지,1007,4,경기도 고양시 덕양구 지축동 1007-4,412814858269,경기도 고양시 덕양구 지축1로,65,,4128110900100000000000220,로로프라자,경기도 고양시 덕양구 지축1로 65,412140,10585,,7,,126.915512390478,37.64884900436
MA0101202409A0199022,딸랑몰,,G2,소매,G221,기타 상품 소매,G22199,그 외 기타 상품 전문 소매업,G47859,그 외 기타 분류 안된 상품 전문 소매업,44,충청남도,44200,아산시,44200590,온양3동,4420011300,모종동,4420011300105760002,1,대지,576,2,충청남도 아산시 모종동 576-2,442004559273,충청남도 아산시 삼동로40번길,6,,4420011300105760002048518,피,충청남도 아산시 삼동로40번길 6,336802,31521,,2,,127.011594897853,36.7835018223878
MA0101202409A0202064,갈때멍냥마켓,,G2,소매,G221,기타 상품 소매,G22199,그 외 기타 상품 전문 소매업,G47859,그 외 기타 분류 안된 상품 전문 소매업,43,충청북도,43112,청주시 서원구,43112590,성화.개신.죽림동,4311210900,개신동,4311210900100030027,1,대지,3,27,충청북도 청주시 서원구 개신동 3-27,431124511319,충청북도 청주시 서원구 모충로25번길,21,,4311311100100030027018825,,충청북도 청주시 서원구 모충로25번길 21,362804,28666,,,,127.466258413424,36.6259201207934
MA0101202409A0202070,골드바이오,,G2,소매,G221,기타 상품 소매,G22199,그 외 기타 상품 전문 소매업,G47859,그 외 기타 분류 안된 상품 전문 소매업,48,경상남도,48310,거제시,48310600,수양동,4831011300,양정동,4831011300104040001,1,대지,404,1,경상남도 거제시 양정동 404-1,483104811414,경상남도 거제시 양정5길,7,,4831011300104040001000001,,경상남도 거제시 양정5길 7,656806,53244,,,,128.65239517967,34.8741678304283
MA0101202409A0230950,부농참숯,,G2,소매,G221,기타 상품 소매,G22199,그 외 기타 상품 전문 소매업,G47859,그 외 기타 분류 안된 상품 전문 소매업,29,광주광역시,29200,광산구,29200640,하남동,2920012300,장덕동,2920012300109840003,1,대지,984,3,광주광역시 광산구 장덕동 984-3,292003163067,광주광역시 광산구 하남산단4번로,156,,2920012300109840004018994,외,광주광역시 광산구 하남산단4번로 156,506831,62227,,,,126.807936599718,35.1923451539624
MA0101202409A0235081,조은유통,,G2,소매,G221,기타 상품 소매,G22199,그 외 기타 상품 전문 소매업,G47859,그 외 기타 분류 안된 상품 전문 소매업,41,경기도,41590,화성시,41590259,향남읍,4159025921,향남읍,4159025921100890003,1,대지,89,3,경기도 화성시 향남읍 평리 89-3,415903210002,경기도 화성시 향남읍 31만세로,1109,6,4159025921100890003000100,,경기도 화성시 향남읍 31만세로 1109-6,445939,18593,,1,,126.908278919412,37.133053289576
MA0101202409A0206145,유람미디어,,G2,소매,G221,기타 상품 소매,G22199,그 외 기타 상품 전문 소매업,G47859,그 외 기타 분류 안된 상품 전문 소매업,11,서울특별시,11110,종로구,11110615,종로1.2.3.4가동,1111015400,장사동,1111015400101160004,1,대지,116,4,서울특별시 종로구 장사동 116-4,111103100021,서울특별시 종로구 청계천로,159,,1111015400101160004015909,세운상가,서울특별시 종로구 청계천로 159,110430,03194,,4,,126.995234520229,37.5692857548513
MA0101202409A0214648,그외기타상품전문소매업,,G2,소매,G221,기타 상품 소매,G22199,그 외 기타 상품 전문 소매업,G47859,그 외 기타 분류 안된 상품 전문 소매업,11,서울특별시,11740,강동구,11740650,성내2동,1174010800,성내동,1174010800101590008,1,대지,159,8,서울특별시 강동구 성내동 159-8,117404172374,서울특별시 강동구 천호대로164길,18,,1174010800101590008005027,,서울특별시 강동구 천호대로164길 18,134841,05380,,2,,127.130397671738,37.5355886102772
MA0101202409A0225633,박지훈,,G2,소매,G221,기타 상품 소매,G22199,그 외 기타 상품 전문 소매업,G47859,그 외 기타 분류 안된 상품 전문 소매업,26,부산광역시,26230,부산진구,26230610,전포2동,2623010200,전포동,2623010200106460001,1,대지,646,1,부산광역시 부산진구 전포동 646-1,262304187203,부산광역시 부산진구 동천로132번길,34,,2623010200106460001049755,서면해피투모로우오피스텔,부산광역시 부산진구 동천로132번길 34,614865,47243,,,,129.064035320917,35.1601365997791
MA0101202409A0226978,은혜열쇠철물,,G2,소매,G221,기타 상품 소매,G22199,그 외 기타 상품 전문 소매업,G47859,그 외 기타 분류 안된 상품 전문 소매업,30,대전광역시,30140,중구,30140620,석교동,3014010900,옥계동,3014010900100160001,1,대지,16,1,대전광역시 중구 옥계동 16-1,301403010004,대전광역시 중구 대종로,109,,3014010900100160001000387,,대전광역시 중구 대종로 109,301820,35068,,1,,127.451364520921,36.3021652912033
MA0101202409A0235230,미주안전철물상사,,G2,소매,G221,기타 상품 소매,G22199,그 외 기타 상품 전문 소매업,G47859,그 외 기타 분류 안된 상품 전문 소매업,27,대구광역시,27230,북구,27230620,산격2동,2723011100,산격동,2723011100104690006,1,대지,469,6,대구광역시 북구 산격동 469-6,272304235137,대구광역시 북구 대불서길,42,,2723011100104690006025979,,대구광역시 북구 대불서길 42,702835,41517,,,,128.612845954001,35.9030390814399
MA0101202409A0241991,클린웨이브,,G2,소매,G221,기타 상품 소매,G22199,그 외 기타 상품 전문 소매업,G47859,그 외 기타 분류 안된 상품 전문 소매업,41,경기도,41150,의정부시,41150520,의정부2동,4115010100,의정부동,4115010100105820000,1,대지,582,,경기도 의정부시 의정부동 582,411503181004,경기도 의정부시 경의로,86,,4115010100105820000014760,,경기도 의정부시 경의로 86,480850,11655,,3,,127.04510485123,37.7328236579262
MA0101202409A0261825,꽃집,,G2,소매,G221,기타 상품 소매,G22199,그 외 기타 상품 전문 소매업,G47859,그 외 기타 분류 안된 상품 전문 소매업,52,전북특별자치도,52113,전주시 덕진구,52113525,진북동,5211310200,진북동,5211310200104170035,1,대지,417,35,전북특별자치도 전주시 덕진구 진북동 417-35,521133267044,전북특별자치도 전주시 덕진구 안덕원로,47,,4511310200104170035007126,,전북특별자치도 전주시 덕진구 안덕원로 47,561837,54939,,1,,127.135426392344,35.8280410747706
MA0101202409A0199371,대방소방,,G2,소매,G221,기타 상품 소매,G22199,그 외 기타 상품 전문 소매업,G47859,그 외 기타 분류 안된 상품 전문 소매업,28,인천광역시,28185,연수구,28185790,동춘2동,2818510500,동춘동,2818510500109360008,1,대지,936,8,인천광역시 연수구 동춘동 936-8,281853008020,인천광역시 연수구 앵고개로,262,,2818510500109360008163649,동경프라자,인천광역시 연수구 앵고개로 262,406802,21972,,,,126.672557200919,37.4074889533017
MA0101202409A0171062,독일피엠울산센터,,G2,소매,G221,기타 상품 소매,G22199,그 외 기타 상품 전문 소매업,G47859,그 외 기타 분류 안된 상품 전문 소매업,31,울산광역시,31140,남구,31140570,삼산동,3114010600,삼산동,3114010600115090007,1,대지,1509,7,울산광역시 남구 삼산동 1509-7,311404310671,울산광역시 남구 왕생로144번길,22,,3114010600115090007007097,,울산광역시 남구 왕생로144번길 22,680814,44701,,2,,129.330674567196,35.5464223179203
MA0101202409A0210784,파레스,,G2,소매,G221,기타 상품 소매,G22199,그 외 기타 상품 전문 소매업,G47859,그 외 기타 분류 안된 상품 전문 소매업,52,전북특별자치도,52800,부안군,52800360,변산면,5280036022,변산면,5280036022102600104,1,대지,260,104,전북특별자치도 부안군 변산면 격포리 260-104,528004640627,전북특별자치도 부안군 변산면 채석강길,8,,4580036022102600104021295,,전북특별자치도 부안군 변산면 채석강길 8,579851,56337,,2,,126.472050059712,35.627472409351
MA0101202409A0228582,영월상사,,G2,소매,G221,기타 상품 소매,G22199,그 외 기타 상품 전문 소매업,G47859,그 외 기타 분류 안된 상품 전문 소매업,51,강원특별자치도,51750,영월군,51750250,영월읍,5175025021,영월읍,5175025021108260003,1,대지,826,3,강원특별자치도 영월군 영월읍 영흥리 826-3,517503227010,강원특별자치도 영월군 영월읍 봉래산로,28,,4275025021108260003016722,,강원특별자치도 영월군 영월읍 봉래산로 28,230805,26228,,,,128.472195285811,37.1857626925643
MA0101202409A0247994,한일방화문,,G2,소매,G221,기타 상품 소매,G22199,그 외 기타 상품 전문 소매업,G47859,그 외 기타 분류 안된 상품 전문 소매업,11,서울특별시,11500,강서구,11500550,화곡2동,1150010300,화곡동,1150010300108560037,1,대지,856,37,서울특별시 강서구 화곡동 856-37,115004145082,서울특별시 강서구 강서로8길,120,,1150010300108560037022795,,서울특별시 강서구 강서로8길 120,157904,07782,,1,,126.85475661214,37.5304355828439
MA0101202409A0203803,경선세이프툴,,G2,소매,G221,기타 상품 소매,G22199,그 외 기타 상품 전문 소매업,G47859,그 외 기타 분류 안된 상품 전문 소매업,30,대전광역시,30230,대덕구,30230510,오정동,3023010100,오정동,3023010100102930006,1,대지,293,6,대전광역시 대덕구 오정동 293-6,302304304381,대전광역시 대덕구 오정로109번길,26,,3023010100102930006000001,,대전광역시 대덕구 오정로109번길 26,306820,34440,,2,,127.405789084661,36.3546780611283
MA0101202409A0185245,초원농경,,G2,소매,G221,기타 상품 소매,G22199,그 외 기타 상품 전문 소매업,G47859,그 외 기타 분류 안된 상품 전문 소매업,41,경기도,41610,광주시,41610253,초월읍,4161025330,초월읍,4161025330107790000,1,대지,779,,경기도 광주시 초월읍 무갑리 779,416103012095,경기도 광주시 초월읍 산수로,709,8,4161025330107790000000001,,경기도 광주시 초월읍 산수로 709-8,464965,12730,,,,127.306959119665,37.4226629509258
MA0101202409A0245276,워크업남동공단점,,G2,소매,G221,기타 상품 소매,G22199,그 외 기타 상품 전문 소매업,G47859,그 외 기타 분류 안된 상품 전문 소매업,28,인천광역시,28200,남동구,28200710,논현고잔동,2820011100,고잔동,2820011100102560016,1,대지,256,16,인천광역시 남동구 고잔동 256-16,282004259235,인천광역시 남동구 논현고잔로109번길,84,,2820011100102560016000001,,인천광역시 남동구 논현고잔로109번길 84,405816,21686,,1,,126.708594027727,37.3943292867019
MA0101202409A0178323,태양종합상사,,G2,소매,G221,기타 상품 소매,G22199,그 외 기타 상품 전문 소매업,G47859,그 외 기타 분류 안된 상품 전문 소매업,44,충청남도,44131,천안시 동남구,44131580,청룡동,4413111100,청당동,4413111100103960012,1,대지,396,12,충청남도 천안시 동남구 청당동 396-12,441313249067,충청남도 천안시 동남구 풍세로,798,,4413111100103960012004370,코르지아빌딩,충청남도 천안시 동남구 풍세로 798,330270,31202,,2,,127.142494243947,36.780623587828
MA0101202409A0185394,곡성민속품경매장,,G2,소매,G221,기타 상품 소매,G22199,그 외 기타 상품 전문 소매업,G47859,그 외 기타 분류 안된 상품 전문 소매업,46,전라남도,46720,곡성군,46720350,죽곡면,4672035034,죽곡면,4672035034200980000,2,산,98,,전라남도 곡성군 죽곡면 하한리 산98,467204661144,전라남도 곡성군 죽곡면 상한길,172,19,4672035034200980000000001,,전라남도 곡성군 죽곡면 상한길 172-19,516831,57551,,,,127.397554601639,35.1675445443795
MA0101202409A0224673,대원바이오,대리점,G2,소매,G221,기타 상품 소매,G22199,그 외 기타 상품 전문 소매업,G47859,그 외 기타 분류 안된 상품 전문 소매업,47,경상북도,47230,영천시,47230250,금호읍,4723025036,금호읍,4723025036108960002,1,대지,896,2,경상북도 영천시 금호읍 오계리 896-2,472303310006,경상북도 영천시 금호읍 금창로,443,11,4723025036108960002000001,,경상북도 영천시 금호읍 금창로 443-11,770803,38882,,,,128.889991926102,35.8964008193986
MA0101202409A0249259,태성유통,,G2,소매,G221,기타 상품 소매,G22199,그 외 기타 상품 전문 소매업,G47859,그 외 기타 분류 안된 상품 전문 소매업,41,경기도,41115,수원시 팔달구,41115730,인계동,4111514100,인계동,4111514100109610001,1,대지,961,1,경기도 수원시 팔달구 인계동 961-1,411154328024,경기도 수원시 팔달구 경수대로507번길,12,17,4111514100109610001013357,우측,경기도 수원시 팔달구 경수대로507번길 12-17,442832,16481,,1,,127.027589428168,37.2721808830336
MA0101202409A0249837,도암수석갤러리,,G2,소매,G221,기타 상품 소매,G22199,그 외 기타 상품 전문 소매업,G47859,그 외 기타 분류 안된 상품 전문 소매업,43,충청북도,43800,단양군,43800330,영춘면,4380033021,영춘면,4380033021101850001,1,대지,185,1,충청북도 단양군 영춘면 상리 185-1,438003000159,충청북도 단양군 영춘면 강변로,833,,4380033021101850001000001,,충청북도 단양군 영춘면 강변로 833,395836,27018,,,,128.49854962244,37.0912621097958
MA0101202409A0170024,더팜아그로,,G2,소매,G221,기타 상품 소매,G22199,그 외 기타 상품 전문 소매업,G47859,그 외 기타 분류 안된 상품 전문 소매업,48,경상남도,48860,산청군,48860380,신안면,4886038030,신안면,4886038030105340001,1,대지,534,1,경상남도 산청군 신안면 외송리 534-1,488603345010,경상남도 산청군 신안면 둔철산로,62,,4886038030105340001030278,주,경상남도 산청군 신안면 둔철산로 62,666963,52262,,1,,127.936413315755,35.3482184645177
MA0101202409A0184091,늘푸른공간,,G2,소매,G221,기타 상품 소매,G22199,그 외 기타 상품 전문 소매업,G47859,그 외 기타 분류 안된 상품 전문 소매업,11,서울특별시,11590,동작구,11590560,상도4동,1159010200,상도동,1159010200102100021,1,대지,210,21,서울특별시 동작구 상도동 210-21,115903005080,서울특별시 동작구 양녕로,184,,1159010200102100021021690,우측상가,서울특별시 동작구 양녕로 184,156841,07037,,1,,126.943456975934,37.4976337293602
MA0101202409A0192962,태양당한약건재도매,,G2,소매,G221,기타 상품 소매,G22199,그 외 기타 상품 전문 소매업,G47859,그 외 기타 분류 안된 상품 전문 소매업,52,전북특별자치도,52180,정읍시,52180570,연지동,5218010500,연지동,5218010500100470002,1,대지,47,2,전북특별자치도 정읍시 연지동 47-2,521803270061,전북특별자치도 정읍시 중앙로,48,1,4518010500100470002082544,,전북특별자치도 정읍시 중앙로 48-1,580805,56160,,,,126.846660658316,35.5717952778843
MA0101202409A0213898,태극기기업,,G2,소매,G221,기타 상품 소매,G22199,그 외 기타 상품 전문 소매업,G47859,그 외 기타 분류 안된 상품 전문 소매업,41,경기도,41192,부천시 원미구,41192670,상동,4119210900,상동,4119210900104480002,1,대지,448,2,경기도 부천시 원미구 상동 448-2,411923184006,경기도 부천시 원미구 상일로,130,,4119510900104480002033958,부천법조타운,경기도 부천시 원미구 상일로 130,420770,14623,,,,126.756728492952,37.4909636058384
MA0101202409A0224776,니온전력,,G2,소매,G221,기타 상품 소매,G22199,그 외 기타 상품 전문 소매업,G47859,그 외 기타 분류 안된 상품 전문 소매업,44,충청남도,44200,아산시,44200410,신창면,4420041025,신창면,4420041025100830001,1,대지,83,1,충청남도 아산시 신창면 행목리 83-1,442004559381,충청남도 아산시 신창면 순천향로291번길,99,,4420041025100830001000001,,충청남도 아산시 신창면 순천향로291번길 99,336884,31558,,,,126.958253551964,36.7717264856063
MA0101202409A0250541,탕정전자담배리얼베이프,,G2,소매,G221,기타 상품 소매,G22199,그 외 기타 상품 전문 소매업,G47859,그 외 기타 분류 안된 상품 전문 소매업,44,충청남도,44200,아산시,44200330,탕정면,4420033025,탕정면,4420033025112170000,1,대지,1217,,충청남도 아산시 탕정면 매곡리 1217,442003353795,충청남도 아산시 탕정면 한들물빛5로,17,,4420033025112170000000001,,충청남도 아산시 탕정면 한들물빛5로 17,336843,31465,,1,,127.085257427514,36.7872294837486
MA0101202409A0175638,모다쿡,,G2,소매,G221,기타 상품 소매,G22199,그 외 기타 상품 전문 소매업,G47859,그 외 기타 분류 안된 상품 전문 소매업,41,경기도,41570,김포시,41570340,대곶면,4157034031,대곶면,4157034031104090002,1,대지,409,2,경기도 김포시 대곶면 쇄암리 409-2,415703209072,경기도 김포시 대곶면 쇄암로,47,,4157034031104090002000001,,경기도 김포시 대곶면 쇄암로 47,415828,10026,,,,126.548762843703,37.676207754738
MA0101202409A0177099,안신영,,G2,소매,G221,기타 상품 소매,G22199,그 외 기타 상품 전문 소매업,G47859,그 외 기타 분류 안된 상품 전문 소매업,26,부산광역시,26320,북구,26320550,덕천1동,2632010400,덕천동,2632010400104090016,1,대지,409,16,부산광역시 북구 덕천동 409-16,263204196350,부산광역시 북구 의성로115번길,103,,2632010400104090016005032,진흥주택,부산광역시 북구 의성로115번길 103,616819,46568,,,,129.016545057199,35.2117625002343
MA0101202409A0184185,바나상사,,G2,소매,G221,기타 상품 소매,G22199,그 외 기타 상품 전문 소매업,G47859,그 외 기타 분류 안된 상품 전문 소매업,41,경기도,41220,평택시,41220320,서탄면,4122032023,서탄면,4122032023106750015,1,대지,675,15,경기도 평택시 서탄면 수월암리 675-15,412204364354,경기도 평택시 서탄면 수월암2길,112,,4122032023106750015000001,,경기도 평택시 서탄면 수월암2길 112,451852,17704,,,,127.030438903443,37.1243265351335
MA0101202409A0190022,송정DC,,G2,소매,G221,기타 상품 소매,G22199,그 외 기타 상품 전문 소매업,G47859,그 외 기타 분류 안된 상품 전문 소매업,29,광주광역시,29200,광산구,29200525,송정2동,2920010100,송정동,2920010100110030180,1,대지,1003,180,광주광역시 광산구 송정동 1003-180,292002009004,광주광역시 광산구 상무대로,210,,2920010100110030180005407,,광주광역시 광산구 상무대로 210,506807,62430,,1,,126.792153984793,35.13794023613
MA0101202409A0263081,보문약초,,G2,소매,G221,기타 상품 소매,G22199,그 외 기타 상품 전문 소매업,G47859,그 외 기타 분류 안된 상품 전문 소매업,52,전북특별자치도,52140,익산시,52140580,마동,5214011200,마동,5214011200103620006,1,대지,362,6,전북특별자치도 익산시 마동 362-6,521404608213,전북특별자치도 익산시 중앙로31길,29,1,4514011200103620006076185,,전북특별자치도 익산시 중앙로31길 29-1,570964,54597,,,,126.967540538831,35.9367498336217
MA0101202410A0451026,황해왕겨,,G2,소매,G221,기타 상품 소매,G22199,그 외 기타 상품 전문 소매업,G47859,그 외 기타 분류 안된 상품 전문 소매업,41,경기도,41650,포천시,41650390,영북면,4165039021,영북면,4165039021105130015,1,대지,513,15,경기도 포천시 영북면 운천리 513-15,416504439402,경기도 포천시 영북면 영북로177번길,25,,4165039021105130015067255,운천상설시장,경기도 포천시 영북면 영북로177번길 25,487892,11106,,1,,127.272031516317,38.0899665960418
MA0101202410A0579609,금산약초,,G2,소매,G221,기타 상품 소매,G22199,그 외 기타 상품 전문 소매업,G47859,그 외 기타 분류 안된 상품 전문 소매업,41,경기도,41171,안양시 만안구,41171621,박달1동,4117110300,박달동,4117110300100650002,1,대지,65,2,경기도 안양시 만안구 박달동 65-2,411714346094,경기도 안양시 만안구 박달로525번길,12,,4117110300100650002007342,명칭없음,경기도 안양시 만안구 박달로525번길 12,430801,13987,,1,,126.911000059037,37.4032776313442
MA0101202410A0863599,젊은산꾼들,2호점,G2,소매,G221,기타 상품 소매,G22199,그 외 기타 상품 전문 소매업,G47859,그 외 기타 분류 안된 상품 전문 소매업,11,서울특별시,11590,동작구,11590640,사당3동,1159010700,사당동,1159010700111310000,1,대지,1131,,서울특별시 동작구 사당동 1131,115904157230,서울특별시 동작구 사당로13길,31,,1159010700111310000000003,두산위브트레지움,서울특별시 동작구 사당로13길 31,156789,07004,,1,,126.971246751936,37.4858045250378
MA0101202410A0800403,로운팜,,G2,소매,G221,기타 상품 소매,G22199,그 외 기타 상품 전문 소매업,G47859,그 외 기타 분류 안된 상품 전문 소매업,51,강원특별자치도,51130,원주시,51130520,원인동,5113010300,원동,5113010300101130001,1,대지,113,1,강원특별자치도 원주시 원동 113-1,511304457097,강원특별자치도 원주시 남산로48번길,26,,4213010300101130001018344,원동진로아파트,강원특별자치도 원주시 남산로48번길 26,220901,26439,,1,,127.946698041891,37.3413529621589
MA0101202410A0728884,사람엔산삼,평택점,G2,소매,G221,기타 상품 소매,G22199,그 외 기타 상품 전문 소매업,G47859,그 외 기타 분류 안된 상품 전문 소매업,41,경기도,41220,평택시,41220590,신평동,4122011700,합정동,4122011700109650012,1,대지,965,12,경기도 평택시 합정동 965-12,412204364857,경기도 평택시 평택5로34번길,6,11,4122011700109650012000001,명칭없음,경기도 평택시 평택5로34번길 6-11,450020,17902,,2,,127.112980548043,36.9892868218922
MA0101202411A0186692,구루테크놀로지,코리아,G2,소매,G221,기타 상품 소매,G22199,그 외 기타 상품 전문 소매업,G47859,그 외 기타 분류 안된 상품 전문 소매업,11,서울특별시,11440,마포구,11440590,용강동,1144010400,도화동,1144010400105440000,1,대지,544,,서울특별시 마포구 도화동 544,114403113022,서울특별시 마포구 큰우물로,76,,1144010400105440000003652,고려,서울특별시 마포구 큰우물로 76,121704,04167,,4,,126.945947690867,37.5407659129121
MA0101202411A0048921,그외기타상품전문소매업,,G2,소매,G221,기타 상품 소매,G22199,그 외 기타 상품 전문 소매업,G47859,그 외 기타 분류 안된 상품 전문 소매업,46,전라남도,46710,담양군,46710370,금성면,4671037022,금성면,4671037022100010009,1,대지,1,9,전라남도 담양군 금성면 석현리 1-9,467103000209,전라남도 담양군 금성면 담순로,138,,4671037022100010009000001,주창지플러스,전라남도 담양군 금성면 담순로 138,517811,57305,,2,,127.027490227801,35.3435054209788
MA0101202411A0035517,밧데리의사,마산점,G2,소매,G221,기타 상품 소매,G22199,그 외 기타 상품 전문 소매업,G47859,그 외 기타 분류 안된 상품 전문 소매업,48,경상남도,48125,창원시 마산합포구,48125650,산호동,4812511800,산호동,4812511800102090006,1,대지,209,6,경상남도 창원시 마산합포구 산호동 209-6,481252329003,경상남도 창원시 마산합포구 해안대로,553,,4812511800102090006051392,무궁화아파트,경상남도 창원시 마산합포구 해안대로 553,631855,51336,,1,,128.588688902002,35.2174769927357
MA0101202411A0058883,도도,,G2,소매,G221,기타 상품 소매,G22199,그 외 기타 상품 전문 소매업,G47859,그 외 기타 분류 안된 상품 전문 소매업,52,전북특별자치도,52111,전주시 완산구,52111510,중앙동,5211111900,태평동,5211111900100360001,1,대지,36,1,전북특별자치도 전주시 완산구 태평동 36-1,521114598369,전북특별자치도 전주시 완산구 태평3길,70,,4511111900100380001031292,중앙상가,전북특별자치도 전주시 완산구 태평3길 70,560773,54996,,1,,127.142448868237,35.8252210291403
MA0101202411A0060345,덴트프로전문Shop,,G2,소매,G221,기타 상품 소매,G22199,그 외 기타 상품 전문 소매업,G47859,그 외 기타 분류 안된 상품 전문 소매업,11,서울특별시,11500,강서구,11500603,가양1동,1150010500,마곡동,1150010500107760002,1,대지,776,2,서울특별시 강서구 마곡동 776-2,115003115008,서울특별시 강서구 양천로,344,,1150010500107760002000001,마곡센트럴대방디엠시티오피스텔,서울특별시 강서구 양천로 344,157805,07791,,1,,126.840364332372,37.5682589078685
MA0101202410A0938701,금산수삼센터34호,,G2,소매,G221,기타 상품 소매,G22199,그 외 기타 상품 전문 소매업,G47859,그 외 기타 분류 안된 상품 전문 소매업,44,충청남도,44710,금산군,44710250,금산읍,4471025022,금산읍,4471025022100240000,1,대지,24,,충청남도 금산군 금산읍 중도리 24,447103257044,충청남도 금산군 금산읍 인삼약초로,24,,4471025022100240000017736,금산인삼수삼센터,충청남도 금산군 금산읍 인삼약초로 24,312806,32739,,,,127.496358187934,36.1001557428811
MA0101202410A0849233,충북인삼,,G2,소매,G221,기타 상품 소매,G22199,그 외 기타 상품 전문 소매업,G47859,그 외 기타 분류 안된 상품 전문 소매업,11,서울특별시,11230,동대문구,11230545,제기동,1123010300,제기동,1123010300110190000,1,대지,1019,,서울특별시 동대문구 제기동 1019,112304115033,서울특별시 동대문구 고산자로36길,3,,1123010300110190000034389,경동시장,서울특별시 동대문구 고산자로36길 3,130865,02571,,2,,127.039147690267,37.5790371332837
MA0101202410A0872478,안면상회,,G2,소매,G221,기타 상품 소매,G22199,그 외 기타 상품 전문 소매업,G47859,그 외 기타 분류 안된 상품 전문 소매업,44,충청남도,44800,홍성군,44800253,광천읍,4480025322,광천읍,4480025322102300000,1,대지,230,,충청남도 홍성군 광천읍 광천리 230,448004586059,충청남도 홍성군 광천읍 광천1길,50,5,4480025322102300000054546,,충청남도 홍성군 광천읍 광천1길 50-5,350902,32295,,,,126.625107462789,36.5002448061725
MA0101202410A0921597,수삼센터61호,,G2,소매,G221,기타 상품 소매,G22199,그 외 기타 상품 전문 소매업,G47859,그 외 기타 분류 안된 상품 전문 소매업,44,충청남도,44710,금산군,44710250,금산읍,4471025022,금산읍,4471025022100240000,1,대지,24,,충청남도 금산군 금산읍 중도리 24,447103257044,충청남도 금산군 금산읍 인삼약초로,24,,4471025022100240000017736,금산인삼수삼센터,충청남도 금산군 금산읍 인삼약초로 24,312806,32739,,,,127.496358187934,36.1001557428811
MA0101202410A0935238,고려인삼,,G2,소매,G221,기타 상품 소매,G22199,그 외 기타 상품 전문 소매업,G47859,그 외 기타 분류 안된 상품 전문 소매업,11,서울특별시,11230,동대문구,11230545,제기동,1123010300,제기동,1123010300110150000,1,대지,1015,,서울특별시 동대문구 제기동 1015,112303105008,서울특별시 동대문구 왕산로,147,,1123010300110150000034749,,서울특별시 동대문구 왕산로 147,130865,02571,,1,,127.03965699709,37.5787846849648
MA0101202410A0880952,강애약초,,G2,소매,G221,기타 상품 소매,G22199,그 외 기타 상품 전문 소매업,G47859,그 외 기타 분류 안된 상품 전문 소매업,51,강원특별자치도,51130,원주시,51130515,중앙동,5113010100,중앙동,5113010100100420004,1,대지,42,4,강원특별자치도 원주시 중앙동 42-4,511304457563,강원특별자치도 원주시 중앙시장길,35,4,4213010100100420003015086,,강원특별자치도 원주시 중앙시장길 35-4,220903,26428,,,,127.949783818902,37.3516085982804
MA0101202410A0927767,금산수삼시장17호,,G2,소매,G221,기타 상품 소매,G22199,그 외 기타 상품 전문 소매업,G47859,그 외 기타 분류 안된 상품 전문 소매업,44,충청남도,44710,금산군,44710250,금산읍,4471025021,금산읍,4471025021106770001,1,대지,677,1,충청남도 금산군 금산읍 신대리 677-1,447103257044,충청남도 금산군 금산읍 인삼약초로,48,8,4471025021106770001000001,금산수삼시장,충청남도 금산군 금산읍 인삼약초로 48-8,312804,32739,,,,127.498991853197,36.1004422028023
MA0101202410A0876868,화성효인삼,,G2,소매,G221,기타 상품 소매,G22199,그 외 기타 상품 전문 소매업,G47859,그 외 기타 분류 안된 상품 전문 소매업,41,경기도,41590,화성시,41590360,팔탄면,4159036023,팔탄면,4159036023107970003,1,대지,797,3,경기도 화성시 팔탄면 기천리 797-3,415904430890,경기도 화성시 팔탄면 아랫사내길,31,4,4159036023107970003000001,,경기도 화성시 팔탄면 아랫사내길 31-4,445916,18526,,,,126.911290196078,37.1757297160869
MA0101202410A0937306,빈이네,,G2,소매,G221,기타 상품 소매,G22199,그 외 기타 상품 전문 소매업,G47859,그 외 기타 분류 안된 상품 전문 소매업,51,강원특별자치도,51750,영월군,51750250,영월읍,5175025021,영월읍,5175025021109400008,1,대지,940,8,강원특별자치도 영월군 영월읍 영흥리 940-8,517503227034,강원특별자치도 영월군 영월읍 중앙로,50,,4275025021109400008000001,,강원특별자치도 영월군 영월읍 중앙로 50,230805,26236,,,,128.469356471689,37.1833833299238
MA0101202410A0951625,금산수삼센타10호,,G2,소매,G221,기타 상품 소매,G22199,그 외 기타 상품 전문 소매업,G47859,그 외 기타 분류 안된 상품 전문 소매업,44,충청남도,44710,금산군,44710250,금산읍,4471025022,금산읍,4471025022100240000,1,대지,24,,충청남도 금산군 금산읍 중도리 24,447103257044,충청남도 금산군 금산읍 인삼약초로,24,,4471025022100240000017736,,충청남도 금산군 금산읍 인삼약초로 24,312806,32739,,1,,127.496358187934,36.1001557428811
MA0101202410A0870685,도척약초,,G2,소매,G221,기타 상품 소매,G22199,그 외 기타 상품 전문 소매업,G47859,그 외 기타 분류 안된 상품 전문 소매업,41,경기도,41610,광주시,41610330,도척면,4161033028,도척면,4161033028102070011,1,대지,207,11,경기도 광주시 도척면 진우리 207-11,416103211011,경기도 광주시 도척면 도척로,322,,4161033028102070006251135,상가,경기도 광주시 도척면 도척로 322,464883,12814,,,,127.336117356517,37.3239758644401
MA0101202410A0897740,수삼센터44호,,G2,소매,G221,기타 상품 소매,G22199,그 외 기타 상품 전문 소매업,G47859,그 외 기타 분류 안된 상품 전문 소매업,44,충청남도,44710,금산군,44710250,금산읍,4471025022,금산읍,4471025022100240000,1,대지,24,,충청남도 금산군 금산읍 중도리 24,447103257044,충청남도 금산군 금산읍 인삼약초로,24,,4471025022100240000017736,금산인삼수삼센터,충청남도 금산군 금산읍 인삼약초로 24,312806,32739,,,,127.496358187934,36.1001557428811
MA0101202410A0901569,와일드진생,,G2,소매,G221,기타 상품 소매,G22199,그 외 기타 상품 전문 소매업,G47859,그 외 기타 분류 안된 상품 전문 소매업,41,경기도,41450,하남시,41450585,위례동,4145011600,학암동,4145011600106610000,1,대지,661,,경기도 하남시 학암동 661,414502000034,경기도 하남시 위례대로,190,,4145011600105040000000001,위례효성해링턴타워,경기도 하남시 위례대로 190,465240,13012,,16,,127.148274666154,37.4785880085301
MA0101202410A0919973,윤아인삼47호,,G2,소매,G221,기타 상품 소매,G22199,그 외 기타 상품 전문 소매업,G47859,그 외 기타 분류 안된 상품 전문 소매업,44,충청남도,44710,금산군,44710250,금산읍,4471025021,금산읍,4471025021106770001,1,대지,677,1,충청남도 금산군 금산읍 신대리 677-1,447103257044,충청남도 금산군 금산읍 인삼약초로,48,8,4471025021106770001000001,소매,충청남도 금산군 금산읍 인삼약초로 48-8,312804,32739,,1,,127.498991853197,36.1004422028023
MA0101202410A0849841,금산수삼센타43호,,G2,소매,G221,기타 상품 소매,G22199,그 외 기타 상품 전문 소매업,G47859,그 외 기타 분류 안된 상품 전문 소매업,44,충청남도,44710,금산군,44710250,금산읍,4471025022,금산읍,4471025022100240000,1,대지,24,,충청남도 금산군 금산읍 중도리 24,447103257044,충청남도 금산군 금산읍 인삼약초로,24,,4471025022100240000017736,,충청남도 금산군 금산읍 인삼약초로 24,312806,32739,,,,127.496358187934,36.1001557428811
MA0101202410A0889841,강아지분양마이댕냥,일산점,G2,소매,G221,기타 상품 소매,G22199,그 외 기타 상품 전문 소매업,G47859,그 외 기타 분류 안된 상품 전문 소매업,41,경기도,41287,고양시 일산서구,41287580,송포동,4128710400,대화동,4128710400126060000,1,대지,2606,,경기도 고양시 일산서구 대화동 2606,412873193039,경기도 고양시 일산서구 한류월드로,300,,4128710400126060000000001,고양원마운트,경기도 고양시 일산서구 한류월드로 300,411410,10392,,1,,126.754531005208,37.6645532064076
MA0101202410A0889891,자연산양삼,,G2,소매,G221,기타 상품 소매,G22199,그 외 기타 상품 전문 소매업,G47859,그 외 기타 분류 안된 상품 전문 소매업,44,충청남도,44710,금산군,44710330,부리면,4471033025,부리면,4471033025104140004,1,대지,414,4,충청남도 금산군 부리면 양곡리 414-4,447103257046,충청남도 금산군 부리면 적벽강로,62,1,4471033025104130003008449,,충청남도 금산군 부리면 적벽강로 62-1,312843,32757,,,,127.560461037417,36.066537371769
MA0101202410A0901675,금산수삼센타3호,,G2,소매,G221,기타 상품 소매,G22199,그 외 기타 상품 전문 소매업,G47859,그 외 기타 분류 안된 상품 전문 소매업,44,충청남도,44710,금산군,44710250,금산읍,4471025022,금산읍,4471025022100240000,1,대지,24,,충청남도 금산군 금산읍 중도리 24,447103257044,충청남도 금산군 금산읍 인삼약초로,24,,4471025022100240000017736,금산수삼센터,충청남도 금산군 금산읍 인삼약초로 24,312806,32739,,,,127.496358187934,36.1001557428811
MA0101202410A0843710,백년인삼,,G2,소매,G221,기타 상품 소매,G22199,그 외 기타 상품 전문 소매업,G47859,그 외 기타 분류 안된 상품 전문 소매업,11,서울특별시,11230,동대문구,11230545,제기동,1123010300,제기동,1123010300110150000,1,대지,1015,,서울특별시 동대문구 제기동 1015,112303105008,서울특별시 동대문구 왕산로,147,,1123010300110150000034749,경동시장,서울특별시 동대문구 왕산로 147,130865,02571,,1,,127.03965699709,37.5787846849648
MA0101202410A0965729,정선약초,,G2,소매,G221,기타 상품 소매,G22199,그 외 기타 상품 전문 소매업,G47859,그 외 기타 분류 안된 상품 전문 소매업,51,강원특별자치도,51770,정선군,51770250,정선읍,5177025021,정선읍,5177025021103500009,1,대지,350,9,강원특별자치도 정선군 정선읍 봉양리 350-9,517704487001,강원특별자치도 정선군 정선읍 5일장길,46,,4277025021103500009009353,,강원특별자치도 정선군 정선읍 5일장길 46,233804,26130,,,,128.665065617382,37.380495864661
MA0101202410A0907844,정성환경,,G2,소매,G221,기타 상품 소매,G22199,그 외 기타 상품 전문 소매업,G47859,그 외 기타 분류 안된 상품 전문 소매업,44,충청남도,44810,예산군,44810340,대흥면,4481034032,대흥면,4481034032102090001,1,대지,209,1,충청남도 예산군 대흥면 대률리 209-1,448104853231,충청남도 예산군 대흥면 대률밤이길,19,20,4481034032102090001023212,,충청남도 예산군 대흥면 대률밤이길 19-20,340841,32448,,,,126.85068579291,36.6464106697417
MA0101202410A0951938,금산인삼유통센터,,G2,소매,G221,기타 상품 소매,G22199,그 외 기타 상품 전문 소매업,G47859,그 외 기타 분류 안된 상품 전문 소매업,44,충청남도,44710,금산군,44710250,금산읍,4471025022,금산읍,4471025022105570010,1,대지,557,10,충청남도 금산군 금산읍 중도리 557-10,447103257044,충청남도 금산군 금산읍 인삼약초로,10,1,4471025022105570010019301,금산인삼유통센터,충청남도 금산군 금산읍 인삼약초로 10-1,312806,32747,,1,,127.494305307802,36.100398543406
MA0101202410A0869303,자연담다365,,G2,소매,G221,기타 상품 소매,G22199,그 외 기타 상품 전문 소매업,G47859,그 외 기타 분류 안된 상품 전문 소매업,41,경기도,41271,안산시 상록구,41271510,일동,4127110100,일동,4127110100101240002,1,대지,124,2,경기도 안산시 상록구 일동 124-2,412714370055,경기도 안산시 상록구 구룡동길,4,6,4127110100101240002004744,,경기도 안산시 상록구 구룡동길 4-6,426858,15324,,,,126.868715395742,37.3116398090023
MA0101202410A0916062,금산수삼센터52호,,G2,소매,G221,기타 상품 소매,G22199,그 외 기타 상품 전문 소매업,G47859,그 외 기타 분류 안된 상품 전문 소매업,44,충청남도,44710,금산군,44710250,금산읍,4471025022,금산읍,4471025022100240000,1,대지,24,,충청남도 금산군 금산읍 중도리 24,447103257044,충청남도 금산군 금산읍 인삼약초로,24,,4471025022100240000017736,금산인삼수삼센터,충청남도 금산군 금산읍 인삼약초로 24,312806,32739,,,,127.496358187934,36.1001557428811
MA0101202410A0931528,담뱃잎풍경,,G2,소매,G221,기타 상품 소매,G22199,그 외 기타 상품 전문 소매업,G47859,그 외 기타 분류 안된 상품 전문 소매업,30,대전광역시,30110,동구,30110530,효동,3011010500,가오동,3011010500102360022,1,대지,236,22,대전광역시 동구 가오동 236-22,301103010002,대전광역시 동구 대전로,437,,3011010500102360022033304,,대전광역시 동구 대전로 437,300030,34693,,,,127.452684710636,36.3052062865234
MA0101202410A0910180,세호화원,,G2,소매,G221,기타 상품 소매,G22199,그 외 기타 상품 전문 소매업,G47859,그 외 기타 분류 안된 상품 전문 소매업,41,경기도,41210,광명시,41210580,광명7동,4121010100,광명동,4121010100105390010,1,대지,539,10,경기도 광명시 광명동 539-10,412103000122,경기도 광명시 광명로,689,,4121010100105390010009802,,경기도 광명시 광명로 689,423819,14300,,,,126.845327021256,37.4617759727996
MA0101202410A0850448,인삼미인,,G2,소매,G221,기타 상품 소매,G22199,그 외 기타 상품 전문 소매업,G47859,그 외 기타 분류 안된 상품 전문 소매업,44,충청남도,44710,금산군,44710250,금산읍,4471025021,금산읍,4471025021105380001,1,대지,538,1,충청남도 금산군 금산읍 신대리 538-1,447103257043,충청남도 금산군 금산읍 인삼로,231,,4471025021105380001014709,,충청남도 금산군 금산읍 인삼로 231,312804,32722,,,,127.506955546481,36.1024004426727
MA0101202410A0912233,농협수삼랜드150호,,G2,소매,G221,기타 상품 소매,G22199,그 외 기타 상품 전문 소매업,G47859,그 외 기타 분류 안된 상품 전문 소매업,44,충청남도,44710,금산군,44710250,금산읍,4471025022,금산읍,4471025022100160002,1,대지,16,2,충청남도 금산군 금산읍 중도리 16-2,447103257044,충청남도 금산군 금산읍 인삼약초로,42,,4471025022100160002020652,,충청남도 금산군 금산읍 인삼약초로 42,312806,32739,,,,127.497692669771,36.1004566182124
MA0101202410A0958458,천삼나라현산농원,,G2,소매,G221,기타 상품 소매,G22199,그 외 기타 상품 전문 소매업,G47859,그 외 기타 분류 안된 상품 전문 소매업,43,충청북도,43150,제천시,43150330,수산면,4315033024,수산면,4315033024102300000,1,대지,230,,충청북도 제천시 수산면 수곡리 230,431504517572,충청북도 제천시 수산면 약초로31길,58,47,4315033024102300000000001,,충청북도 제천시 수산면 약초로31길 58-47,390841,27220,,,,128.222739854396,36.8991659069443
MA0101202410A0918727,용훈이네농원,,G2,소매,G221,기타 상품 소매,G22199,그 외 기타 상품 전문 소매업,G47859,그 외 기타 분류 안된 상품 전문 소매업,43,충청북도,43770,음성군,43770253,금왕읍,4377025335,금왕읍,4377025335103190001,1,대지,319,1,충청북도 음성군 금왕읍 쌍봉리 319-1,437703000129,충청북도 음성군 금왕읍 금일로,333,26,4377025335103190003212568,,충청북도 음성군 금왕읍 금일로 333-26,369902,27642,,,,127.54757678893,37.0030264598947
MA0101202410A0945966,그린인삼,,G2,소매,G221,기타 상품 소매,G22199,그 외 기타 상품 전문 소매업,G47859,그 외 기타 분류 안된 상품 전문 소매업,44,충청남도,44710,금산군,44710250,금산읍,4471025021,금산읍,4471025021106770001,1,대지,677,1,충청남도 금산군 금산읍 신대리 677-1,447103257044,충청남도 금산군 금산읍 인삼약초로,48,8,4471025021106770001000001,금산수삼시장,충청남도 금산군 금산읍 인삼약초로 48-8,312804,32739,,,,127.498991853197,36.1004422028023
MA0101202410A0948132,금산수삼시장소매20호,,G2,소매,G221,기타 상품 소매,G22199,그 외 기타 상품 전문 소매업,G47859,그 외 기타 분류 안된 상품 전문 소매업,44,충청남도,44710,금산군,44710250,금산읍,4471025021,금산읍,4471025021106770001,1,대지,677,1,충청남도 금산군 금산읍 신대리 677-1,447103257044,충청남도 금산군 금산읍 인삼약초로,48,8,4471025021106770001000001,,충청남도 금산군 금산읍 인삼약초로 48-8,312804,32739,,,,127.498991853197,36.1004422028023
MA0101202410A0949361,삼사러와요,,G2,소매,G221,기타 상품 소매,G22199,그 외 기타 상품 전문 소매업,G47859,그 외 기타 분류 안된 상품 전문 소매업,51,강원특별자치도,51150,강릉시,51150520,중앙동,5115010800,성남동,5115010800100610010,1,대지,61,10,강원특별자치도 강릉시 성남동 61-10,511504460912,강원특별자치도 강릉시 중앙시장길,16,,4215010800100610009000455,,강원특별자치도 강릉시 중앙시장길 16,210050,25543,,1,,128.898233418308,37.7534008181867
MA0101202410A0848689,수삼랜드129호,,G2,소매,G221,기타 상품 소매,G22199,그 외 기타 상품 전문 소매업,G47859,그 외 기타 분류 안된 상품 전문 소매업,44,충청남도,44710,금산군,44710250,금산읍,4471025022,금산읍,4471025022100160002,1,대지,16,2,충청남도 금산군 금산읍 중도리 16-2,447103257044,충청남도 금산군 금산읍 인삼약초로,42,,4471025022100160002020652,,충청남도 금산군 금산읍 인삼약초로 42,312806,32739,,1,,127.497692669771,36.1004566182124
MA0101202410A0840485,영풍인삼,,G2,소매,G221,기타 상품 소매,G22199,그 외 기타 상품 전문 소매업,G47859,그 외 기타 분류 안된 상품 전문 소매업,11,서울특별시,11230,동대문구,11230545,제기동,1123010300,제기동,1123010300110290001,1,대지,1029,1,서울특별시 동대문구 제기동 1029-1,112303005030,서울특별시 동대문구 고산자로,458,,1123010300110290001034516,중앙상가,서울특별시 동대문구 고산자로 458,130865,02571,,2,,127.03869560954,37.5804968924119
MA0101202410A0888877,고려수삼,,G2,소매,G221,기타 상품 소매,G22199,그 외 기타 상품 전문 소매업,G47859,그 외 기타 분류 안된 상품 전문 소매업,44,충청남도,44710,금산군,44710250,금산읍,4471025021,금산읍,4471025021106770001,1,대지,677,1,충청남도 금산군 금산읍 신대리 677-1,447103257044,충청남도 금산군 금산읍 인삼약초로,48,8,4471025021106770001000001,금산수삼시장,충청남도 금산군 금산읍 인삼약초로 48-8,312804,32739,,,,127.498991853197,36.1004422028023
MA0101202410A0853086,약산궁산삼,,G2,소매,G221,기타 상품 소매,G22199,그 외 기타 상품 전문 소매업,G47859,그 외 기타 분류 안된 상품 전문 소매업,41,경기도,41650,포천시,41650320,내촌면,4165032026,내촌면,4165032026100920008,1,대지,92,8,경기도 포천시 내촌면 신팔리 92-8,416503000121,경기도 포천시 내촌면 금강로,3143,7,4165032026100920008018659,,경기도 포천시 내촌면 금강로 3143-7,487834,11188,,,,127.273966814476,37.8411966872546
MA0101202410A0906674,금산새마을영농,,G2,소매,G221,기타 상품 소매,G22199,그 외 기타 상품 전문 소매업,G47859,그 외 기타 분류 안된 상품 전문 소매업,44,충청남도,44710,금산군,44710250,금산읍,4471025024,금산읍,4471025024101610003,1,대지,161,3,충청남도 금산군 금산읍 상리 161-3,447104571391,충청남도 금산군 금산읍 아인길,49,,4471025024101610003015021,,충청남도 금산군 금산읍 아인길 49,312802,32741,,,,127.487057900422,36.1028614848721
MA0101202411A0017214,하기,,G2,소매,G221,기타 상품 소매,G22199,그 외 기타 상품 전문 소매업,G47859,그 외 기타 분류 안된 상품 전문 소매업,41,경기도,41590,화성시,41590262,남양읍,4159026221,남양읍,4159026221103540004,1,대지,354,4,경기도 화성시 남양읍 남양리 354-4,415904430139,경기도 화성시 남양읍 글판동길,60,6,4159026221103540004000001,,경기도 화성시 남양읍 글판동길 60-6,445851,18254,,,,126.797610441736,37.2073791854246
MA0101202411A0017808,신진상사,,G2,소매,G221,기타 상품 소매,G22199,그 외 기타 상품 전문 소매업,G47859,그 외 기타 분류 안된 상품 전문 소매업,36,세종특별자치시,36110,세종특별자치시,36110250,조치원읍,3611025025,조치원읍,3611025025100700001,1,대지,70,1,세종특별자치시 세종특별자치시 조치원읍 정리 70-1,361104574272,세종특별자치시 세종특별자치시 조치원읍 새내8길,14,,4473025025100700001034712,,세종특별자치시 세종특별자치시 조치원읍 새내8길 14,339882,30027,,1,,127.299139113536,36.599233532341
MA0101202411A0006520,상일소방안전연구소,,G2,소매,G221,기타 상품 소매,G22199,그 외 기타 상품 전문 소매업,G47859,그 외 기타 분류 안된 상품 전문 소매업,47,경상북도,47190,구미시,47190660,임오동,4719011800,오태동,4719011800102260000,1,대지,226,,경상북도 구미시 오태동 226,471904724651,경상북도 구미시 오태8길,28,,4719011800102260000044129,,경상북도 구미시 오태8길 28,730141,39355,,2,,128.376011990238,36.0708081424644
MA0101202411A0021185,조순화인삼사,2호점,G2,소매,G221,기타 상품 소매,G22199,그 외 기타 상품 전문 소매업,G47859,그 외 기타 분류 안된 상품 전문 소매업,47,경상북도,47210,영주시,47210250,풍기읍,4721025022,풍기읍,4721025022104660000,1,대지,466,,경상북도 영주시 풍기읍 동부리 466,472103309010,경상북도 영주시 풍기읍 기주로,10,,4721025022104650000013772,풍기인삼홍삼센터,경상북도 영주시 풍기읍 기주로 10,750803,36034,,,,128.533960963921,36.8678399086181
MA0101202411A0015627,바요마을,,G2,소매,G221,기타 상품 소매,G22199,그 외 기타 상품 전문 소매업,G47859,그 외 기타 분류 안된 상품 전문 소매업,48,경상남도,48170,진주시,48170250,문산읍,4817025026,문산읍,4817025026104650000,1,대지,465,,경상남도 진주시 문산읍 안전리 465,481704797094,경상남도 진주시 문산읍 정자천로311번길,16,,4817025026104650000000001,일부,경상남도 진주시 문산읍 정자천로311번길 16,660841,52841,,2,,128.198229185246,35.1431633351147
MA0101202411A0019718,엠에스산업,,G2,소매,G221,기타 상품 소매,G22199,그 외 기타 상품 전문 소매업,G47859,그 외 기타 분류 안된 상품 전문 소매업,41,경기도,41590,화성시,41590259,향남읍,4159025925,향남읍,4159025925108750060,1,대지,875,60,경기도 화성시 향남읍 구문천리 875-60,415904430117,경기도 화성시 향남읍 구문천1길,59,32,4159025925108750060000001,,경기도 화성시 향남읍 구문천1길 59-32,445922,18623,,2,,126.889764667887,37.0717920392245
MA0101202411A0025371,인바코드시스템,,G2,소매,G221,기타 상품 소매,G22199,그 외 기타 상품 전문 소매업,G47859,그 외 기타 분류 안된 상품 전문 소매업,31,울산광역시,31200,북구,31200560,효문동,3120012200,연암동,3120012200104010003,1,대지,401,3,울산광역시 북구 연암동 401-3,312003172029,울산광역시 북구 화봉로,58,,3120012200104010003000001,,울산광역시 북구 화봉로 58,683805,44242,,2,,129.36530966697,35.5878535542648
MA0101202410A0998069,모란약초,,G2,소매,G221,기타 상품 소매,G22199,그 외 기타 상품 전문 소매업,G47859,그 외 기타 분류 안된 상품 전문 소매업,41,경기도,41133,성남시 중원구,41133510,성남동,4113310100,성남동,4113310100149310000,1,대지,4931,,경기도 성남시 중원구 성남동 4931,411332179001,경기도 성남시 중원구 둔촌대로,68,,4113310100149310000000001,,경기도 성남시 중원구 둔촌대로 68,462829,13383,,,,127.126654182249,37.4293367839759
MA0101202410A1031254,수삼센터83호,,G2,소매,G221,기타 상품 소매,G22199,그 외 기타 상품 전문 소매업,G47859,그 외 기타 분류 안된 상품 전문 소매업,44,충청남도,44710,금산군,44710250,금산읍,4471025022,금산읍,4471025022100240000,1,대지,24,,충청남도 금산군 금산읍 중도리 24,447103257044,충청남도 금산군 금산읍 인삼약초로,24,,4471025022100240000017736,금산인삼수삼센터,충청남도 금산군 금산읍 인삼약초로 24,312806,32739,,,,127.496358187934,36.1001557428811
MA0101202410A0976710,평창산삼이야기,,G2,소매,G221,기타 상품 소매,G22199,그 외 기타 상품 전문 소매업,G47859,그 외 기타 분류 안된 상품 전문 소매업,51,강원특별자치도,51150,강릉시,51150560,교2동,5115011000,교동,5115011000108060001,1,대지,806,1,강원특별자치도 강릉시 교동 806-1,511503220032,강원특별자치도 강릉시 율곡로,2930,,4215011000108060002011879,,강원특별자치도 강릉시 율곡로 2930,210922,25490,,,,128.892050981921,37.7641302058569
MA0101202410A0981061,인삼판매장,,G2,소매,G221,기타 상품 소매,G22199,그 외 기타 상품 전문 소매업,G47859,그 외 기타 분류 안된 상품 전문 소매업,44,충청남도,44710,금산군,44710250,금산읍,4471025022,금산읍,4471025022100240000,1,대지,24,,충청남도 금산군 금산읍 중도리 24,447103257044,충청남도 금산군 금산읍 인삼약초로,24,,4471025022100240000017736,금산인삼수삼센터,충청남도 금산군 금산읍 인삼약초로 24,312806,32739,,,,127.496358187934,36.1001557428811
MA0101202410A0985089,포천생약공판장,,G2,소매,G221,기타 상품 소매,G22199,그 외 기타 상품 전문 소매업,G47859,그 외 기타 분류 안된 상품 전문 소매업,41,경기도,41650,포천시,41650510,포천동,4165010100,신읍동,4165010100100420018,1,대지,42,18,경기도 포천시 신읍동 42-18,416504439591,경기도 포천시 중앙로110번길,11,,4165010100100420018033311,,경기도 포천시 중앙로110번길 11,487803,11145,,,,127.20333081023,37.8970184216917
MA0101202410A0989578,한국산삼연합회,,G2,소매,G221,기타 상품 소매,G22199,그 외 기타 상품 전문 소매업,G47859,그 외 기타 분류 안된 상품 전문 소매업,51,강원특별자치도,51780,철원군,51780256,갈말읍,5178025624,갈말읍,5178025624109330003,1,대지,933,3,강원특별자치도 철원군 갈말읍 군탄리 933-3,517803230012,강원특별자치도 철원군 갈말읍 명성로,239,,4278025624109330003035567,,강원특별자치도 철원군 갈말읍 명성로 239,269802,24034,,,,127.307451650654,38.1531770414041
MA0101202411A0012746,토브이엔티,,G2,소매,G221,기타 상품 소매,G22199,그 외 기타 상품 전문 소매업,G47859,그 외 기타 분류 안된 상품 전문 소매업,47,경상북도,47190,구미시,47190670,인동동,4719012000,구평동,4719012000104470008,1,대지,447,8,경상북도 구미시 구평동 447-8,471904724755,경상북도 구미시 인동38길,5,9,4719012000104470008000001,,경상북도 구미시 인동38길 5-9,730300,39449,,2,,128.434065120587,36.0934759031225
MA0101202410A0981151,금산수삼센터수매장20호,,G2,소매,G221,기타 상품 소매,G22199,그 외 기타 상품 전문 소매업,G47859,그 외 기타 분류 안된 상품 전문 소매업,44,충청남도,44710,금산군,44710250,금산읍,4471025022,금산읍,4471025022100240000,1,대지,24,,충청남도 금산군 금산읍 중도리 24,447103257044,충청남도 금산군 금산읍 인삼약초로,24,,4471025022100240000017736,,충청남도 금산군 금산읍 인삼약초로 24,312806,32739,,,,127.496358187934,36.1001557428811
MA0101202411A0016031,전담GATE몽촌토성역점,,G2,소매,G221,기타 상품 소매,G22199,그 외 기타 상품 전문 소매업,G47859,그 외 기타 분류 안된 상품 전문 소매업,11,서울특별시,11710,송파구,11710562,방이2동,1171011100,방이동,1171011100100470000,1,대지,47,,서울특별시 송파구 방이동 47,117104169456,서울특별시 송파구 위례성대로2길,8,,1171011100100470008015865,새천년잠실헤리츠오피스텔,서울특별시 송파구 위례성대로2길 8,138828,05544,,1,,127.113193507684,37.5163879876258
MA0101202410A0972657,제일생약,,G2,소매,G221,기타 상품 소매,G22199,그 외 기타 상품 전문 소매업,G47859,그 외 기타 분류 안된 상품 전문 소매업,43,충청북도,43150,제천시,43150380,송학면,4315038024,송학면,4315038024112700001,1,대지,1270,1,충청북도 제천시 송학면 시곡리 1270-1,431503239039,충청북도 제천시 송학면 시곡포전로,100,,4315038024112700001000001,,충청북도 제천시 송학면 시곡포전로 100,390813,27123,,,,128.257951589615,37.1910786754529
MA0101202410A0985417,다산약초,,G2,소매,G221,기타 상품 소매,G22199,그 외 기타 상품 전문 소매업,G47859,그 외 기타 분류 안된 상품 전문 소매업,11,서울특별시,11230,동대문구,11230545,제기동,1123010300,제기동,1123010300111400055,1,대지,1140,55,서울특별시 동대문구 제기동 1140-55,112303105007,서울특별시 동대문구 약령중앙로,5,,1123010300111400055031929,대산빌딩,서울특별시 동대문구 약령중앙로 5,130864,02569,,,,127.036589069184,37.5788397353846
MA0101202411A0002943,렙스타일,,G2,소매,G221,기타 상품 소매,G22199,그 외 기타 상품 전문 소매업,G47859,그 외 기타 분류 안된 상품 전문 소매업,27,대구광역시,27260,수성구,27260540,범어4동,2726010100,범어동,2726010100102010007,1,대지,201,7,대구광역시 수성구 범어동 201-7,272604238242,대구광역시 수성구 범어로19길,47,,2726010100102010007021629,,대구광역시 수성구 범어로19길 47,706821,42087,,1,,128.633193503278,35.8577883046786
MA0101202411A0010108,사나조경,,G2,소매,G221,기타 상품 소매,G22199,그 외 기타 상품 전문 소매업,G47859,그 외 기타 분류 안된 상품 전문 소매업,41,경기도,41610,광주시,41610330,도척면,4161033028,도척면,4161033028101230010,1,대지,123,10,경기도 광주시 도척면 진우리 123-10,416104433137,경기도 광주시 도척면 도척로256번길,15,,4161033028101230010000002,,경기도 광주시 도척면 도척로256번길 15,464883,12814,,,,127.336555940297,37.328714027704
MA0101202411A0037477,시온,,G2,소매,G221,기타 상품 소매,G22199,그 외 기타 상품 전문 소매업,G47859,그 외 기타 분류 안된 상품 전문 소매업,28,인천광역시,28177,미추홀구,28177530,숭의4동,2817710100,숭의동,2817710100100270016,1,대지,27,16,인천광역시 미추홀구 숭의동 27-16,281774253407,인천광역시 미추홀구 수봉로33번길,20,,2817010100100270016000001,,인천광역시 미추홀구 수봉로33번길 20,402812,22167,,,,126.657697993938,37.4634537580673
MA0101202410A1015344,에스박스,,G2,소매,G221,기타 상품 소매,G22199,그 외 기타 상품 전문 소매업,G47859,그 외 기타 분류 안된 상품 전문 소매업,11,서울특별시,11110,종로구,11110615,종로1.2.3.4가동,1111015400,장사동,1111015400101160004,1,대지,116,4,서울특별시 종로구 장사동 116-4,111103100021,서울특별시 종로구 청계천로,159,,1111015400101160004015909,세운상가,서울특별시 종로구 청계천로 159,110430,03194,,3,,126.995234520229,37.5692857548513
MA0101202410A1021375,전통시장70호,,G2,소매,G221,기타 상품 소매,G22199,그 외 기타 상품 전문 소매업,G47859,그 외 기타 분류 안된 상품 전문 소매업,44,충청남도,44710,금산군,44710250,금산읍,4471025022,금산읍,4471025022100240000,1,대지,24,,충청남도 금산군 금산읍 중도리 24,447103257044,충청남도 금산군 금산읍 인삼약초로,24,,4471025022100240000017736,금산수삼센터,충청남도 금산군 금산읍 인삼약초로 24,312806,32739,,,,127.496358187934,36.1001557428811
MA0101202411A0001580,디알세이프티,,G2,소매,G221,기타 상품 소매,G22199,그 외 기타 상품 전문 소매업,G47859,그 외 기타 분류 안된 상품 전문 소매업,44,충청남도,44200,아산시,44200410,신창면,4420041021,신창면,4420041021100020017,1,대지,2,17,충청남도 아산시 신창면 오목리 2-17,442003253041,충청남도 아산시 신창면 서부북로,636,6,4420041021100020017022301,,충청남도 아산시 신창면 서부북로 636-6,336885,31534,,,,126.935724582178,36.8028499556936
MA0101202411A0001612,엘엔에스컴퍼니,,G2,소매,G221,기타 상품 소매,G22199,그 외 기타 상품 전문 소매업,G47859,그 외 기타 분류 안된 상품 전문 소매업,52,전북특별자치도,52111,전주시 완산구,52111680,서신동,5211112900,서신동,5211112900108500001,1,대지,850,1,전북특별자치도 전주시 완산구 서신동 850-1,521114598186,전북특별자치도 전주시 완산구 서신천변2길,2,1,4511112900108500001026919,,전북특별자치도 전주시 완산구 서신천변2길 2-1,560821,54953,,1,,127.114463242343,35.8264135622492
MA0101202411A0008781,그외기타상품전문소매업,,G2,소매,G221,기타 상품 소매,G22199,그 외 기타 상품 전문 소매업,G47859,그 외 기타 분류 안된 상품 전문 소매업,27,대구광역시,27170,서구,27170695,원대동,2717010800,원대동2가,2717010800101240005,1,대지,124,5,대구광역시 서구 원대동2가 124-5,271704229014,대구광역시 서구 고성로25길,29,11,2717010800101240005026232,,대구광역시 서구 고성로25길 29-11,703827,41728,,,,128.580120119919,35.8842889448604
MA0101202411A0027130,차박팩토리/유니테크세종지사,세종점,G2,소매,G221,기타 상품 소매,G22199,그 외 기타 상품 전문 소매업,G47859,그 외 기타 분류 안된 상품 전문 소매업,36,세종특별자치시,36110,세종특별자치시,36110340,금남면,3611034039,금남면,3611034039103860002,1,대지,386,2,세종특별자치시 세종특별자치시 금남면 도암리 386-2,361104574101,세종특별자치시 세종특별자치시 금남면 도암2길,38,9,3611034039103860002000002,창고,세종특별자치시 세종특별자치시 금남면 도암2길 38-9,339831,30084,,,,127.277580391963,36.4491898981497
MA0101202411A0038711,이레농자재,,G2,소매,G221,기타 상품 소매,G22199,그 외 기타 상품 전문 소매업,G47859,그 외 기타 분류 안된 상품 전문 소매업,51,강원특별자치도,51790,화천군,51790310,간동면,5179031024,간동면,5179031024101740000,1,대지,174,,강원특별자치도 화천군 간동면 오음리 174,517903013047,강원특별자치도 화천군 간동면 간척월명로,391,,4279031024101740000000001,,강원특별자치도 화천군 간동면 간척월명로 391,209822,24137,,,,127.821910349309,38.0611730934905
MA0101202411A0038735,그외기타상품전문소매업,,G2,소매,G221,기타 상품 소매,G22199,그 외 기타 상품 전문 소매업,G47859,그 외 기타 분류 안된 상품 전문 소매업,52,전북특별자치도,52130,군산시,52130340,서수면,5213034021,서수면,5213034021110890054,1,대지,1089,54,전북특별자치도 군산시 서수면 서수리 1089-54,521304604672,전북특별자치도 군산시 서수면 신상용전길,25,,4513034021110890054000001,,전북특별자치도 군산시 서수면 신상용전길 25,573943,54055,,,,126.870686674422,35.9821250526724
MA0101202410A1029801,남양호내수면어업계,,G2,소매,G221,기타 상품 소매,G22199,그 외 기타 상품 전문 소매업,G47859,그 외 기타 분류 안된 상품 전문 소매업,41,경기도,41220,평택시,41220256,포승읍,4122025623,포승읍,4122025623110380001,1,대지,1038,1,경기도 평택시 포승읍 원정리 1038-1,412203012027,경기도 평택시 포승읍 포승향남로,572,98,4122025623110380001047390,,경기도 평택시 포승읍 포승향남로 572-98,451822,17951,,,,126.82622545271,37.0097220070989
MA0101202411A0008905,수에스앤엠,,G2,소매,G221,기타 상품 소매,G22199,그 외 기타 상품 전문 소매업,G47859,그 외 기타 분류 안된 상품 전문 소매업,41,경기도,41111,수원시 장안구,41111591,송죽동,4111113500,송죽동,4111113500103950011,1,대지,395,11,경기도 수원시 장안구 송죽동 395-11,411113174005,경기도 수원시 장안구 송원로,6,,4111113500103950011036935,정우빌딩,경기도 수원시 장안구 송원로 6,440801,16307,,,,127.004996324331,37.2962237152944
MA0101202411A0022878,그외기타상품전문소매업,,G2,소매,G221,기타 상품 소매,G22199,그 외 기타 상품 전문 소매업,G47859,그 외 기타 분류 안된 상품 전문 소매업,47,경상북도,47280,문경시,47280610,점촌5동,4728011000,모전동,4728011000101060068,1,대지,106,68,경상북도 문경시 모전동 106-68,472803303047,경상북도 문경시 중앙로,5,,4728011000101060068026239,,경상북도 문경시 중앙로 5,745882,36952,,2,,128.192270322492,36.5873195130026
MA0101202410A0992459,심마니약초,,G2,소매,G221,기타 상품 소매,G22199,그 외 기타 상품 전문 소매업,G47859,그 외 기타 분류 안된 상품 전문 소매업,43,충청북도,43150,제천시,43150560,용두동,4315011200,신월동,4315011200103470001,1,대지,347,1,충청북도 제천시 신월동 347-1,431503239080,충청북도 제천시 대학로,125,,4315011200103470001002061,,충청북도 제천시 대학로 125,390230,27157,,,,128.194535688298,37.1596504398587
MA0101202411A0006041,썬이엔지,,G2,소매,G221,기타 상품 소매,G22199,그 외 기타 상품 전문 소매업,G47859,그 외 기타 분류 안된 상품 전문 소매업,41,경기도,41360,남양주시,41360253,진접읍,4136025326,진접읍,4136025326107870011,1,대지,787,11,경기도 남양주시 진접읍 팔야리 787-11,413603197006,경기도 남양주시 진접읍 광릉내로,59,,4136025326107870011023392,,경기도 남양주시 진접읍 광릉내로 59,472868,12019,,4,,127.201075172008,37.7446436750532
MA0101202411A0028993,명성,코리아,G2,소매,G221,기타 상품 소매,G22199,그 외 기타 상품 전문 소매업,G47859,그 외 기타 분류 안된 상품 전문 소매업,44,충청남도,44230,논산시,44230510,취암동,4423010200,반월동,4423010200101990033,1,대지,199,33,충청남도 논산시 반월동 199-33,442303000095,충청남도 논산시 계백로,1033,1,4423010200101990033042811,,충청남도 논산시 계백로 1033-1,320803,32971,,,,127.090893489451,36.2052931978514
MA0101202411A0029031,태광농약사,,G2,소매,G221,기타 상품 소매,G22199,그 외 기타 상품 전문 소매업,G47859,그 외 기타 분류 안된 상품 전문 소매업,47,경상북도,47840,성주군,47840340,가천면,4784034031,가천면,4784034031100060007,1,대지,6,7,경상북도 성주군 가천면 화죽리 6-7,478403321025,경상북도 성주군 가천면 포천계곡로,10,1,4784034031100060007000001,,경상북도 성주군 가천면 포천계곡로 10-1,719882,40061,,,,128.177856089358,35.8731733370045
MA0101202410A1015667,하늘샘약초,,G2,소매,G221,기타 상품 소매,G22199,그 외 기타 상품 전문 소매업,G47859,그 외 기타 분류 안된 상품 전문 소매업,51,강원특별자치도,51150,강릉시,51150250,주문진읍,5115025021,주문진읍,5115025021103150020,1,대지,315,20,강원특별자치도 강릉시 주문진읍 주문리 315-20,511504460615,강원특별자치도 강릉시 주문진읍 시장길,53,1,4215025021103150020000001,,강원특별자치도 강릉시 주문진읍 시장길 53-1,210806,25413,,2,,128.827493295959,37.8925102645928
MA0101202410A1019805,진건자연세계,,G2,소매,G221,기타 상품 소매,G22199,그 외 기타 상품 전문 소매업,G47859,그 외 기타 분류 안된 상품 전문 소매업,41,경기도,41360,남양주시,41360253,진접읍,4136025324,진접읍,4136025324105010000,1,대지,501,,경기도 남양주시 진접읍 연평리 501,413604391576,경기도 남양주시 진접읍 양진로와촌2길,3,,4136025324105010000000001,주,경기도 남양주시 진접읍 양진로와촌2길 3,472863,12073,,,,127.176442591114,37.6823538542093
MA0101202411A0007702,예산일등농자재,,G2,소매,G221,기타 상품 소매,G22199,그 외 기타 상품 전문 소매업,G47859,그 외 기타 분류 안된 상품 전문 소매업,44,충청남도,44810,예산군,44810250,예산읍,4481025021,예산읍,4481025021105150003,1,대지,515,3,충청남도 예산군 예산읍 예산리 515-3,448103263028,충청남도 예산군 예산읍 예산로,218,,4481025021105150003005534,,충청남도 예산군 예산읍 예산로 218,340804,32436,,3,,126.848887180625,36.6798043784604
MA0101202411A0028114,진바이오호남지부,,G2,소매,G221,기타 상품 소매,G22199,그 외 기타 상품 전문 소매업,G47859,그 외 기타 분류 안된 상품 전문 소매업,52,전북특별자치도,52210,김제시,52210510,요촌동,5221010100,요촌동,5221010100105210020,1,대지,521,20,전북특별자치도 김제시 요촌동 521-20,522103272085,전북특별자치도 김제시 동서로,144,,4521010100105210020057781,,전북특별자치도 김제시 동서로 144,576807,54409,,1,,126.884560173874,35.7977074504956
MA0101202411A0029882,무안농약사,,G2,소매,G221,기타 상품 소매,G22199,그 외 기타 상품 전문 소매업,G47859,그 외 기타 분류 안된 상품 전문 소매업,46,전라남도,46840,무안군,46840250,무안읍,4684025021,무안읍,4684025021100430000,1,대지,43,,전라남도 무안군 무안읍 성내리 43,468404688217,전라남도 무안군 무안읍 성내1길,39,,4684025022100430000056285,,전라남도 무안군 무안읍 성내1길 39,534802,58524,,,,126.476047707042,34.9929122910295
MA0101202410A0973571,소매66호,,G2,소매,G221,기타 상품 소매,G22199,그 외 기타 상품 전문 소매업,G47859,그 외 기타 분류 안된 상품 전문 소매업,44,충청남도,44710,금산군,44710360,남이면,4471036030,남이면,4471036030103920005,1,대지,392,5,충청남도 금산군 남이면 성곡리 392-5,447103000088,충청남도 금산군 남이면 금산로,1082,,4471036030103920001005000,,충청남도 금산군 남이면 금산로 1082,312894,32752,,,,127.489285462867,36.0734549275716
MA0101202410A0999163,송림인삼,,G2,소매,G221,기타 상품 소매,G22199,그 외 기타 상품 전문 소매업,G47859,그 외 기타 분류 안된 상품 전문 소매업,28,인천광역시,28140,동구,28140630,송림6동,2814010700,송림동,2814010700100500023,1,대지,50,23,인천광역시 동구 송림동 50-23,281404250157,인천광역시 동구 송림로99번길,3,,2814010700100500029098051,,인천광역시 동구 송림로99번길 3,401823,22544,,1,,126.645440391328,37.4764191356734
MA0101202411A0011953,에이치케이파이어가드,,G2,소매,G221,기타 상품 소매,G22199,그 외 기타 상품 전문 소매업,G47859,그 외 기타 분류 안된 상품 전문 소매업,41,경기도,41115,수원시 팔달구,41115670,고등동,4111513700,고등동,4111513700103270000,1,대지,327,,경기도 수원시 팔달구 고등동 327,411153176001,경기도 수원시 팔달구 고등로,28,,4111513700100000000000007,써밋플렉스,경기도 수원시 팔달구 고등로 28,442090,16453,,1,,126.999673028845,37.2726526386584
MA0101202411A0016515,창큐에듀,,G2,소매,G221,기타 상품 소매,G22199,그 외 기타 상품 전문 소매업,G47859,그 외 기타 분류 안된 상품 전문 소매업,11,서울특별시,11200,성동구,11200790,용답동,1120012200,용답동,1120012200102380002,1,대지,238,2,서울특별시 성동구 용답동 238-2,112004109510,서울특별시 성동구 자동차시장1길,94,15,1120012200102380002000001,오르세오피스텔,서울특별시 성동구 자동차시장1길 94-15,133851,04808,,7,,127.068122835973,37.5596165282712
MA0101202410A0975564,금산수삼센타75호,,G2,소매,G221,기타 상품 소매,G22199,그 외 기타 상품 전문 소매업,G47859,그 외 기타 분류 안된 상품 전문 소매업,44,충청남도,44710,금산군,44710250,금산읍,4471025022,금산읍,4471025022100240000,1,대지,24,,충청남도 금산군 금산읍 중도리 24,447103257044,충청남도 금산군 금산읍 인삼약초로,24,,4471025022100240000017736,금산수삼센터,충청남도 금산군 금산읍 인삼약초로 24,312806,32739,,,,127.496358187934,36.1001557428811
MA0101202411A0027657,안혜숙,,G2,소매,G221,기타 상품 소매,G22199,그 외 기타 상품 전문 소매업,G47859,그 외 기타 분류 안된 상품 전문 소매업,11,서울특별시,11305,강북구,11305555,송천동,1130510100,미아동,1130510100106370337,1,대지,637,337,서울특별시 강북구 미아동 637-337,113054124225,서울특별시 강북구 삼양로20길,9,10,1130510100106370337026933,,서울특별시 강북구 삼양로20길 9-10,142817,01208,,,,127.02267527566,37.6147116917887
MA0101202411A0030747,부여안전예방용품,,G2,소매,G221,기타 상품 소매,G22199,그 외 기타 상품 전문 소매업,G47859,그 외 기타 분류 안된 상품 전문 소매업,44,충청남도,44760,부여군,44760250,부여읍,4476025028,부여읍,4476025028102440005,1,대지,244,5,충청남도 부여군 부여읍 동남리 244-5,447604577287,충청남도 부여군 부여읍 사비로20번길,7,3,4476025028102440005000001,,충청남도 부여군 부여읍 사비로20번길 7-3,323806,33167,,,,126.911074016563,36.2746688418343
MA0101202411A0037863,럽샾,,G2,소매,G221,기타 상품 소매,G22199,그 외 기타 상품 전문 소매업,G47859,그 외 기타 분류 안된 상품 전문 소매업,28,인천광역시,28237,부평구,28237540,부평4동,2823710100,부평동,2823710100102110081,1,대지,211,81,인천광역시 부평구 부평동 211-81,282374262375,인천광역시 부평구 부평대로36번길,15,1,2823710100102110081103064,,인천광역시 부평구 부평대로36번길 15-1,403820,21393,,1,,126.723922812833,37.4946937383296
MA0101202410A0979988,금산수삼센터75호,,G2,소매,G221,기타 상품 소매,G22199,그 외 기타 상품 전문 소매업,G47859,그 외 기타 분류 안된 상품 전문 소매업,44,충청남도,44710,금산군,44710250,금산읍,4471025022,금산읍,4471025022100240000,1,대지,24,,충청남도 금산군 금산읍 중도리 24,447103257044,충청남도 금산군 금산읍 인삼약초로,24,,4471025022100240000017736,금산인삼수삼센터,충청남도 금산군 금산읍 인삼약초로 24,312806,32739,,,,127.496358187934,36.1001557428811
MA0101202410A1040996,수강인삼사,,G2,소매,G221,기타 상품 소매,G22199,그 외 기타 상품 전문 소매업,G47859,그 외 기타 분류 안된 상품 전문 소매업,11,서울특별시,11230,동대문구,11230545,제기동,1123010300,제기동,1123010300110190000,1,대지,1019,,서울특별시 동대문구 제기동 1019,112304115033,서울특별시 동대문구 고산자로36길,3,,1123010300110190000034389,신관,서울특별시 동대문구 고산자로36길 3,130865,02571,,2,,127.039147690267,37.5790371332837
MA0101202410A0993126,생화장직판장,,G2,소매,G221,기타 상품 소매,G22199,그 외 기타 상품 전문 소매업,G47859,그 외 기타 분류 안된 상품 전문 소매업,43,충청북도,43720,보은군,43720315,속리산면,4372031521,속리산면,4372031521101540003,1,대지,154,3,충청북도 보은군 속리산면 상판리 154-3,437203241010,충청북도 보은군 속리산면 법주사로,21,5,4372031521101530007001857,,충청북도 보은군 속리산면 법주사로 21-5,376862,28910,,,,127.810104832327,36.5127448149054
MA0101202410A1001571,금산수삼센터32호,,G2,소매,G221,기타 상품 소매,G22199,그 외 기타 상품 전문 소매업,G47859,그 외 기타 분류 안된 상품 전문 소매업,44,충청남도,44710,금산군,44710250,금산읍,4471025022,금산읍,4471025022100240000,1,대지,24,,충청남도 금산군 금산읍 중도리 24,447103257044,충청남도 금산군 금산읍 인삼약초로,24,,4471025022100240000017736,금산수삼센터,충청남도 금산군 금산읍 인삼약초로 24,312806,32739,,1,,127.496358187934,36.1001557428811
MA0101202410A1034847,삼보인삼사,,G2,소매,G221,기타 상품 소매,G22199,그 외 기타 상품 전문 소매업,G47859,그 외 기타 분류 안된 상품 전문 소매업,44,충청남도,44710,금산군,44710250,금산읍,4471025022,금산읍,4471025022104430001,1,대지,443,1,충청남도 금산군 금산읍 중도리 443-1,447104571020,충청남도 금산군 금산읍 건삼전1길,20,1,4471025022104430001019459,,충청남도 금산군 금산읍 건삼전1길 20-1,312806,32740,,,,127.491908338824,36.1006697581367
MA0101202411A0115224,에스앤피,,G2,소매,G221,기타 상품 소매,G22199,그 외 기타 상품 전문 소매업,G47859,그 외 기타 분류 안된 상품 전문 소매업,48,경상남도,48310,거제시,48310590,상문동,4831011000,상동동,4831011000104760015,1,대지,476,15,경상남도 거제시 상동동 476-15,483103337006,경상남도 거제시 계룡로,54,,4831011000104760015026247,사무실유경아이파크텔,경상남도 거제시 계룡로 54,656300,53287,,1,,128.626697916623,34.8759564727032
MA0101202411A0081690,태영이앤지,,G2,소매,G221,기타 상품 소매,G22199,그 외 기타 상품 전문 소매업,G47859,그 외 기타 분류 안된 상품 전문 소매업,46,전라남도,46880,장성군,46880320,남면,4688032021,남면,4688032021110900045,1,대지,1090,45,전라남도 장성군 남면 분향리 1090-45,468803299059,전라남도 장성군 남면 황토로,283,27,4688032021110900045000001,,전라남도 장성군 남면 황토로 283-27,515891,57249,,,,126.802328651505,35.2409999833246
MA0101202411A0098181,지노몰,,G2,소매,G221,기타 상품 소매,G22199,그 외 기타 상품 전문 소매업,G47859,그 외 기타 분류 안된 상품 전문 소매업,11,서울특별시,11230,동대문구,11230570,전농2동,1123010400,전농동,1123010400100550060,1,대지,55,60,서울특별시 동대문구 전농동 55-60,112304115169,서울특별시 동대문구 사가정로13길,30,,1123010400100550060026190,,서울특별시 동대문구 사가정로13길 30,130850,02507,,,,127.058483887348,37.5791552763648
MA0101202411A0098192,소금공장,,G2,소매,G221,기타 상품 소매,G22199,그 외 기타 상품 전문 소매업,G47859,그 외 기타 분류 안된 상품 전문 소매업,41,경기도,41360,남양주시,41360565,다산2동,4136011200,다산동,4136011200161930001,1,대지,6193,1,경기도 남양주시 다산동 6193-1,413603000120,경기도 남양주시 경춘로,508,4,4136011200161930001000001,더리더스타워,경기도 남양주시 경춘로 508-4,,12284,,,,127.168810074434,37.6109351190002
MA0101202411A0098194,그외기타상품전문소매업,,G2,소매,G221,기타 상품 소매,G22199,그 외 기타 상품 전문 소매업,G47859,그 외 기타 분류 안된 상품 전문 소매업,52,전북특별자치도,52130,군산시,52130530,월명동,5213011900,영화동,5213011900100220007,1,대지,22,7,전북특별자치도 군산시 영화동 22-7,521304604090,전북특별자치도 군산시 구영6길,98,,4513011900100220007000002,,전북특별자치도 군산시 구영6길 98,573060,54021,,2,,126.710858888837,35.9880378113987
MA0101202411A0103957,이엔텍천안,코리아,G2,소매,G221,기타 상품 소매,G22199,그 외 기타 상품 전문 소매업,G47859,그 외 기타 분류 안된 상품 전문 소매업,44,충청남도,44133,천안시 서북구,44133550,쌍용3동,4413310700,쌍용동,4413310700119550000,1,대지,1955,,충청남도 천안시 서북구 쌍용동 1955,441333250041,충청남도 천안시 서북구 월봉로,126,,4413310700119550000056611,대림프라자,충청남도 천안시 서북구 월봉로 126,331956,31166,,,,127.118968459467,36.8018436326922
MA0101202411A0044658,베스티앤마농,,G2,소매,G221,기타 상품 소매,G22199,그 외 기타 상품 전문 소매업,G47859,그 외 기타 분류 안된 상품 전문 소매업,46,전라남도,46110,목포시,46110558,원산동,4611010200,산정동,4611010200117760003,1,대지,1776,3,전라남도 목포시 산정동 1776-3,461104643713,전라남도 목포시 청호로136번길,15,,4611010200117760003021781,,전라남도 목포시 청호로136번길 15,530820,58640,,2,,126.377488204533,34.8047705917866
MA0101202411A0078847,유일상사,,G2,소매,G221,기타 상품 소매,G22199,그 외 기타 상품 전문 소매업,G47859,그 외 기타 분류 안된 상품 전문 소매업,11,서울특별시,11380,은평구,11380632,신사2동,1138010900,신사동,1138010900103410033,1,대지,341,33,서울특별시 은평구 신사동 341-33,113804133257,서울특별시 은평구 증산로17길,17,4,1138010900103410033013396,,서울특별시 은평구 증산로17길 17-4,122891,03448,,,,126.911151661631,37.590146460911
MA0101202411A0132677,성운,,G2,소매,G221,기타 상품 소매,G22199,그 외 기타 상품 전문 소매업,G47859,그 외 기타 분류 안된 상품 전문 소매업,11,서울특별시,11260,중랑구,11260600,중화1동,1126010300,중화동,1126010300102950042,1,대지,295,42,서울특별시 중랑구 중화동 295-42,112604118085,서울특별시 중랑구 동일로126길,24,,1126010300102950042013348,할렐루야하우스,서울특별시 중랑구 동일로126길 24,131877,02094,,,,127.081384808514,37.5987563112316
MA0101202411A0051855,그외기타상품전문소매업,,G2,소매,G221,기타 상품 소매,G22199,그 외 기타 상품 전문 소매업,G47859,그 외 기타 분류 안된 상품 전문 소매업,41,경기도,41390,시흥시,41390591,정왕1동,4139013200,정왕동,4139013200116040009,1,대지,1604,9,경기도 시흥시 정왕동 1604-9,413904397537,경기도 시흥시 정왕대로233번안길,13,8,4139013200116040009015787,,경기도 시흥시 정왕대로233번안길 13-8,429857,15056,,,,126.742816705991,37.3466273952906
MA0101202411A0083382,삼나라,,G2,소매,G221,기타 상품 소매,G22199,그 외 기타 상품 전문 소매업,G47859,그 외 기타 분류 안된 상품 전문 소매업,36,세종특별자치시,36110,세종특별자치시,36110250,조치원읍,3611025027,조치원읍,3611025027100430003,1,대지,43,3,세종특별자치시 세종특별자치시 조치원읍 남리 43-3,361103258013,세종특별자치시 세종특별자치시 조치원읍 새내로,65,1,4473025027100430003042232,,세종특별자치시 세종특별자치시 조치원읍 새내로 65-1,339802,30028,,3,,127.298541302699,36.5978112304202
MA0101202411A0113236,류아트,,G2,소매,G221,기타 상품 소매,G22199,그 외 기타 상품 전문 소매업,G47859,그 외 기타 분류 안된 상품 전문 소매업,52,전북특별자치도,52800,부안군,52800250,부안읍,5280025024,부안읍,5280025024105260001,1,대지,526,1,전북특별자치도 부안군 부안읍 봉덕리 526-1,528003280054,전북특별자치도 부안군 부안읍 석정로,316,,4580025024105260001022833,,전북특별자치도 부안군 부안읍 석정로 316,579805,56318,,2,,126.737280432849,35.7174523249953
MA0101202411A0041840,영월안전,,G2,소매,G221,기타 상품 소매,G22199,그 외 기타 상품 전문 소매업,G47859,그 외 기타 분류 안된 상품 전문 소매업,51,강원특별자치도,51750,영월군,51750250,영월읍,5175025021,영월읍,5175025021109270014,1,대지,927,14,강원특별자치도 영월군 영월읍 영흥리 927-14,517504481182,강원특별자치도 영월군 영월읍 요리골목길,4,,4275025021109270014000001,,강원특별자치도 영월군 영월읍 요리골목길 4,230805,26236,,,,128.468631700675,37.1825904507439
MA0101202411A0046255,명진소방,,G2,소매,G221,기타 상품 소매,G22199,그 외 기타 상품 전문 소매업,G47859,그 외 기타 분류 안된 상품 전문 소매업,41,경기도,41192,부천시 원미구,41192530,심곡3동,4119210200,심곡동,4119210200103390015,1,대지,339,15,경기도 부천시 원미구 심곡동 339-15,411924352329,경기도 부천시 원미구 신흥로59번길,31,,4119510200103390015026787,,경기도 부천시 원미구 신흥로59번길 31,420826,14616,,1,,126.775617259963,37.4892530392617
MA0101202411A0046264,서원,,G2,소매,G221,기타 상품 소매,G22199,그 외 기타 상품 전문 소매업,G47859,그 외 기타 분류 안된 상품 전문 소매업,41,경기도,41590,화성시,41590590,동탄5동,4159013100,영천동,4159013100108320003,1,대지,832,3,경기도 화성시 영천동 832-3,415902348101,경기도 화성시 동탄순환대로,878,,4159013100103580084000001,,경기도 화성시 동탄순환대로 878,445130,18469,,5,,127.0913969959,37.2097424144205
MA0101202411A0055204,그외기타상품전문소매업,,G2,소매,G221,기타 상품 소매,G22199,그 외 기타 상품 전문 소매업,G47859,그 외 기타 분류 안된 상품 전문 소매업,44,충청남도,44710,금산군,44710380,복수면,4471038024,복수면,4471038024106540000,1,대지,654,,충청남도 금산군 복수면 수영리 654,447104571342,충청남도 금산군 복수면 수영1길,60,,4471038024106540000000001,,충청남도 금산군 복수면 수영1길 60,312921,32701,,,,127.38722046367,36.1682387971972
MA0101202411A0101305,감동,,G2,소매,G221,기타 상품 소매,G22199,그 외 기타 상품 전문 소매업,G47859,그 외 기타 분류 안된 상품 전문 소매업,46,전라남도,46870,영광군,46870250,영광읍,4687025039,영광읍,4687025039100770015,1,대지,77,15,전라남도 영광군 영광읍 신하리 77-15,468703298037,전라남도 영광군 영광읍 천년로,1399,5,4687025039100770015000001,,전라남도 영광군 영광읍 천년로 1399-5,513805,57039,,1,,126.496981719096,35.270833568888
MA0101202411A0109970,마스터방재,,G2,소매,G221,기타 상품 소매,G22199,그 외 기타 상품 전문 소매업,G47859,그 외 기타 분류 안된 상품 전문 소매업,28,인천광역시,28245,계양구,28245622,작전2동,2824510300,작전동,2824510300108600002,1,대지,860,2,인천광역시 계양구 작전동 860-2,282454265218,인천광역시 계양구 봉오대로691번길,30,,2824510300108600002161966,,인천광역시 계양구 봉오대로691번길 30,407823,21090,,,,126.725941277038,37.5333694134007
MA0101202411A0128574,비타민,,G2,소매,G221,기타 상품 소매,G22199,그 외 기타 상품 전문 소매업,G47859,그 외 기타 분류 안된 상품 전문 소매업,11,서울특별시,11710,송파구,11710642,문정2동,1171010800,문정동,1171010800106520000,1,대지,652,,서울특별시 송파구 문정동 652,117104853400,서울특별시 송파구 법원로4길,5,,1171010800106520000000001,송파법조타운,서울특별시 송파구 법원로4길 5,138888,05855,,3,,127.121871518383,37.4829160026774
MA0101202411A0040494,일농비료상회,,G2,소매,G221,기타 상품 소매,G22199,그 외 기타 상품 전문 소매업,G47859,그 외 기타 분류 안된 상품 전문 소매업,52,전북특별자치도,52190,남원시,52190340,주생면,5219034025,주생면,5219034025101050000,1,대지,105,,전북특별자치도 남원시 주생면 영천리 105,521904613436,전북특별자치도 남원시 주생면 영천길,55,1,4519034025101050000019011,,전북특별자치도 남원시 주생면 영천길 55-1,590942,55782,,,,127.317002712957,35.3806330740614
MA0101202411A0049115,오성,,G2,소매,G221,기타 상품 소매,G22199,그 외 기타 상품 전문 소매업,G47859,그 외 기타 분류 안된 상품 전문 소매업,41,경기도,41590,화성시,41590350,서신면,4159035031,서신면,4159035031103080000,1,대지,308,,경기도 화성시 서신면 궁평리 308,415903210006,경기도 화성시 서신면 궁평항로,1289,,4159035031103080000000001,,경기도 화성시 서신면 궁평항로 1289,445882,18556,,1,,126.69618377178,37.1331409671771
MA0101202411A0061369,정스토리,,G2,소매,G221,기타 상품 소매,G22199,그 외 기타 상품 전문 소매업,G47859,그 외 기타 분류 안된 상품 전문 소매업,41,경기도,41192,부천시 원미구,41192540,원미1동,4119210100,원미동,4119210100100300003,1,대지,30,3,경기도 부천시 원미구 원미동 30-3,411924352419,경기도 부천시 원미구 원미로177번길,38,,4119010100100300003000001,월드메르디앙라제스티,경기도 부천시 원미구 원미로177번길 38,420837,14558,,,,126.791024085676,37.4991833455911
MA0101202411A0064334,그린솔루션,코리아,G2,소매,G221,기타 상품 소매,G22199,그 외 기타 상품 전문 소매업,G47859,그 외 기타 분류 안된 상품 전문 소매업,48,경상남도,48310,거제시,48310580,고현동,4831010900,고현동,4831010900101780002,1,대지,178,2,경상남도 거제시 고현동 178-2,483104811022,경상남도 거제시 거제중앙로11길,4,,4831010900101780002000001,,경상남도 거제시 거제중앙로11길 4,656931,53258,,2,,128.625886059284,34.8819337740748
MA0101202411A0070174,나드K-문화예술플라워아카데미,,G2,소매,G221,기타 상품 소매,G22199,그 외 기타 상품 전문 소매업,G47859,그 외 기타 분류 안된 상품 전문 소매업,27,대구광역시,27260,수성구,27260540,범어4동,2726010100,범어동,2726010100102170012,1,대지,217,12,대구광역시 수성구 범어동 217-12,272604238072,대구광역시 수성구 달구벌대로512길,4,,2726010100102170012023747,,대구광역시 수성구 달구벌대로512길 4,706822,42089,,4,,128.642667116326,35.8582268414377
MA0101202411A0114158,수지사,,G2,소매,G221,기타 상품 소매,G22199,그 외 기타 상품 전문 소매업,G47859,그 외 기타 분류 안된 상품 전문 소매업,29,광주광역시,29200,광산구,29200630,신가동,2920011900,신가동,2920011900110170002,1,대지,1017,2,광주광역시 광산구 신가동 1017-2,292003163025,광주광역시 광산구 수등로,262,,2920011900110170002041977,,광주광역시 광산구 수등로 262,506901,62299,,3,,126.837586492814,35.1849523749794
MA0101202411A0116595,핑크샵,,G2,소매,G221,기타 상품 소매,G22199,그 외 기타 상품 전문 소매업,G47859,그 외 기타 분류 안된 상품 전문 소매업,11,서울특별시,11560,영등포구,11560585,도림동,1156011800,도림동,1156011800101470043,1,대지,147,43,서울특별시 영등포구 도림동 147-43,115603118006,서울특별시 영등포구 도신로,99,,1156011800101470043027080,유미빌딩,서울특별시 영등포구 도신로 99,150830,07369,,,,126.903140138096,37.5076807931465
MA0101202411A0058451,문정농약사,,G2,소매,G221,기타 상품 소매,G22199,그 외 기타 상품 전문 소매업,G47859,그 외 기타 분류 안된 상품 전문 소매업,43,충청북도,43730,옥천군,43730250,옥천읍,4373025022,옥천읍,4373025022103520025,1,대지,352,25,충청북도 옥천군 옥천읍 문정리 352-25,437304857350,충청북도 옥천군 옥천읍 문장로5길,48,,4373025022103520025000001,,충청북도 옥천군 옥천읍 문장로5길 48,373803,29040,,,,127.57829494454,36.3004111391392
MA0101202411A0059993,제이케이소방솔루션시스템,,G2,소매,G221,기타 상품 소매,G22199,그 외 기타 상품 전문 소매업,G47859,그 외 기타 분류 안된 상품 전문 소매업,26,부산광역시,26710,기장군,26710256,정관읍,2671025622,정관읍,2671025622107170006,1,대지,717,6,부산광역시 기장군 정관읍 매학리 717-6,267103140048,부산광역시 기장군 정관읍 정관중앙로,45,,2671025622107170005000001,스테이션K,부산광역시 기장군 정관읍 정관중앙로 45,619963,46015,,2,,129.178280183464,35.3211946852155
MA0101202411A0070201,무구선원,,G2,소매,G221,기타 상품 소매,G22199,그 외 기타 상품 전문 소매업,G47859,그 외 기타 분류 안된 상품 전문 소매업,27,대구광역시,27290,달서구,27290626,상인3동,2729011500,상인동,2729011500115480003,1,대지,1548,3,대구광역시 달서구 상인동 1548-3,272903147011,대구광역시 달서구 상화북로,212,,2729011500115480003015843,,대구광역시 달서구 상화북로 212,704816,42813,,3,,128.548320046128,35.8144223084451
MA0101202411A0082155,에스엠써니,,G2,소매,G221,기타 상품 소매,G22199,그 외 기타 상품 전문 소매업,G47859,그 외 기타 분류 안된 상품 전문 소매업,29,광주광역시,29200,광산구,29200637,수완동,2920011400,수완동,2920011400111300000,1,대지,1130,,광주광역시 광산구 수완동 1130,292003163033,광주광역시 광산구 왕버들로,170,,2920011400111300000000001,,광주광역시 광산구 왕버들로 170,506304,62248,,,,126.828969003729,35.2001553585328
MA0101202411A0098662,민조산업안전,,G2,소매,G221,기타 상품 소매,G22199,그 외 기타 상품 전문 소매업,G47859,그 외 기타 분류 안된 상품 전문 소매업,43,충청북도,43150,제천시,43150605,화산동,4315010900,화산동,4315010900102180021,1,대지,218,21,충청북도 제천시 화산동 218-21,431504517796,충청북도 제천시 의림대로6길,13,5,4315010900102180021000001,,충청북도 제천시 의림대로6길 13-5,390150,27184,,2,,128.208767667307,37.131529897592
MA0101202411A0129783,문막천마불교,,G2,소매,G221,기타 상품 소매,G22199,그 외 기타 상품 전문 소매업,G47859,그 외 기타 분류 안된 상품 전문 소매업,51,강원특별자치도,51130,원주시,51130250,문막읍,5113025022,문막읍,5113025022103710025,1,대지,371,25,강원특별자치도 원주시 문막읍 동화리 371-25,511303219041,강원특별자치도 원주시 문막읍 원문로,1314,,4213025022103710025000001,,강원특별자치도 원주시 문막읍 원문로 1314,220801,26365,,1,,127.850944202224,37.332115385497
MA0101202411A0115859,리브,,G2,소매,G221,기타 상품 소매,G22199,그 외 기타 상품 전문 소매업,G47859,그 외 기타 분류 안된 상품 전문 소매업,26,부산광역시,26380,사하구,26380590,장림2동,2638010500,장림동,2638010500105380004,1,대지,538,4,부산광역시 사하구 장림동 538-4,263804202469,부산광역시 사하구 장평로41번길,42,,2638010500105380004020962,,부산광역시 사하구 장평로41번길 42,604846,49484,,3,,128.971383761833,35.0703542687916
MA0101202411A0121087,가온,,G2,소매,G221,기타 상품 소매,G22199,그 외 기타 상품 전문 소매업,G47859,그 외 기타 분류 안된 상품 전문 소매업,41,경기도,41310,구리시,41310510,갈매동,4131010100,갈매동,4131010100105160000,1,대지,516,,경기도 구리시 갈매동 516,413103351113,경기도 구리시 갈매중앙로,201,6,4131010100105420000000001,,경기도 구리시 갈매중앙로 201-6,471859,11901,,,,127.126760721943,37.6394319175575
MA0101202411A0049442,사천LED전광판,,G2,소매,G221,기타 상품 소매,G22199,그 외 기타 상품 전문 소매업,G47859,그 외 기타 분류 안된 상품 전문 소매업,48,경상남도,48240,사천시,48240250,사천읍,4824025024,사천읍,4824025024101840002,1,대지,184,2,경상남도 사천시 사천읍 수석리 184-2,482404802188,경상남도 사천시 사천읍 동성길,7,,4824025024101840002040005,,경상남도 사천시 사천읍 동성길 7,664805,52516,,1,,128.085784214327,35.0855568307457
MA0101202411A0107294,부경소방,,G2,소매,G221,기타 상품 소매,G22199,그 외 기타 상품 전문 소매업,G47859,그 외 기타 분류 안된 상품 전문 소매업,26,부산광역시,26440,강서구,26440520,대저2동,2644010200,대저2동,2644010200131380001,1,대지,3138,1,부산광역시 강서구 대저2동 3138-1,264403136075,부산광역시 강서구 유통단지1로,50,,2644010200131380001000001,부산티플렉스,부산광역시 강서구 유통단지1로 50,618899,46721,,1,,128.954182358142,35.1703220301173
MA0101202411A0131472,해솔,,G2,소매,G221,기타 상품 소매,G22199,그 외 기타 상품 전문 소매업,G47859,그 외 기타 분류 안된 상품 전문 소매업,44,충청남도,44710,금산군,44710390,추부면,4471039023,추부면,4471039023107690042,1,대지,769,42,충청남도 금산군 추부면 마전리 769-42,447104571666,충청남도 금산군 추부면 하진도길,22,2,4471039023107690042044442,,충청남도 금산군 추부면 하진도길 22-2,312941,32714,,,,127.454840280475,36.189251271829
MA0101202411A0046719,산천해석원,,G2,소매,G221,기타 상품 소매,G22199,그 외 기타 상품 전문 소매업,G47859,그 외 기타 분류 안된 상품 전문 소매업,43,충청북도,43730,옥천군,43730250,옥천읍,4373025040,옥천읍,4373025040104210011,1,대지,421,11,충청북도 옥천군 옥천읍 옥각리 421-11,437304526272,충청북도 옥천군 옥천읍 옥각길,4,6,4373025040104210011015334,,충청북도 옥천군 옥천읍 옥각길 4-6,373803,29026,,,,127.556661411115,36.3189518463491
MA0101202411A0052355,가자유통,,G2,소매,G221,기타 상품 소매,G22199,그 외 기타 상품 전문 소매업,G47859,그 외 기타 분류 안된 상품 전문 소매업,46,전라남도,46230,광양시,46230250,광양읍,4623025023,광양읍,4623025023109120015,1,대지,912,15,전라남도 광양시 광양읍 칠성리 912-15,462303285061,전라남도 광양시 광양읍 인덕로,958,,4623025023109120015011436,,전라남도 광양시 광양읍 인덕로 958,545809,57755,,1,,127.581083867533,34.9680628977017
MA0101202411A0067619,"삼석원수석,조경",,G2,소매,G221,기타 상품 소매,G22199,그 외 기타 상품 전문 소매업,G47859,그 외 기타 분류 안된 상품 전문 소매업,11,서울특별시,11650,서초구,11650660,내곡동,1165011100,신원동,1165011100101530000,1,대지,153,,서울특별시 서초구 신원동 153,116503000031,서울특별시 서초구 청계산로,269,,1165011100101530000000001,,서울특별시 서초구 청계산로 269,137180,06802,,,,127.059812075475,37.441967683735
MA0101202411A0076696,금산초재,,G2,소매,G221,기타 상품 소매,G22199,그 외 기타 상품 전문 소매업,G47859,그 외 기타 분류 안된 상품 전문 소매업,26,부산광역시,26200,영도구,26200540,영선1동,2620010900,영선동2가,2620010900100730003,1,대지,73,3,부산광역시 영도구 영선동2가 73-3,262004184032,부산광역시 영도구 남항로49번길,36,,2620010900100730003019240,,부산광역시 영도구 남항로49번길 36,606042,49053,,,,129.0425594856,35.0898309973036
MA0101202411A0096023,농약팜,,G2,소매,G221,기타 상품 소매,G22199,그 외 기타 상품 전문 소매업,G47859,그 외 기타 분류 안된 상품 전문 소매업,44,충청남도,44200,아산시,44200400,도고면,4420040025,도고면,4420040025102610002,1,대지,261,2,충청남도 아산시 도고면 시전리 261-2,442003015031,충청남도 아산시 도고면 도고산로,635,,4420040025102610002025498,,충청남도 아산시 도고면 도고산로 635,336911,31552,,,,126.895270089423,36.7468438748574
MA0101202411A0108898,그린농약농자재,,G2,소매,G221,기타 상품 소매,G22199,그 외 기타 상품 전문 소매업,G47859,그 외 기타 분류 안된 상품 전문 소매업,52,전북특별자치도,52710,완주군,52710256,용진읍,5271025622,용진읍,5271025622104090003,1,대지,409,3,전북특별자치도 완주군 용진읍 구억리 409-3,527103273005,전북특별자치도 완주군 용진읍 구억명덕로,166,,4571031024104090003029262,,전북특별자치도 완주군 용진읍 구억명덕로 166,565812,55353,,,,127.16767558294,35.8648978187585
MA0101202411A0106132,코델리아,,G2,소매,G221,기타 상품 소매,G22199,그 외 기타 상품 전문 소매업,G47859,그 외 기타 분류 안된 상품 전문 소매업,11,서울특별시,11650,서초구,11650652,양재2동,1165010200,양재동,1165010200102150000,1,대지,215,,서울특별시 서초구 양재동 215,116503121007,서울특별시 서초구 매헌로,16,,1165010200102150000004889,하이브랜드,서울특별시 서초구 매헌로 16,137924,06771,,,,127.036950509114,37.4624660859278
MA0101202411A0048183,김보석,,G2,소매,G221,기타 상품 소매,G22199,그 외 기타 상품 전문 소매업,G47859,그 외 기타 분류 안된 상품 전문 소매업,44,충청남도,44133,천안시 서북구,44133510,성정1동,4413310200,성정동,4413310200110630000,1,대지,1063,,충청남도 천안시 서북구 성정동 1063,441334547014,충청남도 천안시 서북구 개목1길,44,,4413310200110630000050971,영웅빌,충청남도 천안시 서북구 개목1길 44,331970,31140,,,,127.131849237069,36.8182392748189
MA0101202411A0054196,그외기타상품전문소매업,,G2,소매,G221,기타 상품 소매,G22199,그 외 기타 상품 전문 소매업,G47859,그 외 기타 분류 안된 상품 전문 소매업,46,전라남도,46150,순천시,46150310,해룡면,4615031022,해룡면,4615031022120510001,1,대지,2051,1,전라남도 순천시 해룡면 신대리 2051-1,461504650182,전라남도 순천시 해룡면 송산2길,75,,4615031022120510001000001,,전라남도 순천시 해룡면 송산2길 75,540853,58013,,,,127.547840221981,34.9269523765133
MA0101202411A0054249,티디아이디자인,,G2,소매,G221,기타 상품 소매,G22199,그 외 기타 상품 전문 소매업,G47859,그 외 기타 분류 안된 상품 전문 소매업,46,전라남도,46230,광양시,46230250,광양읍,4623025031,광양읍,4623025031102620006,1,대지,262,6,전라남도 광양시 광양읍 인동리 262-6,462304655074,전라남도 광양시 광양읍 남문2길,30,30,4623025031102620006018912,,전라남도 광양시 광양읍 남문2길 30-30,545806,57752,,1,,127.589000775063,34.9711435035709
MA0101202411A0064869,신광종묘농약사,,G2,소매,G221,기타 상품 소매,G22199,그 외 기타 상품 전문 소매업,G47859,그 외 기타 분류 안된 상품 전문 소매업,47,경상북도,47230,영천시,47230520,중앙동,4723010600,창구동,4723010600101380008,1,대지,138,8,경상북도 영천시 창구동 138-8,472303018036,경상북도 영천시 천문로,350,1,4723010600101380008000001,,경상북도 영천시 천문로 350-1,770010,38849,,,,128.930706627967,35.9690200441855
MA0101202411A0073979,농업마켓365,,G2,소매,G221,기타 상품 소매,G22199,그 외 기타 상품 전문 소매업,G47859,그 외 기타 분류 안된 상품 전문 소매업,41,경기도,41285,고양시 일산동구,41285590,장항2동,4128510400,장항동,4128510400108480001,1,대지,848,1,경기도 고양시 일산동구 장항동 848-1,412853192094,경기도 고양시 일산동구 중앙로,1233,,4128510400108480001009188,현대타운,경기도 고양시 일산동구 중앙로 1233,410837,10403,,,,126.774469002068,37.6564841952385
MA0101202411A0076864,프라돈,,G2,소매,G221,기타 상품 소매,G22199,그 외 기타 상품 전문 소매업,G47859,그 외 기타 분류 안된 상품 전문 소매업,50,제주특별자치도,50110,제주시,50110259,조천읍,5011025923,조천읍,5011025923123080006,1,대지,2308,6,제주특별자치도 제주시 조천읍 조천리 2308-6,501104848728,제주특별자치도 제주시 조천읍 조천8길,24,,5011025923123080006000001,,제주특별자치도 제주시 조천읍 조천8길 24,695964,63331,,,,126.637837027276,33.5340786012787
MA0101202411A0087088,그외기타상품전문소매업,,G2,소매,G221,기타 상품 소매,G22199,그 외 기타 상품 전문 소매업,G47859,그 외 기타 분류 안된 상품 전문 소매업,26,부산광역시,26350,해운대구,26350650,재송1동,2635010400,재송동,2635010400104240000,1,대지,424,,부산광역시 해운대구 재송동 424,263504199159,부산광역시 해운대구 재반로11번길,80,10,2635010400104240000014113,,부산광역시 해운대구 재반로11번길 80-10,612828,48056,,1,,129.124538268181,35.1823489028003
MA0101202411A0096300,큐피드성인용품,,G2,소매,G221,기타 상품 소매,G22199,그 외 기타 상품 전문 소매업,G47859,그 외 기타 분류 안된 상품 전문 소매업,41,경기도,41670,여주시,41670510,여흥동,4167010200,홍문동,4167010200100650007,1,대지,65,7,경기도 여주시 홍문동 65-7,416703214032,경기도 여주시 세종로,26,,4173025022100650007057784,,경기도 여주시 세종로 26,469102,12627,,2,,127.636158770378,37.2954782678084
MA0101202411A0041153,그외기타상품전문소매업,,G2,소매,G221,기타 상품 소매,G22199,그 외 기타 상품 전문 소매업,G47859,그 외 기타 분류 안된 상품 전문 소매업,52,전북특별자치도,52111,전주시 완산구,52111714,효자4동,5211114100,효자동2가,5211114100109040001,1,대지,904,1,전북특별자치도 전주시 완산구 효자동2가 904-1,521114598410,전북특별자치도 전주시 완산구 한절길,67,15,4511114100109040001004382,,전북특별자치도 전주시 완산구 한절길 67-15,560859,55070,,,,127.090431855873,35.80203689991
MA0101202411A0070944,싱거미싱,,G2,소매,G221,기타 상품 소매,G22199,그 외 기타 상품 전문 소매업,G47859,그 외 기타 분류 안된 상품 전문 소매업,28,인천광역시,28140,동구,28140640,금창동,2814010600,금곡동,2814010600100020013,1,대지,2,13,인천광역시 동구 금곡동 2-13,281403150028,인천광역시 동구 화도진로,9,,2814010600100020013029892,,인천광역시 동구 화도진로 9,401060,22550,,1,,126.635989577351,37.4739937244961
MA0101202411A0094832,베스트피쉬부산총괄점,,G2,소매,G221,기타 상품 소매,G22199,그 외 기타 상품 전문 소매업,G47859,그 외 기타 분류 안된 상품 전문 소매업,26,부산광역시,26530,사상구,26530661,주례3동,2653010600,주례동,2653010600111600013,1,대지,1160,13,부산광역시 사상구 주례동 1160-13,265303139021,부산광역시 사상구 학장로,319,,2653010600111600013029896,,부산광역시 사상구 학장로 319,617840,47022,,,,128.999499584179,35.1488822631877
MA0101202411A0106335,디제이유통,,G2,소매,G221,기타 상품 소매,G22199,그 외 기타 상품 전문 소매업,G47859,그 외 기타 분류 안된 상품 전문 소매업,27,대구광역시,27140,동구,27140730,안심2동,2714011900,용계동,2714011900104180006,1,대지,418,6,대구광역시 동구 용계동 418-6,271403142010,대구광역시 동구 동촌로,350,,2714011900104180006033343,,대구광역시 동구 동촌로 350,701835,41166,,1,,128.67735198613,35.8773020616926
MA0101202411A0110689,김정희,,G2,소매,G221,기타 상품 소매,G22199,그 외 기타 상품 전문 소매업,G47859,그 외 기타 분류 안된 상품 전문 소매업,47,경상북도,47250,상주시,47250520,남원동,4725011000,낙양동,4725011000100060012,1,대지,6,12,경상북도 상주시 낙양동 6-12,472504733137,경상북도 상주시 남원1길,33,6,4725011000100060012082168,,경상북도 상주시 남원1길 33-6,742901,37200,,,,128.15198379091,36.4144423618235
MA0101202411A0120293,그외기타상품전문소매업,,G2,소매,G221,기타 상품 소매,G22199,그 외 기타 상품 전문 소매업,G47859,그 외 기타 분류 안된 상품 전문 소매업,50,제주특별자치도,50110,제주시,50110580,용담2동,5011010900,용담이동,5011010900106750000,1,대지,675,,제주특별자치도 제주시 용담이동 675,501103349154,제주특별자치도 제주시 용문로,115,3,5011010900106750000015339,,제주특별자치도 제주시 용문로 115-3,690821,63159,,,,126.50777688454,33.5054102432233
MA0101202411A0123547,건강이야기,,G2,소매,G221,기타 상품 소매,G22199,그 외 기타 상품 전문 소매업,G47859,그 외 기타 분류 안된 상품 전문 소매업,46,전라남도,46130,여수시,46130700,여서동,4613011900,여서동,4613011900104890001,1,대지,489,1,전라남도 여수시 여서동 489-1,461303282053,전라남도 여수시 여서로,136,,4613011900104890001064986,현대건설아파트,전라남도 여수시 여서로 136,550781,59705,,,,127.697015759422,34.7483991649122
MA0101202411A0074153,고려당한약방,,G2,소매,G221,기타 상품 소매,G22199,그 외 기타 상품 전문 소매업,G47859,그 외 기타 분류 안된 상품 전문 소매업,41,경기도,41220,평택시,41220610,통복동,4122011400,통복동,4122011400100690004,1,대지,69,4,경기도 평택시 통복동 69-4,412204364809,경기도 평택시 통복시장2로9번길,22,,4122011400100690004012889,,경기도 평택시 통복시장2로9번길 22,450040,17893,,1,,127.084390706842,36.997546488528
MA0101202411A0109200,프리홀덤,,G2,소매,G221,기타 상품 소매,G22199,그 외 기타 상품 전문 소매업,G47859,그 외 기타 분류 안된 상품 전문 소매업,47,경상북도,47111,포항시 남구,47111256,오천읍,4711125622,오천읍,4711125622102750008,1,대지,275,8,경상북도 포항시 남구 오천읍 문덕리 275-8,471113303011,경상북도 포항시 남구 오천읍 문덕로,15,1,4711125622102750008000001,,경상북도 포항시 남구 오천읍 문덕로 15-1,790902,37888,,2,,129.4033206901,35.961292612762
MA0101202411A0124651,진영봉투,,G2,소매,G221,기타 상품 소매,G22199,그 외 기타 상품 전문 소매업,G47859,그 외 기타 분류 안된 상품 전문 소매업,28,인천광역시,28260,서구,28260542,가정1동,2826010800,가정동,2826010800105090017,1,대지,509,17,인천광역시 서구 가정동 509-17,282604268619,인천광역시 서구 원창로239번길,11,,2826010800105090017002506,,인천광역시 서구 원창로239번길 11,404803,22777,,지,,126.675941014569,37.5185745412198
MA0101202411A0125510,토지케미컬,,G2,소매,G221,기타 상품 소매,G22199,그 외 기타 상품 전문 소매업,G47859,그 외 기타 분류 안된 상품 전문 소매업,52,전북특별자치도,52180,정읍시,52180510,수성동,5218010100,수성동,5218010100109030004,1,대지,903,4,전북특별자치도 정읍시 수성동 903-4,521803270026,전북특별자치도 정읍시 수성4로,3,17,4518010100109030004000001,,전북특별자치도 정읍시 수성4로 3-17,580804,56171,,,,126.856959885685,35.5866162327236
MA0101202411A0039838,셀프케어153,,G2,소매,G221,기타 상품 소매,G22199,그 외 기타 상품 전문 소매업,G47859,그 외 기타 분류 안된 상품 전문 소매업,41,경기도,41590,화성시,41590253,봉담읍,4159025323,봉담읍,4159025323106490011,1,대지,649,11,경기도 화성시 봉담읍 수영리 649-11,415904431222,경기도 화성시 봉담읍 진등1길,63,15,4159025323106490011035254,,경기도 화성시 봉담읍 진등1길 63-15,445896,18313,,,,126.949421045243,37.2219130218537
MA0101202411A0066567,경남석재,,G2,소매,G221,기타 상품 소매,G22199,그 외 기타 상품 전문 소매업,G47859,그 외 기타 분류 안된 상품 전문 소매업,48,경상남도,48860,산청군,48860250,산청읍,4886025023,산청읍,4886025023108150000,1,대지,815,,경상남도 산청군 산청읍 지리 815,488604835364,경상남도 산청군 산청읍 친환경로2720번길,75,,4886025023108150000000001,,경상남도 산청군 산청읍 친환경로2720번길 75,666806,52225,,,,127.884989621563,35.4151302075463
MA0101202411A0094980,웨이블루,,G2,소매,G221,기타 상품 소매,G22199,그 외 기타 상품 전문 소매업,G47859,그 외 기타 분류 안된 상품 전문 소매업,41,경기도,41220,평택시,41220660,고덕동,4122012800,고덕동,4122012800125610001,1,대지,2561,1,경기도 평택시 고덕동 2561-1,412204860248,경기도 평택시 함박산2길,12,1,4122012800125610001000001,F,경기도 평택시 함박산2길 12-1,,18017,,,,127.038252090935,37.0422007822083
MA0101202411A0125007,흥덕불교사,,G2,소매,G221,기타 상품 소매,G22199,그 외 기타 상품 전문 소매업,G47859,그 외 기타 분류 안된 상품 전문 소매업,41,경기도,41390,시흥시,41390510,대야동,4139010100,대야동,4139010100104980022,1,대지,498,22,경기도 시흥시 대야동 498-22,413903199024,경기도 시흥시 뱀내장터로,7,,4139010100104980022005110,,경기도 시흥시 뱀내장터로 7,429812,14909,,1,,126.78566744427,37.4424462258526
MA0101202411A0131552,영등포전자담배베이프갱스터,,G2,소매,G221,기타 상품 소매,G22199,그 외 기타 상품 전문 소매업,G47859,그 외 기타 분류 안된 상품 전문 소매업,11,서울특별시,11560,영등포구,11560550,당산1동,1156011300,당산동3가,1156011300103860001,1,대지,386,1,서울특별시 영등포구 당산동3가 386-1,115603118004,서울특별시 영등포구 당산로,133,,1156011300103860001028848,서림빌딩,서울특별시 영등포구 당산로 133,150804,07256,,1,,126.896542688466,37.526713394897
MA0101202411A0048592,초읍정사,,G2,소매,G221,기타 상품 소매,G22199,그 외 기타 상품 전문 소매업,G47859,그 외 기타 분류 안된 상품 전문 소매업,26,부산광역시,26230,부산진구,26230550,초읍동,2623010700,초읍동,2623010700105130072,1,대지,513,72,부산광역시 부산진구 초읍동 513-72,262304187468,부산광역시 부산진구 성지로94번길,151,15,2623010700200070002052399,초읍정사,부산광역시 부산진구 성지로94번길 151-15,614874,47113,,,,129.059949301122,35.1812933270164
MA0101202411A0062357,제주킹방역용품,,G2,소매,G221,기타 상품 소매,G22199,그 외 기타 상품 전문 소매업,G47859,그 외 기타 분류 안된 상품 전문 소매업,50,제주특별자치도,50110,제주시,50110570,용담1동,5011010800,용담일동,5011010800128230000,1,대지,2823,,제주특별자치도 제주시 용담일동 2823,501104847900,제주특별자치도 제주시 서광로5길,24,,5011010800128230000020423,,제주특별자치도 제주시 서광로5길 24,690843,63184,,지,,126.514554703951,33.5019748757173
MA0101202411A0068220,황금퇴비비료,,G2,소매,G221,기타 상품 소매,G22199,그 외 기타 상품 전문 소매업,G47859,그 외 기타 분류 안된 상품 전문 소매업,47,경상북도,47850,칠곡군,47850360,약목면,4785036034,약목면,4785036034106780001,1,대지,678,1,경상북도 칠곡군 약목면 관호리 678-1,478504766052,경상북도 칠곡군 약목면 관호5길,100,1,4785036034106780001026505,,경상북도 칠곡군 약목면 관호5길 100-1,718811,39828,,,,128.378263753872,36.0127934858572
MA0101202411A0152707,상귀약초,,G2,소매,G221,기타 상품 소매,G22199,그 외 기타 상품 전문 소매업,G47859,그 외 기타 분류 안된 상품 전문 소매업,50,제주특별자치도,50130,서귀포시,50130570,동홍동,5013010500,동홍동,5013010500107740003,1,대지,774,3,제주특별자치도 서귀포시 동홍동 774-3,501304851004,제주특별자치도 서귀포시 토평서로11번길,150,,5013010500107740003039236,향토오일시장,제주특별자치도 서귀포시 토평서로11번길 150,697837,63579,,,,126.573292615544,33.2665189098879
MA0101202411A0183928,공감모,,G2,소매,G221,기타 상품 소매,G22199,그 외 기타 상품 전문 소매업,G47859,그 외 기타 분류 안된 상품 전문 소매업,11,서울특별시,11500,강서구,11500620,공항동,1150010500,마곡동,1150010500107980004,1,대지,798,4,서울특별시 강서구 마곡동 798-4,115003155047,서울특별시 강서구 마곡서로,56,,1150010500107980004000001,마곡에스비타워,서울특별시 강서구 마곡서로 56,157818,07807,,,,126.823916599812,37.5590003201591
MA0101202411A0138127,원지ONC,,G2,소매,G221,기타 상품 소매,G22199,그 외 기타 상품 전문 소매업,G47859,그 외 기타 분류 안된 상품 전문 소매업,43,충청북도,43770,음성군,43770310,소이면,4377031029,소이면,4377031029105730001,1,대지,573,1,충청북도 음성군 소이면 비산리 573-1,437703246044,충청북도 음성군 소이면 소이로,143,,4377031029105730001001048,,충청북도 음성군 소이면 소이로 143,369873,27709,,,,127.740220025011,36.9405467086447
MA0101202411A0139685,부성,,G2,소매,G221,기타 상품 소매,G22199,그 외 기타 상품 전문 소매업,G47859,그 외 기타 분류 안된 상품 전문 소매업,47,경상북도,47850,칠곡군,47850360,약목면,4785036034,약목면,4785036034108970004,1,대지,897,4,경상북도 칠곡군 약목면 관호리 897-4,478504766055,경상북도 칠곡군 약목면 관호8길,18,,4785036034108970004026349,,경상북도 칠곡군 약목면 관호8길 18,718811,39830,,1,,128.389130094792,36.0018452898829
MA0101202411A0167259,소망일렉,,G2,소매,G221,기타 상품 소매,G22199,그 외 기타 상품 전문 소매업,G47859,그 외 기타 분류 안된 상품 전문 소매업,41,경기도,41281,고양시 덕양구,41281530,흥도동,4128110400,원흥동,4128110400106320001,1,대지,632,1,경기도 고양시 덕양구 원흥동 632-1,412813192101,경기도 고양시 덕양구 권율대로,656,,4128110400106320001000001,클래시아더퍼스트,경기도 고양시 덕양구 권율대로 656,412040,10564,,,,126.873258022221,37.648405733746
MA0101202411A0139715,논산상포장묘사,,G2,소매,G221,기타 상품 소매,G22199,그 외 기타 상품 전문 소매업,G47859,그 외 기타 분류 안된 상품 전문 소매업,44,충청남도,44230,논산시,44230520,부창동,4423010400,부창동,4423010400101220000,1,대지,122,,충청남도 논산시 부창동 122,442303255018,충청남도 논산시 부창로,11,,4423010400101220000046571,,충청남도 논산시 부창로 11,320080,32956,,,,127.079029543535,36.1951360459742
MA0101202411A0144134,세홍,,G2,소매,G221,기타 상품 소매,G22199,그 외 기타 상품 전문 소매업,G47859,그 외 기타 분류 안된 상품 전문 소매업,51,강원특별자치도,51130,원주시,51130660,무실동,5113011500,무실동,5113011500109470002,1,대지,947,2,강원특별자치도 원주시 무실동 947-2,511303219073,강원특별자치도 원주시 북원로,1843,,4213011500109470002035932,,강원특별자치도 원주시 북원로 1843,220150,26396,,2,,127.915685907813,37.3133236434605
MA0101202411A0167333,안동바이오에코,,G2,소매,G221,기타 상품 소매,G22199,그 외 기타 상품 전문 소매업,G47859,그 외 기타 분류 안된 상품 전문 소매업,47,경상북도,47170,안동시,47170320,북후면,4717032021,북후면,4717032021105470013,1,대지,547,13,경상북도 안동시 북후면 옹천리 547-13,471704721871,경상북도 안동시 북후면 옹천북3길,12,3,4717032021105470013030812,,경상북도 안동시 북후면 옹천북3길 12-3,760894,36614,,,,128.700988053375,36.6867892987784
MA0101202411A0153047,산그린약초농원,,G2,소매,G221,기타 상품 소매,G22199,그 외 기타 상품 전문 소매업,G47859,그 외 기타 분류 안된 상품 전문 소매업,47,경상북도,47113,포항시 북구,47113340,기계면,4711334033,기계면,4711334033112360000,1,대지,1236,,경상북도 포항시 북구 기계면 인비리 1236,471134712049,경상북도 포항시 북구 기계면 기남길475번길,170,,4711334033112360000000001,,경상북도 포항시 북구 기계면 기남길475번길 170,791823,37525,,,,129.136645404717,36.0832217999796
MA0101202411A0170652,창성테크,,G2,소매,G221,기타 상품 소매,G22199,그 외 기타 상품 전문 소매업,G47859,그 외 기타 분류 안된 상품 전문 소매업,11,서울특별시,11380,은평구,11380552,갈현2동,1138010400,갈현동,1138010400104980001,1,대지,498,1,서울특별시 은평구 갈현동 498-1,113803111001,서울특별시 은평구 갈현로,182,,1138010400104980001031505,대원빌딩,서울특별시 은평구 갈현로 182,122814,03335,,5,,126.912074577538,37.6140954723104
MA0101202411A0141355,그외기타상품전문소매업,,G2,소매,G221,기타 상품 소매,G22199,그 외 기타 상품 전문 소매업,G47859,그 외 기타 분류 안된 상품 전문 소매업,51,강원특별자치도,51150,강릉시,51150330,구정면,5115033021,구정면,5115033021105410026,1,대지,541,26,강원특별자치도 강릉시 구정면 여찬리 541-26,511504460860,강원특별자치도 강릉시 구정면 자조왈길,56,,4215033021105410026000001,,강원특별자치도 강릉시 구정면 자조왈길 56,210811,25622,,,,128.879544417082,37.7268462060814
MA0106202201A0010841,씨엔엘에프앤씨,,G2,소매,G221,기타 상품 소매,G22199,그 외 기타 상품 전문 소매업,G47859,그 외 기타 분류 안된 상품 전문 소매업,47,경상북도,47130,경주시,47130515,중부동,4713010600,노동동,4713010600101520001,1,대지,152,1,경상북도 경주시 노동동 152-1,471304715349,경상북도 경주시 동성로111번길,9,,4713010600101520001000001,,경상북도 경주시 동성로111번길 9,780020,38154,,,,129.212545710117,35.8440713823424
MA0106202201A0026084,CJCGVCGV의정부태흥,,G2,소매,G221,기타 상품 소매,G22199,그 외 기타 상품 전문 소매업,G47859,그 외 기타 분류 안된 상품 전문 소매업,41,경기도,41150,의정부시,41150520,의정부2동,4115010100,의정부동,4115010100104940000,1,대지,494,,경기도 의정부시 의정부동 494,411503181060,경기도 의정부시 시민로,80,,4115010100104940000013268,,경기도 의정부시 시민로 80,480941,11651,,,,127.044098267294,37.7379775873124
MA0101202411A0137229,코스모스,,G2,소매,G221,기타 상품 소매,G22199,그 외 기타 상품 전문 소매업,G47859,그 외 기타 분류 안된 상품 전문 소매업,11,서울특별시,11530,구로구,11530800,항동,1153011200,항동,1153011200102460001,1,대지,246,1,서울특별시 구로구 항동 246-1,115303185018,서울특별시 구로구 부광로,88,,1153011200200510001000002,구로에스케이브이원센터,서울특별시 구로구 부광로 88,152140,08362,,2,,126.816839183281,37.4772326174633
MA0101202411A0188483,홈테코,,G2,소매,G221,기타 상품 소매,G22199,그 외 기타 상품 전문 소매업,G47859,그 외 기타 분류 안된 상품 전문 소매업,47,경상북도,47730,의성군,47730310,단촌면,4773031036,단촌면,4773031036102020000,1,대지,202,,경상북도 의성군 단촌면 방하리 202,477302018002,경상북도 의성군 단촌면 경북대로,6223,,4773031036102020000066296,,경상북도 의성군 단촌면 경북대로 6223,769823,37329,,2,,128.677481884442,36.392681395188
MA0106202201A0056213,에스엘앤씨식품,,G2,소매,G221,기타 상품 소매,G22199,그 외 기타 상품 전문 소매업,G47859,그 외 기타 분류 안된 상품 전문 소매업,11,서울특별시,11650,서초구,11650621,방배4동,1165010100,방배동,1165010100108100017,1,대지,810,17,서울특별시 서초구 방배동 810-17,116504163269,서울특별시 서초구 방배로34길,13,,1165010100108100017024655,,서울특별시 서초구 방배로34길 13,137831,06585,,,,126.991485190558,37.4926103256767
MA0106202201A0237209,오아시스,노원점,G2,소매,G221,기타 상품 소매,G22199,그 외 기타 상품 전문 소매업,G47859,그 외 기타 분류 안된 상품 전문 소매업,11,서울특별시,11350,노원구,11350695,상계6.7동,1135010500,상계동,1135010500107280001,1,대지,728,1,서울특별시 노원구 상계동 728-1,113503000001,서울특별시 노원구 동일로,1396,,1135010500107280001000880,,서울특별시 노원구 동일로 1396,139832,01751,,,,127.061306989476,37.6532421049268
MA0106202201A0237170,오아시스,중계점,G2,소매,G221,기타 상품 소매,G22199,그 외 기타 상품 전문 소매업,G47859,그 외 기타 분류 안된 상품 전문 소매업,11,서울특별시,11350,노원구,11350619,중계본동,1135010600,중계동,1135010600103660009,1,대지,366,9,서울특별시 노원구 중계동 366-9,113503110009,서울특별시 노원구 한글비석로,270,,1135010600103660009012449,,서울특별시 노원구 한글비석로 270,139861,01720,,,,127.077396925026,37.6515748378261
MA0106202201A0237195,오아시스,서초점,G2,소매,G221,기타 상품 소매,G22199,그 외 기타 상품 전문 소매업,G47859,그 외 기타 분류 안된 상품 전문 소매업,11,서울특별시,11650,서초구,11650520,서초2동,1165010800,서초동,1165010800113310002,1,대지,1331,2,서울특별시 서초구 서초동 1331-2,116503121014,서울특별시 서초구 사임당로,157,,1165010800113310002000001,,서울특별시 서초구 사임당로 157,137859,06625,,,,127.02681085455,37.4924634291399
MA0106202201A0237174,오아시스잠실,5호점,G2,소매,G221,기타 상품 소매,G22199,그 외 기타 상품 전문 소매업,G47859,그 외 기타 분류 안된 상품 전문 소매업,11,서울특별시,11710,송파구,11710610,삼전동,1171010600,삼전동,1171010600101110000,1,대지,111,,서울특별시 송파구 삼전동 111,117103123009,서울특별시 송파구 석촌호수로,156,,1171010600101110001000001,,서울특별시 송파구 석촌호수로 156,138840,05601,,,,127.094359149227,37.506745772325
MA0106202201A0237175,오아시스연희점,,G2,소매,G221,기타 상품 소매,G22199,그 외 기타 상품 전문 소매업,G47859,그 외 기타 분류 안된 상품 전문 소매업,11,서울특별시,11410,서대문구,11410615,연희동,1141011700,연희동,1141011700101370006,1,대지,137,6,서울특별시 서대문구 연희동 137-6,114103112009,서울특별시 서대문구 연희맛로,28,,1141011700101370006021092,,서울특별시 서대문구 연희맛로 28,120825,03708,,,,126.930432687438,37.5672471242525
MA0106202201A0237207,오아시스,신촌점,G2,소매,G221,기타 상품 소매,G22199,그 외 기타 상품 전문 소매업,G47859,그 외 기타 분류 안된 상품 전문 소매업,11,서울특별시,11410,서대문구,11410585,신촌동,1141011600,창천동,1141011600100720006,1,대지,72,6,서울특별시 서대문구 창천동 72-6,114103005057,서울특별시 서대문구 신촌로,75,,1141011600100720006000001,,서울특별시 서대문구 신촌로 75,120834,03789,,,,126.934936084009,37.5560863448444
MA0106202201A0605130,에스제이그룹르시뜨피존,성수점,G2,소매,G221,기타 상품 소매,G22199,그 외 기타 상품 전문 소매업,G47859,그 외 기타 분류 안된 상품 전문 소매업,11,서울특별시,11200,성동구,11200690,성수2가3동,1120011500,성수동2가,1120011500102750028,1,대지,275,28,서울특별시 성동구 성수동2가 275-28,112004109403,서울특별시 성동구 연무장17길,10,,1120011500102750028004574,,서울특별시 성동구 연무장17길 10,133831,04787,,,,127.061555019888,37.5417263100345
MA0106202201A0016679,서울경찰복지관매점,,G2,소매,G221,기타 상품 소매,G22199,그 외 기타 상품 전문 소매업,G47859,그 외 기타 분류 안된 상품 전문 소매업,11,서울특별시,11110,종로구,11110530,사직동,1111011400,내자동,1111011400102010011,1,대지,201,11,서울특별시 종로구 내자동 201-11,111104100135,서울특별시 종로구 사직로8길,31,,1111011400102010011028706,,서울특별시 종로구 사직로8길 31,110798,03169,,,,126.9719823178,37.5748777058245
MA0101202411A0175915,고령농협영농자재센터,,G2,소매,G221,기타 상품 소매,G22199,그 외 기타 상품 전문 소매업,G47859,그 외 기타 분류 안된 상품 전문 소매업,47,경상북도,47830,고령군,47830253,대가야읍,4783025321,대가야읍,4783025321101880003,1,대지,188,3,경상북도 고령군 대가야읍 쾌빈리 188-3,478303320002,경상북도 고령군 대가야읍 낫질로,48,1,4783025321101880003000001,고령농협영농자재센터,경상북도 고령군 대가야읍 낫질로 48-1,717804,40132,,,,128.266863976302,35.7385214912708
MA0101202411A0143361,오로라상점,,G2,소매,G221,기타 상품 소매,G22199,그 외 기타 상품 전문 소매업,G47859,그 외 기타 분류 안된 상품 전문 소매업,27,대구광역시,27110,중구,27110595,대신동,2711015400,대신동,2711015400121050000,1,대지,2105,,대구광역시 중구 대신동 2105,271104223142,대구광역시 중구 큰장로26길,25,,2711015400101150370002850,서문시장2,대구광역시 중구 큰장로26길 25,700320,41926,,4,,128.579536002033,35.8688149723754
MA0101202411A0152310,제주오일장약초,,G2,소매,G221,기타 상품 소매,G22199,그 외 기타 상품 전문 소매업,G47859,그 외 기타 분류 안된 상품 전문 소매업,50,제주특별자치도,50110,제주시,50110690,도두동,5011012700,도두일동,5011012700112120000,1,대지,1212,,제주특별자치도 제주시 도두일동 1212,501104848347,제주특별자치도 제주시 오일장서길,26,,5011012700112070001000001,,제주특별자치도 제주시 오일장서길 26,690241,63116,,,,126.474894018211,33.4972420771405
MA0101202411A0172561,탑플랜,,G2,소매,G221,기타 상품 소매,G22199,그 외 기타 상품 전문 소매업,G47859,그 외 기타 분류 안된 상품 전문 소매업,29,광주광역시,29200,광산구,29200670,평동,2920015500,연산동,2920015500111690000,1,대지,1169,,광주광역시 광산구 연산동 1169,292003351942,광주광역시 광산구 평동산단8번로,84,13,2920015500111690000000001,,광주광역시 광산구 평동산단8번로 84-13,506502,62466,,1,,126.758181621799,35.1122154295451
MA0101202411A0137832,쇼즐,,G2,소매,G221,기타 상품 소매,G22199,그 외 기타 상품 전문 소매업,G47859,그 외 기타 분류 안된 상품 전문 소매업,41,경기도,41360,남양주시,41360340,수동면,4136034027,수동면,4136034027103270003,1,대지,327,3,경기도 남양주시 수동면 송천리 327-3,413604391414,경기도 남양주시 수동면 비룡로586번길,80,,4136034027103270003000001,,경기도 남양주시 수동면 비룡로586번길 80,472852,12034,,,,127.332623017921,37.6942970488679
MA0101202411A0143669,벌룬인주씨네,,G2,소매,G221,기타 상품 소매,G22199,그 외 기타 상품 전문 소매업,G47859,그 외 기타 분류 안된 상품 전문 소매업,11,서울특별시,11170,용산구,11170700,보광동,1117013600,보광동,1117013600100640002,1,대지,64,2,서울특별시 용산구 보광동 64-2,111704106169,서울특별시 용산구 서빙고로95길,20,,1117013600100640002002330,,서울특별시 용산구 서빙고로95길 20,140822,04416,,1,,127.002194715744,37.5265424476783
MA0106202201A0152043,에렉스벌곡휴게소,,G2,소매,G221,기타 상품 소매,G22199,그 외 기타 상품 전문 소매업,G47859,그 외 기타 분류 안된 상품 전문 소매업,44,충청남도,44230,논산시,44230380,벌곡면,4423038033,벌곡면,4423038033104750000,1,대지,475,,충청남도 논산시 벌곡면 신양리 475,442301000013,충청남도 논산시 벌곡면 호남지선고속도로,25,,4423038033104740001083856,,충청남도 논산시 벌곡면 호남지선고속도로 25,320883,33027,,,,127.273436128962,36.2180196629034
MA0101202411A0142233,실버메디칼용품점,,G2,소매,G221,기타 상품 소매,G22199,그 외 기타 상품 전문 소매업,G47859,그 외 기타 분류 안된 상품 전문 소매업,26,부산광역시,26380,사하구,26380590,장림2동,2638010500,장림동,2638010500102350001,1,대지,235,1,부산광역시 사하구 장림동 235-1,263803134007,부산광역시 사하구 다대로,263,,2638010500102350001040378,,부산광역시 사하구 다대로 263,604840,49509,,4,,128.977726554469,35.0788212720097
MA0106202201A0329218,남도식품,,G2,소매,G221,기타 상품 소매,G22199,그 외 기타 상품 전문 소매업,G47859,그 외 기타 분류 안된 상품 전문 소매업,41,경기도,41150,의정부시,41150510,의정부1동,4115010100,의정부동,4115010100101600000,1,대지,160,,경기도 의정부시 의정부동 160,411504343382,경기도 의정부시 태평로73번길,20,,4115010100101600000015603,,경기도 의정부시 태평로73번길 20,480842,11695,,,,127.05006721362,37.7401195104757
MA0106202201A0009307,케이티그룹희망나눔재단-EAST매점,광화문,G2,소매,G221,기타 상품 소매,G22199,그 외 기타 상품 전문 소매업,G47859,그 외 기타 분류 안된 상품 전문 소매업,11,서울특별시,11110,종로구,11110615,종로1.2.3.4가동,1111012200,청진동,1111012200102440000,1,대지,244,,서울특별시 종로구 청진동 244,111104100333,서울특별시 종로구 종로3길,33,,1111012200102350001000001,,서울특별시 종로구 종로3길 33,110130,03155,,,,126.978888496802,37.5720049692319
MA0106202201A0056973,드림스페이스행복두드리미,,G2,소매,G221,기타 상품 소매,G22199,그 외 기타 상품 전문 소매업,G47859,그 외 기타 분류 안된 상품 전문 소매업,11,서울특별시,11560,영등포구,11560535,영등포동,1156010500,영등포동4가,1156010500104420000,1,대지,442,,서울특별시 영등포구 영등포동4가 442,115603118024,서울특별시 영등포구 영중로,15,,1156010500104420000000001,,서울특별시 영등포구 영중로 15,150030,07305,,,,126.903930926442,37.5172230701383
MA0101202411A0133962,스릴앤조이,오창점,G2,소매,G221,기타 상품 소매,G22199,그 외 기타 상품 전문 소매업,G47859,그 외 기타 분류 안된 상품 전문 소매업,43,충청북도,43114,청주시 청원구,43114253,오창읍,4311425345,오창읍,4311425345107970001,1,대지,797,1,충청북도 청주시 청원구 오창읍 양청리 797-1,431143240076,충청북도 청주시 청원구 오창읍 중심상업2로,9,38,4371025345007970001004598,케이2프라자,충청북도 청주시 청원구 오창읍 중심상업2로 9-38,363883,28119,,1,,127.43051004916,36.7151398761177
MA0101202411A0162491,디제이상품권,,G2,소매,G221,기타 상품 소매,G22199,그 외 기타 상품 전문 소매업,G47859,그 외 기타 분류 안된 상품 전문 소매업,46,전라남도,46170,나주시,46170580,영산동,4617012300,영산동,4617012300101610005,1,대지,161,5,전라남도 나주시 영산동 161-5,461704652390,전라남도 나주시 영산3길,38,23,4617012300101610005014484,,전라남도 나주시 영산3길 38-23,520240,58268,,1,,126.714036714155,35.000322256405
MA0101202411A0167126,짚랩인터내셔널,,G2,소매,G221,기타 상품 소매,G22199,그 외 기타 상품 전문 소매업,G47859,그 외 기타 분류 안된 상품 전문 소매업,11,서울특별시,11200,성동구,11200660,성수1가2동,1120011400,성수동1가,1120011400106561572,1,대지,656,1572,서울특별시 성동구 성수동1가 656-1572,112004109310,서울특별시 성동구 상원1길,25,,1120011400106561572008284,,서울특별시 성동구 상원1길 25,133924,04779,,,,127.047979350366,37.5458501732436
MA0106202201A0000810,아경테크,,G2,소매,G221,기타 상품 소매,G22199,그 외 기타 상품 전문 소매업,G47859,그 외 기타 분류 안된 상품 전문 소매업,41,경기도,41463,용인시 기흥구,41463572,동백1동,4146311500,동백동,4146311500106260001,1,대지,626,1,경기도 용인시 기흥구 동백동 626-1,414634412264,경기도 용인시 기흥구 평촌2로1번길,1,,4146311500106260001017552,,경기도 용인시 기흥구 평촌2로1번길 1,446911,17001,,,,127.153649825563,37.2817705614775
MA0106202201A0521450,신세계인터내셔날JAJU모란역점,,G2,소매,G221,기타 상품 소매,G22199,그 외 기타 상품 전문 소매업,G47859,그 외 기타 분류 안된 상품 전문 소매업,41,경기도,41133,성남시 중원구,41133510,성남동,4113310100,성남동,4113310100134950000,1,대지,3495,,경기도 성남시 중원구 성남동 3495,411332000005,경기도 성남시 중원구 성남대로,1144,,4113310100134950000018712,,경기도 성남시 중원구 성남대로 1144,462827,13365,,,,127.129573475247,37.4318474551002
MA0106202201A0521409,신세계인터내셔날JAJU용인처인,구청점,G2,소매,G221,기타 상품 소매,G22199,그 외 기타 상품 전문 소매업,G47859,그 외 기타 분류 안된 상품 전문 소매업,41,경기도,41461,용인시 처인구,41461510,중앙동,4146110100,김량장동,4146110100103010003,1,대지,301,3,경기도 용인시 처인구 김량장동 301-3,414613203017,경기도 용인시 처인구 금령로,86,,4146110100103010003010526,,경기도 용인시 처인구 금령로 86,449925,17051,,,,127.205821847054,37.23508948099
MA0106202201A0501357,나인스테이,,G2,소매,G221,기타 상품 소매,G22199,그 외 기타 상품 전문 소매업,G47859,그 외 기타 분류 안된 상품 전문 소매업,50,제주특별자치도,50110,제주시,50110660,노형동,5011013900,해안동,5011013900123850000,1,대지,2385,,제주특별자치도 제주시 해안동 2385,501103349042,제주특별자치도 제주시 노형로,19,,5011013900123850000000001,,제주특별자치도 제주시 노형로 19,690840,63061,,,,126.449430106826,33.4620145802894
MA0106202201A0501352,드르쿰다제주,군산점,G2,소매,G221,기타 상품 소매,G22199,그 외 기타 상품 전문 소매업,G47859,그 외 기타 분류 안된 상품 전문 소매업,52,전북특별자치도,52130,군산시,52130703,나운3동,5213014400,나운동,5213014400108640003,1,대지,864,3,전북특별자치도 군산시 나운동 864-3,521304604392,전북특별자치도 군산시 부곡1길,45,,4513014400108640003006878,,전북특별자치도 군산시 부곡1길 45,573872,54147,,,,126.690163475205,35.9604174159203
MA0106202201A0521433,신세계인터내셔날JAJU,오리역점,G2,소매,G221,기타 상품 소매,G22199,그 외 기타 상품 전문 소매업,G47859,그 외 기타 분류 안된 상품 전문 소매업,41,경기도,41135,성남시 분당구,41135670,구미동,4113511400,구미동,4113511400101570000,1,대지,157,,경기도 성남시 분당구 구미동 157,411352000005,경기도 성남시 분당구 성남대로,45,,4113511400101570000029729,,경기도 성남시 분당구 성남대로 45,463870,13636,,,,127.108391788031,37.3400545192085
MA0106202201A0521893,예산군시니어클럽,,G2,소매,G221,기타 상품 소매,G22199,그 외 기타 상품 전문 소매업,G47859,그 외 기타 분류 안된 상품 전문 소매업,44,충청남도,44810,예산군,44810250,예산읍,4481025025,예산읍,4481025025106640000,1,대지,664,,충청남도 예산군 예산읍 산성리 664,448103263012,충청남도 예산군 예산읍 벚꽃로,149,8,4481025025106640000009478,,충청남도 예산군 예산읍 벚꽃로 149-8,340803,32428,,,,126.835800810741,36.6940519237428
MA0106202201A0521894,예산군시니어클럽출렁다리슈퍼GU,,G2,소매,G221,기타 상품 소매,G22199,그 외 기타 상품 전문 소매업,G47859,그 외 기타 분류 안된 상품 전문 소매업,44,충청남도,44810,예산군,44810250,예산읍,4481025027,예산읍,4481025027102980000,1,대지,298,,충청남도 예산군 예산읍 석양리 298,448103263012,충청남도 예산군 예산읍 벚꽃로,226,16,4481025027102980000000002,,충청남도 예산군 예산읍 벚꽃로 226-16,340802,32423,,,,126.839548437136,36.6998963386372
MA0106202201A0415039,삼성웰스토리용인물류센터,,G2,소매,G221,기타 상품 소매,G22199,그 외 기타 상품 전문 소매업,G47859,그 외 기타 분류 안된 상품 전문 소매업,41,경기도,41463,용인시 기흥구,41463570,마북동,4146311300,마북동,4146311300105530003,1,대지,553,3,경기도 용인시 기흥구 마북동 553-3,414632012011,경기도 용인시 기흥구 용구대로,2442,1,4146311300105530004024592,,경기도 용인시 기흥구 용구대로 2442-1,446511,16908,,,,127.107289211704,37.302725727402
MA0106202201A0379597,한바다식품,,G2,소매,G221,기타 상품 소매,G22199,그 외 기타 상품 전문 소매업,G47859,그 외 기타 분류 안된 상품 전문 소매업,28,인천광역시,28260,서구,28260580,가좌1동,2826011200,가좌동,2826011200101730404,1,대지,173,404,인천광역시 서구 가좌동 173-404,282604268299,인천광역시 서구 보도진로54번길,11,18,2826011200101730404019113,,인천광역시 서구 보도진로54번길 11-18,404811,22847,,,,126.655017857697,37.4932331946606
MA0106202201A0388106,만복향당,,G2,소매,G221,기타 상품 소매,G22199,그 외 기타 상품 전문 소매업,G47859,그 외 기타 분류 안된 상품 전문 소매업,11,서울특별시,11440,마포구,11440710,연남동,1144012400,연남동,1144012400102400003,1,대지,240,3,서울특별시 마포구 연남동 240-3,114403113011,서울특별시 마포구 성미산로,161,11,1144012400102400003019620,,서울특별시 마포구 성미산로 161-11,121865,03980,,,,126.923688629451,37.5651526474154
MA0106202201A0401410,시흥도시공사,,G2,소매,G221,기타 상품 소매,G22199,그 외 기타 상품 전문 소매업,G47859,그 외 기타 분류 안된 상품 전문 소매업,41,경기도,41390,시흥시,41390591,정왕1동,4139013200,정왕동,4139013200113660013,1,대지,1366,13,경기도 시흥시 정왕동 1366-13,413903199015,경기도 시흥시 마유로,218,,4139013200113660013019655,,경기도 시흥시 마유로 218,429853,15079,,,,126.727862009291,37.3374935607902
MA0106202201A0414382,벗이,,G2,소매,G221,기타 상품 소매,G22199,그 외 기타 상품 전문 소매업,G47859,그 외 기타 분류 안된 상품 전문 소매업,41,경기도,41461,용인시 처인구,41461360,양지면,4146136029,양지면,4146136029101340000,1,대지,134,,경기도 용인시 처인구 양지면 주북리 134,414613203078,경기도 용인시 처인구 양지면 양주로,155,,4146136029101340000001223,,경기도 용인시 처인구 양지면 양주로 155,449822,17159,,,,127.265162938683,37.2407381599541
MA0106202201A0414381,벗이,,G2,소매,G221,기타 상품 소매,G22199,그 외 기타 상품 전문 소매업,G47859,그 외 기타 분류 안된 상품 전문 소매업,41,경기도,41463,용인시 기흥구,41463586,상하동,4146311700,상하동,4146311700100020000,1,대지,2,,경기도 용인시 기흥구 상하동 2,414632012012,경기도 용인시 기흥구 중부대로,940,,4146311700100010003020150,,경기도 용인시 기흥구 중부대로 940,446512,17089,,,,127.155581152059,37.2503937926543
MA0106202201A0407423,스시민,영등포점,G2,소매,G221,기타 상품 소매,G22199,그 외 기타 상품 전문 소매업,G47859,그 외 기타 분류 안된 상품 전문 소매업,28,인천광역시,28110,중구,28110585,동인천동,2811013600,인현동,2811013600100290019,1,대지,29,19,인천광역시 중구 인현동 29-19,281103149034,인천광역시 중구 우현로,80,1,2811013600100290019139552,,인천광역시 중구 우현로 80-1,400180,22318,,,,126.630517606229,37.4740668409922
MA0106202201A0563002,성신씨엔엠다이소점,,G2,소매,G221,기타 상품 소매,G22199,그 외 기타 상품 전문 소매업,G47859,그 외 기타 분류 안된 상품 전문 소매업,11,서울특별시,11200,성동구,11200670,성수2가1동,1120011500,성수동2가,1120011500105610001,1,대지,561,1,서울특별시 성동구 성수동2가 561-1,112004109340,서울특별시 성동구 성덕정길,106,,1120011500105610001007222,,서울특별시 성동구 성덕정길 106,133828,04776,,,,127.055101962348,37.5371614275576
MA0106202201A0584426,제이에프티-저스트포그,시청점,G2,소매,G221,기타 상품 소매,G22199,그 외 기타 상품 전문 소매업,G47859,그 외 기타 분류 안된 상품 전문 소매업,11,서울특별시,11140,중구,11140520,소공동,1114016700,정동,1114016700100340005,1,대지,34,5,서울특별시 중구 정동 34-5,111404103177,서울특별시 중구 서소문로11길,19,,1114016700100340005022795,,서울특별시 중구 서소문로11길 19,100785,04516,,,,126.972088339401,37.5637864764165
MA0106202201A0584427,저스트포그전자담배,발산역점,G2,소매,G221,기타 상품 소매,G22199,그 외 기타 상품 전문 소매업,G47859,그 외 기타 분류 안된 상품 전문 소매업,11,서울특별시,11500,강서구,11500603,가양1동,1150010500,마곡동,1150010500107720005,1,대지,772,5,서울특별시 강서구 마곡동 772-5,115003155054,서울특별시 강서구 마곡중앙6로,45,,1150010500107720005000001,,서울특별시 강서구 마곡중앙6로 45,157805,07802,,,,126.832729578767,37.5606259174506
MA0106202201A0571590,진성식품,,G2,소매,G221,기타 상품 소매,G22199,그 외 기타 상품 전문 소매업,G47859,그 외 기타 분류 안된 상품 전문 소매업,11,서울특별시,11110,종로구,11110670,창신1동,1111017400,창신동,1111017400103930012,1,대지,393,12,서울특별시 종로구 창신동 393-12,111103005007,서울특별시 종로구 지봉로,13,,1111017400103930012005504,,서울특별시 종로구 지봉로 13,110841,03120,,,,127.015564616396,37.5712129551154
MA0106202201A0604351,㈜이스턴웰스현대동구점,백화점,G2,소매,G221,기타 상품 소매,G22199,그 외 기타 상품 전문 소매업,G47859,그 외 기타 분류 안된 상품 전문 소매업,11,서울특별시,11590,동작구,11590680,신대방2동,1159010900,신대방동,1159010900103700001,1,대지,370,1,서울특별시 동작구 신대방동 370-1,115903118028,서울특별시 동작구 여의대방로,112,,1159010900103700001000443,,서울특별시 동작구 여의대방로 112,156709,07057,,,,126.918092651539,37.4968349908324
MA0106202201A0604355,㈜이스턴웰스현대미아점,백화점,G2,소매,G221,기타 상품 소매,G22199,그 외 기타 상품 전문 소매업,G47859,그 외 기타 분류 안된 상품 전문 소매업,11,서울특별시,11590,동작구,11590680,신대방2동,1159010900,신대방동,1159010900103700001,1,대지,370,1,서울특별시 동작구 신대방동 370-1,115903118028,서울특별시 동작구 여의대방로,112,,1159010900103700001000443,,서울특별시 동작구 여의대방로 112,156709,07057,,,,126.918092651539,37.4968349908324
MA0106202201A0604347,㈜이스턴웰스볼보매점,,G2,소매,G221,기타 상품 소매,G22199,그 외 기타 상품 전문 소매업,G47859,그 외 기타 분류 안된 상품 전문 소매업,48,경상남도,48123,창원시 성산구,48123570,웅남동,4812312200,귀현동,4812312200100100000,1,대지,10,,경상남도 창원시 성산구 귀현동 10,481233328010,경상남도 창원시 성산구 두산볼보로,160,,4812312200100100000021689,,경상남도 창원시 성산구 두산볼보로 160,642290,51710,,,,128.602426941628,35.1883933174399
MA0106202201A0180510,계양산성매장,,G2,소매,G221,기타 상품 소매,G22199,그 외 기타 상품 전문 소매업,G47859,그 외 기타 분류 안된 상품 전문 소매업,28,인천광역시,28245,계양구,28245612,계산2동,2824510200,계산동,2824510200105480014,1,대지,548,14,인천광역시 계양구 계산동 548-14,282453155007,인천광역시 계양구 계양산로,101,,2824510200200110000188330,,인천광역시 계양구 계양산로 101,407052,21041,,,,126.72703057371,37.5480221514123
MA0106202201A0177070,신구멍가게24,부평점,G2,소매,G221,기타 상품 소매,G22199,그 외 기타 상품 전문 소매업,G47859,그 외 기타 분류 안된 상품 전문 소매업,28,인천광역시,28237,부평구,28237540,부평4동,2823710100,부평동,2823710100104070009,1,대지,407,9,인천광역시 부평구 부평동 407-9,282374262700,인천광역시 부평구 주부토로56번길,23,5,2823710100104070009101272,,인천광역시 부평구 주부토로56번길 23-5,403826,21360,,,,126.726605330881,37.5002141201285
MA0106202201A0237180,오아시스,호평점,G2,소매,G221,기타 상품 소매,G22199,그 외 기타 상품 전문 소매업,G47859,그 외 기타 분류 안된 상품 전문 소매업,41,경기도,41360,남양주시,41360510,호평동,4136010100,호평동,4136010100106170003,1,대지,617,3,경기도 남양주시 호평동 617-3,413603197014,경기도 남양주시 늘을3로,65,6,4136010100106170003015077,,경기도 남양주시 늘을3로 65-6,472120,12145,,,,127.247617734251,37.6597284767004
MA0106202201A0237181,오아시스,진접점,G2,소매,G221,기타 상품 소매,G22199,그 외 기타 상품 전문 소매업,G47859,그 외 기타 분류 안된 상품 전문 소매업,41,경기도,41360,남양주시,41360253,진접읍,4136025328,진접읍,4136025328110960000,1,대지,1096,,경기도 남양주시 진접읍 금곡리 1096,413603197067,경기도 남양주시 진접읍 해밀예당3로,52,,4136025328110960001000001,,경기도 남양주시 진접읍 해밀예당3로 52,472861,12069,,,,127.198566589103,37.714492474813
MA0106202201A0237205,오아시스,광장점,G2,소매,G221,기타 상품 소매,G22199,그 외 기타 상품 전문 소매업,G47859,그 외 기타 분류 안된 상품 전문 소매업,11,서울특별시,11215,광진구,11215810,광장동,1121510400,광장동,1121510400104630003,1,대지,463,3,서울특별시 광진구 광장동 463-3,112153000002,서울특별시 광진구 아차산로,532,,1121510400104630003010928,,서울특별시 광진구 아차산로 532,143814,04974,,,,127.100491659487,37.5423483139355
MA0106202201A0237183,오아시스,능동점,G2,소매,G221,기타 상품 소매,G22199,그 외 기타 상품 전문 소매업,G47859,그 외 기타 분류 안된 상품 전문 소매업,41,경기도,41590,화성시,41590585,동탄1동,4159012700,반송동,4159012700100380009,1,대지,38,9,경기도 화성시 반송동 38-9,415904431479,경기도 화성시 동탄반송1길,19,,4159012700100380009000001,,경기도 화성시 동탄반송1길 19,445160,18434,,,,127.06198288507,37.2098695834481
MA0106202201A0237165,오아시스,마석점,G2,소매,G221,기타 상품 소매,G22199,그 외 기타 상품 전문 소매업,G47859,그 외 기타 분류 안된 상품 전문 소매업,41,경기도,41610,광주시,41610550,탄벌동,4161010600,목현동,4161010600104060000,1,대지,406,,경기도 광주시 목현동 406,416104433225,경기도 광주시 밭말길,17,,4161010600104060000246149,,경기도 광주시 밭말길 17,464100,12765,,,,127.208703550844,37.433779534398
MA0106202201A0055678,카리스테크,,G2,소매,G221,기타 상품 소매,G22199,그 외 기타 상품 전문 소매업,G47859,그 외 기타 분류 안된 상품 전문 소매업,41,경기도,41285,고양시 일산동구,41285510,식사동,4128510100,식사동,4128510100115450004,1,대지,1545,4,경기도 고양시 일산동구 식사동 1545-4,412854379222,경기도 고양시 일산동구 위시티2로11번길,6,25,4128510100115450004000001,,경기도 고양시 일산동구 위시티2로11번길 6-25,410821,10323,,,,126.813448642728,37.6764459048475
MA0106202201A0046367,구르메에프앤드비코리라,,G2,소매,G221,기타 상품 소매,G22199,그 외 기타 상품 전문 소매업,G47859,그 외 기타 분류 안된 상품 전문 소매업,11,서울특별시,11215,광진구,11215870,구의3동,1121510300,구의동,1121510300102010008,1,대지,201,8,서울특별시 광진구 구의동 201-8,112153005024,서울특별시 광진구 광나루로,604,,1121510300102010008000001,,서울특별시 광진구 광나루로 604,143821,05034,,,,127.094912214886,37.5415780707577
MA0106202201A0665982,양키캔들,상암DMC점,G2,소매,G221,기타 상품 소매,G22199,그 외 기타 상품 전문 소매업,G47859,그 외 기타 분류 안된 상품 전문 소매업,11,서울특별시,11440,마포구,11440740,상암동,1144012700,상암동,1144012700115960000,1,대지,1596,,서울특별시 마포구 상암동 1596,114404139549,서울특별시 마포구 월드컵북로54길,25,,1144012700115960000000001,,서울특별시 마포구 월드컵북로54길 25,121835,03924,,,,126.888982684946,37.582090838576
MA0106202201A0056972,행복두드리미,인천점,G2,소매,G221,기타 상품 소매,G22199,그 외 기타 상품 전문 소매업,G47859,그 외 기타 분류 안된 상품 전문 소매업,28,인천광역시,28237,부평구,28237670,일신동,2823710900,구산동,2823710900100340003,1,대지,34,3,인천광역시 부평구 구산동 34-3,282373008024,인천광역시 부평구 무네미로,478,1,2823710900100340003200885,,인천광역시 부평구 무네미로 478-1,403110,21417,,,,126.753238607421,37.479387448453
MA0106202201A0625601,스테프,코리아,G2,소매,G221,기타 상품 소매,G22199,그 외 기타 상품 전문 소매업,G47859,그 외 기타 분류 안된 상품 전문 소매업,11,서울특별시,11500,강서구,11500620,공항동,1150010800,공항동,1150010800113730005,1,대지,1373,5,서울특별시 강서구 공항동 1373-5,115004145490,서울특별시 강서구 하늘길,112,,1150010800101500000007416,,서울특별시 강서구 하늘길 112,157240,07505,,,,126.808473481221,37.5567508187594
MA0106202201A0605752,파지온,코리아,G2,소매,G221,기타 상품 소매,G22199,그 외 기타 상품 전문 소매업,G47859,그 외 기타 분류 안된 상품 전문 소매업,11,서울특별시,11230,동대문구,11230650,장안1동,1123010600,장안동,1123010600104160006,1,대지,416,6,서울특별시 동대문구 장안동 416-6,112302000008,서울특별시 동대문구 천호대로,405,,1123010600104160006018253,,서울특별시 동대문구 천호대로 405,130844,02633,,,,127.064174923865,37.5620153912939
MA0106202201A0604080,새동엔지니어링,,G2,소매,G221,기타 상품 소매,G22199,그 외 기타 상품 전문 소매업,G47859,그 외 기타 분류 안된 상품 전문 소매업,11,서울특별시,11620,관악구,11620525,보라매동,1162010100,봉천동,1162010100107020036,1,대지,702,36,서울특별시 관악구 봉천동 702-36,116203005078,서울특별시 관악구 보라매로,20,,1162010100107020036037603,,서울특별시 관악구 보라매로 20,151830,08722,,,,126.927359807785,37.4911466892275
MA0106202201A0563233,카페베네,,G2,소매,G221,기타 상품 소매,G22199,그 외 기타 상품 전문 소매업,G47859,그 외 기타 분류 안된 상품 전문 소매업,11,서울특별시,11215,광진구,11215760,중곡3동,1121510100,중곡동,1121510100101860011,1,대지,186,11,서울특별시 광진구 중곡동 186-11,112153000001,서울특별시 광진구 동일로,427,,1121510100101860011022543,,서울특별시 광진구 동일로 427,143901,04900,,,,127.078533391688,37.5685209141204
MA0106202201A0237194,오아시스남외점,,G2,소매,G221,기타 상품 소매,G22199,그 외 기타 상품 전문 소매업,G47859,그 외 기타 분류 안된 상품 전문 소매업,31,울산광역시,31110,중구,31110620,병영1동,3111011500,남외동,3111011500105120011,1,대지,512,11,울산광역시 중구 남외동 512-11,311104307086,울산광역시 중구 남외2길,30,,3111011500105120011000001,,울산광역시 중구 남외2길 30,681800,44495,,,,129.351026477706,35.5664088442756
MA0106202201A0237197,오아시스,영통점,G2,소매,G221,기타 상품 소매,G22199,그 외 기타 상품 전문 소매업,G47859,그 외 기타 분류 안된 상품 전문 소매업,41,경기도,41117,수원시 영통구,41117585,영통3동,4111710500,영통동,4111710500109610006,1,대지,961,6,경기도 수원시 영통구 영통동 961-6,411174331055,경기도 수원시 영통구 매영로345번길,7,,4111710500109610006001215,,경기도 수원시 영통구 매영로345번길 7,443470,16703,,,,127.070900272989,37.252772438473
MA0106202201A0625703,세피앙청담지점,,G2,소매,G221,기타 상품 소매,G22199,그 외 기타 상품 전문 소매업,G47859,그 외 기타 분류 안된 상품 전문 소매업,11,서울특별시,11680,강남구,11680565,청담동,1168010400,청담동,1168010400100620037,1,대지,62,37,서울특별시 강남구 청담동 62-37,116803122005,서울특별시 강남구 삼성로,746,,1168010400100620037018517,,서울특별시 강남구 삼성로 746,135953,06070,,,,127.04894812453,37.5218200825473
MA0106202201A0625705,하이베베,일산점,G2,소매,G221,기타 상품 소매,G22199,그 외 기타 상품 전문 소매업,G47859,그 외 기타 분류 안된 상품 전문 소매업,41,경기도,41287,고양시 일산서구,41287580,송포동,4128710400,대화동,4128710400126020000,1,대지,2602,,경기도 고양시 일산서구 대화동 2602,412873192096,경기도 고양시 일산서구 호수로,817,,4128710400126020000000001,,경기도 고양시 일산서구 호수로 817,411410,10391,,,,126.751640728544,37.6679979039186
MA0106202201A0120575,경성문화사,,G2,소매,G221,기타 상품 소매,G22199,그 외 기타 상품 전문 소매업,G47859,그 외 기타 분류 안된 상품 전문 소매업,36,세종특별자치시,36110,세종특별자치시,36110523,어진동,3611011000,어진동,3611011000107350000,1,대지,735,,세종특별자치시 세종특별자치시 어진동 735,361103258079,세종특별자치시 세종특별자치시 다솜3로,66,,3611011000101780103000001,,세종특별자치시 세종특별자치시 다솜3로 66,339012,30107,,,,127.269952197727,36.5010961332007
MA0106202201A0076189,한국공항,,G2,소매,G221,기타 상품 소매,G22199,그 외 기타 상품 전문 소매업,G47859,그 외 기타 분류 안된 상품 전문 소매업,11,서울특별시,11500,강서구,11500630,방화1동,1150010900,방화동,1150010900104990001,1,대지,499,1,서울특별시 강서구 방화동 499-1,115003115008,서울특별시 강서구 양천로,13,,1150010900104990001003516,,서울특별시 강서구 양천로 13,157849,07516,,,,126.80570198224,37.5736849928706
MA0106202201A0046912,아모레퍼시픽오설록티하우스,,G2,소매,G221,기타 상품 소매,G22199,그 외 기타 상품 전문 소매업,G47859,그 외 기타 분류 안된 상품 전문 소매업,11,서울특별시,11140,중구,11140550,명동,1114011000,수표동,1114011000100990000,1,대지,99,,서울특별시 중구 수표동 99,111403100021,서울특별시 중구 청계천로,100,,1114011000100990000000001,,서울특별시 중구 청계천로 100,100230,04542,,,,126.98842048187,37.5676184411973
MA0106202201A0035884,굿네이버스인터네셔날,,G2,소매,G221,기타 상품 소매,G22199,그 외 기타 상품 전문 소매업,G47859,그 외 기타 분류 안된 상품 전문 소매업,11,서울특별시,11560,영등포구,11560535,영등포동,1156010300,영등포동2가,1156010300100280130,1,대지,28,130,서울특별시 영등포구 영등포동2가 28-130,115603118010,서울특별시 영등포구 버드나루로,13,,1156010300100280130036199,,서울특별시 영등포구 버드나루로 13,150900,07253,,,,126.912230404114,37.5199595681182
MA0106202201A0604338,㈜이스턴웰스영업소단말기강원,,G2,소매,G221,기타 상품 소매,G22199,그 외 기타 상품 전문 소매업,G47859,그 외 기타 분류 안된 상품 전문 소매업,51,강원특별자치도,51130,원주시,51130620,태장2동,5113011200,태장동,5113011200122040000,1,대지,2204,,강원특별자치도 원주시 태장동 2204,511304457540,강원특별자치도 원주시 적동1길,14,,4213011200126210000015288,,강원특별자치도 원주시 적동1길 14,220962,26312,,,,127.95243768101,37.3954836075485
MA0106202201A0604348,㈜이스턴웰스대우일렉트로닉매점,,G2,소매,G221,기타 상품 소매,G22199,그 외 기타 상품 전문 소매업,G47859,그 외 기타 분류 안된 상품 전문 소매업,29,광주광역시,29200,광산구,29200640,하남동,2920012300,장덕동,2920012300109810001,1,대지,981,1,광주광역시 광산구 장덕동 981-1,292003163035,광주광역시 광산구 용아로,559,,2920012300109810001000001,,광주광역시 광산구 용아로 559,506729,62228,,,,126.80079765523,35.1931268123519
MA0106202201A0604342,㈜이스턴웰스양산씨제이매점,,G2,소매,G221,기타 상품 소매,G22199,그 외 기타 상품 전문 소매업,G47859,그 외 기타 분류 안된 상품 전문 소매업,48,경상남도,48330,양산시,48330530,강서동,4833011200,어곡동,4833011200108710013,1,대지,871,13,경상남도 양산시 어곡동 871-13,483304814611,경상남도 양산시 어곡공단2길,66,,4833011200108710013007482,,경상남도 양산시 어곡공단2길 66,626220,50591,,,,129.01733615561,35.3703161660595
MA0106202201A0604335,㈜이스턴웰스현대제철1공장매점,,G2,소매,G221,기타 상품 소매,G22199,그 외 기타 상품 전문 소매업,G47859,그 외 기타 분류 안된 상품 전문 소매업,47,경상북도,47111,포항시 남구,47111570,제철동,4711110800,송내동,4711110800105060000,1,대지,506,,경상북도 포항시 남구 송내동 506,471113000101,경상북도 포항시 남구 동해안로,6363,,4711110800105060000123337,,경상북도 포항시 남구 동해안로 6363,790370,37864,,,,129.374107580032,36.0056897873375
MA0106202201A0604339,㈜이스턴웰스현대제철2공장매점,,G2,소매,G221,기타 상품 소매,G22199,그 외 기타 상품 전문 소매업,G47859,그 외 기타 분류 안된 상품 전문 소매업,47,경상북도,47111,포항시 남구,47111570,제철동,4711110800,송내동,4711110800105060000,1,대지,506,,경상북도 포항시 남구 송내동 506,471113000101,경상북도 포항시 남구 동해안로,6363,,4711110800105060000123337,,경상북도 포항시 남구 동해안로 6363,790370,37864,,,,129.374107580032,36.0056897873375
MA0106202201A0604329,㈜이스턴웰스STX조선해양매점미래관,,G2,소매,G221,기타 상품 소매,G22199,그 외 기타 상품 전문 소매업,G47859,그 외 기타 분류 안된 상품 전문 소매업,48,경상남도,48129,창원시 진해구,48129630,웅천동,4812915600,원포동,4812915600101000000,1,대지,100,,경상남도 창원시 진해구 원포동 100,481293331017,경상남도 창원시 진해구 명제로,60,,4812915600101000000000045,,경상남도 창원시 진해구 명제로 60,645703,51624,,,,128.710368825344,35.104283300762
MA0106202201A0604332,㈜이스턴웰스STX조선해양매점바다관,,G2,소매,G221,기타 상품 소매,G22199,그 외 기타 상품 전문 소매업,G47859,그 외 기타 분류 안된 상품 전문 소매업,48,경상남도,48129,창원시 진해구,48129630,웅천동,4812915600,원포동,4812915600101000000,1,대지,100,,경상남도 창원시 진해구 원포동 100,481293331017,경상남도 창원시 진해구 명제로,60,,4812915600101000000000045,,경상남도 창원시 진해구 명제로 60,645703,51624,,,,128.710368825344,35.104283300762
MA0106202201A0604334,㈜이스턴웰스현대무역점,백화점,G2,소매,G221,기타 상품 소매,G22199,그 외 기타 상품 전문 소매업,G47859,그 외 기타 분류 안된 상품 전문 소매업,11,서울특별시,11590,동작구,11590680,신대방2동,1159010900,신대방동,1159010900103700001,1,대지,370,1,서울특별시 동작구 신대방동 370-1,115903118028,서울특별시 동작구 여의대방로,112,,1159010900103700001000443,,서울특별시 동작구 여의대방로 112,156709,07057,,,,126.918092651539,37.4968349908324
MA0106202201A0604352,㈜이스턴웰스현대백화점,신촌점,G2,소매,G221,기타 상품 소매,G22199,그 외 기타 상품 전문 소매업,G47859,그 외 기타 분류 안된 상품 전문 소매업,11,서울특별시,11590,동작구,11590680,신대방2동,1159010900,신대방동,1159010900103700001,1,대지,370,1,서울특별시 동작구 신대방동 370-1,115903118028,서울특별시 동작구 여의대방로,112,,1159010900103700001000443,,서울특별시 동작구 여의대방로 112,156709,07057,,,,126.918092651539,37.4968349908324
MA0106202201A0630613,달콤바삭,,G2,소매,G221,기타 상품 소매,G22199,그 외 기타 상품 전문 소매업,G47859,그 외 기타 분류 안된 상품 전문 소매업,11,서울특별시,11740,강동구,11740685,길동,1174010500,길동,1174010500103500006,1,대지,350,6,서울특별시 강동구 길동 350-6,117404172356,서울특별시 강동구 천중로50길,9,,1174010500103500006000001,,서울특별시 강동구 천중로50길 9,134811,05343,,,,127.143022288958,37.5403763233367
MA0106202201A0630614,달콤바삭둔촌점,,G2,소매,G221,기타 상품 소매,G22199,그 외 기타 상품 전문 소매업,G47859,그 외 기타 분류 안된 상품 전문 소매업,11,서울특별시,11740,강동구,11740700,둔촌2동,1174010600,둔촌동,1174010600104490007,1,대지,449,7,서울특별시 강동구 둔촌동 449-7,117404172390,서울특별시 강동구 천호대로186길,28,,1174010600104490007000447,,서울특별시 강동구 천호대로186길 28,134822,05365,,,,127.142113406192,37.532475652085
MA0106202201A0630615,달콤바삭마트,본점,G2,소매,G221,기타 상품 소매,G22199,그 외 기타 상품 전문 소매업,G47859,그 외 기타 분류 안된 상품 전문 소매업,11,서울특별시,11710,송파구,11710600,석촌동,1171010500,석촌동,1171010500102720024,1,대지,272,24,서울특별시 송파구 석촌동 272-24,117103123001,서울특별시 송파구 가락로,93,,1171010500102720024010190,,서울특별시 송파구 가락로 93,138846,05688,,,,127.106429976576,37.5009510603976
MA0106202201A0009936,에이에이씨티,,G2,소매,G221,기타 상품 소매,G22199,그 외 기타 상품 전문 소매업,G47859,그 외 기타 분류 안된 상품 전문 소매업,11,서울특별시,11110,종로구,11110615,종로1.2.3.4가동,1111012300,서린동,1111012300101110001,1,대지,111,1,서울특별시 종로구 서린동 111-1,111103100013,서울특별시 종로구 종로,22,,1111012300101110001016057,,서울특별시 종로구 종로 22,110110,03188,,,,126.979670146202,37.5698697476573
MA0106202201A0010298,푸르웰,,G2,소매,G221,기타 상품 소매,G22199,그 외 기타 상품 전문 소매업,G47859,그 외 기타 분류 안된 상품 전문 소매업,28,인천광역시,28185,연수구,28185830,송도2동,2818510600,송도동,2818510600100290013,1,대지,29,13,인천광역시 연수구 송도동 29-13,281853152013,인천광역시 연수구 센트럴로,263,,2818510600100290013000001,,인천광역시 연수구 센트럴로 263,406082,22006,,,,126.633940465589,37.3980321618284
MA0106202201A0027127,띵굴다이닝,타임스퀘어점,G2,소매,G221,기타 상품 소매,G22199,그 외 기타 상품 전문 소매업,G47859,그 외 기타 분류 안된 상품 전문 소매업,11,서울특별시,11560,영등포구,11560535,영등포동,1156010500,영등포동4가,1156010500104420000,1,대지,442,,서울특별시 영등포구 영등포동4가 442,115603118024,서울특별시 영등포구 영중로,15,,1156010500104420000000001,,서울특별시 영등포구 영중로 15,150030,07305,,,,126.903930926442,37.5172230701383
MA0106202201A0604359,㈜이스턴웰스현대모비스매점,,G2,소매,G221,기타 상품 소매,G22199,그 외 기타 상품 전문 소매업,G47859,그 외 기타 분류 안된 상품 전문 소매업,48,경상남도,48123,창원시 성산구,48123570,웅남동,4812313200,성산동,4812313200100720000,1,대지,72,,경상남도 창원시 성산구 성산동 72,481233328022,경상남도 창원시 성산구 성산패총로,87,,4812313200100720000024961,,경상남도 창원시 성산구 성산패총로 87,642290,51556,,,,128.674389094453,35.2012893900007
MA0106202201A0604354,㈜이스턴웰스현대백화점,중동점,G2,소매,G221,기타 상품 소매,G22199,그 외 기타 상품 전문 소매업,G47859,그 외 기타 분류 안된 상품 전문 소매업,41,경기도,41192,부천시 원미구,41192630,중1동,4119210800,중동,4119210800111640000,1,대지,1164,,경기도 부천시 원미구 중동 1164,411923000065,경기도 부천시 원미구 길주로,180,,4119510800111640000008338,,경기도 부천시 원미구 길주로 180,420748,14546,,,,126.76209114938,37.5043184025831
MA0106202201A0650716,이유있는반찬,강동점,G2,소매,G221,기타 상품 소매,G22199,그 외 기타 상품 전문 소매업,G47859,그 외 기타 분류 안된 상품 전문 소매업,11,서울특별시,11740,강동구,11740700,둔촌2동,1174010600,둔촌동,1174010600104890009,1,대지,489,9,서울특별시 강동구 둔촌동 489-9,117402000006,서울특별시 강동구 양재대로,1392,,1174010600104890009000709,,서울특별시 강동구 양재대로 1392,134822,05372,,,,127.137662963927,37.5302464420938
MA0106202201A0026216,CGV투썸춘천,,G2,소매,G221,기타 상품 소매,G22199,그 외 기타 상품 전문 소매업,G47859,그 외 기타 분류 안된 상품 전문 소매업,51,강원특별자치도,51110,춘천시,51110660,퇴계동,5111012300,퇴계동,5111012300110170000,1,대지,1017,,강원특별자치도 춘천시 퇴계동 1017,511103218035,강원특별자치도 춘천시 지석로,80,,4211012300110170000070367,,강원특별자치도 춘천시 지석로 80,200965,24420,,,,127.743770129622,37.850518453688
MA0106202201A0401449,가스안전공사직원협동조합,천안지점,G2,소매,G221,기타 상품 소매,G22199,그 외 기타 상품 전문 소매업,G47859,그 외 기타 분류 안된 상품 전문 소매업,44,충청남도,44131,천안시 동남구,44131250,목천읍,4413125031,목천읍,4413125031100790002,1,대지,79,2,충청남도 천안시 동남구 목천읍 지산리 79-2,441314547072,충청남도 천안시 동남구 목천읍 교천지산길,331,39,4413125031100790002027819,,충청남도 천안시 동남구 목천읍 교천지산길 331-39,330841,31228,,,,127.191163773617,36.7967483366144
MA0106202201A0461256,픽미아이스안양,평촌점,G2,소매,G221,기타 상품 소매,G22199,그 외 기타 상품 전문 소매업,G47859,그 외 기타 분류 안된 상품 전문 소매업,41,경기도,41173,안양시 동안구,41173620,신촌동,4117310400,호계동,4117310400110560000,1,대지,1056,,경기도 안양시 동안구 호계동 1056,411733183004,경기도 안양시 동안구 귀인로,152,,4117310400110560000005138,무궁화마을금호2단지,경기도 안양시 동안구 귀인로 152,431739,14099,,,,126.956403605134,37.3837328846762
MA0106202201A0461255,쏘쿨아이스평촌무궁화경남점,,G2,소매,G221,기타 상품 소매,G22199,그 외 기타 상품 전문 소매업,G47859,그 외 기타 분류 안된 상품 전문 소매업,41,경기도,41173,안양시 동안구,41173620,신촌동,4117310400,호계동,4117310400110570000,1,대지,1057,,경기도 안양시 동안구 호계동 1057,411734349094,경기도 안양시 동안구 귀인로172번길,26,,4117310400110570000004914,무궁화마을경남3단지,경기도 안양시 동안구 귀인로172번길 26,431738,14099,,,,126.958831424924,37.3834544373672
MA0106202201A0636824,몬스터킹,동탄2호점,G2,소매,G221,기타 상품 소매,G22199,그 외 기타 상품 전문 소매업,G47859,그 외 기타 분류 안된 상품 전문 소매업,41,경기도,41590,화성시,41590620,동탄8동,4159013600,장지동,4159013600109710001,1,대지,971,1,경기도 화성시 장지동 971-1,415904852335,경기도 화성시 동탄대로4길,39,,4159013600101320001000001,,경기도 화성시 동탄대로4길 39,,18506,,,,127.110253341016,37.1618173422017
MA0106202201A0636828,몬스터킹,진천점,G2,소매,G221,기타 상품 소매,G22199,그 외 기타 상품 전문 소매업,G47859,그 외 기타 분류 안된 상품 전문 소매업,43,충청북도,43750,진천군,43750253,덕산읍,4375025325,덕산읍,4375025325131470000,1,대지,3147,,충청북도 진천군 덕산읍 두촌리 3147,437503000235,충청북도 진천군 덕산읍 대하로,144,,4375031025131470000000015,우미린스테이,충청북도 진천군 덕산읍 대하로 144,365841,27872,,,,127.535463626086,36.9032962914314
MA0106202201A0655185,영스카이,,G2,소매,G221,기타 상품 소매,G22199,그 외 기타 상품 전문 소매업,G47859,그 외 기타 분류 안된 상품 전문 소매업,11,서울특별시,11200,성동구,11200720,송정동,1120011800,송정동,1120011800100660263,1,대지,66,263,서울특별시 성동구 송정동 66-263,112003005024,서울특별시 성동구 광나루로,307,,1120011800100660263003196,,서울특별시 성동구 광나루로 307,133836,04801,,,,127.06406141167,37.5484103901609
MA0106202201A0026041,cgv소풍투썸플레이스,,G2,소매,G221,기타 상품 소매,G22199,그 외 기타 상품 전문 소매업,G47859,그 외 기타 분류 안된 상품 전문 소매업,41,경기도,41192,부천시 원미구,41192690,상2동,4119210900,상동,4119210900105390001,1,대지,539,1,경기도 부천시 원미구 상동 539-1,411922000015,경기도 부천시 원미구 송내대로,239,,4119510900105390001046375,,경기도 부천시 원미구 송내대로 239,420864,14545,,,,126.756708347621,37.5041452583626
MA0106202201A0605072,모노마트광주점,,G2,소매,G221,기타 상품 소매,G22199,그 외 기타 상품 전문 소매업,G47859,그 외 기타 분류 안된 상품 전문 소매업,29,광주광역시,29140,서구,29140800,서창동,2914013200,매월동,2914013200109460000,1,대지,946,,광주광역시 서구 매월동 946,291404280131,광주광역시 서구 매월2로15번길,16,,2914013200109460000027067,,광주광역시 서구 매월2로15번길 16,502151,62073,,,,126.859024618463,35.1172780731348
MA0106202201A0214573,국제리더스클럽,,G2,소매,G221,기타 상품 소매,G22199,그 외 기타 상품 전문 소매업,G47859,그 외 기타 분류 안된 상품 전문 소매업,50,제주특별자치도,50110,제주시,50110259,조천읍,5011025925,조천읍,5011025925103540001,1,대지,354,1,제주특별자치도 제주시 조천읍 신흥리 354-1,501103349112,제주특별자치도 제주시 조천읍 신북로,353,10,5011025925103540001000001,,제주특별자치도 제주시 조천읍 신북로 353-10,695969,63332,,,,126.648591791493,33.542124739756
MA0106202201A0237167,오아시스압구정,2호점,G2,소매,G221,기타 상품 소매,G22199,그 외 기타 상품 전문 소매업,G47859,그 외 기타 분류 안된 상품 전문 소매업,11,서울특별시,11680,강남구,11680545,압구정동,1168010700,신사동,1168010700106600008,1,대지,660,8,서울특별시 강남구 신사동 660-8,116803122007,서울특별시 강남구 압구정로,334,,1168010700106600008009700,,서울특별시 강남구 압구정로 334,135897,06018,,,,127.038068961397,37.5281671460229
MA0106202201A0637119,에스제이아이앤지,,G2,소매,G221,기타 상품 소매,G22199,그 외 기타 상품 전문 소매업,G47859,그 외 기타 분류 안된 상품 전문 소매업,11,서울특별시,11710,송파구,11710620,가락본동,1171010700,가락동,1171010700100570004,1,대지,57,4,서울특별시 송파구 가락동 57-4,117104169303,서울특별시 송파구 송이로19길,4,6,1171010700100570004006923,,서울특별시 송파구 송이로19길 4-6,138802,05716,,,,127.121973823419,37.4971608195859
MA0106202201A0667428,라이즈북스,,G2,소매,G221,기타 상품 소매,G22199,그 외 기타 상품 전문 소매업,G47859,그 외 기타 분류 안된 상품 전문 소매업,11,서울특별시,11680,강남구,11680650,역삼2동,1168010100,역삼동,1168010100107860015,1,대지,786,15,서울특별시 강남구 역삼동 786-15,116804166229,서울특별시 강남구 도곡로37길,5,,1168010100107860015025510,,서울특별시 강남구 도곡로37길 5,135515,06230,,,,127.044666910611,37.4941429107349
MA0106202201A0667432,라이즈북스청라,,G2,소매,G221,기타 상품 소매,G22199,그 외 기타 상품 전문 소매업,G47859,그 외 기타 분류 안된 상품 전문 소매업,11,서울특별시,11680,강남구,11680650,역삼2동,1168010100,역삼동,1168010100107860015,1,대지,786,15,서울특별시 강남구 역삼동 786-15,116804166229,서울특별시 강남구 도곡로37길,5,,1168010100107860015025510,,서울특별시 강남구 도곡로37길 5,135515,06230,,,,127.044666910611,37.4941429107349
MA0106202201A0667427,라이즈북스서초,,G2,소매,G221,기타 상품 소매,G22199,그 외 기타 상품 전문 소매업,G47859,그 외 기타 분류 안된 상품 전문 소매업,11,서울특별시,11680,강남구,11680650,역삼2동,1168010100,역삼동,1168010100107860015,1,대지,786,15,서울특별시 강남구 역삼동 786-15,116804166229,서울특별시 강남구 도곡로37길,5,,1168010100107860015025510,,서울특별시 강남구 도곡로37길 5,135515,06230,,,,127.044666910611,37.4941429107349
MA0106202201A0667429,라이즈북스성동,,G2,소매,G221,기타 상품 소매,G22199,그 외 기타 상품 전문 소매업,G47859,그 외 기타 분류 안된 상품 전문 소매업,11,서울특별시,11680,강남구,11680650,역삼2동,1168010100,역삼동,1168010100107860015,1,대지,786,15,서울특별시 강남구 역삼동 786-15,116804166229,서울특별시 강남구 도곡로37길,5,,1168010100107860015025510,,서울특별시 강남구 도곡로37길 5,135515,06230,,,,127.044666910611,37.4941429107349
MA0106202201A0667433,라이즈북스구리,,G2,소매,G221,기타 상품 소매,G22199,그 외 기타 상품 전문 소매업,G47859,그 외 기타 분류 안된 상품 전문 소매업,11,서울특별시,11680,강남구,11680650,역삼2동,1168010100,역삼동,1168010100107860015,1,대지,786,15,서울특별시 강남구 역삼동 786-15,116804166229,서울특별시 강남구 도곡로37길,5,,1168010100107860015025510,,서울특별시 강남구 도곡로37길 5,135515,06230,,,,127.044666910611,37.4941429107349
MA0106202201A0667426,라이즈북스중산2,,G2,소매,G221,기타 상품 소매,G22199,그 외 기타 상품 전문 소매업,G47859,그 외 기타 분류 안된 상품 전문 소매업,11,서울특별시,11680,강남구,11680650,역삼2동,1168010100,역삼동,1168010100107860015,1,대지,786,15,서울특별시 강남구 역삼동 786-15,116804166229,서울특별시 강남구 도곡로37길,5,,1168010100107860015025510,,서울특별시 강남구 도곡로37길 5,135515,06230,,,,127.044666910611,37.4941429107349
MA0106202201A0222196,궁평펜션매점,,G2,소매,G221,기타 상품 소매,G22199,그 외 기타 상품 전문 소매업,G47859,그 외 기타 분류 안된 상품 전문 소매업,41,경기도,41590,화성시,41590350,서신면,4159035031,서신면,4159035031106610012,1,대지,661,12,경기도 화성시 서신면 궁평리 661-12,415904430131,경기도 화성시 서신면 궁평고잔길,102,,4159035031106610012000001,,경기도 화성시 서신면 궁평고잔길 102,445882,18556,,,,126.685392712427,37.1218766104594
MA0106202201A0036578,이네스트,,G2,소매,G221,기타 상품 소매,G22199,그 외 기타 상품 전문 소매업,G47859,그 외 기타 분류 안된 상품 전문 소매업,11,서울특별시,11545,금천구,11545510,가산동,1154510100,가산동,1154510100103710012,1,대지,371,12,서울특별시 금천구 가산동 371-12,115453117001,서울특별시 금천구 가산디지털1로,159,,1154510100103710012015796,,서울특별시 금천구 가산디지털1로 159,153803,08506,,,,126.881491878611,37.4794955918277
MA0106202201A0027033,카페티모르,,G2,소매,G221,기타 상품 소매,G22199,그 외 기타 상품 전문 소매업,G47859,그 외 기타 분류 안된 상품 전문 소매업,11,서울특별시,11560,영등포구,11560605,문래동,1156012000,문래동2가,1156012000100600009,1,대지,60,9,서울특별시 영등포구 문래동2가 60-9,115604154233,서울특별시 영등포구 도림로139길,4,,1156012000100600009023889,,서울특별시 영등포구 도림로139길 4,150092,07290,,,,126.89341510049,37.5144659888173
MA0106202201A0056629,다우진유전자연구소,,G2,소매,G221,기타 상품 소매,G22199,그 외 기타 상품 전문 소매업,G47859,그 외 기타 분류 안된 상품 전문 소매업,11,서울특별시,11545,금천구,11545510,가산동,1154510100,가산동,1154510100104810002,1,대지,481,2,서울특별시 금천구 가산동 481-2,115453117001,서울특별시 금천구 가산디지털1로,233,,1154510100104810002015573,,서울특별시 금천구 가산디지털1로 233,153803,08501,,,,126.87828212258,37.4857813664521
MA0106202201A0043288,아이스샵,,G2,소매,G221,기타 상품 소매,G22199,그 외 기타 상품 전문 소매업,G47859,그 외 기타 분류 안된 상품 전문 소매업,41,경기도,41360,남양주시,41360565,다산2동,4136011200,다산동,4136011200106800000,1,대지,680,,경기도 남양주시 다산동 680,413604391022,경기도 남양주시 가운로2길,75,,4136010700106820000000007,,경기도 남양주시 가운로2길 75,,12267,,,,127.157889655748,37.599075197405
MA0106202201A0236402,진이찬방광주탄벌점,,G2,소매,G221,기타 상품 소매,G22199,그 외 기타 상품 전문 소매업,G47859,그 외 기타 분류 안된 상품 전문 소매업,41,경기도,41610,광주시,41610550,탄벌동,4161010500,탄벌동,4161010500100160002,1,대지,16,2,경기도 광주시 탄벌동 16-2,416103211043,경기도 광주시 파발로,203,,4161010500100160002000001,,경기도 광주시 파발로 203,464100,12750,,,,127.249402472139,37.4167615818685
MA0106202201A0237173,오아시스위례,1호점,G2,소매,G221,기타 상품 소매,G22199,그 외 기타 상품 전문 소매업,G47859,그 외 기타 분류 안된 상품 전문 소매업,41,경기도,41131,성남시 수정구,41131625,위례동,4113110800,창곡동,4113110800105130000,1,대지,513,,경기도 성남시 수정구 창곡동 513,411313202060,경기도 성남시 수정구 위례동로,153,,4113110800105130000000001,,경기도 성남시 수정구 위례동로 153,461210,13642,,,,127.150005784255,37.4736032438487
MA0106202201A0237163,오아시스,별내점,G2,소매,G221,기타 상품 소매,G22199,그 외 기타 상품 전문 소매업,G47859,그 외 기타 분류 안된 상품 전문 소매업,41,경기도,41360,남양주시,41360570,별내동,4136011100,별내동,4136011100110970006,1,대지,1097,6,경기도 남양주시 별내동 1097-6,413604841511,경기도 남양주시 별내5로5번길,3,,4136011100104480001000001,,경기도 남양주시 별내5로5번길 3,472501,12102,,,,127.113338982381,37.6497708459849
MA0106202201A0237166,오아시스,수원매탄점,G2,소매,G221,기타 상품 소매,G22199,그 외 기타 상품 전문 소매업,G47859,그 외 기타 분류 안된 상품 전문 소매업,41,경기도,41117,수원시 영통구,41117530,매탄3동,4111710100,매탄동,4111710100111560004,1,대지,1156,4,경기도 수원시 영통구 매탄동 1156-4,411173176021,경기도 수원시 영통구 효원로,364,,4111710100111560004050042,,경기도 수원시 영통구 효원로 364,443804,16546,,,,127.041112088595,37.2591298732104
MA0106202201A0237185,오아시스수지,동천점,G2,소매,G221,기타 상품 소매,G22199,그 외 기타 상품 전문 소매업,G47859,그 외 기타 분류 안된 상품 전문 소매업,41,경기도,41465,용인시 수지구,41465560,동천동,4146510300,동천동,4146510300109480000,1,대지,948,,경기도 용인시 수지구 동천동 948,414653205011,경기도 용인시 수지구 손곡로,95,,4146510300109480000000001,,경기도 용인시 수지구 손곡로 95,448120,16822,,,,127.09180925147,37.3359688604697
MA0106202201A0237206,오아시스위례,본점,G2,소매,G221,기타 상품 소매,G22199,그 외 기타 상품 전문 소매업,G47859,그 외 기타 분류 안된 상품 전문 소매업,41,경기도,41131,성남시 수정구,41131625,위례동,4113110800,창곡동,4113110800105570007,1,대지,557,7,경기도 성남시 수정구 창곡동 557-7,411313000237,경기도 성남시 수정구 위례서로,12,,4113110800105570007000001,,경기도 성남시 수정구 위례서로 12,461210,13647,,,,127.136505527363,37.466222318652
MA0106202201A0284904,사랑과선행,,G2,소매,G221,기타 상품 소매,G22199,그 외 기타 상품 전문 소매업,G47859,그 외 기타 분류 안된 상품 전문 소매업,41,경기도,41135,성남시 분당구,41135640,야탑3동,4113510700,야탑동,4113510700102210000,1,대지,221,,경기도 성남시 분당구 야탑동 221,411354340299,경기도 성남시 분당구 야탑로205번길,26,,4113510700102210000000001,,경기도 성남시 분당구 야탑로205번길 26,463836,13503,,,,127.142944791368,37.4106851629459
MA0106202201A0284905,맛상쿡123,,G2,소매,G221,기타 상품 소매,G22199,그 외 기타 상품 전문 소매업,G47859,그 외 기타 분류 안된 상품 전문 소매업,41,경기도,41133,성남시 중원구,41133670,도촌동,4113310700,도촌동,4113310700105180000,1,대지,518,,경기도 성남시 중원구 도촌동 518,411334337115,경기도 성남시 중원구 도촌로7번길,3,14,4113310700105180000000001,,경기도 성남시 중원구 도촌로7번길 3-14,462080,13427,,,,127.148996299015,37.4149304996222
MA0106202201A0665983,아로마무역서울,화곡역점,G2,소매,G221,기타 상품 소매,G22199,그 외 기타 상품 전문 소매업,G47859,그 외 기타 분류 안된 상품 전문 소매업,11,서울특별시,11500,강서구,11500540,화곡1동,1150010300,화곡동,1150010300110730010,1,대지,1073,10,서울특별시 강서구 화곡동 1073-10,115003005069,서울특별시 강서구 화곡로,142,,1150010300110730010012777,,서울특별시 강서구 화곡로 142,157925,07715,,,,126.837583305676,37.5405674810485
MA0106202201A0665984,아로마무역,강남역점,G2,소매,G221,기타 상품 소매,G22199,그 외 기타 상품 전문 소매업,G47859,그 외 기타 분류 안된 상품 전문 소매업,11,서울특별시,11650,서초구,11650531,서초4동,1165010800,서초동,1165010800113170003,1,대지,1317,3,서울특별시 서초구 서초동 1317-3,116504163028,서울특별시 서초구 강남대로61길,7,,1165010800113170003019866,,서울특별시 서초구 강남대로61길 7,137856,06615,,,,127.025942424014,37.4990319622503
MA0106202201A0665978,아로마무역점,역삼역,G2,소매,G221,기타 상품 소매,G22199,그 외 기타 상품 전문 소매업,G47859,그 외 기타 분류 안된 상품 전문 소매업,11,서울특별시,11680,강남구,11680640,역삼1동,1168010100,역삼동,1168010100106460020,1,대지,646,20,서울특별시 강남구 역삼동 646-20,116803122010,서울특별시 강남구 테헤란로,141,,1168010100106460020000001,,서울특별시 강남구 테헤란로 141,135911,06132,,,,127.03466221127,37.500525395706
MA0103202406C0033972,충북비료상사,,G2,소매,G221,기타 상품 소매,G22199,그 외 기타 상품 전문 소매업,G47859,그 외 기타 분류 안된 상품 전문 소매업,43,충청북도,43114,청주시 청원구,43114310,북이면,4311431043,북이면,4311431043103460001,1,대지,346,1,충청북도 청주시 청원구 북이면 내둔리 346-1,431144520357,충청북도 청주시 청원구 북이면 석성길,1,5,4371043043003460001048397,,충청북도 청주시 청원구 북이면 석성길 1-5,363923,28137,,,,127.514799632877,36.7498945202033
MA0106202201A0237187,오아시스,방학점,G2,소매,G221,기타 상품 소매,G22199,그 외 기타 상품 전문 소매업,G47859,그 외 기타 분류 안된 상품 전문 소매업,11,서울특별시,11320,도봉구,11320690,방학1동,1132010600,방학동,1132010600107070000,1,대지,707,,서울특별시 도봉구 방학동 707,113204127143,서울특별시 도봉구 도봉로150길,8,,1132010600107070000000001,,서울특별시 도봉구 도봉로150길 8,132854,01334,,,,127.043636143283,37.6657555901947
MA0106202201A0237201,오아시스대치,3호점,G2,소매,G221,기타 상품 소매,G22199,그 외 기타 상품 전문 소매업,G47859,그 외 기타 분류 안된 상품 전문 소매업,11,서울특별시,11680,강남구,11680600,대치1동,1168010600,대치동,1168010600105070002,1,대지,507,2,서울특별시 강남구 대치동 507-2,116803122005,서울특별시 강남구 삼성로,155,,1168010600105070002000001,,서울특별시 강남구 삼성로 155,135836,06291,,,,127.062917974632,37.49393637894
MA0106202201A0237190,오아시스상일점,,G2,소매,G221,기타 상품 소매,G22199,그 외 기타 상품 전문 소매업,G47859,그 외 기타 분류 안된 상품 전문 소매업,11,서울특별시,11740,강동구,11740560,고덕2동,1174010200,고덕동,1174010200106930000,1,대지,693,,서울특별시 강동구 고덕동 693,117403124001,서울특별시 강동구 고덕로,353,,1174010200102170000018010,고덕그라시움아파트,서울특별시 강동구 고덕로 353,134082,05224,,,,127.16441011061,37.5569178309018
MA0106202201A0237172,오아시스한티역점,,G2,소매,G221,기타 상품 소매,G22199,그 외 기타 상품 전문 소매업,G47859,그 외 기타 분류 안된 상품 전문 소매업,11,서울특별시,11680,강남구,11680650,역삼2동,1168010100,역삼동,1168010100107650028,1,대지,765,28,서울특별시 강남구 역삼동 765-28,116803122006,서울특별시 강남구 선릉로,305,,1168010100107650028000001,,서울특별시 강남구 선릉로 305,135927,06218,,,,127.05241469854,37.4966535361179
MA0106202201A0237186,오아시스강남,구청점,G2,소매,G221,기타 상품 소매,G22199,그 외 기타 상품 전문 소매업,G47859,그 외 기타 분류 안된 상품 전문 소매업,11,서울특별시,11680,강남구,11680565,청담동,1168010400,청담동,1168010400100470005,1,대지,47,5,서울특별시 강남구 청담동 47-5,116803122011,서울특별시 강남구 학동로,443,,1168010400100470005018908,,서울특별시 강남구 학동로 443,135951,06068,,,,127.049376090102,37.518936695058
MA0106202201A0237177,오아시스,압구정점,G2,소매,G221,기타 상품 소매,G22199,그 외 기타 상품 전문 소매업,G47859,그 외 기타 분류 안된 상품 전문 소매업,11,서울특별시,11680,강남구,11680545,압구정동,1168010700,신사동,1168010700106170002,1,대지,617,2,서울특별시 강남구 신사동 617-2,116803122007,서울특별시 강남구 압구정로,228,,1168010700106170002009665,,서울특별시 강남구 압구정로 228,135894,06023,,,,127.03281986437,37.5287003123905
MA0106202201A0237191,오아시스,반포점,G2,소매,G221,기타 상품 소매,G22199,그 외 기타 상품 전문 소매업,G47859,그 외 기타 분류 안된 상품 전문 소매업,11,서울특별시,11650,서초구,11650560,반포1동,1165010700,반포동,1165010700100320002,1,대지,32,2,서울특별시 서초구 반포동 32-2,116503121024,서울특별시 서초구 서초중앙로,230,,1165010700100320002027544,,서울특별시 서초구 서초중앙로 230,137041,06599,,,,127.012021771697,37.5021516799258
MA0106202201A0269494,카페쉐어링법무연,수원점,G2,소매,G221,기타 상품 소매,G22199,그 외 기타 상품 전문 소매업,G47859,그 외 기타 분류 안된 상품 전문 소매업,43,충청북도,43750,진천군,43750253,덕산읍,4375025325,덕산읍,4375025325128380000,1,대지,2838,,충청북도 진천군 덕산읍 두촌리 2838,437503000233,충청북도 진천군 덕산읍 교연로,780,,4375031025200200000000001,,충청북도 진천군 덕산읍 교연로 780,365841,27873,,,,127.54824941181,36.8994353973873
MA0106202201A0055946,롯데칠성음료,영등포지점,G2,소매,G221,기타 상품 소매,G22199,그 외 기타 상품 전문 소매업,G47859,그 외 기타 분류 안된 상품 전문 소매업,11,서울특별시,11560,영등포구,11560620,양평2동,1156012900,양평동5가,1156012900101090000,1,대지,109,,서울특별시 영등포구 양평동5가 109,115604154625,서울특별시 영등포구 양평로24길,33,,1156012900101110000020557,,서울특별시 영등포구 양평로24길 33,150105,07203,,,,126.893988433532,37.5409469384822
MA0106202201A0026229,CGV씨네샵,,G2,소매,G221,기타 상품 소매,G22199,그 외 기타 상품 전문 소매업,G47859,그 외 기타 분류 안된 상품 전문 소매업,11,서울특별시,11170,용산구,11170625,한강로동,1117012800,한강로3가,1117012800100400999,1,대지,40,999,서울특별시 용산구 한강로3가 40-999,111704106418,서울특별시 용산구 한강대로23길,55,,1117012800100400999012887,,서울특별시 용산구 한강대로23길 55,140780,04377,,,,126.964735959893,37.5297717997901
MA0106202201A0665619,네이버,,G2,소매,G221,기타 상품 소매,G22199,그 외 기타 상품 전문 소매업,G47859,그 외 기타 분류 안된 상품 전문 소매업,41,경기도,41135,성남시 분당구,41135550,정자1동,4113510300,정자동,4113510300101780001,1,대지,178,1,경기도 성남시 분당구 정자동 178-1,411353180030,경기도 성남시 분당구 불정로,6,,4113510300101780001000001,,경기도 성남시 분당구 불정로 6,463867,13561,,,,127.105214027692,37.3595196072498
MA0105202301E0428970,재남,,G2,소매,G221,기타 상품 소매,G22199,그 외 기타 상품 전문 소매업,G47859,그 외 기타 분류 안된 상품 전문 소매업,26,부산광역시,26170,동구,26170600,수정5동,2617010200,수정동,2617010200104270039,1,대지,427,39,부산광역시 동구 수정동 427-39,261703125011,부산광역시 동구 망양로,830,,,,부산광역시 동구 망양로 830,601815,48769,,1,,129.045697458568,35.1355395265045
MA0101202411A0187459,엘에프,,G2,소매,G221,기타 상품 소매,G22199,그 외 기타 상품 전문 소매업,G47859,그 외 기타 분류 안된 상품 전문 소매업,43,충청북도,43750,진천군,43750250,진천읍,4375025026,진천읍,4375025026101900008,1,대지,190,8,충청북도 진천군 진천읍 벽암리 190-8,437504535407,충청북도 진천군 진천읍 포석길,14,4,4375025026101900008000001,,충청북도 진천군 진천읍 포석길 14-4,365806,27832,,,,127.43768367454,36.8587682381478
MA0105202406E0467628,고려불교만물사,,G2,소매,G221,기타 상품 소매,G22199,그 외 기타 상품 전문 소매업,G47859,그 외 기타 분류 안된 상품 전문 소매업,52,전북특별자치도,52130,군산시,52130640,흥남동,5213012700,대명동,5213012700101680001,1,대지,168,1,전북특별자치도 군산시 대명동 168-1,521304604202,전북특별자치도 군산시 대명1길,16,,,,전북특별자치도 군산시 대명1길 16,573210,54029,,,,126.719440211707,35.9822632597573
MA0106202201A0329538,엠에스리테일,,G2,소매,G221,기타 상품 소매,G22199,그 외 기타 상품 전문 소매업,G47859,그 외 기타 분류 안된 상품 전문 소매업,41,경기도,41360,남양주시,41360530,금곡동,4136010300,금곡동,4136010300101850010,1,대지,185,10,경기도 남양주시 금곡동 185-10,413603000120,경기도 남양주시 경춘로,1037,,4136010300101850005006130,,경기도 남양주시 경춘로 1037,472701,12232,,,,127.217993405546,37.6366227018084
MA0106202201A0329537,엠에스리테일,,G2,소매,G221,기타 상품 소매,G22199,그 외 기타 상품 전문 소매업,G47859,그 외 기타 분류 안된 상품 전문 소매업,41,경기도,41115,수원시 팔달구,41115660,매산동,4111513600,매산로3가,4111513600100010001,1,대지,1,1,경기도 수원시 팔달구 매산로3가 1-1,411153176021,경기도 수원시 팔달구 효원로,1,,4111513600100010001005165,,경기도 수원시 팔달구 효원로 1,442779,16444,,,,127.009617718606,37.2746705795899
MA0106202201A0269485,애니원에프앤씨,,G2,소매,G221,기타 상품 소매,G22199,그 외 기타 상품 전문 소매업,G47859,그 외 기타 분류 안된 상품 전문 소매업,11,서울특별시,11410,서대문구,11410585,신촌동,1141011400,신촌동,1141011400101340000,1,대지,134,,서울특별시 서대문구 신촌동 134,114103112008,서울특별시 서대문구 연세로,50,,1141011300100700000023144,,서울특별시 서대문구 연세로 50,120749,03722,,,,126.943903305424,37.5660920087837
MA0106202201A0269549,금촌농협협동조합,,G2,소매,G221,기타 상품 소매,G22199,그 외 기타 상품 전문 소매업,G47859,그 외 기타 분류 안된 상품 전문 소매업,41,경기도,41480,파주시,41480510,금촌1동,4148010100,금촌동,4148010100103290148,1,대지,329,148,경기도 파주시 금촌동 329-148,414804418083,경기도 파주시 금정28길,19,,4148010100103290148033378,,경기도 파주시 금정28길 19,413801,10929,,,,126.772871962678,37.7639580987709
MA0106202201A0135744,프로24,,G2,소매,G221,기타 상품 소매,G22199,그 외 기타 상품 전문 소매업,G47859,그 외 기타 분류 안된 상품 전문 소매업,41,경기도,41360,남양주시,41360570,별내동,4136011100,별내동,4136011100110070000,1,대지,1007,,경기도 남양주시 별내동 1007,413603197091,경기도 남양주시 별내중앙로,36,19,4136011100110070000000001,,경기도 남양주시 별내중앙로 36-19,472501,12113,,,,127.125991137642,37.6466496211734
MA0106202201A0118368,이호점,,G2,소매,G221,기타 상품 소매,G22199,그 외 기타 상품 전문 소매업,G47859,그 외 기타 분류 안된 상품 전문 소매업,11,서울특별시,11530,구로구,11530730,고척2동,1153010600,고척동,1153010600102640014,1,대지,264,14,서울특별시 구로구 고척동 264-14,115304148167,서울특별시 구로구 고척로40길,3,1,1153010600102640014012493,,서울특별시 구로구 고척로40길 3-1,152835,08234,,,,126.851088847392,37.5030675609842
MA0106202201A0362002,가톨릭학원가톨릭대학교성빈센트병원,,G2,소매,G221,기타 상품 소매,G22199,그 외 기타 상품 전문 소매업,G47859,그 외 기타 분류 안된 상품 전문 소매업,41,경기도,41115,수원시 팔달구,41115700,지동,4111513900,지동,4111513900100930006,1,대지,93,6,경기도 수원시 팔달구 지동 93-6,411152012012,경기도 수원시 팔달구 중부대로,93,,4111513900100930003015408,,경기도 수원시 팔달구 중부대로 93,442836,16247,,,,127.027456215024,37.2779205417221
MA0106202201A0362677,아이지,코리아,G2,소매,G221,기타 상품 소매,G22199,그 외 기타 상품 전문 소매업,G47859,그 외 기타 분류 안된 상품 전문 소매업,41,경기도,41113,수원시 권선구,41113700,입북동,4111314100,당수동,4111314100101590006,1,대지,159,6,경기도 수원시 권선구 당수동 159-6,411134325165,경기도 수원시 권선구 당진로22번길,7,,4111314100101590006065709,,경기도 수원시 권선구 당진로22번길 7,441470,16375,,,,126.940984064253,37.2912984531059
MA0106202201A0347829,꿈의교회,,G2,소매,G221,기타 상품 소매,G22199,그 외 기타 상품 전문 소매업,G47859,그 외 기타 분류 안된 상품 전문 소매업,41,경기도,41271,안산시 상록구,41271537,해양동,4127110300,사동,4127110300115540001,1,대지,1554,1,경기도 안산시 상록구 사동 1554-1,412713190058,경기도 안산시 상록구 용신로,131,,4127110300115540001031059,,경기도 안산시 상록구 용신로 131,426895,15506,,,,126.837146686274,37.3036714729042
MA0106202201A0270015,아워홈법원공무원교육원점,,G2,소매,G221,기타 상품 소매,G22199,그 외 기타 상품 전문 소매업,G47859,그 외 기타 분류 안된 상품 전문 소매업,41,경기도,41285,고양시 일산동구,41285590,장항2동,4128510400,장항동,4128510400109040000,1,대지,904,,경기도 고양시 일산동구 장항동 904,412853192096,경기도 고양시 일산동구 호수로,523,,4128510400109040000005155,,경기도 고양시 일산동구 호수로 523,410700,10430,,,,126.771183033838,37.6489366568367
MA0106202201A0248066,신도마트,,G2,소매,G221,기타 상품 소매,G22199,그 외 기타 상품 전문 소매업,G47859,그 외 기타 분류 안된 상품 전문 소매업,41,경기도,41150,의정부시,41150580,자금동,4115010900,금오동,4115010900103430003,1,대지,343,3,경기도 의정부시 금오동 343-3,411503000136,경기도 의정부시 호국로,1407,,4115010900103430003007517,,경기도 의정부시 호국로 1407,480823,11759,,,,127.058242584672,37.7486569368099
MA0106202201A0328823,남양주경찰서상조회,,G2,소매,G221,기타 상품 소매,G22199,그 외 기타 상품 전문 소매업,G47859,그 외 기타 분류 안된 상품 전문 소매업,41,경기도,41360,남양주시,41360565,다산2동,4136011200,다산동,4136011200130200015,1,대지,3020,15,경기도 남양주시 다산동 3020-15,413603000120,경기도 남양주시 경춘로,532,,4136010900100170000011493,,경기도 남양주시 경춘로 532,,12284,,,,127.172073740939,37.611741294621
MA0106202201A0095077,쿡1015김해장유팔판점,,G2,소매,G221,기타 상품 소매,G22199,그 외 기타 상품 전문 소매업,G47859,그 외 기타 분류 안된 상품 전문 소매업,48,경상남도,48250,김해시,48250630,장유3동,4825013000,관동동,4825013000104480004,1,대지,448,4,경상남도 김해시 관동동 448-4,482503335006,경상남도 김해시 계동로,23,,4825031028104480004094826,,경상남도 김해시 계동로 23,621300,50998,,,,128.795696054758,35.1785526746038
MA0106202201A0123393,고디바아모레,타워점,G2,소매,G221,기타 상품 소매,G22199,그 외 기타 상품 전문 소매업,G47859,그 외 기타 분류 안된 상품 전문 소매업,11,서울특별시,11170,용산구,11170625,한강로동,1117012500,한강로2가,1117012500104240000,1,대지,424,,서울특별시 용산구 한강로2가 424,111702005005,서울특별시 용산구 한강대로,100,,1117012500101810000013557,,서울특별시 용산구 한강대로 100,140012,04386,,,,126.968673452479,37.5287908181047
MA0106202201A0135759,벨로타벨로타,,G2,소매,G221,기타 상품 소매,G22199,그 외 기타 상품 전문 소매업,G47859,그 외 기타 분류 안된 상품 전문 소매업,11,서울특별시,11215,광진구,11215840,자양3동,1121510500,자양동,1121510500105800005,1,대지,580,5,서울특별시 광진구 자양동 580-5,112153104011,서울특별시 광진구 자양번영로,45,,1121510500105800005024918,,서울특별시 광진구 자양번영로 45,143863,05068,,,,127.075634428113,37.5337172502096
MA0106202201A0026208,CGV영등포매점키오스크,,G2,소매,G221,기타 상품 소매,G22199,그 외 기타 상품 전문 소매업,G47859,그 외 기타 분류 안된 상품 전문 소매업,11,서울특별시,11560,영등포구,11560535,영등포동,1156010500,영등포동4가,1156010500104420000,1,대지,442,,서울특별시 영등포구 영등포동4가 442,115603118024,서울특별시 영등포구 영중로,15,,1156010500104420000000001,,서울특별시 영등포구 영중로 15,150030,07305,,,,126.903930926442,37.5172230701383
MA0106202201A0453017,성수지앵협동조합,,G2,소매,G221,기타 상품 소매,G22199,그 외 기타 상품 전문 소매업,G47859,그 외 기타 분류 안된 상품 전문 소매업,11,서울특별시,11200,성동구,11200560,행당1동,1120010700,행당동,1120010700102450000,1,대지,245,,서울특별시 성동구 행당동 245,112003005011,서울특별시 성동구 왕십리로,287,,1120010700102450000017875,,서울특별시 성동구 왕십리로 287,133867,04744,,,,127.036183619049,37.5597838060082
MA0106202201A0453018,성수지앵협동조합,,G2,소매,G221,기타 상품 소매,G22199,그 외 기타 상품 전문 소매업,G47859,그 외 기타 분류 안된 상품 전문 소매업,11,서울특별시,11200,성동구,11200670,성수2가1동,1120011500,성수동2가,1120011500103330134,1,대지,333,134,서울특별시 성동구 성수동2가 333-134,112003103010,서울특별시 성동구 뚝섬로,385,19,1120011500103330134000001,,서울특별시 성동구 뚝섬로 385-19,133827,04781,,,,127.054017479797,37.5395405690114
MA0106202201A0237189,오아시스길음점,,G2,소매,G221,기타 상품 소매,G22199,그 외 기타 상품 전문 소매업,G47859,그 외 기타 분류 안된 상품 전문 소매업,11,서울특별시,11290,성북구,11290660,길음1동,1129013400,길음동,1129013400112860010,1,대지,1286,10,서울특별시 성북구 길음동 1286-10,112904121009,서울특별시 성북구 길음로7길,6,,1129013400105440002000001,,서울특별시 성북구 길음로7길 6,136111,02721,,,,127.022434307972,37.6043413504016
MA0106202201A0237169,오아시스,평내점,G2,소매,G221,기타 상품 소매,G22199,그 외 기타 상품 전문 소매업,G47859,그 외 기타 분류 안된 상품 전문 소매업,41,경기도,41360,남양주시,41360520,평내동,4136010200,평내동,4136010200105780003,1,대지,578,3,경기도 남양주시 평내동 578-3,413604391764,경기도 남양주시 평내로29번길,41,,4136010200105780003005056,,경기도 남양주시 평내로29번길 41,472938,12223,,,,127.234981544379,37.6454197203059
MA0106202201A0237178,오아시스암사역점,,G2,소매,G221,기타 상품 소매,G22199,그 외 기타 상품 전문 소매업,G47859,그 외 기타 분류 안된 상품 전문 소매업,11,서울특별시,11740,강동구,11740570,암사1동,1174010700,암사동,1174010700105010001,1,대지,501,1,서울특별시 강동구 암사동 501-1,117403123023,서울특별시 강동구 올림픽로,782,,1174010700105010023016253,,서울특별시 강동구 올림픽로 782,134859,05264,,,,127.128127016206,37.5508720374991
MA0106202201A0237203,오아시스우리생협,문정점,G2,소매,G221,기타 상품 소매,G22199,그 외 기타 상품 전문 소매업,G47859,그 외 기타 분류 안된 상품 전문 소매업,11,서울특별시,11710,송파구,11710641,문정1동,1171010800,문정동,1171010800100420004,1,대지,42,4,서울특별시 송파구 문정동 42-4,117103000034,서울특별시 송파구 동남로,106,,1171010800100420004004809,,서울특별시 송파구 동남로 106,138825,05805,,,,127.123126174786,37.4895911687834
MA0106202201A0244874,서정대학매점서점,,G2,소매,G221,기타 상품 소매,G22199,그 외 기타 상품 전문 소매업,G47859,그 외 기타 분류 안된 상품 전문 소매업,41,경기도,41630,양주시,41630310,은현면,4163031021,은현면,4163031021108160001,1,대지,816,1,경기도 양주시 은현면 용암리 816-1,416304436420,경기도 양주시 은현면 화합로1094번길,120,,4163031021108160001058901,,경기도 양주시 은현면 화합로1094번길 120,482863,11429,,,,127.033982758086,37.8465017308544
MA0103202409C0030469,인더스트리,,G2,소매,G221,기타 상품 소매,G22199,그 외 기타 상품 전문 소매업,G47859,그 외 기타 분류 안된 상품 전문 소매업,41,경기도,41360,남양주시,41360253,진접읍,4136025328,진접읍,4136025328111020001,1,대지,1102,1,경기도 남양주시 진접읍 금곡리 1102-1,413603197067,경기도 남양주시 진접읍 해밀예당3로,7,,4136025328111020001000001,,경기도 남양주시 진접읍 해밀예당3로 7,472861,12069,,,,127.198419896938,37.7105194342572
MA0106202201A0300386,직화쭈꾸미쭈천부천신,중동점,G2,소매,G221,기타 상품 소매,G22199,그 외 기타 상품 전문 소매업,G47859,그 외 기타 분류 안된 상품 전문 소매업,41,경기도,41192,부천시 원미구,41192630,중1동,4119210800,중동,4119210800111810000,1,대지,1181,,경기도 부천시 원미구 중동 1181,411923184016,경기도 부천시 원미구 조마루로,233,,4119510800111810000042783,미리내마을아파트,경기도 부천시 원미구 조마루로 233,420710,14579,,,,126.769957896935,37.4984864682475
MA0106202201A0313161,엄마카롱,,G2,소매,G221,기타 상품 소매,G22199,그 외 기타 상품 전문 소매업,G47859,그 외 기타 분류 안된 상품 전문 소매업,28,인천광역시,28185,연수구,28185762,연수2동,2818510300,연수동,2818510300105990005,1,대지,599,5,인천광역시 연수구 연수동 599-5,281852008006,인천광역시 연수구 청능대로,109,,2818510300105990005157771,,인천광역시 연수구 청능대로 109,406818,21927,,,,126.676724054528,37.4129785974274
MA0106202201A0039545,삼화컴퓨터,,G2,소매,G221,기타 상품 소매,G22199,그 외 기타 상품 전문 소매업,G47859,그 외 기타 분류 안된 상품 전문 소매업,41,경기도,41480,파주시,41480510,금촌1동,4148010100,금촌동,4148010100103240016,1,대지,324,16,경기도 파주시 금촌동 324-16,414803206108,경기도 파주시 금정로,98,,4148010100103240016029561,,경기도 파주시 금정로 98,413011,10929,,,,126.772408671381,37.763299501275
MA0106202201A0488244,대전신세계스마트오더,,G2,소매,G221,기타 상품 소매,G22199,그 외 기타 상품 전문 소매업,G47859,그 외 기타 분류 안된 상품 전문 소매업,30,대전광역시,30200,유성구,30200550,신성동,3020012700,도룡동,3020012700100030001,1,대지,3,1,대전광역시 유성구 도룡동 3-1,302003167043,대전광역시 유성구 엑스포로,1,,3020012700100030001016133,,대전광역시 유성구 엑스포로 1,305733,34126,,,,127.382058414125,36.3751047737371
MA0106202201A0362676,Houseware,,G2,소매,G221,기타 상품 소매,G22199,그 외 기타 상품 전문 소매업,G47859,그 외 기타 분류 안된 상품 전문 소매업,28,인천광역시,28185,연수구,28185840,송도3동,2818510600,송도동,2818510600101760005,1,대지,176,5,인천광역시 연수구 송도동 176-5,281854256367,인천광역시 연수구 송도과학로16번길,33,4,2818510600101760005000001,,인천광역시 연수구 송도과학로16번길 33-4,406083,21984,,,,126.662837134933,37.3786560782169
MA0106202201A0362675,하우스웨어,판교점,G2,소매,G221,기타 상품 소매,G22199,그 외 기타 상품 전문 소매업,G47859,그 외 기타 분류 안된 상품 전문 소매업,41,경기도,41131,성남시 수정구,41131650,시흥동,4113111500,시흥동,4113111500102960003,1,대지,296,3,경기도 성남시 수정구 시흥동 296-3,411313351887,경기도 성남시 수정구 창업로,18,,4113111500102960003000001,,경기도 성남시 수정구 창업로 18,461370,13449,,,,127.098331063433,37.4134067120789
MA0106202201A0655313,반품닷컴,,G2,소매,G221,기타 상품 소매,G22199,그 외 기타 상품 전문 소매업,G47859,그 외 기타 분류 안된 상품 전문 소매업,41,경기도,41463,용인시 기흥구,41463540,기흥동,4146310700,공세동,4146310700100290000,1,대지,29,,경기도 용인시 기흥구 공세동 29,414633176002,경기도 용인시 기흥구 고매로,124,,4146310700100290000019436,,경기도 용인시 기흥구 고매로 124,446902,17087,,,,127.122182559066,37.228816887841
MA0106202201A0665985,아로마무역,,G2,소매,G221,기타 상품 소매,G22199,그 외 기타 상품 전문 소매업,G47859,그 외 기타 분류 안된 상품 전문 소매업,11,서울특별시,11350,노원구,11350695,상계6.7동,1135010500,상계동,1135010500107240001,1,대지,724,1,서울특별시 노원구 상계동 724-1,113503005047,서울특별시 노원구 노해로,490,,1135010500107240001000794,,서울특별시 노원구 노해로 490,139832,01751,,,,127.062418513498,37.6544037894
MA0106202201A0514735,케이피티,안산지점,G2,소매,G221,기타 상품 소매,G22199,그 외 기타 상품 전문 소매업,G47859,그 외 기타 분류 안된 상품 전문 소매업,41,경기도,41273,안산시 단원구,41273535,호수동,4127310100,고잔동,4127310100107050000,1,대지,705,,경기도 안산시 단원구 고잔동 705,412733190011,경기도 안산시 단원구 광덕3로,145,17,4127310100107050000016074,,경기도 안산시 단원구 광덕3로 145-17,425807,15461,,,,126.828764526047,37.3142828355365
MA0106202201A0514738,케이피티대림지점,,G2,소매,G221,기타 상품 소매,G22199,그 외 기타 상품 전문 소매업,G47859,그 외 기타 분류 안된 상품 전문 소매업,11,서울특별시,11560,영등포구,11560700,대림1동,1156013300,대림동,1156013300110160024,1,대지,1016,24,서울특별시 영등포구 대림동 1016-24,115603118027,서울특별시 영등포구 대림로,88,,1156013300110170019005655,,서울특별시 영등포구 대림로 88,150071,07438,,,,126.904553623356,37.4901303475021
MA0106202201A0514737,케이피티지점,해운대,G2,소매,G221,기타 상품 소매,G22199,그 외 기타 상품 전문 소매업,G47859,그 외 기타 분류 안된 상품 전문 소매업,26,부산광역시,26350,해운대구,26350551,좌1동,2635010700,좌동,2635010700114610001,1,대지,1461,1,부산광역시 해운대구 좌동 1461-1,263503133038,부산광역시 해운대구 좌동로,88,,2635010700114610001000001,,부산광역시 해운대구 좌동로 88,612836,48106,,,,129.174949231593,35.1719647809338
MA0106202201A0514739,케이피터사당지점,,G2,소매,G221,기타 상품 소매,G22199,그 외 기타 상품 전문 소매업,G47859,그 외 기타 분류 안된 상품 전문 소매업,11,서울특별시,11590,동작구,11590640,사당3동,1159010700,사당동,1159010700103240014,1,대지,324,14,서울특별시 동작구 사당동 324-14,115903119004,서울특별시 동작구 사당로,253,3,1159010700103240014009241,,서울특별시 동작구 사당로 253-3,156820,07005,,,,126.975871928406,37.4836701701167
MA0106202201A0514740,케이피티서면지점,,G2,소매,G221,기타 상품 소매,G22199,그 외 기타 상품 전문 소매업,G47859,그 외 기타 분류 안된 상품 전문 소매업,26,부산광역시,26230,부산진구,26230520,부전2동,2623010300,부전동,2623010300105220004,1,대지,522,4,부산광역시 부산진구 부전동 522-4,262303129025,부산광역시 부산진구 서면로,25,,2623010300105220004000001,,부산광역시 부산진구 서면로 25,614850,47288,,,,129.057270141419,35.152943285083
MA0106202201A0418861,조히원,,G2,소매,G221,기타 상품 소매,G22199,그 외 기타 상품 전문 소매업,G47859,그 외 기타 분류 안된 상품 전문 소매업,41,경기도,41590,화성시,41590330,마도면,4159033021,마도면,4159033021104350000,1,대지,435,,경기도 화성시 마도면 석교리 435,415904430701,경기도 화성시 마도면 석교남길,55,10,4159033021104350000000001,,경기도 화성시 마도면 석교남길 55-10,445861,18537,,,,126.772784984854,37.1951429651393
MA0106202201A0467912,유앤아이글로벌,,G2,소매,G221,기타 상품 소매,G22199,그 외 기타 상품 전문 소매업,G47859,그 외 기타 분류 안된 상품 전문 소매업,41,경기도,41570,김포시,41570575,마산동,4157010800,마산동,4157010800106750009,1,대지,675,9,경기도 김포시 마산동 675-9,415704838096,경기도 김포시 김포한강8로194번길,104,,4157010800106750009000001,,경기도 김포시 김포한강8로194번길 104,415090,10068,,,,126.645019886909,37.6367315545296
MA0106202201A0049324,아이스캔디,,G2,소매,G221,기타 상품 소매,G22199,그 외 기타 상품 전문 소매업,G47859,그 외 기타 분류 안된 상품 전문 소매업,11,서울특별시,11710,송파구,11710562,방이2동,1171011100,방이동,1171011100101010000,1,대지,101,,서울특별시 송파구 방이동 101,117104169429,서울특별시 송파구 올림픽로32길,48,,1171011100101010000017088,,서울특별시 송파구 올림픽로32길 48,138829,05549,,,,127.111310152548,37.5125785328291
MA0106202201A0055661,아워홈,,G2,소매,G221,기타 상품 소매,G22199,그 외 기타 상품 전문 소매업,G47859,그 외 기타 분류 안된 상품 전문 소매업,11,서울특별시,11500,강서구,11500603,가양1동,1150010500,마곡동,1150010500107850002,1,대지,785,2,서울특별시 강서구 마곡동 785-2,115003155056,서울특별시 강서구 마곡중앙10로,91,,1150010500100000000000030,,서울특별시 강서구 마곡중앙10로 91,157805,07792,,,,126.838098586054,37.5639040161735
MA0103202408C0003207,신월농장,,G2,소매,G221,기타 상품 소매,G22199,그 외 기타 상품 전문 소매업,G47859,그 외 기타 분류 안된 상품 전문 소매업,46,전라남도,46130,여수시,46130320,율촌면,4613032028,율촌면,4613032028100020002,1,대지,2,2,전라남도 여수시 율촌면 신풍리 2-2,461304646466,전라남도 여수시 율촌면 산돌길,145,,4613032028100010004064725,,전라남도 여수시 율촌면 산돌길 145,556893,59606,,,,127.635696842626,34.8453370926153
MA0106202201A0522508,올리브영서면역사점,,G2,소매,G221,기타 상품 소매,G22199,그 외 기타 상품 전문 소매업,G47859,그 외 기타 분류 안된 상품 전문 소매업,26,부산광역시,26230,부산진구,26230520,부전2동,2623010300,부전동,2623010300105730001,1,대지,573,1,부산광역시 부산진구 부전동 573-1,262302000010,부산광역시 부산진구 중앙대로,730,,2623010300105730001054832,,부산광역시 부산진구 중앙대로 730,614782,47245,,,,129.058442203149,35.1576544747195
MA0106202201A0254011,연천군청,,G2,소매,G221,기타 상품 소매,G22199,그 외 기타 상품 전문 소매업,G47859,그 외 기타 분류 안된 상품 전문 소매업,41,경기도,41800,연천군,41800250,연천읍,4180025025,연천읍,4180025025103200000,1,대지,320,,경기도 연천군 연천읍 옥산리 320,418003215059,경기도 연천군 연천읍 문화로,150,,4180025025103200000010858,,경기도 연천군 연천읍 문화로 150,486802,11012,,,,127.079745014365,38.1071285147324
MA0106202201A0153256,커피빈인천공항제2여객터미널입,코리아,G2,소매,G221,기타 상품 소매,G22199,그 외 기타 상품 전문 소매업,G47859,그 외 기타 분류 안된 상품 전문 소매업,28,인천광역시,28110,중구,28110628,운서동,2811014700,운서동,2811014700128400000,1,대지,2840,,인천광역시 중구 운서동 2840,281103149003,인천광역시 중구 공항로,272,,2811014700100350001228681,,인천광역시 중구 공항로 272,400340,22382,,,,126.427702260177,37.4583470325375
MA0106202201A0254032,철원작은영화관,,G2,소매,G221,기타 상품 소매,G22199,그 외 기타 상품 전문 소매업,G47859,그 외 기타 분류 안된 상품 전문 소매업,51,강원특별자치도,51780,철원군,51780250,철원읍,5178025021,철원읍,5178025021109880002,1,대지,988,2,강원특별자치도 철원군 철원읍 화지리 988-2,517804490037,강원특별자치도 철원군 철원읍 금학로252번길,23,,4278025021109880002000001,,강원특별자치도 철원군 철원읍 금학로252번길 23,269821,24008,,,,127.218885615276,38.2112222671629
MA0106202201A0188578,슬레이트커피로스터스,,G2,소매,G221,기타 상품 소매,G22199,그 외 기타 상품 전문 소매업,G47859,그 외 기타 분류 안된 상품 전문 소매업,41,경기도,41171,안양시 만안구,41171630,박달2동,4117110300,박달동,4117110300101370007,1,대지,137,7,경기도 안양시 만안구 박달동 137-7,411713012043,경기도 안양시 만안구 박달로,475,,4117110300101370007007389,,경기도 안양시 만안구 박달로 475,430802,13982,,,,126.905342462487,37.4025614311452
MA0106202201A0046813,더네이쳐,,G2,소매,G221,기타 상품 소매,G22199,그 외 기타 상품 전문 소매업,G47859,그 외 기타 분류 안된 상품 전문 소매업,11,서울특별시,11530,구로구,11530540,구로3동,1153010200,구로동,1153010200101970033,1,대지,197,33,서울특별시 구로구 구로동 197-33,115304148335,서울특별시 구로구 디지털로31길,38,21,1153010200101970033022766,,서울특별시 구로구 디지털로31길 38-21,152719,08376,,,,126.893714866835,37.4865260738973
MA0106202201A0484207,아이스크림할인점,2호점,G2,소매,G221,기타 상품 소매,G22199,그 외 기타 상품 전문 소매업,G47859,그 외 기타 분류 안된 상품 전문 소매업,11,서울특별시,11530,구로구,11530560,구로5동,1153010200,구로동,1153010200105510097,1,대지,551,97,서울특별시 구로구 구로동 551-97,115304148273,서울특별시 구로구 구로중앙로32가길,40,,1153010200105510097019558,,서울특별시 구로구 구로중앙로32가길 40,152862,08292,,,,126.884918574335,37.500942949129
MA0106202201A0484208,아이스크림할인점,3호점,G2,소매,G221,기타 상품 소매,G22199,그 외 기타 상품 전문 소매업,G47859,그 외 기타 분류 안된 상품 전문 소매업,11,서울특별시,11530,구로구,11530530,구로2동,1153010200,구로동,1153010200104960043,1,대지,496,43,서울특별시 구로구 구로동 496-43,115304148237,서울특별시 구로구 구로동로49길,8,1,1153010200104960043017484,,서울특별시 구로구 구로동로49길 8-1,152858,08279,,,,126.88185602806,37.4995343572419
MA0106202201A0484209,아이스크림할인점,5호점,G2,소매,G221,기타 상품 소매,G22199,그 외 기타 상품 전문 소매업,G47859,그 외 기타 분류 안된 상품 전문 소매업,11,서울특별시,11560,영등포구,11560630,신길1동,1156013200,신길동,1156013200100890102,1,대지,89,102,서울특별시 영등포구 신길동 89-102,115604154676,서울특별시 영등포구 여의대방로53길,36,,1156013200100890102017180,,서울특별시 영등포구 여의대방로53길 36,150837,07353,,,,126.920971363029,37.5122621607853
MA0106202201A0484210,아이스크림할인점,6호점,G2,소매,G221,기타 상품 소매,G22199,그 외 기타 상품 전문 소매업,G47859,그 외 기타 분류 안된 상품 전문 소매업,11,서울특별시,11560,영등포구,11560630,신길1동,1156013200,신길동,1156013200104590005,1,대지,459,5,서울특별시 영등포구 신길동 459-5,115604154666,서울특별시 영등포구 여의대방로43라길,6,,1156013200104590005018624,,서울특별시 영등포구 여의대방로43라길 6,150853,07358,,,,126.920037382045,37.5077475003277
MA0106202201A0484206,아이스크림할인점,7호점,G2,소매,G221,기타 상품 소매,G22199,그 외 기타 상품 전문 소매업,G47859,그 외 기타 분류 안된 상품 전문 소매업,11,서울특별시,11560,영등포구,11560585,도림동,1156011800,도림동,1156011800101330004,1,대지,133,4,서울특별시 영등포구 도림동 133-4,115604154317,서울특별시 영등포구 도신로29길,15,,1156011800101330004026612,,서울특별시 영등포구 도신로29길 15,150830,07369,,,,126.904483342677,37.5097992474002
MA0106202201A0271003,아메리칸트레일러,,G2,소매,G221,기타 상품 소매,G22199,그 외 기타 상품 전문 소매업,G47859,그 외 기타 분류 안된 상품 전문 소매업,41,경기도,41287,고양시 일산서구,41287580,송포동,4128710400,대화동,4128710400126020000,1,대지,2602,,경기도 고양시 일산서구 대화동 2602,412873192096,경기도 고양시 일산서구 호수로,817,,4128710400126020000000001,,경기도 고양시 일산서구 호수로 817,411410,10391,,,,126.751640728544,37.6679979039186
MA0106202201A0299764,곱빼기밥상,,G2,소매,G221,기타 상품 소매,G22199,그 외 기타 상품 전문 소매업,G47859,그 외 기타 분류 안된 상품 전문 소매업,41,경기도,41450,하남시,41450610,미사1동,4145010900,망월동,4145010900110790000,1,대지,1079,,경기도 하남시 망월동 1079,414503202058,경기도 하남시 미사강변중앙로,226,,4145010900110790000000001,,경기도 하남시 미사강변중앙로 226,465150,12913,,,,127.189243140535,37.5667915894133
MA0106202201A0354223,안양예술점하몬드,팜스프링스,G2,소매,G221,기타 상품 소매,G22199,그 외 기타 상품 전문 소매업,G47859,그 외 기타 분류 안된 상품 전문 소매업,41,경기도,41171,안양시 만안구,41171520,안양2동,4117110100,안양동,4117110100113190015,1,대지,1319,15,경기도 안양시 만안구 안양동 1319-15,411713183019,경기도 안양시 만안구 예술공원로,130,,4117110100113190015017851,,경기도 안양시 만안구 예술공원로 130,430812,13911,,,,126.920335888209,37.4183313160849
MA0106202201A0299765,쉐프엠군포,산본점,G2,소매,G221,기타 상품 소매,G22199,그 외 기타 상품 전문 소매업,G47859,그 외 기타 분류 안된 상품 전문 소매업,41,경기도,41410,군포시,41410620,광정동,4141010400,산본동,4141010400111360000,1,대지,1136,,경기도 군포시 산본동 1136,414104400232,경기도 군포시 산본로323번길,16,31,4141010400111360000005706,,경기도 군포시 산본로323번길 16-31,435805,15865,,,,126.931008141905,37.3600959066999
MA0106202201A0624755,행복플러스가게서울,시청점,G2,소매,G221,기타 상품 소매,G22199,그 외 기타 상품 전문 소매업,G47859,그 외 기타 분류 안된 상품 전문 소매업,11,서울특별시,11470,양천구,11470550,목5동,1147010200,목동,1147010200109080033,1,대지,908,33,서울특별시 양천구 목동 908-33,114703114003,서울특별시 양천구 목동서로,33,,1147010200109080033000001,,서울특별시 양천구 목동서로 33,158878,07984,,,,126.882158601992,37.5372596473346
MA0106202201A0655312,반품닷컴,,G2,소매,G221,기타 상품 소매,G22199,그 외 기타 상품 전문 소매업,G47859,그 외 기타 분류 안된 상품 전문 소매업,41,경기도,41463,용인시 기흥구,41463590,보정동,4146311800,보정동,4146311800104410001,1,대지,441,1,경기도 용인시 기흥구 보정동 441-1,414633204053,경기도 용인시 기흥구 이현로,70,,4146311800104410001023755,,경기도 용인시 기흥구 이현로 70,446850,16926,,,,127.094597570336,37.309836711152
MA0103202406C0038356,212세이프가드,,G2,소매,G221,기타 상품 소매,G22199,그 외 기타 상품 전문 소매업,G47859,그 외 기타 분류 안된 상품 전문 소매업,47,경상북도,47113,포항시 북구,47113690,두호동,4711312000,두호동,4711312000110760003,1,대지,1076,3,경상북도 포항시 북구 두호동 1076-3,471134712296,경상북도 포항시 북구 삼흥로100번길,60,1,4711312000110760003114320,,경상북도 포항시 북구 삼흥로100번길 60-1,791804,37608,,2,,129.383940424827,36.0681312155457
MA0101202411A0178502,에스에프아이테크,,G2,소매,G221,기타 상품 소매,G22199,그 외 기타 상품 전문 소매업,G47859,그 외 기타 분류 안된 상품 전문 소매업,11,서울특별시,11545,금천구,11545510,가산동,1154510100,가산동,1154510100105430001,1,대지,543,1,서울특별시 금천구 가산동 543-1,115454151238,서울특별시 금천구 서부샛길,606,,1154510100104890007014247,대성디폴리스지식산업센터,서울특별시 금천구 서부샛길 606,153719,08504,,5,,126.877014010558,37.479950530155
MA0106202201A0564352,커피마켓어스,,G2,소매,G221,기타 상품 소매,G22199,그 외 기타 상품 전문 소매업,G47859,그 외 기타 분류 안된 상품 전문 소매업,11,서울특별시,11215,광진구,11215820,자양1동,1121510500,자양동,1121510500107690012,1,대지,769,12,서울특별시 광진구 자양동 769-12,112154112423,서울특별시 광진구 자양로19길,8,,1121510500107690012025229,,서울특별시 광진구 자양로19길 8,143853,05026,,,,127.082723167917,37.5392806793381
MA0106202201A0528840,고잉메리,,G2,소매,G221,기타 상품 소매,G22199,그 외 기타 상품 전문 소매업,G47859,그 외 기타 분류 안된 상품 전문 소매업,11,서울특별시,11110,종로구,11110615,종로1.2.3.4가동,1111012300,서린동,1111012300100700000,1,대지,70,,서울특별시 종로구 서린동 70,111103100013,서울특별시 종로구 종로,34,,1111012300100700000015381,,서울특별시 종로구 종로 34,110110,03188,,,,126.981107731704,37.5698429565994
MA0106202201A0528841,고잉메리을지트윈,타워점,G2,소매,G221,기타 상품 소매,G22199,그 외 기타 상품 전문 소매업,G47859,그 외 기타 분류 안된 상품 전문 소매업,11,서울특별시,11140,중구,11140605,을지로동,1114015000,을지로4가,1114015000103230000,1,대지,323,,서울특별시 중구 을지로4가 323,111403101006,서울특별시 중구 을지로,170,,1114015000102610004012122,,서울특별시 중구 을지로 170,100194,04548,,,,126.997328726958,37.5661413455792
MA0106202201A0471363,레이나컴퍼니,,G2,소매,G221,기타 상품 소매,G22199,그 외 기타 상품 전문 소매업,G47859,그 외 기타 분류 안된 상품 전문 소매업,41,경기도,41360,남양주시,41360262,오남읍,4136026223,오남읍,4136026223100230015,1,대지,23,15,경기도 남양주시 오남읍 오남리 23-15,413603197062,경기도 남양주시 오남읍 팔현로,87,,4136026223100230015013710,,경기도 남양주시 오남읍 팔현로 87,472883,12037,,,,127.223039423345,37.6948885933545
MA0106202201A0269892,육군제30기갑여단필승장병쉼터,,G2,소매,G221,기타 상품 소매,G22199,그 외 기타 상품 전문 소매업,G47859,그 외 기타 분류 안된 상품 전문 소매업,41,경기도,41281,고양시 덕양구,41281520,원신동,4128110200,원당동,4128110200200380005,2,산,38,5,경기도 고양시 덕양구 원당동 산38-5,412813000136,경기도 고양시 덕양구 호국로,1172,1,4128110200200380005000001,,경기도 고양시 덕양구 호국로 1172-1,412030,10292,,,,126.865598321656,37.6733634359842
MA0106202201A0269897,한국경진학교나눔가게,,G2,소매,G221,기타 상품 소매,G22199,그 외 기타 상품 전문 소매업,G47859,그 외 기타 분류 안된 상품 전문 소매업,41,경기도,41285,고양시 일산동구,41285560,마두1동,4128510500,마두동,4128510500108080000,1,대지,808,,경기도 고양시 일산동구 마두동 808,412853193028,경기도 고양시 일산동구 일산로,341,,4128510500108080000002461,,경기도 고양시 일산동구 일산로 341,410812,10408,,,,126.782115294961,37.6653461881267
MA0106202201A0313875,양우디에스,,G2,소매,G221,기타 상품 소매,G22199,그 외 기타 상품 전문 소매업,G47859,그 외 기타 분류 안된 상품 전문 소매업,28,인천광역시,28177,미추홀구,28177570,용현5동,2817710200,용현동,2817710200106110002,1,대지,611,2,인천광역시 미추홀구 용현동 611-2,281773151004,인천광역시 미추홀구 낙섬중로,52,,2817010200106110002048429,,인천광역시 미추홀구 낙섬중로 52,402834,22187,,,,126.638421257644,37.4526383142274
MA0106202201A0388059,행복드림협동조합,,G2,소매,G221,기타 상품 소매,G22199,그 외 기타 상품 전문 소매업,G47859,그 외 기타 분류 안된 상품 전문 소매업,41,경기도,41173,안양시 동안구,41173578,귀인동,4117310300,평촌동,4117310300109240008,1,대지,924,8,경기도 안양시 동안구 평촌동 924-8,411734349095,경기도 안양시 동안구 귀인로190번길,90,,4117310300109240008004642,,경기도 안양시 동안구 귀인로190번길 90,431802,14103,,,,126.962682241341,37.3825727117282
MA0106202201A0361690,현대리바트영남사업소,,G2,소매,G221,기타 상품 소매,G22199,그 외 기타 상품 전문 소매업,G47859,그 외 기타 분류 안된 상품 전문 소매업,31,울산광역시,31110,중구,31110630,병영2동,3111011400,서동,3111011400100530001,1,대지,53,1,울산광역시 중구 서동 53-1,311103169027,울산광역시 중구 북부순환도로,887,,3111011400100530001008939,,울산광역시 중구 북부순환도로 887,681290,44481,,,,129.346887146837,35.5810144895086
MA0106202201A0265540,장미주유소,,G2,소매,G221,기타 상품 소매,G22199,그 외 기타 상품 전문 소매업,G47859,그 외 기타 분류 안된 상품 전문 소매업,41,경기도,41285,고양시 일산동구,41285600,고봉동,4128511300,성석동,4128511300109840010,1,대지,984,10,경기도 고양시 일산동구 성석동 984-10,412853193045,경기도 고양시 일산동구 성현로,58,,4128511300109840010008173,,경기도 고양시 일산동구 성현로 58,410570,10312,,,,126.792923073306,37.7078646980965
MA0106202201A0625192,롯데시네마인덕원관_티켓외,,G2,소매,G221,기타 상품 소매,G22199,그 외 기타 상품 전문 소매업,G47859,그 외 기타 분류 안된 상품 전문 소매업,41,경기도,41173,안양시 동안구,41173559,인덕원동,4117310200,관양동,4117310200115020006,1,대지,1502,6,경기도 안양시 동안구 관양동 1502-6,411732000018,경기도 안양시 동안구 흥안대로,519,,4117310200115020006008461,,경기도 안양시 동안구 흥안대로 519,431846,13951,,,,126.976169732622,37.4003173354885
MA0106202201A0666489,파마리서치,,G2,소매,G221,기타 상품 소매,G22199,그 외 기타 상품 전문 소매업,G47859,그 외 기타 분류 안된 상품 전문 소매업,41,경기도,41135,성남시 분당구,41135655,삼평동,4113510900,삼평동,4113510900106100000,1,대지,610,,경기도 성남시 분당구 삼평동 610,411354340514,경기도 성남시 분당구 판교로255번길,62,,4113510900106100000000002,,경기도 성남시 분당구 판교로255번길 62,463400,13486,,,,127.097427379117,37.4046765794939
MA0106202201A0665977,아로마무역,,G2,소매,G221,기타 상품 소매,G22199,그 외 기타 상품 전문 소매업,G47859,그 외 기타 분류 안된 상품 전문 소매업,11,서울특별시,11410,서대문구,11410585,신촌동,1141011600,창천동,1141011600100310045,1,대지,31,45,서울특별시 서대문구 창천동 31-45,114103112008,서울특별시 서대문구 연세로,19,,1141011600100310045022595,,서울특별시 서대문구 연세로 19,120834,03789,,,,126.936723132534,37.5573937621728
MA0106202201A0665981,아로마무역광명철산역점,,G2,소매,G221,기타 상품 소매,G22199,그 외 기타 상품 전문 소매업,G47859,그 외 기타 분류 안된 상품 전문 소매업,41,경기도,41210,광명시,41210610,철산3동,4121010200,철산동,4121010200102640000,1,대지,264,,경기도 광명시 철산동 264,412103187055,경기도 광명시 철산로,12,,4121010200102640000001151,,경기도 광명시 철산로 12,423837,14237,,,,126.867569980497,37.4755704293763
MA0106202201A0665979,아로마무역,신천역점,G2,소매,G221,기타 상품 소매,G22199,그 외 기타 상품 전문 소매업,G47859,그 외 기타 분류 안된 상품 전문 소매업,11,서울특별시,11710,송파구,11710650,잠실본동,1171010100,잠실동,1171010100101840005,1,대지,184,5,서울특별시 송파구 잠실동 184-5,117103123023,서울특별시 송파구 올림픽로,124,,1171010100101840005000644,,서울특별시 송파구 올림픽로 124,138861,05558,,,,127.084434225089,37.5113934565464
MA0106202201A0665976,아로마무역/양키캔들,야탑점,G2,소매,G221,기타 상품 소매,G22199,그 외 기타 상품 전문 소매업,G47859,그 외 기타 분류 안된 상품 전문 소매업,41,경기도,41135,성남시 분당구,41135620,야탑1동,4113510700,야탑동,4113510700103610005,1,대지,361,5,경기도 성남시 분당구 야탑동 361-5,411354340277,경기도 성남시 분당구 성남대로926번길,6,,4113510700103610005000001,,경기도 성남시 분당구 성남대로926번길 6,463828,13506,,,,127.129855867991,37.4121779346073
MA0106202201A0625629,기정인터내셔날,,G2,소매,G221,기타 상품 소매,G22199,그 외 기타 상품 전문 소매업,G47859,그 외 기타 분류 안된 상품 전문 소매업,11,서울특별시,11650,서초구,11650600,방배1동,1165010100,방배동,1165010100109220001,1,대지,922,1,서울특별시 서초구 방배동 922-1,116504163252,서울특별시 서초구 방배로15길,33,,1165010100109220001014983,,서울특별시 서초구 방배로15길 33,137843,06683,,,,126.993984948846,37.4835823797915
MA0106202201A0603524,현대그린푸드,,G2,소매,G221,기타 상품 소매,G22199,그 외 기타 상품 전문 소매업,G47859,그 외 기타 분류 안된 상품 전문 소매업,41,경기도,41465,용인시 수지구,41465560,동천동,4146510300,동천동,4146510300108530001,1,대지,853,1,경기도 용인시 수지구 동천동 853-1,414653205006,경기도 용인시 수지구 문인로,30,,4146510300108530001027435,,경기도 용인시 수지구 문인로 30,448503,16827,,,,127.100145759255,37.3340068606018
MA0106202201A0486607,유한건강생활,,G2,소매,G221,기타 상품 소매,G22199,그 외 기타 상품 전문 소매업,G47859,그 외 기타 분류 안된 상품 전문 소매업,11,서울특별시,11590,동작구,11590660,대방동,1159010800,대방동,1159010800100490006,1,대지,49,6,서울특별시 동작구 대방동 49-6,115903119011,서울특별시 동작구 노량진로,74,,1159010800100460006003474,,서울특별시 동작구 노량진로 74,156754,06927,,,,126.934023602024,37.5127567145342
MA0106202201A0393535,한국몬테소리,대구지점,G2,소매,G221,기타 상품 소매,G22199,그 외 기타 상품 전문 소매업,G47859,그 외 기타 분류 안된 상품 전문 소매업,27,대구광역시,27290,달서구,27290571,용산1동,2729011100,용산동,2729011100109270007,1,대지,927,7,대구광역시 달서구 용산동 927-7,272904241545,대구광역시 달서구 장산1길,142,,2729011100109270007003049,,대구광역시 달서구 장산1길 142,704936,42629,,,,128.525595560744,35.8577972387245
MA0106202201A0439749,케이유씨통상,일산점,G2,소매,G221,기타 상품 소매,G22199,그 외 기타 상품 전문 소매업,G47859,그 외 기타 분류 안된 상품 전문 소매업,41,경기도,41285,고양시 일산동구,41285526,중산2동,4128510200,중산동,4128510200100350015,1,대지,35,15,경기도 고양시 일산동구 중산동 35-15,412852192001,경기도 고양시 일산동구 고양대로,864,7,4128510200100350015000001,,경기도 고양시 일산동구 고양대로 864-7,410831,10311,,,,126.790543043718,37.6791284021175
MA0106202201A0439745,케이유씨통상,,G2,소매,G221,기타 상품 소매,G22199,그 외 기타 상품 전문 소매업,G47859,그 외 기타 분류 안된 상품 전문 소매업,11,서울특별시,11470,양천구,11470570,신월2동,1147010300,신월동,1147010300104540001,1,대지,454,1,서울특별시 양천구 신월동 454-1,114702005008,서울특별시 양천구 국회대로,102,,1147010300104540001012957,,서울특별시 양천구 국회대로 102,158835,07932,,,,126.846244414252,37.5270730841462
MA0106202201A0439747,케이유씨통상,,G2,소매,G221,기타 상품 소매,G22199,그 외 기타 상품 전문 소매업,G47859,그 외 기타 분류 안된 상품 전문 소매업,11,서울특별시,11380,은평구,11380600,응암3동,1138010700,응암동,1138010700105990006,1,대지,599,6,서울특별시 은평구 응암동 599-6,113803005055,서울특별시 은평구 응암로,189,,1138010700105990006001699,,서울특별시 은평구 응암로 189,122924,03485,,,,126.916667081866,37.5889611739899
MA0106202201A0439750,케이유씨통상화곡유통점,,G2,소매,G221,기타 상품 소매,G22199,그 외 기타 상품 전문 소매업,G47859,그 외 기타 분류 안된 상품 전문 소매업,11,서울특별시,11500,강서구,11500550,화곡2동,1150010300,화곡동,1150010300108450017,1,대지,845,17,서울특별시 강서구 화곡동 845-17,115004145228,서울특별시 강서구 국회대로7길,74,,1150010300108450017023325,,서울특별시 강서구 국회대로7길 74,157904,07783,,,,126.856782817531,37.5298704268789
MA0106202201A0439746,케이유씨통상광명,,G2,소매,G221,기타 상품 소매,G22199,그 외 기타 상품 전문 소매업,G47859,그 외 기타 분류 안된 상품 전문 소매업,41,경기도,41210,광명시,41210660,학온동,4121010500,노온사동,4121010500105720105,1,대지,572,105,경기도 광명시 노온사동 572-105,412103000122,경기도 광명시 광명로,397,,4121010500105720105000001,,경기도 광명시 광명로 397,423080,14336,,,,126.845345742866,37.4362142568166
MA0106202201A0424677,그랜마찬,,G2,소매,G221,기타 상품 소매,G22199,그 외 기타 상품 전문 소매업,G47859,그 외 기타 분류 안된 상품 전문 소매업,11,서울특별시,11710,송파구,11710631,가락1동,1171010700,가락동,1171010700106000000,1,대지,600,,서울특별시 송파구 가락동 600,117102000006,서울특별시 송파구 양재대로,932,,1171010700106000000006061,,서울특별시 송파구 양재대로 932,138701,05699,,,,127.10871642044,37.4945338152583
MA0106202201A0432979,모숨리테일,,G2,소매,G221,기타 상품 소매,G22199,그 외 기타 상품 전문 소매업,G47859,그 외 기타 분류 안된 상품 전문 소매업,11,서울특별시,11500,강서구,11500615,우장산동,1150010600,내발산동,1150010600106760030,1,대지,676,30,서울특별시 강서구 내발산동 676-30,115004145436,서울특별시 강서구 우장산로2길,45,,1150010600106760030008314,,서울특별시 강서구 우장산로2길 45,157828,07681,,,,126.837353229127,37.5527216280551
MA0106202201A0283822,점곡휴게소영덕,,G2,소매,G221,기타 상품 소매,G22199,그 외 기타 상품 전문 소매업,G47859,그 외 기타 분류 안된 상품 전문 소매업,47,경상북도,47730,의성군,47730320,점곡면,4773032036,점곡면,4773032036200060033,2,산,6,33,경상북도 의성군 점곡면 윤암리 산6-33,477304745424,경상북도 의성군 점곡면 윤암3길,40,,4773032036200040037000001,,경상북도 의성군 점곡면 윤암3길 40,769831,37325,,,,128.784565153797,36.4152139128171
MA0106202201A0283815,모음점곡(상휴게소,,G2,소매,G221,기타 상품 소매,G22199,그 외 기타 상품 전문 소매업,G47859,그 외 기타 분류 안된 상품 전문 소매업,47,경상북도,47730,의성군,47730330,옥산면,4773033039,옥산면,4773033039200930004,2,산,93,4,경상북도 의성군 옥산면 신계리 산93-4,477303018017,경상북도 의성군 옥산면 의성길안로,1656,44,4773033039200930004000001,,경상북도 의성군 옥산면 의성길안로 1656-44,769842,37322,,,,128.818368076721,36.4196054372186
MA0106202201A0085273,다람쥐곳간남부터미널,,G2,소매,G221,기타 상품 소매,G22199,그 외 기타 상품 전문 소매업,G47859,그 외 기타 분류 안된 상품 전문 소매업,11,서울특별시,11650,서초구,11650530,서초3동,1165010800,서초동,1165010800114460001,1,대지,1446,1,서울특별시 서초구 서초동 1446-1,116503121021,서울특별시 서초구 효령로,292,,1165010800114460001021922,,서울특별시 서초구 효령로 292,137867,06718,,,,127.01510545935,37.48354552695
MA0106202201A0017958,롯데시네마상주관_티켓외,,G2,소매,G221,기타 상품 소매,G22199,그 외 기타 상품 전문 소매업,G47859,그 외 기타 분류 안된 상품 전문 소매업,47,경상북도,47250,상주시,47250550,동문동,4725010800,서문동,4725010800101400002,1,대지,140,2,경상북도 상주시 서문동 140-2,472503303047,경상북도 상주시 중앙로,147,,4725010800101400002094784,,경상북도 상주시 중앙로 147,742080,37185,,,,128.154370620777,36.4160142860181
MA0106202201A0460978,비젼텍,,G2,소매,G221,기타 상품 소매,G22199,그 외 기타 상품 전문 소매업,G47859,그 외 기타 분류 안된 상품 전문 소매업,41,경기도,41150,의정부시,41150545,호원1동,4115010200,호원동,4115010200102260134,1,대지,226,134,경기도 의정부시 호원동 226-134,411504343533,경기도 의정부시 호암로65번길,7,,4115010200101300027030007,,경기도 의정부시 호암로65번길 7,480854,11646,,,,127.047130150399,37.7065144707796
MA0106202201A0013881,향기로운,,G2,소매,G221,기타 상품 소매,G22199,그 외 기타 상품 전문 소매업,G47859,그 외 기타 분류 안된 상품 전문 소매업,41,경기도,41117,수원시 영통구,41117550,원천동,4111710200,원천동,4111710200100770023,1,대지,77,23,경기도 수원시 영통구 원천동 77-23,411174331023,경기도 수원시 영통구 동수원로537번길,29,,4111710200100770023004477,,경기도 수원시 영통구 동수원로537번길 29,443821,16503,,,,127.047411895001,37.2743731431812
MA0101202411A0189693,미륵컴퍼니,,G2,소매,G221,기타 상품 소매,G22199,그 외 기타 상품 전문 소매업,G47859,그 외 기타 분류 안된 상품 전문 소매업,11,서울특별시,11680,강남구,11680655,도곡1동,1168011800,도곡동,1168011800109590016,1,대지,959,16,서울특별시 강남구 도곡동 959-16,116804166091,서울특별시 강남구 남부순환로359길,14,,1168011800109590016000827,씨,서울특별시 강남구 남부순환로359길 14,135861,06268,,3,,127.036645465637,37.4859194718166
MA0101202411A0176777,엠케이솔루션,,G2,소매,G221,기타 상품 소매,G22199,그 외 기타 상품 전문 소매업,G47859,그 외 기타 분류 안된 상품 전문 소매업,41,경기도,41410,군포시,41410510,군포1동,4141010200,당정동,4141010200105220000,1,대지,522,,경기도 군포시 당정동 522,414103012052,경기도 군포시 고산로,166,,4141010200105220000010521,SK벤티움,경기도 군포시 고산로 166,435776,15850,,,,126.953692569272,37.3487540059562
MA0106202201A0146045,정해상워크래프트,,G2,소매,G221,기타 상품 소매,G22199,그 외 기타 상품 전문 소매업,G47859,그 외 기타 분류 안된 상품 전문 소매업,11,서울특별시,11530,구로구,11530530,구로2동,1153010200,구로동,1153010200106060001,1,대지,606,1,서울특별시 구로구 구로동 606-1,115303116005,서울특별시 구로구 구로중앙로,198,,1153010100104060001000034,,서울특별시 구로구 구로중앙로 198,152864,08212,,,,126.880785660177,37.5041464292403
MA0106202201A0092149,신앙촌상회,,G2,소매,G221,기타 상품 소매,G22199,그 외 기타 상품 전문 소매업,G47859,그 외 기타 분류 안된 상품 전문 소매업,11,서울특별시,11170,용산구,11170660,이태원2동,1117013000,이태원동,1117013000102100043,1,대지,210,43,서울특별시 용산구 이태원동 210-43,111704106495,서울특별시 용산구 회나무로32길,21,,1117013000102100043009155,,서울특별시 용산구 회나무로32길 21,140857,04346,,,,126.993392083044,37.539507688665
MA0106202201A0614467,포제이스리쿼에프제이월드리쿼,코리아,G2,소매,G221,기타 상품 소매,G22199,그 외 기타 상품 전문 소매업,G47859,그 외 기타 분류 안된 상품 전문 소매업,11,서울특별시,11740,강동구,11740640,성내1동,1174010800,성내동,1174010800104550008,1,대지,455,8,서울특별시 강동구 성내동 455-8,117404172171,서울특별시 강동구 성내로6길,34,24,1174010800104550008007006,,서울특별시 강동구 성내로6길 34-24,134848,05398,,,,127.121018593353,37.5288951490928
MA0106202201A0504989,얼음대왕,,G2,소매,G221,기타 상품 소매,G22199,그 외 기타 상품 전문 소매업,G47859,그 외 기타 분류 안된 상품 전문 소매업,11,서울특별시,11470,양천구,11470640,신정3동,1147010100,신정동,1147010100111830014,1,대지,1183,14,서울특별시 양천구 신정동 1183-14,114703005068,서울특별시 양천구 중앙로,253,,1147010100111830014003541,,서울특별시 양천구 중앙로 253,158864,08073,,,,126.853127378641,37.5189367877577
MA0106202201A0636371,치킨뱅크,,G2,소매,G221,기타 상품 소매,G22199,그 외 기타 상품 전문 소매업,G47859,그 외 기타 분류 안된 상품 전문 소매업,41,경기도,41610,광주시,41610560,광남1동,4161010700,삼동,4161010700102870006,1,대지,287,6,경기도 광주시 삼동 287-6,416103211033,경기도 광주시 순암로,536,4,4161010700102870006000001,,경기도 광주시 순암로 536-4,464040,12767,,,,127.19687234184,37.4117519572085
MA0106202201A0534879,시몬교육,,G2,소매,G221,기타 상품 소매,G22199,그 외 기타 상품 전문 소매업,G47859,그 외 기타 분류 안된 상품 전문 소매업,11,서울특별시,11500,강서구,11500605,가양3동,1150010400,가양동,1150010400104490004,1,대지,449,4,서울특별시 강서구 가양동 449-4,115003115008,서울특별시 강서구 양천로,551,17,1150010400104490004000001,,서울특별시 강서구 양천로 551-17,157804,07532,,,,126.860937117698,37.559112797212
MA0106202201A0028844,나무사이로,,G2,소매,G221,기타 상품 소매,G22199,그 외 기타 상품 전문 소매업,G47859,그 외 기타 분류 안된 상품 전문 소매업,11,서울특별시,11650,서초구,11650581,반포4동,1165010700,반포동,1165010700106120140,1,대지,612,140,서울특별시 서초구 반포동 612-140,116504163340,서울특별시 서초구 사평대로8길,7,,1165010700106120140016825,,서울특별시 서초구 사평대로8길 7,137807,06575,,,,126.991563771876,37.4977100301607
MA0106202201A0457948,주세페주스티,코리아,G2,소매,G221,기타 상품 소매,G22199,그 외 기타 상품 전문 소매업,G47859,그 외 기타 분류 안된 상품 전문 소매업,41,경기도,41133,성남시 중원구,41133570,상대원1동,4113310500,상대원동,4113310500102340001,1,대지,234,1,경기도 성남시 중원구 상대원동 234-1,411333179014,경기도 성남시 중원구 순환로,165,,4113310500102340001026033,,경기도 성남시 중원구 순환로 165,462728,13207,,,,127.178037838516,37.4384248754152
MA0101202411A0176904,리온하우시스,,G2,소매,G221,기타 상품 소매,G22199,그 외 기타 상품 전문 소매업,G47859,그 외 기타 분류 안된 상품 전문 소매업,43,충청북도,43745,증평군,43745250,증평읍,4374525023,증평읍,4374525023101160000,1,대지,116,,충청북도 증평군 증평읍 중동리 116,437454532159,충청북도 증평군 증평읍 중앙로6길,14,,4374525023101160000007606,,충청북도 증평군 증평읍 중앙로6길 14,368905,27930,,,,127.581979874543,36.7831420545277
MA0106202201A0251479,경기소방산업,,G2,소매,G221,기타 상품 소매,G22199,그 외 기타 상품 전문 소매업,G47859,그 외 기타 분류 안된 상품 전문 소매업,41,경기도,41650,포천시,41650520,선단동,4165010600,동교동,4165010600104090001,1,대지,409,1,경기도 포천시 동교동 409-1,416503213011,경기도 포천시 동교로,31,,4165010600104090001018988,,경기도 포천시 동교로 31,487020,11163,,,,127.133323150357,37.8431516973231
MA0106202201A0165281,진매점,,G2,소매,G221,기타 상품 소매,G22199,그 외 기타 상품 전문 소매업,G47859,그 외 기타 분류 안된 상품 전문 소매업,11,서울특별시,11440,마포구,11440585,도화동,1144010700,마포동,1144010700101400000,1,대지,140,,서울특별시 마포구 마포동 140,114402113001,서울특별시 마포구 마포대로,20,,1144010700101400000024186,,서울특별시 마포구 마포대로 20,121714,04175,,,,126.944987620898,37.538431879658
MA0106202201A0037263,스타피쉬,코리아,G2,소매,G221,기타 상품 소매,G22199,그 외 기타 상품 전문 소매업,G47859,그 외 기타 분류 안된 상품 전문 소매업,11,서울특별시,11440,마포구,11440590,용강동,1144010400,도화동,1144010400105530000,1,대지,553,,서울특별시 마포구 도화동 553,114403113005,서울특별시 마포구 독막로,331,,1144010400105530000003671,,서울특별시 마포구 독막로 331,121748,04156,,,,126.949385974364,37.5430019157333
MA0101202411A0177055,이에프씨벼리,,G2,소매,G221,기타 상품 소매,G22199,그 외 기타 상품 전문 소매업,G47859,그 외 기타 분류 안된 상품 전문 소매업,43,충청북도,43800,단양군,43800310,대강면,4380031033,대강면,4380031033102330002,1,대지,233,2,충청북도 단양군 대강면 두음리 233-2,438004544082,충청북도 단양군 대강면 대강농공길,16,3,4380031033102330002002511,,충청북도 단양군 대강면 대강농공길 16-3,395813,27027,,,,128.360259283313,36.9199262070645
MA0106202201A0031917,플라스틱팜,,G2,소매,G221,기타 상품 소매,G22199,그 외 기타 상품 전문 소매업,G47859,그 외 기타 분류 안된 상품 전문 소매업,51,강원특별자치도,51730,횡성군,51730330,둔내면,5173033031,둔내면,5173033031100820005,1,대지,82,5,강원특별자치도 횡성군 둔내면 화동리 82-5,517304478627,강원특별자치도 횡성군 둔내면 화동삽교로2길,127,,4273033031100820005007334,,강원특별자치도 횡성군 둔내면 화동삽교로2길 127,225833,25260,,,,128.239252254372,37.5599343306739
MA0101202411A0182654,아름다운가게,미사역점,G2,소매,G221,기타 상품 소매,G22199,그 외 기타 상품 전문 소매업,G47859,그 외 기타 분류 안된 상품 전문 소매업,41,경기도,41450,하남시,41450610,미사1동,4145010900,망월동,4145010900111290001,1,대지,1129,1,경기도 하남시 망월동 1129-1,414504853315,경기도 하남시 미사강변동로84번길,21,,4145010900111290001000001,남송타워,경기도 하남시 미사강변동로84번길 21,465150,12912,,,,127.194247976973,37.5631344317309
MA0106202201A0153901,구구스,,G2,소매,G221,기타 상품 소매,G22199,그 외 기타 상품 전문 소매업,G47859,그 외 기타 분류 안된 상품 전문 소매업,11,서울특별시,11680,강남구,11680630,대치4동,1168010600,대치동,1168010600109230016,1,대지,923,16,서울특별시 강남구 대치동 923-16,116804166486,서울특별시 강남구 선릉로64길,17,,1168010600109230016014062,,서울특별시 강남구 선릉로64길 17,135843,06205,,,,127.053671058775,37.4982207231772
MA0106202201A0321659,대한깔끔이,,G2,소매,G221,기타 상품 소매,G22199,그 외 기타 상품 전문 소매업,G47859,그 외 기타 분류 안된 상품 전문 소매업,41,경기도,41360,남양주시,41360253,진접읍,4136025322,진접읍,4136025322106780008,1,대지,678,8,경기도 남양주시 진접읍 내각리 678-8,413603197009,경기도 남양주시 진접읍 내각1로,23,,4136025322106780008023168,,경기도 남양주시 진접읍 내각1로 23,472862,12074,,,,127.162141783929,37.7007092417959
MA0106202201A0039072,대박생활용품,,G2,소매,G221,기타 상품 소매,G22199,그 외 기타 상품 전문 소매업,G47859,그 외 기타 분류 안된 상품 전문 소매업,41,경기도,41133,성남시 중원구,41133510,성남동,4113310100,성남동,4113310100121640000,1,대지,2164,,경기도 성남시 중원구 성남동 2164,411332179002,경기도 성남시 중원구 산성대로,198,,4113310100121640000022143,,경기도 성남시 중원구 산성대로 198,462824,13357,,,,127.140621376763,37.436700312093
MA0106202201A0568687,아이스유통,,G2,소매,G221,기타 상품 소매,G22199,그 외 기타 상품 전문 소매업,G47859,그 외 기타 분류 안된 상품 전문 소매업,44,충청남도,44131,천안시 동남구,44131580,청룡동,4413110800,구성동,4413110800103010004,1,대지,301,4,충청남도 천안시 동남구 구성동 301-4,441313249055,충청남도 천안시 동남구 충절로,311,,4413110800103010004033096,,충청남도 천안시 동남구 충절로 311,330986,31193,,,,127.162503038118,36.7918798835748
MA0106202201A0621370,만물스토어,,G2,소매,G221,기타 상품 소매,G22199,그 외 기타 상품 전문 소매업,G47859,그 외 기타 분류 안된 상품 전문 소매업,28,인천광역시,28200,남동구,28200540,간석2동,2820010200,간석동,2820010200109130000,1,대지,913,,인천광역시 남동구 간석동 913,282003153084,인천광역시 남동구 백범로,275,1,2820010200109130001020022,,인천광역시 남동구 백범로 275-1,405232,21546,,,,126.718630847792,37.4614611385197
MA0106202201A0278423,동진광고,,G2,소매,G221,기타 상품 소매,G22199,그 외 기타 상품 전문 소매업,G47859,그 외 기타 분류 안된 상품 전문 소매업,41,경기도,41133,성남시 중원구,41133660,하대원동,4113310900,하대원동,4113310900101100006,1,대지,110,6,경기도 성남시 중원구 하대원동 110-6,411333179021,경기도 성남시 중원구 제일로,23,,4113310900101100007070278,,경기도 성남시 중원구 제일로 23,462838,13385,,,,127.13713863644,37.4291268620629
MA0106202201A0013492,라니내츄럴라니그룹,,G2,소매,G221,기타 상품 소매,G22199,그 외 기타 상품 전문 소매업,G47859,그 외 기타 분류 안된 상품 전문 소매업,41,경기도,41650,포천시,41650320,내촌면,4165032024,내촌면,4165032024101030001,1,대지,103,1,경기도 포천시 내촌면 내리 103-1,416504439364,경기도 포천시 내촌면 안골길,88,,4165032024101030001003396,,경기도 포천시 내촌면 안골길 88,487831,11189,,,,127.236757613737,37.7835170568817
MA0106202201A0355704,정선남일,,G2,소매,G221,기타 상품 소매,G22199,그 외 기타 상품 전문 소매업,G47859,그 외 기타 분류 안된 상품 전문 소매업,51,강원특별자치도,51770,정선군,51770250,정선읍,5177025021,정선읍,5177025021103380004,1,대지,338,4,강원특별자치도 정선군 정선읍 봉양리 338-4,517704487146,강원특별자치도 정선군 정선읍 봉양6길,26,,4277025021103380004009289,,강원특별자치도 정선군 정선읍 봉양6길 26,233804,26130,,,,128.663675763057,37.3799298296847
MA0106202201A0603544,동영과학,,G2,소매,G221,기타 상품 소매,G22199,그 외 기타 상품 전문 소매업,G47859,그 외 기타 분류 안된 상품 전문 소매업,41,경기도,41173,안양시 동안구,41173570,평촌동,4117310300,평촌동,4117310300101260001,1,대지,126,1,경기도 안양시 동안구 평촌동 126-1,411732000018,경기도 안양시 동안구 흥안대로,415,,4117310300101260001006859,,경기도 안양시 동안구 흥안대로 415,431755,14059,,,,126.972942784508,37.391621778818
MA0106202201A0622649,애드랩바이오,,G2,소매,G221,기타 상품 소매,G22199,그 외 기타 상품 전문 소매업,G47859,그 외 기타 분류 안된 상품 전문 소매업,11,서울특별시,11440,마포구,11440660,서교동,1144012100,동교동,1144012100101570001,1,대지,157,1,서울특별시 마포구 동교동 157-1,114404139529,서울특별시 마포구 월드컵북로2길,65,,1144012100101570001028849,,서울특별시 마포구 월드컵북로2길 65,121816,03994,,,,126.923718579511,37.5579807346143
MA0101202411A0180774,금성소방,,G2,소매,G221,기타 상품 소매,G22199,그 외 기타 상품 전문 소매업,G47859,그 외 기타 분류 안된 상품 전문 소매업,29,광주광역시,29140,서구,29140800,서창동,2914012900,벽진동,2914012900102260003,1,대지,226,3,광주광역시 서구 벽진동 226-3,291404280156,광주광역시 서구 벽진학두길,22,,2914012900102260003012981,,광주광역시 서구 벽진학두길 22,502151,62010,,1,,126.838002210232,35.1303396039724
MA0106202201A0024620,서령민물엄지장어,,G2,소매,G221,기타 상품 소매,G22199,그 외 기타 상품 전문 소매업,G47859,그 외 기타 분류 안된 상품 전문 소매업,44,충청남도,44210,서산시,44210535,동문2동,4421010200,동문동,4421010200108960002,1,대지,896,2,충청남도 서산시 동문동 896-2,442103254092,충청남도 서산시 시장1로,4,6,4421010200108960002035381,,충청남도 서산시 시장1로 4-6,356803,31981,,,,126.455491433142,36.7817515595097
MA0106202201A0616757,행복앤코,,G2,소매,G221,기타 상품 소매,G22199,그 외 기타 상품 전문 소매업,G47859,그 외 기타 분류 안된 상품 전문 소매업,41,경기도,41390,시흥시,41390597,배곧2동,4139013500,배곧동,4139013500102040000,1,대지,204,,경기도 시흥시 배곧동 204,413904853128,경기도 시흥시 서울대학로278번길,61,,4139013200117710001000015,,경기도 시흥시 서울대학로278번길 61,,15011,,,,126.730675060522,37.3681889420436
MA0106202201A0237557,LABDOKU,,G2,소매,G221,기타 상품 소매,G22199,그 외 기타 상품 전문 소매업,G47859,그 외 기타 분류 안된 상품 전문 소매업,11,서울특별시,11680,강남구,11680510,신사동,1168010700,신사동,1168010700105110005,1,대지,511,5,서울특별시 강남구 신사동 511-5,116804166023,서울특별시 강남구 강남대로156길,16,,1168010700105110005011928,,서울특별시 강남구 강남대로156길 16,135887,06035,,,,127.020519413172,37.518107300302
MA0106202201A0101327,한빛푸드유통,,G2,소매,G221,기타 상품 소매,G22199,그 외 기타 상품 전문 소매업,G47859,그 외 기타 분류 안된 상품 전문 소매업,30,대전광역시,30230,대덕구,30230560,석봉동,3023011100,석봉동,3023011100103090041,1,대지,309,41,대전광역시 대덕구 석봉동 309-41,302304304276,대전광역시 대덕구 석봉북로9번길,66,,3023011100103090041000001,,대전광역시 대덕구 석봉북로9번길 66,306810,34317,,,,127.421333214486,36.4480661593648
MA0106202201A0479311,롤로토바코샾,야음점,G2,소매,G221,기타 상품 소매,G22199,그 외 기타 상품 전문 소매업,G47859,그 외 기타 분류 안된 상품 전문 소매업,31,울산광역시,31140,남구,31140625,대현동,3114010800,야음동,3114010800104020011,1,대지,402,11,울산광역시 남구 야음동 402-11,311404310535,울산광역시 남구 수암로224번길,42,,3114010800104020011030698,,울산광역시 남구 수암로224번길 42,680842,44764,,,,129.33020588933,35.5214630086125
MA0106202201A0387766,아이엠카이트,,G2,소매,G221,기타 상품 소매,G22199,그 외 기타 상품 전문 소매업,G47859,그 외 기타 분류 안된 상품 전문 소매업,41,경기도,41360,남양주시,41360256,화도읍,4136025626,화도읍,4136025626105650024,1,대지,565,24,경기도 남양주시 화도읍 답내리 565-24,413604391087,경기도 남양주시 화도읍 경춘로2247번길,37,58,4136025626200220001000002,,경기도 남양주시 화도읍 경춘로2247번길 37-58,472844,12188,,,,127.337271444447,37.6616775637889
MA0106202201A0430794,허니딜라이트,,G2,소매,G221,기타 상품 소매,G22199,그 외 기타 상품 전문 소매업,G47859,그 외 기타 분류 안된 상품 전문 소매업,11,서울특별시,11410,서대문구,11410555,북아현동,1141011000,북아현동,1141011000102380001,1,대지,238,1,서울특별시 서대문구 북아현동 238-1,114104136210,서울특별시 서대문구 신촌로27길,13,,1141011000102380001026950,,서울특별시 서대문구 신촌로27길 13,120822,03767,,,,126.950621069352,37.5575625719732
MA0106202201A0180667,제이이글로벌,,G2,소매,G221,기타 상품 소매,G22199,그 외 기타 상품 전문 소매업,G47859,그 외 기타 분류 안된 상품 전문 소매업,28,인천광역시,28237,부평구,28237550,부평5동,2823710100,부평동,2823710100101930014,1,대지,193,14,인천광역시 부평구 부평동 193-14,282374262521,인천광역시 부평구 시장로29번길,7,,2823710100101930014102390,,인천광역시 부평구 시장로29번길 7,403821,21394,,,,126.725170327995,37.493705542344
MA0101202411A0187756,이에스지컴퍼니,,G2,소매,G221,기타 상품 소매,G22199,그 외 기타 상품 전문 소매업,G47859,그 외 기타 분류 안된 상품 전문 소매업,11,서울특별시,11680,강남구,11680640,역삼1동,1168010100,역삼동,1168010100107020013,1,대지,702,13,서울특별시 강남구 역삼동 702-13,116803122010,서울특별시 강남구 테헤란로,313,,1168010100107020013022717,성지하이츠,서울특별시 강남구 테헤란로 313,135917,06151,,1,,127.045260759879,37.5038014712815
MA0103202411C0002545,대영식품,,G2,소매,G221,기타 상품 소매,G22199,그 외 기타 상품 전문 소매업,G47859,그 외 기타 분류 안된 상품 전문 소매업,52,전북특별자치도,52190,남원시,52190310,주천면,5219031021,주천면,5219031021104040001,1,대지,404,1,전북특별자치도 남원시 주천면 주천리 404-1,521904613664,전북특별자치도 남원시 주천면 하주1길,17,4,4519031021104040001005831,,전북특별자치도 남원시 주천면 하주1길 17-4,590811,55803,,,,127.402385581553,35.3789277700928
MA0106202201A0505000,울산동심,,G2,소매,G221,기타 상품 소매,G22199,그 외 기타 상품 전문 소매업,G47859,그 외 기타 분류 안된 상품 전문 소매업,31,울산광역시,31110,중구,31110520,반구1동,3111011800,반구동,3111011800107840018,1,대지,784,18,울산광역시 중구 반구동 784-18,311104307099,울산광역시 중구 내황4길,56,1,3111011800107840018018003,,울산광역시 중구 내황4길 56-1,681806,44504,,,,129.34490442994,35.5519761234215
MA0106202201A0641065,보령머드화장품,,G2,소매,G221,기타 상품 소매,G22199,그 외 기타 상품 전문 소매업,G47859,그 외 기타 분류 안된 상품 전문 소매업,44,충청남도,44180,보령시,44180565,대천5동,4418010900,요암동,4418010900100600000,1,대지,60,,충청남도 보령시 요암동 60,441803252011,충청남도 보령시 대해로,415,,4418010900100600000012132,,충청남도 보령시 대해로 415,355110,33491,,,,126.561133388608,36.3288776846316
MA0106202201A0567498,카이카,,G2,소매,G221,기타 상품 소매,G22199,그 외 기타 상품 전문 소매업,G47859,그 외 기타 분류 안된 상품 전문 소매업,11,서울특별시,11470,양천구,11470520,목2동,1147010200,목동,1147010200105230052,1,대지,523,52,서울특별시 양천구 목동 523-52,114704142188,서울특별시 양천구 목동중앙북로20길,19,,1147010200105230052020292,,서울특별시 양천구 목동중앙북로20길 19,158808,07970,,,,126.87583155537,37.5454072074803
MA0106202201A0087985,숲소리,,G2,소매,G221,기타 상품 소매,G22199,그 외 기타 상품 전문 소매업,G47859,그 외 기타 분류 안된 상품 전문 소매업,41,경기도,41480,파주시,41480320,탄현면,4148032027,탄현면,4148032027104670001,1,대지,467,1,경기도 파주시 탄현면 축현리 467-1,414804418275,경기도 파주시 탄현면 방촌로538번길,43,9,4148032027104670001003164,,경기도 파주시 탄현면 방촌로538번길 43-9,413843,10858,,,,126.720376499266,37.7927570664533
MA0106202201A0603622,이공교역,,G2,소매,G221,기타 상품 소매,G22199,그 외 기타 상품 전문 소매업,G47859,그 외 기타 분류 안된 상품 전문 소매업,11,서울특별시,11680,강남구,11680650,역삼2동,1168010100,역삼동,1168010100107180002,1,대지,718,2,서울특별시 강남구 역삼동 718-2,116803122010,서울특별시 강남구 테헤란로,208,,1168010100107180003028090,,서울특별시 강남구 테헤란로 208,135920,06220,,,,127.039106983104,37.5011366919502
MA0106202201A0384046,엔사이언스,,G2,소매,G221,기타 상품 소매,G22199,그 외 기타 상품 전문 소매업,G47859,그 외 기타 분류 안된 상품 전문 소매업,51,강원특별자치도,51110,춘천시,51110650,석사동,5111012400,석사동,5111012400109640005,1,대지,964,5,강원특별자치도 춘천시 석사동 964-5,511104454442,강원특별자치도 춘천시 스무숲4길,34,,4211012400109640005000001,,강원특별자치도 춘천시 스무숲4길 34,200972,24416,,,,127.752927898679,37.8482799957458
MA0106202201A0496496,다솜식자재유통,,G2,소매,G221,기타 상품 소매,G22199,그 외 기타 상품 전문 소매업,G47859,그 외 기타 분류 안된 상품 전문 소매업,41,경기도,41113,수원시 권선구,41113550,평동,4111312800,고색동,4111312800101540000,1,대지,154,,경기도 수원시 권선구 고색동 154,411133012003,경기도 수원시 권선구 매송고색로,780,,4111312800101540000036334,,경기도 수원시 권선구 매송고색로 780,441805,16647,,,,126.989528370638,37.252991431954
MA0106202201A0329365,농수산물유통,,G2,소매,G221,기타 상품 소매,G22199,그 외 기타 상품 전문 소매업,G47859,그 외 기타 분류 안된 상품 전문 소매업,41,경기도,41310,구리시,41310520,동구동,4131010300,인창동,4131010300101270000,1,대지,127,,경기도 구리시 인창동 127,413104388055,경기도 구리시 동구릉로136번길,90,,4131010300101270000000001,,경기도 구리시 동구릉로136번길 90,471728,11916,,,,127.143170625692,37.6119781165087
MA0106202201A0571956,베이프스토어,,G2,소매,G221,기타 상품 소매,G22199,그 외 기타 상품 전문 소매업,G47859,그 외 기타 분류 안된 상품 전문 소매업,44,충청남도,44133,천안시 서북구,44133253,성거읍,4413325321,성거읍,4413325321102180037,1,대지,218,37,충청남도 천안시 서북구 성거읍 송남리 218-37,441334550330,충청남도 천안시 서북구 성거읍 성거길,10,,4413325321102180037038180,,충청남도 천안시 서북구 성거읍 성거길 10,331834,31046,,,,127.196397562827,36.8673775426061
MA0106202201A0177199,아이비즈메리,,G2,소매,G221,기타 상품 소매,G22199,그 외 기타 상품 전문 소매업,G47859,그 외 기타 분류 안된 상품 전문 소매업,28,인천광역시,28237,부평구,28237670,일신동,2823710800,일신동,2823710800101090004,1,대지,109,4,인천광역시 부평구 일신동 109-4,282373000028,인천광역시 부평구 경인로,1120,1,2823710800101090004202716,,인천광역시 부평구 경인로 1120-1,403110,21419,,,,126.744242038211,37.4851798087658
MA0106202201A0021904,새홍천볼링샾,,G2,소매,G221,기타 상품 소매,G22199,그 외 기타 상품 전문 소매업,G47859,그 외 기타 분류 안된 상품 전문 소매업,51,강원특별자치도,51720,홍천군,51720250,홍천읍,5172025029,홍천읍,5172025029102120003,1,대지,212,3,강원특별자치도 홍천군 홍천읍 연봉리 212-3,517203225019,강원특별자치도 홍천군 홍천읍 무궁화로,54,6,4272025029102120003034905,,강원특별자치도 홍천군 홍천읍 무궁화로 54-6,250930,25145,,,,127.874853574437,37.683862803854
MA0106202201A0377861,대봉캠핑랜드대봉먹거리관,,G2,소매,G221,기타 상품 소매,G22199,그 외 기타 상품 전문 소매업,G47859,그 외 기타 분류 안된 상품 전문 소매업,48,경상남도,48870,함양군,48870400,병곡면,4887040021,병곡면,4887040021100240001,1,대지,24,1,경상남도 함양군 병곡면 옥계리 24-1,488703346024,경상남도 함양군 병곡면 함양남서로,1824,,4887040021100240001000001,,경상남도 함양군 병곡면 함양남서로 1824,676862,50027,,,,127.676769722389,35.5320131520852
MA0106202201A0386556,정원사주드,,G2,소매,G221,기타 상품 소매,G22199,그 외 기타 상품 전문 소매업,G47859,그 외 기타 분류 안된 상품 전문 소매업,26,부산광역시,26350,해운대구,26350650,재송1동,2635010400,재송동,2635010400112080002,1,대지,1208,2,부산광역시 해운대구 재송동 1208-2,263503133020,부산광역시 해운대구 센텀중앙로,97,,2635010400112080002000001,,부산광역시 해운대구 센텀중앙로 97,612051,48058,,,,129.124504748223,35.1751583390907
MA0101202411A0189375,태산안전,,G2,소매,G221,기타 상품 소매,G22199,그 외 기타 상품 전문 소매업,G47859,그 외 기타 분류 안된 상품 전문 소매업,28,인천광역시,28110,중구,28110615,개항동,2811013900,북성동2가,2811013900100110030,1,대지,11,30,인천광역시 중구 북성동2가 11-30,281104247361,인천광역시 중구 차이나타운로44번길,25,1,2811013900100110006000001,,인천광역시 중구 차이나타운로44번길 25-1,400202,22312,,2,,126.617996031285,37.4754325901922
MA0106202201A0564135,대풍농산,코리아,G2,소매,G221,기타 상품 소매,G22199,그 외 기타 상품 전문 소매업,G47859,그 외 기타 분류 안된 상품 전문 소매업,11,서울특별시,11215,광진구,11215750,중곡2동,1121510100,중곡동,1121510100100560001,1,대지,56,1,서울특별시 광진구 중곡동 56-1,112153005028,서울특별시 광진구 용마산로,75,,1121510100100560001000703,,서울특별시 광진구 용마산로 75,143886,04936,,,,127.087273761762,37.5604148224159
MA0106202201A0076281,승원캐터링,,G2,소매,G221,기타 상품 소매,G22199,그 외 기타 상품 전문 소매업,G47859,그 외 기타 분류 안된 상품 전문 소매업,11,서울특별시,11680,강남구,11680640,역삼1동,1168010100,역삼동,1168010100106880003,1,대지,688,3,서울특별시 강남구 역삼동 688-3,116803005086,서울특별시 강남구 언주로,554,,1168010100106880003026143,,서울특별시 강남구 언주로 554,135917,06144,,,,127.040173440065,37.5074794121712
MA0106202201A0173043,DC프라자,,G2,소매,G221,기타 상품 소매,G22199,그 외 기타 상품 전문 소매업,G47859,그 외 기타 분류 안된 상품 전문 소매업,28,인천광역시,28237,부평구,28237670,일신동,2823710800,일신동,2823710800101080031,1,대지,108,31,인천광역시 부평구 일신동 108-31,282374262630,인천광역시 부평구 일신로14번길,26,,2823710800101080031202496,,인천광역시 부평구 일신로14번길 26,403110,21419,,,,126.74409815609,37.4842694810455
MA0106202201A0509486,오산스토어,,G2,소매,G221,기타 상품 소매,G22199,그 외 기타 상품 전문 소매업,G47859,그 외 기타 분류 안된 상품 전문 소매업,41,경기도,41370,오산시,41370546,신장2동,4137010800,수청동,4137010800100540000,1,대지,54,,경기도 오산시 수청동 54,413703198010,경기도 오산시 내삼미로,25,,4137010800100540000000001,,경기도 오산시 내삼미로 25,447290,18114,,,,127.067654226574,37.1647327003609
MA0106202201A0324912,오시날개,,G2,소매,G221,기타 상품 소매,G22199,그 외 기타 상품 전문 소매업,G47859,그 외 기타 분류 안된 상품 전문 소매업,41,경기도,41360,남양주시,41360256,화도읍,4136025622,화도읍,4136025622103580012,1,대지,358,12,경기도 남양주시 화도읍 묵현리 358-12,413603000120,경기도 남양주시 화도읍 경춘로,1753,,4136025622103580012003135,,경기도 남양주시 화도읍 경춘로 1753,472846,12171,,,,127.285156234263,37.6576074914449
MA0106202201A0647445,더뷰티아미고,,G2,소매,G221,기타 상품 소매,G22199,그 외 기타 상품 전문 소매업,G47859,그 외 기타 분류 안된 상품 전문 소매업,11,서울특별시,11350,노원구,11350640,상계2동,1135010500,상계동,1135010500105810120,1,대지,581,120,서울특별시 노원구 상계동 581-120,113504130277,서울특별시 노원구 상계로1길,54,3,1135010500105810120007773,,서울특별시 노원구 상계로1길 54-3,139821,01693,,,,127.061673948052,37.6584766199001
MA0106202201A0156055,구미365안전종합상사,,G2,소매,G221,기타 상품 소매,G22199,그 외 기타 상품 전문 소매업,G47859,그 외 기타 분류 안된 상품 전문 소매업,47,경상북도,47190,구미시,47190680,진미동,4719012500,임수동,4719012500103970011,1,대지,397,11,경상북도 구미시 임수동 397-11,471903018095,경상북도 구미시 3공단1로,311,,4719012500103970007008590,,경상북도 구미시 3공단1로 311,730350,39392,,,,128.402058215924,36.1098949430542
MA0106202201A0484283,유안유통,,G2,소매,G221,기타 상품 소매,G22199,그 외 기타 상품 전문 소매업,G47859,그 외 기타 분류 안된 상품 전문 소매업,41,경기도,41570,김포시,41570340,대곶면,4157034033,대곶면,4157034033107390005,1,대지,739,5,경기도 김포시 대곶면 대명리 739-5,415704427200,경기도 김포시 대곶면 대명항로551번길,2,,4157034033107390005000001,,경기도 김포시 대곶면 대명항로551번길 2,415853,10042,,,,126.559871770828,37.6454814478345
MA0106202201A0313092,한국건설생활환경시험연구원,,G2,소매,G221,기타 상품 소매,G22199,그 외 기타 상품 전문 소매업,G47859,그 외 기타 분류 안된 상품 전문 소매업,28,인천광역시,28200,남동구,28200583,만수6동,2820010300,만수동,2820010300110110001,1,대지,1011,1,인천광역시 남동구 만수동 1011-1,282003153045,인천광역시 남동구 소래로,628,,2820010300110110001007655,,인천광역시 남동구 소래로 628,405868,21594,,,,126.732883562465,37.4457175179899
MA0106202201A0611260,메종드제니,,G2,소매,G221,기타 상품 소매,G22199,그 외 기타 상품 전문 소매업,G47859,그 외 기타 분류 안된 상품 전문 소매업,11,서울특별시,11740,강동구,11740570,암사1동,1174010700,암사동,1174010700105010021,1,대지,501,21,서울특별시 강동구 암사동 501-21,117404172304,서울특별시 강동구 올림픽로98길,8,9,1174010700105010021016996,,서울특별시 강동구 올림픽로98길 8-9,134859,05264,,,,127.128579572481,37.5508084757146
MA0106202201A0628963,하나금속,,G2,소매,G221,기타 상품 소매,G22199,그 외 기타 상품 전문 소매업,G47859,그 외 기타 분류 안된 상품 전문 소매업,11,서울특별시,11710,송파구,11710610,삼전동,1171010600,삼전동,1171010600101010011,1,대지,101,11,서울특별시 송파구 삼전동 101-11,117103123006,서울특별시 송파구 백제고분로,241,,1171010600101010011008082,,서울특별시 송파구 백제고분로 241,138839,05604,,,,127.093472388698,37.5030703766928
MA0106202201A0057004,가자안전센터,,G2,소매,G221,기타 상품 소매,G22199,그 외 기타 상품 전문 소매업,G47859,그 외 기타 분류 안된 상품 전문 소매업,11,서울특별시,11560,영등포구,11560540,여의동,1156011000,여의도동,1156011000100140002,1,대지,14,2,서울특별시 영등포구 여의도동 14-2,115604154090,서울특별시 영등포구 국회대로70길,7,,1156011000100140004031089,,서울특별시 영등포구 국회대로70길 7,150871,07238,,,,126.919911818851,37.5299931795935
MA0106202201A0233846,줄리아티룸,,G2,소매,G221,기타 상품 소매,G22199,그 외 기타 상품 전문 소매업,G47859,그 외 기타 분류 안된 상품 전문 소매업,41,경기도,41465,용인시 수지구,41465555,죽전3동,4146510200,죽전동,4146510200104140000,1,대지,414,,경기도 용인시 수지구 죽전동 414,414653205028,경기도 용인시 수지구 푸른솔로,49,,4146510200104140000028691,도담마을뜨리에체7단지,경기도 용인시 수지구 푸른솔로 49,448983,16874,,,,127.114835027494,37.3249291364961
MA0106202201A0012288,멀티샵,,G2,소매,G221,기타 상품 소매,G22199,그 외 기타 상품 전문 소매업,G47859,그 외 기타 분류 안된 상품 전문 소매업,41,경기도,41410,군포시,41410620,광정동,4141010400,산본동,4141010400111290002,1,대지,1129,2,경기도 군포시 산본동 1129-2,414104400232,경기도 군포시 산본로323번길,10,6,4141010400111290002005508,,경기도 군포시 산본로323번길 10-6,435804,15865,,,,126.932701878153,37.3594841838365
MA0106202201A0247007,파워클럽,,G2,소매,G221,기타 상품 소매,G22199,그 외 기타 상품 전문 소매업,G47859,그 외 기타 분류 안된 상품 전문 소매업,41,경기도,41150,의정부시,41150545,호원1동,4115010200,호원동,4115010200102020030,1,대지,202,30,경기도 의정부시 호원동 202-30,411504343388,경기도 의정부시 평화로15번길,42,,4115010200102020030017116,,경기도 의정부시 평화로15번길 42,480854,11648,,,,127.044651022686,37.6949288928306
MA0106202201A0650173,인선메딕스,,G2,소매,G221,기타 상품 소매,G22199,그 외 기타 상품 전문 소매업,G47859,그 외 기타 분류 안된 상품 전문 소매업,11,서울특별시,11350,노원구,11350595,공릉1동,1135010300,공릉동,1135010300105710024,1,대지,571,24,서울특별시 노원구 공릉동 571-24,113504130175,서울특별시 노원구 동일로179길,36,15,1135010300105710024017141,,서울특별시 노원구 동일로179길 36-15,139807,01856,,,,127.071861554165,37.6224404853158
MA0106202201A0387243,토라누리,,G2,소매,G221,기타 상품 소매,G22199,그 외 기타 상품 전문 소매업,G47859,그 외 기타 분류 안된 상품 전문 소매업,11,서울특별시,11500,강서구,11500630,방화1동,1150010500,마곡동,1150010500112820000,1,대지,1282,,서울특별시 강서구 마곡동 1282,115004145400,서울특별시 강서구 양천로26길,18,,1150010900101800007003587,,서울특별시 강서구 양천로26길 18,157221,07592,,,,126.817918537993,37.5727854539159
MA0106202201A0258219,김형준통증케어,,G2,소매,G221,기타 상품 소매,G22199,그 외 기타 상품 전문 소매업,G47859,그 외 기타 분류 안된 상품 전문 소매업,11,서울특별시,11410,서대문구,11410720,북가좌2동,1141011900,북가좌동,1141011900100730005,1,대지,73,5,서울특별시 서대문구 북가좌동 73-5,114104136342,서울특별시 서대문구 증가로23다길,26,13,1141011900100730005001616,,서울특별시 서대문구 증가로23다길 26-13,120810,03684,,,,126.913077801522,37.579290930631
MA0106202201A0290800,에코랩인더스트리,,G2,소매,G221,기타 상품 소매,G22199,그 외 기타 상품 전문 소매업,G47859,그 외 기타 분류 안된 상품 전문 소매업,11,서울특별시,11305,강북구,11305625,수유2동,1130510300,수유동,1130510300106480000,1,대지,648,,서울특별시 강북구 수유동 648,113054124177,서울특별시 강북구 삼양로116길,20,,1130510300106480000009577,수유벽산2차,서울특별시 강북구 삼양로116길 20,142877,01042,,,,127.018083782118,37.6435620678497
MA0106202201A0114400,코아사이언스,,G2,소매,G221,기타 상품 소매,G22199,그 외 기타 상품 전문 소매업,G47859,그 외 기타 분류 안된 상품 전문 소매업,11,서울특별시,11530,구로구,11530540,구로3동,1153010200,구로동,1153010200111270026,1,대지,1127,26,서울특별시 구로구 구로동 1127-26,115304148336,서울특별시 구로구 디지털로32가길,9,,1153010200111270031022704,,서울특별시 구로구 디지털로32가길 9,152880,08392,,,,126.899350822236,37.4827197452497
MA0106202201A0589119,금정복권,,G2,소매,G221,기타 상품 소매,G22199,그 외 기타 상품 전문 소매업,G47859,그 외 기타 분류 안된 상품 전문 소매업,11,서울특별시,11320,도봉구,11320515,창5동,1132010700,창동,1132010700108050000,1,대지,805,,서울특별시 도봉구 창동 805,113204127027,서울특별시 도봉구 노해로63다길,24,,1132010700108050000013726,동아그린아파트,서울특별시 도봉구 노해로63다길 24,132793,01399,,,,127.046269720575,37.6540598455962
MA0106202201A0379623,번영마트,,G2,소매,G221,기타 상품 소매,G22199,그 외 기타 상품 전문 소매업,G47859,그 외 기타 분류 안된 상품 전문 소매업,28,인천광역시,28260,서구,28260720,오류왕길동,2826011900,오류동,2826011900104340048,1,대지,434,48,인천광역시 서구 오류동 434-48,282602156002,인천광역시 서구 원당대로,245,11,2826011900104340048000001,,인천광역시 서구 원당대로 245-11,404300,22662,,,,126.628873582745,37.5892000142936
MA0106202201A0563251,나래플러스,,G2,소매,G221,기타 상품 소매,G22199,그 외 기타 상품 전문 소매업,G47859,그 외 기타 분류 안된 상품 전문 소매업,11,서울특별시,11200,성동구,11200690,성수2가3동,1120011500,성수동2가,1120011500102840063,1,대지,284,63,서울특별시 성동구 성수동2가 284-63,112004109395,서울특별시 성동구 아차산로5길,10,,1120011500102840063004974,,서울특별시 성동구 아차산로5길 10,133833,04793,,,,127.052585476948,37.5466501009179
MA0106202201A0428780,안산청소용품점토탈크린68,,G2,소매,G221,기타 상품 소매,G22199,그 외 기타 상품 전문 소매업,G47859,그 외 기타 분류 안된 상품 전문 소매업,41,경기도,41271,안산시 상록구,41271532,사이동,4127110300,사동,4127110300114120010,1,대지,1412,10,경기도 안산시 상록구 사동 1412-10,412714370484,경기도 안산시 상록구 초당2길,9,,4127110300114120010042435,,경기도 안산시 상록구 초당2길 9,426825,15629,,,,126.850078052934,37.2840639792274
MA0106202201A0298555,더망고,,G2,소매,G221,기타 상품 소매,G22199,그 외 기타 상품 전문 소매업,G47859,그 외 기타 분류 안된 상품 전문 소매업,41,경기도,41192,부천시 원미구,41192600,도당동,4119210400,도당동,4119210400102640010,1,대지,264,10,경기도 부천시 원미구 도당동 264-10,411924352022,경기도 부천시 원미구 길주로391번길,56,,4119510400102640010016992,,경기도 부천시 원미구 길주로391번길 56,420808,14525,,,,126.785734790208,37.5059674412972
MA0106202201A0254273,꼬끼오백석동화점,,G2,소매,G221,기타 상품 소매,G22199,그 외 기타 상품 전문 소매업,G47859,그 외 기타 분류 안된 상품 전문 소매업,41,경기도,41630,양주시,41630250,백석읍,4163025023,백석읍,4163025023102940002,1,대지,294,2,경기도 양주시 백석읍 복지리 294-2,416303212033,경기도 양주시 백석읍 양주산성로,627,,4163025023102940002041465,,경기도 양주시 백석읍 양주산성로 627,482836,11514,,,,126.984731106496,37.7855738733421
MA0106202201A0252243,랩스토어,,G2,소매,G221,기타 상품 소매,G22199,그 외 기타 상품 전문 소매업,G47859,그 외 기타 분류 안된 상품 전문 소매업,11,서울특별시,11560,영등포구,11560550,당산1동,1156011300,당산동3가,1156011300103950025,1,대지,395,25,서울특별시 영등포구 당산동3가 395-25,115604154069,서울특별시 영등포구 국회대로28길,17,,1156011300103950025031013,,서울특별시 영등포구 국회대로28길 17,150804,07256,,,,126.894279521373,37.5271168414304
MA0106202201A0650674,공우이엔씨한강잠원,1호점,G2,소매,G221,기타 상품 소매,G22199,그 외 기타 상품 전문 소매업,G47859,그 외 기타 분류 안된 상품 전문 소매업,11,서울특별시,11680,강남구,11680510,신사동,1168011000,압구정동,1168011000103860001,1,대지,386,1,서울특별시 강남구 압구정동 386-1,116802102001,서울특별시 강남구 강남대로,708,,1168011000103860001000001,,서울특별시 강남구 강남대로 708,135900,06000,,,,127.015928211969,37.5244420588134
MA0106202201A0329240,에이치엘비바이오스텝,,G2,소매,G221,기타 상품 소매,G22199,그 외 기타 상품 전문 소매업,G47859,그 외 기타 분류 안된 상품 전문 소매업,41,경기도,41310,구리시,41310520,동구동,4131010200,사노동,4131010200103600001,1,대지,360,1,경기도 구리시 사노동 360-1,413104388071,경기도 구리시 동구릉로460번길,44,,4131010200103600001000001,,경기도 구리시 동구릉로460번길 44,471040,11906,,,,127.141271182033,37.6376675257042
MA0106202201A0469403,수안컴퍼니,,G2,소매,G221,기타 상품 소매,G22199,그 외 기타 상품 전문 소매업,G47859,그 외 기타 분류 안된 상품 전문 소매업,27,대구광역시,27170,서구,27170525,내당2.3동,2717010100,내당동,2717010100108970012,1,대지,897,12,대구광역시 서구 내당동 897-12,271703143002,대구광역시 서구 달서로,19,,2717010100108970012006163,,대구광역시 서구 달서로 19,703806,41870,,,,128.571300723798,35.8638585480648
MA0106202201A0354094,수입주방,,G2,소매,G221,기타 상품 소매,G22199,그 외 기타 상품 전문 소매업,G47859,그 외 기타 분류 안된 상품 전문 소매업,41,경기도,41113,수원시 권선구,41113540,세류3동,4111312600,세류동,4111312600104970016,1,대지,497,16,경기도 수원시 권선구 세류동 497-16,411133012006,경기도 수원시 권선구 정조로,574,,4111312600104970016027644,,경기도 수원시 권선구 정조로 574,441870,16577,,,,127.013099207476,37.2600193082353
MA0106202201A0020858,다솜,,G2,소매,G221,기타 상품 소매,G22199,그 외 기타 상품 전문 소매업,G47859,그 외 기타 분류 안된 상품 전문 소매업,11,서울특별시,11140,중구,11140550,명동,1114010500,을지로2가,1114010500101490010,1,대지,149,10,서울특별시 중구 을지로2가 149-10,111403101006,서울특별시 중구 을지로,88,,1114010500100550007000001,,서울특별시 중구 을지로 88,100845,04542,,,,126.986870012429,37.5661496556429
MA0106202201A0162228,루나컴퍼니,,G2,소매,G221,기타 상품 소매,G22199,그 외 기타 상품 전문 소매업,G47859,그 외 기타 분류 안된 상품 전문 소매업,41,경기도,41273,안산시 단원구,41273535,호수동,4127310100,고잔동,4127310100107710003,1,대지,771,3,경기도 안산시 단원구 고잔동 771-3,412732190001,경기도 안산시 단원구 광덕대로,154,,4127310100107710003046655,,경기도 안산시 단원구 광덕대로 154,425906,15470,,,,126.830736657577,37.3101679485032
MA0106202201A0431264,엘리모어,,G2,소매,G221,기타 상품 소매,G22199,그 외 기타 상품 전문 소매업,G47859,그 외 기타 분류 안된 상품 전문 소매업,26,부산광역시,26350,해운대구,26350520,우2동,2635010500,우동,2635010500114700000,1,대지,1470,,부산광역시 해운대구 우동 1470,263503133020,부산광역시 해운대구 센텀중앙로,48,,2635010500114710000000001,,부산광역시 해운대구 센텀중앙로 48,612022,48059,,,,129.129859692776,35.1730186556248
MA0106202201A0065893,복지유니온,,G2,소매,G221,기타 상품 소매,G22199,그 외 기타 상품 전문 소매업,G47859,그 외 기타 분류 안된 상품 전문 소매업,11,서울특별시,11215,광진구,11215850,구의1동,1121510300,구의동,1121510300102520014,1,대지,252,14,서울특별시 광진구 구의동 252-14,112153104010,서울특별시 광진구 자양로,126,,1121510300102520014009555,,서울특별시 광진구 자양로 126,143826,05043,,,,127.08361668123,37.5389556900813
MA0106202201A0562679,한양대학교,,G2,소매,G221,기타 상품 소매,G22199,그 외 기타 상품 전문 소매업,G47859,그 외 기타 분류 안된 상품 전문 소매업,11,서울특별시,11200,성동구,11200550,사근동,1120010600,사근동,1120010600101100000,1,대지,110,,서울특별시 성동구 사근동 110,112003005011,서울특별시 성동구 왕십리로,222,,1120010600101020013020146,,서울특별시 성동구 왕십리로 222,133817,04763,,,,127.0466155153,37.554500303914
MA0106202201A0348617,몬즈컴퍼니,,G2,소매,G221,기타 상품 소매,G22199,그 외 기타 상품 전문 소매업,G47859,그 외 기타 분류 안된 상품 전문 소매업,41,경기도,41271,안산시 상록구,41271540,본오1동,4127110500,팔곡이동,4127110500104140013,1,대지,414,13,경기도 안산시 상록구 팔곡이동 414-13,412713190076,경기도 안산시 상록구 해안로,1319,,4127110500104140013038606,,경기도 안산시 상록구 해안로 1319,426807,15529,,,,126.886067764966,37.2949075334193
MA0106202201A0184232,NAMU코포레이션,,G2,소매,G221,기타 상품 소매,G22199,그 외 기타 상품 전문 소매업,G47859,그 외 기타 분류 안된 상품 전문 소매업,28,인천광역시,28140,동구,28140610,송림4동,2814010700,송림동,2814010700102950000,1,대지,295,,인천광역시 동구 송림동 295,281403150035,인천광역시 동구 방축로,105,,2814010700102950000001592,,인천광역시 동구 방축로 105,401821,22530,,,,126.656111278768,37.4841182260411
MA0106202201A0386816,잎순,,G2,소매,G221,기타 상품 소매,G22199,그 외 기타 상품 전문 소매업,G47859,그 외 기타 분류 안된 상품 전문 소매업,11,서울특별시,11710,송파구,11710632,가락2동,1171010700,가락동,1171010700101860003,1,대지,186,3,서울특별시 송파구 가락동 186-3,117104169133,서울특별시 송파구 문정로13길,11,14,1171010700101860003005590,,서울특별시 송파구 문정로13길 11-14,138812,05782,,,,127.134769335,37.4939663636867
MA0106202201A0385671,소풍,,G2,소매,G221,기타 상품 소매,G22199,그 외 기타 상품 전문 소매업,G47859,그 외 기타 분류 안된 상품 전문 소매업,51,강원특별자치도,51150,강릉시,51150520,중앙동,5115010800,성남동,5115010800100970001,1,대지,97,1,강원특별자치도 강릉시 성남동 97-1,511503220007,강원특별자치도 강릉시 금성로,35,,4215010800100970001001325,,강원특별자치도 강릉시 금성로 35,210050,25543,,,,128.896967647649,37.7531509521677
MA0106202201A0448443,더코지,,G2,소매,G221,기타 상품 소매,G22199,그 외 기타 상품 전문 소매업,G47859,그 외 기타 분류 안된 상품 전문 소매업,29,광주광역시,29170,북구,29170603,운암3동,2917010900,운암동,2917010900100650001,1,대지,65,1,광주광역시 북구 운암동 65-1,291702009002,광주광역시 북구 북문대로,86,10,2917010900100650001017853,,광주광역시 북구 북문대로 86-10,500856,61100,,,,126.878076342252,35.1782487480991
MA0106202201A0117374,썬리취더치즈샵,대치점,G2,소매,G221,기타 상품 소매,G22199,그 외 기타 상품 전문 소매업,G47859,그 외 기타 분류 안된 상품 전문 소매업,11,서울특별시,11680,강남구,11680630,대치4동,1168010600,대치동,1168010600109390027,1,대지,939,27,서울특별시 강남구 대치동 939-27,116803122012,서울특별시 강남구 도곡로,433,,1168010600109390027014074,,서울특별시 강남구 도곡로 433,135998,06208,,,,127.057651627015,37.4981017168417
MA0106202201A0135545,워터스,코리아,G2,소매,G221,기타 상품 소매,G22199,그 외 기타 상품 전문 소매업,G47859,그 외 기타 분류 안된 상품 전문 소매업,11,서울특별시,11560,영등포구,11560540,여의동,1156011000,여의도동,1156011000100120000,1,대지,12,,서울특별시 영등포구 여의도동 12,115603118018,서울특별시 영등포구 여의공원로,101,,1156011000100120000037285,,서울특별시 영등포구 여의공원로 101,150968,07241,,,,126.924890472267,37.529275649755
MA0106202201A0342342,한미종합유통,,G2,소매,G221,기타 상품 소매,G22199,그 외 기타 상품 전문 소매업,G47859,그 외 기타 분류 안된 상품 전문 소매업,41,경기도,41271,안산시 상록구,41271580,월피동,4127110900,월피동,4127110900104520004,1,대지,452,4,경기도 안산시 상록구 월피동 452-4,412714370331,경기도 안산시 상록구 안산천동로4길,30,,4127110900104520004042666,,경기도 안산시 상록구 안산천동로4길 30,426854,15283,,,,126.851886521382,37.3336682061371
MA0106202201A0495182,제주맘,,G2,소매,G221,기타 상품 소매,G22199,그 외 기타 상품 전문 소매업,G47859,그 외 기타 분류 안된 상품 전문 소매업,50,제주특별자치도,50110,제주시,50110520,일도2동,5011010200,일도이동,5011010200103380024,1,대지,338,24,제주특별자치도 제주시 일도이동 338-24,501104848104,제주특별자치도 제주시 신산로11길,6,,5011010200103380024030605,,제주특별자치도 제주시 신산로11길 6,690833,63274,,,,126.535265813938,33.5069859999896
MA0106202201A0421981,성창장갑,,G2,소매,G221,기타 상품 소매,G22199,그 외 기타 상품 전문 소매업,G47859,그 외 기타 분류 안된 상품 전문 소매업,41,경기도,41131,성남시 수정구,41131520,신흥2동,4113110100,신흥동,4113110100101130002,1,대지,113,2,경기도 성남시 수정구 신흥동 113-2,411313178018,경기도 성남시 수정구 수정로,251,,4113110100101130002012555,,경기도 성남시 수정구 수정로 251,461860,13259,,,,127.145150405769,37.4473448254424
MA0106202201A0188234,청해수산,,G2,소매,G221,기타 상품 소매,G22199,그 외 기타 상품 전문 소매업,G47859,그 외 기타 분류 안된 상품 전문 소매업,41,경기도,41171,안양시 만안구,41171510,안양1동,4117110100,안양동,4117110100106220141,1,대지,622,141,경기도 안양시 만안구 안양동 622-141,411714346303,경기도 안양시 만안구 장내로150번길,26,,4117110100106220141011242,,경기도 안양시 만안구 장내로150번길 26,430829,13996,,,,126.924977168089,37.3973315761063
MA0106202201A0603674,한국지열수열에너지학회,,G2,소매,G221,기타 상품 소매,G22199,그 외 기타 상품 전문 소매업,G47859,그 외 기타 분류 안된 상품 전문 소매업,41,경기도,41150,의정부시,41150561,장암동,4115010300,장암동,4115010300101600002,1,대지,160,2,경기도 의정부시 장암동 160-2,411503000001,경기도 의정부시 동일로,119,,4115010300101600009000001,,경기도 의정부시 동일로 119,480030,11726,,,,127.054167640973,37.6998982918757
MA0106202201A0342332,달빛성인용품유통,,G2,소매,G221,기타 상품 소매,G22199,그 외 기타 상품 전문 소매업,G47859,그 외 기타 분류 안된 상품 전문 소매업,41,경기도,41271,안산시 상록구,41271515,이동,4127110200,이동,4127110200105790000,1,대지,579,,경기도 안산시 상록구 이동 579,412713190071,경기도 안산시 상록구 충장로,270,1,4127110200105790000010491,,경기도 안산시 상록구 충장로 270-1,426857,15513,,,,126.858765920858,37.3055643899797
MA0106202201A0102843,가람청과,,G2,소매,G221,기타 상품 소매,G22199,그 외 기타 상품 전문 소매업,G47859,그 외 기타 분류 안된 상품 전문 소매업,11,서울특별시,11530,구로구,11530560,구로5동,1153010200,구로동,1153010200101110002,1,대지,111,2,서울특별시 구로구 구로동 111-2,115304148195,서울특별시 구로구 공원로7길,23,,1153010200101110002019776,,서울특별시 구로구 공원로7길 23,152844,08294,,,,126.887869180379,37.5016575810264
MA0106202201A0637174,티에스제이아이앤씨,,G2,소매,G221,기타 상품 소매,G22199,그 외 기타 상품 전문 소매업,G47859,그 외 기타 분류 안된 상품 전문 소매업,11,서울특별시,11710,송파구,11710642,문정2동,1171010800,문정동,1171010800106410004,1,대지,641,4,서울특별시 송파구 문정동 641-4,117103350849,서울특별시 송파구 법원로,127,,1171010800102070003000001,,서울특별시 송파구 법원로 127,138888,05836,,,,127.118756296125,37.4862889447379
MA0106202201A0578777,더담백,,G2,소매,G221,기타 상품 소매,G22199,그 외 기타 상품 전문 소매업,G47859,그 외 기타 분류 안된 상품 전문 소매업,11,서울특별시,11290,성북구,11290810,석관동,1129013900,석관동,1129013900104080001,1,대지,408,1,서울특별시 성북구 석관동 408-1,112903005046,서울특별시 성북구 화랑로,210,6,1129013900103400186000001,,서울특별시 성북구 화랑로 210-6,136150,02790,,,,127.053274506579,37.6084579915726
MA0106202201A0437957,에스제이오엔에스,,G2,소매,G221,기타 상품 소매,G22199,그 외 기타 상품 전문 소매업,G47859,그 외 기타 분류 안된 상품 전문 소매업,30,대전광역시,30140,중구,30140535,은행선화동,3014010200,선화동,3014010200101550002,1,대지,155,2,대전광역시 중구 선화동 155-2,301404295471,대전광역시 중구 선화서로130번길,45,,3014010200101550002015343,,대전광역시 중구 선화서로130번길 45,301824,34841,,,,127.415548229832,36.3357468895188
MA0106202201A0564364,신일종합유통,,G2,소매,G221,기타 상품 소매,G22199,그 외 기타 상품 전문 소매업,G47859,그 외 기타 분류 안된 상품 전문 소매업,11,서울특별시,11215,광진구,11215750,중곡2동,1121510100,중곡동,1121510100100390003,1,대지,39,3,서울특별시 광진구 중곡동 39-3,112154112084,서울특별시 광진구 긴고랑로15길,8,,1121510100100390003000421,,서울특별시 광진구 긴고랑로15길 8,143885,04937,,,,127.083246672387,37.5623458630033
MA0106202201A0578075,노블레스웰빙,,G2,소매,G221,기타 상품 소매,G22199,그 외 기타 상품 전문 소매업,G47859,그 외 기타 분류 안된 상품 전문 소매업,41,경기도,41310,구리시,41310580,수택2동,4131010500,수택동,4131010500106600016,1,대지,660,16,경기도 구리시 수택동 660-16,413103196010,경기도 구리시 이문안로,115,,4131010500106600016007450,,경기도 구리시 이문안로 115,471827,11941,,,,127.144309334689,37.5916954489273
MA0106202201A0077057,브이티아이,코리아,G2,소매,G221,기타 상품 소매,G22199,그 외 기타 상품 전문 소매업,G47859,그 외 기타 분류 안된 상품 전문 소매업,11,서울특별시,11500,강서구,11500620,공항동,1150010800,공항동,1150010800113400007,1,대지,1340,7,서울특별시 강서구 공항동 1340-7,115004145347,서울특별시 강서구 방화대로5가길,12,,1150010800113400007007031,,서울특별시 강서구 방화대로5가길 12,157815,07628,,,,126.815699265685,37.5546359673514
MA0106202201A0445302,제이에스비,,G2,소매,G221,기타 상품 소매,G22199,그 외 기타 상품 전문 소매업,G47859,그 외 기타 분류 안된 상품 전문 소매업,41,경기도,41210,광명시,41210655,일직동,4121010600,일직동,4121010600105060001,1,대지,506,1,경기도 광명시 일직동 506-1,412103182031,경기도 광명시 일직로,79,,4121010600105060001000001,,경기도 광명시 일직로 79,423090,14354,,,,126.890125189482,37.4206677657249
MA0106202201A0491385,더우리,,G2,소매,G221,기타 상품 소매,G22199,그 외 기타 상품 전문 소매업,G47859,그 외 기타 분류 안된 상품 전문 소매업,26,부산광역시,26440,강서구,26440510,대저1동,2644010100,대저1동,2644010100117510005,1,대지,1751,5,부산광역시 강서구 대저1동 1751-5,264404208172,부산광역시 강서구 낙동북로162번길,9,,2644010100117510005000002,,부산광역시 강서구 낙동북로162번길 9,618806,46704,,,,128.946211376049,35.2143648466894
MA0106202201A0408698,정다원,,G2,소매,G221,기타 상품 소매,G22199,그 외 기타 상품 전문 소매업,G47859,그 외 기타 분류 안된 상품 전문 소매업,41,경기도,41465,용인시 수지구,41465520,풍덕천2동,4146510100,풍덕천동,4146510100110820005,1,대지,1082,5,경기도 용인시 수지구 풍덕천동 1082-5,414654415078,경기도 용인시 수지구 수지로296번길,51,8,4146510100110820005026226,,경기도 용인시 수지구 수지로296번길 51-8,448509,16841,,,,127.09509738247,37.3215497519377
MA0106202201A0648579,제주라온카시트,,G2,소매,G221,기타 상품 소매,G22199,그 외 기타 상품 전문 소매업,G47859,그 외 기타 분류 안된 상품 전문 소매업,50,제주특별자치도,50110,제주시,50110580,용담2동,5011011000,용담삼동,5011011000111810001,1,대지,1181,1,제주특별자치도 제주시 용담삼동 1181-1,501104848235,제주특별자치도 제주시 어영길,26,,5011011000111810001000001,,제주특별자치도 제주시 어영길 26,690821,63114,,,,126.495906552067,33.5183453954283
MA0106202201A0571896,달콤키친,,G2,소매,G221,기타 상품 소매,G22199,그 외 기타 상품 전문 소매업,G47859,그 외 기타 분류 안된 상품 전문 소매업,41,경기도,41590,화성시,41590585,동탄1동,4159012700,반송동,4159012700100630006,1,대지,63,6,경기도 화성시 반송동 63-6,415904431476,경기도 화성시 동탄공원로1길,22,21,4159012700100630006000001,,경기도 화성시 동탄공원로1길 22-21,445160,18436,,,,127.061121328513,37.2032022552265
MA0106202201A0438107,신일과학기기,,G2,소매,G221,기타 상품 소매,G22199,그 외 기타 상품 전문 소매업,G47859,그 외 기타 분류 안된 상품 전문 소매업,30,대전광역시,30230,대덕구,30230520,대화동,3023010200,대화동,3023010200102890001,1,대지,289,1,대전광역시 대덕구 대화동 289-1,302303168004,대전광역시 대덕구 대화로,160,,3023010200102890001008147,,대전광역시 대덕구 대화로 160,306754,34368,,,,127.402936017244,36.3652945197826
MA0106202201A0414578,대진에프앤비,,G2,소매,G221,기타 상품 소매,G22199,그 외 기타 상품 전문 소매업,G47859,그 외 기타 분류 안된 상품 전문 소매업,41,경기도,41461,용인시 처인구,41461256,이동읍,4146125628,이동읍,4146125628105440001,1,대지,544,1,경기도 용인시 처인구 이동읍 천리 544-1,414614409385,경기도 용인시 처인구 이동읍 백옥대로766번길,33,,4146133028105440001000001,,경기도 용인시 처인구 이동읍 백옥대로766번길 33,449833,17128,,,,127.210431645914,37.2069416792253
MA0106202201A0405640,어썸베이퍼,,G2,소매,G221,기타 상품 소매,G22199,그 외 기타 상품 전문 소매업,G47859,그 외 기타 분류 안된 상품 전문 소매업,41,경기도,41480,파주시,41480550,운정1동,4148012200,와동동,4148012200115530002,1,대지,1553,2,경기도 파주시 와동동 1553-2,414803206106,경기도 파주시 가람로,55,,4148012200109420000000001,,경기도 파주시 가람로 55,413190,10870,,,,126.756307591946,37.7346976769388
MA0106202201A0594689,대종기기산업,,G2,소매,G221,기타 상품 소매,G22199,그 외 기타 상품 전문 소매업,G47859,그 외 기타 분류 안된 상품 전문 소매업,11,서울특별시,11305,강북구,11305535,미아동,1130510100,미아동,1130510100101890037,1,대지,189,37,서울특별시 강북구 미아동 189-37,113054124037,서울특별시 강북구 덕릉로28길,72,,1130510100101890037000001,,서울특별시 강북구 덕릉로28길 72,142803,01132,,,,127.024719557137,37.6314606346757
MA0106202201A0087875,고도이엔지,,G2,소매,G221,기타 상품 소매,G22199,그 외 기타 상품 전문 소매업,G47859,그 외 기타 분류 안된 상품 전문 소매업,11,서울특별시,11110,종로구,11110550,부암동,1111018400,부암동,1111018400102190002,1,대지,219,2,서울특별시 종로구 부암동 219-2,111103100014,서울특별시 종로구 창의문로,168,,1111018400102190002032244,,서울특별시 종로구 창의문로 168,110817,03020,,,,126.963901348634,37.5947874589286
MA0106202201A0627102,대디스팜,,G2,소매,G221,기타 상품 소매,G22199,그 외 기타 상품 전문 소매업,G47859,그 외 기타 분류 안된 상품 전문 소매업,41,경기도,41450,하남시,41450590,춘궁동,4145011800,춘궁동,4145011800103860002,1,대지,386,2,경기도 하남시 춘궁동 386-2,414504406128,경기도 하남시 서하남로470번길,83,,4145011800103860002000001,,경기도 하남시 서하남로470번길 83,465060,13020,,,,127.195822105698,37.5201992583112
MA0106202201A0499123,본가,,G2,소매,G221,기타 상품 소매,G22199,그 외 기타 상품 전문 소매업,G47859,그 외 기타 분류 안된 상품 전문 소매업,41,경기도,41113,수원시 권선구,41113690,곡선동,4111313700,권선동,4111313700112860008,1,대지,1286,8,경기도 수원시 권선구 권선동 1286-8,411134325306,경기도 수원시 권선구 세권로316번길,4,,4111313700112860008028410,,경기도 수원시 권선구 세권로316번길 4,441885,16553,,,,127.038042103885,37.2516342180336
MA0106202201A0442468,마르코웤스,,G2,소매,G221,기타 상품 소매,G22199,그 외 기타 상품 전문 소매업,G47859,그 외 기타 분류 안된 상품 전문 소매업,11,서울특별시,11200,성동구,11200690,성수2가3동,1120011500,성수동2가,1120011500102780017,1,대지,278,17,서울특별시 성동구 성수동2가 278-17,112004109388,서울특별시 성동구 아차산로11길,38,,1120011500102780017004059,,서울특별시 성동구 아차산로11길 38,133832,04796,,,,127.060699282688,37.5469345284612
MA0106202201A0654202,그로우빈스,,G2,소매,G221,기타 상품 소매,G22199,그 외 기타 상품 전문 소매업,G47859,그 외 기타 분류 안된 상품 전문 소매업,11,서울특별시,11500,강서구,11500641,방화3동,1150010900,방화동,1150010900103190006,1,대지,319,6,서울특별시 강서구 방화동 319-6,115004145343,서울특별시 강서구 방화대로49길,6,15,1150010900103190006000301,,서울특별시 강서구 방화대로49길 6-15,157848,07512,,,,126.816264866741,37.5777834051989
MA0106202201A0130261,오름,,G2,소매,G221,기타 상품 소매,G22199,그 외 기타 상품 전문 소매업,G47859,그 외 기타 분류 안된 상품 전문 소매업,11,서울특별시,11470,양천구,11470650,신정4동,1147010100,신정동,1147010100108880030,1,대지,888,30,서울특별시 양천구 신정동 888-30,114704142270,서울특별시 양천구 신정중앙로21길,2,12,1147010100108880030002110,,서울특별시 양천구 신정중앙로21길 2-12,158856,07938,,,,126.863146121468,37.5270578386298
MA0106202201A0114320,에스에스티,,G2,소매,G221,기타 상품 소매,G22199,그 외 기타 상품 전문 소매업,G47859,그 외 기타 분류 안된 상품 전문 소매업,41,경기도,41111,수원시 장안구,41111572,정자2동,4111113000,정자동,4111113000100600007,1,대지,60,7,경기도 수원시 장안구 정자동 60-7,411114322139,경기도 수원시 장안구 송정로76번길,27,8,4111113000100600007037423,,경기도 수원시 장안구 송정로76번길 27-8,440833,16311,,,,127.00663156431,37.2947909855624
MA0106202201A0515681,데코랜드,,G2,소매,G221,기타 상품 소매,G22199,그 외 기타 상품 전문 소매업,G47859,그 외 기타 분류 안된 상품 전문 소매업,11,서울특별시,11140,중구,11140615,신당동,1114016300,흥인동,1114016300100280002,1,대지,28,2,서울특별시 중구 흥인동 28-2,111403101011,서울특별시 중구 퇴계로,413,1,1114016300100280001009840,,서울특별시 중구 퇴계로 413-1,100879,04570,,,,127.017680096498,37.5656805439904
MA0106202201A0269522,유성,,G2,소매,G221,기타 상품 소매,G22199,그 외 기타 상품 전문 소매업,G47859,그 외 기타 분류 안된 상품 전문 소매업,41,경기도,41285,고양시 일산동구,41285552,백석2동,4128510600,백석동,4128510600113050000,1,대지,1305,,경기도 고양시 일산동구 백석동 1305,412853193029,경기도 고양시 일산동구 장백로,26,,4128510600113050000003399,,경기도 고양시 일산동구 장백로 26,410911,10449,,,,126.789142738156,37.64116761707
MA0106202201A0556070,투썸플레이스화성사강점,,G2,소매,G221,기타 상품 소매,G22199,그 외 기타 상품 전문 소매업,G47859,그 외 기타 분류 안된 상품 전문 소매업,11,서울특별시,11215,광진구,11215760,중곡3동,1121510100,중곡동,1121510100101890066,1,대지,189,66,서울특별시 광진구 중곡동 189-66,112154112233,서울특별시 광진구 동일로76길,18,,1121510100101890066003567,,서울특별시 광진구 동일로76길 18,143901,04906,,,,127.079641752834,37.5676462060045
MA0106202201A0625843,마스트바이오,,G2,소매,G221,기타 상품 소매,G22199,그 외 기타 상품 전문 소매업,G47859,그 외 기타 분류 안된 상품 전문 소매업,11,서울특별시,11650,서초구,11650652,양재2동,1165010200,양재동,1165010200102510000,1,대지,251,,서울특별시 서초구 양재동 251,116504163171,서울특별시 서초구 마방로4길,17,,1165010200102510000002908,,서울특별시 서초구 마방로4길 17,137894,06777,,,,127.0412405984,37.473637202403
MA0106202201A0413536,나예소스토어,,G2,소매,G221,기타 상품 소매,G22199,그 외 기타 상품 전문 소매업,G47859,그 외 기타 분류 안된 상품 전문 소매업,51,강원특별자치도,51730,횡성군,51730340,갑천면,5173034021,갑천면,5173034021100070012,1,대지,7,12,강원특별자치도 횡성군 갑천면 중금리 7-12,517303226080,강원특별자치도 횡성군 갑천면 태기로,971,,4273034021100070012004855,,강원특별자치도 횡성군 갑천면 태기로 971,225841,25259,,,,128.062294869559,37.5393335912241
MA0106202201A0192170,창의와날개,,G2,소매,G221,기타 상품 소매,G22199,그 외 기타 상품 전문 소매업,G47859,그 외 기타 분류 안된 상품 전문 소매업,41,경기도,41410,군포시,41410540,산본1동,4141010400,산본동,4141010400110260051,1,대지,1026,51,경기도 군포시 산본동 1026-51,414103200002,경기도 군포시 공단로,356,51,4141010400110260051000001,,경기도 군포시 공단로 356-51,435845,15808,,,,126.944159411618,37.3742129182408
MA0106202201A0499014,퀸즈헤나,,G2,소매,G221,기타 상품 소매,G22199,그 외 기타 상품 전문 소매업,G47859,그 외 기타 분류 안된 상품 전문 소매업,52,전북특별자치도,52111,전주시 완산구,52111712,효자2동,5211114000,효자동1가,5211114000106170002,1,대지,617,2,전북특별자치도 전주시 완산구 효자동1가 617-2,521113266071,전북특별자치도 전주시 완산구 중화산로,9,,4511114000106170002010854,,전북특별자치도 전주시 완산구 중화산로 9,560855,55051,,,,127.118148021671,35.8111786954687
MA0106202201A0054120,슬라임카페홀릭,,G2,소매,G221,기타 상품 소매,G22199,그 외 기타 상품 전문 소매업,G47859,그 외 기타 분류 안된 상품 전문 소매업,51,강원특별자치도,51130,원주시,51130330,지정면,5113033023,지정면,5113033023114530000,1,대지,1453,,강원특별자치도 원주시 지정면 가곡리 1453,511303350530,강원특별자치도 원주시 지정면 신지정로,325,2,4213033023114530000000017,이지더원1차,강원특별자치도 원주시 지정면 신지정로 325-2,220821,26346,,,,127.871762842835,37.3829243830236
MA0106202201A0036495,금영벤딩,,G2,소매,G221,기타 상품 소매,G22199,그 외 기타 상품 전문 소매업,G47859,그 외 기타 분류 안된 상품 전문 소매업,11,서울특별시,11440,마포구,11440690,망원1동,1144012300,망원동,1144012300104620005,1,대지,462,5,서울특별시 마포구 망원동 462-5,114404139121,서울특별시 마포구 동교로3길,105,,1144012300104620005014945,,서울특별시 마포구 동교로3길 105,121889,04005,,,,126.899038885157,37.5548357503587
MA0106202201A0006449,노나상점,,G2,소매,G221,기타 상품 소매,G22199,그 외 기타 상품 전문 소매업,G47859,그 외 기타 분류 안된 상품 전문 소매업,41,경기도,41135,성남시 분당구,41135580,서현1동,4113510500,서현동,4113510500102600002,1,대지,260,2,경기도 성남시 분당구 서현동 260-2,411354340224,경기도 성남시 분당구 서현로180번길,29,,4113510500102600002070922,,경기도 성남시 분당구 서현로180번길 29,463824,13590,,,,127.121614182873,37.3868229598552
MA0106202201A0443357,불당리52카페,,G2,소매,G221,기타 상품 소매,G22199,그 외 기타 상품 전문 소매업,G47859,그 외 기타 분류 안된 상품 전문 소매업,41,경기도,41610,광주시,41610370,남한산성면,4161037021,남한산성면,4161037021106370000,1,대지,637,,경기도 광주시 남한산성면 산성리 637,416104433105,경기도 광주시 남한산성면 남한산성로780번길,31,,4161036021106380000000001,,경기도 광주시 남한산성면 남한산성로780번길 31,464816,12700,,,,127.183349651092,37.4804849640083
MA0106202201A0601048,지니과학,,G2,소매,G221,기타 상품 소매,G22199,그 외 기타 상품 전문 소매업,G47859,그 외 기타 분류 안된 상품 전문 소매업,41,경기도,41192,부천시 원미구,41192640,중2동,4119210800,중동,4119210800110960012,1,대지,1096,12,경기도 부천시 원미구 중동 1096-12,411924352013,경기도 부천시 원미구 계남로334번길,33,6,4119510800110960012014302,,경기도 부천시 원미구 계남로334번길 33-6,420850,14551,,,,126.781113299917,37.5006430450657
MA0106202201A0244241,이디피,전곡점,G2,소매,G221,기타 상품 소매,G22199,그 외 기타 상품 전문 소매업,G47859,그 외 기타 분류 안된 상품 전문 소매업,41,경기도,41800,연천군,41800253,전곡읍,4180025321,전곡읍,4180025321102540000,1,대지,254,,경기도 연천군 전곡읍 전곡리 254,418003215038,경기도 연천군 전곡읍 전곡로,78,,4180025321102540000001710,,경기도 연천군 전곡읍 전곡로 78,486903,11037,,,,127.073364335268,38.0202299735841
MA0106202201A0521446,신세계인터내셔날JAJU구미G7스퀘어,,G2,소매,G221,기타 상품 소매,G22199,그 외 기타 상품 전문 소매업,G47859,그 외 기타 분류 안된 상품 전문 소매업,47,경상북도,47190,구미시,47190565,선주원남동,4719010400,봉곡동,4719010400100360000,1,대지,36,,경상북도 구미시 봉곡동 36,471903018024,경상북도 구미시 야은로,296,,4719010400100360000000001,,경상북도 구미시 야은로 296,730807,39214,,,,128.315137595759,36.1386088971826
MA0106202201A0162914,그녀의안뜰리애,,G2,소매,G221,기타 상품 소매,G22199,그 외 기타 상품 전문 소매업,G47859,그 외 기타 분류 안된 상품 전문 소매업,28,인천광역시,28177,미추홀구,28177670,주안6동,2817710500,주안동,2817710500109460001,1,대지,946,1,인천광역시 미추홀구 주안동 946-1,281774253028,인천광역시 미추홀구 경원대로864번길,24,,2817010600109460001089398,,인천광역시 미추홀구 경원대로864번길 24,402848,22144,,,,126.691057829781,37.4598605563419
MA0106202201A0637237,지기,,G2,소매,G221,기타 상품 소매,G22199,그 외 기타 상품 전문 소매업,G47859,그 외 기타 분류 안된 상품 전문 소매업,11,서울특별시,11305,강북구,11305555,송천동,1130510100,미아동,1130510100104030056,1,대지,403,56,서울특별시 강북구 미아동 403-56,113054124369,서울특별시 강북구 솔샘로60길,31,,1130510100104030056025326,,서울특별시 강북구 솔샘로60길 31,142817,01203,,,,127.023899353468,37.6173243164673
MA0106202201A0524716,테이블라니봄해언니네점,,G2,소매,G221,기타 상품 소매,G22199,그 외 기타 상품 전문 소매업,G47859,그 외 기타 분류 안된 상품 전문 소매업,52,전북특별자치도,52800,부안군,52800360,변산면,5280036022,변산면,5280036022107880009,1,대지,788,9,전북특별자치도 부안군 변산면 격포리 788-9,528004640027,전북특별자치도 부안군 변산면 격포항길,23,1,4580036022107880009021412,,전북특별자치도 부안군 변산면 격포항길 23-1,579851,56337,,,,126.470660857925,35.623861203095
MA0106202201A0117483,휴세코,,G2,소매,G221,기타 상품 소매,G22199,그 외 기타 상품 전문 소매업,G47859,그 외 기타 분류 안된 상품 전문 소매업,11,서울특별시,11740,강동구,11740640,성내1동,1174010800,성내동,1174010800104520000,1,대지,452,,서울특별시 강동구 성내동 452,117402123001,서울특별시 강동구 강동대로,143,52,1174010800104520006007328,,서울특별시 강동구 강동대로 143-52,134848,05398,,,,127.120485201772,37.5278595429989
MA0106202201A0254564,지아이엘,,G2,소매,G221,기타 상품 소매,G22199,그 외 기타 상품 전문 소매업,G47859,그 외 기타 분류 안된 상품 전문 소매업,41,경기도,41650,포천시,41650250,소흘읍,4165025022,소흘읍,4165025022101260006,1,대지,126,6,경기도 포천시 소흘읍 이동교리 126-6,416503000136,경기도 포천시 소흘읍 호국로,493,43,4165025022101260006010882,,경기도 포천시 소흘읍 호국로 493-43,487826,11184,,,,127.134152242106,37.8179059997586
MA0106202201A0405570,디아이스토어,,G2,소매,G221,기타 상품 소매,G22199,그 외 기타 상품 전문 소매업,G47859,그 외 기타 분류 안된 상품 전문 소매업,41,경기도,41480,파주시,41480250,문산읍,4148025021,문산읍,4148025021100730029,1,대지,73,29,경기도 파주시 문산읍 문산리 73-29,414804418252,경기도 파주시 문산읍 문향로75번길,19,12,4148025021100730029011357,,경기도 파주시 문산읍 문향로75번길 19-12,413904,10821,,,,126.784456575161,37.8586524023582
MA0106202201A0416895,춘향식품,,G2,소매,G221,기타 상품 소매,G22199,그 외 기타 상품 전문 소매업,G47859,그 외 기타 분류 안된 상품 전문 소매업,41,경기도,41590,화성시,41590560,기배동,4159012300,배양동,4159012300100190288,1,대지,19,288,경기도 화성시 배양동 19-288,415904430529,경기도 화성시 배양길,29,11,4159012300100190288000001,,경기도 화성시 배양길 29-11,445350,18340,,,,126.994062160473,37.2214911691184
MA0106202201A0113815,하나로팩,,G2,소매,G221,기타 상품 소매,G22199,그 외 기타 상품 전문 소매업,G47859,그 외 기타 분류 안된 상품 전문 소매업,11,서울특별시,11215,광진구,11215870,구의3동,1121510300,구의동,1121510300105930024,1,대지,593,24,서울특별시 광진구 구의동 593-24,112154112051,서울특별시 광진구 구의강변로3길,13,,1121510300105930024009993,,서울특별시 광진구 구의강변로3길 13,143831,05049,,,,127.091182462097,37.5357965901909
MA0106202201A0125744,올리스푼,,G2,소매,G221,기타 상품 소매,G22199,그 외 기타 상품 전문 소매업,G47859,그 외 기타 분류 안된 상품 전문 소매업,11,서울특별시,11500,강서구,11500570,화곡4동,1150010300,화곡동,1150010300107890019,1,대지,789,19,서울특별시 강서구 화곡동 789-19,115004145165,서울특별시 강서구 곰달래로60가길,46,,1150010300107890019020562,,서울특별시 강서구 곰달래로60가길 46,157897,07785,,,,126.86066294067,37.5300822986698
MA0106202201A0317648,천호상회,,G2,소매,G221,기타 상품 소매,G22199,그 외 기타 상품 전문 소매업,G47859,그 외 기타 분류 안된 상품 전문 소매업,41,경기도,41310,구리시,41310570,수택1동,4131010500,수택동,4131010500104190008,1,대지,419,8,경기도 구리시 수택동 419-8,413104388126,경기도 구리시 안골로85번길,26,,4131010500104190008004517,,경기도 구리시 안골로85번길 26,471815,11928,,,,127.140529128049,37.598574570494
MA0106202201A0430476,혜향,,G2,소매,G221,기타 상품 소매,G22199,그 외 기타 상품 전문 소매업,G47859,그 외 기타 분류 안된 상품 전문 소매업,11,서울특별시,11560,영등포구,11560585,도림동,1156011800,도림동,1156011800102690004,1,대지,269,4,서울특별시 영등포구 도림동 269-4,115603118007,서울특별시 영등포구 도영로,19,,1156011800102690004025646,,서울특별시 영등포구 도영로 19,150833,07372,,,,126.895515948397,37.5085212396239
MA0106202201A0598025,밝은미래F&B,,G2,소매,G221,기타 상품 소매,G22199,그 외 기타 상품 전문 소매업,G47859,그 외 기타 분류 안된 상품 전문 소매업,11,서울특별시,11680,강남구,11680630,대치4동,1168010600,대치동,1168010600109210001,1,대지,921,1,서울특별시 강남구 대치동 921-1,116803122006,서울특별시 강남구 선릉로,336,,1168010600109210001013665,,서울특별시 강남구 선릉로 336,135843,06199,,,,127.051602616487,37.4997443452592
MA0106202201A0522113,씨케이앤푸드,,G2,소매,G221,기타 상품 소매,G22199,그 외 기타 상품 전문 소매업,G47859,그 외 기타 분류 안된 상품 전문 소매업,11,서울특별시,11710,송파구,11710570,오금동,1171011200,오금동,1171011200101400014,1,대지,140,14,서울특별시 송파구 오금동 140-14,117104169092,서울특별시 송파구 마천로26길,17,,1171011200101400014014846,,서울특별시 송파구 마천로26길 17,138859,05739,,,,127.138334329451,37.5017018826358
MA0106202201A0088612,광명인터내셔널,,G2,소매,G221,기타 상품 소매,G22199,그 외 기타 상품 전문 소매업,G47859,그 외 기타 분류 안된 상품 전문 소매업,41,경기도,41171,안양시 만안구,41171570,안양7동,4117110100,안양동,4117110100102020004,1,대지,202,4,경기도 안양시 만안구 안양동 202-4,411713183014,경기도 안양시 만안구 덕천로,45,,4117110100102020004009691,,경기도 안양시 만안구 덕천로 45,430728,14088,,,,126.935738904007,37.3852552014225
MA0106202201A0088155,중앙일보신용협동조합,,G2,소매,G221,기타 상품 소매,G22199,그 외 기타 상품 전문 소매업,G47859,그 외 기타 분류 안된 상품 전문 소매업,11,서울특별시,11140,중구,11140520,소공동,1114016600,서소문동,1114016600100580013,1,대지,58,13,서울특별시 중구 서소문동 58-13,111404103202,서울특별시 중구 세종대로7길,56,,1114016600100580013023024,,서울특별시 중구 세종대로7길 56,100814,04513,,,,126.972496567361,37.5617232902349
MA0106202201A0407641,꼬끼오문산역점,,G2,소매,G221,기타 상품 소매,G22199,그 외 기타 상품 전문 소매업,G47859,그 외 기타 분류 안된 상품 전문 소매업,41,경기도,41480,파주시,41480250,문산읍,4148025021,문산읍,4148025021100220006,1,대지,22,6,경기도 파주시 문산읍 문산리 22-6,414803206033,경기도 파주시 문산읍 문향로,23,,4148025021100220006000001,,경기도 파주시 문산읍 문향로 23,413904,10823,,,,126.785776618019,37.8540779854197
MA0106202201A0359103,서연유통,,G2,소매,G221,기타 상품 소매,G22199,그 외 기타 상품 전문 소매업,G47859,그 외 기타 분류 안된 상품 전문 소매업,41,경기도,41370,오산시,41370510,중앙동,4137010100,오산동,4137010100108730003,1,대지,873,3,경기도 오산시 오산동 873-3,413704394097,경기도 오산시 시장길,5,,4137010100108730003014360,,경기도 오산시 시장길 5,447801,18136,,,,127.06894632071,37.1493959434093
MA0106202201A0471595,러블리,,G2,소매,G221,기타 상품 소매,G22199,그 외 기타 상품 전문 소매업,G47859,그 외 기타 분류 안된 상품 전문 소매업,11,서울특별시,11740,강동구,11740640,성내1동,1174010800,성내동,1174010800102710004,1,대지,271,4,서울특별시 강동구 성내동 271-4,117403123024,서울특별시 강동구 풍성로,130,,1174010800102710004006759,,서울특별시 강동구 풍성로 130,134848,05393,,,,127.126532506278,37.5314572229299
MA0106202201A0560080,무림eng,,G2,소매,G221,기타 상품 소매,G22199,그 외 기타 상품 전문 소매업,G47859,그 외 기타 분류 안된 상품 전문 소매업,11,서울특별시,11200,성동구,11200720,송정동,1120011800,송정동,1120011800100120001,1,대지,12,1,서울특별시 성동구 송정동 12-1,112003000001,서울특별시 성동구 동일로,225,,1120011800100120001002706,,서울특별시 성동구 동일로 225,133836,04801,,,,127.069338170947,37.5520564524839
MA0106202201A0424582,지프로셀,,G2,소매,G221,기타 상품 소매,G22199,그 외 기타 상품 전문 소매업,G47859,그 외 기타 분류 안된 상품 전문 소매업,30,대전광역시,30200,유성구,30200520,진잠동,3020010300,대정동,3020010300103070010,1,대지,307,10,대전광역시 유성구 대정동 307-10,302004301128,대전광역시 유성구 대정로42번길,32,13,3020010300103070010018468,,대전광역시 유성구 대정로42번길 32-13,305251,34219,,,,127.321946530931,36.3151463228605
MA0106202201A0101287,탑키즈에듀,,G2,소매,G221,기타 상품 소매,G22199,그 외 기타 상품 전문 소매업,G47859,그 외 기타 분류 안된 상품 전문 소매업,28,인천광역시,28200,남동구,28200700,논현2동,2820011000,논현동,2820011000106310010,1,대지,631,10,인천광역시 남동구 논현동 631-10,282003153012,인천광역시 남동구 논고개로,117,,2820011000102640010019589,,인천광역시 남동구 논고개로 117,405825,21653,,,,126.723857781321,37.4016912009312
MA0106202201A0418988,백두종합상사,,G2,소매,G221,기타 상품 소매,G22199,그 외 기타 상품 전문 소매업,G47859,그 외 기타 분류 안된 상품 전문 소매업,41,경기도,41590,화성시,41590410,정남면,4159041026,정남면,4159041026103040000,1,대지,304,,경기도 화성시 정남면 백리 304,415904431159,경기도 화성시 정남면 정송길,1,,4159041026103040000000877,,경기도 화성시 정남면 정송길 1,445962,18521,,,,126.957418274436,37.1663031903798
MA0106202201A0032008,놀이상점,,G2,소매,G221,기타 상품 소매,G22199,그 외 기타 상품 전문 소매업,G47859,그 외 기타 분류 안된 상품 전문 소매업,11,서울특별시,11440,마포구,11440610,염리동,1144010900,염리동,1144010900100090054,1,대지,9,54,서울특별시 마포구 염리동 9-54,114404139370,서울특별시 마포구 숭문16길,4,,1144010900100090054020390,,서울특별시 마포구 숭문16길 4,121870,04122,,,,126.946740410375,37.5557408705758
MA0106202201A0626907,이자카야쿠모,,G2,소매,G221,기타 상품 소매,G22199,그 외 기타 상품 전문 소매업,G47859,그 외 기타 분류 안된 상품 전문 소매업,11,서울특별시,11680,강남구,11680590,삼성2동,1168010500,삼성동,1168010500101430030,1,대지,143,30,서울특별시 강남구 삼성동 143-30,116804166433,서울특별시 강남구 삼성로91길,28,,1168010500101430030000001,,서울특별시 강남구 삼성로91길 28,135877,06159,,,,127.053926005713,37.5067801606468
MA0106202201A0036675,커피볶는집,,G2,소매,G221,기타 상품 소매,G22199,그 외 기타 상품 전문 소매업,G47859,그 외 기타 분류 안된 상품 전문 소매업,11,서울특별시,11440,마포구,11440590,용강동,1144010500,용강동,1144010500105110000,1,대지,511,,서울특별시 마포구 용강동 511,114404139600,서울특별시 마포구 토정로35길,17,,1144010500100700002003775,,서울특별시 마포구 토정로35길 17,121070,04166,,,,126.943967532934,37.5407830099329
MA0106202201A0026280,인광파워텍,,G2,소매,G221,기타 상품 소매,G22199,그 외 기타 상품 전문 소매업,G47859,그 외 기타 분류 안된 상품 전문 소매업,28,인천광역시,28245,계양구,28245602,효성2동,2824510100,효성동,2824510100105670002,1,대지,567,2,인천광역시 계양구 효성동 567-2,282453155024,인천광역시 계양구 아나지로,68,,2824510100105670002000001,,인천광역시 계양구 아나지로 68,407832,21108,,,,126.698957441864,37.5249334350409
MA0106202201A0418543,가식주,,G2,소매,G221,기타 상품 소매,G22199,그 외 기타 상품 전문 소매업,G47859,그 외 기타 분류 안된 상품 전문 소매업,27,대구광역시,27200,남구,27200560,대명1동,2720010300,대명동,2720010300116490001,1,대지,1649,1,대구광역시 남구 대명동 1649-1,272003007009,대구광역시 남구 두류공원로,70,,2720010300116490001000002,,대구광역시 남구 두류공원로 70,705809,42468,,,,128.570962664639,35.8433618406612
MA0106202201A0427899,메가박스중앙,전대점,G2,소매,G221,기타 상품 소매,G22199,그 외 기타 상품 전문 소매업,G47859,그 외 기타 분류 안된 상품 전문 소매업,29,광주광역시,29170,북구,29170535,중흥동,2917010100,중흥동,2917010100103620002,1,대지,362,2,광주광역시 북구 중흥동 362-2,291703162056,광주광역시 북구 우치로,60,,2917010100103620002000001,,광주광역시 북구 우치로 60,500872,61207,,,,126.912553824407,35.1726360508045
MA0106202201A0300747,청정,,G2,소매,G221,기타 상품 소매,G22199,그 외 기타 상품 전문 소매업,G47859,그 외 기타 분류 안된 상품 전문 소매업,41,경기도,41570,김포시,41570256,양촌읍,4157025626,양촌읍,4157025626129790000,1,대지,2979,,경기도 김포시 양촌읍 학운리 2979,415703209133,경기도 김포시 양촌읍 황금로,117,,4157025626129790000000001,,경기도 김포시 양촌읍 황금로 117,415843,10048,,,,126.62127379129,37.6164937489768
MA0106202201A0521421,신세계인터내셔날신사536-16,,G2,소매,G221,기타 상품 소매,G22199,그 외 기타 상품 전문 소매업,G47859,그 외 기타 분류 안된 상품 전문 소매업,11,서울특별시,11680,강남구,11680510,신사동,1168010700,신사동,1168010700105360016,1,대지,536,16,서울특별시 강남구 신사동 536-16,116804858362,서울특별시 강남구 가로수길,15,,1168010700105360016011845,,서울특별시 강남구 가로수길 15,135889,06035,,,,127.022985605528,37.5188997289952
MA0106202201A0068737,유원T&C,,G2,소매,G221,기타 상품 소매,G22199,그 외 기타 상품 전문 소매업,G47859,그 외 기타 분류 안된 상품 전문 소매업,11,서울특별시,11500,강서구,11500620,공항동,1150010800,공항동,1150010800106670007,1,대지,667,7,서울특별시 강서구 공항동 667-7,115004145279,서울특별시 강서구 남부순환로11가길,78,,1150010800106670007006336,,서울특별시 강서구 남부순환로11가길 78,157818,07625,,,,126.81348622299,37.5571192421623
MA0106202201A0633604,태원유통,,G2,소매,G221,기타 상품 소매,G22199,그 외 기타 상품 전문 소매업,G47859,그 외 기타 분류 안된 상품 전문 소매업,11,서울특별시,11710,송파구,11710550,마천2동,1171011400,마천동,1171011400101590182,1,대지,159,182,서울특별시 송파구 마천동 159-182,117104169268,서울특별시 송파구 성내천로33길,4,7,1171011400101590182018670,,서울특별시 송파구 성내천로33길 4-7,138819,05747,,,,127.153190598498,37.4997283701286
MA0106202201A0591709,올라이트,,G2,소매,G221,기타 상품 소매,G22199,그 외 기타 상품 전문 소매업,G47859,그 외 기타 분류 안된 상품 전문 소매업,11,서울특별시,11440,마포구,11440655,서강동,1144011400,창전동,1144011400100020034,1,대지,2,34,서울특별시 마포구 창전동 2-34,114404139290,서울특별시 마포구 서강로11길,28,,1144011400100020034021447,,서울특별시 마포구 서강로11길 28,121880,04061,,,,126.93224443762,37.5539855066424
MA0106202201A0654957,한빛유통,,G2,소매,G221,기타 상품 소매,G22199,그 외 기타 상품 전문 소매업,G47859,그 외 기타 분류 안된 상품 전문 소매업,48,경상남도,48330,양산시,48330330,상북면,4833033023,상북면,4833033023102940005,1,대지,294,5,경상남도 양산시 상북면 소토리 294-5,483304814503,경상남도 양산시 상북면 소토1길,41,,4833033023102940005000001,,경상남도 양산시 상북면 소토1길 41,626856,50566,,,,129.055996588061,35.3794236061531
MA0106202201A0387877,알앤씨테크,,G2,소매,G221,기타 상품 소매,G22199,그 외 기타 상품 전문 소매업,G47859,그 외 기타 분류 안된 상품 전문 소매업,41,경기도,41173,안양시 동안구,41173566,부림동,4117310200,관양동,4117310200115940000,1,대지,1594,,경기도 안양시 동안구 관양동 1594,411732182002,경기도 안양시 동안구 시민대로,267,,4117310200115940000007395,,경기도 안양시 동안구 시민대로 267,431700,14054,,,,126.959819152001,37.3945463705969
MA0106202201A0341178,동양전자부품,,G2,소매,G221,기타 상품 소매,G22199,그 외 기타 상품 전문 소매업,G47859,그 외 기타 분류 안된 상품 전문 소매업,41,경기도,41273,안산시 단원구,41273545,원곡동,4127310800,원곡동,4127310800109940000,1,대지,994,,경기도 안산시 단원구 원곡동 994,412733012031,경기도 안산시 단원구 산단로,348,,4127310800109940000017317,,경기도 안산시 단원구 산단로 348,425850,15431,,,,126.786403540792,37.3264499703308
MA0106202201A0265169,뚱냥한하루,,G2,소매,G221,기타 상품 소매,G22199,그 외 기타 상품 전문 소매업,G47859,그 외 기타 분류 안된 상품 전문 소매업,52,전북특별자치도,52710,완주군,52710253,봉동읍,5271025328,봉동읍,5271025328102720001,1,대지,272,1,전북특별자치도 완주군 봉동읍 장기리 272-1,527103273010,전북특별자치도 완주군 봉동읍 낙평장기로,41,,4571025328102720001000001,,전북특별자치도 완주군 봉동읍 낙평장기로 41,565907,55328,,,,127.163613670271,35.9356153084073
MA0106202201A0408522,현대마트,,G2,소매,G221,기타 상품 소매,G22199,그 외 기타 상품 전문 소매업,G47859,그 외 기타 분류 안된 상품 전문 소매업,43,충청북도,43114,청주시 청원구,43114250,내수읍,4311425022,내수읍,4311425022100090011,1,대지,9,11,충청북도 청주시 청원구 내수읍 마산리 9-11,431144520223,충청북도 청주시 청원구 내수읍 마산3길,6,,4371025022000090011050859,,충청북도 청주시 청원구 내수읍 마산3길 6,363934,28145,,,,127.539197871135,36.7208337650563
MA0106202201A0360582,영양사언니의맛깔찬,,G2,소매,G221,기타 상품 소매,G22199,그 외 기타 상품 전문 소매업,G47859,그 외 기타 분류 안된 상품 전문 소매업,41,경기도,41590,화성시,41590530,병점1동,4159011700,병점동,4159011700105010001,1,대지,501,1,경기도 화성시 병점동 501-1,415903210001,경기도 화성시 10용사로,219,,4159011700005010001023512,,경기도 화성시 10용사로 219,445360,18417,,,,127.042217619644,37.1999126513402
MA0106202201A0339359,중앙식자재마트,,G2,소매,G221,기타 상품 소매,G22199,그 외 기타 상품 전문 소매업,G47859,그 외 기타 분류 안된 상품 전문 소매업,11,서울특별시,11740,강동구,11740570,암사1동,1174010700,암사동,1174010700104960002,1,대지,496,2,서울특별시 강동구 암사동 496-2,117404172116,서울특별시 강동구 상암로11길,24,,1174010700104960002016532,,서울특별시 강동구 상암로11길 24,134859,05264,,,,127.129088540032,37.5506457407815
MA0106202201A0209784,라온컴퍼니,,G2,소매,G221,기타 상품 소매,G22199,그 외 기타 상품 전문 소매업,G47859,그 외 기타 분류 안된 상품 전문 소매업,41,경기도,41590,화성시,41590253,봉담읍,4159025328,봉담읍,4159025328100910005,1,대지,91,5,경기도 화성시 봉담읍 왕림리 91-5,415903210103,경기도 화성시 봉담읍 주석로,1146,12,4159025328100910005031536,,경기도 화성시 봉담읍 주석로 1146-12,445906,18332,,,,126.93616619816,37.2004976701775
MA0106202201A0030508,다온숲,,G2,소매,G221,기타 상품 소매,G22199,그 외 기타 상품 전문 소매업,G47859,그 외 기타 분류 안된 상품 전문 소매업,41,경기도,41570,김포시,41570580,운양동,4157010300,운양동,4157010300114270004,1,대지,1427,4,경기도 김포시 운양동 1427-4,415703209154,경기도 김포시 전원로,5,,4157010300114270004000001,,경기도 김포시 전원로 5,415050,10077,,,,126.680864497848,37.6452040691793
MA0106202201A0506712,엠에이치쇼핑홀,,G2,소매,G221,기타 상품 소매,G22199,그 외 기타 상품 전문 소매업,G47859,그 외 기타 분류 안된 상품 전문 소매업,29,광주광역시,29200,광산구,29200580,우산동,2920010900,우산동,2920010900115790002,1,대지,1579,2,광주광역시 광산구 우산동 1579-2,292004289186,광주광역시 광산구 사암로215번길,31,,2920010900115790002001876,,광주광역시 광산구 사암로215번길 31,506813,62359,,,,126.806599293999,35.1635807805869
MA0106202201A0532116,우즈커피,,G2,소매,G221,기타 상품 소매,G22199,그 외 기타 상품 전문 소매업,G47859,그 외 기타 분류 안된 상품 전문 소매업,26,부산광역시,26350,해운대구,26350540,중2동,2635010600,중동,2635010600115210005,1,대지,1521,5,부산광역시 해운대구 중동 1521-5,263504199224,부산광역시 해운대구 좌동순환로433번길,11,,2635010600115210005029150,,부산광역시 해운대구 좌동순환로433번길 11,612850,48114,,,,129.174701197136,35.1614169059011
MA0106202201A0501099,한스샾,,G2,소매,G221,기타 상품 소매,G22199,그 외 기타 상품 전문 소매업,G47859,그 외 기타 분류 안된 상품 전문 소매업,28,인천광역시,28720,옹진군,28720330,백령면,2872033022,백령면,2872033022105040007,1,대지,504,7,인천광역시 옹진군 백령면 북포리 504-7,287204274006,인천광역시 옹진군 백령면 당후길,5,,2872033022105040007005624,,인천광역시 옹진군 백령면 당후길 5,409912,23103,,,,124.664429462881,37.9608074135123
MA0106202201A0667282,케이랩텍,,G2,소매,G221,기타 상품 소매,G22199,그 외 기타 상품 전문 소매업,G47859,그 외 기타 분류 안된 상품 전문 소매업,41,경기도,41590,화성시,41590410,정남면,4159041030,정남면,4159041030102090026,1,대지,209,26,경기도 화성시 정남면 귀래리 209-26,415903210024,경기도 화성시 정남면 내향로,360,,4159041030102090038010630,,경기도 화성시 정남면 내향로 360,445961,18523,,,,126.998390809817,37.1260064096203
MA0106202201A0570670,포스타인인생국수,,G2,소매,G221,기타 상품 소매,G22199,그 외 기타 상품 전문 소매업,G47859,그 외 기타 분류 안된 상품 전문 소매업,44,충청남도,44230,논산시,44230390,양촌면,4423039033,양촌면,4423039033105760000,1,대지,576,,충청남도 논산시 양촌면 거사리 576,442303255041,충청남도 논산시 양촌면 황산벌로,1040,,4423039033200040001081325,,충청남도 논산시 양촌면 황산벌로 1040,320851,33021,,,,127.209836072877,36.173826950304
MA0106202201A0476217,루디아앙금플라워떡케잌,,G2,소매,G221,기타 상품 소매,G22199,그 외 기타 상품 전문 소매업,G47859,그 외 기타 분류 안된 상품 전문 소매업,11,서울특별시,11590,동작구,11590640,사당3동,1159010700,사당동,1159010700102620016,1,대지,262,16,서울특별시 동작구 사당동 262-16,115904157246,서울특별시 동작구 사당로17길,63,,1159010700107080580008973,,서울특별시 동작구 사당로17길 63,156820,07004,,,,126.97272793562,37.4858319064707
MA0106202201A0458799,초록발자국펜션,,G2,소매,G221,기타 상품 소매,G22199,그 외 기타 상품 전문 소매업,G47859,그 외 기타 분류 안된 상품 전문 소매업,51,강원특별자치도,51110,춘천시,51110340,남면,5111034027,남면,5111034027104490001,1,대지,449,1,강원특별자치도 춘천시 남면 한덕리 449-1,511104454757,강원특별자치도 춘천시 남면 한덕발산길,61,,4211034027104490001005907,,강원특별자치도 춘천시 남면 한덕발산길 61,250857,24469,,,,127.613992389219,37.680301930683
MA0106202201A0507930,뚝딱상점,,G2,소매,G221,기타 상품 소매,G22199,그 외 기타 상품 전문 소매업,G47859,그 외 기타 분류 안된 상품 전문 소매업,47,경상북도,47111,포항시 남구,47111253,연일읍,4711125321,연일읍,4711125321102540011,1,대지,254,11,경상북도 포항시 남구 연일읍 생지리 254-11,471114709571,경상북도 포항시 남구 연일읍 철강로25번길,63,,4711125321102540011051166,,경상북도 포항시 남구 연일읍 철강로25번길 63,790883,37843,,,,129.345988912316,35.997170286676
MA0106202201A0237350,더푸른식품,,G2,소매,G221,기타 상품 소매,G22199,그 외 기타 상품 전문 소매업,G47859,그 외 기타 분류 안된 상품 전문 소매업,43,충청북도,43770,음성군,43770320,원남면,4377032026,원남면,4377032026107410002,1,대지,741,2,충청북도 음성군 원남면 상노리 741-2,437703247068,충청북도 음성군 원남면 원남산단로,102,,4377032026107410002000001,,충청북도 음성군 원남면 원남산단로 102,369861,27721,,,,127.681547059868,36.8891490342451
MA0106202201A0378791,아이링고,,G2,소매,G221,기타 상품 소매,G22199,그 외 기타 상품 전문 소매업,G47859,그 외 기타 분류 안된 상품 전문 소매업,28,인천광역시,28200,남동구,28200660,남촌도림동,2820010700,남촌동,2820010700106300007,1,대지,630,7,인천광역시 남동구 남촌동 630-7,282003008022,인천광역시 남동구 함박뫼로,403,,2820010700106300007010073,,인천광역시 남동구 함박뫼로 403,405100,21638,,,,126.708019533942,37.4114201785914
MA0106202201A0422417,지오리서치,,G2,소매,G221,기타 상품 소매,G22199,그 외 기타 상품 전문 소매업,G47859,그 외 기타 분류 안된 상품 전문 소매업,27,대구광역시,27230,북구,27230620,산격2동,2723011100,산격동,2723011100116650000,1,대지,1665,,대구광역시 북구 산격동 1665,272303145037,대구광역시 북구 유통단지로,38,,2723011100116650000028706,,대구광역시 북구 유통단지로 38,702717,41518,,,,128.607714406711,35.9050633739562
MA0106202201A0043490,유노이아뷰티속눈썹펌연장,,G2,소매,G221,기타 상품 소매,G22199,그 외 기타 상품 전문 소매업,G47859,그 외 기타 분류 안된 상품 전문 소매업,11,서울특별시,11560,영등포구,11560610,양평1동,1156012600,양평동2가,1156012600100310008,1,대지,31,8,서울특별시 영등포구 양평동2가 31-8,115604154468,서울특별시 영등포구 선유서로25길,7,3,1156012600100310007021296,,서울특별시 영등포구 선유서로25길 7-3,150102,07275,,,,126.884973073354,37.5243871188756
MA0106202201A0492982,빅언니야,,G2,소매,G221,기타 상품 소매,G22199,그 외 기타 상품 전문 소매업,G47859,그 외 기타 분류 안된 상품 전문 소매업,27,대구광역시,27140,동구,27140510,신암1동,2714010100,신암동,2714010100108160003,1,대지,816,3,대구광역시 동구 신암동 816-3,271403142002,대구광역시 동구 경대로,4,,2714010100108160003018262,,대구광역시 동구 경대로 4,701820,41196,,,,128.612298583381,35.8820589426015
MA0106202201A0517040,에이에프엠프로브택,,G2,소매,G221,기타 상품 소매,G22199,그 외 기타 상품 전문 소매업,G47859,그 외 기타 분류 안된 상품 전문 소매업,11,서울특별시,11440,마포구,11440660,서교동,1144012100,동교동,1144012100101570001,1,대지,157,1,서울특별시 마포구 동교동 157-1,114404139529,서울특별시 마포구 월드컵북로2길,65,,1144012100101570001028849,,서울특별시 마포구 월드컵북로2길 65,121816,03994,,,,126.923718579511,37.5579807346143
MA0106202201A0040317,한양슈퍼,,G2,소매,G221,기타 상품 소매,G22199,그 외 기타 상품 전문 소매업,G47859,그 외 기타 분류 안된 상품 전문 소매업,11,서울특별시,11290,성북구,11290685,길음2동,1129013400,길음동,1129013400109930001,1,대지,993,1,서울특별시 성북구 길음동 993-1,112904121280,서울특별시 성북구 삼양로6길,49,,1129013400109930001024755,,서울특별시 성북구 삼양로6길 49,136801,02731,,,,127.026070718624,37.6076922855016
MA0106202201A0236704,씨제이올리브영양천중앙로,,G2,소매,G221,기타 상품 소매,G22199,그 외 기타 상품 전문 소매업,G47859,그 외 기타 분류 안된 상품 전문 소매업,41,경기도,41500,이천시,41500510,창전동,4150010100,창전동,4150010100101610006,1,대지,161,6,경기도 이천시 창전동 161-6,415004421524,경기도 이천시 어재연로37번길,16,,4150010100101610004010020,,경기도 이천시 어재연로37번길 16,467804,17369,,,,127.444893827441,37.280322426199
MA0106202201A0269526,테일러팜스,,G2,소매,G221,기타 상품 소매,G22199,그 외 기타 상품 전문 소매업,G47859,그 외 기타 분류 안된 상품 전문 소매업,41,경기도,41285,고양시 일산동구,41285551,백석1동,4128510600,백석동,4128510600111410002,1,대지,1141,2,경기도 고양시 일산동구 백석동 1141-2,412853193028,경기도 고양시 일산동구 일산로,142,,4128510600111410002004841,,경기도 고양시 일산동구 일산로 142,410722,10442,,,,126.793729959745,37.6499242650075
MA0106202201A0152377,빅토아카데미,,G2,소매,G221,기타 상품 소매,G22199,그 외 기타 상품 전문 소매업,G47859,그 외 기타 분류 안된 상품 전문 소매업,48,경상남도,48250,김해시,48250550,북부동,4825010700,삼계동,4825010700114900003,1,대지,1490,3,경상남도 김해시 삼계동 1490-3,482504805864,경상남도 김해시 해반천로144번길,4,,4825010700114900003089158,,경상남도 김해시 해반천로144번길 4,621070,50901,,,,128.867721281937,35.2609132377693
MA0106202201A0598454,보이다원,,G2,소매,G221,기타 상품 소매,G22199,그 외 기타 상품 전문 소매업,G47859,그 외 기타 분류 안된 상품 전문 소매업,11,서울특별시,11680,강남구,11680565,청담동,1168010400,청담동,1168010400100700011,1,대지,70,11,서울특별시 강남구 청담동 70-11,116804166684,서울특별시 강남구 영동대로131길,16,,1168010400100700017018711,,서울특별시 강남구 영동대로131길 16,135953,06072,,,,127.054908762415,37.5205650680003
MA0106202201A0493068,싸이벡스,코리아,G2,소매,G221,기타 상품 소매,G22199,그 외 기타 상품 전문 소매업,G47859,그 외 기타 분류 안된 상품 전문 소매업,11,서울특별시,11545,금천구,11545510,가산동,1154510100,가산동,1154510100103710106,1,대지,371,106,서울특별시 금천구 가산동 371-106,115453117001,서울특별시 금천구 가산디지털1로,181,,1154510100103710106000001,,서울특별시 금천구 가산디지털1로 181,153803,08503,,,,126.880392123783,37.4814316521548
MA0106202201A0388064,우리두레협동조합,,G2,소매,G221,기타 상품 소매,G22199,그 외 기타 상품 전문 소매업,G47859,그 외 기타 분류 안된 상품 전문 소매업,41,경기도,41173,안양시 동안구,41173559,인덕원동,4117310200,관양동,4117310200114850013,1,대지,1485,13,경기도 안양시 동안구 관양동 1485-13,411733183012,경기도 안양시 동안구 인덕원로,19,2,4117310200114850013001742,,경기도 안양시 동안구 인덕원로 19-2,431810,13950,,,,126.97388789534,37.4016323445999
MA0106202201A0666642,인피닉,,G2,소매,G221,기타 상품 소매,G22199,그 외 기타 상품 전문 소매업,G47859,그 외 기타 분류 안된 상품 전문 소매업,11,서울특별시,11545,금천구,11545510,가산동,1154510100,가산동,1154510100104590011,1,대지,459,11,서울특별시 금천구 가산동 459-11,115453117001,서울특별시 금천구 가산디지털1로,186,,1154510100104590011000001,,서울특별시 금천구 가산디지털1로 186,153792,08502,,,,126.881578500485,37.4819193917329
MA0106202201A0243568,명품토탈패션,,G2,소매,G221,기타 상품 소매,G22199,그 외 기타 상품 전문 소매업,G47859,그 외 기타 분류 안된 상품 전문 소매업,41,경기도,41150,의정부시,41150573,송산1동,4115010500,용현동,4115010500100240000,1,대지,24,,경기도 의정부시 용현동 24,411503181050,경기도 의정부시 충의로,25,,4115010500100240000021433,,경기도 의정부시 충의로 25,480836,11789,,,,127.088010594248,37.7342499948767
MA0106202201A0319620,새싹상회,,G2,소매,G221,기타 상품 소매,G22199,그 외 기타 상품 전문 소매업,G47859,그 외 기타 분류 안된 상품 전문 소매업,41,경기도,41360,남양주시,41360545,다산1동,4136011200,다산동,4136011200131340003,1,대지,3134,3,경기도 남양주시 다산동 3134-3,413603000120,경기도 남양주시 경춘로,458,,4136010900101340003011795,,경기도 남양주시 경춘로 458,,12258,,,,127.164049365573,37.609157875992
MA0106202201A0028174,뮤엠영어북부지사,,G2,소매,G221,기타 상품 소매,G22199,그 외 기타 상품 전문 소매업,G47859,그 외 기타 분류 안된 상품 전문 소매업,11,서울특별시,11320,도봉구,11320522,도봉2동,1132010800,도봉동,1132010800100890148,1,대지,89,148,서울특별시 도봉구 도봉동 89-148,113204127172,서울특별시 도봉구 도봉로170길,8,,1132010800100890148009411,,서울특별시 도봉구 도봉로170길 8,132801,01321,,,,127.04592329463,37.6803686105055
MA0106202201A0465506,전라도식진지상,,G2,소매,G221,기타 상품 소매,G22199,그 외 기타 상품 전문 소매업,G47859,그 외 기타 분류 안된 상품 전문 소매업,11,서울특별시,11740,강동구,11740685,길동,1174010500,길동,1174010500104010008,1,대지,401,8,서울특별시 강동구 길동 401-8,117404172231,서울특별시 강동구 양재대로112길,87,,1174010500104010008002730,,서울특별시 강동구 양재대로112길 87,134880,05350,,,,127.144631670433,37.5358873854315
MA0106202201A0138055,우영식자재마트,,G2,소매,G221,기타 상품 소매,G22199,그 외 기타 상품 전문 소매업,G47859,그 외 기타 분류 안된 상품 전문 소매업,11,서울특별시,11560,영등포구,11560720,대림3동,1156013300,대림동,1156013300107510025,1,대지,751,25,서울특별시 영등포구 대림동 751-25,115604154264,서울특별시 영등포구 도림로59길,6,,1156013300107510025002094,,서울특별시 영등포구 도림로59길 6,150815,07409,,,,126.902904559566,37.497454188507
MA0106202201A0135258,하복번창상회,,G2,소매,G221,기타 상품 소매,G22199,그 외 기타 상품 전문 소매업,G47859,그 외 기타 분류 안된 상품 전문 소매업,36,세종특별자치시,36110,세종특별자치시,36110518,나성동,3611010700,나성동,3611010700108210000,1,대지,821,,세종특별자치시 세종특별자치시 나성동 821,361103351277,세종특별자치시 세종특별자치시 나성로,38,,3611010700102060000000001,,세종특별자치시 세종특별자치시 나성로 38,339003,30129,,,,127.263753403522,36.4834833743255
MA0106202201A0191540,표준교정기술원,,G2,소매,G221,기타 상품 소매,G22199,그 외 기타 상품 전문 소매업,G47859,그 외 기타 분류 안된 상품 전문 소매업,41,경기도,41390,시흥시,41390592,정왕2동,4139013200,정왕동,4139013200113600001,1,대지,1360,1,경기도 시흥시 정왕동 1360-1,413904397085,경기도 시흥시 군자천로131번길,43,,4139013200113600001016458,,경기도 시흥시 군자천로131번길 43,429879,15091,,,,126.716375519915,37.3341868392938
MA0106202201A0666987,삼원티앤비,,G2,소매,G221,기타 상품 소매,G22199,그 외 기타 상품 전문 소매업,G47859,그 외 기타 분류 안된 상품 전문 소매업,11,서울특별시,11680,강남구,11680640,역삼1동,1168010100,역삼동,1168010100106700019,1,대지,670,19,서울특별시 강남구 역삼동 670-19,116804166728,서울특별시 강남구 테헤란로27길,24,4,1168010100106700019023026,,서울특별시 강남구 테헤란로27길 24-4,135915,06140,,,,127.037897830534,37.5029661277412
MA0106202201A0047371,에스앤큐플러스,,G2,소매,G221,기타 상품 소매,G22199,그 외 기타 상품 전문 소매업,G47859,그 외 기타 분류 안된 상품 전문 소매업,11,서울특별시,11170,용산구,11170685,한남동,1117013100,한남동,1117013100100640004,1,대지,64,4,서울특별시 용산구 한남동 64-4,111704106468,서울특별시 용산구 한남대로20길,21,,1117013100100640004006099,,서울특별시 용산구 한남대로20길 21,140886,04419,,,,127.008021813644,37.5351287390602
MA0106202201A0197870,디에스상사,,G2,소매,G221,기타 상품 소매,G22199,그 외 기타 상품 전문 소매업,G47859,그 외 기타 분류 안된 상품 전문 소매업,41,경기도,41590,화성시,41590360,팔탄면,4159036024,팔탄면,4159036024102780002,1,대지,278,2,경기도 화성시 팔탄면 가재리 278-2,415903012004,경기도 화성시 팔탄면 삼천병마로,547,,4159036024102780002000001,,경기도 화성시 팔탄면 삼천병마로 547,445911,18533,,,,126.928073530716,37.1582876225092
MA0106202201A0510666,원종합,,G2,소매,G221,기타 상품 소매,G22199,그 외 기타 상품 전문 소매업,G47859,그 외 기타 분류 안된 상품 전문 소매업,41,경기도,41150,의정부시,41150510,의정부1동,4115011000,가능동,4115011000100660016,1,대지,66,16,경기도 의정부시 가능동 66-16,411503215066,경기도 의정부시 평화로,727,,4115011000100660016009084,,경기도 의정부시 평화로 727,480802,11684,,,,127.042804346359,37.7566641447767
MA0106202201A0145618,에스코마이크로피티이,코리아,G2,소매,G221,기타 상품 소매,G22199,그 외 기타 상품 전문 소매업,G47859,그 외 기타 분류 안된 상품 전문 소매업,11,서울특별시,11560,영등포구,11560605,문래동,1156012300,문래동5가,1156012300100090000,1,대지,9,,서울특별시 영등포구 문래동5가 9,115604154046,서울특별시 영등포구 경인로71길,70,,1156012300100090000000001,,서울특별시 영등포구 경인로71길 70,150095,07286,,,,126.88607326396,37.5150628078848
MA0106202201A0559620,그린라이프,,G2,소매,G221,기타 상품 소매,G22199,그 외 기타 상품 전문 소매업,G47859,그 외 기타 분류 안된 상품 전문 소매업,11,서울특별시,11215,광진구,11215860,구의2동,1121510300,구의동,1121510300100790027,1,대지,79,27,서울특별시 광진구 구의동 79-27,112154112442,서울특별시 광진구 자양로37길,4,,1121510300100790027007824,,서울특별시 광진구 자양로37길 4,143819,04993,,,,127.087836241135,37.5478544991543
MA0106202201A0036640,인현,,G2,소매,G221,기타 상품 소매,G22199,그 외 기타 상품 전문 소매업,G47859,그 외 기타 분류 안된 상품 전문 소매업,11,서울특별시,11560,영등포구,11560620,양평2동,1156012900,양평동5가,1156012900101060001,1,대지,106,1,서울특별시 영등포구 양평동5가 106-1,115604154617,서울특별시 영등포구 양평로22길,21,,1156012900101060001000001,,서울특별시 영등포구 양평로22길 21,150105,07205,,,,126.894657635746,37.5398032679161
MA0106202201A0379645,씨비아이앤디,,G2,소매,G221,기타 상품 소매,G22199,그 외 기타 상품 전문 소매업,G47859,그 외 기타 분류 안된 상품 전문 소매업,41,경기도,41360,남양주시,41360310,별내면,4136031021,별내면,4136031021104270001,1,대지,427,1,경기도 남양주시 별내면 청학리 427-1,413604391717,경기도 남양주시 별내면 청학로중앙길,78,,4136031021104270001000001,,경기도 남양주시 별내면 청학로중앙길 78,472811,12087,,,,127.110901550075,37.7099314750103
MA0101202410A0431504,세남자물고기,,G2,소매,G221,기타 상품 소매,G22199,그 외 기타 상품 전문 소매업,G47859,그 외 기타 분류 안된 상품 전문 소매업,41,경기도,41273,안산시 단원구,41273532,중앙동,4127310100,고잔동,4127310100105270008,1,대지,527,8,경기도 안산시 단원구 고잔동 527-8,412733190080,경기도 안산시 단원구 화랑로,402,,4127310100105270008025195,신원프라자,경기도 안산시 단원구 화랑로 402,425715,15352,,,,126.832427781497,37.3207574963228
MA0101202410A0438648,삼채원농장,,G2,소매,G221,기타 상품 소매,G22199,그 외 기타 상품 전문 소매업,G47859,그 외 기타 분류 안된 상품 전문 소매업,43,충청북도,43800,단양군,43800330,영춘면,4380033025,영춘면,4380033025107210000,1,대지,721,,충청북도 단양군 영춘면 의풍리 721,438003000186,충청북도 단양군 영춘면 영단로,1685,,4380033025107210000017648,,충청북도 단양군 영춘면 영단로 1685,395837,27019,,,,128.611735013636,37.0624690413231
MA0101202410A0443169,세천수석,,G2,소매,G221,기타 상품 소매,G22199,그 외 기타 상품 전문 소매업,G47859,그 외 기타 분류 안된 상품 전문 소매업,30,대전광역시,30110,동구,30110551,판암1동,3011010800,삼정동,3011010800104230011,1,대지,423,11,대전광역시 동구 삼정동 423-11,301103000091,대전광역시 동구 옥천로,397,,3011010800104230011023524,,대전광역시 동구 옥천로 397,300832,34502,,,,127.474111401015,36.3299506505888
MA0101202410A0426950,장수촌산삼농원,,G2,소매,G221,기타 상품 소매,G22199,그 외 기타 상품 전문 소매업,G47859,그 외 기타 분류 안된 상품 전문 소매업,43,충청북도,43112,청주시 서원구,43112520,사직2동,4311210100,사직동,4311210100106400001,1,대지,640,1,충청북도 청주시 서원구 사직동 640-1,431123237095,충청북도 청주시 서원구 호국로,38,,4311310100106400001006949,,충청북도 청주시 서원구 호국로 38,362845,28657,,1,,127.475001363299,36.6314365459844
MA0101202410A0427721,주희네산삼판매장,,G2,소매,G221,기타 상품 소매,G22199,그 외 기타 상품 전문 소매업,G47859,그 외 기타 분류 안된 상품 전문 소매업,43,충청북도,43113,청주시 흥덕구,43113760,강서1동,4311312400,지동동,4311312400102260000,1,대지,226,,충청북도 청주시 흥덕구 지동동 226,431133236058,충청북도 청주시 흥덕구 직지대로,186,3,4311312400102260000053176,,충청북도 청주시 흥덕구 직지대로 186-3,361400,28359,,1,,127.414022815622,36.646199288532
MA0101202410A0444463,그외기타상품전문소매업,,G2,소매,G221,기타 상품 소매,G22199,그 외 기타 상품 전문 소매업,G47859,그 외 기타 분류 안된 상품 전문 소매업,44,충청남도,44710,금산군,44710250,금산읍,4471025022,금산읍,4471025022100240000,1,대지,24,,충청남도 금산군 금산읍 중도리 24,447103257044,충청남도 금산군 금산읍 인삼약초로,24,,4471025022100240000017736,금산수삼센터,충청남도 금산군 금산읍 인삼약초로 24,312806,32739,,,,127.496358187934,36.1001557428811
MA0101202410A0444473,금산수삼센터,,G2,소매,G221,기타 상품 소매,G22199,그 외 기타 상품 전문 소매업,G47859,그 외 기타 분류 안된 상품 전문 소매업,44,충청남도,44710,금산군,44710250,금산읍,4471025022,금산읍,4471025022100240000,1,대지,24,,충청남도 금산군 금산읍 중도리 24,447103257044,충청남도 금산군 금산읍 인삼약초로,24,,4471025022100240000017736,,충청남도 금산군 금산읍 인삼약초로 24,312806,32739,,,,127.496358187934,36.1001557428811
MA0101202410A0418480,설악건강마을,,G2,소매,G221,기타 상품 소매,G22199,그 외 기타 상품 전문 소매업,G47859,그 외 기타 분류 안된 상품 전문 소매업,41,경기도,41210,광명시,41210540,광명3동,4121010100,광명동,4121010100101580067,1,대지,158,67,경기도 광명시 광명동 158-67,412104361262,경기도 광명시 오리로976번길,12,1,4121010100101580067002907,,경기도 광명시 오리로976번길 12-1,423807,14220,,,,126.855520735084,37.4803136367118
MA0101202410A0442725,대덕생약,,G2,소매,G221,기타 상품 소매,G22199,그 외 기타 상품 전문 소매업,G47859,그 외 기타 분류 안된 상품 전문 소매업,44,충청남도,44710,금산군,44710250,금산읍,4471025022,금산읍,4471025022100070001,1,대지,7,1,충청남도 금산군 금산읍 중도리 7-1,447103257042,충청남도 금산군 금산읍 인삼광장로,47,,4471025022100070001020661,인삼쇼핑센터,충청남도 금산군 금산읍 인삼광장로 47,312806,32739,,1,,127.49895421536,36.1015147970903
MA0101202410A0434953,놀부약초,,G2,소매,G221,기타 상품 소매,G22199,그 외 기타 상품 전문 소매업,G47859,그 외 기타 분류 안된 상품 전문 소매업,43,충청북도,43130,충주시,43130610,봉방동,4313011500,봉방동,4313011500102230009,1,대지,223,9,충청북도 충주시 봉방동 223-9,431304514605,충청북도 충주시 봉방9길,32,,4313011500102230009016596,,충청북도 충주시 봉방9길 32,380960,27425,,,,127.917770110368,36.9730969786783
MA0101202410A0442734,창화당유통,,G2,소매,G221,기타 상품 소매,G22199,그 외 기타 상품 전문 소매업,G47859,그 외 기타 분류 안된 상품 전문 소매업,44,충청남도,44710,금산군,44710250,금산읍,4471025022,금산읍,4471025022100080001,1,대지,8,1,충청남도 금산군 금산읍 중도리 8-1,447103257044,충청남도 금산군 금산읍 인삼약초로,45,,4471025022100080001020658,금산국제인삼시장,충청남도 금산군 금산읍 인삼약초로 45,312806,32739,,,,127.498345957274,36.1019138599352
MA0101202410A0442747,금강약초인삼사,,G2,소매,G221,기타 상품 소매,G22199,그 외 기타 상품 전문 소매업,G47859,그 외 기타 분류 안된 상품 전문 소매업,44,충청남도,44710,금산군,44710250,금산읍,4471025022,금산읍,4471025022100050002,1,대지,5,2,충청남도 금산군 금산읍 중도리 5-2,447103257042,충청남도 금산군 금산읍 인삼광장로,45,,4471025022100050002017466,인삼쇼핑센터,충청남도 금산군 금산읍 인삼광장로 45,312806,32739,,,,127.499240715749,36.1011621326045
MA0101202410A0385487,금산수삼시장28호,,G2,소매,G221,기타 상품 소매,G22199,그 외 기타 상품 전문 소매업,G47859,그 외 기타 분류 안된 상품 전문 소매업,44,충청남도,44710,금산군,44710250,금산읍,4471025021,금산읍,4471025021106770001,1,대지,677,1,충청남도 금산군 금산읍 신대리 677-1,447103257044,충청남도 금산군 금산읍 인삼약초로,48,8,4471025021106770001000001,금산수삼시장,충청남도 금산군 금산읍 인삼약초로 48-8,312804,32739,,,,127.498991853197,36.1004422028023
MA0101202410A0412549,수삼센터18호,,G2,소매,G221,기타 상품 소매,G22199,그 외 기타 상품 전문 소매업,G47859,그 외 기타 분류 안된 상품 전문 소매업,44,충청남도,44710,금산군,44710250,금산읍,4471025022,금산읍,4471025022100240000,1,대지,24,,충청남도 금산군 금산읍 중도리 24,447103257044,충청남도 금산군 금산읍 인삼약초로,24,,4471025022100240000017736,,충청남도 금산군 금산읍 인삼약초로 24,312806,32739,,,,127.496358187934,36.1001557428811
MA0101202410A0418686,금산인삼,,G2,소매,G221,기타 상품 소매,G22199,그 외 기타 상품 전문 소매업,G47859,그 외 기타 분류 안된 상품 전문 소매업,11,서울특별시,11230,동대문구,11230545,제기동,1123010300,제기동,1123010300110190000,1,대지,1019,,서울특별시 동대문구 제기동 1019,112304115033,서울특별시 동대문구 고산자로36길,3,,1123010300110190000034389,본관,서울특별시 동대문구 고산자로36길 3,130865,02571,,2,,127.039147690267,37.5790371332837
MA0101202410A0434760,부여인삼,,G2,소매,G221,기타 상품 소매,G22199,그 외 기타 상품 전문 소매업,G47859,그 외 기타 분류 안된 상품 전문 소매업,43,충청북도,43770,음성군,43770250,음성읍,4377025021,음성읍,4377025021105630008,1,대지,563,8,충청북도 음성군 음성읍 읍내리 563-8,437704541536,충청북도 음성군 음성읍 중앙로137번길,16,20,4377025021105630008012000,,충청북도 음성군 음성읍 중앙로137번길 16-20,369807,27694,,,,127.688085134346,36.9376433769882
MA0101202410A0438815,건강보감,,G2,소매,G221,기타 상품 소매,G22199,그 외 기타 상품 전문 소매업,G47859,그 외 기타 분류 안된 상품 전문 소매업,43,충청북도,43150,제천시,43150560,용두동,4315012400,왕암동,4315012400105870004,1,대지,587,4,충청북도 제천시 왕암동 587-4,431503239076,충청북도 제천시 한방엑스포로,18,,4315012400105870004000001,,충청북도 제천시 한방엑스포로 18,390250,27116,,,,128.159445516641,37.1455918493198
MA0101202410A0391803,수삼센터51호,,G2,소매,G221,기타 상품 소매,G22199,그 외 기타 상품 전문 소매업,G47859,그 외 기타 분류 안된 상품 전문 소매업,44,충청남도,44710,금산군,44710250,금산읍,4471025022,금산읍,4471025022100240000,1,대지,24,,충청남도 금산군 금산읍 중도리 24,447103257044,충청남도 금산군 금산읍 인삼약초로,24,,4471025022100240000017736,금산인삼수삼센터,충청남도 금산군 금산읍 인삼약초로 24,312806,32739,,,,127.496358187934,36.1001557428811
MA0101202410A0422874,금산수삼센터소매12호,,G2,소매,G221,기타 상품 소매,G22199,그 외 기타 상품 전문 소매업,G47859,그 외 기타 분류 안된 상품 전문 소매업,44,충청남도,44710,금산군,44710250,금산읍,4471025022,금산읍,4471025022100240000,1,대지,24,,충청남도 금산군 금산읍 중도리 24,447103257044,충청남도 금산군 금산읍 인삼약초로,24,,4471025022100240000017736,,충청남도 금산군 금산읍 인삼약초로 24,312806,32739,,1,,127.496358187934,36.1001557428811
MA0101202410A0438414,세림왕겨상사,,G2,소매,G221,기타 상품 소매,G22199,그 외 기타 상품 전문 소매업,G47859,그 외 기타 분류 안된 상품 전문 소매업,43,충청북도,43150,제천시,43150547,영서동,4315010200,서부동,4315010200104630000,1,대지,463,,충청북도 제천시 서부동 463,431504517844,충청북도 제천시 의병대로4길,11,1,4315010200104630000026140,,충청북도 제천시 의병대로4길 11-1,390060,27171,,,,128.203509177034,37.1377192685551
MA0101202410A0426680,청주웰빙약초,,G2,소매,G221,기타 상품 소매,G22199,그 외 기타 상품 전문 소매업,G47859,그 외 기타 분류 안된 상품 전문 소매업,43,충청북도,43113,청주시 흥덕구,43113747,가경동,4311311300,가경동,4311311300112480000,1,대지,1248,,충청북도 청주시 흥덕구 가경동 1248,431134511073,충청북도 청주시 흥덕구 가경로149번길,16,1,4311311300112480000010016,,충청북도 청주시 흥덕구 가경로149번길 16-1,361801,28393,,,,127.436050630263,36.6279358900798
MA0101202410A0435764,보배상사,,G2,소매,G221,기타 상품 소매,G22199,그 외 기타 상품 전문 소매업,G47859,그 외 기타 분류 안된 상품 전문 소매업,43,충청북도,43770,음성군,43770250,음성읍,4377025022,음성읍,4377025022105190001,1,대지,519,1,충청북도 음성군 음성읍 평곡리 519-1,437704541606,충청북도 음성군 음성읍 토계울길30번길,19,12,4377025022105190001010322,,충청북도 음성군 음성읍 토계울길30번길 19-12,369803,27698,,,,127.703423799071,36.9235508324508
MA0101202410A0438890,평창약초,,G2,소매,G221,기타 상품 소매,G22199,그 외 기타 상품 전문 소매업,G47859,그 외 기타 분류 안된 상품 전문 소매업,43,충청북도,43150,제천시,43150605,화산동,4315010900,화산동,4315010900109180002,1,대지,918,2,충청북도 제천시 화산동 918-2,431504517182,충청북도 제천시 내토로44길,4,,4315010900109180002024470,,충청북도 제천시 내토로44길 4,390150,27197,,,,128.214006064817,37.1269533032918
MA0101202410A0438921,소백산약초마을,,G2,소매,G221,기타 상품 소매,G22199,그 외 기타 상품 전문 소매업,G47859,그 외 기타 분류 안된 상품 전문 소매업,43,충청북도,43800,단양군,43800250,단양읍,4380025037,단양읍,4380025037101110013,1,대지,111,13,충청북도 단양군 단양읍 고수리 111-13,438004544032,충청북도 단양군 단양읍 고수동굴길,3,18,4380025037101110013010251,,충청북도 단양군 단양읍 고수동굴길 3-18,395801,27024,,,,128.381643867467,36.9874267737375
MA0101202410A0448316,진주상회,,G2,소매,G221,기타 상품 소매,G22199,그 외 기타 상품 전문 소매업,G47859,그 외 기타 분류 안된 상품 전문 소매업,44,충청남도,44710,금산군,44710250,금산읍,4471025022,금산읍,4471025022100080001,1,대지,8,1,충청남도 금산군 금산읍 중도리 8-1,447103257044,충청남도 금산군 금산읍 인삼약초로,45,,4471025022100080001020658,금산국제인삼시장,충청남도 금산군 금산읍 인삼약초로 45,312806,32739,,,,127.498345957274,36.1019138599352
MA0101202410A0449732,신관인삼삼업사,,G2,소매,G221,기타 상품 소매,G22199,그 외 기타 상품 전문 소매업,G47859,그 외 기타 분류 안된 상품 전문 소매업,44,충청남도,44150,공주시,44150570,신관동,4415012000,신관동,4415012000106380002,1,대지,638,2,충청남도 공주시 신관동 638-2,441503251015,충청남도 공주시 번영1로,72,8,4415012000106380002758308,,충청남도 공주시 번영1로 72-8,314802,32583,,,,127.13579228159,36.4730368677812
MA0101202410A0400540,금산수삼센터40호,,G2,소매,G221,기타 상품 소매,G22199,그 외 기타 상품 전문 소매업,G47859,그 외 기타 분류 안된 상품 전문 소매업,44,충청남도,44710,금산군,44710250,금산읍,4471025022,금산읍,4471025022100240000,1,대지,24,,충청남도 금산군 금산읍 중도리 24,447103257044,충청남도 금산군 금산읍 인삼약초로,24,,4471025022100240000017736,,충청남도 금산군 금산읍 인삼약초로 24,312806,32739,,,,127.496358187934,36.1001557428811
MA0101202410A0426733,대일왕겨,,G2,소매,G221,기타 상품 소매,G22199,그 외 기타 상품 전문 소매업,G47859,그 외 기타 분류 안된 상품 전문 소매업,43,충청북도,43750,진천군,43750250,진천읍,4375025021,진천읍,4375025021100730000,1,대지,73,,충청북도 진천군 진천읍 교성리 73,437504535125,충청북도 진천군 진천읍 문화3길,18,,4375025021100730000002562,,충청북도 진천군 진천읍 문화3길 18,365803,27841,,,,127.442580894506,36.8484956203729
MA0101202410A0426736,진천빛나리약초,,G2,소매,G221,기타 상품 소매,G22199,그 외 기타 상품 전문 소매업,G47859,그 외 기타 분류 안된 상품 전문 소매업,43,충청북도,43750,진천군,43750250,진천읍,4375025025,진천읍,4375025025109690000,1,대지,969,,충청북도 진천군 진천읍 성석리 969,437503245012,충청북도 진천군 진천읍 원덕로,390,,4375025025106280003000001,운수대통생거진천전통시장,충청북도 진천군 진천읍 원덕로 390,365806,27848,,1,,127.45133091987,36.8607086244848
MA0101202410A0442941,금산수삼센타,,G2,소매,G221,기타 상품 소매,G22199,그 외 기타 상품 전문 소매업,G47859,그 외 기타 분류 안된 상품 전문 소매업,44,충청남도,44710,금산군,44710250,금산읍,4471025022,금산읍,4471025022100240000,1,대지,24,,충청남도 금산군 금산읍 중도리 24,447103257044,충청남도 금산군 금산읍 인삼약초로,24,,4471025022100240000017736,,충청남도 금산군 금산읍 인삼약초로 24,312806,32739,,,,127.496358187934,36.1001557428811
MA0101202410A0438557,제천물산,,G2,소매,G221,기타 상품 소매,G22199,그 외 기타 상품 전문 소매업,G47859,그 외 기타 분류 안된 상품 전문 소매업,43,충청북도,43150,제천시,43150605,화산동,4315010900,화산동,4315010900109870000,1,대지,987,,충청북도 제천시 화산동 987,431503239054,충청북도 제천시 원화산로,121,,4315010900109870000021404,약초시장,충청북도 제천시 원화산로 121,390150,27197,,,,128.219591048964,37.1278870787859
MA0101202410A0440039,세일상회,,G2,소매,G221,기타 상품 소매,G22199,그 외 기타 상품 전문 소매업,G47859,그 외 기타 분류 안된 상품 전문 소매업,43,충청북도,43150,제천시,43150605,화산동,4315010900,화산동,4315010900109870000,1,대지,987,,충청북도 제천시 화산동 987,431503239054,충청북도 제천시 원화산로,121,,4315010900109870000021404,한약상가,충청북도 제천시 원화산로 121,390150,27197,,,,128.219591048964,37.1278870787859
MA0101202410A0442988,수삼쎈타７４호,,G2,소매,G221,기타 상품 소매,G22199,그 외 기타 상품 전문 소매업,G47859,그 외 기타 분류 안된 상품 전문 소매업,44,충청남도,44710,금산군,44710250,금산읍,4471025022,금산읍,4471025022100240000,1,대지,24,,충청남도 금산군 금산읍 중도리 24,447103257044,충청남도 금산군 금산읍 인삼약초로,24,,4471025022100240000017736,금산인삼수삼센터,충청남도 금산군 금산읍 인삼약초로 24,312806,32739,,,,127.496358187934,36.1001557428811
MA0101202410A0444547,금산수삼센터9호,,G2,소매,G221,기타 상품 소매,G22199,그 외 기타 상품 전문 소매업,G47859,그 외 기타 분류 안된 상품 전문 소매업,44,충청남도,44710,금산군,44710250,금산읍,4471025022,금산읍,4471025022100240000,1,대지,24,,충청남도 금산군 금산읍 중도리 24,447103257044,충청남도 금산군 금산읍 인삼약초로,24,,4471025022100240000017736,,충청남도 금산군 금산읍 인삼약초로 24,312806,32739,,,,127.496358187934,36.1001557428811
MA0101202410A0444555,금산인삼,,G2,소매,G221,기타 상품 소매,G22199,그 외 기타 상품 전문 소매업,G47859,그 외 기타 분류 안된 상품 전문 소매업,44,충청남도,44710,금산군,44710250,금산읍,4471025022,금산읍,4471025022100240000,1,대지,24,,충청남도 금산군 금산읍 중도리 24,447103257044,충청남도 금산군 금산읍 인삼약초로,22,,4471025022100240000017439,,충청남도 금산군 금산읍 인삼약초로 22,312806,32739,,,,127.495726755297,36.1004016831257
MA0101202410A0444556,금산수삼센터38호,,G2,소매,G221,기타 상품 소매,G22199,그 외 기타 상품 전문 소매업,G47859,그 외 기타 분류 안된 상품 전문 소매업,44,충청남도,44710,금산군,44710250,금산읍,4471025022,금산읍,4471025022100240000,1,대지,24,,충청남도 금산군 금산읍 중도리 24,447103257044,충청남도 금산군 금산읍 인삼약초로,24,,4471025022100240000017736,,충청남도 금산군 금산읍 인삼약초로 24,312806,32739,,,,127.496358187934,36.1001557428811
MA0101202410A0444562,금산수삼센터40호,,G2,소매,G221,기타 상품 소매,G22199,그 외 기타 상품 전문 소매업,G47859,그 외 기타 분류 안된 상품 전문 소매업,44,충청남도,44710,금산군,44710250,금산읍,4471025022,금산읍,4471025022100240000,1,대지,24,,충청남도 금산군 금산읍 중도리 24,447103257044,충청남도 금산군 금산읍 인삼약초로,24,,4471025022100240000017736,,충청남도 금산군 금산읍 인삼약초로 24,312806,32739,,,,127.496358187934,36.1001557428811
MA0101202410A0444705,금산수삼센터64호,,G2,소매,G221,기타 상품 소매,G22199,그 외 기타 상품 전문 소매업,G47859,그 외 기타 분류 안된 상품 전문 소매업,44,충청남도,44710,금산군,44710250,금산읍,4471025022,금산읍,4471025022100240000,1,대지,24,,충청남도 금산군 금산읍 중도리 24,447103257044,충청남도 금산군 금산읍 인삼약초로,24,,4471025022100240000017736,금산인삼수삼센터,충청남도 금산군 금산읍 인삼약초로 24,312806,32739,,1,,127.496358187934,36.1001557428811
MA0101202410A0444706,수삼센터65호,,G2,소매,G221,기타 상품 소매,G22199,그 외 기타 상품 전문 소매업,G47859,그 외 기타 분류 안된 상품 전문 소매업,44,충청남도,44710,금산군,44710250,금산읍,4471025022,금산읍,4471025022100240000,1,대지,24,,충청남도 금산군 금산읍 중도리 24,447103257044,충청남도 금산군 금산읍 인삼약초로,24,,4471025022100240000017736,금산인삼수삼센터,충청남도 금산군 금산읍 인삼약초로 24,312806,32739,,1,,127.496358187934,36.1001557428811
MA0101202410A0444707,수삼센터86호,,G2,소매,G221,기타 상품 소매,G22199,그 외 기타 상품 전문 소매업,G47859,그 외 기타 분류 안된 상품 전문 소매업,44,충청남도,44710,금산군,44710250,금산읍,4471025022,금산읍,4471025022100240000,1,대지,24,,충청남도 금산군 금산읍 중도리 24,447103257044,충청남도 금산군 금산읍 인삼약초로,24,,4471025022100240000017736,금산인삼수삼센터,충청남도 금산군 금산읍 인삼약초로 24,312806,32739,,1,,127.496358187934,36.1001557428811
MA0101202410A0444708,수삼센터87호,,G2,소매,G221,기타 상품 소매,G22199,그 외 기타 상품 전문 소매업,G47859,그 외 기타 분류 안된 상품 전문 소매업,44,충청남도,44710,금산군,44710250,금산읍,4471025022,금산읍,4471025022100240000,1,대지,24,,충청남도 금산군 금산읍 중도리 24,447103257044,충청남도 금산군 금산읍 인삼약초로,24,,4471025022100240000017736,금산인삼수삼센터,충청남도 금산군 금산읍 인삼약초로 24,312806,32739,,1,,127.496358187934,36.1001557428811
MA0101202410A0444709,금산수삼센터87호,,G2,소매,G221,기타 상품 소매,G22199,그 외 기타 상품 전문 소매업,G47859,그 외 기타 분류 안된 상품 전문 소매업,44,충청남도,44710,금산군,44710250,금산읍,4471025022,금산읍,4471025022100240000,1,대지,24,,충청남도 금산군 금산읍 중도리 24,447103257044,충청남도 금산군 금산읍 인삼약초로,24,,4471025022100240000017736,금산인삼수삼센터,충청남도 금산군 금산읍 인삼약초로 24,312806,32739,,1,,127.496358187934,36.1001557428811
MA0101202410A0444710,수삼센터89호,,G2,소매,G221,기타 상품 소매,G22199,그 외 기타 상품 전문 소매업,G47859,그 외 기타 분류 안된 상품 전문 소매업,44,충청남도,44710,금산군,44710250,금산읍,4471025022,금산읍,4471025022100240000,1,대지,24,,충청남도 금산군 금산읍 중도리 24,447103257044,충청남도 금산군 금산읍 인삼약초로,24,,4471025022100240000017736,,충청남도 금산군 금산읍 인삼약초로 24,312806,32739,,1,,127.496358187934,36.1001557428811
MA0101202410A0444711,수삼센터91호,,G2,소매,G221,기타 상품 소매,G22199,그 외 기타 상품 전문 소매업,G47859,그 외 기타 분류 안된 상품 전문 소매업,44,충청남도,44710,금산군,44710250,금산읍,4471025022,금산읍,4471025022100240000,1,대지,24,,충청남도 금산군 금산읍 중도리 24,447103257044,충청남도 금산군 금산읍 인삼약초로,24,,4471025022100240000017736,,충청남도 금산군 금산읍 인삼약초로 24,312806,32739,,1,,127.496358187934,36.1001557428811
MA0101202410A0444712,금산수삼인삼20호,,G2,소매,G221,기타 상품 소매,G22199,그 외 기타 상품 전문 소매업,G47859,그 외 기타 분류 안된 상품 전문 소매업,44,충청남도,44710,금산군,44710250,금산읍,4471025024,금산읍,4471025024100100027,1,대지,10,27,충청남도 금산군 금산읍 상리 10-27,447103257039,충청남도 금산군 금산읍 오리정로,78,,4471025024100100027016895,,충청남도 금산군 금산읍 오리정로 78,312802,32732,,,,127.483965819051,36.1093176505067
MA0101202410A0444713,수삼센터30호,,G2,소매,G221,기타 상품 소매,G22199,그 외 기타 상품 전문 소매업,G47859,그 외 기타 분류 안된 상품 전문 소매업,44,충청남도,44710,금산군,44710250,금산읍,4471025022,금산읍,4471025022100240000,1,대지,24,,충청남도 금산군 금산읍 중도리 24,447103257044,충청남도 금산군 금산읍 인삼약초로,24,,4471025022100240000017736,,충청남도 금산군 금산읍 인삼약초로 24,312806,32739,,1,,127.496358187934,36.1001557428811
MA0101202410A0444714,인삼이지유,,G2,소매,G221,기타 상품 소매,G22199,그 외 기타 상품 전문 소매업,G47859,그 외 기타 분류 안된 상품 전문 소매업,44,충청남도,44710,금산군,44710250,금산읍,4471025022,금산읍,4471025022100240000,1,대지,24,,충청남도 금산군 금산읍 중도리 24,447103257044,충청남도 금산군 금산읍 인삼약초로,24,,4471025022100240000017736,,충청남도 금산군 금산읍 인삼약초로 24,312806,32739,,1,,127.496358187934,36.1001557428811
MA0101202410A0444715,수삼센터41호,,G2,소매,G221,기타 상품 소매,G22199,그 외 기타 상품 전문 소매업,G47859,그 외 기타 분류 안된 상품 전문 소매업,44,충청남도,44710,금산군,44710250,금산읍,4471025022,금산읍,4471025022100240000,1,대지,24,,충청남도 금산군 금산읍 중도리 24,447103257044,충청남도 금산군 금산읍 인삼약초로,24,,4471025022100240000017736,,충청남도 금산군 금산읍 인삼약초로 24,312806,32739,,1,,127.496358187934,36.1001557428811
MA0101202410A0444716,수삼센터52호,,G2,소매,G221,기타 상품 소매,G22199,그 외 기타 상품 전문 소매업,G47859,그 외 기타 분류 안된 상품 전문 소매업,44,충청남도,44710,금산군,44710250,금산읍,4471025022,금산읍,4471025022100240000,1,대지,24,,충청남도 금산군 금산읍 중도리 24,447103257044,충청남도 금산군 금산읍 인삼약초로,24,,4471025022100240000017736,,충청남도 금산군 금산읍 인삼약초로 24,312806,32739,,1,,127.496358187934,36.1001557428811
MA0101202410A0444717,금산수삼센터52호,,G2,소매,G221,기타 상품 소매,G22199,그 외 기타 상품 전문 소매업,G47859,그 외 기타 분류 안된 상품 전문 소매업,44,충청남도,44710,금산군,44710250,금산읍,4471025022,금산읍,4471025022100240000,1,대지,24,,충청남도 금산군 금산읍 중도리 24,447103257044,충청남도 금산군 금산읍 인삼약초로,24,,4471025022100240000017736,,충청남도 금산군 금산읍 인삼약초로 24,312806,32739,,1,,127.496358187934,36.1001557428811
MA0101202410A0444718,수삼센터77호,,G2,소매,G221,기타 상품 소매,G22199,그 외 기타 상품 전문 소매업,G47859,그 외 기타 분류 안된 상품 전문 소매업,44,충청남도,44710,금산군,44710250,금산읍,4471025022,금산읍,4471025022100240000,1,대지,24,,충청남도 금산군 금산읍 중도리 24,447103257044,충청남도 금산군 금산읍 인삼약초로,24,,4471025022100240000017736,,충청남도 금산군 금산읍 인삼약초로 24,312806,32739,,1,,127.496358187934,36.1001557428811
MA0101202410A0398788,채움,,G2,소매,G221,기타 상품 소매,G22199,그 외 기타 상품 전문 소매업,G47859,그 외 기타 분류 안된 상품 전문 소매업,51,강원특별자치도,51190,태백시,51190515,황지동,5119010100,황지동,5119010100100770029,1,대지,77,29,강원특별자치도 태백시 황지동 77-29,511903000156,강원특별자치도 태백시 태백로,1058,,4219010100100770029010304,,강원특별자치도 태백시 태백로 1058,235800,26021,,,,128.992048681608,37.1634670156166
MA0101202410A0442522,금산수삼센터59호,,G2,소매,G221,기타 상품 소매,G22199,그 외 기타 상품 전문 소매업,G47859,그 외 기타 분류 안된 상품 전문 소매업,44,충청남도,44710,금산군,44710250,금산읍,4471025022,금산읍,4471025022100240000,1,대지,24,,충청남도 금산군 금산읍 중도리 24,447103257044,충청남도 금산군 금산읍 인삼약초로,24,,4471025022100240000017736,,충청남도 금산군 금산읍 인삼약초로 24,312806,32739,,,,127.496358187934,36.1001557428811
MA0101202410A0443006,천지자연식품,,G2,소매,G221,기타 상품 소매,G22199,그 외 기타 상품 전문 소매업,G47859,그 외 기타 분류 안된 상품 전문 소매업,44,충청남도,44710,금산군,44710250,금산읍,4471025022,금산읍,4471025022100250000,1,대지,25,,충청남도 금산군 금산읍 중도리 25,447104571410,충청남도 금산군 금산읍 약초1길,8,,4471025022100250000020626,,충청남도 금산군 금산읍 약초1길 8,312806,32739,,,,127.495790212407,36.099896743935
MA0101202410A0443015,수삼센타６３호,,G2,소매,G221,기타 상품 소매,G22199,그 외 기타 상품 전문 소매업,G47859,그 외 기타 분류 안된 상품 전문 소매업,44,충청남도,44710,금산군,44710250,금산읍,4471025022,금산읍,4471025022100240000,1,대지,24,,충청남도 금산군 금산읍 중도리 24,447103257044,충청남도 금산군 금산읍 인삼약초로,24,,4471025022100240000017736,,충청남도 금산군 금산읍 인삼약초로 24,312806,32739,,,,127.496358187934,36.1001557428811
MA0101202410A0446109,대전수삼쎈타석원인삼사,,G2,소매,G221,기타 상품 소매,G22199,그 외 기타 상품 전문 소매업,G47859,그 외 기타 분류 안된 상품 전문 소매업,30,대전광역시,30140,중구,30140640,부사동,3014011100,부사동,3014011100101530001,1,대지,153,1,대전광역시 중구 부사동 153-1,301403010004,대전광역시 중구 대종로,297,,3014011100101530001007104,,대전광역시 중구 대종로 297,301815,35048,,,,127.43551225007,36.312497534089
MA0101202410A0446140,번영약초,,G2,소매,G221,기타 상품 소매,G22199,그 외 기타 상품 전문 소매업,G47859,그 외 기타 분류 안된 상품 전문 소매업,44,충청남도,44710,금산군,44710250,금산읍,4471025022,금산읍,4471025022100240000,1,대지,24,,충청남도 금산군 금산읍 중도리 24,447103257044,충청남도 금산군 금산읍 인삼약초로,24,,4471025022100240000017736,,충청남도 금산군 금산읍 인삼약초로 24,312806,32739,,,,127.496358187934,36.1001557428811
MA0101202410A0446156,관악약초사,,G2,소매,G221,기타 상품 소매,G22199,그 외 기타 상품 전문 소매업,G47859,그 외 기타 분류 안된 상품 전문 소매업,44,충청남도,44710,금산군,44710250,금산읍,4471025022,금산읍,4471025022100340001,1,대지,34,1,충청남도 금산군 금산읍 중도리 34-1,447103257044,충청남도 금산군 금산읍 인삼약초로,33,,4471025022100340001020598,호,충청남도 금산군 금산읍 인삼약초로 33,312806,32739,,,,127.496807590668,36.1009829919372
MA0101202410A0443233,익수당민초원,,G2,소매,G221,기타 상품 소매,G22199,그 외 기타 상품 전문 소매업,G47859,그 외 기타 분류 안된 상품 전문 소매업,30,대전광역시,30110,동구,30110665,성남동,3011011600,성남동,3011011600100500003,1,대지,50,3,대전광역시 동구 성남동 50-3,301103010001,대전광역시 동구 계족로,321,,3011011600100500003013164,,대전광역시 동구 계족로 321,300818,34591,,,,127.435570145601,36.3409114234179
MA0101202410A0443249,금산수삼센타76호,,G2,소매,G221,기타 상품 소매,G22199,그 외 기타 상품 전문 소매업,G47859,그 외 기타 분류 안된 상품 전문 소매업,44,충청남도,44710,금산군,44710250,금산읍,4471025022,금산읍,4471025022100240000,1,대지,24,,충청남도 금산군 금산읍 중도리 24,447103257044,충청남도 금산군 금산읍 인삼약초로,24,,4471025022100240000017736,,충청남도 금산군 금산읍 인삼약초로 24,312806,32739,,,,127.496358187934,36.1001557428811
MA0101202410A0380011,바른인삼,,G2,소매,G221,기타 상품 소매,G22199,그 외 기타 상품 전문 소매업,G47859,그 외 기타 분류 안된 상품 전문 소매업,44,충청남도,44710,금산군,44710250,금산읍,4471025021,금산읍,4471025021106770025,1,대지,677,25,충청남도 금산군 금산읍 신대리 677-25,447103257042,충청남도 금산군 금산읍 인삼광장로,37,,4471025021106770025000001,금산수삼시장,충청남도 금산군 금산읍 인삼광장로 37,312804,32739,,,,127.499579713209,36.1003316082814
MA0101202410A0392631,금산수삼센타14호,,G2,소매,G221,기타 상품 소매,G22199,그 외 기타 상품 전문 소매업,G47859,그 외 기타 분류 안된 상품 전문 소매업,44,충청남도,44710,금산군,44710250,금산읍,4471025022,금산읍,4471025022100240000,1,대지,24,,충청남도 금산군 금산읍 중도리 24,447103257044,충청남도 금산군 금산읍 인삼약초로,24,,4471025022100240000017736,,충청남도 금산군 금산읍 인삼약초로 24,312806,32739,,,,127.496358187934,36.1001557428811
MA0101202410A0402939,동명약초,,G2,소매,G221,기타 상품 소매,G22199,그 외 기타 상품 전문 소매업,G47859,그 외 기타 분류 안된 상품 전문 소매업,51,강원특별자치도,51210,속초시,51210520,동명동,5121010200,동명동,5121010200104480006,1,대지,448,6,강원특별자치도 속초시 동명동 448-6,512104469185,강원특별자치도 속초시 우렁4길,42,,4221010200104480006006156,,강원특별자치도 속초시 우렁4길 42,217809,24827,,,,128.590443943179,38.2097683803009
MA0101202410A0442539,금산수삼쎈타,,G2,소매,G221,기타 상품 소매,G22199,그 외 기타 상품 전문 소매업,G47859,그 외 기타 분류 안된 상품 전문 소매업,44,충청남도,44710,금산군,44710250,금산읍,4471025022,금산읍,4471025022100240000,1,대지,24,,충청남도 금산군 금산읍 중도리 24,447103257044,충청남도 금산군 금산읍 인삼약초로,24,,4471025022100240000017736,,충청남도 금산군 금산읍 인삼약초로 24,312806,32739,,,,127.496358187934,36.1001557428811
MA0101202410A0446622,순애32호,,G2,소매,G221,기타 상품 소매,G22199,그 외 기타 상품 전문 소매업,G47859,그 외 기타 분류 안된 상품 전문 소매업,44,충청남도,44710,금산군,44710250,금산읍,4471025022,금산읍,4471025022100240000,1,대지,24,,충청남도 금산군 금산읍 중도리 24,447103257044,충청남도 금산군 금산읍 인삼약초로,24,,4471025022100240000017736,금산인삼수삼센터,충청남도 금산군 금산읍 인삼약초로 24,312806,32739,,,,127.496358187934,36.1001557428811
MA0101202410A0443282,수삼센타51호,,G2,소매,G221,기타 상품 소매,G22199,그 외 기타 상품 전문 소매업,G47859,그 외 기타 분류 안된 상품 전문 소매업,44,충청남도,44710,금산군,44710250,금산읍,4471025022,금산읍,4471025022100240000,1,대지,24,,충청남도 금산군 금산읍 중도리 24,447103257044,충청남도 금산군 금산읍 인삼약초로,24,,4471025022100240000017736,,충청남도 금산군 금산읍 인삼약초로 24,312806,32739,,,,127.496358187934,36.1001557428811
MA0101202410A0443335,금산수삼센타,,G2,소매,G221,기타 상품 소매,G22199,그 외 기타 상품 전문 소매업,G47859,그 외 기타 분류 안된 상품 전문 소매업,44,충청남도,44710,금산군,44710250,금산읍,4471025022,금산읍,4471025022100240000,1,대지,24,,충청남도 금산군 금산읍 중도리 24,447103257044,충청남도 금산군 금산읍 인삼약초로,24,,4471025022100240000017736,,충청남도 금산군 금산읍 인삼약초로 24,312806,32739,,,,127.496358187934,36.1001557428811
MA0101202410A0443344,태을약초,,G2,소매,G221,기타 상품 소매,G22199,그 외 기타 상품 전문 소매업,G47859,그 외 기타 분류 안된 상품 전문 소매업,44,충청남도,44710,금산군,44710250,금산읍,4471025022,금산읍,4471025022100320013,1,대지,32,13,충청남도 금산군 금산읍 중도리 32-13,447103257020,충청남도 금산군 금산읍 비단로,148,,4471025022100320013020604,,충청남도 금산군 금산읍 비단로 148,312806,32739,,,,127.49565190971,36.1008616089442
MA0101202410A0443443,금산수삼센타,,G2,소매,G221,기타 상품 소매,G22199,그 외 기타 상품 전문 소매업,G47859,그 외 기타 분류 안된 상품 전문 소매업,44,충청남도,44710,금산군,44710250,금산읍,4471025022,금산읍,4471025022100240000,1,대지,24,,충청남도 금산군 금산읍 중도리 24,447103257044,충청남도 금산군 금산읍 인삼약초로,24,,4471025022100240000017736,,충청남도 금산군 금산읍 인삼약초로 24,312806,32739,,,,127.496358187934,36.1001557428811
MA0101202410A0443444,금산수삼센타,,G2,소매,G221,기타 상품 소매,G22199,그 외 기타 상품 전문 소매업,G47859,그 외 기타 분류 안된 상품 전문 소매업,44,충청남도,44710,금산군,44710250,금산읍,4471025022,금산읍,4471025022100240000,1,대지,24,,충청남도 금산군 금산읍 중도리 24,447103257044,충청남도 금산군 금산읍 인삼약초로,24,,4471025022100240000017736,,충청남도 금산군 금산읍 인삼약초로 24,312806,32739,,,,127.496358187934,36.1001557428811
MA0101202410A0443445,금산수삼센타,,G2,소매,G221,기타 상품 소매,G22199,그 외 기타 상품 전문 소매업,G47859,그 외 기타 분류 안된 상품 전문 소매업,44,충청남도,44710,금산군,44710250,금산읍,4471025022,금산읍,4471025022100240000,1,대지,24,,충청남도 금산군 금산읍 중도리 24,447103257044,충청남도 금산군 금산읍 인삼약초로,24,,4471025022100240000017736,,충청남도 금산군 금산읍 인삼약초로 24,312806,32739,,,,127.496358187934,36.1001557428811
MA0101202410A0443446,금산수삼센타,,G2,소매,G221,기타 상품 소매,G22199,그 외 기타 상품 전문 소매업,G47859,그 외 기타 분류 안된 상품 전문 소매업,44,충청남도,44710,금산군,44710250,금산읍,4471025022,금산읍,4471025022100240000,1,대지,24,,충청남도 금산군 금산읍 중도리 24,447103257044,충청남도 금산군 금산읍 인삼약초로,24,,4471025022100240000017736,,충청남도 금산군 금산읍 인삼약초로 24,312806,32739,,,,127.496358187934,36.1001557428811
MA0101202410A0443448,금산수삼센타,,G2,소매,G221,기타 상품 소매,G22199,그 외 기타 상품 전문 소매업,G47859,그 외 기타 분류 안된 상품 전문 소매업,44,충청남도,44710,금산군,44710250,금산읍,4471025022,금산읍,4471025022100240000,1,대지,24,,충청남도 금산군 금산읍 중도리 24,447103257044,충청남도 금산군 금산읍 인삼약초로,24,,4471025022100240000017736,,충청남도 금산군 금산읍 인삼약초로 24,312806,32739,,,,127.496358187934,36.1001557428811
MA0101202410A0443451,금산수삼센타,,G2,소매,G221,기타 상품 소매,G22199,그 외 기타 상품 전문 소매업,G47859,그 외 기타 분류 안된 상품 전문 소매업,44,충청남도,44710,금산군,44710250,금산읍,4471025022,금산읍,4471025022100240000,1,대지,24,,충청남도 금산군 금산읍 중도리 24,447103257044,충청남도 금산군 금산읍 인삼약초로,24,,4471025022100240000017736,,충청남도 금산군 금산읍 인삼약초로 24,312806,32739,,,,127.496358187934,36.1001557428811
MA0101202410A0443452,금산수삼센타,,G2,소매,G221,기타 상품 소매,G22199,그 외 기타 상품 전문 소매업,G47859,그 외 기타 분류 안된 상품 전문 소매업,44,충청남도,44710,금산군,44710250,금산읍,4471025022,금산읍,4471025022100240000,1,대지,24,,충청남도 금산군 금산읍 중도리 24,447103257044,충청남도 금산군 금산읍 인삼약초로,24,,4471025022100240000017736,,충청남도 금산군 금산읍 인삼약초로 24,312806,32739,,,,127.496358187934,36.1001557428811
MA0101202410A0443453,금산수삼센타,,G2,소매,G221,기타 상품 소매,G22199,그 외 기타 상품 전문 소매업,G47859,그 외 기타 분류 안된 상품 전문 소매업,44,충청남도,44710,금산군,44710250,금산읍,4471025022,금산읍,4471025022100240000,1,대지,24,,충청남도 금산군 금산읍 중도리 24,447103257044,충청남도 금산군 금산읍 인삼약초로,24,,4471025022100240000017736,,충청남도 금산군 금산읍 인삼약초로 24,312806,32739,,,,127.496358187934,36.1001557428811
MA0101202410A0443454,금산수삼센타,,G2,소매,G221,기타 상품 소매,G22199,그 외 기타 상품 전문 소매업,G47859,그 외 기타 분류 안된 상품 전문 소매업,44,충청남도,44710,금산군,44710250,금산읍,4471025022,금산읍,4471025022100240000,1,대지,24,,충청남도 금산군 금산읍 중도리 24,447103257044,충청남도 금산군 금산읍 인삼약초로,24,,4471025022100240000017736,,충청남도 금산군 금산읍 인삼약초로 24,312806,32739,,,,127.496358187934,36.1001557428811
MA0101202410A0443456,금산에서온우리인삼금산수삼센터50호,,G2,소매,G221,기타 상품 소매,G22199,그 외 기타 상품 전문 소매업,G47859,그 외 기타 분류 안된 상품 전문 소매업,44,충청남도,44710,금산군,44710250,금산읍,4471025022,금산읍,4471025022100240000,1,대지,24,,충청남도 금산군 금산읍 중도리 24,447103257044,충청남도 금산군 금산읍 인삼약초로,24,,4471025022100240000017736,금산수삼센터,충청남도 금산군 금산읍 인삼약초로 24,312806,32739,,,,127.496358187934,36.1001557428811
MA0101202410A0443457,금산수삼센터,,G2,소매,G221,기타 상품 소매,G22199,그 외 기타 상품 전문 소매업,G47859,그 외 기타 분류 안된 상품 전문 소매업,44,충청남도,44710,금산군,44710250,금산읍,4471025022,금산읍,4471025022100240000,1,대지,24,,충청남도 금산군 금산읍 중도리 24,447103257044,충청남도 금산군 금산읍 인삼약초로,24,,4471025022100240000017736,,충청남도 금산군 금산읍 인삼약초로 24,312806,32739,,,,127.496358187934,36.1001557428811
MA0101202410A0443458,금산수삼센터,,G2,소매,G221,기타 상품 소매,G22199,그 외 기타 상품 전문 소매업,G47859,그 외 기타 분류 안된 상품 전문 소매업,44,충청남도,44710,금산군,44710250,금산읍,4471025022,금산읍,4471025022100240000,1,대지,24,,충청남도 금산군 금산읍 중도리 24,447103257044,충청남도 금산군 금산읍 인삼약초로,24,,4471025022100240000017736,,충청남도 금산군 금산읍 인삼약초로 24,312806,32739,,,,127.496358187934,36.1001557428811
MA0101202410A0443517,금산수삼센터19호,,G2,소매,G221,기타 상품 소매,G22199,그 외 기타 상품 전문 소매업,G47859,그 외 기타 분류 안된 상품 전문 소매업,44,충청남도,44710,금산군,44710250,금산읍,4471025022,금산읍,4471025022100240000,1,대지,24,,충청남도 금산군 금산읍 중도리 24,447103257044,충청남도 금산군 금산읍 인삼약초로,24,,4471025022100240000017736,,충청남도 금산군 금산읍 인삼약초로 24,312806,32739,,,,127.496358187934,36.1001557428811
MA0101202410A0443518,금산수삼센타,,G2,소매,G221,기타 상품 소매,G22199,그 외 기타 상품 전문 소매업,G47859,그 외 기타 분류 안된 상품 전문 소매업,44,충청남도,44710,금산군,44710250,금산읍,4471025022,금산읍,4471025022100240000,1,대지,24,,충청남도 금산군 금산읍 중도리 24,447103257044,충청남도 금산군 금산읍 인삼약초로,24,,4471025022100240000017736,,충청남도 금산군 금산읍 인삼약초로 24,312806,32739,,,,127.496358187934,36.1001557428811
MA0101202410A0443519,금산수삼센타73호,,G2,소매,G221,기타 상품 소매,G22199,그 외 기타 상품 전문 소매업,G47859,그 외 기타 분류 안된 상품 전문 소매업,44,충청남도,44710,금산군,44710250,금산읍,4471025022,금산읍,4471025022100240000,1,대지,24,,충청남도 금산군 금산읍 중도리 24,447103257044,충청남도 금산군 금산읍 인삼약초로,24,,4471025022100240000017736,,충청남도 금산군 금산읍 인삼약초로 24,312806,32739,,,,127.496358187934,36.1001557428811
MA0101202410A0443520,금산수삼센터79호,,G2,소매,G221,기타 상품 소매,G22199,그 외 기타 상품 전문 소매업,G47859,그 외 기타 분류 안된 상품 전문 소매업,44,충청남도,44710,금산군,44710250,금산읍,4471025022,금산읍,4471025022100240000,1,대지,24,,충청남도 금산군 금산읍 중도리 24,447103257044,충청남도 금산군 금산읍 인삼약초로,24,,4471025022100240000017736,금산수삼센터,충청남도 금산군 금산읍 인삼약초로 24,312806,32739,,,,127.496358187934,36.1001557428811
MA0101202410A0443521,금산수삼센타73호,,G2,소매,G221,기타 상품 소매,G22199,그 외 기타 상품 전문 소매업,G47859,그 외 기타 분류 안된 상품 전문 소매업,44,충청남도,44710,금산군,44710250,금산읍,4471025022,금산읍,4471025022100240000,1,대지,24,,충청남도 금산군 금산읍 중도리 24,447103257044,충청남도 금산군 금산읍 인삼약초로,24,,4471025022100240000017736,,충청남도 금산군 금산읍 인삼약초로 24,312806,32739,,,,127.496358187934,36.1001557428811
MA0101202410A0443522,금산수삼센타9호,,G2,소매,G221,기타 상품 소매,G22199,그 외 기타 상품 전문 소매업,G47859,그 외 기타 분류 안된 상품 전문 소매업,44,충청남도,44710,금산군,44710250,금산읍,4471025022,금산읍,4471025022100240000,1,대지,24,,충청남도 금산군 금산읍 중도리 24,447103257044,충청남도 금산군 금산읍 인삼약초로,24,,4471025022100240000017736,,충청남도 금산군 금산읍 인삼약초로 24,312806,32739,,,,127.496358187934,36.1001557428811
MA0101202410A0443523,금산수삼센타62호,,G2,소매,G221,기타 상품 소매,G22199,그 외 기타 상품 전문 소매업,G47859,그 외 기타 분류 안된 상품 전문 소매업,44,충청남도,44710,금산군,44710250,금산읍,4471025022,금산읍,4471025022100240000,1,대지,24,,충청남도 금산군 금산읍 중도리 24,447103257044,충청남도 금산군 금산읍 인삼약초로,24,,4471025022100240000017736,,충청남도 금산군 금산읍 인삼약초로 24,312806,32739,,,,127.496358187934,36.1001557428811
MA0101202410A0443524,금산수삼센터53호,,G2,소매,G221,기타 상품 소매,G22199,그 외 기타 상품 전문 소매업,G47859,그 외 기타 분류 안된 상품 전문 소매업,44,충청남도,44710,금산군,44710250,금산읍,4471025022,금산읍,4471025022100240000,1,대지,24,,충청남도 금산군 금산읍 중도리 24,447103257044,충청남도 금산군 금산읍 인삼약초로,24,,4471025022100240000017736,,충청남도 금산군 금산읍 인삼약초로 24,312806,32739,,,,127.496358187934,36.1001557428811
MA0101202410A0443525,금산수삼센타22호,,G2,소매,G221,기타 상품 소매,G22199,그 외 기타 상품 전문 소매업,G47859,그 외 기타 분류 안된 상품 전문 소매업,44,충청남도,44710,금산군,44710250,금산읍,4471025022,금산읍,4471025022100240000,1,대지,24,,충청남도 금산군 금산읍 중도리 24,447103257044,충청남도 금산군 금산읍 인삼약초로,24,,4471025022100240000017736,,충청남도 금산군 금산읍 인삼약초로 24,312806,32739,,,,127.496358187934,36.1001557428811
MA0101202410A0443526,금산수삼센터25호,,G2,소매,G221,기타 상품 소매,G22199,그 외 기타 상품 전문 소매업,G47859,그 외 기타 분류 안된 상품 전문 소매업,44,충청남도,44710,금산군,44710250,금산읍,4471025022,금산읍,4471025022100240000,1,대지,24,,충청남도 금산군 금산읍 중도리 24,447103257044,충청남도 금산군 금산읍 인삼약초로,24,,4471025022100240000017736,,충청남도 금산군 금산읍 인삼약초로 24,312806,32739,,,,127.496358187934,36.1001557428811
MA0101202410A0443527,금산수삼센타71호,,G2,소매,G221,기타 상품 소매,G22199,그 외 기타 상품 전문 소매업,G47859,그 외 기타 분류 안된 상품 전문 소매업,44,충청남도,44710,금산군,44710250,금산읍,4471025022,금산읍,4471025022100240000,1,대지,24,,충청남도 금산군 금산읍 중도리 24,447103257044,충청남도 금산군 금산읍 인삼약초로,24,,4471025022100240000017736,,충청남도 금산군 금산읍 인삼약초로 24,312806,32739,,,,127.496358187934,36.1001557428811
MA0101202410A0443528,금산수삼센터,,G2,소매,G221,기타 상품 소매,G22199,그 외 기타 상품 전문 소매업,G47859,그 외 기타 분류 안된 상품 전문 소매업,44,충청남도,44710,금산군,44710250,금산읍,4471025022,금산읍,4471025022100240000,1,대지,24,,충청남도 금산군 금산읍 중도리 24,447103257044,충청남도 금산군 금산읍 인삼약초로,24,,4471025022100240000017736,,충청남도 금산군 금산읍 인삼약초로 24,312806,32739,,,,127.496358187934,36.1001557428811
MA0101202410A0443529,금산수삼센타50호,,G2,소매,G221,기타 상품 소매,G22199,그 외 기타 상품 전문 소매업,G47859,그 외 기타 분류 안된 상품 전문 소매업,44,충청남도,44710,금산군,44710250,금산읍,4471025022,금산읍,4471025022100240000,1,대지,24,,충청남도 금산군 금산읍 중도리 24,447103257044,충청남도 금산군 금산읍 인삼약초로,24,,4471025022100240000017736,금산수삼센터,충청남도 금산군 금산읍 인삼약초로 24,312806,32739,,,,127.496358187934,36.1001557428811
MA0101202410A0443530,농협수삼랜드137호,,G2,소매,G221,기타 상품 소매,G22199,그 외 기타 상품 전문 소매업,G47859,그 외 기타 분류 안된 상품 전문 소매업,44,충청남도,44710,금산군,44710250,금산읍,4471025022,금산읍,4471025022100160002,1,대지,16,2,충청남도 금산군 금산읍 중도리 16-2,447103257044,충청남도 금산군 금산읍 인삼약초로,42,,4471025022100160002020652,,충청남도 금산군 금산읍 인삼약초로 42,312806,32739,,,,127.497692669771,36.1004566182124
MA0101202410A0443594,금산수삼센타7호,,G2,소매,G221,기타 상품 소매,G22199,그 외 기타 상품 전문 소매업,G47859,그 외 기타 분류 안된 상품 전문 소매업,44,충청남도,44710,금산군,44710250,금산읍,4471025022,금산읍,4471025022100240000,1,대지,24,,충청남도 금산군 금산읍 중도리 24,447103257044,충청남도 금산군 금산읍 인삼약초로,24,,4471025022100240000017736,,충청남도 금산군 금산읍 인삼약초로 24,312806,32739,,,,127.496358187934,36.1001557428811
MA0101202410A0443595,금산수삼센타25호,,G2,소매,G221,기타 상품 소매,G22199,그 외 기타 상품 전문 소매업,G47859,그 외 기타 분류 안된 상품 전문 소매업,44,충청남도,44710,금산군,44710250,금산읍,4471025022,금산읍,4471025022100240000,1,대지,24,,충청남도 금산군 금산읍 중도리 24,447103257044,충청남도 금산군 금산읍 인삼약초로,24,,4471025022100240000017736,,충청남도 금산군 금산읍 인삼약초로 24,312806,32739,,,,127.496358187934,36.1001557428811
MA0101202410A0443596,금산수삼센터,,G2,소매,G221,기타 상품 소매,G22199,그 외 기타 상품 전문 소매업,G47859,그 외 기타 분류 안된 상품 전문 소매업,44,충청남도,44710,금산군,44710250,금산읍,4471025022,금산읍,4471025022100240000,1,대지,24,,충청남도 금산군 금산읍 중도리 24,447103257044,충청남도 금산군 금산읍 인삼약초로,24,,4471025022100240000017736,,충청남도 금산군 금산읍 인삼약초로 24,312806,32739,,,,127.496358187934,36.1001557428811
MA0101202410A0427367,산양산삼농원,코리아,G2,소매,G221,기타 상품 소매,G22199,그 외 기타 상품 전문 소매업,G47859,그 외 기타 분류 안된 상품 전문 소매업,43,충청북도,43112,청주시 서원구,43112510,사직1동,4311210100,사직동,4311210100107210001,1,대지,721,1,충청북도 청주시 서원구 사직동 721-1,431123236058,충청북도 청주시 서원구 직지대로,720,,4311310100107210001004898,,충청북도 청주시 서원구 직지대로 720,362101,28547,,,,127.473100554893,36.6423928218766
MA0101202410A0443086,금산수삼센타３８호,,G2,소매,G221,기타 상품 소매,G22199,그 외 기타 상품 전문 소매업,G47859,그 외 기타 분류 안된 상품 전문 소매업,44,충청남도,44710,금산군,44710250,금산읍,4471025022,금산읍,4471025022100240000,1,대지,24,,충청남도 금산군 금산읍 중도리 24,447103257044,충청남도 금산군 금산읍 인삼약초로,24,,4471025022100240000017736,금산수삼센터,충청남도 금산군 금산읍 인삼약초로 24,312806,32739,,,,127.496358187934,36.1001557428811
MA0101202410A0443379,수연인삼사,,G2,소매,G221,기타 상품 소매,G22199,그 외 기타 상품 전문 소매업,G47859,그 외 기타 분류 안된 상품 전문 소매업,44,충청남도,44710,금산군,44710250,금산읍,4471025022,금산읍,4471025022100240000,1,대지,24,,충청남도 금산군 금산읍 중도리 24,447103257044,충청남도 금산군 금산읍 인삼약초로,24,,4471025022100240000017736,수삼센터,충청남도 금산군 금산읍 인삼약초로 24,312806,32739,,,,127.496358187934,36.1001557428811
MA0101202410A0443383,금산수삼센타60호,,G2,소매,G221,기타 상품 소매,G22199,그 외 기타 상품 전문 소매업,G47859,그 외 기타 분류 안된 상품 전문 소매업,44,충청남도,44710,금산군,44710250,금산읍,4471025022,금산읍,4471025022100240000,1,대지,24,,충청남도 금산군 금산읍 중도리 24,447103257044,충청남도 금산군 금산읍 인삼약초로,24,,4471025022100240000017736,,충청남도 금산군 금산읍 인삼약초로 24,312806,32739,,,,127.496358187934,36.1001557428811
MA0101202410A0443386,수삼센터40호,,G2,소매,G221,기타 상품 소매,G22199,그 외 기타 상품 전문 소매업,G47859,그 외 기타 분류 안된 상품 전문 소매업,44,충청남도,44710,금산군,44710250,금산읍,4471025022,금산읍,4471025022100240000,1,대지,24,,충청남도 금산군 금산읍 중도리 24,447103257044,충청남도 금산군 금산읍 인삼약초로,24,,4471025022100240000017736,,충청남도 금산군 금산읍 인삼약초로 24,312806,32739,,,,127.496358187934,36.1001557428811
MA0101202410A0443442,금산수삼센터,,G2,소매,G221,기타 상품 소매,G22199,그 외 기타 상품 전문 소매업,G47859,그 외 기타 분류 안된 상품 전문 소매업,44,충청남도,44710,금산군,44710250,금산읍,4471025022,금산읍,4471025022100240000,1,대지,24,,충청남도 금산군 금산읍 중도리 24,447103257044,충청남도 금산군 금산읍 인삼약초로,24,,4471025022100240000017736,,충청남도 금산군 금산읍 인삼약초로 24,312806,32739,,,,127.496358187934,36.1001557428811
MA0101202410A0443531,금산수삼센타33호,,G2,소매,G221,기타 상품 소매,G22199,그 외 기타 상품 전문 소매업,G47859,그 외 기타 분류 안된 상품 전문 소매업,44,충청남도,44710,금산군,44710250,금산읍,4471025022,금산읍,4471025022100240000,1,대지,24,,충청남도 금산군 금산읍 중도리 24,447103257044,충청남도 금산군 금산읍 인삼약초로,24,,4471025022100240000017736,,충청남도 금산군 금산읍 인삼약초로 24,312806,32739,,,,127.496358187934,36.1001557428811
MA0101202410A0443532,금산수삼센타39호,,G2,소매,G221,기타 상품 소매,G22199,그 외 기타 상품 전문 소매업,G47859,그 외 기타 분류 안된 상품 전문 소매업,44,충청남도,44710,금산군,44710250,금산읍,4471025021,금산읍,4471025021106770001,1,대지,677,1,충청남도 금산군 금산읍 신대리 677-1,447103257044,충청남도 금산군 금산읍 인삼약초로,48,8,4471025021106770001000001,금산수삼시장,충청남도 금산군 금산읍 인삼약초로 48-8,312804,32739,,,,127.498991853197,36.1004422028023
MA0101202410A0443533,금산수삼센타31호,,G2,소매,G221,기타 상품 소매,G22199,그 외 기타 상품 전문 소매업,G47859,그 외 기타 분류 안된 상품 전문 소매업,44,충청남도,44710,금산군,44710250,금산읍,4471025022,금산읍,4471025022100240000,1,대지,24,,충청남도 금산군 금산읍 중도리 24,447103257044,충청남도 금산군 금산읍 인삼약초로,24,,4471025022100240000017736,금산수삼센터,충청남도 금산군 금산읍 인삼약초로 24,312806,32739,,,,127.496358187934,36.1001557428811
MA0101202410A0443534,금산수삼센터31호,,G2,소매,G221,기타 상품 소매,G22199,그 외 기타 상품 전문 소매업,G47859,그 외 기타 분류 안된 상품 전문 소매업,44,충청남도,44710,금산군,44710250,금산읍,4471025022,금산읍,4471025022100240000,1,대지,24,,충청남도 금산군 금산읍 중도리 24,447103257044,충청남도 금산군 금산읍 인삼약초로,24,,4471025022100240000017736,,충청남도 금산군 금산읍 인삼약초로 24,312806,32739,,,,127.496358187934,36.1001557428811
MA0101202410A0443535,금산수삼센타85호,,G2,소매,G221,기타 상품 소매,G22199,그 외 기타 상품 전문 소매업,G47859,그 외 기타 분류 안된 상품 전문 소매업,44,충청남도,44710,금산군,44710250,금산읍,4471025022,금산읍,4471025022100240000,1,대지,24,,충청남도 금산군 금산읍 중도리 24,447103257044,충청남도 금산군 금산읍 인삼약초로,24,,4471025022100240000017736,,충청남도 금산군 금산읍 인삼약초로 24,312806,32739,,,,127.496358187934,36.1001557428811
MA0101202410A0443536,금산수삼센타53호,,G2,소매,G221,기타 상품 소매,G22199,그 외 기타 상품 전문 소매업,G47859,그 외 기타 분류 안된 상품 전문 소매업,44,충청남도,44710,금산군,44710250,금산읍,4471025022,금산읍,4471025022100240000,1,대지,24,,충청남도 금산군 금산읍 중도리 24,447103257044,충청남도 금산군 금산읍 인삼약초로,24,,4471025022100240000017736,,충청남도 금산군 금산읍 인삼약초로 24,312806,32739,,,,127.496358187934,36.1001557428811
MA0101202410A0443539,금산수삼센타18호,,G2,소매,G221,기타 상품 소매,G22199,그 외 기타 상품 전문 소매업,G47859,그 외 기타 분류 안된 상품 전문 소매업,44,충청남도,44710,금산군,44710250,금산읍,4471025022,금산읍,4471025022100240000,1,대지,24,,충청남도 금산군 금산읍 중도리 24,447103257044,충청남도 금산군 금산읍 인삼약초로,24,,4471025022100240000017736,,충청남도 금산군 금산읍 인삼약초로 24,312806,32739,,,,127.496358187934,36.1001557428811
MA0101202410A0443540,금산수삼센타47호,,G2,소매,G221,기타 상품 소매,G22199,그 외 기타 상품 전문 소매업,G47859,그 외 기타 분류 안된 상품 전문 소매업,44,충청남도,44710,금산군,44710250,금산읍,4471025022,금산읍,4471025022100240000,1,대지,24,,충청남도 금산군 금산읍 중도리 24,447103257044,충청남도 금산군 금산읍 인삼약초로,24,,4471025022100240000017736,,충청남도 금산군 금산읍 인삼약초로 24,312806,32739,,,,127.496358187934,36.1001557428811
MA0101202410A0443541,금산수삼센타90호,,G2,소매,G221,기타 상품 소매,G22199,그 외 기타 상품 전문 소매업,G47859,그 외 기타 분류 안된 상품 전문 소매업,44,충청남도,44710,금산군,44710250,금산읍,4471025022,금산읍,4471025022100240000,1,대지,24,,충청남도 금산군 금산읍 중도리 24,447103257044,충청남도 금산군 금산읍 인삼약초로,24,,4471025022100240000017736,,충청남도 금산군 금산읍 인삼약초로 24,312806,32739,,,,127.496358187934,36.1001557428811
MA0101202410A0443542,금산수삼센타55호,,G2,소매,G221,기타 상품 소매,G22199,그 외 기타 상품 전문 소매업,G47859,그 외 기타 분류 안된 상품 전문 소매업,44,충청남도,44710,금산군,44710250,금산읍,4471025022,금산읍,4471025022100240000,1,대지,24,,충청남도 금산군 금산읍 중도리 24,447103257044,충청남도 금산군 금산읍 인삼약초로,24,,4471025022100240000017736,,충청남도 금산군 금산읍 인삼약초로 24,312806,32739,,,,127.496358187934,36.1001557428811
MA0101202410A0443545,금산수삼센타17호,,G2,소매,G221,기타 상품 소매,G22199,그 외 기타 상품 전문 소매업,G47859,그 외 기타 분류 안된 상품 전문 소매업,44,충청남도,44710,금산군,44710250,금산읍,4471025022,금산읍,4471025022100240000,1,대지,24,,충청남도 금산군 금산읍 중도리 24,447103257044,충청남도 금산군 금산읍 인삼약초로,24,,4471025022100240000017736,,충청남도 금산군 금산읍 인삼약초로 24,312806,32739,,,,127.496358187934,36.1001557428811
MA0101202410A0443547,금산수삼센타15호,,G2,소매,G221,기타 상품 소매,G22199,그 외 기타 상품 전문 소매업,G47859,그 외 기타 분류 안된 상품 전문 소매업,44,충청남도,44710,금산군,44710250,금산읍,4471025022,금산읍,4471025022100240000,1,대지,24,,충청남도 금산군 금산읍 중도리 24,447103257044,충청남도 금산군 금산읍 인삼약초로,24,,4471025022100240000017736,,충청남도 금산군 금산읍 인삼약초로 24,312806,32739,,,,127.496358187934,36.1001557428811
MA0101202410A0443603,금산수삼센타1호,,G2,소매,G221,기타 상품 소매,G22199,그 외 기타 상품 전문 소매업,G47859,그 외 기타 분류 안된 상품 전문 소매업,44,충청남도,44710,금산군,44710250,금산읍,4471025022,금산읍,4471025022100240000,1,대지,24,,충청남도 금산군 금산읍 중도리 24,447103257044,충청남도 금산군 금산읍 인삼약초로,24,,4471025022100240000017736,,충청남도 금산군 금산읍 인삼약초로 24,312806,32739,,,,127.496358187934,36.1001557428811
MA0101202410A0443605,금산수삼센타,,G2,소매,G221,기타 상품 소매,G22199,그 외 기타 상품 전문 소매업,G47859,그 외 기타 분류 안된 상품 전문 소매업,44,충청남도,44710,금산군,44710250,금산읍,4471025022,금산읍,4471025022100240000,1,대지,24,,충청남도 금산군 금산읍 중도리 24,447103257044,충청남도 금산군 금산읍 인삼약초로,24,,4471025022100240000017736,,충청남도 금산군 금산읍 인삼약초로 24,312806,32739,,,,127.496358187934,36.1001557428811
MA0101202410A0443606,금산수삼센타,,G2,소매,G221,기타 상품 소매,G22199,그 외 기타 상품 전문 소매업,G47859,그 외 기타 분류 안된 상품 전문 소매업,44,충청남도,44710,금산군,44710250,금산읍,4471025022,금산읍,4471025022100240000,1,대지,24,,충청남도 금산군 금산읍 중도리 24,447103257044,충청남도 금산군 금산읍 인삼약초로,24,,4471025022100240000017736,,충청남도 금산군 금산읍 인삼약초로 24,312806,32739,,,,127.496358187934,36.1001557428811
MA0101202410A0443608,금산수삼센타22,,G2,소매,G221,기타 상품 소매,G22199,그 외 기타 상품 전문 소매업,G47859,그 외 기타 분류 안된 상품 전문 소매업,44,충청남도,44710,금산군,44710250,금산읍,4471025022,금산읍,4471025022100240000,1,대지,24,,충청남도 금산군 금산읍 중도리 24,447103257044,충청남도 금산군 금산읍 인삼약초로,24,,4471025022100240000017736,,충청남도 금산군 금산읍 인삼약초로 24,312806,32739,,,,127.496358187934,36.1001557428811
MA0101202410A0443609,남일수삼,,G2,소매,G221,기타 상품 소매,G22199,그 외 기타 상품 전문 소매업,G47859,그 외 기타 분류 안된 상품 전문 소매업,44,충청남도,44710,금산군,44710250,금산읍,4471025022,금산읍,4471025022100160002,1,대지,16,2,충청남도 금산군 금산읍 중도리 16-2,447103257044,충청남도 금산군 금산읍 인삼약초로,42,,4471025022100160002020652,,충청남도 금산군 금산읍 인삼약초로 42,312806,32739,,,,127.497692669771,36.1004566182124
MA0101202410A0443610,금산수삼,,G2,소매,G221,기타 상품 소매,G22199,그 외 기타 상품 전문 소매업,G47859,그 외 기타 분류 안된 상품 전문 소매업,44,충청남도,44710,금산군,44710250,금산읍,4471025022,금산읍,4471025022100160002,1,대지,16,2,충청남도 금산군 금산읍 중도리 16-2,447103257044,충청남도 금산군 금산읍 인삼약초로,42,,4471025022100160002020652,,충청남도 금산군 금산읍 인삼약초로 42,312806,32739,,,,127.497692669771,36.1004566182124
MA0101202410A0443611,금산인삼,,G2,소매,G221,기타 상품 소매,G22199,그 외 기타 상품 전문 소매업,G47859,그 외 기타 분류 안된 상품 전문 소매업,44,충청남도,44710,금산군,44710250,금산읍,4471025022,금산읍,4471025022100160002,1,대지,16,2,충청남도 금산군 금산읍 중도리 16-2,447103257044,충청남도 금산군 금산읍 인삼약초로,42,,4471025022100160002020652,,충청남도 금산군 금산읍 인삼약초로 42,312806,32739,,,,127.497692669771,36.1004566182124
MA0101202410A0443612,중도1041호,,G2,소매,G221,기타 상품 소매,G22199,그 외 기타 상품 전문 소매업,G47859,그 외 기타 분류 안된 상품 전문 소매업,44,충청남도,44710,금산군,44710250,금산읍,4471025022,금산읍,4471025022100160002,1,대지,16,2,충청남도 금산군 금산읍 중도리 16-2,447103257044,충청남도 금산군 금산읍 인삼약초로,42,,4471025022100160002020652,,충청남도 금산군 금산읍 인삼약초로 42,312806,32739,,,,127.497692669771,36.1004566182124
MA0101202410A0443613,수삼1065호,,G2,소매,G221,기타 상품 소매,G22199,그 외 기타 상품 전문 소매업,G47859,그 외 기타 분류 안된 상품 전문 소매업,44,충청남도,44710,금산군,44710250,금산읍,4471025022,금산읍,4471025022100160002,1,대지,16,2,충청남도 금산군 금산읍 중도리 16-2,447103257044,충청남도 금산군 금산읍 인삼약초로,42,,4471025022100160002020652,,충청남도 금산군 금산읍 인삼약초로 42,312806,32739,,,,127.497692669771,36.1004566182124
MA0101202410A0443614,천하명품인삼1050,,G2,소매,G221,기타 상품 소매,G22199,그 외 기타 상품 전문 소매업,G47859,그 외 기타 분류 안된 상품 전문 소매업,44,충청남도,44710,금산군,44710250,금산읍,4471025022,금산읍,4471025022100160002,1,대지,16,2,충청남도 금산군 금산읍 중도리 16-2,447103257044,충청남도 금산군 금산읍 인삼약초로,42,,4471025022100160002020652,,충청남도 금산군 금산읍 인삼약초로 42,312806,32739,,,,127.497692669771,36.1004566182124
MA0101202410A0443615,매장172호,,G2,소매,G221,기타 상품 소매,G22199,그 외 기타 상품 전문 소매업,G47859,그 외 기타 분류 안된 상품 전문 소매업,44,충청남도,44710,금산군,44710250,금산읍,4471025022,금산읍,4471025022100160002,1,대지,16,2,충청남도 금산군 금산읍 중도리 16-2,447103257044,충청남도 금산군 금산읍 인삼약초로,42,,4471025022100160002020652,,충청남도 금산군 금산읍 인삼약초로 42,312806,32739,,,,127.497692669771,36.1004566182124
MA0101202410A0443616,금산인삼,,G2,소매,G221,기타 상품 소매,G22199,그 외 기타 상품 전문 소매업,G47859,그 외 기타 분류 안된 상품 전문 소매업,44,충청남도,44710,금산군,44710250,금산읍,4471025022,금산읍,4471025022100160002,1,대지,16,2,충청남도 금산군 금산읍 중도리 16-2,447103257044,충청남도 금산군 금산읍 인삼약초로,42,,4471025022100160002020652,,충청남도 금산군 금산읍 인삼약초로 42,312806,32739,,,,127.497692669771,36.1004566182124
MA0101202410A0443634,금산수삼센터,,G2,소매,G221,기타 상품 소매,G22199,그 외 기타 상품 전문 소매업,G47859,그 외 기타 분류 안된 상품 전문 소매업,44,충청남도,44710,금산군,44710250,금산읍,4471025022,금산읍,4471025022100240000,1,대지,24,,충청남도 금산군 금산읍 중도리 24,447103257044,충청남도 금산군 금산읍 인삼약초로,24,,4471025022100240000017736,,충청남도 금산군 금산읍 인삼약초로 24,312806,32739,,,,127.496358187934,36.1001557428811
MA0101202410A0443635,좋은금산인삼,,G2,소매,G221,기타 상품 소매,G22199,그 외 기타 상품 전문 소매업,G47859,그 외 기타 분류 안된 상품 전문 소매업,44,충청남도,44710,금산군,44710250,금산읍,4471025022,금산읍,4471025022100240000,1,대지,24,,충청남도 금산군 금산읍 중도리 24,447103257044,충청남도 금산군 금산읍 인삼약초로,24,,4471025022100240000017736,,충청남도 금산군 금산읍 인삼약초로 24,312806,32739,,,,127.496358187934,36.1001557428811
MA0101202410A0443636,금산인삼1020호,,G2,소매,G221,기타 상품 소매,G22199,그 외 기타 상품 전문 소매업,G47859,그 외 기타 분류 안된 상품 전문 소매업,44,충청남도,44710,금산군,44710250,금산읍,4471025022,금산읍,4471025022100160002,1,대지,16,2,충청남도 금산군 금산읍 중도리 16-2,447103257044,충청남도 금산군 금산읍 인삼약초로,42,,4471025022100160002020652,,충청남도 금산군 금산읍 인삼약초로 42,312806,32739,,,,127.497692669771,36.1004566182124
MA0101202410A0443637,농협수삼랜드146호,,G2,소매,G221,기타 상품 소매,G22199,그 외 기타 상품 전문 소매업,G47859,그 외 기타 분류 안된 상품 전문 소매업,44,충청남도,44710,금산군,44710250,금산읍,4471025022,금산읍,4471025022100160002,1,대지,16,2,충청남도 금산군 금산읍 중도리 16-2,447103257044,충청남도 금산군 금산읍 인삼약초로,42,,4471025022100160002020652,,충청남도 금산군 금산읍 인삼약초로 42,312806,32739,,,,127.497692669771,36.1004566182124
MA0101202410A0443641,효성인삼약초,,G2,소매,G221,기타 상품 소매,G22199,그 외 기타 상품 전문 소매업,G47859,그 외 기타 분류 안된 상품 전문 소매업,44,충청남도,44710,금산군,44710250,금산읍,4471025022,금산읍,4471025022100240000,1,대지,24,,충청남도 금산군 금산읍 중도리 24,447103257044,충청남도 금산군 금산읍 인삼약초로,24,,4471025022100240000017736,,충청남도 금산군 금산읍 인삼약초로 24,312806,32739,,,,127.496358187934,36.1001557428811
MA0101202410A0443642,금산수삼센터,,G2,소매,G221,기타 상품 소매,G22199,그 외 기타 상품 전문 소매업,G47859,그 외 기타 분류 안된 상품 전문 소매업,44,충청남도,44710,금산군,44710250,금산읍,4471025022,금산읍,4471025022100240000,1,대지,24,,충청남도 금산군 금산읍 중도리 24,447103257044,충청남도 금산군 금산읍 인삼약초로,24,,4471025022100240000017736,,충청남도 금산군 금산읍 인삼약초로 24,312806,32739,,,,127.496358187934,36.1001557428811
MA0101202410A0443643,금산수삼센터,,G2,소매,G221,기타 상품 소매,G22199,그 외 기타 상품 전문 소매업,G47859,그 외 기타 분류 안된 상품 전문 소매업,44,충청남도,44710,금산군,44710250,금산읍,4471025022,금산읍,4471025022100240000,1,대지,24,,충청남도 금산군 금산읍 중도리 24,447103257044,충청남도 금산군 금산읍 인삼약초로,24,,4471025022100240000017736,,충청남도 금산군 금산읍 인삼약초로 24,312806,32739,,,,127.496358187934,36.1001557428811
MA0101202410A0443651,수삼랜드1102호,,G2,소매,G221,기타 상품 소매,G22199,그 외 기타 상품 전문 소매업,G47859,그 외 기타 분류 안된 상품 전문 소매업,44,충청남도,44710,금산군,44710250,금산읍,4471025022,금산읍,4471025022100160002,1,대지,16,2,충청남도 금산군 금산읍 중도리 16-2,447103257044,충청남도 금산군 금산읍 인삼약초로,42,,4471025022100160002020652,,충청남도 금산군 금산읍 인삼약초로 42,312806,32739,,,,127.497692669771,36.1004566182124
MA0101202410A0443652,정인인삼,,G2,소매,G221,기타 상품 소매,G22199,그 외 기타 상품 전문 소매업,G47859,그 외 기타 분류 안된 상품 전문 소매업,44,충청남도,44710,금산군,44710250,금산읍,4471025021,금산읍,4471025021106770001,1,대지,677,1,충청남도 금산군 금산읍 신대리 677-1,447103257044,충청남도 금산군 금산읍 인삼약초로,48,8,4471025021106770001000001,,충청남도 금산군 금산읍 인삼약초로 48-8,312804,32739,,,,127.498991853197,36.1004422028023
MA0101202410A0443684,금산도라지,,G2,소매,G221,기타 상품 소매,G22199,그 외 기타 상품 전문 소매업,G47859,그 외 기타 분류 안된 상품 전문 소매업,30,대전광역시,30140,중구,30140680,태평1동,3014011400,태평동,3014011400102640015,1,대지,264,15,대전광역시 중구 태평동 264-15,301404295234,대전광역시 중구 동서대로1250번길,19,,3014011400102640015032021,,대전광역시 중구 동서대로1250번길 19,301843,34893,,,,127.39905784338,36.3258811260615
MA0101202410A0443699,금산인삼농산,,G2,소매,G221,기타 상품 소매,G22199,그 외 기타 상품 전문 소매업,G47859,그 외 기타 분류 안된 상품 전문 소매업,44,충청남도,44710,금산군,44710250,금산읍,4471025023,금산읍,4471025023103340017,1,대지,334,17,충청남도 금산군 금산읍 하옥리 334-17,447103257020,충청남도 금산군 금산읍 비단로,95,1,4471025023103340017018881,,충청남도 금산군 금산읍 비단로 95-1,312804,32747,,,,127.491187824453,36.0990955990147
MA0101202410A0443701,양순네수삼,,G2,소매,G221,기타 상품 소매,G22199,그 외 기타 상품 전문 소매업,G47859,그 외 기타 분류 안된 상품 전문 소매업,44,충청남도,44710,금산군,44710250,금산읍,4471025022,금산읍,4471025022100160002,1,대지,16,2,충청남도 금산군 금산읍 중도리 16-2,447103257044,충청남도 금산군 금산읍 인삼약초로,42,,4471025022100160002020652,,충청남도 금산군 금산읍 인삼약초로 42,312806,32739,,,,127.497692669771,36.1004566182124
MA0101202410A0443767,삼원수삼,,G2,소매,G221,기타 상품 소매,G22199,그 외 기타 상품 전문 소매업,G47859,그 외 기타 분류 안된 상품 전문 소매업,44,충청남도,44710,금산군,44710250,금산읍,4471025022,금산읍,4471025022100160002,1,대지,16,2,충청남도 금산군 금산읍 중도리 16-2,447103257044,충청남도 금산군 금산읍 인삼약초로,42,,4471025022100160002020652,농협수삼랜드,충청남도 금산군 금산읍 인삼약초로 42,312806,32739,,,,127.497692669771,36.1004566182124
MA0101202410A0443773,대전생약,,G2,소매,G221,기타 상품 소매,G22199,그 외 기타 상품 전문 소매업,G47859,그 외 기타 분류 안된 상품 전문 소매업,44,충청남도,44710,금산군,44710250,금산읍,4471025022,금산읍,4471025022100300001,1,대지,30,1,충청남도 금산군 금산읍 중도리 30-1,447103257020,충청남도 금산군 금산읍 비단로,140,,4471025022100300001017733,,충청남도 금산군 금산읍 비단로 140,312806,32739,,,,127.495214302929,36.100142451737
MA0101202410A0443778,토종인삼사,,G2,소매,G221,기타 상품 소매,G22199,그 외 기타 상품 전문 소매업,G47859,그 외 기타 분류 안된 상품 전문 소매업,44,충청남도,44710,금산군,44710250,금산읍,4471025021,금산읍,4471025021106770001,1,대지,677,1,충청남도 금산군 금산읍 신대리 677-1,447103257044,충청남도 금산군 금산읍 인삼약초로,48,8,4471025021106770001000001,금산수삼시장,충청남도 금산군 금산읍 인삼약초로 48-8,312804,32739,,,,127.498991853197,36.1004422028023
MA0101202410A0443848,수삼센타37호,,G2,소매,G221,기타 상품 소매,G22199,그 외 기타 상품 전문 소매업,G47859,그 외 기타 분류 안된 상품 전문 소매업,44,충청남도,44710,금산군,44710250,금산읍,4471025022,금산읍,4471025022100240000,1,대지,24,,충청남도 금산군 금산읍 중도리 24,447103257044,충청남도 금산군 금산읍 인삼약초로,24,,4471025022100240000017736,금산수삼센터,충청남도 금산군 금산읍 인삼약초로 24,312806,32739,,,,127.496358187934,36.1001557428811
MA0101202410A0443864,농협수삼랜드,,G2,소매,G221,기타 상품 소매,G22199,그 외 기타 상품 전문 소매업,G47859,그 외 기타 분류 안된 상품 전문 소매업,44,충청남도,44710,금산군,44710250,금산읍,4471025022,금산읍,4471025022100160002,1,대지,16,2,충청남도 금산군 금산읍 중도리 16-2,447103257044,충청남도 금산군 금산읍 인삼약초로,42,,4471025022100160002020652,,충청남도 금산군 금산읍 인삼약초로 42,312806,32739,,,,127.497692669771,36.1004566182124
MA0101202410A0443945,수삼센터35호,,G2,소매,G221,기타 상품 소매,G22199,그 외 기타 상품 전문 소매업,G47859,그 외 기타 분류 안된 상품 전문 소매업,44,충청남도,44710,금산군,44710250,금산읍,4471025022,금산읍,4471025022100240000,1,대지,24,,충청남도 금산군 금산읍 중도리 24,447103257044,충청남도 금산군 금산읍 인삼약초로,24,,4471025022100240000017736,,충청남도 금산군 금산읍 인삼약초로 24,312806,32739,,,,127.496358187934,36.1001557428811
MA0101202410A0443949,금산수삼센터13호,,G2,소매,G221,기타 상품 소매,G22199,그 외 기타 상품 전문 소매업,G47859,그 외 기타 분류 안된 상품 전문 소매업,44,충청남도,44710,금산군,44710250,금산읍,4471025022,금산읍,4471025022100240000,1,대지,24,,충청남도 금산군 금산읍 중도리 24,447103257044,충청남도 금산군 금산읍 인삼약초로,24,,4471025022100240000017736,,충청남도 금산군 금산읍 인삼약초로 24,312806,32739,,,,127.496358187934,36.1001557428811
MA0101202410A0405398,임산물판매장,,G2,소매,G221,기타 상품 소매,G22199,그 외 기타 상품 전문 소매업,G47859,그 외 기타 분류 안된 상품 전문 소매업,41,경기도,41590,화성시,41590360,팔탄면,4159036035,팔탄면,4159036035101350000,1,대지,135,,경기도 화성시 팔탄면 매곡리 135,415903210002,경기도 화성시 팔탄면 31만세로,824,,4159036035101350000013809,,경기도 화성시 팔탄면 31만세로 824,445947,18534,,,,126.886675672569,37.1148331325941
MA0101202410A0443511,금산수삼센터,,G2,소매,G221,기타 상품 소매,G22199,그 외 기타 상품 전문 소매업,G47859,그 외 기타 분류 안된 상품 전문 소매업,44,충청남도,44710,금산군,44710250,금산읍,4471025022,금산읍,4471025022100240000,1,대지,24,,충청남도 금산군 금산읍 중도리 24,447103257044,충청남도 금산군 금산읍 인삼약초로,24,,4471025022100240000017736,,충청남도 금산군 금산읍 인삼약초로 24,312806,32739,,,,127.496358187934,36.1001557428811
MA0101202410A0443516,금산수삼센터72호,,G2,소매,G221,기타 상품 소매,G22199,그 외 기타 상품 전문 소매업,G47859,그 외 기타 분류 안된 상품 전문 소매업,44,충청남도,44710,금산군,44710250,금산읍,4471025022,금산읍,4471025022100240000,1,대지,24,,충청남도 금산군 금산읍 중도리 24,447103257044,충청남도 금산군 금산읍 인삼약초로,24,,4471025022100240000017736,,충청남도 금산군 금산읍 인삼약초로 24,312806,32739,,,,127.496358187934,36.1001557428811
MA0101202410A0443548,금산수삼센타68호,,G2,소매,G221,기타 상품 소매,G22199,그 외 기타 상품 전문 소매업,G47859,그 외 기타 분류 안된 상품 전문 소매업,44,충청남도,44710,금산군,44710250,금산읍,4471025022,금산읍,4471025022100240000,1,대지,24,,충청남도 금산군 금산읍 중도리 24,447103257044,충청남도 금산군 금산읍 인삼약초로,24,,4471025022100240000017736,,충청남도 금산군 금산읍 인삼약초로 24,312806,32739,,,,127.496358187934,36.1001557428811
MA0101202410A0443549,금산수삼센타80호,,G2,소매,G221,기타 상품 소매,G22199,그 외 기타 상품 전문 소매업,G47859,그 외 기타 분류 안된 상품 전문 소매업,44,충청남도,44710,금산군,44710250,금산읍,4471025022,금산읍,4471025022100240000,1,대지,24,,충청남도 금산군 금산읍 중도리 24,447103257044,충청남도 금산군 금산읍 인삼약초로,24,,4471025022100240000017736,,충청남도 금산군 금산읍 인삼약초로 24,312806,32739,,,,127.496358187934,36.1001557428811
MA0101202410A0443553,금산수삼센타82호,,G2,소매,G221,기타 상품 소매,G22199,그 외 기타 상품 전문 소매업,G47859,그 외 기타 분류 안된 상품 전문 소매업,44,충청남도,44710,금산군,44710250,금산읍,4471025022,금산읍,4471025022100240000,1,대지,24,,충청남도 금산군 금산읍 중도리 24,447103257044,충청남도 금산군 금산읍 인삼약초로,24,,4471025022100240000017736,,충청남도 금산군 금산읍 인삼약초로 24,312806,32739,,,,127.496358187934,36.1001557428811
MA0101202410A0443559,금산수삼센타45호,,G2,소매,G221,기타 상품 소매,G22199,그 외 기타 상품 전문 소매업,G47859,그 외 기타 분류 안된 상품 전문 소매업,44,충청남도,44710,금산군,44710250,금산읍,4471025022,금산읍,4471025022100240000,1,대지,24,,충청남도 금산군 금산읍 중도리 24,447103257044,충청남도 금산군 금산읍 인삼약초로,24,,4471025022100240000017736,,충청남도 금산군 금산읍 인삼약초로 24,312806,32739,,,,127.496358187934,36.1001557428811
MA0101202410A0443617,웰빙금산인삼,,G2,소매,G221,기타 상품 소매,G22199,그 외 기타 상품 전문 소매업,G47859,그 외 기타 분류 안된 상품 전문 소매업,44,충청남도,44710,금산군,44710250,금산읍,4471025022,금산읍,4471025022100160002,1,대지,16,2,충청남도 금산군 금산읍 중도리 16-2,447103257044,충청남도 금산군 금산읍 인삼약초로,42,,4471025022100160002020652,,충청남도 금산군 금산읍 인삼약초로 42,312806,32739,,,,127.497692669771,36.1004566182124
MA0101202410A0443618,윤주네인삼나라,,G2,소매,G221,기타 상품 소매,G22199,그 외 기타 상품 전문 소매업,G47859,그 외 기타 분류 안된 상품 전문 소매업,44,충청남도,44710,금산군,44710250,금산읍,4471025021,금산읍,4471025021106770001,1,대지,677,1,충청남도 금산군 금산읍 신대리 677-1,447103257044,충청남도 금산군 금산읍 인삼약초로,48,8,4471025021106770001000001,,충청남도 금산군 금산읍 인삼약초로 48-8,312804,32739,,,,127.498991853197,36.1004422028023
MA0101202410A0443619,금산수삼센타,,G2,소매,G221,기타 상품 소매,G22199,그 외 기타 상품 전문 소매업,G47859,그 외 기타 분류 안된 상품 전문 소매업,44,충청남도,44710,금산군,44710250,금산읍,4471025022,금산읍,4471025022100240000,1,대지,24,,충청남도 금산군 금산읍 중도리 24,447103257044,충청남도 금산군 금산읍 인삼약초로,24,,4471025022100240000017736,,충청남도 금산군 금산읍 인삼약초로 24,312806,32739,,,,127.496358187934,36.1001557428811
MA0101202410A0443620,금산수삼센터23호,,G2,소매,G221,기타 상품 소매,G22199,그 외 기타 상품 전문 소매업,G47859,그 외 기타 분류 안된 상품 전문 소매업,44,충청남도,44710,금산군,44710250,금산읍,4471025022,금산읍,4471025022100240000,1,대지,24,,충청남도 금산군 금산읍 중도리 24,447103257044,충청남도 금산군 금산읍 인삼약초로,24,,4471025022100240000017736,,충청남도 금산군 금산읍 인삼약초로 24,312806,32739,,,,127.496358187934,36.1001557428811
MA0101202410A0443621,금산수삼센터,,G2,소매,G221,기타 상품 소매,G22199,그 외 기타 상품 전문 소매업,G47859,그 외 기타 분류 안된 상품 전문 소매업,44,충청남도,44710,금산군,44710250,금산읍,4471025022,금산읍,4471025022100240000,1,대지,24,,충청남도 금산군 금산읍 중도리 24,447103257044,충청남도 금산군 금산읍 인삼약초로,24,,4471025022100240000017736,,충청남도 금산군 금산읍 인삼약초로 24,312806,32739,,,,127.496358187934,36.1001557428811
MA0101202410A0443622,금산수삼센터,,G2,소매,G221,기타 상품 소매,G22199,그 외 기타 상품 전문 소매업,G47859,그 외 기타 분류 안된 상품 전문 소매업,44,충청남도,44710,금산군,44710250,금산읍,4471025022,금산읍,4471025022100240000,1,대지,24,,충청남도 금산군 금산읍 중도리 24,447103257044,충청남도 금산군 금산읍 인삼약초로,24,,4471025022100240000017736,,충청남도 금산군 금산읍 인삼약초로 24,312806,32739,,,,127.496358187934,36.1001557428811
MA0101202410A0443623,금산수삼센터,,G2,소매,G221,기타 상품 소매,G22199,그 외 기타 상품 전문 소매업,G47859,그 외 기타 분류 안된 상품 전문 소매업,44,충청남도,44710,금산군,44710250,금산읍,4471025022,금산읍,4471025022100240000,1,대지,24,,충청남도 금산군 금산읍 중도리 24,447103257044,충청남도 금산군 금산읍 인삼약초로,24,,4471025022100240000017736,,충청남도 금산군 금산읍 인삼약초로 24,312806,32739,,,,127.496358187934,36.1001557428811
MA0101202410A0443624,금산수삼센터,,G2,소매,G221,기타 상품 소매,G22199,그 외 기타 상품 전문 소매업,G47859,그 외 기타 분류 안된 상품 전문 소매업,44,충청남도,44710,금산군,44710250,금산읍,4471025022,금산읍,4471025022100240000,1,대지,24,,충청남도 금산군 금산읍 중도리 24,447103257044,충청남도 금산군 금산읍 인삼약초로,24,,4471025022100240000017736,,충청남도 금산군 금산읍 인삼약초로 24,312806,32739,,,,127.496358187934,36.1001557428811
MA0101202410A0443625,수삼센터82호,,G2,소매,G221,기타 상품 소매,G22199,그 외 기타 상품 전문 소매업,G47859,그 외 기타 분류 안된 상품 전문 소매업,44,충청남도,44710,금산군,44710250,금산읍,4471025022,금산읍,4471025022100240000,1,대지,24,,충청남도 금산군 금산읍 중도리 24,447103257044,충청남도 금산군 금산읍 인삼약초로,22,,4471025022100240000017439,,충청남도 금산군 금산읍 인삼약초로 22,312806,32739,,,,127.495726755297,36.1004016831257
MA0101202410A0443626,골드수삼,,G2,소매,G221,기타 상품 소매,G22199,그 외 기타 상품 전문 소매업,G47859,그 외 기타 분류 안된 상품 전문 소매업,44,충청남도,44710,금산군,44710250,금산읍,4471025022,금산읍,4471025022100160002,1,대지,16,2,충청남도 금산군 금산읍 중도리 16-2,447103257044,충청남도 금산군 금산읍 인삼약초로,42,,4471025022100160002020652,,충청남도 금산군 금산읍 인삼약초로 42,312806,32739,,,,127.497692669771,36.1004566182124
MA0101202410A0443629,금산수삼센타,,G2,소매,G221,기타 상품 소매,G22199,그 외 기타 상품 전문 소매업,G47859,그 외 기타 분류 안된 상품 전문 소매업,44,충청남도,44710,금산군,44710250,금산읍,4471025022,금산읍,4471025022100240000,1,대지,24,,충청남도 금산군 금산읍 중도리 24,447103257044,충청남도 금산군 금산읍 인삼약초로,24,,4471025022100240000017736,,충청남도 금산군 금산읍 인삼약초로 24,312806,32739,,,,127.496358187934,36.1001557428811
MA0101202410A0443630,금산수삼센터,,G2,소매,G221,기타 상품 소매,G22199,그 외 기타 상품 전문 소매업,G47859,그 외 기타 분류 안된 상품 전문 소매업,44,충청남도,44710,금산군,44710250,금산읍,4471025022,금산읍,4471025022100240000,1,대지,24,,충청남도 금산군 금산읍 중도리 24,447103257044,충청남도 금산군 금산읍 인삼약초로,24,,4471025022100240000017736,,충청남도 금산군 금산읍 인삼약초로 24,312806,32739,,,,127.496358187934,36.1001557428811
MA0101202410A0443633,금산수삼센타,,G2,소매,G221,기타 상품 소매,G22199,그 외 기타 상품 전문 소매업,G47859,그 외 기타 분류 안된 상품 전문 소매업,44,충청남도,44710,금산군,44710250,금산읍,4471025022,금산읍,4471025022100240000,1,대지,24,,충청남도 금산군 금산읍 중도리 24,447103257044,충청남도 금산군 금산읍 인삼약초로,24,,4471025022100240000017736,,충청남도 금산군 금산읍 인삼약초로 24,312806,32739,,,,127.496358187934,36.1001557428811
MA0101202410A0443674,주호인삼1050,,G2,소매,G221,기타 상품 소매,G22199,그 외 기타 상품 전문 소매업,G47859,그 외 기타 분류 안된 상품 전문 소매업,44,충청남도,44710,금산군,44710250,금산읍,4471025022,금산읍,4471025022100160002,1,대지,16,2,충청남도 금산군 금산읍 중도리 16-2,447103257044,충청남도 금산군 금산읍 인삼약초로,42,,4471025022100160002020652,,충청남도 금산군 금산읍 인삼약초로 42,312806,32739,,,,127.497692669771,36.1004566182124
MA0101202410A0443715,금산수삼센터20호,,G2,소매,G221,기타 상품 소매,G22199,그 외 기타 상품 전문 소매업,G47859,그 외 기타 분류 안된 상품 전문 소매업,44,충청남도,44710,금산군,44710250,금산읍,4471025022,금산읍,4471025022100240000,1,대지,24,,충청남도 금산군 금산읍 중도리 24,447103257044,충청남도 금산군 금산읍 인삼약초로,24,,4471025022100240000017736,,충청남도 금산군 금산읍 인삼약초로 24,312806,32739,,,,127.496358187934,36.1001557428811
MA0101202410A0443718,금산수삼센터,,G2,소매,G221,기타 상품 소매,G22199,그 외 기타 상품 전문 소매업,G47859,그 외 기타 분류 안된 상품 전문 소매업,44,충청남도,44710,금산군,44710250,금산읍,4471025022,금산읍,4471025022100240000,1,대지,24,,충청남도 금산군 금산읍 중도리 24,447103257044,충청남도 금산군 금산읍 인삼약초로,24,,4471025022100240000017736,,충청남도 금산군 금산읍 인삼약초로 24,312806,32739,,,,127.496358187934,36.1001557428811
MA0101202410A0443787,진옥이네집,,G2,소매,G221,기타 상품 소매,G22199,그 외 기타 상품 전문 소매업,G47859,그 외 기타 분류 안된 상품 전문 소매업,44,충청남도,44710,금산군,44710250,금산읍,4471025022,금산읍,4471025022100160002,1,대지,16,2,충청남도 금산군 금산읍 중도리 16-2,447103257044,충청남도 금산군 금산읍 인삼약초로,42,,4471025022100160002020652,,충청남도 금산군 금산읍 인삼약초로 42,312806,32739,,,,127.497692669771,36.1004566182124
MA0101202410A0443796,금산수삼센타,,G2,소매,G221,기타 상품 소매,G22199,그 외 기타 상품 전문 소매업,G47859,그 외 기타 분류 안된 상품 전문 소매업,44,충청남도,44710,금산군,44710250,금산읍,4471025022,금산읍,4471025022100240000,1,대지,24,,충청남도 금산군 금산읍 중도리 24,447103257044,충청남도 금산군 금산읍 인삼약초로,24,,4471025022100240000017736,금산수삼센터,충청남도 금산군 금산읍 인삼약초로 24,312806,32739,,,,127.496358187934,36.1001557428811
MA0101202410A0443798,수삼103호,,G2,소매,G221,기타 상품 소매,G22199,그 외 기타 상품 전문 소매업,G47859,그 외 기타 분류 안된 상품 전문 소매업,44,충청남도,44710,금산군,44710250,금산읍,4471025022,금산읍,4471025022100160002,1,대지,16,2,충청남도 금산군 금산읍 중도리 16-2,447103257044,충청남도 금산군 금산읍 인삼약초로,42,,4471025022100160002020652,,충청남도 금산군 금산읍 인삼약초로 42,312806,32739,,,,127.497692669771,36.1004566182124
MA0101202410A0443802,금산수삼센터27호,,G2,소매,G221,기타 상품 소매,G22199,그 외 기타 상품 전문 소매업,G47859,그 외 기타 분류 안된 상품 전문 소매업,44,충청남도,44710,금산군,44710250,금산읍,4471025022,금산읍,4471025022100240000,1,대지,24,,충청남도 금산군 금산읍 중도리 24,447103257044,충청남도 금산군 금산읍 인삼약초로,24,,4471025022100240000017736,,충청남도 금산군 금산읍 인삼약초로 24,312806,32739,,,,127.496358187934,36.1001557428811
MA0101202410A0443876,판매장75호,,G2,소매,G221,기타 상품 소매,G22199,그 외 기타 상품 전문 소매업,G47859,그 외 기타 분류 안된 상품 전문 소매업,44,충청남도,44710,금산군,44710250,금산읍,4471025022,금산읍,4471025022100240000,1,대지,24,,충청남도 금산군 금산읍 중도리 24,447103257044,충청남도 금산군 금산읍 인삼약초로,24,,4471025022100240000017736,,충청남도 금산군 금산읍 인삼약초로 24,312806,32739,,,,127.496358187934,36.1001557428811
MA0101202410A0443903,농협수삼랜드-161,,G2,소매,G221,기타 상품 소매,G22199,그 외 기타 상품 전문 소매업,G47859,그 외 기타 분류 안된 상품 전문 소매업,44,충청남도,44710,금산군,44710250,금산읍,4471025022,금산읍,4471025022100080001,1,대지,8,1,충청남도 금산군 금산읍 중도리 8-1,447103257044,충청남도 금산군 금산읍 인삼약초로,45,,4471025022100080001020658,국제인삼시장,충청남도 금산군 금산읍 인삼약초로 45,312806,32739,,,,127.498345957274,36.1019138599352
MA0101202410A0444026,금산수삼시장,,G2,소매,G221,기타 상품 소매,G22199,그 외 기타 상품 전문 소매업,G47859,그 외 기타 분류 안된 상품 전문 소매업,44,충청남도,44710,금산군,44710250,금산읍,4471025021,금산읍,4471025021106770001,1,대지,677,1,충청남도 금산군 금산읍 신대리 677-1,447103257044,충청남도 금산군 금산읍 인삼약초로,48,8,4471025021106770001000001,,충청남도 금산군 금산읍 인삼약초로 48-8,312804,32739,,,,127.498991853197,36.1004422028023
MA0101202410A0444027,금산수삼시장소매98호,,G2,소매,G221,기타 상품 소매,G22199,그 외 기타 상품 전문 소매업,G47859,그 외 기타 분류 안된 상품 전문 소매업,44,충청남도,44710,금산군,44710250,금산읍,4471025021,금산읍,4471025021106770001,1,대지,677,1,충청남도 금산군 금산읍 신대리 677-1,447103257044,충청남도 금산군 금산읍 인삼약초로,48,8,4471025021106770001000001,,충청남도 금산군 금산읍 인삼약초로 48-8,312804,32739,,,,127.498991853197,36.1004422028023
MA0101202410A0444028,금산수삼시장소매65호,,G2,소매,G221,기타 상품 소매,G22199,그 외 기타 상품 전문 소매업,G47859,그 외 기타 분류 안된 상품 전문 소매업,44,충청남도,44710,금산군,44710250,금산읍,4471025021,금산읍,4471025021106770001,1,대지,677,1,충청남도 금산군 금산읍 신대리 677-1,447103257044,충청남도 금산군 금산읍 인삼약초로,48,8,4471025021106770001000001,,충청남도 금산군 금산읍 인삼약초로 48-8,312804,32739,,,,127.498991853197,36.1004422028023
MA0101202410A0444029,금산수삼시장소매32호,,G2,소매,G221,기타 상품 소매,G22199,그 외 기타 상품 전문 소매업,G47859,그 외 기타 분류 안된 상품 전문 소매업,44,충청남도,44710,금산군,44710250,금산읍,4471025021,금산읍,4471025021106770001,1,대지,677,1,충청남도 금산군 금산읍 신대리 677-1,447103257044,충청남도 금산군 금산읍 인삼약초로,48,8,4471025021106770001000001,,충청남도 금산군 금산읍 인삼약초로 48-8,312804,32739,,1,,127.498991853197,36.1004422028023
MA0101202410A0444031,금산수삼시장74,,G2,소매,G221,기타 상품 소매,G22199,그 외 기타 상품 전문 소매업,G47859,그 외 기타 분류 안된 상품 전문 소매업,44,충청남도,44710,금산군,44710250,금산읍,4471025021,금산읍,4471025021106770001,1,대지,677,1,충청남도 금산군 금산읍 신대리 677-1,447103257044,충청남도 금산군 금산읍 인삼약초로,48,8,4471025021106770001000001,금산수삼시장,충청남도 금산군 금산읍 인삼약초로 48-8,312804,32739,,,,127.498991853197,36.1004422028023
MA0101202410A0444032,금산수삼시장소매25호,,G2,소매,G221,기타 상품 소매,G22199,그 외 기타 상품 전문 소매업,G47859,그 외 기타 분류 안된 상품 전문 소매업,44,충청남도,44710,금산군,44710250,금산읍,4471025021,금산읍,4471025021106770001,1,대지,677,1,충청남도 금산군 금산읍 신대리 677-1,447103257044,충청남도 금산군 금산읍 인삼약초로,48,8,4471025021106770001000001,,충청남도 금산군 금산읍 인삼약초로 48-8,312804,32739,,,,127.498991853197,36.1004422028023
MA0101202410A0444033,금산수삼시장소매145호,,G2,소매,G221,기타 상품 소매,G22199,그 외 기타 상품 전문 소매업,G47859,그 외 기타 분류 안된 상품 전문 소매업,44,충청남도,44710,금산군,44710250,금산읍,4471025021,금산읍,4471025021106770001,1,대지,677,1,충청남도 금산군 금산읍 신대리 677-1,447103257044,충청남도 금산군 금산읍 인삼약초로,48,8,4471025021106770001000001,소매,충청남도 금산군 금산읍 인삼약초로 48-8,312804,32739,,,,127.498991853197,36.1004422028023
MA0101202410A0444034,금산수삼시장소매38호,,G2,소매,G221,기타 상품 소매,G22199,그 외 기타 상품 전문 소매업,G47859,그 외 기타 분류 안된 상품 전문 소매업,44,충청남도,44710,금산군,44710250,금산읍,4471025021,금산읍,4471025021106770001,1,대지,677,1,충청남도 금산군 금산읍 신대리 677-1,447103257044,충청남도 금산군 금산읍 인삼약초로,48,8,4471025021106770001000001,,충청남도 금산군 금산읍 인삼약초로 48-8,312804,32739,,,,127.498991853197,36.1004422028023
MA0101202410A0444048,"수삼시장33호,34호",,G2,소매,G221,기타 상품 소매,G22199,그 외 기타 상품 전문 소매업,G47859,그 외 기타 분류 안된 상품 전문 소매업,44,충청남도,44710,금산군,44710250,금산읍,4471025021,금산읍,4471025021106770001,1,대지,677,1,충청남도 금산군 금산읍 신대리 677-1,447103257044,충청남도 금산군 금산읍 인삼약초로,48,8,4471025021106770001000001,금산수삼시장,충청남도 금산군 금산읍 인삼약초로 48-8,312804,32739,,,,127.498991853197,36.1004422028023
MA0101202410A0444144,수삼센터57호,,G2,소매,G221,기타 상품 소매,G22199,그 외 기타 상품 전문 소매업,G47859,그 외 기타 분류 안된 상품 전문 소매업,44,충청남도,44710,금산군,44710250,금산읍,4471025022,금산읍,4471025022100240000,1,대지,24,,충청남도 금산군 금산읍 중도리 24,447103257044,충청남도 금산군 금산읍 인삼약초로,24,,4471025022100240000017736,수삼센터,충청남도 금산군 금산읍 인삼약초로 24,312806,32739,,,,127.496358187934,36.1001557428811
MA0101202410A0444251,인삼수삼센터2호,,G2,소매,G221,기타 상품 소매,G22199,그 외 기타 상품 전문 소매업,G47859,그 외 기타 분류 안된 상품 전문 소매업,44,충청남도,44710,금산군,44710250,금산읍,4471025022,금산읍,4471025022100240000,1,대지,24,,충청남도 금산군 금산읍 중도리 24,447103257044,충청남도 금산군 금산읍 인삼약초로,24,,4471025022100240000017736,수삼센터,충청남도 금산군 금산읍 인삼약초로 24,312806,32739,,,,127.496358187934,36.1001557428811
MA0101202410A0444259,금산수삼시장진영인삼,,G2,소매,G221,기타 상품 소매,G22199,그 외 기타 상품 전문 소매업,G47859,그 외 기타 분류 안된 상품 전문 소매업,44,충청남도,44710,금산군,44710250,금산읍,4471025021,금산읍,4471025021106770001,1,대지,677,1,충청남도 금산군 금산읍 신대리 677-1,447103257044,충청남도 금산군 금산읍 인삼약초로,48,8,4471025021106770001000001,,충청남도 금산군 금산읍 인삼약초로 48-8,312804,32739,,1,,127.498991853197,36.1004422028023
MA0101202410A0444348,수삼센타70호,,G2,소매,G221,기타 상품 소매,G22199,그 외 기타 상품 전문 소매업,G47859,그 외 기타 분류 안된 상품 전문 소매업,44,충청남도,44710,금산군,44710250,금산읍,4471025022,금산읍,4471025022100240000,1,대지,24,,충청남도 금산군 금산읍 중도리 24,447103257044,충청남도 금산군 금산읍 인삼약초로,24,,4471025022100240000017736,,충청남도 금산군 금산읍 인삼약초로 24,312806,32739,,,,127.496358187934,36.1001557428811
MA0101202410A0444362,금산수삼센터84호,,G2,소매,G221,기타 상품 소매,G22199,그 외 기타 상품 전문 소매업,G47859,그 외 기타 분류 안된 상품 전문 소매업,44,충청남도,44710,금산군,44710250,금산읍,4471025022,금산읍,4471025022100240000,1,대지,24,,충청남도 금산군 금산읍 중도리 24,447103257044,충청남도 금산군 금산읍 인삼약초로,24,,4471025022100240000017736,,충청남도 금산군 금산읍 인삼약초로 24,312806,32739,,,,127.496358187934,36.1001557428811
MA0101202410A0444494,금산수삼쎈타소매장42호,,G2,소매,G221,기타 상품 소매,G22199,그 외 기타 상품 전문 소매업,G47859,그 외 기타 분류 안된 상품 전문 소매업,44,충청남도,44710,금산군,44710250,금산읍,4471025022,금산읍,4471025022100240000,1,대지,24,,충청남도 금산군 금산읍 중도리 24,447103257044,충청남도 금산군 금산읍 인삼약초로,22,,4471025022100240000017439,금산수삼센터,충청남도 금산군 금산읍 인삼약초로 22,312806,32739,,,,127.495726755297,36.1004016831257
MA0101202410A0444499,금산수삼센타14호,,G2,소매,G221,기타 상품 소매,G22199,그 외 기타 상품 전문 소매업,G47859,그 외 기타 분류 안된 상품 전문 소매업,44,충청남도,44710,금산군,44710250,금산읍,4471025022,금산읍,4471025022100240000,1,대지,24,,충청남도 금산군 금산읍 중도리 24,447103257044,충청남도 금산군 금산읍 인삼약초로,24,,4471025022100240000017736,,충청남도 금산군 금산읍 인삼약초로 24,312806,32739,,,,127.496358187934,36.1001557428811
MA0101202410A0444508,송주골농원,,G2,소매,G221,기타 상품 소매,G22199,그 외 기타 상품 전문 소매업,G47859,그 외 기타 분류 안된 상품 전문 소매업,30,대전광역시,30140,중구,30140740,산성동,3014011900,안영동,3014011900104500000,1,대지,450,,대전광역시 중구 안영동 450,301404295081,대전광역시 중구 대둔산로159번안길,94,,3014011900104500000000001,,대전광역시 중구 대둔산로159번안길 94,301819,35085,,,,127.373712960034,36.2890957157682
MA0101202410A0444516,금산수삼센터23호,,G2,소매,G221,기타 상품 소매,G22199,그 외 기타 상품 전문 소매업,G47859,그 외 기타 분류 안된 상품 전문 소매업,44,충청남도,44710,금산군,44710250,금산읍,4471025022,금산읍,4471025022100240000,1,대지,24,,충청남도 금산군 금산읍 중도리 24,447103257044,충청남도 금산군 금산읍 인삼약초로,24,,4471025022100240000017736,금산수삼센터,충청남도 금산군 금산읍 인삼약초로 24,312806,32739,,,,127.496358187934,36.1001557428811
MA0101202410A0444519,금산수삼센터29호,,G2,소매,G221,기타 상품 소매,G22199,그 외 기타 상품 전문 소매업,G47859,그 외 기타 분류 안된 상품 전문 소매업,44,충청남도,44710,금산군,44710250,금산읍,4471025022,금산읍,4471025022100240000,1,대지,24,,충청남도 금산군 금산읍 중도리 24,447103257044,충청남도 금산군 금산읍 인삼약초로,24,,4471025022100240000017736,,충청남도 금산군 금산읍 인삼약초로 24,312806,32739,,,,127.496358187934,36.1001557428811
MA0101202410A0444527,금산명품인삼,,G2,소매,G221,기타 상품 소매,G22199,그 외 기타 상품 전문 소매업,G47859,그 외 기타 분류 안된 상품 전문 소매업,44,충청남도,44710,금산군,44710250,금산읍,4471025021,금산읍,4471025021106770001,1,대지,677,1,충청남도 금산군 금산읍 신대리 677-1,447103257044,충청남도 금산군 금산읍 인삼약초로,48,8,4471025021106770001000001,,충청남도 금산군 금산읍 인삼약초로 48-8,312804,32739,,,,127.498991853197,36.1004422028023
MA0101202410A0380492,금산인삼수삼랜드155호,,G2,소매,G221,기타 상품 소매,G22199,그 외 기타 상품 전문 소매업,G47859,그 외 기타 분류 안된 상품 전문 소매업,44,충청남도,44710,금산군,44710250,금산읍,4471025022,금산읍,4471025022100160002,1,대지,16,2,충청남도 금산군 금산읍 중도리 16-2,447103257044,충청남도 금산군 금산읍 인삼약초로,42,,4471025022100160002020652,,충청남도 금산군 금산읍 인삼약초로 42,312806,32739,,,,127.497692669771,36.1004566182124
MA0101202410A0431255,희귀약초,,G2,소매,G221,기타 상품 소매,G22199,그 외 기타 상품 전문 소매업,G47859,그 외 기타 분류 안된 상품 전문 소매업,43,충청북도,43740,영동군,43740250,영동읍,4374025021,영동읍,4374025021105670007,1,대지,567,7,충청북도 영동군 영동읍 계산리 567-7,437404529456,충청북도 영동군 영동읍 영동시장3길,30,1,4374025021105670009005566,,충청북도 영동군 영동읍 영동시장3길 30-1,370808,29146,,,,127.774888719957,36.1770184502417
MA0101202410A0431269,금빛노인재가센터,,G2,소매,G221,기타 상품 소매,G22199,그 외 기타 상품 전문 소매업,G47859,그 외 기타 분류 안된 상품 전문 소매업,43,충청북도,43730,옥천군,43730250,옥천읍,4373025036,옥천읍,4373025036101080016,1,대지,108,16,충청북도 옥천군 옥천읍 금구리 108-16,437304526367,충청북도 옥천군 옥천읍 중앙로1길,25,,4373025036101080016006860,금빛노인재가센터,충청북도 옥천군 옥천읍 중앙로1길 25,373806,29048,,2,,127.567266867508,36.2964717651833
MA0101202410A0443134,금산수삼센타17호,,G2,소매,G221,기타 상품 소매,G22199,그 외 기타 상품 전문 소매업,G47859,그 외 기타 분류 안된 상품 전문 소매업,44,충청남도,44710,금산군,44710250,금산읍,4471025022,금산읍,4471025022100240000,1,대지,24,,충청남도 금산군 금산읍 중도리 24,447103257044,충청남도 금산군 금산읍 인삼약초로,24,,4471025022100240000017736,,충청남도 금산군 금산읍 인삼약초로 24,312806,32739,,,,127.496358187934,36.1001557428811
MA0101202410A0443135,금산수삼센타21호,,G2,소매,G221,기타 상품 소매,G22199,그 외 기타 상품 전문 소매업,G47859,그 외 기타 분류 안된 상품 전문 소매업,44,충청남도,44710,금산군,44710250,금산읍,4471025022,금산읍,4471025022100240000,1,대지,24,,충청남도 금산군 금산읍 중도리 24,447103257044,충청남도 금산군 금산읍 인삼약초로,24,,4471025022100240000017736,금산수삼센터,충청남도 금산군 금산읍 인삼약초로 24,312806,32739,,,,127.496358187934,36.1001557428811
MA0101202410A0443736,금산수삼,,G2,소매,G221,기타 상품 소매,G22199,그 외 기타 상품 전문 소매업,G47859,그 외 기타 분류 안된 상품 전문 소매업,44,충청남도,44710,금산군,44710250,금산읍,4471025022,금산읍,4471025022100240000,1,대지,24,,충청남도 금산군 금산읍 중도리 24,447103257044,충청남도 금산군 금산읍 인삼약초로,24,,4471025022100240000017736,금산수삼텐타내,충청남도 금산군 금산읍 인삼약초로 24,312806,32739,,,,127.496358187934,36.1001557428811
MA0101202410A0443750,비단골수삼,,G2,소매,G221,기타 상품 소매,G22199,그 외 기타 상품 전문 소매업,G47859,그 외 기타 분류 안된 상품 전문 소매업,44,충청남도,44710,금산군,44710250,금산읍,4471025022,금산읍,4471025022100160002,1,대지,16,2,충청남도 금산군 금산읍 중도리 16-2,447103257044,충청남도 금산군 금산읍 인삼약초로,42,,4471025022100160002020652,,충청남도 금산군 금산읍 인삼약초로 42,312806,32739,,,,127.497692669771,36.1004566182124
MA0101202410A0443751,금산수삼센터69호,,G2,소매,G221,기타 상품 소매,G22199,그 외 기타 상품 전문 소매업,G47859,그 외 기타 분류 안된 상품 전문 소매업,44,충청남도,44710,금산군,44710250,금산읍,4471025022,금산읍,4471025022100240000,1,대지,24,,충청남도 금산군 금산읍 중도리 24,447103257044,충청남도 금산군 금산읍 인삼약초로,24,,4471025022100240000017736,,충청남도 금산군 금산읍 인삼약초로 24,312806,32739,,,,127.496358187934,36.1001557428811
MA0101202410A0443761,농협수삼랜드,,G2,소매,G221,기타 상품 소매,G22199,그 외 기타 상품 전문 소매업,G47859,그 외 기타 분류 안된 상품 전문 소매업,44,충청남도,44710,금산군,44710250,금산읍,4471025022,금산읍,4471025022100160002,1,대지,16,2,충청남도 금산군 금산읍 중도리 16-2,447103257044,충청남도 금산군 금산읍 인삼약초로,42,,4471025022100160002020652,,충청남도 금산군 금산읍 인삼약초로 42,312806,32739,,,,127.497692669771,36.1004566182124
MA0101202410A0443818,NATURALGINSENG자연인삼센타36호,,G2,소매,G221,기타 상품 소매,G22199,그 외 기타 상품 전문 소매업,G47859,그 외 기타 분류 안된 상품 전문 소매업,44,충청남도,44710,금산군,44710250,금산읍,4471025022,금산읍,4471025022100240000,1,대지,24,,충청남도 금산군 금산읍 중도리 24,447103257044,충청남도 금산군 금산읍 인삼약초로,24,,4471025022100240000017736,,충청남도 금산군 금산읍 인삼약초로 24,312806,32739,,,,127.496358187934,36.1001557428811
MA0101202410A0443943,금산수삼센터54호,,G2,소매,G221,기타 상품 소매,G22199,그 외 기타 상품 전문 소매업,G47859,그 외 기타 분류 안된 상품 전문 소매업,44,충청남도,44710,금산군,44710250,금산읍,4471025022,금산읍,4471025022100240000,1,대지,24,,충청남도 금산군 금산읍 중도리 24,447103257044,충청남도 금산군 금산읍 인삼약초로,24,,4471025022100240000017736,,충청남도 금산군 금산읍 인삼약초로 24,312806,32739,,,,127.496358187934,36.1001557428811
MA0101202410A0444008,금산수삼센터상인회,,G2,소매,G221,기타 상품 소매,G22199,그 외 기타 상품 전문 소매업,G47859,그 외 기타 분류 안된 상품 전문 소매업,44,충청남도,44710,금산군,44710250,금산읍,4471025022,금산읍,4471025022100240000,1,대지,24,,충청남도 금산군 금산읍 중도리 24,447103257044,충청남도 금산군 금산읍 인삼약초로,24,,4471025022100240000017736,,충청남도 금산군 금산읍 인삼약초로 24,312806,32739,,,,127.496358187934,36.1001557428811
MA0101202410A0444009,수삼센터9호,,G2,소매,G221,기타 상품 소매,G22199,그 외 기타 상품 전문 소매업,G47859,그 외 기타 분류 안된 상품 전문 소매업,44,충청남도,44710,금산군,44710250,금산읍,4471025022,금산읍,4471025022100240000,1,대지,24,,충청남도 금산군 금산읍 중도리 24,447103257044,충청남도 금산군 금산읍 인삼약초로,24,,4471025022100240000017736,,충청남도 금산군 금산읍 인삼약초로 24,312806,32739,,,,127.496358187934,36.1001557428811
MA0101202410A0444015,성실수삼,,G2,소매,G221,기타 상품 소매,G22199,그 외 기타 상품 전문 소매업,G47859,그 외 기타 분류 안된 상품 전문 소매업,44,충청남도,44710,금산군,44710250,금산읍,4471025021,금산읍,4471025021106770001,1,대지,677,1,충청남도 금산군 금산읍 신대리 677-1,447103257044,충청남도 금산군 금산읍 인삼약초로,48,8,4471025021106770001000001,,충청남도 금산군 금산읍 인삼약초로 48-8,312804,32739,,1,,127.498991853197,36.1004422028023
MA0101202410A0444018,금산수삼센터86호,,G2,소매,G221,기타 상품 소매,G22199,그 외 기타 상품 전문 소매업,G47859,그 외 기타 분류 안된 상품 전문 소매업,44,충청남도,44710,금산군,44710250,금산읍,4471025022,금산읍,4471025022100240000,1,대지,24,,충청남도 금산군 금산읍 중도리 24,447103257044,충청남도 금산군 금산읍 인삼약초로,24,,4471025022100240000017736,,충청남도 금산군 금산읍 인삼약초로 24,312806,32739,,,,127.496358187934,36.1001557428811
MA0101202410A0444020,"금산수삼시장43호,44호",,G2,소매,G221,기타 상품 소매,G22199,그 외 기타 상품 전문 소매업,G47859,그 외 기타 분류 안된 상품 전문 소매업,44,충청남도,44710,금산군,44710250,금산읍,4471025021,금산읍,4471025021106770001,1,대지,677,1,충청남도 금산군 금산읍 신대리 677-1,447103257044,충청남도 금산군 금산읍 인삼약초로,48,8,4471025021106770001000001,,충청남도 금산군 금산읍 인삼약초로 48-8,312804,32739,,,,127.498991853197,36.1004422028023
MA0101202410A0444021,금산수삼시장소매21호,,G2,소매,G221,기타 상품 소매,G22199,그 외 기타 상품 전문 소매업,G47859,그 외 기타 분류 안된 상품 전문 소매업,44,충청남도,44710,금산군,44710250,금산읍,4471025021,금산읍,4471025021106770001,1,대지,677,1,충청남도 금산군 금산읍 신대리 677-1,447103257044,충청남도 금산군 금산읍 인삼약초로,48,8,4471025021106770001000001,,충청남도 금산군 금산읍 인삼약초로 48-8,312804,32739,,,,127.498991853197,36.1004422028023
MA0101202410A0444022,금산인삼직거래장터,,G2,소매,G221,기타 상품 소매,G22199,그 외 기타 상품 전문 소매업,G47859,그 외 기타 분류 안된 상품 전문 소매업,44,충청남도,44710,금산군,44710250,금산읍,4471025021,금산읍,4471025021106770001,1,대지,677,1,충청남도 금산군 금산읍 신대리 677-1,447103257044,충청남도 금산군 금산읍 인삼약초로,48,8,4471025021106770001000001,금산수삼시장,충청남도 금산군 금산읍 인삼약초로 48-8,312804,32739,,1,,127.498991853197,36.1004422028023
MA0101202410A0444024,금산수삼센타47호,,G2,소매,G221,기타 상품 소매,G22199,그 외 기타 상품 전문 소매업,G47859,그 외 기타 분류 안된 상품 전문 소매업,44,충청남도,44710,금산군,44710250,금산읍,4471025022,금산읍,4471025022100240000,1,대지,24,,충청남도 금산군 금산읍 중도리 24,447103257044,충청남도 금산군 금산읍 인삼약초로,24,,4471025022100240000017736,,충청남도 금산군 금산읍 인삼약초로 24,312806,32739,,,,127.496358187934,36.1001557428811
MA0101202410A0444025,금산수삼시장소매50호51호,,G2,소매,G221,기타 상품 소매,G22199,그 외 기타 상품 전문 소매업,G47859,그 외 기타 분류 안된 상품 전문 소매업,44,충청남도,44710,금산군,44710250,금산읍,4471025021,금산읍,4471025021106770001,1,대지,677,1,충청남도 금산군 금산읍 신대리 677-1,447103257044,충청남도 금산군 금산읍 인삼약초로,48,8,4471025021106770001000001,금산수삼시장,충청남도 금산군 금산읍 인삼약초로 48-8,312804,32739,,,,127.498991853197,36.1004422028023
MA0101202410A0444050,고려수삼13호,,G2,소매,G221,기타 상품 소매,G22199,그 외 기타 상품 전문 소매업,G47859,그 외 기타 분류 안된 상품 전문 소매업,44,충청남도,44710,금산군,44710250,금산읍,4471025022,금산읍,4471025022100240000,1,대지,24,,충청남도 금산군 금산읍 중도리 24,447103257044,충청남도 금산군 금산읍 인삼약초로,22,,4471025022100240000017439,,충청남도 금산군 금산읍 인삼약초로 22,312806,32739,,,,127.495726755297,36.1004016831257
MA0101202410A0444052,"금산수삼시장소매15호,16호",,G2,소매,G221,기타 상품 소매,G22199,그 외 기타 상품 전문 소매업,G47859,그 외 기타 분류 안된 상품 전문 소매업,44,충청남도,44710,금산군,44710250,금산읍,4471025021,금산읍,4471025021106770001,1,대지,677,1,충청남도 금산군 금산읍 신대리 677-1,447103257044,충청남도 금산군 금산읍 인삼약초로,48,8,4471025021106770001000001,,충청남도 금산군 금산읍 인삼약초로 48-8,312804,32739,,,,127.498991853197,36.1004422028023
MA0101202410A0444067,금산수삼센터24호,,G2,소매,G221,기타 상품 소매,G22199,그 외 기타 상품 전문 소매업,G47859,그 외 기타 분류 안된 상품 전문 소매업,44,충청남도,44710,금산군,44710250,금산읍,4471025022,금산읍,4471025022100240000,1,대지,24,,충청남도 금산군 금산읍 중도리 24,447103257044,충청남도 금산군 금산읍 인삼약초로,22,,4471025022100240000017439,금산수삼센터,충청남도 금산군 금산읍 인삼약초로 22,312806,32739,,,,127.495726755297,36.1004016831257
MA0101202410A0444070,"금산수삼시장소매11,12호",,G2,소매,G221,기타 상품 소매,G22199,그 외 기타 상품 전문 소매업,G47859,그 외 기타 분류 안된 상품 전문 소매업,44,충청남도,44710,금산군,44710250,금산읍,4471025021,금산읍,4471025021106770001,1,대지,677,1,충청남도 금산군 금산읍 신대리 677-1,447103257044,충청남도 금산군 금산읍 인삼약초로,48,8,4471025021106770001000001,금산수삼시장,충청남도 금산군 금산읍 인삼약초로 48-8,312804,32739,,,,127.498991853197,36.1004422028023
MA0101202410A0444075,"금산수삼시장소매13호,14호",,G2,소매,G221,기타 상품 소매,G22199,그 외 기타 상품 전문 소매업,G47859,그 외 기타 분류 안된 상품 전문 소매업,44,충청남도,44710,금산군,44710250,금산읍,4471025021,금산읍,4471025021106770001,1,대지,677,1,충청남도 금산군 금산읍 신대리 677-1,447103257044,충청남도 금산군 금산읍 인삼약초로,48,8,4471025021106770001000001,,충청남도 금산군 금산읍 인삼약초로 48-8,312804,32739,,,,127.498991853197,36.1004422028023
MA0101202410A0444300,금산수삼시장소매76호,,G2,소매,G221,기타 상품 소매,G22199,그 외 기타 상품 전문 소매업,G47859,그 외 기타 분류 안된 상품 전문 소매업,44,충청남도,44710,금산군,44710250,금산읍,4471025021,금산읍,4471025021106770001,1,대지,677,1,충청남도 금산군 금산읍 신대리 677-1,447103257044,충청남도 금산군 금산읍 인삼약초로,48,8,4471025021106770001000001,금산수삼시장,충청남도 금산군 금산읍 인삼약초로 48-8,312804,32739,,1,,127.498991853197,36.1004422028023
MA0101202410A0444389,금산수삼시장소매77호,,G2,소매,G221,기타 상품 소매,G22199,그 외 기타 상품 전문 소매업,G47859,그 외 기타 분류 안된 상품 전문 소매업,44,충청남도,44710,금산군,44710250,금산읍,4471025021,금산읍,4471025021106770001,1,대지,677,1,충청남도 금산군 금산읍 신대리 677-1,447103257044,충청남도 금산군 금산읍 인삼약초로,48,8,4471025021106770001000001,소매,충청남도 금산군 금산읍 인삼약초로 48-8,312804,32739,,1,,127.498991853197,36.1004422028023
MA0101202410A0444391,금산인삼도매시장,,G2,소매,G221,기타 상품 소매,G22199,그 외 기타 상품 전문 소매업,G47859,그 외 기타 분류 안된 상품 전문 소매업,44,충청남도,44710,금산군,44710250,금산읍,4471025026,금산읍,4471025026100970000,1,대지,97,,충청남도 금산군 금산읍 상옥리 97,447104571217,충청남도 금산군 금산읍 밭가운데길,55,7,4471025026100970000015122,,충청남도 금산군 금산읍 밭가운데길 55-7,312801,32746,,,,127.48675188286,36.1000599700998
MA0101202410A0444410,국보인삼종합상사,,G2,소매,G221,기타 상품 소매,G22199,그 외 기타 상품 전문 소매업,G47859,그 외 기타 분류 안된 상품 전문 소매업,44,충청남도,44710,금산군,44710250,금산읍,4471025022,금산읍,4471025022100080001,1,대지,8,1,충청남도 금산군 금산읍 중도리 8-1,447103257044,충청남도 금산군 금산읍 인삼약초로,45,,4471025022100080001020658,,충청남도 금산군 금산읍 인삼약초로 45,312806,32739,,,,127.498345957274,36.1019138599352
MA0101202410A0444411,수삼센타44호,,G2,소매,G221,기타 상품 소매,G22199,그 외 기타 상품 전문 소매업,G47859,그 외 기타 분류 안된 상품 전문 소매업,44,충청남도,44710,금산군,44710250,금산읍,4471025022,금산읍,4471025022100240000,1,대지,24,,충청남도 금산군 금산읍 중도리 24,447103257044,충청남도 금산군 금산읍 인삼약초로,24,,4471025022100240000017736,,충청남도 금산군 금산읍 인삼약초로 24,312806,32739,,,,127.496358187934,36.1001557428811
MA0101202410A0395303,밤이랑약초랑,,G2,소매,G221,기타 상품 소매,G22199,그 외 기타 상품 전문 소매업,G47859,그 외 기타 분류 안된 상품 전문 소매업,41,경기도,41133,성남시 중원구,41133510,성남동,4113310100,성남동,4113310100149310000,1,대지,4931,,경기도 성남시 중원구 성남동 4931,411332179001,경기도 성남시 중원구 둔촌대로,68,,4113310100149310000000001,,경기도 성남시 중원구 둔촌대로 68,462829,13383,,,,127.126654182249,37.4293367839759
MA0101202410A0420100,금산홍삼원,,G2,소매,G221,기타 상품 소매,G22199,그 외 기타 상품 전문 소매업,G47859,그 외 기타 분류 안된 상품 전문 소매업,44,충청남도,44710,금산군,44710250,금산읍,4471025022,금산읍,4471025022100080001,1,대지,8,1,충청남도 금산군 금산읍 중도리 8-1,447103257044,충청남도 금산군 금산읍 인삼약초로,45,,4471025022100080001020658,,충청남도 금산군 금산읍 인삼약초로 45,312806,32739,,,,127.498345957274,36.1019138599352
MA0101202410A0444119,금산인삼수삼시장,,G2,소매,G221,기타 상품 소매,G22199,그 외 기타 상품 전문 소매업,G47859,그 외 기타 분류 안된 상품 전문 소매업,44,충청남도,44710,금산군,44710250,금산읍,4471025022,금산읍,4471025022105660012,1,대지,566,12,충청남도 금산군 금산읍 중도리 566-12,447103257020,충청남도 금산군 금산읍 비단로,132,,4471025022105660012019249,,충청남도 금산군 금산읍 비단로 132,312806,32739,,3,,127.494820839576,36.0993780501086
MA0101202410A0444126,금산수삼시장소매42호,,G2,소매,G221,기타 상품 소매,G22199,그 외 기타 상품 전문 소매업,G47859,그 외 기타 분류 안된 상품 전문 소매업,44,충청남도,44710,금산군,44710250,금산읍,4471025021,금산읍,4471025021106770001,1,대지,677,1,충청남도 금산군 금산읍 신대리 677-1,447103257044,충청남도 금산군 금산읍 인삼약초로,48,8,4471025021106770001000001,소매동,충청남도 금산군 금산읍 인삼약초로 48-8,312804,32739,,,,127.498991853197,36.1004422028023
MA0101202410A0444236,토종인삼22,,G2,소매,G221,기타 상품 소매,G22199,그 외 기타 상품 전문 소매업,G47859,그 외 기타 분류 안된 상품 전문 소매업,44,충청남도,44710,금산군,44710250,금산읍,4471025021,금산읍,4471025021106770001,1,대지,677,1,충청남도 금산군 금산읍 신대리 677-1,447103257044,충청남도 금산군 금산읍 인삼약초로,48,8,4471025021106770001000001,소매,충청남도 금산군 금산읍 인삼약초로 48-8,312804,32739,,1,,127.498991853197,36.1004422028023
MA0101202410A0444240,금산태극인삼사,,G2,소매,G221,기타 상품 소매,G22199,그 외 기타 상품 전문 소매업,G47859,그 외 기타 분류 안된 상품 전문 소매업,44,충청남도,44710,금산군,44710250,금산읍,4471025025,금산읍,4471025025103140008,1,대지,314,8,충청남도 금산군 금산읍 아인리 314-8,447104571221,충청남도 금산군 금산읍 백김이길,8,1,4471025025103140008014140,,충청남도 금산군 금산읍 백김이길 8-1,312805,32743,,,,127.476369726877,36.1038867723881
MA0101202410A0444315,수삼센타,,G2,소매,G221,기타 상품 소매,G22199,그 외 기타 상품 전문 소매업,G47859,그 외 기타 분류 안된 상품 전문 소매업,44,충청남도,44710,금산군,44710250,금산읍,4471025022,금산읍,4471025022100240000,1,대지,24,,충청남도 금산군 금산읍 중도리 24,447103257044,충청남도 금산군 금산읍 인삼약초로,24,,4471025022100240000017736,금산수삼센터,충청남도 금산군 금산읍 인삼약초로 24,312806,32739,,,,127.496358187934,36.1001557428811
MA0101202410A0444321,금산수삼센타88호,,G2,소매,G221,기타 상품 소매,G22199,그 외 기타 상품 전문 소매업,G47859,그 외 기타 분류 안된 상품 전문 소매업,44,충청남도,44710,금산군,44710250,금산읍,4471025022,금산읍,4471025022100240000,1,대지,24,,충청남도 금산군 금산읍 중도리 24,447103257044,충청남도 금산군 금산읍 인삼약초로,24,,4471025022100240000017736,,충청남도 금산군 금산읍 인삼약초로 24,312806,32739,,,,127.496358187934,36.1001557428811
MA0101202410A0444328,주신인삼,,G2,소매,G221,기타 상품 소매,G22199,그 외 기타 상품 전문 소매업,G47859,그 외 기타 분류 안된 상품 전문 소매업,44,충청남도,44710,금산군,44710250,금산읍,4471025022,금산읍,4471025022100160002,1,대지,16,2,충청남도 금산군 금산읍 중도리 16-2,447103257044,충청남도 금산군 금산읍 인삼약초로,42,,4471025022100160002020652,농협수삼랜드,충청남도 금산군 금산읍 인삼약초로 42,312806,32739,,,,127.497692669771,36.1004566182124
MA0101202410A0444430,금산수삼센타,,G2,소매,G221,기타 상품 소매,G22199,그 외 기타 상품 전문 소매업,G47859,그 외 기타 분류 안된 상품 전문 소매업,44,충청남도,44710,금산군,44710250,금산읍,4471025022,금산읍,4471025022100240000,1,대지,24,,충청남도 금산군 금산읍 중도리 24,447103257044,충청남도 금산군 금산읍 인삼약초로,24,,4471025022100240000017736,,충청남도 금산군 금산읍 인삼약초로 24,312806,32739,,,,127.496358187934,36.1001557428811
MA0101202410A0444455,미래인삼,,G2,소매,G221,기타 상품 소매,G22199,그 외 기타 상품 전문 소매업,G47859,그 외 기타 분류 안된 상품 전문 소매업,44,충청남도,44710,금산군,44710250,금산읍,4471025022,금산읍,4471025022100080001,1,대지,8,1,충청남도 금산군 금산읍 중도리 8-1,447103257044,충청남도 금산군 금산읍 인삼약초로,45,,4471025022100080001020658,,충청남도 금산군 금산읍 인삼약초로 45,312806,32739,,,,127.498345957274,36.1019138599352
MA0101202410A0444575,금산수삼시장소매19호,,G2,소매,G221,기타 상품 소매,G22199,그 외 기타 상품 전문 소매업,G47859,그 외 기타 분류 안된 상품 전문 소매업,44,충청남도,44710,금산군,44710250,금산읍,4471025021,금산읍,4471025021106770001,1,대지,677,1,충청남도 금산군 금산읍 신대리 677-1,447103257044,충청남도 금산군 금산읍 인삼약초로,48,8,4471025021106770001000001,,충청남도 금산군 금산읍 인삼약초로 48-8,312804,32739,,,,127.498991853197,36.1004422028023
MA0101202410A0444614,골드인삼134호,,G2,소매,G221,기타 상품 소매,G22199,그 외 기타 상품 전문 소매업,G47859,그 외 기타 분류 안된 상품 전문 소매업,44,충청남도,44710,금산군,44710250,금산읍,4471025022,금산읍,4471025022100160002,1,대지,16,2,충청남도 금산군 금산읍 중도리 16-2,447103257044,충청남도 금산군 금산읍 인삼약초로,42,,4471025022100160002020652,,충청남도 금산군 금산읍 인삼약초로 42,312806,32739,,,,127.497692669771,36.1004566182124
MA0101202410A0444622,금산수삼68호,,G2,소매,G221,기타 상품 소매,G22199,그 외 기타 상품 전문 소매업,G47859,그 외 기타 분류 안된 상품 전문 소매업,44,충청남도,44710,금산군,44710250,금산읍,4471025022,금산읍,4471025022100240000,1,대지,24,,충청남도 금산군 금산읍 중도리 24,447103257044,충청남도 금산군 금산읍 인삼약초로,22,,4471025022100240000017439,,충청남도 금산군 금산읍 인삼약초로 22,312806,32739,,,,127.495726755297,36.1004016831257
MA0101202410A0444687,수삼센터7호,,G2,소매,G221,기타 상품 소매,G22199,그 외 기타 상품 전문 소매업,G47859,그 외 기타 분류 안된 상품 전문 소매업,44,충청남도,44710,금산군,44710250,금산읍,4471025022,금산읍,4471025022100210001,1,대지,21,1,충청남도 금산군 금산읍 중도리 21-1,447103257038,충청남도 금산군 금산읍 약초로,24,,4471025022100210001000001,,충청남도 금산군 금산읍 약초로 24,312806,32748,,1,,127.496815786578,36.098756973493
MA0101202410A0444694,금산수삼시장소매21호,,G2,소매,G221,기타 상품 소매,G22199,그 외 기타 상품 전문 소매업,G47859,그 외 기타 분류 안된 상품 전문 소매업,44,충청남도,44710,금산군,44710250,금산읍,4471025021,금산읍,4471025021106770001,1,대지,677,1,충청남도 금산군 금산읍 신대리 677-1,447103257044,충청남도 금산군 금산읍 인삼약초로,48,8,4471025021106770001000001,,충청남도 금산군 금산읍 인삼약초로 48-8,312804,32739,,1,,127.498991853197,36.1004422028023
MA0101202410A0444695,중도매인27호,,G2,소매,G221,기타 상품 소매,G22199,그 외 기타 상품 전문 소매업,G47859,그 외 기타 분류 안된 상품 전문 소매업,44,충청남도,44710,금산군,44710250,금산읍,4471025022,금산읍,4471025022100240000,1,대지,24,,충청남도 금산군 금산읍 중도리 24,447103257044,충청남도 금산군 금산읍 인삼약초로,24,,4471025022100240000017736,,충청남도 금산군 금산읍 인삼약초로 24,312806,32739,,1,,127.496358187934,36.1001557428811
MA0101202410A0444697,수삼센타49호,,G2,소매,G221,기타 상품 소매,G22199,그 외 기타 상품 전문 소매업,G47859,그 외 기타 분류 안된 상품 전문 소매업,44,충청남도,44710,금산군,44710250,금산읍,4471025022,금산읍,4471025022100240000,1,대지,24,,충청남도 금산군 금산읍 중도리 24,447103257044,충청남도 금산군 금산읍 인삼약초로,24,,4471025022100240000017736,수삼센터,충청남도 금산군 금산읍 인삼약초로 24,312806,32739,,1,,127.496358187934,36.1001557428811
MA0101202410A0444698,수삼센타44호,,G2,소매,G221,기타 상품 소매,G22199,그 외 기타 상품 전문 소매업,G47859,그 외 기타 분류 안된 상품 전문 소매업,44,충청남도,44710,금산군,44710250,금산읍,4471025022,금산읍,4471025022100240000,1,대지,24,,충청남도 금산군 금산읍 중도리 24,447103257044,충청남도 금산군 금산읍 인삼약초로,24,,4471025022100240000017736,,충청남도 금산군 금산읍 인삼약초로 24,312806,32739,,1,,127.496358187934,36.1001557428811
MA0101202410A0444701,수삼센터4호,,G2,소매,G221,기타 상품 소매,G22199,그 외 기타 상품 전문 소매업,G47859,그 외 기타 분류 안된 상품 전문 소매업,44,충청남도,44710,금산군,44710250,금산읍,4471025022,금산읍,4471025022100240000,1,대지,24,,충청남도 금산군 금산읍 중도리 24,447103257044,충청남도 금산군 금산읍 인삼약초로,24,,4471025022100240000017736,금산수삼센터,충청남도 금산군 금산읍 인삼약초로 24,312806,32739,,1,,127.496358187934,36.1001557428811
MA0101202410A0444702,수삼센터27호,,G2,소매,G221,기타 상품 소매,G22199,그 외 기타 상품 전문 소매업,G47859,그 외 기타 분류 안된 상품 전문 소매업,44,충청남도,44710,금산군,44710250,금산읍,4471025022,금산읍,4471025022100240000,1,대지,24,,충청남도 금산군 금산읍 중도리 24,447103257044,충청남도 금산군 금산읍 인삼약초로,24,,4471025022100240000017736,금산인삼수삼센터,충청남도 금산군 금산읍 인삼약초로 24,312806,32739,,1,,127.496358187934,36.1001557428811
MA0101202410A0444703,수삼센터50호,,G2,소매,G221,기타 상품 소매,G22199,그 외 기타 상품 전문 소매업,G47859,그 외 기타 분류 안된 상품 전문 소매업,44,충청남도,44710,금산군,44710250,금산읍,4471025022,금산읍,4471025022100240000,1,대지,24,,충청남도 금산군 금산읍 중도리 24,447103257044,충청남도 금산군 금산읍 인삼약초로,24,,4471025022100240000017736,금산인삼수삼센터,충청남도 금산군 금산읍 인삼약초로 24,312806,32739,,1,,127.496358187934,36.1001557428811
MA0101202410A0444704,수삼센터64호,,G2,소매,G221,기타 상품 소매,G22199,그 외 기타 상품 전문 소매업,G47859,그 외 기타 분류 안된 상품 전문 소매업,44,충청남도,44710,금산군,44710250,금산읍,4471025022,금산읍,4471025022100240000,1,대지,24,,충청남도 금산군 금산읍 중도리 24,447103257044,충청남도 금산군 금산읍 인삼약초로,24,,4471025022100240000017736,금산인삼수삼센터,충청남도 금산군 금산읍 인삼약초로 24,312806,32739,,1,,127.496358187934,36.1001557428811
MA0101202410A0444719,수삼센터79호,,G2,소매,G221,기타 상품 소매,G22199,그 외 기타 상품 전문 소매업,G47859,그 외 기타 분류 안된 상품 전문 소매업,44,충청남도,44710,금산군,44710250,금산읍,4471025022,금산읍,4471025022100240000,1,대지,24,,충청남도 금산군 금산읍 중도리 24,447103257044,충청남도 금산군 금산읍 인삼약초로,24,,4471025022100240000017736,,충청남도 금산군 금산읍 인삼약초로 24,312806,32739,,1,,127.496358187934,36.1001557428811
MA0101202410A0444720,수삼센터84호,,G2,소매,G221,기타 상품 소매,G22199,그 외 기타 상품 전문 소매업,G47859,그 외 기타 분류 안된 상품 전문 소매업,44,충청남도,44710,금산군,44710250,금산읍,4471025022,금산읍,4471025022100240000,1,대지,24,,충청남도 금산군 금산읍 중도리 24,447103257044,충청남도 금산군 금산읍 인삼약초로,24,,4471025022100240000017736,,충청남도 금산군 금산읍 인삼약초로 24,312806,32739,,1,,127.496358187934,36.1001557428811
MA0101202410A0444721,수삼센터85호,,G2,소매,G221,기타 상품 소매,G22199,그 외 기타 상품 전문 소매업,G47859,그 외 기타 분류 안된 상품 전문 소매업,44,충청남도,44710,금산군,44710250,금산읍,4471025022,금산읍,4471025022100240000,1,대지,24,,충청남도 금산군 금산읍 중도리 24,447103257044,충청남도 금산군 금산읍 인삼약초로,24,,4471025022100240000017736,,충청남도 금산군 금산읍 인삼약초로 24,312806,32739,,1,,127.496358187934,36.1001557428811
MA0101202410A0444727,플러스인삼,,G2,소매,G221,기타 상품 소매,G22199,그 외 기타 상품 전문 소매업,G47859,그 외 기타 분류 안된 상품 전문 소매업,44,충청남도,44710,금산군,44710250,금산읍,4471025022,금산읍,4471025022100210001,1,대지,21,1,충청남도 금산군 금산읍 중도리 21-1,447103257038,충청남도 금산군 금산읍 약초로,24,,4471025022100210001000001,,충청남도 금산군 금산읍 약초로 24,312806,32748,,1,,127.496815786578,36.098756973493
MA0101202410A0445560,수삼랜드121호,,G2,소매,G221,기타 상품 소매,G22199,그 외 기타 상품 전문 소매업,G47859,그 외 기타 분류 안된 상품 전문 소매업,44,충청남도,44710,금산군,44710250,금산읍,4471025022,금산읍,4471025022100160002,1,대지,16,2,충청남도 금산군 금산읍 중도리 16-2,447103257044,충청남도 금산군 금산읍 인삼약초로,42,,4471025022100160002020652,,충청남도 금산군 금산읍 인삼약초로 42,312806,32739,,1,,127.497692669771,36.1004566182124
MA0101202410A0393369,산꾼이네,,G2,소매,G221,기타 상품 소매,G22199,그 외 기타 상품 전문 소매업,G47859,그 외 기타 분류 안된 상품 전문 소매업,41,경기도,41820,가평군,41820350,북면,4182035023,북면,4182035023201970001,2,산,197,1,경기도 가평군 북면 화악리 산197-1,418203000144,경기도 가평군 북면 화악산로,1068,,4182035023201970001010684,,경기도 가평군 북면 화악산로 1068,477843,12402,,,,127.535425101968,37.948095207946
MA0101202410A0537552,산삼애,,G2,소매,G221,기타 상품 소매,G22199,그 외 기타 상품 전문 소매업,G47859,그 외 기타 분류 안된 상품 전문 소매업,51,강원특별자치도,51760,평창군,51760330,대화면,5176033021,대화면,5176033021119570008,1,대지,1957,8,강원특별자치도 평창군 대화면 대화리 1957-8,517604484139,강원특별자치도 평창군 대화면 문화택지길,53,4,4276033021119570008005959,,강원특별자치도 평창군 대화면 문화택지길 53-4,232912,25356,,,,128.454402877956,37.4899911912443
MA0101202410A0539956,조은산약초,,G2,소매,G221,기타 상품 소매,G22199,그 외 기타 상품 전문 소매업,G47859,그 외 기타 분류 안된 상품 전문 소매업,11,서울특별시,11305,강북구,11305615,수유1동,1130510300,수유동,1130510300100530001,1,대지,53,1,서울특별시 강북구 수유동 53-1,113054124300,서울특별시 강북구 삼양로80길,74,,1130510300100530001011400,,서울특별시 강북구 삼양로80길 74,142874,01117,,1,,127.021842089342,37.631668429206
MA0101202410A0546974,삼도봉약초방,,G2,소매,G221,기타 상품 소매,G22199,그 외 기타 상품 전문 소매업,G47859,그 외 기타 분류 안된 상품 전문 소매업,43,충청북도,43740,영동군,43740350,상촌면,4374035021,상촌면,4374035021103280013,1,대지,328,13,충청북도 영동군 상촌면 임산리 328-13,437403000180,충청북도 영동군 상촌면 민주지산로,3028,,4374035021103280009000545,,충청북도 영동군 상촌면 민주지산로 3028,370882,29123,,,,127.914836505127,36.1496354169276
MA0101202410A0460428,청양인삼약초,,G2,소매,G221,기타 상품 소매,G22199,그 외 기타 상품 전문 소매업,G47859,그 외 기타 분류 안된 상품 전문 소매업,44,충청남도,44790,청양군,44790250,청양읍,4479025021,청양읍,4479025021101780015,1,대지,178,15,충청남도 청양군 청양읍 읍내리 178-15,447904583271,충청남도 청양군 청양읍 중앙로5길,10,,4479025021101780006003766,,충청남도 청양군 청양읍 중앙로5길 10,345804,33331,,,,126.802004257061,36.4502856419321
MA0101202410A0504445,소백산약초마을,,G2,소매,G221,기타 상품 소매,G22199,그 외 기타 상품 전문 소매업,G47859,그 외 기타 분류 안된 상품 전문 소매업,43,충청북도,43800,단양군,43800360,단성면,4380036022,단성면,4380036022100800005,1,대지,80,5,충청북도 단양군 단성면 북하리 80-5,438004544233,충청북도 단양군 단성면 북상하리길,113,,4380036022100800005003005,,충청북도 단양군 단성면 북상하리길 113,395863,27027,,,,128.334939488849,36.9300346626694
MA0101202410A0548565,삼마을꾸러기농장,,G2,소매,G221,기타 상품 소매,G22199,그 외 기타 상품 전문 소매업,G47859,그 외 기타 분류 안된 상품 전문 소매업,28,인천광역시,28110,중구,28110630,용유동,2811014900,을왕동,2811014900110260000,1,대지,1026,,인천광역시 중구 을왕동 1026,281103149020,인천광역시 중구 선녀바위로,74,82,2811014900200690007227882,,인천광역시 중구 선녀바위로 74-82,400420,22383,,,,126.380963098936,37.4367937723634
MA0101202410A0541554,금성농원,,G2,소매,G221,기타 상품 소매,G22199,그 외 기타 상품 전문 소매업,G47859,그 외 기타 분류 안된 상품 전문 소매업,44,충청남도,44710,금산군,44710250,금산읍,4471025022,금산읍,4471025022100160002,1,대지,16,2,충청남도 금산군 금산읍 중도리 16-2,447103257044,충청남도 금산군 금산읍 인삼약초로,42,,4471025022100160002020652,,충청남도 금산군 금산읍 인삼약초로 42,312806,32739,,1,,127.497692669771,36.1004566182124
MA0101202410A0485462,세종산양산삼,,G2,소매,G221,기타 상품 소매,G22199,그 외 기타 상품 전문 소매업,G47859,그 외 기타 분류 안된 상품 전문 소매업,43,충청북도,43113,청주시 흥덕구,43113250,오송읍,4311325028,오송읍,4311325028102310015,1,대지,231,15,충청북도 청주시 흥덕구 오송읍 오송리 231-15,431133014012,충청북도 청주시 흥덕구 오송읍 가로수로,149,5,4371040028002310015020565,,충청북도 청주시 흥덕구 오송읍 가로수로 149-5,361954,28168,,1,,127.321588637586,36.6092407869755
MA0101202410A0514972,약초사랑,,G2,소매,G221,기타 상품 소매,G22199,그 외 기타 상품 전문 소매업,G47859,그 외 기타 분류 안된 상품 전문 소매업,51,강원특별자치도,51110,춘천시,51110310,동면,5111031024,동면,5111031024101880000,1,대지,188,,강원특별자치도 춘천시 동면 감정리 188,511104454490,강원특별자치도 춘천시 동면 연산골길,123,,4211031024101880000049854,,강원특별자치도 춘천시 동면 연산골길 123,200851,24212,,1,,127.791004098589,37.8964102009925
MA0101202410A0480253,상신당,,G2,소매,G221,기타 상품 소매,G22199,그 외 기타 상품 전문 소매업,G47859,그 외 기타 분류 안된 상품 전문 소매업,30,대전광역시,30170,서구,30170630,둔산1동,3017011200,둔산동,3017011200114780000,1,대지,1478,,대전광역시 서구 둔산동 1478,301704298320,대전광역시 서구 둔산로137번길,35,,3017011200114780000020618,,대전광역시 서구 둔산로137번길 35,302831,35240,,,,127.389024390697,36.3529314693959
MA0101202410A0504913,서대영산,,G2,소매,G221,기타 상품 소매,G22199,그 외 기타 상품 전문 소매업,G47859,그 외 기타 분류 안된 상품 전문 소매업,44,충청남도,44710,금산군,44710390,추부면,4471039030,추부면,4471039030100300000,1,대지,30,,충청남도 금산군 추부면 서대리 30,447104571318,충청남도 금산군 추부면 서대동기길,120,,4471039030100300000041583,,충청남도 금산군 추부면 서대동기길 120,312944,32710,,,,127.528090195964,36.2186177546622
MA0101202410A0511043,초근목피,,G2,소매,G221,기타 상품 소매,G22199,그 외 기타 상품 전문 소매업,G47859,그 외 기타 분류 안된 상품 전문 소매업,43,충청북도,43150,제천시,43150560,용두동,4315012400,왕암동,4315012400105870004,1,대지,587,4,충청북도 제천시 왕암동 587-4,431503239076,충청북도 제천시 한방엑스포로,18,,4315012400105870004000001,,충청북도 제천시 한방엑스포로 18,390250,27116,,,,128.159445516641,37.1455918493198
MA0101202410A0517200,100세약초,,G2,소매,G221,기타 상품 소매,G22199,그 외 기타 상품 전문 소매업,G47859,그 외 기타 분류 안된 상품 전문 소매업,51,강원특별자치도,51810,인제군,51810320,북면,5181032023,북면,5181032023109220001,1,대지,922,1,강원특별자치도 인제군 북면 한계리 922-1,518103000146,강원특별자치도 인제군 북면 설악로,3393,,4281032023109220001000001,,강원특별자치도 인제군 북면 설악로 3393,252827,24607,,,,128.25955156992,38.1366818797999
MA0101202410A0546118,팔당산삼수목원,,G2,소매,G221,기타 상품 소매,G22199,그 외 기타 상품 전문 소매업,G47859,그 외 기타 분류 안된 상품 전문 소매업,41,경기도,41610,광주시,41610350,남종면,4161035023,남종면,4161035023200010001,2,산,1,1,경기도 광주시 남종면 이석리 산1-1,416103012076,경기도 광주시 남종면 태허정로,687,6,4161035023200010001000282,,경기도 광주시 남종면 태허정로 687-6,464887,12709,,,,127.283048882109,37.50823733597
MA0101202410A0482082,e금산인삼,,G2,소매,G221,기타 상품 소매,G22199,그 외 기타 상품 전문 소매업,G47859,그 외 기타 분류 안된 상품 전문 소매업,44,충청남도,44710,금산군,44710250,금산읍,4471025022,금산읍,4471025022100160002,1,대지,16,2,충청남도 금산군 금산읍 중도리 16-2,447103257044,충청남도 금산군 금산읍 인삼약초로,42,,4471025022100160002020652,,충청남도 금산군 금산읍 인삼약초로 42,312806,32739,,,,127.497692669771,36.1004566182124
MA0101202410A0500557,인삼불로초,,G2,소매,G221,기타 상품 소매,G22199,그 외 기타 상품 전문 소매업,G47859,그 외 기타 분류 안된 상품 전문 소매업,44,충청남도,44230,논산시,44230510,취암동,4423010100,화지동,4423010100100410234,1,대지,41,234,충청남도 논산시 화지동 41-234,442304565810,충청남도 논산시 중앙로500번길,24,,4423010100100410234041452,,충청남도 논산시 중앙로500번길 24,320802,32967,,,,127.08510295191,36.2079650141835
MA0101202410A0546232,고려약초,,G2,소매,G221,기타 상품 소매,G22199,그 외 기타 상품 전문 소매업,G47859,그 외 기타 분류 안된 상품 전문 소매업,30,대전광역시,30140,중구,30140605,문창동,3014010600,문창동,3014010600103650007,1,대지,365,7,대전광역시 중구 문창동 365-7,301404295354,대전광역시 중구 보문로20번길,3,,3014010600103650007030780,,대전광역시 중구 보문로20번길 3,301810,35030,,,,127.438319522522,36.3147131849678
MA0101202410A0566274,농업사랑팜,,G2,소매,G221,기타 상품 소매,G22199,그 외 기타 상품 전문 소매업,G47859,그 외 기타 분류 안된 상품 전문 소매업,41,경기도,41285,고양시 일산동구,41285600,고봉동,4128511300,성석동,4128511300110290004,1,대지,1029,4,경기도 고양시 일산동구 성석동 1029-4,412854379122,경기도 고양시 일산동구 성현로135번길,89,,4128511300110290004011213,,경기도 고양시 일산동구 성현로135번길 89,410570,10251,,,,126.798060980785,37.7117928403257
MA0101202410A0519398,수삼센터수매장39호,,G2,소매,G221,기타 상품 소매,G22199,그 외 기타 상품 전문 소매업,G47859,그 외 기타 분류 안된 상품 전문 소매업,44,충청남도,44710,금산군,44710250,금산읍,4471025022,금산읍,4471025022100240000,1,대지,24,,충청남도 금산군 금산읍 중도리 24,447103257044,충청남도 금산군 금산읍 인삼약초로,22,,4471025022100240000017439,금산수삼센터,충청남도 금산군 금산읍 인삼약초로 22,312806,32739,,,,127.495726755297,36.1004016831257
MA0101202410A0454390,석성왕겨,,G2,소매,G221,기타 상품 소매,G22199,그 외 기타 상품 전문 소매업,G47859,그 외 기타 분류 안된 상품 전문 소매업,44,충청남도,44760,부여군,44760440,석성면,4476044021,석성면,4476044021105150000,1,대지,515,,충청남도 부여군 석성면 석성리 515,447604577336,충청남도 부여군 석성면 석성로106번길,11,,4476044021105140002046654,,충청남도 부여군 석성면 석성로106번길 11,323951,33179,,,,126.992236565119,36.2234416090513
MA0101202410A0568259,지산육묘장,,G2,소매,G221,기타 상품 소매,G22199,그 외 기타 상품 전문 소매업,G47859,그 외 기타 분류 안된 상품 전문 소매업,44,충청남도,44230,논산시,44230510,취암동,4423010700,지산동,4423010700104900007,1,대지,490,7,충청남도 논산시 지산동 490-7,442304565814,충청남도 논산시 지산1길,9,23,4423010700104900007043388,,충청남도 논산시 지산1길 9-23,320804,32995,,,,127.117345542929,36.2039454188127
MA0101202410A0475706,장수건강쎈타,,G2,소매,G221,기타 상품 소매,G22199,그 외 기타 상품 전문 소매업,G47859,그 외 기타 분류 안된 상품 전문 소매업,44,충청남도,44180,보령시,44180515,대천1동,4418010100,대천동,4418010100102000003,1,대지,200,3,충청남도 보령시 대천동 200-3,441803252008,충청남도 보령시 대천로,8,,4418010100102000003016745,,충청남도 보령시 대천로 8,355933,33463,,,,126.596566768721,36.3493691119216
MA0101202410A0563054,행복인삼,,G2,소매,G221,기타 상품 소매,G22199,그 외 기타 상품 전문 소매업,G47859,그 외 기타 분류 안된 상품 전문 소매업,41,경기도,41360,남양주시,41360253,진접읍,4136025321,진접읍,4136025321105110000,1,대지,511,,경기도 남양주시 진접읍 장현리 511,413604391331,경기도 남양주시 진접읍 봉현로81번길,46,51,4136025321105110000000001,,경기도 남양주시 진접읍 봉현로81번길 46-51,472865,12007,,,,127.169542791408,37.7240160041565
MA0101202410A0532719,토종,,G2,소매,G221,기타 상품 소매,G22199,그 외 기타 상품 전문 소매업,G47859,그 외 기타 분류 안된 상품 전문 소매업,51,강원특별자치도,51810,인제군,51810320,북면,5181032024,북면,5181032024105460004,1,대지,546,4,강원특별자치도 인제군 북면 용대리 546-4,518103233010,강원특별자치도 인제군 북면 백담로,8,13,4281032024005460004014358,,강원특별자치도 인제군 북면 백담로 8-13,252821,24606,,,,128.342476263878,38.1966424151846
MA0101202410A0466487,우리수족관,,G2,소매,G221,기타 상품 소매,G22199,그 외 기타 상품 전문 소매업,G47859,그 외 기타 분류 안된 상품 전문 소매업,44,충청남도,44270,당진시,44270510,당진1동,4427010100,읍내동,4427010100102420003,1,대지,242,3,충청남도 당진시 읍내동 242-3,442703265015,충청남도 당진시 당진중앙1로,162,,4483025021102420003087264,,충청남도 당진시 당진중앙1로 162,343921,31770,,1,,126.632502958476,36.8962031911973
MA0101202410A0486120,금산하늘,,G2,소매,G221,기타 상품 소매,G22199,그 외 기타 상품 전문 소매업,G47859,그 외 기타 분류 안된 상품 전문 소매업,44,충청남도,44710,금산군,44710250,금산읍,4471025022,금산읍,4471025022100160002,1,대지,16,2,충청남도 금산군 금산읍 중도리 16-2,447103257044,충청남도 금산군 금산읍 인삼약초로,42,,4471025022100160002020652,,충청남도 금산군 금산읍 인삼약초로 42,312806,32739,,,,127.497692669771,36.1004566182124
MA0101202410A0494609,또와약초,,G2,소매,G221,기타 상품 소매,G22199,그 외 기타 상품 전문 소매업,G47859,그 외 기타 분류 안된 상품 전문 소매업,51,강원특별자치도,51150,강릉시,51150520,중앙동,5115010800,성남동,5115010800100920003,1,대지,92,3,강원특별자치도 강릉시 성남동 92-3,511504460910,강원특별자치도 강릉시 중앙시장3길,39,1,4215010800100920003000478,,강원특별자치도 강릉시 중앙시장3길 39-1,210050,25543,,1,,128.898647349306,37.7527275250092
MA0101202410A0518120,그리스도친환경,,G2,소매,G221,기타 상품 소매,G22199,그 외 기타 상품 전문 소매업,G47859,그 외 기타 분류 안된 상품 전문 소매업,30,대전광역시,30110,동구,30110665,성남동,3011011600,성남동,3011011600100520018,1,대지,52,18,대전광역시 동구 성남동 52-18,301103010014,대전광역시 동구 우암로,160,,3011011600100520018013817,,대전광역시 동구 우암로 160,300818,34592,,,,127.435587555473,36.340037220605
MA0101202410A0557746,약초상회,,G2,소매,G221,기타 상품 소매,G22199,그 외 기타 상품 전문 소매업,G47859,그 외 기타 분류 안된 상품 전문 소매업,51,강원특별자치도,51810,인제군,51810330,기린면,5181033022,기린면,5181033022113410000,1,대지,1341,,강원특별자치도 인제군 기린면 북리 1341,518103013018,강원특별자치도 인제군 기린면 내린천로,4500,,4281033022013410000004586,,강원특별자치도 인제군 기린면 내린천로 4500,252842,24654,,,,128.30647304667,37.9712300513589
MA0101202410A0557783,금공황기,,G2,소매,G221,기타 상품 소매,G22199,그 외 기타 상품 전문 소매업,G47859,그 외 기타 분류 안된 상품 전문 소매업,44,충청남도,44710,금산군,44710250,금산읍,4471025022,금산읍,4471025022100310000,1,대지,31,,충청남도 금산군 금산읍 중도리 31,447103257020,충청남도 금산군 금산읍 비단로,144,,4471025022100310000020628,,충청남도 금산군 금산읍 비단로 144,312806,32739,,,,127.495471179379,36.1003757039707
MA0101202410A0460936,청양왕겨,,G2,소매,G221,기타 상품 소매,G22199,그 외 기타 상품 전문 소매업,G47859,그 외 기타 분류 안된 상품 전문 소매업,44,충청남도,44790,청양군,44790390,비봉면,4479039022,비봉면,4479039022105960001,1,대지,596,1,충청남도 청양군 비봉면 신원리 596-1,447903261013,충청남도 청양군 비봉면 용천신원로,392,,4479039022105960001004522,,충청남도 청양군 비봉면 용천신원로 392,345882,33318,,,,126.782750271768,36.4826398956844
MA0101202410A0470849,천안고려인삼,,G2,소매,G221,기타 상품 소매,G22199,그 외 기타 상품 전문 소매업,G47859,그 외 기타 분류 안된 상품 전문 소매업,44,충청남도,44131,천안시 동남구,44131510,중앙동,4413110400,사직동,4413110400100490000,1,대지,49,,충청남도 천안시 동남구 사직동 49,441313249021,충청남도 천안시 동남구 사직로,25,2,4413110400100490000023999,,충청남도 천안시 동남구 사직로 25-2,330040,31129,,,,127.149067627058,36.8025125835285
MA0101202410A0488698,천일약초상회,,G2,소매,G221,기타 상품 소매,G22199,그 외 기타 상품 전문 소매업,G47859,그 외 기타 분류 안된 상품 전문 소매업,51,강원특별자치도,51810,인제군,51810320,북면,5181032021,북면,5181032021106570065,1,대지,657,65,강원특별자치도 인제군 북면 원통리 657-65,518104499140,강원특별자치도 인제군 북면 원통로177번길,8,1,4281032021006570065011487,,강원특별자치도 인제군 북면 원통로177번길 8-1,252822,24612,,,,128.203285087457,38.1234075377056
MA0101202410A0524661,금산용정인삼,,G2,소매,G221,기타 상품 소매,G22199,그 외 기타 상품 전문 소매업,G47859,그 외 기타 분류 안된 상품 전문 소매업,44,충청남도,44710,금산군,44710250,금산읍,4471025022,금산읍,4471025022105570011,1,대지,557,11,충청남도 금산군 금산읍 중도리 557-11,447103257044,충청남도 금산군 금산읍 인삼약초로,12,,4471025022105570011017026,,충청남도 금산군 금산읍 인삼약초로 12,312806,32747,,,,127.494427853834,36.1004611223823
MA0101202410A0454059,영창상회,,G2,소매,G221,기타 상품 소매,G22199,그 외 기타 상품 전문 소매업,G47859,그 외 기타 분류 안된 상품 전문 소매업,44,충청남도,44230,논산시,44230253,연무읍,4423025331,연무읍,4423025331100070020,1,대지,7,20,충청남도 논산시 연무읍 안심리 7-20,442304565612,충청남도 논산시 연무읍 연무로184번길,3,,4423025331100070020057012,,충청남도 논산시 연무읍 연무로184번길 3,320838,33007,,,,127.099238713881,36.1301888991932
MA0101202410A0479949,그곳에,,G2,소매,G221,기타 상품 소매,G22199,그 외 기타 상품 전문 소매업,G47859,그 외 기타 분류 안된 상품 전문 소매업,30,대전광역시,30140,중구,30140680,태평1동,3014011400,태평동,3014011400103330005,1,대지,333,5,대전광역시 중구 태평동 333-5,301404295503,대전광역시 중구 수침로75번길,26,3,3014011400103330005030029,,대전광역시 중구 수침로75번길 26-3,301843,34893,,,,127.398378598301,36.3259014154316
MA0101202410A0499466,금산수삼센터2호,,G2,소매,G221,기타 상품 소매,G22199,그 외 기타 상품 전문 소매업,G47859,그 외 기타 분류 안된 상품 전문 소매업,44,충청남도,44710,금산군,44710250,금산읍,4471025022,금산읍,4471025022100240000,1,대지,24,,충청남도 금산군 금산읍 중도리 24,447103257044,충청남도 금산군 금산읍 인삼약초로,24,,4471025022100240000017736,금산수삼센터,충청남도 금산군 금산읍 인삼약초로 24,312806,32739,,,,127.496358187934,36.1001557428811
MA0101202410A0558013,금산수삼센터46호,,G2,소매,G221,기타 상품 소매,G22199,그 외 기타 상품 전문 소매업,G47859,그 외 기타 분류 안된 상품 전문 소매업,44,충청남도,44710,금산군,44710250,금산읍,4471025022,금산읍,4471025022100240000,1,대지,24,,충청남도 금산군 금산읍 중도리 24,447103257044,충청남도 금산군 금산읍 인삼약초로,24,,4471025022100240000017736,,충청남도 금산군 금산읍 인삼약초로 24,312806,32739,,,,127.496358187934,36.1001557428811
MA0101202410A0479273,선사애견,,G2,소매,G221,기타 상품 소매,G22199,그 외 기타 상품 전문 소매업,G47859,그 외 기타 분류 안된 상품 전문 소매업,30,대전광역시,30170,서구,30170587,월평2동,3017011300,월평동,3017011300102310000,1,대지,231,,대전광역시 서구 월평동 231,301704298183,대전광역시 서구 대덕대로335번길,39,,3017011300102310000018611,,대전광역시 서구 대덕대로335번길 39,302847,35213,,1,,127.377106784254,36.3627834584647
MA0101202410A0522643,금산수삼센터70호,,G2,소매,G221,기타 상품 소매,G22199,그 외 기타 상품 전문 소매업,G47859,그 외 기타 분류 안된 상품 전문 소매업,44,충청남도,44710,금산군,44710250,금산읍,4471025022,금산읍,4471025022100240000,1,대지,24,,충청남도 금산군 금산읍 중도리 24,447103257044,충청남도 금산군 금산읍 인삼약초로,24,,4471025022100240000017736,금산인삼수삼센터,충청남도 금산군 금산읍 인삼약초로 24,312806,32739,,,,127.496358187934,36.1001557428811
MA0101202410A0535367,천하의곡괭이,,G2,소매,G221,기타 상품 소매,G22199,그 외 기타 상품 전문 소매업,G47859,그 외 기타 분류 안된 상품 전문 소매업,41,경기도,41461,용인시 처인구,41461256,이동읍,4146125628,이동읍,4146125628105030004,1,대지,503,4,경기도 용인시 처인구 이동읍 천리 503-4,414612012009,경기도 용인시 처인구 이동읍 백옥대로,848,,4146133028105030004003424,,경기도 용인시 처인구 이동읍 백옥대로 848,449833,17128,,,,127.209294360448,37.2111966449448
MA0101202410A0533470,등곡산약초농장,,G2,소매,G221,기타 상품 소매,G22199,그 외 기타 상품 전문 소매업,G47859,그 외 기타 분류 안된 상품 전문 소매업,43,충청북도,43150,제천시,43150350,한수면,4315035028,한수면,4315035028200340000,2,산,34,,충청북도 제천시 한수면 탄지리 산34,431504517739,충청북도 제천시 한수면 월악로3길,53,,4315035028102620002000002,,충청북도 제천시 한수면 월악로3길 53,390861,27221,,,,128.086718938896,36.9251767775395
MA0101202410A0560912,산양산삼,,G2,소매,G221,기타 상품 소매,G22199,그 외 기타 상품 전문 소매업,G47859,그 외 기타 분류 안된 상품 전문 소매업,44,충청남도,44131,천안시 동남구,44131510,중앙동,4413110500,영성동,4413110500101180005,1,대지,118,5,충청남도 천안시 동남구 영성동 118-5,441313249006,충청남도 천안시 동남구 대흥로,91,,4413110500101180005027830,,충청남도 천안시 동남구 대흥로 91,330050,31130,,,,127.152119857364,36.7990304273462
MA0101202410A0562663,금종인삼,,G2,소매,G221,기타 상품 소매,G22199,그 외 기타 상품 전문 소매업,G47859,그 외 기타 분류 안된 상품 전문 소매업,44,충청남도,44710,금산군,44710250,금산읍,4471025021,금산읍,4471025021106770001,1,대지,677,1,충청남도 금산군 금산읍 신대리 677-1,447103257044,충청남도 금산군 금산읍 인삼약초로,48,8,4471025021106770001000001,,충청남도 금산군 금산읍 인삼약초로 48-8,312804,32739,,,,127.498991853197,36.1004422028023
MA0101202410A0468892,매표소,,G2,소매,G221,기타 상품 소매,G22199,그 외 기타 상품 전문 소매업,G47859,그 외 기타 분류 안된 상품 전문 소매업,44,충청남도,44133,천안시 서북구,44133510,성정1동,4413310200,성정동,4413310200107270002,1,대지,727,2,충청남도 천안시 서북구 성정동 727-2,441333250054,충청남도 천안시 서북구 성정로,82,,4413310200107270002054091,,충청남도 천안시 서북구 성정로 82,331969,31146,,,,127.139181897174,36.8135541595546
MA0101202410A0590193,명성DRK,,G2,소매,G221,기타 상품 소매,G22199,그 외 기타 상품 전문 소매업,G47859,그 외 기타 분류 안된 상품 전문 소매업,41,경기도,41500,이천시,41500250,장호원읍,4150025023,장호원읍,4150025023100350008,1,대지,35,8,경기도 이천시 장호원읍 진암리 35-8,415003000128,경기도 이천시 장호원읍 장감로,33,,4150025023100350008021472,,경기도 이천시 장호원읍 장감로 33,467904,17419,,,,127.626398452574,37.1163592371557
MA0101202410A0654306,서대산농장,,G2,소매,G221,기타 상품 소매,G22199,그 외 기타 상품 전문 소매업,G47859,그 외 기타 분류 안된 상품 전문 소매업,44,충청남도,44710,금산군,44710390,추부면,4471039030,추부면,4471039030104730006,1,대지,473,6,충청남도 금산군 추부면 서대리 473-6,447104571317,충청남도 금산군 추부면 서대동기1길,103,,4471039030104730006041733,,충청남도 금산군 추부면 서대동기1길 103,312944,32710,,,,127.522507526309,36.2236889195629
MA0101202410A0613935,영동인삼사,,G2,소매,G221,기타 상품 소매,G22199,그 외 기타 상품 전문 소매업,G47859,그 외 기타 분류 안된 상품 전문 소매업,43,충청북도,43740,영동군,43740250,영동읍,4374025021,영동읍,4374025021102050083,1,대지,205,83,충청북도 영동군 영동읍 계산리 205-83,437403243002,충청북도 영동군 영동읍 계산로,77,3,4374025021102050115014305,,충청북도 영동군 영동읍 계산로 77-3,370802,29144,,,,127.785232140505,36.1720486257174
MA0101202410A0635090,산이랑약초,,G2,소매,G221,기타 상품 소매,G22199,그 외 기타 상품 전문 소매업,G47859,그 외 기타 분류 안된 상품 전문 소매업,44,충청남도,44133,천안시 서북구,44133310,입장면,4413331021,입장면,4413331021100490035,1,대지,49,35,충청남도 천안시 서북구 입장면 하장리 49-35,441334550632,충청남도 천안시 서북구 입장면 하장4길,11,1,4413331021100490035000002,,충청남도 천안시 서북구 입장면 하장4길 11-1,331827,31055,,,,127.22090245232,36.9141284984883
MA0101202410A0680651,태혁인삼사,,G2,소매,G221,기타 상품 소매,G22199,그 외 기타 상품 전문 소매업,G47859,그 외 기타 분류 안된 상품 전문 소매업,44,충청남도,44710,금산군,44710250,금산읍,4471025021,금산읍,4471025021106770001,1,대지,677,1,충청남도 금산군 금산읍 신대리 677-1,447103257044,충청남도 금산군 금산읍 인삼약초로,48,8,4471025021106770001000001,,충청남도 금산군 금산읍 인삼약초로 48-8,312804,32739,,,,127.498991853197,36.1004422028023
MA0101202410A0609955,금산수삼센터소매90호,,G2,소매,G221,기타 상품 소매,G22199,그 외 기타 상품 전문 소매업,G47859,그 외 기타 분류 안된 상품 전문 소매업,44,충청남도,44710,금산군,44710250,금산읍,4471025022,금산읍,4471025022100240000,1,대지,24,,충청남도 금산군 금산읍 중도리 24,447103257044,충청남도 금산군 금산읍 인삼약초로,22,,4471025022100240000017439,수삼센터,충청남도 금산군 금산읍 인삼약초로 22,312806,32739,,,,127.495726755297,36.1004016831257
MA0101202410A0669367,여곡농장,,G2,소매,G221,기타 상품 소매,G22199,그 외 기타 상품 전문 소매업,G47859,그 외 기타 분류 안된 상품 전문 소매업,51,강원특별자치도,51170,동해시,51170530,북삼동,5117010600,효가동,5117010600101280008,1,대지,128,8,강원특별자치도 동해시 효가동 128-8,511703221043,강원특별자치도 동해시 효자로,714,,4217010600001280008008801,,강원특별자치도 동해시 효자로 714,240160,25811,,1,,129.112269545232,37.4921474295545
MA0101202410A0675899,금산인삼약초,,G2,소매,G221,기타 상품 소매,G22199,그 외 기타 상품 전문 소매업,G47859,그 외 기타 분류 안된 상품 전문 소매업,30,대전광역시,30170,서구,30170520,도마1동,3017010300,도마동,3017010300101340024,1,대지,134,24,대전광역시 서구 도마동 134-24,301704298227,대전광역시 서구 도마시장1길,39,,3017010300101340024025785,,대전광역시 서구 도마시장1길 39,302820,35332,,,,127.382659277506,36.3157243877707
MA0101202410A0699698,수삼센타,,G2,소매,G221,기타 상품 소매,G22199,그 외 기타 상품 전문 소매업,G47859,그 외 기타 분류 안된 상품 전문 소매업,44,충청남도,44710,금산군,44710250,금산읍,4471025022,금산읍,4471025022100240000,1,대지,24,,충청남도 금산군 금산읍 중도리 24,447103257044,충청남도 금산군 금산읍 인삼약초로,24,,4471025022100240000017736,,충청남도 금산군 금산읍 인삼약초로 24,312806,32739,,,,127.496358187934,36.1001557428811
MA0101202410A0616786,허준인삼,,G2,소매,G221,기타 상품 소매,G22199,그 외 기타 상품 전문 소매업,G47859,그 외 기타 분류 안된 상품 전문 소매업,44,충청남도,44710,금산군,44710250,금산읍,4471025022,금산읍,4471025022100160002,1,대지,16,2,충청남도 금산군 금산읍 중도리 16-2,447103257044,충청남도 금산군 금산읍 인삼약초로,42,,4471025022100160002020652,농협수삼판매장,충청남도 금산군 금산읍 인삼약초로 42,312806,32739,,,,127.497692669771,36.1004566182124
MA0101202410A0585187,인삼호랑이171,,G2,소매,G221,기타 상품 소매,G22199,그 외 기타 상품 전문 소매업,G47859,그 외 기타 분류 안된 상품 전문 소매업,44,충청남도,44710,금산군,44710250,금산읍,4471025022,금산읍,4471025022100160002,1,대지,16,2,충청남도 금산군 금산읍 중도리 16-2,447103257044,충청남도 금산군 금산읍 인삼약초로,42,,4471025022100160002020652,,충청남도 금산군 금산읍 인삼약초로 42,312806,32739,,,,127.497692669771,36.1004566182124
MA0101202410A0661586,으뜸유전자연구소,,G2,소매,G221,기타 상품 소매,G22199,그 외 기타 상품 전문 소매업,G47859,그 외 기타 분류 안된 상품 전문 소매업,41,경기도,41500,이천시,41500250,장호원읍,4150025032,장호원읍,4150025032105570003,1,대지,557,3,경기도 이천시 장호원읍 풍계리 557-3,415004421645,경기도 이천시 장호원읍 이풍로485번길,139,49,4150025032105570001061700,,경기도 이천시 장호원읍 이풍로485번길 139-49,467902,17414,,,,127.616300941439,37.1573737661577
MA0101202410A0694673,수삼센터89호,,G2,소매,G221,기타 상품 소매,G22199,그 외 기타 상품 전문 소매업,G47859,그 외 기타 분류 안된 상품 전문 소매업,44,충청남도,44710,금산군,44710250,금산읍,4471025022,금산읍,4471025022100240000,1,대지,24,,충청남도 금산군 금산읍 중도리 24,447103257044,충청남도 금산군 금산읍 인삼약초로,24,,4471025022100240000017736,,충청남도 금산군 금산읍 인삼약초로 24,312806,32739,,,,127.496358187934,36.1001557428811
MA0101202410A0651359,대지약초,,G2,소매,G221,기타 상품 소매,G22199,그 외 기타 상품 전문 소매업,G47859,그 외 기타 분류 안된 상품 전문 소매업,51,강원특별자치도,51770,정선군,51770250,정선읍,5177025021,정선읍,5177025021103460004,1,대지,346,4,강원특별자치도 정선군 정선읍 봉양리 346-4,517704487001,강원특별자치도 정선군 정선읍 5일장길,41,6,4277025021103460004009237,,강원특별자치도 정선군 정선읍 5일장길 41-6,233804,26130,,1,,128.665064887728,37.380973364336
MA0101202410A0681606,산삼고을,,G2,소매,G221,기타 상품 소매,G22199,그 외 기타 상품 전문 소매업,G47859,그 외 기타 분류 안된 상품 전문 소매업,51,강원특별자치도,51770,정선군,51770320,남면,5177032025,남면,5177032025103210004,1,대지,321,4,강원특별자치도 정선군 남면 광덕리 321-4,517704487345,강원특별자치도 정선군 남면 채운길,132,,4277032025103210001000001,,강원특별자치도 정선군 남면 채운길 132,233831,26143,,,,128.684761999815,37.2909169224582
MA0101202410A0683034,서대산추모공원대전사무소,,G2,소매,G221,기타 상품 소매,G22199,그 외 기타 상품 전문 소매업,G47859,그 외 기타 분류 안된 상품 전문 소매업,30,대전광역시,30140,중구,30140575,대흥동,3014010500,대흥동,3014010500105080067,1,대지,508,67,대전광역시 중구 대흥동 508-67,301403010006,대전광역시 중구 대흥로,81,1,3014010500105080067020459,,대전광역시 중구 대흥로 81-1,301805,34941,,,,127.421952323297,36.3232792005935
MA0101202410A0608435,수삼센타48호,,G2,소매,G221,기타 상품 소매,G22199,그 외 기타 상품 전문 소매업,G47859,그 외 기타 분류 안된 상품 전문 소매업,44,충청남도,44710,금산군,44710250,금산읍,4471025022,금산읍,4471025022100240000,1,대지,24,,충청남도 금산군 금산읍 중도리 24,447103257044,충청남도 금산군 금산읍 인삼약초로,24,,4471025022100240000017736,금산인삼수삼센터,충청남도 금산군 금산읍 인삼약초로 24,312806,32739,,,,127.496358187934,36.1001557428811
MA0101202410A0642732,하늘약초,,G2,소매,G221,기타 상품 소매,G22199,그 외 기타 상품 전문 소매업,G47859,그 외 기타 분류 안된 상품 전문 소매업,41,경기도,41480,파주시,41480320,탄현면,4148032027,탄현면,4148032027105020006,1,대지,502,6,경기도 파주시 탄현면 축현리 502-6,414803206035,경기도 파주시 탄현면 방촌로,658,,4148032027105020008026225,,경기도 파주시 탄현면 방촌로 658,413843,10858,,,,126.718544771217,37.8027443269633
MA0101202410A0686340,금산수삼센터56호,,G2,소매,G221,기타 상품 소매,G22199,그 외 기타 상품 전문 소매업,G47859,그 외 기타 분류 안된 상품 전문 소매업,44,충청남도,44710,금산군,44710250,금산읍,4471025022,금산읍,4471025022100240000,1,대지,24,,충청남도 금산군 금산읍 중도리 24,447103257044,충청남도 금산군 금산읍 인삼약초로,24,,4471025022100240000017736,금산인삼수삼센터,충청남도 금산군 금산읍 인삼약초로 24,312806,32739,,,,127.496358187934,36.1001557428811
MA0101202410A0587670,대왕산삼,,G2,소매,G221,기타 상품 소매,G22199,그 외 기타 상품 전문 소매업,G47859,그 외 기타 분류 안된 상품 전문 소매업,44,충청남도,44710,금산군,44710390,추부면,4471039029,추부면,4471039029102120003,1,대지,212,3,충청남도 금산군 추부면 성당리 212-3,447103257029,충청남도 금산군 추부면 성당로,248,,4471039029102120003041911,,충청남도 금산군 추부면 성당로 248,312944,32710,,,,127.531041979431,36.2357452830348
MA0101202410A0598196,장수임산물,,G2,소매,G221,기타 상품 소매,G22199,그 외 기타 상품 전문 소매업,G47859,그 외 기타 분류 안된 상품 전문 소매업,51,강원특별자치도,51820,고성군,51820250,간성읍,5182025037,간성읍,5182025037100320050,1,대지,32,50,강원특별자치도 고성군 간성읍 흘리 32-50,518203013059,강원특별자치도 고성군 간성읍 진부령로,647,,4282025037100320051013627,,강원특별자치도 고성군 간성읍 진부령로 647,219804,24742,,,,128.358920191349,38.2638626311247
MA0101202410A0604378,홍천심마니,,G2,소매,G221,기타 상품 소매,G22199,그 외 기타 상품 전문 소매업,G47859,그 외 기타 분류 안된 상품 전문 소매업,51,강원특별자치도,51720,홍천군,51720250,홍천읍,5172025022,홍천읍,5172025022100120057,1,대지,12,57,강원특별자치도 홍천군 홍천읍 신장대리 12-57,517204475644,강원특별자치도 홍천군 홍천읍 홍천로7길,11,,4272025022100120004034774,,강원특별자치도 홍천군 홍천읍 홍천로7길 11,250805,25137,,,,127.885654169069,37.6902780327764
MA0101202410A0688577,경남화랑,,G2,소매,G221,기타 상품 소매,G22199,그 외 기타 상품 전문 소매업,G47859,그 외 기타 분류 안된 상품 전문 소매업,11,서울특별시,11110,종로구,11110615,종로1.2.3.4가동,1111012800,관훈동,1111012800100380000,1,대지,38,,서울특별시 종로구 관훈동 38,111104100259,서울특별시 종로구 인사동길,44,,1111012800100380000016484,,서울특별시 종로구 인사동길 44,110300,03146,,,,126.984876236889,37.5742583754884
MA0101202410A0621561,오대산을뒤뜰삼아,,G2,소매,G221,기타 상품 소매,G22199,그 외 기타 상품 전문 소매업,G47859,그 외 기타 분류 안된 상품 전문 소매업,51,강원특별자치도,51150,강릉시,51150370,연곡면,5115037028,연곡면,5115037028111820001,1,대지,1182,1,강원특별자치도 강릉시 연곡면 삼산리 1182-1,511503220059,강원특별자치도 강릉시 연곡면 진고개로,701,,4215037028111820001000001,,강원특별자치도 강릉시 연곡면 진고개로 701,210863,25400,,,,128.63311574379,37.8212095060613
MA0101202410A0647445,금산수삼센터34호,,G2,소매,G221,기타 상품 소매,G22199,그 외 기타 상품 전문 소매업,G47859,그 외 기타 분류 안된 상품 전문 소매업,44,충청남도,44710,금산군,44710250,금산읍,4471025022,금산읍,4471025022100240000,1,대지,24,,충청남도 금산군 금산읍 중도리 24,447103257044,충청남도 금산군 금산읍 인삼약초로,24,,4471025022100240000017736,금산수삼센터,충청남도 금산군 금산읍 인삼약초로 24,312806,32739,,1,,127.496358187934,36.1001557428811
MA0101202410A0691765,금산순이네인삼,,G2,소매,G221,기타 상품 소매,G22199,그 외 기타 상품 전문 소매업,G47859,그 외 기타 분류 안된 상품 전문 소매업,44,충청남도,44710,금산군,44710250,금산읍,4471025021,금산읍,4471025021106770001,1,대지,677,1,충청남도 금산군 금산읍 신대리 677-1,447103257044,충청남도 금산군 금산읍 인삼약초로,48,8,4471025021106770001000001,,충청남도 금산군 금산읍 인삼약초로 48-8,312804,32739,,,,127.498991853197,36.1004422028023
MA0101202410A0691857,금산수삼시장40호,,G2,소매,G221,기타 상품 소매,G22199,그 외 기타 상품 전문 소매업,G47859,그 외 기타 분류 안된 상품 전문 소매업,44,충청남도,44710,금산군,44710250,금산읍,4471025021,금산읍,4471025021106770001,1,대지,677,1,충청남도 금산군 금산읍 신대리 677-1,447103257044,충청남도 금산군 금산읍 인삼약초로,48,8,4471025021106770001000001,금산수삼시장,충청남도 금산군 금산읍 인삼약초로 48-8,312804,32739,,,,127.498991853197,36.1004422028023
MA0101202410A0584025,금산인삼169호,,G2,소매,G221,기타 상품 소매,G22199,그 외 기타 상품 전문 소매업,G47859,그 외 기타 분류 안된 상품 전문 소매업,44,충청남도,44710,금산군,44710250,금산읍,4471025022,금산읍,4471025022100160002,1,대지,16,2,충청남도 금산군 금산읍 중도리 16-2,447103257044,충청남도 금산군 금산읍 인삼약초로,42,,4471025022100160002020652,,충청남도 금산군 금산읍 인삼약초로 42,312806,32739,,,,127.497692669771,36.1004566182124
MA0101202410A0585919,종대인삼,,G2,소매,G221,기타 상품 소매,G22199,그 외 기타 상품 전문 소매업,G47859,그 외 기타 분류 안된 상품 전문 소매업,44,충청남도,44710,금산군,44710250,금산읍,4471025021,금산읍,4471025021106770001,1,대지,677,1,충청남도 금산군 금산읍 신대리 677-1,447103257044,충청남도 금산군 금산읍 인삼약초로,48,8,4471025021106770001000001,,충청남도 금산군 금산읍 인삼약초로 48-8,312804,32739,,,,127.498991853197,36.1004422028023
MA0101202410A0592142,금산수삼시장37호,,G2,소매,G221,기타 상품 소매,G22199,그 외 기타 상품 전문 소매업,G47859,그 외 기타 분류 안된 상품 전문 소매업,44,충청남도,44710,금산군,44710250,금산읍,4471025021,금산읍,4471025021106770001,1,대지,677,1,충청남도 금산군 금산읍 신대리 677-1,447103257044,충청남도 금산군 금산읍 인삼약초로,48,8,4471025021106770001000001,금산수삼시장,충청남도 금산군 금산읍 인삼약초로 48-8,312804,32739,,,,127.498991853197,36.1004422028023
MA0101202410A0672326,서대산추모공원한국불교태고종일불사,,G2,소매,G221,기타 상품 소매,G22199,그 외 기타 상품 전문 소매업,G47859,그 외 기타 분류 안된 상품 전문 소매업,44,충청남도,44710,금산군,44710390,추부면,4471039030,추부면,4471039030100290006,1,대지,29,6,충청남도 금산군 추부면 서대리 29-6,447104571318,충청남도 금산군 추부면 서대동기길,100,,4471039030100290006041585,,충청남도 금산군 추부면 서대동기길 100,312944,32710,,1,,127.526638454492,36.2177319750467
MA0101202410A0615528,만물약초상회,,G2,소매,G221,기타 상품 소매,G22199,그 외 기타 상품 전문 소매업,G47859,그 외 기타 분류 안된 상품 전문 소매업,51,강원특별자치도,51730,횡성군,51730250,횡성읍,5173025021,횡성읍,5173025021102880020,1,대지,288,20,강원특별자치도 횡성군 횡성읍 읍상리 288-20,517303226065,강원특별자치도 횡성군 횡성읍 읍상서로,16,1,4273025021102880020022462,,강원특별자치도 횡성군 횡성읍 읍상서로 16-1,225807,25232,,,,127.987983274039,37.4905516108021
MA0101202410A0783476,금산수삼센타56호,,G2,소매,G221,기타 상품 소매,G22199,그 외 기타 상품 전문 소매업,G47859,그 외 기타 분류 안된 상품 전문 소매업,44,충청남도,44710,금산군,44710250,금산읍,4471025022,금산읍,4471025022100240000,1,대지,24,,충청남도 금산군 금산읍 중도리 24,447103257044,충청남도 금산군 금산읍 인삼약초로,24,,4471025022100240000017736,금산인삼수삼센터,충청남도 금산군 금산읍 인삼약초로 24,312806,32739,,,,127.496358187934,36.1001557428811
MA0101202410A0810433,아름답고건강한삼,,G2,소매,G221,기타 상품 소매,G22199,그 외 기타 상품 전문 소매업,G47859,그 외 기타 분류 안된 상품 전문 소매업,44,충청남도,44710,금산군,44710250,금산읍,4471025021,금산읍,4471025021106770001,1,대지,677,1,충청남도 금산군 금산읍 신대리 677-1,447103257044,충청남도 금산군 금산읍 인삼약초로,48,8,4471025021106770001000001,,충청남도 금산군 금산읍 인삼약초로 48-8,312804,32739,,1,,127.498991853197,36.1004422028023
MA0101202410A0706978,365매점,,G2,소매,G221,기타 상품 소매,G22199,그 외 기타 상품 전문 소매업,G47859,그 외 기타 분류 안된 상품 전문 소매업,41,경기도,41390,시흥시,41390510,대야동,4139010100,대야동,4139010100104900005,1,대지,490,5,경기도 시흥시 대야동 490-5,413903199011,경기도 시흥시 대야로,4,,4139010100104900000022731,,경기도 시흥시 대야로 4,429811,14909,,,,126.78899617573,37.4441731503972
MA0101202410A0723895,약초상회,,G2,소매,G221,기타 상품 소매,G22199,그 외 기타 상품 전문 소매업,G47859,그 외 기타 분류 안된 상품 전문 소매업,41,경기도,41500,이천시,41500250,장호원읍,4150025021,장호원읍,4150025021100490006,1,대지,49,6,경기도 이천시 장호원읍 장호원리 49-6,415003207050,경기도 이천시 장호원읍 장터로,62,,4150025021100490006021540,,경기도 이천시 장호원읍 장터로 62,467902,17420,,,,127.63152343131,37.1156742826068
MA0101202410A0800591,금산수삼시장18호,,G2,소매,G221,기타 상품 소매,G22199,그 외 기타 상품 전문 소매업,G47859,그 외 기타 분류 안된 상품 전문 소매업,44,충청남도,44710,금산군,44710250,금산읍,4471025021,금산읍,4471025021106770001,1,대지,677,1,충청남도 금산군 금산읍 신대리 677-1,447103257044,충청남도 금산군 금산읍 인삼약초로,48,8,4471025021106770001000001,금산수삼시장,충청남도 금산군 금산읍 인삼약초로 48-8,312804,32739,,,,127.498991853197,36.1004422028023
MA0101202410A0817080,경도인삼,,G2,소매,G221,기타 상품 소매,G22199,그 외 기타 상품 전문 소매업,G47859,그 외 기타 분류 안된 상품 전문 소매업,11,서울특별시,11230,동대문구,11230545,제기동,1123010300,제기동,1123010300110190000,1,대지,1019,,서울특별시 동대문구 제기동 1019,112304115033,서울특별시 동대문구 고산자로36길,3,,1123010300110190000034389,본관,서울특별시 동대문구 고산자로36길 3,130865,02571,,2,,127.039147690267,37.5790371332837
MA0101202410A0732827,금산수삼센터판매장14호,,G2,소매,G221,기타 상품 소매,G22199,그 외 기타 상품 전문 소매업,G47859,그 외 기타 분류 안된 상품 전문 소매업,44,충청남도,44710,금산군,44710250,금산읍,4471025022,금산읍,4471025022100240000,1,대지,24,,충청남도 금산군 금산읍 중도리 24,447103257044,충청남도 금산군 금산읍 인삼약초로,24,,4471025022100240000017736,,충청남도 금산군 금산읍 인삼약초로 24,312806,32739,,,,127.496358187934,36.1001557428811
MA0101202410A0809651,논산왕겨,,G2,소매,G221,기타 상품 소매,G22199,그 외 기타 상품 전문 소매업,G47859,그 외 기타 분류 안된 상품 전문 소매업,44,충청남도,44230,논산시,44230410,은진면,4423041027,은진면,4423041027101810002,1,대지,181,2,충청남도 논산시 은진면 와야리 181-2,442304565665,충청남도 논산시 은진면 와야2길,19,,4423041027101810002019942,,충청남도 논산시 은진면 와야2길 19,320821,32998,,,,127.115467041251,36.181714539194
MA0101202410A0801109,백운상회,,G2,소매,G221,기타 상품 소매,G22199,그 외 기타 상품 전문 소매업,G47859,그 외 기타 분류 안된 상품 전문 소매업,43,충청북도,43150,제천시,43150360,백운면,4315036029,백운면,4315036029101480012,1,대지,148,12,충청북도 제천시 백운면 원월리 148-12,431503014007,충청북도 제천시 백운면 천등박달로,1221,,4315036029101480012000001,,충청북도 제천시 백운면 천등박달로 1221,390883,27104,,,,128.014761302249,37.1324305554494
MA0101202410A0808693,조선약초,,G2,소매,G221,기타 상품 소매,G22199,그 외 기타 상품 전문 소매업,G47859,그 외 기타 분류 안된 상품 전문 소매업,44,충청남도,44710,금산군,44710250,금산읍,4471025022,금산읍,4471025022100320002,1,대지,32,2,충청남도 금산군 금산읍 중도리 32-2,447103257020,충청남도 금산군 금산읍 비단로,147,,4471025022100320002017732,,충청남도 금산군 금산읍 비단로 147,312806,32747,,,,127.495107497616,36.1008187993033
MA0101202410A0831541,강원산약초산나물,,G2,소매,G221,기타 상품 소매,G22199,그 외 기타 상품 전문 소매업,G47859,그 외 기타 분류 안된 상품 전문 소매업,51,강원특별자치도,51770,정선군,51770250,정선읍,5177025021,정선읍,5177025021103490018,1,대지,349,18,강원특별자치도 정선군 정선읍 봉양리 349-18,517704487147,강원특별자치도 정선군 정선읍 봉양7길,43,,4277025021103490018009356,,강원특별자치도 정선군 정선읍 봉양7길 43,233804,26130,,,,128.665359457299,37.3805097445653
MA0101202410A0743685,금산수삼센타12호,,G2,소매,G221,기타 상품 소매,G22199,그 외 기타 상품 전문 소매업,G47859,그 외 기타 분류 안된 상품 전문 소매업,44,충청남도,44710,금산군,44710250,금산읍,4471025022,금산읍,4471025022100240000,1,대지,24,,충청남도 금산군 금산읍 중도리 24,447103257044,충청남도 금산군 금산읍 인삼약초로,24,,4471025022100240000017736,금산수삼센터,충청남도 금산군 금산읍 인삼약초로 24,312806,32739,,,,127.496358187934,36.1001557428811
MA0101202410A0811282,생기방,,G2,소매,G221,기타 상품 소매,G22199,그 외 기타 상품 전문 소매업,G47859,그 외 기타 분류 안된 상품 전문 소매업,51,강원특별자치도,51190,태백시,51190540,상장동,5119010100,황지동,5119010100100870018,1,대지,87,18,강원특별자치도 태백시 황지동 87-18,511903222013,강원특별자치도 태백시 황지로,37,,4219010100100870018001221,,강원특별자치도 태백시 황지로 37,235800,26022,,,,128.990641232176,37.1621663382311
MA0101202410A0762235,금산수삼센터73호,,G2,소매,G221,기타 상품 소매,G22199,그 외 기타 상품 전문 소매업,G47859,그 외 기타 분류 안된 상품 전문 소매업,44,충청남도,44710,금산군,44710250,금산읍,4471025022,금산읍,4471025022100240000,1,대지,24,,충청남도 금산군 금산읍 중도리 24,447103257044,충청남도 금산군 금산읍 인삼약초로,24,,4471025022100240000017736,금산인삼수삼센터,충청남도 금산군 금산읍 인삼약초로 24,312806,32739,,,,127.496358187934,36.1001557428811
MA0101202410A0729040,이바다낚시,,G2,소매,G221,기타 상품 소매,G22199,그 외 기타 상품 전문 소매업,G47859,그 외 기타 분류 안된 상품 전문 소매업,44,충청남도,44180,보령시,44180320,오천면,4418032023,오천면,4418032023102080029,1,대지,208,29,충청남도 보령시 오천면 교성리 208-29,441803252012,충청남도 보령시 오천면 도미항로,385,25,4418032023102080029008142,,충청남도 보령시 오천면 도미항로 385-25,355841,33418,,2,,126.555116978133,36.4486115255631
MA0101202410A0764552,약초꾼,,G2,소매,G221,기타 상품 소매,G22199,그 외 기타 상품 전문 소매업,G47859,그 외 기타 분류 안된 상품 전문 소매업,43,충청북도,43800,단양군,43800310,대강면,4380031023,대강면,4380031023101520025,1,대지,152,25,충청북도 단양군 대강면 당동리 152-25,438004544076,충청북도 단양군 대강면 당동3길,1,,4380031023101520025002545,,충청북도 단양군 대강면 당동3길 1,395811,27027,,,,128.363361668926,36.921476435807
MA0101202410A0766592,대동약초나라,,G2,소매,G221,기타 상품 소매,G22199,그 외 기타 상품 전문 소매업,G47859,그 외 기타 분류 안된 상품 전문 소매업,30,대전광역시,30170,서구,30170560,괴정동,3017010800,괴정동,3017010800100890052,1,대지,89,52,대전광역시 서구 괴정동 89-52,301704298024,대전광역시 서구 갈마로261번길,35,,3017010800100890052011054,,대전광역시 서구 갈마로261번길 35,302815,35294,,1,,127.383818845211,36.3341948332326
MA0101202410A0810305,금산수삼센타86호,,G2,소매,G221,기타 상품 소매,G22199,그 외 기타 상품 전문 소매업,G47859,그 외 기타 분류 안된 상품 전문 소매업,44,충청남도,44710,금산군,44710250,금산읍,4471025022,금산읍,4471025022100240000,1,대지,24,,충청남도 금산군 금산읍 중도리 24,447103257044,충청남도 금산군 금산읍 인삼약초로,24,,4471025022100240000017736,수삼센터,충청남도 금산군 금산읍 인삼약초로 24,312806,32739,,,,127.496358187934,36.1001557428811
MA0101202410A0833986,강원산양삼,,G2,소매,G221,기타 상품 소매,G22199,그 외 기타 상품 전문 소매업,G47859,그 외 기타 분류 안된 상품 전문 소매업,51,강원특별자치도,51110,춘천시,51110250,신북읍,5111025026,신북읍,5111025026108060000,1,대지,806,,강원특별자치도 춘천시 신북읍 지내리 806,511104454402,강원특별자치도 춘천시 신북읍 성문길,97,17,4211025026108060000042468,,강원특별자치도 춘천시 신북읍 성문길 97-17,200822,24202,,,,127.722099449,37.957232945698
MA0101202410A0786471,금산수삼센터1호,,G2,소매,G221,기타 상품 소매,G22199,그 외 기타 상품 전문 소매업,G47859,그 외 기타 분류 안된 상품 전문 소매업,44,충청남도,44710,금산군,44710250,금산읍,4471025022,금산읍,4471025022100240000,1,대지,24,,충청남도 금산군 금산읍 중도리 24,447103257044,충청남도 금산군 금산읍 인삼약초로,24,,4471025022100240000017736,,충청남도 금산군 금산읍 인삼약초로 24,312806,32739,,,,127.496358187934,36.1001557428811
MA0101202410A0716721,오약초가게,,G2,소매,G221,기타 상품 소매,G22199,그 외 기타 상품 전문 소매업,G47859,그 외 기타 분류 안된 상품 전문 소매업,11,서울특별시,11560,영등포구,11560535,영등포동,1156010600,영등포동5가,1156010600100200062,1,대지,20,62,서울특별시 영등포구 영등포동5가 20-62,115603118022,서울특별시 영등포구 영등포로,219,,1156010600100200062033898,내제,서울특별시 영등포구 영등포로 219,150030,07250,,,,126.905759725524,37.5201437930117
MA0101202410A0735683,농협수삼판매장121호,,G2,소매,G221,기타 상품 소매,G22199,그 외 기타 상품 전문 소매업,G47859,그 외 기타 분류 안된 상품 전문 소매업,44,충청남도,44710,금산군,44710250,금산읍,4471025022,금산읍,4471025022100160002,1,대지,16,2,충청남도 금산군 금산읍 중도리 16-2,447103257044,충청남도 금산군 금산읍 인삼약초로,42,,4471025022100160002020652,,충청남도 금산군 금산읍 인삼약초로 42,312806,32739,,,,127.497692669771,36.1004566182124
MA0101202410A0814557,고려인삼,,G2,소매,G221,기타 상품 소매,G22199,그 외 기타 상품 전문 소매업,G47859,그 외 기타 분류 안된 상품 전문 소매업,28,인천광역시,28177,미추홀구,28177560,용현3동,2817710200,용현동,2817710200104530169,1,대지,453,169,인천광역시 미추홀구 용현동 453-169,281774253491,인천광역시 미추홀구 용삼길49번길,3,7,2817010200104530169020215,,인천광역시 미추홀구 용삼길49번길 3-7,402830,22179,,1,,126.652060157719,37.4580222360414
MA0101202410A0816329,그린농산,,G2,소매,G221,기타 상품 소매,G22199,그 외 기타 상품 전문 소매업,G47859,그 외 기타 분류 안된 상품 전문 소매업,44,충청남도,44810,예산군,44810253,삽교읍,4481025332,삽교읍,4481025332103900006,1,대지,390,6,충청남도 예산군 삽교읍 창정리 390-6,448104589587,충청남도 예산군 삽교읍 효창길,78,31,4481025332103900006000001,,충청남도 예산군 삽교읍 효창길 78-31,340901,32411,,,,126.686714550351,36.7145419055251
MA0101202410A0733715,심마니팔복,,G2,소매,G221,기타 상품 소매,G22199,그 외 기타 상품 전문 소매업,G47859,그 외 기타 분류 안된 상품 전문 소매업,51,강원특별자치도,51830,양양군,51830250,양양읍,5183025021,양양읍,5183025021100600002,1,대지,60,2,강원특별자치도 양양군 양양읍 남문리 60-2,518304505038,강원특별자치도 양양군 양양읍 남문5길,11,,4283025021100600002014148,,강원특별자치도 양양군 양양읍 남문5길 11,215804,25030,,,,128.622849348438,38.074570952715
MA0101202410A0764895,청하담백수오,,G2,소매,G221,기타 상품 소매,G22199,그 외 기타 상품 전문 소매업,G47859,그 외 기타 분류 안된 상품 전문 소매업,41,경기도,41500,이천시,41500310,신둔면,4150031031,신둔면,4150031031102530001,1,대지,253,1,경기도 이천시 신둔면 인후리 253-1,415004421918,경기도 이천시 신둔면 황무로287번길,61,37,4150031031102530000054392,,경기도 이천시 신둔면 황무로287번길 61-37,467841,17304,,,,127.383049617502,37.3078579991085
MA0101202410A0766851,충주인삼,,G2,소매,G221,기타 상품 소매,G22199,그 외 기타 상품 전문 소매업,G47859,그 외 기타 분류 안된 상품 전문 소매업,43,충청북도,43130,충주시,43130515,성내.충인동,4313012400,충의동,4313012400102850000,1,대지,285,,충청북도 충주시 충의동 285,431304515368,충청북도 충주시 충인2길,7,2,4313012400102850000024828,,충청북도 충주시 충인2길 7-2,380050,27385,,,,127.930062481101,36.973641063957
MA0101202410A0760960,백억수석화원,,G2,소매,G221,기타 상품 소매,G22199,그 외 기타 상품 전문 소매업,G47859,그 외 기타 분류 안된 상품 전문 소매업,41,경기도,41210,광명시,41210580,광명7동,4121010100,광명동,4121010100105390010,1,대지,539,10,경기도 광명시 광명동 539-10,412103000122,경기도 광명시 광명로,689,,4121010100105390010009802,,경기도 광명시 광명로 689,423819,14300,,,,126.845327021256,37.4617759727996
MA0101202410A0821083,강원산삼랜드,,G2,소매,G221,기타 상품 소매,G22199,그 외 기타 상품 전문 소매업,G47859,그 외 기타 분류 안된 상품 전문 소매업,51,강원특별자치도,51750,영월군,51750325,김삿갓면,5175032522,김삿갓면,5175032522103300000,1,대지,330,,강원특별자치도 영월군 김삿갓면 각동리 330,517504481029,강원특별자치도 영월군 김삿갓면 길론길,3,,4275032522103300000000001,,강원특별자치도 영월군 김삿갓면 길론길 3,230821,26245,,,,128.525299219915,37.1156078265238
MA0101202410A0740234,엘림당약초,,G2,소매,G221,기타 상품 소매,G22199,그 외 기타 상품 전문 소매업,G47859,그 외 기타 분류 안된 상품 전문 소매업,11,서울특별시,11230,동대문구,11230545,제기동,1123010300,제기동,1123010300108900019,1,대지,890,19,서울특별시 동대문구 제기동 890-19,112303105007,서울특별시 동대문구 약령중앙로,31,,1123010300108900019031682,,서울특별시 동대문구 약령중앙로 31,130864,02569,,,,127.036963780459,37.581110123134
MA0101202410A0742620,금종인삼,,G2,소매,G221,기타 상품 소매,G22199,그 외 기타 상품 전문 소매업,G47859,그 외 기타 분류 안된 상품 전문 소매업,44,충청남도,44710,금산군,44710250,금산읍,4471025022,금산읍,4471025022105600004,1,대지,560,4,충청남도 금산군 금산읍 중도리 560-4,447103257020,충청남도 금산군 금산읍 비단로,131,31,4471025022105600004019282,,충청남도 금산군 금산읍 비단로 131-31,312806,32747,,,,127.494413022822,36.0998663860742
MA0101202410A0774926,미술관일억조,,G2,소매,G221,기타 상품 소매,G22199,그 외 기타 상품 전문 소매업,G47859,그 외 기타 분류 안된 상품 전문 소매업,41,경기도,41480,파주시,41480350,광탄면,4148035029,광탄면,4148035029103530000,1,대지,353,,경기도 파주시 광탄면 영장리 353,414803012032,경기도 파주시 광탄면 보광로,685,,4148035029103530000000001,,경기도 파주시 광탄면 보광로 685,413851,10953,,,,126.903471549608,37.7677593141477
MA0101202410A0784926,금산수삼센터62호,,G2,소매,G221,기타 상품 소매,G22199,그 외 기타 상품 전문 소매업,G47859,그 외 기타 분류 안된 상품 전문 소매업,44,충청남도,44710,금산군,44710250,금산읍,4471025022,금산읍,4471025022100240000,1,대지,24,,충청남도 금산군 금산읍 중도리 24,447103257044,충청남도 금산군 금산읍 인삼약초로,24,,4471025022100240000017736,금산인삼수삼센터,충청남도 금산군 금산읍 인삼약초로 24,312806,32739,,,,127.496358187934,36.1001557428811
MA0101202410A0826474,수삼센터판매장46호,,G2,소매,G221,기타 상품 소매,G22199,그 외 기타 상품 전문 소매업,G47859,그 외 기타 분류 안된 상품 전문 소매업,44,충청남도,44710,금산군,44710250,금산읍,4471025022,금산읍,4471025022100240000,1,대지,24,,충청남도 금산군 금산읍 중도리 24,447103257044,충청남도 금산군 금산읍 인삼약초로,24,,4471025022100240000017736,,충청남도 금산군 금산읍 인삼약초로 24,312806,32739,,,,127.496358187934,36.1001557428811
MA0101202410A0755306,원조윤춘자산나물,,G2,소매,G221,기타 상품 소매,G22199,그 외 기타 상품 전문 소매업,G47859,그 외 기타 분류 안된 상품 전문 소매업,51,강원특별자치도,51770,정선군,51770250,정선읍,5177025021,정선읍,5177025021103490018,1,대지,349,18,강원특별자치도 정선군 정선읍 봉양리 349-18,517704487147,강원특별자치도 정선군 정선읍 봉양7길,43,,4277025021103490018009356,,강원특별자치도 정선군 정선읍 봉양7길 43,233804,26130,,,,128.665359457299,37.3805097445653
MA0106202204A1453472,엘에스스토어성대점,,G2,소매,G221,기타 상품 소매,G22199,그 외 기타 상품 전문 소매업,G47859,그 외 기타 분류 안된 상품 전문 소매업,11,서울특별시,11110,종로구,11110650,혜화동,1111017000,명륜1가,1111017000100830005,1,대지,83,5,서울특별시 종로구 명륜1가 83-5,111103100008,서울특별시 종로구 성균관로,40,,1111017000100830005008872,,서울특별시 종로구 성균관로 40,110530,03069,,,,126.996920411731,37.5863686612931
MA0106202205A0868402,대보D&S,,G2,소매,G221,기타 상품 소매,G22199,그 외 기타 상품 전문 소매업,G47859,그 외 기타 분류 안된 상품 전문 소매업,43,충청북도,43113,청주시 흥덕구,43113320,옥산면,4311332021,옥산면,4311332021105890015,1,대지,589,15,충청북도 청주시 흥덕구 옥산면 오산리 589-15,431131000001,충청북도 청주시 흥덕구 옥산면 경부고속도로,309,,4371041021105890015000001,,충청북도 청주시 흥덕구 옥산면 경부고속도로 309,361914,28114,,,,127.369838277876,36.6576268062124
MA0106202204A1397994,슈퍼키친,교대점,G2,소매,G221,기타 상품 소매,G22199,그 외 기타 상품 전문 소매업,G47859,그 외 기타 분류 안된 상품 전문 소매업,11,서울특별시,11650,서초구,11650531,서초4동,1165010800,서초동,1165010800116860006,1,대지,1686,6,서울특별시 서초구 서초동 1686-6,116504163710,서울특별시 서초구 서초중앙로24길,35,,1165010800116860006000001,,서울특별시 서초구 서초중앙로24길 35,137882,06603,,,,127.017505212717,37.4954565178339
MA0106202204A1397992,슈퍼키친서래,마을점,G2,소매,G221,기타 상품 소매,G22199,그 외 기타 상품 전문 소매업,G47859,그 외 기타 분류 안된 상품 전문 소매업,11,서울특별시,11650,서초구,11650581,반포4동,1165010700,반포동,1165010700100950008,1,대지,95,8,서울특별시 서초구 반포동 95-8,116503121015,서울특별시 서초구 서래로,31,,1165010700100950008016835,,서울특별시 서초구 서래로 31,137806,06576,,,,126.998100144838,37.4980076482356
MA0106202204A1397995,슈퍼키친올림픽공원점,,G2,소매,G221,기타 상품 소매,G22199,그 외 기타 상품 전문 소매업,G47859,그 외 기타 분류 안된 상품 전문 소매업,11,서울특별시,11710,송파구,11710566,오륜동,1171011100,방이동,1171011100100890011,1,대지,89,11,서울특별시 송파구 방이동 89-11,117102000006,서울특별시 송파구 양재대로,1222,,1171011100100890011015454,,서울특별시 송파구 양재대로 1222,138151,05648,,,,127.131064412778,37.5157297971983
MA0106202204A1398013,슈퍼키친사러가마트점,,G2,소매,G221,기타 상품 소매,G22199,그 외 기타 상품 전문 소매업,G47859,그 외 기타 분류 안된 상품 전문 소매업,11,서울특별시,11410,서대문구,11410615,연희동,1141011700,연희동,1141011700101310001,1,대지,131,1,서울특별시 서대문구 연희동 131-1,114103112009,서울특별시 서대문구 연희맛로,23,,1141011700101310001021009,,서울특별시 서대문구 연희맛로 23,120825,03707,,,,126.929663080986,37.5671475587255
MA0106202206A0625192,세피앙논현사옥,,G2,소매,G221,기타 상품 소매,G22199,그 외 기타 상품 전문 소매업,G47859,그 외 기타 분류 안된 상품 전문 소매업,11,서울특별시,11680,강남구,11680521,논현1동,1168010800,논현동,1168010800100340023,1,대지,34,23,서울특별시 강남구 논현동 34-23,116803121022,서울특별시 강남구 논현로,721,,1168010800100340023006183,,서울특별시 강남구 논현로 721,135815,06041,,,,127.029353164257,37.5163664986246
MA0106202207A1598341,도토리포도경주황리단길점,,G2,소매,G221,기타 상품 소매,G22199,그 외 기타 상품 전문 소매업,G47859,그 외 기타 분류 안된 상품 전문 소매업,47,경상북도,47130,경주시,47130570,황남동,4713010900,사정동,4713010900101220007,1,대지,122,7,경상북도 경주시 사정동 122-7,471303305032,경상북도 경주시 사정로,46,3,4713010900101220007009863,,경상북도 경주시 사정로 46-3,780938,38167,,,,129.208242386871,35.836545750341
MA0106202204A1397981,슈퍼키친,방배점,G2,소매,G221,기타 상품 소매,G22199,그 외 기타 상품 전문 소매업,G47859,그 외 기타 분류 안된 상품 전문 소매업,11,서울특별시,11650,서초구,11650590,방배본동,1165010100,방배동,1165010100107580002,1,대지,758,2,서울특별시 서초구 방배동 758-2,116503121010,서울특별시 서초구 방배로,269,,1165010100107580002015626,,서울특별시 서초구 방배로 269,137828,06553,,,,126.987752941713,37.4966465088268
MA0106202204A1397999,슈퍼키친개롱역점,,G2,소매,G221,기타 상품 소매,G22199,그 외 기타 상품 전문 소매업,G47859,그 외 기타 분류 안된 상품 전문 소매업,11,서울특별시,11710,송파구,11710632,가락2동,1171010700,가락동,1171010700101670005,1,대지,167,5,서울특별시 송파구 가락동 167-5,117103123014,서울특별시 송파구 오금로,414,,1171010700101670005005134,,서울특별시 송파구 오금로 414,138810,05769,,,,127.135996417504,37.4971725393542
MA0106202204A1398015,슈퍼키친잠실엘스점,,G2,소매,G221,기타 상품 소매,G22199,그 외 기타 상품 전문 소매업,G47859,그 외 기타 분류 안된 상품 전문 소매업,11,서울특별시,11710,송파구,11710670,잠실2동,1171010100,잠실동,1171010100100190009,1,대지,19,9,서울특별시 송파구 잠실동 19-9,117103123023,서울특별시 송파구 올림픽로,119,,1171010100100190009000001,,서울특별시 송파구 올림픽로 119,138908,05501,,,,127.0841861696,37.5120874067389
MA0106202201A0701157,마마뜰스토어/다이소서귀포동광점,,G2,소매,G221,기타 상품 소매,G22199,그 외 기타 상품 전문 소매업,G47859,그 외 기타 분류 안된 상품 전문 소매업,50,제주특별자치도,50130,서귀포시,50130310,안덕면,5013031028,안덕면,5013031028109550000,1,대지,955,,제주특별자치도 서귀포시 안덕면 동광리 955,501303350197,제주특별자치도 서귀포시 안덕면 신화역사로,447,,5013031028109550004000006,,제주특별자치도 서귀포시 안덕면 신화역사로 447,699925,63523,,,,126.335693173799,33.3102144060551
MA0106202201A0782593,논다,,G2,소매,G221,기타 상품 소매,G22199,그 외 기타 상품 전문 소매업,G47859,그 외 기타 분류 안된 상품 전문 소매업,29,광주광역시,29170,북구,29170695,건국동,2917012600,본촌동,2917012600129120000,1,대지,2912,,광주광역시 북구 본촌동 2912,291704286282,광주광역시 북구 본촌택지로29번길,29,,2917013100129120000000001,,광주광역시 북구 본촌택지로29번길 29,500210,61020,,,,126.877822333676,35.2159250650248
MA0106202201A0863439,호동상사서경로,,G2,소매,G221,기타 상품 소매,G22199,그 외 기타 상품 전문 소매업,G47859,그 외 기타 분류 안된 상품 전문 소매업,43,충청북도,43113,청주시 흥덕구,43113747,가경동,4311311300,가경동,4311311300115860000,1,대지,1586,,충청북도 청주시 흥덕구 가경동 1586,431133237041,충청북도 청주시 흥덕구 서경로,24,1,4311311300115860000023046,,충청북도 청주시 흥덕구 서경로 24-1,361803,28413,,,,127.442599997903,36.6177740072538
MA0106202201A0889444,아메리퀴드,가오점,G2,소매,G221,기타 상품 소매,G22199,그 외 기타 상품 전문 소매업,G47859,그 외 기타 분류 안된 상품 전문 소매업,30,대전광역시,30110,동구,30110530,효동,3011010500,가오동,3011010500106040000,1,대지,604,,대전광역시 동구 가오동 604,301103164008,대전광역시 동구 동구청로,101,,3011010500106040000000001,,대전광역시 동구 동구청로 101,300030,34692,,,,127.456279982163,36.3069499182204
MA0106202204A1989782,전주푸드통합지원센터효천점,,G2,소매,G221,기타 상품 소매,G22199,그 외 기타 상품 전문 소매업,G47859,그 외 기타 분류 안된 상품 전문 소매업,52,전북특별자치도,52111,전주시 완산구,52111714,효자4동,5211114100,효자동2가,5211114100113750003,1,대지,1375,3,전북특별자치도 전주시 완산구 효자동2가 1375-3,521114856554,전북특별자치도 전주시 완산구 효천동1길,10,,4511114100113750003000001,,전북특별자치도 전주시 완산구 효천동1길 10,560242,55079,,,,127.110213289752,35.8021555832426
MA0106202204A1398016,슈퍼키친세곡점,,G2,소매,G221,기타 상품 소매,G22199,그 외 기타 상품 전문 소매업,G47859,그 외 기타 분류 안된 상품 전문 소매업,11,서울특별시,11680,강남구,11680700,세곡동,1168011100,세곡동,1168011100105900000,1,대지,590,,서울특별시 강남구 세곡동 590,116804166875,서울특별시 강남구 헌릉로569길,13,,1168011100105900000000001,,서울특별시 강남구 헌릉로569길 13,135190,06376,,,,127.100040049053,37.4668174427268
MA0106202205A0236536,오아시스,역삼점,G2,소매,G221,기타 상품 소매,G22199,그 외 기타 상품 전문 소매업,G47859,그 외 기타 분류 안된 상품 전문 소매업,11,서울특별시,11680,강남구,11680650,역삼2동,1168010100,역삼동,1168010100107790003,1,대지,779,3,서울특별시 강남구 역삼동 779-3,116803005086,서울특별시 강남구 언주로,321,,1168010100107790003024640,,서울특별시 강남구 언주로 321,135928,06226,,,,127.045211142988,37.4965393817085
MA0106202205A0236510,오아시스,철산점,G2,소매,G221,기타 상품 소매,G22199,그 외 기타 상품 전문 소매업,G47859,그 외 기타 분류 안된 상품 전문 소매업,41,경기도,41210,광명시,41210610,철산3동,4121010200,철산동,4121010200106370000,1,대지,637,,경기도 광명시 철산동 637,412103187004,경기도 광명시 광덕산로,5,,4121010200103730000005000,철산푸르지오하늘채아파트,경기도 광명시 광덕산로 5,423732,14241,,,,126.868992226758,37.4703641791119
MA0106202205A0969649,롯데시네마부평갈산티켓외,,G2,소매,G221,기타 상품 소매,G22199,그 외 기타 상품 전문 소매업,G47859,그 외 기타 분류 안된 상품 전문 소매업,28,인천광역시,28237,부평구,28237641,갈산1동,2823710600,갈산동,2823710600100940000,1,대지,94,,인천광역시 부평구 갈산동 94,282373008034,인천광역시 부평구 주부토로,236,,2823710600100940000111706,,인천광역시 부평구 주부토로 236,403800,21330,,,,126.726808406095,37.515864998516
MA0106202205A1751562,지역사회통합돌봄식사써비스지원센터(온마을사랑채,,G2,소매,G221,기타 상품 소매,G22199,그 외 기타 상품 전문 소매업,G47859,그 외 기타 분류 안된 상품 전문 소매업,26,부산광역시,26230,부산진구,26230550,초읍동,2623010700,초읍동,2623010700103760054,1,대지,376,54,부산광역시 부산진구 초읍동 376-54,262303129045,부산광역시 부산진구 월드컵대로,451,,2623010700103760054000001,,부산광역시 부산진구 월드컵대로 451,614873,47111,,,,129.051279579366,35.18309866325
MA0106202204A1034830,슬로우보틀,종로점,G2,소매,G221,기타 상품 소매,G22199,그 외 기타 상품 전문 소매업,G47859,그 외 기타 분류 안된 상품 전문 소매업,11,서울특별시,11110,종로구,11110530,사직동,1111011600,도렴동,1111011600101480003,1,대지,148,3,서울특별시 종로구 도렴동 148-3,111104100190,서울특별시 종로구 세종대로23길,11,,1111011600101500005027732,,서울특별시 종로구 세종대로23길 11,110054,03183,,,,126.975787009407,37.5715448663433
MA0106202204A1034829,슬로우보틀,아현점,G2,소매,G221,기타 상품 소매,G22199,그 외 기타 상품 전문 소매업,G47859,그 외 기타 분류 안된 상품 전문 소매업,11,서울특별시,11410,서대문구,11410555,북아현동,1141011000,북아현동,1141011000101300021,1,대지,130,21,서울특별시 서대문구 북아현동 130-21,114103112006,서울특별시 서대문구 북아현로,18,,1141011000101300021027890,,서울특별시 서대문구 북아현로 18,120819,03757,,,,126.956675178645,37.5590065441196
MA0106202205A1405064,슈퍼키친분당,정자점,G2,소매,G221,기타 상품 소매,G22199,그 외 기타 상품 전문 소매업,G47859,그 외 기타 분류 안된 상품 전문 소매업,41,경기도,41135,성남시 분당구,41135560,정자2동,4113510300,정자동,4113510300101170001,1,대지,117,1,경기도 성남시 분당구 정자동 117-1,411353180003,경기도 성남시 분당구 내정로,58,,4113510300101170001004139,,경기도 성남시 분당구 내정로 58,463833,13607,,,,127.115144962577,37.3653580200826
MA0106202208A1598940,도토리포도,경성대점,G2,소매,G221,기타 상품 소매,G22199,그 외 기타 상품 전문 소매업,G47859,그 외 기타 분류 안된 상품 전문 소매업,26,부산광역시,26290,남구,26290530,대연3동,2629010600,대연동,2629010600100560007,1,대지,56,7,부산광역시 남구 대연동 56-7,262903131023,부산광역시 남구 용소로,11,,2629010600100560007027180,,부산광역시 남구 용소로 11,608804,48512,,,,129.100811344018,35.1364166045506
MA0106202201A0811371,아워홈푸디움인천공항제2,터미널점,G2,소매,G221,기타 상품 소매,G22199,그 외 기타 상품 전문 소매업,G47859,그 외 기타 분류 안된 상품 전문 소매업,28,인천광역시,28110,중구,28110628,운서동,2811014700,운서동,2811014700128500000,1,대지,2850,,인천광역시 중구 운서동 2850,281104247013,인천광역시 중구 공항로424번길,47,,2811014700128500000223284,,인천광역시 중구 공항로424번길 47,400719,22382,,,,126.461331817168,37.4403859313512
MA0106202201A0783647,킹마트,,G2,소매,G221,기타 상품 소매,G22199,그 외 기타 상품 전문 소매업,G47859,그 외 기타 분류 안된 상품 전문 소매업,41,경기도,41150,의정부시,41150573,송산1동,4115010500,용현동,4115010500102700045,1,대지,270,45,경기도 의정부시 용현동 270-45,411504343285,경기도 의정부시 용민로26번길,27,,4115010500102700045018081,,경기도 의정부시 용민로26번길 27,480838,11785,,,,127.083156616225,37.7355599253264
MA0106202201A0889445,달사빠아메리퀴드,가오점,G2,소매,G221,기타 상품 소매,G22199,그 외 기타 상품 전문 소매업,G47859,그 외 기타 분류 안된 상품 전문 소매업,30,대전광역시,30110,동구,30110530,효동,3011010500,가오동,3011010500106040000,1,대지,604,,대전광역시 동구 가오동 604,301103164008,대전광역시 동구 동구청로,101,,3011010500106040000000001,,대전광역시 동구 동구청로 101,300030,34692,,,,127.456279982163,36.3069499182204
MA0106202201A0915810,쎄니트,공주지점,G2,소매,G221,기타 상품 소매,G22199,그 외 기타 상품 전문 소매업,G47859,그 외 기타 분류 안된 상품 전문 소매업,44,충청남도,44150,공주시,44150570,신관동,4415012000,신관동,4415012000102480011,1,대지,248,11,충청남도 공주시 신관동 248-11,441504554310,충청남도 공주시 흑수골길,12,,4415012000102480011758328,,충청남도 공주시 흑수골길 12,314803,32582,,,,127.138883958821,36.4735559835854
MA0106202209A0056522,코레일유통대공원역,,G2,소매,G221,기타 상품 소매,G22199,그 외 기타 상품 전문 소매업,G47859,그 외 기타 분류 안된 상품 전문 소매업,41,경기도,41290,과천시,41290550,과천동,4129010500,과천동,4129010500107270001,1,대지,727,1,경기도 과천시 과천동 727-1,412902195002,경기도 과천시 대공원대로,50,,4129010500107270001000001,,경기도 과천시 대공원대로 50,427060,13829,,,,127.005559248729,37.4357386494299
MA0106202209A0056661,코레일유통상록수역,,G2,소매,G221,기타 상품 소매,G22199,그 외 기타 상품 전문 소매업,G47859,그 외 기타 분류 안된 상품 전문 소매업,41,경기도,41271,안산시 상록구,41271560,본오3동,4127110400,본오동,4127110400111770000,1,대지,1177,,경기도 안산시 상록구 본오동 1177,412713190035,경기도 안산시 상록구 상록수로,61,,4127110400104090000001438,,경기도 안산시 상록구 상록수로 61,426183,15517,,,,126.865425579872,37.3029861786287
MA0106202209A0056503,코레일유통인덕원역,,G2,소매,G221,기타 상품 소매,G22199,그 외 기타 상품 전문 소매업,G47859,그 외 기타 분류 안된 상품 전문 소매업,41,경기도,41173,안양시 동안구,41173559,인덕원동,4117310200,관양동,4117310200115630000,1,대지,1563,,경기도 안양시 동안구 관양동 1563,411732000018,경기도 안양시 동안구 흥안대로,529,,4117310200115630000000002,,경기도 안양시 동안구 흥안대로 529,431062,13951,,,,126.976688883802,37.4015157972393
MA0106202209A0056633,코레일유통금정역,,G2,소매,G221,기타 상품 소매,G22199,그 외 기타 상품 전문 소매업,G47859,그 외 기타 분류 안된 상품 전문 소매업,41,경기도,41410,군포시,41410560,금정동,4141010500,금정동,4141010500106130000,1,대지,613,,경기도 군포시 금정동 613,414103200004,경기도 군포시 군포로,750,,4141010500106880000000001,,경기도 군포시 군포로 750,435050,15809,,,,126.943393137476,37.3722843596595
MA0106202209A0056577,코레일유통송탄역,,G2,소매,G221,기타 상품 소매,G22199,그 외 기타 상품 전문 소매업,G47859,그 외 기타 분류 안된 상품 전문 소매업,41,경기도,41220,평택시,41220580,신장2동,4122011200,신장동,4122011200102570005,1,대지,257,5,경기도 평택시 신장동 257-5,412203188046,경기도 평택시 송탄공원로,43,,4122011200102570005010395,,경기도 평택시 송탄공원로 43,459120,17760,,,,127.054304894617,37.0752819341661
MA0106202209A0056486,코레일유통정왕역,,G2,소매,G221,기타 상품 소매,G22199,그 외 기타 상품 전문 소매업,G47859,그 외 기타 분류 안된 상품 전문 소매업,41,경기도,41390,시흥시,41390589,정왕본동,4139013200,정왕동,4139013200123250012,1,대지,2325,12,경기도 시흥시 정왕동 2325-12,413904397200,경기도 시흥시 마유로418번길,15,,4139013200123250012012772,,경기도 시흥시 마유로418번길 15,429930,15049,,,,126.743013601018,37.3517726859233
MA0106202209A0056573,코레일유통정부과천청사역,,G2,소매,G221,기타 상품 소매,G22199,그 외 기타 상품 전문 소매업,G47859,그 외 기타 분류 안된 상품 전문 소매업,41,경기도,41290,과천시,41290530,별양동,4129010900,별양동,4129010900100010000,1,대지,1,,경기도 과천시 별양동 1,412903206129,경기도 과천시 중앙로,100,,4129010900100010000000001,,경기도 과천시 중앙로 100,427800,13837,,,,126.99019349161,37.4259893727798
MA0106202209A0056620,코레일유통여주역,,G2,소매,G221,기타 상품 소매,G22199,그 외 기타 상품 전문 소매업,G47859,그 외 기타 분류 안된 상품 전문 소매업,41,경기도,41670,여주시,41670520,중앙동,4167010800,교동,4167010800104030001,1,대지,403,1,경기도 여주시 교동 403-1,416703203013,경기도 여주시 교동로,80,,4167010800104030001000001,,경기도 여주시 교동로 80,469108,12650,,,,127.628663694751,37.2825075331995
MA0106202205A1341104,미스터아빠,청라점,G2,소매,G221,기타 상품 소매,G22199,그 외 기타 상품 전문 소매업,G47859,그 외 기타 분류 안된 상품 전문 소매업,28,인천광역시,28260,서구,28260536,청라1동,2826012200,청라동,2826012200101650011,1,대지,165,11,인천광역시 서구 청라동 165-11,282603156128,인천광역시 서구 청라에메랄드로,79,,2826012200101650011000001,,인천광역시 서구 청라에메랄드로 79,,22738,,,,126.655686350625,37.5323385415427
MA0106202208A2249633,씨제이올리브영다산지금점,,G2,소매,G221,기타 상품 소매,G22199,그 외 기타 상품 전문 소매업,G47859,그 외 기타 분류 안된 상품 전문 소매업,41,경기도,41360,남양주시,41360565,다산2동,4136011200,다산동,4136011200162160001,1,대지,6216,1,경기도 남양주시 다산동 6216-1,413603351589,경기도 남양주시 다산지금로,129,,4136011200162160001000001,,경기도 남양주시 다산지금로 129,,12284,,,,127.174427984954,37.6013854776881
MA0106202208A2249943,씨제이올리브영서면삼정,타워점,G2,소매,G221,기타 상품 소매,G22199,그 외 기타 상품 전문 소매업,G47859,그 외 기타 분류 안된 상품 전문 소매업,26,부산광역시,26230,부산진구,26230520,부전2동,2623010300,부전동,2623010300102270002,1,대지,227,2,부산광역시 부산진구 부전동 227-2,262302000010,부산광역시 부산진구 중앙대로,672,,2623010300102270002013085,,부산광역시 부산진구 중앙대로 672,614846,47296,,,,129.059597786758,35.1530028522393
MA0106202208A2249946,씨제이올리브영,대학로점,G2,소매,G221,기타 상품 소매,G22199,그 외 기타 상품 전문 소매업,G47859,그 외 기타 분류 안된 상품 전문 소매업,11,서울특별시,11110,종로구,11110650,혜화동,1111017100,명륜2가,1111017100102310000,1,대지,231,,서울특별시 종로구 명륜2가 231,111103005008,서울특별시 종로구 창경궁로,237,,1111017100102310000009145,,서울특별시 종로구 창경궁로 237,110530,03073,,,,126.998516881547,37.583062047225
MA0106202201A0701552,동신운올리브영더블유시티점,수지점,G2,소매,G221,기타 상품 소매,G22199,그 외 기타 상품 전문 소매업,G47859,그 외 기타 분류 안된 상품 전문 소매업,51,강원특별자치도,51130,원주시,51130590,단계동,5113011000,단계동,5113011000108770001,1,대지,877,1,강원특별자치도 원주시 단계동 877-1,511302219001,강원특별자치도 원주시 서원대로,171,,4213011000108770001837466,,강원특별자치도 원주시 서원대로 171,220938,26436,,,,127.930817999184,37.3448126735376
MA0106202201A0685140,가람영화관,,G2,소매,G221,기타 상품 소매,G22199,그 외 기타 상품 전문 소매업,G47859,그 외 기타 분류 안된 상품 전문 소매업,51,강원특별자치도,51230,삼척시,51230250,도계읍,5123025033,도계읍,5123025033100630018,1,대지,63,18,강원특별자치도 삼척시 도계읍 전두리 63-18,512303224007,강원특별자치도 삼척시 도계읍 도계로,224,,4223025033100630018000002,,강원특별자치도 삼척시 도계읍 도계로 224,245908,25947,,,,129.043552856621,37.229625458543
MA0106202209A0056629,코레일유통이천역,,G2,소매,G221,기타 상품 소매,G22199,그 외 기타 상품 전문 소매업,G47859,그 외 기타 분류 안된 상품 전문 소매업,41,경기도,41500,이천시,41500520,중리동,4150010500,율현동,4150010500104350000,1,대지,435,,경기도 이천시 율현동 435,415003207044,경기도 이천시 이섭대천로,1063,,4150010500104350000000001,,경기도 이천시 이섭대천로 1063,467801,17391,,,,127.442377500876,37.2645998091854
MA0106202209A0056659,코레일유통수원역,,G2,소매,G221,기타 상품 소매,G22199,그 외 기타 상품 전문 소매업,G47859,그 외 기타 분류 안된 상품 전문 소매업,41,경기도,41115,수원시 팔달구,41115660,매산동,4111513400,매산로1가,4111513400100180000,1,대지,18,,경기도 수원시 팔달구 매산로1가 18,411153012001,경기도 수원시 팔달구 덕영대로,924,,4111513400100180000005527,,경기도 수원시 팔달구 덕영대로 924,442784,16622,,,,127.000101464448,37.2656785787546
MA0106202209A0056675,코레일유통영통역,,G2,소매,G221,기타 상품 소매,G22199,그 외 기타 상품 전문 소매업,G47859,그 외 기타 분류 안된 상품 전문 소매업,41,경기도,41117,수원시 영통구,41117570,영통1동,4111710500,영통동,4111710500110550000,1,대지,1055,,경기도 수원시 영통구 영통동 1055,411173177007,경기도 수원시 영통구 봉영로,1560,,4111710500110550000000001,,경기도 수원시 영통구 봉영로 1560,443471,16701,,,,127.07129354129,37.2514476679555
MA0106202209A0056570,코레일유통금릉역,,G2,소매,G221,기타 상품 소매,G22199,그 외 기타 상품 전문 소매업,G47859,그 외 기타 분류 안된 상품 전문 소매업,41,경기도,41480,파주시,41480520,금촌2동,4148010100,금촌동,4148010100106050001,1,대지,605,1,경기도 파주시 금촌동 605-1,414803206009,경기도 파주시 금릉역로,85,,4148010100106050001001812,,경기도 파주시 금릉역로 85,413819,10915,,,,126.76504422325,37.7522212018861
MA0106202209A0056575,코레일유통화정역,,G2,소매,G221,기타 상품 소매,G22199,그 외 기타 상품 전문 소매업,G47859,그 외 기타 분류 안된 상품 전문 소매업,41,경기도,41281,고양시 덕양구,41281622,화정2동,4128112300,화정동,4128112300110980000,1,대지,1098,,경기도 고양시 덕양구 화정동 1098,412813192098,경기도 고양시 덕양구 화정로,60,,4128112300110980000000001,,경기도 고양시 덕양구 화정로 60,412827,10500,,,,126.832620753825,37.634506960242
MA0106202209A0056497,코레일유통금촌역,,G2,소매,G221,기타 상품 소매,G22199,그 외 기타 상품 전문 소매업,G47859,그 외 기타 분류 안된 상품 전문 소매업,41,경기도,41480,파주시,41480510,금촌1동,4148010100,금촌동,4148010100103290251,1,대지,329,251,경기도 파주시 금촌동 329-251,414803206045,경기도 파주시 새꽃로,193,,4148010100103290355071914,,경기도 파주시 새꽃로 193,413801,10930,,,,126.77393390945,37.7655548466074
MA0106202209A0056608,코레일유통망포역,,G2,소매,G221,기타 상품 소매,G22199,그 외 기타 상품 전문 소매업,G47859,그 외 기타 분류 안된 상품 전문 소매업,41,경기도,41117,수원시 영통구,41117580,영통2동,4111710500,영통동,4111710500110690000,1,대지,1069,,경기도 수원시 영통구 영통동 1069,411173012001,경기도 수원시 영통구 덕영대로,1520,,4111710500110690000000001,,경기도 수원시 영통구 덕영대로 1520,443472,16690,,,,127.057481300486,37.2456524526714
MA0106202202A1677118,프레시스토어,홍대점,G2,소매,G221,기타 상품 소매,G22199,그 외 기타 상품 전문 소매업,G47859,그 외 기타 분류 안된 상품 전문 소매업,11,서울특별시,11440,마포구,11440660,서교동,1144012100,동교동,1144012100101760012,1,대지,176,12,서울특별시 마포구 동교동 176-12,114404139414,서울특별시 마포구 신촌로4길,22,22,1144012100101760012000001,,서울특별시 마포구 신촌로4길 22-22,121818,04056,,,,126.927261504324,37.5574874220301
MA0106202202A2215772,씨제이올리브영김해진영대로점,,G2,소매,G221,기타 상품 소매,G22199,그 외 기타 상품 전문 소매업,G47859,그 외 기타 분류 안된 상품 전문 소매업,48,경상남도,48250,김해시,48250250,진영읍,4825025026,진영읍,4825025026103050006,1,대지,305,6,경상남도 김해시 진영읍 진영리 305-6,482504805589,경상남도 김해시 진영읍 여래로20번길,34,21,4825025026103050006000001,,경상남도 김해시 진영읍 여래로20번길 34-21,621808,50865,,,,128.731431448703,35.3062887047167
MA0106202201A0802946,스윗박스,유강점,G2,소매,G221,기타 상품 소매,G22199,그 외 기타 상품 전문 소매업,G47859,그 외 기타 분류 안된 상품 전문 소매업,47,경상북도,47111,포항시 남구,47111253,연일읍,4711125325,연일읍,4711125325105900007,1,대지,590,7,경상북도 포항시 남구 연일읍 유강리 590-7,471114709361,경상북도 포항시 남구 연일읍 유강길17번길,8,,4711125325105900007000001,,경상북도 포항시 남구 연일읍 유강길17번길 8,790885,37656,,,,129.318115183682,36.0047673071526
MA0106202201A0802945,스윗박스대이점,,G2,소매,G221,기타 상품 소매,G22199,그 외 기타 상품 전문 소매업,G47859,그 외 기타 분류 안된 상품 전문 소매업,47,경상북도,47111,포항시 남구,47111590,대이동,4711111700,이동,4711111700106520017,1,대지,652,17,경상북도 포항시 남구 이동 652-17,471113303006,경상북도 포항시 남구 대이로,169,1,4711111700106520017128314,,경상북도 포항시 남구 대이로 169-1,790320,37675,,,,129.338941342965,36.0299511399949
MA0106202201A0677794,화천군청사내골프장,,G2,소매,G221,기타 상품 소매,G22199,그 외 기타 상품 전문 소매업,G47859,그 외 기타 분류 안된 상품 전문 소매업,51,강원특별자치도,51790,화천군,51790250,화천읍,5179025021,화천읍,5179025021102390000,1,대지,239,,강원특별자치도 화천군 화천읍 아리 239,517904493130,강원특별자치도 화천군 화천읍 화천새싹길,45,,4279025021000000000002816,,강원특별자치도 화천군 화천읍 화천새싹길 45,209804,24125,,,,127.707937622868,38.105617471434
MA0106202201A0869947,옥천군청,,G2,소매,G221,기타 상품 소매,G22199,그 외 기타 상품 전문 소매업,G47859,그 외 기타 분류 안된 상품 전문 소매업,43,충청북도,43730,옥천군,43730250,옥천읍,4373025022,옥천읍,4373025022104080015,1,대지,408,15,충청북도 옥천군 옥천읍 문정리 408-15,437304526134,충청북도 옥천군 옥천읍 문정1길,47,,4373025022104080015032557,,충청북도 옥천군 옥천읍 문정1길 47,373803,29039,,,,127.575571640217,36.3040289784242
MA0106202201A0915686,내일스토어,,G2,소매,G221,기타 상품 소매,G22199,그 외 기타 상품 전문 소매업,G47859,그 외 기타 분류 안된 상품 전문 소매업,36,세종특별자치시,36110,세종특별자치시,36110520,도담동,3611011400,도담동,3611011400108500000,1,대지,850,,세종특별자치시 세종특별자치시 도담동 850,361103258112,세종특별자치시 세종특별자치시 보듬1로,16,,3611011400101710002000001,,세종특별자치시 세종특별자치시 보듬1로 16,339006,30098,,,,127.259142710631,36.5097261299611
MA0106202207A0662187,아가방앤컴퍼니아산퍼스트빌리지아가방갤러리,,G2,소매,G221,기타 상품 소매,G22199,그 외 기타 상품 전문 소매업,G47859,그 외 기타 분류 안된 상품 전문 소매업,44,충청남도,44200,아산시,44200360,둔포면,4420036026,둔포면,4420036026100170003,1,대지,17,3,충청남도 아산시 둔포면 신항리 17-3,442004559795,충청남도 아산시 둔포면 해위안길,127,,4420036026100170003077943,,충청남도 아산시 둔포면 해위안길 127,336873,31421,,,,127.029058088233,36.8968130020438
MA0106202207A0722295,아이스크림&까까중원지점,,G2,소매,G221,기타 상품 소매,G22199,그 외 기타 상품 전문 소매업,G47859,그 외 기타 분류 안된 상품 전문 소매업,41,경기도,41133,성남시 중원구,41133670,도촌동,4113310600,여수동,4113310600104240000,1,대지,424,,경기도 성남시 중원구 여수동 424,411334337468,경기도 성남시 중원구 여수울로15번길,4,12,4113310600104240000000001,,경기도 성남시 중원구 여수울로15번길 4-12,462080,13435,,,,127.131900962593,37.4189423189021
MA0106202205A0962115,커피몰,탄방점,G2,소매,G221,기타 상품 소매,G22199,그 외 기타 상품 전문 소매업,G47859,그 외 기타 분류 안된 상품 전문 소매업,30,대전광역시,30170,서구,30170555,탄방동,3017010600,탄방동,3017010600114810004,1,대지,1481,4,대전광역시 서구 탄방동 1481-4,301703166046,대전광역시 서구 유등로,653,,3017010600114810004022594,,대전광역시 서구 유등로 653,302861,35253,,,,127.401440262465,36.3452484433808
MA0106202202A2216437,씨제이올리브영,오리역점,G2,소매,G221,기타 상품 소매,G22199,그 외 기타 상품 전문 소매업,G47859,그 외 기타 분류 안된 상품 전문 소매업,41,경기도,41135,성남시 분당구,41135670,구미동,4113511400,구미동,4113511400101570000,1,대지,157,,경기도 성남시 분당구 구미동 157,411352000005,경기도 성남시 분당구 성남대로,45,,4113511400101570000029729,,경기도 성남시 분당구 성남대로 45,463870,13636,,,,127.108391788031,37.3400545192085
MA0106202202A2216007,씨제이올리브영수원경기대점,,G2,소매,G221,기타 상품 소매,G22199,그 외 기타 상품 전문 소매업,G47859,그 외 기타 분류 안된 상품 전문 소매업,41,경기도,41117,수원시 영통구,41117600,광교1동,4111710300,이의동,4111710300112580004,1,대지,1258,4,경기도 수원시 영통구 이의동 1258-4,411173177028,경기도 수원시 영통구 대학로,34,,4111710300112580004000001,,경기도 수원시 영통구 대학로 34,443270,16226,,,,127.043649102066,37.2992612770489
MA0106202202A2216103,씨제이올리브영양재역점,,G2,소매,G221,기타 상품 소매,G22199,그 외 기타 상품 전문 소매업,G47859,그 외 기타 분류 안된 상품 전문 소매업,11,서울특별시,11650,서초구,11650520,서초2동,1165010800,서초동,1165010800113660009,1,대지,1366,9,서울특별시 서초구 서초동 1366-9,116502000003,서울특별시 서초구 남부순환로,2585,,1165010200100120001000001,,서울특별시 서초구 남부순환로 2585,137863,06735,,,,127.03454147717,37.4839288771295
MA0106202202A2215864,씨제이올리브영스타필드시티,부천점,G2,소매,G221,기타 상품 소매,G22199,그 외 기타 상품 전문 소매업,G47859,그 외 기타 분류 안된 상품 전문 소매업,41,경기도,41194,부천시 소사구,41194560,옥길동,4119410600,옥길동,4119410600107680000,1,대지,768,,경기도 부천시 소사구 옥길동 768,411943185011,경기도 부천시 소사구 옥길로,1,,4119011500107680000000001,,경기도 부천시 소사구 옥길로 1,422080,14789,,,,126.813904913722,37.4614693752082
MA0106202203A0235114,엔에스유통거제,,G2,소매,G221,기타 상품 소매,G22199,그 외 기타 상품 전문 소매업,G47859,그 외 기타 분류 안된 상품 전문 소매업,48,경상남도,48310,거제시,48310320,동부면,4831032023,동부면,4831032023109530002,1,대지,953,2,경상남도 거제시 동부면 구천리 953-2,483103337005,경상남도 거제시 동부면 거제중앙로,288,,4831032023109530002000001,,경상남도 거제시 동부면 거제중앙로 288,656852,53332,,,,128.632990829752,34.7843020064906
MA0106202204A0236191,오아시스양재역점,,G2,소매,G221,기타 상품 소매,G22199,그 외 기타 상품 전문 소매업,G47859,그 외 기타 분류 안된 상품 전문 소매업,11,서울특별시,11680,강남구,11680655,도곡1동,1168011800,도곡동,1168011800109240005,1,대지,924,5,서울특별시 강남구 도곡동 924-5,116804166093,서울특별시 강남구 남부순환로363길,13,,1168011800109240005000795,,서울특별시 강남구 남부순환로363길 13,135859,06268,,,,127.037697092016,37.4860993426011
MA0106202203A0055757,나인프라임푸드,,G2,소매,G221,기타 상품 소매,G22199,그 외 기타 상품 전문 소매업,G47859,그 외 기타 분류 안된 상품 전문 소매업,11,서울특별시,11290,성북구,11290725,월곡2동,1129013600,하월곡동,1129013600100460001,1,대지,46,1,서울특별시 성북구 하월곡동 46-1,112903005046,서울특별시 성북구 화랑로,63,,1129013600100460001016969,,서울특별시 성북구 화랑로 63,136865,02751,,,,127.039533802696,37.6027150788056
MA0106202203A0055756,프레델,,G2,소매,G221,기타 상품 소매,G22199,그 외 기타 상품 전문 소매업,G47859,그 외 기타 분류 안된 상품 전문 소매업,11,서울특별시,11305,강북구,11305535,미아동,1130510100,미아동,1130510100101970001,1,대지,197,1,서울특별시 강북구 미아동 197-1,113054124341,서울특별시 강북구 솔매로49길,14,,1130510100101970001031184,,서울특별시 강북구 솔매로49길 14,142803,01133,,,,127.026972419422,37.6270903575261
MA0106202201A0677851,정중앙시네마,,G2,소매,G221,기타 상품 소매,G22199,그 외 기타 상품 전문 소매업,G47859,그 외 기타 분류 안된 상품 전문 소매업,51,강원특별자치도,51800,양구군,51800250,양구읍,5180025021,양구읍,5180025021103530001,1,대지,353,1,강원특별자치도 양구군 양구읍 상리 353-1,518004496061,강원특별자치도 양구군 양구읍 비봉로73번길,52,1,4280025021103530001000001,,강원특별자치도 양구군 양구읍 비봉로73번길 52-1,255804,24521,,,,127.983822071862,38.1094059287874
MA0106202201A0677869,양구군농업기술센터방산분소,,G2,소매,G221,기타 상품 소매,G22199,그 외 기타 상품 전문 소매업,G47859,그 외 기타 분류 안된 상품 전문 소매업,51,강원특별자치도,51800,양구군,51800315,국토정중앙면,5180031525,국토정중앙면,5180031525111310009,1,대지,1131,9,강원특별자치도 양구군 국토정중앙면 청리 1131-9,518003232012,강원특별자치도 양구군 국토정중앙면 양남로,319,31,4280031025111310010000001,,강원특별자치도 양구군 국토정중앙면 양남로 319-31,255815,24554,,,,128.028680116007,38.1071929433924
MA0106202201A0700962,초록원,,G2,소매,G221,기타 상품 소매,G22199,그 외 기타 상품 전문 소매업,G47859,그 외 기타 분류 안된 상품 전문 소매업,48,경상남도,48270,밀양시,48270520,내이동,4827010200,내이동,4827010200115190006,1,대지,1519,6,경상남도 밀양시 내이동 1519-6,482704808590,경상남도 밀양시 시청로2길,23,,4827010200115190006041791,,경상남도 밀양시 시청로2길 23,627802,50419,,,,128.739883687593,35.5038603823511
MA0106202201A0700961,초록원,,G2,소매,G221,기타 상품 소매,G22199,그 외 기타 상품 전문 소매업,G47859,그 외 기타 분류 안된 상품 전문 소매업,48,경상남도,48330,양산시,48330310,동면,4833031027,동면,4833031027114510005,1,대지,1451,5,경상남도 양산시 동면 금산리 1451-5,483304814092,경상남도 양산시 동면 금오5길,18,13,4833031027114510005000001,,경상남도 양산시 동면 금오5길 18-13,626821,50639,,,,129.023560704551,35.3102498471793
MA0106202201A0765696,고운누리,광화문점,G2,소매,G221,기타 상품 소매,G22199,그 외 기타 상품 전문 소매업,G47859,그 외 기타 분류 안된 상품 전문 소매업,11,서울특별시,11110,종로구,11110530,사직동,1111012100,신문로2가,1111012100100920000,1,대지,92,,서울특별시 종로구 신문로2가 92,111103005004,서울특별시 종로구 새문안로,58,,1111012100101000001000001,,서울특별시 종로구 새문안로 58,110783,03184,,,,126.971576917797,37.5692734195617
MA0106202201A0792970,헤븐센스컴퍼니,,G2,소매,G221,기타 상품 소매,G22199,그 외 기타 상품 전문 소매업,G47859,그 외 기타 분류 안된 상품 전문 소매업,11,서울특별시,11200,성동구,11200670,성수2가1동,1120011500,성수동2가,1120011500103100055,1,대지,310,55,서울특별시 성동구 성수동2가 310-55,112004109413,서울특별시 성동구 연무장길,30,,1120011500103100055000157,,서울특별시 성동구 연무장길 30,133827,04781,,,,127.052797990022,37.5431180893737
MA0106202201A0792969,헤븐센스컴퍼니,,G2,소매,G221,기타 상품 소매,G22199,그 외 기타 상품 전문 소매업,G47859,그 외 기타 분류 안된 상품 전문 소매업,11,서울특별시,11170,용산구,11170650,이태원1동,1117013000,이태원동,1117013000101240005,1,대지,124,5,서울특별시 용산구 이태원동 124-5,111703102009,서울특별시 용산구 이태원로,195,,1117013000101240005010737,,서울특별시 용산구 이태원로 195,140858,04349,,,,126.995666654868,37.5348135817338
MA0106202201A0782592,국가식품클러스터푸드마켓,,G2,소매,G221,기타 상품 소매,G22199,그 외 기타 상품 전문 소매업,G47859,그 외 기타 분류 안된 상품 전문 소매업,52,전북특별자치도,52140,익산시,52140410,왕궁면,5214041021,왕궁면,5214041021114090000,1,대지,1409,,전북특별자치도 익산시 왕궁면 광암리 1409,521403352208,전북특별자치도 익산시 왕궁면 국가식품로,100,,4514041021106060000000001,,전북특별자치도 익산시 왕궁면 국가식품로 100,570941,54576,,,,127.08324993166,35.9801741234564
MA0106202209A0056628,코레일유통대곡역,,G2,소매,G221,기타 상품 소매,G22199,그 외 기타 상품 전문 소매업,G47859,그 외 기타 분류 안된 상품 전문 소매업,41,경기도,41281,고양시 덕양구,41281610,능곡동,4128112200,대장동,4128112200104200001,1,대지,420,1,경기도 고양시 덕양구 대장동 420-1,412814376062,경기도 고양시 덕양구 대주로107번길,71,81,4128112200104200001016495,,경기도 고양시 덕양구 대주로107번길 71-81,412250,10456,,,,126.810070897767,37.6318419409283
MA0106202209A0056580,코레일유통모란역,,G2,소매,G221,기타 상품 소매,G22199,그 외 기타 상품 전문 소매업,G47859,그 외 기타 분류 안된 상품 전문 소매업,41,경기도,41133,성남시 중원구,41133510,성남동,4113310100,성남동,4113310100115750000,1,대지,1575,,경기도 성남시 중원구 성남동 1575,411332000005,경기도 성남시 중원구 성남대로,1147,,4113310100115750000000001,,경기도 성남시 중원구 성남대로 1147,462824,13376,,,,127.129031726683,37.4321904337461
MA0106202209A0056611,코레일유통수원시청역,,G2,소매,G221,기타 상품 소매,G22199,그 외 기타 상품 전문 소매업,G47859,그 외 기타 분류 안된 상품 전문 소매업,41,경기도,41113,수원시 권선구,41113670,권선1동,4111313700,권선동,4111313700111220000,1,대지,1122,,경기도 수원시 권선구 권선동 1122,411133176021,경기도 수원시 권선구 효원로,270,,4111313700111220000000001,,경기도 수원시 권선구 효원로 270,441390,16571,,,,127.03190320047,37.2615745383735
MA0106202209A0056484,코레일유통대화역,,G2,소매,G221,기타 상품 소매,G22199,그 외 기타 상품 전문 소매업,G47859,그 외 기타 분류 안된 상품 전문 소매업,41,경기도,41287,고양시 일산서구,41287570,대화동,4128710400,대화동,4128710400122210000,1,대지,2221,,경기도 고양시 일산서구 대화동 2221,412873192094,경기도 고양시 일산서구 중앙로,1569,,4128710400122210000000001,,경기도 고양시 일산서구 중앙로 1569,411805,10381,,,,126.747306690331,37.6759533401914
MA0106202209A0056527,코레일유통태평역,,G2,소매,G221,기타 상품 소매,G22199,그 외 기타 상품 전문 소매업,G47859,그 외 기타 분류 안된 상품 전문 소매업,41,경기도,41131,성남시 수정구,41131580,수진2동,4113110300,수진동,4113110300129970000,1,대지,2997,,경기도 성남시 수정구 수진동 2997,411312000005,경기도 성남시 수정구 성남대로,1228,,4113110300129980000036293,,경기도 성남시 수정구 성남대로 1228,461872,13316,,,,127.128174200962,37.4395076112301
MA0106202209A0056667,코레일유통미금역,,G2,소매,G221,기타 상품 소매,G22199,그 외 기타 상품 전문 소매업,G47859,그 외 기타 분류 안된 상품 전문 소매업,41,경기도,41135,성남시 분당구,41135662,금곡동,4113511100,금곡동,4113511100102220000,1,대지,222,,경기도 성남시 분당구 금곡동 222,411352000005,경기도 성남시 분당구 성남대로,156,,4113511100102220000000001,,경기도 성남시 분당구 성남대로 156,463869,13627,,,,127.108925391953,37.3500914962462
MA0106202209A0056544,코레일유통백석역,,G2,소매,G221,기타 상품 소매,G22199,그 외 기타 상품 전문 소매업,G47859,그 외 기타 분류 안된 상품 전문 소매업,41,경기도,41285,고양시 일산동구,41285551,백석1동,4128510600,백석동,4128510600115380000,1,대지,1538,,경기도 고양시 일산동구 백석동 1538,412853192094,경기도 고양시 일산동구 중앙로,1042,,4128510600115380000000001,,경기도 고양시 일산동구 중앙로 1042,410361,10450,,,,126.788173987593,37.6431660635111
MA0106202209A0056682,코레일유통문산역,,G2,소매,G221,기타 상품 소매,G22199,그 외 기타 상품 전문 소매업,G47859,그 외 기타 분류 안된 상품 전문 소매업,41,경기도,41480,파주시,41480250,문산읍,4148025021,문산읍,4148025021100170014,1,대지,17,14,경기도 파주시 문산읍 문산리 17-14,414803206032,경기도 파주시 문산읍 문산역로,94,,4148025021100170550011681,,경기도 파주시 문산읍 문산역로 94,413904,10824,,,,126.787536448802,37.8545676869477
MA0106202209A0056686,코레일유통행신역,,G2,소매,G221,기타 상품 소매,G22199,그 외 기타 상품 전문 소매업,G47859,그 외 기타 분류 안된 상품 전문 소매업,41,경기도,41281,고양시 덕양구,41281650,행신2동,4128112800,행신동,4128112800105190003,1,대지,519,3,경기도 고양시 덕양구 행신동 519-3,412813192041,경기도 고양시 덕양구 소원로,114,,4128112800105190003017709,,경기도 고양시 덕양구 소원로 114,412222,10523,,,,126.835547201895,37.612355822698
MA0106202209A0056635,코레일유통정자역,,G2,소매,G221,기타 상품 소매,G22199,그 외 기타 상품 전문 소매업,G47859,그 외 기타 분류 안된 상품 전문 소매업,41,경기도,41135,성남시 분당구,41135550,정자1동,4113510300,정자동,4113510300100950001,1,대지,95,1,경기도 성남시 분당구 정자동 95-1,411352000005,경기도 성남시 분당구 성남대로,333,,4113510300100950001000001,,경기도 성남시 분당구 성남대로 333,463010,13558,,,,127.10806810888,37.3661756211813
MA0106202209A0056476,코레일유통백마역,,G2,소매,G221,기타 상품 소매,G22199,그 외 기타 상품 전문 소매업,G47859,그 외 기타 분류 안된 상품 전문 소매업,41,경기도,41285,고양시 일산동구,41285551,백석1동,4128510600,백석동,4128510600100920000,1,대지,92,,경기도 고양시 일산동구 백석동 92,412853012061,경기도 고양시 일산동구 경의로,318,,4128510600100920000007416,,경기도 고양시 일산동구 경의로 318,410814,10417,,,,126.794454699198,37.6583226734273
MA0106202207A1739124,포도,민락점,G2,소매,G221,기타 상품 소매,G22199,그 외 기타 상품 전문 소매업,G47859,그 외 기타 분류 안된 상품 전문 소매업,26,부산광역시,26500,수영구,26500800,민락동,2650010300,민락동,2650010300101130040,1,대지,113,40,부산광역시 수영구 민락동 113-40,265004214217,부산광역시 수영구 민락수변로17번길,52,,2650010300101130031000001,,부산광역시 수영구 민락수변로17번길 52,613827,48281,,,,129.126886549027,35.1536782059532
MA0106202204A1398008,슈퍼키친강남,구청점,G2,소매,G221,기타 상품 소매,G22199,그 외 기타 상품 전문 소매업,G47859,그 외 기타 분류 안된 상품 전문 소매업,11,서울특별시,11680,강남구,11680590,삼성2동,1168010500,삼성동,1168010500100160000,1,대지,16,,서울특별시 강남구 삼성동 16,116804166816,서울특별시 강남구 학동로68길,7,,1168010500100160000000001,,서울특별시 강남구 학동로68길 7,135092,06090,,,,127.046739610978,37.5176132930154
MA0106202204A1398007,슈퍼키친도화점,,G2,소매,G221,기타 상품 소매,G22199,그 외 기타 상품 전문 소매업,G47859,그 외 기타 분류 안된 상품 전문 소매업,11,서울특별시,11440,마포구,11440585,도화동,1144010400,도화동,1144010400100060038,1,대지,6,38,서울특별시 마포구 도화동 6-38,114404139064,서울특별시 마포구 도화4길,70,,1144010400100060038003185,,서울특별시 마포구 도화4길 70,121812,04171,,,,126.951221607207,37.5391193792843
MA0106202204A1398002,슈퍼키친,잠원점,G2,소매,G221,기타 상품 소매,G22199,그 외 기타 상품 전문 소매업,G47859,그 외 기타 분류 안된 상품 전문 소매업,11,서울특별시,11650,서초구,11650540,잠원동,1165010600,잠원동,1165010600100610009,1,대지,61,9,서울특별시 서초구 잠원동 61-9,116504163528,서울특별시 서초구 잠원로4길,33,2,1165010600100610009019430,,서울특별시 서초구 잠원로4길 33-2,137907,06519,,,,127.01066617377,37.5128106989901
MA0106202203A0789224,붕푸드마켓,창원시티세븐점,G2,소매,G221,기타 상품 소매,G22199,그 외 기타 상품 전문 소매업,G47859,그 외 기타 분류 안된 상품 전문 소매업,48,경상남도,48123,창원시 성산구,48123520,중앙동,4812313700,대원동,4812313700101210000,1,대지,121,,경상남도 창원시 성산구 대원동 121,481232327001,경상남도 창원시 성산구 원이대로,320,,4812112300101210000006152,더시티세븐자이,경상남도 창원시 성산구 원이대로 320,641704,51408,,,,128.654405308052,35.2396678816295
MA0106202204A1071639,우래커뮤니케이션,,G2,소매,G221,기타 상품 소매,G22199,그 외 기타 상품 전문 소매업,G47859,그 외 기타 분류 안된 상품 전문 소매업,11,서울특별시,11500,강서구,11500611,발산1동,1150010600,내발산동,1150010600107500004,1,대지,750,4,서울특별시 강서구 내발산동 750-4,115003115007,서울특별시 강서구 수명로,76,,1150010600107500004000001,,서울특별시 강서구 수명로 76,157937,07635,,,,126.82627388436,37.5527599064368
MA0106202204A1071640,우래커뮤니케이션,,G2,소매,G221,기타 상품 소매,G22199,그 외 기타 상품 전문 소매업,G47859,그 외 기타 분류 안된 상품 전문 소매업,41,경기도,41194,부천시 소사구,41194540,소사본1동,4119410100,소사본동,4119410100104090004,1,대지,409,4,경기도 부천시 소사구 소사본동 409-4,411943185013,경기도 부천시 소사구 은성로,132,,4119710100104090004046691,,경기도 부천시 소사구 은성로 132,422233,14772,,,,126.804210530528,37.4730497068626
MA0106202204A1397979,슈퍼키친마곡수면산파크점,,G2,소매,G221,기타 상품 소매,G22199,그 외 기타 상품 전문 소매업,G47859,그 외 기타 분류 안된 상품 전문 소매업,11,서울특별시,11500,강서구,11500611,발산1동,1150010600,내발산동,1150010600107500011,1,대지,750,11,서울특별시 강서구 내발산동 750-11,115004145058,서울특별시 강서구 강서로47길,165,,1150010600107500011000001,,서울특별시 강서구 강서로47길 165,157937,07635,,,,126.826917383628,37.5534365991788
MA0106202204A1397991,슈퍼키친잠실장미점,,G2,소매,G221,기타 상품 소매,G22199,그 외 기타 상품 전문 소매업,G47859,그 외 기타 분류 안된 상품 전문 소매업,11,서울특별시,11710,송파구,11710710,잠실6동,1171010200,신천동,1171010200100070000,1,대지,7,,서울특별시 송파구 신천동 7,117104169554,서울특별시 송파구 올림픽로35길,112,,1171010200100070000000187,,서울특별시 송파구 올림픽로35길 112,138796,05504,,,,127.102031336469,37.5180109528831
MA0106202204A1397961,슈퍼키친고덕그라시움점,,G2,소매,G221,기타 상품 소매,G22199,그 외 기타 상품 전문 소매업,G47859,그 외 기타 분류 안된 상품 전문 소매업,11,서울특별시,11740,강동구,11740550,고덕1동,1174010200,고덕동,1174010200106390001,1,대지,639,1,서울특별시 강동구 고덕동 639-1,117404172101,서울특별시 강동구 동남로83길,68,8,1174010200106390001023044,,서울특별시 강동구 동남로83길 68-8,134806,05227,,,,127.153132926977,37.5600504428685
MA0106202204A1397985,슈퍼키친,도곡점,G2,소매,G221,기타 상품 소매,G22199,그 외 기타 상품 전문 소매업,G47859,그 외 기타 분류 안된 상품 전문 소매업,11,서울특별시,11680,강남구,11680655,도곡1동,1168011800,도곡동,1168011800109020005,1,대지,902,5,서울특별시 강남구 도곡동 902-5,116804166093,서울특별시 강남구 남부순환로363길,12,53,1168011800109020005000685,,서울특별시 강남구 남부순환로363길 12-53,135859,06269,,,,127.038873257962,37.4865855058775
MA0106202204A1397972,슈퍼키친명일역점,,G2,소매,G221,기타 상품 소매,G22199,그 외 기타 상품 전문 소매업,G47859,그 외 기타 분류 안된 상품 전문 소매업,11,서울특별시,11740,강동구,11740530,명일1동,1174010100,명일동,1174010100103120094,1,대지,312,94,서울특별시 강동구 명일동 312-94,117402000006,서울특별시 강동구 양재대로,1640,,1174010100103120094019273,,서울특별시 강동구 양재대로 1640,134830,05266,,,,127.144255322208,37.5519616619473
MA0106202204A1398012,슈퍼키친,자곡점,G2,소매,G221,기타 상품 소매,G22199,그 외 기타 상품 전문 소매업,G47859,그 외 기타 분류 안된 상품 전문 소매업,11,서울특별시,11680,강남구,11680700,세곡동,1168011200,자곡동,1168011200106360000,1,대지,636,,서울특별시 강남구 자곡동 636,116803122014,서울특별시 강남구 자곡로,114,,1168011200106360000000001,,서울특별시 강남구 자곡로 114,135190,06373,,,,127.096022540246,37.4720556464025
MA0106202201A0792968,헤븐센스컴퍼니,,G2,소매,G221,기타 상품 소매,G22199,그 외 기타 상품 전문 소매업,G47859,그 외 기타 분류 안된 상품 전문 소매업,11,서울특별시,11680,강남구,11680545,압구정동,1168010700,신사동,1168010700106630003,1,대지,663,3,서울특별시 강남구 신사동 663-3,116804166527,서울특별시 강남구 압구정로50길,27,,1168010700106630003009941,,서울특별시 강남구 압구정로50길 27,135897,06018,,,,127.037864476524,37.5264913482343
MA0106202201A0825895,소소곳간,,G2,소매,G221,기타 상품 소매,G22199,그 외 기타 상품 전문 소매업,G47859,그 외 기타 분류 안된 상품 전문 소매업,48,경상남도,48170,진주시,48170695,초장동,4817012200,초전동,4817012200117020008,1,대지,1702,8,경상남도 진주시 초전동 1702-8,481704838075,경상남도 진주시 초북로20번길,30,4,4817012200117020008000001,,경상남도 진주시 초북로20번길 30-4,660360,52731,,,,128.111728832699,35.21311755655
MA0106202201A0667436,라이즈북스탈렌티드,,G2,소매,G221,기타 상품 소매,G22199,그 외 기타 상품 전문 소매업,G47859,그 외 기타 분류 안된 상품 전문 소매업,11,서울특별시,11680,강남구,11680650,역삼2동,1168010100,역삼동,1168010100107860015,1,대지,786,15,서울특별시 강남구 역삼동 786-15,116804166229,서울특별시 강남구 도곡로37길,5,,1168010100107860015025510,,서울특별시 강남구 도곡로37길 5,135515,06230,,,,127.044666910611,37.4941429107349
MA0106202201A0667439,라이즈북스송도,,G2,소매,G221,기타 상품 소매,G22199,그 외 기타 상품 전문 소매업,G47859,그 외 기타 분류 안된 상품 전문 소매업,11,서울특별시,11680,강남구,11680650,역삼2동,1168010100,역삼동,1168010100107860015,1,대지,786,15,서울특별시 강남구 역삼동 786-15,116804166229,서울특별시 강남구 도곡로37길,5,,1168010100107860015025510,,서울특별시 강남구 도곡로37길 5,135515,06230,,,,127.044666910611,37.4941429107349
MA0106202206A2243856,씨제이올리브영왕십리역사점,,G2,소매,G221,기타 상품 소매,G22199,그 외 기타 상품 전문 소매업,G47859,그 외 기타 분류 안된 상품 전문 소매업,11,서울특별시,11200,성동구,11200560,행당1동,1120010700,행당동,1120010700101680151,1,대지,168,151,서울특별시 성동구 행당동 168-151,112003103005,서울특별시 성동구 왕십리광장로,17,,1120010700101680001017508,,서울특별시 성동구 왕십리광장로 17,133866,04750,,,,127.038391477602,37.5614409428511
MA0106202206A2243471,씨제이올리브영대전마치,광장점,G2,소매,G221,기타 상품 소매,G22199,그 외 기타 상품 전문 소매업,G47859,그 외 기타 분류 안된 상품 전문 소매업,30,대전광역시,30170,서구,30170597,관저2동,3017011600,관저동,3017011600115130000,1,대지,1513,,대전광역시 서구 관저동 1513,301704298628,대전광역시 서구 구봉로131번길,49,,3017011600115130000000001,,대전광역시 서구 구봉로131번길 49,302812,35382,,,,127.337163842388,36.2985316199787
MA0106202206A2243876,씨제이올리브영전주효자동점,,G2,소매,G221,기타 상품 소매,G22199,그 외 기타 상품 전문 소매업,G47859,그 외 기타 분류 안된 상품 전문 소매업,52,전북특별자치도,52111,전주시 완산구,52111713,효자3동,5211114000,효자동1가,5211114000104410005,1,대지,441,5,전북특별자치도 전주시 완산구 효자동1가 441-5,521113266053,전북특별자치도 전주시 완산구 용머리로,54,,4511114000104410005012773,,전북특별자치도 전주시 완산구 용머리로 54,560856,55080,,,,127.116259919964,35.8062956964297
MA0106202206A2243167,씨제이올리브영,구파발점,G2,소매,G221,기타 상품 소매,G22199,그 외 기타 상품 전문 소매업,G47859,그 외 기타 분류 안된 상품 전문 소매업,11,서울특별시,11380,은평구,11380690,진관동,1138011400,진관동,1138011400100700001,1,대지,70,1,서울특별시 은평구 진관동 70-1,113803111010,서울특별시 은평구 진관2로,15,40,1138011400100680000000001,,서울특별시 은평구 진관2로 15-40,122200,03306,,,,126.919138804945,37.6380847876115
MA0106202204A1397984,슈퍼키친행당역점,,G2,소매,G221,기타 상품 소매,G22199,그 외 기타 상품 전문 소매업,G47859,그 외 기타 분류 안된 상품 전문 소매업,11,서울특별시,11200,성동구,11200570,행당2동,1120010700,행당동,1120010700103460000,1,대지,346,,서울특별시 성동구 행당동 346,112003103006,서울특별시 성동구 행당로,84,,1120010700103460000017329,해모로한진타운,서울특별시 성동구 행당로 84,133777,04717,,,,127.028746463834,37.5565692910007
MA0106202204A1398021,슈퍼키친,여의도점,G2,소매,G221,기타 상품 소매,G22199,그 외 기타 상품 전문 소매업,G47859,그 외 기타 분류 안된 상품 전문 소매업,11,서울특별시,11560,영등포구,11560540,여의동,1156011000,여의도동,1156011000100410002,1,대지,41,2,서울특별시 영등포구 여의도동 41-2,115603118028,서울특별시 영등포구 여의대방로,417,,1156011000100410002031425,,서울특별시 영등포구 여의대방로 417,150889,07340,,,,126.934321723502,37.521055121863
MA0106202204A1398010,슈퍼키친,개포점,G2,소매,G221,기타 상품 소매,G22199,그 외 기타 상품 전문 소매업,G47859,그 외 기타 분류 안된 상품 전문 소매업,11,서울특별시,11680,강남구,11680670,개포2동,1168010300,개포동,1168010300101860004,1,대지,186,4,서울특별시 강남구 개포동 186-4,116804166068,서울특별시 강남구 개포로82길,13,9,1168010300101860004019912,,서울특별시 강남구 개포로82길 13-9,135994,06329,,,,127.067753046571,37.4886538022317
MA0106202204A1398022,슈퍼키친,헬리오시티점,G2,소매,G221,기타 상품 소매,G22199,그 외 기타 상품 전문 소매업,G47859,그 외 기타 분류 안된 상품 전문 소매업,11,서울특별시,11710,송파구,11710631,가락1동,1171010700,가락동,1171010700109150000,1,대지,915,,서울특별시 송파구 가락동 915,117102000006,서울특별시 송파구 양재대로,921,,1171010700104790000006366,,서울특별시 송파구 양재대로 921,138161,05698,,,,127.109442822125,37.496371197596
MA0106202204A1397989,슈퍼키친,압구정점,G2,소매,G221,기타 상품 소매,G22199,그 외 기타 상품 전문 소매업,G47859,그 외 기타 분류 안된 상품 전문 소매업,11,서울특별시,11680,강남구,11680545,압구정동,1168010700,신사동,1168010700106390007,1,대지,639,7,서울특별시 강남구 신사동 639-7,116804166602,서울특별시 강남구 언주로174길,29,,1168010700106390007027539,,서울특별시 강남구 언주로174길 29,135896,06017,,,,127.036439832751,37.5281135998124
MA0106202204A1397998,슈퍼키친상일동역점,,G2,소매,G221,기타 상품 소매,G22199,그 외 기타 상품 전문 소매업,G47859,그 외 기타 분류 안된 상품 전문 소매업,11,서울특별시,11740,강동구,11740525,상일1동,1174010300,상일동,1174010300105200000,1,대지,520,,서울특별시 강동구 상일동 520,117403124001,서울특별시 강동구 고덕로,380,,1174010300101210000020685,고덕아르테온아파트,서울특별시 강동구 고덕로 380,134090,05274,,,,127.168132599741,37.5564801104616
MA0106202206A0235478,오아시스,반송점,G2,소매,G221,기타 상품 소매,G22199,그 외 기타 상품 전문 소매업,G47859,그 외 기타 분류 안된 상품 전문 소매업,41,경기도,41590,화성시,41590586,동탄2동,4159012700,반송동,4159012700102200005,1,대지,220,5,경기도 화성시 반송동 220-5,415903210170,경기도 화성시 동탄솔빛로,51,,4159012700104540000000003,,경기도 화성시 동탄솔빛로 51,445160,18443,,,,127.073041244066,37.1936353440033
MA0106202201A0787752,청정마켓,,G2,소매,G221,기타 상품 소매,G22199,그 외 기타 상품 전문 소매업,G47859,그 외 기타 분류 안된 상품 전문 소매업,28,인천광역시,28200,남동구,28200650,장수서창동,2820010400,장수동,2820010400107690015,1,대지,769,15,인천광역시 남동구 장수동 769-15,282003153074,인천광역시 남동구 장자북로,27,,2820010400107690015012495,,인천광역시 남동구 장자북로 27,405250,21532,,,,126.752899775789,37.4518068491866
MA0106202201A0879415,한국교통대학교소비조합,,G2,소매,G221,기타 상품 소매,G22199,그 외 기타 상품 전문 소매업,G47859,그 외 기타 분류 안된 상품 전문 소매업,43,충청북도,43130,충주시,43130335,대소원면,4313033529,대소원면,4313033529101230000,1,대지,123,,충청북도 충주시 대소원면 검단리 123,431303238012,충청북도 충주시 대소원면 대학로,50,,4313033029101230000041060,,충청북도 충주시 대소원면 대학로 50,380702,27469,,,,127.872565030855,36.9688334248565
MA0106202204A1397997,슈퍼키친신방화역점,,G2,소매,G221,기타 상품 소매,G22199,그 외 기타 상품 전문 소매업,G47859,그 외 기타 분류 안된 상품 전문 소매업,11,서울특별시,11500,강서구,11500630,방화1동,1150010500,마곡동,1150010500107390003,1,대지,739,3,서울특별시 강서구 마곡동 739-3,115003155051,서울특별시 강서구 마곡중앙5로,81,,1150010500107310124000001,,서울특별시 강서구 마곡중앙5로 81,157855,07599,,,,126.81877000842,37.5670924803994
MA0106202204A1397958,슈퍼키친봉은사역점,,G2,소매,G221,기타 상품 소매,G22199,그 외 기타 상품 전문 소매업,G47859,그 외 기타 분류 안된 상품 전문 소매업,11,서울특별시,11680,강남구,11680580,삼성1동,1168010500,삼성동,1168010500101080012,1,대지,108,12,서울특별시 강남구 삼성동 108-12,116804166324,서울특별시 강남구 봉은사로103길,6,,1168010500101080012015420,,서울특별시 강남구 봉은사로103길 6,135873,06083,,,,127.06177060714,37.5150114985067
MA0106202204A1397968,슈퍼키친상암월드컵파크점,,G2,소매,G221,기타 상품 소매,G22199,그 외 기타 상품 전문 소매업,G47859,그 외 기타 분류 안된 상품 전문 소매업,11,서울특별시,11440,마포구,11440740,상암동,1144012700,상암동,1144012700117400000,1,대지,1740,,서울특별시 마포구 상암동 1740,114403113019,서울특별시 마포구 월드컵북로,502,,1144012700117400000000001,,서울특별시 마포구 월드컵북로 502,121270,03918,,,,126.879875561381,37.5850461886383
MA0106202202A1577677,킹콩백화점,하남점,G2,소매,G221,기타 상품 소매,G22199,그 외 기타 상품 전문 소매업,G47859,그 외 기타 분류 안된 상품 전문 소매업,41,경기도,41450,하남시,41450580,감북동,4145011300,감북동,4145011300103450002,1,대지,345,2,경기도 하남시 감북동 345-2,414503202006,경기도 하남시 감초로,64,,4145011300103450002015886,,경기도 하남시 감초로 64,465818,12990,,,,127.159950420845,37.5195685230802
MA0106202202A1577664,킹콩백화점,천안점,G2,소매,G221,기타 상품 소매,G22199,그 외 기타 상품 전문 소매업,G47859,그 외 기타 분류 안된 상품 전문 소매업,44,충청남도,44133,천안시 서북구,44133580,부성1동,4413311000,신당동,4413311000106360000,1,대지,636,,충청남도 천안시 서북구 신당동 636,441334550498,충청남도 천안시 서북구 업성3길,189,,4413311000106360000038156,,충청남도 천안시 서북구 업성3길 189,331280,31080,,,,127.149097954545,36.8643555091242
MA0106202208A0489248,롯데제과원주지점(육가공)푸,,G2,소매,G221,기타 상품 소매,G22199,그 외 기타 상품 전문 소매업,G47859,그 외 기타 분류 안된 상품 전문 소매업,51,강원특별자치도,51130,원주시,51130600,우산동,5113011100,우산동,5113011100200590000,2,산,59,,강원특별자치도 원주시 우산동 산59,511303219038,강원특별자치도 원주시 우무개로,182,,4213011100200590000000001,,강원특별자치도 원주시 우무개로 182,220130,26344,,,,127.924888381125,37.3664921192529
MA0106202208A0489258,롯데제과(육가공)푸,서부지점,G2,소매,G221,기타 상품 소매,G22199,그 외 기타 상품 전문 소매업,G47859,그 외 기타 분류 안된 상품 전문 소매업,28,인천광역시,28237,부평구,28237592,청천2동,2823710400,청천동,2823710400104030015,1,대지,403,15,인천광역시 부평구 청천동 403-15,282373154055,인천광역시 부평구 청천마차로,200,,2823710400104030015003280,,인천광역시 부평구 청천마차로 200,403858,21314,,,,126.713116135847,37.5232297471132
MA0106202201A0775877,신구멍가게24,,G2,소매,G221,기타 상품 소매,G22199,그 외 기타 상품 전문 소매업,G47859,그 외 기타 분류 안된 상품 전문 소매업,44,충청남도,44800,홍성군,44800250,홍성읍,4480025026,홍성읍,4480025026100750030,1,대지,75,30,충청남도 홍성군 홍성읍 남장리 75-30,448004586228,충청남도 홍성군 홍성읍 문화로72번길,89,,4480025026100750030039826,,충청남도 홍성군 홍성읍 문화로72번길 89,350803,32239,,,,126.668393573408,36.5916050824261
MA0106202201A0922792,논산지역자활센터더좋은마켓,,G2,소매,G221,기타 상품 소매,G22199,그 외 기타 상품 전문 소매업,G47859,그 외 기타 분류 안된 상품 전문 소매업,44,충청남도,44230,논산시,44230510,취암동,4423010500,취암동,4423010500103720098,1,대지,372,98,충청남도 논산시 취암동 372-98,442304565543,충청남도 논산시 시민로360번길,7,1,4423010500103720098045345,,충청남도 논산시 시민로360번길 7-1,320804,32954,,,,127.089461497803,36.1976881228174
MA0106202201A0698459,친절한나나씨하나로마트점,,G2,소매,G221,기타 상품 소매,G22199,그 외 기타 상품 전문 소매업,G47859,그 외 기타 분류 안된 상품 전문 소매업,51,강원특별자치도,51130,원주시,51130590,단계동,5113011000,단계동,5113011000108030002,1,대지,803,2,강원특별자치도 원주시 단계동 803-2,511303219022,강원특별자치도 원주시 무실로,182,,4213011000108030001023119,,강원특별자치도 원주시 무실로 182,220937,26434,,,,127.93927399303,37.3414571915807
MA0106202201A0701453,동해다,,G2,소매,G221,기타 상품 소매,G22199,그 외 기타 상품 전문 소매업,G47859,그 외 기타 분류 안된 상품 전문 소매업,51,강원특별자치도,51170,동해시,51170520,송정동,5117010300,송정동,5117010300200240022,2,산,24,22,강원특별자치도 동해시 송정동 산24-22,511704463076,강원특별자치도 동해시 동해역길,69,,4217010300009490001009689,,강원특별자치도 동해시 동해역길 69,240130,25785,,,,129.12424571412,37.4990492754374
MA0106202201A0770816,하이샵,,G2,소매,G221,기타 상품 소매,G22199,그 외 기타 상품 전문 소매업,G47859,그 외 기타 분류 안된 상품 전문 소매업,41,경기도,41430,의왕시,41430510,고천동,4143010400,왕곡동,4143010400102600000,1,대지,260,,경기도 의왕시 왕곡동 260,414303201025,경기도 의왕시 오전로,24,,4143010400102600000007058,,경기도 의왕시 오전로 24,437801,16066,,,,126.983172417419,37.3478698534582
MA0106202206A1813414,포셋,,G2,소매,G221,기타 상품 소매,G22199,그 외 기타 상품 전문 소매업,G47859,그 외 기타 분류 안된 상품 전문 소매업,11,서울특별시,11410,서대문구,11410615,연희동,1141011700,연희동,1141011700100920018,1,대지,92,18,서울특별시 서대문구 연희동 92-18,114103112010,서울특별시 서대문구 증가로,18,,1141011700100920018019828,,서울특별시 서대문구 증가로 18,120824,03698,,,,126.93126776842,37.5700046594858
MA0106202203A2193398,용비쉼터,,G2,소매,G221,기타 상품 소매,G22199,그 외 기타 상품 전문 소매업,G47859,그 외 기타 분류 안된 상품 전문 소매업,11,서울특별시,11200,성동구,11200620,금호4가동,1120011200,금호동4가,1120011200200280001,2,산,28,1,서울특별시 성동구 금호동4가 산28-1,112004109087,서울특별시 성동구 독서당로44길,25,,1120011200200280001012500,,서울특별시 성동구 독서당로44길 25,133094,04740,,,,127.020402439342,37.5454797385025
MA0106202205A0962112,커피몰,선화점,G2,소매,G221,기타 상품 소매,G22199,그 외 기타 상품 전문 소매업,G47859,그 외 기타 분류 안된 상품 전문 소매업,30,대전광역시,30140,중구,30140535,은행선화동,3014010200,선화동,3014010200103800002,1,대지,380,2,대전광역시 중구 선화동 380-2,301403165023,대전광역시 중구 선화서로,16,,3014010200103800002019279,,대전광역시 중구 선화서로 16,301826,34864,,,,127.419691058497,36.3252517287672
MA0106202205A0962117,커피몰,장대점,G2,소매,G221,기타 상품 소매,G22199,그 외 기타 상품 전문 소매업,G47859,그 외 기타 분류 안된 상품 전문 소매업,30,대전광역시,30200,유성구,30200540,온천2동,3020011700,장대동,3020011700103410004,1,대지,341,4,대전광역시 유성구 장대동 341-4,302002167001,대전광역시 유성구 유성대로,798,1,3020011700103410004011064,,대전광역시 유성구 유성대로 798-1,305308,34166,,,,127.337698474379,36.3631086106124
MA0106202205A1076244,우래커뮤니케이션,,G2,소매,G221,기타 상품 소매,G22199,그 외 기타 상품 전문 소매업,G47859,그 외 기타 분류 안된 상품 전문 소매업,11,서울특별시,11620,관악구,11620565,성현동,1162010100,봉천동,1162010100104820011,1,대지,482,11,서울특별시 관악구 봉천동 482-11,116204160045,서울특별시 관악구 구암길,37,,1162010100104820011033671,,서울특별시 관악구 구암길 37,151804,08724,,,,126.947737296422,37.4894996071914
MA0106202203A0283538,맛상쿡123,,G2,소매,G221,기타 상품 소매,G22199,그 외 기타 상품 전문 소매업,G47859,그 외 기타 분류 안된 상품 전문 소매업,41,경기도,41135,성남시 분당구,41135545,정자동,4113510300,정자동,4113510300100850003,1,대지,85,3,경기도 성남시 분당구 정자동 85-3,411354340042,경기도 성남시 분당구 느티로51번길,8,4,4113510300100850003029140,,경기도 성남시 분당구 느티로51번길 8-4,463874,13610,,,,127.110612578652,37.3692277468166
MA0106202203A0236268,오아시스,목동2호점,G2,소매,G221,기타 상품 소매,G22199,그 외 기타 상품 전문 소매업,G47859,그 외 기타 분류 안된 상품 전문 소매업,11,서울특별시,11470,양천구,11470510,목1동,1147010200,목동,1147010200109170006,1,대지,917,6,서울특별시 양천구 목동 917-6,114703114001,서울특별시 양천구 목동동로,309,,1147010200109170006021225,,서울특별시 양천구 목동동로 309,158721,07997,,,,126.876005591962,37.5291443425945
MA0106202208A2249421,씨제이올리브영인천검단,센트럴점,G2,소매,G221,기타 상품 소매,G22199,그 외 기타 상품 전문 소매업,G47859,그 외 기타 분류 안된 상품 전문 소매업,28,인천광역시,28260,서구,28260740,아라동,2826011500,원당동,2826011500110410003,1,대지,1041,3,인천광역시 서구 원당동 1041-3,282602348252,인천광역시 서구 이음대로,388,,2826011500100000000000127,,인천광역시 서구 이음대로 388,404320,22866,,,,126.712700861164,37.5931188646227
MA0106202208A2249021,씨제이올리브영점,마곡나루역,G2,소매,G221,기타 상품 소매,G22199,그 외 기타 상품 전문 소매업,G47859,그 외 기타 분류 안된 상품 전문 소매업,11,서울특별시,11500,강서구,11500603,가양1동,1150010500,마곡동,1150010500107590005,1,대지,759,5,서울특별시 강서구 마곡동 759-5,115003155051,서울특별시 강서구 마곡중앙5로,18,,1150010500107590005000001,,서울특별시 강서구 마곡중앙5로 18,157805,07788,,,,126.825844075114,37.5672472868323
MA0106202208A2249627,씨제이올리브영롯데몰,은평점,G2,소매,G221,기타 상품 소매,G22199,그 외 기타 상품 전문 소매업,G47859,그 외 기타 분류 안된 상품 전문 소매업,11,서울특별시,11380,은평구,11380690,진관동,1138011400,진관동,1138011400100630000,1,대지,63,,서울특별시 은평구 진관동 63,113803000008,서울특별시 은평구 통일로,1050,,1138011400100610000000001,,서울특별시 은평구 통일로 1050,122200,03306,,,,126.917904446409,37.6375433442934
MA0106202208A2249541,씨제이올리브영의정부엘,스퀘어점,G2,소매,G221,기타 상품 소매,G22199,그 외 기타 상품 전문 소매업,G47859,그 외 기타 분류 안된 상품 전문 소매업,41,경기도,41150,의정부시,41150578,송산3동,4115010600,민락동,4115010600109050000,1,대지,905,,경기도 의정부시 민락동 905,411503181035,경기도 의정부시 용민로,493,,4115010600109050000000001,,경기도 의정부시 용민로 493,480090,11815,,,,127.118575115403,37.7500171920226
MA0106202208A2249095,씨제이올리브영테헤란로점,,G2,소매,G221,기타 상품 소매,G22199,그 외 기타 상품 전문 소매업,G47859,그 외 기타 분류 안된 상품 전문 소매업,11,서울특별시,11680,강남구,11680610,대치2동,1168010600,대치동,1168010600109440000,1,대지,944,,서울특별시 강남구 대치동 944,116803122010,서울특별시 강남구 테헤란로,514,,1168010600109440000014505,,서울특별시 강남구 테헤란로 514,135846,06180,,,,127.059751161984,37.5074260812831
MA0106202201A0819567,올리브영창원대방점,,G2,소매,G221,기타 상품 소매,G22199,그 외 기타 상품 전문 소매업,G47859,그 외 기타 분류 안된 상품 전문 소매업,48,경상남도,48123,창원시 성산구,48123540,사파동,4812310500,대방동,4812310500103650001,1,대지,365,1,경상남도 창원시 성산구 대방동 365-1,481234784002,경상남도 창원시 성산구 가양로124번길,19,,4812310500103650001034498,,경상남도 창원시 성산구 가양로124번길 19,642805,51465,,,,128.707569325345,35.2075670243796
MA0106202201A0894768,금강마트,,G2,소매,G221,기타 상품 소매,G22199,그 외 기타 상품 전문 소매업,G47859,그 외 기타 분류 안된 상품 전문 소매업,30,대전광역시,30110,동구,30110630,가양2동,3011011400,가양동,3011011400106460008,1,대지,646,8,대전광역시 동구 가양동 646-8,301104292219,대전광역시 동구 동서대로1770번길,47,,3011011400106460008003008,,대전광역시 동구 동서대로1770번길 47,300801,34527,,,,127.446209297626,36.3528758010969
MA0106202201A0735382,공차대구,만촌점,G2,소매,G221,기타 상품 소매,G22199,그 외 기타 상품 전문 소매업,G47859,그 외 기타 분류 안된 상품 전문 소매업,27,대구광역시,27260,수성구,27260550,만촌1동,2726010200,만촌동,2726010200113560005,1,대지,1356,5,대구광역시 수성구 만촌동 1356-5,272603146007,대구광역시 수성구 동원로,136,,2726010200113560005035126,,대구광역시 수성구 동원로 136,706803,42037,,,,128.63714464287,35.8712065290455
MA0106202201A0801360,디헬스케어,,G2,소매,G221,기타 상품 소매,G22199,그 외 기타 상품 전문 소매업,G47859,그 외 기타 분류 안된 상품 전문 소매업,11,서울특별시,11680,강남구,11680630,대치4동,1168010600,대치동,1168010600108960027,1,대지,896,27,서울특별시 강남구 대치동 896-27,116804166495,서울특별시 강남구 선릉로86길,38,,1168010600108960027000001,,서울특별시 강남구 선릉로86길 38,135840,06197,,,,127.052770288544,37.5037983553265
MA0106202201A0801361,디헬스케어,,G2,소매,G221,기타 상품 소매,G22199,그 외 기타 상품 전문 소매업,G47859,그 외 기타 분류 안된 상품 전문 소매업,11,서울특별시,11440,마포구,11440660,서교동,1144012000,서교동,1144012000103580057,1,대지,358,57,서울특별시 마포구 서교동 358-57,114403113015,서울특별시 마포구 어울마당로,86,,1144012000103580057129419,,서울특별시 마포구 어울마당로 86,121838,04040,,,,126.921845363476,37.5526906545226
MA0106202201A0824690,씨앤코컴퍼니,,G2,소매,G221,기타 상품 소매,G22199,그 외 기타 상품 전문 소매업,G47859,그 외 기타 분류 안된 상품 전문 소매업,11,서울특별시,11680,강남구,11680640,역삼1동,1168010100,역삼동,1168010100107380000,1,대지,738,,서울특별시 강남구 역삼동 738,116804166635,서울특별시 강남구 역삼로17길,60,,1168010100107380000024038,,서울특별시 강남구 역삼로17길 60,135924,06237,,,,127.036493332859,37.498587681015
MA0106202208A1942107,김보람초콜릿,,G2,소매,G221,기타 상품 소매,G22199,그 외 기타 상품 전문 소매업,G47859,그 외 기타 분류 안된 상품 전문 소매업,31,울산광역시,31110,중구,31110640,약사동,3111011700,약사동,3111011700104130020,1,대지,413,20,울산광역시 중구 약사동 413-20,311104307540,울산광역시 중구 종가15길,2,6,3111011700104130020000001,,울산광역시 중구 종가15길 2-6,681430,44546,,,,129.338771825249,35.5780726886908
MA0106202207A0722298,아이스크림&까까장지지점,,G2,소매,G221,기타 상품 소매,G22199,그 외 기타 상품 전문 소매업,G47859,그 외 기타 분류 안된 상품 전문 소매업,41,경기도,41610,광주시,41610560,광남1동,4161011100,장지동,4161011100100420004,1,대지,42,4,경기도 광주시 장지동 42-4,416104433404,경기도 광주시 장지1길,28,,4161011100100420004000001,,경기도 광주시 장지1길 28,464070,12777,,,,127.245155709341,37.39617318758
MA0106202204A0500694,평화로휴게소,,G2,소매,G221,기타 상품 소매,G22199,그 외 기타 상품 전문 소매업,G47859,그 외 기타 분류 안된 상품 전문 소매업,50,제주특별자치도,50110,제주시,50110660,노형동,5011013900,해안동,5011013900123850000,1,대지,2385,,제주특별자치도 제주시 해안동 2385,501103349042,제주특별자치도 제주시 노형로,19,,5011013900123850000000001,,제주특별자치도 제주시 노형로 19,690840,63061,,,,126.449430106826,33.4620145802894
MA0106202204A2233525,씨제이올리브영중곡역점,,G2,소매,G221,기타 상품 소매,G22199,그 외 기타 상품 전문 소매업,G47859,그 외 기타 분류 안된 상품 전문 소매업,11,서울특별시,11215,광진구,11215760,중곡3동,1121510100,중곡동,1121510100100300080,1,대지,30,80,서울특별시 광진구 중곡동 30-80,112153104007,서울특별시 광진구 능동로,400,,1121510100100300080000001,,서울특별시 광진구 능동로 400,143884,04933,,,,127.084686991291,37.5648946577362
MA0106202204A2234239,씨제이올리브영부천고강점,,G2,소매,G221,기타 상품 소매,G22199,그 외 기타 상품 전문 소매업,G47859,그 외 기타 분류 안된 상품 전문 소매업,41,경기도,41196,부천시 오정구,41196540,고강본동,4119610500,고강동,4119610500103480001,1,대지,348,1,경기도 부천시 오정구 고강동 348-1,411963184012,경기도 부천시 오정구 역곡로,482,,4119012100103480001000001,,경기도 부천시 오정구 역곡로 482,421803,14408,,,,126.816353956178,37.5276520784914
MA0106202201A0813001,선한에프앤비,,G2,소매,G221,기타 상품 소매,G22199,그 외 기타 상품 전문 소매업,G47859,그 외 기타 분류 안된 상품 전문 소매업,11,서울특별시,11710,송파구,11710642,문정2동,1171010800,문정동,1171010800106420000,1,대지,642,,서울특별시 송파구 문정동 642,117102005011,서울특별시 송파구 송파대로,201,,1171010800101970001000001,,서울특별시 송파구 송파대로 201,138888,05854,,,,127.120658284786,37.4878007103813
MA0106202201A0899514,아이티비,,G2,소매,G221,기타 상품 소매,G22199,그 외 기타 상품 전문 소매업,G47859,그 외 기타 분류 안된 상품 전문 소매업,30,대전광역시,30230,대덕구,30230543,송촌동,3023010700,송촌동,3023010700104530012,1,대지,453,12,대전광역시 대덕구 송촌동 453-12,302304304295,대전광역시 대덕구 송촌북로20번길,13,12,3023010700104530012023052,,대전광역시 대덕구 송촌북로20번길 13-12,306813,34408,,,,127.43735269496,36.3648670945085
MA0106202201A0922451,에스엘피,,G2,소매,G221,기타 상품 소매,G22199,그 외 기타 상품 전문 소매업,G47859,그 외 기타 분류 안된 상품 전문 소매업,52,전북특별자치도,52800,부안군,52800250,부안읍,5280025024,부안읍,5280025024105740043,1,대지,574,43,전북특별자치도 부안군 부안읍 봉덕리 574-43,528003280032,전북특별자치도 부안군 부안읍 번영로,165,,4580025024105740043023934,,전북특별자치도 부안군 부안읍 번영로 165,579805,56307,,,,126.73839862273,35.7269902241479
MA0106202209A2252443,씨제이올리브영단대오거리역점,,G2,소매,G221,기타 상품 소매,G22199,그 외 기타 상품 전문 소매업,G47859,그 외 기타 분류 안된 상품 전문 소매업,41,경기도,41133,성남시 중원구,41133540,금광2동,4113310300,금광동,4113310300143550000,1,대지,4355,,경기도 성남시 중원구 금광동 4355,411334337215,경기도 성남시 중원구 산성대로372번길,13,,4113310300143550000024989,,경기도 성남시 중원구 산성대로372번길 13,462805,13179,,,,127.15856004145,37.4451291234552
MA0106202209A2252336,씨제이올리브영,대전역점,G2,소매,G221,기타 상품 소매,G22199,그 외 기타 상품 전문 소매업,G47859,그 외 기타 분류 안된 상품 전문 소매업,30,대전광역시,30110,동구,30110515,중앙동,3011011900,정동,3011011900100150001,1,대지,15,1,대전광역시 동구 정동 15-1,301103010002,대전광역시 동구 대전로,822,,3011011900100150001020885,,대전광역시 동구 대전로 822,300150,34626,,,,127.432194549763,36.3327590308565
MA0106202209A2252499,씨제이올리브영용인역북점,,G2,소매,G221,기타 상품 소매,G22199,그 외 기타 상품 전문 소매업,G47859,그 외 기타 분류 안된 상품 전문 소매업,41,경기도,41461,용인시 처인구,41461525,역북동,4146110200,역북동,4146110200108020000,1,대지,802,,경기도 용인시 처인구 역북동 802,414612012012,경기도 용인시 처인구 중부대로,1294,,4146110200105100000000001,,경기도 용인시 처인구 중부대로 1294,449070,17054,,,,127.188299127512,37.2354790565197
MA0106202209A2252453,씨제이올리브영염창역9호선점,,G2,소매,G221,기타 상품 소매,G22199,그 외 기타 상품 전문 소매업,G47859,그 외 기타 분류 안된 상품 전문 소매업,11,서울특별시,11500,강서구,11500510,염창동,1150010100,염창동,1150010100102840084,1,대지,284,84,서울특별시 강서구 염창동 284-84,115002005007,서울특별시 강서구 공항대로,631,,1150010100102840084000001,,서울특별시 강서구 공항대로 631,157864,07558,,,,126.875002734507,37.5470641702738
MA0106202209A2252242,씨제이올리브영신논현역점,,G2,소매,G221,기타 상품 소매,G22199,그 외 기타 상품 전문 소매업,G47859,그 외 기타 분류 안된 상품 전문 소매업,11,서울특별시,11680,강남구,11680640,역삼1동,1168010100,역삼동,1168010100108000000,1,대지,800,,서울특별시 강남구 역삼동 800,116803122004,서울특별시 강남구 봉은사로,102,,1168010800102800000000001,,서울특별시 강남구 봉은사로 102,135081,06120,,,,127.025028277589,37.5046274056263
MA0106202209A2251923,씨제이올리브영부산,문현점,G2,소매,G221,기타 상품 소매,G22199,그 외 기타 상품 전문 소매업,G47859,그 외 기타 분류 안된 상품 전문 소매업,26,부산광역시,26290,남구,26290700,문현3동,2629010900,문현동,2629010900103590022,1,대지,359,22,부산광역시 남구 문현동 359-22,262903131037,부산광역시 남구 수영로,31,,2629010900103590022015517,,부산광역시 남구 수영로 31,608822,48419,,,,129.07129022553,35.1372584120034
MA0106202209A2252306,씨제이올리브영대구,내당점,G2,소매,G221,기타 상품 소매,G22199,그 외 기타 상품 전문 소매업,G47859,그 외 기타 분류 안된 상품 전문 소매업,27,대구광역시,27170,서구,27170510,내당1동,2717010100,내당동,2717010100102190015,1,대지,219,15,대구광역시 서구 내당동 219-15,271704229074,대구광역시 서구 달구벌대로361길,1,,2717010100102190015012993,,대구광역시 서구 달구벌대로361길 1,703802,41866,,,,128.561665070243,35.8596947447765
MA0106202207A2193826,지베이프,,G2,소매,G221,기타 상품 소매,G22199,그 외 기타 상품 전문 소매업,G47859,그 외 기타 분류 안된 상품 전문 소매업,41,경기도,41135,성남시 분당구,41135550,정자1동,4113510300,정자동,4113510300100170001,1,대지,17,1,경기도 성남시 분당구 정자동 17-1,411353180004,경기도 성남시 분당구 느티로,16,,4113510300100170001049116,,경기도 성남시 분당구 느티로 16,463847,13558,,,,127.106309861394,37.3681684820408
MA0106202207A1989127,캔들앤마켓오호,,G2,소매,G221,기타 상품 소매,G22199,그 외 기타 상품 전문 소매업,G47859,그 외 기타 분류 안된 상품 전문 소매업,48,경상남도,48840,남해군,48840310,이동면,4884031025,이동면,4884031025107330005,1,대지,733,5,경상남도 남해군 이동면 신전리 733-5,488403343024,경상남도 남해군 이동면 성남로,97,,4884031025107330005000001,,경상남도 남해군 이동면 성남로 97,668813,52432,,,,127.951016109007,34.7787153551977
MA0106202206A2243256,씨제이올리브영패션아일랜드,대전점,G2,소매,G221,기타 상품 소매,G22199,그 외 기타 상품 전문 소매업,G47859,그 외 기타 분류 안된 상품 전문 소매업,30,대전광역시,30110,동구,30110530,효동,3011010500,가오동,3011010500105570000,1,대지,557,,대전광역시 동구 가오동 557,301103010015,대전광역시 동구 은어송로,72,,3011010500105570000033146,,대전광역시 동구 은어송로 72,300030,34681,,,,127.457983625581,36.3069704393382
MA0106202206A2243972,씨제이올리브영경기광주초월역점,,G2,소매,G221,기타 상품 소매,G22199,그 외 기타 상품 전문 소매업,G47859,그 외 기타 분류 안된 상품 전문 소매업,41,경기도,41610,광주시,41610253,초월읍,4161025322,초월읍,4161025322102600045,1,대지,260,45,경기도 광주시 초월읍 쌍동리 260-45,416102012002,경기도 광주시 초월읍 경충대로,1087,,4161025322102600045249284,,경기도 광주시 초월읍 경충대로 1087,464861,12736,,,,127.297333993019,37.3741046372275
MA0106202206A2244010,씨제이올리브영,천안신부점,G2,소매,G221,기타 상품 소매,G22199,그 외 기타 상품 전문 소매업,G47859,그 외 기타 분류 안된 상품 전문 소매업,44,충청남도,44131,천안시 동남구,44131590,신안동,4413111800,신부동,4413111800103540001,1,대지,354,1,충청남도 천안시 동남구 신부동 354-1,441313249008,충청남도 천안시 동남구 만남로,43,,4413111800100970003008769,,충청남도 천안시 동남구 만남로 43,330730,31120,,,,127.157853679152,36.8193249737998
MA0106202209A0488728,롯데제과(육가공)푸,광주지점,G2,소매,G221,기타 상품 소매,G22199,그 외 기타 상품 전문 소매업,G47859,그 외 기타 분류 안된 상품 전문 소매업,29,광주광역시,29170,북구,29170695,건국동,2917012600,본촌동,2917012600106730014,1,대지,673,14,광주광역시 북구 본촌동 673-14,291703162082,광주광역시 북구 하서로,477,,2917012600106730014000001,,광주광역시 북구 하서로 477,500210,61019,,,,126.877238200631,35.2172674863914
MA0106202209A0488744,롯데제과(육가공)푸,전주지점,G2,소매,G221,기타 상품 소매,G22199,그 외 기타 상품 전문 소매업,G47859,그 외 기타 분류 안된 상품 전문 소매업,52,전북특별자치도,52113,전주시 덕진구,52113600,팔복동,5211310900,팔복동2가,5211310900100100005,1,대지,10,5,전북특별자치도 전주시 덕진구 팔복동2가 10-5,521134601273,전북특별자치도 전주시 덕진구 신복1길,5,,4511310900100100005026440,,전북특별자치도 전주시 덕진구 신복1길 5,561842,54845,,,,127.110658094865,35.8516252970083
MA0106202209A0488745,롯데제과(육가공)푸,대전지점,G2,소매,G221,기타 상품 소매,G22199,그 외 기타 상품 전문 소매업,G47859,그 외 기타 분류 안된 상품 전문 소매업,30,대전광역시,30110,동구,30110545,신인동,3011010200,인동,3011010200100060001,1,대지,6,1,대전광역시 동구 인동 6-1,301103010002,대전광역시 동구 대전로,739,,3011010200100060001027016,,대전광역시 동구 대전로 739,300827,34631,,,,127.435230784585,36.3259621555013
MA0106202209A0488723,롯데제과수원지점(육가공)푸,,G2,소매,G221,기타 상품 소매,G22199,그 외 기타 상품 전문 소매업,G47859,그 외 기타 분류 안된 상품 전문 소매업,41,경기도,41117,수원시 영통구,41117600,광교1동,4111710300,이의동,4111710300112040004,1,대지,1204,4,경기도 수원시 영통구 이의동 1204-4,411174331255,경기도 수원시 영통구 웰빙타운로49번길,18,,4111710300112040004000001,,경기도 수원시 영통구 웰빙타운로49번길 18,443270,16224,,,,127.046235159758,37.304495316046
MA0106202209A0488749,롯데제과(육가공)푸,청주지점,G2,소매,G221,기타 상품 소매,G22199,그 외 기타 상품 전문 소매업,G47859,그 외 기타 분류 안된 상품 전문 소매업,43,충청북도,43113,청주시 흥덕구,43113756,봉명2.송정동,4311311600,송정동,4311311600101400015,1,대지,140,15,충청북도 청주시 흥덕구 송정동 140-15,431134511231,충청북도 청주시 흥덕구 대신로164번길,69,,4311311600101400021026194,,충청북도 청주시 흥덕구 대신로164번길 69,361778,28442,,,,127.440047763172,36.6486201416971
MA0106202209A0488736,롯데제과경(육가공)푸,남지점,G2,소매,G221,기타 상품 소매,G22199,그 외 기타 상품 전문 소매업,G47859,그 외 기타 분류 안된 상품 전문 소매업,48,경상남도,48127,창원시 마산회원구,48127570,양덕2동,4812710500,양덕동,4812710500100590003,1,대지,59,3,경상남도 창원시 마산회원구 양덕동 59-3,481273330022,경상남도 창원시 마산회원구 율림교로,6,,4812710500100590003000001,,경상남도 창원시 마산회원구 율림교로 6,630811,51366,,,,128.584474520332,35.2289148195371
MA0106202203A2222362,씨제이올리브영,명지대점,G2,소매,G221,기타 상품 소매,G22199,그 외 기타 상품 전문 소매업,G47859,그 외 기타 분류 안된 상품 전문 소매업,11,서울특별시,11410,서대문구,11410700,남가좌2동,1141012000,남가좌동,1141012000100500003,1,대지,50,3,서울특별시 서대문구 남가좌동 50-3,114103112003,서울특별시 서대문구 거북골로,34,,1141012000100050327004659,,서울특별시 서대문구 거북골로 34,120728,03674,,,,126.92135226589,37.5803779258633
MA0106202203A2221629,씨제이올리브영디지털미디어시티역점,,G2,소매,G221,기타 상품 소매,G22199,그 외 기타 상품 전문 소매업,G47859,그 외 기타 분류 안된 상품 전문 소매업,11,서울특별시,11440,마포구,11440740,상암동,1144012700,상암동,1144012700111400000,1,대지,1140,,서울특별시 마포구 상암동 1140,114403113012,서울특별시 마포구 성암로,184,,1144012700111400000000001,,서울특별시 마포구 성암로 184,121835,03928,,,,126.899020518864,37.5768290395359
MA0106202203A2221653,씨제이올리브영화성향남,로데오점,G2,소매,G221,기타 상품 소매,G22199,그 외 기타 상품 전문 소매업,G47859,그 외 기타 분류 안된 상품 전문 소매업,41,경기도,41590,화성시,41590259,향남읍,4159025926,향남읍,4159025926114650002,1,대지,1465,2,경기도 화성시 향남읍 하길리 1465-2,415903210190,경기도 화성시 향남읍 발안양감로,187,,4159025926114650002000001,,경기도 화성시 향남읍 발안양감로 187,445938,18606,,,,126.910886918899,37.1163766006199
MA0106202203A2222168,씨제이올리브영,서울역점,G2,소매,G221,기타 상품 소매,G22199,그 외 기타 상품 전문 소매업,G47859,그 외 기타 분류 안된 상품 전문 소매업,11,서울특별시,11140,중구,11140540,회현동,1114012000,봉래동2가,1114012000101220011,1,대지,122,11,서울특별시 중구 봉래동2가 122-11,111402005005,서울특별시 중구 한강대로,405,,1114012000101220019000001,,서울특별시 중구 한강대로 405,100162,04509,,,,126.969522706618,37.5547308218488
MA0106202203A2222199,씨제이올리브영롯데백화점,잠실점,G2,소매,G221,기타 상품 소매,G22199,그 외 기타 상품 전문 소매업,G47859,그 외 기타 분류 안된 상품 전문 소매업,11,서울특별시,11710,송파구,11710680,잠실3동,1171010100,잠실동,1171010100100400001,1,대지,40,1,서울특별시 송파구 잠실동 40-1,117103123023,서울특별시 송파구 올림픽로,240,,1171010100100400001000435,,서울특별시 송파구 올림픽로 240,138721,05554,,,,127.098142657562,37.5113107817557
MA0106202204A1397959,슈퍼키친동부,이촌점,G2,소매,G221,기타 상품 소매,G22199,그 외 기타 상품 전문 소매업,G47859,그 외 기타 분류 안된 상품 전문 소매업,11,서울특별시,11170,용산구,11170630,이촌1동,1117012900,이촌동,1117012900103010010,1,대지,301,10,서울특별시 용산구 이촌동 301-10,111703102008,서울특별시 용산구 이촌로,245,,1117012900103010010011394,로얄,서울특별시 용산구 이촌로 245,140906,04423,,,,126.974366992625,37.5201786085417
MA0106202204A1397988,슈퍼키친대치역점,,G2,소매,G221,기타 상품 소매,G22199,그 외 기타 상품 전문 소매업,G47859,그 외 기타 분류 안된 상품 전문 소매업,11,서울특별시,11680,강남구,11680600,대치1동,1168010600,대치동,1168010600106220000,1,대지,622,,서울특별시 강남구 대치동 622,116802000003,서울특별시 강남구 남부순환로,2927,,1168010600106220001014387,,서울특별시 강남구 남부순환로 2927,135838,06280,,,,127.060350839001,37.4936764262252
MA0106202204A1398000,슈퍼키친목동파리공원점,,G2,소매,G221,기타 상품 소매,G22199,그 외 기타 상품 전문 소매업,G47859,그 외 기타 분류 안된 상품 전문 소매업,11,서울특별시,11470,양천구,11470550,목5동,1147010200,목동,1147010200109070013,1,대지,907,13,서울특별시 양천구 목동 907-13,114703114001,서울특별시 양천구 목동동로,387,,1147010200109070013016227,,서울특별시 양천구 목동동로 387,158877,07983,,,,126.879841661211,37.5356715525241
MA0106202204A1398009,슈퍼키친,대치은마점,G2,소매,G221,기타 상품 소매,G22199,그 외 기타 상품 전문 소매업,G47859,그 외 기타 분류 안된 상품 전문 소매업,11,서울특별시,11680,강남구,11680610,대치2동,1168010600,대치동,1168010600109900000,1,대지,990,,서울특별시 강남구 대치동 990,116803122012,서울특별시 강남구 도곡로,516,,1168010600109900000013808,,서울특별시 강남구 도곡로 516,135501,06282,,,,127.062990227151,37.4991801983244
MA0106202204A1398018,슈퍼키친,남성역점,G2,소매,G221,기타 상품 소매,G22199,그 외 기타 상품 전문 소매업,G47859,그 외 기타 분류 안된 상품 전문 소매업,11,서울특별시,11590,동작구,11590640,사당3동,1159010700,사당동,1159010700102520017,1,대지,252,17,서울특별시 동작구 사당동 252-17,115903119004,서울특별시 동작구 사당로,215,,1159010700102520024000001,,서울특별시 동작구 사당로 215,156819,07004,,,,126.972344025018,37.4844172340839
MA0106202201A0764021,유그린,,G2,소매,G221,기타 상품 소매,G22199,그 외 기타 상품 전문 소매업,G47859,그 외 기타 분류 안된 상품 전문 소매업,50,제주특별자치도,50110,제주시,50110253,애월읍,5011025321,애월읍,5011025321101940000,1,대지,194,,제주특별자치도 제주시 애월읍 광령리 194,501104847195,제주특별자치도 제주시 애월읍 광령평화10길,36,,5011025321101940000000001,,제주특별자치도 제주시 애월읍 광령평화10길 36,695900,63064,,,,126.443671213841,33.452540167503
MA0106202201A0839973,퍼펙트아이스,,G2,소매,G221,기타 상품 소매,G22199,그 외 기타 상품 전문 소매업,G47859,그 외 기타 분류 안된 상품 전문 소매업,11,서울특별시,11350,노원구,11350640,상계2동,1135010500,상계동,1135010500107130000,1,대지,713,,서울특별시 노원구 상계동 713,113503000001,서울특별시 노원구 동일로,1414,,1135010500107130000007605,,서울특별시 노원구 동일로 1414,139708,01695,,,,127.061399323311,37.6552782771043
MA0106202201A0829773,하가,꽁꽁냠냠,G2,소매,G221,기타 상품 소매,G22199,그 외 기타 상품 전문 소매업,G47859,그 외 기타 분류 안된 상품 전문 소매업,52,전북특별자치도,52113,전주시 덕진구,52113570,덕진동,5211310600,덕진동2가,5211310600106900000,1,대지,690,,전북특별자치도 전주시 덕진구 덕진동2가 690,521133267081,전북특별자치도 전주시 덕진구 경동로,18,,4511310600106900000000022,전주하가사랑으로부영,전북특별자치도 전주시 덕진구 경동로 18,561852,54891,,,,127.108033751268,35.8429485874646
MA0106202201A0685164,동해시시설관리공단종량제봉투,,G2,소매,G221,기타 상품 소매,G22199,그 외 기타 상품 전문 소매업,G47859,그 외 기타 분류 안된 상품 전문 소매업,51,강원특별자치도,51170,동해시,51170510,천곡동,5117010100,천곡동,5117010100103630001,1,대지,363,1,강원특별자치도 동해시 천곡동 363-1,511704463060,강원특별자치도 동해시 덕골길,10,,4217010100103630001000007,,강원특별자치도 동해시 덕골길 10,240808,25750,,,,129.102199601154,37.5160554386609
MA0106202209A0056521,코레일유통오산대역,,G2,소매,G221,기타 상품 소매,G22199,그 외 기타 상품 전문 소매업,G47859,그 외 기타 분류 안된 상품 전문 소매업,41,경기도,41370,오산시,41370543,신장1동,4137010800,수청동,4137010800104350001,1,대지,435,1,경기도 오산시 수청동 435-1,413703198045,경기도 오산시 청학로,236,,4137010800104350001007567,,경기도 오산시 청학로 236,447290,18115,,,,127.063064427967,37.1693035897571
MA0106202209A0056597,코레일유통경기광주역점,,G2,소매,G221,기타 상품 소매,G22199,그 외 기타 상품 전문 소매업,G47859,그 외 기타 분류 안된 상품 전문 소매업,41,경기도,41610,광주시,41610510,경안동,4161011200,역동,4161011200101760013,1,대지,176,13,경기도 광주시 역동 176-13,416103351151,경기도 광주시 광주역로,10,,4161011200101760013000001,,경기도 광주시 광주역로 10,464807,12777,,,,127.253262206159,37.3989042121371
MA0106202209A1404697,슈퍼키친도시락강남,1호점,G2,소매,G221,기타 상품 소매,G22199,그 외 기타 상품 전문 소매업,G47859,그 외 기타 분류 안된 상품 전문 소매업,11,서울특별시,11680,강남구,11680650,역삼2동,1168010100,역삼동,1168010100107190024,1,대지,719,24,서울특별시 강남구 역삼동 719-24,116804166618,서울특별시 강남구 언주로85길,32,,1168010100107190024023521,,서울특별시 강남구 언주로85길 32,135920,06221,,,,127.040758003554,37.50092890249
MA0106202205A2248020,씨제이올리브영신림,중앙점,G2,소매,G221,기타 상품 소매,G22199,그 외 기타 상품 전문 소매업,G47859,그 외 기타 분류 안된 상품 전문 소매업,11,서울특별시,11620,관악구,11620645,서원동,1162010200,신림동,1162010200116380019,1,대지,1638,19,서울특별시 관악구 신림동 1638-19,116203120005,서울특별시 관악구 신림로,321,,1162010200116380019021330,,서울특별시 관악구 신림로 321,151930,08776,,,,126.929549928917,37.4828947828735
MA0106202205A0667675,아로마글로바왕십리역사점,,G2,소매,G221,기타 상품 소매,G22199,그 외 기타 상품 전문 소매업,G47859,그 외 기타 분류 안된 상품 전문 소매업,11,서울특별시,11200,성동구,11200560,행당1동,1120010700,행당동,1120010700101680151,1,대지,168,151,서울특별시 성동구 행당동 168-151,112003103005,서울특별시 성동구 왕십리광장로,17,,1120010700101680001017508,,서울특별시 성동구 왕십리광장로 17,133866,04750,,,,127.038391477602,37.5614409428511
MA0106202202A0236611,오아시스종합운동장점,,G2,소매,G221,기타 상품 소매,G22199,그 외 기타 상품 전문 소매업,G47859,그 외 기타 분류 안된 상품 전문 소매업,11,서울특별시,11710,송파구,11710650,잠실본동,1171010100,잠실동,1171010100101750002,1,대지,175,2,서울특별시 송파구 잠실동 175-2,117103123006,서울특별시 송파구 백제고분로,63,,1171010100101750002000549,,서울특별시 송파구 백제고분로 63,138861,05556,,,,127.078880316479,37.511045904364
MA0106202201A0922796,논산지역자활센터오늘간식,,G2,소매,G221,기타 상품 소매,G22199,그 외 기타 상품 전문 소매업,G47859,그 외 기타 분류 안된 상품 전문 소매업,44,충청남도,44230,논산시,44230510,취암동,4423010500,취암동,4423010500103720098,1,대지,372,98,충청남도 논산시 취암동 372-98,442304565543,충청남도 논산시 시민로360번길,7,1,4423010500103720098045345,,충청남도 논산시 시민로360번길 7-1,320804,32954,,,,127.089461497803,36.1976881228174
MA0106202201A0690340,프리하우스,,G2,소매,G221,기타 상품 소매,G22199,그 외 기타 상품 전문 소매업,G47859,그 외 기타 분류 안된 상품 전문 소매업,50,제주특별자치도,50110,제주시,50110259,조천읍,5011025928,조천읍,5011025928108730005,1,대지,873,5,제주특별자치도 제주시 조천읍 와산리 873-5,501103349219,제주특별자치도 제주시 조천읍 함와로,562,,5011025928108730005000001,,제주특별자치도 제주시 조천읍 함와로 562,695962,63342,,,,126.680014729265,33.4938753513297
MA0106202209A1600093,PODO,,G2,소매,G221,기타 상품 소매,G22199,그 외 기타 상품 전문 소매업,G47859,그 외 기타 분류 안된 상품 전문 소매업,41,경기도,41360,남양주시,41360565,다산2동,4136011200,다산동,4136011200162500000,1,대지,6250,,경기도 남양주시 다산동 6250,413603351589,경기도 남양주시 다산지금로,202,,4136011200162500000000001,,경기도 남양주시 다산지금로 202,,12284,,,,127.172217832858,37.5956404071921
MA0106202204A2233953,씨제이올리브영,평택고덕점,G2,소매,G221,기타 상품 소매,G22199,그 외 기타 상품 전문 소매업,G47859,그 외 기타 분류 안된 상품 전문 소매업,41,경기도,41220,평택시,41220660,고덕동,4122012800,고덕동,4122012800121580005,1,대지,2158,5,경기도 평택시 고덕동 2158-5,412204856234,경기도 평택시 고덕여염9길,42,,4122033029145010005000001,,경기도 평택시 고덕여염9길 42,,18014,,,,127.051987308552,37.0408619665913
MA0106202204A2234149,씨제이올리브영오류동역점,,G2,소매,G221,기타 상품 소매,G22199,그 외 기타 상품 전문 소매업,G47859,그 외 기타 분류 안된 상품 전문 소매업,11,서울특별시,11530,구로구,11530770,오류1동,1153010800,오류동,1153010800100540004,1,대지,54,4,서울특별시 구로구 오류동 54-4,115303000028,서울특별시 구로구 경인로,204,,1153010800100540004004950,,서울특별시 구로구 경인로 204,152894,08271,,,,126.843854879885,37.4956879967649
MA0106202204A2234203,씨제이올리브영제천강제점,,G2,소매,G221,기타 상품 소매,G22199,그 외 기타 상품 전문 소매업,G47859,그 외 기타 분류 안된 상품 전문 소매업,43,충청북도,43150,제천시,43150605,화산동,4315012100,강제동,4315012100102750014,1,대지,275,14,충청북도 제천시 강제동 275-14,431503239064,충청북도 제천시 장평천로,27,12,4315012100102750014000001,,충청북도 제천시 장평천로 27-12,390150,27198,,,,128.22129054124,37.123706927338
MA0106202207A0490084,롯데제과영업소푸,동대문,G2,소매,G221,기타 상품 소매,G22199,그 외 기타 상품 전문 소매업,G47859,그 외 기타 분류 안된 상품 전문 소매업,11,서울특별시,11230,동대문구,11230600,답십리1동,1123010500,답십리동,1123010500104680002,1,대지,468,2,서울특별시 동대문구 답십리동 468-2,112304115072,서울특별시 동대문구 답십리로38길,55,,1123010500104680002020698,,서울특별시 동대문구 답십리로38길 55,130804,02596,,,,127.049082876446,37.5720777430009
MA0106202209A0056593,코레일유통기흥역,,G2,소매,G221,기타 상품 소매,G22199,그 외 기타 상품 전문 소매업,G47859,그 외 기타 분류 안된 상품 전문 소매업,41,경기도,41463,용인시 기흥구,41463520,구갈동,4146310200,구갈동,4146310200102270025,1,대지,227,25,경기도 용인시 기흥구 구갈동 227-25,414632012012,경기도 용인시 기흥구 중부대로,460,,4146310200102270025000001,,경기도 용인시 기흥구 중부대로 460,446569,17065,,,,127.115954801647,37.275316993224
MA0106202207A2247686,씨제이올리브영춘천NH타운점,,G2,소매,G221,기타 상품 소매,G22199,그 외 기타 상품 전문 소매업,G47859,그 외 기타 분류 안된 상품 전문 소매업,51,강원특별자치도,51110,춘천시,51110650,석사동,5111012400,석사동,5111012400109800000,1,대지,980,,강원특별자치도 춘천시 석사동 980,511103218049,강원특별자치도 춘천시 후석로,120,,4211012400109800000000001,,강원특별자치도 춘천시 후석로 120,200972,24326,,,,127.748147366971,37.8631668420471
MA0106202207A2247181,씨제이올리브영배곧,신도시점,G2,소매,G221,기타 상품 소매,G22199,그 외 기타 상품 전문 소매업,G47859,그 외 기타 분류 안된 상품 전문 소매업,41,경기도,41390,시흥시,41390597,배곧2동,4139013500,배곧동,4139013500101990001,1,대지,199,1,경기도 시흥시 배곧동 199-1,413903350762,경기도 시흥시 배곧3로,96,,4139013200150060221000001,,경기도 시흥시 배곧3로 96,,15011,,,,126.730579625466,37.3696213520743
MA0106202207A2247546,씨제이올리브영판교카카오점,,G2,소매,G221,기타 상품 소매,G22199,그 외 기타 상품 전문 소매업,G47859,그 외 기타 분류 안된 상품 전문 소매업,41,경기도,41135,성남시 분당구,41135657,백현동,4113511000,백현동,4113511000105320000,1,대지,532,,경기도 성남시 분당구 백현동 532,411353179025,경기도 성남시 분당구 판교역로,166,,4113511000105320000000002,,경기도 성남시 분당구 판교역로 166,463420,13529,,,,127.110380113398,37.3954837934641
MA0106202207A2246875,씨제이올리브영롯데월드몰점,,G2,소매,G221,기타 상품 소매,G22199,그 외 기타 상품 전문 소매업,G47859,그 외 기타 분류 안된 상품 전문 소매업,11,서울특별시,11710,송파구,11710710,잠실6동,1171010200,신천동,1171010200100290000,1,대지,29,,서울특별시 송파구 신천동 29,117103123023,서울특별시 송파구 올림픽로,300,,1171010200100290000000001,,서울특별시 송파구 올림픽로 300,138934,05551,,,,127.104298898598,37.5136391062097
MA0106202207A0047765,벨라쿠키,본점,G2,소매,G221,기타 상품 소매,G22199,그 외 기타 상품 전문 소매업,G47859,그 외 기타 분류 안된 상품 전문 소매업,11,서울특별시,11440,마포구,11440660,서교동,1144012000,서교동,1144012000103950199,1,대지,395,199,서울특별시 마포구 서교동 395-199,114404139096,서울특별시 마포구 독막로7길,57,,1144012000103950199027004,,서울특별시 마포구 독막로7길 57,121840,04043,,,,126.919991885109,37.5503558282844
MA0106202207A1379700,굿아이스크림,,G2,소매,G221,기타 상품 소매,G22199,그 외 기타 상품 전문 소매업,G47859,그 외 기타 분류 안된 상품 전문 소매업,41,경기도,41171,안양시 만안구,41171611,충훈동,4117110200,석수동,4117110200107850027,1,대지,785,27,경기도 안양시 만안구 석수동 785-27,411714346291,경기도 안양시 만안구 와룡로28번길,15,,4117110200107850027004235,,경기도 안양시 만안구 와룡로28번길 15,430853,13974,,,,126.89878589897,37.4069259489859
MA0106202207A1379698,굿데이,,G2,소매,G221,기타 상품 소매,G22199,그 외 기타 상품 전문 소매업,G47859,그 외 기타 분류 안된 상품 전문 소매업,41,경기도,41173,안양시 동안구,41173520,비산2동,4117310100,비산동,4117310100111770000,1,대지,1177,,경기도 안양시 동안구 비산동 1177,411734349039,경기도 안양시 동안구 경수대로884번길,19,,4117310100104140016009514,평촌래미안푸르지오,경기도 안양시 동안구 경수대로884번길 19,431052,13954,,,,126.938766412108,37.3975017047915
MA0106202209A0056616,코레일유통범계역점,,G2,소매,G221,기타 상품 소매,G22199,그 외 기타 상품 전문 소매업,G47859,그 외 기타 분류 안된 상품 전문 소매업,41,경기도,41173,안양시 동안구,41173610,범계동,4117310400,호계동,4117310400110390003,1,대지,1039,3,경기도 안양시 동안구 호계동 1039-3,411733183006,경기도 안양시 동안구 동안로,119,,4117310400110390003005130,,경기도 안양시 동안구 동안로 119,431812,14073,,,,126.951228555894,37.3892180961237
MA0106202209A0056516,코레일유통선바위역,,G2,소매,G221,기타 상품 소매,G22199,그 외 기타 상품 전문 소매업,G47859,그 외 기타 분류 안된 상품 전문 소매업,41,경기도,41290,과천시,41290550,과천동,4129010500,과천동,4129010500103550000,1,대지,355,,경기도 과천시 과천동 355,412903206129,경기도 과천시 중앙로,440,,4129010500103550000000001,,경기도 과천시 중앙로 440,427060,13815,,,,127.00135620556,37.4518759459391
MA0106202209A1594949,킹콩백화점,이천점,G2,소매,G221,기타 상품 소매,G22199,그 외 기타 상품 전문 소매업,G47859,그 외 기타 분류 안된 상품 전문 소매업,41,경기도,41500,이천시,41500515,증포동,4150010800,갈산동,4150010800104270000,1,대지,427,,경기도 이천시 갈산동 427,415003207057,경기도 이천시 황무로,1098,,4150010800104270000000001,,경기도 이천시 황무로 1098,467803,17349,,,,127.466125356248,37.2929542695438
MA0106202209A0602442,커피니,,G2,소매,G221,기타 상품 소매,G22199,그 외 기타 상품 전문 소매업,G47859,그 외 기타 분류 안된 상품 전문 소매업,11,서울특별시,11680,강남구,11680531,논현2동,1168010800,논현동,1168010800102510006,1,대지,251,6,서울특별시 강남구 논현동 251-6,116804166800,서울특별시 강남구 학동로44길,29,,1168010800102510006006822,,서울특별시 강남구 학동로44길 29,135832,06101,,,,127.037858066484,37.5138052281416
MA0106202209A1986325,인화로사회적협동조합로컬푸드사업단,,G2,소매,G221,기타 상품 소매,G22199,그 외 기타 상품 전문 소매업,G47859,그 외 기타 분류 안된 상품 전문 소매업,50,제주특별자치도,50110,제주시,50110540,이도2동,5011010400,이도이동,5011010400119930006,1,대지,1993,6,제주특별자치도 제주시 이도이동 1993-6,501104847364,제주특별자치도 제주시 남광로2길,7,13,5011010400119930006000001,,제주특별자치도 제주시 남광로2길 7-13,690851,63231,,,,126.538216151527,33.4925264657388
MA0106202207A2247674,씨제이올리브영서서울,호수공원점,G2,소매,G221,기타 상품 소매,G22199,그 외 기타 상품 전문 소매업,G47859,그 외 기타 분류 안된 상품 전문 소매업,11,서울특별시,11470,양천구,11470580,신월3동,1147010300,신월동,1147010300102050051,1,대지,205,51,서울특별시 양천구 신월동 205-51,114702000003,서울특별시 양천구 남부순환로,424,,1147010300102050051012671,,서울특별시 양천구 남부순환로 424,158830,07915,,,,126.831859481661,37.5297745030173
MA0106202207A2246896,씨제이올리브영부산,사직점,G2,소매,G221,기타 상품 소매,G22199,그 외 기타 상품 전문 소매업,G47859,그 외 기타 분류 안된 상품 전문 소매업,26,부산광역시,26260,동래구,26260590,사직2동,2626010900,사직동,2626010900100920007,1,대지,92,7,부산광역시 동래구 사직동 92-7,262603130010,부산광역시 동래구 사직북로,1,,2626010900100920007008081,,부산광역시 동래구 사직북로 1,607815,47865,,,,129.060594386006,35.1959712250755
MA0106202207A2247265,씨제이올리브영,낙성대점,G2,소매,G221,기타 상품 소매,G22199,그 외 기타 상품 전문 소매업,G47859,그 외 기타 분류 안된 상품 전문 소매업,11,서울특별시,11620,관악구,11620585,낙성대동,1162010100,봉천동,1162010100116600001,1,대지,1660,1,서울특별시 관악구 봉천동 1660-1,116202000003,서울특별시 관악구 남부순환로,1908,,1162010100116600001030502,,서울특별시 관악구 남부순환로 1908,151818,08792,,,,126.96121048347,37.477701586614
MA0106202203A1203634,한국예술진흥회,,G2,소매,G221,기타 상품 소매,G22199,그 외 기타 상품 전문 소매업,G47859,그 외 기타 분류 안된 상품 전문 소매업,29,광주광역시,29110,동구,29110560,계림1동,2911010900,계림동,2911010900105780010,1,대지,578,10,광주광역시 동구 계림동 578-10,291103009024,광주광역시 동구 중흥로,239,,2911010900105780010001062,,광주광역시 동구 중흥로 239,501803,61420,,,,126.919362138666,35.159174478949
MA0106202202A0055669,프레델,,G2,소매,G221,기타 상품 소매,G22199,그 외 기타 상품 전문 소매업,G47859,그 외 기타 분류 안된 상품 전문 소매업,11,서울특별시,11680,강남구,11680640,역삼1동,1168010100,역삼동,1168010100106380000,1,대지,638,,서울특별시 강남구 역삼동 638,116804166208,서울특별시 강남구 논현로97길,29,,1168010100106380000023130,,서울특별시 강남구 논현로97길 29,135909,06131,,,,127.033294773682,37.5026791929836
MA0106202202A0055670,나인프라임푸드,,G2,소매,G221,기타 상품 소매,G22199,그 외 기타 상품 전문 소매업,G47859,그 외 기타 분류 안된 상품 전문 소매업,11,서울특별시,11680,강남구,11680640,역삼1동,1168010100,역삼동,1168010100106380000,1,대지,638,,서울특별시 강남구 역삼동 638,116804166208,서울특별시 강남구 논현로97길,29,,1168010100106380000023130,,서울특별시 강남구 논현로97길 29,135909,06131,,,,127.033294773682,37.5026791929836
MA0106202209A0056673,코레일유통의왕역,,G2,소매,G221,기타 상품 소매,G22199,그 외 기타 상품 전문 소매업,G47859,그 외 기타 분류 안된 상품 전문 소매업,41,경기도,41430,의왕시,41430520,부곡동,4143010300,삼동,4143010300101910000,1,대지,191,,경기도 의왕시 삼동 191,414303201032,경기도 의왕시 철도박물관로,66,,4143010300101910002009947,,경기도 의왕시 철도박물관로 66,437814,16081,,,,126.948384379057,37.3211171806295
MA0106202209A0056506,코레일유통서정리역,,G2,소매,G221,기타 상품 소매,G22199,그 외 기타 상품 전문 소매업,G47859,그 외 기타 분류 안된 상품 전문 소매업,41,경기도,41220,평택시,41220510,중앙동,4122010100,서정동,4122010100104270053,1,대지,427,53,경기도 평택시 서정동 427-53,412203188104,경기도 평택시 탄현로,51,,4122010100104270053004811,,경기도 평택시 탄현로 51,459812,17783,,,,127.053010175143,37.0569997644609
MA0106202209A0056528,코레일유통오산역,,G2,소매,G221,기타 상품 소매,G22199,그 외 기타 상품 전문 소매업,G47859,그 외 기타 분류 안된 상품 전문 소매업,41,경기도,41370,오산시,41370523,대원1동,4137010100,오산동,4137010100106030116,1,대지,603,116,경기도 오산시 오산동 603-116,413703198029,경기도 오산시 역광장로,59,,4137010100106030116008509,,경기도 오산시 역광장로 59,447801,18137,,,,127.066838264036,37.145892028505
MA0106202209A0056479,코레일유통평택역,,G2,소매,G221,기타 상품 소매,G22199,그 외 기타 상품 전문 소매업,G47859,그 외 기타 분류 안된 상품 전문 소매업,41,경기도,41220,평택시,41220600,원평동,4122011300,평택동,4122011300101850579,1,대지,185,579,경기도 평택시 평택동 185-579,412203188122,경기도 평택시 평택로,51,,4122011300101850084211210,,경기도 평택시 평택로 51,450827,17917,,,,127.083294836429,36.9918974725648
MA0106202209A0056526,코레일유통오이도역,,G2,소매,G221,기타 상품 소매,G22199,그 외 기타 상품 전문 소매업,G47859,그 외 기타 분류 안된 상품 전문 소매업,41,경기도,41390,시흥시,41390589,정왕본동,4139013200,정왕동,4139013200108780000,1,대지,878,,경기도 시흥시 정왕동 878,413903199036,경기도 시흥시 역전로,430,,4139013200108780000012808,,경기도 시흥시 역전로 430,429455,15018,,,,126.738463709459,37.3619262818487
MA0106202209A0056538,코레일유통평촌역,,G2,소매,G221,기타 상품 소매,G22199,그 외 기타 상품 전문 소매업,G47859,그 외 기타 분류 안된 상품 전문 소매업,41,경기도,41173,안양시 동안구,41173566,부림동,4117310200,관양동,4117310200116080001,1,대지,1608,1,경기도 안양시 동안구 관양동 1608-1,411733183008,경기도 안양시 동안구 부림로,123,,4117310200116080001004370,,경기도 안양시 동안구 부림로 123,431815,14066,,,,126.963975016132,37.3945386995051
MA0106202209A0056505,코레일유통초지역,,G2,소매,G221,기타 상품 소매,G22199,그 외 기타 상품 전문 소매업,G47859,그 외 기타 분류 안된 상품 전문 소매업,41,경기도,41273,안산시 단원구,41273570,초지동,4127310700,초지동,4127310700100250001,1,대지,25,1,경기도 안산시 단원구 초지동 25-1,412732190002,경기도 안산시 단원구 중앙대로,620,,4127310700100260003047403,,경기도 안산시 단원구 중앙대로 620,425862,15432,,,,126.80591517407,37.3206899498002
MA0106202209A0056546,코레일유통안산역,,G2,소매,G221,기타 상품 소매,G22199,그 외 기타 상품 전문 소매업,G47859,그 외 기타 분류 안된 상품 전문 소매업,41,경기도,41273,안산시 단원구,41273545,원곡동,4127310800,원곡동,4127310800103770001,1,대지,377,1,경기도 안산시 단원구 원곡동 377-1,412732190002,경기도 안산시 단원구 중앙대로,462,,4127310800103260004011539,,경기도 안산시 단원구 중앙대로 462,425130,15431,,,,126.787290565913,37.3279833207155
MA0106202201A2159896,요맛디저트/만나커피,,G2,소매,G221,기타 상품 소매,G22199,그 외 기타 상품 전문 소매업,G47859,그 외 기타 분류 안된 상품 전문 소매업,51,강원특별자치도,51150,강릉시,51150540,옥천동,5115010900,옥천동,5115010900102650003,1,대지,265,3,강원특별자치도 강릉시 옥천동 265-3,511503000145,강원특별자치도 강릉시 경강로,2169,,,,강원특별자치도 강릉시 경강로 2169,210933,25552,,,,128.902300188065,37.7593528468772
MA0106202201A1439934,우리집반찬,,G2,소매,G221,기타 상품 소매,G22199,그 외 기타 상품 전문 소매업,G47859,그 외 기타 분류 안된 상품 전문 소매업,27,대구광역시,27290,달서구,27290515,성당동,2729010100,성당동,2729010100105670001,1,대지,567,1,대구광역시 달서구 성당동 567-1,272904241031,대구광역시 달서구 구마로39길,92,,2729010100105670001027923,,대구광역시 달서구 구마로39길 92,704917,42678,,,,128.548989440577,35.8414663587594
MA0106202201A0830499,모두드림,,G2,소매,G221,기타 상품 소매,G22199,그 외 기타 상품 전문 소매업,G47859,그 외 기타 분류 안된 상품 전문 소매업,28,인천광역시,28140,동구,28140590,송림2동,2814010700,송림동,2814010700100550184,1,대지,55,184,인천광역시 동구 송림동 55-184,281404250136,인천광역시 동구 솔빛로91번길,2,1,2814010700100550184162437,,인천광역시 동구 솔빛로91번길 2-1,401813,22543,,,,126.643779597614,37.4761888890821
MA0106202201A1628465,청춘꼬마김밥분당,정자점,G2,소매,G221,기타 상품 소매,G22199,그 외 기타 상품 전문 소매업,G47859,그 외 기타 분류 안된 상품 전문 소매업,41,경기도,41131,성남시 수정구,41131620,복정동,4113110700,복정동,4113110700106630008,1,대지,663,8,경기도 성남시 수정구 복정동 663-8,411313178011,경기도 성남시 수정구 복정로,103,,4113110700106630008000002,,경기도 성남시 수정구 복정로 103,461831,13112,,,,127.1267210119,37.4622687678617
MA0106202201A1628736,남해여의로또점,,G2,소매,G221,기타 상품 소매,G22199,그 외 기타 상품 전문 소매업,G47859,그 외 기타 분류 안된 상품 전문 소매업,48,경상남도,48840,남해군,48840250,남해읍,4884025023,남해읍,4884025023104940003,1,대지,494,3,경상남도 남해군 남해읍 남변리 494-3,488403343044,경상남도 남해군 남해읍 화전로,1,,4884025023104940003001031,,경상남도 남해군 남해읍 화전로 1,668801,52427,,,,127.898813533969,34.8335819856871
MA0106202201A1050232,옐로우레빗츠,,G2,소매,G221,기타 상품 소매,G22199,그 외 기타 상품 전문 소매업,G47859,그 외 기타 분류 안된 상품 전문 소매업,47,경상북도,47190,구미시,47190590,신평1동,4719011100,신평동,4719011100100110007,1,대지,11,7,경상북도 구미시 신평동 11-7,471903018024,경상북도 구미시 야은로,742,,4719011100100110007030686,,경상북도 구미시 야은로 742,730916,39236,,,,128.360214510205,36.1241377670655
MA0106202201A2291789,온수움,,G2,소매,G221,기타 상품 소매,G22199,그 외 기타 상품 전문 소매업,G47859,그 외 기타 분류 안된 상품 전문 소매업,11,서울특별시,11710,송파구,11710680,잠실3동,1171010100,잠실동,1171010100100350000,1,대지,35,,서울특별시 송파구 잠실동 35,117103123015,서울특별시 송파구 잠실로,62,,,,서울특별시 송파구 잠실로 62,138890,05555,,,,127.090221209203,37.5080014017991
MA0106202201A1996297,청계유통,,G2,소매,G221,기타 상품 소매,G22199,그 외 기타 상품 전문 소매업,G47859,그 외 기타 분류 안된 상품 전문 소매업,48,경상남도,48125,창원시 마산합포구,48125530,월영동,4812515800,해운동,4812515800100430014,1,대지,43,14,경상남도 창원시 마산합포구 해운동 43-14,481254787601,경상남도 창원시 마산합포구 월영동8길,13,,4812515800200430014043210,,경상남도 창원시 마산합포구 월영동8길 13,631872,51746,,,,128.563485738098,35.180277529758
MA0106202201A0745206,아리울유통,,G2,소매,G221,기타 상품 소매,G22199,그 외 기타 상품 전문 소매업,G47859,그 외 기타 분류 안된 상품 전문 소매업,51,강원특별자치도,51150,강릉시,51150340,강동면,5115034022,강동면,5115034022103300000,1,대지,330,,강원특별자치도 강릉시 강동면 모전리 330,511504460014,강원특별자치도 강릉시 강동면 강동초교길,7,,4215034022003300000038839,,강원특별자치도 강릉시 강동면 강동초교길 7,210821,25627,,,,128.962898491666,37.7239738878424
MA0106202201A1066098,지성,,G2,소매,G221,기타 상품 소매,G22199,그 외 기타 상품 전문 소매업,G47859,그 외 기타 분류 안된 상품 전문 소매업,52,전북특별자치도,52113,전주시 덕진구,52113670,혁신동,5211313200,장동,5211313200110830001,1,대지,1083,1,전북특별자치도 전주시 덕진구 장동 1083-1,521134640749,전북특별자치도 전주시 덕진구 틀못4길,19,,4511313200201820003000001,,전북특별자치도 전주시 덕진구 틀못4길 19,561360,54863,,,,127.058744501718,35.8444969016576
MA0106202201A1494980,조에커피&도자기,,G2,소매,G221,기타 상품 소매,G22199,그 외 기타 상품 전문 소매업,G47859,그 외 기타 분류 안된 상품 전문 소매업,41,경기도,41500,이천시,41500340,마장면,4150034028,마장면,4150034028103840014,1,대지,384,14,경기도 이천시 마장면 이치리 384-14,415004421392,경기도 이천시 마장면 서이천로87번길,13,,4150034028103840014002745,,경기도 이천시 마장면 서이천로87번길 13,467813,17385,,,,127.369723771004,37.2470805142734
MA0106202201A1790891,더원,코리아,G2,소매,G221,기타 상품 소매,G22199,그 외 기타 상품 전문 소매업,G47859,그 외 기타 분류 안된 상품 전문 소매업,31,울산광역시,31710,울주군,31710340,웅촌면,3171034025,웅촌면,3171034025100490024,1,대지,49,24,울산광역시 울주군 웅촌면 은현리 49-24,317104319876,울산광역시 울주군 웅촌면 은현공단1길,24,16,3171034025100490024026304,,울산광역시 울주군 웅촌면 은현공단1길 24-16,689871,44965,,,,129.177356973584,35.4721920416187
MA0106202201A1384736,예온,,G2,소매,G221,기타 상품 소매,G22199,그 외 기타 상품 전문 소매업,G47859,그 외 기타 분류 안된 상품 전문 소매업,11,서울특별시,11710,송파구,11710642,문정2동,1171010800,문정동,1171010800106340000,1,대지,634,,서울특별시 송파구 문정동 634,117103123017,서울특별시 송파구 충민로,66,,1171010800105600000000001,,서울특별시 송파구 충민로 66,138888,05838,,,,127.12496063833,37.4776148454472
MA0106202201A1045408,코스트아울렛,,G2,소매,G221,기타 상품 소매,G22199,그 외 기타 상품 전문 소매업,G47859,그 외 기타 분류 안된 상품 전문 소매업,31,울산광역시,31710,울주군,31710256,온양읍,3171025629,온양읍,3171025629100490008,1,대지,49,8,울산광역시 울주군 온양읍 운화리 49-8,317103173017,울산광역시 울주군 온양읍 남창강변로,58,1,3171025629100490008000001,,울산광역시 울주군 온양읍 남창강변로 58-1,689905,44973,,,,129.282058795298,35.414551978165
MA0106202201A1937370,와인보우,,G2,소매,G221,기타 상품 소매,G22199,그 외 기타 상품 전문 소매업,G47859,그 외 기타 분류 안된 상품 전문 소매업,11,서울특별시,11440,마포구,11440600,대흥동,1144011100,신수동,1144011100100220037,1,대지,22,37,서울특별시 마포구 신수동 22-37,114403005016,서울특별시 마포구 백범로,75,,,,서울특별시 마포구 백범로 75,121809,04111,,,,126.940374277307,37.5487731127465
MA0106202201A1553852,아이스크림할인마켓,신창점,G2,소매,G221,기타 상품 소매,G22199,그 외 기타 상품 전문 소매업,G47859,그 외 기타 분류 안된 상품 전문 소매업,44,충청남도,44200,아산시,44200410,신창면,4420041028,신창면,4420041028101990000,1,대지,199,,충청남도 아산시 신창면 남성리 199,442003253041,충청남도 아산시 신창면 서부북로,849,6,4420041028101990000000001,,충청남도 아산시 신창면 서부북로 849-6,336882,31530,,,,126.955172076369,36.7929826767887
MA0106202201A1081237,라라네추럴힐링샾안양의왕,,G2,소매,G221,기타 상품 소매,G22199,그 외 기타 상품 전문 소매업,G47859,그 외 기타 분류 안된 상품 전문 소매업,41,경기도,41171,안양시 만안구,41171570,안양7동,4117110100,안양동,4117110100113880001,1,대지,1388,1,경기도 안양시 만안구 안양동 1388-1,411712182001,경기도 안양시 만안구 관악대로,50,,4117110100101540004000001,,경기도 안양시 만안구 관악대로 50,430017,14037,,,,126.930297161729,37.3965239122524
MA0106202201A0729169,금원유통,,G2,소매,G221,기타 상품 소매,G22199,그 외 기타 상품 전문 소매업,G47859,그 외 기타 분류 안된 상품 전문 소매업,29,광주광역시,29110,동구,29110685,학동,2911012200,학동,2911012200100810029,1,대지,81,29,광주광역시 동구 학동 81-29,291103009025,광주광역시 동구 천변우로,487,,2911012200100810029011428,,광주광역시 동구 천변우로 487,501841,61489,,,,126.91952412502,35.1395699865658
MA0106202201A1637627,찹찹케이크,,G2,소매,G221,기타 상품 소매,G22199,그 외 기타 상품 전문 소매업,G47859,그 외 기타 분류 안된 상품 전문 소매업,11,서울특별시,11650,서초구,11650510,서초1동,1165010800,서초동,1165010800116700009,1,대지,1670,9,서울특별시 서초구 서초동 1670-9,116504163707,서울특별시 서초구 서초중앙로22길,45,,1165010800116700009023390,,서울특별시 서초구 서초중앙로22길 45,137881,06633,,,,127.016453120013,37.4935285141536
MA0106202201A1265040,바다푸드마트,,G2,소매,G221,기타 상품 소매,G22199,그 외 기타 상품 전문 소매업,G47859,그 외 기타 분류 안된 상품 전문 소매업,46,전라남도,46130,여수시,46130780,쌍봉동,4613012800,학동,4613012800100370014,1,대지,37,14,전라남도 여수시 학동 37-14,461304646937,전라남도 여수시 학동2길,11,,4613012800100370014000001,,전라남도 여수시 학동2길 11,555807,59677,,,,127.665114048142,34.7644602119181
MA0106202201A2218884,법인밭,,G2,소매,G221,기타 상품 소매,G22199,그 외 기타 상품 전문 소매업,G47859,그 외 기타 분류 안된 상품 전문 소매업,51,강원특별자치도,51110,춘천시,51110250,신북읍,5111025022,신북읍,5111025022100880000,1,대지,88,,강원특별자치도 춘천시 신북읍 천전리 88,511103218027,강원특별자치도 춘천시 신북읍 신샘밭로,678,1,,,강원특별자치도 춘천시 신북읍 신샘밭로 678-1,200824,24204,,,,127.785234838754,37.9290892326086
MA0106202201A1071184,이케이푸드,,G2,소매,G221,기타 상품 소매,G22199,그 외 기타 상품 전문 소매업,G47859,그 외 기타 분류 안된 상품 전문 소매업,11,서울특별시,11710,송파구,11710620,가락본동,1171010700,가락동,1171010700100290010,1,대지,29,10,서울특별시 송파구 가락동 29-10,117104169394,서울특별시 송파구 오금로36길,38,,1171010700100290010026870,,서울특별시 송파구 오금로36길 38,138801,05705,,,,127.123347754863,37.5005651947767
MA0106202201A1655320,바다곳간,본점,G2,소매,G221,기타 상품 소매,G22199,그 외 기타 상품 전문 소매업,G47859,그 외 기타 분류 안된 상품 전문 소매업,29,광주광역시,29170,북구,29170570,임동,2917010500,임동,2917010500101870039,1,대지,187,39,광주광역시 북구 임동 187-39,291704286021,광주광역시 북구 경양로63번길,7,,2917010500101870039012937,,광주광역시 북구 경양로63번길 7,500870,61249,,,,126.899326153054,35.1636302272875
MA0106202201A2008890,보성무역,,G2,소매,G221,기타 상품 소매,G22199,그 외 기타 상품 전문 소매업,G47859,그 외 기타 분류 안된 상품 전문 소매업,11,서울특별시,11260,중랑구,11260630,묵2동,1126010400,묵동,1126010400102480077,1,대지,248,77,서울특별시 중랑구 묵동 248-77,112604118112,서울특별시 중랑구 동일로149길,77,,,,서울특별시 중랑구 동일로149길 77,131853,02012,,,,127.074042921842,37.6061402557056
MA0106202201A2012187,모드니,,G2,소매,G221,기타 상품 소매,G22199,그 외 기타 상품 전문 소매업,G47859,그 외 기타 분류 안된 상품 전문 소매업,26,부산광역시,26710,기장군,26710250,기장읍,2671025033,기장읍,2671025033107250000,1,대지,725,,부산광역시 기장군 기장읍 시랑리 725,267103140057,부산광역시 기장군 기장읍 기장해안로,98,,,,부산광역시 기장군 기장읍 기장해안로 98,619902,46084,,,,129.212612446272,35.1876919266568
MA0106202201A0721388,미진에스엠아이스크림할인점,,G2,소매,G221,기타 상품 소매,G22199,그 외 기타 상품 전문 소매업,G47859,그 외 기타 분류 안된 상품 전문 소매업,48,경상남도,48250,김해시,48250630,장유3동,4825013000,관동동,4825013000104670011,1,대지,467,11,경상남도 김해시 관동동 467-11,482503335018,경상남도 김해시 덕정로,184,,4825013000104670011000001,,경상남도 김해시 덕정로 184,621300,51012,,,,128.803349165315,35.1766815872673
MA0106202201A1358979,삼거리마트,,G2,소매,G221,기타 상품 소매,G22199,그 외 기타 상품 전문 소매업,G47859,그 외 기타 분류 안된 상품 전문 소매업,41,경기도,41830,양평군,41830350,서종면,4183035023,서종면,4183035023102320018,1,대지,232,18,경기도 양평군 서종면 수능리 232-18,418303217032,경기도 양평군 서종면 황순원로,416,,4183035023102320002000001,,경기도 양평군 서종면 황순원로 416,476813,12504,,,,127.389005816334,37.58293463879
MA0106202201A1883980,밥묵자반찬,,G2,소매,G221,기타 상품 소매,G22199,그 외 기타 상품 전문 소매업,G47859,그 외 기타 분류 안된 상품 전문 소매업,31,울산광역시,31140,남구,31140550,신정5동,3114010400,신정동,3114010400101450001,1,대지,145,1,울산광역시 남구 신정동 145-1,311404310151,울산광역시 남구 돋질로171번길,35,,,,울산광역시 남구 돋질로171번길 35,680821,44687,,,,129.322668635572,35.544071924979
MA0106202201A1869509,정근상사,,G2,소매,G221,기타 상품 소매,G22199,그 외 기타 상품 전문 소매업,G47859,그 외 기타 분류 안된 상품 전문 소매업,31,울산광역시,31140,남구,31140510,신정1동,3114010400,신정동,3114010400105330022,1,대지,533,22,울산광역시 남구 신정동 533-22,311403170053,울산광역시 남구 팔등로,7,,,,울산광역시 남구 팔등로 7,680825,44669,,,,129.307509517633,35.544074764545
MA0106202201A0810332,갈마울,,G2,소매,G221,기타 상품 소매,G22199,그 외 기타 상품 전문 소매업,G47859,그 외 기타 분류 안된 상품 전문 소매업,30,대전광역시,30170,서구,30170582,갈마2동,3017011100,갈마동,3017011100103790001,1,대지,379,1,대전광역시 서구 갈마동 379-1,301703166037,대전광역시 서구 신갈마로,140,,3017011100103790001006135,,대전광역시 서구 신갈마로 140,302172,35281,,,,127.368626920116,36.3460931308997
MA0106202201A1903654,동성랙시스템,,G2,소매,G221,기타 상품 소매,G22199,그 외 기타 상품 전문 소매업,G47859,그 외 기타 분류 안된 상품 전문 소매업,11,서울특별시,11230,동대문구,11230536,용신동,1123010200,용두동,1123010200100400038,1,대지,40,38,서울특별시 동대문구 용두동 40-38,112303005030,서울특별시 동대문구 고산자로,409,,,,서울특별시 동대문구 고산자로 409,130817,02566,,,,127.038002836633,37.5761993756618
MA0106202201A1713595,느릿류상궁혼례음식원,,G2,소매,G221,기타 상품 소매,G22199,그 외 기타 상품 전문 소매업,G47859,그 외 기타 분류 안된 상품 전문 소매업,26,부산광역시,26500,수영구,26500660,남천1동,2650010500,남천동,2650010500103000000,1,대지,300,,부산광역시 수영구 남천동 300,265002006014,부산광역시 수영구 황령대로,483,3,2650010500103000000000001,,부산광역시 수영구 황령대로 483-3,613816,48312,,,,129.107312667412,35.1388179034542
MA0106202201A1106868,파티빵빵,,G2,소매,G221,기타 상품 소매,G22199,그 외 기타 상품 전문 소매업,G47859,그 외 기타 분류 안된 상품 전문 소매업,41,경기도,41570,김포시,41570550,풍무동,4157010700,풍무동,4157010700105980004,1,대지,598,4,경기도 김포시 풍무동 598-4,415703209124,경기도 김포시 풍무로,25,,4157010700105980012018325,,경기도 김포시 풍무로 25,415809,10119,,,,126.720200881843,37.5980472707149
MA0106202201A2362902,목로정원by꽃보배,,G2,소매,G221,기타 상품 소매,G22199,그 외 기타 상품 전문 소매업,G47859,그 외 기타 분류 안된 상품 전문 소매업,11,서울특별시,11200,성동구,11200670,성수2가1동,1120011500,성수동2가,1120011500102690113,1,대지,269,113,서울특별시 성동구 성수동2가 269-113,112004109342,서울특별시 성동구 성수이로12길,13,,,,서울특별시 성동구 성수이로12길 13,133826,04784,,,,127.056733246326,37.5397825655027
MA0106202201A1767858,시원한막걸리한잔,,G2,소매,G221,기타 상품 소매,G22199,그 외 기타 상품 전문 소매업,G47859,그 외 기타 분류 안된 상품 전문 소매업,46,전라남도,46790,화순군,46790250,화순읍,4679025025,화순읍,4679025025100250005,1,대지,25,5,전라남도 화순군 화순읍 훈리 25-5,467904673521,전라남도 화순군 화순읍 홍문길,24,,4679025025100250005000001,,전라남도 화순군 화순읍 홍문길 24,519805,58112,,,,126.985682055266,35.0665399758998
MA0106202201A1537801,토토계대점,코리아,G2,소매,G221,기타 상품 소매,G22199,그 외 기타 상품 전문 소매업,G47859,그 외 기타 분류 안된 상품 전문 소매업,27,대구광역시,27290,달서구,27290585,신당동,2729010700,신당동,2729010700113200011,1,대지,1320,11,대구광역시 달서구 신당동 1320-11,272902007002,대구광역시 달서구 달구벌대로,1130,,2729010700113200011006806,,대구광역시 달서구 달구벌대로 1130,704919,42709,,,,128.49117294542,35.8509571243439
MA0106202201A0743329,에스엘트레이딩,,G2,소매,G221,기타 상품 소매,G22199,그 외 기타 상품 전문 소매업,G47859,그 외 기타 분류 안된 상품 전문 소매업,43,충청북도,43130,충주시,43130630,연수동,4313011800,연수동,4313011800100790015,1,대지,79,15,충청북도 충주시 연수동 79-15,431302238004,충청북도 충주시 번영대로,256,,4313011800100790015000001,,충청북도 충주시 번영대로 256,380961,27331,,,,127.946171661656,36.9867502113076
MA0106202201A1871651,탄탄정토회,,G2,소매,G221,기타 상품 소매,G22199,그 외 기타 상품 전문 소매업,G47859,그 외 기타 분류 안된 상품 전문 소매업,29,광주광역시,29155,남구,29155710,효덕동,2915511000,행암동,2915511000106620000,1,대지,662,,광주광역시 남구 행암동 662,291554652590,광주광역시 남구 효우로230번길,9,3,,,광주광역시 남구 효우로230번길 9-3,503856,61764,,,,126.891733713127,35.1032684102091
MA0106202201A0668867,씨씨1스크린골프,,G2,소매,G221,기타 상품 소매,G22199,그 외 기타 상품 전문 소매업,G47859,그 외 기타 분류 안된 상품 전문 소매업,41,경기도,41135,성남시 분당구,41135545,정자동,4113510300,정자동,4113510300100700001,1,대지,70,1,경기도 성남시 분당구 정자동 70-1,411354340459,경기도 성남시 분당구 황새울로116번길,23,4,4113510300100700001029082,,경기도 성남시 분당구 황새울로116번길 23-4,463874,13610,,,,127.112804722938,37.3705772147204
MA0106202201A1317136,장천한식뷔페,,G2,소매,G221,기타 상품 소매,G22199,그 외 기타 상품 전문 소매업,G47859,그 외 기타 분류 안된 상품 전문 소매업,29,광주광역시,29170,북구,29170695,건국동,2917012600,본촌동,2917012600129910000,1,대지,2991,,광주광역시 북구 본촌동 2991,291703162045,광주광역시 북구 양산택지로,119,,2917012600129910000000001,,광주광역시 북구 양산택지로 119,500210,61021,,,,126.881655297169,35.2160550614463
MA0106202201A1426150,케이에이치씨,,G2,소매,G221,기타 상품 소매,G22199,그 외 기타 상품 전문 소매업,G47859,그 외 기타 분류 안된 상품 전문 소매업,31,울산광역시,31140,남구,31140530,신정3동,3114010400,신정동,3114010400101790016,1,대지,179,16,울산광역시 남구 신정동 179-16,311403170046,울산광역시 남구 월평로,72,,3114010400101790016000002,,울산광역시 남구 월평로 72,680822,44690,,,,129.31351914407,35.5421934767629
MA0106202201A2083056,센트럽잇,,G2,소매,G221,기타 상품 소매,G22199,그 외 기타 상품 전문 소매업,G47859,그 외 기타 분류 안된 상품 전문 소매업,46,전라남도,46230,광양시,46230530,중마동,4623010600,중동,4623010600113690001,1,대지,1369,1,전라남도 광양시 중동 1369-1,462304655453,전라남도 광양시 중마용소길,54,,,,전라남도 광양시 중마용소길 54,545880,57782,,,,127.686197024836,34.941158455041
MA0106202201A1710300,엠엔에이치,,G2,소매,G221,기타 상품 소매,G22199,그 외 기타 상품 전문 소매업,G47859,그 외 기타 분류 안된 상품 전문 소매업,11,서울특별시,11530,구로구,11530560,구로5동,1153010200,구로동,1153010200101060004,1,대지,106,4,서울특별시 구로구 구로동 106-4,115303116004,서울특별시 구로구 공원로,3,,1153010200101060004020400,,서울특별시 구로구 공원로 3,152842,08298,,,,126.892251534135,37.497697234171
MA0106202201A1437520,모든상사,,G2,소매,G221,기타 상품 소매,G22199,그 외 기타 상품 전문 소매업,G47859,그 외 기타 분류 안된 상품 전문 소매업,47,경상북도,47850,칠곡군,47850320,동명면,4785032031,동명면,4785032031101850000,1,대지,185,,경상북도 칠곡군 동명면 송산리 185,478503322006,경상북도 칠곡군 동명면 백송로,744,,4785032031101850000014835,,경상북도 칠곡군 동명면 백송로 744,718922,39860,,,,128.546019467273,35.9869852135326
MA0106202201A0896753,다보아상회,,G2,소매,G221,기타 상품 소매,G22199,그 외 기타 상품 전문 소매업,G47859,그 외 기타 분류 안된 상품 전문 소매업,11,서울특별시,11140,중구,11140590,광희동,1114015400,오장동,1114015400101450013,1,대지,145,13,서울특별시 중구 오장동 145-13,111404103109,서울특별시 중구 동호로33길,25,1,1114015400101450013000001,,서울특별시 중구 동호로33길 25-1,100310,04547,,,,127.000747043108,37.5653575068559
MA0106202201A0833055,서울쿠키와플샵북촌지점,,G2,소매,G221,기타 상품 소매,G22199,그 외 기타 상품 전문 소매업,G47859,그 외 기타 분류 안된 상품 전문 소매업,11,서울특별시,11110,종로구,11110600,가회동,1111014800,계동,1111014800101460001,1,대지,146,1,서울특별시 종로구 계동 146-1,111104100014,서울특별시 종로구 계동길,5,,1111014700100930001018600,,서울특별시 종로구 계동길 5,110801,03059,,,,126.986381251682,37.5773850096931
MA0106202201A1758693,이데아,,G2,소매,G221,기타 상품 소매,G22199,그 외 기타 상품 전문 소매업,G47859,그 외 기타 분류 안된 상품 전문 소매업,48,경상남도,48123,창원시 성산구,48123520,중앙동,4812312500,중앙동,4812312500100970006,1,대지,97,6,경상남도 창원시 성산구 중앙동 97-6,481234784239,경상남도 창원시 성산구 중앙대로61번길,4,,4812312500100970006003366,,경상남도 창원시 성산구 중앙대로61번길 4,642947,51522,,,,128.676830524529,35.2212356792551
MA0106202201A1736047,주공식육점,,G2,소매,G221,기타 상품 소매,G22199,그 외 기타 상품 전문 소매업,G47859,그 외 기타 분류 안된 상품 전문 소매업,26,부산광역시,26320,북구,26320560,덕천2동,2632010400,덕천동,2632010400108040000,1,대지,804,,부산광역시 북구 덕천동 804,263204196213,부산광역시 북구 모분재로23번길,120,,2632010400108040000004785,,부산광역시 북구 모분재로23번길 120,616823,46593,,,,129.012349150185,35.2068128536911
MA0106202201A2026418,샾아이스크림,,G2,소매,G221,기타 상품 소매,G22199,그 외 기타 상품 전문 소매업,G47859,그 외 기타 분류 안된 상품 전문 소매업,41,경기도,41150,의정부시,41150545,호원1동,4115010200,호원동,4115010200104610000,1,대지,461,,경기도 의정부시 호원동 461,411504343391,경기도 의정부시 평화로202번길,14,,,,경기도 의정부시 평화로202번길 14,480918,11712,,,,127.048822006926,37.7098023381582
MA0106202201A2034639,흙속의진주,,G2,소매,G221,기타 상품 소매,G22199,그 외 기타 상품 전문 소매업,G47859,그 외 기타 분류 안된 상품 전문 소매업,11,서울특별시,11440,마포구,11440680,합정동,1144012200,합정동,1144012200103720028,1,대지,372,28,서울특별시 마포구 합정동 372-28,114404139353,서울특별시 마포구 성지길,25,11,1144012200103720028012578,,서울특별시 마포구 성지길 25-11,121897,04071,,,,126.914031486486,37.5473693344894
MA0106202201A1042228,주니캔들본사,,G2,소매,G221,기타 상품 소매,G22199,그 외 기타 상품 전문 소매업,G47859,그 외 기타 분류 안된 상품 전문 소매업,51,강원특별자치도,51130,원주시,51130520,원인동,5113010300,원동,5113010300102760010,1,대지,276,10,강원특별자치도 원주시 원동 276-10,511303219010,강원특별자치도 원주시 남산로,58,,4213010300200020021020709,,강원특별자치도 원주시 남산로 58,220902,26433,,,,127.944663052096,37.3437568734926
MA0106202201A1114777,프롬수지,,G2,소매,G221,기타 상품 소매,G22199,그 외 기타 상품 전문 소매업,G47859,그 외 기타 분류 안된 상품 전문 소매업,48,경상남도,48240,사천시,48240570,향촌동,4824011600,향촌동,4824011600109920001,1,대지,992,1,경상남도 사천시 향촌동 992-1,482404802471,경상남도 사천시 안숲뫼길,12,,4824011600109920001013604,,경상남도 사천시 안숲뫼길 12,664220,52562,,,,128.088486760849,34.9321449267139
MA0106202201A0991847,에이디바이오,,G2,소매,G221,기타 상품 소매,G22199,그 외 기타 상품 전문 소매업,G47859,그 외 기타 분류 안된 상품 전문 소매업,43,충청북도,43114,청주시 청원구,43114253,오창읍,4311425345,오창읍,4311425345108180005,1,대지,818,5,충청북도 청주시 청원구 오창읍 양청리 818-5,431143240077,충청북도 청주시 청원구 오창읍 중심상업로,14,,4371025345008180005004813,,충청북도 청주시 청원구 오창읍 중심상업로 14,363883,28119,,,,127.43031433439,36.7121578812354
MA0106202201A2265723,아침에손두부,,G2,소매,G221,기타 상품 소매,G22199,그 외 기타 상품 전문 소매업,G47859,그 외 기타 분류 안된 상품 전문 소매업,41,경기도,41630,양주시,41630530,회천1동,4163011000,덕정동,4163011000103500089,1,대지,350,89,경기도 양주시 덕정동 350-89,416304436431,경기도 양주시 화합로1361번길,5,,,,경기도 양주시 화합로1361번길 5,482060,11450,,,,127.062543689037,37.8437691472959
MA0106202201A1987271,해피월드푸드,,G2,소매,G221,기타 상품 소매,G22199,그 외 기타 상품 전문 소매업,G47859,그 외 기타 분류 안된 상품 전문 소매업,41,경기도,41117,수원시 영통구,41117580,영통2동,4111710500,영통동,4111710500109810002,1,대지,981,2,경기도 수원시 영통구 영통동 981-2,411173012001,경기도 수원시 영통구 덕영대로,1566,,,,경기도 수원시 영통구 덕영대로 1566,443813,16693,,,,127.061899041333,37.2451276197835
MA0106202201A1234347,우진상사,,G2,소매,G221,기타 상품 소매,G22199,그 외 기타 상품 전문 소매업,G47859,그 외 기타 분류 안된 상품 전문 소매업,41,경기도,41281,고양시 덕양구,41281580,창릉동,4128111300,용두동,4128111300104130000,1,대지,413,,경기도 고양시 덕양구 용두동 413,412814376163,경기도 고양시 덕양구 용두로35번길,120,1,4128111300104130000000001,,경기도 고양시 덕양구 용두로35번길 120-1,412110,10548,,,,126.883840553,37.6272254713687
MA0106202201A2178522,엘케이디앤,,G2,소매,G221,기타 상품 소매,G22199,그 외 기타 상품 전문 소매업,G47859,그 외 기타 분류 안된 상품 전문 소매업,41,경기도,41192,부천시 원미구,41192610,약대동,4119210500,약대동,4119210500101820009,1,대지,182,9,경기도 부천시 원미구 약대동 182-9,411923184019,경기도 부천시 원미구 석천로,328,10,,,경기도 부천시 원미구 석천로 328-10,420831,14500,,,,126.765197632824,37.5163169624329
MA0106202201A1135365,대운종합공구,,G2,소매,G221,기타 상품 소매,G22199,그 외 기타 상품 전문 소매업,G47859,그 외 기타 분류 안된 상품 전문 소매업,52,전북특별자치도,52130,군산시,52130720,미성동,5213015100,산북동,5213015100123740000,1,대지,2374,,전북특별자치도 군산시 산북동 2374,521303268083,전북특별자치도 군산시 옥녀로,13,,4513015100123740000004314,,전북특별자치도 군산시 옥녀로 13,573877,54159,,,,126.622369496084,35.9642427433162
MA0106202201A1940277,해쿡쿠킹스튜디오,,G2,소매,G221,기타 상품 소매,G22199,그 외 기타 상품 전문 소매업,G47859,그 외 기타 분류 안된 상품 전문 소매업,41,경기도,41135,성남시 분당구,41135657,백현동,4113511000,백현동,4113511000105800009,1,대지,580,9,경기도 성남시 분당구 백현동 580-9,411354340424,경기도 성남시 분당구 판교역로10번길,12,,,,경기도 성남시 분당구 판교역로10번길 12,463420,13536,,,,127.111719106733,37.3845711537616
MA0106202201A1311687,꽃나드리협동조합,,G2,소매,G221,기타 상품 소매,G22199,그 외 기타 상품 전문 소매업,G47859,그 외 기타 분류 안된 상품 전문 소매업,51,강원특별자치도,51730,횡성군,51730250,횡성읍,5173025021,횡성읍,5173025021103220007,1,대지,322,7,강원특별자치도 횡성군 횡성읍 읍상리 322-7,517303226064,강원특별자치도 횡성군 횡성읍 읍상로,54,,4273025021103220007022427,,강원특별자치도 횡성군 횡성읍 읍상로 54,225807,25232,,,,127.988943083452,37.4904534823568
MA0106202201A1384629,그린푸드,,G2,소매,G221,기타 상품 소매,G22199,그 외 기타 상품 전문 소매업,G47859,그 외 기타 분류 안된 상품 전문 소매업,41,경기도,41117,수원시 영통구,41117550,원천동,4111710200,원천동,4111710200105540000,1,대지,554,,경기도 수원시 영통구 원천동 554,411173177010,경기도 수원시 영통구 신원로,304,,4111710200105540000054496,,경기도 수원시 영통구 신원로 304,443380,16675,,,,127.060999874703,37.2622028628122
MA0106202201A1638485,헬로앨리스마켓24역촌연서로점,,G2,소매,G221,기타 상품 소매,G22199,그 외 기타 상품 전문 소매업,G47859,그 외 기타 분류 안된 상품 전문 소매업,11,서울특별시,11380,은평구,11380632,신사2동,1138010900,신사동,1138010900103440002,1,대지,344,2,서울특별시 은평구 신사동 344-2,113804133254,서울특별시 은평구 증산로15길,41,,1138010900103440002013872,,서울특별시 은평구 증산로15길 41,122891,03447,,,,126.908920884022,37.590333968986
MA0106202201A1216331,남광주농협,,G2,소매,G221,기타 상품 소매,G22199,그 외 기타 상품 전문 소매업,G47859,그 외 기타 분류 안된 상품 전문 소매업,29,광주광역시,29155,남구,29155537,봉선1동,2915511500,봉선동,2915511500111130001,1,대지,1113,1,광주광역시 남구 봉선동 1113-1,291552009001,광주광역시 남구 대남대로,169,,2915510600112640005013232,,광주광역시 남구 대남대로 169,503061,61688,,,,126.906626906757,35.1334314689471
MA0106202201A2109172,케이에프티,,G2,소매,G221,기타 상품 소매,G22199,그 외 기타 상품 전문 소매업,G47859,그 외 기타 분류 안된 상품 전문 소매업,41,경기도,41360,남양주시,41360570,별내동,4136011100,별내동,4136011100109740000,1,대지,974,,경기도 남양주시 별내동 974,413603197037,경기도 남양주시 순화궁로,282,,,,경기도 남양주시 순화궁로 282,472501,12106,,,,127.129309887736,37.6524483585172
MA0106202201A0899361,캠바이오,,G2,소매,G221,기타 상품 소매,G22199,그 외 기타 상품 전문 소매업,G47859,그 외 기타 분류 안된 상품 전문 소매업,30,대전광역시,30230,대덕구,30230520,대화동,3023010200,대화동,3023010200103500000,1,대지,350,,대전광역시 대덕구 대화동 350,302304304137,대전광역시 대덕구 대화로52번안길,140,,3023010200103500000012622,,대전광역시 대덕구 대화로52번안길 140,306802,34361,,,,127.403352996346,36.3726827184613
MA0106202201A1369234,아이스토리,,G2,소매,G221,기타 상품 소매,G22199,그 외 기타 상품 전문 소매업,G47859,그 외 기타 분류 안된 상품 전문 소매업,11,서울특별시,11215,광진구,11215830,자양2동,1121510500,자양동,1121510500102160010,1,대지,216,10,서울특별시 광진구 자양동 216-10,112153000002,서울특별시 광진구 아차산로,378,,1121510500102160010011116,,서울특별시 광진구 아차산로 378,143851,05051,,,,127.084734117093,37.5365402133084
MA0106202201A0857929,영훈유통,,G2,소매,G221,기타 상품 소매,G22199,그 외 기타 상품 전문 소매업,G47859,그 외 기타 분류 안된 상품 전문 소매업,43,충청북도,43113,청주시 흥덕구,43113760,강서1동,4311313800,비하동,4311313800102350001,1,대지,235,1,충청북도 청주시 흥덕구 비하동 235-1,431134511053,충청북도 청주시 흥덕구 2순환로1124번길,17,,4311313800102350001008447,,충청북도 청주시 흥덕구 2순환로1124번길 17,361825,28363,,,,127.4231275245,36.6342813929484
MA0106202201A2230906,마지노,,G2,소매,G221,기타 상품 소매,G22199,그 외 기타 상품 전문 소매업,G47859,그 외 기타 분류 안된 상품 전문 소매업,11,서울특별시,11440,마포구,11440680,합정동,1144012200,합정동,1144012200103560009,1,대지,356,9,서울특별시 마포구 합정동 356-9,114404139439,서울특별시 마포구 어울마당로3길,5,,,,서울특별시 마포구 어울마당로3길 5,121883,04073,,,,126.91932757795,37.5472289117326
MA0106202201A1931043,약선예찬망미팥,,G2,소매,G221,기타 상품 소매,G22199,그 외 기타 상품 전문 소매업,G47859,그 외 기타 분류 안된 상품 전문 소매업,26,부산광역시,26500,수영구,26500800,민락동,2650010300,민락동,2650010300107780000,1,대지,778,,부산광역시 수영구 민락동 778,265003131037,부산광역시 수영구 수영로,754,,,,부산광역시 수영구 수영로 754,613110,48272,,,,129.120798152162,35.1672481568393
MA0106202201A1654615,군산여자고등학교매점,,G2,소매,G221,기타 상품 소매,G22199,그 외 기타 상품 전문 소매업,G47859,그 외 기타 분류 안된 상품 전문 소매업,52,전북특별자치도,52790,고창군,52790250,고창읍,5279025022,고창읍,5279025022102690000,1,대지,269,,전북특별자치도 고창군 고창읍 교촌리 269,527903279020,전북특별자치도 고창군 고창읍 모양성로,50,,4579025022102690000008721,,전북특별자치도 고창군 고창읍 모양성로 50,585801,56428,,,,126.701276928936,35.4374446823957
MA0106202201A1107206,제이엔파티,,G2,소매,G221,기타 상품 소매,G22199,그 외 기타 상품 전문 소매업,G47859,그 외 기타 분류 안된 상품 전문 소매업,41,경기도,41281,고양시 덕양구,41281520,원신동,4128110300,신원동,4128110300106490010,1,대지,649,10,경기도 고양시 덕양구 신원동 649-10,412814382182,경기도 고양시 덕양구 신원로2길,28,10,4128110300106490010000001,,경기도 고양시 덕양구 신원로2길 28-10,412070,10570,,,,126.889578881614,37.6612701422355
MA0106202201A0737585,제이디생명과학,,G2,소매,G221,기타 상품 소매,G22199,그 외 기타 상품 전문 소매업,G47859,그 외 기타 분류 안된 상품 전문 소매업,52,전북특별자치도,52710,완주군,52710253,봉동읍,5271025324,봉동읍,5271025324108640009,1,대지,864,9,전북특별자치도 완주군 봉동읍 둔산리 864-9,527103273053,전북특별자치도 완주군 봉동읍 완주산단6로,224,,4571025324108640001009660,,전북특별자치도 완주군 봉동읍 완주산단6로 224,565902,55315,,,,127.119462836002,35.964777436943
MA0106202201A0903313,신앙촌상회,,G2,소매,G221,기타 상품 소매,G22199,그 외 기타 상품 전문 소매업,G47859,그 외 기타 분류 안된 상품 전문 소매업,11,서울특별시,11230,동대문구,11230560,전농1동,1123010400,전농동,1123010400101030051,1,대지,103,51,서울특별시 동대문구 전농동 103-51,112304115457,서울특별시 동대문구 전농로38길,12,,1123010400101030051027005,,서울특별시 동대문구 전농로38길 12,130851,02492,,,,127.052703623492,37.5858613895006
MA0106202201A0739830,하늘유통,,G2,소매,G221,기타 상품 소매,G22199,그 외 기타 상품 전문 소매업,G47859,그 외 기타 분류 안된 상품 전문 소매업,41,경기도,41450,하남시,41450590,춘궁동,4145011900,하사창동,4145011900102080002,1,대지,208,2,경기도 하남시 하사창동 208-2,414504406238,경기도 하남시 춘궁로35번길,38,,4145011900102080002002045,,경기도 하남시 춘궁로35번길 38,465060,13019,,,,127.203118628967,37.516132427169
MA0106202201A1081140,크앙탕후루,,G2,소매,G221,기타 상품 소매,G22199,그 외 기타 상품 전문 소매업,G47859,그 외 기타 분류 안된 상품 전문 소매업,29,광주광역시,29110,동구,29110525,충장동,2911010300,충장로5가,2911010300100250001,1,대지,25,1,광주광역시 동구 충장로5가 25-1,291103009001,광주광역시 동구 구성로,168,1,2911010300100250001003409,,광주광역시 동구 구성로 168-1,501015,61481,,,,126.912192576203,35.1512735814029
MA0106202201A1901121,국제웰리스교육협회,,G2,소매,G221,기타 상품 소매,G22199,그 외 기타 상품 전문 소매업,G47859,그 외 기타 분류 안된 상품 전문 소매업,26,부산광역시,26350,해운대구,26350525,우3동,2635010500,우동,2635010500114360000,1,대지,1436,,부산광역시 해운대구 우동 1436,263503133005,부산광역시 해운대구 마린시티3로,39,,,,부산광역시 해운대구 마린시티3로 39,612020,48118,,,,129.146209019158,35.1549413635031
MA0106202201A2247089,카이신tour,,G2,소매,G221,기타 상품 소매,G22199,그 외 기타 상품 전문 소매업,G47859,그 외 기타 분류 안된 상품 전문 소매업,41,경기도,41220,평택시,41220550,지산동,4122011200,신장동,4122011200102190001,1,대지,219,1,경기도 평택시 신장동 219-1,412203188104,경기도 평택시 탄현로,313,2,,,경기도 평택시 탄현로 313-2,459821,17753,,,,127.055163344185,37.080507746492
MA0106202201A1822820,스멜로우,,G2,소매,G221,기타 상품 소매,G22199,그 외 기타 상품 전문 소매업,G47859,그 외 기타 분류 안된 상품 전문 소매업,48,경상남도,48170,진주시,48170740,가호동,4817013100,가좌동,4817013100119810000,1,대지,1981,,경상남도 진주시 가좌동 1981,481704855987,경상남도 진주시 진주역로73번길,33,,,,경상남도 진주시 진주역로73번길 33,660300,52826,,,,128.111279268847,35.1526896022025
MA0106202201A2118266,아시아마트AsianMart,,G2,소매,G221,기타 상품 소매,G22199,그 외 기타 상품 전문 소매업,G47859,그 외 기타 분류 안된 상품 전문 소매업,44,충청남도,44800,홍성군,44800250,홍성읍,4480025021,홍성읍,4480025021103680007,1,대지,368,7,충청남도 홍성군 홍성읍 오관리 368-7,448004586504,충청남도 홍성군 홍성읍 충절로1053번길,9,,,,충청남도 홍성군 홍성읍 충절로1053번길 9,350817,32235,,,,126.666383900723,36.5989707946061
MA0106202201A2296759,혁신유통,,G2,소매,G221,기타 상품 소매,G22199,그 외 기타 상품 전문 소매업,G47859,그 외 기타 분류 안된 상품 전문 소매업,48,경상남도,48170,진주시,48170250,문산읍,4817025023,문산읍,4817025023112420014,1,대지,1242,14,경상남도 진주시 문산읍 삼곡리 1242-14,481703332019,경상남도 진주시 문산읍 동부로,601,,4817025023112420014039775,,경상남도 진주시 문산읍 동부로 601,660844,52834,,,,128.165507179576,35.1684484428119
MA0106202201A1392529,양주푸드,,G2,소매,G221,기타 상품 소매,G22199,그 외 기타 상품 전문 소매업,G47859,그 외 기타 분류 안된 상품 전문 소매업,41,경기도,41630,양주시,41630580,옥정2동,4163011400,옥정동,4163011400109660010,1,대지,966,10,경기도 양주시 옥정동 966-10,416304852470,경기도 양주시 옥정동로7다길,54,,4163011400109660010000001,,경기도 양주시 옥정동로7다길 54,482130,11473,,,,127.092814168497,37.8198468443239
MA0106202201A1024551,허그파파,,G2,소매,G221,기타 상품 소매,G22199,그 외 기타 상품 전문 소매업,G47859,그 외 기타 분류 안된 상품 전문 소매업,11,서울특별시,11170,용산구,11170685,한남동,1117013100,한남동,1117013100101100001,1,대지,110,1,서울특별시 용산구 한남동 110-1,111703005014,서울특별시 용산구 독서당로,23,,1117013100101100001006607,,서울특별시 용산구 독서당로 23,140889,04410,,,,127.007172810621,37.5306057681688
MA0106202201A1729737,한국소방,,G2,소매,G221,기타 상품 소매,G22199,그 외 기타 상품 전문 소매업,G47859,그 외 기타 분류 안된 상품 전문 소매업,26,부산광역시,26290,남구,26290690,문현2동,2629010900,문현동,2629010900108010001,1,대지,801,1,부산광역시 남구 문현동 801-1,262903131003,부산광역시 남구 남동천로,22,,2629010900108010001032271,,부산광역시 남구 남동천로 22,608827,48402,,,,129.066624966595,35.1388790826542
MA0106202201A2233052,은혜헤어샵,,G2,소매,G221,기타 상품 소매,G22199,그 외 기타 상품 전문 소매업,G47859,그 외 기타 분류 안된 상품 전문 소매업,36,세종특별자치시,36110,세종특별자치시,36110555,소담동,3611010200,소담동,3611010200105820000,1,대지,582,,세종특별자치시 세종특별자치시 소담동 582,361103350793,세종특별자치시 세종특별자치시 소담1로,12,,,,세종특별자치시 세종특별자치시 소담1로 12,339010,30150,,,,127.301478158241,36.4850161096442
MA0106202201A2232876,담꾹청주,개신점,G2,소매,G221,기타 상품 소매,G22199,그 외 기타 상품 전문 소매업,G47859,그 외 기타 분류 안된 상품 전문 소매업,43,충청북도,43111,청주시 상당구,43111720,용암1동,4311112400,용암동,4311112400131470000,1,대지,3147,,충청북도 청주시 상당구 용암동 3147,431114857348,충청북도 청주시 상당구 중고개로142번길,17,,,,충청북도 청주시 상당구 중고개로142번길 17,360101,28807,,,,127.518889452892,36.6187097752959
MA0106202201A2210316,해달,,G2,소매,G221,기타 상품 소매,G22199,그 외 기타 상품 전문 소매업,G47859,그 외 기타 분류 안된 상품 전문 소매업,27,대구광역시,27710,달성군,27710265,현풍읍,2771026522,현풍읍,2771026522104700000,1,대지,470,,대구광역시 달성군 현풍읍 중리 470,277104244655,대구광역시 달성군 현풍읍 테크노중앙대로5길,2,17,,,대구광역시 달성군 현풍읍 테크노중앙대로5길 2-17,711873,43014,,,,128.456535674593,35.6980471927343
MA0106202201A1498893,오이뮤,,G2,소매,G221,기타 상품 소매,G22199,그 외 기타 상품 전문 소매업,G47859,그 외 기타 분류 안된 상품 전문 소매업,11,서울특별시,11650,서초구,11650621,방배4동,1165010100,방배동,1165010100108790009,1,대지,879,9,서울특별시 서초구 방배동 879-9,116504163397,서울특별시 서초구 서초대로29길,10,,1165010100108790009010057,,서울특별시 서초구 서초대로29길 10,137840,06588,,,,126.99549969925,37.4888983957482
MA0106202201A1975078,자람에듀테인먼트,,G2,소매,G221,기타 상품 소매,G22199,그 외 기타 상품 전문 소매업,G47859,그 외 기타 분류 안된 상품 전문 소매업,41,경기도,41610,광주시,41610560,광남1동,4161010800,중대동,4161010800102550015,1,대지,255,15,경기도 광주시 중대동 255-15,416103211033,경기도 광주시 순암로,367,31,,,경기도 광주시 순암로 367-31,464080,12768,,,,127.209704342679,37.4036928071133
MA0106202201A2016765,데이지,,G2,소매,G221,기타 상품 소매,G22199,그 외 기타 상품 전문 소매업,G47859,그 외 기타 분류 안된 상품 전문 소매업,36,세종특별자치시,36110,세종특별자치시,36110555,소담동,3611010200,소담동,3611010200105860000,1,대지,586,,세종특별자치시 세종특별자치시 소담동 586,361103350790,세종특별자치시 세종특별자치시 남세종로,302,,,,세종특별자치시 세종특별자치시 남세종로 302,339010,30150,,,,127.301845163854,36.4846907653549
MA0106202201A2256508,영천얼큰돼지국밥,,G2,소매,G221,기타 상품 소매,G22199,그 외 기타 상품 전문 소매업,G47859,그 외 기타 분류 안된 상품 전문 소매업,47,경상북도,47113,포항시 북구,47113700,장량동,4711312200,양덕동,4711312200120170001,1,대지,2017,1,경상북도 포항시 북구 양덕동 2017-1,471134712565,경상북도 포항시 북구 장량로241번길,28,9,,,경상북도 포항시 북구 장량로241번길 28-9,791270,37592,,,,129.40728516834,36.0847288834774
MA0106202201A2097918,엠티오트레이닝,,G2,소매,G221,기타 상품 소매,G22199,그 외 기타 상품 전문 소매업,G47859,그 외 기타 분류 안된 상품 전문 소매업,44,충청남도,44131,천안시 동남구,44131580,청룡동,4413111100,청당동,4413111100104500000,1,대지,450,,충청남도 천안시 동남구 청당동 450,441313015001,충청남도 천안시 동남구 광풍로,1859,,,,충청남도 천안시 동남구 광풍로 1859,330270,31188,,,,127.145895625762,36.7843500794984
MA0106202201A2306156,비티본바이오,,G2,소매,G221,기타 상품 소매,G22199,그 외 기타 상품 전문 소매업,G47859,그 외 기타 분류 안된 상품 전문 소매업,11,서울특별시,11560,영등포구,11560540,여의동,1156011000,여의도동,1156011000100130000,1,대지,13,,서울특별시 영등포구 여의도동 13,115602005008,서울특별시 영등포구 국회대로,800,,,,서울특별시 영등포구 국회대로 800,150870,07238,,,,126.921008105011,37.5310570993957
MA0106202201A1724923,블라썸테이블,,G2,소매,G221,기타 상품 소매,G22199,그 외 기타 상품 전문 소매업,G47859,그 외 기타 분류 안된 상품 전문 소매업,26,부산광역시,26230,부산진구,26230770,범천1동,2623010400,범천동,2623010400108390048,1,대지,839,48,부산광역시 부산진구 범천동 839-48,262303006021,부산광역시 부산진구 자유평화로,11,,2623010400108390048029717,,부산광역시 부산진구 자유평화로 11,614720,47366,,,,129.061200858878,35.1417380745431
MA0106202201A2137687,시공매트,,G2,소매,G221,기타 상품 소매,G22199,그 외 기타 상품 전문 소매업,G47859,그 외 기타 분류 안된 상품 전문 소매업,27,대구광역시,27290,달서구,27290577,이곡2동,2729010600,갈산동,2729010600103580180,1,대지,358,180,대구광역시 달서구 갈산동 358-180,272904241280,대구광역시 달서구 성서공단로39길,27,,,,대구광역시 달서구 성서공단로39길 27,704900,42704,,,,128.503483038092,35.8381334014507
MA0106202201A1999571,피에이지바이오,,G2,소매,G221,기타 상품 소매,G22199,그 외 기타 상품 전문 소매업,G47859,그 외 기타 분류 안된 상품 전문 소매업,11,서울특별시,11710,송파구,11710642,문정2동,1171010800,문정동,1171010800106340000,1,대지,634,,서울특별시 송파구 문정동 634,117103123017,서울특별시 송파구 충민로,66,,,,서울특별시 송파구 충민로 66,138888,05838,,,,127.12496063833,37.4776148454472
MA0106202201A0848879,해태슈퍼마켙,,G2,소매,G221,기타 상품 소매,G22199,그 외 기타 상품 전문 소매업,G47859,그 외 기타 분류 안된 상품 전문 소매업,29,광주광역시,29140,서구,29140745,치평동,2914012000,치평동,2914012000112030001,1,대지,1203,1,광주광역시 서구 치평동 1203-1,291403160029,광주광역시 서구 시청로,97,,2914012000112030001000001,,광주광역시 서구 시청로 97,502827,61947,,,,126.850888397527,35.1574780954741
MA0106202201A0999134,우탁상회,,G2,소매,G221,기타 상품 소매,G22199,그 외 기타 상품 전문 소매업,G47859,그 외 기타 분류 안된 상품 전문 소매업,28,인천광역시,28260,서구,28260680,검단동,2826011300,마전동,2826011300108920000,1,대지,892,,인천광역시 서구 마전동 892,282603000070,인천광역시 서구 검단로,624,,2826011300108920000030896,하나아파트,인천광역시 서구 검단로 624,404733,22632,,,,126.672654532115,37.6079169184576
MA0106202201A1414720,지사이언스,,G2,소매,G221,기타 상품 소매,G22199,그 외 기타 상품 전문 소매업,G47859,그 외 기타 분류 안된 상품 전문 소매업,50,제주특별자치도,50110,제주시,50110660,노형동,5011012200,노형동,5011012200109060005,1,대지,906,5,제주특별자치도 제주시 노형동 906-5,501103349052,제주특별자치도 제주시 도령로,54,,5011012200109060005006121,,제주특별자치도 제주시 도령로 54,690802,63081,,,,126.48460818394,33.4886907007491
MA0106202201A1928911,아이스파크의왕더샾점,,G2,소매,G221,기타 상품 소매,G22199,그 외 기타 상품 전문 소매업,G47859,그 외 기타 분류 안된 상품 전문 소매업,41,경기도,41430,의왕시,41430530,오전동,4143010500,오전동,4143010500108980000,1,대지,898,,경기도 의왕시 오전동 898,414303353344,경기도 의왕시 어내들로,5,,,,경기도 의왕시 어내들로 5,437070,16046,,,,126.963211960524,37.3614438265392
MA0106202201A1783377,대일소방,,G2,소매,G221,기타 상품 소매,G22199,그 외 기타 상품 전문 소매업,G47859,그 외 기타 분류 안된 상품 전문 소매업,48,경상남도,48121,창원시 의창구,48121520,팔룡동,4812112900,팔용동,4812112900101730001,1,대지,173,1,경상남도 창원시 의창구 팔용동 173-1,481214781520,경상남도 창원시 의창구 의창대로132번길,26,,,,경상남도 창원시 의창구 의창대로132번길 26,641851,51368,,,,128.61405595961,35.2595351136036
MA0106202201A0977048,우리바이오,,G2,소매,G221,기타 상품 소매,G22199,그 외 기타 상품 전문 소매업,G47859,그 외 기타 분류 안된 상품 전문 소매업,30,대전광역시,30200,유성구,30200546,노은1동,3020012000,지족동,3020012000108930005,1,대지,893,5,대전광역시 유성구 지족동 893-5,302004301367,대전광역시 유성구 은구비남로7번길,14,7,3020012000108930005009627,,대전광역시 유성구 은구비남로7번길 14-7,305330,34087,,,,127.316936187995,36.3730153220343
MA0106202201A2071746,에스엘에스바이오,,G2,소매,G221,기타 상품 소매,G22199,그 외 기타 상품 전문 소매업,G47859,그 외 기타 분류 안된 상품 전문 소매업,11,서울특별시,11545,금천구,11545640,독산4동,1154510200,독산동,1154510200110270026,1,대지,1027,26,서울특별시 금천구 독산동 1027-26,115453000027,서울특별시 금천구 범안로,1229,6,,,서울특별시 금천구 범안로 1229-6,153821,08580,,,,126.898773036796,37.4668164319428
MA0106202201A1029440,케이교정원,,G2,소매,G221,기타 상품 소매,G22199,그 외 기타 상품 전문 소매업,G47859,그 외 기타 분류 안된 상품 전문 소매업,41,경기도,41192,부천시 원미구,41192590,춘의동,4119210300,춘의동,4119210300102020000,1,대지,202,,경기도 부천시 원미구 춘의동 202,411924352152,경기도 부천시 원미구 부천로198번길,18,,4119510300102020000036182,,경기도 부천시 원미구 부천로198번길 18,420857,14557,,,,126.787556891139,37.5015468029977
MA0106202201A0920525,비로소,,G2,소매,G221,기타 상품 소매,G22199,그 외 기타 상품 전문 소매업,G47859,그 외 기타 분류 안된 상품 전문 소매업,41,경기도,41630,양주시,41630550,회천3동,4163011000,덕정동,4163011000102080002,1,대지,208,2,경기도 양주시 덕정동 208-2,416303212025,경기도 양주시 회정로,126,,4163011000102080002012599,,경기도 양주시 회정로 126,482060,11456,,,,127.067229937474,37.8372166309744
MA0106202201A1695028,제영구재,,G2,소매,G221,기타 상품 소매,G22199,그 외 기타 상품 전문 소매업,G47859,그 외 기타 분류 안된 상품 전문 소매업,48,경상남도,48330,양산시,48330340,하북면,4833034026,하북면,4833034026106060016,1,대지,606,16,경상남도 양산시 하북면 백록리 606-16,483303338025,경상남도 양산시 하북면 백록로,247,26,4833034026106060016000001,,경상남도 양산시 하북면 백록로 247-26,626862,50508,,,,129.089646510464,35.469435880739
MA0106202201A1298741,태양마트,,G2,소매,G221,기타 상품 소매,G22199,그 외 기타 상품 전문 소매업,G47859,그 외 기타 분류 안된 상품 전문 소매업,11,서울특별시,11230,동대문구,11230705,청량리동,1123010700,청량리동,1123010700104450044,1,대지,445,44,서울특별시 동대문구 청량리동 445-44,112304115481,서울특별시 동대문구 제기로28길,9,,1123010700104450044012856,,서울특별시 동대문구 제기로28길 9,130869,02484,,,,127.044744621374,37.586396260597
MA0106202201A1676002,복조리만두,,G2,소매,G221,기타 상품 소매,G22199,그 외 기타 상품 전문 소매업,G47859,그 외 기타 분류 안된 상품 전문 소매업,41,경기도,41360,남양주시,41360530,금곡동,4136010300,금곡동,4136010300101580059,1,대지,158,59,경기도 남양주시 금곡동 158-59,413604391116,경기도 남양주시 경춘로995번길,1,,4136010300101580059005909,,경기도 남양주시 경춘로995번길 1,472804,12237,,,,127.211655096956,37.6348412847646
MA0106202201A1016248,KINGKONG,,G2,소매,G221,기타 상품 소매,G22199,그 외 기타 상품 전문 소매업,G47859,그 외 기타 분류 안된 상품 전문 소매업,41,경기도,41220,평택시,41220570,신장1동,4122011200,신장동,4122011200103020024,1,대지,302,24,경기도 평택시 신장동 302-24,412204364351,경기도 평택시 쇼핑로9번길,4,,4122011200103020024009448,,경기도 평택시 쇼핑로9번길 4,459120,17758,,,,127.050676226339,37.0807710588805
MA0106202201A1805079,갤러리미작,,G2,소매,G221,기타 상품 소매,G22199,그 외 기타 상품 전문 소매업,G47859,그 외 기타 분류 안된 상품 전문 소매업,48,경상남도,48220,통영시,48220600,북신동,4822011000,북신동,4822011000106660031,1,대지,666,31,경상남도 통영시 북신동 666-31,482203333013,경상남도 통영시 북신로,23,,,,경상남도 통영시 북신로 23,650805,53042,,,,128.427876652164,34.853416271586
MA0106202201A1354002,샾아이스크림,,G2,소매,G221,기타 상품 소매,G22199,그 외 기타 상품 전문 소매업,G47859,그 외 기타 분류 안된 상품 전문 소매업,41,경기도,41360,남양주시,41360545,다산1동,4136011200,다산동,4136011200143060056,1,대지,4306,56,경기도 남양주시 다산동 4306-56,413603197074,경기도 남양주시 미금로,37,1,4136011000103060056013529,,경기도 남양주시 미금로 37-1,,12253,,,,127.15200836425,37.6081558824642
MA0106202201A1315405,에스더카페,,G2,소매,G221,기타 상품 소매,G22199,그 외 기타 상품 전문 소매업,G47859,그 외 기타 분류 안된 상품 전문 소매업,11,서울특별시,11290,성북구,11290575,동선동,1129011000,동소문동7가,1129011000100210000,1,대지,21,,서울특별시 성북구 동소문동7가 21,112904121089,서울특별시 성북구 동소문로15길,106,,1129011000100210000043594,,서울특별시 성북구 동소문로15길 106,136037,02830,,,,127.014516684066,37.5959453556297
MA0106202201A0780707,보호안전물산,,G2,소매,G221,기타 상품 소매,G22199,그 외 기타 상품 전문 소매업,G47859,그 외 기타 분류 안된 상품 전문 소매업,28,인천광역시,28200,남동구,28200710,논현고잔동,2820011100,고잔동,2820011100106340000,1,대지,634,,인천광역시 남동구 고잔동 634,282004259703,인천광역시 남동구 청능대로289번길,82,,2820011100106340000016055,,인천광역시 남동구 청능대로289번길 82,405817,21633,,,,126.695400288399,37.406351657162
MA0106202201A0714257,이고조고,,G2,소매,G221,기타 상품 소매,G22199,그 외 기타 상품 전문 소매업,G47859,그 외 기타 분류 안된 상품 전문 소매업,41,경기도,41390,시흥시,41390582,월곶동,4139013100,월곶동,4139013100110090002,1,대지,1009,2,경기도 시흥시 월곶동 1009-2,413903199044,경기도 시흥시 월곶중앙로,58,,4139013100110090002013165,,경기도 시흥시 월곶중앙로 58,429834,14966,,,,126.739002262595,37.3889401312945
MA0106202201A1900137,깡우동,양산점,G2,소매,G221,기타 상품 소매,G22199,그 외 기타 상품 전문 소매업,G47859,그 외 기타 분류 안된 상품 전문 소매업,48,경상남도,48330,양산시,48330520,삼성동,4833010700,북정동,4833010700108910005,1,대지,891,5,경상남도 양산시 북정동 891-5,483303338098,경상남도 양산시 중앙로,318,,,,경상남도 양산시 중앙로 318,626110,50572,,,,129.043711520342,35.3582571224935
MA0106202201A0800099,옥이네반찬,,G2,소매,G221,기타 상품 소매,G22199,그 외 기타 상품 전문 소매업,G47859,그 외 기타 분류 안된 상품 전문 소매업,51,강원특별자치도,51230,삼척시,51230540,정라동,5123012500,정상동,5123012500104570003,1,대지,457,3,강원특별자치도 삼척시 정상동 457-3,512303224031,강원특별자치도 삼척시 청석로,74,,4223012500104570003000010,석미한아름아파트,강원특별자치도 삼척시 청석로 74,245717,25924,,,,129.177147288844,37.4479359693179
MA0106202201A0933991,스위치컴퍼니,,G2,소매,G221,기타 상품 소매,G22199,그 외 기타 상품 전문 소매업,G47859,그 외 기타 분류 안된 상품 전문 소매업,11,서울특별시,11410,서대문구,11410615,연희동,1141011700,연희동,1141011700105200158,1,대지,520,158,서울특별시 서대문구 연희동 520-158,114104136453,서울특별시 서대문구 홍제천로2길,81,,1141011700105200158021537,,서울특별시 서대문구 홍제천로2길 81,120832,03700,,,,126.922845091141,37.570918470416
MA0106202201A1441967,바롤로,,G2,소매,G221,기타 상품 소매,G22199,그 외 기타 상품 전문 소매업,G47859,그 외 기타 분류 안된 상품 전문 소매업,11,서울특별시,11440,마포구,11440740,상암동,1144012700,상암동,1144012700100340036,1,대지,34,36,서울특별시 마포구 상암동 34-36,114403113019,서울특별시 마포구 월드컵북로,332,12,1144012700100340036018717,,서울특별시 마포구 월드컵북로 332-12,121830,03930,,,,126.894696689527,37.5763837746761
MA0106202201A0743683,후레쉬영푸드,,G2,소매,G221,기타 상품 소매,G22199,그 외 기타 상품 전문 소매업,G47859,그 외 기타 분류 안된 상품 전문 소매업,52,전북특별자치도,52113,전주시 덕진구,52113642,송천2동,5211312100,송천동1가,5211312100104640001,1,대지,464,1,전북특별자치도 전주시 덕진구 송천동1가 464-1,521134601257,전북특별자치도 전주시 덕진구 송천3길,22,,4511312100104640001026178,,전북특별자치도 전주시 덕진구 송천3길 22,561818,54834,,,,127.11945051183,35.8607736270206
MA0106202201A1767087,우신과학,,G2,소매,G221,기타 상품 소매,G22199,그 외 기타 상품 전문 소매업,G47859,그 외 기타 분류 안된 상품 전문 소매업,48,경상남도,48125,창원시 마산합포구,48125650,산호동,4812511800,산호동,4812511800100230028,1,대지,23,28,경상남도 창원시 마산합포구 산호동 23-28,481254787335,경상남도 창원시 마산합포구 산호북1길,73,,4812511800100230028020766,,경상남도 창원시 마산합포구 산호북1길 73,631852,51328,,,,128.584414341496,35.219605862847
MA0106202201A1573526,바이오파트너,,G2,소매,G221,기타 상품 소매,G22199,그 외 기타 상품 전문 소매업,G47859,그 외 기타 분류 안된 상품 전문 소매업,41,경기도,41590,화성시,41590590,동탄5동,4159013100,영천동,4159013100106520004,1,대지,652,4,경기도 화성시 영천동 652-4,415902348101,경기도 화성시 동탄순환대로,823,,4159013100106520004000001,,경기도 화성시 동탄순환대로 823,445130,18471,,,,127.097704354673,37.2087191932626
MA0106202201A2000015,디올푸드,,G2,소매,G221,기타 상품 소매,G22199,그 외 기타 상품 전문 소매업,G47859,그 외 기타 분류 안된 상품 전문 소매업,41,경기도,41570,김포시,41570256,양촌읍,4157025625,양촌읍,4157025625100260000,1,대지,26,,경기도 김포시 양촌읍 대포리 26,415703000073,경기도 김포시 양촌읍 향동로,23,,,,경기도 김포시 양촌읍 향동로 23,415823,10069,,,,126.635213821601,37.6217273280485
MA0106202201A2088516,우먼센스,,G2,소매,G221,기타 상품 소매,G22199,그 외 기타 상품 전문 소매업,G47859,그 외 기타 분류 안된 상품 전문 소매업,43,충청북도,43113,청주시 흥덕구,43113742,복대2동,4311311400,복대동,4311311400110000000,1,대지,1000,,충청북도 청주시 흥덕구 복대동 1000,431133237030,충청북도 청주시 흥덕구 복대로,160,,,,충청북도 청주시 흥덕구 복대로 160,361812,28600,,,,127.441075458423,36.630764967956
MA0106202201A1132226,가우디하우스,,G2,소매,G221,기타 상품 소매,G22199,그 외 기타 상품 전문 소매업,G47859,그 외 기타 분류 안된 상품 전문 소매업,41,경기도,41800,연천군,41800250,연천읍,4180025021,연천읍,4180025021101920003,1,대지,192,3,경기도 연천군 연천읍 차탄리 192-3,418003215030,경기도 연천군 연천읍 연천로,156,,4180025021102040001023806,,경기도 연천군 연천읍 연천로 156,486803,11017,,,,127.073035969386,38.0909344409013
MA0106202201A2198202,루사이언스,,G2,소매,G221,기타 상품 소매,G22199,그 외 기타 상품 전문 소매업,G47859,그 외 기타 분류 안된 상품 전문 소매업,41,경기도,41360,남양주시,41360520,평내동,4136010200,평내동,4136010200105970000,1,대지,597,,경기도 남양주시 평내동 597,413603197063,경기도 남양주시 평내로,163,,,,경기도 남양주시 평내로 163,472938,12219,,,,127.242919581285,37.6473767921658
MA0106202201A1194951,해원당,,G2,소매,G221,기타 상품 소매,G22199,그 외 기타 상품 전문 소매업,G47859,그 외 기타 분류 안된 상품 전문 소매업,29,광주광역시,29140,서구,29140745,치평동,2914012000,치평동,2914012000112940004,1,대지,1294,4,광주광역시 서구 치평동 1294-4,291403160016,광주광역시 서구 상무누리로,6,,2914012000112940004000001,,광주광역시 서구 상무누리로 6,502827,61960,,,,126.841355268969,35.1438644675536
MA0106202201A2329897,멜랑,,G2,소매,G221,기타 상품 소매,G22199,그 외 기타 상품 전문 소매업,G47859,그 외 기타 분류 안된 상품 전문 소매업,41,경기도,41430,의왕시,41430530,오전동,4143010500,오전동,4143010500108920000,1,대지,892,,경기도 의왕시 오전동 892,414302012008,경기도 의왕시 경수대로,262,,,,경기도 의왕시 경수대로 262,437070,16058,,,,126.973183215437,37.3506792217014
MA0106202201A2102509,포레스트어드벤쳐,코리아,G2,소매,G221,기타 상품 소매,G22199,그 외 기타 상품 전문 소매업,G47859,그 외 기타 분류 안된 상품 전문 소매업,11,서울특별시,11740,강동구,11740660,성내3동,1174010800,성내동,1174010800103970001,1,대지,397,1,서울특별시 강동구 성내동 397-1,117402000006,서울특별시 강동구 양재대로,1397,,,,서울특별시 강동구 양재대로 1397,134843,05376,,,,127.137007984314,37.5309049343238
MA0106202201A1703069,삼원상사,,G2,소매,G221,기타 상품 소매,G22199,그 외 기타 상품 전문 소매업,G47859,그 외 기타 분류 안된 상품 전문 소매업,26,부산광역시,26710,기장군,26710253,장안읍,2671025330,장안읍,2671025330100170034,1,대지,17,34,부산광역시 기장군 장안읍 월내리 17-34,267104220192,부산광역시 기장군 장안읍 월내해안길,95,,2671025330100170034014296,,부산광역시 기장군 장안읍 월내해안길 95,619951,46037,,,,129.279692702292,35.3265871284598
MA0106202201A2240463,남도키친,,G2,소매,G221,기타 상품 소매,G22199,그 외 기타 상품 전문 소매업,G47859,그 외 기타 분류 안된 상품 전문 소매업,41,경기도,41450,하남시,41450630,미사3동,4145011000,풍산동,4145011000105220003,1,대지,522,3,경기도 하남시 풍산동 522-3,414502202002,경기도 하남시 미사강변대로,38,,,,경기도 하남시 미사강변대로 38,465170,12919,,,,127.185758366051,37.5537146665866
MA0106202201A1321717,가영마켓,,G2,소매,G221,기타 상품 소매,G22199,그 외 기타 상품 전문 소매업,G47859,그 외 기타 분류 안된 상품 전문 소매업,11,서울특별시,11560,영등포구,11560535,영등포동,1156010600,영등포동5가,1156010600101510000,1,대지,151,,서울특별시 영등포구 영등포동5가 151,115604154804,서울특별시 영등포구 영중로24길,23,,1156010600101510000033995,,서울특별시 영등포구 영중로24길 23,150030,07250,,,,126.907793599115,37.5220014636767
MA0106202201A1942530,아이스크림,,G2,소매,G221,기타 상품 소매,G22199,그 외 기타 상품 전문 소매업,G47859,그 외 기타 분류 안된 상품 전문 소매업,41,경기도,41450,하남시,41450540,덕풍1동,4145010800,덕풍동,4145010800105210008,1,대지,521,8,경기도 하남시 덕풍동 521-8,414504406197,경기도 하남시 역말로16번길,8,,,,경기도 하남시 역말로16번길 8,465805,12979,,,,127.200869192975,37.5335796511031
MA0106202201A1994891,대박종합유통,,G2,소매,G221,기타 상품 소매,G22199,그 외 기타 상품 전문 소매업,G47859,그 외 기타 분류 안된 상품 전문 소매업,50,제주특별자치도,50110,제주시,50110590,건입동,5011010700,건입동,5011010700107080005,1,대지,708,5,제주특별자치도 제주시 건입동 708-5,501104847789,제주특별자치도 제주시 사라봉1길,50,,,,제주특별자치도 제주시 사라봉1길 50,690800,63283,,,,126.541274381248,33.5145456979194
MA0106202201A1362835,엘리스파이,시청역점,G2,소매,G221,기타 상품 소매,G22199,그 외 기타 상품 전문 소매업,G47859,그 외 기타 분류 안된 상품 전문 소매업,11,서울특별시,11140,중구,11140520,소공동,1114016600,서소문동,1114016600101200035,1,대지,120,35,서울특별시 중구 서소문동 120-35,111404103187,서울특별시 중구 세종대로11길,26,,1114016600101200035022628,,서울특별시 중구 세종대로11길 26,100814,04513,,,,126.974578932625,37.5623094047598
MA0106202201A2335467,은평에스지,,G2,소매,G221,기타 상품 소매,G22199,그 외 기타 상품 전문 소매업,G47859,그 외 기타 분류 안된 상품 전문 소매업,41,경기도,41480,파주시,41480262,조리읍,4148026225,조리읍,4148026225103450003,1,대지,345,3,경기도 파주시 조리읍 오산리 345-3,414804418346,경기도 파주시 조리읍 사근절길,17,68,4148026225103450003000001,,경기도 파주시 조리읍 사근절길 17-68,413821,10949,,,,126.827969544951,37.7647721784694
MA0106202201A1539852,가온타바코,,G2,소매,G221,기타 상품 소매,G22199,그 외 기타 상품 전문 소매업,G47859,그 외 기타 분류 안된 상품 전문 소매업,47,경상북도,47130,경주시,47130259,외동읍,4713025921,외동읍,4713025921108870002,1,대지,887,2,경상북도 경주시 외동읍 입실리 887-2,471303305052,경상북도 경주시 외동읍 입실로,53,,4713025921108870002072842,,경상북도 경주시 외동읍 입실로 53,780827,38213,,,,129.324706057335,35.7131686025268
MA0106202210A0054065,슬라임카페홀릭,,G2,소매,G221,기타 상품 소매,G22199,그 외 기타 상품 전문 소매업,G47859,그 외 기타 분류 안된 상품 전문 소매업,51,강원특별자치도,51130,원주시,51130330,지정면,5113033023,지정면,5113033023114970001,1,대지,1497,1,강원특별자치도 원주시 지정면 가곡리 1497-1,511303350530,강원특별자치도 원주시 지정면 신지정로,322,1,4213033023114970001000001,,강원특별자치도 원주시 지정면 신지정로 322-1,220821,26353,,,,127.873168456877,37.3824274744255
MA0106202209A1585594,로스팅빈스,,G2,소매,G221,기타 상품 소매,G22199,그 외 기타 상품 전문 소매업,G47859,그 외 기타 분류 안된 상품 전문 소매업,41,경기도,41461,용인시 처인구,41461340,원삼면,4146134029,원삼면,4146134029100850000,1,대지,85,,경기도 용인시 처인구 원삼면 목신리 85,414614409425,경기도 용인시 처인구 원삼면 보개원삼로1372번길,38,,4146134029100850000000001,,경기도 용인시 처인구 원삼면 보개원삼로1372번길 38,449873,17170,,,,127.313091176545,37.1171320351099
MA0106202209A1603563,월영교달빵법인,,G2,소매,G221,기타 상품 소매,G22199,그 외 기타 상품 전문 소매업,G47859,그 외 기타 분류 안된 상품 전문 소매업,47,경상북도,47170,안동시,47170510,중구동,4717011300,운흥동,4717011300102780038,1,대지,278,38,경상북도 안동시 운흥동 278-38,471704721350,경상북도 안동시 맑은샘길,37,,4717011300102780005017468,,경상북도 안동시 맑은샘길 37,760110,36706,,,,128.727399650013,36.5620140960595
MA0106202208A1319599,인푸드,,G2,소매,G221,기타 상품 소매,G22199,그 외 기타 상품 전문 소매업,G47859,그 외 기타 분류 안된 상품 전문 소매업,11,서울특별시,11500,강서구,11500640,방화2동,1150010900,방화동,1150010900105630008,1,대지,563,8,서울특별시 강서구 방화동 563-8,115004145388,서울특별시 강서구 양천로14길,13,,1150010900105630008001013,,서울특별시 강서구 양천로14길 13,157850,07603,,,,126.810312274671,37.5724941691806
MA0106202208A2156748,탱탱쭈꾸미,,G2,소매,G221,기타 상품 소매,G22199,그 외 기타 상품 전문 소매업,G47859,그 외 기타 분류 안된 상품 전문 소매업,47,경상북도,47770,영덕군,47770310,강구면,4777031032,강구면,4777031032100330005,1,대지,33,5,경상북도 영덕군 강구면 오포리 33-5,477704754189,경상북도 영덕군 강구면 신강구1길,45,1,4777031032100330005005826,,경상북도 영덕군 강구면 신강구1길 45-1,766823,36459,,,,129.379967518182,36.3539783542523
MA0106202203A0457556,한우가푸드,,G2,소매,G221,기타 상품 소매,G22199,그 외 기타 상품 전문 소매업,G47859,그 외 기타 분류 안된 상품 전문 소매업,11,서울특별시,11530,구로구,11530510,신도림동,1153010100,신도림동,1153010100104600026,1,대지,460,26,서울특별시 구로구 신도림동 460-26,115303116007,서울특별시 구로구 새말로,117,21,1153010100104600026000002,,서울특별시 구로구 새말로 117-21,152888,08288,,,,126.891081972635,37.5087695156323
MA0106202202A1635067,랩가이드CS,,G2,소매,G221,기타 상품 소매,G22199,그 외 기타 상품 전문 소매업,G47859,그 외 기타 분류 안된 상품 전문 소매업,41,경기도,41210,광명시,41210655,일직동,4121010600,일직동,4121010600105090001,1,대지,509,1,경기도 광명시 일직동 509-1,412103182031,경기도 광명시 일직로,22,,4121010600105090001000001,,경기도 광명시 일직로 22,423090,14344,,,,126.88412390075,37.4223379285405
MA0106202203A2234885,자연애퀵&쿡,,G2,소매,G221,기타 상품 소매,G22199,그 외 기타 상품 전문 소매업,G47859,그 외 기타 분류 안된 상품 전문 소매업,31,울산광역시,31140,남구,31140570,삼산동,3114010600,삼산동,3114010600101680006,1,대지,168,6,울산광역시 남구 삼산동 168-6,311404310197,울산광역시 남구 돋질로429번길,12,,3114010600101650007005441,,울산광역시 남구 돋질로429번길 12,680813,44711,,,,129.352166764509,35.5446802309385
MA0106202203A0759630,후레쉬팜,,G2,소매,G221,기타 상품 소매,G22199,그 외 기타 상품 전문 소매업,G47859,그 외 기타 분류 안된 상품 전문 소매업,11,서울특별시,11230,동대문구,11230545,제기동,1123010300,제기동,1123010300109280002,1,대지,928,2,서울특별시 동대문구 제기동 928-2,112304115255,서울특별시 동대문구 약령중앙로10길,17,,1123010300109280002032198,,서울특별시 동대문구 약령중앙로10길 17,130864,02570,,,,127.038153257682,37.5825783641704
MA0106202202A1269201,에스알,,G2,소매,G221,기타 상품 소매,G22199,그 외 기타 상품 전문 소매업,G47859,그 외 기타 분류 안된 상품 전문 소매업,46,전라남도,46130,여수시,46130800,여천동,4613013700,화장동,4613013700108610004,1,대지,861,4,전라남도 여수시 화장동 861-4,461303282013,전라남도 여수시 대통로,46,1,4613013700108610004012567,,전라남도 여수시 대통로 46-1,555090,59637,,,,127.642057486624,34.7759506030033
MA0106202204A0478018,롤로토바코샾,야음점,G2,소매,G221,기타 상품 소매,G22199,그 외 기타 상품 전문 소매업,G47859,그 외 기타 분류 안된 상품 전문 소매업,31,울산광역시,31140,남구,31140670,야음장생포동,3114010800,야음동,3114010800108160006,1,대지,816,6,울산광역시 남구 야음동 816-6,311404310535,울산광역시 남구 수암로224번길,15,,3114010800108160006003174,,울산광역시 남구 수암로224번길 15,680836,44752,,,,129.330668094947,35.523724748408
MA0106202204A0901730,캠바이오,,G2,소매,G221,기타 상품 소매,G22199,그 외 기타 상품 전문 소매업,G47859,그 외 기타 분류 안된 상품 전문 소매업,30,대전광역시,30230,대덕구,30230525,회덕동,3023010500,신대동,3023010500104100000,1,대지,410,,대전광역시 대덕구 신대동 410,302304858121,대전광역시 대덕구 신탄진로115번안길,37,,3023010500104100000000001,,대전광역시 대덕구 신탄진로115번안길 37,306080,34351,,,,127.416328715256,36.3923738045421
MA0106202204A0063908,더해빙,,G2,소매,G221,기타 상품 소매,G22199,그 외 기타 상품 전문 소매업,G47859,그 외 기타 분류 안된 상품 전문 소매업,51,강원특별자치도,51750,영월군,51750250,영월읍,5175025021,영월읍,5175025021110020008,1,대지,1002,8,강원특별자치도 영월군 영월읍 영흥리 1002-8,517504481168,강원특별자치도 영월군 영월읍 영모전길,50,,4275025021110020008017037,,강원특별자치도 영월군 영월읍 영모전길 50,230805,26227,,,,128.47113666419,37.1857578249447
MA0106202201A2294406,로즈레미,,G2,소매,G221,기타 상품 소매,G22199,그 외 기타 상품 전문 소매업,G47859,그 외 기타 분류 안된 상품 전문 소매업,41,경기도,41285,고양시 일산동구,41285530,정발산동,4128510300,정발산동,4128510300111280007,1,대지,1128,7,경기도 고양시 일산동구 정발산동 1128-7,412854379113,경기도 고양시 일산동구 산두로229번길,33,,,,경기도 고양시 일산동구 산두로229번길 33,410828,10357,,,,126.778256767266,37.6746370944994
MA0106202202A1092338,토마토김밥연신내,로데오점,G2,소매,G221,기타 상품 소매,G22199,그 외 기타 상품 전문 소매업,G47859,그 외 기타 분류 안된 상품 전문 소매업,11,서울특별시,11380,은평구,11380551,갈현1동,1138010400,갈현동,1138010400104320019,1,대지,432,19,서울특별시 은평구 갈현동 432-19,113804133160,서울특별시 은평구 연서로29길,38,,1138010400104320019033901,,서울특별시 은평구 연서로29길 38,122811,03330,,,,126.916462391964,37.6201352793176
MA0106202202A0747571,레이드,,G2,소매,G221,기타 상품 소매,G22199,그 외 기타 상품 전문 소매업,G47859,그 외 기타 분류 안된 상품 전문 소매업,11,서울특별시,11200,성동구,11200615,금호2.3가동,1120011100,금호동3가,1120011100113960000,1,대지,1396,,서울특별시 성동구 금호동3가 1396,112004109519,서울특별시 성동구 장터길,9,,1120011100113960000013322,,서울특별시 성동구 장터길 9,133807,04724,,,,127.016883907655,37.5485436903607
MA0106202210A0239673,명품토탈패션,,G2,소매,G221,기타 상품 소매,G22199,그 외 기타 상품 전문 소매업,G47859,그 외 기타 분류 안된 상품 전문 소매업,41,경기도,41150,의정부시,41150573,송산1동,4115010500,용현동,4115010500102700060,1,대지,270,60,경기도 의정부시 용현동 270-60,411503181035,경기도 의정부시 용민로,46,,4115010500102690002018074,,경기도 의정부시 용민로 46,480838,11785,,,,127.083747047231,37.7360099922326
MA0106202210A0718821,"고울연,차",,G2,소매,G221,기타 상품 소매,G22199,그 외 기타 상품 전문 소매업,G47859,그 외 기타 분류 안된 상품 전문 소매업,41,경기도,41463,용인시 기흥구,41463520,구갈동,4146310200,구갈동,4146310200105470008,1,대지,547,8,경기도 용인시 기흥구 구갈동 547-8,414634412020,경기도 용인시 기흥구 강남서로75번길,2,8,4146310200105470008022512,,경기도 용인시 기흥구 강남서로75번길 2-8,446573,16977,,,,127.130042610834,37.2782307347183
MA0106202209A2385903,비비베이프,,G2,소매,G221,기타 상품 소매,G22199,그 외 기타 상품 전문 소매업,G47859,그 외 기타 분류 안된 상품 전문 소매업,26,부산광역시,26500,수영구,26500730,수영동,2650010200,수영동,2650010200104460014,1,대지,446,14,부산광역시 수영구 수영동 446-14,265003129044,부산광역시 수영구 연수로,419,,2650010200104460014009090,,부산광역시 수영구 연수로 419,613830,48228,,,,129.114821106166,35.167821292576
MA0106202209A1441594,강호보이차,,G2,소매,G221,기타 상품 소매,G22199,그 외 기타 상품 전문 소매업,G47859,그 외 기타 분류 안된 상품 전문 소매업,27,대구광역시,27140,동구,27140760,공산동,2714014500,지묘동,2714014500102710000,1,대지,271,,대구광역시 동구 지묘동 271,271404226338,대구광역시 동구 팔공로91길,8,,2714014500102710000002200,,대구광역시 동구 팔공로91길 8,701839,41005,,,,128.644715297322,35.9401297316916
MA0106202209A0230605,다이소여주,오학점,G2,소매,G221,기타 상품 소매,G22199,그 외 기타 상품 전문 소매업,G47859,그 외 기타 분류 안된 상품 전문 소매업,41,경기도,41670,여주시,41670530,오학동,4167012100,오학동,4167012100104370003,1,대지,437,3,경기도 여주시 오학동 437-3,416704856297,경기도 여주시 보뜰3길,8,,4167012100104370003000001,,경기도 여주시 보뜰3길 8,469121,12639,,,,127.647609203981,37.3037416043794
MA0106202209A1772155,동우상사,,G2,소매,G221,기타 상품 소매,G22199,그 외 기타 상품 전문 소매업,G47859,그 외 기타 분류 안된 상품 전문 소매업,26,부산광역시,26260,동래구,26260761,명장1동,2626010100,명장동,2626010100101380012,1,대지,138,12,부산광역시 동래구 명장동 138-12,262604190159,부산광역시 동래구 명안로72번길,17,,2626010100101380012023238,,부산광역시 동래구 명안로72번길 17,607810,47774,,,,129.105061303066,35.2029920152909
MA0106202209A1193314,종합상사,,G2,소매,G221,기타 상품 소매,G22199,그 외 기타 상품 전문 소매업,G47859,그 외 기타 분류 안된 상품 전문 소매업,29,광주광역시,29110,동구,29110685,학동,2911012200,학동,2911012200110040003,1,대지,1004,3,광주광역시 동구 학동 1004-3,291103159003,광주광역시 동구 남문로,724,,2911012200110040003013155,,광주광역시 동구 남문로 724,501841,61457,,,,126.927110405016,35.1351400821415
MA0106202208A2129318,이지앤코지,,G2,소매,G221,기타 상품 소매,G22199,그 외 기타 상품 전문 소매업,G47859,그 외 기타 분류 안된 상품 전문 소매업,30,대전광역시,30200,유성구,30200520,진잠동,3020010300,대정동,3020010300103770001,1,대지,377,1,대전광역시 유성구 대정동 377-1,302004301332,대전광역시 유성구 유성대로217번길,4,15,3020010300103770000000001,,대전광역시 유성구 유성대로217번길 4-15,305251,34216,,,,127.314138702981,36.3174380742028
MA0106202208A1538905,스마일1000해피2000,,G2,소매,G221,기타 상품 소매,G22199,그 외 기타 상품 전문 소매업,G47859,그 외 기타 분류 안된 상품 전문 소매업,47,경상북도,47190,구미시,47190535,원평동,4719010100,원평동,4719010100101100008,1,대지,110,8,경상북도 구미시 원평동 110-8,471903308006,경상북도 구미시 구미중앙로,57,15,4719010100101100008016427,,경상북도 구미시 구미중앙로 57-15,730920,39221,,,,128.3285490534,36.1308372243317
MA0106202208A0983293,신라슈퍼,,G2,소매,G221,기타 상품 소매,G22199,그 외 기타 상품 전문 소매업,G47859,그 외 기타 분류 안된 상품 전문 소매업,43,충청북도,43113,청주시 흥덕구,43113751,봉명1동,4311311500,봉명동,4311311500101760010,1,대지,176,10,충청북도 청주시 흥덕구 봉명동 176-10,431134512162,충청북도 청주시 흥덕구 1순환로584번길,44,1,4311311500101760010002088,,충청북도 청주시 흥덕구 1순환로584번길 44-1,361816,28570,,,,127.458326401695,36.6419819927408
MA0106202210A0256993,수건나라,,G2,소매,G221,기타 상품 소매,G22199,그 외 기타 상품 전문 소매업,G47859,그 외 기타 분류 안된 상품 전문 소매업,41,경기도,41480,파주시,41480250,문산읍,4148025023,문산읍,4148025023109570006,1,대지,957,6,경기도 파주시 문산읍 선유리 957-6,414803206033,경기도 파주시 문산읍 문향로,100,2,4148025023109570006011115,,경기도 파주시 문산읍 문향로 100-2,413902,10824,,,,126.787611376475,37.8601356921941
MA0106202202A1902732,부산대학교산학협력단,,G2,소매,G221,기타 상품 소매,G22199,그 외 기타 상품 전문 소매업,G47859,그 외 기타 분류 안된 상품 전문 소매업,26,부산광역시,26410,금정구,26410610,장전2동,2641010800,장전동,2641010800200300000,2,산,30,,부산광역시 금정구 장전동 산30,264104205206,부산광역시 금정구 부산대학로63번길,2,1,2641010800200300000036088,,부산광역시 금정구 부산대학로63번길 2-1,609735,46239,,,,129.068859311335,35.2348411611651
MA0106202201A1199656,윤스과일,상무본점,G2,소매,G221,기타 상품 소매,G22199,그 외 기타 상품 전문 소매업,G47859,그 외 기타 분류 안된 상품 전문 소매업,46,전라남도,46790,화순군,46790250,화순읍,4679025035,화순읍,4679025035101620007,1,대지,162,7,전라남도 화순군 화순읍 벽라리 162-7,467903291018,전라남도 화순군 화순읍 오성로,542,,4679025035101620005000001,,전라남도 화순군 화순읍 오성로 542,519801,58109,,,,126.967554277369,35.0529888223303
MA0106202202A1672319,부자유통,,G2,소매,G221,기타 상품 소매,G22199,그 외 기타 상품 전문 소매업,G47859,그 외 기타 분류 안된 상품 전문 소매업,11,서울특별시,11305,강북구,11305660,인수동,1130510300,수유동,1130510300104100195,1,대지,410,195,서울특별시 강북구 수유동 410-195,113054124514,서울특별시 강북구 인수봉로58길,21,3,1130510300104100195002715,,서울특별시 강북구 인수봉로58길 21-3,142884,01088,,,,127.014275471987,37.6373007469362
MA0106202202A0520570,신세계인터내셔날JAJU대구테크노폴리스,,G2,소매,G221,기타 상품 소매,G22199,그 외 기타 상품 전문 소매업,G47859,그 외 기타 분류 안된 상품 전문 소매업,27,대구광역시,27710,달성군,27710259,유가읍,2771025924,유가읍,2771025924106190000,1,대지,619,,대구광역시 달성군 유가읍 봉리 619,277103341006,대구광역시 달성군 유가읍 테크노상업로,120,,2771037024106190000000001,,대구광역시 달성군 유가읍 테크노상업로 120,711883,43018,,,,128.462907682192,35.6930674594105
MA0106202203A1917780,정심김포파주농협점,,G2,소매,G221,기타 상품 소매,G22199,그 외 기타 상품 전문 소매업,G47859,그 외 기타 분류 안된 상품 전문 소매업,41,경기도,41194,부천시 소사구,41194540,소사본1동,4119410100,소사본동,4119410100101580025,1,대지,158,25,경기도 부천시 소사구 소사본동 158-25,411943185013,경기도 부천시 소사구 은성로,61,1,4119710100101580025014175,,경기도 부천시 소사구 은성로 61-1,422811,14703,,,,126.797636253419,37.4753271924949
MA0106202206A2184572,여우전,,G2,소매,G221,기타 상품 소매,G22199,그 외 기타 상품 전문 소매업,G47859,그 외 기타 분류 안된 상품 전문 소매업,41,경기도,41590,화성시,41590253,봉담읍,4159025324,봉담읍,4159025324105990001,1,대지,599,1,경기도 화성시 봉담읍 동화리 599-1,415904430329,경기도 화성시 봉담읍 동화길,81,10,4159025324105990001000001,,경기도 화성시 봉담읍 동화길 81-10,445893,18302,,,,126.958617752047,37.2171860854402
MA0106202206A1765515,남문상회,,G2,소매,G221,기타 상품 소매,G22199,그 외 기타 상품 전문 소매업,G47859,그 외 기타 분류 안된 상품 전문 소매업,26,부산광역시,26260,동래구,26260520,복산동,2626010500,복천동,2626010500102290065,1,대지,229,65,부산광역시 동래구 복천동 229-65,262604190059,부산광역시 동래구 동래로148번길,7,,2626010500102290065003068,,부산광역시 동래구 동래로148번길 7,607020,47810,,,,129.086442932993,35.2043597309814
MA0106202206A0693338,미성사,,G2,소매,G221,기타 상품 소매,G22199,그 외 기타 상품 전문 소매업,G47859,그 외 기타 분류 안된 상품 전문 소매업,51,강원특별자치도,51130,원주시,51130515,중앙동,5113010100,중앙동,5113010100100620008,1,대지,62,8,강원특별자치도 원주시 중앙동 62-8,511304457563,강원특별자치도 원주시 중앙시장길,20,33,4213010100100620029000455,,강원특별자치도 원주시 중앙시장길 20-33,220903,26428,,,,127.950124390515,37.3499750605438
MA0106202206A2262975,홍익설렁탕,,G2,소매,G221,기타 상품 소매,G22199,그 외 기타 상품 전문 소매업,G47859,그 외 기타 분류 안된 상품 전문 소매업,28,인천광역시,28260,서구,28260680,검단동,2826011300,마전동,2826011300109120003,1,대지,912,3,인천광역시 서구 마전동 912-3,282604268537,인천광역시 서구 완정로178번안길,10,,2826011300106900030029964,,인천광역시 서구 완정로178번안길 10,404260,22617,,,,126.658134813358,37.6031365653254
MA0106202206A0695956,이원원주.인천투다리,대리점,G2,소매,G221,기타 상품 소매,G22199,그 외 기타 상품 전문 소매업,G47859,그 외 기타 분류 안된 상품 전문 소매업,51,강원특별자치도,51130,원주시,51130675,반곡관설동,5113011600,관설동,5113011600115730000,1,대지,1573,,강원특별자치도 원주시 관설동 1573,511304457019,강원특별자치도 원주시 갈촌길,106,,4213011600115730000000001,,강원특별자치도 원주시 갈촌길 106,220934,26470,,,,127.962988371898,37.3109208880215
MA0106202206A1995760,네띠,코리아,G2,소매,G221,기타 상품 소매,G22199,그 외 기타 상품 전문 소매업,G47859,그 외 기타 분류 안된 상품 전문 소매업,11,서울특별시,11140,중구,11140550,명동,1114012500,충무로2가,1114012500100640005,1,대지,64,5,서울특별시 중구 충무로2가 64-5,111403101011,서울특별시 중구 퇴계로,131,,1114012500100640005019962,,서울특별시 중구 퇴계로 131,100861,04537,,,,126.986361546465,37.5612842175824
MA0106202201A1077620,법인청원,,G2,소매,G221,기타 상품 소매,G22199,그 외 기타 상품 전문 소매업,G47859,그 외 기타 분류 안된 상품 전문 소매업,29,광주광역시,29200,광산구,29200637,수완동,2920012300,장덕동,2920012300110740000,1,대지,1074,,광주광역시 광산구 장덕동 1074,292004289559,광주광역시 광산구 장덕로49번길,12,,2920012300110740000000001,,광주광역시 광산구 장덕로49번길 12,506304,62220,,,,126.815022663827,35.1954568388568
MA0106202201A1663363,봄봄밀,,G2,소매,G221,기타 상품 소매,G22199,그 외 기타 상품 전문 소매업,G47859,그 외 기타 분류 안된 상품 전문 소매업,26,부산광역시,26320,북구,26320541,화명1동,2632010200,화명동,2632010200112640003,1,대지,1264,3,부산광역시 북구 화명동 1264-3,263204196052,부산광역시 북구 금곡대로290번길,18,,2632010200112640003000431,,부산광역시 북구 금곡대로290번길 18,616854,46533,,,,129.014626017561,35.2336296215107
MA0106202201A0748707,레이드,,G2,소매,G221,기타 상품 소매,G22199,그 외 기타 상품 전문 소매업,G47859,그 외 기타 분류 안된 상품 전문 소매업,11,서울특별시,11290,성북구,11290575,동선동,1129011700,동선동2가,1129011700103470006,1,대지,347,6,서울특별시 성북구 동선동2가 347-6,112904121211,서울특별시 성북구 보문로30가길,41,1,1129011700103470006000001,,서울특별시 성북구 보문로30가길 41-1,136052,02844,,,,127.022033483701,37.5892227918442
MA0106202201A0977216,바이오팩트,,G2,소매,G221,기타 상품 소매,G22199,그 외 기타 상품 전문 소매업,G47859,그 외 기타 분류 안된 상품 전문 소매업,30,대전광역시,30200,유성구,30200570,전민동,3020014200,원촌동,3020014200100480002,1,대지,48,2,대전광역시 유성구 원촌동 48-2,302003167043,대전광역시 유성구 엑스포로,240,,3020014200100480002008864,,대전광역시 유성구 엑스포로 240,305810,34124,,,,127.405675053721,36.3777844922484
MA0106202201A1334119,샾,,G2,소매,G221,기타 상품 소매,G22199,그 외 기타 상품 전문 소매업,G47859,그 외 기타 분류 안된 상품 전문 소매업,29,광주광역시,29170,북구,29170580,신안동,2917010600,신안동,2917010600102490001,1,대지,249,1,광주광역시 북구 신안동 249-1,291703009021,광주광역시 북구 무등로,82,,2917010600102490001031660,,광주광역시 북구 무등로 82,500830,61248,,,,126.892942827444,35.1683208309369
MA0106202205A0087698,누마스타서울북부,,G2,소매,G221,기타 상품 소매,G22199,그 외 기타 상품 전문 소매업,G47859,그 외 기타 분류 안된 상품 전문 소매업,11,서울특별시,11260,중랑구,11260680,신내1동,1126010600,신내동,1126010600102820000,1,대지,282,,서울특별시 중랑구 신내동 282,112604118502,서울특별시 중랑구 용마산로139다길,21,,1126010600102820000032011,,서울특별시 중랑구 용마산로139다길 21,131865,02052,,,,127.101420276414,37.6180219636621
MA0106202205A0993696,바이오슈,코리아,G2,소매,G221,기타 상품 소매,G22199,그 외 기타 상품 전문 소매업,G47859,그 외 기타 분류 안된 상품 전문 소매업,41,경기도,41390,시흥시,41390596,배곧1동,4139013500,배곧동,4139013500101240000,1,대지,124,,경기도 시흥시 배곧동 124,413903350763,경기도 시흥시 배곧4로,30,,4139013200117720021000002,,경기도 시흥시 배곧4로 30,,15010,,,,126.727492278232,37.3773450543149
MA0106202210A0095623,체크앤바이,,G2,소매,G221,기타 상품 소매,G22199,그 외 기타 상품 전문 소매업,G47859,그 외 기타 분류 안된 상품 전문 소매업,11,서울특별시,11530,구로구,11530540,구로3동,1153010200,구로동,1153010200111280003,1,대지,1128,3,서울특별시 구로구 구로동 1128-3,115304148336,서울특별시 구로구 디지털로32가길,16,,1153010200111280003022710,,서울특별시 구로구 디지털로32가길 16,152880,08393,,,,126.898581674511,37.4829533497151
MA0106202210A0271059,e소화기뱅크,,G2,소매,G221,기타 상품 소매,G22199,그 외 기타 상품 전문 소매업,G47859,그 외 기타 분류 안된 상품 전문 소매업,41,경기도,41133,성남시 중원구,41133510,성남동,4113310100,성남동,4113310100139610000,1,대지,3961,,경기도 성남시 중원구 성남동 3961,411332179001,경기도 성남시 중원구 둔촌대로,137,,4113310100139610000014829,,경기도 성남시 중원구 둔촌대로 137,462828,13372,,,,127.134133331235,37.4291483307124
MA0106202210A0407432,다이소화성조암점,,G2,소매,G221,기타 상품 소매,G22199,그 외 기타 상품 전문 소매업,G47859,그 외 기타 분류 안된 상품 전문 소매업,41,경기도,41590,화성시,41590256,우정읍,4159025632,우정읍,4159025632102240004,1,대지,224,4,경기도 화성시 우정읍 조암리 224-4,415903210101,경기도 화성시 우정읍 조암북로,50,,4159025632102240004000001,,경기도 화성시 우정읍 조암북로 50,445955,18565,,,,126.819618307736,37.0859159678184
MA0106202210A0472876,불광불교원,,G2,소매,G221,기타 상품 소매,G22199,그 외 기타 상품 전문 소매업,G47859,그 외 기타 분류 안된 상품 전문 소매업,26,부산광역시,26260,동래구,26260762,명장2동,2626010100,명장동,2626010100100290032,1,대지,29,32,부산광역시 동래구 명장동 29-32,262603130026,부산광역시 동래구 반송로,263,,2626010100100290032023133,,부산광역시 동래구 반송로 263,607807,47752,,,,129.100534732804,35.2037194841414
MA0106202209A0630062,송파3대전자담배,,G2,소매,G221,기타 상품 소매,G22199,그 외 기타 상품 전문 소매업,G47859,그 외 기타 분류 안된 상품 전문 소매업,11,서울특별시,11710,송파구,11710620,가락본동,1171010700,가락동,1171010700100500000,1,대지,50,,서울특별시 송파구 가락동 50,117104169394,서울특별시 송파구 오금로36길,69,,1171010700100500000006842,,서울특별시 송파구 오금로36길 69,138802,05714,,,,127.121308443253,37.4982877621416
MA0106202209A0101260,한빛푸드유통,,G2,소매,G221,기타 상품 소매,G22199,그 외 기타 상품 전문 소매업,G47859,그 외 기타 분류 안된 상품 전문 소매업,30,대전광역시,30110,동구,30110740,산내동,3011013600,낭월동,3011013600106510000,1,대지,651,,대전광역시 동구 낭월동 651,301103000089,대전광역시 동구 산내로,1274,,3011013600106510000035498,,대전광역시 동구 산내로 1274,300220,34703,,,,127.469786658435,36.277401965691
MA0106202209A0433915,타월로지스트,,G2,소매,G221,기타 상품 소매,G22199,그 외 기타 상품 전문 소매업,G47859,그 외 기타 분류 안된 상품 전문 소매업,11,서울특별시,11560,영등포구,11560680,신길6동,1156013200,신길동,1156013200145790000,1,대지,4579,,서울특별시 영등포구 신길동 4579,115604154197,서울특별시 영등포구 대방천로12길,1,,1156013200145790000009068,,서울특별시 영등포구 대방천로12길 1,150860,07436,,,,126.909133732932,37.4989818443416
MA0106202209A1241260,숲에서,,G2,소매,G221,기타 상품 소매,G22199,그 외 기타 상품 전문 소매업,G47859,그 외 기타 분류 안된 상품 전문 소매업,29,광주광역시,29170,북구,29170590,용봉동,2917010700,용봉동,2917010700110970008,1,대지,1097,8,광주광역시 북구 용봉동 1097-8,291703162054,광주광역시 북구 용봉택지로,46,,2917010700110970008027364,,광주광역시 북구 용봉택지로 46,500845,61114,,,,126.891238952581,35.1784145126802
MA0106202209A1309028,소꿉과자당,,G2,소매,G221,기타 상품 소매,G22199,그 외 기타 상품 전문 소매업,G47859,그 외 기타 분류 안된 상품 전문 소매업,41,경기도,41117,수원시 영통구,41117580,영통2동,4111710600,신동,4111710600109380001,1,대지,938,1,경기도 수원시 영통구 신동 938-1,411174430291,경기도 수원시 영통구 권선로908번길,57,,4111710600109380001000001,,경기도 수원시 영통구 권선로908번길 57,443472,16682,,,,127.044249713989,37.2463068885928
MA0106202208A1785907,우성생활용품,,G2,소매,G221,기타 상품 소매,G22199,그 외 기타 상품 전문 소매업,G47859,그 외 기타 분류 안된 상품 전문 소매업,48,경상남도,48125,창원시 마산합포구,48125630,오동동,4812511700,부림동,4812511700100830244,1,대지,83,244,경상남도 창원시 마산합포구 부림동 83-244,481252019003,경상남도 창원시 마산합포구 315대로,349,,4812511700100830244033493,,경상남도 창원시 마산합포구 315대로 349,631860,51282,,,,128.572919378096,35.206129089759
MA0106202208A1667832,참숯워낭갈비의정부역점,,G2,소매,G221,기타 상품 소매,G22199,그 외 기타 상품 전문 소매업,G47859,그 외 기타 분류 안된 상품 전문 소매업,41,경기도,41150,의정부시,41150520,의정부2동,4115010100,의정부동,4115010100104860010,1,대지,486,10,경기도 의정부시 의정부동 486-10,411503181060,경기도 의정부시 시민로,33,,4115010100104860010021536,,경기도 의정부시 시민로 33,480848,11673,,,,127.038925211346,37.7385380102063
MA0106202207A2054341,행복더하기,,G2,소매,G221,기타 상품 소매,G22199,그 외 기타 상품 전문 소매업,G47859,그 외 기타 분류 안된 상품 전문 소매업,44,충청남도,44200,아산시,44200590,온양3동,4420011300,모종동,4420011300105600015,1,대지,560,15,충청남도 아산시 모종동 560-15,442003253033,충청남도 아산시 삼동로,70,,4420011300105600015046542,,충청남도 아산시 삼동로 70,336801,31522,,,,127.012289880088,36.7860609195222
MA0106202207A1931869,이반퓨처,,G2,소매,G221,기타 상품 소매,G22199,그 외 기타 상품 전문 소매업,G47859,그 외 기타 분류 안된 상품 전문 소매업,11,서울특별시,11740,강동구,11740525,상일1동,1174010300,상일동,1174010300101930000,1,대지,193,,서울특별시 강동구 상일동 193,117404172405,서울특별시 강동구 천호대로219길,106,,1174010300101930000020157,,서울특별시 강동구 천호대로219길 106,134837,05282,,,,127.170778587544,37.5505117134298
MA0106202201A0737464,이음로지스,,G2,소매,G221,기타 상품 소매,G22199,그 외 기타 상품 전문 소매업,G47859,그 외 기타 분류 안된 상품 전문 소매업,41,경기도,41281,고양시 덕양구,41281650,행신2동,4128112400,강매동,4128112400100980003,1,대지,98,3,경기도 고양시 덕양구 강매동 98-3,412813192008,경기도 고양시 덕양구 강매로,244,,4128112400100980003000479,,경기도 고양시 덕양구 강매로 244,412222,10441,,,,126.84520500156,37.6084495865477
MA0106202201A1294064,춘향골문화공간요소,,G2,소매,G221,기타 상품 소매,G22199,그 외 기타 상품 전문 소매업,G47859,그 외 기타 분류 안된 상품 전문 소매업,52,전북특별자치도,52190,남원시,52190510,동충동,5219010100,동충동,5219010100101960003,1,대지,196,3,전북특별자치도 남원시 동충동 196-3,521903271002,전북특별자치도 남원시 광한북로,89,,4519010100101960003316384,,전북특별자치도 남원시 광한북로 89,590986,55762,,,,127.380778912417,35.410976553976
MA0106202201A1428217,신성세라믹,,G2,소매,G221,기타 상품 소매,G22199,그 외 기타 상품 전문 소매업,G47859,그 외 기타 분류 안된 상품 전문 소매업,27,대구광역시,27260,수성구,27260610,중동,2726010800,중동,2726010800103270006,1,대지,327,6,대구광역시 수성구 중동 327-6,272603007015,대구광역시 수성구 희망로,111,,2726010800103270006010112,,대구광역시 수성구 희망로 111,706838,42135,,,,128.611052216133,35.8473006206755
MA0106202201A1964486,어셈블,,G2,소매,G221,기타 상품 소매,G22199,그 외 기타 상품 전문 소매업,G47859,그 외 기타 분류 안된 상품 전문 소매업,48,경상남도,48127,창원시 마산회원구,48127560,양덕1동,4812710500,양덕동,4812710500100070062,1,대지,7,62,경상남도 창원시 마산회원구 양덕동 7-62,481274790110,경상남도 창원시 마산회원구 산호천동길,226,,,,경상남도 창원시 마산회원구 산호천동길 226,630810,51363,,,,128.581392957667,35.2348221537005
MA0106202201A1851391,위드랩,,G2,소매,G221,기타 상품 소매,G22199,그 외 기타 상품 전문 소매업,G47859,그 외 기타 분류 안된 상품 전문 소매업,50,제주특별자치도,50110,제주시,50110550,삼도1동,5011010500,삼도일동,5011010500103190017,1,대지,319,17,제주특별자치도 제주시 삼도일동 319-17,501104849117,제주특별자치도 제주시 홍랑길,20,,,,제주특별자치도 제주시 홍랑길 20,690810,63180,,,,126.523231106359,33.5015307226092
MA0106202201A1681442,김가네고깃집,,G2,소매,G221,기타 상품 소매,G22199,그 외 기타 상품 전문 소매업,G47859,그 외 기타 분류 안된 상품 전문 소매업,41,경기도,41131,성남시 수정구,41131580,수진2동,4113110300,수진동,4113110300139960000,1,대지,3996,,경기도 성남시 수정구 수진동 3996,411312000005,경기도 성남시 수정구 성남대로,1202,,4113110300139960000000503,,경기도 성남시 수정구 성남대로 1202,461873,13320,,,,127.128723710054,37.437065263526
MA0106202201A1980549,알디피자,,G2,소매,G221,기타 상품 소매,G22199,그 외 기타 상품 전문 소매업,G47859,그 외 기타 분류 안된 상품 전문 소매업,41,경기도,41360,남양주시,41360520,평내동,4136010200,평내동,4136010200102710004,1,대지,271,4,경기도 남양주시 평내동 271-4,413603000120,경기도 남양주시 경춘로,1292,37,,,경기도 남양주시 경춘로 1292-37,472936,12218,,,,127.238368568323,37.6486744789373
MA0106202205A1639953,창영비스네스폼,,G2,소매,G221,기타 상품 소매,G22199,그 외 기타 상품 전문 소매업,G47859,그 외 기타 분류 안된 상품 전문 소매업,41,경기도,41111,수원시 장안구,41111580,영화동,4111113400,영화동,4111113400101060004,1,대지,106,4,경기도 수원시 장안구 영화동 106-4,411113176014,경기도 수원시 장안구 팔달로,313,,4111113400101060004040237,,경기도 수원시 장안구 팔달로 313,440816,16267,,,,127.018089492737,37.291897458034
MA0106202205A1511632,닥터스캠프,,G2,소매,G221,기타 상품 소매,G22199,그 외 기타 상품 전문 소매업,G47859,그 외 기타 분류 안된 상품 전문 소매업,41,경기도,41570,김포시,41570570,구래동,4157010900,구래동,4157010900168820006,1,대지,6882,6,경기도 김포시 구래동 6882-6,415703209172,경기도 김포시 김포한강9로,95,,4157010900168820006000001,,경기도 김포시 김포한강9로 95,415080,10071,,,,126.625592660294,37.6451587319542
MA0106202205A0811180,대박이네호떡분식,,G2,소매,G221,기타 상품 소매,G22199,그 외 기타 상품 전문 소매업,G47859,그 외 기타 분류 안된 상품 전문 소매업,26,부산광역시,26350,해운대구,26350620,반송2동,2635010100,반송동,2635010100100620483,1,대지,62,483,부산광역시 해운대구 반송동 62-483,263504199152,부산광역시 해운대구 윗반송로51번길,84,19,2635010100100620483000187,,부산광역시 해운대구 윗반송로51번길 84-19,612800,48007,,,,129.156600291312,35.2309390274335
MA0106202205A0638245,코바식품,,G2,소매,G221,기타 상품 소매,G22199,그 외 기타 상품 전문 소매업,G47859,그 외 기타 분류 안된 상품 전문 소매업,11,서울특별시,11680,강남구,11680640,역삼1동,1168010100,역삼동,1168010100106620018,1,대지,662,18,서울특별시 강남구 역삼동 662-18,116803005086,서울특별시 강남구 언주로,527,,1168010100106620018026592,,서울특별시 강남구 언주로 527,135913,06138,,,,127.041065811672,37.5054248137308
MA0106202205A1247002,TheBee,,G2,소매,G221,기타 상품 소매,G22199,그 외 기타 상품 전문 소매업,G47859,그 외 기타 분류 안된 상품 전문 소매업,41,경기도,41117,수원시 영통구,41117580,영통2동,4111710500,영통동,4111710500109770004,1,대지,977,4,경기도 수원시 영통구 영통동 977-4,411174331138,경기도 수원시 영통구 영통로217번길,6,,4111710500109770004000678,,경기도 수원시 영통구 영통로217번길 6,443812,16679,,,,127.056693320545,37.2469593474411
MA0106202206A1016956,마이산진안촌,,G2,소매,G221,기타 상품 소매,G22199,그 외 기타 상품 전문 소매업,G47859,그 외 기타 분류 안된 상품 전문 소매업,52,전북특별자치도,52113,전주시 덕진구,52113550,인후2동,5211310400,인후동2가,5211310400100360002,1,대지,36,2,전북특별자치도 전주시 덕진구 인후동2가 36-2,521134601148,전북특별자치도 전주시 덕진구 모래내6길,26,9,4511310400100360002017970,,전북특별자치도 전주시 덕진구 모래내6길 26-9,561853,54927,,,,127.145048544213,35.8368531645167
MA0106202206A0129163,유,,G2,소매,G221,기타 상품 소매,G22199,그 외 기타 상품 전문 소매업,G47859,그 외 기타 분류 안된 상품 전문 소매업,51,강원특별자치도,51830,양양군,51830330,현북면,5183033029,현북면,5183033029101520002,1,대지,152,2,강원특별자치도 양양군 현북면 중광정리 152-2,518302000023,강원특별자치도 양양군 현북면 동해대로,1635,,4283033029101520002000001,,강원특별자치도 양양군 현북면 동해대로 1635,215833,25046,,,,128.706077740405,38.031143293305
MA0106202201A2113720,마레스비,,G2,소매,G221,기타 상품 소매,G22199,그 외 기타 상품 전문 소매업,G47859,그 외 기타 분류 안된 상품 전문 소매업,30,대전광역시,30140,중구,30140535,은행선화동,3014010200,선화동,3014010200102830000,1,대지,283,,대전광역시 중구 선화동 283,301404295162,대전광역시 중구 대종로517번길,61,,,,대전광역시 중구 대종로517번길 61,301822,34839,,,,127.421267152658,36.3284003043992
MA0106202201A2008560,드림창조협동조합,,G2,소매,G221,기타 상품 소매,G22199,그 외 기타 상품 전문 소매업,G47859,그 외 기타 분류 안된 상품 전문 소매업,47,경상북도,47150,김천시,47150640,율곡동,4715012000,율곡동,4715012000109320000,1,대지,932,,경상북도 김천시 율곡동 932,471503306058,경상북도 김천시 혁신로,269,,4715012000100061486000001,,경상북도 김천시 혁신로 269,740220,39660,,,,128.178870055558,36.1246901905582
MA0106202204A0821937,쌀눈쌀현미누룽지,,G2,소매,G221,기타 상품 소매,G22199,그 외 기타 상품 전문 소매업,G47859,그 외 기타 분류 안된 상품 전문 소매업,41,경기도,41273,안산시 단원구,41273555,백운동,4127310800,원곡동,4127310800108460000,1,대지,846,,경기도 안산시 단원구 원곡동 846,412733191063,경기도 안산시 단원구 원초로,30,,4127310800108460000007212,,경기도 안산시 단원구 원초로 30,425776,15382,,,,126.801709297124,37.3283958061737
MA0106202203A2021167,로어이스트커피웍스,,G2,소매,G221,기타 상품 소매,G22199,그 외 기타 상품 전문 소매업,G47859,그 외 기타 분류 안된 상품 전문 소매업,26,부산광역시,26350,해운대구,26350530,중1동,2635010600,중동,2635010600108600003,1,대지,860,3,부산광역시 해운대구 중동 860-3,263504199226,부산광역시 해운대구 좌동순환로468번가길,36,,2635010600108600003025934,,부산광역시 해운대구 좌동순환로468번가길 36,612846,48105,,,,129.174138785944,35.1633734651421
MA0106202209A2379945,은평에스지,,G2,소매,G221,기타 상품 소매,G22199,그 외 기타 상품 전문 소매업,G47859,그 외 기타 분류 안된 상품 전문 소매업,41,경기도,41650,포천시,41650330,가산면,4165033026,가산면,4165033026111530005,1,대지,1153,5,경기도 포천시 가산면 금현리 1153-5,416504439116,경기도 포천시 가산면 너배기1길,35,,4165033026111530005011731,,경기도 포천시 가산면 너배기1길 35,487813,11167,,,,127.186438644658,37.8214296620628
MA0106202209A0173045,동해식품,,G2,소매,G221,기타 상품 소매,G22199,그 외 기타 상품 전문 소매업,G47859,그 외 기타 분류 안된 상품 전문 소매업,28,인천광역시,28237,부평구,28237540,부평4동,2823710100,부평동,2823710100102170018,1,대지,217,18,인천광역시 부평구 부평동 217-18,282373154037,인천광역시 부평구 시장로,75,1,2823710100102170018000001,,인천광역시 부평구 시장로 75-1,403820,21391,,,,126.728856345112,37.4969396547683
MA0106202209A2146819,앤멀티샵,,G2,소매,G221,기타 상품 소매,G22199,그 외 기타 상품 전문 소매업,G47859,그 외 기타 분류 안된 상품 전문 소매업,41,경기도,41131,성남시 수정구,41131561,태평4동,4113110200,태평동,4113110200173390004,1,대지,7339,4,경기도 성남시 수정구 태평동 7339-4,411313178018,경기도 성남시 수정구 수정로,211,,4113110200173390004040476,,경기도 성남시 수정구 수정로 211,461826,13282,,,,127.143020587315,37.4445993302802
MA0106202209A2264030,더쿨24시화봉점,,G2,소매,G221,기타 상품 소매,G22199,그 외 기타 상품 전문 소매업,G47859,그 외 기타 분류 안된 상품 전문 소매업,31,울산광역시,31200,북구,31200570,송정동,3120012500,화봉동,3120012500106390001,1,대지,639,1,울산광역시 북구 화봉동 639-1,312003172015,울산광역시 북구 상방로,9,,3120012500106390001010238,효성삼환,울산광역시 북구 상방로 9,683760,44239,,,,129.359313351103,35.5913861134434
MA0106202208A0150342,올쏘,,G2,소매,G221,기타 상품 소매,G22199,그 외 기타 상품 전문 소매업,G47859,그 외 기타 분류 안된 상품 전문 소매업,41,경기도,41250,동두천시,41250566,송내동,4125010100,송내동,4125010100105130009,1,대지,513,9,경기도 동두천시 송내동 513-9,412503189030,경기도 동두천시 강변로,66,,4125010100105130009009305,,경기도 동두천시 강변로 66,483010,11355,,,,127.053820294628,37.8778384054727
MA0106202208A1932476,52SO,,G2,소매,G221,기타 상품 소매,G22199,그 외 기타 상품 전문 소매업,G47859,그 외 기타 분류 안된 상품 전문 소매업,11,서울특별시,11740,강동구,11740525,상일1동,1174010300,상일동,1174010300105130000,1,대지,513,,서울특별시 강동구 상일동 513,117404172034,서울특별시 강동구 고덕로80길,123,,1174010300101310000020634,고덕센트럴아이파크아파트,서울특별시 강동구 고덕로80길 123,134090,05276,,,,127.165596528612,37.5509335534628
MA0106202208A0066018,아이스크림&세계과자할인매장,,G2,소매,G221,기타 상품 소매,G22199,그 외 기타 상품 전문 소매업,G47859,그 외 기타 분류 안된 상품 전문 소매업,11,서울특별시,11590,동작구,11590510,노량진1동,1159010100,노량진동,1159010100100730001,1,대지,73,1,서울특별시 동작구 노량진동 73-1,115903119011,서울특별시 동작구 노량진로,154,,1159010100100730001032548,,서울특별시 동작구 노량진로 154,156800,06922,,,,126.942970001141,37.5134281157922
MA0106202207A1211568,모메드솔루션,,G2,소매,G221,기타 상품 소매,G22199,그 외 기타 상품 전문 소매업,G47859,그 외 기타 분류 안된 상품 전문 소매업,29,광주광역시,29170,북구,29170695,건국동,2917014000,대촌동,2917014000109580003,1,대지,958,3,광주광역시 북구 대촌동 958-3,291703009027,광주광역시 북구 첨단과기로,339,,2917014000109580003047302,,광주광역시 북구 첨단과기로 339,500706,61008,,,,126.862128285342,35.228319792888
MA0106202210A0012629,전자담배,백화점,G2,소매,G221,기타 상품 소매,G22199,그 외 기타 상품 전문 소매업,G47859,그 외 기타 분류 안된 상품 전문 소매업,46,전라남도,46150,순천시,46150540,매곡동,4615010700,매곡동,4615010700101250015,1,대지,125,15,전라남도 순천시 매곡동 125-15,461503283038,전라남도 순천시 중앙로,133,,4615010700101250015033410,,전라남도 순천시 중앙로 133,540947,57940,,,,127.483940331643,34.957573178216
MA0106202201A0727731,남촌,,G2,소매,G221,기타 상품 소매,G22199,그 외 기타 상품 전문 소매업,G47859,그 외 기타 분류 안된 상품 전문 소매업,46,전라남도,46130,여수시,46130780,쌍봉동,4613012800,학동,4613012800100580007,1,대지,58,7,전라남도 여수시 학동 58-7,461304646952,전라남도 여수시 학동서5길,18,,4613012800100580007019441,,전라남도 여수시 학동서5길 18,555808,59672,,,,127.656541475398,34.7633168941831
MA0106202202A1758759,이데아,,G2,소매,G221,기타 상품 소매,G22199,그 외 기타 상품 전문 소매업,G47859,그 외 기타 분류 안된 상품 전문 소매업,48,경상남도,48310,거제시,48310590,상문동,4831011000,상동동,4831011000104740005,1,대지,474,5,경상남도 거제시 상동동 474-5,483104811049,경상남도 거제시 계룡로2길,41,,4831011000104740005000001,,경상남도 거제시 계룡로2길 41,656300,53287,,,,128.627990180485,34.8771558932693
MA0106202204A0729578,수제부산어묵,,G2,소매,G221,기타 상품 소매,G22199,그 외 기타 상품 전문 소매업,G47859,그 외 기타 분류 안된 상품 전문 소매업,30,대전광역시,30170,서구,30170560,괴정동,3017010800,괴정동,3017010800100890001,1,대지,89,1,대전광역시 서구 괴정동 89-1,301704298264,대전광역시 서구 도솔로308번길,2,,3017010800100890001008652,,대전광역시 서구 도솔로308번길 2,302815,35294,,,,127.38279940769,36.3352705036313
MA0106202204A0797678,온빛교육,,G2,소매,G221,기타 상품 소매,G22199,그 외 기타 상품 전문 소매업,G47859,그 외 기타 분류 안된 상품 전문 소매업,47,경상북도,47230,영천시,47230250,금호읍,4723025039,금호읍,4723025039105150001,1,대지,515,1,경상북도 영천시 금호읍 남성리 515-1,472304730128,경상북도 영천시 금호읍 대구대길,333,,4723025039105150001000002,,경상북도 영천시 금호읍 대구대길 333,770803,38911,,,,128.857035773175,35.902168520503
MA0106202205A0249144,오제이,,G2,소매,G221,기타 상품 소매,G22199,그 외 기타 상품 전문 소매업,G47859,그 외 기타 분류 안된 상품 전문 소매업,41,경기도,41630,양주시,41630520,양주2동,4163010800,삼숭동,4163010800106850001,1,대지,685,1,경기도 양주시 삼숭동 685-1,416304436222,경기도 양주시 삼숭로38번길,80,,4163010800106850001008200,,경기도 양주시 삼숭로38번길 80,482110,11487,,,,127.105830087229,37.7960685818261
MA0106202201A2204174,마이티전자담배멀티샾,,G2,소매,G221,기타 상품 소매,G22199,그 외 기타 상품 전문 소매업,G47859,그 외 기타 분류 안된 상품 전문 소매업,43,충청북도,43745,증평군,43745250,증평읍,4374525026,증평읍,4374525026102550000,1,대지,255,,충청북도 증평군 증평읍 창동리 255,437453244015,충청북도 증평군 증평읍 역전로,20,,,,충청북도 증평군 증평읍 역전로 20,368908,27928,,,,127.57873788474,36.7840409518453
MA0106202201A2251342,덕은한과,,G2,소매,G221,기타 상품 소매,G22199,그 외 기타 상품 전문 소매업,G47859,그 외 기타 분류 안된 상품 전문 소매업,51,강원특별자치도,51150,강릉시,51150330,구정면,5115033024,구정면,5115033024109370004,1,대지,937,4,강원특별자치도 강릉시 구정면 금광리 937-4,511504460051,강원특별자치도 강릉시 구정면 강변1길,41,8,,,강원특별자치도 강릉시 구정면 강변1길 41-8,210812,25624,,,,128.91552775492,37.7029078886471
MA0106202201A2054506,세경오브BG,,G2,소매,G221,기타 상품 소매,G22199,그 외 기타 상품 전문 소매업,G47859,그 외 기타 분류 안된 상품 전문 소매업,41,경기도,41220,평택시,41220580,신장2동,4122011200,신장동,4122011200103170055,1,대지,317,55,경기도 평택시 신장동 317-55,412204364717,경기도 평택시 중앙시장로19번길,3,,4122011200103170055008602,,경기도 평택시 중앙시장로19번길 3,459120,17758,,,,127.052407791166,37.0802206536719
MA0106202201A0701135,롯데시네마남원주관_티켓외,,G2,소매,G221,기타 상품 소매,G22199,그 외 기타 상품 전문 소매업,G47859,그 외 기타 분류 안된 상품 전문 소매업,51,강원특별자치도,51130,원주시,51130550,단구동,5113010700,단구동,5113010700115110002,1,대지,1511,2,강원특별자치도 원주시 단구동 1511-2,511302219001,강원특별자치도 원주시 서원대로,396,,4213010700115110002035092,,강원특별자치도 원주시 서원대로 396,220944,26484,,,,127.948866715014,37.3307488582936
MA0106202203A1104554,진구,,G2,소매,G221,기타 상품 소매,G22199,그 외 기타 상품 전문 소매업,G47859,그 외 기타 분류 안된 상품 전문 소매업,28,인천광역시,28177,미추홀구,28177690,주안8동,2817710500,주안동,2817710500112140004,1,대지,1214,4,인천광역시 미추홀구 주안동 1214-4,281774253604,인천광역시 미추홀구 인하로318번길,29,3,2817010600112140004138662,,인천광역시 미추홀구 인하로318번길 29-3,402849,22230,,,,126.683642428529,37.4466141160161
MA0106202210A0721680,필-보테가,,G2,소매,G221,기타 상품 소매,G22199,그 외 기타 상품 전문 소매업,G47859,그 외 기타 분류 안된 상품 전문 소매업,46,전라남도,46150,순천시,46150570,덕연동,4615011300,덕암동,4615011300101510000,1,대지,151,,전라남도 순천시 덕암동 151,461503283028,전라남도 순천시 충효로,15,,4615011300101510000079582,,전라남도 순천시 충효로 15,540120,57964,,,,127.510860016137,34.9412471356468
MA0106202209A0737091,하늘유통,,G2,소매,G221,기타 상품 소매,G22199,그 외 기타 상품 전문 소매업,G47859,그 외 기타 분류 안된 상품 전문 소매업,41,경기도,41450,하남시,41450600,초이동,4145012300,초이동,4145012300102350001,1,대지,235,1,경기도 하남시 초이동 235-1,414504406226,경기도 하남시 초이로92번길,46,18,4145012300102350001000001,,경기도 하남시 초이로92번길 46-18,465220,12986,,,,127.173128034203,37.5388223450061
MA0106202209A0338641,아가월드몬테소리동작지사,,G2,소매,G221,기타 상품 소매,G22199,그 외 기타 상품 전문 소매업,G47859,그 외 기타 분류 안된 상품 전문 소매업,11,서울특별시,11590,동작구,11590630,사당2동,1159010700,사당동,1159010700100730025,1,대지,73,25,서울특별시 동작구 사당동 73-25,115904157136,서울특별시 동작구 동작대로33나길,13,,1159010700100730025012882,,서울특별시 동작구 동작대로33나길 13,156814,06996,,,,126.981274809358,37.4901854385787
MA0106202209A2020454,79범표어묵,,G2,소매,G221,기타 상품 소매,G22199,그 외 기타 상품 전문 소매업,G47859,그 외 기타 분류 안된 상품 전문 소매업,41,경기도,41150,의정부시,41150573,송산1동,4115010500,용현동,4115010500102350005,1,대지,235,5,경기도 의정부시 용현동 235-5,411504343276,경기도 의정부시 오목로15번길,8,45,4115010500102350005018854,,경기도 의정부시 오목로15번길 8-45,480838,11791,,,,127.083869634067,37.7340548003859
MA0106202209A1206116,동서종합유통,,G2,소매,G221,기타 상품 소매,G22199,그 외 기타 상품 전문 소매업,G47859,그 외 기타 분류 안된 상품 전문 소매업,29,광주광역시,29170,북구,29170696,양산동,2917012900,연제동,2917012900100330050,1,대지,33,50,광주광역시 북구 연제동 33-50,291703162044,광주광역시 북구 양산제로,42,7,2917012900100330050028572,,광주광역시 북구 양산제로 42-7,500834,61081,,,,126.870828493532,35.2004866644906
MA0106202208A1783952,하나쇼핑,,G2,소매,G221,기타 상품 소매,G22199,그 외 기타 상품 전문 소매업,G47859,그 외 기타 분류 안된 상품 전문 소매업,48,경상남도,48125,창원시 마산합포구,48125630,오동동,4812511700,부림동,4812511700100830244,1,대지,83,244,경상남도 창원시 마산합포구 부림동 83-244,481252019003,경상남도 창원시 마산합포구 315대로,349,,4812511700100830244033493,,경상남도 창원시 마산합포구 315대로 349,631860,51282,,,,128.572919378096,35.206129089759
MA0106202209A2191842,채움,,G2,소매,G221,기타 상품 소매,G22199,그 외 기타 상품 전문 소매업,G47859,그 외 기타 분류 안된 상품 전문 소매업,30,대전광역시,30110,동구,30110695,삼성동,3011011800,삼성동,3011011800103870006,1,대지,387,6,대전광역시 동구 삼성동 387-6,301104292581,대전광역시 동구 현암로48번길,16,,3011011800103870006011336,,대전광역시 동구 현암로48번길 16,300816,34564,,,,127.417481421697,36.3431838609464
MA0106202208A1783098,광포잔치방,,G2,소매,G221,기타 상품 소매,G22199,그 외 기타 상품 전문 소매업,G47859,그 외 기타 분류 안된 상품 전문 소매업,48,경상남도,48125,창원시 마산합포구,48125630,오동동,4812511700,부림동,4812511700100830244,1,대지,83,244,경상남도 창원시 마산합포구 부림동 83-244,481252019003,경상남도 창원시 마산합포구 315대로,349,,4812511700100830244033493,,경상남도 창원시 마산합포구 315대로 349,631860,51282,,,,128.572919378096,35.206129089759
MA0106202207A1046560,비네즈,,G2,소매,G221,기타 상품 소매,G22199,그 외 기타 상품 전문 소매업,G47859,그 외 기타 분류 안된 상품 전문 소매업,41,경기도,41111,수원시 장안구,41111566,율천동,4111113200,율전동,4111113200101040078,1,대지,104,78,경기도 수원시 장안구 율전동 104-78,411114322079,경기도 수원시 장안구 덕영대로439번길,69,,4111113200101040078045327,,경기도 수원시 장안구 덕영대로439번길 69,440824,16357,,,,126.971293561329,37.3039872753258
MA0106202207A1087144,망파카페,,G2,소매,G221,기타 상품 소매,G22199,그 외 기타 상품 전문 소매업,G47859,그 외 기타 분류 안된 상품 전문 소매업,44,충청남도,44200,아산시,44200330,탕정면,4420033025,탕정면,4420033025105460001,1,대지,546,1,충청남도 아산시 탕정면 매곡리 546-1,442004559157,충청남도 아산시 탕정면 매곡천길,149,,4420033025105460001000001,,충청남도 아산시 탕정면 매곡천길 149,336843,31461,,,,127.081304841475,36.7893048139727
MA0106202209A0942752,부자만물,,G2,소매,G221,기타 상품 소매,G22199,그 외 기타 상품 전문 소매업,G47859,그 외 기타 분류 안된 상품 전문 소매업,11,서울특별시,11305,강북구,11305625,수유2동,1130510300,수유동,1130510300102690021,1,대지,269,21,서울특별시 강북구 수유동 269-21,113053005038,서울특별시 강북구 한천로,1150,,1130510300102690021009387,,서울특별시 강북구 한천로 1150,142879,01046,,,,127.017563351044,37.6468777672072
MA0106202201A1381857,에스엠비,,G2,소매,G221,기타 상품 소매,G22199,그 외 기타 상품 전문 소매업,G47859,그 외 기타 분류 안된 상품 전문 소매업,50,제주특별자치도,50110,제주시,50110520,일도2동,5011010200,일도이동,5011010200100810006,1,대지,81,6,제주특별자치도 제주시 일도이동 81-6,501104848898,제주특별자치도 제주시 태성로1길,14,,5011010200100810006024644,,제주특별자치도 제주시 태성로1길 14,690831,63260,,,,126.544716182034,33.5006287973062
MA0106202201A2067667,힐링에프엔비,,G2,소매,G221,기타 상품 소매,G22199,그 외 기타 상품 전문 소매업,G47859,그 외 기타 분류 안된 상품 전문 소매업,41,경기도,41150,의정부시,41150573,송산1동,4115010500,용현동,4115010500105190003,1,대지,519,3,경기도 의정부시 용현동 519-3,411504343521,경기도 의정부시 산단로152번길,15,,,,경기도 의정부시 산단로152번길 15,480859,11787,,,,127.082895857166,37.7458852141603
MA0106202203A2246447,텐버거,,G2,소매,G221,기타 상품 소매,G22199,그 외 기타 상품 전문 소매업,G47859,그 외 기타 분류 안된 상품 전문 소매업,11,서울특별시,11530,구로구,11530540,구로3동,1153010200,구로동,1153010200101840001,1,대지,184,1,서울특별시 구로구 구로동 184-1,115304148340,서울특별시 구로구 디지털로33길,12,,1153010200101840001022954,,서울특별시 구로구 디지털로33길 12,152769,08377,,,,126.896157134854,37.4865462658696
MA0106202203A1688323,여우청,,G2,소매,G221,기타 상품 소매,G22199,그 외 기타 상품 전문 소매업,G47859,그 외 기타 분류 안된 상품 전문 소매업,41,경기도,41480,파주시,41480253,파주읍,4148025322,파주읍,4148025322104560020,1,대지,456,20,경기도 파주시 파주읍 향양리 456-20,414803206064,경기도 파주시 파주읍 우계로,303,,4148025322104560020000001,,경기도 파주시 파주읍 우계로 303,413863,10833,,,,126.808316259682,37.8513058660386
MA0106202203A1368099,문화공간연구소,,G2,소매,G221,기타 상품 소매,G22199,그 외 기타 상품 전문 소매업,G47859,그 외 기타 분류 안된 상품 전문 소매업,48,경상남도,48170,진주시,48170750,충무공동,4817013700,충무공동,4817013700102790002,1,대지,279,2,경상남도 진주시 충무공동 279-2,481703350091,경상남도 진주시 충의로,24,,4817013700102790002000001,,경상남도 진주시 충의로 24,660031,52852,,,,128.147805673731,35.1764677709156
MA0106202203A1365894,케이엠에스티(오늘쉐프여주이마트24여주도예,오학점,G2,소매,G221,기타 상품 소매,G22199,그 외 기타 상품 전문 소매업,G47859,그 외 기타 분류 안된 상품 전문 소매업,41,경기도,41670,여주시,41670530,오학동,4167012100,오학동,4167012100102790000,1,대지,279,,경기도 여주시 오학동 279,416703214020,경기도 여주시 도예로,83,20,4167012100102790000000001,,경기도 여주시 도예로 83-20,469121,12637,,,,127.642324980744,37.311050647398
MA0106202201A1981873,더리터,,G2,소매,G221,기타 상품 소매,G22199,그 외 기타 상품 전문 소매업,G47859,그 외 기타 분류 안된 상품 전문 소매업,26,부산광역시,26230,부산진구,26230570,양정2동,2623010100,양정동,2623010100103310012,1,대지,331,12,부산광역시 부산진구 양정동 331-12,262302000010,부산광역시 부산진구 중앙대로,950,,,,부산광역시 부산진구 중앙대로 950,614855,47216,,,,129.072747772668,35.1743883046436
MA0106202201A0969317,두루과학,,G2,소매,G221,기타 상품 소매,G22199,그 외 기타 상품 전문 소매업,G47859,그 외 기타 분류 안된 상품 전문 소매업,30,대전광역시,30230,대덕구,30230520,대화동,3023010200,대화동,3023010200102900049,1,대지,290,49,대전광역시 대덕구 대화동 290-49,302303168004,대전광역시 대덕구 대화로,155,,3023010200102900049010302,,대전광역시 대덕구 대화로 155,306801,34369,,,,127.403134021569,36.3647982072375
MA0106202201A1232552,참좋은세상,,G2,소매,G221,기타 상품 소매,G22199,그 외 기타 상품 전문 소매업,G47859,그 외 기타 분류 안된 상품 전문 소매업,29,광주광역시,29200,광산구,29200540,도산동,2920010200,도산동,2920010200112990005,1,대지,1299,5,광주광역시 광산구 도산동 1299-5,292004289050,광주광역시 광산구 남동길,26,,2920010200112990005010190,,광주광역시 광산구 남동길 26,506020,62449,,,,126.788533051412,35.1294251195218
MA0106202201A1556506,온정푸드,,G2,소매,G221,기타 상품 소매,G22199,그 외 기타 상품 전문 소매업,G47859,그 외 기타 분류 안된 상품 전문 소매업,27,대구광역시,27230,북구,27230715,관문동,2723012900,금호동,2723012900107940000,1,대지,794,,대구광역시 북구 금호동 794,272304235501,대구광역시 북구 한강로8길,14,2,2723012900107940000000001,,대구광역시 북구 한강로8길 14-2,702300,41598,,,,128.517222596587,35.8958958739296
MA0106202201A1783561,경남장애인기업생산품직판장,,G2,소매,G221,기타 상품 소매,G22199,그 외 기타 상품 전문 소매업,G47859,그 외 기타 분류 안된 상품 전문 소매업,48,경상남도,48121,창원시 의창구,48121520,팔룡동,4812112900,팔용동,4812112900101800015,1,대지,180,15,경상남도 창원시 의창구 팔용동 180-15,481214781048,경상남도 창원시 의창구 남산로9번길,19,,,,경상남도 창원시 의창구 남산로9번길 19,641851,51367,,,,128.612953456801,35.2610098021694
MA0106202210A0567023,포스타인인생국수,,G2,소매,G221,기타 상품 소매,G22199,그 외 기타 상품 전문 소매업,G47859,그 외 기타 분류 안된 상품 전문 소매업,30,대전광역시,30170,서구,30170593,도안동,3017011500,도안동,3017011500116560000,1,대지,1656,,대전광역시 서구 도안동 1656,301704298632,대전광역시 서구 용소로12번길,6,3,3017011400109240000000001,,대전광역시 서구 용소로12번길 6-3,302318,35368,,,,127.349151322057,36.3079055655293
MA0106202209A0875292,장식목재복주상회,,G2,소매,G221,기타 상품 소매,G22199,그 외 기타 상품 전문 소매업,G47859,그 외 기타 분류 안된 상품 전문 소매업,43,충청북도,43130,충주시,43130630,연수동,4313011800,연수동,4313011800101340000,1,대지,134,,충청북도 충주시 연수동 134,431304514142,충청북도 충주시 금곡3길,11,,4313011800101340000000001,,충청북도 충주시 금곡3길 11,380961,27331,,,,127.948472340547,36.9911199625595
MA0106202209A2313431,천연우리담뱃잎,,G2,소매,G221,기타 상품 소매,G22199,그 외 기타 상품 전문 소매업,G47859,그 외 기타 분류 안된 상품 전문 소매업,41,경기도,41111,수원시 장안구,41111580,영화동,4111113400,영화동,4111113400104070007,1,대지,407,7,경기도 수원시 장안구 영화동 407-7,411114322151,경기도 수원시 장안구 수성로304번길,35,22,4111113400104070007051387,,경기도 수원시 장안구 수성로304번길 35-22,440821,16273,,,,127.007668703273,37.2903307857401
MA0106202209A2145773,제이앤에스푸드,,G2,소매,G221,기타 상품 소매,G22199,그 외 기타 상품 전문 소매업,G47859,그 외 기타 분류 안된 상품 전문 소매업,28,인천광역시,28185,연수구,28185640,옥련2동,2818510100,옥련동,2818510100104620009,1,대지,462,9,인천광역시 연수구 옥련동 462-9,281854256043,인천광역시 연수구 독배로40번길,11,,2818510100104620009000001,,인천광역시 연수구 독배로40번길 11,406052,21949,,,,126.645628771247,37.4245215730586
MA0106202209A2135351,해변할인마트.낚시,,G2,소매,G221,기타 상품 소매,G22199,그 외 기타 상품 전문 소매업,G47859,그 외 기타 분류 안된 상품 전문 소매업,44,충청남도,44770,서천군,44770410,서면,4477041028,서면,4477041028112220030,1,대지,1222,30,충청남도 서천군 서면 도둔리 1222-30,447704580916,충청남도 서천군 서면 홍원길,77,,4477041028112220030060635,,충청남도 서천군 서면 홍원길 77,325892,33603,,,,126.502324310312,36.1558356755797
MA0106202208A0483189,아리곳간영천,시장점,G2,소매,G221,기타 상품 소매,G22199,그 외 기타 상품 전문 소매업,G47859,그 외 기타 분류 안된 상품 전문 소매업,11,서울특별시,11410,서대문구,11410520,천연동,1141010800,영천동,1141010800101880001,1,대지,188,1,서울특별시 서대문구 영천동 188-1,114104136306,서울특별시 서대문구 영천시장길,42,,1141010800101880001028844,,서울특별시 서대문구 영천시장길 42,120040,03734,,,,126.961490780978,37.5702976951678
MA0106202209A1300230,열두달열매청,,G2,소매,G221,기타 상품 소매,G22199,그 외 기타 상품 전문 소매업,G47859,그 외 기타 분류 안된 상품 전문 소매업,11,서울특별시,11590,동작구,11590510,노량진1동,1159010100,노량진동,1159010100102150139,1,대지,215,139,서울특별시 동작구 노량진동 215-139,115903119002,서울특별시 동작구 만양로,42,,1159010100102150139033007,,서울특별시 동작구 만양로 42,156802,06917,,,,126.947622555053,37.5080783044813
MA0106202209A0384380,국앤국,,G2,소매,G221,기타 상품 소매,G22199,그 외 기타 상품 전문 소매업,G47859,그 외 기타 분류 안된 상품 전문 소매업,28,인천광역시,28260,서구,28260542,가정1동,2826010800,가정동,2826010800105060022,1,대지,506,22,인천광역시 서구 가정동 506-22,282604268405,인천광역시 서구 석곶로8번길,7,10,2826010800105060022002792,,인천광역시 서구 석곶로8번길 7-10,404803,22777,,,,126.674583350807,37.5186338783929
MA0106202209A1652022,해피스마일,,G2,소매,G221,기타 상품 소매,G22199,그 외 기타 상품 전문 소매업,G47859,그 외 기타 분류 안된 상품 전문 소매업,41,경기도,41150,의정부시,41150520,의정부2동,4115010100,의정부동,4115010100104130009,1,대지,413,9,경기도 의정부시 의정부동 413-9,411504343031,경기도 의정부시 가능로98번길,35,,4115010100104130009004658,,경기도 의정부시 가능로98번길 35,480845,11665,,,,127.04211696004,37.7451770548541
MA0106202206A1593599,바이올,,G2,소매,G221,기타 상품 소매,G22199,그 외 기타 상품 전문 소매업,G47859,그 외 기타 분류 안된 상품 전문 소매업,30,대전광역시,30200,유성구,30200580,구즉동,3020015200,둔곡동,3020015200104040004,1,대지,404,4,대전광역시 유성구 둔곡동 404-4,302003352615,대전광역시 유성구 과학성장로,150,,3020015200104040004000001,,대전광역시 유성구 과학성장로 150,305505,34002,,,,127.361021216546,36.4599518444203
MA0106202201A1901998,금악미용실,,G2,소매,G221,기타 상품 소매,G22199,그 외 기타 상품 전문 소매업,G47859,그 외 기타 분류 안된 상품 전문 소매업,50,제주특별자치도,50110,제주시,50110250,한림읍,5011025023,한림읍,5011025023119290004,1,대지,1929,4,제주특별자치도 제주시 한림읍 대림리 1929-4,501103349209,제주특별자치도 제주시 한림읍 한림상로,252,,5011025023019290004004763,,제주특별자치도 제주시 한림읍 한림상로 252,695925,63026,,,,126.267430233203,33.420681752304
MA0106202202A1311350,디어,,G2,소매,G221,기타 상품 소매,G22199,그 외 기타 상품 전문 소매업,G47859,그 외 기타 분류 안된 상품 전문 소매업,11,서울특별시,11260,중랑구,11260680,신내1동,1126010600,신내동,1126010600104790001,1,대지,479,1,서울특별시 중랑구 신내동 479-1,112604118348,서울특별시 중랑구 봉화산로56길,143,10,1126010600104790001001715,,서울특별시 중랑구 봉화산로56길 143-10,131869,02071,,,,127.097356266198,37.6024202582908
MA0106202202A1161148,베스트이하나마켓,,G2,소매,G221,기타 상품 소매,G22199,그 외 기타 상품 전문 소매업,G47859,그 외 기타 분류 안된 상품 전문 소매업,11,서울특별시,11650,서초구,11650652,양재2동,1165010200,양재동,1165010200103910018,1,대지,391,18,서울특별시 서초구 양재동 391-18,116503121005,서울특별시 서초구 동산로,68,,1165010200103910018003192,,서울특별시 서초구 동산로 68,137899,06784,,,,127.046417317764,37.4720765345914
MA0106202202A0808566,우리가치,,G2,소매,G221,기타 상품 소매,G22199,그 외 기타 상품 전문 소매업,G47859,그 외 기타 분류 안된 상품 전문 소매업,41,경기도,41135,성남시 분당구,41135670,구미동,4113511400,구미동,4113511400101850005,1,대지,185,5,경기도 성남시 분당구 구미동 185-5,411352000005,경기도 성남시 분당구 성남대로,30,,4113511400101850005047783,,경기도 성남시 분당구 성남대로 30,463870,13637,,,,127.109450151134,37.3383866388633
MA0106202202A0063770,더해빙,,G2,소매,G221,기타 상품 소매,G22199,그 외 기타 상품 전문 소매업,G47859,그 외 기타 분류 안된 상품 전문 소매업,51,강원특별자치도,51130,원주시,51130550,단구동,5113010700,단구동,5113010700115530004,1,대지,1553,4,강원특별자치도 원주시 단구동 1553-4,511304457578,강원특별자치도 원주시 천매봉길,26,3,4213010700115530004000001,,강원특별자치도 원주시 천매봉길 26-3,220944,26483,,,,127.943506665984,37.3225836161962
MA0106202202A0150648,올쏘,,G2,소매,G221,기타 상품 소매,G22199,그 외 기타 상품 전문 소매업,G47859,그 외 기타 분류 안된 상품 전문 소매업,41,경기도,41250,동두천시,41250580,소요동,4125011000,하봉암동,4125011000100440006,1,대지,44,6,경기도 동두천시 하봉암동 44-6,412504367191,경기도 동두천시 평화로3030번길,31,5,4125011000100440006003019,,경기도 동두천시 평화로3030번길 31-5,483110,11306,,,,127.064221578418,37.9574133985345
MA0106202201A1203317,영재과학,,G2,소매,G221,기타 상품 소매,G22199,그 외 기타 상품 전문 소매업,G47859,그 외 기타 분류 안된 상품 전문 소매업,29,광주광역시,29170,북구,29170615,동림동,2917010800,동림동,2917010800108940005,1,대지,894,5,광주광역시 북구 동림동 894-5,291702009008,광주광역시 북구 하남대로,673,,2917010800108940005045246,,광주광역시 북구 하남대로 673,500804,61273,,,,126.866262008404,35.1726568831274
MA0106202201A0976156,에이스,,G2,소매,G221,기타 상품 소매,G22199,그 외 기타 상품 전문 소매업,G47859,그 외 기타 분류 안된 상품 전문 소매업,30,대전광역시,30170,서구,30170540,변동,3017010200,변동,3017010200100400008,1,대지,40,8,대전광역시 서구 변동 40-8,301703166029,대전광역시 서구 변동로,113,,3017010200100400008025318,,대전광역시 서구 변동로 113,302836,35317,,,,127.385326316382,36.3236642231732
MA0106202209A2025645,얼스오브제,,G2,소매,G221,기타 상품 소매,G22199,그 외 기타 상품 전문 소매업,G47859,그 외 기타 분류 안된 상품 전문 소매업,11,서울특별시,11320,도봉구,11320512,창2동,1132010700,창동,1132010700106320024,1,대지,632,24,서울특별시 도봉구 창동 632-24,113204127042,서울특별시 도봉구 덕릉로59길,73,29,1132010700106320024017127,,서울특별시 도봉구 덕릉로59길 73-29,132922,01466,,,,127.034693181226,37.6405670847392
MA0106202207A0168833,하나유통,,G2,소매,G221,기타 상품 소매,G22199,그 외 기타 상품 전문 소매업,G47859,그 외 기타 분류 안된 상품 전문 소매업,28,인천광역시,28245,계양구,28245614,계산4동,2824510600,용종동,2824510600102100002,1,대지,210,2,인천광역시 계양구 용종동 210-2,282454265057,인천광역시 계양구 계산새로87번길,5,,2824510600102100005009927,,인천광역시 계양구 계산새로87번길 5,407054,21065,,,,126.737576542503,37.538540541147
MA0106202209A0714104,매점,,G2,소매,G221,기타 상품 소매,G22199,그 외 기타 상품 전문 소매업,G47859,그 외 기타 분류 안된 상품 전문 소매업,51,강원특별자치도,51820,고성군,51820320,죽왕면,5182032024,죽왕면,5182032024100010002,1,대지,1,2,강원특별자치도 고성군 죽왕면 공현진리 1-2,518204502376,강원특별자치도 고성군 죽왕면 공현진해변길,111,,4282032024100010002008679,,강원특별자치도 고성군 죽왕면 공현진해변길 111,219821,24745,,,,128.508953054201,38.3572894369162
MA0106202204A1418812,카타리나,,G2,소매,G221,기타 상품 소매,G22199,그 외 기타 상품 전문 소매업,G47859,그 외 기타 분류 안된 상품 전문 소매업,41,경기도,41135,성남시 분당구,41135550,정자1동,4113510300,정자동,4113510300101560002,1,대지,156,2,경기도 성남시 분당구 정자동 156-2,411354340264,경기도 성남시 분당구 성남대로331번길,3,9,4113510300101560002013213,,경기도 성남시 분당구 성남대로331번길 3-9,463867,13558,,,,127.10769367174,37.3648424438413
MA0106202204A1585745,새틀식품,,G2,소매,G221,기타 상품 소매,G22199,그 외 기타 상품 전문 소매업,G47859,그 외 기타 분류 안된 상품 전문 소매업,41,경기도,41360,남양주시,41360256,화도읍,4136025630,화도읍,4136025630106610002,1,대지,661,2,경기도 남양주시 화도읍 차산리 661-2,413604391628,경기도 남양주시 화도읍 재재기로74번길,33,,4136025630106610002018813,,경기도 남양주시 화도읍 재재기로74번길 33,472847,12199,,,,127.299874781806,37.6259195211353
MA0106202204A2272085,올리와이즈,,G2,소매,G221,기타 상품 소매,G22199,그 외 기타 상품 전문 소매업,G47859,그 외 기타 분류 안된 상품 전문 소매업,11,서울특별시,11680,강남구,11680531,논현2동,1168010800,논현동,1168010800102650005,1,대지,265,5,서울특별시 강남구 논현동 265-5,116804166356,서울특별시 강남구 봉은사로49길,45,,1168010800102650005007114,,서울특별시 강남구 봉은사로49길 45,135832,06100,,,,127.040775834971,37.5129212729837
MA0106202205A2137915,케이에프티,,G2,소매,G221,기타 상품 소매,G22199,그 외 기타 상품 전문 소매업,G47859,그 외 기타 분류 안된 상품 전문 소매업,41,경기도,41360,남양주시,41360570,별내동,4136011100,별내동,4136011100110070003,1,대지,1007,3,경기도 남양주시 별내동 1007-3,413603197091,경기도 남양주시 별내중앙로,36,37,4136011100110070003000001,,경기도 남양주시 별내중앙로 36-37,472501,12113,,,,127.12670395822,37.6460361892055
MA0106202205A1509424,이상사이언스,,G2,소매,G221,기타 상품 소매,G22199,그 외 기타 상품 전문 소매업,G47859,그 외 기타 분류 안된 상품 전문 소매업,11,서울특별시,11545,금천구,11545670,시흥1동,1154510300,시흥동,1154510300110310000,1,대지,1031,,서울특별시 금천구 시흥동 1031,115454151335,서울특별시 금천구 시흥대로73길,67,,1154510300101130112016870,,서울특별시 금천구 시흥대로73길 67,153031,08613,,,,126.895747375722,37.4559385908598
MA0106202205A1377088,엘리스파이,광화문점,G2,소매,G221,기타 상품 소매,G22199,그 외 기타 상품 전문 소매업,G47859,그 외 기타 분류 안된 상품 전문 소매업,11,서울특별시,11110,종로구,11110615,종로1.2.3.4가동,1111012200,청진동,1111012200100450002,1,대지,45,2,서울특별시 종로구 청진동 45-2,111103100006,서울특별시 종로구 삼봉로,78,1,1111012200100450002017318,,서울특별시 종로구 삼봉로 78-1,110130,03158,,,,126.98149203777,37.5720955056191
MA0106202205A2184109,디케이조은,,G2,소매,G221,기타 상품 소매,G22199,그 외 기타 상품 전문 소매업,G47859,그 외 기타 분류 안된 상품 전문 소매업,30,대전광역시,30170,서구,30170597,관저2동,3017011600,관저동,3017011600119700008,1,대지,1970,8,대전광역시 서구 관저동 1970-8,301704853364,대전광역시 서구 구봉산북로8번길,13,9,3017011600119700008000001,,대전광역시 서구 구봉산북로8번길 13-9,302242,35377,,,,127.322317918934,36.294454148677
MA0106202201A1788537,굿프라이스,,G2,소매,G221,기타 상품 소매,G22199,그 외 기타 상품 전문 소매업,G47859,그 외 기타 분류 안된 상품 전문 소매업,31,울산광역시,31170,동구,31170560,전하2동,3117010400,전하동,3117010400106600001,1,대지,660,1,울산광역시 동구 전하동 660-1,311703171011,울산광역시 동구 봉수로,250,,,,울산광역시 동구 봉수로 250,682816,44046,,,,129.421635594647,35.5091729728048
MA0106202201A1084446,청주오믈렛맘스케잌,,G2,소매,G221,기타 상품 소매,G22199,그 외 기타 상품 전문 소매업,G47859,그 외 기타 분류 안된 상품 전문 소매업,30,대전광역시,30110,동구,30110640,용전동,3011011500,용전동,3011011500101480009,1,대지,148,9,대전광역시 동구 용전동 148-9,301104292052,대전광역시 동구 계족로483번길,48,11,3011011500101480009001911,,대전광역시 동구 계족로483번길 48-11,300825,34544,,,,127.42976935041,36.3555764962868
MA0106202204A1619091,엔젤파스타,,G2,소매,G221,기타 상품 소매,G22199,그 외 기타 상품 전문 소매업,G47859,그 외 기타 분류 안된 상품 전문 소매업,46,전라남도,46910,신안군,46910320,임자면,4691032022,임자면,4691032022125230031,1,대지,2523,31,전라남도 신안군 임자면 대기리 2523-31,469104706051,전라남도 신안군 임자면 대광해수욕장길,177,,4691032022125230031000001,,전라남도 신안군 임자면 대광해수욕장길 177,535832,58803,,,,126.072787515623,35.1026012960894
MA0106202201A1051123,법인애플트리애락,,G2,소매,G221,기타 상품 소매,G22199,그 외 기타 상품 전문 소매업,G47859,그 외 기타 분류 안된 상품 전문 소매업,11,서울특별시,11680,강남구,11680650,역삼2동,1168010100,역삼동,1168010100107080035,1,대지,708,35,서울특별시 강남구 역삼동 708-35,116804166494,서울특별시 강남구 선릉로85길,6,,1168010100107080035022983,,서울특별시 강남구 선릉로85길 6,135919,06212,,,,127.04910549311,37.5030250708669
MA0106202206A0825455,우리다움전통수제간식,,G2,소매,G221,기타 상품 소매,G22199,그 외 기타 상품 전문 소매업,G47859,그 외 기타 분류 안된 상품 전문 소매업,41,경기도,41285,고양시 일산동구,41285540,풍산동,4128510700,풍동,4128510700112370005,1,대지,1237,5,경기도 고양시 일산동구 풍동 1237-5,412853193018,경기도 고양시 일산동구 숲속마을2로,122,4,4128510700112370005000741,,경기도 고양시 일산동구 숲속마을2로 122-4,410330,10303,,,,126.800159423577,37.6736401145453
MA0106202201A0776554,해피라이프,,G2,소매,G221,기타 상품 소매,G22199,그 외 기타 상품 전문 소매업,G47859,그 외 기타 분류 안된 상품 전문 소매업,11,서울특별시,11620,관악구,11620715,난향동,1162010200,신림동,1162010200106670021,1,대지,667,21,서울특별시 관악구 신림동 667-21,116203120003,서울특별시 관악구 난곡로,83,,1162010200106670021000001,,서울특별시 관악구 난곡로 83,151884,08859,,,,126.918762707296,37.462867415373
MA0106202209A0660625,부산새집증후군포름퓨어쉘,,G2,소매,G221,기타 상품 소매,G22199,그 외 기타 상품 전문 소매업,G47859,그 외 기타 분류 안된 상품 전문 소매업,26,부산광역시,26530,사상구,26530620,괘법동,2653010400,괘법동,2653010400105290001,1,대지,529,1,부산광역시 사상구 괘법동 529-1,265303139003,부산광역시 사상구 광장로,7,,2653010400105290001008082,,부산광역시 사상구 광장로 7,617725,46970,,,,128.977721218153,35.1643345532276
MA0106202208A0378684,소풍,,G2,소매,G221,기타 상품 소매,G22199,그 외 기타 상품 전문 소매업,G47859,그 외 기타 분류 안된 상품 전문 소매업,47,경상북도,47280,문경시,47280580,점촌2동,4728010100,점촌동,4728010100102410019,1,대지,241,19,경상북도 문경시 점촌동 241-19,472803312014,경상북도 문경시 상신로,4,,4728010100102410019024374,,경상북도 문경시 상신로 4,745887,36971,,,,128.198659287564,36.5951129051671
MA0106202207A2245048,금과유통,,G2,소매,G221,기타 상품 소매,G22199,그 외 기타 상품 전문 소매업,G47859,그 외 기타 분류 안된 상품 전문 소매업,29,광주광역시,29170,북구,29170570,임동,2917010500,임동,2917010500100260035,1,대지,26,35,광주광역시 북구 임동 26-35,291704286353,광주광역시 북구 서림로81번길,23,,2917010500100260035013279,,광주광역시 북구 서림로81번길 23,500868,61248,,,,126.896678791433,35.1652864980281
MA0106202209A1651259,다온아웃렛,,G2,소매,G221,기타 상품 소매,G22199,그 외 기타 상품 전문 소매업,G47859,그 외 기타 분류 안된 상품 전문 소매업,48,경상남도,48170,진주시,48170515,천전동,4817010300,강남동,4817010300100270001,1,대지,27,1,경상남도 진주시 강남동 27-1,481702332003,경상남도 진주시 진주대로,977,,4817010300100270001400717,,경상남도 진주시 진주대로 977,660250,52708,,,,128.086791455346,35.1869810057173
MA0106202209A1323655,정성유통,,G2,소매,G221,기타 상품 소매,G22199,그 외 기타 상품 전문 소매업,G47859,그 외 기타 분류 안된 상품 전문 소매업,26,부산광역시,26290,남구,26290530,대연3동,2629010600,대연동,2629010600100620003,1,대지,62,3,부산광역시 남구 대연동 62-3,262903131023,부산광역시 남구 용소로,18,,2629010600100620028000364,,부산광역시 남구 용소로 18,608805,48498,,,,129.100516152011,35.1356016706707
MA0106202203A1725039,부전유통,,G2,소매,G221,기타 상품 소매,G22199,그 외 기타 상품 전문 소매업,G47859,그 외 기타 분류 안된 상품 전문 소매업,26,부산광역시,26290,남구,26290710,문현4동,2629010900,문현동,2629010900103510006,1,대지,351,6,부산광역시 남구 문현동 351-6,262903131035,부산광역시 남구 지게골로,36,,2629010900103510006015382,,부산광역시 남구 지게골로 36,608828,48466,,,,129.06978870795,35.135580878994
MA0106202204A2118726,포레스트어드벤쳐,코리아,G2,소매,G221,기타 상품 소매,G22199,그 외 기타 상품 전문 소매업,G47859,그 외 기타 분류 안된 상품 전문 소매업,11,서울특별시,11260,중랑구,11260655,망우본동,1126010500,망우동,1126010500100560000,1,대지,56,,서울특별시 중랑구 망우동 56,112604118183,서울특별시 중랑구 망우로87길,110,,1126010500100760000000001,,서울특별시 중랑구 망우로87길 110,131800,02062,,,,127.109964108241,37.6049589858787
MA0106202205A2179037,법인도들,,G2,소매,G221,기타 상품 소매,G22199,그 외 기타 상품 전문 소매업,G47859,그 외 기타 분류 안된 상품 전문 소매업,26,부산광역시,26440,강서구,26440510,대저1동,2644010100,대저1동,2644010100106290064,1,대지,629,64,부산광역시 강서구 대저1동 629-64,264404208253,부산광역시 강서구 대저로221번길,67,,2644010100106290064000001,,부산광역시 강서구 대저로221번길 67,618803,46702,,,,128.976976927539,35.2174168075905
MA0106202201A1482148,신비메디칼,,G2,소매,G221,기타 상품 소매,G22199,그 외 기타 상품 전문 소매업,G47859,그 외 기타 분류 안된 상품 전문 소매업,11,서울특별시,11680,강남구,11680510,신사동,1168010700,신사동,1168010700105010002,1,대지,501,2,서울특별시 강남구 신사동 501-2,116802122001,서울특별시 강남구 도산대로,107,,1168010700105010002011996,,서울특별시 강남구 도산대로 107,135887,06035,,,,127.020111836744,37.5167828953435
MA0106202209A0092949,도손푸드청정원아이사랑,,G2,소매,G221,기타 상품 소매,G22199,그 외 기타 상품 전문 소매업,G47859,그 외 기타 분류 안된 상품 전문 소매업,41,경기도,41570,김포시,41570540,사우동,4157010600,사우동,4157010600102340006,1,대지,234,6,경기도 김포시 사우동 234-6,415703209140,경기도 김포시 봉화로,26,,4157010600102340006022304,,경기도 김포시 봉화로 26,415801,10108,,,,126.71504839505,37.6188747649053
MA0106202208A1618200,케이에프마스크,,G2,소매,G221,기타 상품 소매,G22199,그 외 기타 상품 전문 소매업,G47859,그 외 기타 분류 안된 상품 전문 소매업,26,부산광역시,26710,기장군,26710250,기장읍,2671025027,기장읍,2671025027102780008,1,대지,278,8,부산광역시 기장군 기장읍 청강리 278-8,267104220029,부산광역시 기장군 기장읍 기장대로413번길,80,,2671025027102780008003455,,부산광역시 기장군 기장읍 기장대로413번길 80,619906,46072,,,,129.218160637602,35.2387111302102
MA0106202208A1949249,우리농장,,G2,소매,G221,기타 상품 소매,G22199,그 외 기타 상품 전문 소매업,G47859,그 외 기타 분류 안된 상품 전문 소매업,11,서울특별시,11380,은평구,11380570,대조동,1138010600,대조동,1138010600100140025,1,대지,14,25,서울특별시 은평구 대조동 14-25,113803111004,서울특별시 은평구 불광로,16,3,1138010600100140025026603,,서울특별시 은평구 불광로 16-3,122837,03397,,,,126.928467898227,37.609619623496
MA0106202207A1895421,시온쇼핑,,G2,소매,G221,기타 상품 소매,G22199,그 외 기타 상품 전문 소매업,G47859,그 외 기타 분류 안된 상품 전문 소매업,26,부산광역시,26350,해운대구,26350620,반송2동,2635010100,반송동,2635010100102160150,1,대지,216,150,부산광역시 해운대구 반송동 216-150,263503133033,부산광역시 해운대구 윗반송로,51,,2635010100102160150023694,,부산광역시 해운대구 윗반송로 51,612807,48007,,,,129.154887139654,35.2296989520872
MA0106202207A2206986,새솔동전자담배,,G2,소매,G221,기타 상품 소매,G22199,그 외 기타 상품 전문 소매업,G47859,그 외 기타 분류 안된 상품 전문 소매업,41,경기도,41590,화성시,41590515,새솔동,4159014000,새솔동,4159014000100760005,1,대지,76,5,경기도 화성시 새솔동 76-5,415903351748,경기도 화성시 수노을중앙로,126,,4159014000100000000000176,,경기도 화성시 수노을중앙로 126,,18244,,,,126.817508464718,37.2852616802725
MA0106202210A0527687,해피니스,,G2,소매,G221,기타 상품 소매,G22199,그 외 기타 상품 전문 소매업,G47859,그 외 기타 분류 안된 상품 전문 소매업,41,경기도,41480,파주시,41480520,금촌2동,4148010100,금촌동,4148010100109870003,1,대지,987,3,경기도 파주시 금촌동 987-3,414803206160,경기도 파주시 금빛로,42,,4148010100109870003005589,,경기도 파주시 금빛로 42,413826,10915,,,,126.767619151764,37.7525056061724
MA0106202209A0151354,여우와인,,G2,소매,G221,기타 상품 소매,G22199,그 외 기타 상품 전문 소매업,G47859,그 외 기타 분류 안된 상품 전문 소매업,41,경기도,41450,하남시,41450620,미사2동,4145010900,망월동,4145010900108470002,1,대지,847,2,경기도 하남시 망월동 847-2,414504853320,경기도 하남시 미사강변한강로158번안길,8,,4145010900103940000000003,,경기도 하남시 미사강변한강로158번안길 8,465150,12903,,,,127.189809339043,37.5758096298018
MA0106202207A0032159,미향이네,,G2,소매,G221,기타 상품 소매,G22199,그 외 기타 상품 전문 소매업,G47859,그 외 기타 분류 안된 상품 전문 소매업,11,서울특별시,11215,광진구,11215860,구의2동,1121510300,구의동,1121510300100550022,1,대지,55,22,서울특별시 광진구 구의동 55-22,112153104010,서울특별시 광진구 자양로,281,,1121510300100550022007238,,서울특별시 광진구 자양로 281,143817,04954,,,,127.091484002314,37.5510863131225
MA0106202207A0590941,죽의신,,G2,소매,G221,기타 상품 소매,G22199,그 외 기타 상품 전문 소매업,G47859,그 외 기타 분류 안된 상품 전문 소매업,41,경기도,41590,화성시,41590256,우정읍,4159025632,우정읍,4159025632107980004,1,대지,798,4,경기도 화성시 우정읍 조암리 798-4,415904431178,경기도 화성시 우정읍 조암동로10번길,17,,4159025632107980004000001,,경기도 화성시 우정읍 조암동로10번길 17,445955,18565,,,,126.822854682023,37.0871192664943
MA0106202202A1362372,엘리스파이중앙대,,G2,소매,G221,기타 상품 소매,G22199,그 외 기타 상품 전문 소매업,G47859,그 외 기타 분류 안된 상품 전문 소매업,11,서울특별시,11590,동작구,11590605,흑석동,1159010500,흑석동,1159010500101900006,1,대지,190,6,서울특별시 동작구 흑석동 190-6,115903119010,서울특별시 동작구 흑석로,95,,1159010500101900084017936,,서울특별시 동작구 흑석로 95,156861,06910,,,,126.9600301271,37.5075065113754
MA0106202202A0036652,인현,,G2,소매,G221,기타 상품 소매,G22199,그 외 기타 상품 전문 소매업,G47859,그 외 기타 분류 안된 상품 전문 소매업,41,경기도,41630,양주시,41630580,옥정2동,4163011400,옥정동,4163011400109630006,1,대지,963,6,경기도 양주시 옥정동 963-6,416303350561,경기도 양주시 옥정로,218,,4163011400109630006000001,,경기도 양주시 옥정로 218,482130,11473,,,,127.092145550345,37.8210366321923
MA0106202204A0742980,화요꽃집,,G2,소매,G221,기타 상품 소매,G22199,그 외 기타 상품 전문 소매업,G47859,그 외 기타 분류 안된 상품 전문 소매업,41,경기도,41463,용인시 기흥구,41463572,동백1동,4146311500,동백동,4146311500106180003,1,대지,618,3,경기도 용인시 기흥구 동백동 618-3,414634412265,경기도 용인시 기흥구 평촌2로2번길,11,14,4146311500106180003002452,,경기도 용인시 기흥구 평촌2로2번길 11-14,446911,17001,,,,127.152490814285,37.2829794517993
MA0106202203A1022946,디그니티,,G2,소매,G221,기타 상품 소매,G22199,그 외 기타 상품 전문 소매업,G47859,그 외 기타 분류 안된 상품 전문 소매업,26,부산광역시,26500,수영구,26500660,남천1동,2650010500,남천동,2650010500100210006,1,대지,21,6,부산광역시 수영구 남천동 21-6,265004214132,부산광역시 수영구 남천동로22번길,27,,2650010500100210006010108,,부산광역시 수영구 남천동로22번길 27,613814,48308,,,,129.110049855163,35.1411583137769
MA0106202206A1933634,흥한과일,,G2,소매,G221,기타 상품 소매,G22199,그 외 기타 상품 전문 소매업,G47859,그 외 기타 분류 안된 상품 전문 소매업,48,경상남도,48250,김해시,48250250,진영읍,4825025026,진영읍,4825025026117020002,1,대지,1702,2,경상남도 김해시 진영읍 진영리 1702-2,482504853829,경상남도 김해시 진영읍 장등로122번길,9,,4825025026117020002000001,,경상남도 김해시 진영읍 장등로122번길 9,621807,50858,,,,128.729890404077,35.3123938636037
MA0106202205A0043779,유노이아뷰티속눈썹펌연장,,G2,소매,G221,기타 상품 소매,G22199,그 외 기타 상품 전문 소매업,G47859,그 외 기타 분류 안된 상품 전문 소매업,11,서울특별시,11500,강서구,11500603,가양1동,1150010500,마곡동,1150010500107710004,1,대지,771,4,서울특별시 강서구 마곡동 771-4,115003155054,서울특별시 강서구 마곡중앙6로,21,,1150010500107710004000001,,서울특별시 강서구 마곡중앙6로 21,157805,07801,,,,126.82961663774,37.5608286951995
MA0106202205A0774038,네이처사이언스,,G2,소매,G221,기타 상품 소매,G22199,그 외 기타 상품 전문 소매업,G47859,그 외 기타 분류 안된 상품 전문 소매업,11,서울특별시,11230,동대문구,11230545,제기동,1123010300,제기동,1123010300101420003,1,대지,142,3,서울특별시 동대문구 제기동 142-3,112303005035,서울특별시 동대문구 안암로,120,,1123010300100670111030424,,서울특별시 동대문구 안암로 120,130860,02474,,,,127.032754407368,37.5859497002553
MA0106202204A1389856,뉴메세지통상,,G2,소매,G221,기타 상품 소매,G22199,그 외 기타 상품 전문 소매업,G47859,그 외 기타 분류 안된 상품 전문 소매업,26,부산광역시,26350,해운대구,26350570,반여1동,2635010300,반여동,2635010300116280006,1,대지,1628,6,부산광역시 해운대구 반여동 1628-6,263503133007,부산광역시 해운대구 반여로,106,,2635010300116280006003846,,부산광역시 해운대구 반여로 106,612061,48036,,,,129.123605734614,35.2009198473398
MA0106202207A0472448,새길유통,10호점,G2,소매,G221,기타 상품 소매,G22199,그 외 기타 상품 전문 소매업,G47859,그 외 기타 분류 안된 상품 전문 소매업,47,경상북도,47280,문경시,47280580,점촌2동,4728010100,점촌동,4728010100102610002,1,대지,261,2,경상북도 문경시 점촌동 261-2,472803312019,경상북도 문경시 영신로,11,,4728010100102610002024542,,경상북도 문경시 영신로 11,745887,36970,,,,128.20041876723,36.5947167386229
MA0106202210A0766697,킹콩전자,삼성점,G2,소매,G221,기타 상품 소매,G22199,그 외 기타 상품 전문 소매업,G47859,그 외 기타 분류 안된 상품 전문 소매업,11,서울특별시,11680,강남구,11680531,논현2동,1168010800,논현동,1168010800101180014,1,대지,118,14,서울특별시 강남구 논현동 118-14,116803122011,서울특별시 강남구 학동로,331,,1168010800101180014006030,,서울특별시 강남구 학동로 331,135821,06060,,,,127.03936404411,37.5168681485238
MA0106202208A0710244,원산슈퍼,,G2,소매,G221,기타 상품 소매,G22199,그 외 기타 상품 전문 소매업,G47859,그 외 기타 분류 안된 상품 전문 소매업,51,강원특별자치도,51210,속초시,51210520,동명동,5121010200,동명동,5121010200100010246,1,대지,1,246,강원특별자치도 속초시 동명동 1-246,512103223009,강원특별자치도 속초시 영금정로,50,,4221010200100010246000001,,강원특별자치도 속초시 영금정로 50,217809,24824,,,,128.601351923916,38.2105118665697
MA0106202201A2341383,완도건어물,,G2,소매,G221,기타 상품 소매,G22199,그 외 기타 상품 전문 소매업,G47859,그 외 기타 분류 안된 상품 전문 소매업,41,경기도,41194,부천시 소사구,41194510,심곡본1동,4119410200,심곡본동,4119410200105410001,1,대지,541,1,경기도 부천시 소사구 심곡본동 541-1,411943185014,경기도 부천시 소사구 자유로,28,5,,,경기도 부천시 소사구 자유로 28-5,422822,14709,,,,126.779184048648,37.4837185699804
MA0106202202A1625862,쉬즈베이글,,G2,소매,G221,기타 상품 소매,G22199,그 외 기타 상품 전문 소매업,G47859,그 외 기타 분류 안된 상품 전문 소매업,44,충청남도,44131,천안시 동남구,44131510,중앙동,4413110600,오룡동,4413110600100560002,1,대지,56,2,충청남도 천안시 동남구 오룡동 56-2,441313249040,충청남도 천안시 동남구 중앙로,80,,4413110600100560002020833,,충청남도 천안시 동남구 중앙로 80,330030,31132,,,,127.152547167683,36.8054457943086
MA0106202205A2198921,세이보리마켓,,G2,소매,G221,기타 상품 소매,G22199,그 외 기타 상품 전문 소매업,G47859,그 외 기타 분류 안된 상품 전문 소매업,41,경기도,41287,고양시 일산서구,41287570,대화동,4128710400,대화동,4128710400120200002,1,대지,2020,2,경기도 고양시 일산서구 대화동 2020-2,412874382103,경기도 고양시 일산서구 웅비로12번길,5,7,4128710400120200002003717,,경기도 고양시 일산서구 웅비로12번길 5-7,411803,10369,,,,126.756676373585,37.6843791532133
MA0106202204A1995369,수수케이크,,G2,소매,G221,기타 상품 소매,G22199,그 외 기타 상품 전문 소매업,G47859,그 외 기타 분류 안된 상품 전문 소매업,41,경기도,41210,광명시,41210610,철산3동,4121010200,철산동,4121010200106370000,1,대지,637,,경기도 광명시 철산동 637,412103187004,경기도 광명시 광덕산로,5,,4121010200103730000005000,철산푸르지오하늘채아파트,경기도 광명시 광덕산로 5,423732,14241,,,,126.869195660052,37.4703914347814
MA0106202206A2092370,안녕.소꿉동,,G2,소매,G221,기타 상품 소매,G22199,그 외 기타 상품 전문 소매업,G47859,그 외 기타 분류 안된 상품 전문 소매업,11,서울특별시,11290,성북구,11290555,삼선동,1129011200,삼선동2가,1129011200101500000,1,대지,150,,서울특별시 성북구 삼선동2가 150,112904121243,서울특별시 성북구 삼선교로10길,23,,1129011200101500000048062,,서울특별시 성북구 삼선교로10길 23,136042,02864,,,,127.009476619604,37.5870981252692
MA0106202205A0154273,구구스,,G2,소매,G221,기타 상품 소매,G22199,그 외 기타 상품 전문 소매업,G47859,그 외 기타 분류 안된 상품 전문 소매업,11,서울특별시,11680,강남구,11680640,역삼1동,1168010100,역삼동,1168010100108250026,1,대지,825,26,서울특별시 강남구 역삼동 825-26,116804166035,서울특별시 강남구 강남대로84길,13,,1168010100108250026024506,,서울특별시 강남구 강남대로84길 13,135934,06232,,,,127.029594321358,37.4968776985274
MA0106202205A0066699,세창에스엠,,G2,소매,G221,기타 상품 소매,G22199,그 외 기타 상품 전문 소매업,G47859,그 외 기타 분류 안된 상품 전문 소매업,41,경기도,41570,김포시,41570250,통진읍,4157025025,통진읍,4157025025103720000,1,대지,372,,경기도 김포시 통진읍 가현리 372,415703209001,경기도 김포시 통진읍 가현로,166,,4157025025103720000009733,,경기도 김포시 통진읍 가현로 166,415861,10030,,,,126.591178616401,37.6765606230608
MA0106202203A0057064,가자안전센터,,G2,소매,G221,기타 상품 소매,G22199,그 외 기타 상품 전문 소매업,G47859,그 외 기타 분류 안된 상품 전문 소매업,11,서울특별시,11500,강서구,11500540,화곡1동,1150010300,화곡동,1150010300110830002,1,대지,1083,2,서울특별시 강서구 화곡동 1083-2,115004145501,서울특별시 강서구 화곡로20길,27,,1150010300110830002014618,,서울특별시 강서구 화곡로20길 27,157925,07717,,,,126.836771529677,37.5392328831279
MA0106202203A1972342,훈이네푸드,,G2,소매,G221,기타 상품 소매,G22199,그 외 기타 상품 전문 소매업,G47859,그 외 기타 분류 안된 상품 전문 소매업,26,부산광역시,26320,북구,26320572,만덕2동,2632010300,만덕동,2632010300108520000,1,대지,852,,부산광역시 북구 만덕동 852,263203132017,부산광역시 북구 은행나무로,38,,2632010300108520000016846,,부산광역시 북구 은행나무로 38,616831,46615,,,,129.038725499795,35.2064976005693
MA0106202203A0534122,지산,,G2,소매,G221,기타 상품 소매,G22199,그 외 기타 상품 전문 소매업,G47859,그 외 기타 분류 안된 상품 전문 소매업,29,광주광역시,29200,광산구,29200620,비아동,2920011200,비아동,2920011200100100024,1,대지,10,24,광주광역시 광산구 비아동 10-24,292003163013,광주광역시 광산구 비아중앙로,106,,2920011200200340000000001,,광주광역시 광산구 비아중앙로 106,506300,62239,,,,126.825043318093,35.228280888103
MA0106202208A0647674,인선메딕스,,G2,소매,G221,기타 상품 소매,G22199,그 외 기타 상품 전문 소매업,G47859,그 외 기타 분류 안된 상품 전문 소매업,11,서울특별시,11350,노원구,11350630,상계1동,1135010500,상계동,1135010500110080038,1,대지,1008,38,서울특별시 노원구 상계동 1008-38,113504130228,서울특별시 노원구 동일로236길,27,,1135010500110080043009383,,서울특별시 노원구 동일로236길 27,139837,01629,,,,127.056971235997,37.6739127822089
MA0106202206A2056109,캄포스,코리아,G2,소매,G221,기타 상품 소매,G22199,그 외 기타 상품 전문 소매업,G47859,그 외 기타 분류 안된 상품 전문 소매업,41,경기도,41480,파주시,41480540,교하동,4148011500,문발동,4148011500106380005,1,대지,638,5,경기도 파주시 문발동 638-5,414804418895,경기도 파주시 회동길,445,,4148011500106380005000001,,경기도 파주시 회동길 445,413070,10881,,,,126.694141909135,37.7203354947956
MA0106202206A2010408,포도성서모다점,,G2,소매,G221,기타 상품 소매,G22199,그 외 기타 상품 전문 소매업,G47859,그 외 기타 분류 안된 상품 전문 소매업,27,대구광역시,27290,달서구,27290601,월성1동,2729012000,월성동,2729012000118220000,1,대지,1822,,대구광역시 달서구 월성동 1822,272903147040,대구광역시 달서구 조암로,24,,2729012000118220000000001,,대구광역시 달서구 조암로 24,704401,42752,,,,128.527102659086,35.8255527462996
MA0106202210A0319008,바우하우스,,G2,소매,G221,기타 상품 소매,G22199,그 외 기타 상품 전문 소매업,G47859,그 외 기타 분류 안된 상품 전문 소매업,41,경기도,41360,남양주시,41360253,진접읍,4136025326,진접읍,4136025326104270017,1,대지,427,17,경기도 남양주시 진접읍 팔야리 427-17,413604391180,경기도 남양주시 진접읍 금강로1845번길,132,,4136025326104270017000001,,경기도 남양주시 진접읍 금강로1845번길 132,472868,12018,,,,127.218049016658,37.7562900182577
MA0106202210A0461767,샤인플랜트,,G2,소매,G221,기타 상품 소매,G22199,그 외 기타 상품 전문 소매업,G47859,그 외 기타 분류 안된 상품 전문 소매업,41,경기도,41285,고양시 일산동구,41285590,장항2동,4128510400,장항동,4128510400108830000,1,대지,883,,경기도 고양시 일산동구 장항동 883,412853193008,경기도 고양시 일산동구 노루목로,107,,4128510400108830000005142,호수마을청구5단지,경기도 고양시 일산동구 노루목로 107,410746,10413,,,,126.777174151563,37.6500202930512
MA0106202209A0831288,에스엘사이언스,,G2,소매,G221,기타 상품 소매,G22199,그 외 기타 상품 전문 소매업,G47859,그 외 기타 분류 안된 상품 전문 소매업,41,경기도,41450,하남시,41450620,미사2동,4145010900,망월동,4145010900108340000,1,대지,834,,경기도 하남시 망월동 834,414503202055,경기도 하남시 미사강변한강로,135,,4145010900108340000000001,,경기도 하남시 미사강변한강로 135,465150,12902,,,,127.191781229533,37.5766443664251
MA0106202206A1306457,마음담다컴퍼니,,G2,소매,G221,기타 상품 소매,G22199,그 외 기타 상품 전문 소매업,G47859,그 외 기타 분류 안된 상품 전문 소매업,29,광주광역시,29170,북구,29170570,임동,2917010500,임동,2917010500100970076,1,대지,97,76,광주광역시 북구 임동 97-76,291704286347,광주광역시 북구 서림로100번길,14,,2917010500100970076012201,,광주광역시 북구 서림로100번길 14,500869,61242,,,,126.896660430087,35.1624472028797
MA0106202206A1081451,오리마켓24,,G2,소매,G221,기타 상품 소매,G22199,그 외 기타 상품 전문 소매업,G47859,그 외 기타 분류 안된 상품 전문 소매업,41,경기도,41192,부천시 원미구,41192530,심곡3동,4119210200,심곡동,4119210200103270000,1,대지,327,,경기도 부천시 원미구 심곡동 327,411923184014,경기도 부천시 원미구 장말로,310,,4119510200103270000006904,,경기도 부천시 원미구 장말로 310,420826,14615,,,,126.776335819996,37.4909663128858
MA0106202201A1043416,마키베리,,G2,소매,G221,기타 상품 소매,G22199,그 외 기타 상품 전문 소매업,G47859,그 외 기타 분류 안된 상품 전문 소매업,30,대전광역시,30200,유성구,30200530,온천1동,3020011100,봉명동,3020011100105370006,1,대지,537,6,대전광역시 유성구 봉명동 537-6,302003167045,대전광역시 유성구 온천로,53,,3020011100105370006013782,,대전광역시 유성구 온천로 53,305301,34186,,,,127.343983136325,36.3556199441822
MA0106202201A0742952,화요꽃집,,G2,소매,G221,기타 상품 소매,G22199,그 외 기타 상품 전문 소매업,G47859,그 외 기타 분류 안된 상품 전문 소매업,41,경기도,41461,용인시 처인구,41461525,역북동,4146110200,역북동,4146110200107450000,1,대지,745,,경기도 용인시 처인구 역북동 745,414613203041,경기도 용인시 처인구 명지로,24,,4146110200107450000000001,,경기도 용인시 처인구 명지로 24,449933,17055,,,,127.188024905721,37.233965736068
MA0106202201A1847036,카멜리아문.HBAF,,G2,소매,G221,기타 상품 소매,G22199,그 외 기타 상품 전문 소매업,G47859,그 외 기타 분류 안된 상품 전문 소매업,50,제주특별자치도,50110,제주시,50110510,일도1동,5011010100,일도일동,5011010100114540002,1,대지,1454,2,제주특별자치도 제주시 일도일동 1454-2,501103349184,제주특별자치도 제주시 중앙로,60,,,,제주특별자치도 제주시 중앙로 60,690836,63168,,,,126.524439173901,33.5128323023011
MA0106202202A1994848,대박종합유통,,G2,소매,G221,기타 상품 소매,G22199,그 외 기타 상품 전문 소매업,G47859,그 외 기타 분류 안된 상품 전문 소매업,50,제주특별자치도,50110,제주시,50110600,화북동,5011011200,화북이동,5011011200150160000,1,대지,5016,,제주특별자치도 제주시 화북이동 5016,501103349137,제주특별자치도 제주시 연삼로,673,29,5011011200150160000000002,,제주특별자치도 제주시 연삼로 673-29,690061,63295,,,,126.556589562951,33.5105262683743
MA0106202207A2276616,아성커피,,G2,소매,G221,기타 상품 소매,G22199,그 외 기타 상품 전문 소매업,G47859,그 외 기타 분류 안된 상품 전문 소매업,50,제주특별자치도,50110,제주시,50110510,일도1동,5011010100,일도일동,5011010100110970011,1,대지,1097,11,제주특별자치도 제주시 일도일동 1097-11,501103349102,제주특별자치도 제주시 성지로,46,1,5011010100110970011030114,,제주특별자치도 제주시 성지로 46-1,690835,63269,,,,126.52833626202,33.5106923996574
MA0106202207A0896025,강인유통,,G2,소매,G221,기타 상품 소매,G22199,그 외 기타 상품 전문 소매업,G47859,그 외 기타 분류 안된 상품 전문 소매업,30,대전광역시,30230,대덕구,30230525,회덕동,3023010500,신대동,3023010500100180004,1,대지,18,4,대전광역시 대덕구 신대동 18-4,302304304335,대전광역시 대덕구 신탄진로315번길,73,,3023010500100180004000001,,대전광역시 대덕구 신탄진로315번길 73,306080,34357,,,,127.422096740606,36.4057358792704
MA0106202210A0736733,쭈꾸미사랑,,G2,소매,G221,기타 상품 소매,G22199,그 외 기타 상품 전문 소매업,G47859,그 외 기타 분류 안된 상품 전문 소매업,41,경기도,41570,김포시,41570540,사우동,4157010600,사우동,4157010600110770000,1,대지,1077,,경기도 김포시 사우동 1077,415703209043,경기도 김포시 돌문로,98,10,4157010600110770000022004,,경기도 김포시 돌문로 98-10,415803,10108,,,,126.713551275453,37.6223399315832
MA0106202209A0854525,째깐이,,G2,소매,G221,기타 상품 소매,G22199,그 외 기타 상품 전문 소매업,G47859,그 외 기타 분류 안된 상품 전문 소매업,29,광주광역시,29170,북구,29170696,양산동,2917012800,양산동,2917012800109270000,1,대지,927,,광주광역시 북구 양산동 927,291704286481,광주광역시 북구 양산택지로34번길,18,,2917012800109270000000001,,광주광역시 북구 양산택지로34번길 18,500896,61072,,,,126.881566815828,35.2089162737052
MA0106202209A0415696,곡성철물,,G2,소매,G221,기타 상품 소매,G22199,그 외 기타 상품 전문 소매업,G47859,그 외 기타 분류 안된 상품 전문 소매업,46,전라남도,46720,곡성군,46720250,곡성읍,4672025021,곡성읍,4672025021101520002,1,대지,152,2,전라남도 곡성군 곡성읍 읍내리 152-2,467203287033,전라남도 곡성군 곡성읍 중앙로,156,,4672025021101520002000465,,전라남도 곡성군 곡성읍 중앙로 156,516804,57534,,,,127.298837107157,35.2832275808538
MA0106202208A1781577,캐츠,,G2,소매,G221,기타 상품 소매,G22199,그 외 기타 상품 전문 소매업,G47859,그 외 기타 분류 안된 상품 전문 소매업,48,경상남도,48250,김해시,48250630,장유3동,4825013000,관동동,4825013000110640003,1,대지,1064,3,경상남도 김해시 관동동 1064-3,482503335047,경상남도 김해시 율하2로,7,,4825031028110640003000001,,경상남도 김해시 율하2로 7,621300,51014,,,,128.806482118194,35.1764005751185
MA0106202208A1721668,리체은&박,,G2,소매,G221,기타 상품 소매,G22199,그 외 기타 상품 전문 소매업,G47859,그 외 기타 분류 안된 상품 전문 소매업,11,서울특별시,11680,강남구,11680521,논현1동,1168010800,논현동,1168010800100510003,1,대지,51,3,서울특별시 강남구 논현동 51-3,116803122011,서울특별시 강남구 학동로,105,,1168010800100510003000001,,서울특별시 강남구 학동로 105,135814,06044,,,,127.022180394764,37.5118990837875
MA0106202208A1410275,더존커피랩,,G2,소매,G221,기타 상품 소매,G22199,그 외 기타 상품 전문 소매업,G47859,그 외 기타 분류 안된 상품 전문 소매업,28,인천광역시,28720,옹진군,28720360,영흥면,2872036022,영흥면,2872036022100250002,1,대지,25,2,인천광역시 옹진군 영흥면 내리 25-2,287204274185,인천광역시 옹진군 영흥면 영흥북로35번길,83,17,2872036022100250002011178,,인천광역시 옹진군 영흥면 영흥북로35번길 83-17,409871,23118,,,,126.498223438966,37.2592991539616
MA0106202208A0623768,비저너스,,G2,소매,G221,기타 상품 소매,G22199,그 외 기타 상품 전문 소매업,G47859,그 외 기타 분류 안된 상품 전문 소매업,11,서울특별시,11650,서초구,11650652,양재2동,1165010200,양재동,1165010200102750006,1,대지,275,6,서울특별시 서초구 양재동 275-6,116503121022,서울특별시 서초구 논현로,87,,1165010200102750006002673,,서울특별시 서초구 논현로 87,137941,06775,,,,127.044216118615,37.4775555189987
MA0106202206A2383751,미네스팩토리,,G2,소매,G221,기타 상품 소매,G22199,그 외 기타 상품 전문 소매업,G47859,그 외 기타 분류 안된 상품 전문 소매업,51,강원특별자치도,51130,원주시,51130250,문막읍,5113025026,문막읍,5113025026117100006,1,대지,1710,6,강원특별자치도 원주시 문막읍 건등리 1710-6,511303219005,강원특별자치도 원주시 문막읍 건등로,10,13,4213025026117100006028597,,강원특별자치도 원주시 문막읍 건등로 10-13,220801,26370,,,,127.819056004523,37.3112117894538
MA0106202201A1702921,에바다,,G2,소매,G221,기타 상품 소매,G22199,그 외 기타 상품 전문 소매업,G47859,그 외 기타 분류 안된 상품 전문 소매업,26,부산광역시,26230,부산진구,26230560,양정1동,2623010100,양정동,2623010100103890005,1,대지,389,5,부산광역시 부산진구 양정동 389-5,262304187243,부산광역시 부산진구 동평로406번길,29,,2623010100103890005004183,,부산광역시 부산진구 동평로406번길 29,614853,47213,,,,129.069047343746,35.1725861974695
MA0106202201A1375603,미미의클로버,,G2,소매,G221,기타 상품 소매,G22199,그 외 기타 상품 전문 소매업,G47859,그 외 기타 분류 안된 상품 전문 소매업,52,전북특별자치도,52111,전주시 완산구,52111530,풍남동,5211111200,전동3가,5211111200100020240,1,대지,2,240,전북특별자치도 전주시 완산구 전동3가 2-240,521114598392,전북특별자치도 전주시 완산구 풍남문2길,39,,4511111100103030238040032,,전북특별자치도 전주시 완산구 풍남문2길 39,560043,55043,,,,127.147150959418,35.8125796983079
MA0106202202A1528063,리틀팬트리,,G2,소매,G221,기타 상품 소매,G22199,그 외 기타 상품 전문 소매업,G47859,그 외 기타 분류 안된 상품 전문 소매업,11,서울특별시,11545,금천구,11545510,가산동,1154510100,가산동,1154510100103450009,1,대지,345,9,서울특별시 금천구 가산동 345-9,115453117001,서울특별시 금천구 가산디지털1로,119,,1154510100103450009014859,,서울특별시 금천구 가산디지털1로 119,153773,08589,,,,126.882921771017,37.4760641729375
MA0106202206A1594943,반디,,G2,소매,G221,기타 상품 소매,G22199,그 외 기타 상품 전문 소매업,G47859,그 외 기타 분류 안된 상품 전문 소매업,30,대전광역시,30170,서구,30170590,가수원동,3017011400,가수원동,3017011400108050002,1,대지,805,2,대전광역시 서구 가수원동 805-2,301703166001,대전광역시 서구 가수원로,37,,3017011400108050002018830,,대전광역시 서구 가수원로 37,302802,35390,,,,127.353508931514,36.2989440140244
MA0106202205A0702796,아이에스,,G2,소매,G221,기타 상품 소매,G22199,그 외 기타 상품 전문 소매업,G47859,그 외 기타 분류 안된 상품 전문 소매업,51,강원특별자치도,51130,원주시,51130620,태장2동,5113011200,태장동,5113011200103380026,1,대지,338,26,강원특별자치도 원주시 태장동 338-26,511303219054,강원특별자치도 원주시 치악로,2255,5,4213011200200960016000001,,강원특별자치도 원주시 치악로 2255-5,220122,26322,,,,127.969581085326,37.3780182458908
MA0106202205A2224713,메리메리유,,G2,소매,G221,기타 상품 소매,G22199,그 외 기타 상품 전문 소매업,G47859,그 외 기타 분류 안된 상품 전문 소매업,28,인천광역시,28200,남동구,28200655,서창2동,2820010500,서창동,2820010500107070003,1,대지,707,3,인천광역시 남동구 서창동 707-3,282003153091,인천광역시 남동구 서창남로,45,,2820010500107070003000001,,인천광역시 남동구 서창남로 45,405260,21617,,,,126.750100448094,37.423572213638
MA0106202206A0608018,성물샵,,G2,소매,G221,기타 상품 소매,G22199,그 외 기타 상품 전문 소매업,G47859,그 외 기타 분류 안된 상품 전문 소매업,11,서울특별시,11140,중구,11140550,명동,1114012700,명동2가,1114012700100010018,1,대지,1,18,서울특별시 중구 명동2가 1-18,111404103165,서울특별시 중구 명동길,80,,1114012700100010019019483,,서울특별시 중구 명동길 80,100809,04537,,,,126.987277831892,37.5641675087552
MA0106202206A0833120,조대부고매점,,G2,소매,G221,기타 상품 소매,G22199,그 외 기타 상품 전문 소매업,G47859,그 외 기타 분류 안된 상품 전문 소매업,29,광주광역시,29155,남구,29155530,방림2동,2915511400,방림동,2915511400100500000,1,대지,50,,광주광역시 남구 방림동 50,291553161013,광주광역시 남구 오방로,34,13,2915511400100500003002927,,광주광역시 남구 오방로 34-13,503800,61679,,,,126.923156615228,35.1274309805095
MA0106202201A2197594,베이지데이,,G2,소매,G221,기타 상품 소매,G22199,그 외 기타 상품 전문 소매업,G47859,그 외 기타 분류 안된 상품 전문 소매업,29,광주광역시,29170,북구,29170695,건국동,2917014100,오룡동,2917014100111100007,1,대지,1110,7,광주광역시 북구 오룡동 1110-7,291704286721,광주광역시 북구 첨단과기로176번길,27,,,,광주광역시 북구 첨단과기로176번길 27,500480,61012,,,,126.846582017888,35.2238754662059
MA0106202207A1879358,전통민속떡집,,G2,소매,G221,기타 상품 소매,G22199,그 외 기타 상품 전문 소매업,G47859,그 외 기타 분류 안된 상품 전문 소매업,26,부산광역시,26350,해운대구,26350610,반송1동,2635010100,반송동,2635010100102502423,1,대지,250,2423,부산광역시 해운대구 반송동 250-2423,263504199109,부산광역시 해운대구 아랫반송로29번길,10,4,2635010100102502423027081,,부산광역시 해운대구 아랫반송로29번길 10-4,612803,48019,,,,129.149230561015,35.224681112661
MA0106202207A1750006,한국소방,,G2,소매,G221,기타 상품 소매,G22199,그 외 기타 상품 전문 소매업,G47859,그 외 기타 분류 안된 상품 전문 소매업,26,부산광역시,26290,남구,26290610,용당동,2629010800,용당동,2629010800104770001,1,대지,477,1,부산광역시 남구 용당동 477-1,262903131030,부산광역시 남구 유엔평화로,165,,2629010800104780001013225,,부산광역시 남구 유엔평화로 165,608830,48531,,,,129.098521591928,35.1220017134274
MA0106202210A0156893,파티야,,G2,소매,G221,기타 상품 소매,G22199,그 외 기타 상품 전문 소매업,G47859,그 외 기타 분류 안된 상품 전문 소매업,28,인천광역시,28245,계양구,28245602,효성2동,2824510100,효성동,2824510100101950025,1,대지,195,25,인천광역시 계양구 효성동 195-25,282453155039,인천광역시 계양구 효서로,212,,2824510100101950025219101,,인천광역시 계양구 효서로 212,407830,21111,,,,126.719388647529,37.5278218936252
MA0106202209A1397038,미그린,,G2,소매,G221,기타 상품 소매,G22199,그 외 기타 상품 전문 소매업,G47859,그 외 기타 분류 안된 상품 전문 소매업,41,경기도,41570,김포시,41570550,풍무동,4157010700,풍무동,4157010700100830019,1,대지,83,19,경기도 김포시 풍무동 83-19,415703209075,경기도 김포시 승가로,4,,4157010700100830019023485,,경기도 김포시 승가로 4,415808,10117,,,,126.721957595046,37.6067639734927
MA0106202209A0812321,보보스사우나매점세신,,G2,소매,G221,기타 상품 소매,G22199,그 외 기타 상품 전문 소매업,G47859,그 외 기타 분류 안된 상품 전문 소매업,50,제주특별자치도,50110,제주시,50110600,화북동,5011011200,화북이동,5011011200108270001,1,대지,827,1,제주특별자치도 제주시 화북이동 827-1,501103349059,제주특별자치도 제주시 동화로,74,,5011011200108270001055078,,제주특별자치도 제주시 동화로 74,690061,63300,,,,126.57239601701,33.5135570905866
MA0106202208A1007797,가평힐링캠프올레저,,G2,소매,G221,기타 상품 소매,G22199,그 외 기타 상품 전문 소매업,G47859,그 외 기타 분류 안된 상품 전문 소매업,51,강원특별자치도,51110,춘천시,51110400,남산면,5111040030,남산면,5111040030104450008,1,대지,445,8,강원특별자치도 춘천시 남산면 방하리 445-8,511103218012,강원특별자치도 춘천시 남산면 방하로,365,67,4211040030104450008000001,,강원특별자치도 춘천시 남산면 방하로 365-67,200914,24464,,,,127.546935871103,37.7693135954995
MA0106202207A1889489,한성현콜라겐,,G2,소매,G221,기타 상품 소매,G22199,그 외 기타 상품 전문 소매업,G47859,그 외 기타 분류 안된 상품 전문 소매업,26,부산광역시,26710,기장군,26710253,장안읍,2671025331,장안읍,2671025331109020007,1,대지,902,7,부산광역시 기장군 장안읍 반룡리 902-7,267103351574,부산광역시 기장군 장안읍 반룡산단2로,24,,2671025331109020007000001,,부산광역시 기장군 장안읍 반룡산단2로 24,619952,46034,,,,129.256057918693,35.3319146519375
MA0106202206A1553068,헤리티지벤처스,,G2,소매,G221,기타 상품 소매,G22199,그 외 기타 상품 전문 소매업,G47859,그 외 기타 분류 안된 상품 전문 소매업,11,서울특별시,11110,종로구,11110615,종로1.2.3.4가동,1111013200,운니동,1111013200100980078,1,대지,98,78,서울특별시 종로구 운니동 98-78,111103100010,서울특별시 종로구 율곡로,84,,1111013200100980078015484,,서울특별시 종로구 율곡로 84,110795,03131,,,,126.988452976081,37.5770969123413
MA0106202206A0012295,멀티샵,,G2,소매,G221,기타 상품 소매,G22199,그 외 기타 상품 전문 소매업,G47859,그 외 기타 분류 안된 상품 전문 소매업,11,서울특별시,11545,금천구,11545610,독산1동,1154510200,독산동,1154510200102890003,1,대지,289,3,서울특별시 금천구 독산동 289-3,115454151259,서울특별시 금천구 시흥대로123길,17,,1154510200102890003012665,,서울특별시 금천구 시흥대로123길 17,153812,08523,,,,126.896880426772,37.4703467568637
MA0106202201A1901801,토끼네공방,,G2,소매,G221,기타 상품 소매,G22199,그 외 기타 상품 전문 소매업,G47859,그 외 기타 분류 안된 상품 전문 소매업,50,제주특별자치도,50110,제주시,50110630,아라동,5011013400,오등동,5011013400116920010,1,대지,1692,10,제주특별자치도 제주시 오등동 1692-10,501103349125,제주특별자치도 제주시 아연로,295,1,,,제주특별자치도 제주시 아연로 295-1,690150,63240,,,,126.519277242011,33.4672548666535
MA0106202201A2243141,진뷰티,,G2,소매,G221,기타 상품 소매,G22199,그 외 기타 상품 전문 소매업,G47859,그 외 기타 분류 안된 상품 전문 소매업,44,충청남도,44133,천안시 서북구,44133520,성정2동,4413310200,성정동,4413310200106790026,1,대지,679,26,충청남도 천안시 서북구 성정동 679-26,441334550300,충청남도 천안시 서북구 서부8길,7,,4413310200106790026051322,,충청남도 천안시 서북구 서부8길 7,331975,31138,,,,127.137264356334,36.819206345389
MA0106202202A2122991,와이바이오텍,,G2,소매,G221,기타 상품 소매,G22199,그 외 기타 상품 전문 소매업,G47859,그 외 기타 분류 안된 상품 전문 소매업,41,경기도,41360,남양주시,41360545,다산1동,4136011200,다산동,4136011200160580001,1,대지,6058,1,경기도 남양주시 다산동 6058-1,413603351600,경기도 남양주시 다산중앙로123번길,22,26,4136011200160580001000001,,경기도 남양주시 다산중앙로123번길 22-26,,12248,,,,127.152416209676,37.6248686741865
MA0106202202A0332533,리라컴퍼니,,G2,소매,G221,기타 상품 소매,G22199,그 외 기타 상품 전문 소매업,G47859,그 외 기타 분류 안된 상품 전문 소매업,11,서울특별시,11530,구로구,11530720,고척1동,1153010600,고척동,1153010600101030004,1,대지,103,4,서울특별시 구로구 고척동 103-4,115304148466,서울특별시 구로구 중앙로3길,50,,1153010600101030004014178,,서울특별시 구로구 중앙로3길 50,152757,08225,,,,126.860651326674,37.4998265994065
MA0106202204A1035203,한컴퍼니,,G2,소매,G221,기타 상품 소매,G22199,그 외 기타 상품 전문 소매업,G47859,그 외 기타 분류 안된 상품 전문 소매업,52,전북특별자치도,52111,전주시 완산구,52111692,평화2동,5211113300,평화동2가,5211113300102590007,1,대지,259,7,전북특별자치도 전주시 완산구 평화동2가 259-7,521113266089,전북특별자치도 전주시 완산구 모악로,4701,,4511113300102590007024486,,전북특별자치도 전주시 완산구 모악로 4701,560866,55135,,,,127.130603657369,35.7889947365528
MA0106202203A1584270,JH홀쇼핑,,G2,소매,G221,기타 상품 소매,G22199,그 외 기타 상품 전문 소매업,G47859,그 외 기타 분류 안된 상품 전문 소매업,27,대구광역시,27200,남구,27200550,봉덕3동,2720010200,봉덕동,2720010200106160006,1,대지,616,6,대구광역시 남구 봉덕동 616-6,272003141015,대구광역시 남구 이천로,28,,2720010200106160006023908,,대구광역시 남구 이천로 28,705831,42441,,,,128.598385448253,35.8432073977725
MA0106202205A1953028,비.비로드145,,G2,소매,G221,기타 상품 소매,G22199,그 외 기타 상품 전문 소매업,G47859,그 외 기타 분류 안된 상품 전문 소매업,41,경기도,41220,평택시,41220259,청북읍,4122025932,청북읍,4122025932106600003,1,대지,660,3,경기도 평택시 청북읍 고렴리 660-3,412203000117,경기도 평택시 청북읍 서해로,1985,,4122035032106600003045789,,경기도 평택시 청북읍 서해로 1985,451831,17794,,,,126.918269212495,37.0628764718211
MA0106202206A1462578,구구만불상사,,G2,소매,G221,기타 상품 소매,G22199,그 외 기타 상품 전문 소매업,G47859,그 외 기타 분류 안된 상품 전문 소매업,47,경상북도,47290,경산시,47290310,와촌면,4729031026,와촌면,4729031026103530001,1,대지,353,1,경상북도 경산시 와촌면 상암리 353-1,472904739549,경상북도 경산시 와촌면 와천동길,90,,4729031026103530001000001,,경상북도 경산시 와촌면 와천동길 90,712843,38415,,,,128.84924619423,35.9343678697638
MA0106202206A1308894,에이&비글로벌,,G2,소매,G221,기타 상품 소매,G22199,그 외 기타 상품 전문 소매업,G47859,그 외 기타 분류 안된 상품 전문 소매업,28,인천광역시,28260,서구,28260515,검암경서동,2826010300,검암동,2826010300105980004,1,대지,598,4,인천광역시 서구 검암동 598-4,282604268440,인천광역시 서구 승학로495번길,4,8,2826010300105980004013695,,인천광역시 서구 승학로495번길 4-8,404844,22695,,,,126.675522137032,37.565650428443
MA0106202209A2329729,코이스,,G2,소매,G221,기타 상품 소매,G22199,그 외 기타 상품 전문 소매업,G47859,그 외 기타 분류 안된 상품 전문 소매업,26,부산광역시,26440,강서구,26440520,대저2동,2644010200,대저2동,2644010200131410008,1,대지,3141,8,부산광역시 강서구 대저2동 3141-8,264403136075,부산광역시 강서구 유통단지1로,76,,2644010200131410008000001,,부산광역시 강서구 유통단지1로 76,618899,46721,,,,128.951893901504,35.1668713695702
MA0106202209A2213767,엘케이디앤,,G2,소매,G221,기타 상품 소매,G22199,그 외 기타 상품 전문 소매업,G47859,그 외 기타 분류 안된 상품 전문 소매업,28,인천광역시,28237,부평구,28237646,삼산1동,2823710500,삼산동,2823710500100600059,1,대지,60,59,인천광역시 부평구 삼산동 60-59,282373154028,인천광역시 부평구 부평북로,391,,2823710500100600059109755,,인천광역시 부평구 부평북로 391,403861,21318,,,,126.736975792677,37.5227356827174
MA0106202209A2167509,딩딩빵,,G2,소매,G221,기타 상품 소매,G22199,그 외 기타 상품 전문 소매업,G47859,그 외 기타 분류 안된 상품 전문 소매업,11,서울특별시,11215,광진구,11215780,능동,1121510200,능동,1121510200102340040,1,대지,234,40,서울특별시 광진구 능동 234-40,112154112143,서울특별시 광진구 능동로32길,51,,1121510200102340040022572,,서울특별시 광진구 능동로32길 51,143848,04986,,,,127.081393182923,37.5544454120109
MA0106202207A0971011,산수음료,,G2,소매,G221,기타 상품 소매,G22199,그 외 기타 상품 전문 소매업,G47859,그 외 기타 분류 안된 상품 전문 소매업,30,대전광역시,30230,대덕구,30230525,회덕동,3023010500,신대동,3023010500100180004,1,대지,18,4,대전광역시 대덕구 신대동 18-4,302304304335,대전광역시 대덕구 신탄진로315번길,73,,3023010500100180004000001,,대전광역시 대덕구 신탄진로315번길 73,306080,34357,,,,127.422096740606,36.4057358792704
MA0106202207A2119262,예담아이엔씨,,G2,소매,G221,기타 상품 소매,G22199,그 외 기타 상품 전문 소매업,G47859,그 외 기타 분류 안된 상품 전문 소매업,11,서울특별시,11200,성동구,11200650,성수1가1동,1120011400,성수동1가,1120011400100720008,1,대지,72,8,서울특별시 성동구 성수동1가 72-8,112003103004,서울특별시 성동구 성수일로,10,,1120011400100720008009074,,서울특별시 성동구 성수일로 10,133819,04780,,,,127.048825062266,37.5412817597401
MA0106202207A0068656,유원T&C,,G2,소매,G221,기타 상품 소매,G22199,그 외 기타 상품 전문 소매업,G47859,그 외 기타 분류 안된 상품 전문 소매업,41,경기도,41590,화성시,41590340,송산면,4159034026,송산면,4159034026109130005,1,대지,913,5,경기도 화성시 송산면 쌍정리 913-5,415903210005,경기도 화성시 송산면 공룡로,210,,4159034026109130005000001,,경기도 화성시 송산면 공룡로 210,445873,18547,,,,126.727281672195,37.2325845776105
MA0106202207A0430398,베이킹포유,,G2,소매,G221,기타 상품 소매,G22199,그 외 기타 상품 전문 소매업,G47859,그 외 기타 분류 안된 상품 전문 소매업,44,충청남도,44250,계룡시,44250315,엄사면,4425031521,엄사면,4425031521102510019,1,대지,251,19,충청남도 계룡시 엄사면 엄사리 251-19,442503256008,충청남도 계룡시 엄사면 전원로,63,,4425031521102510019003425,,충청남도 계룡시 엄사면 전원로 63,321931,32806,,,,127.237183536569,36.2892281852184
MA0106202205A2010687,마로메라성서지점,,G2,소매,G221,기타 상품 소매,G22199,그 외 기타 상품 전문 소매업,G47859,그 외 기타 분류 안된 상품 전문 소매업,27,대구광역시,27140,동구,27140755,혁신동,2714012300,각산동,2714012300110260010,1,대지,1026,10,대구광역시 동구 각산동 1026-10,271404226424,대구광역시 동구 이노밸리로29길,72,28,2714012300110260010000001,,대구광역시 동구 이노밸리로29길 72-28,701290,41064,,,,128.71393972231,35.8862652832425
MA0106202205A1361828,프레시크레딧강남카페,본점,G2,소매,G221,기타 상품 소매,G22199,그 외 기타 상품 전문 소매업,G47859,그 외 기타 분류 안된 상품 전문 소매업,11,서울특별시,11710,송파구,11710620,가락본동,1171010700,가락동,1171010700100790005,1,대지,79,5,서울특별시 송파구 가락동 79-5,117104169333,서울특별시 송파구 송파대로28길,24,,1171010700100790005007046,,서울특별시 송파구 송파대로28길 24,138713,05718,,,,127.120544331495,37.4942880769094
MA0106202201A0848164,상록웰스,,G2,소매,G221,기타 상품 소매,G22199,그 외 기타 상품 전문 소매업,G47859,그 외 기타 분류 안된 상품 전문 소매업,11,서울특별시,11230,동대문구,11230650,장안1동,1123010600,장안동,1123010600102370009,1,대지,237,9,서울특별시 동대문구 장안동 237-9,112303005038,서울특별시 동대문구 한천로,26,,1123010600102370009018159,,서울특별시 동대문구 한천로 26,130837,02632,,,,127.060136266966,37.5644862473714
MA0106202201A0892897,강인유통,,G2,소매,G221,기타 상품 소매,G22199,그 외 기타 상품 전문 소매업,G47859,그 외 기타 분류 안된 상품 전문 소매업,30,대전광역시,30110,동구,30110695,삼성동,3011011800,삼성동,3011011800103020127,1,대지,302,127,대전광역시 동구 삼성동 302-127,301103010013,대전광역시 동구 옛신탄진로,10,10,3011011800103020127012292,,대전광역시 동구 옛신탄진로 10-10,300815,34568,,,,127.426641574618,36.3418087595348
MA0106202201A1071991,커피향기,,G2,소매,G221,기타 상품 소매,G22199,그 외 기타 상품 전문 소매업,G47859,그 외 기타 분류 안된 상품 전문 소매업,28,인천광역시,28177,미추홀구,28177650,주안4동,2817710500,주안동,2817710500104130053,1,대지,413,53,인천광역시 미추홀구 주안동 413-53,281774253553,인천광역시 미추홀구 인주대로417번길,104,,2817010600104130053200997,,인천광역시 미추홀구 인주대로417번길 104,402843,22148,,,,126.683365731407,37.4559568482713
MA0106202203A1383987,에스엠비,,G2,소매,G221,기타 상품 소매,G22199,그 외 기타 상품 전문 소매업,G47859,그 외 기타 분류 안된 상품 전문 소매업,50,제주특별자치도,50110,제주시,50110540,이도2동,5011012900,도남동,5011012900102160004,1,대지,216,4,제주특별자치도 제주시 도남동 216-4,501104848489,제주특별자치도 제주시 원남6길,82,1,5011012900102160004000002,,제주특별자치도 제주시 원남6길 82-1,690807,63234,,,,126.529275652887,33.4822957952052
MA0106202204A0456944,라일락카페라일락리조트,,G2,소매,G221,기타 상품 소매,G22199,그 외 기타 상품 전문 소매업,G47859,그 외 기타 분류 안된 상품 전문 소매업,51,강원특별자치도,51110,춘천시,51110340,남면,5111034027,남면,5111034027104490001,1,대지,449,1,강원특별자치도 춘천시 남면 한덕리 449-1,511104454757,강원특별자치도 춘천시 남면 한덕발산길,61,,4211034027104490001005907,,강원특별자치도 춘천시 남면 한덕발산길 61,250857,24469,,,,127.613992389219,37.680301930683
MA0106202204A0998694,빅씨마트,,G2,소매,G221,기타 상품 소매,G22199,그 외 기타 상품 전문 소매업,G47859,그 외 기타 분류 안된 상품 전문 소매업,48,경상남도,48330,양산시,48330540,서창동,4833011400,삼호동,4833011400104890005,1,대지,489,5,경상남도 양산시 삼호동 489-5,483304814620,경상남도 양산시 연호10길,10,1,4833011400104890005000001,,경상남도 양산시 연호10길 10-1,626836,50527,,,,129.175156811628,35.4146152122914
MA0106202201A2033595,바이크,데일리,G2,소매,G221,기타 상품 소매,G22199,그 외 기타 상품 전문 소매업,G47859,그 외 기타 분류 안된 상품 전문 소매업,11,서울특별시,11710,송파구,11710670,잠실2동,1171010100,잠실동,1171010100100220000,1,대지,22,,서울특별시 송파구 잠실동 22,117103123023,서울특별시 송파구 올림픽로,135,,,,서울특별시 송파구 올림픽로 135,138911,05502,,,,127.089881063451,37.5167323893372
MA0106202201A1602431,탕스피플,,G2,소매,G221,기타 상품 소매,G22199,그 외 기타 상품 전문 소매업,G47859,그 외 기타 분류 안된 상품 전문 소매업,28,인천광역시,28237,부평구,28237540,부평4동,2823710100,부평동,2823710100104090003,1,대지,409,3,인천광역시 부평구 부평동 409-3,282374262700,인천광역시 부평구 주부토로56번길,22,,2823710100104090003108913,,인천광역시 부평구 주부토로56번길 22,403826,21360,,,,126.726527384626,37.4998805684391
MA0106202210A0645238,바이초이,,G2,소매,G221,기타 상품 소매,G22199,그 외 기타 상품 전문 소매업,G47859,그 외 기타 분류 안된 상품 전문 소매업,51,강원특별자치도,51130,원주시,51130380,판부면,5113038022,판부면,5113038022119900002,1,대지,1990,2,강원특별자치도 원주시 판부면 서곡리 1990-2,511304457190,강원특별자치도 원주시 판부면 매봉길,19,,4213038022119900002000001,,강원특별자치도 원주시 판부면 매봉길 19,220912,26399,,,,127.943064485747,37.3215059406481
MA0106202209A2279332,남도키친,,G2,소매,G221,기타 상품 소매,G22199,그 외 기타 상품 전문 소매업,G47859,그 외 기타 분류 안된 상품 전문 소매업,41,경기도,41450,하남시,41450620,미사2동,4145010900,망월동,4145010900109240000,1,대지,924,,경기도 하남시 망월동 924,414504851276,경기도 하남시 미사강변한강로224번길,19,,4145010900102440000000004,,경기도 하남시 미사강변한강로224번길 19,465150,12911,,,,127.193607550491,37.5693343269454
MA0106202209A0797764,디아이,,G2,소매,G221,기타 상품 소매,G22199,그 외 기타 상품 전문 소매업,G47859,그 외 기타 분류 안된 상품 전문 소매업,11,서울특별시,11350,노원구,11350665,상계3.4동,1135010500,상계동,1135010500100490003,1,대지,49,3,서울특별시 노원구 상계동 49-3,113504130121,서울특별시 노원구 덕릉로126다길,9,,1135010500100490003004951,,서울특별시 노원구 덕릉로126다길 9,139809,01643,,,,127.083493159638,37.671518403614
MA0106202209A1660672,해바라기식당,,G2,소매,G221,기타 상품 소매,G22199,그 외 기타 상품 전문 소매업,G47859,그 외 기타 분류 안된 상품 전문 소매업,47,경상북도,47130,경주시,47130630,동천동,4713012600,동천동,4713012600107670009,1,대지,767,9,경상북도 경주시 동천동 767-9,471303305089,경상북도 경주시 백률로,29,,4713012600107670009013760,,경상북도 경주시 백률로 29,780935,38098,,,,129.22261617872,35.8567523285429
MA0106202208A2026671,밥끼고덕,삼성점,G2,소매,G221,기타 상품 소매,G22199,그 외 기타 상품 전문 소매업,G47859,그 외 기타 분류 안된 상품 전문 소매업,41,경기도,41220,평택시,41220660,고덕동,4122012800,고덕동,4122012800121080006,1,대지,2108,6,경기도 평택시 고덕동 2108-6,412204856236,경기도 평택시 고덕여염11길,52,,4122012800121080006000001,,경기도 평택시 고덕여염11길 52,,18014,,,,127.051179734878,37.0434574162218
MA0106202207A1094293,놀라바,금호점,G2,소매,G221,기타 상품 소매,G22199,그 외 기타 상품 전문 소매업,G47859,그 외 기타 분류 안된 상품 전문 소매업,11,서울특별시,11200,성동구,11200620,금호4가동,1120011200,금호동4가,1120011200114340000,1,대지,1434,,서울특별시 성동구 금호동4가 1434,112004109519,서울특별시 성동구 장터길,14,2,1120011200114340000011679,,서울특별시 성동구 장터길 14-2,133809,04725,,,,127.017472283309,37.548237265202
MA0106202207A2365555,비에뜨반미약대점,,G2,소매,G221,기타 상품 소매,G22199,그 외 기타 상품 전문 소매업,G47859,그 외 기타 분류 안된 상품 전문 소매업,41,경기도,41192,부천시 원미구,41192610,약대동,4119210500,약대동,4119210500101820056,1,대지,182,56,경기도 부천시 원미구 약대동 182-56,411924352551,경기도 부천시 원미구 평천로669번길,11,,4119510500101820056003234,,경기도 부천시 원미구 평천로669번길 11,420831,14500,,,,126.765030166353,37.5156138480717
MA0106202207A2159206,상호에프에스,,G2,소매,G221,기타 상품 소매,G22199,그 외 기타 상품 전문 소매업,G47859,그 외 기타 분류 안된 상품 전문 소매업,41,경기도,41360,남양주시,41360565,다산2동,4136011200,다산동,4136011200161930001,1,대지,6193,1,경기도 남양주시 다산동 6193-1,413603000120,경기도 남양주시 경춘로,508,4,4136011200161930001000001,,경기도 남양주시 경춘로 508-4,,12284,,,,127.168810074434,37.6109351190002
MA0106202207A1051164,자미트리아울렛,,G2,소매,G221,기타 상품 소매,G22199,그 외 기타 상품 전문 소매업,G47859,그 외 기타 분류 안된 상품 전문 소매업,51,강원특별자치도,51110,춘천시,51110640,효자3동,5111011200,효자동,5111011200106410006,1,대지,641,6,강원특별자치도 춘천시 효자동 641-6,511103218037,강원특별자치도 춘천시 춘천로,199,,4211011200106410006028168,,강원특별자치도 춘천시 춘천로 199,200950,24260,,,,127.736262799439,37.8770890673818
MA0106202204A1612578,피우다케이크&카페,,G2,소매,G221,기타 상품 소매,G22199,그 외 기타 상품 전문 소매업,G47859,그 외 기타 분류 안된 상품 전문 소매업,28,인천광역시,28260,서구,28260515,검암경서동,2826010300,검암동,2826010300105990006,1,대지,599,6,인천광역시 서구 검암동 599-6,282604268440,인천광역시 서구 승학로495번길,1,,2826010300105990006013125,,인천광역시 서구 승학로495번길 1,404844,22695,,,,126.674458140354,37.5656565092728
MA0106202206A0691911,원주잔치반찬,,G2,소매,G221,기타 상품 소매,G22199,그 외 기타 상품 전문 소매업,G47859,그 외 기타 분류 안된 상품 전문 소매업,51,강원특별자치도,51130,원주시,51130515,중앙동,5113010200,평원동,5113010200102060015,1,대지,206,15,강원특별자치도 원주시 평원동 206-15,511304457563,강원특별자치도 원주시 중앙시장길,62,,4213010200102060015008349,,강원특별자치도 원주시 중앙시장길 62,220904,26430,,,,127.951465413418,37.3516040937917
MA0106202205A0891443,에스에이치테크,,G2,소매,G221,기타 상품 소매,G22199,그 외 기타 상품 전문 소매업,G47859,그 외 기타 분류 안된 상품 전문 소매업,52,전북특별자치도,52111,전주시 완산구,52111730,효자5동,5211114200,효자동3가,5211114200116020002,1,대지,1602,2,전북특별자치도 전주시 완산구 효자동3가 1602-2,521114598430,전북특별자치도 전주시 완산구 황강서원2길,4,3,4511114200116020002000001,,전북특별자치도 전주시 완산구 황강서원2길 4-3,560900,54960,,,,127.098661551105,35.8277073599008
MA0106202201A1579682,바이올,,G2,소매,G221,기타 상품 소매,G22199,그 외 기타 상품 전문 소매업,G47859,그 외 기타 분류 안된 상품 전문 소매업,30,대전광역시,30200,유성구,30200600,관평동,3020014400,용산동,3020014400105340000,1,대지,534,,대전광역시 유성구 용산동 534,302003167072,대전광역시 유성구 테크노2로,206,,3020014400105340000001879,,대전광역시 유성구 테크노2로 206,305509,34028,,,,127.406174387454,36.4223544981685
MA0106202202A2107861,두벼리상회,,G2,소매,G221,기타 상품 소매,G22199,그 외 기타 상품 전문 소매업,G47859,그 외 기타 분류 안된 상품 전문 소매업,41,경기도,41820,가평군,41820250,가평읍,4182025034,가평읍,4182025034101300011,1,대지,130,11,경기도 가평군 가평읍 금대리 130-11,418203216019,경기도 가평군 가평읍 북한강변로,326,58,4182025034101300011002038,,경기도 가평군 가평읍 북한강변로 326-58,477803,12428,,,,127.537599225459,37.7557791541643
MA0106202203A0261310,웅지매점,,G2,소매,G221,기타 상품 소매,G22199,그 외 기타 상품 전문 소매업,G47859,그 외 기타 분류 안된 상품 전문 소매업,41,경기도,41480,파주시,41480320,탄현면,4148032028,탄현면,4148032028105360002,1,대지,536,2,경기도 파주시 탄현면 금승리 536-2,414804418620,경기도 파주시 탄현면 웅지로144번길,73,,4148032028105360002024182,,경기도 파주시 탄현면 웅지로144번길 73,413843,10846,,,,126.735701805846,37.8187490099003
MA0106202205A0299092,닐라이,,G2,소매,G221,기타 상품 소매,G22199,그 외 기타 상품 전문 소매업,G47859,그 외 기타 분류 안된 상품 전문 소매업,41,경기도,41570,김포시,41570350,월곶면,4157035021,월곶면,4157035021104280019,1,대지,428,19,경기도 김포시 월곶면 군하리 428-19,415702209001,경기도 김포시 월곶면 김포대로,2857,15,4157035021104280019000001,,경기도 김포시 월곶면 김포대로 2857-15,415875,10024,,,,126.537345830839,37.7166890876282
MA0106202205A1358505,수신제가유통,,G2,소매,G221,기타 상품 소매,G22199,그 외 기타 상품 전문 소매업,G47859,그 외 기타 분류 안된 상품 전문 소매업,41,경기도,41220,평택시,41220630,비전2동,4122012400,용이동,4122012400106790002,1,대지,679,2,경기도 평택시 용이동 679-2,412203351420,경기도 평택시 용죽2로,62,,4122012400106790002000001,,경기도 평택시 용죽2로 62,450152,18033,,,,127.126828298646,36.9945982356027
MA0106202201A2032731,보리원갈매점,,G2,소매,G221,기타 상품 소매,G22199,그 외 기타 상품 전문 소매업,G47859,그 외 기타 분류 안된 상품 전문 소매업,41,경기도,41360,남양주시,41360570,별내동,4136011100,별내동,4136011100110970007,1,대지,1097,7,경기도 남양주시 별내동 1097-7,413604841511,경기도 남양주시 별내5로5번길,1,,,,경기도 남양주시 별내5로5번길 1,472501,12102,,,,127.11352009617,37.6496445342563
MA0106202206A1078204,노블레스,,G2,소매,G221,기타 상품 소매,G22199,그 외 기타 상품 전문 소매업,G47859,그 외 기타 분류 안된 상품 전문 소매업,48,경상남도,48127,창원시 마산회원구,48127250,내서읍,4812725025,내서읍,4812725025104510003,1,대지,451,3,경상남도 창원시 마산회원구 내서읍 중리 451-3,481273330024,경상남도 창원시 마산회원구 내서읍 중리공단로,223,,4812725025100020314000693,,경상남도 창원시 마산회원구 내서읍 중리공단로 223,630857,51232,,,,128.517514006132,35.2487350945993
MA0106202206A0488711,마신는,,G2,소매,G221,기타 상품 소매,G22199,그 외 기타 상품 전문 소매업,G47859,그 외 기타 분류 안된 상품 전문 소매업,41,경기도,41465,용인시 수지구,41465585,상현3동,4146510700,상현동,4146510700111310005,1,대지,1131,5,경기도 용인시 수지구 상현동 1131-5,414653177022,경기도 용인시 수지구 광교중앙로,308,,4146510700111310005000001,,경기도 용인시 수지구 광교중앙로 308,448130,16943,,,,127.069678899822,37.2973566377719
MA0106202210A0633236,티에스제이아이앤씨,,G2,소매,G221,기타 상품 소매,G22199,그 외 기타 상품 전문 소매업,G47859,그 외 기타 분류 안된 상품 전문 소매업,11,서울특별시,11710,송파구,11710642,문정2동,1171010800,문정동,1171010800106320000,1,대지,632,,서울특별시 송파구 문정동 632,117103123017,서울특별시 송파구 충민로,52,,1171010800102890000000001,,서울특별시 송파구 충민로 52,138888,05839,,,,127.122756215917,37.4777162672276
MA0106202210A0575361,평화다원,,G2,소매,G221,기타 상품 소매,G22199,그 외 기타 상품 전문 소매업,G47859,그 외 기타 분류 안된 상품 전문 소매업,51,강원특별자치도,51760,평창군,51760340,봉평면,5176034021,봉평면,5176034021106310000,1,대지,631,,강원특별자치도 평창군 봉평면 창동리 631,517604484136,강원특별자치도 평창군 봉평면 문학숲길,56,19,4276034021106310000000001,,강원특별자치도 평창군 봉평면 문학숲길 56-19,232925,25304,,,,128.357341642706,37.6069703700473
MA0106202210A0481660,아리곳간영천,시장점,G2,소매,G221,기타 상품 소매,G22199,그 외 기타 상품 전문 소매업,G47859,그 외 기타 분류 안된 상품 전문 소매업,11,서울특별시,11410,서대문구,11410520,천연동,1141010800,영천동,1141010800102940000,1,대지,294,,서울특별시 서대문구 영천동 294,114104136306,서울특별시 서대문구 영천시장길,27,,1141010800102940000028760,,서울특별시 서대문구 영천시장길 27,120040,03734,,,,126.961082962002,37.5709012282687
MA0106202210A0770078,지비에스,,G2,소매,G221,기타 상품 소매,G22199,그 외 기타 상품 전문 소매업,G47859,그 외 기타 분류 안된 상품 전문 소매업,29,광주광역시,29170,북구,29170695,건국동,2917014100,오룡동,2917014100111100039,1,대지,1110,39,광주광역시 북구 오룡동 1110-39,291704286722,광주광역시 북구 첨단과기로208번길,17,17,2917014100111100039000001,,광주광역시 북구 첨단과기로208번길 17-17,500480,61011,,,,126.852180652801,35.225730197275
MA0106202210A0140080,누룽지공작소,,G2,소매,G221,기타 상품 소매,G22199,그 외 기타 상품 전문 소매업,G47859,그 외 기타 분류 안된 상품 전문 소매업,41,경기도,41113,수원시 권선구,41113540,세류3동,4111312600,세류동,4111312600104770004,1,대지,477,4,경기도 수원시 권선구 세류동 477-4,411134325440,경기도 수원시 권선구 정조로575번길,7,2,4111312600104770004033838,,경기도 수원시 권선구 정조로575번길 7-2,441868,16576,,,,127.012468008009,37.2605509915984
MA0106202209A1596604,김포다도박물관,,G2,소매,G221,기타 상품 소매,G22199,그 외 기타 상품 전문 소매업,G47859,그 외 기타 분류 안된 상품 전문 소매업,41,경기도,41570,김포시,41570350,월곶면,4157035030,월곶면,4157035030108320000,1,대지,832,,경기도 김포시 월곶면 개곡리 832,415704427367,경기도 김포시 월곶면 애기봉로275번길,187,49,4157035030108320000000001,,경기도 김포시 월곶면 애기봉로275번길 187-49,415872,10003,,,,126.574438847844,37.7375239800783
MA0106202207A1392329,평사리상회,,G2,소매,G221,기타 상품 소매,G22199,그 외 기타 상품 전문 소매업,G47859,그 외 기타 분류 안된 상품 전문 소매업,48,경상남도,48850,하동군,48850320,악양면,4885032030,악양면,4885032030101390004,1,대지,139,4,경상남도 하동군 악양면 정동리 139-4,488504832193,경상남도 하동군 악양면 부계2길,90,,4885032030101390004000001,,경상남도 하동군 악양면 부계2길 90,667811,52306,,,,127.722580696525,35.1686917727215
MA0106202207A0601925,동영과학,,G2,소매,G221,기타 상품 소매,G22199,그 외 기타 상품 전문 소매업,G47859,그 외 기타 분류 안된 상품 전문 소매업,41,경기도,41135,성남시 분당구,41135520,수내1동,4113510200,수내동,4113510200100100001,1,대지,10,1,경기도 성남시 분당구 수내동 10-1,411353180053,경기도 성남시 분당구 황새울로,234,,4113510200100100001070911,,경기도 성남시 분당구 황새울로 234,463873,13595,,,,127.114240780046,37.3795320223225
MA0106202207A1355928,언더독커피,,G2,소매,G221,기타 상품 소매,G22199,그 외 기타 상품 전문 소매업,G47859,그 외 기타 분류 안된 상품 전문 소매업,11,서울특별시,11140,중구,11140605,을지로동,1114016000,인현동1가,1114016000100190002,1,대지,19,2,서울특별시 중구 인현동1가 19-2,111404103242,서울특별시 중구 을지로20길,12,,1114016000100190002012980,,서울특별시 중구 을지로20길 12,100281,04549,,,,126.995234740066,37.5658349409794
MA0106202206A0641916,어지샐러드앤포케,센텀점,G2,소매,G221,기타 상품 소매,G22199,그 외 기타 상품 전문 소매업,G47859,그 외 기타 분류 안된 상품 전문 소매업,26,부산광역시,26350,해운대구,26350520,우2동,2635010500,우동,2635010500114830000,1,대지,1483,,부산광역시 해운대구 우동 1483,263503133015,부산광역시 해운대구 센텀5로,55,,2635010500114830000000001,,부산광역시 해운대구 센텀5로 55,612022,48059,,,,129.131592225704,35.172961132372
MA0106202204A0121306,오마이청수제청,,G2,소매,G221,기타 상품 소매,G22199,그 외 기타 상품 전문 소매업,G47859,그 외 기타 분류 안된 상품 전문 소매업,48,경상남도,48330,양산시,48330253,물금읍,4833025324,물금읍,4833025324127130001,1,대지,2713,1,경상남도 양산시 물금읍 범어리 2713-1,483303338057,경상남도 양산시 물금읍 신주로,73,,4833025324114050000010470,신창비바패밀리아파트,경상남도 양산시 물금읍 신주로 73,626797,50606,,,,129.018748519603,35.3311558538489
MA0106202203A0733296,세이드원,,G2,소매,G221,기타 상품 소매,G22199,그 외 기타 상품 전문 소매업,G47859,그 외 기타 분류 안된 상품 전문 소매업,41,경기도,41590,화성시,41590590,동탄5동,4159013100,영천동,4159013100108230006,1,대지,823,6,경기도 화성시 영천동 823-6,415903350556,경기도 화성시 동탄첨단산업1로,27,,4159013100102810000000001,,경기도 화성시 동탄첨단산업1로 27,445130,18469,,,,127.089472108373,37.2110233750325
MA0106202204A0986787,만물창고,,G2,소매,G221,기타 상품 소매,G22199,그 외 기타 상품 전문 소매업,G47859,그 외 기타 분류 안된 상품 전문 소매업,44,충청남도,44210,서산시,44210535,동문2동,4421010200,동문동,4421010200109000000,1,대지,900,,충청남도 서산시 동문동 900,442103254092,충청남도 서산시 시장1로,6,,4421010200109000000033965,,충청남도 서산시 시장1로 6,356803,31981,,,,126.455063969437,36.7820019111679
MA0106202204A0458895,대명식품,,G2,소매,G221,기타 상품 소매,G22199,그 외 기타 상품 전문 소매업,G47859,그 외 기타 분류 안된 상품 전문 소매업,52,전북특별자치도,52111,전주시 완산구,52111703,삼천3동,5211113900,삼천동3가,5211113900105780006,1,대지,578,6,전북특별자치도 전주시 완산구 삼천동3가 578-6,521114598416,전북특별자치도 전주시 완산구 호동길,49,,4511113900105780006033488,,전북특별자치도 전주시 완산구 호동길 49,560293,55075,,,,127.081967667534,35.7905608634465
MA0106202203A0638628,캠프랩,,G2,소매,G221,기타 상품 소매,G22199,그 외 기타 상품 전문 소매업,G47859,그 외 기타 분류 안된 상품 전문 소매업,41,경기도,41820,가평군,41820325,청평면,4182032526,청평면,4182032526105780019,1,대지,578,19,경기도 가평군 청평면 고성리 578-19,418203216049,경기도 가평군 청평면 호반로,1025,26,4182032526105780019000001,,경기도 가평군 청평면 호반로 1025-26,477811,12456,,,,127.487476066166,37.7124446293434
MA0106202202A0662476,부산새집증후군포름퓨어쉘,,G2,소매,G221,기타 상품 소매,G22199,그 외 기타 상품 전문 소매업,G47859,그 외 기타 분류 안된 상품 전문 소매업,48,경상남도,48250,김해시,48250620,장유2동,4825012900,대청동,4825012900103140004,1,대지,314,4,경상남도 김해시 대청동 314-4,482504805359,경상남도 김해시 번화1로44번길,32,,4825031027103140004092046,,경상남도 김해시 번화1로44번길 32,621280,51004,,,,128.804079531245,35.191846994243
MA0106202205A0615030,공의산업,,G2,소매,G221,기타 상품 소매,G22199,그 외 기타 상품 전문 소매업,G47859,그 외 기타 분류 안된 상품 전문 소매업,43,충청북도,43770,음성군,43770340,대소면,4377034021,대소면,4377034021101320000,1,대지,132,,충청북도 음성군 대소면 오산리 132,437704541399,충청북도 음성군 대소면 오태로99번길,27,4,4377034021101320000000001,,충청북도 음성군 대소면 오태로99번길 27-4,369824,27667,,,,127.48755099815,36.9698583100968
MA0106202203A1834797,얼음골휴게소,,G2,소매,G221,기타 상품 소매,G22199,그 외 기타 상품 전문 소매업,G47859,그 외 기타 분류 안된 상품 전문 소매업,48,경상남도,48270,밀양시,48270340,산내면,4827034027,산내면,4827034027101970002,1,대지,197,2,경상남도 밀양시 산내면 삼양리 197-2,482703336047,경상남도 밀양시 산내면 얼음골로,195,,4827034027101970002001901,,경상남도 밀양시 산내면 얼음골로 195,627832,50415,,,,128.984242498032,35.5805132883269
MA0106202201A2317242,청년탕수육,,G2,소매,G221,기타 상품 소매,G22199,그 외 기타 상품 전문 소매업,G47859,그 외 기타 분류 안된 상품 전문 소매업,30,대전광역시,30140,중구,30140640,부사동,3014011100,부사동,3014011100103080000,1,대지,308,,대전광역시 중구 부사동 308,301404295375,대전광역시 중구 보문로75번길,47,,,,대전광역시 중구 보문로75번길 47,301815,35047,,,,127.433459621342,36.3118110865993
MA0106202201A1467883,샾아이스크림,수택점,G2,소매,G221,기타 상품 소매,G22199,그 외 기타 상품 전문 소매업,G47859,그 외 기타 분류 안된 상품 전문 소매업,41,경기도,41310,구리시,41310570,수택1동,4131010500,수택동,4131010500105540011,1,대지,554,11,경기도 구리시 수택동 554-11,413104388039,경기도 구리시 경춘로276번길,39,,4131010500105540011003224,,경기도 구리시 경춘로276번길 39,471824,11930,,,,127.146807769313,37.6012338583695
MA0106202201A1899547,새미래식품,,G2,소매,G221,기타 상품 소매,G22199,그 외 기타 상품 전문 소매업,G47859,그 외 기타 분류 안된 상품 전문 소매업,26,부산광역시,26410,금정구,26410670,남산동,2641010400,남산동,2641010400100180034,1,대지,18,34,부산광역시 금정구 남산동 18-34,264104205445,부산광역시 금정구 팔송로23번길,16,,,,부산광역시 금정구 팔송로23번길 16,609813,46219,,,,129.089788011921,35.271419376077
MA0106202201A1466180,제일슈퍼마켙,,G2,소매,G221,기타 상품 소매,G22199,그 외 기타 상품 전문 소매업,G47859,그 외 기타 분류 안된 상품 전문 소매업,47,경상북도,47130,경주시,47130253,안강읍,4713025330,안강읍,4713025330106250013,1,대지,625,13,경상북도 경주시 안강읍 하곡리 625-13,471303018037,경상북도 경주시 안강읍 호국로,2062,,4713025330106250013102474,,경상북도 경주시 안강읍 호국로 2062,780802,38028,,,,129.140360990159,35.9802393989165
MA0106202201A2278186,델몬트중앙,대리점,G2,소매,G221,기타 상품 소매,G22199,그 외 기타 상품 전문 소매업,G47859,그 외 기타 분류 안된 상품 전문 소매업,27,대구광역시,27140,동구,27140720,안심1동,2714011800,율하동,2714011800114610000,1,대지,1461,,대구광역시 동구 율하동 1461,271404226236,대구광역시 동구 안심로16길,45,,,,대구광역시 동구 안심로16길 45,701786,41098,,,,128.69510644836,35.8645721367017
MA0106202201A1929720,바이오닉,,G2,소매,G221,기타 상품 소매,G22199,그 외 기타 상품 전문 소매업,G47859,그 외 기타 분류 안된 상품 전문 소매업,41,경기도,41115,수원시 팔달구,41115730,인계동,4111514100,인계동,4111514100109450000,1,대지,945,,경기도 수원시 팔달구 인계동 945,411152012008,경기도 수원시 팔달구 경수대로,534,,,,경기도 수원시 팔달구 경수대로 534,442832,16484,,,,127.029935031587,37.2733066141673
MA0106202201A2149547,푸드원,,G2,소매,G221,기타 상품 소매,G22199,그 외 기타 상품 전문 소매업,G47859,그 외 기타 분류 안된 상품 전문 소매업,41,경기도,41271,안산시 상록구,41271515,이동,4127110200,이동,4127110200105270012,1,대지,527,12,경기도 안산시 상록구 이동 527-12,412714370092,경기도 안산시 상록구 도매시장로1길,10,,,,경기도 안산시 상록구 도매시장로1길 10,426856,15508,,,,126.858091966492,37.3100597471586
MA0106202201A0968268,산수음료,,G2,소매,G221,기타 상품 소매,G22199,그 외 기타 상품 전문 소매업,G47859,그 외 기타 분류 안된 상품 전문 소매업,30,대전광역시,30110,동구,30110695,삼성동,3011011800,삼성동,3011011800103020127,1,대지,302,127,대전광역시 동구 삼성동 302-127,301103010013,대전광역시 동구 옛신탄진로,10,10,3011011800103020127012292,,대전광역시 동구 옛신탄진로 10-10,300815,34568,,,,127.426641574618,36.3418087595348
MA0106202201A0756673,키토빵앗간,,G2,소매,G221,기타 상품 소매,G22199,그 외 기타 상품 전문 소매업,G47859,그 외 기타 분류 안된 상품 전문 소매업,28,인천광역시,28177,미추홀구,28177550,용현2동,2817710200,용현동,2817710200105650065,1,대지,565,65,인천광역시 미추홀구 용현동 565-65,281774253130,인천광역시 미추홀구 낙섬중로91번길,22,14,2817010200105650065208208,,인천광역시 미추홀구 낙섬중로91번길 22-14,402833,22175,,,,126.639928185258,37.456562301514
MA0106202201A2035593,안동국밥,,G2,소매,G221,기타 상품 소매,G22199,그 외 기타 상품 전문 소매업,G47859,그 외 기타 분류 안된 상품 전문 소매업,11,서울특별시,11560,영등포구,11560700,대림1동,1156013300,대림동,1156013300109000026,1,대지,900,26,서울특별시 영등포구 대림동 900-26,115604154146,서울특별시 영등포구 대림로22길,44,1,,,서울특별시 영등포구 대림로22길 44-1,150820,07428,,,,126.905123021201,37.4958882400464
MA0106202201A2361688,프렌즈에듀,,G2,소매,G221,기타 상품 소매,G22199,그 외 기타 상품 전문 소매업,G47859,그 외 기타 분류 안된 상품 전문 소매업,50,제주특별자치도,50110,제주시,50110630,아라동,5011011700,아라일동,5011011700161600000,1,대지,6160,,제주특별자치도 제주시 아라일동 6160,501104848608,제주특별자치도 제주시 인다2길,77,,,,제주특별자치도 제주시 인다2길 77,690121,63248,,,,126.550518368428,33.4711407600477
MA0106202201A0811112,보보스사우나매점세신,,G2,소매,G221,기타 상품 소매,G22199,그 외 기타 상품 전문 소매업,G47859,그 외 기타 분류 안된 상품 전문 소매업,29,광주광역시,29200,광산구,29200700,신창동,2920011800,신창동,2920011800112220004,1,대지,1222,4,광주광역시 광산구 신창동 1222-4,292004289396,광주광역시 광산구 신창로72번길,10,29,2920011800112220004045561,,광주광역시 광산구 신창로72번길 10-29,506841,62252,,,,126.838726558904,35.1913985811532
MA0106202201A1616252,알에스,,G2,소매,G221,기타 상품 소매,G22199,그 외 기타 상품 전문 소매업,G47859,그 외 기타 분류 안된 상품 전문 소매업,43,충청북도,43130,충주시,43130571,문화동,4313012700,문화동,4313012700100540001,1,대지,54,1,충청북도 충주시 문화동 54-1,431302246001,충청북도 충주시 중원대로,3497,1,4313012700100540001028846,,충청북도 충주시 중원대로 3497-1,380955,27418,,,,127.915707101322,36.9696258274828
MA0106202201A2053638,올림복권,,G2,소매,G221,기타 상품 소매,G22199,그 외 기타 상품 전문 소매업,G47859,그 외 기타 분류 안된 상품 전문 소매업,48,경상남도,48170,진주시,48170320,정촌면,4817032025,정촌면,4817032025112860000,1,대지,1286,,경상남도 진주시 정촌면 예하리 1286,481703350113,경상남도 진주시 정촌면 삼일로106번길,8,,,,경상남도 진주시 정촌면 삼일로106번길 8,660822,52845,,,,128.099314610393,35.1288059932954
MA0106202201A1721066,부전유통,,G2,소매,G221,기타 상품 소매,G22199,그 외 기타 상품 전문 소매업,G47859,그 외 기타 분류 안된 상품 전문 소매업,26,부산광역시,26230,부산진구,26230510,부전1동,2623010300,부전동,2623010300103410028,1,대지,341,28,부산광역시 부산진구 부전동 341-28,262304187695,부산광역시 부산진구 중앙대로775번길,23,,2623010300103410028007609,,부산광역시 부산진구 중앙대로775번길 23,614843,47251,,,,129.061137503049,35.1622766496696
MA0106202201A2067295,씽어벌룬,,G2,소매,G221,기타 상품 소매,G22199,그 외 기타 상품 전문 소매업,G47859,그 외 기타 분류 안된 상품 전문 소매업,47,경상북도,47113,포항시 북구,47113700,장량동,4711312100,장성동,4711312100114070018,1,대지,1407,18,경상북도 포항시 북구 장성동 1407-18,471134712548,경상북도 포항시 북구 장량로113번길,29,,,,경상북도 포항시 북구 장량로113번길 29,791851,37587,,,,129.392617829898,36.0845812956145
MA0106202201A0932611,양림마카롱,,G2,소매,G221,기타 상품 소매,G22199,그 외 기타 상품 전문 소매업,G47859,그 외 기타 분류 안된 상품 전문 소매업,29,광주광역시,29155,남구,29155510,양림동,2915511300,양림동,2915511300102020033,1,대지,202,33,광주광역시 남구 양림동 202-33,291554283630,광주광역시 남구 천변좌로418번길,18,1,2915511300102020033003392,,광주광역시 남구 천변좌로418번길 18-1,503821,61640,,,,126.915528611943,35.1408742426555
MA0106202201A1121007,하이리코스메틱,,G2,소매,G221,기타 상품 소매,G22199,그 외 기타 상품 전문 소매업,G47859,그 외 기타 분류 안된 상품 전문 소매업,48,경상남도,48170,진주시,48170565,중앙동,4817010600,동성동,4817010600100130009,1,대지,13,9,경상남도 진주시 동성동 13-9,481703332011,경상남도 진주시 남강로,663,,4817010600100130009207187,,경상남도 진주시 남강로 663,660150,52691,,,,128.08412700569,35.1913671832125
MA0106202201A0925646,아트인사이트,,G2,소매,G221,기타 상품 소매,G22199,그 외 기타 상품 전문 소매업,G47859,그 외 기타 분류 안된 상품 전문 소매업,11,서울특별시,11560,영등포구,11560550,당산1동,1156011100,당산동1가,1156011100100530002,1,대지,53,2,서울특별시 영등포구 당산동1가 53-2,115603118022,서울특별시 영등포구 영등포로,155,,1156011100100530002030658,,서울특별시 영등포구 영등포로 155,150800,07266,,,,126.89876757999,37.5211291098924
MA0106202201A1405873,북면막걸리,,G2,소매,G221,기타 상품 소매,G22199,그 외 기타 상품 전문 소매업,G47859,그 외 기타 분류 안된 상품 전문 소매업,48,경상남도,48250,김해시,48250250,진영읍,4825025027,진영읍,4825025027107010065,1,대지,701,65,경상남도 김해시 진영읍 여래리 701-65,482503335059,경상남도 김해시 진영읍 진영로,176,,4825025027107010065042384,,경상남도 김해시 진영읍 진영로 176,621806,50867,,,,128.732237880064,35.3028616044184
MA0106202201A2328293,1986해장국,,G2,소매,G221,기타 상품 소매,G22199,그 외 기타 상품 전문 소매업,G47859,그 외 기타 분류 안된 상품 전문 소매업,28,인천광역시,28237,부평구,28237540,부평4동,2823710100,부평동,2823710100103770019,1,대지,377,19,인천광역시 부평구 부평동 377-19,282373154050,인천광역시 부평구 장제로,167,,,,인천광역시 부평구 장제로 167,403826,21360,,,,126.730211530564,37.500591822406
MA0106202201A1325681,탑바다낚시마트,,G2,소매,G221,기타 상품 소매,G22199,그 외 기타 상품 전문 소매업,G47859,그 외 기타 분류 안된 상품 전문 소매업,44,충청남도,44825,태안군,44825330,근흥면,4482533027,근흥면,4482533027112690000,1,대지,1269,,충청남도 태안군 근흥면 정죽리 1269,448254592196,충청남도 태안군 근흥면 안흥1길,53,,4482533027112690000002536,,충청남도 태안군 근흥면 안흥1길 53,357942,32131,,,,126.153232998032,36.6796109829338
MA0106202201A1739149,바이오넷,,G2,소매,G221,기타 상품 소매,G22199,그 외 기타 상품 전문 소매업,G47859,그 외 기타 분류 안된 상품 전문 소매업,26,부산광역시,26320,북구,26320550,덕천1동,2632010400,덕천동,2632010400103860010,1,대지,386,10,부산광역시 북구 덕천동 386-10,263202006007,부산광역시 북구 만덕대로,72,,2632010400103860010013141,,부산광역시 북구 만덕대로 72,616821,46567,,,,129.012788857394,35.2117258995991
MA0106202201A1019784,반찬이야기,,G2,소매,G221,기타 상품 소매,G22199,그 외 기타 상품 전문 소매업,G47859,그 외 기타 분류 안된 상품 전문 소매업,26,부산광역시,26710,기장군,26710250,기장읍,2671025022,기장읍,2671025022103310005,1,대지,331,5,부산광역시 기장군 기장읍 교리 331-5,267104220320,부산광역시 기장군 기장읍 차성로390번길,3,,2671025022103310005014597,,부산광역시 기장군 기장읍 차성로390번길 3,619901,46056,,,,129.21448258575,35.252493563122
MA0106202201A1213191,전자담배라미야김제점,코리아,G2,소매,G221,기타 상품 소매,G22199,그 외 기타 상품 전문 소매업,G47859,그 외 기타 분류 안된 상품 전문 소매업,52,전북특별자치도,52210,김제시,52210510,요촌동,5221010100,요촌동,5221010100100680001,1,대지,68,1,전북특별자치도 김제시 요촌동 68-1,522103272085,전북특별자치도 김제시 동서로,232,,4521010100100680001054762,,전북특별자치도 김제시 동서로 232,576805,54394,,,,126.892972556732,35.802455878267
MA0106202201A1795607,대성푸드,,G2,소매,G221,기타 상품 소매,G22199,그 외 기타 상품 전문 소매업,G47859,그 외 기타 분류 안된 상품 전문 소매업,31,울산광역시,31140,남구,31140570,삼산동,3114010600,삼산동,3114010600116290016,1,대지,1629,16,울산광역시 남구 삼산동 1629-16,311404310426,울산광역시 남구 삼산로352번길,14,1,,,울산광역시 남구 삼산로352번길 14-1,680815,44715,,,,129.345236862763,35.5384087705723
MA0106202201A1615991,깍둑소,,G2,소매,G221,기타 상품 소매,G22199,그 외 기타 상품 전문 소매업,G47859,그 외 기타 분류 안된 상품 전문 소매업,26,부산광역시,26290,남구,26290690,문현2동,2629010900,문현동,2629010900107620034,1,대지,762,34,부산광역시 남구 문현동 762-34,262903131011,부산광역시 남구 문현금융로,7,2,2629010900107620034018340,,부산광역시 남구 문현금융로 7-2,608827,48401,,,,129.06487548542,35.1434507807624
MA0106202201A2124458,카페어몽,,G2,소매,G221,기타 상품 소매,G22199,그 외 기타 상품 전문 소매업,G47859,그 외 기타 분류 안된 상품 전문 소매업,51,강원특별자치도,51150,강릉시,51150520,중앙동,5115010200,남문동,5115010200101710008,1,대지,171,8,강원특별자치도 강릉시 남문동 171-8,511504461043,강원특별자치도 강릉시 홍제로12번길,11,1,,,강원특별자치도 강릉시 홍제로12번길 11-1,210020,25535,,,,128.888048402356,37.7499701069959
MA0106202201A1012375,24시간할인점,,G2,소매,G221,기타 상품 소매,G22199,그 외 기타 상품 전문 소매업,G47859,그 외 기타 분류 안된 상품 전문 소매업,31,울산광역시,31710,울주군,31710340,웅촌면,3171034029,웅촌면,3171034029103230001,1,대지,323,1,울산광역시 울주군 웅촌면 대복리 323-1,317103000110,울산광역시 울주군 웅촌면 삼동로,1621,,3171034029103230001021572,,울산광역시 울주군 웅촌면 삼동로 1621,689873,44962,,,,129.213109717587,35.4893560070444
MA0106202201A1223790,정아농수산유통,,G2,소매,G221,기타 상품 소매,G22199,그 외 기타 상품 전문 소매업,G47859,그 외 기타 분류 안된 상품 전문 소매업,46,전라남도,46110,목포시,46110510,용당1동,4611010100,용당동,4611010100110830015,1,대지,1083,15,전라남도 목포시 용당동 1083-15,461104643518,전라남도 목포시 영산로307번길,21,3,4611010100110830015000001,,전라남도 목포시 영산로307번길 21-3,530836,58651,,,,126.399181880817,34.8076198699257
MA0106202201A2016034,봄봄애케이크,,G2,소매,G221,기타 상품 소매,G22199,그 외 기타 상품 전문 소매업,G47859,그 외 기타 분류 안된 상품 전문 소매업,28,인천광역시,28200,남동구,28200530,간석1동,2820010200,간석동,2820010200105080130,1,대지,508,130,인천광역시 남동구 간석동 508-130,282004259095,인천광역시 남동구 구월로8번길,107,,,,인천광역시 남동구 구월로8번길 107,405809,21553,,,,126.697130241319,37.4563713493514
MA0106202201A1404622,베이프썬,,G2,소매,G221,기타 상품 소매,G22199,그 외 기타 상품 전문 소매업,G47859,그 외 기타 분류 안된 상품 전문 소매업,26,부산광역시,26110,중구,26110530,대청동,2611011900,대청동4가,2611011900100850001,1,대지,85,1,부산광역시 중구 대청동4가 85-1,261103125006,부산광역시 중구 중구로,90,,2611011900100850001008453,,부산광역시 중구 중구로 90,600800,48933,,,,129.03066100667,35.1047561310438
MA0106202201A1838336,커피드립,,G2,소매,G221,기타 상품 소매,G22199,그 외 기타 상품 전문 소매업,G47859,그 외 기타 분류 안된 상품 전문 소매업,48,경상남도,48250,김해시,48250330,진례면,4825033023,진례면,4825033023103630006,1,대지,363,6,경상남도 김해시 진례면 송정리 363-6,482503335058,경상남도 김해시 진례면 진례로,267,,4825033023103630006092744,,경상남도 김해시 진례면 진례로 267,621883,50874,,,,128.747697696848,35.2513607587489
MA0106202201A1092983,통앤동,,G2,소매,G221,기타 상품 소매,G22199,그 외 기타 상품 전문 소매업,G47859,그 외 기타 분류 안된 상품 전문 소매업,11,서울특별시,11380,은평구,11380551,갈현1동,1138010400,갈현동,1138010400104320019,1,대지,432,19,서울특별시 은평구 갈현동 432-19,113804133160,서울특별시 은평구 연서로29길,38,,1138010400104320019033901,,서울특별시 은평구 연서로29길 38,122811,03330,,,,126.916462391964,37.6201352793176
MA0106202201A1934839,씨에스소매,,G2,소매,G221,기타 상품 소매,G22199,그 외 기타 상품 전문 소매업,G47859,그 외 기타 분류 안된 상품 전문 소매업,50,제주특별자치도,50130,서귀포시,50130610,중문동,5013011400,대포동,5013011400120500001,1,대지,2050,1,제주특별자치도 서귀포시 대포동 2050-1,501303350045,제주특별자치도 서귀포시 대포복개로,34,,5013011400120500001013499,,제주특별자치도 서귀포시 대포복개로 34,697857,63544,,,,126.435021608963,33.2416326987427
MA0106202201A1910795,토토이즈,,G2,소매,G221,기타 상품 소매,G22199,그 외 기타 상품 전문 소매업,G47859,그 외 기타 분류 안된 상품 전문 소매업,41,경기도,41570,김포시,41570540,사우동,4157010600,사우동,4157010600114200000,1,대지,1420,,경기도 김포시 사우동 1420,415703209019,경기도 김포시 금파로,171,15,,,경기도 김포시 금파로 171-15,415803,10095,,,,126.726916103905,37.6258584284241
MA0106202201A1965046,장수식품,,G2,소매,G221,기타 상품 소매,G22199,그 외 기타 상품 전문 소매업,G47859,그 외 기타 분류 안된 상품 전문 소매업,11,서울특별시,11470,양천구,11470560,신월1동,1147010300,신월동,1147010300101160020,1,대지,116,20,서울특별시 양천구 신월동 116-20,114704142015,서울특별시 양천구 곰달래로13길,10,,,,서울특별시 양천구 곰달래로13길 10,158827,07923,,,,126.837242432569,37.5308091847385
MA0106202201A0747988,그린테크,,G2,소매,G221,기타 상품 소매,G22199,그 외 기타 상품 전문 소매업,G47859,그 외 기타 분류 안된 상품 전문 소매업,41,경기도,41287,고양시 일산서구,41287610,가좌동,4128710700,구산동,4128710700113780000,1,대지,1378,,경기도 고양시 일산서구 구산동 1378,412874382063,경기도 고양시 일산서구 법곳길,612,,4128710700113780000000262,,경기도 고양시 일산서구 법곳길 612,411801,10200,,,,126.684790114269,37.6895517024613
MA0106202201A0824067,한백식품,,G2,소매,G221,기타 상품 소매,G22199,그 외 기타 상품 전문 소매업,G47859,그 외 기타 분류 안된 상품 전문 소매업,44,충청남도,44200,아산시,44200620,온양6동,4420011100,풍기동,4420011100103000001,1,대지,300,1,충청남도 아산시 풍기동 300-1,442004559084,충청남도 아산시 남부로350번길,18,6,4420011100103000001035016,,충청남도 아산시 남부로350번길 18-6,336060,31580,,,,127.020508914579,36.7706957574444
MA0106202201A1550563,어썸마켓동,부산점,G2,소매,G221,기타 상품 소매,G22199,그 외 기타 상품 전문 소매업,G47859,그 외 기타 분류 안된 상품 전문 소매업,26,부산광역시,26410,금정구,26410665,청룡노포동,2641010200,노포동,2641010200102900004,1,대지,290,4,부산광역시 금정구 노포동 290-4,264102000010,부산광역시 금정구 중앙대로,2335,,2641010200102900000000002,,부산광역시 금정구 중앙대로 2335,609360,46202,,,,129.098732203441,35.2922700276512
MA0106202201A1385795,춘파티,,G2,소매,G221,기타 상품 소매,G22199,그 외 기타 상품 전문 소매업,G47859,그 외 기타 분류 안된 상품 전문 소매업,51,강원특별자치도,51110,춘천시,51110570,근화동,5111011300,소양로1가,5111011300100920026,1,대지,92,26,강원특별자치도 춘천시 소양로1가 92-26,511104454275,강원특별자치도 춘천시 번개시장길,32,,4211011300100920026007913,,강원특별자치도 춘천시 번개시장길 32,200930,24249,,,,127.727064240369,37.8917773264457
MA0106202201A1492938,쉐비,,G2,소매,G221,기타 상품 소매,G22199,그 외 기타 상품 전문 소매업,G47859,그 외 기타 분류 안된 상품 전문 소매업,41,경기도,41135,성남시 분당구,41135620,야탑1동,4113510700,야탑동,4113510700104030000,1,대지,403,,경기도 성남시 분당구 야탑동 403,411353180050,경기도 성남시 분당구 탄천로,257,,4113510700104030000055227,,경기도 성남시 분당구 탄천로 257,463839,13447,,,,127.118778835352,37.4147664959332
MA0106202201A1938351,해피아울렛,,G2,소매,G221,기타 상품 소매,G22199,그 외 기타 상품 전문 소매업,G47859,그 외 기타 분류 안된 상품 전문 소매업,52,전북특별자치도,52140,익산시,52140520,중앙동,5214010300,중앙동1가,5214010300100570000,1,대지,57,,전북특별자치도 익산시 중앙동1가 57,521404608215,전북특별자치도 익산시 중앙로3길,11,,,,전북특별자치도 익산시 중앙로3길 11,570121,54593,,,,126.949452404682,35.9401322534124
MA0106202201A1193817,1번지마트,,G2,소매,G221,기타 상품 소매,G22199,그 외 기타 상품 전문 소매업,G47859,그 외 기타 분류 안된 상품 전문 소매업,46,전라남도,46720,곡성군,46720250,곡성읍,4672025021,곡성읍,4672025021103680000,1,대지,368,,전라남도 곡성군 곡성읍 읍내리 368,467203287033,전라남도 곡성군 곡성읍 중앙로,127,,4672025021103680000000080,,전라남도 곡성군 곡성읍 중앙로 127,516804,57535,,,,127.29626047104,35.282008099844
MA0106202201A1122132,송이골,,G2,소매,G221,기타 상품 소매,G22199,그 외 기타 상품 전문 소매업,G47859,그 외 기타 분류 안된 상품 전문 소매업,47,경상북도,47760,영양군,47760310,입암면,4776031042,입암면,4776031042101670002,1,대지,167,2,경상북도 영양군 입암면 산해리 167-2,477604751357,경상북도 영양군 입암면 후평길,18,1,4776031042101670000018347,,경상북도 영양군 입암면 후평길 18-1,764821,36549,,,,129.079667847369,36.5903368028907
MA0106202201A1359769,웰빙식품,,G2,소매,G221,기타 상품 소매,G22199,그 외 기타 상품 전문 소매업,G47859,그 외 기타 분류 안된 상품 전문 소매업,43,충청북도,43740,영동군,43740250,영동읍,4374025021,영동읍,4374025021101940012,1,대지,194,12,충청북도 영동군 영동읍 계산리 194-12,437403243065,충청북도 영동군 영동읍 중앙로,53,,4374025021101940012009445,,충청북도 영동군 영동읍 중앙로 53,370803,29139,,,,127.779037629051,36.17618046019
MA0106202201A0961756,비엠케이BATHMASTERKITCHEN,,G2,소매,G221,기타 상품 소매,G22199,그 외 기타 상품 전문 소매업,G47859,그 외 기타 분류 안된 상품 전문 소매업,11,서울특별시,11740,강동구,11740685,길동,1174010500,길동,1174010500104040014,1,대지,404,14,서울특별시 강동구 길동 404-14,117404172391,서울특별시 강동구 천호대로187길,38,,1174010500104040014003133,,서울특별시 강동구 천호대로187길 38,134880,05350,,,,127.142866684375,37.5359165638562
MA0106202201A0770762,네이처사이언스,,G2,소매,G221,기타 상품 소매,G22199,그 외 기타 상품 전문 소매업,G47859,그 외 기타 분류 안된 상품 전문 소매업,11,서울특별시,11260,중랑구,11260540,면목4동,1126010100,면목동,1126010100103980026,1,대지,398,26,서울특별시 중랑구 면목동 398-26,112603005027,서울특별시 중랑구 면목로,207,,1126010100103980026025240,,서울특별시 중랑구 면목로 207,131829,02246,,,,127.083336269173,37.5716530846625
MA0106202201A2355942,오늘하루,,G2,소매,G221,기타 상품 소매,G22199,그 외 기타 상품 전문 소매업,G47859,그 외 기타 분류 안된 상품 전문 소매업,41,경기도,41590,화성시,41590262,남양읍,4159026221,남양읍,4159026221120160010,1,대지,2016,10,경기도 화성시 남양읍 남양리 2016-10,415904430955,경기도 화성시 남양읍 역골로49번길,32,15,,,경기도 화성시 남양읍 역골로49번길 32-15,445851,18271,,,,126.825411302321,37.2031344235865
MA0106202201A0967503,가람스파클,,G2,소매,G221,기타 상품 소매,G22199,그 외 기타 상품 전문 소매업,G47859,그 외 기타 분류 안된 상품 전문 소매업,30,대전광역시,30170,서구,30170560,괴정동,3017010800,괴정동,3017010800100480001,1,대지,48,1,대전광역시 서구 괴정동 48-1,301703166017,대전광역시 서구 도솔로,368,,3017010800100480001007327,,대전광역시 서구 도솔로 368,302814,35298,,,,127.387053702611,36.3396725675771
MA0106202201A1394389,레알청아간장게장,,G2,소매,G221,기타 상품 소매,G22199,그 외 기타 상품 전문 소매업,G47859,그 외 기타 분류 안된 상품 전문 소매업,41,경기도,41450,하남시,41450630,미사3동,4145011000,풍산동,4145011000104900002,1,대지,490,2,경기도 하남시 풍산동 490-2,414503202057,경기도 하남시 미사강변서로,16,,4145011000104900002000001,,경기도 하남시 미사강변서로 16,465170,12918,,,,127.184497468667,37.551806530237
MA0106202201A1310898,양세마리,,G2,소매,G221,기타 상품 소매,G22199,그 외 기타 상품 전문 소매업,G47859,그 외 기타 분류 안된 상품 전문 소매업,30,대전광역시,30230,대덕구,30230546,중리동,3023010900,중리동,3023010900101370001,1,대지,137,1,대전광역시 대덕구 중리동 137-1,302303168028,대전광역시 대덕구 중리동로,84,,3023010900101370001010659,,대전광역시 대덕구 중리동로 84,306825,34389,,,,127.428369751397,36.3665037238006
MA0106202201A1281555,경복궁면세점(인천공항제1여객터미널출국장점,,G2,소매,G221,기타 상품 소매,G22199,그 외 기타 상품 전문 소매업,G47859,그 외 기타 분류 안된 상품 전문 소매업,28,인천광역시,28110,중구,28110628,운서동,2811014700,운서동,2811014700128400000,1,대지,2840,,인천광역시 중구 운서동 2840,281103149003,인천광역시 중구 공항로,272,,2811014700100350001228681,,인천광역시 중구 공항로 272,400340,22382,,,,126.427702260177,37.4583470325375
MA0106202201A1361068,희녹라이프,,G2,소매,G221,기타 상품 소매,G22199,그 외 기타 상품 전문 소매업,G47859,그 외 기타 분류 안된 상품 전문 소매업,11,서울특별시,11200,성동구,11200690,성수2가3동,1120011500,성수동2가,1120011500102730052,1,대지,273,52,서울특별시 성동구 성수동2가 273-52,112003000002,서울특별시 성동구 아차산로,126,,1120011500102730017004628,,서울특별시 성동구 아차산로 126,133831,04783,,,,127.058059982356,37.5435030491516
MA0106202201A0673061,춘천배터리할인마트,,G2,소매,G221,기타 상품 소매,G22199,그 외 기타 상품 전문 소매업,G47859,그 외 기타 분류 안된 상품 전문 소매업,51,강원특별자치도,51110,춘천시,51110610,후평2동,5111012000,후평동,5111012000108380004,1,대지,838,4,강원특별자치도 춘천시 후평동 838-4,511103218049,강원특별자치도 춘천시 후석로,271,,4211012000108380004030649,,강원특별자치도 춘천시 후석로 271,200961,24283,,,,127.752331643519,37.8756901377551
MA0106202201A2193790,와우불교사,,G2,소매,G221,기타 상품 소매,G22199,그 외 기타 상품 전문 소매업,G47859,그 외 기타 분류 안된 상품 전문 소매업,41,경기도,41461,용인시 처인구,41461510,중앙동,4146110100,김량장동,4146110100100040002,1,대지,4,2,경기도 용인시 처인구 김량장동 4-2,414614409335,경기도 용인시 처인구 백옥대로1068번길,12,,,,경기도 용인시 처인구 백옥대로1068번길 12,449709,17063,,,,127.211755829105,37.2293033185446
MA0106202201A0873756,미스터투브런치챱챱,,G2,소매,G221,기타 상품 소매,G22199,그 외 기타 상품 전문 소매업,G47859,그 외 기타 분류 안된 상품 전문 소매업,43,충청북도,43130,충주시,43130515,성내.충인동,4313010300,성서동,4313010300104020000,1,대지,402,,충청북도 충주시 성서동 402,431304514799,충청북도 충주시 성서2길,11,,4313010300104020000001827,,충청북도 충주시 성서2길 11,380020,27387,,,,127.931862204329,36.9701939376948
MA0106202201A1320866,찐뚸뚸중국식품,,G2,소매,G221,기타 상품 소매,G22199,그 외 기타 상품 전문 소매업,G47859,그 외 기타 분류 안된 상품 전문 소매업,41,경기도,41194,부천시 소사구,41194530,소사본동,4119410100,소사본동,4119410100101320003,1,대지,132,3,경기도 부천시 소사구 소사본동 132-3,411943185023,경기도 부천시 소사구 호현로,479,1,4119710100101320003007625,,경기도 부천시 소사구 호현로 479-1,422807,14755,,,,126.793235176559,37.480644530099
MA0106202201A2171442,담붕테라스,,G2,소매,G221,기타 상품 소매,G22199,그 외 기타 상품 전문 소매업,G47859,그 외 기타 분류 안된 상품 전문 소매업,43,충청북도,43113,청주시 흥덕구,43113770,강서2동,4311313400,송절동,4311313400106910000,1,대지,691,,충청북도 청주시 흥덕구 송절동 691,431134855164,충청북도 청주시 흥덕구 송화로150번길,7,3,,,충청북도 청주시 흥덕구 송화로150번길 7-3,361540,28292,,,,127.450300949888,36.6656041017016
MA0106202201A0804587,베이프로즈,,G2,소매,G221,기타 상품 소매,G22199,그 외 기타 상품 전문 소매업,G47859,그 외 기타 분류 안된 상품 전문 소매업,26,부산광역시,26140,서구,26140560,서대신3동,2614010600,서대신동3가,2614010600105760001,1,대지,576,1,부산광역시 서구 서대신동3가 576-1,261403126005,부산광역시 서구 대신로,20,1,2614010600105760001006832,,부산광역시 서구 대신로 20-1,602825,49210,,,,129.012125160569,35.113094801095
MA0106202201A1976831,퍼스트바이오,,G2,소매,G221,기타 상품 소매,G22199,그 외 기타 상품 전문 소매업,G47859,그 외 기타 분류 안된 상품 전문 소매업,30,대전광역시,30200,유성구,30200610,원신흥동,3020011400,원신흥동,3020011400105080004,1,대지,508,4,대전광역시 유성구 원신흥동 508-4,302004301521,대전광역시 유성구 원신흥로55번길,66,13,,,대전광역시 유성구 원신흥로55번길 66-13,305315,34193,,,,127.344045814778,36.3394796930771
MA0106202201A1994889,녹색코너,,G2,소매,G221,기타 상품 소매,G22199,그 외 기타 상품 전문 소매업,G47859,그 외 기타 분류 안된 상품 전문 소매업,41,경기도,41135,성남시 분당구,41135580,서현1동,4113510500,서현동,4113510500102550001,1,대지,255,1,경기도 성남시 분당구 서현동 255-1,411353180034,경기도 성남시 분당구 서현로,170,,,,경기도 성남시 분당구 서현로 170,463862,13590,,,,127.122532347236,37.3889844665683
MA0106202201A1620455,공대오빠크린서비스화이트크리닉,,G2,소매,G221,기타 상품 소매,G22199,그 외 기타 상품 전문 소매업,G47859,그 외 기타 분류 안된 상품 전문 소매업,28,인천광역시,28200,남동구,28200650,장수서창동,2820010400,장수동,2820010400107720008,1,대지,772,8,인천광역시 남동구 장수동 772-8,282004259687,인천광역시 남동구 장자북로43번길,14,8,2820010400107720008019168,,인천광역시 남동구 장자북로43번길 14-8,405250,21532,,,,126.753834855689,37.4527098117833
MA0106202201A0804047,브루프레소,,G2,소매,G221,기타 상품 소매,G22199,그 외 기타 상품 전문 소매업,G47859,그 외 기타 분류 안된 상품 전문 소매업,11,서울특별시,11140,중구,11140580,장충동,1114013600,묵정동,1114013600100250017,1,대지,25,17,서울특별시 중구 묵정동 25-17,111404103357,서울특별시 중구 퇴계로50길,43,,1114013600100250017016587,,서울특별시 중구 퇴계로50길 43,100380,04618,,,,127.001109178101,37.5607894518627
MA0106202201A2125925,평범한사람,,G2,소매,G221,기타 상품 소매,G22199,그 외 기타 상품 전문 소매업,G47859,그 외 기타 분류 안된 상품 전문 소매업,50,제주특별자치도,50110,제주시,50110640,오라동,5011012000,오라이동,5011012000106690009,1,대지,669,9,제주특별자치도 제주시 오라이동 669-9,501103349125,제주특별자치도 제주시 아연로,195,1,,,제주특별자치도 제주시 아연로 195-1,690162,63147,,,,126.510113926311,33.4688058023816
MA0106202201A1168064,법인고창복분자유통주,,G2,소매,G221,기타 상품 소매,G22199,그 외 기타 상품 전문 소매업,G47859,그 외 기타 분류 안된 상품 전문 소매업,52,전북특별자치도,52790,고창군,52790250,고창읍,5279025021,고창읍,5279025021101820002,1,대지,182,2,전북특별자치도 고창군 고창읍 읍내리 182-2,527903279015,전북특별자치도 고창군 고창읍 동리로,117,,4579025021101820002000001,,전북특별자치도 고창군 고창읍 동리로 117,585807,56441,,,,126.705247189968,35.4329118139654
MA0106202201A2349711,1층3분마트2층향기로운집,을지로점,G2,소매,G221,기타 상품 소매,G22199,그 외 기타 상품 전문 소매업,G47859,그 외 기타 분류 안된 상품 전문 소매업,11,서울특별시,11140,중구,11140605,을지로동,1114015300,방산동,1114015300101120003,1,대지,112,3,서울특별시 중구 방산동 112-3,111404103251,서울특별시 중구 을지로35길,32,26,,,서울특별시 중구 을지로35길 32-26,100812,04546,,,,127.001663928663,37.5680514753037
MA0106202201A0673981,아이스크림할인점,,G2,소매,G221,기타 상품 소매,G22199,그 외 기타 상품 전문 소매업,G47859,그 외 기타 분류 안된 상품 전문 소매업,43,충청북도,43130,충주시,43130630,연수동,4313011800,연수동,4313011800106050000,1,대지,605,,충청북도 충주시 연수동 605,431304515015,충청북도 충주시 연수로1길,10,,4313011800106050000000007,연수아이파크아파트,충청북도 충주시 연수로1길 10,380778,27342,,,,127.935679285038,36.9921225472146
MA0106202201A1449731,구구만불상사,,G2,소매,G221,기타 상품 소매,G22199,그 외 기타 상품 전문 소매업,G47859,그 외 기타 분류 안된 상품 전문 소매업,27,대구광역시,27140,동구,27140685,해안동,2714011400,신평동,2714011400104730002,1,대지,473,2,대구광역시 동구 신평동 473-2,271403142012,대구광역시 동구 둔산로,36,,2714011400104730002000001,,대구광역시 동구 둔산로 36,701140,41130,,,,128.674342604541,35.881092759497
MA0106202201A0818422,고운공방,,G2,소매,G221,기타 상품 소매,G22199,그 외 기타 상품 전문 소매업,G47859,그 외 기타 분류 안된 상품 전문 소매업,43,충청북도,43770,음성군,43770253,금왕읍,4377025321,금왕읍,4377025321100560019,1,대지,56,19,충청북도 음성군 금왕읍 무극리 56-19,437704541209,충청북도 음성군 금왕읍 무극로278번길,16,1,4377025321100560019000001,,충청북도 음성군 금왕읍 무극로278번길 16-1,369904,27634,,,,127.592954825538,36.9915540804073
MA0106202201A0993158,동국팜,,G2,소매,G221,기타 상품 소매,G22199,그 외 기타 상품 전문 소매업,G47859,그 외 기타 분류 안된 상품 전문 소매업,11,서울특별시,11740,강동구,11740525,상일1동,1174010300,상일동,1174010300104380001,1,대지,438,1,서울특별시 강동구 상일동 438-1,117404172404,서울특별시 강동구 천호대로219가길,8,,1174010300104380001020483,,서울특별시 강동구 천호대로219가길 8,134838,05283,,,,127.170871386567,37.5465471894604
MA0106202201A0827983,에이요컴퍼니,,G2,소매,G221,기타 상품 소매,G22199,그 외 기타 상품 전문 소매업,G47859,그 외 기타 분류 안된 상품 전문 소매업,41,경기도,41135,성남시 분당구,41135670,구미동,4113511400,구미동,4113511400101560000,1,대지,156,,경기도 성남시 분당구 구미동 156,411352000005,경기도 성남시 분당구 성남대로,51,,4113511400101560000022152,,경기도 성남시 분당구 성남대로 51,463861,13636,,,,127.108099025936,37.3405053021179
MA0106202201A2146574,두아족N팔덕식당,둔포점,G2,소매,G221,기타 상품 소매,G22199,그 외 기타 상품 전문 소매업,G47859,그 외 기타 분류 안된 상품 전문 소매업,44,충청남도,44200,아산시,44200360,둔포면,4420036032,둔포면,4420036032118080000,1,대지,1808,,충청남도 아산시 둔포면 석곡리 1808,442003253059,충청남도 아산시 둔포면 아산밸리중앙로,50,,,,충청남도 아산시 둔포면 아산밸리중앙로 50,336871,31406,,,,127.052502157776,36.9232160790755
MA0106202201A1566344,플라잉타이거,코리아,G2,소매,G221,기타 상품 소매,G22199,그 외 기타 상품 전문 소매업,G47859,그 외 기타 분류 안된 상품 전문 소매업,11,서울특별시,11140,중구,11140540,회현동,1114011800,남대문로5가,1114011800105810000,1,대지,581,,서울특별시 중구 남대문로5가 581,111403101024,서울특별시 중구 후암로,110,,1114011800105810000021764,,서울특별시 중구 후암로 110,100741,04637,,,,126.974049747078,37.5542994246645
MA0106202201A2199175,정든전통과자,,G2,소매,G221,기타 상품 소매,G22199,그 외 기타 상품 전문 소매업,G47859,그 외 기타 분류 안된 상품 전문 소매업,26,부산광역시,26350,해운대구,26350552,좌2동,2635010700,좌동,2635010700113210000,1,대지,1321,,부산광역시 해운대구 좌동 1321,263503133001,부산광역시 해운대구 대천로,205,,,,부산광역시 해운대구 대천로 205,612765,48110,,,,129.180431223893,35.1705325003163
MA0106202201A2350143,다산서울1지점,,G2,소매,G221,기타 상품 소매,G22199,그 외 기타 상품 전문 소매업,G47859,그 외 기타 분류 안된 상품 전문 소매업,11,서울특별시,11230,동대문구,11230600,답십리1동,1123010500,답십리동,1123010500104650024,1,대지,465,24,서울특별시 동대문구 답십리동 465-24,112302000008,서울특별시 동대문구 천호대로,227,,,,서울특별시 동대문구 천호대로 227,130804,02597,,,,127.04809706468,37.5705464570195
MA0106202201A0765217,무인상점,오금점,G2,소매,G221,기타 상품 소매,G22199,그 외 기타 상품 전문 소매업,G47859,그 외 기타 분류 안된 상품 전문 소매업,11,서울특별시,11710,송파구,11710590,송파2동,1171010400,송파동,1171010400101480006,1,대지,148,6,서울특별시 송파구 송파동 148-6,117104169011,서울특별시 송파구 가락로28길,13,,1171010400101480006011631,,서울특별시 송파구 가락로28길 13,138854,05671,,,,127.117351026005,37.5059142645231
MA0106202201A1275951,과일한옥,,G2,소매,G221,기타 상품 소매,G22199,그 외 기타 상품 전문 소매업,G47859,그 외 기타 분류 안된 상품 전문 소매업,41,경기도,41360,남양주시,41360570,별내동,4136011100,별내동,4136011100111030002,1,대지,1103,2,경기도 남양주시 별내동 1103-2,413604391379,경기도 남양주시 불암로109번길,4,60,4136011100111030002000001,,경기도 남양주시 불암로109번길 4-60,472501,12101,,,,127.11316266664,37.6530596013952
MA0106202201A2253886,골프존파크부흥24,,G2,소매,G221,기타 상품 소매,G22199,그 외 기타 상품 전문 소매업,G47859,그 외 기타 분류 안된 상품 전문 소매업,46,전라남도,46110,목포시,46110758,신흥동,4611015800,상동,4611015800110230017,1,대지,1023,17,전라남도 목포시 상동 1023-17,461102281004,전라남도 목포시 통일대로,25,,,,전라남도 목포시 통일대로 25,530826,58693,,,,126.427604908862,34.7984634809219
MA0106202201A1249715,프랑캔스타,,G2,소매,G221,기타 상품 소매,G22199,그 외 기타 상품 전문 소매업,G47859,그 외 기타 분류 안된 상품 전문 소매업,46,전라남도,46150,순천시,46150320,서면,4615032024,서면,4615032024103120001,1,대지,312,1,전라남도 순천시 서면 비월리 312-1,461504861497,전라남도 순천시 서면 신기비월1길,1,,4615032024103120001000001,,전라남도 순천시 서면 신기비월1길 1,540811,57905,,,,127.45344351821,35.0162352097238
MA0106202201A0922132,탑셀바이오뱅크양주고객센터,,G2,소매,G221,기타 상품 소매,G22199,그 외 기타 상품 전문 소매업,G47859,그 외 기타 분류 안된 상품 전문 소매업,41,경기도,41150,의정부시,41150555,호원2동,4115010200,호원동,4115010200104150003,1,대지,415,3,경기도 의정부시 호원동 415-3,411503215066,경기도 의정부시 평화로,402,,4115010200104150003015335,,경기도 의정부시 평화로 402,480867,11703,,,,127.048380058187,37.7277679131066
MA0106202201A0875019,천마자판기&솜이네솜사탕,,G2,소매,G221,기타 상품 소매,G22199,그 외 기타 상품 전문 소매업,G47859,그 외 기타 분류 안된 상품 전문 소매업,43,충청북도,43770,음성군,43770250,음성읍,4377025021,음성읍,4377025021102500006,1,대지,250,6,충청북도 음성군 음성읍 읍내리 250-6,437704541230,충청북도 음성군 음성읍 문화5길,11,,4377025021102500006007399,,충청북도 음성군 음성읍 문화5길 11,369807,27697,,,,127.693054197535,36.93847951484
MA0106202201A2177871,비노스앤,,G2,소매,G221,기타 상품 소매,G22199,그 외 기타 상품 전문 소매업,G47859,그 외 기타 분류 안된 상품 전문 소매업,41,경기도,41135,성남시 분당구,41135650,판교동,4113510800,판교동,4113510800105620005,1,대지,562,5,경기도 성남시 분당구 판교동 562-5,411354340328,경기도 성남시 분당구 서판교로58번길,4,2,,,경기도 성남시 분당구 서판교로58번길 4-2,463410,13479,,,,127.09825740488,37.3916020729581
MA0106202201A1334006,해피,,G2,소매,G221,기타 상품 소매,G22199,그 외 기타 상품 전문 소매업,G47859,그 외 기타 분류 안된 상품 전문 소매업,27,대구광역시,27140,동구,27140590,효목1동,2714010300,효목동,2714010300109560007,1,대지,956,7,대구광역시 동구 효목동 956-7,271403142028,대구광역시 동구 아양로,200,,2714010300109560008031852,,대구광역시 동구 아양로 200,701841,41167,,,,128.634927424997,35.885609854721
MA0106202201A0872223,장식목재복주상회,,G2,소매,G221,기타 상품 소매,G22199,그 외 기타 상품 전문 소매업,G47859,그 외 기타 분류 안된 상품 전문 소매업,43,충청북도,43130,충주시,43130560,지현동,4313012500,지현동,4313012500109020000,1,대지,902,,충청북도 충주시 지현동 902,431304515302,충청북도 충주시 지곡13길,16,,4313012500109020000027561,,충청북도 충주시 지곡13길 16,380070,27412,,,,127.930841100249,36.9665707003836
MA0106202201A2089768,루키샾,,G2,소매,G221,기타 상품 소매,G22199,그 외 기타 상품 전문 소매업,G47859,그 외 기타 분류 안된 상품 전문 소매업,30,대전광역시,30170,서구,30170555,탄방동,3017010600,탄방동,3017010600105900000,1,대지,590,,대전광역시 서구 탄방동 590,301703166022,대전광역시 서구 둔산중로,19,,,,대전광역시 서구 둔산중로 19,302858,35259,,,,127.386171373118,36.348218567985
MA0106202201A1186496,신앙촌상회월산점,,G2,소매,G221,기타 상품 소매,G22199,그 외 기타 상품 전문 소매업,G47859,그 외 기타 분류 안된 상품 전문 소매업,46,전라남도,46790,화순군,46790250,화순읍,4679025022,화순읍,4679025022101150003,1,대지,115,3,전라남도 화순군 화순읍 향청리 115-3,467903291032,전라남도 화순군 화순읍 진각로,118,1,4679025022101150003042947,,전라남도 화순군 화순읍 진각로 118-1,519808,58118,,,,126.986187165875,35.0617717664766
MA0106202201A2034848,엔픽스,,G2,소매,G221,기타 상품 소매,G22199,그 외 기타 상품 전문 소매업,G47859,그 외 기타 분류 안된 상품 전문 소매업,41,경기도,41463,용인시 기흥구,41463535,보라동,4146310600,지곡동,4146310600105510004,1,대지,551,4,경기도 용인시 기흥구 지곡동 551-4,414634412253,경기도 용인시 기흥구 지삼로98번길,1,,,,경기도 용인시 기흥구 지삼로98번길 1,446904,17088,,,,127.12941681671,37.2485871504727
MA0106202201A1581701,땡큐할인마트,,G2,소매,G221,기타 상품 소매,G22199,그 외 기타 상품 전문 소매업,G47859,그 외 기타 분류 안된 상품 전문 소매업,41,경기도,41192,부천시 원미구,41192520,심곡2동,4119210200,심곡동,4119210200104020007,1,대지,402,7,경기도 부천시 원미구 심곡동 402-7,411924352075,경기도 부천시 원미구 부일로431번길,12,,4119510200104020007032571,,경기도 부천시 원미구 부일로431번길 12,420827,14635,,,,126.778428059367,37.4870238488722
MA0106202201A2141174,글로벌케이제이시,,G2,소매,G221,기타 상품 소매,G22199,그 외 기타 상품 전문 소매업,G47859,그 외 기타 분류 안된 상품 전문 소매업,41,경기도,41360,남양주시,41360570,별내동,4136011100,별내동,4136011100109700002,1,대지,970,2,경기도 남양주시 별내동 970-2,413603181059,경기도 남양주시 송산로,123,,,,경기도 남양주시 송산로 123,472501,12106,,,,127.129504566015,37.6536194217166
MA0106202201A1648388,도원케어,,G2,소매,G221,기타 상품 소매,G22199,그 외 기타 상품 전문 소매업,G47859,그 외 기타 분류 안된 상품 전문 소매업,11,서울특별시,11440,마포구,11440555,아현동,1144010200,공덕동,1144010200104040000,1,대지,404,,서울특별시 마포구 공덕동 404,114402113001,서울특별시 마포구 마포대로,127,,1144010200104040000002472,,서울특별시 마포구 마포대로 127,121718,04144,,,,126.952144905458,37.5461926032879
MA0106202201A1021663,고래맥주창고,길동점,G2,소매,G221,기타 상품 소매,G22199,그 외 기타 상품 전문 소매업,G47859,그 외 기타 분류 안된 상품 전문 소매업,11,서울특별시,11215,광진구,11215860,구의2동,1121510300,구의동,1121510300100310017,1,대지,31,17,서울특별시 광진구 구의동 31-17,112154112464,서울특별시 광진구 자양로50길,9,,1121510300100310017026590,,서울특별시 광진구 자양로50길 9,143817,04956,,,,127.092831970187,37.5521214086628
MA0106202201A0963701,롯데컬처웍스㈜롯데시네마수유,,G2,소매,G221,기타 상품 소매,G22199,그 외 기타 상품 전문 소매업,G47859,그 외 기타 분류 안된 상품 전문 소매업,11,서울특별시,11305,강북구,11305595,번1동,1130510200,번동,1130510200104490001,1,대지,449,1,서울특별시 강북구 번동 449-1,113053005039,서울특별시 강북구 도봉로,308,,1130510200104490001018375,,서울특별시 강북구 도봉로 308,142867,01062,,,,127.023837247802,37.6356594094505
MA0106202201A1649628,나눔플러스샾,,G2,소매,G221,기타 상품 소매,G22199,그 외 기타 상품 전문 소매업,G47859,그 외 기타 분류 안된 상품 전문 소매업,41,경기도,41650,포천시,41650360,영중면,4165036022,영중면,4165036022102750004,1,대지,275,4,경기도 포천시 영중면 금주리 275-4,416504439176,경기도 포천시 영중면 물안길,185,,4165036022101640004049324,,경기도 포천시 영중면 물안길 185,487884,11131,,,,127.274000596441,37.9760314352812
MA0106202201A1554779,위너스타레벡,,G2,소매,G221,기타 상품 소매,G22199,그 외 기타 상품 전문 소매업,G47859,그 외 기타 분류 안된 상품 전문 소매업,41,경기도,41480,파주시,41480530,금촌3동,4148010500,검산동,4148010500104720010,1,대지,472,10,경기도 파주시 검산동 472-10,414804418016,경기도 파주시 검산로173번길,87,,4148010500104720010014583,,경기도 파주시 검산로173번길 87,413050,10848,,,,126.737907230559,37.7892385795072
MA0106202201A1077467,채채밀,,G2,소매,G221,기타 상품 소매,G22199,그 외 기타 상품 전문 소매업,G47859,그 외 기타 분류 안된 상품 전문 소매업,50,제주특별자치도,50110,제주시,50110250,한림읍,5011025021,한림읍,5011025021122580002,1,대지,2258,2,제주특별자치도 제주시 한림읍 귀덕리 2258-2,501103349213,제주특별자치도 제주시 한림읍 한수풀로,284,,5011025021122580002000001,,제주특별자치도 제주시 한림읍 한수풀로 284,695922,63025,,,,126.290801876991,33.4183021427765
MA0106202201A1136223,수야네수제과일청,,G2,소매,G221,기타 상품 소매,G22199,그 외 기타 상품 전문 소매업,G47859,그 외 기타 분류 안된 상품 전문 소매업,52,전북특별자치도,52130,군산시,52130530,월명동,5213011500,명산동,5213011500100140023,1,대지,14,23,전북특별자치도 군산시 명산동 14-23,521303268088,전북특별자치도 군산시 월명로,468,,4513011500100140023020608,,전북특별자치도 군산시 월명로 468,573060,54025,,,,126.709666122039,35.9836819788787
MA0106202201A1778415,한길유통,,G2,소매,G221,기타 상품 소매,G22199,그 외 기타 상품 전문 소매업,G47859,그 외 기타 분류 안된 상품 전문 소매업,48,경상남도,48121,창원시 의창구,48121310,북면,4812131037,북면,4812131037102140003,1,대지,214,3,경상남도 창원시 의창구 북면 마산리 214-3,481214781177,경상남도 창원시 의창구 북면 마산길,26,,,,경상남도 창원시 의창구 북면 마산길 26,641873,51102,,,,128.619313467905,35.3431068940331
MA0106202201A0745138,비티푸드,,G2,소매,G221,기타 상품 소매,G22199,그 외 기타 상품 전문 소매업,G47859,그 외 기타 분류 안된 상품 전문 소매업,41,경기도,41480,파주시,41480590,운정5동,4148011500,문발동,4148011500106030003,1,대지,603,3,경기도 파주시 문발동 603-3,414804418160,경기도 파주시 돌단풍길,47,,4148011500106030003000001,,경기도 파주시 돌단풍길 47,413120,10884,,,,126.709988505557,37.7199881241
MA0106202201A1945874,신앙촌상회,인천점,G2,소매,G221,기타 상품 소매,G22199,그 외 기타 상품 전문 소매업,G47859,그 외 기타 분류 안된 상품 전문 소매업,30,대전광역시,30230,대덕구,30230546,중리동,3023010900,중리동,3023010900103740024,1,대지,374,24,대전광역시 대덕구 중리동 374-24,302304304444,대전광역시 대덕구 중리로54번길,15,,,,대전광역시 대덕구 중리로54번길 15,306827,34389,,,,127.426082990824,36.3639976332488
MA0106202201A2283504,짐쿡앤샐러드,,G2,소매,G221,기타 상품 소매,G22199,그 외 기타 상품 전문 소매업,G47859,그 외 기타 분류 안된 상품 전문 소매업,44,충청남도,44200,아산시,44200580,온양2동,4420010100,온천동,4420010100101320011,1,대지,132,11,충청남도 아산시 온천동 132-11,442004559624,충청남도 아산시 온화로65번길,11,,,,충청남도 아산시 온화로65번길 11,336818,31573,,,,127.004749654658,36.7781136206694
MA0106202201A1819293,우리마트,,G2,소매,G221,기타 상품 소매,G22199,그 외 기타 상품 전문 소매업,G47859,그 외 기타 분류 안된 상품 전문 소매업,48,경상남도,48170,진주시,48170515,천전동,4817010400,칠암동,4817010400100780000,1,대지,78,,경상남도 진주시 칠암동 78,481703332003,경상남도 진주시 강남로,101,,,,경상남도 진주시 강남로 101,660987,52727,,,,128.097280320191,35.1774948713377
MA0106202201A2314796,엘리쟙,,G2,소매,G221,기타 상품 소매,G22199,그 외 기타 상품 전문 소매업,G47859,그 외 기타 분류 안된 상품 전문 소매업,44,충청남도,44790,청양군,44790250,청양읍,4479025021,청양읍,4479025021101770009,1,대지,177,9,충청남도 청양군 청양읍 읍내리 177-9,447904583305,충청남도 청양군 청양읍 칠갑산로4길,23,,4479025021101770009011040,,충청남도 청양군 청양읍 칠갑산로4길 23,345804,33332,,,,126.801103906863,36.4490405384214
MA0106202201A0689842,창성상회,,G2,소매,G221,기타 상품 소매,G22199,그 외 기타 상품 전문 소매업,G47859,그 외 기타 분류 안된 상품 전문 소매업,51,강원특별자치도,51720,홍천군,51720250,홍천읍,5172025022,홍천읍,5172025022100050003,1,대지,5,3,강원특별자치도 홍천군 홍천읍 신장대리 5-3,517204475645,강원특별자치도 홍천군 홍천읍 홍천로8길,17,,4272025022100050003008507,,강원특별자치도 홍천군 홍천읍 홍천로8길 17,250805,25137,,,,127.886162620934,37.6910850673587
MA0106202201A0858482,조인과학,,G2,소매,G221,기타 상품 소매,G22199,그 외 기타 상품 전문 소매업,G47859,그 외 기타 분류 안된 상품 전문 소매업,43,충청북도,43113,청주시 흥덕구,43113742,복대2동,4311311400,복대동,4311311400122010012,1,대지,2201,12,충청북도 청주시 흥덕구 복대동 2201-12,431134511675,충청북도 청주시 흥덕구 신율로90번길,29,,4311311400122010012011276,,충청북도 청주시 흥덕구 신율로90번길 29,361813,28604,,,,127.448287461041,36.6269983575738
MA0106202201A2116386,라이프켐,,G2,소매,G221,기타 상품 소매,G22199,그 외 기타 상품 전문 소매업,G47859,그 외 기타 분류 안된 상품 전문 소매업,28,인천광역시,28185,연수구,28185840,송도3동,2818510600,송도동,2818510600101920008,1,대지,192,8,인천광역시 연수구 송도동 192-8,281854256372,인천광역시 연수구 송도문화로84번길,84,,,,인천광역시 연수구 송도문화로84번길 84,406083,21986,,,,126.654116408369,37.3697648481784
MA0106202201A1768698,YK유통,,G2,소매,G221,기타 상품 소매,G22199,그 외 기타 상품 전문 소매업,G47859,그 외 기타 분류 안된 상품 전문 소매업,48,경상남도,48127,창원시 마산회원구,48127545,석전동,4812710400,석전동,4812710400101650004,1,대지,165,4,경상남도 창원시 마산회원구 석전동 165-4,481274790128,경상남도 창원시 마산회원구 삼호천길,278,,4812710400101650004023913,,경상남도 창원시 마산회원구 삼호천길 278,630807,51305,,,,128.567028103672,35.2332516138603
MA0106202201A1032596,제주사리,,G2,소매,G221,기타 상품 소매,G22199,그 외 기타 상품 전문 소매업,G47859,그 외 기타 분류 안된 상품 전문 소매업,50,제주특별자치도,50110,제주시,50110510,일도1동,5011010100,일도일동,5011010100113170000,1,대지,1317,,제주특별자치도 제주시 일도일동 1317,501104848886,제주특별자치도 제주시 칠성로길,37,,5011010100113170000037672,,제주특별자치도 제주시 칠성로길 37,690836,63277,,,,126.526884520785,33.5144194485847
MA0106202201A0701089,아이에스,,G2,소매,G221,기타 상품 소매,G22199,그 외 기타 상품 전문 소매업,G47859,그 외 기타 분류 안된 상품 전문 소매업,51,강원특별자치도,51130,원주시,51130550,단구동,5113010700,단구동,5113010700116420015,1,대지,1642,15,강원특별자치도 원주시 단구동 1642-15,511304457612,강원특별자치도 원주시 토지길,63,9,4213010700116420015000001,,강원특별자치도 원주시 토지길 63-9,220965,26490,,,,127.958872031755,37.3216491905681
MA0106202201A0876113,진송추어탕,,G2,소매,G221,기타 상품 소매,G22199,그 외 기타 상품 전문 소매업,G47859,그 외 기타 분류 안된 상품 전문 소매업,31,울산광역시,31710,울주군,31710265,삼남읍,3171026521,삼남읍,3171026521117090012,1,대지,1709,12,울산광역시 울주군 삼남읍 교동리 1709-12,317104319589,울산광역시 울주군 삼남읍 수남벚꽃길,11,36,3171039021115220060000001,,울산광역시 울주군 삼남읍 수남벚꽃길 11-36,689812,44951,,,,129.112618217083,35.54995517385
MA0106202201A2160985,이피316,,G2,소매,G221,기타 상품 소매,G22199,그 외 기타 상품 전문 소매업,G47859,그 외 기타 분류 안된 상품 전문 소매업,41,경기도,41360,남양주시,41360360,조안면,4136036022,조안면,4136036022101920011,1,대지,192,11,경기도 남양주시 조안면 조안리 192-11,413603197075,경기도 남양주시 조안면 북한강로,121,,,,경기도 남양주시 조안면 북한강로 121,472871,12282,,,,127.302581091463,37.5361379207846
MA0106202201A2156732,신앙촌상회,,G2,소매,G221,기타 상품 소매,G22199,그 외 기타 상품 전문 소매업,G47859,그 외 기타 분류 안된 상품 전문 소매업,48,경상남도,48220,통영시,48220550,중앙동,4822010600,문화동,4822010600101890000,1,대지,189,,경상남도 통영시 문화동 189,482203333017,경상남도 통영시 서문로,28,,,,경상남도 통영시 서문로 28,650060,53061,,,,128.422258237525,34.8465150013336
MA0106202201A0968141,미래유통충청소비조합,,G2,소매,G221,기타 상품 소매,G22199,그 외 기타 상품 전문 소매업,G47859,그 외 기타 분류 안된 상품 전문 소매업,30,대전광역시,30140,중구,30140535,은행선화동,3014010200,선화동,3014010200102260000,1,대지,226,,대전광역시 중구 선화동 226,301403164033,대전광역시 중구 중앙로,119,,3014010200102260000014264,,대전광역시 중구 중앙로 119,301733,34839,,,,127.422868445138,36.3279440614255
MA0106202201A1191090,세상에서가장아름다운나무,,G2,소매,G221,기타 상품 소매,G22199,그 외 기타 상품 전문 소매업,G47859,그 외 기타 분류 안된 상품 전문 소매업,29,광주광역시,29110,동구,29110655,서남동,2911011800,서석동,2911011800200570001,2,산,57,1,광주광역시 동구 서석동 산57-1,291104861178,광주광역시 동구 조선대길,184,,2911011100103750000014195,,광주광역시 동구 조선대길 184,501140,61452,,,,126.934365405729,35.1460056445806
MA0106202201A0760721,후레쉬팜,,G2,소매,G221,기타 상품 소매,G22199,그 외 기타 상품 전문 소매업,G47859,그 외 기타 분류 안된 상품 전문 소매업,11,서울특별시,11230,동대문구,11230536,용신동,1123010200,용두동,1123010200100230007,1,대지,23,7,서울특별시 동대문구 용두동 23-7,112303105008,서울특별시 동대문구 왕산로,140,,1123010200100230007037207,,서울특별시 동대문구 왕산로 140,130817,02560,,,,127.039000010992,37.5780641085849
MA0106202201A1070042,행복한돼지,,G2,소매,G221,기타 상품 소매,G22199,그 외 기타 상품 전문 소매업,G47859,그 외 기타 분류 안된 상품 전문 소매업,11,서울특별시,11230,동대문구,11230740,이문1동,1123011000,이문동,1123011000100860136,1,대지,86,136,서울특별시 동대문구 이문동 86-136,112304115314,서울특별시 동대문구 외대역동로16길,5,,1123011000100860136005740,,서울특별시 동대문구 외대역동로16길 5,130825,02426,,,,127.065937162473,37.5966486233462
MA0106202201A1475094,B.O.S,,G2,소매,G221,기타 상품 소매,G22199,그 외 기타 상품 전문 소매업,G47859,그 외 기타 분류 안된 상품 전문 소매업,27,대구광역시,27170,서구,27170650,평리4동,2717010300,평리동,2717010300112260010,1,대지,1226,10,대구광역시 서구 평리동 1226-10,271704229041,대구광역시 서구 국채보상로52길,60,,2717010300112260010015921,,대구광역시 서구 국채보상로52길 60,703847,41832,,,,128.56091549484,35.8660665967932
MA0106202201A1890829,동백1917,,G2,소매,G221,기타 상품 소매,G22199,그 외 기타 상품 전문 소매업,G47859,그 외 기타 분류 안된 상품 전문 소매업,26,부산광역시,26500,수영구,26500800,민락동,2650010300,민락동,2650010300103360015,1,대지,336,15,부산광역시 수영구 민락동 336-15,265004214218,부산광역시 수영구 민락수변로239번길,8,,,,부산광역시 수영구 민락수변로239번길 8,613827,48275,,,,129.128721243072,35.1634504683123
MA0106202201A1407358,피즈,,G2,소매,G221,기타 상품 소매,G22199,그 외 기타 상품 전문 소매업,G47859,그 외 기타 분류 안된 상품 전문 소매업,46,전라남도,46230,광양시,46230530,중마동,4623010600,중동,4623010600113580018,1,대지,1358,18,전라남도 광양시 중동 1358-18,462303285039,전라남도 광양시 중동로,45,,4623010600113580018003784,,전라남도 광양시 중동로 45,545880,57784,,,,127.693752740962,34.941494116052
MA0106202201A1985122,명품유통,,G2,소매,G221,기타 상품 소매,G22199,그 외 기타 상품 전문 소매업,G47859,그 외 기타 분류 안된 상품 전문 소매업,26,부산광역시,26230,부산진구,26230550,초읍동,2623010700,초읍동,2623010700103470011,1,대지,347,11,부산광역시 부산진구 초읍동 347-11,262304187648,부산광역시 부산진구 월드컵대로472번길,66,4,,,부산광역시 부산진구 월드컵대로472번길 66-4,614873,47102,,,,129.048407663335,35.1850036802424
MA0106202201A1236100,싸이스트-주,,G2,소매,G221,기타 상품 소매,G22199,그 외 기타 상품 전문 소매업,G47859,그 외 기타 분류 안된 상품 전문 소매업,41,경기도,41117,수원시 영통구,41117580,영통2동,4111710600,신동,4111710600104860000,1,대지,486,,경기도 수원시 영통구 신동 486,411173177010,경기도 수원시 영통구 신원로,88,,4111710600104860000000726,,경기도 수원시 영통구 신원로 88,443734,16681,,,,127.050269166527,37.247466833878
MA0106202201A1511092,블레싱,,G2,소매,G221,기타 상품 소매,G22199,그 외 기타 상품 전문 소매업,G47859,그 외 기타 분류 안된 상품 전문 소매업,11,서울특별시,11710,송파구,11710600,석촌동,1171010500,석촌동,1171010500101740002,1,대지,174,2,서울특별시 송파구 석촌동 174-2,117103123006,서울특별시 송파구 백제고분로,365,,1171010500101740007009726,,서울특별시 송파구 백제고분로 365,138844,05616,,,,127.106300386165,37.5052669922044
MA0106202201A1199109,정우상사,,G2,소매,G221,기타 상품 소매,G22199,그 외 기타 상품 전문 소매업,G47859,그 외 기타 분류 안된 상품 전문 소매업,29,광주광역시,29170,북구,29170620,우산동,2917011000,우산동,2917011000101710013,1,대지,171,13,광주광역시 북구 우산동 171-13,291703162029,광주광역시 북구 서방로,49,2,2917011000101710013023886,,광주광역시 북구 서방로 49-2,500849,61193,,,,126.91851436332,35.1728385056302
MA0106202201A0783983,카페블랑,,G2,소매,G221,기타 상품 소매,G22199,그 외 기타 상품 전문 소매업,G47859,그 외 기타 분류 안된 상품 전문 소매업,29,광주광역시,29140,서구,29140745,치평동,2914012000,치평동,2914012000112160003,1,대지,1216,3,광주광역시 서구 치평동 1216-3,291403160023,광주광역시 서구 상무중앙로,84,,2914012000112160003026711,,광주광역시 서구 상무중앙로 84,502827,61949,,,,126.848907741505,35.1542938437114
MA0106202201A1925691,디엠스컴퍼니,,G2,소매,G221,기타 상품 소매,G22199,그 외 기타 상품 전문 소매업,G47859,그 외 기타 분류 안된 상품 전문 소매업,41,경기도,41590,화성시,41590259,향남읍,4159025932,향남읍,4159025932101140012,1,대지,114,12,경기도 화성시 향남읍 수직리 114-12,415903210137,경기도 화성시 향남읍 발안로,812,,,,경기도 화성시 향남읍 발안로 812,445921,18625,,,,126.993023409104,37.1225461315255
MA0106202201A0862517,명작전기조명,,G2,소매,G221,기타 상품 소매,G22199,그 외 기타 상품 전문 소매업,G47859,그 외 기타 분류 안된 상품 전문 소매업,30,대전광역시,30140,중구,30140655,용두동,3014011200,용두동,3014011200100990000,1,대지,99,,대전광역시 중구 용두동 99,301402010003,대전광역시 중구 동서대로,1334,,3014011200100990000012588,,대전광역시 중구 동서대로 1334,301831,34855,,,,127.40764992348,36.3290873588892
MA0106202201A2027124,해피홈쇼핑,,G2,소매,G221,기타 상품 소매,G22199,그 외 기타 상품 전문 소매업,G47859,그 외 기타 분류 안된 상품 전문 소매업,47,경상북도,47230,영천시,47230555,남부동,4723011200,금노동,4723011200105440002,1,대지,544,2,경상북도 영천시 금노동 544-2,472303305004,경상북도 영천시 강변로,58,,,,경상북도 영천시 강변로 58,770060,38886,,,,128.929257494563,35.9609426573192
MA0106202201A1184056,종합상사,,G2,소매,G221,기타 상품 소매,G22199,그 외 기타 상품 전문 소매업,G47859,그 외 기타 분류 안된 상품 전문 소매업,29,광주광역시,29110,동구,29110685,학동,2911012200,학동,2911012200106290023,1,대지,629,23,광주광역시 동구 학동 629-23,291103159003,광주광역시 동구 남문로,733,,2911012200106290023012308,,광주광역시 동구 남문로 733,501845,61456,,,,126.926100514097,35.1356171929649
MA0106202201A0808384,더온힐링센터,,G2,소매,G221,기타 상품 소매,G22199,그 외 기타 상품 전문 소매업,G47859,그 외 기타 분류 안된 상품 전문 소매업,48,경상남도,48330,양산시,48330253,물금읍,4833025324,물금읍,4833025324127150013,1,대지,2715,13,경상남도 양산시 물금읍 범어리 2715-13,483304814299,경상남도 양산시 물금읍 범어3길,18,,4833025324127150013002290,,경상남도 양산시 물금읍 범어3길 18,626815,50611,,,,129.017546157631,35.3256969536408
MA0106202201A1640187,해바라기식당,,G2,소매,G221,기타 상품 소매,G22199,그 외 기타 상품 전문 소매업,G47859,그 외 기타 분류 안된 상품 전문 소매업,47,경상북도,47130,경주시,47130590,선도동,4713011400,충효동,4713011400129340003,1,대지,2934,3,경상북도 경주시 충효동 2934-3,471304716182,경상북도 경주시 충효녹지길,140,,4713011400129340003036092,,경상북도 경주시 충효녹지길 140,780972,38060,,,,129.176149060048,35.8449345502598
MA0106202201A0742056,껠끄쇼즈,,G2,소매,G221,기타 상품 소매,G22199,그 외 기타 상품 전문 소매업,G47859,그 외 기타 분류 안된 상품 전문 소매업,11,서울특별시,11680,강남구,11680600,대치1동,1168010600,대치동,1168010600110230019,1,대지,1023,19,서울특별시 강남구 대치동 1023-19,116804166242,서울특별시 강남구 도곡로70길,5,,1168010600110230019014237,,서울특별시 강남구 도곡로70길 5,135500,06279,,,,127.056633009766,37.4969939716969
MA0106202201A0990826,이매진사이언스,,G2,소매,G221,기타 상품 소매,G22199,그 외 기타 상품 전문 소매업,G47859,그 외 기타 분류 안된 상품 전문 소매업,41,경기도,41135,성남시 분당구,41135655,삼평동,4113510900,삼평동,4113510900106180000,1,대지,618,,경기도 성남시 분당구 삼평동 618,411354340514,경기도 성남시 분당구 판교로255번길,9,22,4113510900106180000000001,,경기도 성남시 분당구 판교로255번길 9-22,463400,13486,,,,127.10009204247,37.4040256191178
MA0106202201A1135102,군산D.C마트,,G2,소매,G221,기타 상품 소매,G22199,그 외 기타 상품 전문 소매업,G47859,그 외 기타 분류 안된 상품 전문 소매업,52,전북특별자치도,52130,군산시,52130690,수송동,5213014100,수송동,5213014100107580051,1,대지,758,51,전북특별자치도 군산시 수송동 758-51,521303268030,전북특별자치도 군산시 문화로,51,,4513014100107580051030901,,전북특별자치도 군산시 문화로 51,573370,54081,,,,126.711445500791,35.970068630428
MA0106202201A2323304,리엘트,,G2,소매,G221,기타 상품 소매,G22199,그 외 기타 상품 전문 소매업,G47859,그 외 기타 분류 안된 상품 전문 소매업,41,경기도,41410,군포시,41410620,광정동,4141010400,산본동,4141010400111230002,1,대지,1123,2,경기도 군포시 산본동 1123-2,414103200017,경기도 군포시 산본천로,62,,,,경기도 군포시 산본천로 62,435804,15865,,,,126.930409449134,37.3605640901843
MA0106202201A2180520,피앤케이에이엠,,G2,소매,G221,기타 상품 소매,G22199,그 외 기타 상품 전문 소매업,G47859,그 외 기타 분류 안된 상품 전문 소매업,41,경기도,41610,광주시,41610253,초월읍,4161025322,초월읍,4161025322102790008,1,대지,279,8,경기도 광주시 초월읍 쌍동리 279-8,416104433031,경기도 광주시 초월읍 경충대로1127번길,10,,,,경기도 광주시 초월읍 경충대로1127번길 10,464861,12736,,,,127.294627439318,37.3777695595746
MA0106202201A1331439,성지물류,,G2,소매,G221,기타 상품 소매,G22199,그 외 기타 상품 전문 소매업,G47859,그 외 기타 분류 안된 상품 전문 소매업,41,경기도,41360,남양주시,41360259,진건읍,4136025926,진건읍,4136025926104330000,1,대지,433,,경기도 남양주시 진건읍 송능리 433,413604391429,경기도 남양주시 진건읍 사릉로136번길,54,,4136025926104330000003898,,경기도 남양주시 진건읍 사릉로136번길 54,472835,12140,,,,127.201931299918,37.6462107156588
MA0106202201A1999378,에이프릴센트,,G2,소매,G221,기타 상품 소매,G22199,그 외 기타 상품 전문 소매업,G47859,그 외 기타 분류 안된 상품 전문 소매업,46,전라남도,46170,나주시,46170540,금남동,4617010600,서내동,4617010600100500000,1,대지,50,,전라남도 나주시 서내동 50,461704652057,전라남도 나주시 금남길,49,,,,전라남도 나주시 금남길 49,520040,58248,,,,126.714515836845,35.0326738103802
MA0106202201A2129732,오크,,G2,소매,G221,기타 상품 소매,G22199,그 외 기타 상품 전문 소매업,G47859,그 외 기타 분류 안된 상품 전문 소매업,28,인천광역시,28185,연수구,28185640,옥련2동,2818510100,옥련동,2818510100102690006,1,대지,269,6,인천광역시 연수구 옥련동 269-6,281854256221,인천광역시 연수구 청량로239번길,3,,,,인천광역시 연수구 청량로239번길 3,406838,21948,,,,126.653273360696,37.4278059093679
MA0106202201A1202800,전남교육청공무원직장협의회,,G2,소매,G221,기타 상품 소매,G22199,그 외 기타 상품 전문 소매업,G47859,그 외 기타 분류 안된 상품 전문 소매업,29,광주광역시,29170,북구,29170673,매곡동,2917011700,매곡동,2917011700103850000,1,대지,385,,광주광역시 북구 매곡동 385,291703162031,광주광역시 북구 서하로,72,,2917011700103850000036909,,광주광역시 북구 서하로 72,500816,61065,,,,126.887461645002,35.1869649274042
MA0106202201A1216987,제노필,,G2,소매,G221,기타 상품 소매,G22199,그 외 기타 상품 전문 소매업,G47859,그 외 기타 분류 안된 상품 전문 소매업,29,광주광역시,29140,서구,29140745,치평동,2914012000,치평동,2914012000111980011,1,대지,1198,11,광주광역시 서구 치평동 1198-11,291404280257,광주광역시 서구 시청서편로12번길,16,,2914012000111980011000001,,광주광역시 서구 시청서편로12번길 16,502827,61944,,,,126.847239795026,35.1600334089481
MA0106202201A1343636,헬스앤케어안산TMS,,G2,소매,G221,기타 상품 소매,G22199,그 외 기타 상품 전문 소매업,G47859,그 외 기타 분류 안된 상품 전문 소매업,41,경기도,41271,안산시 상록구,41271550,본오2동,4127110400,본오동,4127110400107760011,1,대지,776,11,경기도 안산시 상록구 본오동 776-11,412713190040,경기도 안산시 상록구 석호로,391,,4127110400107760011007651,,경기도 안산시 상록구 석호로 391,426809,15548,,,,126.874273431265,37.2933187779177
MA0106202201A1193523,100평쇼핑몰,,G2,소매,G221,기타 상품 소매,G22199,그 외 기타 상품 전문 소매업,G47859,그 외 기타 분류 안된 상품 전문 소매업,52,전북특별자치도,52111,전주시 완산구,52111712,효자2동,5211114200,효자동3가,5211114200100370043,1,대지,37,43,전북특별자치도 전주시 완산구 효자동3가 37-43,521113266035,전북특별자치도 전주시 완산구 서원로,169,,4511114200100370043028132,,전북특별자치도 전주시 완산구 서원로 169,560860,54978,,,,127.113139324239,35.8136980330296
MA0106202201A1613284,카페미립,,G2,소매,G221,기타 상품 소매,G22199,그 외 기타 상품 전문 소매업,G47859,그 외 기타 분류 안된 상품 전문 소매업,41,경기도,41273,안산시 단원구,41273535,호수동,4127310100,고잔동,4127310100107750002,1,대지,775,2,경기도 안산시 단원구 고잔동 775-2,412733190010,경기도 안산시 단원구 광덕1로,195,,4127310100107750002018321,,경기도 안산시 단원구 광덕1로 195,425906,15477,,,,126.83162101095,37.308159903724
MA0106202201A1122693,시연한과,,G2,소매,G221,기타 상품 소매,G22199,그 외 기타 상품 전문 소매업,G47859,그 외 기타 분류 안된 상품 전문 소매업,51,강원특별자치도,51150,강릉시,51150360,사천면,5115036022,사천면,5115036022103510002,1,대지,351,2,강원특별자치도 강릉시 사천면 노동리 351-2,511503220042,강원특별자치도 강릉시 사천면 중앙서로,137,,4215036022003510002041700,,강원특별자치도 강릉시 사천면 중앙서로 137,210851,25437,,,,128.838885934458,37.8185453071113
MA0106202201A1085662,늘찬,,G2,소매,G221,기타 상품 소매,G22199,그 외 기타 상품 전문 소매업,G47859,그 외 기타 분류 안된 상품 전문 소매업,26,부산광역시,26320,북구,26320510,구포1동,2632010500,구포동,2632010500106170004,1,대지,617,4,부산광역시 북구 구포동 617-4,263204196034,부산광역시 북구 구포시장길,66,,2632010500106170004011629,,부산광역시 북구 구포시장길 66,616801,46583,,,,129.002984939157,35.2064274832639
MA0106202201A0732782,굿피플스,,G2,소매,G221,기타 상품 소매,G22199,그 외 기타 상품 전문 소매업,G47859,그 외 기타 분류 안된 상품 전문 소매업,26,부산광역시,26260,동래구,26260510,수민동,2626010600,수안동,2626010600103990003,1,대지,399,3,부산광역시 동래구 수안동 399-3,262604190507,부산광역시 동래구 충렬대로249번길,48,2,2626010600104000000017566,,부산광역시 동래구 충렬대로249번길 48-2,607824,47810,,,,129.08702070266,35.2033404806779
MA0106202201A2338323,토탈샾,,G2,소매,G221,기타 상품 소매,G22199,그 외 기타 상품 전문 소매업,G47859,그 외 기타 분류 안된 상품 전문 소매업,11,서울특별시,11305,강북구,11305635,수유3동,1130510300,수유동,1130510300102230039,1,대지,223,39,서울특별시 강북구 수유동 223-39,113053005047,서울특별시 강북구 노해로,28,,,,서울특별시 강북구 노해로 28,142878,01072,,,,127.023067572283,37.6380201435863
MA0106202201A1682976,에스에스샾,,G2,소매,G221,기타 상품 소매,G22199,그 외 기타 상품 전문 소매업,G47859,그 외 기타 분류 안된 상품 전문 소매업,11,서울특별시,11500,강서구,11500603,가양1동,1150010500,마곡동,1150010500107840008,1,대지,784,8,서울특별시 강서구 마곡동 784-8,115003115001,서울특별시 강서구 강서로,439,,1150010500107840008000001,,서울특별시 강서구 강서로 439,157805,07792,,,,126.839817098888,37.5647983457013
MA0106202201A0833012,희움,,G2,소매,G221,기타 상품 소매,G22199,그 외 기타 상품 전문 소매업,G47859,그 외 기타 분류 안된 상품 전문 소매업,27,대구광역시,27110,중구,27110575,성내2동,2711014400,서문로1가,2711014400100180000,1,대지,18,,대구광역시 중구 서문로1가 18,271104223003,대구광역시 중구 경상감영길,27,14,2711014400100180000005487,,대구광역시 중구 경상감영길 27-14,700251,41919,,,,128.589030668462,35.8719158266444
MA0106202201A2186620,에쓰제이,,G2,소매,G221,기타 상품 소매,G22199,그 외 기타 상품 전문 소매업,G47859,그 외 기타 분류 안된 상품 전문 소매업,30,대전광역시,30170,서구,30170550,용문동,3017010500,용문동,3017010500105890006,1,대지,589,6,대전광역시 서구 용문동 589-6,301703010024,대전광역시 서구 계룡로,624,,,,대전광역시 서구 계룡로 624,302845,35300,,,,127.391496668446,36.3393877428365
MA0106202201A1573080,디더블유에스,,G2,소매,G221,기타 상품 소매,G22199,그 외 기타 상품 전문 소매업,G47859,그 외 기타 분류 안된 상품 전문 소매업,29,광주광역시,29170,북구,29170570,임동,2917010500,임동,2917010500101490007,1,대지,149,7,광주광역시 북구 임동 149-7,291703162028,광주광역시 북구 서림로,33,,2917010500101490007011975,,광주광역시 북구 서림로 33,500870,61248,,,,126.892231343327,35.1667969051099
MA0106202201A1635153,랩가이드CS,,G2,소매,G221,기타 상품 소매,G22199,그 외 기타 상품 전문 소매업,G47859,그 외 기타 분류 안된 상품 전문 소매업,41,경기도,41210,광명시,41210520,광명2동,4121010100,광명동,4121010100100860020,1,대지,86,20,경기도 광명시 광명동 86-20,412104361077,경기도 광명시 광이로59번길,17,1,4121010100100860020002468,,경기도 광명시 광이로59번길 17-1,423806,14218,,,,126.858580625689,37.4824527282949
MA0106202201A1439139,다온상사,,G2,소매,G221,기타 상품 소매,G22199,그 외 기타 상품 전문 소매업,G47859,그 외 기타 분류 안된 상품 전문 소매업,27,대구광역시,27170,서구,27170695,원대동,2717010900,원대동3가,2717010900112220012,1,대지,1222,12,대구광역시 서구 원대동3가 1222-12,271704229297,대구광역시 서구 원대로13길,34,,2717010900112330012032158,,대구광역시 서구 원대로13길 34,703828,41729,,,,128.577467811798,35.8834406947144
MA0106202201A1591966,운초공방,,G2,소매,G221,기타 상품 소매,G22199,그 외 기타 상품 전문 소매업,G47859,그 외 기타 분류 안된 상품 전문 소매업,31,울산광역시,31710,울주군,31710265,삼남읍,3171026521,삼남읍,3171026521102980003,1,대지,298,3,울산광역시 울주군 삼남읍 교동리 298-3,317103173075,울산광역시 울주군 삼남읍 중평로,54,,3171039021102980003000001,,울산광역시 울주군 삼남읍 중평로 54,689812,44948,,,,129.121683066833,35.5596269342335
MA0106202201A0825760,도깨비냉장고영남점,,G2,소매,G221,기타 상품 소매,G22199,그 외 기타 상품 전문 소매업,G47859,그 외 기타 분류 안된 상품 전문 소매업,28,인천광역시,28185,연수구,28185763,연수3동,2818510300,연수동,2818510300105770000,1,대지,577,,인천광역시 연수구 연수동 577,281854256103,인천광역시 연수구 새말로107번길,6,,2818510300105770000196512,영남아파트,인천광역시 연수구 새말로107번길 6,406815,21933,,,,126.681658228301,37.4188125451481
MA0106202201A0704512,연당슈퍼,,G2,소매,G221,기타 상품 소매,G22199,그 외 기타 상품 전문 소매업,G47859,그 외 기타 분류 안된 상품 전문 소매업,51,강원특별자치도,51750,영월군,51750340,남면,5175034021,남면,5175034021109320005,1,대지,932,5,강원특별자치도 영월군 남면 연당리 932-5,517504481212,강원특별자치도 영월군 남면 조양마을길,6,7,4275034021109320005008930,,강원특별자치도 영월군 남면 조양마을길 6-7,230832,26216,,,,128.403099198828,37.1943496911983
MA0106202201A2078756,한가빈,,G2,소매,G221,기타 상품 소매,G22199,그 외 기타 상품 전문 소매업,G47859,그 외 기타 분류 안된 상품 전문 소매업,11,서울특별시,11500,강서구,11500603,가양1동,1150010500,마곡동,1150010500107710004,1,대지,771,4,서울특별시 강서구 마곡동 771-4,115003155054,서울특별시 강서구 마곡중앙6로,21,,,,서울특별시 강서구 마곡중앙6로 21,157805,07801,,,,126.82961663774,37.5608286951995
MA0106202201A2251484,솔타바코샾TOBACCOSHOP,,G2,소매,G221,기타 상품 소매,G22199,그 외 기타 상품 전문 소매업,G47859,그 외 기타 분류 안된 상품 전문 소매업,41,경기도,41390,시흥시,41390520,신천동,4139010200,신천동,4139010200107520019,1,대지,752,19,경기도 시흥시 신천동 752-19,413904397407,경기도 시흥시 신천3길,54,1,,,경기도 시흥시 신천3길 54-1,429830,14948,,,,126.780095844282,37.4387778764957
MA0106202201A1879439,송월타올우산오산,대리점,G2,소매,G221,기타 상품 소매,G22199,그 외 기타 상품 전문 소매업,G47859,그 외 기타 분류 안된 상품 전문 소매업,41,경기도,41370,오산시,41370510,중앙동,4137010100,오산동,4137010100108560025,1,대지,856,25,경기도 오산시 오산동 856-25,413703198031,경기도 오산시 오산로,276,,,,경기도 오산시 오산로 276,447801,18136,,,,127.068790679887,37.1515495655838
MA0106202201A1428000,베이비플러스,대구점,G2,소매,G221,기타 상품 소매,G22199,그 외 기타 상품 전문 소매업,G47859,그 외 기타 분류 안된 상품 전문 소매업,27,대구광역시,27260,수성구,27260610,중동,2726010800,중동,2726010800101760002,1,대지,176,2,대구광역시 수성구 중동 176-2,272603146017,대구광역시 수성구 수성로,190,,2726010800101760002006683,,대구광역시 수성구 수성로 190,706837,42155,,,,128.612678969693,35.8423675596574
MA0106202201A1838530,오쿠키,,G2,소매,G221,기타 상품 소매,G22199,그 외 기타 상품 전문 소매업,G47859,그 외 기타 분류 안된 상품 전문 소매업,48,경상남도,48250,김해시,48250250,진영읍,4825025026,진영읍,4825025026116080002,1,대지,1608,2,경상남도 김해시 진영읍 진영리 1608-2,482504805664,경상남도 김해시 진영읍 장등로19번길,57,1,,,경상남도 김해시 진영읍 장등로19번길 57-1,621809,50862,,,,128.728697647919,35.3085267538369
MA0106202201A0867376,두손공방,,G2,소매,G221,기타 상품 소매,G22199,그 외 기타 상품 전문 소매업,G47859,그 외 기타 분류 안된 상품 전문 소매업,28,인천광역시,28177,미추홀구,28177590,학익2동,2817710300,학익동,2817710300103120045,1,대지,312,45,인천광역시 미추홀구 학익동 312-45,281773151034,인천광역시 미추홀구 한나루로,423,1,2817010300103120045096668,,인천광역시 미추홀구 한나루로 423-1,402867,22210,,,,126.665781617648,37.4452945340906
MA0106202201A2305279,매일할인화명삼한점,,G2,소매,G221,기타 상품 소매,G22199,그 외 기타 상품 전문 소매업,G47859,그 외 기타 분류 안된 상품 전문 소매업,26,부산광역시,26320,북구,26320541,화명1동,2632010200,화명동,2632010200107320000,1,대지,732,,부산광역시 북구 화명동 732,263202132002,부산광역시 북구 화명대로,101,,,,부산광역시 북구 화명대로 101,616798,46532,,,,129.018921073268,35.2349818627787
MA0106202201A1825888,시니어푸즈,,G2,소매,G221,기타 상품 소매,G22199,그 외 기타 상품 전문 소매업,G47859,그 외 기타 분류 안된 상품 전문 소매업,11,서울특별시,11215,광진구,11215860,구의2동,1121510300,구의동,1121510300100790008,1,대지,79,8,서울특별시 광진구 구의동 79-8,112153104010,서울특별시 광진구 자양로,247,,,,서울특별시 광진구 자양로 247,143819,04993,,,,127.088844332393,37.548655633599
MA0106202201A0758793,아이스박스반정점,,G2,소매,G221,기타 상품 소매,G22199,그 외 기타 상품 전문 소매업,G47859,그 외 기타 분류 안된 상품 전문 소매업,41,경기도,41115,수원시 팔달구,41115690,화서2동,4111513800,화서동,4111513800106500001,1,대지,650,1,경기도 수원시 팔달구 화서동 650-1,411154328194,경기도 수원시 팔달구 수성로182번길,82,,4111513800106500001000001,,경기도 수원시 팔달구 수성로182번길 82,442870,16435,,,,126.993876858093,37.2836271481204
MA0106202201A1367621,제이씨인터네셔널,,G2,소매,G221,기타 상품 소매,G22199,그 외 기타 상품 전문 소매업,G47859,그 외 기타 분류 안된 상품 전문 소매업,41,경기도,41570,김포시,41570340,대곶면,4157034023,대곶면,4157034023101470001,1,대지,147,1,경기도 김포시 대곶면 약암리 147-1,415704427181,경기도 김포시 대곶면 대곶서로166번길,176,,4157034023101470001007832,,경기도 김포시 대곶면 대곶서로166번길 176,415830,10042,,,,126.575809585795,37.6303763599743
MA0106202201A1554692,보성인터내셔널,,G2,소매,G221,기타 상품 소매,G22199,그 외 기타 상품 전문 소매업,G47859,그 외 기타 분류 안된 상품 전문 소매업,41,경기도,41273,안산시 단원구,41273555,백운동,4127310800,원곡동,4127310800108460008,1,대지,846,8,경기도 안산시 단원구 원곡동 846-8,412734373072,경기도 안산시 단원구 라성안길,1,,4127310800108460008039873,,경기도 안산시 단원구 라성안길 1,425907,15382,,,,126.801386877309,37.3265751827122
MA0106202201A0899313,다솜,코리아,G2,소매,G221,기타 상품 소매,G22199,그 외 기타 상품 전문 소매업,G47859,그 외 기타 분류 안된 상품 전문 소매업,30,대전광역시,30110,동구,30110620,가양1동,3011011400,가양동,3011011400103090149,1,대지,309,149,대전광역시 동구 가양동 309-149,301103010001,대전광역시 동구 계족로,280,,3011011400103090149016451,,대전광역시 동구 계족로 280,300804,34602,,,,127.438404242241,36.3377920078202
MA0106202201A2268940,중국식품,,G2,소매,G221,기타 상품 소매,G22199,그 외 기타 상품 전문 소매업,G47859,그 외 기타 분류 안된 상품 전문 소매업,28,인천광역시,28177,미추홀구,28177670,주안6동,2817710500,주안동,2817710500115830005,1,대지,1583,5,인천광역시 미추홀구 주안동 1583-5,281774253099,인천광역시 미추홀구 구월로8번길,17,,,,인천광역시 미추홀구 구월로8번길 17,402848,22146,,,,126.692130963317,37.4572594407935
MA0106202201A2041327,주-코지스토리,,G2,소매,G221,기타 상품 소매,G22199,그 외 기타 상품 전문 소매업,G47859,그 외 기타 분류 안된 상품 전문 소매업,41,경기도,41310,구리시,41310541,교문1동,4131010400,교문동,4131010400102980008,1,대지,298,8,경기도 구리시 교문동 298-8,413104388081,경기도 구리시 딸기원중문길,6,,,,경기도 구리시 딸기원중문길 6,471855,11950,,,,127.121419118128,37.6014429063769
MA0106202201A0989910,진메이트,,G2,소매,G221,기타 상품 소매,G22199,그 외 기타 상품 전문 소매업,G47859,그 외 기타 분류 안된 상품 전문 소매업,43,충청북도,43113,청주시 흥덕구,43113747,가경동,4311311300,가경동,4311311300114760007,1,대지,1476,7,충청북도 청주시 흥덕구 가경동 1476-7,431134512041,충청북도 청주시 흥덕구 풍년로95번길,17,,4311311300114760007022852,,충청북도 청주시 흥덕구 풍년로95번길 17,361802,28404,,,,127.435240963156,36.6211353050167
MA0106202201A1561088,경성키친이천부발점,,G2,소매,G221,기타 상품 소매,G22199,그 외 기타 상품 전문 소매업,G47859,그 외 기타 분류 안된 상품 전문 소매업,41,경기도,41670,여주시,41670520,중앙동,4167010700,하동,4167010700102620000,1,대지,262,,경기도 여주시 하동 262,416704442232,경기도 여주시 세종로14번길,29,,4173025027102610002058393,,경기도 여주시 세종로14번길 29,469107,12622,,,,127.63369463327,37.2975097771813
MA0106202201A0695185,영신수퍼마켙,,G2,소매,G221,기타 상품 소매,G22199,그 외 기타 상품 전문 소매업,G47859,그 외 기타 분류 안된 상품 전문 소매업,51,강원특별자치도,51130,원주시,51130575,학성동,5113010900,학성동,5113010900109730002,1,대지,973,2,강원특별자치도 원주시 학성동 973-2,511304457379,강원특별자치도 원주시 송계1길,21,,4213010900109730002017060,,강원특별자치도 원주시 송계1길 21,220963,26413,,,,127.939370379052,37.3582510064819
MA0106202201A2094952,금성슈퍼마켙,,G2,소매,G221,기타 상품 소매,G22199,그 외 기타 상품 전문 소매업,G47859,그 외 기타 분류 안된 상품 전문 소매업,52,전북특별자치도,52190,남원시,52190520,죽항동,5219010400,쌍교동,5219010400101680002,1,대지,168,2,전북특별자치도 남원시 쌍교동 168-2,521903271036,전북특별자치도 남원시 향단로,1,,,,전북특별자치도 남원시 향단로 1,590987,55775,,,,127.382252177331,35.4035540690812
MA0106202201A2278295,오늘쉐프창원무동점,,G2,소매,G221,기타 상품 소매,G22199,그 외 기타 상품 전문 소매업,G47859,그 외 기타 분류 안된 상품 전문 소매업,48,경상남도,48121,창원시 의창구,48121310,북면,4812131030,북면,4812131030101480001,1,대지,148,1,경상남도 창원시 의창구 북면 무동리 148-1,481213331076,경상남도 창원시 의창구 북면 동곡로,16,,,,경상남도 창원시 의창구 북면 동곡로 16,641871,51106,,,,128.585907167184,35.3176578784796
MA0106202201A2116376,밍블랑,,G2,소매,G221,기타 상품 소매,G22199,그 외 기타 상품 전문 소매업,G47859,그 외 기타 분류 안된 상품 전문 소매업,11,서울특별시,11470,양천구,11470540,목4동,1147010200,목동,1147010200107340019,1,대지,734,19,서울특별시 양천구 목동 734-19,114704142140,서울특별시 양천구 목동중앙남로3길,50,,,,서울특별시 양천구 목동중앙남로3길 50,158815,07959,,,,126.864816052697,37.5357634283458
MA0106202201A2282358,아이스크림래미안점,,G2,소매,G221,기타 상품 소매,G22199,그 외 기타 상품 전문 소매업,G47859,그 외 기타 분류 안된 상품 전문 소매업,11,서울특별시,11470,양천구,11470630,신정2동,1147010100,신정동,1147010100101290028,1,대지,129,28,서울특별시 양천구 신정동 129-28,114704142233,서울특별시 양천구 신목로2길,7,9,,,서울특별시 양천구 신목로2길 7-9,158849,08015,,,,126.875107206612,37.5183493927619
MA0106202201A1112889,플래트,,G2,소매,G221,기타 상품 소매,G22199,그 외 기타 상품 전문 소매업,G47859,그 외 기타 분류 안된 상품 전문 소매업,26,부산광역시,26260,동래구,26260750,안락2동,2626010200,안락동,2626010200104720059,1,대지,472,59,부산광역시 동래구 안락동 472-59,262604190547,부산광역시 동래구 충렬대로459번길,38,,2626010200104720059021180,,부산광역시 동래구 충렬대로459번길 38,607826,47794,,,,129.110169208669,35.1963066741115
MA0106202201A0680447,삼화식품동해,,G2,소매,G221,기타 상품 소매,G22199,그 외 기타 상품 전문 소매업,G47859,그 외 기타 분류 안된 상품 전문 소매업,51,강원특별자치도,51170,동해시,51170600,북평동,5117011200,북평동,5117011200102320001,1,대지,232,1,강원특별자치도 동해시 북평동 232-1,511703221032,강원특별자치도 동해시 전천로,241,,4217011200102310002028430,,강원특별자치도 동해시 전천로 241,240200,25814,,,,129.118631537337,37.481232303489
MA0106202201A2104162,"해변할인마크,낚시",,G2,소매,G221,기타 상품 소매,G22199,그 외 기타 상품 전문 소매업,G47859,그 외 기타 분류 안된 상품 전문 소매업,44,충청남도,44770,서천군,44770410,서면,4477041028,서면,4477041028112220030,1,대지,1222,30,충청남도 서천군 서면 도둔리 1222-30,447704580916,충청남도 서천군 서면 홍원길,77,,,,충청남도 서천군 서면 홍원길 77,325892,33603,,,,126.502324310312,36.1558356755797
MA0106202201A1727543,가온,,G2,소매,G221,기타 상품 소매,G22199,그 외 기타 상품 전문 소매업,G47859,그 외 기타 분류 안된 상품 전문 소매업,11,서울특별시,11560,영등포구,11560585,도림동,1156011800,도림동,1156011800102220008,1,대지,222,8,서울특별시 영등포구 도림동 222-8,115604154359,서울특별시 영등포구 도영로7길,8,,1156011800102220008000001,,서울특별시 영등포구 도영로7길 8,150832,07373,,,,126.896035119274,37.5093145815566
MA0106202201A1091065,한미타올,,G2,소매,G221,기타 상품 소매,G22199,그 외 기타 상품 전문 소매업,G47859,그 외 기타 분류 안된 상품 전문 소매업,41,경기도,41273,안산시 단원구,41273535,호수동,4127310100,고잔동,4127310100107240000,1,대지,724,,경기도 안산시 단원구 고잔동 724,412732190001,경기도 안산시 단원구 광덕대로,206,,4127310100107240000024332,,경기도 안산시 단원구 광덕대로 206,425809,15462,,,,126.831211583377,37.3147008265083
MA0106202201A2220520,경북축산,,G2,소매,G221,기타 상품 소매,G22199,그 외 기타 상품 전문 소매업,G47859,그 외 기타 분류 안된 상품 전문 소매업,27,대구광역시,27110,중구,27110565,성내1동,2711012000,동문동,2711012000100380011,1,대지,38,11,대구광역시 중구 동문동 38-11,271104223017,대구광역시 중구 국채보상로123길,23,,,,대구광역시 중구 국채보상로123길 23,700180,41913,,,,128.597285974742,35.8717071943412
MA0106202201A2041601,명품축산,,G2,소매,G221,기타 상품 소매,G22199,그 외 기타 상품 전문 소매업,G47859,그 외 기타 분류 안된 상품 전문 소매업,30,대전광역시,30140,중구,30140730,문화2동,3014011600,문화동,3014011600104910003,1,대지,491,3,대전광역시 중구 문화동 491-3,301404295583,대전광역시 중구 천근로46번길,42,,,,대전광역시 중구 천근로46번길 42,301813,35006,,,,127.404187368159,36.3077411759019
MA0106202201A0869291,마이컵오브티MyCupOfTea,,G2,소매,G221,기타 상품 소매,G22199,그 외 기타 상품 전문 소매업,G47859,그 외 기타 분류 안된 상품 전문 소매업,41,경기도,41220,평택시,41220630,비전2동,4122011800,비전동,4122011800108660008,1,대지,866,8,경기도 평택시 비전동 866-8,412204364193,경기도 평택시 문화촌로11번길,15,12,4122011800108660008019045,,경기도 평택시 문화촌로11번길 15-12,450810,17871,,,,127.113149594739,36.9972432231887
MA0106202201A1041578,미사유통,,G2,소매,G221,기타 상품 소매,G22199,그 외 기타 상품 전문 소매업,G47859,그 외 기타 분류 안된 상품 전문 소매업,41,경기도,41450,하남시,41450610,미사1동,4145011100,미사동,4145011100103050004,1,대지,305,4,경기도 하남시 미사동 305-4,414503202022,경기도 하남시 미사동로,50,,4145011100103050004000113,,경기도 하남시 미사동로 50,465140,12900,,,,127.201661281341,37.5714201603532
MA0106202201A1216249,지티이엔지,,G2,소매,G221,기타 상품 소매,G22199,그 외 기타 상품 전문 소매업,G47859,그 외 기타 분류 안된 상품 전문 소매업,29,광주광역시,29140,서구,29140745,치평동,2914012000,치평동,2914012000111950005,1,대지,1195,5,광주광역시 서구 치평동 1195-5,291404280258,광주광역시 서구 시청서편로4번길,19,22,2914012000111950005025396,,광주광역시 서구 시청서편로4번길 19-22,502827,61944,,,,126.847952963618,35.1601695098471
MA0106202201A0785572,웨이브로우건대,,G2,소매,G221,기타 상품 소매,G22199,그 외 기타 상품 전문 소매업,G47859,그 외 기타 분류 안된 상품 전문 소매업,11,서울특별시,11215,광진구,11215730,군자동,1121510900,군자동,1121510900103480004,1,대지,348,4,서울특별시 광진구 군자동 348-4,112154112007,서울특별시 광진구 광나루로15길,61,,1121510900103480004000001,,서울특별시 광진구 광나루로15길 61,143840,05002,,,,127.070151976655,37.5509837840819
MA0106202201A0735339,꼬끼오와수리지점,,G2,소매,G221,기타 상품 소매,G22199,그 외 기타 상품 전문 소매업,G47859,그 외 기타 분류 안된 상품 전문 소매업,51,강원특별자치도,51780,철원군,51780310,서면,5178031022,서면,5178031022111550000,1,대지,1155,,강원특별자치도 철원군 서면 와수리 1155,517804490224,강원특별자치도 철원군 서면 와수로146번길,9,,4278031022111550000000001,,강원특별자치도 철원군 서면 와수로146번길 9,269841,24058,,,,127.437660694463,38.2367362890647
MA0106202201A2120014,럽잇,,G2,소매,G221,기타 상품 소매,G22199,그 외 기타 상품 전문 소매업,G47859,그 외 기타 분류 안된 상품 전문 소매업,11,서울특별시,11320,도봉구,11320521,도봉1동,1132010800,도봉동,1132010800102820311,1,대지,282,311,서울특별시 도봉구 도봉동 282-311,113204127195,서울특별시 도봉구 도봉산4가길,5,5,,,서울특별시 도봉구 도봉산4가길 5-5,132806,01301,,,,127.041948500877,37.6879022663579
MA0106202201A1127429,뒷골목쭈마왕,,G2,소매,G221,기타 상품 소매,G22199,그 외 기타 상품 전문 소매업,G47859,그 외 기타 분류 안된 상품 전문 소매업,41,경기도,41135,성남시 분당구,41135670,구미동,4113511400,구미동,4113511400101560000,1,대지,156,,경기도 성남시 분당구 구미동 156,411352000005,경기도 성남시 분당구 성남대로,51,,4113511400101560000022152,,경기도 성남시 분당구 성남대로 51,463861,13636,,,,127.108099025936,37.3405053021179
MA0106202201A1454403,F35,,G2,소매,G221,기타 상품 소매,G22199,그 외 기타 상품 전문 소매업,G47859,그 외 기타 분류 안된 상품 전문 소매업,27,대구광역시,27230,북구,27230735,태전2동,2723012600,태전동,2723012600107930001,1,대지,793,1,대구광역시 북구 태전동 793-1,272302145001,대구광역시 북구 칠곡중앙대로,190,,2723012600107930001041810,,대구광역시 북구 칠곡중앙대로 190,702865,41484,,,,128.54874445342,35.9130477231102
MA0106202201A1069769,몰리고몰리다,,G2,소매,G221,기타 상품 소매,G22199,그 외 기타 상품 전문 소매업,G47859,그 외 기타 분류 안된 상품 전문 소매업,11,서울특별시,11230,동대문구,11230740,이문1동,1123011000,이문동,1123011000103310001,1,대지,331,1,서울특별시 동대문구 이문동 331-1,112304115345,서울특별시 동대문구 이문로25길,31,,1123011000103310001003643,,서울특별시 동대문구 이문로25길 31,130831,02451,,,,127.057760648814,37.595490629202
MA0106202201A0725994,필-보테가,,G2,소매,G221,기타 상품 소매,G22199,그 외 기타 상품 전문 소매업,G47859,그 외 기타 분류 안된 상품 전문 소매업,46,전라남도,46110,목포시,46110745,용해동,4611015900,용해동,4611015900104070001,1,대지,407,1,전라남도 목포시 용해동 407-1,461103281058,전라남도 목포시 용당로,344,,4611015900104070001050475,,전라남도 목포시 용당로 344,530841,58609,,,,126.39983256043,34.8173581356042
MA0106202201A2302188,곰방대,,G2,소매,G221,기타 상품 소매,G22199,그 외 기타 상품 전문 소매업,G47859,그 외 기타 분류 안된 상품 전문 소매업,26,부산광역시,26320,북구,26320510,구포1동,2632010500,구포동,2632010500106900029,1,대지,690,29,부산광역시 북구 구포동 690-29,263203132012,부산광역시 북구 시랑로,31,,,,부산광역시 북구 시랑로 31,616803,46600,,,,129.004500515524,35.2028698201543
MA0106202201A1633907,신앙촌상회,,G2,소매,G221,기타 상품 소매,G22199,그 외 기타 상품 전문 소매업,G47859,그 외 기타 분류 안된 상품 전문 소매업,11,서울특별시,11230,동대문구,11230610,답십리2동,1123010500,답십리동,1123010500100660040,1,대지,66,40,서울특별시 동대문구 답십리동 66-40,112304115086,서울특별시 동대문구 답십리로51길,3,8,1123010500100660040021973,,서울특별시 동대문구 답십리로51길 3-8,130883,02538,,,,127.058173582325,37.5731908470674
MA0106202201A2194480,평동아시아마트,,G2,소매,G221,기타 상품 소매,G22199,그 외 기타 상품 전문 소매업,G47859,그 외 기타 분류 안된 상품 전문 소매업,29,광주광역시,29200,광산구,29200670,평동,2920014500,옥동,2920014500100270016,1,대지,27,16,광주광역시 광산구 옥동 27-16,292003163051,광주광역시 광산구 평동로,751,2,,,광주광역시 광산구 평동로 751-2,506500,62420,,,,126.75691186548,35.1260848660097
MA0106202201A2358331,포프리,화순지점,G2,소매,G221,기타 상품 소매,G22199,그 외 기타 상품 전문 소매업,G47859,그 외 기타 분류 안된 상품 전문 소매업,29,광주광역시,29110,동구,29110740,지원2동,2911012300,월남동,2911012300103450000,1,대지,345,,광주광역시 동구 월남동 345,291104277239,광주광역시 동구 칠전길,2,,,,광주광역시 동구 칠전길 2,501240,61511,,,,126.933376585609,35.1070301072448
MA0106202201A2205850,웅부,,G2,소매,G221,기타 상품 소매,G22199,그 외 기타 상품 전문 소매업,G47859,그 외 기타 분류 안된 상품 전문 소매업,41,경기도,41370,오산시,41370550,세마동,4137011100,외삼미동,4137011100106320001,1,대지,632,1,경기도 오산시 외삼미동 632-1,413704394172,경기도 오산시 유엔평화로16번길,17,7,,,경기도 오산시 유엔평화로16번길 17-7,447230,18112,,,,127.049372774428,37.1864391448241
MA0106202201A1982290,수수케이크,,G2,소매,G221,기타 상품 소매,G22199,그 외 기타 상품 전문 소매업,G47859,그 외 기타 분류 안된 상품 전문 소매업,41,경기도,41210,광명시,41210632,하안2동,4121010300,하안동,4121010300106810000,1,대지,681,,경기도 광명시 하안동 681,412103187042,경기도 광명시 안현로,35,,,,경기도 광명시 안현로 35,423751,14245,,,,126.874796182581,37.4675142686518
MA0106202201A2362728,최가찬,,G2,소매,G221,기타 상품 소매,G22199,그 외 기타 상품 전문 소매업,G47859,그 외 기타 분류 안된 상품 전문 소매업,28,인천광역시,28245,계양구,28245621,작전1동,2824510300,작전동,2824510300101780003,1,대지,178,3,인천광역시 계양구 작전동 178-3,282453008034,인천광역시 계양구 주부토로,380,,,,인천광역시 계양구 주부토로 380,407818,21117,,,,126.729794751768,37.5283687398048
MA0106202201A1324628,광진시니어클럽우리동네북적북적,,G2,소매,G221,기타 상품 소매,G22199,그 외 기타 상품 전문 소매업,G47859,그 외 기타 분류 안된 상품 전문 소매업,11,서울특별시,11215,광진구,11215770,중곡4동,1121510100,중곡동,1121510100100830008,1,대지,83,8,서울특별시 광진구 중곡동 83-8,112153104008,서울특별시 광진구 영화사로,15,,1121510100100830008023177,,서울특별시 광진구 영화사로 15,143888,04945,,,,127.089319343086,37.5579085215413
MA0106202201A2165519,해든,,G2,소매,G221,기타 상품 소매,G22199,그 외 기타 상품 전문 소매업,G47859,그 외 기타 분류 안된 상품 전문 소매업,52,전북특별자치도,52113,전주시 덕진구,52113650,조촌동,5211312600,성덕동,5211312600101750014,1,대지,175,14,전북특별자치도 전주시 덕진구 성덕동 175-14,521134601283,전북특별자치도 전주시 덕진구 신성길,31,38,,,전북특별자치도 전주시 덕진구 신성길 31-38,561390,54801,,,,127.033788459392,35.8826295650574
MA0106202201A1688335,혜당,,G2,소매,G221,기타 상품 소매,G22199,그 외 기타 상품 전문 소매업,G47859,그 외 기타 분류 안된 상품 전문 소매업,27,대구광역시,27230,북구,27230770,읍내동,2723011800,읍내동,2723011800113430008,1,대지,1343,8,대구광역시 북구 읍내동 1343-8,272304235077,대구광역시 북구 구암로15길,11,,2723011800113430008004544,,대구광역시 북구 구암로15길 11,702849,41438,,,,128.549322869271,35.9336133258751
MA0106202201A2304989,감악산스테이,,G2,소매,G221,기타 상품 소매,G22199,그 외 기타 상품 전문 소매업,G47859,그 외 기타 분류 안된 상품 전문 소매업,28,인천광역시,28237,부평구,28237592,청천2동,2823710400,청천동,2823710400104250004,1,대지,425,4,인천광역시 부평구 청천동 425-4,282372008008,인천광역시 부평구 부평대로,293,,2823710400104250004013736,,인천광역시 부평구 부평대로 293,403858,21315,,,,126.720942348306,37.5176893266055
MA0106202201A1942289,시몽그룹,,G2,소매,G221,기타 상품 소매,G22199,그 외 기타 상품 전문 소매업,G47859,그 외 기타 분류 안된 상품 전문 소매업,11,서울특별시,11545,금천구,11545510,가산동,1154510100,가산동,1154510100104290001,1,대지,429,1,서울특별시 금천구 가산동 429-1,115453117002,서울특별시 금천구 가산디지털2로,108,,,,서울특별시 금천구 가산디지털2로 108,153779,08506,,,,126.880657782151,37.4778999665941
MA0106202201A1392909,쿸쿸제과,,G2,소매,G221,기타 상품 소매,G22199,그 외 기타 상품 전문 소매업,G47859,그 외 기타 분류 안된 상품 전문 소매업,50,제주특별자치도,50110,제주시,50110550,삼도1동,5011010500,삼도일동,5011010500103050130,1,대지,305,130,제주특별자치도 제주시 삼도일동 305-130,501103349176,제주특별자치도 제주시 전농로,96,,5011010500103050130035574,,제주특별자치도 제주시 전농로 96,690810,63180,,,,126.523345566823,33.5042088903673
MA0106202201A0994395,행복누리,,G2,소매,G221,기타 상품 소매,G22199,그 외 기타 상품 전문 소매업,G47859,그 외 기타 분류 안된 상품 전문 소매업,43,충청북도,43113,청주시 흥덕구,43113320,옥산면,4311332033,옥산면,4311332033111140001,1,대지,1114,1,충청북도 청주시 흥덕구 옥산면 남촌리 1114-1,431133240007,충청북도 청주시 흥덕구 옥산면 과학산업3로,29,,4371041033011140001010476,,충청북도 청주시 흥덕구 옥산면 과학산업3로 29,361911,28122,,,,127.41820589147,36.6980083905682
MA0106202201A1830373,쁨,,G2,소매,G221,기타 상품 소매,G22199,그 외 기타 상품 전문 소매업,G47859,그 외 기타 분류 안된 상품 전문 소매업,11,서울특별시,11260,중랑구,11260620,묵1동,1126010400,묵동,1126010400101210257,1,대지,121,257,서울특별시 중랑구 묵동 121-257,112604118051,서울특별시 중랑구 공릉로2다길,38,,,,서울특별시 중랑구 공릉로2다길 38,131849,02035,,,,127.080902950123,37.6138932682698
MA0106202201A2192672,시칠리안101,,G2,소매,G221,기타 상품 소매,G22199,그 외 기타 상품 전문 소매업,G47859,그 외 기타 분류 안된 상품 전문 소매업,26,부산광역시,26500,수영구,26500670,남천2동,2650010500,남천동,2650010500101480005,1,대지,148,5,부산광역시 수영구 남천동 148-5,265003138005,부산광역시 수영구 광안해변로,122,,,,부산광역시 수영구 광안해변로 122,613817,48305,,,,129.114964020447,35.1457946521878
MA0106202201A1377968,업푸드,,G2,소매,G221,기타 상품 소매,G22199,그 외 기타 상품 전문 소매업,G47859,그 외 기타 분류 안된 상품 전문 소매업,27,대구광역시,27140,동구,27140620,불로.봉무동,2714010500,봉무동,2714010500101420003,1,대지,142,3,대구광역시 동구 봉무동 142-3,271403000048,대구광역시 동구 팔공로,380,,2714010500101420003047443,,대구광역시 동구 팔공로 380,701170,41020,,,,128.643676447728,35.9327727462841
MA0106202201A1600536,웰더마,,G2,소매,G221,기타 상품 소매,G22199,그 외 기타 상품 전문 소매업,G47859,그 외 기타 분류 안된 상품 전문 소매업,28,인천광역시,28237,부평구,28237510,부평1동,2823710100,부평동,2823710100107980032,1,대지,798,32,인천광역시 부평구 부평동 798-32,282374262362,인천광역시 부평구 부평대로167번길,13,,2823710100107980032000325,,인천광역시 부평구 부평대로167번길 13,403825,21364,,,,126.719900421156,37.5059197805896
MA0106202201A1366723,베이비하우스,시흥점,G2,소매,G221,기타 상품 소매,G22199,그 외 기타 상품 전문 소매업,G47859,그 외 기타 분류 안된 상품 전문 소매업,41,경기도,41390,시흥시,41390596,배곧1동,4139013500,배곧동,4139013500101210000,1,대지,121,,경기도 시흥시 배곧동 121,413903350763,경기도 시흥시 배곧4로,18,,4139013200117720021000011,,경기도 시흥시 배곧4로 18,,15010,,,,126.726462758392,37.3779193317851
MA0106202201A2236980,피우다,,G2,소매,G221,기타 상품 소매,G22199,그 외 기타 상품 전문 소매업,G47859,그 외 기타 분류 안된 상품 전문 소매업,11,서울특별시,11170,용산구,11170520,용산2가동,1117010200,용산동2가,1117010200100050079,1,대지,5,79,서울특별시 용산구 용산동2가 5-79,111703102005,서울특별시 용산구 신흥로,13,1,,,서울특별시 용산구 신흥로 13-1,140834,04338,,,,126.986388081562,37.539849469057
MA0106202201A2175136,화산식품,,G2,소매,G221,기타 상품 소매,G22199,그 외 기타 상품 전문 소매업,G47859,그 외 기타 분류 안된 상품 전문 소매업,41,경기도,41590,화성시,41590256,우정읍,4159025631,우정읍,4159025631100100013,1,대지,10,13,경기도 화성시 우정읍 화산리 10-13,415903210010,경기도 화성시 우정읍 기아자동차로,701,,,,경기도 화성시 우정읍 기아자동차로 701,445953,18569,,,,126.809671573271,37.0696271127365
MA0106202201A2160165,낮달케이크,,G2,소매,G221,기타 상품 소매,G22199,그 외 기타 상품 전문 소매업,G47859,그 외 기타 분류 안된 상품 전문 소매업,41,경기도,41570,김포시,41570580,운양동,4157010300,운양동,4157010300113400004,1,대지,1340,4,경기도 김포시 운양동 1340-4,415703209021,경기도 김포시 김포한강1로,240,,,,경기도 김포시 김포한강1로 240,415050,10078,,,,126.684424100756,37.6528359338811
MA0106202201A1196386,유한푸르미,,G2,소매,G221,기타 상품 소매,G22199,그 외 기타 상품 전문 소매업,G47859,그 외 기타 분류 안된 상품 전문 소매업,29,광주광역시,29170,북구,29170666,삼각동,2917011600,삼각동,2917011600107970003,1,대지,797,3,광주광역시 북구 삼각동 797-3,291703162037,광주광역시 북구 송해로,35,,2917011600107970003034112,,광주광역시 북구 송해로 35,500826,61049,,,,126.900553190301,35.2015693068516
MA0106202201A0802686,오드리,,G2,소매,G221,기타 상품 소매,G22199,그 외 기타 상품 전문 소매업,G47859,그 외 기타 분류 안된 상품 전문 소매업,30,대전광역시,30140,중구,30140740,산성동,3014011700,산성동,3014011700103280002,1,대지,328,2,대전광역시 중구 산성동 328-2,301404295446,대전광역시 중구 산성로16번길,46,,3014011700103280002022749,,대전광역시 중구 산성로16번길 46,301819,35013,,,,127.392955838732,36.3061114356203
MA0106202201A1673765,로로컴퍼니,,G2,소매,G221,기타 상품 소매,G22199,그 외 기타 상품 전문 소매업,G47859,그 외 기타 분류 안된 상품 전문 소매업,29,광주광역시,29140,서구,29140745,치평동,2914012000,치평동,2914012000111810002,1,대지,1181,2,광주광역시 서구 치평동 1181-2,291403160023,광주광역시 서구 상무중앙로,57,,2914012000111810002003675,,광주광역시 서구 상무중앙로 57,502827,61950,,,,126.847847217925,35.1521202400046
MA0106202201A1294607,하베스티나,,G2,소매,G221,기타 상품 소매,G22199,그 외 기타 상품 전문 소매업,G47859,그 외 기타 분류 안된 상품 전문 소매업,41,경기도,41273,안산시 단원구,41273525,고잔동,4127310100,고잔동,4127310100105260003,1,대지,526,3,경기도 안산시 단원구 고잔동 526-3,412732190002,경기도 안산시 단원구 중앙대로,831,,4127310100105260003017206,,경기도 안산시 단원구 중앙대로 831,425801,15358,,,,126.828915027499,37.3175628139666
MA0106202201A1257822,순천농협남도김치광양,대리점,G2,소매,G221,기타 상품 소매,G22199,그 외 기타 상품 전문 소매업,G47859,그 외 기타 분류 안된 상품 전문 소매업,46,전라남도,46230,광양시,46230250,광양읍,4623025035,광양읍,4623025035117270006,1,대지,1727,6,전라남도 광양시 광양읍 덕례리 1727-6,462303285010,전라남도 광양시 광양읍 대림오성로,132,1,4623025035117270006026076,,전라남도 광양시 광양읍 대림오성로 132-1,545802,57762,,,,127.576164951772,34.9645890084499
MA0106202201A2347293,오늘은로또,,G2,소매,G221,기타 상품 소매,G22199,그 외 기타 상품 전문 소매업,G47859,그 외 기타 분류 안된 상품 전문 소매업,30,대전광역시,30140,중구,30140620,석교동,3014010900,옥계동,3014010900100420020,1,대지,42,20,대전광역시 중구 옥계동 42-20,301403010004,대전광역시 중구 대종로,80,,,,대전광역시 중구 대종로 80,301820,35040,,,,127.453768788195,36.3001465592261
MA0106202201A1982806,진아식당-원조고동국,,G2,소매,G221,기타 상품 소매,G22199,그 외 기타 상품 전문 소매업,G47859,그 외 기타 분류 안된 상품 전문 소매업,48,경상남도,48270,밀양시,48270530,삼문동,4827010400,삼문동,4827010400107290004,1,대지,729,4,경상남도 밀양시 삼문동 729-4,482703336017,경상남도 밀양시 미리벌중앙로,85,,4827010400107290004000001,,경상남도 밀양시 미리벌중앙로 85,627150,50434,,,,128.747223288458,35.4850279278894
MA0106202201A1045729,시원사이언스,,G2,소매,G221,기타 상품 소매,G22199,그 외 기타 상품 전문 소매업,G47859,그 외 기타 분류 안된 상품 전문 소매업,29,광주광역시,29140,서구,29140660,농성2동,2914010600,농성동,2914010600106390036,1,대지,639,36,광주광역시 서구 농성동 639-36,291402009001,광주광역시 서구 대남대로,446,,2914010600106390036015565,,광주광역시 서구 대남대로 446,502812,61927,,,,126.887391756395,35.1500632748727
MA0106202201A1966681,빅스타푸드,,G2,소매,G221,기타 상품 소매,G22199,그 외 기타 상품 전문 소매업,G47859,그 외 기타 분류 안된 상품 전문 소매업,52,전북특별자치도,52113,전주시 덕진구,52113560,인후3동,5211310300,인후동1가,5211310300108800010,1,대지,880,10,전북특별자치도 전주시 덕진구 인후동1가 880-10,521134601012,전북특별자치도 전주시 덕진구 가재미1길,10,6,,,전북특별자치도 전주시 덕진구 가재미1길 10-6,561845,55020,,,,127.161589970813,35.8286846915568
MA0106202201A1066348,별미담제작소,,G2,소매,G221,기타 상품 소매,G22199,그 외 기타 상품 전문 소매업,G47859,그 외 기타 분류 안된 상품 전문 소매업,48,경상남도,48330,양산시,48330570,덕계동,4833012000,덕계동,4833012000106680005,1,대지,668,5,경상남도 양산시 덕계동 668-5,483303338016,경상남도 양산시 덕계로,21,,4833012000106680005029315,,경상남도 양산시 덕계로 21,626842,50556,,,,129.14810983922,35.3701789485124
MA0106202201A1216991,천지물산,,G2,소매,G221,기타 상품 소매,G22199,그 외 기타 상품 전문 소매업,G47859,그 외 기타 분류 안된 상품 전문 소매업,29,광주광역시,29200,광산구,29200700,신창동,2920011800,신창동,2920011800100770274,1,대지,77,274,광주광역시 광산구 신창동 77-274,292002009002,광주광역시 광산구 북문대로,329,1,2920011800100770274043169,,광주광역시 광산구 북문대로 329-1,506838,62290,,,,126.856473680694,35.1893838535312
MA0106202201A2016321,다인,,G2,소매,G221,기타 상품 소매,G22199,그 외 기타 상품 전문 소매업,G47859,그 외 기타 분류 안된 상품 전문 소매업,41,경기도,41390,시흥시,41390630,연성동,4139011900,하중동,4139011900108180001,1,대지,818,1,경기도 시흥시 하중동 818-1,413903199006,경기도 시흥시 관곡지로,44,,,,경기도 시흥시 관곡지로 44,429251,14975,,,,126.799249331792,37.400518738658
MA0106202201A1490900,도산민물휴게실,,G2,소매,G221,기타 상품 소매,G22199,그 외 기타 상품 전문 소매업,G47859,그 외 기타 분류 안된 상품 전문 소매업,47,경상북도,47170,안동시,47170420,도산면,4717042031,도산면,4717042031100670001,1,대지,67,1,경상북도 안동시 도산면 동부리 67-1,471703307040,경상북도 안동시 도산면 퇴계로,2125,,4717042031100670001029442,,경상북도 안동시 도산면 퇴계로 2125,760933,36605,,,,128.821514342267,36.7074408695638
MA0106202201A2233600,또또바,고척점,G2,소매,G221,기타 상품 소매,G22199,그 외 기타 상품 전문 소매업,G47859,그 외 기타 분류 안된 상품 전문 소매업,11,서울특별시,11500,강서구,11500540,화곡1동,1150010300,화곡동,1150010300103690041,1,대지,369,41,서울특별시 강서구 화곡동 369-41,115004145011,서울특별시 강서구 가로공원로82길,44,,,,서울특별시 강서구 가로공원로82길 44,157884,07765,,,,126.840411638951,37.535462670608
MA0106202201A1357524,브레튼,,G2,소매,G221,기타 상품 소매,G22199,그 외 기타 상품 전문 소매업,G47859,그 외 기타 분류 안된 상품 전문 소매업,26,부산광역시,26500,수영구,26500780,광안3동,2650010400,광안동,2650010400100770017,1,대지,77,17,부산광역시 수영구 광안동 77-17,265004214198,부산광역시 수영구 무학로49번길,86,,2650010400100770017006916,,부산광역시 수영구 무학로49번길 86,613800,48267,,,,129.118210515439,35.1647972656758
MA0106202201A1376141,양종인바른식당,,G2,소매,G221,기타 상품 소매,G22199,그 외 기타 상품 전문 소매업,G47859,그 외 기타 분류 안된 상품 전문 소매업,29,광주광역시,29170,북구,29170657,문흥2동,2917011200,문흥동,2917011200110050002,1,대지,1005,2,광주광역시 북구 문흥동 1005-2,291703162009,광주광역시 북구 대천로,113,15,2917011200110050002036504,,광주광역시 북구 대천로 113-15,500823,61132,,,,126.918775476066,35.1862328374263
MA0106202201A1231912,월매추어탕,,G2,소매,G221,기타 상품 소매,G22199,그 외 기타 상품 전문 소매업,G47859,그 외 기타 분류 안된 상품 전문 소매업,46,전라남도,46860,함평군,46860250,함평읍,4686025023,함평읍,4686025023102100003,1,대지,210,3,전라남도 함평군 함평읍 내교리 210-3,468604691047,전라남도 함평군 함평읍 내바람길,65,,4686025023102100003044392,,전라남도 함평군 함평읍 내바람길 65,525803,57153,,,,126.522268613534,35.0628959354305
MA0106202201A2131959,암마메이드,,G2,소매,G221,기타 상품 소매,G22199,그 외 기타 상품 전문 소매업,G47859,그 외 기타 분류 안된 상품 전문 소매업,29,광주광역시,29140,서구,29140760,화정1동,2914012100,내방동,2914012100104650004,1,대지,465,4,광주광역시 서구 내방동 465-4,291404280338,광주광역시 서구 월드컵4강로226번길,5,,,,광주광역시 서구 월드컵4강로226번길 5,502808,61971,,,,126.870371033704,35.1566352017739
MA0106202201A2332246,에듀야,,G2,소매,G221,기타 상품 소매,G22199,그 외 기타 상품 전문 소매업,G47859,그 외 기타 분류 안된 상품 전문 소매업,29,광주광역시,29170,북구,29170603,운암3동,2917010900,운암동,2917010900110390001,1,대지,1039,1,광주광역시 북구 운암동 1039-1,291704286290,광주광역시 북구 북문대로159번길,15,,,,광주광역시 북구 북문대로159번길 15,500860,61267,,,,126.871307291931,35.1823699551523
MA0106202201A1852537,가온유통,,G2,소매,G221,기타 상품 소매,G22199,그 외 기타 상품 전문 소매업,G47859,그 외 기타 분류 안된 상품 전문 소매업,50,제주특별자치도,50110,제주시,50110610,삼양동,5011013000,도련일동,5011013000116180000,1,대지,1618,,제주특별자치도 제주시 도련일동 1618,501104847526,제주특별자치도 제주시 도련2길,14,,,,제주특별자치도 제주시 도련2길 14,690071,63325,,,,126.589635746172,33.5073403056318
MA0106202201A1385378,의령손맛본가,,G2,소매,G221,기타 상품 소매,G22199,그 외 기타 상품 전문 소매업,G47859,그 외 기타 분류 안된 상품 전문 소매업,48,경상남도,48720,의령군,48720310,가례면,4872031021,가례면,4872031021107330001,1,대지,733,1,경상남도 의령군 가례면 갑을리 733-1,487203336002,경상남도 의령군 가례면 가례로,885,28,4872031021107330001013670,,경상남도 의령군 가례면 가례로 885-28,636822,52131,,,,128.217040014469,35.3858966814197
MA0106202201A1240588,다강간장꽃게장,,G2,소매,G221,기타 상품 소매,G22199,그 외 기타 상품 전문 소매업,G47859,그 외 기타 분류 안된 상품 전문 소매업,46,전라남도,46810,강진군,46810250,강진읍,4681025022,강진읍,4681025022100780000,1,대지,78,,전라남도 강진군 강진읍 남성리 78,468104679264,전라남도 강진군 강진읍 연지길,25,1,4681025022100780000605680,,전라남도 강진군 강진읍 연지길 25-1,527802,59229,,,,126.769427641909,34.6412562453746
MA0106202201A1161763,베스트이하나마켓,,G2,소매,G221,기타 상품 소매,G22199,그 외 기타 상품 전문 소매업,G47859,그 외 기타 분류 안된 상품 전문 소매업,11,서울특별시,11650,서초구,11650652,양재2동,1165010200,양재동,1165010200103720009,1,대지,372,9,서울특별시 서초구 양재동 372-9,116504163007,서울특별시 서초구 강남대로10길,91,,1165010200103720009003265,,서울특별시 서초구 강남대로10길 91,137898,06785,,,,127.043522486695,37.4706720600121
MA0106202201A2311929,별빛마을기프트샾,,G2,소매,G221,기타 상품 소매,G22199,그 외 기타 상품 전문 소매업,G47859,그 외 기타 분류 안된 상품 전문 소매업,41,경기도,41271,안산시 상록구,41271570,부곡동,4127110700,부곡동,4127110700102160003,1,대지,216,3,경기도 안산시 상록구 부곡동 216-3,412713000064,경기도 안산시 상록구 수인로,1721,,,,경기도 안산시 상록구 수인로 1721,426819,15207,,,,126.863194645716,37.339015921969
MA0106202201A0821254,비알시티키친166,,G2,소매,G221,기타 상품 소매,G22199,그 외 기타 상품 전문 소매업,G47859,그 외 기타 분류 안된 상품 전문 소매업,11,서울특별시,11110,종로구,11110530,사직동,1111011500,사직동,1111011500102620004,1,대지,262,4,서울특별시 종로구 사직동 262-4,111103100011,서울특별시 종로구 인왕산로,3,,1111011500102620004028069,,서울특별시 종로구 인왕산로 3,110054,03028,,,,126.967171221101,37.5748314162178
MA0106202201A1738036,장수족욕,,G2,소매,G221,기타 상품 소매,G22199,그 외 기타 상품 전문 소매업,G47859,그 외 기타 분류 안된 상품 전문 소매업,26,부산광역시,26530,사상구,26530670,학장동,2653010700,학장동,2653010700106130002,1,대지,613,2,부산광역시 사상구 학장동 613-2,265303139006,부산광역시 사상구 대동로,158,,2653010700106130002008373,,부산광역시 사상구 대동로 158,617846,47049,,,,128.983874587151,35.1416143584121
MA0106202201A1684469,여우청,,G2,소매,G221,기타 상품 소매,G22199,그 외 기타 상품 전문 소매업,G47859,그 외 기타 분류 안된 상품 전문 소매업,41,경기도,41480,파주시,41480250,문산읍,4148025023,문산읍,4148025023113610005,1,대지,1361,5,경기도 파주시 문산읍 선유리 1361-5,414804418969,경기도 파주시 문산읍 돈유안길,121,,4148025023113610005000001,,경기도 파주시 문산읍 돈유안길 121,413902,10832,,,,126.807424409967,37.8621878895803
MA0106202201A0976154,나노스코프시스템즈,,G2,소매,G221,기타 상품 소매,G22199,그 외 기타 상품 전문 소매업,G47859,그 외 기타 분류 안된 상품 전문 소매업,30,대전광역시,30200,유성구,30200600,관평동,3020014600,관평동,3020014600113590000,1,대지,1359,,대전광역시 유성구 관평동 1359,302003167073,대전광역시 유성구 테크노3로,65,,3020014600113590000000197,,대전광역시 유성구 테크노3로 65,305509,34016,,,,127.390776868893,36.4293268166694
MA0106202201A0901940,대전양산,,G2,소매,G221,기타 상품 소매,G22199,그 외 기타 상품 전문 소매업,G47859,그 외 기타 분류 안된 상품 전문 소매업,30,대전광역시,30110,동구,30110515,중앙동,3011010100,원동,3011010100100380001,1,대지,38,1,대전광역시 동구 원동 38-1,301104292485,대전광역시 동구 중앙로200번길,73,,3011010100100380001025786,,대전광역시 동구 중앙로200번길 73,300010,34630,,,,127.433358723795,36.3277803227114
MA0106202201A1976386,가스펠글로벌,,G2,소매,G221,기타 상품 소매,G22199,그 외 기타 상품 전문 소매업,G47859,그 외 기타 분류 안된 상품 전문 소매업,47,경상북도,47290,경산시,47290541,서부1동,4729010700,옥곡동,4729010700108120006,1,대지,812,6,경상북도 경산시 옥곡동 812-6,472904739043,경상북도 경산시 경산로16길,7,,,,경상북도 경산시 경산로16길 7,712080,38686,,,,128.731931641296,35.8164402161064
MA0106202201A1940542,세계과자할인점,,G2,소매,G221,기타 상품 소매,G22199,그 외 기타 상품 전문 소매업,G47859,그 외 기타 분류 안된 상품 전문 소매업,48,경상남도,48170,진주시,48170565,중앙동,4817010900,대안동,4817010900100180001,1,대지,18,1,경상남도 진주시 대안동 18-1,481704797291,경상남도 진주시 진주대로1069번길,7,,,,경상남도 진주시 진주대로1069번길 7,660140,52684,,,,128.082940886852,35.1946495162712
MA0106202201A1933713,신신의료기화성,동탄지점,G2,소매,G221,기타 상품 소매,G22199,그 외 기타 상품 전문 소매업,G47859,그 외 기타 분류 안된 상품 전문 소매업,41,경기도,41171,안양시 만안구,41171540,안양4동,4117110100,안양동,4117110100111950055,1,대지,1195,55,경기도 안양시 만안구 안양동 1195-55,411714346197,경기도 안양시 만안구 안양로319번길,42,,,,경기도 안양시 만안구 안양로319번길 42,430837,14001,,,,126.918108686696,37.3991921331699
MA0106202201A0927446,지엘코스메틱,,G2,소매,G221,기타 상품 소매,G22199,그 외 기타 상품 전문 소매업,G47859,그 외 기타 분류 안된 상품 전문 소매업,28,인천광역시,28185,연수구,28185790,동춘2동,2818510500,동춘동,2818510500109360008,1,대지,936,8,인천광역시 연수구 동춘동 936-8,281853008020,인천광역시 연수구 앵고개로,262,,2818510500109360008163649,,인천광역시 연수구 앵고개로 262,406802,21972,,,,126.672557200919,37.4074889533017
MA0106202201A1404839,인천줄눈시공,,G2,소매,G221,기타 상품 소매,G22199,그 외 기타 상품 전문 소매업,G47859,그 외 기타 분류 안된 상품 전문 소매업,28,인천광역시,28200,남동구,28200521,구월3동,2820010100,구월동,2820010100111760009,1,대지,1176,9,인천광역시 남동구 구월동 1176-9,282004259652,인천광역시 남동구 인하로535번길,13,,2820010100111760009006137,,인천광역시 남동구 인하로535번길 13,405223,21575,,,,126.706198905715,37.4437440531215
MA0106202201A0743834,농축가할인매장,,G2,소매,G221,기타 상품 소매,G22199,그 외 기타 상품 전문 소매업,G47859,그 외 기타 분류 안된 상품 전문 소매업,43,충청북도,43114,청주시 청원구,43114250,내수읍,4311425021,내수읍,4311425021100360006,1,대지,36,6,충청북도 청주시 청원구 내수읍 내수리 36-6,431143014017,충청북도 청주시 청원구 내수읍 내수로,719,,4371025021000360006049036,,충청북도 청주시 청원구 내수읍 내수로 719,363932,28144,,,,127.535316333686,36.7260507074653
MA0106202201A0907702,묭반찬한식까페,,G2,소매,G221,기타 상품 소매,G22199,그 외 기타 상품 전문 소매업,G47859,그 외 기타 분류 안된 상품 전문 소매업,27,대구광역시,27260,수성구,27260680,고산2동,2726011400,시지동,2726011400105050000,1,대지,505,,대구광역시 수성구 시지동 505,272604238050,대구광역시 수성구 노변공원로3길,6,,2726011400105050000026562,,대구광역시 수성구 노변공원로3길 6,706220,42256,,,,128.699561882374,35.8404399800843
MA0106202201A1769371,에스제이네트웍스하,남지점,G2,소매,G221,기타 상품 소매,G22199,그 외 기타 상품 전문 소매업,G47859,그 외 기타 분류 안된 상품 전문 소매업,41,경기도,41450,하남시,41450560,덕풍3동,4145010800,덕풍동,4145010800107420000,1,대지,742,,경기도 하남시 덕풍동 742,414503202016,경기도 하남시 덕풍동로,111,50,4145010800107420000000001,,경기도 하남시 덕풍동로 111-50,465831,12927,,,,127.208614193063,37.5520547031383
MA0106202201A0805129,세계과자,전문점,G2,소매,G221,기타 상품 소매,G22199,그 외 기타 상품 전문 소매업,G47859,그 외 기타 분류 안된 상품 전문 소매업,41,경기도,41480,파주시,41480570,운정3동,4148010800,야당동,4148010800110660002,1,대지,1066,2,경기도 파주시 야당동 1066-2,414803012061,경기도 파주시 경의로,1068,,4148010800110660002000001,,경기도 파주시 경의로 1068,413200,10908,,,,126.759668964489,37.712585767347
MA0106202201A1652720,자연애굼,,G2,소매,G221,기타 상품 소매,G22199,그 외 기타 상품 전문 소매업,G47859,그 외 기타 분류 안된 상품 전문 소매업,41,경기도,41630,양주시,41630330,광적면,4163033021,광적면,4163033021108720004,1,대지,872,4,경기도 양주시 광적면 가납리 872-4,416303212031,경기도 양주시 광적면 삼일로,13,,4163033021108720004000001,,경기도 양주시 광적면 삼일로 13,482841,11419,,,,126.986643326734,37.8207025244441
MA0106202201A2137893,간식몽땅,,G2,소매,G221,기타 상품 소매,G22199,그 외 기타 상품 전문 소매업,G47859,그 외 기타 분류 안된 상품 전문 소매업,48,경상남도,48121,창원시 의창구,48121540,봉림동,4812112500,사림동,4812112500100320001,1,대지,32,1,경상남도 창원시 의창구 사림동 32-1,481214781293,경상남도 창원시 의창구 사림로149번길,6,4,4812112500100320001011180,,경상남도 창원시 의창구 사림로149번길 6-4,641824,51153,,,,128.685468467184,35.2416904881052
MA0106202201A1391768,주노네분식,,G2,소매,G221,기타 상품 소매,G22199,그 외 기타 상품 전문 소매업,G47859,그 외 기타 분류 안된 상품 전문 소매업,46,전라남도,46110,목포시,46110750,이로동,4611015900,용해동,4611015900101520017,1,대지,152,17,전라남도 목포시 용해동 152-17,461103281037,전라남도 목포시 삼학로,328,,4611015900101520160032599,,전라남도 목포시 삼학로 328,530840,58668,,,,126.409410187617,34.8000801876768
MA0106202201A1970010,엔젤스마켓,,G2,소매,G221,기타 상품 소매,G22199,그 외 기타 상품 전문 소매업,G47859,그 외 기타 분류 안된 상품 전문 소매업,30,대전광역시,30140,중구,30140535,은행선화동,3014010100,은행동,3014010100100190015,1,대지,19,15,대전광역시 중구 은행동 19-15,301403010011,대전광역시 중구 선화로,152,,,,대전광역시 중구 선화로 152,301838,34832,,,,127.423701152857,36.3315818660563
MA0106202201A1202015,굿럭스토어,,G2,소매,G221,기타 상품 소매,G22199,그 외 기타 상품 전문 소매업,G47859,그 외 기타 분류 안된 상품 전문 소매업,47,경상북도,47130,경주시,47130615,용강동,4713012500,용강동,4713012500113320005,1,대지,1332,5,경상북도 경주시 용강동 1332-5,471304715834,경상북도 경주시 양정로328번길,18,,4713012500113320005013052,,경상북도 경주시 양정로328번길 18,780959,38095,,,,129.225499258556,35.8624836117012
MA0106202201A2329540,드랍슛,,G2,소매,G221,기타 상품 소매,G22199,그 외 기타 상품 전문 소매업,G47859,그 외 기타 분류 안된 상품 전문 소매업,41,경기도,41360,남양주시,41360259,진건읍,4136025926,진건읍,4136025926103880002,1,대지,388,2,경기도 남양주시 진건읍 송능리 388-2,413604391431,경기도 남양주시 진건읍 사릉로156번길,69,7,,,경기도 남양주시 진건읍 사릉로156번길 69-7,472835,12140,,,,127.201314270356,37.6485002648519
MA0106202201A2290908,과일_츄릅,,G2,소매,G221,기타 상품 소매,G22199,그 외 기타 상품 전문 소매업,G47859,그 외 기타 분류 안된 상품 전문 소매업,29,광주광역시,29140,서구,29140745,치평동,2914012000,치평동,2914012000112540001,1,대지,1254,1,광주광역시 서구 치평동 1254-1,291403160023,광주광역시 서구 상무중앙로,24,,,,광주광역시 서구 상무중앙로 24,502827,61963,,,,126.84888476598,35.1489126968886
MA0106202201A1043423,스위트라라,,G2,소매,G221,기타 상품 소매,G22199,그 외 기타 상품 전문 소매업,G47859,그 외 기타 분류 안된 상품 전문 소매업,52,전북특별자치도,52111,전주시 완산구,52111510,중앙동,5211111600,다가동4가,5211111600101210000,1,대지,121,,전북특별자치도 전주시 완산구 다가동4가 121,521114598332,전북특별자치도 전주시 완산구 전주객사1길,87,,4511111600101230001019187,,전북특별자치도 전주시 완산구 전주객사1길 87,560054,54999,,,,127.138145946522,35.8199717079442
MA0106202201A2063194,제이제이푸드,,G2,소매,G221,기타 상품 소매,G22199,그 외 기타 상품 전문 소매업,G47859,그 외 기타 분류 안된 상품 전문 소매업,41,경기도,41220,평택시,41220620,비전1동,4122011800,비전동,4122011800110530008,1,대지,1053,8,경기도 평택시 비전동 1053-8,412204838186,경기도 평택시 비전9길,12,69,,,경기도 평택시 비전9길 12-69,450151,17855,,,,127.112642065999,37.0035062247922
MA0106202201A1091935,엠에스푸드,,G2,소매,G221,기타 상품 소매,G22199,그 외 기타 상품 전문 소매업,G47859,그 외 기타 분류 안된 상품 전문 소매업,44,충청남도,44131,천안시 동남구,44131560,일봉동,4413111400,다가동,4413111400103740002,1,대지,374,2,충청남도 천안시 동남구 다가동 374-2,441314550599,충청남도 천안시 동남구 차돌고개2길,18,,4413111400103740002026668,,충청남도 천안시 동남구 차돌고개2길 18,330110,31154,,,,127.134877295443,36.8001776205737
MA0106202201A0996517,빅씨마트,,G2,소매,G221,기타 상품 소매,G22199,그 외 기타 상품 전문 소매업,G47859,그 외 기타 분류 안된 상품 전문 소매업,48,경상남도,48330,양산시,48330550,소주동,4833011700,소주동,4833011700110200034,1,대지,1020,34,경상남도 양산시 소주동 1020-34,483303338047,경상남도 양산시 소주로,180,,4833011700110200034037483,,경상남도 양산시 소주로 180,626280,50516,,,,129.148790460447,35.4124201135148
MA0106202201A1430252,해피월드웰빙플러스,,G2,소매,G221,기타 상품 소매,G22199,그 외 기타 상품 전문 소매업,G47859,그 외 기타 분류 안된 상품 전문 소매업,11,서울특별시,11350,노원구,11350665,상계3.4동,1135010500,상계동,1135010500100670007,1,대지,67,7,서울특별시 노원구 상계동 67-7,113504130119,서울특별시 노원구 덕릉로126길,11,,1135010500100670000004860,,서울특별시 노원구 덕릉로126길 11,139810,01643,,,,127.08183724103,37.6705915550784
MA0106202201A1987380,토크서비스,,G2,소매,G221,기타 상품 소매,G22199,그 외 기타 상품 전문 소매업,G47859,그 외 기타 분류 안된 상품 전문 소매업,27,대구광역시,27230,북구,27230735,태전2동,2723012600,태전동,2723012600105610001,1,대지,561,1,대구광역시 북구 태전동 561-1,272303145052,대구광역시 북구 학정로,102,51,,,대구광역시 북구 학정로 102-51,702865,41484,,,,128.55146942345,35.9164458907475
MA0106202201A2307954,아이스크림살래문정시영,,G2,소매,G221,기타 상품 소매,G22199,그 외 기타 상품 전문 소매업,G47859,그 외 기타 분류 안된 상품 전문 소매업,11,서울특별시,11710,송파구,11710620,가락본동,1171010700,가락동,1171010700100490000,1,대지,49,,서울특별시 송파구 가락동 49,117103123011,서울특별시 송파구 송이로,91,,,,서울특별시 송파구 송이로 91,138801,05714,,,,127.120957510894,37.4980628705114
MA0106202201A0820794,비스튜디오,,G2,소매,G221,기타 상품 소매,G22199,그 외 기타 상품 전문 소매업,G47859,그 외 기타 분류 안된 상품 전문 소매업,29,광주광역시,29155,남구,29155510,양림동,2915511300,양림동,2915511300100730011,1,대지,73,11,광주광역시 남구 양림동 73-11,291553161014,광주광역시 남구 정율성로,18,1,2915511300100730011031274,,광주광역시 남구 정율성로 18-1,503821,61663,,,,126.917353480075,35.1375855281226
MA0106202201A1511159,이안푸드,,G2,소매,G221,기타 상품 소매,G22199,그 외 기타 상품 전문 소매업,G47859,그 외 기타 분류 안된 상품 전문 소매업,11,서울특별시,11230,동대문구,11230545,제기동,1123010300,제기동,1123010300101360206,1,대지,136,206,서울특별시 동대문구 제기동 136-206,112304115045,서울특별시 동대문구 고산자로60길,9,,1123010300101220521032583,,서울특별시 동대문구 고산자로60길 9,130860,02465,,,,127.037284692886,37.5889666817657
MA0106202201A1046086,공우이엔씨한강잠원,3호점,G2,소매,G221,기타 상품 소매,G22199,그 외 기타 상품 전문 소매업,G47859,그 외 기타 분류 안된 상품 전문 소매업,11,서울특별시,11650,서초구,11650540,잠원동,1165010600,잠원동,1165010600101210000,1,대지,121,,서울특별시 서초구 잠원동 121,116503121019,서울특별시 서초구 잠원로,221,124,1165010600101210008019803,,서울특별시 서초구 잠원로 221-124,137030,06513,,,,127.012273622249,37.5207573942444
MA0106202201A2275168,장금이,,G2,소매,G221,기타 상품 소매,G22199,그 외 기타 상품 전문 소매업,G47859,그 외 기타 분류 안된 상품 전문 소매업,52,전북특별자치도,52130,군산시,52130702,나운2동,5213014400,나운동,5213014400105270000,1,대지,527,,전북특별자치도 군산시 나운동 527,521303268013,전북특별자치도 군산시 나운로,43,,,,전북특별자치도 군산시 나운로 43,573777,54135,,,,126.70198390839,35.9683511846097
MA0106202201A1744076,백의민족,,G2,소매,G221,기타 상품 소매,G22199,그 외 기타 상품 전문 소매업,G47859,그 외 기타 분류 안된 상품 전문 소매업,11,서울특별시,11530,구로구,11530540,구로3동,1153010200,구로동,1153010200102220012,1,대지,222,12,서울특별시 구로구 구로동 222-12,115304148334,서울특별시 구로구 디지털로30길,28,,1153010200102220012026811,,서울특별시 구로구 디지털로30길 28,152741,08389,,,,126.895281382817,37.4821125329145
MA0106202201A1176161,참향나무,,G2,소매,G221,기타 상품 소매,G22199,그 외 기타 상품 전문 소매업,G47859,그 외 기타 분류 안된 상품 전문 소매업,11,서울특별시,11680,강남구,11680590,삼성2동,1168010500,삼성동,1168010500101440024,1,대지,144,24,서울특별시 강남구 삼성동 144-24,116803122010,서울특별시 강남구 테헤란로,441,,1168010500101440024000001,,서울특별시 강남구 테헤란로 441,135877,06158,,,,127.055385086279,37.5069056262391
MA0106202201A1352565,오케이찹쌀꽈배기,,G2,소매,G221,기타 상품 소매,G22199,그 외 기타 상품 전문 소매업,G47859,그 외 기타 분류 안된 상품 전문 소매업,31,울산광역시,31710,울주군,31710253,언양읍,3171025332,언양읍,3171025332101240002,1,대지,124,2,울산광역시 울주군 언양읍 남부리 124-2,317104319907,울산광역시 울주군 언양읍 장터1길,22,,3171025332101240002010385,,울산광역시 울주군 언양읍 장터1길 22,689802,44946,,,,129.125694426382,35.5637012940865
MA0106202201A1072094,비긴사이언스,,G2,소매,G221,기타 상품 소매,G22199,그 외 기타 상품 전문 소매업,G47859,그 외 기타 분류 안된 상품 전문 소매업,29,광주광역시,29200,광산구,29200637,수완동,2920011400,수완동,2920011400112730000,1,대지,1273,,광주광역시 광산구 수완동 1273,292004289345,광주광역시 광산구 수완로74번길,11,2,2920011400112730000000001,,광주광역시 광산구 수완로74번길 11-2,506304,62248,,,,126.829743418258,35.1921434225061
MA0106202201A1458582,협진티앤디,,G2,소매,G221,기타 상품 소매,G22199,그 외 기타 상품 전문 소매업,G47859,그 외 기타 분류 안된 상품 전문 소매업,27,대구광역시,27230,북구,27230620,산격2동,2723011100,산격동,2723011100118220000,1,대지,1822,,대구광역시 북구 산격동 1822,272304235306,대구광역시 북구 유통단지로24길,48,,2723011100118220000003902,,대구광역시 북구 유통단지로24길 48,702845,41516,,,,128.617276982924,35.905791015708
MA0106202201A0829001,에스엘사이언스,,G2,소매,G221,기타 상품 소매,G22199,그 외 기타 상품 전문 소매업,G47859,그 외 기타 분류 안된 상품 전문 소매업,11,서울특별시,11290,성북구,11290620,정릉1동,1129013300,정릉동,1129013300101750018,1,대지,175,18,서울특별시 성북구 정릉동 175-18,112904121621,서울특별시 성북구 정릉로31나길,11,,1129013300101750018035303,,서울특별시 성북구 정릉로31나길 11,136840,02719,,,,127.015084552647,37.6043425186566
MA0106202201A2232430,고양이생선,,G2,소매,G221,기타 상품 소매,G22199,그 외 기타 상품 전문 소매업,G47859,그 외 기타 분류 안된 상품 전문 소매업,51,강원특별자치도,51130,원주시,51130390,신림면,5113039027,신림면,5113039027106580003,1,대지,658,3,강원특별자치도 원주시 신림면 송계리 658-3,511303013005,강원특별자치도 원주시 신림면 신림황둔로,1246,,,,강원특별자치도 원주시 신림면 신림황둔로 1246,220864,26507,,,,128.192742463105,37.2617695234315
MA0106202201A1899034,이목,,G2,소매,G221,기타 상품 소매,G22199,그 외 기타 상품 전문 소매업,G47859,그 외 기타 분류 안된 상품 전문 소매업,48,경상남도,48330,양산시,48330253,물금읍,4833025323,물금읍,4833025323112690018,1,대지,1269,18,경상남도 양산시 물금읍 가촌리 1269-18,483303338100,경상남도 양산시 물금읍 청운로,181,,,,경상남도 양산시 물금읍 청운로 181,626811,50613,,,,129.002430972553,35.3169458289271
MA0106202201A2282294,커피위드,,G2,소매,G221,기타 상품 소매,G22199,그 외 기타 상품 전문 소매업,G47859,그 외 기타 분류 안된 상품 전문 소매업,48,경상남도,48250,김해시,48250610,장유1동,4825012500,부곡동,4825012500107050001,1,대지,705,1,경상남도 김해시 부곡동 705-1,482504805672,경상남도 김해시 장유로149번길,14,7,,,경상남도 김해시 장유로149번길 14-7,621250,50971,,,,128.803937252329,35.2107293043415
MA0106202201A1971917,농협유통청주농산물종합유통센터,,G2,소매,G221,기타 상품 소매,G22199,그 외 기타 상품 전문 소매업,G47859,그 외 기타 분류 안된 상품 전문 소매업,43,충청북도,43111,청주시 상당구,43111730,용암2동,4311112600,방서동,4311112600101180000,1,대지,118,,충청북도 청주시 상당구 방서동 118,431113236018,충청북도 청주시 상당구 무농정로,32,,4311112600101180000042347,,충청북도 청주시 상당구 무농정로 32,360102,28783,,,,127.50738490667,36.6048188212173
MA0106202201A1955391,에이엠피케이,,G2,소매,G221,기타 상품 소매,G22199,그 외 기타 상품 전문 소매업,G47859,그 외 기타 분류 안된 상품 전문 소매업,41,경기도,41430,의왕시,41430560,청계동,4143010900,포일동,4143010900106610002,1,대지,661,2,경기도 의왕시 포일동 661-2,414303012010,경기도 의왕시 안양판교로,103,,,,경기도 의왕시 안양판교로 103,437828,16001,,,,126.985499514767,37.3953001566383
MA0106202201A1456515,트웬티섬머즈,,G2,소매,G221,기타 상품 소매,G22199,그 외 기타 상품 전문 소매업,G47859,그 외 기타 분류 안된 상품 전문 소매업,11,서울특별시,11260,중랑구,11260575,면목3.8동,1126010100,면목동,1126010100106060001,1,대지,606,1,서울특별시 중랑구 면목동 606-1,112604118363,서울특별시 중랑구 사가정로45길,17,,1126010100106060001026207,,서울특별시 중랑구 사가정로45길 17,131831,02227,,,,127.085249679819,37.5819050315841
MA0106202201A1594813,먹골촌,,G2,소매,G221,기타 상품 소매,G22199,그 외 기타 상품 전문 소매업,G47859,그 외 기타 분류 안된 상품 전문 소매업,41,경기도,41150,의정부시,41150576,송산2동,4115010600,민락동,4115010600107440007,1,대지,744,7,경기도 의정부시 민락동 744-7,411503181027,경기도 의정부시 승지로,8,,4115010600107440007000002,,경기도 의정부시 승지로 8,480863,11810,,,,127.090000841096,37.7383479041651
MA0106202201A0932506,줄렙전자담배,,G2,소매,G221,기타 상품 소매,G22199,그 외 기타 상품 전문 소매업,G47859,그 외 기타 분류 안된 상품 전문 소매업,47,경상북도,47190,구미시,47190582,형곡1동,4719010900,형곡동,4719010900108610007,1,대지,861,7,경상북도 구미시 형곡동 861-7,471903018003,경상북도 구미시 새마을로,13,,4719010900108610007025309,,경상북도 구미시 새마을로 13,730927,39295,,,,128.340654454451,36.1117333370513
MA0106202201A1631571,노다지,,G2,소매,G221,기타 상품 소매,G22199,그 외 기타 상품 전문 소매업,G47859,그 외 기타 분류 안된 상품 전문 소매업,44,충청남도,44133,천안시 서북구,44133250,성환읍,4413325021,성환읍,4413325021102770003,1,대지,277,3,충청남도 천안시 서북구 성환읍 성환리 277-3,441333250035,충청남도 천안시 서북구 성환읍 성환중앙로,62,,4413325021102740002014251,,충청남도 천안시 서북구 성환읍 성환중앙로 62,331805,31015,,,,127.131853540988,36.9186400247472
MA0106202201A0781748,은당,,G2,소매,G221,기타 상품 소매,G22199,그 외 기타 상품 전문 소매업,G47859,그 외 기타 분류 안된 상품 전문 소매업,41,경기도,41550,안성시,41550250,공도읍,4155025029,공도읍,4155025029104240024,1,대지,424,24,경기도 안성시 공도읍 만정리 424-24,415504424419,경기도 안성시 공도읍 승두길,33,,4155025029104240024014613,,경기도 안성시 공도읍 승두길 33,456823,17562,,,,127.170323405105,36.9988779990086
MA0106202201A1783108,경남환경교육문화센터,,G2,소매,G221,기타 상품 소매,G22199,그 외 기타 상품 전문 소매업,G47859,그 외 기타 분류 안된 상품 전문 소매업,48,경상남도,48123,창원시 성산구,48123515,용지동,4812313600,신월동,4812313600100630013,1,대지,63,13,경상남도 창원시 성산구 신월동 63-13,481234781324,경상남도 창원시 성산구 상남로192번길,31,,,,경상남도 창원시 성산구 상남로192번길 31,641838,51443,,,,128.690472118372,35.2276608452027
MA0106202201A1338331,쌍디핵산,,G2,소매,G221,기타 상품 소매,G22199,그 외 기타 상품 전문 소매업,G47859,그 외 기타 분류 안된 상품 전문 소매업,41,경기도,41463,용인시 기흥구,41463535,보라동,4146310500,보라동,4146310500106120005,1,대지,612,5,경기도 용인시 기흥구 보라동 612-5,414633204064,경기도 용인시 기흥구 한보라1로,60,,4146310500106120005020826,,경기도 용인시 기흥구 한보라1로 60,446904,17080,,,,127.107496715328,37.2503661145293
MA0106202201A1451062,엠티아이영남지사,코리아,G2,소매,G221,기타 상품 소매,G22199,그 외 기타 상품 전문 소매업,G47859,그 외 기타 분류 안된 상품 전문 소매업,27,대구광역시,27230,북구,27230620,산격2동,2723011100,산격동,2723011100117220000,1,대지,1722,,대구광역시 북구 산격동 1722,272304235306,대구광역시 북구 유통단지로24길,27,,2723011100117220000023883,,대구광역시 북구 유통단지로24길 27,702845,41516,,,,128.616888642019,35.9073912551523
MA0106202201A2154950,우리식당,,G2,소매,G221,기타 상품 소매,G22199,그 외 기타 상품 전문 소매업,G47859,그 외 기타 분류 안된 상품 전문 소매업,26,부산광역시,26530,사상구,26530645,감전동,2653010500,감전동,2653010500105010018,1,대지,501,18,부산광역시 사상구 감전동 501-18,265304217102,부산광역시 사상구 낙동대로916번길,17,,,,부산광역시 사상구 낙동대로916번길 17,617805,47029,,,,128.971163082037,35.1426870089913
MA0106202201A0898084,나도몰라,,G2,소매,G221,기타 상품 소매,G22199,그 외 기타 상품 전문 소매업,G47859,그 외 기타 분류 안된 상품 전문 소매업,30,대전광역시,30140,중구,30140575,대흥동,3014010500,대흥동,3014010500100610017,1,대지,61,17,대전광역시 중구 대흥동 61-17,301403010004,대전광역시 중구 대종로,387,,3014010500100610017010191,,대전광역시 중구 대종로 387,301802,34935,,,,127.43078670281,36.3198051896964
MA0106202201A0996628,주현푸드,,G2,소매,G221,기타 상품 소매,G22199,그 외 기타 상품 전문 소매업,G47859,그 외 기타 분류 안된 상품 전문 소매업,11,서울특별시,11470,양천구,11470650,신정4동,1147010100,신정동,1147010100109390001,1,대지,939,1,서울특별시 양천구 신정동 939-1,114703005068,서울특별시 양천구 중앙로,340,,1147010100109390001001471,,서울특별시 양천구 중앙로 340,158871,07942,,,,126.85008111085,37.5262851356399
MA0106202201A1746914,월드그린,,G2,소매,G221,기타 상품 소매,G22199,그 외 기타 상품 전문 소매업,G47859,그 외 기타 분류 안된 상품 전문 소매업,26,부산광역시,26470,연제구,26470640,거제4동,2647010100,거제동,2647010100106760386,1,대지,676,386,부산광역시 연제구 거제동 676-386,264704211410,부산광역시 연제구 해맞이로61번길,21,,2647010100106760386003867,,부산광역시 연제구 해맞이로61번길 21,611805,47534,,,,129.067054065417,35.1796853237977
MA0106202201A1726215,센트럴바이오,,G2,소매,G221,기타 상품 소매,G22199,그 외 기타 상품 전문 소매업,G47859,그 외 기타 분류 안된 상품 전문 소매업,26,부산광역시,26350,해운대구,26350650,재송1동,2635010400,재송동,2635010400112080002,1,대지,1208,2,부산광역시 해운대구 재송동 1208-2,263503133020,부산광역시 해운대구 센텀중앙로,97,,2635010400112080002000001,,부산광역시 해운대구 센텀중앙로 97,612051,48058,,,,129.124504748223,35.1751583390907
MA0106202201A1396879,아시아마트,,G2,소매,G221,기타 상품 소매,G22199,그 외 기타 상품 전문 소매업,G47859,그 외 기타 분류 안된 상품 전문 소매업,52,전북특별자치도,52140,익산시,52140250,함열읍,5214025021,함열읍,5214025021100010002,1,대지,1,2,전북특별자치도 익산시 함열읍 와리 1-2,521404607573,전북특별자치도 익산시 함열읍 상조석재길,35,,4514025021100010002038491,,전북특별자치도 익산시 함열읍 상조석재길 35,570803,54526,,,,126.968372928411,36.0725298257366
MA0106202201A1518532,엘텍사이언스,,G2,소매,G221,기타 상품 소매,G22199,그 외 기타 상품 전문 소매업,G47859,그 외 기타 분류 안된 상품 전문 소매업,41,경기도,41463,용인시 기흥구,41463520,구갈동,4146310200,구갈동,4146310200105770000,1,대지,577,,경기도 용인시 기흥구 구갈동 577,414633204005,경기도 용인시 기흥구 강남서로,20,,4146310200105770000000001,,경기도 용인시 기흥구 강남서로 20,446573,16977,,,,127.127778551868,37.2729531069749
MA0106202201A1321414,쌈쌈대패,,G2,소매,G221,기타 상품 소매,G22199,그 외 기타 상품 전문 소매업,G47859,그 외 기타 분류 안된 상품 전문 소매업,41,경기도,41173,안양시 동안구,41173552,관양동,4117310200,관양동,4117310200117240000,1,대지,1724,,경기도 안양시 동안구 관양동 1724,411733183022,경기도 안양시 동안구 동편로,22,,4117310200117240000000001,,경기도 안양시 동안구 동편로 22,431061,13929,,,,126.972135638751,37.4061190281817
MA0106202201A2241872,부산어묵일산,,G2,소매,G221,기타 상품 소매,G22199,그 외 기타 상품 전문 소매업,G47859,그 외 기타 분류 안된 상품 전문 소매업,41,경기도,41390,시흥시,41390520,신천동,4139010200,신천동,4139010200107350004,1,대지,735,4,경기도 시흥시 신천동 735-4,413904397309,경기도 시흥시 삼미시장4길,10,,,,경기도 시흥시 삼미시장4길 10,429830,14948,,,,126.783709713273,37.4394873353927
MA0106202201A1695014,동아랩,,G2,소매,G221,기타 상품 소매,G22199,그 외 기타 상품 전문 소매업,G47859,그 외 기타 분류 안된 상품 전문 소매업,26,부산광역시,26110,중구,26110560,부평동,2611012600,부평동4가,2611012600100140001,1,대지,14,1,부산광역시 중구 부평동4가 14-1,261104175288,부산광역시 중구 흑교로31번길,19,1,2611012600100140001000001,,부산광역시 중구 흑교로31번길 19-1,600074,48974,,,,129.023044445161,35.1022881310074
MA0106202201A0991409,편의점,,G2,소매,G221,기타 상품 소매,G22199,그 외 기타 상품 전문 소매업,G47859,그 외 기타 분류 안된 상품 전문 소매업,43,충청북도,43111,청주시 상당구,43111340,남일면,4311134031,남일면,4311134031100780002,1,대지,78,2,충청북도 청주시 상당구 남일면 신송리 78-2,431114520412,충청북도 청주시 상당구 남일면 신송효촌길,5,,4371034035000780002066823,,충청북도 청주시 상당구 남일면 신송효촌길 5,360841,28186,,,,127.494106249866,36.5819317349058
MA0106202201A1468147,에너지뷰티케어,,G2,소매,G221,기타 상품 소매,G22199,그 외 기타 상품 전문 소매업,G47859,그 외 기타 분류 안된 상품 전문 소매업,41,경기도,41192,부천시 원미구,41192600,도당동,4119210400,도당동,4119210400101630003,1,대지,163,3,경기도 부천시 원미구 도당동 163-3,411924352398,경기도 부천시 원미구 옥산로196번길,13,,4119510400101630003009307,,경기도 부천시 원미구 옥산로196번길 13,420805,14522,,,,126.781217667719,37.5113832000053
MA0106202201A1967953,호반의뜰,,G2,소매,G221,기타 상품 소매,G22199,그 외 기타 상품 전문 소매업,G47859,그 외 기타 분류 안된 상품 전문 소매업,43,충청북도,43150,제천시,43150560,용두동,4315011100,하소동,4315011100100720000,1,대지,72,,충청북도 제천시 하소동 72,431504517625,충청북도 제천시 용두대로15길,16,,,,충청북도 제천시 용두대로15길 16,390240,27162,,,,128.19987264702,37.1397653854308
MA0106202201A2061511,세븐킹,,G2,소매,G221,기타 상품 소매,G22199,그 외 기타 상품 전문 소매업,G47859,그 외 기타 분류 안된 상품 전문 소매업,41,경기도,41450,하남시,41450530,신장2동,4145010600,신장동,4145010600105240006,1,대지,524,6,경기도 하남시 신장동 524-6,414503202012,경기도 하남시 대청로,38,,,,경기도 하남시 대청로 38,465809,12951,,,,127.216366803445,37.5405169949742
MA0106202201A2101748,아가월드일산지사,,G2,소매,G221,기타 상품 소매,G22199,그 외 기타 상품 전문 소매업,G47859,그 외 기타 분류 안된 상품 전문 소매업,41,경기도,41287,고양시 일산서구,41287545,탄현1동,4128710300,탄현동,4128710300101740017,1,대지,174,17,경기도 고양시 일산서구 탄현동 174-17,412873194033,경기도 고양시 일산서구 탄중로,163,,,,경기도 고양시 일산서구 탄중로 163,411839,10242,,,,126.763237075884,37.6925643530721
MA0106202201A2294050,위닉스안양,,G2,소매,G221,기타 상품 소매,G22199,그 외 기타 상품 전문 소매업,G47859,그 외 기타 분류 안된 상품 전문 소매업,31,울산광역시,31140,남구,31140510,신정1동,3114010400,신정동,3114010400105330023,1,대지,533,23,울산광역시 남구 신정동 533-23,311403170053,울산광역시 남구 팔등로,9,,3114010400105330023000001,,울산광역시 남구 팔등로 9,680825,44669,,,,129.307687367965,35.5441254232287
MA0106202201A1422361,동아시스템,,G2,소매,G221,기타 상품 소매,G22199,그 외 기타 상품 전문 소매업,G47859,그 외 기타 분류 안된 상품 전문 소매업,27,대구광역시,27170,서구,27170675,상중이동,2717010500,중리동,2717010500111360158,1,대지,1136,158,대구광역시 서구 중리동 1136-158,271704229282,대구광역시 서구 와룡로66길,64,,2717010500111360158004501,,대구광역시 서구 와룡로66길 64,703832,41843,,,,128.544595237732,35.8619881012979
MA0106202201A1089777,별난유통,,G2,소매,G221,기타 상품 소매,G22199,그 외 기타 상품 전문 소매업,G47859,그 외 기타 분류 안된 상품 전문 소매업,28,인천광역시,28185,연수구,28185790,동춘2동,2818510500,동춘동,2818510500109330014,1,대지,933,14,인천광역시 연수구 동춘동 933-14,281854256163,인천광역시 연수구 앵고개로264번길,30,6,2818510500109330014134874,,인천광역시 연수구 앵고개로264번길 30-6,406802,21972,,,,126.671734956444,37.4069640837569
MA0106202201A1887001,친환경생활,,G2,소매,G221,기타 상품 소매,G22199,그 외 기타 상품 전문 소매업,G47859,그 외 기타 분류 안된 상품 전문 소매업,31,울산광역시,31110,중구,31110585,중앙동,3111010200,학산동,3111010200100020007,1,대지,2,7,울산광역시 중구 학산동 2-7,311104307348,울산광역시 중구 옥교12길,47,,,,울산광역시 중구 옥교12길 47,681200,44522,,,,129.329761545158,35.554873873297
MA0106202201A2144858,지에프푸드컨설팅,,G2,소매,G221,기타 상품 소매,G22199,그 외 기타 상품 전문 소매업,G47859,그 외 기타 분류 안된 상품 전문 소매업,41,경기도,41150,의정부시,41150578,송산3동,4115010600,민락동,4115010600108900000,1,대지,890,,경기도 의정부시 민락동 890,411503181066,경기도 의정부시 송양로,94,,,,경기도 의정부시 송양로 94,480090,11812,,,,127.114491071554,37.7505618103338
MA0106202201A1127793,웰비플랜,,G2,소매,G221,기타 상품 소매,G22199,그 외 기타 상품 전문 소매업,G47859,그 외 기타 분류 안된 상품 전문 소매업,29,광주광역시,29155,남구,29155630,월산4동,2915510400,월산동,2915510400109240015,1,대지,924,15,광주광역시 남구 월산동 924-15,291554009012,광주광역시 남구 화정로260번길,20,,2915510400109240015027442,,광주광역시 남구 화정로260번길 20,503829,61600,,,,126.886134939144,35.1463034258089
MA0106202201A0761598,반한맛,,G2,소매,G221,기타 상품 소매,G22199,그 외 기타 상품 전문 소매업,G47859,그 외 기타 분류 안된 상품 전문 소매업,41,경기도,41111,수원시 장안구,41111566,율천동,4111113200,율전동,4111113200101560003,1,대지,156,3,경기도 수원시 장안구 율전동 156-3,411114322078,경기도 수원시 장안구 덕영대로425번길,35,,4111113200101560003043663,,경기도 수원시 장안구 덕영대로425번길 35,440824,16357,,,,126.969658592409,37.3025812510776
MA0106202201A1310046,방글라트레이드,코리아,G2,소매,G221,기타 상품 소매,G22199,그 외 기타 상품 전문 소매업,G47859,그 외 기타 분류 안된 상품 전문 소매업,27,대구광역시,27290,달서구,27290577,이곡2동,2729010800,이곡동,2729010800110000246,1,대지,1000,246,대구광역시 달서구 이곡동 1000-246,272902007002,대구광역시 달서구 달구벌대로,1224,,2729010800105410011005083,,대구광역시 달서구 달구벌대로 1224,704938,42703,,,,128.501225075193,35.8516249509971
MA0106202201A2230044,예맛당,,G2,소매,G221,기타 상품 소매,G22199,그 외 기타 상품 전문 소매업,G47859,그 외 기타 분류 안된 상품 전문 소매업,11,서울특별시,11470,양천구,11470520,목2동,1147010200,목동,1147010200105530016,1,대지,553,16,서울특별시 양천구 목동 553-16,114704142199,서울특별시 양천구 목동중앙북로8길,138,,,,서울특별시 양천구 목동중앙북로8길 138,158810,07953,,,,126.868104681141,37.5443716911565
MA0106202201A2125699,알리바이가전,,G2,소매,G221,기타 상품 소매,G22199,그 외 기타 상품 전문 소매업,G47859,그 외 기타 분류 안된 상품 전문 소매업,52,전북특별자치도,52113,전주시 덕진구,52113665,여의동,5211313100,만성동,5211313100113730005,1,대지,1373,5,전북특별자치도 전주시 덕진구 만성동 1373-5,521133351435,전북특별자치도 전주시 덕진구 만성중앙로,55,,,,전북특별자치도 전주시 덕진구 만성중앙로 55,561330,54859,,,,127.077881438671,35.842665483754
MA0106202201A1097121,메르베유,,G2,소매,G221,기타 상품 소매,G22199,그 외 기타 상품 전문 소매업,G47859,그 외 기타 분류 안된 상품 전문 소매업,11,서울특별시,11200,성동구,11200670,성수2가1동,1120011500,성수동2가,1120011500103310061,1,대지,331,61,서울특별시 성동구 성수동2가 331-61,112003103010,서울특별시 성동구 뚝섬로,415,,1120011500103310062006075,,서울특별시 성동구 뚝섬로 415,133827,04784,,,,127.056811466682,37.5384850878608
MA0106202201A1051807,얼음정원,운정아이파크점,G2,소매,G221,기타 상품 소매,G22199,그 외 기타 상품 전문 소매업,G47859,그 외 기타 분류 안된 상품 전문 소매업,41,경기도,41480,파주시,41480570,운정3동,4148011300,동패동,4148011300100190000,1,대지,19,,경기도 파주시 동패동 19,414803012097,경기도 파주시 미래로,290,,4148011300100180001000001,,경기도 파주시 미래로 290,413834,10904,,,,126.747087133799,37.7038920987852
MA0106202201A0876167,제이원,,G2,소매,G221,기타 상품 소매,G22199,그 외 기타 상품 전문 소매업,G47859,그 외 기타 분류 안된 상품 전문 소매업,48,경상남도,48250,김해시,48250320,주촌면,4825032021,주촌면,4825032021107220003,1,대지,722,3,경상남도 김해시 주촌면 선지리 722-3,482503352548,경상남도 김해시 주촌면 주선로,67,,4825032021107220003094671,,경상남도 김해시 주촌면 주선로 67,621845,50887,,,,128.841737851112,35.2367091720089
MA0106202201A1758825,하늘바라기,,G2,소매,G221,기타 상품 소매,G22199,그 외 기타 상품 전문 소매업,G47859,그 외 기타 분류 안된 상품 전문 소매업,48,경상남도,48125,창원시 마산합포구,48125330,진북면,4812533021,진북면,4812533021104090008,1,대지,409,8,경상남도 창원시 마산합포구 진북면 지산리 409-8,481254793733,경상남도 창원시 마산합포구 진북면 대평안길,74,,4812533021104090001002738,,경상남도 창원시 마산합포구 진북면 대평안길 74,631823,51786,,,,128.459678379451,35.1270380104417
MA0106202201A1185476,상미유통,,G2,소매,G221,기타 상품 소매,G22199,그 외 기타 상품 전문 소매업,G47859,그 외 기타 분류 안된 상품 전문 소매업,29,광주광역시,29110,동구,29110560,계림1동,2911010900,계림동,2911010900105370024,1,대지,537,24,광주광역시 동구 계림동 537-24,291104286235,광주광역시 동구 무등로306번길,29,5,2911010900105370024028181,,광주광역시 동구 무등로306번길 29-5,501806,61421,,,,126.915399244593,35.1598477960816
MA0106202201A0732621,밀키트상점대전,문지점,G2,소매,G221,기타 상품 소매,G22199,그 외 기타 상품 전문 소매업,G47859,그 외 기타 분류 안된 상품 전문 소매업,30,대전광역시,30200,유성구,30200570,전민동,3020014000,문지동,3020014000106330005,1,대지,633,5,대전광역시 유성구 문지동 633-5,302004301274,대전광역시 유성구 엑스포로446번길,28,,3020014000106330005000001,,대전광역시 유성구 엑스포로446번길 28,305812,34050,,,,127.406493928411,36.3959402565265
MA0106202201A1573082,리하베스트,,G2,소매,G221,기타 상품 소매,G22199,그 외 기타 상품 전문 소매업,G47859,그 외 기타 분류 안된 상품 전문 소매업,11,서울특별시,11680,강남구,11680531,논현2동,1168010800,논현동,1168010800102370000,1,대지,237,,서울특별시 강남구 논현동 237,116804166564,서울특별시 강남구 언주로113길,7,,1168010800102370000000001,,서울특별시 강남구 언주로113길 7,135831,06109,,,,127.036781311124,37.5093095568389
MA0106202201A1936574,시장상회,,G2,소매,G221,기타 상품 소매,G22199,그 외 기타 상품 전문 소매업,G47859,그 외 기타 분류 안된 상품 전문 소매업,48,경상남도,48250,김해시,48250510,동상동,4825010100,동상동,4825010100108650009,1,대지,865,9,경상남도 김해시 동상동 865-9,482504805879,경상남도 김해시 호계로517번길,16,1,,,경상남도 김해시 호계로517번길 16-1,621020,50915,,,,128.882555235768,35.2367298470477
MA0106202201A1121519,이엘피엔씨,,G2,소매,G221,기타 상품 소매,G22199,그 외 기타 상품 전문 소매업,G47859,그 외 기타 분류 안된 상품 전문 소매업,11,서울특별시,11545,금천구,11545510,가산동,1154510100,가산동,1154510100105500001,1,대지,550,1,서울특별시 금천구 가산동 550-1,115453117002,서울특별시 금천구 가산디지털2로,98,,1154510100105500001018232,,서울특별시 금천구 가산디지털2로 98,153768,08506,,,,126.88105453514,37.4772336199671
MA0106202201A2105014,윤영실,,G2,소매,G221,기타 상품 소매,G22199,그 외 기타 상품 전문 소매업,G47859,그 외 기타 분류 안된 상품 전문 소매업,41,경기도,41480,파주시,41480590,운정5동,4148011500,문발동,4148011500106060010,1,대지,606,10,경기도 파주시 문발동 606-10,414804418097,경기도 파주시 꽃창포길,17,,,,경기도 파주시 꽃창포길 17,413120,10884,,,,126.708108320656,37.7193167665835
MA0106202201A0758380,파크멀티샾,,G2,소매,G221,기타 상품 소매,G22199,그 외 기타 상품 전문 소매업,G47859,그 외 기타 분류 안된 상품 전문 소매업,11,서울특별시,11260,중랑구,11260550,면목5동,1126010100,면목동,1126010100101600023,1,대지,160,23,서울특별시 중랑구 면목동 160-23,112604118135,서울특별시 중랑구 동일로92길,21,,1126010100101600023023601,,서울특별시 중랑구 동일로92길 21,131821,02224,,,,127.081175782234,37.5835477110911
MA0106202201A2260402,준바이오텍,,G2,소매,G221,기타 상품 소매,G22199,그 외 기타 상품 전문 소매업,G47859,그 외 기타 분류 안된 상품 전문 소매업,27,대구광역시,27230,북구,27230620,산격2동,2723011100,산격동,2723011100117050004,1,대지,1705,4,대구광역시 북구 산격동 1705-4,272304235305,대구광역시 북구 유통단지로22길,5,5,,,대구광역시 북구 유통단지로22길 5-5,702845,41515,,,,128.613998796678,35.9085385373079
MA0106202201A1868234,서진유통,,G2,소매,G221,기타 상품 소매,G22199,그 외 기타 상품 전문 소매업,G47859,그 외 기타 분류 안된 상품 전문 소매업,26,부산광역시,26410,금정구,26410555,금사회동동,2641011200,회동동,2641011200101550001,1,대지,155,1,부산광역시 금정구 회동동 155-1,264103135059,부산광역시 금정구 동천로,4,,,,부산광역시 금정구 동천로 4,609845,46259,,,,129.120149217535,35.2275821883448
MA0106202201A0784600,나우바이오,,G2,소매,G221,기타 상품 소매,G22199,그 외 기타 상품 전문 소매업,G47859,그 외 기타 분류 안된 상품 전문 소매업,41,경기도,41630,양주시,41630520,양주2동,4163010700,만송동,4163010700104420005,1,대지,442,5,경기도 양주시 만송동 442-5,416303212040,경기도 양주시 송랑로,39,37,4163010700104420005005905,,경기도 양주시 송랑로 39-37,482080,11494,,,,127.085237299983,37.7890217449655
MA0106202201A0718191,누리아이가만들어가는세상,,G2,소매,G221,기타 상품 소매,G22199,그 외 기타 상품 전문 소매업,G47859,그 외 기타 분류 안된 상품 전문 소매업,11,서울특별시,11230,동대문구,11230740,이문1동,1123011000,이문동,1123011000101350084,1,대지,135,84,서울특별시 동대문구 이문동 135-84,112304115734,서울특별시 동대문구 휘경로3길,66,,1123011000101350084005228,,서울특별시 동대문구 휘경로3길 66,130826,02417,,,,127.063718965163,37.5980824175419
MA0106202201A1281314,모두드림,,G2,소매,G221,기타 상품 소매,G22199,그 외 기타 상품 전문 소매업,G47859,그 외 기타 분류 안된 상품 전문 소매업,41,경기도,41461,용인시 처인구,41461253,모현읍,4146125321,모현읍,4146125321107940007,1,대지,794,7,경기도 용인시 처인구 모현읍 왕산리 794-7,414614409366,경기도 용인시 처인구 모현읍 백옥대로2384번길,1,,4146131021107940007036280,,경기도 용인시 처인구 모현읍 백옥대로2384번길 1,449854,17035,,,,127.250039476051,37.3364610930976
MA0106202201A2092446,예담아이엔씨,,G2,소매,G221,기타 상품 소매,G22199,그 외 기타 상품 전문 소매업,G47859,그 외 기타 분류 안된 상품 전문 소매업,11,서울특별시,11545,금천구,11545510,가산동,1154510100,가산동,1154510100104810004,1,대지,481,4,서울특별시 금천구 가산동 481-4,115453117001,서울특별시 금천구 가산디지털1로,219,,,,서울특별시 금천구 가산디지털1로 219,153704,08501,,,,126.878985221978,37.4844936474463
MA0106202201A1646090,참새와방앗간,,G2,소매,G221,기타 상품 소매,G22199,그 외 기타 상품 전문 소매업,G47859,그 외 기타 분류 안된 상품 전문 소매업,46,전라남도,46110,목포시,46110750,이로동,4611015900,용해동,4611015900101430077,1,대지,143,77,전라남도 목포시 용해동 143-77,461104643359,전라남도 목포시 삼학로341번길,18,,4611015900101430077000616,,전라남도 목포시 삼학로341번길 18,530840,58703,,,,126.407061693083,34.8014749462583
MA0106202201A2055368,지유명차,방배점,G2,소매,G221,기타 상품 소매,G22199,그 외 기타 상품 전문 소매업,G47859,그 외 기타 분류 안된 상품 전문 소매업,11,서울특별시,11650,서초구,11650510,서초1동,1165010800,서초동,1165010800116200004,1,대지,1620,4,서울특별시 서초구 서초동 1620-4,116504163696,서울특별시 서초구 서초중앙로12길,38,,,,서울특별시 서초구 서초중앙로12길 38,137878,06640,,,,127.017073793816,37.4879692096236
MA0106202201A1713374,만성유통솔고헬스케어,,G2,소매,G221,기타 상품 소매,G22199,그 외 기타 상품 전문 소매업,G47859,그 외 기타 분류 안된 상품 전문 소매업,26,부산광역시,26470,연제구,26470650,연산1동,2647010200,연산동,2647010200103080038,1,대지,308,38,부산광역시 연제구 연산동 308-38,264704211212,부산광역시 연제구 신금로5번길,8,,2647010200103080038023530,,부산광역시 연제구 신금로5번길 8,611811,47561,,,,129.093675392884,35.1897082914756
MA0106202201A1884975,고려유통,,G2,소매,G221,기타 상품 소매,G22199,그 외 기타 상품 전문 소매업,G47859,그 외 기타 분류 안된 상품 전문 소매업,31,울산광역시,31200,북구,31200570,송정동,3120012500,화봉동,3120012500106400002,1,대지,640,2,울산광역시 북구 화봉동 640-2,312004316347,울산광역시 북구 통샘10길,8,,,,울산광역시 북구 통샘10길 8,683410,44239,,,,129.35967045927,35.5919017254444
MA0106202201A2154482,복래상회,,G2,소매,G221,기타 상품 소매,G22199,그 외 기타 상품 전문 소매업,G47859,그 외 기타 분류 안된 상품 전문 소매업,48,경상남도,48850,하동군,48850310,화개면,4885031023,화개면,4885031023107260013,1,대지,726,13,경상남도 하동군 화개면 탑리 726-13,488503344009,경상남도 하동군 화개면 쌍계로,26,,,,경상남도 하동군 화개면 쌍계로 26,667822,52303,,,,127.625187061426,35.1890359882912
MA0106202201A0691174,딜리쏘,,G2,소매,G221,기타 상품 소매,G22199,그 외 기타 상품 전문 소매업,G47859,그 외 기타 분류 안된 상품 전문 소매업,51,강원특별자치도,51110,춘천시,51110310,동면,5111031022,동면,5111031022108690001,1,대지,869,1,강원특별자치도 춘천시 동면 만천리 869-1,511104454158,강원특별자치도 춘천시 동면 도일길,10,,4211031022108690001059440,,강원특별자치도 춘천시 동면 도일길 10,200852,24215,,,,127.761749880136,37.8830171856892
MA0106202201A2320867,유림티에이치씨,,G2,소매,G221,기타 상품 소매,G22199,그 외 기타 상품 전문 소매업,G47859,그 외 기타 분류 안된 상품 전문 소매업,11,서울특별시,11230,동대문구,11230545,제기동,1123010300,제기동,1123010300110690000,1,대지,1069,,서울특별시 동대문구 제기동 1069,112304115239,서울특별시 동대문구 약령동길,40,,,,서울특별시 동대문구 약령동길 40,130864,02570,,,,127.037982159032,37.5800646471055
MA0106202201A1659257,루즈비오,,G2,소매,G221,기타 상품 소매,G22199,그 외 기타 상품 전문 소매업,G47859,그 외 기타 분류 안된 상품 전문 소매업,47,경상북도,47290,경산시,47290541,서부1동,4729010900,옥산동,4729010900107410005,1,대지,741,5,경상북도 경산시 옥산동 741-5,472904739048,경상북도 경산시 경산로42길,14,8,4729010900107410005000001,,경상북도 경산시 경산로42길 14-8,712800,38675,,,,128.727563405987,35.8267399338825
MA0106202201A2010169,엘아이플러스문학경기,장지점,G2,소매,G221,기타 상품 소매,G22199,그 외 기타 상품 전문 소매업,G47859,그 외 기타 분류 안된 상품 전문 소매업,28,인천광역시,28177,미추홀구,28177710,문학동,2817710700,문학동,2817710700104820000,1,대지,482,,인천광역시 미추홀구 문학동 482,281773149061,인천광역시 미추홀구 매소홀로,618,,,,인천광역시 미추홀구 매소홀로 618,402799,22234,,,,126.690786835276,37.4350820532844
MA0106202201A1380212,황금복돼지,,G2,소매,G221,기타 상품 소매,G22199,그 외 기타 상품 전문 소매업,G47859,그 외 기타 분류 안된 상품 전문 소매업,41,경기도,41150,의정부시,41150578,송산3동,4115010700,낙양동,4115010700107420003,1,대지,742,3,경기도 의정부시 낙양동 742-3,411503181035,경기도 의정부시 용민로,401,,4115010700101080004000001,,경기도 의정부시 용민로 401,480080,11770,,,,127.112887413182,37.7555727333871
MA0106202201A1871513,한성현콜라겐,,G2,소매,G221,기타 상품 소매,G22199,그 외 기타 상품 전문 소매업,G47859,그 외 기타 분류 안된 상품 전문 소매업,26,부산광역시,26500,수영구,26500770,광안2동,2650010400,광안동,2650010400101840012,1,대지,184,12,부산광역시 수영구 광안동 184-12,265003138002,부산광역시 수영구 광남로,87,,,,부산광역시 수영구 광남로 87,613805,48302,,,,129.114030351363,35.1499923014556
MA0106202301A1275057,엠케이테크,,G2,소매,G221,기타 상품 소매,G22199,그 외 기타 상품 전문 소매업,G47859,그 외 기타 분류 안된 상품 전문 소매업,52,전북특별자치도,52113,전주시 덕진구,52113642,송천2동,5211312100,송천동1가,5211312100104170000,1,대지,417,,전북특별자치도 전주시 덕진구 송천동1가 417,521134601256,전북특별자치도 전주시 덕진구 송천2길,25,,4511312100104170000025011,라이프,전북특별자치도 전주시 덕진구 송천2길 25,561818,54838,,2,,127.118307496944,35.8589902745308
MA0106202301A0030884,제이엠씨렌탈,코리아,G2,소매,G221,기타 상품 소매,G22199,그 외 기타 상품 전문 소매업,G47859,그 외 기타 분류 안된 상품 전문 소매업,11,서울특별시,11440,마포구,11440680,합정동,1144012200,합정동,1144012200104300012,1,대지,430,12,서울특별시 마포구 합정동 430-12,114404139509,서울특별시 마포구 월드컵로5길,44,8,1144012200104300012013145,영진하이츠빌라,서울특별시 마포구 월드컵로5길 44-8,121887,04022,,2,,126.909635509642,37.5517809436281
MA0106202301A1338862,녹원할인마트,,G2,소매,G221,기타 상품 소매,G22199,그 외 기타 상품 전문 소매업,G47859,그 외 기타 분류 안된 상품 전문 소매업,30,대전광역시,30170,서구,30170640,둔산2동,3017011200,둔산동,3017011200112040000,1,대지,1204,,대전광역시 서구 둔산동 1204,301703166018,대전광역시 서구 둔산남로,30,,3017011200112040000021584,녹원아파트,대전광역시 서구 둔산남로 30,302732,35235,,1,,127.381382151859,36.3484231955638
MA0106202301A0560174,바비,,G2,소매,G221,기타 상품 소매,G22199,그 외 기타 상품 전문 소매업,G47859,그 외 기타 분류 안된 상품 전문 소매업,41,경기도,41390,시흥시,41390510,대야동,4139010100,대야동,4139010100104890020,1,대지,489,20,경기도 시흥시 대야동 489-20,413904397267,경기도 시흥시 복지로43번길,10,1,4139010100104890020004530,금성아이원파크빌,경기도 시흥시 복지로43번길 10-1,429811,14909,,1,,126.78805904941,37.4438831495068
MA0106202301A0086599,주경방재,,G2,소매,G221,기타 상품 소매,G22199,그 외 기타 상품 전문 소매업,G47859,그 외 기타 분류 안된 상품 전문 소매업,11,서울특별시,11410,서대문구,11410640,홍제3동,1141011100,홍제동,1141011100104550000,1,대지,455,,서울특별시 서대문구 홍제동 455,114104136185,서울특별시 서대문구 세무서2길,64,,1141011100104550000014384,현대그린아파트,서울특별시 서대문구 세무서2길 64,120783,03626,,2,,126.949966393044,37.5887907776469
MA0106202301A0580937,금정복권,,G2,소매,G221,기타 상품 소매,G22199,그 외 기타 상품 전문 소매업,G47859,그 외 기타 분류 안된 상품 전문 소매업,11,서울특별시,11320,도봉구,11320514,창4동,1132010700,창동,1132010700100260000,1,대지,26,,서울특별시 도봉구 창동 26,113204127033,서울특별시 도봉구 노해로70길,12,,1132010700100260000014270,동아아파트,서울특별시 도봉구 노해로70길 12,132790,01416,,1,,127.049519883593,37.6507429096101
MA0106202301A0389851,은광유통,,G2,소매,G221,기타 상품 소매,G22199,그 외 기타 상품 전문 소매업,G47859,그 외 기타 분류 안된 상품 전문 소매업,41,경기도,41480,파주시,41480262,조리읍,4148026221,조리읍,4148026221100130015,1,대지,13,15,경기도 파주시 조리읍 봉일천리 13-15,414803000008,경기도 파주시 조리읍 통일로,153,,4148026221100130015005489,송촌토파즈아파트,경기도 파주시 조리읍 통일로 153,413744,10939,,1,,126.82470034011,37.7361886967049
MA0106202301A1330470,픽미픽미아이스,삼송역점,G2,소매,G221,기타 상품 소매,G22199,그 외 기타 상품 전문 소매업,G47859,그 외 기타 분류 안된 상품 전문 소매업,41,경기도,41281,고양시 덕양구,41281576,삼송1동,4128111100,삼송동,4128111100102930000,1,대지,293,,경기도 고양시 덕양구 삼송동 293,412813192032,경기도 고양시 덕양구 삼송로,222,,4128111100102930000000001,삼송역현대헤리엇,경기도 고양시 덕양구 삼송로 222,412080,10592,,1,,126.899132823901,37.6529626374395
MA0106202301A0922038,우리문구,,G2,소매,G221,기타 상품 소매,G22199,그 외 기타 상품 전문 소매업,G47859,그 외 기타 분류 안된 상품 전문 소매업,48,경상남도,48170,진주시,48170740,가호동,4817013100,가좌동,4817013100106600000,1,대지,660,,경상남도 진주시 가좌동 660,481703332001,경상남도 진주시 가호로,26,,4817013100106600000099013,가좌주공2차,경상남도 진주시 가호로 26,660761,52820,,1,,128.110506569885,35.1628543660963
MA0106202301A0393963,현대마트,,G2,소매,G221,기타 상품 소매,G22199,그 외 기타 상품 전문 소매업,G47859,그 외 기타 분류 안된 상품 전문 소매업,43,충청북도,43114,청주시 청원구,43114250,내수읍,4311425022,내수읍,4311425022101230000,1,대지,123,,충청북도 청주시 청원구 내수읍 마산리 123,431144520226,충청북도 청주시 청원구 내수읍 마산길,72,,4371025022001230000050289,내수진흥1차,충청북도 청주시 청원구 내수읍 마산길 72,363934,28145,,1,,127.535646317486,36.7219852032149
MA0106202301A0345657,진수성찬,,G2,소매,G221,기타 상품 소매,G22199,그 외 기타 상품 전문 소매업,G47859,그 외 기타 분류 안된 상품 전문 소매업,41,경기도,41115,수원시 팔달구,41115710,우만1동,4111514000,우만동,4111514000104770000,1,대지,477,,경기도 수원시 팔달구 우만동 477,411154328224,경기도 수원시 팔달구 월드컵로369번길,41,,4111514000104770000020349,나성복합상가,경기도 수원시 팔달구 월드컵로369번길 41,442819,16232,,1,,127.028757145356,37.289039056193
MA0106202301A0586351,이엠북스,,G2,소매,G221,기타 상품 소매,G22199,그 외 기타 상품 전문 소매업,G47859,그 외 기타 분류 안된 상품 전문 소매업,11,서울특별시,11320,도봉구,11320511,창1동,1132010700,창동,1132010700108140000,1,대지,814,,서울특별시 도봉구 창동 814,113203000004,서울특별시 도봉구 덕릉로,371,,1132010700108140000018412,대우그린아파트,서울특별시 도봉구 덕릉로 371,132722,01423,,1,,127.049641450718,37.6461118042122
MA0106202301A0103845,푸드월드,,G2,소매,G221,기타 상품 소매,G22199,그 외 기타 상품 전문 소매업,G47859,그 외 기타 분류 안된 상품 전문 소매업,11,서울특별시,11560,영등포구,11560720,대림3동,1156013300,대림동,1156013300106850024,1,대지,685,24,서울특별시 영등포구 대림동 685-24,115604154167,서울특별시 영등포구 대림로34길,17,,1156013300106850024001169,,서울특별시 영등포구 대림로34길 17,150813,07401,,1,,126.900063769297,37.4992087812521
MA0106202301A1046756,오늘초밥,,G2,소매,G221,기타 상품 소매,G22199,그 외 기타 상품 전문 소매업,G47859,그 외 기타 분류 안된 상품 전문 소매업,41,경기도,41360,남양주시,41360570,별내동,4136011100,별내동,4136011100110580000,1,대지,1058,,경기도 남양주시 별내동 1058,413603197091,경기도 남양주시 별내중앙로,83,,4136011100200250014000001,동익미라벨,경기도 남양주시 별내중앙로 83,472955,12111,,1,,127.120670081858,37.649484270302
MA0106202301A1396639,쏭수제,,G2,소매,G221,기타 상품 소매,G22199,그 외 기타 상품 전문 소매업,G47859,그 외 기타 분류 안된 상품 전문 소매업,43,충청북도,43130,충주시,43130571,문화동,4313012700,문화동,4313012700125630000,1,대지,2563,,충청북도 충주시 문화동 2563,431304514637,충청북도 충주시 사직산11길,35,,4313012700125630000030141,미화빌리지,충청북도 충주시 사직산11길 35,380958,27409,,2,,127.928145452706,36.968366880933
MA0106202301A0960228,롯데시네마안산고잔티켓외,,G2,소매,G221,기타 상품 소매,G22199,그 외 기타 상품 전문 소매업,G47859,그 외 기타 분류 안된 상품 전문 소매업,41,경기도,41273,안산시 단원구,41273535,호수동,4127310100,고잔동,4127310100107170001,1,대지,717,1,경기도 안산시 단원구 고잔동 717-1,412732190001,경기도 안산시 단원구 광덕대로,141,,4127310100107170001000001,내7~8층,경기도 안산시 단원구 광덕대로 141,425807,15476,,,,126.828945500374,37.3090931424699
MA0106202301A0960351,롯데시네마상인티켓외,,G2,소매,G221,기타 상품 소매,G22199,그 외 기타 상품 전문 소매업,G47859,그 외 기타 분류 안된 상품 전문 소매업,27,대구광역시,27290,달서구,27290625,상인2동,2729011500,상인동,2729011500102410000,1,대지,241,,대구광역시 달서구 상인동 241,272903147029,대구광역시 달서구 월곡로,247,,2729011500102410000014493,,대구광역시 달서구 월곡로 247,704809,42786,,,,128.539264733864,35.8164490821548
MA0106202301A1173253,정읍휴게소-휴게소하,,G2,소매,G221,기타 상품 소매,G22199,그 외 기타 상품 전문 소매업,G47859,그 외 기타 분류 안된 상품 전문 소매업,52,전북특별자치도,52180,정읍시,52180310,북면,5218031029,북면,5218031029200190001,2,산,19,1,전북특별자치도 정읍시 북면 남산리 산19-1,521803270035,전북특별자치도 정읍시 북면 정신로,135,61,4518031029200190001031967,,전북특별자치도 정읍시 북면 정신로 135-61,580811,56143,,,,126.861579482988,35.6014659371632
MA0106202301A0180726,갈멜산기도동산,,G2,소매,G221,기타 상품 소매,G22199,그 외 기타 상품 전문 소매업,G47859,그 외 기타 분류 안된 상품 전문 소매업,41,경기도,41171,안양시 만안구,41171590,석수1동,4117110200,석수동,4117110200102380023,1,대지,238,23,경기도 안양시 만안구 석수동 238-23,411714346272,경기도 안양시 만안구 예술공원로117번길,56,,4117110200102360002002621,,경기도 안양시 만안구 예술공원로117번길 56,430850,13912,,,,126.918198124577,37.4208076562132
MA0106202301A0261519,북파주농협,,G2,소매,G221,기타 상품 소매,G22199,그 외 기타 상품 전문 소매업,G47859,그 외 기타 분류 안된 상품 전문 소매업,41,경기도,41480,파주시,41480250,문산읍,4148025021,문산읍,4148025021100030005,1,대지,3,5,경기도 파주시 문산읍 문산리 3-5,414803206033,경기도 파주시 문산읍 문향로,73,10,4148025021100030005011361,,경기도 파주시 문산읍 문향로 73-10,413904,10821,,,,126.785138068674,37.8587617618111
MA0106202301A0317510,남양주시청남양주역사박물관,,G2,소매,G221,기타 상품 소매,G22199,그 외 기타 상품 전문 소매업,G47859,그 외 기타 분류 안된 상품 전문 소매업,41,경기도,41360,남양주시,41360250,와부읍,4136025023,와부읍,4136025023102370003,1,대지,237,3,경기도 남양주시 와부읍 팔당리 237-3,413603197060,경기도 남양주시 와부읍 팔당로,121,,4136025023102370003022450,,경기도 남양주시 와부읍 팔당로 121,472908,12277,,,,127.244368106272,37.5463909323355
MA0106202301A0035813,서강대학교산학협력단(유가반,,G2,소매,G221,기타 상품 소매,G22199,그 외 기타 상품 전문 소매업,G47859,그 외 기타 분류 안된 상품 전문 소매업,11,서울특별시,11440,마포구,11440600,대흥동,1144011100,신수동,1144011100100010001,1,대지,1,1,서울특별시 마포구 신수동 1-1,114403005016,서울특별시 마포구 백범로,35,,1144010800100220060004795,서강대학교,서울특별시 마포구 백범로 35,121742,04107,,,,126.943065485141,37.5515044660105
MA0106202301A0035815,서강대학교산학협력단나노,,G2,소매,G221,기타 상품 소매,G22199,그 외 기타 상품 전문 소매업,G47859,그 외 기타 분류 안된 상품 전문 소매업,11,서울특별시,11440,마포구,11440600,대흥동,1144011100,신수동,1144011100100010001,1,대지,1,1,서울특별시 마포구 신수동 1-1,114403005016,서울특별시 마포구 백범로,35,,1144010800100220060004795,서강대학교,서울특별시 마포구 백범로 35,121742,04107,,,,126.943065485141,37.5515044660105
MA0106202301A0036037,영우홍익대학교매점인문,,G2,소매,G221,기타 상품 소매,G22199,그 외 기타 상품 전문 소매업,G47859,그 외 기타 분류 안된 상품 전문 소매업,11,서울특별시,11440,마포구,11440655,서강동,1144011500,상수동,1144011500100720001,1,대지,72,1,서울특별시 마포구 상수동 72-1,114403113017,서울특별시 마포구 와우산로,94,,1144011400104360002008952,,서울특별시 마포구 와우산로 94,121791,04066,,,,126.924934960974,37.55261156931
MA0106202301A0366206,하하인터네셔널,,G2,소매,G221,기타 상품 소매,G22199,그 외 기타 상품 전문 소매업,G47859,그 외 기타 분류 안된 상품 전문 소매업,26,부산광역시,26260,동래구,26260545,명륜동,2626010700,명륜동,2626010700105460000,1,대지,546,,부산광역시 동래구 명륜동 546,262604190494,부산광역시 동래구 충렬대로181번길,47,5,2626010700105460000004628,,부산광역시 동래구 충렬대로181번길 47-5,607804,47736,,1,,129.079723124567,35.2060614113103
MA0106202301A0594794,가든팜,,G2,소매,G221,기타 상품 소매,G22199,그 외 기타 상품 전문 소매업,G47859,그 외 기타 분류 안된 상품 전문 소매업,41,경기도,41570,김포시,41570256,양촌읍,4157025623,양촌읍,4157025623110610008,1,대지,1061,8,경기도 김포시 양촌읍 석모리 1061-8,415704427317,경기도 김포시 양촌읍 석모로45번길,95,,4157025623110610008000001,,경기도 김포시 양촌읍 석모로45번길 95,415824,10065,,,,126.645983486882,37.648546296117
MA0106202301A0036036,영우홍익대학교매점와우,,G2,소매,G221,기타 상품 소매,G22199,그 외 기타 상품 전문 소매업,G47859,그 외 기타 분류 안된 상품 전문 소매업,11,서울특별시,11440,마포구,11440655,서강동,1144011500,상수동,1144011500100720001,1,대지,72,1,서울특별시 마포구 상수동 72-1,114403113017,서울특별시 마포구 와우산로,94,,1144011400104360002008952,,서울특별시 마포구 와우산로 94,121791,04066,,,,126.924934960974,37.55261156931
MA0106202301A0960152,롯데시네마파주운정티켓외,,G2,소매,G221,기타 상품 소매,G22199,그 외 기타 상품 전문 소매업,G47859,그 외 기타 분류 안된 상품 전문 소매업,41,경기도,41480,파주시,41480560,운정2동,4148011700,목동동,4148011700109270000,1,대지,927,,경기도 파주시 목동동 927,414804853905,경기도 파주시 청암로17번길,17,,4148011700109270000000001,,경기도 파주시 청암로17번길 17,413110,10892,,3,,126.736767749056,37.7295742024826
MA0106202301A0496295,얼음대왕,,G2,소매,G221,기타 상품 소매,G22199,그 외 기타 상품 전문 소매업,G47859,그 외 기타 분류 안된 상품 전문 소매업,41,경기도,41131,성남시 수정구,41131520,신흥2동,4113110100,신흥동,4113110100169530000,1,대지,6953,,경기도 성남시 수정구 신흥동 6953,411313178018,경기도 성남시 수정구 수정로,291,,4113110100100100000071718,산성포레스티아아파트,경기도 성남시 수정구 수정로 291,461162,13260,,,,127.147169325366,37.451090543272
MA0106202210A2255185,씨제이올리브영이태원,중앙점,G2,소매,G221,기타 상품 소매,G22199,그 외 기타 상품 전문 소매업,G47859,그 외 기타 분류 안된 상품 전문 소매업,11,서울특별시,11170,용산구,11170650,이태원1동,1117013000,이태원동,1117013000101080009,1,대지,108,9,서울특별시 용산구 이태원동 108-9,111703102009,서울특별시 용산구 이태원로,179,,1117013000101190024009329,,서울특별시 용산구 이태원로 179,140863,04350,,,,126.993618783127,37.5347954688176
MA0106202210A2256128,씨제이올리브영미사,강변점,G2,소매,G221,기타 상품 소매,G22199,그 외 기타 상품 전문 소매업,G47859,그 외 기타 분류 안된 상품 전문 소매업,41,경기도,41450,하남시,41450630,미사3동,4145011000,풍산동,4145011000105120000,1,대지,512,,경기도 하남시 풍산동 512,414502202002,경기도 하남시 미사강변대로,70,,4145011000101210007000001,,경기도 하남시 미사강변대로 70,465170,12919,,,,127.187439399523,37.556153710396
MA0106202210A2255206,씨제이올리브영역곡역남부점,,G2,소매,G221,기타 상품 소매,G22199,그 외 기타 상품 전문 소매업,G47859,그 외 기타 분류 안된 상품 전문 소매업,41,경기도,41194,부천시 소사구,41194580,역곡3동,4119410400,괴안동,4119410400101130010,1,대지,113,10,경기도 부천시 소사구 괴안동 113-10,411943000028,경기도 부천시 소사구 경인로,499,,4119710400101130010019804,,경기도 부천시 소사구 경인로 499,422803,14676,,,,126.810829817866,37.4841518991806
MA0106202210A2256087,씨제이올리브영충주,연수점,G2,소매,G221,기타 상품 소매,G22199,그 외 기타 상품 전문 소매업,G47859,그 외 기타 분류 안된 상품 전문 소매업,43,충청북도,43130,충주시,43130630,연수동,4313011800,연수동,4313011800115120000,1,대지,1512,,충청북도 충주시 연수동 1512,431304515008,충청북도 충주시 연수동산로4길,2,,4313011800115120000000001,,충청북도 충주시 연수동산로4길 2,380100,27352,,,,127.939912803874,36.9828893738058
MA0106202211A2257116,씨제이올리브영대전파랑새점,,G2,소매,G221,기타 상품 소매,G22199,그 외 기타 상품 전문 소매업,G47859,그 외 기타 분류 안된 상품 전문 소매업,30,대전광역시,30170,서구,30170640,둔산2동,3017011200,둔산동,3017011200113620000,1,대지,1362,,대전광역시 서구 둔산동 1362,301702010001,대전광역시 서구 대덕대로,226,,3017011200113620000015293,,대전광역시 서구 대덕대로 226,302830,35233,,,,127.379865770793,36.352735641742
MA0106202211A2257263,씨제이올리브영명동타임워크점,,G2,소매,G221,기타 상품 소매,G22199,그 외 기타 상품 전문 소매업,G47859,그 외 기타 분류 안된 상품 전문 소매업,11,서울특별시,11140,중구,11140550,명동,1114012600,명동1가,1114012600100590005,1,대지,59,5,서울특별시 중구 명동1가 59-5,111403101001,서울특별시 중구 남대문로,78,,1114012600100590005023160,,서울특별시 중구 남대문로 78,100021,04534,,,,126.983010695052,37.5641849917525
MA0106202211A1251747,대상웰라이프,,G2,소매,G221,기타 상품 소매,G22199,그 외 기타 상품 전문 소매업,G47859,그 외 기타 분류 안된 상품 전문 소매업,11,서울특별시,11110,종로구,11110615,종로1.2.3.4가동,1111015700,인의동,1111015700100280002,1,대지,28,2,서울특별시 종로구 인의동 28-2,111103005008,서울특별시 종로구 창경궁로,120,,1111015700100280021000001,,서울특별시 종로구 창경궁로 120,110410,03130,,,,126.998256721773,37.5729799186675
MA0106202211A2257281,씨제이올리브영개포동점,,G2,소매,G221,기타 상품 소매,G22199,그 외 기타 상품 전문 소매업,G47859,그 외 기타 분류 안된 상품 전문 소매업,11,서울특별시,11680,강남구,11680670,개포2동,1168010300,개포동,1168010300101580012,1,대지,158,12,서울특별시 강남구 개포동 158-12,116803122006,서울특별시 강남구 선릉로,26,,1168010300101580012019592,,서울특별시 강남구 선릉로 26,135802,06325,,,,127.061483583032,37.4822510628512
MA0106202211A2256607,씨제이올리브영포항,초곡점,G2,소매,G221,기타 상품 소매,G22199,그 외 기타 상품 전문 소매업,G47859,그 외 기타 분류 안된 상품 전문 소매업,47,경상북도,47113,포항시 북구,47113250,흥해읍,4711325046,흥해읍,4711325046112140000,1,대지,1214,,경상북도 포항시 북구 흥해읍 초곡리 1214,471134853246,경상북도 포항시 북구 흥해읍 초곡지구로58번길,12,,4711325046112140000000001,,경상북도 포항시 북구 흥해읍 초곡지구로58번길 12,791948,37560,,,,129.338452113192,36.0966250822575
MA0106202211A2256885,씨제이올리브영아산탕정점,,G2,소매,G221,기타 상품 소매,G22199,그 외 기타 상품 전문 소매업,G47859,그 외 기타 분류 안된 상품 전문 소매업,44,충청남도,44200,아산시,44200330,탕정면,4420033025,탕정면,4420033025112120000,1,대지,1212,,충청남도 아산시 탕정면 매곡리 1212,442003353795,충청남도 아산시 탕정면 한들물빛5로,25,,4420033025112120000000001,,충청남도 아산시 탕정면 한들물빛5로 25,336843,31465,,,,127.086086816661,36.7875352653128
MA0106202211A2257507,씨제이올리브영천안역점,,G2,소매,G221,기타 상품 소매,G22199,그 외 기타 상품 전문 소매업,G47859,그 외 기타 분류 안된 상품 전문 소매업,44,충청남도,44131,천안시 동남구,44131510,중앙동,4413110100,대흥동,4413110100100800000,1,대지,80,,충청남도 천안시 동남구 대흥동 80,441313249006,충청남도 천안시 동남구 대흥로,228,,4413110100100800000018156,,충청남도 천안시 동남구 대흥로 228,330010,31129,,,,127.148104042757,36.8083800207177
MA0106202211A2256591,씨제이올리브영광주,화정점,G2,소매,G221,기타 상품 소매,G22199,그 외 기타 상품 전문 소매업,G47859,그 외 기타 분류 안된 상품 전문 소매업,29,광주광역시,29140,서구,29140780,화정3동,2914011900,화정동,2914011900108340007,1,대지,834,7,광주광역시 서구 화정동 834-7,291403160036,광주광역시 서구 월드컵4강로,60,,2914011900108340007020421,,광주광역시 서구 월드컵4강로 60,502843,62042,,,,126.875090246991,35.1423716226131
MA0106202211A1669740,플래시커피키친,,G2,소매,G221,기타 상품 소매,G22199,그 외 기타 상품 전문 소매업,G47859,그 외 기타 분류 안된 상품 전문 소매업,11,서울특별시,11170,용산구,11170685,한남동,1117013100,한남동,1117013100107290007,1,대지,729,7,서울특별시 용산구 한남동 729-7,111704106470,서울특별시 용산구 한남대로27가길,26,16,1117013100107290007005818,,서울특별시 용산구 한남대로27가길 26-16,140893,04399,,,,127.002726847699,37.5381473317773
MA0106202301A1156946,법인네이처천안두정점,,G2,소매,G221,기타 상품 소매,G22199,그 외 기타 상품 전문 소매업,G47859,그 외 기타 분류 안된 상품 전문 소매업,44,충청남도,44133,천안시 서북구,44133590,부성2동,4413310400,두정동,4413310400109090000,1,대지,909,,충청남도 천안시 서북구 두정동 909,441334550547,충청남도 천안시 서북구 원두정10길,7,,4413310400109090000035310,,충청남도 천안시 서북구 원두정10길 7,331959,31107,,,,127.134756651487,36.833635953998
MA0106202301A1156616,전북대학교산학협력단,,G2,소매,G221,기타 상품 소매,G22199,그 외 기타 상품 전문 소매업,G47859,그 외 기타 분류 안된 상품 전문 소매업,52,전북특별자치도,52113,전주시 덕진구,52113570,덕진동,5211310500,덕진동1가,5211310500106640014,1,대지,664,14,전북특별자치도 전주시 덕진구 덕진동1가 664-14,521133266013,전북특별자치도 전주시 덕진구 권삼득로,308,,4511310500106640014022778,본부별관,전북특별자치도 전주시 덕진구 권삼득로 308,561756,54896,,3,,127.12926618649,35.8442074085049
MA0106202210A0849136,원두막휴게소편의점,,G2,소매,G221,기타 상품 소매,G22199,그 외 기타 상품 전문 소매업,G47859,그 외 기타 분류 안된 상품 전문 소매업,44,충청남도,44800,홍성군,44800390,구항면,4480039024,구항면,4480039024101890004,1,대지,189,4,충청남도 홍성군 구항면 남산리 189-4,448004586172,충청남도 홍성군 구항면 내포로800번길,3,,4480039024101890004059064,,충청남도 홍성군 구항면 내포로800번길 3,350841,32213,,,,126.587319637051,36.593667874385
MA0106202211A0976242,맥키스컴퍼니,,G2,소매,G221,기타 상품 소매,G22199,그 외 기타 상품 전문 소매업,G47859,그 외 기타 분류 안된 상품 전문 소매업,30,대전광역시,30200,유성구,30200540,온천2동,3020012300,어은동,3020012300101120008,1,대지,112,8,대전광역시 유성구 어은동 112-8,302004301262,대전광역시 유성구 어은로42번길,25,,3020012300101120008010810,,대전광역시 유성구 어은로42번길 25,305807,34139,,,,127.358924912055,36.3632359774015
MA0106202211A0976525,초록뱀이앤엠온라인사업부,,G2,소매,G221,기타 상품 소매,G22199,그 외 기타 상품 전문 소매업,G47859,그 외 기타 분류 안된 상품 전문 소매업,11,서울특별시,11560,영등포구,11560540,여의동,1156011000,여의도동,1156011000100280001,1,대지,28,1,서울특별시 영등포구 여의도동 28-1,115602118001,서울특별시 영등포구 여의대로,24,,1156011000100280001000001,,서울특별시 영등포구 여의대로 24,150756,07320,,,,126.919908857212,37.5221814910512
MA0106202301A0691756,횡성군청매점,,G2,소매,G221,기타 상품 소매,G22199,그 외 기타 상품 전문 소매업,G47859,그 외 기타 분류 안된 상품 전문 소매업,51,강원특별자치도,51730,횡성군,51730250,횡성읍,5173025022,횡성읍,5173025022100580001,1,대지,58,1,강원특별자치도 횡성군 횡성읍 읍하리 58-1,517303226080,강원특별자치도 횡성군 횡성읍 태기로,11,,4273025022100890001003788,,강원특별자치도 횡성군 횡성읍 태기로 11,225701,25220,,,,127.984543146265,37.4912020031451
MA0106202301A1045388,쥬케로,코리아,G2,소매,G221,기타 상품 소매,G22199,그 외 기타 상품 전문 소매업,G47859,그 외 기타 분류 안된 상품 전문 소매업,11,서울특별시,11680,강남구,11680545,압구정동,1168010700,신사동,1168010700106260068,1,대지,626,68,서울특별시 강남구 신사동 626-68,116804166589,서울특별시 강남구 언주로153길,10,5,1168010700106260068010731,해담빌딩,서울특별시 강남구 언주로153길 10-5,135895,06024,,2,,127.032183908479,37.5230872441439
MA0106202301A0650219,으뜸무인아이스크림신천지점,,G2,소매,G221,기타 상품 소매,G22199,그 외 기타 상품 전문 소매업,G47859,그 외 기타 분류 안된 상품 전문 소매업,50,제주특별자치도,50110,제주시,50110520,일도2동,5011010200,일도이동,5011010200100470001,1,대지,47,1,제주특별자치도 제주시 일도이동 47-1,501103349190,제주특별자치도 제주시 천수로,68,,5011010200100470001036783,일도신천지아파트,제주특별자치도 제주시 천수로 68,690830,63258,,,,126.543671614544,33.5048624405598
MA0106202211A1819362,포셋전포,,G2,소매,G221,기타 상품 소매,G22199,그 외 기타 상품 전문 소매업,G47859,그 외 기타 분류 안된 상품 전문 소매업,26,부산광역시,26230,부산진구,26230600,전포1동,2623010200,전포동,2623010200106710001,1,대지,671,1,부산광역시 부산진구 전포동 671-1,262304187667,부산광역시 부산진구 전포대로223번길,20,,2623010200106710001000001,,부산광역시 부산진구 전포대로223번길 20,614867,47293,,,,129.064069473296,35.156711604879
MA0106202211A0047646,벨라쿠키,압구정점,G2,소매,G221,기타 상품 소매,G22199,그 외 기타 상품 전문 소매업,G47859,그 외 기타 분류 안된 상품 전문 소매업,11,서울특별시,11680,강남구,11680545,압구정동,1168010700,신사동,1168010700106630003,1,대지,663,3,서울특별시 강남구 신사동 663-3,116804166527,서울특별시 강남구 압구정로50길,27,,1168010700106630003009941,,서울특별시 강남구 압구정로50길 27,135897,06018,,,,127.037864476524,37.5264913482343
MA0106202211A1595648,킹콩충주점,백화점,G2,소매,G221,기타 상품 소매,G22199,그 외 기타 상품 전문 소매업,G47859,그 외 기타 분류 안된 상품 전문 소매업,43,충청북도,43130,충주시,43130640,목행.용탄동,4313011900,목행동,4313011900101780003,1,대지,178,3,충청북도 충주시 목행동 178-3,431304514483,충청북도 충주시 목수1길,13,2,4313011900101780003021874,,충청북도 충주시 목수1길 13-2,380240,27433,,,,127.93103376777,37.0173974469737
MA0106202301A0168292,아이즈빌씨지브이부평10-매점,,G2,소매,G221,기타 상품 소매,G22199,그 외 기타 상품 전문 소매업,G47859,그 외 기타 분류 안된 상품 전문 소매업,28,인천광역시,28237,부평구,28237591,청천1동,2823710400,청천동,2823710400103860001,1,대지,386,1,인천광역시 부평구 청천동 386-1,282373154066,인천광역시 부평구 마장로,489,,2823710400103860000016987,아이즈빌,인천광역시 부평구 마장로 489,403031,21302,,,,126.703711590658,37.5213594796509
MA0106202210A1497741,포항공과대학교복지회복지관,,G2,소매,G221,기타 상품 소매,G22199,그 외 기타 상품 전문 소매업,G47859,그 외 기타 분류 안된 상품 전문 소매업,47,경상북도,47111,포항시 남구,47111580,효곡동,4711111500,지곡동,4711111500101660014,1,대지,166,14,경상북도 포항시 남구 지곡동 166-14,471113303053,경상북도 포항시 남구 청암로,77,,4711111400104440000127373,,경상북도 포항시 남구 청암로 77,790834,37673,,,,129.32130208391,36.010589188902
MA0106202212A0974958,선양팝업스토어,,G2,소매,G221,기타 상품 소매,G22199,그 외 기타 상품 전문 소매업,G47859,그 외 기타 분류 안된 상품 전문 소매업,36,세종특별자치시,36110,세종특별자치시,36110515,새롬동,3611010800,새롬동,3611010800105820000,1,대지,582,,세종특별자치시 세종특별자치시 새롬동 582,361103351283,세종특별자치시 세종특별자치시 새롬중앙로,63,,3611010800200250000000002,,세종특별자치시 세종특별자치시 새롬중앙로 63,339009,30126,,,,127.250260337055,36.4865403264581
MA0106202212A0598755,서관라이프스타일_E리빙,,G2,소매,G221,기타 상품 소매,G22199,그 외 기타 상품 전문 소매업,G47859,그 외 기타 분류 안된 상품 전문 소매업,11,서울특별시,11680,강남구,11680545,압구정동,1168010700,신사동,1168010700106170003,1,대지,617,3,서울특별시 강남구 신사동 617-3,116803122007,서울특별시 강남구 압구정로,230,,1168010700106170003000001,,서울특별시 강남구 압구정로 230,135894,06023,,,,127.033181913653,37.5287542713253
MA0106202301A1029290,살집,,G2,소매,G221,기타 상품 소매,G22199,그 외 기타 상품 전문 소매업,G47859,그 외 기타 분류 안된 상품 전문 소매업,44,충청남도,44133,천안시 서북구,44133580,부성1동,4413310400,두정동,4413310400112460000,1,대지,1246,,충청남도 천안시 서북구 두정동 1246,441334550153,충청남도 천안시 서북구 두정중8길,16,,4413310400112460000047242,,충청남도 천안시 서북구 두정중8길 16,331961,31101,,,,127.139905488551,36.8355043089861
MA0106202301A0483337,롯데제과(육가공)푸,부산지점,G2,소매,G221,기타 상품 소매,G22199,그 외 기타 상품 전문 소매업,G47859,그 외 기타 분류 안된 상품 전문 소매업,26,부산광역시,26530,사상구,26530580,삼락동,2653010100,삼락동,2653010100103600002,1,대지,360,2,부산광역시 사상구 삼락동 360-2,265302006002,부산광역시 사상구 낙동대로,1390,,2653010100103600002000001,,부산광역시 사상구 낙동대로 1390,617825,46907,,,,128.977074086141,35.1842881350974
MA0106202301A0310484,위드미남양주율석리점,,G2,소매,G221,기타 상품 소매,G22199,그 외 기타 상품 전문 소매업,G47859,그 외 기타 분류 안된 상품 전문 소매업,41,경기도,41360,남양주시,41360250,와부읍,4136025025,와부읍,4136025025107480024,1,대지,748,24,경기도 남양주시 와부읍 율석리 748-24,413604391479,경기도 남양주시 와부읍 석실로488번길,6,,4136025025107480024015074,,경기도 남양주시 와부읍 석실로488번길 6,472904,12201,,,,127.212333525184,37.610477410631
MA0106202212A0232122,오아시스길동역점,,G2,소매,G221,기타 상품 소매,G22199,그 외 기타 상품 전문 소매업,G47859,그 외 기타 분류 안된 상품 전문 소매업,11,서울특별시,11740,강동구,11740685,길동,1174010500,길동,1174010500103480006,1,대지,348,6,서울특별시 강동구 길동 348-6,117402000006,서울특별시 강동구 양재대로,1504,,1174010500103480006002654,,서울특별시 강동구 양재대로 1504,134811,05343,,,,127.141063941283,37.5399281793015
MA0106202211A1405463,슈퍼키친양천,구청점,G2,소매,G221,기타 상품 소매,G22199,그 외 기타 상품 전문 소매업,G47859,그 외 기타 분류 안된 상품 전문 소매업,11,서울특별시,11470,양천구,11470680,신정7동,1147010100,신정동,1147010100103230017,1,대지,323,17,서울특별시 양천구 신정동 323-17,114703114001,서울특별시 양천구 목동동로,55,,1147010100103230017000570,,서울특별시 양천구 목동동로 55,158077,08093,,,,126.861402625814,37.5155229775168
MA0106202212A0463978,마켓ksm1,,G2,소매,G221,기타 상품 소매,G22199,그 외 기타 상품 전문 소매업,G47859,그 외 기타 분류 안된 상품 전문 소매업,41,경기도,41570,김포시,41570340,대곶면,4157034029,대곶면,4157034029109000000,1,대지,900,,경기도 김포시 대곶면 송마리 900,415703153045,경기도 김포시 대곶면 소래로,71,,4157034029109000000007284,,경기도 김포시 대곶면 소래로 71,415855,10040,,,,126.574167932014,37.6540211185944
MA0106202212A0463979,마켓ksm2,,G2,소매,G221,기타 상품 소매,G22199,그 외 기타 상품 전문 소매업,G47859,그 외 기타 분류 안된 상품 전문 소매업,41,경기도,41570,김포시,41570360,하성면,4157036028,하성면,4157036028102780006,1,대지,278,6,경기도 김포시 하성면 원산리 278-6,415704427448,경기도 김포시 하성면 월하로589번길,90,,4157036028102780008013280,,경기도 김포시 하성면 월하로589번길 90,415887,10011,,,,126.625014440599,37.7127929992365
MA0106202212A0508942,케이피티,대구지점,G2,소매,G221,기타 상품 소매,G22199,그 외 기타 상품 전문 소매업,G47859,그 외 기타 분류 안된 상품 전문 소매업,27,대구광역시,27140,동구,27140570,신천3동,2714010200,신천동,2714010200101370003,1,대지,137,3,대구광역시 동구 신천동 137-3,271403007004,대구광역시 동구 동대구로,429,,2714010200101370003022125,,대구광역시 동구 동대구로 429,701825,41261,,,,128.625675987238,35.8685687844978
MA0106202301A0830595,서울쿠키컴퍼니제2공장,,G2,소매,G221,기타 상품 소매,G22199,그 외 기타 상품 전문 소매업,G47859,그 외 기타 분류 안된 상품 전문 소매업,11,서울특별시,11440,마포구,11440660,서교동,1144012000,서교동,1144012000104490014,1,대지,449,14,서울특별시 마포구 서교동 449-14,114403113019,서울특별시 마포구 월드컵북로,35,,1144012000104490014011107,,서울특별시 마포구 월드컵북로 35,121841,04000,,1,,126.918411065654,37.557526687763
MA0106202301A0960266,롯데시네마성남중앙티켓외,,G2,소매,G221,기타 상품 소매,G22199,그 외 기타 상품 전문 소매업,G47859,그 외 기타 분류 안된 상품 전문 소매업,41,경기도,41131,성남시 수정구,41131530,신흥3동,4113110100,신흥동,4113110100141240000,1,대지,4124,,경기도 성남시 수정구 신흥동 4124,411312179002,경기도 성남시 수정구 산성대로,267,,4113110100141240000000001,,경기도 성남시 수정구 산성대로 267,461862,13353,,,,127.146449589562,37.4413244501772
MA0106202301A0150396,굿데이굿플라워,,G2,소매,G221,기타 상품 소매,G22199,그 외 기타 상품 전문 소매업,G47859,그 외 기타 분류 안된 상품 전문 소매업,11,서울특별시,11650,서초구,11650550,반포본동,1165010700,반포동,1165010700108170000,1,대지,817,,서울특별시 서초구 반포동 817,116503121017,서울특별시 서초구 신반포로,17,,1165010700107520000000001,지동,서울특별시 서초구 신반포로 17,137049,06501,,,,126.986881356789,37.5014127384136
MA0106202212A1071816,우래커뮤니케이션,,G2,소매,G221,기타 상품 소매,G22199,그 외 기타 상품 전문 소매업,G47859,그 외 기타 분류 안된 상품 전문 소매업,41,경기도,41192,부천시 원미구,41192700,상3동,4119210900,상동,4119210900105330005,1,대지,533,5,경기도 부천시 원미구 상동 533-5,411924352242,경기도 부천시 원미구 상동로117번길,43,,4119510900105330005045249,,경기도 부천시 원미구 상동로117번길 43,420861,14543,,,,126.75101916845,37.5076923659615
MA0106202301A0925111,홍루이젠,잠실새내점,G2,소매,G221,기타 상품 소매,G22199,그 외 기타 상품 전문 소매업,G47859,그 외 기타 분류 안된 상품 전문 소매업,11,서울특별시,11710,송파구,11710680,잠실3동,1171010100,잠실동,1171010100100350002,1,대지,35,2,서울특별시 송파구 잠실동 35-2,117103123009,서울특별시 송파구 석촌호수로,61,,1171010100100350002000001,상가동,서울특별시 송파구 석촌호수로 61,138915,05555,,,,127.086220512634,37.5106983929623
MA0106202301A0984209,정우푸드,,G2,소매,G221,기타 상품 소매,G22199,그 외 기타 상품 전문 소매업,G47859,그 외 기타 분류 안된 상품 전문 소매업,11,서울특별시,11650,서초구,11650510,서초1동,1165010800,서초동,1165010800116060005,1,대지,1606,5,서울특별시 서초구 서초동 1606-5,116504163653,서울특별시 서초구 효령로67길,7,,1165010800116060005023939,송남빌딩,서울특별시 서초구 효령로67길 7,137877,06643,,,,127.023428270006,37.4875176164323
MA0106202301A0876989,일동종합_건대충주치료식,,G2,소매,G221,기타 상품 소매,G22199,그 외 기타 상품 전문 소매업,G47859,그 외 기타 분류 안된 상품 전문 소매업,43,충청북도,43130,충주시,43130640,목행.용탄동,4313011900,목행동,4313011900105260029,1,대지,526,29,충청북도 충주시 목행동 526-29,431303238024,충청북도 충주시 목행산단7로,24,,4313011900105260029021473,,충청북도 충주시 목행산단7로 24,380240,27333,,,,127.923084709171,37.0039978854702
MA0106202212A0963442,롯데시네마제주연동티켓외,,G2,소매,G221,기타 상품 소매,G22199,그 외 기타 상품 전문 소매업,G47859,그 외 기타 분류 안된 상품 전문 소매업,50,제주특별자치도,50110,제주시,50110650,연동,5011013700,연동,5011013700114540000,1,대지,1454,,제주특별자치도 제주시 연동 1454,501103349013,제주특별자치도 제주시 과원로,128,,5011013700114540000063402,,제주특별자치도 제주시 과원로 128,690817,63142,,,,126.494650715481,33.4806988680379
MA0106202301A0618177,베라,코리아,G2,소매,G221,기타 상품 소매,G22199,그 외 기타 상품 전문 소매업,G47859,그 외 기타 분류 안된 상품 전문 소매업,41,경기도,41430,의왕시,41430540,내손1동,4143010700,내손동,4143010700108160003,1,대지,816,3,경기도 의왕시 내손동 816-3,414304403140,경기도 의왕시 오리나무1길,40,,4143010700108160003003868,,경기도 의왕시 오리나무1길 40,437838,16043,,,,126.967902255866,37.3745190833452
MA0106202212A2257872,씨제이올리브영천호엔터식스점,,G2,소매,G221,기타 상품 소매,G22199,그 외 기타 상품 전문 소매업,G47859,그 외 기타 분류 안된 상품 전문 소매업,11,서울특별시,11740,강동구,11740610,천호2동,1174010900,천호동,1174010900104550000,1,대지,455,,서울특별시 강동구 천호동 455,117402000008,서울특별시 강동구 천호대로,997,,1174010800100620001000001,,서울특별시 강동구 천호대로 997,134874,05248,,,,127.123738472827,37.5385780852161
MA0106202212A2258124,씨제이올리브영울산,신정점,G2,소매,G221,기타 상품 소매,G22199,그 외 기타 상품 전문 소매업,G47859,그 외 기타 분류 안된 상품 전문 소매업,31,울산광역시,31140,남구,31140510,신정1동,3114010400,신정동,3114010400106230001,1,대지,623,1,울산광역시 남구 신정동 623-1,311403170046,울산광역시 남구 월평로,50,,3114010400106230001016293,,울산광역시 남구 월평로 50,680826,44672,,,,129.311187669283,35.5416254834417
MA0106202212A2257812,씨제이올리브영,울산온산점,G2,소매,G221,기타 상품 소매,G22199,그 외 기타 상품 전문 소매업,G47859,그 외 기타 분류 안된 상품 전문 소매업,31,울산광역시,31710,울주군,31710250,온산읍,3171025032,온산읍,3171025032112840008,1,대지,1284,8,울산광역시 울주군 온산읍 덕신리 1284-8,317103173026,울산광역시 울주군 온산읍 덕신로,251,,3171025032112840008003167,,울산광역시 울주군 온산읍 덕신로 251,689894,45001,,,,129.308881554391,35.4337665247162
MA0106202212A2257458,씨제이올리브영인천터미널역점,,G2,소매,G221,기타 상품 소매,G22199,그 외 기타 상품 전문 소매업,G47859,그 외 기타 분류 안된 상품 전문 소매업,28,인천광역시,28177,미추홀구,28177700,관교동,2817710600,관교동,2817710600100140000,1,대지,14,,인천광역시 미추홀구 관교동 14,281773008029,인천광역시 미추홀구 예술로,85,,2817010800100140000000001,,인천광역시 미추홀구 예술로 85,402800,22242,,,,126.699685885839,37.4419076403869
MA0106202301A0554493,한양대학교,,G2,소매,G221,기타 상품 소매,G22199,그 외 기타 상품 전문 소매업,G47859,그 외 기타 분류 안된 상품 전문 소매업,11,서울특별시,11200,성동구,11200550,사근동,1120010700,행당동,1120010700100170000,1,대지,17,,서울특별시 성동구 행당동 17,112003005011,서울특별시 성동구 왕십리로,220,,1120010700100170007020185,,서울특별시 성동구 왕십리로 220,133791,04763,,,,127.04752259543,37.5571849148771
MA0106202301A0795066,더까까주까영주,본점,G2,소매,G221,기타 상품 소매,G22199,그 외 기타 상품 전문 소매업,G47859,그 외 기타 분류 안된 상품 전문 소매업,47,경상북도,47210,영주시,47210620,가흥1동,4721010500,가흥동,4721010500118200000,1,대지,1820,,경상북도 영주시 가흥동 1820,472104727712,경상북도 영주시 대동로34번길,3,15,4721010500118200000000001,,경상북도 영주시 대동로34번길 3-15,750021,36135,,1,,128.607825825127,36.814785265064
MA0106202301A0965959,풀무원샘물엑스포,가맹점,G2,소매,G221,기타 상품 소매,G22199,그 외 기타 상품 전문 소매업,G47859,그 외 기타 분류 안된 상품 전문 소매업,30,대전광역시,30230,대덕구,30230570,덕암동,3023011500,덕암동,3023011500100210002,1,대지,21,2,대전광역시 대덕구 덕암동 21-2,302304304177,대전광역시 대덕구 덕암북로70번길,41,,3023011500100210002001788,,대전광역시 대덕구 덕암북로70번길 41,306804,34330,,,,127.42231466301,36.4439263705018
MA0106202301A1476513,유영INT,,G2,소매,G221,기타 상품 소매,G22199,그 외 기타 상품 전문 소매업,G47859,그 외 기타 분류 안된 상품 전문 소매업,47,경상북도,47130,경주시,47130253,안강읍,4713025334,안강읍,4713025334111220010,1,대지,1122,10,경상북도 경주시 안강읍 양월리 1122-10,471304715526,경상북도 경주시 안강읍 북부리1길,19,1,4713025334111220010116490,,경상북도 경주시 안강읍 북부리1길 19-1,780802,38009,,,,129.22415501647,35.9939689932049
MA0106202301A0123705,삼원벤딩,,G2,소매,G221,기타 상품 소매,G22199,그 외 기타 상품 전문 소매업,G47859,그 외 기타 분류 안된 상품 전문 소매업,11,서울특별시,11470,양천구,11470520,목2동,1147010200,목동,1147010200104990030,1,대지,499,30,서울특별시 양천구 목동 499-30,114704142181,서울특별시 양천구 목동중앙북로10길,47,,1147010200104990030000001,,서울특별시 양천구 목동중앙북로10길 47,158807,07948,,,,126.868827634421,37.5450842854027
MA0106202301A0670958,미진식당,,G2,소매,G221,기타 상품 소매,G22199,그 외 기타 상품 전문 소매업,G47859,그 외 기타 분류 안된 상품 전문 소매업,51,강원특별자치도,51170,동해시,51170570,발한동,5117011100,발한동,5117011100103020005,1,대지,302,5,강원특별자치도 동해시 발한동 302-5,511703221019,강원특별자치도 동해시 발한복개로,25,,4217011100103020005000002,,강원특별자치도 동해시 발한복개로 25,240803,25720,,,,129.10746022451,37.5510764914226
MA0106202301A1123679,순달푸드,,G2,소매,G221,기타 상품 소매,G22199,그 외 기타 상품 전문 소매업,G47859,그 외 기타 분류 안된 상품 전문 소매업,50,제주특별자치도,50110,제주시,50110680,이호동,5011012600,이호이동,5011012600114360002,1,대지,1436,2,제주특별자치도 제주시 이호이동 1436-2,501104847494,제주특별자치도 제주시 덕지2길,37,,5011012600114360002000001,제,제주특별자치도 제주시 덕지2길 37,690231,63110,,,,126.451822731613,33.4920301472536
MA0106202301A1538111,한창종합식품,,G2,소매,G221,기타 상품 소매,G22199,그 외 기타 상품 전문 소매업,G47859,그 외 기타 분류 안된 상품 전문 소매업,47,경상북도,47190,구미시,47190253,고아읍,4719025332,고아읍,4719025332100400010,1,대지,40,10,경상북도 구미시 고아읍 문성리 40-10,471904724226,경상북도 구미시 고아읍 들성로11길,42,,4719025332100400010047715,,경상북도 구미시 고아읍 들성로11길 42,730814,39146,,,,128.346981575071,36.1648384194482
MA0106202301A0198695,아이스크림마을가수점,,G2,소매,G221,기타 상품 소매,G22199,그 외 기타 상품 전문 소매업,G47859,그 외 기타 분류 안된 상품 전문 소매업,41,경기도,41370,오산시,41370560,초평동,4137012100,가수동,4137012100103980001,1,대지,398,1,경기도 오산시 가수동 398-1,413703198001,경기도 오산시 가수로,31,,4137012100103980001004821,늘푸른오스카빌상가,경기도 오산시 가수로 31,447150,18125,,,,127.049031545278,37.1463692832982
MA0106202301A0548405,청계상사,,G2,소매,G221,기타 상품 소매,G22199,그 외 기타 상품 전문 소매업,G47859,그 외 기타 분류 안된 상품 전문 소매업,11,서울특별시,11200,성동구,11200540,마장동,1120010500,마장동,1120010500104600022,1,대지,460,22,서울특별시 성동구 마장동 460-22,112004109527,서울특별시 성동구 청계천로12가길,19,,1120010500104600022020605,,서울특별시 성동구 청계천로12가길 19,133812,04704,,,,127.034728579604,37.5705151067266
MA0106202301A1216293,좋은FS,,G2,소매,G221,기타 상품 소매,G22199,그 외 기타 상품 전문 소매업,G47859,그 외 기타 분류 안된 상품 전문 소매업,29,광주광역시,29170,북구,29170620,우산동,2917011000,우산동,2917011000100030028,1,대지,3,28,광주광역시 북구 우산동 3-28,291704286739,광주광역시 북구 평교로18번길,45,,2917011000100030028021513,,광주광역시 북구 평교로18번길 45,500848,61171,,1,,126.927335272638,35.1784145048103
MA0106202301A1188060,스카이슈퍼,,G2,소매,G221,기타 상품 소매,G22199,그 외 기타 상품 전문 소매업,G47859,그 외 기타 분류 안된 상품 전문 소매업,29,광주광역시,29155,남구,29155690,주월1동,2915510600,주월동,2915510600103830000,1,대지,383,,광주광역시 남구 주월동 383,291554283405,광주광역시 남구 서문대로823번길,7,17,2915510600103830000012916,스카이상가,광주광역시 남구 서문대로823번길 7-17,503835,61720,,,,126.898673418049,35.132361471697
MA0106202301A0370256,엔사이언스,,G2,소매,G221,기타 상품 소매,G22199,그 외 기타 상품 전문 소매업,G47859,그 외 기타 분류 안된 상품 전문 소매업,51,강원특별자치도,51110,춘천시,51110600,후평1동,5111012000,후평동,5111012000105580001,1,대지,558,1,강원특별자치도 춘천시 후평동 558-1,511104454822,강원특별자치도 춘천시 후석로420번길,7,,4211012000105580001034406,,강원특별자치도 춘천시 후석로420번길 7,200959,24232,,3,,127.744941210117,37.8878456160021
MA0106202301A0243443,청운상사,,G2,소매,G221,기타 상품 소매,G22199,그 외 기타 상품 전문 소매업,G47859,그 외 기타 분류 안된 상품 전문 소매업,41,경기도,41650,포천시,41650250,소흘읍,4165025026,소흘읍,4165025026105040007,1,대지,504,7,경기도 포천시 소흘읍 고모리 504-7,416503213040,경기도 포천시 소흘읍 죽엽산로,210,,4165025026105040019008948,,경기도 포천시 소흘읍 죽엽산로 210,487821,11185,,,,127.161433404811,37.813141746989
MA0106202301A0498155,엠에이치쇼핑홀,,G2,소매,G221,기타 상품 소매,G22199,그 외 기타 상품 전문 소매업,G47859,그 외 기타 분류 안된 상품 전문 소매업,41,경기도,41590,화성시,41590259,향남읍,4159025921,향남읍,4159025921100810070,1,대지,81,70,경기도 화성시 향남읍 평리 81-70,415903012004,경기도 화성시 향남읍 삼천병마로,216,,4159025921100810070009448,중앙빌딩,경기도 화성시 향남읍 삼천병마로 216,445939,18592,,5,,126.911014575001,37.1322804614305
MA0106202301A0327709,강북종합물류,,G2,소매,G221,기타 상품 소매,G22199,그 외 기타 상품 전문 소매업,G47859,그 외 기타 분류 안된 상품 전문 소매업,11,서울특별시,11260,중랑구,11260655,망우본동,1126010500,망우동,1126010500101520041,1,대지,152,41,서울특별시 중랑구 망우동 152-41,112604118173,서울특별시 중랑구 망우로74가길,25,,1126010500101520041005739,,서울특별시 중랑구 망우로74가길 25,131802,02179,,,,127.105595153398,37.5986650545943
MA0106202301A1463569,모아랩,,G2,소매,G221,기타 상품 소매,G22199,그 외 기타 상품 전문 소매업,G47859,그 외 기타 분류 안된 상품 전문 소매업,27,대구광역시,27230,북구,27230645,대현동,2723011000,대현동,2723011000100220013,1,대지,22,13,대구광역시 북구 대현동 22-13,272304235032,대구광역시 북구 경대로5길,6,,2723011000100220013019597,,대구광역시 북구 경대로5길 6,702819,41569,,,,128.613008177435,35.8848339317511
MA0106202301A1476423,짱스타,,G2,소매,G221,기타 상품 소매,G22199,그 외 기타 상품 전문 소매업,G47859,그 외 기타 분류 안된 상품 전문 소매업,47,경상북도,47130,경주시,47130530,황오동,4713010500,황오동,4713010500102460010,1,대지,246,10,경상북도 경주시 황오동 246-10,471304716215,경상북도 경주시 태종로791번길,23,,4713010500102460010006916,,경상북도 경주시 태종로791번길 23,780958,38153,,2,,129.214525482731,35.8428365084972
MA0106202301A0182118,크린워크,,G2,소매,G221,기타 상품 소매,G22199,그 외 기타 상품 전문 소매업,G47859,그 외 기타 분류 안된 상품 전문 소매업,41,경기도,41173,안양시 동안구,41173580,호계1동,4117310400,호계동,4117310400105550009,1,대지,555,9,경기도 안양시 동안구 호계동 555-9,411733182030,경기도 안양시 동안구 엘에스로,76,,4117310400105550009005725,안양국제유통잔지,경기도 안양시 동안구 엘에스로 76,431763,14117,,,,126.953126304246,37.3700450634828
MA0106202301A1509396,무이비엔케이크샵,,G2,소매,G221,기타 상품 소매,G22199,그 외 기타 상품 전문 소매업,G47859,그 외 기타 분류 안된 상품 전문 소매업,41,경기도,41111,수원시 장안구,41111591,송죽동,4111113500,송죽동,4111113500104490019,1,대지,449,19,경기도 수원시 장안구 송죽동 449-19,411114322329,경기도 수원시 장안구 정조로1110번길,14,5,4111113500104490019046537,,경기도 수원시 장안구 정조로1110번길 14-5,440803,16303,,1,,127.001894964577,37.3040357934124
MA0106202301A0237928,김포성경식품,,G2,소매,G221,기타 상품 소매,G22199,그 외 기타 상품 전문 소매업,G47859,그 외 기타 분류 안된 상품 전문 소매업,41,경기도,41570,김포시,41570515,김포본동,4157010500,감정동,4157010500102890005,1,대지,289,5,경기도 김포시 감정동 289-5,415704427543,경기도 김포시 중봉로33번길,110,,4157010500102890005000001,,경기도 김포시 중봉로33번길 110,415010,10103,,,,126.692458347563,37.6281432359631
MA0106202301A0395019,민경유통,,G2,소매,G221,기타 상품 소매,G22199,그 외 기타 상품 전문 소매업,G47859,그 외 기타 분류 안된 상품 전문 소매업,41,경기도,41465,용인시 수지구,41465560,동천동,4146510300,동천동,4146510300100450002,1,대지,45,2,경기도 용인시 수지구 동천동 45-2,414654012006,경기도 용인시 수지구 고기로211번길,5,,4146510300100450001234133,,경기도 용인시 수지구 고기로211번길 5,448500,16824,,,,127.082301555091,37.3508788891474
MA0106202301A0327573,지엠전자,,G2,소매,G221,기타 상품 소매,G22199,그 외 기타 상품 전문 소매업,G47859,그 외 기타 분류 안된 상품 전문 소매업,41,경기도,41390,시흥시,41390591,정왕1동,4139013200,정왕동,4139013200113670001,1,대지,1367,1,경기도 시흥시 정왕동 1367-1,413902199001,경기도 시흥시 공단1대로,244,,4139013200113670001016345,,경기도 시흥시 공단1대로 244,429853,15103,,,,126.728445299906,37.3353324328239
MA0106202301A0128941,지앤비마케팅,,G2,소매,G221,기타 상품 소매,G22199,그 외 기타 상품 전문 소매업,G47859,그 외 기타 분류 안된 상품 전문 소매업,11,서울특별시,11470,양천구,11470650,신정4동,1147010100,신정동,1147010100108810019,1,대지,881,19,서울특별시 양천구 신정동 881-19,114703114012,서울특별시 양천구 은행정로,94,,1147010100108810019002264,성은빌딩,서울특별시 양천구 은행정로 94,158856,07938,,1,,126.858788454924,37.5281969802295
MA0106202301A0512740,캠핑굄성,,G2,소매,G221,기타 상품 소매,G22199,그 외 기타 상품 전문 소매업,G47859,그 외 기타 분류 안된 상품 전문 소매업,44,충청남도,44800,홍성군,44800256,홍북읍,4480025629,홍북읍,4480025629102980001,1,대지,298,1,충청남도 홍성군 홍북읍 갈산리 298-1,448003262023,충청남도 홍성군 홍북읍 홍북로,810,,4480025629102980001000001,,충청남도 홍성군 홍북읍 홍북로 810,350831,32279,,,,126.718353703993,36.6569848852934
MA0106202301A0487738,부영식품상회,,G2,소매,G221,기타 상품 소매,G22199,그 외 기타 상품 전문 소매업,G47859,그 외 기타 분류 안된 상품 전문 소매업,31,울산광역시,31140,남구,31140670,야음장생포동,3114010800,야음동,3114010800103840015,1,대지,384,15,울산광역시 남구 야음동 384-15,311403170032,울산광역시 남구 수암로,288,,3114010800103840015001181,,울산광역시 남구 수암로 288,680836,44765,,,,129.335770307254,35.5214093914684
MA0106202301A0221333,화개장터이슬송이버섯,,G2,소매,G221,기타 상품 소매,G22199,그 외 기타 상품 전문 소매업,G47859,그 외 기타 분류 안된 상품 전문 소매업,48,경상남도,48850,하동군,48850310,화개면,4885031023,화개면,4885031023107260037,1,대지,726,37,경상남도 하동군 화개면 탑리 726-37,488503344009,경상남도 하동군 화개면 쌍계로,19,,4885031023107260037026316,,경상남도 하동군 화개면 쌍계로 19,667822,52303,,,,127.624437112057,35.1885982022022
MA0106202301A0237479,DC마트,,G2,소매,G221,기타 상품 소매,G22199,그 외 기타 상품 전문 소매업,G47859,그 외 기타 분류 안된 상품 전문 소매업,51,강원특별자치도,51780,철원군,51780310,서면,5178031022,서면,5178031022111730006,1,대지,1173,6,강원특별자치도 철원군 서면 와수리 1173-6,517803230024,강원특별자치도 철원군 서면 와수로,177,,4278031022111730006015539,,강원특별자치도 철원군 서면 와수로 177,269841,24059,,,,127.438601715963,38.2393723742398
MA0106202301A0601530,에버그린푸드,,G2,소매,G221,기타 상품 소매,G22199,그 외 기타 상품 전문 소매업,G47859,그 외 기타 분류 안된 상품 전문 소매업,11,서울특별시,11740,강동구,11740530,명일1동,1174010100,명일동,1174010100102940000,1,대지,294,,서울특별시 강동구 명일동 294,117402000006,서울특별시 강동구 양재대로,1656,,1174010100102940000019313,삼익그린맨션,서울특별시 강동구 양재대로 1656,134781,05266,,1,,127.145578701104,37.5516086487333
MA0106202301A1449994,소원불교,,G2,소매,G221,기타 상품 소매,G22199,그 외 기타 상품 전문 소매업,G47859,그 외 기타 분류 안된 상품 전문 소매업,27,대구광역시,27290,달서구,27290535,두류1.2동,2729010200,두류동,2729010200100880008,1,대지,88,8,대구광역시 달서구 두류동 88-8,272904241607,대구광역시 달서구 파도고개로30길,2,,2729010200100880008000468,,대구광역시 달서구 파도고개로30길 2,704908,42661,,,,128.564992408355,35.859453187805
MA0106202301A0163292,인재과학,,G2,소매,G221,기타 상품 소매,G22199,그 외 기타 상품 전문 소매업,G47859,그 외 기타 분류 안된 상품 전문 소매업,11,서울특별시,11230,동대문구,11230545,제기동,1123010300,제기동,1123010300101370037,1,대지,137,37,서울특별시 동대문구 제기동 137-37,112304115495,서울특별시 동대문구 제기로5길,42,,1123010300101370037030049,,서울특별시 동대문구 제기로5길 42,130860,02473,,,,127.035518007791,37.5881473233893
MA0106202301A0199354,화서유통,,G2,소매,G221,기타 상품 소매,G22199,그 외 기타 상품 전문 소매업,G47859,그 외 기타 분류 안된 상품 전문 소매업,41,경기도,41590,화성시,41590570,화산동,4159012200,황계동,4159012200101630020,1,대지,163,20,경기도 화성시 황계동 163-20,415904431423,경기도 화성시 황계길131번길,2,8,4159012200001630021017388,,경기도 화성시 황계길131번길 2-8,445400,18347,,,,127.016315494522,37.2239050041107
MA0106202301A1225368,연방죽,,G2,소매,G221,기타 상품 소매,G22199,그 외 기타 상품 전문 소매업,G47859,그 외 기타 분류 안된 상품 전문 소매업,46,전라남도,46860,함평군,46860370,해보면,4686037029,해보면,4686037029104090030,1,대지,409,30,전라남도 함평군 해보면 광암리 409-30,468604691229,전라남도 함평군 해보면 용천사길,179,,4686037029104090030000001,,전라남도 함평군 해보면 용천사길 179,525871,57115,,,,126.541430462639,35.1824355293597
MA0106202301A1556245,팔공산갓바위장아찌,,G2,소매,G221,기타 상품 소매,G22199,그 외 기타 상품 전문 소매업,G47859,그 외 기타 분류 안된 상품 전문 소매업,47,경상북도,47290,경산시,47290310,와촌면,4729031031,와촌면,4729031031102070003,1,대지,207,3,경상북도 경산시 와촌면 대한리 207-3,472903313002,경상북도 경산시 와촌면 갓바위로,203,10,4729031031102070003000001,,경상북도 경산시 와촌면 갓바위로 203-10,712841,38400,,,,128.781284864501,35.9730169766827
MA0106202301A0578343,우리교육,,G2,소매,G221,기타 상품 소매,G22199,그 외 기타 상품 전문 소매업,G47859,그 외 기타 분류 안된 상품 전문 소매업,11,서울특별시,11470,양천구,11470650,신정4동,1147010100,신정동,1147010100109080017,1,대지,908,17,서울특별시 양천구 신정동 908-17,114703114014,서울특별시 양천구 오목로,191,,1147010100109080017001022,남진빌딩,서울특별시 양천구 오목로 191,158857,07944,,,,126.85866904149,37.5255298735311
MA0106202301A1556041,지오,,G2,소매,G221,기타 상품 소매,G22199,그 외 기타 상품 전문 소매업,G47859,그 외 기타 분류 안된 상품 전문 소매업,47,경상북도,47850,칠곡군,47850320,동명면,4785032030,동명면,4785032030109870006,1,대지,987,6,경상북도 칠곡군 동명면 금암리 987-6,478504766087,경상북도 칠곡군 동명면 금암동석1길,3,1,4785032030109870006000001,,경상북도 칠곡군 동명면 금암동석1길 3-1,718922,39858,,,,128.554119164491,35.9895298703802
MA0106202301A0529821,고은사,,G2,소매,G221,기타 상품 소매,G22199,그 외 기타 상품 전문 소매업,G47859,그 외 기타 분류 안된 상품 전문 소매업,11,서울특별시,11215,광진구,11215830,자양2동,1121510500,자양동,1121510500106800000,1,대지,680,,서울특별시 광진구 자양동 680,112153104010,서울특별시 광진구 자양로,94,,,,서울특별시 광진구 자양로 94,143874,05051,,,,127.0840887474,37.5361442344722
MA0106202301A0339621,매점,,G2,소매,G221,기타 상품 소매,G22199,그 외 기타 상품 전문 소매업,G47859,그 외 기타 분류 안된 상품 전문 소매업,51,강원특별자치도,51830,양양군,51830330,현북면,5183033029,현북면,5183033029100990001,1,대지,99,1,강원특별자치도 양양군 현북면 중광정리 99-1,518302000023,강원특별자치도 양양군 현북면 동해대로,1536,14,4283033029100990001000002,,강원특별자치도 양양군 현북면 동해대로 1536-14,215833,25046,,,,128.713953135796,38.0260111135457
MA0106202301A1171248,대신양은,,G2,소매,G221,기타 상품 소매,G22199,그 외 기타 상품 전문 소매업,G47859,그 외 기타 분류 안된 상품 전문 소매업,52,전북특별자치도,52790,고창군,52790380,대산면,5279038025,대산면,5279038025101750062,1,대지,175,62,전북특별자치도 고창군 대산면 매산리 175-62,527903279072,전북특별자치도 고창군 대산면 대성로,250,,4579038025101760001027008,,전북특별자치도 고창군 대산면 대성로 250,585864,56468,,,,126.601263062978,35.3396782523921
MA0106202301A0615029,다이렉트엠,,G2,소매,G221,기타 상품 소매,G22199,그 외 기타 상품 전문 소매업,G47859,그 외 기타 분류 안된 상품 전문 소매업,11,서울특별시,11215,광진구,11215830,자양2동,1121510500,자양동,1121510500106360010,1,대지,636,10,서울특별시 광진구 자양동 636-10,112153103010,서울특별시 광진구 뚝섬로,632,,1121510500106360010013272,,서울특별시 광진구 뚝섬로 632,143868,05100,,,,127.079728058347,37.5317864155951
MA0106202301A1472664,한일화장지,,G2,소매,G221,기타 상품 소매,G22199,그 외 기타 상품 전문 소매업,G47859,그 외 기타 분류 안된 상품 전문 소매업,47,경상북도,47130,경주시,47130360,현곡면,4713036027,현곡면,4713036027105730001,1,대지,573,1,경상북도 경주시 현곡면 금장리 573-1,471303305015,경상북도 경주시 현곡면 동대로,227,,4713036027105730001137670,,경상북도 경주시 현곡면 동대로 227,780922,38051,,,,129.201350281316,35.867424934574
MA0106202301A0505422,거리풍경,,G2,소매,G221,기타 상품 소매,G22199,그 외 기타 상품 전문 소매업,G47859,그 외 기타 분류 안된 상품 전문 소매업,28,인천광역시,28177,미추홀구,28177680,주안7동,2817710500,주안동,2817710500113270033,1,대지,1327,33,인천광역시 미추홀구 주안동 1327-33,281773008011,인천광역시 미추홀구 인하로,254,,2817010600113270033090502,,인천광역시 미추홀구 인하로 254,402852,22217,,2,,126.676245180781,37.4481167919825
MA0106202301A0901917,아이스크림할인점,장기점,G2,소매,G221,기타 상품 소매,G22199,그 외 기타 상품 전문 소매업,G47859,그 외 기타 분류 안된 상품 전문 소매업,27,대구광역시,27290,달서구,27290568,장기동,2729011000,장기동,2729011000102540000,1,대지,254,,대구광역시 달서구 장기동 254,272904241158,대구광역시 달서구 문화회관3안길,34,1,2729011000102540000000001,장기협성휴포레상가,대구광역시 달서구 문화회관3안길 34-1,704944,42698,,,,128.520169036865,35.8472414102874
MA0106202301A0955693,성은상사,,G2,소매,G221,기타 상품 소매,G22199,그 외 기타 상품 전문 소매업,G47859,그 외 기타 분류 안된 상품 전문 소매업,44,충청남도,44180,보령시,44180565,대천5동,4418010900,요암동,4418010900106090002,1,대지,609,2,충청남도 보령시 요암동 609-2,441804556650,충청남도 보령시 해망산길,122,27,4418010900106090002017454,,충청남도 보령시 해망산길 122-27,355110,33491,,,,126.542494010411,36.3224094414457
MA0106202301A0621952,엔터텍,,G2,소매,G221,기타 상품 소매,G22199,그 외 기타 상품 전문 소매업,G47859,그 외 기타 분류 안된 상품 전문 소매업,11,서울특별시,11740,강동구,11740685,길동,1174010500,길동,1174010500103740014,1,대지,374,14,서울특별시 강동구 길동 374-14,117404172345,서울특별시 강동구 천중로38가길,15,1,1174010500103740014000001,,서울특별시 강동구 천중로38가길 15-1,134813,05341,,,,127.137578570443,37.5397340714749
MA0106202301A0377320,여산포장,,G2,소매,G221,기타 상품 소매,G22199,그 외 기타 상품 전문 소매업,G47859,그 외 기타 분류 안된 상품 전문 소매업,28,인천광역시,28200,남동구,28200550,간석3동,2820010200,간석동,2820010200100010156,1,대지,1,156,인천광역시 남동구 간석동 1-156,282003153031,인천광역시 남동구 만월북로,81,,2820010200100010156021785,,인천광역시 남동구 만월북로 81,405800,21515,,,,126.717679275641,37.4740459533509
MA0106202301A1434916,대율산업,,G2,소매,G221,기타 상품 소매,G22199,그 외 기타 상품 전문 소매업,G47859,그 외 기타 분류 안된 상품 전문 소매업,27,대구광역시,27230,북구,27230735,태전2동,2723012600,태전동,2723012600110750031,1,대지,1075,31,대구광역시 북구 태전동 1075-31,272304235348,대구광역시 북구 칠곡중앙대로52길,53,,2723012600110750031000001,,대구광역시 북구 칠곡중앙대로52길 53,702866,41466,,,,128.549277362522,35.9233318939672
MA0106202301A1519310,명성식품,,G2,소매,G221,기타 상품 소매,G22199,그 외 기타 상품 전문 소매업,G47859,그 외 기타 분류 안된 상품 전문 소매업,47,경상북도,47250,상주시,47250520,남원동,4725010700,남성동,4725010700100860003,1,대지,86,3,경상북도 상주시 남성동 86-3,472503311009,경상북도 상주시 남성로,36,,4725010700100860003083839,,경상북도 상주시 남성로 36,742903,37195,,,,128.160984779572,36.4132017513118
MA0106202301A0620839,예문성의사,,G2,소매,G221,기타 상품 소매,G22199,그 외 기타 상품 전문 소매업,G47859,그 외 기타 분류 안된 상품 전문 소매업,11,서울특별시,11230,동대문구,11230650,장안1동,1123010600,장안동,1123010600104650006,1,대지,465,6,서울특별시 동대문구 장안동 465-6,112304115411,서울특별시 동대문구 장한로2길,52,,1123010600104650007015957,,서울특별시 동대문구 장한로2길 52,130846,02645,,2,,127.068079441478,37.5616798357089
MA0106202301A0257120,반찬나라,,G2,소매,G221,기타 상품 소매,G22199,그 외 기타 상품 전문 소매업,G47859,그 외 기타 분류 안된 상품 전문 소매업,41,경기도,41281,고양시 덕양구,41281550,성사2동,4128110600,성사동,4128110600107260000,1,대지,726,,경기도 고양시 덕양구 성사동 726,412814376016,경기도 고양시 덕양구 고양대로1384번길,6,,4128110600107260000013875,삼보상가,경기도 고양시 덕양구 고양대로1384번길 6,412714,10468,,1,,126.837143907993,37.6540015550596
MA0106202301A0227698,줄리아티룸,,G2,소매,G221,기타 상품 소매,G22199,그 외 기타 상품 전문 소매업,G47859,그 외 기타 분류 안된 상품 전문 소매업,41,경기도,41135,성남시 분당구,41135680,운중동,4113511500,운중동,4113511500110320000,1,대지,1032,,경기도 성남시 분당구 운중동 1032,411354340410,경기도 성남시 분당구 판교로33번길,9,,4113511500110320000000001,,경기도 성남시 분당구 판교로33번길 9,463440,13467,,,,127.084286940911,37.3903063733159
MA0106202301A0027442,노이지콘텐츠,,G2,소매,G221,기타 상품 소매,G22199,그 외 기타 상품 전문 소매업,G47859,그 외 기타 분류 안된 상품 전문 소매업,11,서울특별시,11560,영등포구,11560605,문래동,1156012100,문래동3가,1156012100100540043,1,대지,54,43,서울특별시 영등포구 문래동3가 54-43,115603000028,서울특별시 영등포구 경인로,755,,1156012100100540044000001,,서울특별시 영등포구 경인로 755,150834,07299,,2,,126.897148711748,37.5137845361738
MA0106202301A0036963,씨엔더블유,,G2,소매,G221,기타 상품 소매,G22199,그 외 기타 상품 전문 소매업,G47859,그 외 기타 분류 안된 상품 전문 소매업,11,서울특별시,11440,마포구,11440565,공덕동,1144010200,공덕동,1144010200102520005,1,대지,252,5,서울특별시 마포구 공덕동 252-5,114402113001,서울특별시 마포구 마포대로,144,,1144010200102520005002323,태영빌딩,서울특별시 마포구 마포대로 144,121717,04212,,,,126.953751266946,37.5470041423993
MA0106202301A0058296,제일포장,,G2,소매,G221,기타 상품 소매,G22199,그 외 기타 상품 전문 소매업,G47859,그 외 기타 분류 안된 상품 전문 소매업,11,서울특별시,11560,영등포구,11560535,영등포동,1156010600,영등포동5가,1156010600100430002,1,대지,43,2,서울특별시 영등포구 영등포동5가 43-2,115604154801,서울특별시 영등포구 영중로18길,17,,1156010600100430002034422,,서울특별시 영등포구 영중로18길 17,150030,07250,,,,126.907070630921,37.5211809847606
MA0106202212A0781401,나우바이오,,G2,소매,G221,기타 상품 소매,G22199,그 외 기타 상품 전문 소매업,G47859,그 외 기타 분류 안된 상품 전문 소매업,41,경기도,41360,남양주시,41360545,다산1동,4136011200,다산동,4136011200161430000,1,대지,6143,,경기도 남양주시 다산동 6143,413603351591,경기도 남양주시 다산순환로,20,,4136011200161430000000001,,경기도 남양주시 다산순환로 20,,12248,,,,127.151689117087,37.6126792551016
MA0106202212A0669537,헤어플러스,,G2,소매,G221,기타 상품 소매,G22199,그 외 기타 상품 전문 소매업,G47859,그 외 기타 분류 안된 상품 전문 소매업,28,인천광역시,28260,서구,28260600,가좌3동,2826011200,가좌동,2826011200102240003,1,대지,224,3,인천광역시 서구 가좌동 224-3,282604268456,인천광역시 서구 신진말로14번길,21,1,2826011200102240003000001,,인천광역시 서구 신진말로14번길 21-1,404253,22818,,,,126.677031747373,37.4912050990585
MA0106202212A1952185,남도백찬,,G2,소매,G221,기타 상품 소매,G22199,그 외 기타 상품 전문 소매업,G47859,그 외 기타 분류 안된 상품 전문 소매업,46,전라남도,46840,무안군,46840253,일로읍,4684025326,일로읍,4684025326103510021,1,대지,351,21,전라남도 무안군 일로읍 월암리 351-21,468404688339,전라남도 무안군 일로읍 일로달바위길,46,29,4684025326103510021000002,,전라남도 무안군 일로읍 일로달바위길 46-29,534904,58574,,,,126.495865123193,34.8528401888833
MA0106202212A1345758,다함푸드,,G2,소매,G221,기타 상품 소매,G22199,그 외 기타 상품 전문 소매업,G47859,그 외 기타 분류 안된 상품 전문 소매업,27,대구광역시,27170,서구,27170675,상중이동,2717010500,중리동,2717010500108010005,1,대지,801,5,대구광역시 서구 중리동 801-5,271704229056,대구광역시 서구 국채보상로6길,12,12,2717010500108010005031881,,대구광역시 서구 국채보상로6길 12-12,703833,41755,,,,128.53346759969,35.8676367149458
MA0106202212A2199768,이피316,,G2,소매,G221,기타 상품 소매,G22199,그 외 기타 상품 전문 소매업,G47859,그 외 기타 분류 안된 상품 전문 소매업,41,경기도,41360,남양주시,41360256,화도읍,4136025625,화도읍,4136025625104310004,1,대지,431,4,경기도 남양주시 화도읍 금남리 431-4,413603197075,경기도 남양주시 화도읍 북한강로,1453,,4136025625104310004017896,,경기도 남양주시 화도읍 북한강로 1453,472842,12193,,,,127.358182411875,37.6406231213114
MA0106202211A0432260,뿅가아이스,,G2,소매,G221,기타 상품 소매,G22199,그 외 기타 상품 전문 소매업,G47859,그 외 기타 분류 안된 상품 전문 소매업,41,경기도,41273,안산시 단원구,41273590,선부2동,4127310900,선부동,4127310900110380015,1,대지,1038,15,경기도 안산시 단원구 선부동 1038-15,412734373180,경기도 안산시 단원구 석수로6길,13,,4127310900110380015026210,,경기도 안산시 단원구 석수로6길 13,425828,15221,,,,126.805765100761,37.3439272766386
MA0106202301A0905383,동정보이차,,G2,소매,G221,기타 상품 소매,G22199,그 외 기타 상품 전문 소매업,G47859,그 외 기타 분류 안된 상품 전문 소매업,30,대전광역시,30170,서구,30170640,둔산2동,3017011200,둔산동,3017011200109670000,1,대지,967,,대전광역시 서구 둔산동 967,301703166020,대전광역시 서구 둔산북로,22,,3017011200109670000020123,,대전광역시 서구 둔산북로 22,302828,35229,,,,127.377071963104,36.3555651666805
MA0106202301A0200101,에이치투오,,G2,소매,G221,기타 상품 소매,G22199,그 외 기타 상품 전문 소매업,G47859,그 외 기타 분류 안된 상품 전문 소매업,41,경기도,41590,화성시,41590400,양감면,4159040024,양감면,4159040024109940001,1,대지,994,1,경기도 화성시 양감면 송산리 994-1,415904430745,경기도 화성시 양감면 송말길,74,18,4159040024109940001000001,,경기도 화성시 양감면 송말길 74-18,445933,18629,,,,126.992394901183,37.1061917634486
MA0106202301A0830459,키티영,,G2,소매,G221,기타 상품 소매,G22199,그 외 기타 상품 전문 소매업,G47859,그 외 기타 분류 안된 상품 전문 소매업,27,대구광역시,27110,중구,27110595,대신동,2711015400,대신동,2711015400101150377,1,대지,115,377,대구광역시 중구 대신동 115-377,271104223144,대구광역시 중구 큰장로28길,28,,2711015400101150377002851,서문시장,대구광역시 중구 큰장로28길 28,700750,41926,,1,,128.580766412877,35.869447609294
MA0106202301A0060668,EDP,여의도점,G2,소매,G221,기타 상품 소매,G22199,그 외 기타 상품 전문 소매업,G47859,그 외 기타 분류 안된 상품 전문 소매업,11,서울특별시,11560,영등포구,11560680,신길6동,1156013200,신길동,1156013200139620006,1,대지,3962,6,서울특별시 영등포구 신길동 3962-6,115603118005,서울특별시 영등포구 대방천로,211,8,1156013200139620006009037,,서울특별시 영등포구 대방천로 211-8,150859,07431,,,,126.914641506063,37.4986435701227
MA0106202301A0473152,온니케이크,,G2,소매,G221,기타 상품 소매,G22199,그 외 기타 상품 전문 소매업,G47859,그 외 기타 분류 안된 상품 전문 소매업,26,부산광역시,26410,금정구,26410680,구서1동,2641010700,구서동,2641010700104620011,1,대지,462,11,부산광역시 금정구 구서동 462-11,264103130022,부산광역시 금정구 금강로,404,,2641010700104620011000001,,부산광역시 금정구 금강로 404,609806,46244,,5,,129.087683575251,35.2437906064349
MA0106202301A0529104,부흥상회,,G2,소매,G221,기타 상품 소매,G22199,그 외 기타 상품 전문 소매업,G47859,그 외 기타 분류 안된 상품 전문 소매업,11,서울특별시,11230,동대문구,11230545,제기동,1123010300,제기동,1123010300104830000,1,대지,483,,서울특별시 동대문구 제기동 483,112304115663,서울특별시 동대문구 홍릉로3길,24,,1123010300104830000034235,,서울특별시 동대문구 홍릉로3길 24,130862,02573,,,,127.043202197606,37.581846819582
MA0106202301A0865115,천대산쉬어가는집,,G2,소매,G221,기타 상품 소매,G22199,그 외 기타 상품 전문 소매업,G47859,그 외 기타 분류 안된 상품 전문 소매업,43,충청북도,43740,영동군,43740390,양산면,4374039028,양산면,4374039028107040000,1,대지,704,,충청북도 영동군 양산면 누교리 704,437404529617,충청북도 영동군 양산면 천태산진입길,130,,4374039028107040000000069,,충청북도 영동군 양산면 천태산진입길 130,370832,29160,,,,127.619684381047,36.1575735063138
MA0106202301A0040027,JS상사,,G2,소매,G221,기타 상품 소매,G22199,그 외 기타 상품 전문 소매업,G47859,그 외 기타 분류 안된 상품 전문 소매업,11,서울특별시,11590,동작구,11590660,대방동,1159010800,대방동,1159010800103420005,1,대지,342,5,서울특별시 동작구 대방동 342-5,115903118028,서울특별시 동작구 여의대방로,284,,1159010800103420005005140,,서울특별시 동작구 여의대방로 284,156808,06939,,1,,126.925371713568,37.5118145208659
MA0106202301A0668483,컴퍼니에스에스춘천,,G2,소매,G221,기타 상품 소매,G22199,그 외 기타 상품 전문 소매업,G47859,그 외 기타 분류 안된 상품 전문 소매업,51,강원특별자치도,51110,춘천시,51110675,강남동,5111012500,삼천동,5111012500102230002,1,대지,223,2,강원특별자치도 춘천시 삼천동 223-2,511104454446,강원특별자치도 춘천시 스포츠타운길399번길,25,,4211012500102230002012551,상마당춘천아트센터,강원특별자치도 춘천시 스포츠타운길399번길 25,200200,24239,,,,127.702097271444,37.8736129703594
MA0106202301A0101725,한국과학상사,,G2,소매,G221,기타 상품 소매,G22199,그 외 기타 상품 전문 소매업,G47859,그 외 기타 분류 안된 상품 전문 소매업,11,서울특별시,11530,구로구,11530530,구로2동,1153010200,구로동,1153010200112580000,1,대지,1258,,서울특별시 구로구 구로동 1258,115304148108,서울특별시 구로구 경인로53길,15,,1153010200112580000017234,중앙유통상가,서울특별시 구로구 경인로53길 15,152721,08217,,,,126.876118294779,37.5020332748086
MA0106202212A0850277,엔에스바이오,,G2,소매,G221,기타 상품 소매,G22199,그 외 기타 상품 전문 소매업,G47859,그 외 기타 분류 안된 상품 전문 소매업,30,대전광역시,30170,서구,30170581,갈마1동,3017011100,갈마동,3017011100103920013,1,대지,392,13,대전광역시 서구 갈마동 392-13,301703166037,대전광역시 서구 신갈마로,121,,3017011100103920013012247,,대전광역시 서구 신갈마로 121,302807,35281,,,,127.368307372758,36.344471999191
MA0106202212A1655142,신앙촌상회,,G2,소매,G221,기타 상품 소매,G22199,그 외 기타 상품 전문 소매업,G47859,그 외 기타 분류 안된 상품 전문 소매업,41,경기도,41450,하남시,41450550,덕풍2동,4145010800,덕풍동,4145010800103580002,1,대지,358,2,경기도 하남시 덕풍동 358-2,414503202048,경기도 하남시 신장로,182,,4145010800103580002005629,,경기도 하남시 신장로 182,465807,12970,,,,127.200075843053,37.5415368185973
MA0106202212A1544109,미로움,,G2,소매,G221,기타 상품 소매,G22199,그 외 기타 상품 전문 소매업,G47859,그 외 기타 분류 안된 상품 전문 소매업,29,광주광역시,29200,광산구,29200637,수완동,2920012300,장덕동,2920012300110940000,1,대지,1094,,광주광역시 광산구 장덕동 1094,292004289557,광주광역시 광산구 장덕로39번길,10,,2920012300110940000000001,,광주광역시 광산구 장덕로39번길 10,506304,62220,,,,126.814012196392,35.1955724670463
MA0106202212A1643447,극동앵글진열대,,G2,소매,G221,기타 상품 소매,G22199,그 외 기타 상품 전문 소매업,G47859,그 외 기타 분류 안된 상품 전문 소매업,26,부산광역시,26470,연제구,26470610,거제1동,2647010100,거제동,2647010100102230004,1,대지,223,4,부산광역시 연제구 거제동 223-4,264703130030,부산광역시 연제구 여고로,138,,2647010100102230004016251,,부산광역시 연제구 여고로 138,611803,47504,,,,129.077613710632,35.1991137042909
MA0106202212A1080157,도연플라워,,G2,소매,G221,기타 상품 소매,G22199,그 외 기타 상품 전문 소매업,G47859,그 외 기타 분류 안된 상품 전문 소매업,31,울산광역시,31140,남구,31140560,달동,3114010500,달동,3114010500106310001,1,대지,631,1,울산광역시 남구 달동 631-1,311403170037,울산광역시 남구 신정로,67,,3114010500106310001008968,,울산광역시 남구 신정로 67,680802,44693,,,,129.320819463139,35.5376739705113
MA0106202212A2172861,풍림슈퍼,,G2,소매,G221,기타 상품 소매,G22199,그 외 기타 상품 전문 소매업,G47859,그 외 기타 분류 안된 상품 전문 소매업,41,경기도,41360,남양주시,41360256,화도읍,4136025630,화도읍,4136025630108750000,1,대지,875,,경기도 남양주시 화도읍 차산리 875,413604391514,경기도 남양주시 화도읍 수레로1120번길,10,,4136025630108750000000008,신창현풍림아이원1차,경기도 남양주시 화도읍 수레로1120번길 10,472939,12197,,,,127.304857666818,37.6366644865482
MA0106202301A0199638,EDP,화성점,G2,소매,G221,기타 상품 소매,G22199,그 외 기타 상품 전문 소매업,G47859,그 외 기타 분류 안된 상품 전문 소매업,41,경기도,41590,화성시,41590560,기배동,4159012300,배양동,4159012300100660002,1,대지,66,2,경기도 화성시 배양동 66-2,415903210008,경기도 화성시 기배로,158,,4159012300000660002011599,,경기도 화성시 기배로 158,445350,18341,,,,126.991087010169,37.2265638843411
MA0106202301A0256619,대성플라워,,G2,소매,G221,기타 상품 소매,G22199,그 외 기타 상품 전문 소매업,G47859,그 외 기타 분류 안된 상품 전문 소매업,41,경기도,41281,고양시 덕양구,41281656,행신4동,4128112800,행신동,4128112800102490000,1,대지,249,,경기도 고양시 덕양구 행신동 249,412813192072,경기도 고양시 덕양구 행신로,318,4,4128112800102490000004395,,경기도 고양시 덕양구 행신로 318-4,412220,10486,,,,126.846670086863,37.6229934388504
MA0106202301A1170134,향토유통,,G2,소매,G221,기타 상품 소매,G22199,그 외 기타 상품 전문 소매업,G47859,그 외 기타 분류 안된 상품 전문 소매업,52,전북특별자치도,52180,정읍시,52180545,시기동,5218010400,시기동,5218010400103490008,1,대지,349,8,전북특별자치도 정읍시 시기동 349-8,521804611016,전북특별자치도 정읍시 태평4길,29,,4518010400103490008082052,,전북특별자치도 정읍시 태평4길 29,580060,56164,,,,126.855490034918,35.563370037917
MA0106202301A0369502,성호상사,,G2,소매,G221,기타 상품 소매,G22199,그 외 기타 상품 전문 소매업,G47859,그 외 기타 분류 안된 상품 전문 소매업,41,경기도,41173,안양시 동안구,41173580,호계1동,4117310400,호계동,4117310400105550009,1,대지,555,9,경기도 안양시 동안구 호계동 555-9,411733182030,경기도 안양시 동안구 엘에스로,76,,4117310400105550009005725,국제유통단지,경기도 안양시 동안구 엘에스로 76,431763,14117,,,,126.953126304246,37.3700450634828
MA0106202301A1555785,샤랴즈인터프라이즈,,G2,소매,G221,기타 상품 소매,G22199,그 외 기타 상품 전문 소매업,G47859,그 외 기타 분류 안된 상품 전문 소매업,47,경상북도,47290,경산시,47290250,하양읍,4729025021,하양읍,4729025021100040100,1,대지,4,100,경상북도 경산시 하양읍 금락리 4-100,472903018052,경상북도 경산시 하양읍 하양로,128,,4729025021100040100033460,,경상북도 경산시 하양읍 하양로 128,712902,38435,,,,128.821040031477,35.9147136334349
MA0106202301A1235330,대준식자재마트,,G2,소매,G221,기타 상품 소매,G22199,그 외 기타 상품 전문 소매업,G47859,그 외 기타 분류 안된 상품 전문 소매업,48,경상남도,48240,사천시,48240570,향촌동,4824011600,향촌동,4824011600109160003,1,대지,916,3,경상남도 사천시 향촌동 916-3,482403019061,경상남도 사천시 삼상로,120,,4824011600109160003013503,,경상남도 사천시 삼상로 120,664220,52562,,,,128.088031113007,34.9382510577504
MA0106202301A1392738,뉴메세지통상,,G2,소매,G221,기타 상품 소매,G22199,그 외 기타 상품 전문 소매업,G47859,그 외 기타 분류 안된 상품 전문 소매업,26,부산광역시,26470,연제구,26470620,거제2동,2647010100,거제동,2647010100113870000,1,대지,1387,,부산광역시 연제구 거제동 1387,264703137003,부산광역시 연제구 경기장로,15,,2647010100113880005000001,,부산광역시 연제구 경기장로 15,611809,47500,,,,129.054000829333,35.1874231504753
MA0106202301A1555732,삼인종합유통,,G2,소매,G221,기타 상품 소매,G22199,그 외 기타 상품 전문 소매업,G47859,그 외 기타 분류 안된 상품 전문 소매업,47,경상북도,47290,경산시,47290530,남부동,4729010300,서상동,4729010300100390000,1,대지,39,,경상북도 경산시 서상동 39,472904739437,경상북도 경산시 서상길,68,,,,경상북도 경산시 서상길 68,712010,38629,,,,128.735146330287,35.8182501706283
MA0106202301A0657450,세니젠,,G2,소매,G221,기타 상품 소매,G22199,그 외 기타 상품 전문 소매업,G47859,그 외 기타 분류 안된 상품 전문 소매업,41,경기도,41290,과천시,41290550,과천동,4129010600,주암동,4129010600101790007,1,대지,179,7,경기도 과천시 주암동 179-7,412904385024,경기도 과천시 돌무개길,45,,4129010600101790007003134,주암빌리지,경기도 과천시 돌무개길 45,427060,13820,,1,,127.029034374126,37.4525841879002
MA0106202301A0035797,굿네이버스인터내셔날,,G2,소매,G221,기타 상품 소매,G22199,그 외 기타 상품 전문 소매업,G47859,그 외 기타 분류 안된 상품 전문 소매업,11,서울특별시,11440,마포구,11440655,서강동,1144011500,상수동,1144011500100950003,1,대지,95,3,서울특별시 마포구 상수동 95-3,114403113005,서울특별시 마포구 독막로,109,,1144011500100950003026797,육관,서울특별시 마포구 독막로 109,121828,04067,,4,,126.925788168243,37.5481341474636
MA0106202301A0294717,티앤비,,G2,소매,G221,기타 상품 소매,G22199,그 외 기타 상품 전문 소매업,G47859,그 외 기타 분류 안된 상품 전문 소매업,28,인천광역시,28245,계양구,28245602,효성2동,2824510100,효성동,2824510100104050007,1,대지,405,7,인천광역시 계양구 효성동 405-7,282454265266,인천광역시 계양구 아나지로148번길,12,,2824510100104050007123811,,인천광역시 계양구 아나지로148번길 12,407831,21106,,,,126.707546675302,37.5241891668213
MA0106202301A0079853,AND,,G2,소매,G221,기타 상품 소매,G22199,그 외 기타 상품 전문 소매업,G47859,그 외 기타 분류 안된 상품 전문 소매업,28,인천광역시,28245,계양구,28245621,작전1동,2824510300,작전동,2824510300103810010,1,대지,381,10,인천광역시 계양구 작전동 381-10,282453155039,인천광역시 계양구 효서로,294,1,2824510300103810010109919,,인천광역시 계양구 효서로 294-1,407820,21119,,,,126.728677135512,37.5277084480837
MA0106202301A0579798,한마음슈퍼,,G2,소매,G221,기타 상품 소매,G22199,그 외 기타 상품 전문 소매업,G47859,그 외 기타 분류 안된 상품 전문 소매업,11,서울특별시,11305,강북구,11305555,송천동,1130510100,미아동,1130510100104030127,1,대지,403,127,서울특별시 강북구 미아동 403-127,113054124369,서울특별시 강북구 솔샘로60길,18,17,1130510100104030127025202,,서울특별시 강북구 솔샘로60길 18-17,142817,01202,,,,127.024001531318,37.6180631059709
MA0106202301A0499216,꽁주점빵,,G2,소매,G221,기타 상품 소매,G22199,그 외 기타 상품 전문 소매업,G47859,그 외 기타 분류 안된 상품 전문 소매업,27,대구광역시,27290,달서구,27290625,상인2동,2729011500,상인동,2729011500114210013,1,대지,1421,13,대구광역시 달서구 상인동 1421-13,272904241470,대구광역시 달서구 월곡로53서길,74,,2729011500114210013014218,,대구광역시 달서구 월곡로53서길 74,704809,42791,,1,,128.537606396246,35.8130729431692
MA0106202301A0020670,오즈패키지,,G2,소매,G221,기타 상품 소매,G22199,그 외 기타 상품 전문 소매업,G47859,그 외 기타 분류 안된 상품 전문 소매업,11,서울특별시,11140,중구,11140605,을지로동,1114015200,주교동,1114015200100190001,1,대지,19,1,서울특별시 중구 주교동 19-1,111404103112,서울특별시 중구 동호로37길,20,,1114015200100190001011477,방산종합시장,서울특별시 중구 동호로37길 20,100330,04546,,,,127.000803673485,37.5687272310429
MA0106202211A0663054,또또와아이스크림할인점,,G2,소매,G221,기타 상품 소매,G22199,그 외 기타 상품 전문 소매업,G47859,그 외 기타 분류 안된 상품 전문 소매업,51,강원특별자치도,51110,춘천시,51110390,동내면,5111039021,동내면,5111039021109460008,1,대지,946,8,강원특별자치도 춘천시 동내면 거두리 946-8,511104454024,강원특별자치도 춘천시 동내면 거두택지길,14,,4211039021109460008039414,,강원특별자치도 춘천시 동내면 거두택지길 14,200883,24405,,,,127.753033173883,37.8530452581503
MA0106202211A1950236,명품진장어,안중점,G2,소매,G221,기타 상품 소매,G22199,그 외 기타 상품 전문 소매업,G47859,그 외 기타 분류 안된 상품 전문 소매업,41,경기도,41220,평택시,41220253,안중읍,4122025330,안중읍,4122025330108540003,1,대지,854,3,경기도 평택시 안중읍 현화리 854-3,412204364468,경기도 평택시 안중읍 안현로서6길,3,,4122025330108540003042882,,경기도 평택시 안중읍 안현로서6길 3,451885,17940,,,,126.928587037994,36.9830295366393
MA0106202210A1999119,달과자점,,G2,소매,G221,기타 상품 소매,G22199,그 외 기타 상품 전문 소매업,G47859,그 외 기타 분류 안된 상품 전문 소매업,28,인천광역시,28245,계양구,28245621,작전1동,2824510300,작전동,2824510300108690021,1,대지,869,21,인천광역시 계양구 작전동 869-21,282453155039,인천광역시 계양구 효서로,267,,2824510300108690021051625,,인천광역시 계양구 효서로 267,407820,21115,,,,126.725892584325,37.5281254877349
MA0106202210A2073490,낭만여수딸기모찌낭만포차점,,G2,소매,G221,기타 상품 소매,G22199,그 외 기타 상품 전문 소매업,G47859,그 외 기타 분류 안된 상품 전문 소매업,46,전라남도,46130,여수시,46130515,동문동,4613010100,종화동,4613010100104690000,1,대지,469,,전라남도 여수시 종화동 469,461303282068,전라남도 여수시 이순신광장로,180,,4613010100104700000005988,,전라남도 여수시 이순신광장로 180,550040,59746,,,,127.743539315551,34.7375866946739
MA0106202210A2362253,윈지,,G2,소매,G221,기타 상품 소매,G22199,그 외 기타 상품 전문 소매업,G47859,그 외 기타 분류 안된 상품 전문 소매업,27,대구광역시,27290,달서구,27290617,유천동,2729011900,대천동,2729011900105110003,1,대지,511,3,대구광역시 달서구 대천동 511-3,272903147042,대구광역시 달서구 진천로,117,,2729011900105110003000002,,대구광역시 달서구 진천로 117,704800,42760,,,,128.521265688479,35.8188861069661
MA0106202212A2094535,미쁘다,,G2,소매,G221,기타 상품 소매,G22199,그 외 기타 상품 전문 소매업,G47859,그 외 기타 분류 안된 상품 전문 소매업,43,충청북도,43130,충주시,43130560,지현동,4313012500,지현동,4313012500107910000,1,대지,791,,충청북도 충주시 지현동 791,431304515299,충청북도 충주시 지곡10길,37,9,4313012500107910000027465,,충청북도 충주시 지곡10길 37-9,380070,27412,,,,127.932825626107,36.9654017755287
MA0106202211A0105970,제주삼다수구로구,,G2,소매,G221,기타 상품 소매,G22199,그 외 기타 상품 전문 소매업,G47859,그 외 기타 분류 안된 상품 전문 소매업,11,서울특별시,11530,구로구,11530520,구로1동,1153010200,구로동,1153010200106420062,1,대지,642,62,서울특별시 구로구 구로동 642-62,115304148292,서울특별시 구로구 구일로8길,147,,1153010200106420062025226,,서울특별시 구로구 구일로8길 147,152868,08323,,,,126.87736729213,37.4989891793949
MA0106202211A0427705,에스제이오엔에스,,G2,소매,G221,기타 상품 소매,G22199,그 외 기타 상품 전문 소매업,G47859,그 외 기타 분류 안된 상품 전문 소매업,44,충청남도,44250,계룡시,44250510,금암동,4425010100,금암동,4425010100100200012,1,대지,20,12,충청남도 계룡시 금암동 20-12,442503256001,충청남도 계룡시 금암로,149,10,4425010100100200012000865,,충청남도 계룡시 금암로 149-10,321900,32832,,,,127.258186442903,36.2749188671628
MA0106202212A1696320,부자유통,,G2,소매,G221,기타 상품 소매,G22199,그 외 기타 상품 전문 소매업,G47859,그 외 기타 분류 안된 상품 전문 소매업,11,서울특별시,11260,중랑구,11260520,면목2동,1126010100,면목동,1126010100101830068,1,대지,183,68,서울특별시 중랑구 면목동 183-68,112604118070,서울특별시 중랑구 동일로109길,49,,1126010100101830068028773,,서울특별시 중랑구 동일로109길 49,131823,02129,,,,127.077459133594,37.5914158732572
MA0106202301A0086615,고도이엔지,,G2,소매,G221,기타 상품 소매,G22199,그 외 기타 상품 전문 소매업,G47859,그 외 기타 분류 안된 상품 전문 소매업,11,서울특별시,11110,종로구,11110560,평창동,1111018300,평창동,1111018300100660038,1,대지,66,38,서울특별시 종로구 평창동 66-38,111103100023,서울특별시 종로구 평창문화로,139,,1111018300100660038023780,평창동서호빌딩,서울특별시 종로구 평창문화로 139,110846,03004,,,,126.975128983421,37.6100170972107
MA0106202301A1301637,피어라,,G2,소매,G221,기타 상품 소매,G22199,그 외 기타 상품 전문 소매업,G47859,그 외 기타 분류 안된 상품 전문 소매업,11,서울특별시,11290,성북구,11290715,월곡1동,1129013600,하월곡동,1129013600100700224,1,대지,70,224,서울특별시 성북구 하월곡동 70-224,112903005044,서울특별시 성북구 오패산로,27,,1129013600100700224000001,,서울특별시 성북구 오패산로 27,136868,02738,,2,,127.036998071818,37.6046440200246
MA0106202301A0624476,파르품삼각,,G2,소매,G221,기타 상품 소매,G22199,그 외 기타 상품 전문 소매업,G47859,그 외 기타 분류 안된 상품 전문 소매업,11,서울특별시,11170,용산구,11170685,한남동,1117013100,한남동,1117013100107370023,1,대지,737,23,서울특별시 용산구 한남동 737-23,111703102009,서울특별시 용산구 이태원로,223,5,1117013100107370023028721,유니언타운,서울특별시 용산구 이태원로 223-5,140893,04349,,,,126.998393364747,37.5355795009399
MA0106202212A1079681,진심육,,G2,소매,G221,기타 상품 소매,G22199,그 외 기타 상품 전문 소매업,G47859,그 외 기타 분류 안된 상품 전문 소매업,28,인천광역시,28237,부평구,28237641,갈산1동,2823710600,갈산동,2823710600100940000,1,대지,94,,인천광역시 부평구 갈산동 94,282373008034,인천광역시 부평구 주부토로,236,,2823710600100940000111706,,인천광역시 부평구 주부토로 236,403800,21330,,,,126.726808406095,37.515864998516
MA0106202301A0124131,월드씨앗건강,,G2,소매,G221,기타 상품 소매,G22199,그 외 기타 상품 전문 소매업,G47859,그 외 기타 분류 안된 상품 전문 소매업,28,인천광역시,28245,계양구,28245622,작전2동,2824510300,작전동,2824510300107690009,1,대지,769,9,인천광역시 계양구 작전동 769-9,282454265213,인천광역시 계양구 봉오대로651번길,9,,,,인천광역시 계양구 봉오대로651번길 9,407816,21046,,,,126.718967823637,37.5314338980655
MA0106202301A0353300,현대교구산업,,G2,소매,G221,기타 상품 소매,G22199,그 외 기타 상품 전문 소매업,G47859,그 외 기타 분류 안된 상품 전문 소매업,41,경기도,41480,파주시,41480350,광탄면,4148035021,광탄면,4148035021100900000,1,대지,90,,경기도 파주시 광탄면 분수리 90,414803206075,경기도 파주시 광탄면 장지산로,258,,4148035021100900000033998,,경기도 파주시 광탄면 장지산로 258,413853,10954,,,,126.878781105996,37.7569429374452
MA0106202301A1301659,라온리빙,,G2,소매,G221,기타 상품 소매,G22199,그 외 기타 상품 전문 소매업,G47859,그 외 기타 분류 안된 상품 전문 소매업,28,인천광역시,28245,계양구,28245622,작전2동,2824510300,작전동,2824510300108680010,1,대지,868,10,인천광역시 계양구 작전동 868-10,282454265217,인천광역시 계양구 봉오대로686번길,16,1,2824510300108680010137100,,인천광역시 계양구 봉오대로686번길 16-1,407824,21115,,,,126.724703453054,37.528465101485
MA0106202301A0221798,동진상회,,G2,소매,G221,기타 상품 소매,G22199,그 외 기타 상품 전문 소매업,G47859,그 외 기타 분류 안된 상품 전문 소매업,41,경기도,41670,여주시,41670510,여흥동,4167010100,상동,4167010100103290001,1,대지,329,1,경기도 여주시 상동 329-1,416703214042,경기도 여주시 여흥로,168,,4173025021103270001057849,,경기도 여주시 여흥로 168,469101,12629,,,,127.64188524831,37.2951500119786
MA0106202301A0885462,중부유통,,G2,소매,G221,기타 상품 소매,G22199,그 외 기타 상품 전문 소매업,G47859,그 외 기타 분류 안된 상품 전문 소매업,41,경기도,41410,군포시,41410510,군포1동,4141010100,당동,4141010100108610008,1,대지,861,8,경기도 군포시 당동 861-8,414104400231,경기도 군포시 산본로249번길,13,1,4141010100108610008004523,,경기도 군포시 산본로249번길 13-1,435817,15857,,1,,126.941238496825,37.3556233234709
MA0106202301A0821329,동양상사,,G2,소매,G221,기타 상품 소매,G22199,그 외 기타 상품 전문 소매업,G47859,그 외 기타 분류 안된 상품 전문 소매업,41,경기도,41650,포천시,41650320,내촌면,4165032021,내촌면,4165032021106010009,1,대지,601,9,경기도 포천시 내촌면 진목리 601-9,416503213008,경기도 포천시 내촌면 내진로,126,,4165032021106010009000001,,경기도 포천시 내촌면 내진로 126,487836,11190,,,,127.213517454486,37.7944450625243
MA0106202301A0329723,천하으뜸편의점,,G2,소매,G221,기타 상품 소매,G22199,그 외 기타 상품 전문 소매업,G47859,그 외 기타 분류 안된 상품 전문 소매업,41,경기도,41273,안산시 단원구,41273580,선부1동,4127310900,선부동,4127310900109650000,1,대지,965,,경기도 안산시 단원구 선부동 965,412734373321,경기도 안산시 단원구 원선로북길,39,,4127310900109650000019319,광신,경기도 안산시 단원구 원선로북길 39,425827,15365,,1,,126.800902882354,37.3346836442599
MA0106202301A0156270,예산상회,,G2,소매,G221,기타 상품 소매,G22199,그 외 기타 상품 전문 소매업,G47859,그 외 기타 분류 안된 상품 전문 소매업,28,인천광역시,28177,미추홀구,28177520,숭의1.3동,2817710100,숭의동,2817710100101240101,1,대지,124,101,인천광역시 미추홀구 숭의동 124-101,281773151030,인천광역시 미추홀구 석정로,78,,2817010100101240101125259,,인천광역시 미추홀구 석정로 78,402815,22161,,,,126.645612861727,37.466229275379
MA0106202301A1159835,은행슈퍼,,G2,소매,G221,기타 상품 소매,G22199,그 외 기타 상품 전문 소매업,G47859,그 외 기타 분류 안된 상품 전문 소매업,52,전북특별자치도,52210,김제시,52210510,요촌동,5221010100,요촌동,5221010100101210004,1,대지,121,4,전북특별자치도 김제시 요촌동 121-4,522104616583,전북특별자치도 김제시 신풍길,226,,4521010100101210004055799,,전북특별자치도 김제시 신풍길 226,576806,54408,,,,126.891506480612,35.7985160437204
MA0106202212A1554707,가온타바코,,G2,소매,G221,기타 상품 소매,G22199,그 외 기타 상품 전문 소매업,G47859,그 외 기타 분류 안된 상품 전문 소매업,47,경상북도,47150,김천시,47150516,자산동,4715010400,성내동,4715010400101810008,1,대지,181,8,경상북도 김천시 성내동 181-8,471503306030,경상북도 김천시 자산로,106,,4715010400101810008003805,,경상북도 김천시 자산로 106,740100,39588,,,,128.120631358119,36.1207344097338
MA0106202301A0972930,비락유통,,G2,소매,G221,기타 상품 소매,G22199,그 외 기타 상품 전문 소매업,G47859,그 외 기타 분류 안된 상품 전문 소매업,41,경기도,41131,성남시 수정구,41131620,복정동,4113110700,복정동,4113110700101400007,1,대지,140,7,경기도 성남시 수정구 복정동 140-7,411313178012,경기도 성남시 수정구 복정안골로,54,,4113110700101400007022276,,경기도 성남시 수정구 복정안골로 54,461829,13114,,,,127.135896166192,37.4605556614454
MA0106202301A0103442,태일상회,,G2,소매,G221,기타 상품 소매,G22199,그 외 기타 상품 전문 소매업,G47859,그 외 기타 분류 안된 상품 전문 소매업,11,서울특별시,11530,구로구,11530740,개봉1동,1153010700,개봉동,1153010700101300022,1,대지,130,22,서울특별시 구로구 개봉동 130-22,115304148153,서울특별시 구로구 고척로30길,26,,1153010700101300022006134,,서울특별시 구로구 고척로30길 26,152091,08235,,,,126.848932585067,37.5011637026499
MA0106202301A0035812,아침편지문화재단,,G2,소매,G221,기타 상품 소매,G22199,그 외 기타 상품 전문 소매업,G47859,그 외 기타 분류 안된 상품 전문 소매업,43,충청북도,43130,충주시,43130360,노은면,4313036026,노은면,4313036026101190002,1,대지,119,2,충청북도 충주시 노은면 문성리 119-2,431304515144,충청북도 충주시 노은면 우성1길,191,,4313036026101330000000001,,충청북도 충주시 노은면 우성1길 191,380911,27452,,,,127.752522873422,37.0283230427379
MA0106202301A0986350,이매진사이언스,,G2,소매,G221,기타 상품 소매,G22199,그 외 기타 상품 전문 소매업,G47859,그 외 기타 분류 안된 상품 전문 소매업,41,경기도,41310,구리시,41310510,갈매동,4131010100,갈매동,4131010100105520006,1,대지,552,6,경기도 구리시 갈매동 552-6,413104857375,경기도 구리시 갈매순환로166번길,45,,4131010100105520006000001,,경기도 구리시 갈매순환로166번길 45,471859,11901,,8,,127.123319932577,37.6347234146513
MA0106202301A1361219,오케이찹쌀꽈배기,,G2,소매,G221,기타 상품 소매,G22199,그 외 기타 상품 전문 소매업,G47859,그 외 기타 분류 안된 상품 전문 소매업,31,울산광역시,31710,울주군,31710253,언양읍,3171025332,언양읍,3171025332102530000,1,대지,253,,울산광역시 울주군 언양읍 남부리 253,317104319265,울산광역시 울주군 언양읍 동문길,84,,3171025332102530000012516,,울산광역시 울주군 언양읍 동문길 84,689802,44946,,,,129.124604028922,35.564171071674
MA0106202301A1126574,전주당전주다과,,G2,소매,G221,기타 상품 소매,G22199,그 외 기타 상품 전문 소매업,G47859,그 외 기타 분류 안된 상품 전문 소매업,52,전북특별자치도,52113,전주시 덕진구,52113641,송천1동,5211312200,송천동2가,5211312200113480012,1,대지,1348,12,전북특별자치도 전주시 덕진구 송천동2가 1348-12,521134854846,전북특별자치도 전주시 덕진구 화암1길,30,,4511312200113480012000001,,전북특별자치도 전주시 덕진구 화암1길 30,561302,55151,,1,,127.139105684719,35.8753077110557
MA0106202301A1484378,성성유통,,G2,소매,G221,기타 상품 소매,G22199,그 외 기타 상품 전문 소매업,G47859,그 외 기타 분류 안된 상품 전문 소매업,47,경상북도,47111,포항시 남구,47111253,연일읍,4711125321,연일읍,4711125321101960000,1,대지,196,,경상북도 포항시 남구 연일읍 생지리 196,471114709325,경상북도 포항시 남구 연일읍 연일로159번길,36,3,4711125321101960000051118,성심유통,경상북도 포항시 남구 연일읍 연일로159번길 36-3,790883,37846,,,,129.347729329955,35.9960370012889
MA0106202301A0445779,닥터해죽순,,G2,소매,G221,기타 상품 소매,G22199,그 외 기타 상품 전문 소매업,G47859,그 외 기타 분류 안된 상품 전문 소매업,43,충청북도,43112,청주시 서원구,43112530,사창동,4311210200,사창동,4311210200104470000,1,대지,447,,충청북도 청주시 서원구 사창동 447,431124511219,충청북도 청주시 서원구 내수동로108번길,40,,4311310200104470000005292,,충청북도 청주시 서원구 내수동로108번길 40,362833,28643,,4,,127.457957518908,36.6325576006776
MA0106202301A0172024,A.L.T,,G2,소매,G221,기타 상품 소매,G22199,그 외 기타 상품 전문 소매업,G47859,그 외 기타 분류 안된 상품 전문 소매업,41,경기도,41287,고양시 일산서구,41287600,덕이동,4128710500,덕이동,4128710500107090000,1,대지,709,,경기도 고양시 일산서구 덕이동 709,412874382133,경기도 고양시 일산서구 장자길118번길,86,,4128710500107090000000396,나동,경기도 고양시 일산서구 장자길118번길 86,411809,10228,,,,126.745464036866,37.7010145027353
MA0106202301A0163076,운북그린슈퍼,,G2,소매,G221,기타 상품 소매,G22199,그 외 기타 상품 전문 소매업,G47859,그 외 기타 분류 안된 상품 전문 소매업,28,인천광역시,28110,중구,28110620,영종동,2811014800,운북동,2811014800101140000,1,대지,114,,인천광역시 중구 운북동 114,281104247104,인천광역시 중구 백운로228번길,60,,2811014800101140000223736,,인천광역시 중구 백운로228번길 60,400821,22357,,,,126.528168533286,37.5090396678046
MA0106202301A0621267,가판대20호,,G2,소매,G221,기타 상품 소매,G22199,그 외 기타 상품 전문 소매업,G47859,그 외 기타 분류 안된 상품 전문 소매업,11,서울특별시,11710,송파구,11710600,석촌동,1171010500,석촌동,1171010500102960017,1,대지,296,17,서울특별시 송파구 석촌동 296-17,117102005011,서울특별시 송파구 송파대로,365,,1171010500102960017010507,석촌동농협앞,서울특별시 송파구 송파대로 365,138847,05697,,,,127.111099840973,37.5004151675176
MA0106202301A0262738,왓슨알앤디,,G2,소매,G221,기타 상품 소매,G22199,그 외 기타 상품 전문 소매업,G47859,그 외 기타 분류 안된 상품 전문 소매업,41,경기도,41310,구리시,41310510,갈매동,4131010100,갈매동,4131010100106050002,1,대지,605,2,경기도 구리시 갈매동 605-2,413103196005,경기도 구리시 산마루로,19,,4131010100103200054000001,진영트윈타워,경기도 구리시 산마루로 19,471080,11901,,,,127.116698929524,37.6317388780778
MA0106202301A0355768,더젬,코리아,G2,소매,G221,기타 상품 소매,G22199,그 외 기타 상품 전문 소매업,G47859,그 외 기타 분류 안된 상품 전문 소매업,26,부산광역시,26350,해운대구,26350560,송정동,2635010800,송정동,2635010800101080002,1,대지,108,2,부산광역시 해운대구 송정동 108-2,263502006010,부산광역시 해운대구 해운대로,1221,,2635010800101080002000001,,부산광역시 해운대구 해운대로 1221,612040,48068,,,,129.204932548763,35.1939236901433
MA0106202301A1488106,화평상사,,G2,소매,G221,기타 상품 소매,G22199,그 외 기타 상품 전문 소매업,G47859,그 외 기타 분류 안된 상품 전문 소매업,47,경상북도,47113,포항시 북구,47113700,장량동,4711312100,장성동,4711312100114230003,1,대지,1423,3,경상북도 포항시 북구 장성동 1423-3,471134712686,경상북도 포항시 북구 천마로45번길,27,,,,경상북도 포항시 북구 천마로45번길 27,791851,37588,,,,129.39356014904,36.0805170748321
MA0106202301A0819457,우리다움전통수제간식,,G2,소매,G221,기타 상품 소매,G22199,그 외 기타 상품 전문 소매업,G47859,그 외 기타 분류 안된 상품 전문 소매업,41,경기도,41287,고양시 일산서구,41287570,대화동,4128710400,대화동,4128710400120690007,1,대지,2069,7,경기도 고양시 일산서구 대화동 2069-7,412873194014,경기도 고양시 일산서구 성저로,64,,4128710400120690007003670,우측,경기도 고양시 일산서구 성저로 64,411803,10368,,1,,126.754305408798,37.6848517546975
MA0106202301A1456033,울산마대천막상사,,G2,소매,G221,기타 상품 소매,G22199,그 외 기타 상품 전문 소매업,G47859,그 외 기타 분류 안된 상품 전문 소매업,31,울산광역시,31110,중구,31110520,반구1동,3111011800,반구동,3111011800106000015,1,대지,600,15,울산광역시 중구 반구동 600-15,311104307097,울산광역시 중구 내황2길,11,,,,울산광역시 중구 내황2길 11,681806,44505,,1,,129.341784501237,35.5535055095369
MA0106202301A0509750,신앙촌상회,,G2,소매,G221,기타 상품 소매,G22199,그 외 기타 상품 전문 소매업,G47859,그 외 기타 분류 안된 상품 전문 소매업,11,서울특별시,11140,중구,11140645,청구동,1114016200,신당동,1114016200102940067,1,대지,294,67,서울특별시 중구 신당동 294-67,111403101008,서울특별시 중구 청구로,65,,1114016200102940067006840,,서울특별시 중구 청구로 65,100454,04589,,,,127.014849173882,37.5596262372747
MA0106202301A0679764,빵그레맛쥬,,G2,소매,G221,기타 상품 소매,G22199,그 외 기타 상품 전문 소매업,G47859,그 외 기타 분류 안된 상품 전문 소매업,46,전라남도,46130,여수시,46130635,서강동,4613011300,서교동,4613011300105340016,1,대지,534,16,전라남도 여수시 서교동 534-16,461303282072,전라남도 여수시 중앙로,3,2,4613011300105340016065164,,전라남도 여수시 중앙로 3-2,550130,59752,,1,,127.728323811625,34.7407523924068
MA0106202301A0369735,대명,,G2,소매,G221,기타 상품 소매,G22199,그 외 기타 상품 전문 소매업,G47859,그 외 기타 분류 안된 상품 전문 소매업,41,경기도,41173,안양시 동안구,41173580,호계1동,4117310400,호계동,4117310400105550009,1,대지,555,9,경기도 안양시 동안구 호계동 555-9,411733182030,경기도 안양시 동안구 엘에스로,76,,4117310400105550009005725,국제유통단지,경기도 안양시 동안구 엘에스로 76,431763,14117,,,,126.953126304246,37.3700450634828
MA0106202211A1199475,나미제이,,G2,소매,G221,기타 상품 소매,G22199,그 외 기타 상품 전문 소매업,G47859,그 외 기타 분류 안된 상품 전문 소매업,41,경기도,41463,용인시 기흥구,41463535,보라동,4146310500,보라동,4146310500105860003,1,대지,586,3,경기도 용인시 기흥구 보라동 586-3,414634412274,경기도 용인시 기흥구 한보라2로14번길,3,5,4146310500105860003020903,,경기도 용인시 기흥구 한보라2로14번길 3-5,446904,17081,,,,127.111717587067,37.2539663815177
MA0106202211A2268688,더쿨24시,신정점,G2,소매,G221,기타 상품 소매,G22199,그 외 기타 상품 전문 소매업,G47859,그 외 기타 분류 안된 상품 전문 소매업,31,울산광역시,31140,남구,31140625,대현동,3114010800,야음동,3114010800105940040,1,대지,594,40,울산광역시 남구 야음동 594-40,311403170012,울산광역시 남구 대암로,92,,3114010800105940040040373,,울산광역시 남구 대암로 92,680837,44736,,,,129.325700805035,35.5295784633168
MA0106202210A1577763,경성키친이천부발점,,G2,소매,G221,기타 상품 소매,G22199,그 외 기타 상품 전문 소매업,G47859,그 외 기타 분류 안된 상품 전문 소매업,41,경기도,41500,이천시,41500253,부발읍,4150025321,부발읍,4150025321101660001,1,대지,166,1,경기도 이천시 부발읍 무촌리 166-1,415003207017,경기도 이천시 부발읍 무촌로,127,,4150025321101660001049459,,경기도 이천시 부발읍 무촌로 127,467863,17324,,,,127.48776282993,37.2835053801007
MA0106202210A1304164,우리동네DC아울렛,,G2,소매,G221,기타 상품 소매,G22199,그 외 기타 상품 전문 소매업,G47859,그 외 기타 분류 안된 상품 전문 소매업,41,경기도,41111,수원시 장안구,41111580,영화동,4111113400,영화동,4111113400103110011,1,대지,311,11,경기도 수원시 장안구 영화동 311-11,411113012006,경기도 수원시 장안구 정조로,927,2,4111113400103110011040610,,경기도 수원시 장안구 정조로 927-2,440819,16270,,,,127.012766142968,37.2903753976308
MA0106202210A1882975,예전방,,G2,소매,G221,기타 상품 소매,G22199,그 외 기타 상품 전문 소매업,G47859,그 외 기타 분류 안된 상품 전문 소매업,26,부산광역시,26350,해운대구,26350650,재송1동,2635010400,재송동,2635010400103710003,1,대지,371,3,부산광역시 해운대구 재송동 371-3,263502006010,부산광역시 해운대구 해운대로,173,,2635010400103710003029070,,부산광역시 해운대구 해운대로 173,612828,48056,,,,129.123117362798,35.1821575543398
MA0106202210A0782084,풀잎반찬,,G2,소매,G221,기타 상품 소매,G22199,그 외 기타 상품 전문 소매업,G47859,그 외 기타 분류 안된 상품 전문 소매업,43,충청북도,43114,청주시 청원구,43114540,율량.사천동,4311410300,율량동,4311410300123690000,1,대지,2369,,충청북도 청주시 청원구 율량동 2369,431144571749,충청북도 청주시 청원구 율중로79번길,46,,4311410300123690000000001,,충청북도 청주시 청원구 율중로79번길 46,363210,28315,,,,127.508600344591,36.6605303764827
MA0106202210A1680677,옥수수집김치,,G2,소매,G221,기타 상품 소매,G22199,그 외 기타 상품 전문 소매업,G47859,그 외 기타 분류 안된 상품 전문 소매업,28,인천광역시,28260,서구,28260542,가정1동,2826010800,가정동,2826010800105050000,1,대지,505,,인천광역시 서구 가정동 505,282603156005,인천광역시 서구 가정로,378,,2826010800105050000002487,,인천광역시 서구 가정로 378,404803,22777,,,,126.67323727163,37.5186301620433
MA0106202212A1726678,펀지라인포도이경민포레점,해운대,G2,소매,G221,기타 상품 소매,G22199,그 외 기타 상품 전문 소매업,G47859,그 외 기타 분류 안된 상품 전문 소매업,26,부산광역시,26350,해운대구,26350530,중1동,2635010600,중동,2635010600113780018,1,대지,1378,18,부산광역시 해운대구 중동 1378-18,263503133041,부산광역시 해운대구 중동2로,16,,2635010600113780018026804,,부산광역시 해운대구 중동2로 16,612847,48096,,,,129.164549384369,35.1634281109519
MA0106202212A1994406,엔젤스마켓,,G2,소매,G221,기타 상품 소매,G22199,그 외 기타 상품 전문 소매업,G47859,그 외 기타 분류 안된 상품 전문 소매업,30,대전광역시,30140,중구,30140535,은행선화동,3014010100,은행동,3014010100101260009,1,대지,126,9,대전광역시 중구 은행동 126-9,301403010004,대전광역시 중구 대종로,512,,3014010100101260009014231,,대전광역시 중구 대종로 512,301838,34832,,,,127.424849759388,36.3297934593436
MA0106202211A1910553,우리들은,,G2,소매,G221,기타 상품 소매,G22199,그 외 기타 상품 전문 소매업,G47859,그 외 기타 분류 안된 상품 전문 소매업,11,서울특별시,11740,강동구,11740526,상일2동,1174010300,상일동,1174010300105240000,1,대지,524,,서울특별시 강동구 상일동 524,117404172446,서울특별시 강동구 상일로12길,99,,1174011000105030000000001,,서울특별시 강동구 상일로12길 99,134090,05285,,,,127.172932069347,37.55685159698
MA0106202211A0796115,지유명차,사당점,G2,소매,G221,기타 상품 소매,G22199,그 외 기타 상품 전문 소매업,G47859,그 외 기타 분류 안된 상품 전문 소매업,11,서울특별시,11620,관악구,11620630,남현동,1162010300,남현동,1162010300110670020,1,대지,1067,20,서울특별시 관악구 남현동 1067-20,116204160298,서울특별시 관악구 남현길,22,,1162010300110670020022770,,서울특별시 관악구 남현길 22,151800,08805,,,,126.977106786111,37.4756424237124
MA0106202211A0661869,닥터브레인,,G2,소매,G221,기타 상품 소매,G22199,그 외 기타 상품 전문 소매업,G47859,그 외 기타 분류 안된 상품 전문 소매업,41,경기도,41135,성남시 분당구,41135662,금곡동,4113511100,금곡동,4113511100101610000,1,대지,161,,경기도 성남시 분당구 금곡동 161,411352000005,경기도 성남시 분당구 성남대로,165,,4113511100101610000040003,,경기도 성남시 분당구 성남대로 165,463805,13615,,,,127.108316896279,37.3507678263792
MA0106202211A0218770,더이로움,,G2,소매,G221,기타 상품 소매,G22199,그 외 기타 상품 전문 소매업,G47859,그 외 기타 분류 안된 상품 전문 소매업,47,경상북도,47113,포항시 북구,47113700,장량동,4711312200,양덕동,4711312200118400000,1,대지,1840,,경상북도 포항시 북구 양덕동 1840,471133304032,경상북도 포항시 북구 장량로,218,,4711312200100000002094243,,경상북도 포항시 북구 장량로 218,791270,37596,,,,129.404049018761,36.0816134348641
MA0106202211A2083656,율맘하우스,,G2,소매,G221,기타 상품 소매,G22199,그 외 기타 상품 전문 소매업,G47859,그 외 기타 분류 안된 상품 전문 소매업,26,부산광역시,26230,부산진구,26230610,전포2동,2623010200,전포동,2623010200101910325,1,대지,191,325,부산광역시 부산진구 전포동 191-325,262304187730,부산광역시 부산진구 진남로356번길,99,,2623010200101910325044713,,부산광역시 부산진구 진남로356번길 99,614865,47232,,,,129.071327822017,35.1599490066242
MA0106202211A1617741,후레쉬종합식자재유통,,G2,소매,G221,기타 상품 소매,G22199,그 외 기타 상품 전문 소매업,G47859,그 외 기타 분류 안된 상품 전문 소매업,26,부산광역시,26500,수영구,26500730,수영동,2650010200,수영동,2650010200100500045,1,대지,50,45,부산광역시 수영구 수영동 50-45,265003138018,부산광역시 수영구 수영성로,29,1,2650010200100500045017993,,부산광역시 수영구 수영성로 29-1,613830,48228,,,,129.116605629772,35.1701961818834
MA0106202301A0388997,세진포장,,G2,소매,G221,기타 상품 소매,G22199,그 외 기타 상품 전문 소매업,G47859,그 외 기타 분류 안된 상품 전문 소매업,41,경기도,41480,파주시,41480262,조리읍,4148026224,조리읍,4148026224101810015,1,대지,181,15,경기도 파주시 조리읍 장곡리 181-15,414804418092,경기도 파주시 조리읍 기곡길,63,,4148026224101810015033248,,경기도 파주시 조리읍 기곡길 63,413825,10940,,,,126.839433734061,37.7535533152435
MA0106202301A0528362,연우상회,,G2,소매,G221,기타 상품 소매,G22199,그 외 기타 상품 전문 소매업,G47859,그 외 기타 분류 안된 상품 전문 소매업,11,서울특별시,11230,동대문구,11230545,제기동,1123010300,제기동,1123010300108460000,1,대지,846,,서울특별시 동대문구 제기동 846,112304115037,서울특별시 동대문구 고산자로44길,22,,1123010300108460000034048,,서울특별시 동대문구 고산자로44길 22,130863,02571,,,,127.039908013392,37.582451644883
MA0106202301A0668141,화천시장조합,,G2,소매,G221,기타 상품 소매,G22199,그 외 기타 상품 전문 소매업,G47859,그 외 기타 분류 안된 상품 전문 소매업,51,강원특별자치도,51790,화천군,51790250,화천읍,5179025022,화천읍,5179025022100520009,1,대지,52,9,강원특별자치도 화천군 화천읍 하리 52-9,517904493107,강원특별자치도 화천군 화천읍 중앙로4길,13,10,4279025022100500006000001,,강원특별자치도 화천군 화천읍 중앙로4길 13-10,209804,24127,,,,127.705765188826,38.1037927109953
MA0106202301A0214394,한얼과학,,G2,소매,G221,기타 상품 소매,G22199,그 외 기타 상품 전문 소매업,G47859,그 외 기타 분류 안된 상품 전문 소매업,41,경기도,41550,안성시,41550250,공도읍,4155025025,공도읍,4155025025103000000,1,대지,300,,경기도 안성시 공도읍 용두리 300,415504424507,경기도 안성시 공도읍 용머리큰길,33,20,4155025025103000000026864,,경기도 안성시 공도읍 용머리큰길 33-20,456821,17551,,1,,127.16561003805,37.0063816621582
MA0106202301A1480690,영남케터링,,G2,소매,G221,기타 상품 소매,G22199,그 외 기타 상품 전문 소매업,G47859,그 외 기타 분류 안된 상품 전문 소매업,47,경상북도,47130,경주시,47130630,동천동,4713012600,동천동,4713012600109100000,1,대지,910,,경상북도 경주시 동천동 910,471303305060,경상북도 경주시 탈해로,40,4,4713012600109100000015878,,경상북도 경주시 탈해로 40-4,780933,38110,,,,129.229116053607,35.8493424431528
MA0106202212A1245056,한-베마트,,G2,소매,G221,기타 상품 소매,G22199,그 외 기타 상품 전문 소매업,G47859,그 외 기타 분류 안된 상품 전문 소매업,43,충청북도,43114,청주시 청원구,43114253,오창읍,4311425345,오창읍,4311425345107770027,1,대지,777,27,충청북도 청주시 청원구 오창읍 양청리 777-27,431144520430,충청북도 청주시 청원구 오창읍 양청2길,8,,4371025345107770027000001,,충청북도 청주시 청원구 오창읍 양청2길 8,363883,28115,,,,127.427279878349,36.7179810257151
MA0106202301A0952065,쌍용식품,,G2,소매,G221,기타 상품 소매,G22199,그 외 기타 상품 전문 소매업,G47859,그 외 기타 분류 안된 상품 전문 소매업,44,충청남도,44133,천안시 서북구,44133530,쌍용1동,4413310700,쌍용동,4413310700110620000,1,대지,1062,,충청남도 천안시 서북구 쌍용동 1062,441334550183,충청남도 천안시 서북구 미라10길,2,,4413310700110620000056170,,충청남도 천안시 서북구 미라10길 2,331949,31155,,,,127.128452057498,36.8041045698427
MA0106202301A1503014,경북올포랩,,G2,소매,G221,기타 상품 소매,G22199,그 외 기타 상품 전문 소매업,G47859,그 외 기타 분류 안된 상품 전문 소매업,47,경상북도,47170,안동시,47170555,용상동,4717011000,용상동,4717011000114270007,1,대지,1427,7,경상북도 안동시 용상동 1427-7,471704721891,경상북도 안동시 용상북1길,6,,4717011000114270007024017,에이스아울렛,경상북도 안동시 용상북1길 6,760902,36711,,,,128.748641215873,36.5614160334454
MA0106202301A0636161,도이원,,G2,소매,G221,기타 상품 소매,G22199,그 외 기타 상품 전문 소매업,G47859,그 외 기타 분류 안된 상품 전문 소매업,11,서울특별시,11110,종로구,11110615,종로1.2.3.4가동,1111012400,수송동,1111012400100580000,1,대지,58,,서울특별시 종로구 수송동 58,111103100006,서울특별시 종로구 삼봉로,81,,1111012400100580000017956,두산위브파빌리온,서울특별시 종로구 삼봉로 81,110858,03150,,,,126.981786248653,37.5725280290029
MA0106202301A0582583,그린푸드,,G2,소매,G221,기타 상품 소매,G22199,그 외 기타 상품 전문 소매업,G47859,그 외 기타 분류 안된 상품 전문 소매업,11,서울특별시,11305,강북구,11305545,송중동,1130510100,미아동,1130510100100790026,1,대지,79,26,서울특별시 강북구 미아동 79-26,113054124401,서울특별시 강북구 오패산로31길,11,2,1130510100100790026028231,,서울특별시 강북구 오패산로31길 11-2,142800,01218,,,,127.033219617407,37.6136910774854
MA0106202212A0406205,백두종합상사,,G2,소매,G221,기타 상품 소매,G22199,그 외 기타 상품 전문 소매업,G47859,그 외 기타 분류 안된 상품 전문 소매업,41,경기도,41590,화성시,41590259,향남읍,4159025931,향남읍,4159025931100060000,1,대지,6,,경기도 화성시 향남읍 요리 6,415903210110,경기도 화성시 향남읍 토성로,327,,4159025931100060000008482,,경기도 화성시 향남읍 토성로 327,445924,18624,,,,126.958581572547,37.1183851969145
MA0106202301A1139367,푸른제과,,G2,소매,G221,기타 상품 소매,G22199,그 외 기타 상품 전문 소매업,G47859,그 외 기타 분류 안된 상품 전문 소매업,41,경기도,41220,평택시,41220610,통복동,4122011400,통복동,4122011400100530013,1,대지,53,13,경기도 평택시 통복동 53-13,412203188110,경기도 평택시 통복시장로,44,,4122011400100530013012057,,경기도 평택시 통복시장로 44,450040,17892,,,,127.086044039624,36.9992483472433
MA0106202301A0907327,세종우리유통,,G2,소매,G221,기타 상품 소매,G22199,그 외 기타 상품 전문 소매업,G47859,그 외 기타 분류 안된 상품 전문 소매업,36,세종특별자치시,36110,세종특별자치시,36110250,조치원읍,3611025032,조치원읍,3611025032101530003,1,대지,153,3,세종특별자치시 세종특별자치시 조치원읍 신안리 153-3,361104574519,세종특별자치시 세종특별자치시 조치원읍 토골고개길,52,,4473025032101530003034285,,세종특별자치시 세종특별자치시 조치원읍 토골고개길 52,339886,30016,,,,127.286747036506,36.6239731978046
MA0106202301A0327988,경인유공,,G2,소매,G221,기타 상품 소매,G22199,그 외 기타 상품 전문 소매업,G47859,그 외 기타 분류 안된 상품 전문 소매업,41,경기도,41273,안산시 단원구,41273545,원곡동,4127310800,원곡동,4127310800109940005,1,대지,994,5,경기도 안산시 단원구 원곡동 994-5,412733191083,경기도 안산시 단원구 풍전로,7,,4127310800109940005046580,유통상가,경기도 안산시 단원구 풍전로 7,425780,15431,,,,126.787700657123,37.3225868805499
MA0106202301A0112602,하나로팩,,G2,소매,G221,기타 상품 소매,G22199,그 외 기타 상품 전문 소매업,G47859,그 외 기타 분류 안된 상품 전문 소매업,41,경기도,41360,남양주시,41360250,와부읍,4136025024,와부읍,4136025024101250003,1,대지,125,3,경기도 남양주시 와부읍 월문리 125-3,413604391529,경기도 남양주시 와부읍 수레로640번길,58,,4136025024101250003023293,,경기도 남양주시 와부읍 수레로640번길 58,472905,12202,,,,127.277338298796,37.6153880702091
MA0106202301A0934843,우리식품,,G2,소매,G221,기타 상품 소매,G22199,그 외 기타 상품 전문 소매업,G47859,그 외 기타 분류 안된 상품 전문 소매업,44,충청남도,44270,당진시,44270510,당진1동,4427010100,읍내동,4427010100101450012,1,대지,145,12,충청남도 당진시 읍내동 145-12,442704595133,충청남도 당진시 당진시장길,99,,4483025021101450012086034,,충청남도 당진시 당진시장길 99,343920,31777,,,,126.629378123603,36.890462531951
MA0106202301A0708715,티켓나라,,G2,소매,G221,기타 상품 소매,G22199,그 외 기타 상품 전문 소매업,G47859,그 외 기타 분류 안된 상품 전문 소매업,51,강원특별자치도,51210,속초시,51210590,청호동,5121010800,조양동,5121010800110390001,1,대지,1039,1,강원특별자치도 속초시 조양동 1039-1,512102000023,강원특별자치도 속초시 동해대로,4018,,4221010800110390001010436,,강원특별자치도 속초시 동해대로 4018,217811,24885,,,,128.595449762957,38.1901347213787
MA0106202301A0694898,예림상회,,G2,소매,G221,기타 상품 소매,G22199,그 외 기타 상품 전문 소매업,G47859,그 외 기타 분류 안된 상품 전문 소매업,51,강원특별자치도,51770,정선군,51770250,정선읍,5177025021,정선읍,5177025021103440001,1,대지,344,1,강원특별자치도 정선군 정선읍 봉양리 344-1,517703229019,강원특별자치도 정선군 정선읍 비봉로,58,1,4277025021103440001009498,,강원특별자치도 정선군 정선읍 비봉로 58-1,233804,26130,,,,128.664820373387,37.3811479830765
MA0106202301A1532737,우진종합상사,,G2,소매,G221,기타 상품 소매,G22199,그 외 기타 상품 전문 소매업,G47859,그 외 기타 분류 안된 상품 전문 소매업,47,경상북도,47190,구미시,47190610,비산동,4719011200,비산동,4719011200103450002,1,대지,345,2,경상북도 구미시 비산동 345-2,471903308022,경상북도 구미시 비산로,61,,,,경상북도 구미시 비산로 61,730100,39259,,,,128.378178761879,36.1198953175734
MA0106202301A1565661,리크마트,,G2,소매,G221,기타 상품 소매,G22199,그 외 기타 상품 전문 소매업,G47859,그 외 기타 분류 안된 상품 전문 소매업,11,서울특별시,11350,노원구,11350580,월계3동,1135010200,월계동,1135010200103330001,1,대지,333,1,서울특별시 노원구 월계동 333-1,113504130262,서울특별시 노원구 마들로3길,15,,1135010200103330001018859,월계이마트,서울특별시 노원구 마들로3길 15,139842,01906,,,,127.061987368585,37.6265095366332
MA0106202301A0271393,OK상사,,G2,소매,G221,기타 상품 소매,G22199,그 외 기타 상품 전문 소매업,G47859,그 외 기타 분류 안된 상품 전문 소매업,41,경기도,41133,성남시 중원구,41133660,하대원동,4113310900,하대원동,4113310900101480017,1,대지,148,17,경기도 성남시 중원구 하대원동 148-17,411333179008,경기도 성남시 중원구 마지로,119,,4113310900101480017013292,,경기도 성남시 중원구 마지로 119,462839,13407,,,,127.142784668066,37.4274893375454
MA0106202301A0528570,호걸상회,,G2,소매,G221,기타 상품 소매,G22199,그 외 기타 상품 전문 소매업,G47859,그 외 기타 분류 안된 상품 전문 소매업,11,서울특별시,11230,동대문구,11230545,제기동,1123010300,제기동,1123010300108460000,1,대지,846,,서울특별시 동대문구 제기동 846,112304115037,서울특별시 동대문구 고산자로44길,22,,1123010300108460000034048,,서울특별시 동대문구 고산자로44길 22,130863,02571,,,,127.039908013392,37.582451644883
MA0106202301A1495420,강구아이스박스,,G2,소매,G221,기타 상품 소매,G22199,그 외 기타 상품 전문 소매업,G47859,그 외 기타 분류 안된 상품 전문 소매업,47,경상북도,47770,영덕군,47770310,강구면,4777031038,강구면,4777031038102630001,1,대지,263,1,경상북도 영덕군 강구면 금호리 263-1,477703318002,경상북도 영덕군 강구면 강영로,342,,4777031038102630002002300,,경상북도 영덕군 강구면 강영로 342,766822,36452,,,,129.380209452647,36.3904257684757
MA0106202301A1170705,채석강마트,,G2,소매,G221,기타 상품 소매,G22199,그 외 기타 상품 전문 소매업,G47859,그 외 기타 분류 안된 상품 전문 소매업,52,전북특별자치도,52800,부안군,52800360,변산면,5280036022,변산면,5280036022102820082,1,대지,282,82,전북특별자치도 부안군 변산면 격포리 282-82,528003280037,전북특별자치도 부안군 변산면 변산해변로,25,,4580036022102820082000001,,전북특별자치도 부안군 변산면 변산해변로 25,579851,56337,,,,126.471440558436,35.6295066231237
MA0106202301A0504872,오은오은디저트,,G2,소매,G221,기타 상품 소매,G22199,그 외 기타 상품 전문 소매업,G47859,그 외 기타 분류 안된 상품 전문 소매업,11,서울특별시,11560,영등포구,11560700,대림1동,1156013300,대림동,1156013300108450015,1,대지,845,15,서울특별시 영등포구 대림동 845-15,115603116010,서울특별시 영등포구 도림로,188,,1156013300108450015004466,,서울특별시 영등포구 도림로 188,150818,07422,,2,,126.901888922527,37.4958225279972
MA0106202301A0360951,국순이네,,G2,소매,G221,기타 상품 소매,G22199,그 외 기타 상품 전문 소매업,G47859,그 외 기타 분류 안된 상품 전문 소매업,41,경기도,41570,김포시,41570525,장기본동,4157010400,장기동,4157010400103460004,1,대지,346,4,경기도 김포시 장기동 346-4,415702209001,경기도 김포시 김포대로,1421,,4157010400103460004000894,,경기도 김포시 김포대로 1421,415804,10080,,,,126.672610368562,37.65156038798
MA0106202301A0971995,엔지노믹스,,G2,소매,G221,기타 상품 소매,G22199,그 외 기타 상품 전문 소매업,G47859,그 외 기타 분류 안된 상품 전문 소매업,30,대전광역시,30200,유성구,30200600,관평동,3020014600,관평동,3020014600113590000,1,대지,1359,,대전광역시 유성구 관평동 1359,302003167073,대전광역시 유성구 테크노3로,65,,3020014600113590000000197,한신에스메카,대전광역시 유성구 테크노3로 65,305509,34016,,,,127.390263045755,36.4291572763593
MA0106202301A1514100,씨엘푸드,,G2,소매,G221,기타 상품 소매,G22199,그 외 기타 상품 전문 소매업,G47859,그 외 기타 분류 안된 상품 전문 소매업,47,경상북도,47190,구미시,47190555,지산동,4719012600,양호동,4719012600105910169,1,대지,591,169,경상북도 구미시 양호동 591-169,471904724855,경상북도 구미시 지산양호길,35,6,,,경상북도 구미시 지산양호길 35-6,730919,39193,,,,128.361595770295,36.1314392989374
MA0106202301A1285270,꽃돼지장터,,G2,소매,G221,기타 상품 소매,G22199,그 외 기타 상품 전문 소매업,G47859,그 외 기타 분류 안된 상품 전문 소매업,27,대구광역시,27260,수성구,27260651,지산1동,2726011200,지산동,2726011200106860001,1,대지,686,1,대구광역시 수성구 지산동 686-1,272604238380,대구광역시 수성구 지산로14길,25,,2726011200106860001007012,,대구광역시 수성구 지산로14길 25,706840,42190,,1,,128.635155239843,35.8271768859422
MA0106202301A0571658,신한강풀무원샘물,,G2,소매,G221,기타 상품 소매,G22199,그 외 기타 상품 전문 소매업,G47859,그 외 기타 분류 안된 상품 전문 소매업,11,서울특별시,11290,성북구,11290705,종암동,1129013500,종암동,1129013500101110023,1,대지,111,23,서울특별시 성북구 종암동 111-23,112904121459,서울특별시 성북구 월곡로11길,7,,1129013500101110023020027,,서울특별시 성북구 월곡로11길 7,136864,02799,,지,,127.039770245256,37.6001381663838
MA0106202301A1387587,으뜸유통잡화,,G2,소매,G221,기타 상품 소매,G22199,그 외 기타 상품 전문 소매업,G47859,그 외 기타 분류 안된 상품 전문 소매업,11,서울특별시,11530,구로구,11530530,구로2동,1153010200,구로동,1153010200106000071,1,대지,600,71,서울특별시 구로구 구로동 600-71,115303000028,서울특별시 구로구 경인로,533,,1153010200105970013017337,,서울특별시 구로구 경인로 533,152864,08215,,2,,126.87730660563,37.5015209419679
MA0106202301A0677591,한미사,,G2,소매,G221,기타 상품 소매,G22199,그 외 기타 상품 전문 소매업,G47859,그 외 기타 분류 안된 상품 전문 소매업,51,강원특별자치도,51720,홍천군,51720250,홍천읍,5172025022,홍천읍,5172025022100050003,1,대지,5,3,강원특별자치도 홍천군 홍천읍 신장대리 5-3,517203225007,강원특별자치도 홍천군 홍천읍 꽃뫼로,110,,4272025022100050003009806,,강원특별자치도 홍천군 홍천읍 꽃뫼로 110,250805,25137,,,,127.885837397379,37.6913848242983
MA0106202301A0827487,조대부고매점,,G2,소매,G221,기타 상품 소매,G22199,그 외 기타 상품 전문 소매업,G47859,그 외 기타 분류 안된 상품 전문 소매업,29,광주광역시,29200,광산구,29200700,신창동,2920011800,신창동,2920011800106380005,1,대지,638,5,광주광역시 광산구 신창동 638-5,292003163033,광주광역시 광산구 왕버들로,307,,2920011800106380005044390,,광주광역시 광산구 왕버들로 307,506838,62251,,,,126.841681376825,35.1964320319934
MA0106202301A1520279,미래,,G2,소매,G221,기타 상품 소매,G22199,그 외 기타 상품 전문 소매업,G47859,그 외 기타 분류 안된 상품 전문 소매업,47,경상북도,47280,문경시,47280590,점촌3동,4728010300,흥덕동,4728010300107830013,1,대지,783,13,경상북도 문경시 흥덕동 783-13,472804736426,경상북도 문경시 신흥5길,11,19,,,경상북도 문경시 신흥5길 11-19,745891,36963,,,,128.207377644868,36.6024137910947
MA0106202301A0584323,"영광호떡,붕어빵",,G2,소매,G221,기타 상품 소매,G22199,그 외 기타 상품 전문 소매업,G47859,그 외 기타 분류 안된 상품 전문 소매업,46,전라남도,46110,목포시,46110810,부주동,4611016400,옥암동,4611016400112560000,1,대지,1256,,전라남도 목포시 옥암동 1256,461104643022,전라남도 목포시 남악1로52번나길,6,,4611016400112560000000001,,전라남도 목포시 남악1로52번나길 6,530852,58676,,,,126.45017228722,34.8112862502016
MA0106202301A0499491,뚝딱상점,,G2,소매,G221,기타 상품 소매,G22199,그 외 기타 상품 전문 소매업,G47859,그 외 기타 분류 안된 상품 전문 소매업,47,경상북도,47111,포항시 남구,47111253,연일읍,4711125325,연일읍,4711125325105890012,1,대지,589,12,경상북도 포항시 남구 연일읍 유강리 589-12,471114709362,경상북도 포항시 남구 연일읍 유강길9번길,32,,4711125325105890012017464,,경상북도 포항시 남구 연일읍 유강길9번길 32,790885,37656,,,,129.316522519145,36.0033925261726
MA0106202301A0230902,푸드앤가람,,G2,소매,G221,기타 상품 소매,G22199,그 외 기타 상품 전문 소매업,G47859,그 외 기타 분류 안된 상품 전문 소매업,41,경기도,41450,하남시,41450590,춘궁동,4145012000,상사창동,4145012000102700000,1,대지,270,,경기도 하남시 상사창동 270,414504406047,경기도 하남시 고골로289번길,45,,4145012000102700000014951,,경기도 하남시 고골로289번길 45,465060,13022,,,,127.193647014603,37.5014529694361
MA0106202210A1654115,선한카롱,,G2,소매,G221,기타 상품 소매,G22199,그 외 기타 상품 전문 소매업,G47859,그 외 기타 분류 안된 상품 전문 소매업,11,서울특별시,11260,중랑구,11260575,면목3.8동,1126010100,면목동,1126010100104660001,1,대지,466,1,서울특별시 중랑구 면목동 466-1,112604118223,서울특별시 중랑구 면목로48길,62,,1126010100104660001027078,,서울특별시 중랑구 면목로48길 62,131813,02212,,,,127.092031165023,37.5819089492258
MA0106202212A1686677,봄봄밀,,G2,소매,G221,기타 상품 소매,G22199,그 외 기타 상품 전문 소매업,G47859,그 외 기타 분류 안된 상품 전문 소매업,26,부산광역시,26320,북구,26320541,화명1동,2632010200,화명동,2632010200108890002,1,대지,889,2,부산광역시 북구 화명동 889-2,263204196043,부산광역시 북구 금곡대로200번길,49,,2632010200108890002008840,,부산광역시 북구 금곡대로200번길 49,616846,46538,,,,129.013476274148,35.2271063276749
MA0106202212A0767705,시월애봄날,,G2,소매,G221,기타 상품 소매,G22199,그 외 기타 상품 전문 소매업,G47859,그 외 기타 분류 안된 상품 전문 소매업,52,전북특별자치도,52111,전주시 완산구,52111730,효자5동,5211114200,효자동3가,5211114200114750005,1,대지,1475,5,전북특별자치도 전주시 완산구 효자동3가 1475-5,521113266039,전북특별자치도 전주시 완산구 세내로,517,,4511114200114750005024558,,전북특별자치도 전주시 완산구 세내로 517,560870,54957,,,,127.101987813612,35.83254434371
MA0106202212A1582229,청하상사,,G2,소매,G221,기타 상품 소매,G22199,그 외 기타 상품 전문 소매업,G47859,그 외 기타 분류 안된 상품 전문 소매업,41,경기도,41220,평택시,41220620,비전1동,4122012700,죽백동,4122012700103140000,1,대지,314,,경기도 평택시 죽백동 314,412204364709,경기도 평택시 죽백2길,105,87,4122012700103140000019740,,경기도 평택시 죽백2길 105-87,450804,17864,,,,127.123339554368,37.011560262784
MA0106202212A1393802,소닉스낵,,G2,소매,G221,기타 상품 소매,G22199,그 외 기타 상품 전문 소매업,G47859,그 외 기타 분류 안된 상품 전문 소매업,41,경기도,41590,화성시,41590515,새솔동,4159014000,새솔동,4159014000100780003,1,대지,78,3,경기도 화성시 새솔동 78-3,415903351754,경기도 화성시 꽃내음1길,5,20,4159014000100780003000001,,경기도 화성시 꽃내음1길 5-20,,18244,,,,126.817634117297,37.2845951059874
MA0106202211A1034650,수메디컬,,G2,소매,G221,기타 상품 소매,G22199,그 외 기타 상품 전문 소매업,G47859,그 외 기타 분류 안된 상품 전문 소매업,11,서울특별시,11650,서초구,11650560,반포1동,1165010700,반포동,1165010700107220020,1,대지,722,20,서울특별시 서초구 반포동 722-20,116502102001,서울특별시 서초구 강남대로,527,,1165010700107220020000001,,서울특별시 서초구 강남대로 527,137809,06536,,,,127.021851560687,37.5090790009777
MA0106202211A0645011,바이오맥스,,G2,소매,G221,기타 상품 소매,G22199,그 외 기타 상품 전문 소매업,G47859,그 외 기타 분류 안된 상품 전문 소매업,41,경기도,41310,구리시,41310510,갈매동,4131010100,갈매동,4131010100105520012,1,대지,552,12,경기도 구리시 갈매동 552-12,413104857375,경기도 구리시 갈매순환로166번길,46,,4131010100105520012000001,,경기도 구리시 갈매순환로166번길 46,471859,11901,,,,127.124862650083,37.6358750527591
MA0106202211A1720452,88상회,,G2,소매,G221,기타 상품 소매,G22199,그 외 기타 상품 전문 소매업,G47859,그 외 기타 분류 안된 상품 전문 소매업,26,부산광역시,26470,연제구,26470660,연산2동,2647010200,연산동,2647010200113270025,1,대지,1327,25,부산광역시 연제구 연산동 1327-25,264702000010,부산광역시 연제구 중앙대로,1040,,2647010200113270025019663,,부산광역시 연제구 중앙대로 1040,611829,47599,,,,129.078023541524,35.1811556721422
MA0106202211A2123662,모당,,G2,소매,G221,기타 상품 소매,G22199,그 외 기타 상품 전문 소매업,G47859,그 외 기타 분류 안된 상품 전문 소매업,50,제주특별자치도,50110,제주시,50110540,이도2동,5011012900,도남동,5011012900101680004,1,대지,168,4,제주특별자치도 제주시 도남동 168-4,501104848489,제주특별자치도 제주시 원남6길,32,,5011012900101680004000001,,제주특별자치도 제주시 원남6길 32,690807,63234,,,,126.529478682554,33.4865340612236
MA0106202211A2161514,알리바이가전,,G2,소매,G221,기타 상품 소매,G22199,그 외 기타 상품 전문 소매업,G47859,그 외 기타 분류 안된 상품 전문 소매업,30,대전광역시,30200,유성구,30200530,온천1동,3020011100,봉명동,3020011100106770004,1,대지,677,4,대전광역시 유성구 봉명동 677-4,302003167023,대전광역시 유성구 문화원로,156,,3020011100106770004000001,,대전광역시 유성구 문화원로 156,305301,34185,,,,127.352671542935,36.3577213891392
MA0106202210A1740491,갑오상회,,G2,소매,G221,기타 상품 소매,G22199,그 외 기타 상품 전문 소매업,G47859,그 외 기타 분류 안된 상품 전문 소매업,26,부산광역시,26170,동구,26170570,수정2동,2617010200,수정동,2617010200101840001,1,대지,184,1,부산광역시 동구 수정동 184-1,261704181436,부산광역시 동구 중앙대로361번길,21,,2617010200101840001006165,,부산광역시 동구 중앙대로361번길 21,601812,48790,,,,129.046760425519,35.1284834491598
MA0106202301A1526379,동해반찬,,G2,소매,G221,기타 상품 소매,G22199,그 외 기타 상품 전문 소매업,G47859,그 외 기타 분류 안된 상품 전문 소매업,47,경상북도,47900,예천군,47900250,예천읍,4790025024,예천읍,4790025024105530000,1,대지,553,,경상북도 예천군 예천읍 동본리 553,479003323024,경상북도 예천군 예천읍 시장로,108,1,4790025024105530000047777,,경상북도 예천군 예천읍 시장로 108-1,757802,36820,,,,128.456046114603,36.6564011264405
MA0106202301A0317909,팜디엠에스,,G2,소매,G221,기타 상품 소매,G22199,그 외 기타 상품 전문 소매업,G47859,그 외 기타 분류 안된 상품 전문 소매업,41,경기도,41360,남양주시,41360259,진건읍,4136025923,진건읍,4136025923106090020,1,대지,609,20,경기도 남양주시 진건읍 진관리 609-20,413603197052,경기도 남양주시 진건읍 진관로,518,,4136025923106090020009039,,경기도 남양주시 진건읍 진관로 518,472831,12139,,,,127.156330765646,37.654983443151
MA0106202301A0214348,서브포유,,G2,소매,G221,기타 상품 소매,G22199,그 외 기타 상품 전문 소매업,G47859,그 외 기타 분류 안된 상품 전문 소매업,41,경기도,41220,평택시,41220630,비전2동,4122012300,소사동,4122012300100020002,1,대지,2,2,경기도 평택시 소사동 2-2,412202012006,경기도 평택시 서동대로,3844,,4122012300100020002018852,,경기도 평택시 서동대로 3844,450152,18034,,1,,127.135213794647,36.9911738763727
MA0106202301A0509008,에이에프엠프로브택,,G2,소매,G221,기타 상품 소매,G22199,그 외 기타 상품 전문 소매업,G47859,그 외 기타 분류 안된 상품 전문 소매업,11,서울특별시,11440,마포구,11440565,공덕동,1144010300,신공덕동,1144010300100060006,1,대지,6,6,서울특별시 마포구 신공덕동 6-6,114404139196,서울특별시 마포구 만리재옛길,36,,1144010300100060006002746,신공덕동,서울특별시 마포구 만리재옛길 36,121800,04209,,,,126.956297332177,37.5470862020587
MA0106202301A1504949,뉴비전구내매점,,G2,소매,G221,기타 상품 소매,G22199,그 외 기타 상품 전문 소매업,G47859,그 외 기타 분류 안된 상품 전문 소매업,27,대구광역시,27290,달서구,27290577,이곡2동,2729010600,갈산동,2729010600103580180,1,대지,358,180,대구광역시 달서구 갈산동 358-180,272904241280,대구광역시 달서구 성서공단로39길,27,,2729010600103580180007298,,대구광역시 달서구 성서공단로39길 27,704900,42704,,,,128.503483038092,35.8381334014507
MA0106202301A1161398,송림타월,부안점,G2,소매,G221,기타 상품 소매,G22199,그 외 기타 상품 전문 소매업,G47859,그 외 기타 분류 안된 상품 전문 소매업,52,전북특별자치도,52800,부안군,52800250,부안읍,5280025022,부안읍,5280025022100280019,1,대지,28,19,전북특별자치도 부안군 부안읍 서외리 28-19,528003280032,전북특별자치도 부안군 부안읍 번영로,114,,4580025022100280019030471,목초마을,전북특별자치도 부안군 부안읍 번영로 114,579803,56313,,,,126.732797295842,35.7262388738033
MA0106202301A1434557,녹지상회,,G2,소매,G221,기타 상품 소매,G22199,그 외 기타 상품 전문 소매업,G47859,그 외 기타 분류 안된 상품 전문 소매업,27,대구광역시,27140,동구,27140590,효목1동,2714010300,효목동,2714010300110100000,1,대지,1010,,대구광역시 동구 효목동 1010,271404226388,대구광역시 동구 효동로6길,80,,2714010300110100000015040,,대구광역시 동구 효동로6길 80,701843,41179,,,,128.651128318603,35.8818917879917
MA0106202301A0548674,자연드림,,G2,소매,G221,기타 상품 소매,G22199,그 외 기타 상품 전문 소매업,G47859,그 외 기타 분류 안된 상품 전문 소매업,11,서울특별시,11230,동대문구,11230545,제기동,1123010300,제기동,1123010300101210001,1,대지,121,1,서울특별시 동대문구 제기동 121-1,112303105015,서울특별시 동대문구 제기로,53,10,1123010300101210001032810,,서울특별시 동대문구 제기로 53-10,130863,02471,,,,127.038710280247,37.5869660192412
MA0106202301A1509414,동명상회,,G2,소매,G221,기타 상품 소매,G22199,그 외 기타 상품 전문 소매업,G47859,그 외 기타 분류 안된 상품 전문 소매업,47,경상북도,47730,의성군,47730430,안계면,4773043030,안계면,4773043030108480009,1,대지,848,9,경상북도 의성군 안계면 용기리 848-9,477304745321,경상북도 의성군 안계면 안계시장길,57,,4773043030108480009008943,,경상북도 의성군 안계면 안계시장길 57,769933,37312,,,,128.436504928683,36.3856951939249
MA0106202301A0331774,해동와송,,G2,소매,G221,기타 상품 소매,G22199,그 외 기타 상품 전문 소매업,G47859,그 외 기타 분류 안된 상품 전문 소매업,51,강원특별자치도,51790,화천군,51790330,상서면,5179033024,상서면,5179033024106950000,1,대지,695,,강원특별자치도 화천군 상서면 장촌리 695,517904493099,강원특별자치도 화천군 상서면 장촌리길,14,,4279033024106950000000002,,강원특별자치도 화천군 상서면 장촌리길 14,209807,24108,,,,127.641843180881,38.1407897545892
MA0106202301A0341415,동서FB&C,,G2,소매,G221,기타 상품 소매,G22199,그 외 기타 상품 전문 소매업,G47859,그 외 기타 분류 안된 상품 전문 소매업,41,경기도,41113,수원시 권선구,41113690,곡선동,4111313600,곡반정동,4111313600105950005,1,대지,595,5,경기도 수원시 권선구 곡반정동 595-5,411134325062,경기도 수원시 권선구 곡반정로65번길,9,18,4111313600105950005027950,,경기도 수원시 권선구 곡반정로65번길 9-18,441400,16672,,,,127.027237498881,37.2341749372317
MA0106202301A0191241,까치상사,,G2,소매,G221,기타 상품 소매,G22199,그 외 기타 상품 전문 소매업,G47859,그 외 기타 분류 안된 상품 전문 소매업,41,경기도,41113,수원시 권선구,41113540,세류3동,4111312600,세류동,4111312600100910011,1,대지,91,11,경기도 수원시 권선구 세류동 91-11,411134325106,경기도 수원시 권선구 권선로537번길,14,6,4111312600110580020023753,,경기도 수원시 권선구 권선로537번길 14-6,441863,16572,,,,127.010743681142,37.2637318404758
MA0106202301A0170338,움터,,G2,소매,G221,기타 상품 소매,G22199,그 외 기타 상품 전문 소매업,G47859,그 외 기타 분류 안된 상품 전문 소매업,28,인천광역시,28237,부평구,28237650,부개1동,2823710700,부개동,2823710700103010031,1,대지,301,31,인천광역시 부평구 부개동 301-31,282373000028,인천광역시 부평구 경인로,1063,,2823710700103010031202233,,인천광역시 부평구 경인로 1063,403810,21415,,,,126.738141233639,37.4870405367427
MA0106202301A0216994,미리내천주성삼성직수도회,,G2,소매,G221,기타 상품 소매,G22199,그 외 기타 상품 전문 소매업,G47859,그 외 기타 분류 안된 상품 전문 소매업,41,경기도,41550,안성시,41550360,양성면,4155036032,양성면,4155036032201240000,2,산,124,,경기도 안성시 양성면 미산리 산124,415504424264,경기도 안성시 양성면 미산1길,19,,4155036032201240000006335,,경기도 안성시 양성면 미산1길 19,456932,17500,,,,127.257243550071,37.1388377472685
MA0106202301A1195966,세상에서가장아름다운나무,,G2,소매,G221,기타 상품 소매,G22199,그 외 기타 상품 전문 소매업,G47859,그 외 기타 분류 안된 상품 전문 소매업,29,광주광역시,29110,동구,29110655,서남동,2911011800,서석동,2911011800103750000,1,대지,375,,광주광역시 동구 서석동 375,291104861178,광주광역시 동구 조선대길,108,,2911011800103750000013710,조선대학교,광주광역시 동구 조선대길 108,501759,61452,,,,126.933260439663,35.1418497630048
MA0106202301A1474676,경주종합상사,,G2,소매,G221,기타 상품 소매,G22199,그 외 기타 상품 전문 소매업,G47859,그 외 기타 분류 안된 상품 전문 소매업,47,경상북도,47130,경주시,47130621,황성동,4713012400,황성동,4713012400102770006,1,대지,277,6,경상북도 경주시 황성동 277-6,471303305067,경상북도 경주시 황성로,60,,,,경상북도 경주시 황성로 60,780762,38079,,,,129.21777984088,35.8663026707088
MA0106202301A0899308,대전양산,,G2,소매,G221,기타 상품 소매,G22199,그 외 기타 상품 전문 소매업,G47859,그 외 기타 분류 안된 상품 전문 소매업,30,대전광역시,30110,동구,30110515,중앙동,3011010100,원동,3011010100100640001,1,대지,64,1,대전광역시 동구 원동 64-1,301104292129,대전광역시 동구 대전로779번길,26,,3011010100100640004024848,중앙시장,대전광역시 동구 대전로779번길 26,300730,34628,,,,127.432217944898,36.3289289475588
MA0106202301A0589141,신사우리가판,,G2,소매,G221,기타 상품 소매,G22199,그 외 기타 상품 전문 소매업,G47859,그 외 기타 분류 안된 상품 전문 소매업,11,서울특별시,11680,강남구,11680510,신사동,1168010700,신사동,1168010700105010002,1,대지,501,2,서울특별시 강남구 신사동 501-2,116802122001,서울특별시 강남구 도산대로,107,,1168010700105010002011996,,서울특별시 강남구 도산대로 107,135887,06035,,,,127.020111836744,37.5167828953435
MA0106202301A0254751,월드그린,북부점,G2,소매,G221,기타 상품 소매,G22199,그 외 기타 상품 전문 소매업,G47859,그 외 기타 분류 안된 상품 전문 소매업,41,경기도,41480,파주시,41480580,운정4동,4148010800,야당동,4148010800102400006,1,대지,240,6,경기도 파주시 야당동 240-6,414804418995,경기도 파주시 하우안길,5,,4148025922102400006017902,,경기도 파주시 하우안길 5,413837,10909,,,,126.767105429098,37.7172767322965
MA0106202301A0530247,성광,,G2,소매,G221,기타 상품 소매,G22199,그 외 기타 상품 전문 소매업,G47859,그 외 기타 분류 안된 상품 전문 소매업,11,서울특별시,11230,동대문구,11230545,제기동,1123010300,제기동,1123010300105390000,1,대지,539,,서울특별시 동대문구 제기동 539,112304115663,서울특별시 동대문구 홍릉로3길,44,,1123010300105390000034027,,서울특별시 동대문구 홍릉로3길 44,130862,02572,,,,127.042104003442,37.5818021667176
MA0106202301A1266184,호남여수건어물,,G2,소매,G221,기타 상품 소매,G22199,그 외 기타 상품 전문 소매업,G47859,그 외 기타 분류 안된 상품 전문 소매업,51,강원특별자치도,51830,양양군,51830350,강현면,5183035039,강현면,5183035039100500000,1,대지,50,,강원특별자치도 양양군 강현면 전진리 50,518304505032,강원특별자치도 양양군 강현면 낙산사로49번길,7,,4283035039100500000018654,,강원특별자치도 양양군 강현면 낙산사로49번길 7,215853,25008,,,,128.629753739717,38.1217147367813
MA0106202301A0239201,백운휴게실.전통옹기,,G2,소매,G221,기타 상품 소매,G22199,그 외 기타 상품 전문 소매업,G47859,그 외 기타 분류 안된 상품 전문 소매업,41,경기도,41650,포천시,41650380,이동면,4165038022,이동면,4165038022100390001,1,대지,39,1,경기도 포천시 이동면 도평리 39-1,416503000135,경기도 포천시 이동면 포화로,225,,4165038022100390002064295,,경기도 포천시 이동면 포화로 225,487862,11110,,,,127.408159100222,38.0732571314371
MA0106202301A0940906,애플푸드,,G2,소매,G221,기타 상품 소매,G22199,그 외 기타 상품 전문 소매업,G47859,그 외 기타 분류 안된 상품 전문 소매업,36,세종특별자치시,36110,세종특별자치시,36110390,소정면,3611039022,소정면,3611039022101910002,1,대지,191,2,세종특별자치시 세종특별자치시 소정면 운당리 191-2,361104856615,세종특별자치시 세종특별자치시 소정면 운당5길,2,,4473037023101910002000591,,세종특별자치시 세종특별자치시 소정면 운당5길 2,339872,30000,,,,127.147223357575,36.7053111800215
MA0106202210A0801915,소반,,G2,소매,G221,기타 상품 소매,G22199,그 외 기타 상품 전문 소매업,G47859,그 외 기타 분류 안된 상품 전문 소매업,27,대구광역시,27230,북구,27230735,태전2동,2723012600,태전동,2723012600104540003,1,대지,454,3,대구광역시 북구 태전동 454-3,272303145052,대구광역시 북구 학정로,80,,2723012600104540003000001,,대구광역시 북구 학정로 80,702865,41484,,,,128.550730536059,35.9149144841447
MA0106202210A2252101,명동보이차,,G2,소매,G221,기타 상품 소매,G22199,그 외 기타 상품 전문 소매업,G47859,그 외 기타 분류 안된 상품 전문 소매업,48,경상남도,48330,양산시,48330540,서창동,4833011400,삼호동,4833011400109900011,1,대지,990,11,경상남도 양산시 삼호동 990-11,483304814413,경상남도 양산시 삼호4길,15,,4833011400109900007003018,,경상남도 양산시 삼호4길 15,626837,50530,,,,129.168869739938,35.4108535652755
MA0106202210A1071702,팜스테드,,G2,소매,G221,기타 상품 소매,G22199,그 외 기타 상품 전문 소매업,G47859,그 외 기타 분류 안된 상품 전문 소매업,11,서울특별시,11470,양천구,11470650,신정4동,1147010100,신정동,1147010100109850008,1,대지,985,8,서울특별시 양천구 신정동 985-8,114704142110,서울특별시 양천구 목동로19길,37,,1147010100109850008002546,,서울특별시 양천구 목동로19길 37,158860,08021,,,,126.860209429008,37.5245406050443
MA0106202212A2402718,미네스팩토리,,G2,소매,G221,기타 상품 소매,G22199,그 외 기타 상품 전문 소매업,G47859,그 외 기타 분류 안된 상품 전문 소매업,51,강원특별자치도,51130,원주시,51130675,반곡관설동,5113011700,반곡동,5113011700118600005,1,대지,1860,5,강원특별자치도 원주시 반곡동 1860-5,511303219082,강원특별자치도 원주시 혁신로,19,,4213011700118600005000001,,강원특별자치도 원주시 혁신로 19,220170,26460,,,,127.977057242842,37.3250593600954
MA0106202212A1569889,위너스타레벡,,G2,소매,G221,기타 상품 소매,G22199,그 외 기타 상품 전문 소매업,G47859,그 외 기타 분류 안된 상품 전문 소매업,41,경기도,41480,파주시,41480253,파주읍,4148025325,파주읍,4148025325104320023,1,대지,432,23,경기도 파주시 파주읍 백석리 432-23,414804418036,경기도 파주시 파주읍 광탄천로51번길,65,,4148025325104320023000001,,경기도 파주시 파주읍 광탄천로51번길 65,413861,10839,,,,126.801112366479,37.8005701611542
MA0106202212A1732480,조선우육면&탕,,G2,소매,G221,기타 상품 소매,G22199,그 외 기타 상품 전문 소매업,G47859,그 외 기타 분류 안된 상품 전문 소매업,26,부산광역시,26710,기장군,26710250,기장읍,2671025022,기장읍,2671025022103370005,1,대지,337,5,부산광역시 기장군 기장읍 교리 337-5,267104220325,부산광역시 기장군 기장읍 차성로418번길,24,,2671025022103370005000001,,부산광역시 기장군 기장읍 차성로418번길 24,619901,46056,,,,129.215670680594,35.2529584097266
MA0106202211A1086970,에이티익스프레스,해방촌점,G2,소매,G221,기타 상품 소매,G22199,그 외 기타 상품 전문 소매업,G47859,그 외 기타 분류 안된 상품 전문 소매업,11,서울특별시,11170,용산구,11170520,용산2가동,1117010200,용산동2가,1117010200100170000,1,대지,17,,서울특별시 용산구 용산동2가 17,111703102005,서울특별시 용산구 신흥로,89,,1117010200100170000024772,,서울특별시 용산구 신흥로 89,140841,04338,,,,126.985447803662,37.545687834191
MA0106202211A0887039,우렁각시,,G2,소매,G221,기타 상품 소매,G22199,그 외 기타 상품 전문 소매업,G47859,그 외 기타 분류 안된 상품 전문 소매업,41,경기도,41111,수원시 장안구,41111580,영화동,4111113400,영화동,4111113400102850002,1,대지,285,2,경기도 수원시 장안구 영화동 285-2,411113012006,경기도 수원시 장안구 정조로,930,,4111113400102850002040326,,경기도 수원시 장안구 정조로 930,440818,16269,,,,127.01312707655,37.2906817111125
MA0106202211A0488315,키즈존,,G2,소매,G221,기타 상품 소매,G22199,그 외 기타 상품 전문 소매업,G47859,그 외 기타 분류 안된 상품 전문 소매업,46,전라남도,46230,광양시,46230250,광양읍,4623025021,광양읍,4623025021106170015,1,대지,617,15,전라남도 광양시 광양읍 우산리 617-15,462303285044,전라남도 광양시 광양읍 칠성로,87,,4623025021106170015008537,,전라남도 광양시 광양읍 칠성로 87,545804,57741,,,,127.588082478059,34.9790169207805
MA0106202211A2373153,몰,,G2,소매,G221,기타 상품 소매,G22199,그 외 기타 상품 전문 소매업,G47859,그 외 기타 분류 안된 상품 전문 소매업,41,경기도,41590,화성시,41590360,팔탄면,4159036025,팔탄면,4159036025105080001,1,대지,508,1,경기도 화성시 팔탄면 구장리 508-1,415903210029,경기도 화성시 팔탄면 마당바위로,21,,4159036025105080001000003,,경기도 화성시 팔탄면 마당바위로 21,445915,18527,,,,126.90079534357,37.1585923090866
MA0106202211A1705824,감성창작소,,G2,소매,G221,기타 상품 소매,G22199,그 외 기타 상품 전문 소매업,G47859,그 외 기타 분류 안된 상품 전문 소매업,41,경기도,41550,안성시,41550530,안성3동,4155012800,신건지동,4155012800100040005,1,대지,4,5,경기도 안성시 신건지동 4-5,415504424032,경기도 안성시 개내교2길,7,,4155012800100040005020920,,경기도 안성시 개내교2길 7,456370,17573,,,,127.252990113321,37.0138777321391
MA0106202210A2144256,오롯이,,G2,소매,G221,기타 상품 소매,G22199,그 외 기타 상품 전문 소매업,G47859,그 외 기타 분류 안된 상품 전문 소매업,47,경상북도,47280,문경시,47280250,문경읍,4728025029,문경읍,4728025029100960011,1,대지,96,11,경상북도 문경시 문경읍 하초리 96-11,472803000165,경상북도 문경시 문경읍 새재로,778,,4728025029100960011000001,,경상북도 문경시 문경읍 새재로 778,745801,36919,,,,128.082872220723,36.7488561536364
MA0106202210A1491151,B.O.S,,G2,소매,G221,기타 상품 소매,G22199,그 외 기타 상품 전문 소매업,G47859,그 외 기타 분류 안된 상품 전문 소매업,27,대구광역시,27290,달서구,27290555,감삼동,2729011300,감삼동,2729011300102020004,1,대지,202,4,대구광역시 달서구 감삼동 202-4,272904241094,대구광역시 달서구 당산로21길,33,,2729011300102020004020395,,대구광역시 달서구 당산로21길 33,704904,42651,,,,128.543188368371,35.8470921156029
MA0106202210A1089280,꽁꽁냠냠,남통점,G2,소매,G221,기타 상품 소매,G22199,그 외 기타 상품 전문 소매업,G47859,그 외 기타 분류 안된 상품 전문 소매업,47,경상북도,47190,구미시,47190565,선주원남동,4719010800,남통동,4719010800100040005,1,대지,4,5,경상북도 구미시 남통동 4-5,471903308049,경상북도 구미시 원남로,12,7,4719010800100160017015722,금오청구타운,경상북도 구미시 원남로 12-7,730935,39301,,,,128.322500016665,36.1298137945367
MA0106202210A1957526,반찬하우스,,G2,소매,G221,기타 상품 소매,G22199,그 외 기타 상품 전문 소매업,G47859,그 외 기타 분류 안된 상품 전문 소매업,11,서울특별시,11560,영등포구,11560585,도림동,1156011800,도림동,1156011800101380041,1,대지,138,41,서울특별시 영등포구 도림동 138-41,115603118006,서울특별시 영등포구 도신로,119,,1156011800101380041026627,,서울특별시 영등포구 도신로 119,150830,07369,,,,126.905005300674,37.5084751918407
MA0106202212A2196838,여우전,,G2,소매,G221,기타 상품 소매,G22199,그 외 기타 상품 전문 소매업,G47859,그 외 기타 분류 안된 상품 전문 소매업,41,경기도,41590,화성시,41590253,봉담읍,4159025321,봉담읍,4159025321106330004,1,대지,633,4,경기도 화성시 봉담읍 상리 633-4,415904855205,경기도 화성시 봉담읍 장등2길,5,16,4159025321106330004000001,,경기도 화성시 봉담읍 장등2길 5-16,445891,18314,,,,126.946503443072,37.2210197019382
MA0106202301A0137080,용윤상사,,G2,소매,G221,기타 상품 소매,G22199,그 외 기타 상품 전문 소매업,G47859,그 외 기타 분류 안된 상품 전문 소매업,11,서울특별시,11620,관악구,11620765,미성동,1162010200,신림동,1162010200115740003,1,대지,1574,3,서울특별시 관악구 신림동 1574-3,116204160219,서울특별시 관악구 남부순환로172길,105,,1162010200115740003003049,,서울특별시 관악구 남부순환로172길 105,151899,08773,,,,126.920030846058,37.4820597955863
MA0106202212A0141200,프라브,,G2,소매,G221,기타 상품 소매,G22199,그 외 기타 상품 전문 소매업,G47859,그 외 기타 분류 안된 상품 전문 소매업,11,서울특별시,11710,송파구,11710642,문정2동,1171010800,문정동,1171010800106340000,1,대지,634,,서울특별시 송파구 문정동 634,117103123017,서울특별시 송파구 충민로,66,,1171010800105600000000001,,서울특별시 송파구 충민로 66,138888,05838,,,,127.12496063833,37.4776148454472
MA0106202301A0531838,에이앤디,코리아,G2,소매,G221,기타 상품 소매,G22199,그 외 기타 상품 전문 소매업,G47859,그 외 기타 분류 안된 상품 전문 소매업,11,서울특별시,11230,동대문구,11230545,제기동,1123010300,제기동,1123010300106980000,1,대지,698,,서울특별시 동대문구 제기동 698,112303005030,서울특별시 동대문구 고산자로,506,,1123010300106980000035045,,서울특별시 동대문구 고산자로 506,130863,02479,,,,127.038743149166,37.5848486750684
MA0106202301A0080252,명일부러쉬산업,,G2,소매,G221,기타 상품 소매,G22199,그 외 기타 상품 전문 소매업,G47859,그 외 기타 분류 안된 상품 전문 소매업,11,서울특별시,11140,중구,11140605,을지로동,1114015600,입정동,1114015600102160005,1,대지,216,5,서울특별시 중구 입정동 216-5,111403100021,서울특별시 중구 청계천로,128,1,1114015600102180003013759,,서울특별시 중구 청계천로 128-1,100853,04543,,,,126.991827509829,37.5680241742923
MA0106202301A0508506,영광식품,,G2,소매,G221,기타 상품 소매,G22199,그 외 기타 상품 전문 소매업,G47859,그 외 기타 분류 안된 상품 전문 소매업,11,서울특별시,11140,중구,11140590,광희동,1114015400,오장동,1114015400101450021,1,대지,145,21,서울특별시 중구 오장동 145-21,111404103249,서울특별시 중구 을지로32길,35,9,1114015400101450021000001,중부시장,서울특별시 중구 을지로32길 35-9,100310,04547,,1,,127.000837590358,37.5650511675564
MA0106202301A0065227,코엔,,G2,소매,G221,기타 상품 소매,G22199,그 외 기타 상품 전문 소매업,G47859,그 외 기타 분류 안된 상품 전문 소매업,41,경기도,41273,안산시 단원구,41273570,초지동,4127310400,성곡동,4127310400106730017,1,대지,673,17,경기도 안산시 단원구 성곡동 673-17,412733191028,경기도 안산시 단원구 별망로,185,,4127310400106730017014206,시화공단,경기도 안산시 단원구 별망로 185,425866,15418,,3,,126.746814185094,37.3123248023043
MA0106202301A0181188,진로석수경기남부,,G2,소매,G221,기타 상품 소매,G22199,그 외 기타 상품 전문 소매업,G47859,그 외 기타 분류 안된 상품 전문 소매업,41,경기도,41430,의왕시,41430540,내손1동,4143010700,내손동,4143010700106190013,1,대지,619,13,경기도 의왕시 내손동 619-13,414304403056,경기도 의왕시 민백2길,11,,4143010700106190013002112,,경기도 의왕시 민백2길 11,437081,16035,,,,126.974525208143,37.3873332608563
MA0106202301A0652899,강다짐원유로스페셜티강남역지하,상가점,G2,소매,G221,기타 상품 소매,G22199,그 외 기타 상품 전문 소매업,G47859,그 외 기타 분류 안된 상품 전문 소매업,11,서울특별시,11680,강남구,11680640,역삼1동,1168010100,역삼동,1168010100108210001,1,대지,821,1,서울특별시 강남구 역삼동 821-1,116803122010,서울특별시 강남구 테헤란로,101,,1168010100108210001000001,강남역,서울특별시 강남구 테헤란로 101,135933,06134,,1,,127.028057017322,37.4986170160683
MA0106202301A0700519,삼교리막국수,,G2,소매,G221,기타 상품 소매,G22199,그 외 기타 상품 전문 소매업,G47859,그 외 기타 분류 안된 상품 전문 소매업,51,강원특별자치도,51150,강릉시,51150250,주문진읍,5115025023,주문진읍,5115025023102420008,1,대지,242,8,강원특별자치도 강릉시 주문진읍 장덕리 242-8,511503220020,강원특별자치도 강릉시 주문진읍 신리천로,348,3,4215025023102420008000001,,강원특별자치도 강릉시 주문진읍 신리천로 348-3,210805,25402,,1,,128.79497408772,37.8785793719698
MA0106202301A0923723,씨스테이션,,G2,소매,G221,기타 상품 소매,G22199,그 외 기타 상품 전문 소매업,G47859,그 외 기타 분류 안된 상품 전문 소매업,11,서울특별시,11500,강서구,11500591,화곡6동,1150010300,화곡동,1150010300109580013,1,대지,958,13,서울특별시 강서구 화곡동 958-13,115003115003,서울특별시 강서구 까치산로,136,,1150010300109580013015095,좌측점포,서울특별시 강서구 까치산로 136,157913,07662,,1,,126.851675568071,37.5494698672037
MA0106202301A0904620,재호상회,,G2,소매,G221,기타 상품 소매,G22199,그 외 기타 상품 전문 소매업,G47859,그 외 기타 분류 안된 상품 전문 소매업,30,대전광역시,30110,동구,30110740,산내동,3011013700,대별동,3011013700101230000,1,대지,123,,대전광역시 동구 대별동 123,301103010010,대전광역시 동구 산서로,1607,,3011013700101230000034404,,대전광역시 동구 산서로 1607,300260,34711,,,,127.458832722907,36.2865554497486
MA0106202301A1139047,한울식품,,G2,소매,G221,기타 상품 소매,G22199,그 외 기타 상품 전문 소매업,G47859,그 외 기타 분류 안된 상품 전문 소매업,52,전북특별자치도,52130,군산시,52130690,수송동,5213014100,수송동,5213014100100650031,1,대지,65,31,전북특별자치도 군산시 수송동 65-31,521304604998,전북특별자치도 군산시 진포안1길,12,1,4513014100100650031028434,,전북특별자치도 군산시 진포안1길 12-1,573370,54083,,,,126.720023836849,35.9708550012694
MA0106202301A1190948,더블유,,G2,소매,G221,기타 상품 소매,G22199,그 외 기타 상품 전문 소매업,G47859,그 외 기타 분류 안된 상품 전문 소매업,46,전라남도,46790,화순군,46790250,화순읍,4679025022,화순읍,4679025022100830000,1,대지,83,,전라남도 화순군 화순읍 향청리 83,467903291036,전라남도 화순군 화순읍 칠충로,150,,4679025022100830000042442,,전라남도 화순군 화순읍 칠충로 150,519808,58119,,,,126.984290640157,35.0617805494346
MA0106202301A1485515,正明CNS,,G2,소매,G221,기타 상품 소매,G22199,그 외 기타 상품 전문 소매업,G47859,그 외 기타 분류 안된 상품 전문 소매업,47,경상북도,47111,포항시 남구,47111545,해도동,4711110300,해도동,4711110300100140019,1,대지,14,19,경상북도 포항시 남구 해도동 14-19,471113303054,경상북도 포항시 남구 축항로,9,,4711110300100140019095950,,경상북도 포항시 남구 축항로 9,790838,37786,,,,129.369512765761,36.0288821152717
MA0106202301A0294193,시도상사,,G2,소매,G221,기타 상품 소매,G22199,그 외 기타 상품 전문 소매업,G47859,그 외 기타 분류 안된 상품 전문 소매업,28,인천광역시,28177,미추홀구,28177520,숭의1.3동,2817710100,숭의동,2817710100101240114,1,대지,124,114,인천광역시 미추홀구 숭의동 124-114,281773149065,인천광역시 미추홀구 참외전로,288,12,2817010100101240114000001,,인천광역시 미추홀구 참외전로 288-12,402815,22161,,,,126.646448611056,37.4663849499911
MA0106202301A0661528,E.D.P춘천,효자점,G2,소매,G221,기타 상품 소매,G22199,그 외 기타 상품 전문 소매업,G47859,그 외 기타 분류 안된 상품 전문 소매업,51,강원특별자치도,51110,춘천시,51110660,퇴계동,5111012300,퇴계동,5111012300108560001,1,대지,856,1,강원특별자치도 춘천시 퇴계동 856-1,511104454838,강원특별자치도 춘천시 퇴계공단1길,41,,4211012300108560000000315,,강원특별자치도 춘천시 퇴계공단1길 41,200944,24427,,,,127.738358664092,37.846786605585
MA0106202301A0172706,인천삼산레고교육센터,,G2,소매,G221,기타 상품 소매,G22199,그 외 기타 상품 전문 소매업,G47859,그 외 기타 분류 안된 상품 전문 소매업,28,인천광역시,28237,부평구,28237648,삼산2동,2823710500,삼산동,2823710500104590005,1,대지,459,5,인천광역시 부평구 삼산동 459-5,282373154056,인천광역시 부평구 체육관로,40,,2823710500104590005104399,신영프라자,인천광역시 부평구 체육관로 40,403866,21344,,,,126.736144480321,37.5082367181143
MA0106202301A0567542,종로유통,,G2,소매,G221,기타 상품 소매,G22199,그 외 기타 상품 전문 소매업,G47859,그 외 기타 분류 안된 상품 전문 소매업,11,서울특별시,11110,종로구,11110650,혜화동,1111017300,명륜3가,1111017300100010205,1,대지,1,205,서울특별시 종로구 명륜3가 1-205,111104100079,서울특별시 종로구 명륜2길,3,1,1111017300100010205006698,,서울특별시 종로구 명륜2길 3-1,110811,03070,,,,126.99517665737,37.5889094023867
MA0106202301A1463194,엠티아이영남지사,코리아,G2,소매,G221,기타 상품 소매,G22199,그 외 기타 상품 전문 소매업,G47859,그 외 기타 분류 안된 상품 전문 소매업,27,대구광역시,27230,북구,27230680,검단동,2723011300,검단동,2723011300107770097,1,대지,777,97,대구광역시 북구 검단동 777-97,272303145003,대구광역시 북구 검단동로,9,,2723011300107770097000223,,대구광역시 북구 검단동로 9,702800,41512,,,,128.625974004519,35.9123869845727
MA0106202301A0907257,봉지집,,G2,소매,G221,기타 상품 소매,G22199,그 외 기타 상품 전문 소매업,G47859,그 외 기타 분류 안된 상품 전문 소매업,44,충청남도,44150,공주시,44150540,웅진동,4415010500,산성동,4415010500101860112,1,대지,186,112,충청남도 공주시 산성동 186-112,441504553544,충청남도 공주시 산성시장1길,70,7,4415010500101860112000003,,충청남도 공주시 산성시장1길 70-7,314020,32540,,,,127.12341648582,36.4579287944312
MA0106202301A0296662,고려유통,,G2,소매,G221,기타 상품 소매,G22199,그 외 기타 상품 전문 소매업,G47859,그 외 기타 분류 안된 상품 전문 소매업,28,인천광역시,28200,남동구,28200690,논현1동,2820011000,논현동,2820011000100330068,1,대지,33,68,인천광역시 남동구 논현동 33-68,282004259480,인천광역시 남동구 소래로154번길,69,243,2820011000100330068000002,,인천광역시 남동구 소래로154번길 69-243,405847,21657,,1,,126.741612929625,37.4146248977027
MA0106202301A0869504,한미기획,,G2,소매,G221,기타 상품 소매,G22199,그 외 기타 상품 전문 소매업,G47859,그 외 기타 분류 안된 상품 전문 소매업,43,충청북도,43130,충주시,43130540,교현2동,4313010500,교현동,4313010500106220003,1,대지,622,3,충청북도 충주시 교현동 622-3,431302238002,충청북도 충주시 국원대로,92,,4313010500106220003005286,,충청북도 충주시 국원대로 92,380951,27376,,,,127.9284736904,36.9796725336159
MA0106202301A0354436,배다리슈퍼,,G2,소매,G221,기타 상품 소매,G22199,그 외 기타 상품 전문 소매업,G47859,그 외 기타 분류 안된 상품 전문 소매업,28,인천광역시,28710,강화군,28710330,길상면,2871033021,길상면,2871033021105000021,1,대지,500,21,인천광역시 강화군 길상면 온수리 500-21,287103157003,인천광역시 강화군 길상면 강화동로,25,,2871033021105000021023655,,인천광역시 강화군 길상면 강화동로 25,417841,23050,,,,126.491515414868,37.6417378697957
MA0106202301A1505323,국제슈퍼,,G2,소매,G221,기타 상품 소매,G22199,그 외 기타 상품 전문 소매업,G47859,그 외 기타 분류 안된 상품 전문 소매업,47,경상북도,47170,안동시,47170340,풍천면,4717034023,풍천면,4717034023104940002,1,대지,494,2,경상북도 안동시 풍천면 구담리 494-2,471704721653,경상북도 안동시 풍천면 섬마길,7,14,4717034023104940002083369,,경상북도 안동시 풍천면 섬마길 7-14,760813,36760,,,,128.464083229352,36.5420845465071
MA0106202301A0103996,서교산업,,G2,소매,G221,기타 상품 소매,G22199,그 외 기타 상품 전문 소매업,G47859,그 외 기타 분류 안된 상품 전문 소매업,11,서울특별시,11530,구로구,11530530,구로2동,1153010200,구로동,1153010200106040001,1,대지,604,1,서울특별시 구로구 구로동 604-1,115303116005,서울특별시 구로구 구로중앙로,197,,1153010200106060001017120,구로공구상가,서울특별시 구로구 구로중앙로 197,152723,08216,,,,126.877913427517,37.5039002243341
MA0106202301A0020498,세영비니루,,G2,소매,G221,기타 상품 소매,G22199,그 외 기타 상품 전문 소매업,G47859,그 외 기타 분류 안된 상품 전문 소매업,11,서울특별시,11140,중구,11140605,을지로동,1114015100,을지로5가,1114015100100120001,1,대지,12,1,서울특별시 중구 을지로5가 12-1,111404103251,서울특별시 중구 을지로35길,6,3,1114015100100120001012357,,서울특별시 중구 을지로35길 6-3,100195,04546,,,,127.00090552861,37.5671594977293
MA0106202301A0310666,수미유통,,G2,소매,G221,기타 상품 소매,G22199,그 외 기타 상품 전문 소매업,G47859,그 외 기타 분류 안된 상품 전문 소매업,41,경기도,41360,남양주시,41360259,진건읍,4136025923,진건읍,4136025923100530000,1,대지,53,,경기도 남양주시 진건읍 진관리 53,413604391672,경기도 남양주시 진건읍 진건우회로19번길,5,1,4136025923100530000000001,,경기도 남양주시 진건읍 진건우회로19번길 5-1,472831,12139,,,,127.172899254182,37.6503112569356
MA0106202301A0946183,자비불교사,,G2,소매,G221,기타 상품 소매,G22199,그 외 기타 상품 전문 소매업,G47859,그 외 기타 분류 안된 상품 전문 소매업,44,충청남도,44200,아산시,44200580,온양2동,4420010100,온천동,4420010100102290006,1,대지,229,6,충청남도 아산시 온천동 229-6,442003253047,충청남도 아산시 시민로,365,,4420010100102290006039649,,충청남도 아산시 시민로 365,336818,31506,,,,126.999585507514,36.781438832335
MA0106202301A0816869,카스바유통,,G2,소매,G221,기타 상품 소매,G22199,그 외 기타 상품 전문 소매업,G47859,그 외 기타 분류 안된 상품 전문 소매업,48,경상남도,48220,통영시,48220530,명정동,4822010200,서호동,4822010200101770331,1,대지,177,331,경상남도 통영시 서호동 177-331,482203333033,경상남도 통영시 중앙로,85,,4822010200101770331026246,,경상남도 통영시 중앙로 85,650100,53062,,,,128.418658476002,34.8418882633896
MA0106202301A0343130,유일천막사,,G2,소매,G221,기타 상품 소매,G22199,그 외 기타 상품 전문 소매업,G47859,그 외 기타 분류 안된 상품 전문 소매업,41,경기도,41461,용인시 처인구,41461530,유림동,4146110600,고림동,4146110600109850000,1,대지,985,,경기도 용인시 처인구 고림동 985,414613203005,경기도 용인시 처인구 경안천로,222,,4146110600109850000040408,,경기도 용인시 처인구 경안천로 222,449923,17148,,,,127.218287163118,37.2512499035129
MA0106202301A0207594,준유통,,G2,소매,G221,기타 상품 소매,G22199,그 외 기타 상품 전문 소매업,G47859,그 외 기타 분류 안된 상품 전문 소매업,41,경기도,41220,평택시,41220250,팽성읍,4122025045,팽성읍,4122025045101650001,1,대지,165,1,경기도 평택시 팽성읍 송화리 165-1,412203188058,경기도 평택시 팽성읍 안정순환로,51,,4122025045101650001035411,,경기도 평택시 팽성읍 안정순환로 51,451803,17981,,,,127.048526954397,36.9551704761364
MA0106202301A1180249,땅스부대찌개,노형점,G2,소매,G221,기타 상품 소매,G22199,그 외 기타 상품 전문 소매업,G47859,그 외 기타 분류 안된 상품 전문 소매업,50,제주특별자치도,50110,제주시,50110660,노형동,5011012200,노형동,5011012200112800007,1,대지,1280,7,제주특별자치도 제주시 노형동 1280-7,501103349169,제주특별자치도 제주시 월랑로,12,,5011012200112800007010084,,제주특별자치도 제주시 월랑로 12,690803,63098,,,,126.478052110581,33.4874280808869
MA0106202301A0086165,누마스타서울북부,,G2,소매,G221,기타 상품 소매,G22199,그 외 기타 상품 전문 소매업,G47859,그 외 기타 분류 안된 상품 전문 소매업,41,경기도,41310,구리시,41310510,갈매동,4131010100,갈매동,4131010100105310004,1,대지,531,4,경기도 구리시 갈매동 531-4,413104853960,경기도 구리시 갈매순환로204번길,8,27,4131010100101010010000001,,경기도 구리시 갈매순환로204번길 8-27,471859,11901,,1,,127.12249676725,37.6370848523351
MA0106202301A1460413,버블비누,,G2,소매,G221,기타 상품 소매,G22199,그 외 기타 상품 전문 소매업,G47859,그 외 기타 분류 안된 상품 전문 소매업,47,경상북도,47290,경산시,47290530,남부동,4729010600,백천동,4729010600105710001,1,대지,571,1,경상북도 경산시 백천동 571-1,472903313036,경상북도 경산시 백천동로,5,,,,경상북도 경산시 백천동로 5,712784,38647,,,,128.738458150432,35.8067489421145
MA0106202210A1508769,쉐비,,G2,소매,G221,기타 상품 소매,G22199,그 외 기타 상품 전문 소매업,G47859,그 외 기타 분류 안된 상품 전문 소매업,41,경기도,41135,성남시 분당구,41135662,금곡동,4113511100,금곡동,4113511100103290003,1,대지,329,3,경기도 성남시 분당구 금곡동 329-3,411353180005,경기도 성남시 분당구 대왕판교로,148,,4113511100103290003000003,,경기도 성남시 분당구 대왕판교로 148,463869,13552,,,,127.102512853753,37.3570351434201
MA0106202210A1942564,한라튀김분식,,G2,소매,G221,기타 상품 소매,G22199,그 외 기타 상품 전문 소매업,G47859,그 외 기타 분류 안된 상품 전문 소매업,48,경상남도,48310,거제시,48310580,고현동,4831010900,고현동,4831010900100980027,1,대지,98,27,경상남도 거제시 고현동 98-27,483103337005,경상남도 거제시 거제중앙로,1883,2,4831010900100980027025398,,경상남도 거제시 거제중앙로 1883-2,656930,53254,,,,128.6236523794,34.8862536994804
MA0106202212A2416791,럭키테이블,,G2,소매,G221,기타 상품 소매,G22199,그 외 기타 상품 전문 소매업,G47859,그 외 기타 분류 안된 상품 전문 소매업,11,서울특별시,11620,관악구,11620575,행운동,1162010100,봉천동,1162010100116890017,1,대지,1689,17,서울특별시 관악구 봉천동 1689-17,116204160469,서울특별시 관악구 솔밭로4길,10,,1162010100116890017033145,,서울특별시 관악구 솔밭로4길 10,151812,08801,,,,126.963505182621,37.4783960949168
MA0106202212A2144868,인화당,,G2,소매,G221,기타 상품 소매,G22199,그 외 기타 상품 전문 소매업,G47859,그 외 기타 분류 안된 상품 전문 소매업,31,울산광역시,31710,울주군,31710259,범서읍,3171025924,범서읍,3171025924102930018,1,대지,293,18,울산광역시 울주군 범서읍 굴화리 293-18,317104319388,울산광역시 울주군 범서읍 백천1길,60,2,3171025924102930018003546,,울산광역시 울주군 범서읍 백천1길 60-2,689853,44933,,,,129.252776601326,35.5568962495
MA0106202212A0905716,한끼뚝딱,,G2,소매,G221,기타 상품 소매,G22199,그 외 기타 상품 전문 소매업,G47859,그 외 기타 분류 안된 상품 전문 소매업,41,경기도,41465,용인시 수지구,41465585,상현3동,4146510700,상현동,4146510700111290000,1,대지,1129,,경기도 용인시 수지구 상현동 1129,414653177030,경기도 용인시 수지구 법조로,242,,4146510700111290000000001,,경기도 용인시 수지구 법조로 242,448130,16942,,,,127.074622008831,37.3004982423251
MA0106202212A0733177,로매지크서촌점,,G2,소매,G221,기타 상품 소매,G22199,그 외 기타 상품 전문 소매업,G47859,그 외 기타 분류 안된 상품 전문 소매업,11,서울특별시,11110,종로구,11110515,청운효자동,1111011000,누하동,1111011000101920002,1,대지,192,2,서울특별시 종로구 누하동 192-2,111102100002,서울특별시 종로구 필운대로,35,6,1111011000101920002029939,,서울특별시 종로구 필운대로 35-6,110806,03039,,,,126.968640966626,37.5793367872876
MA0106202212A1827713,갤러리미작,,G2,소매,G221,기타 상품 소매,G22199,그 외 기타 상품 전문 소매업,G47859,그 외 기타 분류 안된 상품 전문 소매업,48,경상남도,48220,통영시,48220670,봉평동,4822011600,봉평동,4822011600101620004,1,대지,162,4,경상남도 통영시 봉평동 162-4,482203333003,경상남도 통영시 도남로,90,,4822011600101620004000001,,경상남도 통영시 도남로 90,650140,53070,,,,128.414231437691,34.8310519807294
MA0106202212A0925374,가브리엘의다락방,,G2,소매,G221,기타 상품 소매,G22199,그 외 기타 상품 전문 소매업,G47859,그 외 기타 분류 안된 상품 전문 소매업,11,서울특별시,11680,강남구,11680640,역삼1동,1168010100,역삼동,1168010100108320041,1,대지,832,41,서울특별시 강남구 역삼동 832-41,116803122008,서울특별시 강남구 역삼로,114,,1168010100108320041025756,,서울특별시 강남구 역삼로 114,135936,06252,,,,127.031650918863,37.4932100675571
MA0106202212A1567118,꽁쓰,,G2,소매,G221,기타 상품 소매,G22199,그 외 기타 상품 전문 소매업,G47859,그 외 기타 분류 안된 상품 전문 소매업,43,충청북도,43750,진천군,43750253,덕산읍,4375025325,덕산읍,4375025325126370000,1,대지,2637,,충청북도 진천군 덕산읍 두촌리 2637,437504541657,충청북도 진천군 덕산읍 대월2길,24,3,4375031025126370000000001,,충청북도 진천군 덕산읍 대월2길 24-3,365841,27872,,,,127.538655575716,36.9008759629877
MA0106202211A1087600,복권판매.미니슈퍼,,G2,소매,G221,기타 상품 소매,G22199,그 외 기타 상품 전문 소매업,G47859,그 외 기타 분류 안된 상품 전문 소매업,44,충청남도,44270,당진시,44270380,신평면,4427038021,신평면,4427038021103170037,1,대지,317,37,충청남도 당진시 신평면 금천리 317-37,442704595431,충청남도 당진시 신평면 신평길,100,,4483038021103170037040607,,충청남도 당진시 신평면 신평길 100,343812,31741,,,,126.773893763583,36.8826344184112
MA0106202211A1354657,연화스튜디오,,G2,소매,G221,기타 상품 소매,G22199,그 외 기타 상품 전문 소매업,G47859,그 외 기타 분류 안된 상품 전문 소매업,26,부산광역시,26230,부산진구,26230610,전포2동,2623010200,전포동,2623010200106540002,1,대지,654,2,부산광역시 부산진구 전포동 654-2,262304187670,부산광역시 부산진구 전포대로255번길,37,,2623010200106540002000001,,부산광역시 부산진구 전포대로255번길 37,614865,47247,,,,129.06328727155,35.1591941161819
MA0106202211A0473069,계양산타이마트,,G2,소매,G221,기타 상품 소매,G22199,그 외 기타 상품 전문 소매업,G47859,그 외 기타 분류 안된 상품 전문 소매업,28,인천광역시,28245,계양구,28245720,계양2동,2824510500,임학동,2824510500100040014,1,대지,4,14,인천광역시 계양구 임학동 4-14,282453155007,인천광역시 계양구 계양산로,177,,2824510500100040014048725,,인천광역시 계양구 계양산로 177,407814,21025,,,,126.735450922691,37.5477079481969
MA0106202211A1688748,창화당,건대점,G2,소매,G221,기타 상품 소매,G22199,그 외 기타 상품 전문 소매업,G47859,그 외 기타 분류 안된 상품 전문 소매업,11,서울특별시,11215,광진구,11215710,화양동,1121510700,화양동,1121510700100110032,1,대지,11,32,서울특별시 광진구 화양동 11-32,112154112124,서울특별시 광진구 능동로13길,27,,1121510700100110032016711,,서울특별시 광진구 능동로13길 27,143914,05016,,,,127.070597232868,37.5431268095947
MA0106202211A2288904,강원상회,,G2,소매,G221,기타 상품 소매,G22199,그 외 기타 상품 전문 소매업,G47859,그 외 기타 분류 안된 상품 전문 소매업,51,강원특별자치도,51130,원주시,51130250,문막읍,5113025022,문막읍,5113025022103990001,1,대지,399,1,강원특별자치도 원주시 문막읍 동화리 399-1,511303219050,강원특별자치도 원주시 문막읍 지정로,5,,4213025022103990001000001,,강원특별자치도 원주시 문막읍 지정로 5,220801,26364,,,,127.852355367804,37.3401692179065
MA0106202211A0632035,와이엠에스,코리아,G2,소매,G221,기타 상품 소매,G22199,그 외 기타 상품 전문 소매업,G47859,그 외 기타 분류 안된 상품 전문 소매업,41,경기도,41450,하남시,41450560,덕풍3동,4145010800,덕풍동,4145010800108330000,1,대지,833,,경기도 하남시 덕풍동 833,414502000019,경기도 하남시 미사대로,540,,4145010800108330000000001,,경기도 하남시 미사대로 540,465013,12925,,,,127.205857128558,37.5577087883961
MA0106202210A1622729,타올어때,,G2,소매,G221,기타 상품 소매,G22199,그 외 기타 상품 전문 소매업,G47859,그 외 기타 분류 안된 상품 전문 소매업,30,대전광역시,30230,대덕구,30230546,중리동,3023010900,중리동,3023010900104930007,1,대지,493,7,대전광역시 대덕구 중리동 493-7,302303168017,대전광역시 대덕구 송촌북로,21,,3023010900104930007000001,,대전광역시 대덕구 송촌북로 21,306826,34410,,,,127.436425278261,36.364401876877
MA0106202210A1357589,언더독커피,,G2,소매,G221,기타 상품 소매,G22199,그 외 기타 상품 전문 소매업,G47859,그 외 기타 분류 안된 상품 전문 소매업,11,서울특별시,11215,광진구,11215730,군자동,1121510900,군자동,1121510900100480037,1,대지,48,37,서울특별시 광진구 군자동 48-37,112153005027,서울특별시 광진구 면목로,5,1,1121510900100480037018369,,서울특별시 광진구 면목로 5-1,143837,04999,,,,127.075112558231,37.55485502338
MA0106202212A0755428,원에스피씨,,G2,소매,G221,기타 상품 소매,G22199,그 외 기타 상품 전문 소매업,G47859,그 외 기타 분류 안된 상품 전문 소매업,41,경기도,41461,용인시 처인구,41461253,모현읍,4146125322,모현읍,4146125322106480011,1,대지,648,11,경기도 용인시 처인구 모현읍 갈담리 648-11,414614409075,경기도 용인시 처인구 모현읍 곡현로480번길,60,,4146131022106540019000001,,경기도 용인시 처인구 모현읍 곡현로480번길 60,449851,17031,,,,127.226922195493,37.3266684428936
MA0106202301A0510400,케이스타,,G2,소매,G221,기타 상품 소매,G22199,그 외 기타 상품 전문 소매업,G47859,그 외 기타 분류 안된 상품 전문 소매업,11,서울특별시,11140,중구,11140615,신당동,1114016200,신당동,1114016200102170001,1,대지,217,1,서울특별시 중구 신당동 217-1,111403100021,서울특별시 중구 청계천로,298,,1114016200102170117009523,신당동내제,서울특별시 중구 청계천로 298,100887,04567,,1,,127.011070427197,37.5694565211344
MA0106202301A1459967,토리노단추,,G2,소매,G221,기타 상품 소매,G22199,그 외 기타 상품 전문 소매업,G47859,그 외 기타 분류 안된 상품 전문 소매업,27,대구광역시,27110,중구,27110595,대신동,2711015400,대신동,2711015400101150001,1,대지,115,1,대구광역시 중구 대신동 115-1,271103141004,대구광역시 중구 달성로,50,,2711015400101150003000001,서문시장,대구광역시 중구 달성로 50,700750,41931,,,,128.582246045717,35.8698066069324
MA0106202212A1423901,피즈,,G2,소매,G221,기타 상품 소매,G22199,그 외 기타 상품 전문 소매업,G47859,그 외 기타 분류 안된 상품 전문 소매업,46,전라남도,46230,광양시,46230530,중마동,4623010600,중동,4623010600117740002,1,대지,1774,2,전라남도 광양시 중동 1774-2,462304655179,전라남도 광양시 발섬1길,7,21,4623010600117740002000002,,전라남도 광양시 발섬1길 7-21,545888,57796,,,,127.699375267471,34.9333044829975
MA0106202212A1419898,프롬마레,,G2,소매,G221,기타 상품 소매,G22199,그 외 기타 상품 전문 소매업,G47859,그 외 기타 분류 안된 상품 전문 소매업,26,부산광역시,26170,동구,26170530,초량3동,2617010100,초량동,2617010100101720003,1,대지,172,3,부산광역시 동구 초량동 172-3,261702000010,부산광역시 동구 중앙대로,249,,2617010100101720003007164,,부산광역시 동구 중앙대로 249,601828,48798,,,,129.04161557543,35.1192431492629
MA0106202301A1480581,에이치엘비파나진,,G2,소매,G221,기타 상품 소매,G22199,그 외 기타 상품 전문 소매업,G47859,그 외 기타 분류 안된 상품 전문 소매업,30,대전광역시,30200,유성구,30200600,관평동,3020014300,탑립동,3020014300108160000,1,대지,816,,대전광역시 유성구 탑립동 816,302003167069,대전광역시 유성구 테크노10로,54,,3020014300108160000003002,,대전광역시 유성구 테크노10로 54,305509,34027,,,,127.408177965835,36.4174183009186
MA0106202301A0360983,참사랑푸드,,G2,소매,G221,기타 상품 소매,G22199,그 외 기타 상품 전문 소매업,G47859,그 외 기타 분류 안된 상품 전문 소매업,28,인천광역시,28710,강화군,28710310,선원면,2871031021,선원면,2871031021102680009,1,대지,268,9,인천광역시 강화군 선원면 금월리 268-9,287104271512,인천광역시 강화군 선원면 연동로322번길,37,,2871031021102680008000001,,인천광역시 강화군 선원면 연동로322번길 37,417821,23043,,,,126.488162742442,37.7108818261456
MA0106202301A0251863,에이스테크,,G2,소매,G221,기타 상품 소매,G22199,그 외 기타 상품 전문 소매업,G47859,그 외 기타 분류 안된 상품 전문 소매업,41,경기도,41173,안양시 동안구,41173580,호계1동,4117310400,호계동,4117310400105550009,1,대지,555,9,경기도 안양시 동안구 호계동 555-9,411733182030,경기도 안양시 동안구 엘에스로,76,,4117310400105550009005725,국제유통단지,경기도 안양시 동안구 엘에스로 76,431763,14117,,,,126.953126304246,37.3700450634828
MA0106202301A0036227,마니클,,G2,소매,G221,기타 상품 소매,G22199,그 외 기타 상품 전문 소매업,G47859,그 외 기타 분류 안된 상품 전문 소매업,11,서울특별시,11230,동대문구,11230600,답십리1동,1123010500,답십리동,1123010500104730037,1,대지,473,37,서울특별시 동대문구 답십리동 473-37,112304115072,서울특별시 동대문구 답십리로38길,4,,1123010500104730037020752,,서울특별시 동대문구 답십리로38길 4,130804,02595,,2,,127.050352064234,37.5741044469208
MA0106202301A0900327,"유진S,E.N",,G2,소매,G221,기타 상품 소매,G22199,그 외 기타 상품 전문 소매업,G47859,그 외 기타 분류 안된 상품 전문 소매업,30,대전광역시,30140,중구,30140575,대흥동,3014010500,대흥동,3014010500104070005,1,대지,407,5,대전광역시 중구 대흥동 407-5,301403010004,대전광역시 중구 대종로,430,,3014010500104070005011862,,대전광역시 중구 대종로 430,301806,34928,,,,127.429224794792,36.3233434247978
MA0106202301A0983609,케이제이,코리아,G2,소매,G221,기타 상품 소매,G22199,그 외 기타 상품 전문 소매업,G47859,그 외 기타 분류 안된 상품 전문 소매업,46,전라남도,46790,화순군,46790250,화순읍,4679025023,화순읍,4679025023102130000,1,대지,213,,전라남도 화순군 화순읍 만연리 213,467903291050,전라남도 화순군 화순읍 중앙로,90,,4679025023102130000044903,,전라남도 화순군 화순읍 중앙로 90,519806,58125,,2,,126.991120482861,35.0602759464425
MA0106202301A0039034,충무로현대시트,,G2,소매,G221,기타 상품 소매,G22199,그 외 기타 상품 전문 소매업,G47859,그 외 기타 분류 안된 상품 전문 소매업,11,서울특별시,11140,중구,11140570,필동,1114015800,충무로3가,1114015800100560016,1,대지,56,16,서울특별시 중구 충무로3가 56-16,111404103228,서울특별시 중구 수표로4길,19,,1114015800100560016017547,,서울특별시 중구 수표로4길 19,100013,04554,,,,126.991590409504,37.5626542207097
MA0106202301A0852994,굿덕파크,,G2,소매,G221,기타 상품 소매,G22199,그 외 기타 상품 전문 소매업,G47859,그 외 기타 분류 안된 상품 전문 소매업,43,충청북도,43770,음성군,43770253,금왕읍,4377025321,금왕읍,4377025321105230007,1,대지,523,7,충청북도 음성군 금왕읍 무극리 523-7,437703247019,충청북도 음성군 금왕읍 무극로,224,,4377025321105230007215296,,충청북도 음성군 금왕읍 무극로 224,369904,27633,,,,127.58672785676,36.9910533903947
MA0106202301A0969731,석림교역,,G2,소매,G221,기타 상품 소매,G22199,그 외 기타 상품 전문 소매업,G47859,그 외 기타 분류 안된 상품 전문 소매업,30,대전광역시,30230,대덕구,30230520,대화동,3023010200,대화동,3023010200102890001,1,대지,289,1,대전광역시 대덕구 대화동 289-1,302303168004,대전광역시 대덕구 대화로,160,,3023010200102890001008147,산업용재유통상가,대전광역시 대덕구 대화로 160,306754,34368,,,,127.402936017244,36.3652945197826
MA0106202301A1229508,연암상사,,G2,소매,G221,기타 상품 소매,G22199,그 외 기타 상품 전문 소매업,G47859,그 외 기타 분류 안된 상품 전문 소매업,31,울산광역시,31110,중구,31110620,병영1동,3111011500,남외동,3111011500106730000,1,대지,673,,울산광역시 중구 남외동 673,311103169028,울산광역시 중구 염포로,85,,3111011500106730000012869,,울산광역시 중구 염포로 85,681800,44497,,,,129.350483640226,35.5610401543638
MA0106202301A1220959,에이치푸드,,G2,소매,G221,기타 상품 소매,G22199,그 외 기타 상품 전문 소매업,G47859,그 외 기타 분류 안된 상품 전문 소매업,29,광주광역시,29140,서구,29140800,서창동,2914013200,매월동,2914013200109460000,1,대지,946,,광주광역시 서구 매월동 946,291404280131,광주광역시 서구 매월2로15번길,16,,2914013200109460000027067,매월종합상가,광주광역시 서구 매월2로15번길 16,502151,62073,,,,126.859024618463,35.1172780731348
MA0106202301A0336408,몬즈컴퍼니,,G2,소매,G221,기타 상품 소매,G22199,그 외 기타 상품 전문 소매업,G47859,그 외 기타 분류 안된 상품 전문 소매업,11,서울특별시,11680,강남구,11680655,도곡1동,1168011800,도곡동,1168011800109550005,1,대지,955,5,서울특별시 강남구 도곡동 955-5,116804166090,서울특별시 강남구 남부순환로355길,12,,1168011800109550005000841,부강빌딩,서울특별시 강남구 남부순환로355길 12,135860,06267,,4,,127.036170504634,37.4857664467769
MA0106202301A0370924,고려수출포장,,G2,소매,G221,기타 상품 소매,G22199,그 외 기타 상품 전문 소매업,G47859,그 외 기타 분류 안된 상품 전문 소매업,41,경기도,41173,안양시 동안구,41173580,호계1동,4117310400,호계동,4117310400105550009,1,대지,555,9,경기도 안양시 동안구 호계동 555-9,411733182030,경기도 안양시 동안구 엘에스로,76,,4117310400105550009005725,국제유통단지,경기도 안양시 동안구 엘에스로 76,431763,14117,,,,126.953126304246,37.3700450634828
MA0106202301A0509521,우리아크릴,,G2,소매,G221,기타 상품 소매,G22199,그 외 기타 상품 전문 소매업,G47859,그 외 기타 분류 안된 상품 전문 소매업,11,서울특별시,11140,중구,11140605,을지로동,1114016000,인현동1가,1114016000101010001,1,대지,101,1,서울특별시 중구 인현동1가 101-1,111403101002,서울특별시 중구 마른내로,49,,1114016000101010001013360,,서울특별시 중구 마른내로 49,100281,04549,,1,,126.993480428027,37.5644743529372
MA0106202301A0504664,청해식품,,G2,소매,G221,기타 상품 소매,G22199,그 외 기타 상품 전문 소매업,G47859,그 외 기타 분류 안된 상품 전문 소매업,48,경상남도,48860,산청군,48860370,단성면,4886037033,단성면,4886037033102170007,1,대지,217,7,경상남도 산청군 단성면 호리 217-7,488604835047,경상남도 산청군 단성면 덕천로708번길,55,4,4886037033102170007000001,,경상남도 산청군 단성면 덕천로708번길 55-4,666943,52246,,,,127.899901966196,35.2310019671636
MA0106202301A1505843,우리상회,,G2,소매,G221,기타 상품 소매,G22199,그 외 기타 상품 전문 소매업,G47859,그 외 기타 분류 안된 상품 전문 소매업,47,경상북도,47750,청송군,47750315,주왕산면,4775031524,주왕산면,4775031524102050007,1,대지,205,7,경상북도 청송군 주왕산면 상의리 205-7,477504748032,경상북도 청송군 주왕산면 공원길,194,,4775031034102050007006004,,경상북도 청송군 주왕산면 공원길 194,763833,37437,,,,129.145622474902,36.3939174050296
MA0106202301A0328026,가보사.송월타올직매장,,G2,소매,G221,기타 상품 소매,G22199,그 외 기타 상품 전문 소매업,G47859,그 외 기타 분류 안된 상품 전문 소매업,41,경기도,41273,안산시 단원구,41273545,원곡동,4127310800,원곡동,4127310800109940005,1,대지,994,5,경기도 안산시 단원구 원곡동 994-5,412733191083,경기도 안산시 단원구 풍전로,7,,4127310800109940005046580,원곡유통상가,경기도 안산시 단원구 풍전로 7,425780,15431,,,,126.787700657123,37.3225868805499
MA0106202301A1237974,매일식품,,G2,소매,G221,기타 상품 소매,G22199,그 외 기타 상품 전문 소매업,G47859,그 외 기타 분류 안된 상품 전문 소매업,46,전라남도,46860,함평군,46860250,함평읍,4686025022,함평읍,4686025022108910000,1,대지,891,,전라남도 함평군 함평읍 기각리 891,468604691284,전라남도 함평군 함평읍 중앙길,141,,4686025022108910000045724,,전라남도 함평군 함평읍 중앙길 141,525802,57151,,,,126.519976840391,35.0648698865098
MA0106202301A0082279,대한테이프,,G2,소매,G221,기타 상품 소매,G22199,그 외 기타 상품 전문 소매업,G47859,그 외 기타 분류 안된 상품 전문 소매업,11,서울특별시,11380,은평구,11380570,대조동,1138010600,대조동,1138010600100890025,1,대지,89,25,서울특별시 은평구 대조동 89-25,113804133133,서울특별시 은평구 역말로10길,10,6,1138010600100890025027421,제,서울특별시 은평구 역말로10길 10-6,122840,03392,,1,,126.922430146474,37.6108141248107
MA0106202301A0913069,솔브레인나눔재단,,G2,소매,G221,기타 상품 소매,G22199,그 외 기타 상품 전문 소매업,G47859,그 외 기타 분류 안된 상품 전문 소매업,44,충청남도,44150,공주시,44150550,금학동,4415012400,검상동,4415012400107350000,1,대지,735,,충청남도 공주시 검상동 735,441504553080,충청남도 공주시 공단길,14,102,4415012400107350000000001,,충청남도 공주시 공단길 14-102,314080,32598,,,,127.077719019139,36.4321849274219
MA0106202301A0460172,러블리,,G2,소매,G221,기타 상품 소매,G22199,그 외 기타 상품 전문 소매업,G47859,그 외 기타 분류 안된 상품 전문 소매업,41,경기도,41360,남양주시,41360259,진건읍,4136025925,진건읍,4136025925107810004,1,대지,781,4,경기도 남양주시 진건읍 용정리 781-4,413603197033,경기도 남양주시 진건읍 사릉로,408,1,4136025925107810004009278,대흥빌딩,경기도 남양주시 진건읍 사릉로 408-1,472835,12136,,4,,127.178908812367,37.6566001569748
MA0106202301A1431172,동영상사,,G2,소매,G221,기타 상품 소매,G22199,그 외 기타 상품 전문 소매업,G47859,그 외 기타 분류 안된 상품 전문 소매업,27,대구광역시,27110,중구,27110575,성내2동,2711013000,수창동,2711013000100410004,1,대지,41,4,대구광역시 중구 수창동 41-4,271103141009,대구광역시 중구 서성로,92,,,,대구광역시 중구 서성로 92,700850,41916,,,,128.587935255267,35.8747238594232
MA0106202301A0019959,전성,,G2,소매,G221,기타 상품 소매,G22199,그 외 기타 상품 전문 소매업,G47859,그 외 기타 분류 안된 상품 전문 소매업,11,서울특별시,11140,중구,11140540,회현동,1114011200,남창동,1114011200100510001,1,대지,51,1,서울특별시 중구 남창동 51-1,111403101018,서울특별시 중구 소월로,3,,1114011200100510001020714,,서울특별시 중구 소월로 3,100778,04528,,2,,126.976209712263,37.5593724950588
MA0106202301A0276104,진우테크,,G2,소매,G221,기타 상품 소매,G22199,그 외 기타 상품 전문 소매업,G47859,그 외 기타 분류 안된 상품 전문 소매업,41,경기도,41133,성남시 중원구,41133570,상대원1동,4113310500,상대원동,4113310500105130015,1,대지,513,15,경기도 성남시 중원구 상대원동 513-15,411332179001,경기도 성남시 중원구 둔촌대로,474,,4113310500105130015034926,선텍시티아파트형공장,경기도 성남시 중원구 둔촌대로 474,462725,13229,,5,,127.169264588204,37.4313197456244
MA0106202301A0398727,나예소스토어,,G2,소매,G221,기타 상품 소매,G22199,그 외 기타 상품 전문 소매업,G47859,그 외 기타 분류 안된 상품 전문 소매업,51,강원특별자치도,51730,횡성군,51730250,횡성읍,5173025041,횡성읍,5173025041101420008,1,대지,142,8,강원특별자치도 횡성군 횡성읍 반곡리 142-8,517304478204,강원특별자치도 횡성군 횡성읍 반곡길,36,,4273025041101400000000450,,강원특별자치도 횡성군 횡성읍 반곡길 36,225802,25238,,1,,127.965631456024,37.4687706467445
MA0106202301A1026554,컬러연,,G2,소매,G221,기타 상품 소매,G22199,그 외 기타 상품 전문 소매업,G47859,그 외 기타 분류 안된 상품 전문 소매업,11,서울특별시,11680,강남구,11680521,논현1동,1168010800,논현동,1168010800100130007,1,대지,13,7,서울특별시 강남구 논현동 13-7,116804166141,서울특별시 강남구 논현로149길,75,,1168010800100130007006188,,서울특별시 강남구 논현로149길 75,135811,06039,,,,127.022735980219,37.5163769677623
MA0106202301A0389872,EDP파주,전곡점,G2,소매,G221,기타 상품 소매,G22199,그 외 기타 상품 전문 소매업,G47859,그 외 기타 분류 안된 상품 전문 소매업,41,경기도,41480,파주시,41480253,파주읍,4148025322,파주읍,4148025322101880001,1,대지,188,1,경기도 파주시 파주읍 향양리 188-1,414804418262,경기도 파주시 파주읍 바리골길,110,,4148025322101880001028391,,경기도 파주시 파주읍 바리골길 110,413863,10833,,,,126.815820877802,37.8491195214107
MA0106202301A1212951,인포젠,,G2,소매,G221,기타 상품 소매,G22199,그 외 기타 상품 전문 소매업,G47859,그 외 기타 분류 안된 상품 전문 소매업,46,전라남도,46170,나주시,46170250,남평읍,4617025028,남평읍,4617025028103230000,1,대지,323,,전라남도 나주시 남평읍 상곡리 323,461704652246,전라남도 나주시 남평읍 상곡연곡길,13,,4617025028103230000071742,,전라남도 나주시 남평읍 상곡연곡길 13,520845,58232,,,,126.856636524473,34.9961936952625
MA0106202301A0170660,SH소방,,G2,소매,G221,기타 상품 소매,G22199,그 외 기타 상품 전문 소매업,G47859,그 외 기타 분류 안된 상품 전문 소매업,28,인천광역시,28237,부평구,28237550,부평5동,2823710100,부평동,2823710100100100164,1,대지,10,164,인천광역시 부평구 부평동 10-164,282374262648,인천광역시 부평구 장제로190번길,53,,2823710100100100164105874,,인천광역시 부평구 장제로190번길 53,403817,21352,,,,126.733786768118,37.5033299733861
MA0106202301A1214161,우리참기름,,G2,소매,G221,기타 상품 소매,G22199,그 외 기타 상품 전문 소매업,G47859,그 외 기타 분류 안된 상품 전문 소매업,29,광주광역시,29140,서구,29140575,양동,2914010400,양동,2914010400100050351,1,대지,5,351,광주광역시 서구 양동 5-351,291403009007,광주광역시 서구 천변좌로,238,,2914010400100050101005299,,광주광역시 서구 천변좌로 238,502822,61924,,,,126.902553789703,35.1538981850979
MA0106202301A0125672,엘림상사,,G2,소매,G221,기타 상품 소매,G22199,그 외 기타 상품 전문 소매업,G47859,그 외 기타 분류 안된 상품 전문 소매업,11,서울특별시,11500,강서구,11500620,공항동,1150010800,공항동,1150010800113540002,1,대지,1354,2,서울특별시 강서구 공항동 1354-2,115004145354,서울특별시 강서구 방화대로6나길,11,,1150010800113540002000001,,서울특별시 강서구 방화대로6나길 11,157816,07645,,,,126.816806273653,37.5554846268145
MA0106202210A1511526,닥터스캠프,,G2,소매,G221,기타 상품 소매,G22199,그 외 기타 상품 전문 소매업,G47859,그 외 기타 분류 안된 상품 전문 소매업,41,경기도,41570,김포시,41570570,구래동,4157010900,구래동,4157010900168710007,1,대지,6871,7,경기도 김포시 구래동 6871-7,415704838106,경기도 김포시 김포한강10로133번길,127,,4157010900168710007000001,,경기도 김포시 김포한강10로133번길 127,415080,10071,,,,126.618153843263,37.6440717342922
MA0106202210A2312951,중국식품,,G2,소매,G221,기타 상품 소매,G22199,그 외 기타 상품 전문 소매업,G47859,그 외 기타 분류 안된 상품 전문 소매업,28,인천광역시,28177,미추홀구,28177540,용현1.4동,2817710200,용현동,2817710200100700010,1,대지,70,10,인천광역시 미추홀구 용현동 70-10,281772008004,인천광역시 미추홀구 인주대로,260,,2817010200100700010096332,,인천광역시 미추홀구 인주대로 260,402818,22209,,,,126.665341566583,37.4527536506586
MA0106202212A1116692,할로아,,G2,소매,G221,기타 상품 소매,G22199,그 외 기타 상품 전문 소매업,G47859,그 외 기타 분류 안된 상품 전문 소매업,29,광주광역시,29200,광산구,29200637,수완동,2920011900,신가동,2920011900111060000,1,대지,1106,,광주광역시 광산구 신가동 1106,292004289346,광주광역시 광산구 수완로9번길,34,3,2920011900111060000000001,,광주광역시 광산구 수완로9번길 34-3,506304,62308,,,,126.826617460393,35.1853968599686
MA0106202212A0905330,라온제주,,G2,소매,G221,기타 상품 소매,G22199,그 외 기타 상품 전문 소매업,G47859,그 외 기타 분류 안된 상품 전문 소매업,50,제주특별자치도,50110,제주시,50110540,이도2동,5011010400,이도이동,5011010400120260013,1,대지,2026,13,제주특별자치도 제주시 이도이동 2026-13,501104847228,제주특별자치도 제주시 구남동6길,39,,5011010400120260013000001,,제주특별자치도 제주시 구남동6길 39,690851,63233,,,,126.535617618191,33.4874588115391
MA0106202211A2012662,마로메라성서지점,,G2,소매,G221,기타 상품 소매,G22199,그 외 기타 상품 전문 소매업,G47859,그 외 기타 분류 안된 상품 전문 소매업,27,대구광역시,27290,달서구,27290585,신당동,2729010500,호림동,2729010500100040005,1,대지,4,5,대구광역시 달서구 호림동 4-5,272904241085,대구광역시 달서구 달서대로85길,67,,2729010500100040005018051,,대구광역시 달서구 달서대로85길 67,704919,42715,,,,128.484279199397,35.8368221680409
MA0106202211A0472327,어썸유닛,,G2,소매,G221,기타 상품 소매,G22199,그 외 기타 상품 전문 소매업,G47859,그 외 기타 분류 안된 상품 전문 소매업,30,대전광역시,30140,중구,30140535,은행선화동,3014010100,은행동,3014010100100530010,1,대지,53,10,대전광역시 중구 은행동 53-10,301404295570,대전광역시 중구 중앙로164번길,21,10,3014010100100530010012207,,대전광역시 중구 중앙로164번길 21-10,301839,34922,,,,127.428718390591,36.3284819512427
MA0106202211A1493533,365할인마트,,G2,소매,G221,기타 상품 소매,G22199,그 외 기타 상품 전문 소매업,G47859,그 외 기타 분류 안된 상품 전문 소매업,47,경상북도,47940,울릉군,47940250,울릉읍,4794025024,울릉읍,4794025024101780000,1,대지,178,,경상북도 울릉군 울릉읍 도동리 178,479404778014,경상북도 울릉군 울릉읍 도동3길,31,,4794025024101780000002934,,경상북도 울릉군 울릉읍 도동3길 31,799801,40224,,,,130.904611626918,37.4841268665452
MA0106202211A1739630,굿아시아마트,,G2,소매,G221,기타 상품 소매,G22199,그 외 기타 상품 전문 소매업,G47859,그 외 기타 분류 안된 상품 전문 소매업,41,경기도,41500,이천시,41500340,마장면,4150034021,마장면,4150034021102740014,1,대지,274,14,경기도 이천시 마장면 오천리 274-14,415004421544,경기도 이천시 마장면 오천로24번길,20,,4150034021102740014005536,,경기도 이천시 마장면 오천로24번길 20,467814,17387,,,,127.350425578983,37.2538969947584
MA0106202211A2278342,간식창고일산,가좌점,G2,소매,G221,기타 상품 소매,G22199,그 외 기타 상품 전문 소매업,G47859,그 외 기타 분류 안된 상품 전문 소매업,41,경기도,41287,고양시 일산서구,41287610,가좌동,4128710600,가좌동,4128710600103970006,1,대지,397,6,경기도 고양시 일산서구 가좌동 397-6,412873194001,경기도 고양시 일산서구 가좌1로,73,,4128710600103970006004396,,경기도 고양시 일산서구 가좌1로 73,411440,10209,,,,126.718556260111,37.6858530287229
MA0106202211A0842871,셰프의반찬's,,G2,소매,G221,기타 상품 소매,G22199,그 외 기타 상품 전문 소매업,G47859,그 외 기타 분류 안된 상품 전문 소매업,41,경기도,41131,성남시 수정구,41131625,위례동,4113110800,창곡동,4113110800105090000,1,대지,509,,경기도 성남시 수정구 창곡동 509,411313000238,경기도 성남시 수정구 위례광장로,300,,4113110800104980021000001,,경기도 성남시 수정구 위례광장로 300,461210,13640,,,,127.142702531257,37.4734771382073
MA0106202211A0557076,세이프티유,,G2,소매,G221,기타 상품 소매,G22199,그 외 기타 상품 전문 소매업,G47859,그 외 기타 분류 안된 상품 전문 소매업,41,경기도,41360,남양주시,41360253,진접읍,4136025328,진접읍,4136025328110420000,1,대지,1042,,경기도 남양주시 진접읍 금곡리 1042,413603197065,경기도 남양주시 진접읍 해밀예당1로,220,,4136025328110420001000001,,경기도 남양주시 진접읍 해밀예당1로 220,472861,12059,,,,127.202619393871,37.720089621889
MA0106202211A2374821,띵동제주,,G2,소매,G221,기타 상품 소매,G22199,그 외 기타 상품 전문 소매업,G47859,그 외 기타 분류 안된 상품 전문 소매업,50,제주특별자치도,50110,제주시,50110520,일도2동,5011010200,일도이동,5011010200103580001,1,대지,358,1,제주특별자치도 제주시 일도이동 358-1,501104848106,제주특별자치도 제주시 신산로15길,52,,5011010200103580001034897,,제주특별자치도 제주시 신산로15길 52,690833,63273,,,,126.539856868676,33.5078326011287
MA0106202210A2014568,아이스크림,데일리,G2,소매,G221,기타 상품 소매,G22199,그 외 기타 상품 전문 소매업,G47859,그 외 기타 분류 안된 상품 전문 소매업,26,부산광역시,26530,사상구,26530660,주례2동,2653010600,주례동,2653010600100030016,1,대지,3,16,부산광역시 사상구 주례동 3-16,265304217157,부산광역시 사상구 백양대로342번길,22,,2653010600100030016028432,엘지신주례1차,부산광역시 사상구 백양대로342번길 22,617762,46997,,,,129.01443906233,35.1544923328933
MA0106202210A1141532,백민식품,,G2,소매,G221,기타 상품 소매,G22199,그 외 기타 상품 전문 소매업,G47859,그 외 기타 분류 안된 상품 전문 소매업,30,대전광역시,30110,동구,30110515,중앙동,3011011200,신안동,3011011200102180004,1,대지,218,4,대전광역시 동구 신안동 218-4,301103010001,대전광역시 동구 계족로,213,,3011011200102180004021633,,대전광역시 동구 계족로 213,300060,34604,,,,127.439987114845,36.3320637279458
MA0106202210A1696538,하이루상점,,G2,소매,G221,기타 상품 소매,G22199,그 외 기타 상품 전문 소매업,G47859,그 외 기타 분류 안된 상품 전문 소매업,27,대구광역시,27230,북구,27230526,칠성동,2723010200,칠성동2가,2723010200101320002,1,대지,132,2,대구광역시 북구 칠성동2가 132-2,272303145054,대구광역시 북구 호암로,28,19,2723010200101370004000001,,대구광역시 북구 호암로 28-19,702851,41586,,,,128.593185138804,35.8808902346822
MA0106202210A2419149,파이모아,코리아,G2,소매,G221,기타 상품 소매,G22199,그 외 기타 상품 전문 소매업,G47859,그 외 기타 분류 안된 상품 전문 소매업,11,서울특별시,11650,서초구,11650560,반포1동,1165010700,반포동,1165010700107230016,1,대지,723,16,서울특별시 서초구 반포동 723-16,116502102001,서울특별시 서초구 강남대로,511,,1165010700107230023018543,,서울특별시 서초구 강남대로 511,137809,06536,,,,127.022111328883,37.5078265559436
MA0106202301A1553296,약속구이,,G2,소매,G221,기타 상품 소매,G22199,그 외 기타 상품 전문 소매업,G47859,그 외 기타 분류 안된 상품 전문 소매업,47,경상북도,47290,경산시,47290520,중앙동,4729010200,삼북동,4729010200102670010,1,대지,267,10,경상북도 경산시 삼북동 267-10,472904739668,경상북도 경산시 중앙로18길,38,,4729010200102670010001160,,경상북도 경산시 중앙로18길 38,712020,38631,,,,128.737028897849,35.8203586499506
MA0106202212A0618258,두리매트,,G2,소매,G221,기타 상품 소매,G22199,그 외 기타 상품 전문 소매업,G47859,그 외 기타 분류 안된 상품 전문 소매업,41,경기도,41150,의정부시,41150520,의정부2동,4115010100,의정부동,4115010100105310005,1,대지,531,5,경기도 의정부시 의정부동 531-5,411504343311,경기도 의정부시 의정로22번길,29,,4115010100105310005012916,,경기도 의정부시 의정로22번길 29,480849,11624,,,,127.036597704023,37.7349799249559
MA0106202212A2298122,라새라색채연구소,,G2,소매,G221,기타 상품 소매,G22199,그 외 기타 상품 전문 소매업,G47859,그 외 기타 분류 안된 상품 전문 소매업,11,서울특별시,11710,송파구,11710562,방이2동,1171011100,방이동,1171011100100510002,1,대지,51,2,서울특별시 송파구 방이동 51-2,117103123006,서울특별시 송파구 백제고분로,501,,1171011100100510006015890,,서울특별시 송파구 백제고분로 501,138828,05545,,,,127.114809051985,37.5150889836689
MA0106202301A0208514,삼거리슈퍼,,G2,소매,G221,기타 상품 소매,G22199,그 외 기타 상품 전문 소매업,G47859,그 외 기타 분류 안된 상품 전문 소매업,41,경기도,41550,안성시,41550390,일죽면,4155039031,일죽면,4155039031104480002,1,대지,448,2,경기도 안성시 일죽면 능국리 448-2,415503208044,경기도 안성시 일죽면 죽화로,541,,4155039031104480002001949,,경기도 안성시 일죽면 죽화로 541,456914,17527,,,,127.485209903272,37.1050460830399
MA0106202301A0640830,유일랩테크,,G2,소매,G221,기타 상품 소매,G22199,그 외 기타 상품 전문 소매업,G47859,그 외 기타 분류 안된 상품 전문 소매업,41,경기도,41360,남양주시,41360310,별내면,4136031021,별내면,4136031021104670017,1,대지,467,17,경기도 남양주시 별내면 청학리 467-17,413603197057,경기도 남양주시 별내면 청학로,110,1,4136031021104670017000001,,경기도 남양주시 별내면 청학로 110-1,472811,12084,,,,127.115004818794,37.7085760836869
MA0106202212A0897161,다보아상회,,G2,소매,G221,기타 상품 소매,G22199,그 외 기타 상품 전문 소매업,G47859,그 외 기타 분류 안된 상품 전문 소매업,41,경기도,41360,남양주시,41360253,진접읍,4136025327,진접읍,4136025327101390000,1,대지,139,,경기도 남양주시 진접읍 진벌리 139,413603197053,경기도 남양주시 진접읍 진벌로,233,,4136025327101390000025982,,경기도 남양주시 진접읍 진벌로 233,472861,12021,,,,127.228192370018,37.7372874505339
MA0106202212A1122440,브로우.아,,G2,소매,G221,기타 상품 소매,G22199,그 외 기타 상품 전문 소매업,G47859,그 외 기타 분류 안된 상품 전문 소매업,48,경상남도,48240,사천시,48240550,벌용동,4824010900,용강동,4824010900104990000,1,대지,499,,경상남도 사천시 용강동 499,482404802315,경상남도 사천시 상강청길,25,,4824010900104990000000001,,경상남도 사천시 상강청길 25,664150,52548,,,,128.084937471667,34.9476886739103
MA0106202301A0667811,세바바이오텍,,G2,소매,G221,기타 상품 소매,G22199,그 외 기타 상품 전문 소매업,G47859,그 외 기타 분류 안된 상품 전문 소매업,51,강원특별자치도,51110,춘천시,51110580,소양동,5111010700,옥천동,5111010700100010000,1,대지,1,,강원특별자치도 춘천시 옥천동 1,511104454297,강원특별자치도 춘천시 봉의산길22번길,29,,4211010700100010000002034,한림대학교,강원특별자치도 춘천시 봉의산길22번길 29,200702,24265,,,,127.734597618628,37.8856673073729
MA0106202301A0229671,만전식품,,G2,소매,G221,기타 상품 소매,G22199,그 외 기타 상품 전문 소매업,G47859,그 외 기타 분류 안된 상품 전문 소매업,41,경기도,41450,하남시,41450510,천현동,4145010300,창우동,4145010300104230001,1,대지,423,1,경기도 하남시 창우동 423-1,414504406037,경기도 하남시 검단산로146번길,11,,4145010300104230001002318,,경기도 하남시 검단산로146번길 11,465816,13024,,,,127.226864322011,37.5283698474932
MA0106202301A0102214,성심상회,,G2,소매,G221,기타 상품 소매,G22199,그 외 기타 상품 전문 소매업,G47859,그 외 기타 분류 안된 상품 전문 소매업,11,서울특별시,11530,구로구,11530550,구로4동,1153010200,구로동,1153010200107330001,1,대지,733,1,서울특별시 구로구 구로동 733-1,115304148214,서울특별시 구로구 구로동로26길,30,,1153010200107330001020924,,서울특별시 구로구 구로동로26길 30,152872,08311,,,,126.885681551706,37.4900685433731
MA0106202301A1152257,바늘소녀공작소,,G2,소매,G221,기타 상품 소매,G22199,그 외 기타 상품 전문 소매업,G47859,그 외 기타 분류 안된 상품 전문 소매업,52,전북특별자치도,52111,전주시 완산구,52111510,중앙동,5211110400,중앙동4가,5211110400100840019,1,대지,84,19,전북특별자치도 전주시 완산구 중앙동4가 84-19,521114598394,전북특별자치도 전주시 완산구 풍남문4길,15,16,4511110400100840019017794,,전북특별자치도 전주시 완산구 풍남문4길 15-16,560014,55043,,,,127.14469743927,35.8141598831851
MA0106202301A1504232,롯데생수우성상사,,G2,소매,G221,기타 상품 소매,G22199,그 외 기타 상품 전문 소매업,G47859,그 외 기타 분류 안된 상품 전문 소매업,47,경상북도,47170,안동시,47170600,태화동,4717012200,태화동,4717012200101870001,1,대지,187,1,경상북도 안동시 태화동 187-1,471704721601,경상북도 안동시 서경지7길,27,29,4717012200101870001025643,,경상북도 안동시 서경지7길 27-29,760904,36676,,,,128.71436734187,36.5605984176749
MA0106202301A0907471,미래상사,,G2,소매,G221,기타 상품 소매,G22199,그 외 기타 상품 전문 소매업,G47859,그 외 기타 분류 안된 상품 전문 소매업,44,충청남도,44150,공주시,44150540,웅진동,4415010800,금성동,4415010800101770002,1,대지,177,2,충청남도 공주시 금성동 177-2,441504553448,충청남도 공주시 백미고을길,10,7,4415010800101770002000001,,충청남도 공주시 백미고을길 10-7,314020,32537,,,,127.122235463677,36.4659864109096
MA0106202301A0000464,성균관대학교구내학생휴게실,,G2,소매,G221,기타 상품 소매,G22199,그 외 기타 상품 전문 소매업,G47859,그 외 기타 분류 안된 상품 전문 소매업,11,서울특별시,11110,종로구,11110650,혜화동,1111017300,명륜3가,1111017300100530000,1,대지,53,,서울특별시 종로구 명륜3가 53,111103100008,서울특별시 종로구 성균관로,25,1,1111017300100530000007094,,서울특별시 종로구 성균관로 25-1,110745,03063,,,,126.995120245942,37.5858370147579
MA0106202301A0627171,나노윈,,G2,소매,G221,기타 상품 소매,G22199,그 외 기타 상품 전문 소매업,G47859,그 외 기타 분류 안된 상품 전문 소매업,11,서울특별시,11680,강남구,11680750,수서동,1168011500,수서동,1168011500107130000,1,대지,713,,서울특별시 강남구 수서동 713,116804166315,서울특별시 강남구 밤고개로1길,10,,1168011500107130000000001,수서현대벤쳐빌,서울특별시 강남구 밤고개로1길 10,135539,06349,,,,127.101843534794,37.4880166487645
MA0106202301A0965536,서연양행,,G2,소매,G221,기타 상품 소매,G22199,그 외 기타 상품 전문 소매업,G47859,그 외 기타 분류 안된 상품 전문 소매업,30,대전광역시,30200,유성구,30200530,온천1동,3020011100,봉명동,3020011100105580017,1,대지,558,17,대전광역시 유성구 봉명동 558-17,302004301026,대전광역시 유성구 계룡로88번길,73,,3020011100105580017015138,,대전광역시 유성구 계룡로88번길 73,305301,34179,,,,127.339215849698,36.3507401885619
MA0106202301A0863785,대구휴게소,,G2,소매,G221,기타 상품 소매,G22199,그 외 기타 상품 전문 소매업,G47859,그 외 기타 분류 안된 상품 전문 소매업,43,충청북도,43720,보은군,43720315,속리산면,4372031526,속리산면,4372031526101470001,1,대지,147,1,충청북도 보은군 속리산면 백현리 147-1,437203000172,충청북도 보은군 속리산면 속리산로,1422,35,4372031526101470001000001,,충청북도 보은군 속리산면 속리산로 1422-35,376862,28907,,,,127.78448047205,36.5554132977749
MA0106202301A0856558,아우네종합식품,,G2,소매,G221,기타 상품 소매,G22199,그 외 기타 상품 전문 소매업,G47859,그 외 기타 분류 안된 상품 전문 소매업,43,충청북도,43112,청주시 서원구,43112550,산남동,4311210400,산남동,4311210400109080000,1,대지,908,,충청북도 청주시 서원구 산남동 908,431124512231,충청북도 청주시 서원구 두꺼비로14번길,5,,4311310600109080000023639,,충청북도 청주시 서원구 두꺼비로14번길 5,362160,28630,,,,127.46887480458,36.6093560643694
MA0106202301A0393070,꼬끼오선유지점,,G2,소매,G221,기타 상품 소매,G22199,그 외 기타 상품 전문 소매업,G47859,그 외 기타 분류 안된 상품 전문 소매업,41,경기도,41480,파주시,41480250,문산읍,4148025023,문산읍,4148025023107750001,1,대지,775,1,경기도 파주시 문산읍 선유리 775-1,414803206042,경기도 파주시 문산읍 사임당로,65,22,4148025023107750001000002,,경기도 파주시 문산읍 사임당로 65-22,413902,10812,,,,126.799705369369,37.8632381321873
MA0106202301A0274968,세방산업,,G2,소매,G221,기타 상품 소매,G22199,그 외 기타 상품 전문 소매업,G47859,그 외 기타 분류 안된 상품 전문 소매업,41,경기도,41135,성남시 분당구,41135640,야탑3동,4113510700,야탑동,4113510700103180002,1,대지,318,2,경기도 성남시 분당구 야탑동 318-2,411354340081,경기도 성남시 분당구 매화로38번길,16,1,4113510700103180002019286,,경기도 성남시 분당구 매화로38번길 16-1,463856,13504,,,,127.135738334341,37.4107296969261
MA0106202301A0260011,기쁨포장,,G2,소매,G221,기타 상품 소매,G22199,그 외 기타 상품 전문 소매업,G47859,그 외 기타 분류 안된 상품 전문 소매업,41,경기도,41285,고양시 일산동구,41285600,고봉동,4128511100,설문동,4128511100107060002,1,대지,706,2,경기도 고양시 일산동구 설문동 706-2,412853012034,경기도 고양시 일산동구 고봉로,774,,4128511100107060002000001,부지,경기도 고양시 일산동구 고봉로 774,410819,10252,,,,126.793874780901,37.7245613685145
MA0106202301A0595691,유진로봇,,G2,소매,G221,기타 상품 소매,G22199,그 외 기타 상품 전문 소매업,G47859,그 외 기타 분류 안된 상품 전문 소매업,11,서울특별시,11545,금천구,11545510,가산동,1154510100,가산동,1154510100103450030,1,대지,345,30,서울특별시 금천구 가산동 345-30,115453000026,서울특별시 금천구 디지털로,130,,1154510100103450030015806,남성프라자,서울특별시 금천구 디지털로 130,153782,08589,,,,126.88187133963,37.4754504410988
MA0106202301A0262219,트루라이프,,G2,소매,G221,기타 상품 소매,G22199,그 외 기타 상품 전문 소매업,G47859,그 외 기타 분류 안된 상품 전문 소매업,41,경기도,41285,고양시 일산동구,41285540,풍산동,4128510700,풍동,4128510700101740013,1,대지,174,13,경기도 고양시 일산동구 풍동 174-13,412854379154,경기도 고양시 일산동구 은행마을로6번길,75,,4128510700101690007008931,,경기도 고양시 일산동구 은행마을로6번길 75,410842,10304,,,,126.807104795217,37.6660924656008
MA0106202301A0180826,NAMU코포레이션,,G2,소매,G221,기타 상품 소매,G22199,그 외 기타 상품 전문 소매업,G47859,그 외 기타 분류 안된 상품 전문 소매업,28,인천광역시,28140,동구,28140610,송림4동,2814010700,송림동,2814010700102940000,1,대지,294,,인천광역시 동구 송림동 294,281404250070,인천광역시 동구 방축로83번길,23,,2814010700102940000004016,인천산업용품유통센터,인천광역시 동구 방축로83번길 23,401705,22530,,,,126.654796465778,37.4848261851048
MA0106202301A0369998,코스타,,G2,소매,G221,기타 상품 소매,G22199,그 외 기타 상품 전문 소매업,G47859,그 외 기타 분류 안된 상품 전문 소매업,41,경기도,41173,안양시 동안구,41173580,호계1동,4117310400,호계동,4117310400105550009,1,대지,555,9,경기도 안양시 동안구 호계동 555-9,411733182030,경기도 안양시 동안구 엘에스로,76,,4117310400105550009005725,국제유통단지,경기도 안양시 동안구 엘에스로 76,431763,14117,,,,126.953126304246,37.3700450634828
MA0106202301A0111742,타다,,G2,소매,G221,기타 상품 소매,G22199,그 외 기타 상품 전문 소매업,G47859,그 외 기타 분류 안된 상품 전문 소매업,11,서울특별시,11650,서초구,11650581,반포4동,1165010700,반포동,1165010700100190002,1,대지,19,2,서울특별시 서초구 반포동 19-2,116502121003,서울특별시 서초구 반포대로,284,,1165010700100190002016571,지하상가,서울특별시 서초구 반포대로 284,137713,06546,,,,127.001820855996,37.5046570731841
MA0106202301A0968211,대전,,G2,소매,G221,기타 상품 소매,G22199,그 외 기타 상품 전문 소매업,G47859,그 외 기타 분류 안된 상품 전문 소매업,30,대전광역시,30230,대덕구,30230570,덕암동,3023011500,덕암동,3023011500100210002,1,대지,21,2,대전광역시 대덕구 덕암동 21-2,302304304177,대전광역시 대덕구 덕암북로70번길,41,,3023011500100210002001788,,대전광역시 대덕구 덕암북로70번길 41,306804,34330,,,,127.42231466301,36.4439263705018
MA0106202301A0855902,신우푸드,,G2,소매,G221,기타 상품 소매,G22199,그 외 기타 상품 전문 소매업,G47859,그 외 기타 분류 안된 상품 전문 소매업,43,충청북도,43113,청주시 흥덕구,43113741,복대1동,4311311400,복대동,4311311400108290001,1,대지,829,1,충청북도 청주시 흥덕구 복대동 829-1,431134511523,충청북도 청주시 흥덕구 사직대로29번길,42,,4311311400108290001010756,,충청북도 청주시 흥덕구 사직대로29번길 42,361811,28591,,,,127.450802170912,36.6364597481633
MA0106202301A0952185,금진식품,,G2,소매,G221,기타 상품 소매,G22199,그 외 기타 상품 전문 소매업,G47859,그 외 기타 분류 안된 상품 전문 소매업,44,충청남도,44131,천안시 동남구,44131340,성남면,4413134025,성남면,4413134025103300002,1,대지,330,2,충청남도 천안시 동남구 성남면 석곡리 330-2,441314547361,충청남도 천안시 동남구 성남면 석곡3길,20,20,4413134025103300001062428,,충청남도 천안시 동남구 성남면 석곡3길 20-20,330891,31247,,,,127.220751263472,36.7366917923543
MA0106202301A0502101,베스트음료상사,,G2,소매,G221,기타 상품 소매,G22199,그 외 기타 상품 전문 소매업,G47859,그 외 기타 분류 안된 상품 전문 소매업,43,충청북도,43113,청주시 흥덕구,43113756,봉명2.송정동,4311311500,봉명동,4311311500126440000,1,대지,2644,,충청북도 청주시 흥덕구 봉명동 2644,431134511252,충청북도 청주시 흥덕구 덕암로113번길,23,,4311311500126440000014391,,충청북도 청주시 흥덕구 덕암로113번길 23,361856,28466,,2,,127.464212403956,36.6501324290227
MA0106202301A0990070,효성병원장례식장매점,,G2,소매,G221,기타 상품 소매,G22199,그 외 기타 상품 전문 소매업,G47859,그 외 기타 분류 안된 상품 전문 소매업,43,충청북도,43114,청주시 청원구,43114540,율량.사천동,4311410300,율량동,4311410300103300003,1,대지,330,3,충청북도 청주시 청원구 율량동 330-3,431144508036,충청북도 청주시 청원구 2순환로94번길,21,,,,충청북도 청주시 청원구 2순환로94번길 21,363817,28310,,,,127.505801946234,36.6687425141998
MA0106202301A1562726,정오의빛쿠스팀,,G2,소매,G221,기타 상품 소매,G22199,그 외 기타 상품 전문 소매업,G47859,그 외 기타 분류 안된 상품 전문 소매업,47,경상북도,47150,김천시,47150250,아포읍,4715025028,아포읍,4715025028111190000,1,대지,1119,,경상북도 김천시 아포읍 국사리 1119,471504718928,경상북도 김천시 아포읍 한지2길,64,9,,,경상북도 김천시 아포읍 한지2길 64-9,740768,39675,,,,128.264178511479,36.1580186339796
MA0106202301A0270553,태산포장,,G2,소매,G221,기타 상품 소매,G22199,그 외 기타 상품 전문 소매업,G47859,그 외 기타 분류 안된 상품 전문 소매업,41,경기도,41135,성남시 분당구,41135545,정자동,4113510300,정자동,4113510300100330009,1,대지,33,9,경기도 성남시 분당구 정자동 33-9,411354340033,경기도 성남시 분당구 내정로129번길,31,2,4113510300100330009056099,,경기도 성남시 분당구 내정로129번길 31-2,463848,13609,,,,127.11339608887,37.3734419094149
MA0106202301A0306931,광탄만물슈퍼,,G2,소매,G221,기타 상품 소매,G22199,그 외 기타 상품 전문 소매업,G47859,그 외 기타 분류 안된 상품 전문 소매업,41,경기도,41830,양평군,41830400,용문면,4183040027,용문면,4183040027101610007,1,대지,161,7,경기도 양평군 용문면 광탄리 161-7,418303217042,경기도 양평군 용문면 용문로,827,,4183040027101610007003648,,경기도 양평군 용문면 용문로 827,476841,12513,,,,127.632556331082,37.5085405770508
MA0106202301A0329367,동양전자부품,,G2,소매,G221,기타 상품 소매,G22199,그 외 기타 상품 전문 소매업,G47859,그 외 기타 분류 안된 상품 전문 소매업,41,경기도,41273,안산시 단원구,41273545,원곡동,4127310800,원곡동,4127310800109940005,1,대지,994,5,경기도 안산시 단원구 원곡동 994-5,412733191083,경기도 안산시 단원구 풍전로,7,,4127310800109940005046580,원곡유통상가,경기도 안산시 단원구 풍전로 7,425780,15431,,,,126.787700657123,37.3225868805499
MA0106202301A0733598,화요꽃집,,G2,소매,G221,기타 상품 소매,G22199,그 외 기타 상품 전문 소매업,G47859,그 외 기타 분류 안된 상품 전문 소매업,41,경기도,41463,용인시 기흥구,41463575,동백2동,4146311600,중동,4146311600108420000,1,대지,842,,경기도 용인시 기흥구 중동 842,414633204027,경기도 용인시 기흥구 동백중앙로,225,6,4146311600108420000017681,쥬네브스타월드빌딩,경기도 용인시 기흥구 동백중앙로 225-6,446767,17006,,2,,127.150172605234,37.2740080657477
MA0106202301A0688815,문스반찬,,G2,소매,G221,기타 상품 소매,G22199,그 외 기타 상품 전문 소매업,G47859,그 외 기타 분류 안된 상품 전문 소매업,51,강원특별자치도,51130,원주시,51130660,무실동,5113011500,무실동,5113011500116410005,1,대지,1641,5,강원특별자치도 원주시 무실동 1641-5,511303219035,강원특별자치도 원주시 시청로,76,,4213011500116410005000001,,강원특별자치도 원주시 시청로 76,220150,26388,,1,,127.926848206901,37.336761883059
MA0106202301A0169534,나라식품,,G2,소매,G221,기타 상품 소매,G22199,그 외 기타 상품 전문 소매업,G47859,그 외 기타 분류 안된 상품 전문 소매업,28,인천광역시,28237,부평구,28237510,부평1동,2823710100,부평동,2823710100107990000,1,대지,799,,인천광역시 부평구 부평동 799,282374262138,인천광역시 부평구 길주로494번길,59,,2823710100107990000007939,,인천광역시 부평구 길주로494번길 59,403825,21364,,2,,126.716929639539,37.5049396162824
MA0106202301A0650958,좋은식품,,G2,소매,G221,기타 상품 소매,G22199,그 외 기타 상품 전문 소매업,G47859,그 외 기타 분류 안된 상품 전문 소매업,11,서울특별시,11200,성동구,11200790,용답동,1120012200,용답동,1120012200102300009,1,대지,230,9,서울특별시 성동구 용답동 230-9,112004109511,서울특별시 성동구 자동차시장3길,35,,1120012200102300009001584,,서울특별시 성동구 자동차시장3길 35,133850,04808,,,,127.061344316367,37.5607645106736
MA0106202301A0284098,부천디씨프라자,,G2,소매,G221,기타 상품 소매,G22199,그 외 기타 상품 전문 소매업,G47859,그 외 기타 분류 안된 상품 전문 소매업,41,경기도,41196,부천시 오정구,41196570,신흥동,4119610800,내동,4119610800102220011,1,대지,222,11,경기도 부천시 오정구 내동 222-11,411964358451,경기도 부천시 오정구 오정로95번길,66,,4119910800102220011005840,,경기도 부천시 오정구 오정로95번길 66,421806,14446,,,,126.774790595068,37.5273098348139
MA0106202301A0010654,울림무역,,G2,소매,G221,기타 상품 소매,G22199,그 외 기타 상품 전문 소매업,G47859,그 외 기타 분류 안된 상품 전문 소매업,11,서울특별시,11110,종로구,11110540,삼청동,1111014100,안국동,1111014100101040002,1,대지,104,2,서울특별시 종로구 안국동 104-2,111104100108,서울특별시 종로구 북촌로1길,21,,1111014100101050000026817,공정무역가게울림,서울특별시 종로구 북촌로1길 21,110230,03060,,1,,126.984558656006,37.5772406262722
MA0106202301A0489153,다이소수원,연무점,G2,소매,G221,기타 상품 소매,G22199,그 외 기타 상품 전문 소매업,G47859,그 외 기타 분류 안된 상품 전문 소매업,41,경기도,41111,수원시 장안구,41111600,연무동,4111113700,연무동,4111113700102460025,1,대지,246,25,경기도 수원시 장안구 연무동 246-25,411112012001,경기도 수원시 장안구 창룡대로,185,,,,경기도 수원시 장안구 창룡대로 185,440813,16219,,1,,127.030077960833,37.2924806933044
MA0106202301A0307644,명성케미칼,,G2,소매,G221,기타 상품 소매,G22199,그 외 기타 상품 전문 소매업,G47859,그 외 기타 분류 안된 상품 전문 소매업,41,경기도,41360,남양주시,41360253,진접읍,4136025321,진접읍,4136025321100450007,1,대지,45,7,경기도 남양주시 진접읍 장현리 45-7,413603000121,경기도 남양주시 진접읍 금강로,1554,11,4136025321100460000000001,,경기도 남양주시 진접읍 금강로 1554-11,472865,12004,,,,127.194205539019,37.7296000098975
MA0106202301A0677993,옥봉편의점,,G2,소매,G221,기타 상품 소매,G22199,그 외 기타 상품 전문 소매업,G47859,그 외 기타 분류 안된 상품 전문 소매업,51,강원특별자치도,51720,홍천군,51720390,내면,5172039022,내면,5172039022114360003,1,대지,1436,3,강원특별자치도 홍천군 내면 광원리 1436-3,517203013017,강원특별자치도 홍천군 내면 구룡령로,6031,,4272039022114360003006677,,강원특별자치도 홍천군 내면 구룡령로 6031,250841,25170,,,,128.417037025307,37.8280978845674
MA0106202301A0389638,슈가비,,G2,소매,G221,기타 상품 소매,G22199,그 외 기타 상품 전문 소매업,G47859,그 외 기타 분류 안된 상품 전문 소매업,41,경기도,41480,파주시,41480510,금촌1동,4148010100,금촌동,4148010100100660004,1,대지,66,4,경기도 파주시 금촌동 66-4,414803206112,경기도 파주시 문화로,89,1,4148010100100660004029710,,경기도 파주시 문화로 89-1,413011,10929,,1,,126.774874565417,37.7622501095368
MA0106202301A0661912,롯데미래상사,,G2,소매,G221,기타 상품 소매,G22199,그 외 기타 상품 전문 소매업,G47859,그 외 기타 분류 안된 상품 전문 소매업,51,강원특별자치도,51110,춘천시,51110530,조운동,5111011000,운교동,5111011000101760026,1,대지,176,26,강원특별자치도 춘천시 운교동 176-26,511104454660,강원특별자치도 춘천시 춘천로146번길,12,3,4211011000101760026022544,,강원특별자치도 춘천시 춘천로146번길 12-3,200080,24335,,,,127.731251731206,37.874931039473
MA0106202301A0691269,만종바이오,,G2,소매,G221,기타 상품 소매,G22199,그 외 기타 상품 전문 소매업,G47859,그 외 기타 분류 안된 상품 전문 소매업,51,강원특별자치도,51130,원주시,51130600,우산동,5113011100,우산동,5113011100106600000,1,대지,660,,강원특별자치도 원주시 우산동 660,511304457330,강원특별자치도 원주시 상지대길,83,,4213011100106600000018564,상지대학교,강원특별자치도 원주시 상지대길 83,220702,26339,,,,127.929910329492,37.3691196846782
MA0106202212A1973352,생명의빛홈타운매점,,G2,소매,G221,기타 상품 소매,G22199,그 외 기타 상품 전문 소매업,G47859,그 외 기타 분류 안된 상품 전문 소매업,41,경기도,41820,가평군,41820310,설악면,4182031030,설악면,4182031030101050019,1,대지,105,19,경기도 가평군 설악면 설곡리 105-19,418204448101,경기도 가평군 설악면 봉미산안길,335,,4182031030101050019000001,,경기도 가평군 설악면 봉미산안길 335,477852,12471,,,,127.547921828387,37.6242896070905
MA0106202212A2326680,제일수산,,G2,소매,G221,기타 상품 소매,G22199,그 외 기타 상품 전문 소매업,G47859,그 외 기타 분류 안된 상품 전문 소매업,52,전북특별자치도,52130,군산시,52130703,나운3동,5213014500,미룡동,5213014500100590027,1,대지,59,27,전북특별자치도 군산시 미룡동 59-27,521303268112,전북특별자치도 군산시 황룡로,53,,4513014500100590027033172,,전북특별자치도 군산시 황룡로 53,573353,54152,,,,126.690836130971,35.9442599740168
MA0106202212A1949025,하늘샵,,G2,소매,G221,기타 상품 소매,G22199,그 외 기타 상품 전문 소매업,G47859,그 외 기타 분류 안된 상품 전문 소매업,41,경기도,41650,포천시,41650380,이동면,4165038024,이동면,4165038024110220003,1,대지,1022,3,경기도 포천시 이동면 노곡리 1022-3,416503213017,경기도 포천시 이동면 새낭로,418,,4165038024110220003056791,,경기도 포천시 이동면 새낭로 418,487861,11112,,,,127.331179786219,38.0136061466399
MA0106202211A1682513,루즈비오,,G2,소매,G221,기타 상품 소매,G22199,그 외 기타 상품 전문 소매업,G47859,그 외 기타 분류 안된 상품 전문 소매업,47,경상북도,47130,경주시,47130530,황오동,4713010400,성동동,4713010400101880003,1,대지,188,3,경상북도 경주시 성동동 188-3,471303305047,경상북도 경주시 원화로,345,,4713010400101880043004992,,경상북도 경주시 원화로 345,780947,38138,,,,129.217234535956,35.851499617521
MA0106202211A1354736,동해유통,,G2,소매,G221,기타 상품 소매,G22199,그 외 기타 상품 전문 소매업,G47859,그 외 기타 분류 안된 상품 전문 소매업,47,경상북도,47111,포항시 남구,47111253,연일읍,4711125323,연일읍,4711125323100990000,1,대지,99,,경상북도 포항시 남구 연일읍 동문리 99,471113303010,경상북도 포항시 남구 연일읍 동문로,39,,4711125323100990000070300,,경상북도 포항시 남구 연일읍 동문로 39,790882,37845,,,,129.35181758052,35.9936953740313
MA0106202211A0920179,천냥DC,백화점,G2,소매,G221,기타 상품 소매,G22199,그 외 기타 상품 전문 소매업,G47859,그 외 기타 분류 안된 상품 전문 소매업,44,충청남도,44230,논산시,44230510,취암동,4423010100,화지동,4423010100100450001,1,대지,45,1,충청남도 논산시 화지동 45-1,442304565808,충청남도 논산시 중앙로492번길,19,,4423010100100420008041758,,충청남도 논산시 중앙로492번길 19,320802,32967,,,,127.085091168336,36.2073522050811
MA0106202211A1123221,브로우.아,,G2,소매,G221,기타 상품 소매,G22199,그 외 기타 상품 전문 소매업,G47859,그 외 기타 분류 안된 상품 전문 소매업,48,경상남도,48240,사천시,48240570,향촌동,4824011600,향촌동,4824011600109920001,1,대지,992,1,경상남도 사천시 향촌동 992-1,482404802471,경상남도 사천시 안숲뫼길,12,,4824011600109920001013604,,경상남도 사천시 안숲뫼길 12,664220,52562,,,,128.088486760849,34.9321449267139
MA0106202211A0150835,여우와인,,G2,소매,G221,기타 상품 소매,G22199,그 외 기타 상품 전문 소매업,G47859,그 외 기타 분류 안된 상품 전문 소매업,41,경기도,41360,남양주시,41360545,다산1동,4136011200,다산동,4136011200161010002,1,대지,6101,2,경기도 남양주시 다산동 6101-2,413603351591,경기도 남양주시 다산순환로,397,115,4136011200161010002000001,,경기도 남양주시 다산순환로 397-115,,12285,,,,127.159375137709,37.6212645444646
MA0106202211A1397698,미그린,,G2,소매,G221,기타 상품 소매,G22199,그 외 기타 상품 전문 소매업,G47859,그 외 기타 분류 안된 상품 전문 소매업,41,경기도,41650,포천시,41650250,소흘읍,4165025021,소흘읍,4165025021101350001,1,대지,135,1,경기도 포천시 소흘읍 송우리 135-1,416503213024,경기도 포천시 소흘읍 송우로,15,,4165025021101350010013643,,경기도 포천시 소흘읍 송우로 15,487823,11179,,,,127.146959049406,37.8272426413869
MA0106202210A2112982,섬섬바이오,,G2,소매,G221,기타 상품 소매,G22199,그 외 기타 상품 전문 소매업,G47859,그 외 기타 분류 안된 상품 전문 소매업,46,전라남도,46710,담양군,46710250,담양읍,4671025027,담양읍,4671025027100530000,1,대지,53,,전라남도 담양군 담양읍 향교리 53,467103286015,전라남도 담양군 담양읍 죽녹원로,152,,4671025027100190000000679,,전라남도 담양군 담양읍 죽녹원로 152,517802,57337,,,,126.992598217459,35.3265271966582
MA0106202210A1000447,우탁상회,,G2,소매,G221,기타 상품 소매,G22199,그 외 기타 상품 전문 소매업,G47859,그 외 기타 분류 안된 상품 전문 소매업,28,인천광역시,28260,서구,28260690,불로대곡동,2826012100,불로동,2826012100107870002,1,대지,787,2,인천광역시 서구 불로동 787-2,282604268149,인천광역시 서구 검단로768번길,4,,2826012100103750001031313,,인천광역시 서구 검단로768번길 4,404270,22631,,,,126.685859404965,37.6133857507602
MA0106202212A0387218,투맨베이프전자담배,광명점,G2,소매,G221,기타 상품 소매,G22199,그 외 기타 상품 전문 소매업,G47859,그 외 기타 분류 안된 상품 전문 소매업,41,경기도,41210,광명시,41210633,하안3동,4121010300,하안동,4121010300100360004,1,대지,36,4,경기도 광명시 하안동 36-4,412103000027,경기도 광명시 범안로,1050,,4121010300100360004012320,,경기도 광명시 범안로 1050,423848,14305,,,,126.879733332159,37.4621583812862
MA0106202212A1543812,리틀팬트리,,G2,소매,G221,기타 상품 소매,G22199,그 외 기타 상품 전문 소매업,G47859,그 외 기타 분류 안된 상품 전문 소매업,41,경기도,41194,부천시 소사구,41194560,옥길동,4119410600,옥길동,4119410600107930002,1,대지,793,2,경기도 부천시 소사구 옥길동 793-2,411943186021,경기도 부천시 소사구 양지로,205,,4119011500107930002000001,,경기도 부천시 소사구 양지로 205,422080,14786,,,,126.824175945901,37.4678011861612
MA0106202301A0952576,천안개방교도소,,G2,소매,G221,기타 상품 소매,G22199,그 외 기타 상품 전문 소매업,G47859,그 외 기타 분류 안된 상품 전문 소매업,44,충청남도,44133,천안시 서북구,44133580,부성1동,4413311000,신당동,4413311000101120000,1,대지,112,,충청남도 천안시 서북구 신당동 112,441334862912,충청남도 천안시 서북구 상고1길,63,,4413311000101120000039580,,충청남도 천안시 서북구 상고1길 63,331703,31081,,,,127.160390243594,36.8586097959859
MA0106202301A0096090,천하명당,,G2,소매,G221,기타 상품 소매,G22199,그 외 기타 상품 전문 소매업,G47859,그 외 기타 분류 안된 상품 전문 소매업,11,서울특별시,11620,관악구,11620775,난곡동,1162010200,신림동,1162010200106130003,1,대지,613,3,서울특별시 관악구 신림동 613-3,116204160166,서울특별시 관악구 난우길,10,,1162010200106130003000002,,서울특별시 관악구 난우길 10,151880,08852,,,,126.91888629623,37.474022012897
MA0106202301A0682700,동화메디칼동부,,G2,소매,G221,기타 상품 소매,G22199,그 외 기타 상품 전문 소매업,G47859,그 외 기타 분류 안된 상품 전문 소매업,51,강원특별자치도,51130,원주시,51130550,단구동,5113010700,단구동,5113010700115200000,1,대지,1520,,강원특별자치도 원주시 단구동 1520,511303219011,강원특별자치도 원주시 남원로,496,1,4213010700115200000002219,두산아파트,강원특별자치도 원주시 남원로 496-1,220728,26485,,,,127.948586817078,37.3264353160931
MA0106202301A0099155,대광계기계측,,G2,소매,G221,기타 상품 소매,G22199,그 외 기타 상품 전문 소매업,G47859,그 외 기타 분류 안된 상품 전문 소매업,11,서울특별시,11620,관악구,11620725,조원동,1162010200,신림동,1162010200105200019,1,대지,520,19,서울특별시 관악구 신림동 520-19,116203120010,서울특별시 관악구 조원로,97,,1162010200105200019000002,,서울특별시 관악구 조원로 97,151874,08701,,,,126.912859484561,37.4848118098113
MA0106202301A0537958,한슬에이치에스,,G2,소매,G221,기타 상품 소매,G22199,그 외 기타 상품 전문 소매업,G47859,그 외 기타 분류 안된 상품 전문 소매업,11,서울특별시,11230,동대문구,11230545,제기동,1123010300,제기동,1123010300105910000,1,대지,591,,서울특별시 동대문구 제기동 591,112303105001,서울특별시 동대문구 경동시장로,42,1,1123010300105950000033963,,서울특별시 동대문구 경동시장로 42-1,130862,02572,,,,127.040666734745,37.5827937634395
MA0106202301A1237717,일광상회,,G2,소매,G221,기타 상품 소매,G22199,그 외 기타 상품 전문 소매업,G47859,그 외 기타 분류 안된 상품 전문 소매업,46,전라남도,46860,함평군,46860250,함평읍,4686025034,함평읍,4686025034109690000,1,대지,969,,전라남도 함평군 함평읍 대덕리 969,468604691015,전라남도 함평군 함평읍 고양촌길,57,18,4686025034109690000044079,,전라남도 함평군 함평읍 고양촌길 57-18,525804,57138,,,,126.499306404015,35.0819211903894
MA0106202301A0358426,곰표상사,,G2,소매,G221,기타 상품 소매,G22199,그 외 기타 상품 전문 소매업,G47859,그 외 기타 분류 안된 상품 전문 소매업,41,경기도,41570,김포시,41570515,김포본동,4157010100,북변동,4157010100104110007,1,대지,411,7,경기도 김포시 북변동 411-7,415704427263,경기도 김포시 북변중로25번길,28,,4157010100104110007022213,,경기도 김포시 북변중로25번길 28,415832,10106,,1,,126.71094789882,37.6247662405965
MA0106202301A0372599,정원사주드,,G2,소매,G221,기타 상품 소매,G22199,그 외 기타 상품 전문 소매업,G47859,그 외 기타 분류 안된 상품 전문 소매업,26,부산광역시,26500,수영구,26500790,광안4동,2650010400,광안동,2650010400103330017,1,대지,333,17,부산광역시 수영구 광안동 333-17,265004214378,부산광역시 수영구 호암로29번길,107,,2650010400103330017019324,,부산광역시 수영구 호암로29번길 107,613806,48264,,,,129.110307989077,35.1520037085451
MA0106202301A0856137,알파환경,,G2,소매,G221,기타 상품 소매,G22199,그 외 기타 상품 전문 소매업,G47859,그 외 기타 분류 안된 상품 전문 소매업,43,충청북도,43750,진천군,43750250,진천읍,4375025025,진천읍,4375025025105590002,1,대지,559,2,충청북도 진천군 진천읍 성석리 559-2,437504535084,충청북도 진천군 진천읍 대촌길,25,,4375025025105590002023766,화상가,충청북도 진천군 진천읍 대촌길 25,365806,27849,,,,127.448271260246,36.8610085535699
MA0106202301A0680425,허니마켓,,G2,소매,G221,기타 상품 소매,G22199,그 외 기타 상품 전문 소매업,G47859,그 외 기타 분류 안된 상품 전문 소매업,26,부산광역시,26350,해운대구,26350570,반여1동,2635010300,반여동,2635010300110170002,1,대지,1017,2,부산광역시 해운대구 반여동 1017-2,263504199055,부산광역시 해운대구 반여로155번길,35,9,2635010300110170002020115,,부산광역시 해운대구 반여로155번길 35-9,612811,48035,,,,129.124127255346,35.2057678610428
MA0106202301A0147066,타임터치,,G2,소매,G221,기타 상품 소매,G22199,그 외 기타 상품 전문 소매업,G47859,그 외 기타 분류 안된 상품 전문 소매업,11,서울특별시,11680,강남구,11680565,청담동,1168010400,청담동,1168010400100880037,1,대지,88,37,서울특별시 강남구 청담동 88-37,116804166471,서울특별시 강남구 선릉로152길,17,,1168010400100880037017840,,서울특별시 강남구 선릉로152길 17,135954,06014,,1,,127.041030944898,37.5243729354923
MA0106202301A0691226,서울식품,,G2,소매,G221,기타 상품 소매,G22199,그 외 기타 상품 전문 소매업,G47859,그 외 기타 분류 안된 상품 전문 소매업,51,강원특별자치도,51130,원주시,51130380,판부면,5113038022,판부면,5113038022109170000,1,대지,917,,강원특별자치도 원주시 판부면 서곡리 917,511304457111,강원특별자치도 원주시 판부면 내도매길,108,,4213038022109170000000001,,강원특별자치도 원주시 판부면 내도매길 108,220912,26402,,,,127.933602468093,37.3026238802951
MA0106202301A0549087,소'코유통,,G2,소매,G221,기타 상품 소매,G22199,그 외 기타 상품 전문 소매업,G47859,그 외 기타 분류 안된 상품 전문 소매업,11,서울특별시,11200,성동구,11200790,용답동,1120012200,용답동,1120012200100960008,1,대지,96,8,서울특별시 성동구 용답동 96-8,112004109489,서울특별시 성동구 용답중앙11길,13,,1120012200100960008000678,일부,서울특별시 성동구 용답중앙11길 13,133849,04804,,지,,127.051920036538,37.5661389692402
MA0106202301A1247973,"롯데칠성강진,장흥",대리점,G2,소매,G221,기타 상품 소매,G22199,그 외 기타 상품 전문 소매업,G47859,그 외 기타 분류 안된 상품 전문 소매업,46,전라남도,46800,장흥군,46800250,장흥읍,4680025038,장흥읍,4680025038108140009,1,대지,814,9,전라남도 장흥군 장흥읍 향양리 814-9,468003017028,전라남도 장흥군 장흥읍 남부관광로,80,30,4680025038108140008014997,,전라남도 장흥군 장흥읍 남부관광로 80-30,529803,59326,,,,126.918021968173,34.6760436829536
MA0106202301A0105717,성준컴퍼니,,G2,소매,G221,기타 상품 소매,G22199,그 외 기타 상품 전문 소매업,G47859,그 외 기타 분류 안된 상품 전문 소매업,11,서울특별시,11530,구로구,11530720,고척1동,1153010600,고척동,1153010600100760373,1,대지,76,373,서울특별시 구로구 고척동 76-373,115303000028,서울특별시 구로구 경인로,405,,1153010600100760074014319,,서울특별시 구로구 경인로 405,152826,08227,,,,126.864533177922,37.4982273246392
MA0106202301A1235530,정현산업,,G2,소매,G221,기타 상품 소매,G22199,그 외 기타 상품 전문 소매업,G47859,그 외 기타 분류 안된 상품 전문 소매업,41,경기도,41610,광주시,41610253,초월읍,4161025324,초월읍,4161025324100770002,1,대지,77,2,경기도 광주시 초월읍 늑현리 77-2,416103012095,경기도 광주시 초월읍 산수로,69,91,4161025324100770002000001,,경기도 광주시 초월읍 산수로 69-91,464961,12737,,,,127.316109331941,37.3714339715871
MA0106202301A1073660,노블레스,,G2,소매,G221,기타 상품 소매,G22199,그 외 기타 상품 전문 소매업,G47859,그 외 기타 분류 안된 상품 전문 소매업,48,경상남도,48250,김해시,48250540,내외동,4825010800,내동,4825010800110740002,1,대지,1074,2,경상남도 김해시 내동 1074-2,482502335002,경상남도 김해시 금관대로,1352,,4825010800110740002084538,,경상남도 김해시 금관대로 1352,621902,50944,,,,128.865931953602,35.2432505904092
MA0106202301A1247585,자이언트통상,,G2,소매,G221,기타 상품 소매,G22199,그 외 기타 상품 전문 소매업,G47859,그 외 기타 분류 안된 상품 전문 소매업,46,전라남도,46110,목포시,46110510,용당1동,4611010100,용당동,4611010100110610000,1,대지,1061,,전라남도 목포시 용당동 1061,461103281014,전라남도 목포시 동명로,116,,4611010100110610000014563,,전라남도 목포시 동명로 116,530836,58733,,,,126.396030388779,34.7976889222108
MA0106202301A0948199,구룡종합식자재,,G2,소매,G221,기타 상품 소매,G22199,그 외 기타 상품 전문 소매업,G47859,그 외 기타 분류 안된 상품 전문 소매업,44,충청남도,44133,천안시 서북구,44133530,쌍용1동,4413310700,쌍용동,4413310700108450000,1,대지,845,,충청남도 천안시 서북구 쌍용동 845,441334550224,충청남도 천안시 서북구 봉서7길,2,,4413310700108450000055333,명지빌딩,충청남도 천안시 서북구 봉서7길 2,331949,31149,,1,,127.129478640171,36.8081764793483
MA0106202301A0968341,GenomicWorks,,G2,소매,G221,기타 상품 소매,G22199,그 외 기타 상품 전문 소매업,G47859,그 외 기타 분류 안된 상품 전문 소매업,30,대전광역시,30200,유성구,30200550,신성동,3020012700,도룡동,3020012700100030001,1,대지,3,1,대전광역시 유성구 도룡동 3-1,302002010001,대전광역시 유성구 대덕대로,480,,3020012700100030001016027,대전CT센터,대전광역시 유성구 대덕대로 480,305733,34126,,2,,127.387203297202,36.376629211444
MA0106202301A0399524,소프트팩,,G2,소매,G221,기타 상품 소매,G22199,그 외 기타 상품 전문 소매업,G47859,그 외 기타 분류 안된 상품 전문 소매업,41,경기도,41461,용인시 처인구,41461253,모현읍,4146125321,모현읍,4146125321200890000,2,산,89,,경기도 용인시 처인구 모현읍 왕산리 산89,414613203091,경기도 용인시 처인구 모현읍 외대로,81,,4146131021101100000245433,한국외국어대학교,경기도 용인시 처인구 모현읍 외대로 81,449791,17035,,,,127.26859554693,37.3377449336631
MA0106202301A1389007,커피드림,,G2,소매,G221,기타 상품 소매,G22199,그 외 기타 상품 전문 소매업,G47859,그 외 기타 분류 안된 상품 전문 소매업,51,강원특별자치도,51730,횡성군,51730330,둔내면,5173033027,둔내면,5173033027104090007,1,대지,409,7,강원특별자치도 횡성군 둔내면 자포곡리 409-7,517303226016,강원특별자치도 횡성군 둔내면 둔내로,58,,4273033027104090007031799,,강원특별자치도 횡성군 둔내면 둔내로 58,225832,25264,,1,,128.216847228987,37.5121018452898
MA0106202301A0368195,옹달샘,,G2,소매,G221,기타 상품 소매,G22199,그 외 기타 상품 전문 소매업,G47859,그 외 기타 분류 안된 상품 전문 소매업,43,충청북도,43130,충주시,43130370,앙성면,4313037033,앙성면,4313037033101680000,1,대지,168,,충청북도 충주시 앙성면 돈산리 168,431304514670,충청북도 충주시 앙성면 산전장수3길,6,,4313037033101680000055269,,충청북도 충주시 앙성면 산전장수3길 6,380863,27302,,,,127.789358524092,37.1006632129854
MA0106202301A0271060,다솜이벤트,,G2,소매,G221,기타 상품 소매,G22199,그 외 기타 상품 전문 소매업,G47859,그 외 기타 분류 안된 상품 전문 소매업,41,경기도,41131,성남시 수정구,41131650,시흥동,4113111500,시흥동,4113111500102110019,1,대지,211,19,경기도 성남시 수정구 시흥동 211-19,411314334146,경기도 성남시 수정구 대왕판교로915번길,27,16,4113111500102110019063856,,경기도 성남시 수정구 대왕판교로915번길 27-16,461370,13449,,,,127.098184988429,37.4226512812943
MA0106202301A1166481,광주북구동신지역자활센터12ON베이커리,,G2,소매,G221,기타 상품 소매,G22199,그 외 기타 상품 전문 소매업,G47859,그 외 기타 분류 안된 상품 전문 소매업,29,광주광역시,29170,북구,29170601,운암1동,2917010900,운암동,2917010900109100007,1,대지,910,7,광주광역시 북구 운암동 910-7,291703162027,광주광역시 북구 서강로,61,,2917010900109100007046413,,광주광역시 북구 서강로 61,500857,61268,,1,,126.870974857462,35.1773670762092
MA0106202301A0039398,짱,,G2,소매,G221,기타 상품 소매,G22199,그 외 기타 상품 전문 소매업,G47859,그 외 기타 분류 안된 상품 전문 소매업,11,서울특별시,11170,용산구,11170685,한남동,1117013100,한남동,1117013100107320022,1,대지,732,22,서울특별시 용산구 한남동 732-22,111704106215,서울특별시 용산구 우사단로10길,36,,1117013100107320022005496,,서울특별시 용산구 우사단로10길 36,140895,04407,,,,126.997567502152,37.5330026242956
MA0106202301A0358422,이뮤노텍,,G2,소매,G221,기타 상품 소매,G22199,그 외 기타 상품 전문 소매업,G47859,그 외 기타 분류 안된 상품 전문 소매업,28,인천광역시,28237,부평구,28237570,산곡1동,2823710300,산곡동,2823710300100450077,1,대지,45,77,인천광역시 부평구 산곡동 45-77,282373154035,인천광역시 부평구 세월천로,53,,2823710300100450077006100,,인천광역시 부평구 세월천로 53,403832,21309,,2,,126.703055689321,37.5127442689728
MA0106202301A1486947,두리유통,,G2,소매,G221,기타 상품 소매,G22199,그 외 기타 상품 전문 소매업,G47859,그 외 기타 분류 안된 상품 전문 소매업,47,경상북도,47113,포항시 북구,47113250,흥해읍,4711325031,흥해읍,4711325031108920000,1,대지,892,,경상북도 포항시 북구 흥해읍 남송리 892,471134712304,경상북도 포항시 북구 흥해읍 삼흥로501번길,2,77,,,경상북도 포항시 북구 흥해읍 삼흥로501번길 2-77,791941,37552,,,,129.362827842111,36.1009578957092
MA0106202301A0508651,경우프라자,,G2,소매,G221,기타 상품 소매,G22199,그 외 기타 상품 전문 소매업,G47859,그 외 기타 분류 안된 상품 전문 소매업,11,서울특별시,11140,중구,11140590,광희동,1114014800,을지로6가,1114014800100280001,1,대지,28,1,서울특별시 중구 을지로6가 28-1,111403101006,서울특별시 중구 을지로,,,,상가,서울특별시 중구 을지로 ,100196,04561,,,,127.005885848047,37.5660421195205
MA0106202301A0216728,파티큐,,G2,소매,G221,기타 상품 소매,G22199,그 외 기타 상품 전문 소매업,G47859,그 외 기타 분류 안된 상품 전문 소매업,41,경기도,41550,안성시,41550350,대덕면,4155035028,대덕면,4155035028100100001,1,대지,10,1,경기도 안성시 대덕면 내리 10-1,415502012006,경기도 안성시 대덕면 서동대로,4726,,4155035028100100001031661,중앙대학교,경기도 안성시 대덕면 서동대로 4726,456756,17546,,,,127.228712694456,37.0004288321919
MA0106202301A1139598,칠갑산맑은물군산,대리점,G2,소매,G221,기타 상품 소매,G22199,그 외 기타 상품 전문 소매업,G47859,그 외 기타 분류 안된 상품 전문 소매업,52,전북특별자치도,52130,군산시,52130650,조촌동,5213013500,경장동,5213013500105060001,1,대지,506,1,전북특별자치도 군산시 경장동 506-1,521303268117,전북특별자치도 군산시 번영로,83,,4513013500105060001030173,,전북특별자치도 군산시 번영로 83,573884,54077,,,,126.730713439193,35.9702936630428
MA0106202301A1476144,양동민속한과,,G2,소매,G221,기타 상품 소매,G22199,그 외 기타 상품 전문 소매업,G47859,그 외 기타 분류 안된 상품 전문 소매업,47,경상북도,47130,경주시,47130370,강동면,4713037030,강동면,4713037030106890001,1,대지,689,1,경상북도 경주시 강동면 인동리 689-1,471304715804,경상북도 경주시 강동면 양동마을길,92,16,,,경상북도 경주시 강동면 양동마을길 92-16,780911,38006,,,,129.256113316505,35.9964534140783
MA0106202212A0647132,베이프엔조이,수원대점,G2,소매,G221,기타 상품 소매,G22199,그 외 기타 상품 전문 소매업,G47859,그 외 기타 분류 안된 상품 전문 소매업,41,경기도,41590,화성시,41590253,봉담읍,4159025325,봉담읍,4159025325100410004,1,대지,41,4,경기도 화성시 봉담읍 와우리 41-4,415903210083,경기도 화성시 봉담읍 와우로,105,,4159025325100410004000002,,경기도 화성시 봉담읍 와우로 105,445897,18321,,,,126.977377528122,37.2142537325397
MA0106202212A0608084,한국사회복지정책연구원(아이티어,,G2,소매,G221,기타 상품 소매,G22199,그 외 기타 상품 전문 소매업,G47859,그 외 기타 분류 안된 상품 전문 소매업,11,서울특별시,11740,강동구,11740590,암사3동,1174010700,암사동,1174010700104510014,1,대지,451,14,서울특별시 강동구 암사동 451-14,117403124001,서울특별시 강동구 고덕로,105,,1174010700104510014015182,,서울특별시 강동구 고덕로 105,134855,05237,,,,127.137187903423,37.5550064456256
MA0106202211A0879728,불국당십원빵,,G2,소매,G221,기타 상품 소매,G22199,그 외 기타 상품 전문 소매업,G47859,그 외 기타 분류 안된 상품 전문 소매업,47,경상북도,47130,경주시,47130650,불국동,4713013400,진현동,4713013400100660005,1,대지,66,5,경상북도 경주시 진현동 66-5,471304716108,경상북도 경주시 진현로1길,59,5,4713013400100660005030315,,경상북도 경주시 진현로1길 59-5,780400,38127,,,,129.327843230672,35.7859925288375
MA0106202211A2296655,올리와이즈,,G2,소매,G221,기타 상품 소매,G22199,그 외 기타 상품 전문 소매업,G47859,그 외 기타 분류 안된 상품 전문 소매업,41,경기도,41117,수원시 영통구,41117580,영통2동,4111710600,신동,4111710600104780006,1,대지,478,6,경기도 수원시 영통구 신동 478-6,411173177010,경기도 수원시 영통구 신원로,55,,4111710600104780006000001,,경기도 수원시 영통구 신원로 55,443472,16677,,,,127.04785795817,37.2487473161453
MA0106202211A1343753,명선이네반찬가게,,G2,소매,G221,기타 상품 소매,G22199,그 외 기타 상품 전문 소매업,G47859,그 외 기타 분류 안된 상품 전문 소매업,46,전라남도,46780,보성군,46780250,보성읍,4678025028,보성읍,4678025028100020001,1,대지,2,1,전라남도 보성군 보성읍 원봉리 2-1,467803290017,전라남도 보성군 보성읍 봉화로,53,,4678025028100020001108006,,전라남도 보성군 보성읍 봉화로 53,546806,59458,,,,127.07745642093,34.7651344402417
MA0106202211A2164239,우리동네담뱃잎가게,,G2,소매,G221,기타 상품 소매,G22199,그 외 기타 상품 전문 소매업,G47859,그 외 기타 분류 안된 상품 전문 소매업,41,경기도,41220,평택시,41220259,청북읍,4122025921,청북읍,4122025921102980001,1,대지,298,1,경기도 평택시 청북읍 현곡리 298-1,412204364399,경기도 평택시 청북읍 신포길,60,,4122035021102980001232908,,경기도 평택시 청북읍 신포길 60,451831,17811,,,,126.933489542179,37.0413503062046
MA0106202211A0728613,하나교육,,G2,소매,G221,기타 상품 소매,G22199,그 외 기타 상품 전문 소매업,G47859,그 외 기타 분류 안된 상품 전문 소매업,41,경기도,41171,안양시 만안구,41171520,안양2동,4117110100,안양동,4117110100106890174,1,대지,689,174,경기도 안양시 만안구 안양동 689-174,411713182016,경기도 안양시 만안구 안양로,336,,4117110100106890174011384,,경기도 안양시 만안구 안양로 336,430833,13991,,,,126.919336850757,37.4018599998084
MA0106202211A1723195,준양상회,,G2,소매,G221,기타 상품 소매,G22199,그 외 기타 상품 전문 소매업,G47859,그 외 기타 분류 안된 상품 전문 소매업,26,부산광역시,26110,중구,26110570,광복동,2611013000,신창동4가,2611013000100100003,1,대지,10,3,부산광역시 중구 신창동4가 10-3,261104175237,부산광역시 중구 중구로40번길,7,,2611013000100100003003828,,부산광역시 중구 중구로40번길 7,600064,48946,,,,129.028571118836,35.1014027133147
MA0106202211A0631787,선유에프에스,,G2,소매,G221,기타 상품 소매,G22199,그 외 기타 상품 전문 소매업,G47859,그 외 기타 분류 안된 상품 전문 소매업,41,경기도,41310,구리시,41310510,갈매동,4131010100,갈매동,4131010100105520012,1,대지,552,12,경기도 구리시 갈매동 552-12,413104857375,경기도 구리시 갈매순환로166번길,46,,4131010100105520012000001,,경기도 구리시 갈매순환로166번길 46,471859,11901,,,,127.124862650083,37.6358750527591
MA0106202210A1963171,세계과자할인점,,G2,소매,G221,기타 상품 소매,G22199,그 외 기타 상품 전문 소매업,G47859,그 외 기타 분류 안된 상품 전문 소매업,11,서울특별시,11440,마포구,11440690,망원1동,1144012300,망원동,1144012300100570154,1,대지,57,154,서울특별시 마포구 망원동 57-154,114404139485,서울특별시 마포구 월드컵로13길,47,,1144012300100570154022159,,서울특별시 마포구 월드컵로13길 47,121820,04014,,,,126.90749231969,37.5552751548037
MA0106202210A0864746,집밥한끼,,G2,소매,G221,기타 상품 소매,G22199,그 외 기타 상품 전문 소매업,G47859,그 외 기타 분류 안된 상품 전문 소매업,41,경기도,41360,남양주시,41360570,별내동,4136011100,별내동,4136011100108290005,1,대지,829,5,경기도 남양주시 별내동 829-5,413604391803,경기도 남양주시 덕송2로10번길,15,78,4136011100121460000000002,,경기도 남양주시 덕송2로10번길 15-78,472501,12097,,,,127.115836356989,37.6672024103792
MA0106202210A1663865,별그리다캠핑장,,G2,소매,G221,기타 상품 소매,G22199,그 외 기타 상품 전문 소매업,G47859,그 외 기타 분류 안된 상품 전문 소매업,51,강원특별자치도,51750,영월군,51750380,무릉도원면,5175038022,무릉도원면,5175038022107750004,1,대지,775,4,강원특별자치도 영월군 무릉도원면 법흥리 775-4,517503227009,강원특별자치도 영월군 무릉도원면 무릉법흥로,549,,4275037022107750001005214,,강원특별자치도 영월군 무릉도원면 무릉법흥로 549,230862,26201,,,,128.257776088085,37.3201556366215
MA0106202212A0430694,거송테크,,G2,소매,G221,기타 상품 소매,G22199,그 외 기타 상품 전문 소매업,G47859,그 외 기타 분류 안된 상품 전문 소매업,27,대구광역시,27140,동구,27140580,신천4동,2714010200,신천동,2714010200103350004,1,대지,335,4,대구광역시 동구 신천동 335-4,271404226067,대구광역시 동구 동부로26길,33,,2714010200103350004014979,,대구광역시 동구 동부로26길 33,701829,41249,,,,128.628010739847,35.8728355894925
MA0106202212A0859834,조인과학,,G2,소매,G221,기타 상품 소매,G22199,그 외 기타 상품 전문 소매업,G47859,그 외 기타 분류 안된 상품 전문 소매업,43,충청북도,43113,청주시 흥덕구,43113700,운천.신봉동,4311310500,신봉동,4311310500102600003,1,대지,260,3,충청북도 청주시 흥덕구 신봉동 260-3,431133237036,충청북도 청주시 흥덕구 사운로,392,7,4311310500102600003013050,,충청북도 청주시 흥덕구 사운로 392-7,361839,28455,,,,127.465484561125,36.6608238314757
MA0106202212A1583676,아주멋진gorgeous,,G2,소매,G221,기타 상품 소매,G22199,그 외 기타 상품 전문 소매업,G47859,그 외 기타 분류 안된 상품 전문 소매업,43,충청북도,43730,옥천군,43730250,옥천읍,4373025037,옥천읍,4373025037103440002,1,대지,344,2,충청북도 옥천군 옥천읍 장야리 344-2,437303242012,충청북도 옥천군 옥천읍 문장로,106,,4373025037103440002009740,,충청북도 옥천군 옥천읍 문장로 106,373805,29049,,,,127.576390762238,36.2958153298125
MA0106202212A1869624,보비엠스카이,,G2,소매,G221,기타 상품 소매,G22199,그 외 기타 상품 전문 소매업,G47859,그 외 기타 분류 안된 상품 전문 소매업,11,서울특별시,11680,강남구,11680531,논현2동,1168010800,논현동,1168010800102770020,1,대지,277,20,서울특별시 강남구 논현동 277-20,116803122004,서울특별시 강남구 봉은사로,317,,1168010800102770020008210,,서울특별시 강남구 봉은사로 317,135833,06103,,,,127.041611211542,37.5099837075898
MA0106202212A1913532,태양산업,,G2,소매,G221,기타 상품 소매,G22199,그 외 기타 상품 전문 소매업,G47859,그 외 기타 분류 안된 상품 전문 소매업,26,부산광역시,26710,기장군,26710256,정관읍,2671025625,정관읍,2671025625109380032,1,대지,938,32,부산광역시 기장군 정관읍 달산리 938-32,267103140028,부산광역시 기장군 정관읍 산단4로,2,76,2671032025109380032024591,,부산광역시 기장군 정관읍 산단4로 2-76,619961,46027,,,,129.179142709015,35.3123661991604
MA0106202301A0900088,우리농산,,G2,소매,G221,기타 상품 소매,G22199,그 외 기타 상품 전문 소매업,G47859,그 외 기타 분류 안된 상품 전문 소매업,30,대전광역시,30230,대덕구,30230543,송촌동,3023010700,송촌동,3023010700102210041,1,대지,221,41,대전광역시 대덕구 송촌동 221-41,302304304205,대전광역시 대덕구 동춘당로23번길,68,11,3023010700102210041012579,,대전광역시 대덕구 동춘당로23번길 68-11,306812,34421,,1,,127.444079428225,36.3584079198814
MA0106202301A0208280,새한자판기,,G2,소매,G221,기타 상품 소매,G22199,그 외 기타 상품 전문 소매업,G47859,그 외 기타 분류 안된 상품 전문 소매업,41,경기도,41220,평택시,41220330,고덕면,4122033027,고덕면,4122033027100990004,1,대지,99,4,경기도 평택시 고덕면 동고리 99-4,412204364133,경기도 평택시 고덕면 동고3길,28,,4122033027100990004024713,,경기도 평택시 고덕면 동고3길 28,451841,17822,,,,127.047793277116,37.0028652293574
MA0106202301A0535824,부산상회,,G2,소매,G221,기타 상품 소매,G22199,그 외 기타 상품 전문 소매업,G47859,그 외 기타 분류 안된 상품 전문 소매업,11,서울특별시,11230,동대문구,11230545,제기동,1123010300,제기동,1123010300106210012,1,대지,621,12,서울특별시 동대문구 제기동 621-12,112304115288,서울특별시 동대문구 왕산로33길,37,,1123010300106210012034471,,서울특별시 동대문구 왕산로33길 37,130862,02572,,,,127.041696018824,37.5810544868377
MA0106202301A0320768,신호계전,,G2,소매,G221,기타 상품 소매,G22199,그 외 기타 상품 전문 소매업,G47859,그 외 기타 분류 안된 상품 전문 소매업,41,경기도,41273,안산시 단원구,41273545,원곡동,4127310800,원곡동,4127310800109940005,1,대지,994,5,경기도 안산시 단원구 원곡동 994-5,412733191083,경기도 안산시 단원구 풍전로,7,,4127310800109940005046580,원곡유통상가,경기도 안산시 단원구 풍전로 7,425780,15431,,,,126.787700657123,37.3225868805499
MA0106202212A1240642,홍게쩔어,,G2,소매,G221,기타 상품 소매,G22199,그 외 기타 상품 전문 소매업,G47859,그 외 기타 분류 안된 상품 전문 소매업,51,강원특별자치도,51130,원주시,51130560,일산동,5113010800,일산동,5113010800102280007,1,대지,228,7,강원특별자치도 원주시 일산동 228-7,511303219052,강원특별자치도 원주시 천사로,155,,4213010800102280007011101,,강원특별자치도 원주시 천사로 155,220957,26417,,,,127.941482791489,37.3493503896051
MA0106202212A0427921,마라502,,G2,소매,G221,기타 상품 소매,G22199,그 외 기타 상품 전문 소매업,G47859,그 외 기타 분류 안된 상품 전문 소매업,11,서울특별시,11710,송파구,11710550,마천2동,1171011400,마천동,1171011400101200012,1,대지,120,12,서울특별시 송파구 마천동 120-12,117104169100,서울특별시 송파구 마천로39길,10,,1171011400101200012018836,,서울특별시 송파구 마천로39길 10,138818,05755,,,,127.147556292816,37.4984741344662
MA0106202301A1216990,전자담배라미야김제점,코리아,G2,소매,G221,기타 상품 소매,G22199,그 외 기타 상품 전문 소매업,G47859,그 외 기타 분류 안된 상품 전문 소매업,52,전북특별자치도,52210,김제시,52210510,요촌동,5221010100,요촌동,5221010100102930008,1,대지,293,8,전북특별자치도 김제시 요촌동 293-8,522103272095,전북특별자치도 김제시 중앙로,90,,4521010100102930008056689,,전북특별자치도 김제시 중앙로 90,576806,54384,,1,,126.885700873746,35.8045671526335
MA0106202301A0643363,헬로폼폼,,G2,소매,G221,기타 상품 소매,G22199,그 외 기타 상품 전문 소매업,G47859,그 외 기타 분류 안된 상품 전문 소매업,29,광주광역시,29155,남구,29155510,양림동,2915511300,양림동,2915511300101170001,1,대지,117,1,광주광역시 남구 양림동 117-1,291554283260,광주광역시 남구 백서로81번길,3,7,2915511300101170001003251,,광주광역시 남구 백서로81번길 3-7,503821,61640,,,,126.915200782222,35.1395580248047
MA0106202301A0420574,로보트리,,G2,소매,G221,기타 상품 소매,G22199,그 외 기타 상품 전문 소매업,G47859,그 외 기타 분류 안된 상품 전문 소매업,11,서울특별시,11290,성북구,11290600,안암동,1129012500,안암동5가,1129012500100920000,1,대지,92,,서울특별시 성북구 안암동5가 92,112903352207,서울특별시 성북구 고려대로,102,2,1129012500100920000000001,덕산빌딩,서울특별시 성북구 고려대로 102-2,136075,02856,,5,,127.030761807105,37.5861034051555
MA0106202301A1427952,지사이언스,,G2,소매,G221,기타 상품 소매,G22199,그 외 기타 상품 전문 소매업,G47859,그 외 기타 분류 안된 상품 전문 소매업,50,제주특별자치도,50110,제주시,50110253,애월읍,5011025325,애월읍,5011025325116610002,1,대지,1661,2,제주특별자치도 제주시 애월읍 수산리 1661-2,501104848065,제주특별자치도 제주시 애월읍 수산서6길,25,4,5011025325116610002000001,,제주특별자치도 제주시 애월읍 수산서6길 25-4,695911,63056,,,,126.38665956868,33.465777072577
MA0106202301A0931220,솔뫼에프엔씨,,G2,소매,G221,기타 상품 소매,G22199,그 외 기타 상품 전문 소매업,G47859,그 외 기타 분류 안된 상품 전문 소매업,44,충청남도,44800,홍성군,44800253,광천읍,4480025321,광천읍,4480025321105310003,1,대지,531,3,충청남도 홍성군 광천읍 신진리 531-3,448003262021,충청남도 홍성군 광천읍 홍남로,626,,4480025321105170008028313,,충청남도 홍성군 광천읍 홍남로 626,350906,32296,,,,126.620336336432,36.5035639815624
MA0106202301A1180107,지엔사이언스,,G2,소매,G221,기타 상품 소매,G22199,그 외 기타 상품 전문 소매업,G47859,그 외 기타 분류 안된 상품 전문 소매업,41,경기도,41150,의정부시,41150510,의정부1동,4115010100,의정부동,4115010100101910007,1,대지,191,7,경기도 의정부시 의정부동 191-7,411504343459,경기도 의정부시 호국로1298번길,31,,4115010100101910007012713,,경기도 의정부시 호국로1298번길 31,480843,11692,,,,127.048457484136,37.7421383540695
MA0106202301A1312793,캔들레시피,,G2,소매,G221,기타 상품 소매,G22199,그 외 기타 상품 전문 소매업,G47859,그 외 기타 분류 안된 상품 전문 소매업,51,강원특별자치도,51150,강릉시,51150520,중앙동,5115010500,임당동,5115010500101520002,1,대지,152,2,강원특별자치도 강릉시 임당동 152-2,511503220034,강원특별자치도 강릉시 임영로,134,,4215010500101520002001211,,강원특별자치도 강릉시 임영로 134,210080,25533,,1,,128.892638305152,37.7533376880195
MA0106202301A0156520,금정종합식품,,G2,소매,G221,기타 상품 소매,G22199,그 외 기타 상품 전문 소매업,G47859,그 외 기타 분류 안된 상품 전문 소매업,28,인천광역시,28140,동구,28140610,송림4동,2814010700,송림동,2814010700102960028,1,대지,296,28,인천광역시 동구 송림동 296-28,281403150035,인천광역시 동구 방축로,151,,2814010700102960028009217,동유철재,인천광역시 동구 방축로 151,401821,22531,,,,126.662046854334,37.481684620684
MA0106202301A0638247,영희네,,G2,소매,G221,기타 상품 소매,G22199,그 외 기타 상품 전문 소매업,G47859,그 외 기타 분류 안된 상품 전문 소매업,11,서울특별시,11350,노원구,11350619,중계본동,1135010600,중계동,1135010600100270003,1,대지,27,3,서울특별시 노원구 중계동 27-3,113503110007,서울특별시 노원구 중계로,100,,1135010600100270003011337,,서울특별시 노원구 중계로 100,139854,01728,,,,127.083077969698,37.644777560422
MA0106202301A0036325,대한푸드콤,,G2,소매,G221,기타 상품 소매,G22199,그 외 기타 상품 전문 소매업,G47859,그 외 기타 분류 안된 상품 전문 소매업,11,서울특별시,11440,마포구,11440680,합정동,1144012200,합정동,1144012200103940008,1,대지,394,8,서울특별시 마포구 합정동 394-8,114403113024,서울특별시 마포구 포은로,26,,1144012200103940008000001,,서울특별시 마포구 포은로 26,121886,04026,,,,126.908539698952,37.5502123633447
MA0106202301A0647210,신한계기,,G2,소매,G221,기타 상품 소매,G22199,그 외 기타 상품 전문 소매업,G47859,그 외 기타 분류 안된 상품 전문 소매업,11,서울특별시,11740,강동구,11740685,길동,1174010500,길동,1174010500103890002,1,대지,389,2,서울특별시 강동구 길동 389-2,117402000006,서울특별시 강동구 양재대로,1471,,1174010500103890002002937,선빌딩,서울특별시 강동구 양재대로 1471,134880,05353,,,,127.139260087634,37.537362471686
MA0106202301A0329161,남도식품,,G2,소매,G221,기타 상품 소매,G22199,그 외 기타 상품 전문 소매업,G47859,그 외 기타 분류 안된 상품 전문 소매업,41,경기도,41310,구리시,41310520,동구동,4131010300,인창동,4131010300101270000,1,대지,127,,경기도 구리시 인창동 127,413103354125,경기도 구리시 도매시장로,1,,4131010300101270000000031,구리농수산물시장,경기도 구리시 도매시장로 1,471728,11916,,1,,127.146166212651,37.609028211981
MA0106202301A1326971,비비에스,,G2,소매,G221,기타 상품 소매,G22199,그 외 기타 상품 전문 소매업,G47859,그 외 기타 분류 안된 상품 전문 소매업,26,부산광역시,26290,남구,26290570,용호1동,2629010700,용호동,2629010700103700018,1,대지,370,18,부산광역시 남구 용호동 370-18,262903131005,부산광역시 남구 동명로,137,,2629010700103700018009210,,부산광역시 남구 동명로 137,608833,48528,,3,,129.111891225814,35.1198589517587
MA0106202301A0972928,한국노블가스,,G2,소매,G221,기타 상품 소매,G22199,그 외 기타 상품 전문 소매업,G47859,그 외 기타 분류 안된 상품 전문 소매업,30,대전광역시,30230,대덕구,30230580,목상동,3023011400,신일동,3023011400100960000,1,대지,96,,대전광역시 대덕구 신일동 96,302304304308,대전광역시 대덕구 신일서로125번길,26,,3023011400100960000001227,,대전광역시 대덕구 신일서로125번길 26,306210,34327,,,,127.410996457849,36.433881886378
MA0106202301A0885357,제일식품,,G2,소매,G221,기타 상품 소매,G22199,그 외 기타 상품 전문 소매업,G47859,그 외 기타 분류 안된 상품 전문 소매업,29,광주광역시,29110,동구,29110525,충장동,2911010100,대인동,2911010100101900007,1,대지,190,7,광주광역시 동구 대인동 190-7,291104277179,광주광역시 동구 제봉로184번길,10,,2911010100101900007002149,대인시장,광주광역시 동구 제봉로184번길 10,501812,61427,,,,126.918007141402,35.1532155806149
MA0106202301A0584119,화진상사,,G2,소매,G221,기타 상품 소매,G22199,그 외 기타 상품 전문 소매업,G47859,그 외 기타 분류 안된 상품 전문 소매업,11,서울특별시,11470,양천구,11470600,신월5동,1147010300,신월동,1147010300100800014,1,대지,80,14,서울특별시 양천구 신월동 80-14,114704142033,서울특별시 양천구 남부순환로35길,11,,1147010300100800014010139,,서울특별시 양천구 남부순환로35길 11,158825,07905,,,,126.829207535325,37.536753447608
MA0106202301A0273061,성호식당재료마트,,G2,소매,G221,기타 상품 소매,G22199,그 외 기타 상품 전문 소매업,G47859,그 외 기타 분류 안된 상품 전문 소매업,41,경기도,41133,성남시 중원구,41133510,성남동,4113310100,성남동,4113310100121050000,1,대지,2105,,경기도 성남시 중원구 성남동 2105,411332179002,경기도 성남시 중원구 산성대로,214,,4113310100121070000000006,외,경기도 성남시 중원구 산성대로 214,462824,13358,,,,127.142634909268,37.4378782291223
MA0106202301A1202807,파란유통,,G2,소매,G221,기타 상품 소매,G22199,그 외 기타 상품 전문 소매업,G47859,그 외 기타 분류 안된 상품 전문 소매업,29,광주광역시,29170,북구,29170590,용봉동,2917010700,용봉동,2917010700114090006,1,대지,1409,6,광주광역시 북구 용봉동 1409-6,291704286422,광주광역시 북구 설죽로171번길,12,,2917010700114090006026371,,광주광역시 북구 설죽로171번길 12,500846,61111,,,,126.895337720684,35.1753715383071
MA0106202301A0924505,컵앤크라운,,G2,소매,G221,기타 상품 소매,G22199,그 외 기타 상품 전문 소매업,G47859,그 외 기타 분류 안된 상품 전문 소매업,11,서울특별시,11650,서초구,11650652,양재2동,1165010400,원지동,1165010400103840010,1,대지,384,10,서울특별시 서초구 원지동 384-10,116503000031,서울특별시 서초구 청계산로,237,,1165010400103840010000027,,서울특별시 서초구 청계산로 237,137899,06802,,2,,127.058028659097,37.4445815153191
MA0106202301A0004972,효소와건강나라,,G2,소매,G221,기타 상품 소매,G22199,그 외 기타 상품 전문 소매업,G47859,그 외 기타 분류 안된 상품 전문 소매업,48,경상남도,48127,창원시 마산회원구,48127590,합성2동,4812710600,합성동,4812710600102070001,1,대지,207,1,경상남도 창원시 마산회원구 합성동 207-1,481274790306,경상남도 창원시 마산회원구 합성남2길,68,,4812710600102070001039665,,경상남도 창원시 마산회원구 합성남2길 68,630817,51357,,1,,128.587438131253,35.2389607675769
MA0106202301A0059213,복권나라,,G2,소매,G221,기타 상품 소매,G22199,그 외 기타 상품 전문 소매업,G47859,그 외 기타 분류 안된 상품 전문 소매업,11,서울특별시,11590,동작구,11590560,상도4동,1159010200,상도동,1159010200102590083,1,대지,259,83,서울특별시 동작구 상도동 259-83,115903119007,서울특별시 동작구 성대로,67,,1159010200102590083022130,,서울특별시 동작구 성대로 67,156034,06960,,,,126.934522789764,37.4980796185164
MA0106202301A0580342,조우유통,,G2,소매,G221,기타 상품 소매,G22199,그 외 기타 상품 전문 소매업,G47859,그 외 기타 분류 안된 상품 전문 소매업,11,서울특별시,11305,강북구,11305625,수유2동,1130510300,수유동,1130510300102520153,1,대지,252,153,서울특별시 강북구 수유동 252-153,113054124013,서울특별시 강북구 노해로27길,73,,1130510300102520153009364,,서울특별시 강북구 노해로27길 73,142879,01047,,,,127.020600130836,37.6469493547139
MA0106202301A0853979,덕산화학,,G2,소매,G221,기타 상품 소매,G22199,그 외 기타 상품 전문 소매업,G47859,그 외 기타 분류 안된 상품 전문 소매업,43,충청북도,43114,청주시 청원구,43114253,오창읍,4311425324,오창읍,4311425324102360001,1,대지,236,1,충청북도 청주시 청원구 오창읍 일신리 236-1,431144520562,충청북도 청주시 청원구 오창읍 일신길,14,,4371025324102360001000001,,충청북도 청주시 청원구 오창읍 일신길 14,363887,28128,,,,127.472980432493,36.7542852915002
MA0106202301A0891876,YOUNGHi-TECH,,G2,소매,G221,기타 상품 소매,G22199,그 외 기타 상품 전문 소매업,G47859,그 외 기타 분류 안된 상품 전문 소매업,30,대전광역시,30230,대덕구,30230520,대화동,3023010200,대화동,3023010200102890001,1,대지,289,1,대전광역시 대덕구 대화동 289-1,302303168004,대전광역시 대덕구 대화로,160,,3023010200102890001008147,,대전광역시 대덕구 대화로 160,306754,34368,,,,127.402936017244,36.3652945197826
MA0106202301A1559366,법인청도감와인,,G2,소매,G221,기타 상품 소매,G22199,그 외 기타 상품 전문 소매업,G47859,그 외 기타 분류 안된 상품 전문 소매업,47,경상북도,47820,청도군,47820250,화양읍,4782025035,화양읍,4782025035201220000,2,산,122,,경상북도 청도군 화양읍 송금리 산122,478204757285,경상북도 청도군 화양읍 송금길,100,,,,경상북도 청도군 화양읍 송금길 100,714903,38323,,,,128.72053191698,35.7151356997674
MA0106202301A0888891,신한TC,,G2,소매,G221,기타 상품 소매,G22199,그 외 기타 상품 전문 소매업,G47859,그 외 기타 분류 안된 상품 전문 소매업,30,대전광역시,30230,대덕구,30230520,대화동,3023010200,대화동,3023010200102830012,1,대지,283,12,대전광역시 대덕구 대화동 283-12,302303168004,대전광역시 대덕구 대화로,178,,3023010200102830012000001,,대전광역시 대덕구 대화로 178,306801,34368,,,,127.402446597497,36.3632955671534
MA0106202301A0399423,아이팜,코리아,G2,소매,G221,기타 상품 소매,G22199,그 외 기타 상품 전문 소매업,G47859,그 외 기타 분류 안된 상품 전문 소매업,41,경기도,41461,용인시 처인구,41461253,모현읍,4146125326,모현읍,4146125326101540014,1,대지,154,14,경기도 용인시 처인구 모현읍 동림리 154-14,414613203147,경기도 용인시 처인구 모현읍 동산로,15,,4146125326101540014000001,,경기도 용인시 처인구 모현읍 동산로 15,449853,16888,,,,127.194656682883,37.3368174635733
MA0106202301A0103739,건영아크릴,,G2,소매,G221,기타 상품 소매,G22199,그 외 기타 상품 전문 소매업,G47859,그 외 기타 분류 안된 상품 전문 소매업,11,서울특별시,11530,구로구,11530530,구로2동,1153010200,구로동,1153010200106040001,1,대지,604,1,서울특별시 구로구 구로동 604-1,115303116005,서울특별시 구로구 구로중앙로,197,,1153010200106060001017120,기계공구상가,서울특별시 구로구 구로중앙로 197,152723,08216,,,,126.877913427517,37.5039002243341
MA0106202301A0243173,다이소철원,동송점,G2,소매,G221,기타 상품 소매,G22199,그 외 기타 상품 전문 소매업,G47859,그 외 기타 분류 안된 상품 전문 소매업,51,강원특별자치도,51780,철원군,51780259,동송읍,5178025921,동송읍,5178025921107170001,1,대지,717,1,강원특별자치도 철원군 동송읍 이평리 717-1,517803230029,강원특별자치도 철원군 동송읍 이평3로,97,,4278025921107170001000001,,강원특별자치도 철원군 동송읍 이평3로 97,269816,24017,,,,127.222733878303,38.2038456999445
MA0106202301A0057994,한냉매점,,G2,소매,G221,기타 상품 소매,G22199,그 외 기타 상품 전문 소매업,G47859,그 외 기타 분류 안된 상품 전문 소매업,11,서울특별시,11590,동작구,11590510,노량진1동,1159010100,노량진동,1159010100100130008,1,대지,13,8,서울특별시 동작구 노량진동 13-8,115903118026,서울특별시 동작구 노들로,688,,1159010100100020003032905,,서울특별시 동작구 노들로 688,156703,06900,,,,126.944529743084,37.5150146253313
MA0106202301A0527353,삼응산업,,G2,소매,G221,기타 상품 소매,G22199,그 외 기타 상품 전문 소매업,G47859,그 외 기타 분류 안된 상품 전문 소매업,11,서울특별시,11140,중구,11140625,다산동,1114016200,신당동,1114016200104210004,1,대지,421,4,서울특별시 중구 신당동 421-4,111403005001,서울특별시 중구 동호로,210,,1114016200104210004008200,에소이빌딩,서울특별시 중구 동호로 210,100834,04607,,5,,127.00968779099,37.5566174428379
MA0106202301A0330365,플러스과학,,G2,소매,G221,기타 상품 소매,G22199,그 외 기타 상품 전문 소매업,G47859,그 외 기타 분류 안된 상품 전문 소매업,41,경기도,41273,안산시 단원구,41273535,호수동,4127310100,고잔동,4127310100107060003,1,대지,706,3,경기도 안산시 단원구 고잔동 706-3,412732190001,경기도 안산시 단원구 광덕대로,187,,4127310100107060003044547,장은타워,경기도 안산시 단원구 광덕대로 187,425807,15461,,,,126.829296792281,37.3133735606982
MA0106202212A0586865,다은,,G2,소매,G221,기타 상품 소매,G22199,그 외 기타 상품 전문 소매업,G47859,그 외 기타 분류 안된 상품 전문 소매업,11,서울특별시,11290,성북구,11290770,장위2동,1129013800,장위동,1129013800102390004,1,대지,239,4,서울특별시 성북구 장위동 239-4,112903107002,서울특별시 성북구 돌곶이로,164,,1129013800102390004008783,,서울특별시 성북구 돌곶이로 164,136838,02766,,,,127.050856014959,37.6160003353449
MA0106202212A1428438,듀로스터,,G2,소매,G221,기타 상품 소매,G22199,그 외 기타 상품 전문 소매업,G47859,그 외 기타 분류 안된 상품 전문 소매업,52,전북특별자치도,52111,전주시 완산구,52111671,중화산1동,5211112800,중화산동2가,5211112800100460017,1,대지,46,17,전북특별자치도 전주시 완산구 중화산동2가 46-17,521114598088,전북특별자치도 전주시 완산구 따박골6길,36,13,4511112800100460017017650,,전북특별자치도 전주시 완산구 따박골6길 36-13,560834,55048,,,,127.128602598086,35.8102576920783
MA0106202211A1542053,88휴게소,,G2,소매,G221,기타 상품 소매,G22199,그 외 기타 상품 전문 소매업,G47859,그 외 기타 분류 안된 상품 전문 소매업,47,경상북도,47850,칠곡군,47850310,지천면,4785031042,지천면,4785031042107630001,1,대지,763,1,경상북도 칠곡군 지천면 창평리 763-1,478503322023,경상북도 칠곡군 지천면 창평로,13,4,4785031042107810001008981,,경상북도 칠곡군 지천면 창평로 13-4,718824,39863,,,,128.495211237629,35.967407712876
MA0106202211A0260689,우리두리머물다,,G2,소매,G221,기타 상품 소매,G22199,그 외 기타 상품 전문 소매업,G47859,그 외 기타 분류 안된 상품 전문 소매업,28,인천광역시,28110,중구,28110530,신포동,2811012300,신생동,2811012300100020011,1,대지,2,11,인천광역시 중구 신생동 2-11,281104247341,인천광역시 중구 제물량로166번길,5,,2811012300100020011066042,,인천광역시 중구 제물량로166번길 5,400080,22322,,,,126.625504676034,37.470501098386
MA0106202211A2220139,피앤케이에이엠,,G2,소매,G221,기타 상품 소매,G22199,그 외 기타 상품 전문 소매업,G47859,그 외 기타 분류 안된 상품 전문 소매업,41,경기도,41135,성남시 분당구,41135680,운중동,4113511600,대장동,4113511600106080003,1,대지,608,3,경기도 성남시 분당구 대장동 608-3,411354859967,경기도 성남시 분당구 판교대장로7길,6,5,4113511600100890002000001,,경기도 성남시 분당구 판교대장로7길 6-5,463440,13544,,,,127.069205011631,37.3709531515144
MA0106202211A1955540,피노이아코스토어,,G2,소매,G221,기타 상품 소매,G22199,그 외 기타 상품 전문 소매업,G47859,그 외 기타 분류 안된 상품 전문 소매업,28,인천광역시,28260,서구,28260610,가좌4동,2826011200,가좌동,2826011200104800019,1,대지,480,19,인천광역시 서구 가좌동 480-19,282604268071,인천광역시 서구 가좌로96번길,35,,2826011200104800019010335,,인천광역시 서구 가좌로96번길 35,404254,22824,,,,126.688457868371,37.4790001359539
MA0106202211A0629481,키즈펀펀,,G2,소매,G221,기타 상품 소매,G22199,그 외 기타 상품 전문 소매업,G47859,그 외 기타 분류 안된 상품 전문 소매업,28,인천광역시,28200,남동구,28200655,서창2동,2820010500,서창동,2820010500106630002,1,대지,663,2,인천광역시 남동구 서창동 663-2,282003153092,인천광역시 남동구 서창남순환로,6,,2820010500106630002000001,,인천광역시 남동구 서창남순환로 6,405260,21610,,,,126.750661969344,37.4245825366531
MA0106202211A1614791,루봄공방,,G2,소매,G221,기타 상품 소매,G22199,그 외 기타 상품 전문 소매업,G47859,그 외 기타 분류 안된 상품 전문 소매업,43,충청북도,43113,청주시 흥덕구,43113741,복대1동,4311311400,복대동,4311311400133660000,1,대지,3366,,충청북도 청주시 흥덕구 복대동 3366,431134511235,충청북도 청주시 흥덕구 대신로73번길,8,,4311311400133660000008636,금호어울림1단지,충청북도 청주시 흥덕구 대신로73번길 8,361871,28582,,,,127.434965797769,36.6398077435988
MA0106202211A0396331,제이시엠,,G2,소매,G221,기타 상품 소매,G22199,그 외 기타 상품 전문 소매업,G47859,그 외 기타 분류 안된 상품 전문 소매업,41,경기도,41480,파주시,41480320,탄현면,4148032030,탄현면,4148032030102650010,1,대지,265,10,경기도 파주시 탄현면 낙하리 265-10,414804418557,경기도 파주시 탄현면 엘지로717번길,59,,4148032030102650010000001,,경기도 파주시 탄현면 엘지로717번길 59,413843,10857,,,,126.735374800675,37.833992413011
MA0106202211A0091456,신앙촌상회,,G2,소매,G221,기타 상품 소매,G22199,그 외 기타 상품 전문 소매업,G47859,그 외 기타 분류 안된 상품 전문 소매업,11,서울특별시,11290,성북구,11290630,정릉2동,1129013300,정릉동,1129013300109660006,1,대지,966,6,서울특별시 성북구 정릉동 966-6,112904121408,서울특별시 성북구 아리랑로19길,14,,1129013300109660006033832,,서울특별시 성북구 아리랑로19길 14,136102,02814,,,,127.012672092866,37.602630920797
MA0106202211A0028571,뮤엠영어북부지사,,G2,소매,G221,기타 상품 소매,G22199,그 외 기타 상품 전문 소매업,G47859,그 외 기타 분류 안된 상품 전문 소매업,11,서울특별시,11350,노원구,11350570,월계2동,1135010200,월계동,1135010200107760000,1,대지,776,,서울특별시 노원구 월계동 776,113504130384,서울특별시 노원구 초안산로5길,12,,1135010200107760000000001,,서울특별시 노원구 초안산로5길 12,139851,01868,,,,127.05175096129,37.6325600876408
MA0106202210A1962517,청정도시락,,G2,소매,G221,기타 상품 소매,G22199,그 외 기타 상품 전문 소매업,G47859,그 외 기타 분류 안된 상품 전문 소매업,11,서울특별시,11410,서대문구,11410585,신촌동,1141011600,창천동,1141011600105030008,1,대지,503,8,서울특별시 서대문구 창천동 503-8,114103005057,서울특별시 서대문구 신촌로,25,,1141011600105030008022365,,서울특별시 서대문구 신촌로 25,120836,03785,,,,126.92962641567,37.5579934136618
MA0106202210A2416237,유일이엔티,,G2,소매,G221,기타 상품 소매,G22199,그 외 기타 상품 전문 소매업,G47859,그 외 기타 분류 안된 상품 전문 소매업,41,경기도,41390,시흥시,41390591,정왕1동,4139013200,정왕동,4139013200112890006,1,대지,1289,6,경기도 시흥시 정왕동 1289-6,413902199001,경기도 시흥시 공단1대로,341,,4139013200112890005036676,,경기도 시흥시 공단1대로 341,429850,15078,,,,126.73784664053,37.331623377053
MA0106202210A1962793,커버미,,G2,소매,G221,기타 상품 소매,G22199,그 외 기타 상품 전문 소매업,G47859,그 외 기타 분류 안된 상품 전문 소매업,41,경기도,41450,하남시,41450610,미사1동,4145010900,망월동,4145010900111060000,1,대지,1106,,경기도 하남시 망월동 1106,414503202059,경기도 하남시 미사강변동로,85,,4145010900111060000000002,,경기도 하남시 미사강변동로 85,465150,12913,,,,127.192152655023,37.5625882534594
MA0106202210A2012465,마로메라성서지점,,G2,소매,G221,기타 상품 소매,G22199,그 외 기타 상품 전문 소매업,G47859,그 외 기타 분류 안된 상품 전문 소매업,27,대구광역시,27110,중구,27110517,동인동,2711010400,동인동4가,2711010400103860007,1,대지,386,7,대구광역시 중구 동인동4가 386-7,271103007001,대구광역시 중구 국채보상로,726,,2711010400103860007000300,,대구광역시 중구 국채보상로 726,700847,41946,,,,128.609873303953,35.8683671151171
MA0106202301A0581544,온누리세이프디자인,,G2,소매,G221,기타 상품 소매,G22199,그 외 기타 상품 전문 소매업,G47859,그 외 기타 분류 안된 상품 전문 소매업,11,서울특별시,11230,동대문구,11230650,장안1동,1123010600,장안동,1123010600104510002,1,대지,451,2,서울특별시 동대문구 장안동 451-2,112304115422,서울특별시 동대문구 장한로8길,40,,1123010600104510002015678,,서울특별시 동대문구 장한로8길 40,130846,02644,,1,,127.068828163097,37.5635444641125
MA0106202301A0282522,벧엘포장상사,,G2,소매,G221,기타 상품 소매,G22199,그 외 기타 상품 전문 소매업,G47859,그 외 기타 분류 안된 상품 전문 소매업,41,경기도,41196,부천시 오정구,41196570,신흥동,4119610800,내동,4119610800101800006,1,대지,180,6,경기도 부천시 오정구 내동 180-6,411964358111,경기도 부천시 오정구 삼작로189번길,33,,4119910800101800006019976,,경기도 부천시 오정구 삼작로189번길 33,421806,14454,,1,,126.781753837906,37.5214664032432
MA0106202301A0128844,노마드,,G2,소매,G221,기타 상품 소매,G22199,그 외 기타 상품 전문 소매업,G47859,그 외 기타 분류 안된 상품 전문 소매업,41,경기도,41390,시흥시,41390591,정왕1동,4139013200,정왕동,4139013200120990004,1,대지,2099,4,경기도 시흥시 정왕동 2099-4,413904397023,경기도 시흥시 공단1대로322번길,146,,4139013200120990004031234,시화공단,경기도 시흥시 공단1대로322번길 146,429931,15113,,,,126.724624151129,37.3218171680493
MA0106202301A0804717,삼성이엔에프,,G2,소매,G221,기타 상품 소매,G22199,그 외 기타 상품 전문 소매업,G47859,그 외 기타 분류 안된 상품 전문 소매업,31,울산광역시,31110,중구,31110620,병영1동,3111011500,남외동,3111011500110030006,1,대지,1003,6,울산광역시 중구 남외동 1003-6,311104307505,울산광역시 중구 해오름3길,38,,3111011500110030006020110,,울산광역시 중구 해오름3길 38,681800,44507,,1,,129.343437347011,35.5633128912117
MA0106202301A0369298,주신종합상사,,G2,소매,G221,기타 상품 소매,G22199,그 외 기타 상품 전문 소매업,G47859,그 외 기타 분류 안된 상품 전문 소매업,41,경기도,41173,안양시 동안구,41173580,호계1동,4117310400,호계동,4117310400105550009,1,대지,555,9,경기도 안양시 동안구 호계동 555-9,411733182030,경기도 안양시 동안구 엘에스로,76,,4117310400105550009005725,국제유통단지,경기도 안양시 동안구 엘에스로 76,431763,14117,,,,126.953126304246,37.3700450634828
MA0106202301A0638685,부광기름집,,G2,소매,G221,기타 상품 소매,G22199,그 외 기타 상품 전문 소매업,G47859,그 외 기타 분류 안된 상품 전문 소매업,11,서울특별시,11350,노원구,11350700,상계8동,1135010500,상계동,1135010500106510000,1,대지,651,,서울특별시 노원구 상계동 651,113503000001,서울특별시 노원구 동일로,1541,,1135010500106510000000653,주공11단지,서울특별시 노원구 동일로 1541,139823,01620,,,,127.057055606645,37.6656687741601
MA0106202301A0600311,진주식품,,G2,소매,G221,기타 상품 소매,G22199,그 외 기타 상품 전문 소매업,G47859,그 외 기타 분류 안된 상품 전문 소매업,11,서울특별시,11740,강동구,11740660,성내3동,1174010800,성내동,1174010800104040012,1,대지,404,12,서울특별시 강동구 성내동 404-12,117404172427,서울특별시 강동구 풍성로53길,36,,1174010800104040012003582,,서울특별시 강동구 풍성로53길 36,134844,05376,,1,,127.13485849862,37.5309614684517
MA0106202301A0362796,서정종합상사,,G2,소매,G221,기타 상품 소매,G22199,그 외 기타 상품 전문 소매업,G47859,그 외 기타 분류 안된 상품 전문 소매업,28,인천광역시,28260,서구,28260720,오류왕길동,2826012000,왕길동,2826012000101410000,1,대지,141,,인천광역시 서구 왕길동 141,282602000013,인천광역시 서구 봉수대로,1397,,2826012000101410000025153,왕길동,인천광역시 서구 봉수대로 1397,404290,22660,,,,126.650674063709,37.5978439474699
MA0106202212A0503612,가온바이오,,G2,소매,G221,기타 상품 소매,G22199,그 외 기타 상품 전문 소매업,G47859,그 외 기타 분류 안된 상품 전문 소매업,41,경기도,41463,용인시 기흥구,41463516,영덕1동,4146311100,영덕동,4146311100109850001,1,대지,985,1,경기도 용인시 기흥구 영덕동 985-1,414634412300,경기도 용인시 기흥구 흥덕2로87번길,18,,4146311100109850001020944,,경기도 용인시 기흥구 흥덕2로87번길 18,446908,16954,,,,127.07158721332,37.2759107819272
MA0106202212A0075223,훈기온돌방,,G2,소매,G221,기타 상품 소매,G22199,그 외 기타 상품 전문 소매업,G47859,그 외 기타 분류 안된 상품 전문 소매업,41,경기도,41430,의왕시,41430520,부곡동,4143010300,삼동,4143010300102150071,1,대지,215,71,경기도 의왕시 삼동 215-71,414304403078,경기도 의왕시 부곡중앙남4길,13,,4143010300102150071010335,,경기도 의왕시 부곡중앙남4길 13,437815,16089,,,,126.951690916486,37.319739995521
MA0106202301A0113460,동해바구니,,G2,소매,G221,기타 상품 소매,G22199,그 외 기타 상품 전문 소매업,G47859,그 외 기타 분류 안된 상품 전문 소매업,11,서울특별시,11650,서초구,11650581,반포4동,1165010700,반포동,1165010700100190003,1,대지,19,3,서울특별시 서초구 반포동 19-3,116503121017,서울특별시 서초구 신반포로,176,,1165010700100190003000001,지하도상가,서울특별시 서초구 신반포로 176,137726,06546,,,,127.002408935394,37.5039362582805
MA0106202301A0267302,시온쇼핑,,G2,소매,G221,기타 상품 소매,G22199,그 외 기타 상품 전문 소매업,G47859,그 외 기타 분류 안된 상품 전문 소매업,26,부산광역시,26110,중구,26110560,부평동,2611012400,부평동2가,2611012400100680006,1,대지,68,6,부산광역시 중구 부평동2가 68-6,261104175234,부산광역시 중구 중구로33번길,40,,2611012400100680006004375,,부산광역시 중구 중구로33번길 40,600806,48977,,,,129.025712790441,35.1011080769676
MA0106202301A0660424,광동상사춘천,대리점,G2,소매,G221,기타 상품 소매,G22199,그 외 기타 상품 전문 소매업,G47859,그 외 기타 분류 안된 상품 전문 소매업,51,강원특별자치도,51110,춘천시,51110250,신북읍,5111025021,신북읍,5111025021106640004,1,대지,664,4,강원특별자치도 춘천시 신북읍 율문리 664-4,511103218026,강원특별자치도 춘천시 신북읍 신북로,102,,4211025021106660000060459,,강원특별자치도 춘천시 신북읍 신북로 102,200821,24205,,,,127.752303417616,37.934340525425
MA0106202301A0058801,현진통상,,G2,소매,G221,기타 상품 소매,G22199,그 외 기타 상품 전문 소매업,G47859,그 외 기타 분류 안된 상품 전문 소매업,11,서울특별시,11530,구로구,11530540,구로3동,1153010200,구로동,1153010200101700005,1,대지,170,5,서울특별시 구로구 구로동 170-5,115304148340,서울특별시 구로구 디지털로33길,28,,1153010200101700005022740,우림이비즈센터,서울특별시 구로구 디지털로33길 28,152769,08377,,,,126.89531980712,37.4869870207531
MA0106202301A0672700,내츄럴에스테틱,,G2,소매,G221,기타 상품 소매,G22199,그 외 기타 상품 전문 소매업,G47859,그 외 기타 분류 안된 상품 전문 소매업,51,강원특별자치도,51190,태백시,51190525,황연동,5119010100,황지동,5119010100102740580,1,대지,274,580,강원특별자치도 태백시 황지동 274-580,511904466238,강원특별자치도 태백시 황연4길,5,,4219010100102740580011588,HAND,강원특별자치도 태백시 황연4길 5,235801,26026,,,,128.987573706062,37.1787044753536
MA0106202301A1304102,소꿉과자당,,G2,소매,G221,기타 상품 소매,G22199,그 외 기타 상품 전문 소매업,G47859,그 외 기타 분류 안된 상품 전문 소매업,41,경기도,41117,수원시 영통구,41117530,매탄3동,4111710100,매탄동,4111710100111710004,1,대지,1171,4,경기도 수원시 영통구 매탄동 1171-4,411174331078,경기도 수원시 영통구 매탄로37번길,10,1,4111710100111710004002086,,경기도 수원시 영통구 매탄로37번길 10-1,443804,16546,,1,,127.039701015317,37.2553820152944
MA0106202301A0275065,케미스,,G2,소매,G221,기타 상품 소매,G22199,그 외 기타 상품 전문 소매업,G47859,그 외 기타 분류 안된 상품 전문 소매업,41,경기도,41133,성남시 중원구,41133570,상대원1동,4113310500,상대원동,4113310500101440004,1,대지,144,4,경기도 성남시 중원구 상대원동 144-4,411333179001,경기도 성남시 중원구 갈마치로,302,,4113310500101440003000001,우림라이온스밸리5차,경기도 성남시 중원구 갈마치로 302,462807,13201,,,,127.172889618976,37.4403516782481
MA0106202301A0317758,아이배냇,,G2,소매,G221,기타 상품 소매,G22199,그 외 기타 상품 전문 소매업,G47859,그 외 기타 분류 안된 상품 전문 소매업,41,경기도,41360,남양주시,41360253,진접읍,4136025325,진접읍,4136025325100810003,1,대지,81,3,경기도 남양주시 진접읍 부평리 81-3,413603012039,경기도 남양주시 진접읍 부마로,200,38,4136025325100810000000001,,경기도 남양주시 진접읍 부마로 200-38,472864,12000,,,,127.194605359419,37.7609980595569
MA0106202301A1510933,큐피트케이크,,G2,소매,G221,기타 상품 소매,G22199,그 외 기타 상품 전문 소매업,G47859,그 외 기타 분류 안된 상품 전문 소매업,28,인천광역시,28260,서구,28260539,청라3동,2826012200,청라동,2826012200101040127,1,대지,104,127,인천광역시 서구 청라동 104-127,282604268975,인천광역시 서구 보석로18번안길,20,,2826010400109810127000001,,인천광역시 서구 보석로18번안길 20,,22766,,,,126.626084821187,37.5219411217556
MA0106202301A0223918,파워이천,,G2,소매,G221,기타 상품 소매,G22199,그 외 기타 상품 전문 소매업,G47859,그 외 기타 분류 안된 상품 전문 소매업,41,경기도,41500,이천시,41500350,대월면,4150035027,대월면,4150035027100720001,1,대지,72,1,경기도 이천시 대월면 대대리 72-1,415004421215,경기도 이천시 대월면 대장로319번길,89,,4150035027100720001000001,,경기도 이천시 대월면 대장로319번길 89,467852,17343,,,,127.487918226146,37.2219460232721
MA0106202301A0181685,바이오인사이트,,G2,소매,G221,기타 상품 소매,G22199,그 외 기타 상품 전문 소매업,G47859,그 외 기타 분류 안된 상품 전문 소매업,41,경기도,41271,안산시 상록구,41271515,이동,4127110200,이동,4127110200107140003,1,대지,714,3,경기도 안산시 상록구 이동 714-3,412713190010,경기도 안산시 상록구 광덕1로,355,,4127110200107140003043087,데코스포텔,경기도 안산시 상록구 광덕1로 355,426863,15494,,,,126.849073183148,37.3072734025231
MA0106202301A0533065,영재상회,,G2,소매,G221,기타 상품 소매,G22199,그 외 기타 상품 전문 소매업,G47859,그 외 기타 분류 안된 상품 전문 소매업,11,서울특별시,11230,동대문구,11230545,제기동,1123010300,제기동,1123010300105880000,1,대지,588,,서울특별시 동대문구 제기동 588,112304115002,서울특별시 동대문구 경동시장로10길,24,,1123010300105880000034420,,서울특별시 동대문구 경동시장로10길 24,130862,02572,,,,127.041967808732,37.5811985495073
MA0106202301A0396805,심지상사,,G2,소매,G221,기타 상품 소매,G22199,그 외 기타 상품 전문 소매업,G47859,그 외 기타 분류 안된 상품 전문 소매업,41,경기도,41461,용인시 처인구,41461253,모현읍,4146125327,모현읍,4146125327101400004,1,대지,140,4,경기도 용인시 처인구 모현읍 능원리 140-4,414612012014,경기도 용인시 처인구 모현읍 포은대로,1132,,4146131027101400004041191,,경기도 용인시 처인구 모현읍 포은대로 1132,449852,16886,,,,127.168117004959,37.3374077802076
MA0106202301A0976705,청주종합상사,,G2,소매,G221,기타 상품 소매,G22199,그 외 기타 상품 전문 소매업,G47859,그 외 기타 분류 안된 상품 전문 소매업,43,충청북도,43113,청주시 흥덕구,43113756,봉명2.송정동,4311311600,송정동,4311311600103290004,1,대지,329,4,충청북도 청주시 흥덕구 송정동 329-4,431133237021,충청북도 청주시 흥덕구 대신로,132,,4311311600103290004063400,,충청북도 청주시 흥덕구 대신로 132,361817,28443,,,,127.435609505212,36.6449057826354
MA0106202301A0676958,프로종합안전,,G2,소매,G221,기타 상품 소매,G22199,그 외 기타 상품 전문 소매업,G47859,그 외 기타 분류 안된 상품 전문 소매업,51,강원특별자치도,51720,홍천군,51720250,홍천읍,5172025028,홍천읍,5172025028100920003,1,대지,92,3,강원특별자치도 홍천군 홍천읍 태학리 92-3,517203225052,강원특별자치도 홍천군 홍천읍 홍천로,599,,4272025028100920011036925,,강원특별자치도 홍천군 홍천읍 홍천로 599,250802,25126,,,,127.903460093994,37.7038643823828
MA0106202301A0155640,참마트,,G2,소매,G221,기타 상품 소매,G22199,그 외 기타 상품 전문 소매업,G47859,그 외 기타 분류 안된 상품 전문 소매업,28,인천광역시,28177,미추홀구,28177610,도화2.3동,2817710400,도화동,2817710400100940004,1,대지,94,4,인천광역시 미추홀구 도화동 94-4,281773151030,인천광역시 미추홀구 석정로,234,11,2817010500100940004041543,,인천광역시 미추홀구 석정로 234-11,402806,22102,,,,126.661645297451,37.4679341220529
MA0106202301A0965811,참솥식품,,G2,소매,G221,기타 상품 소매,G22199,그 외 기타 상품 전문 소매업,G47859,그 외 기타 분류 안된 상품 전문 소매업,30,대전광역시,30110,동구,30110590,자양동,3011011100,자양동,3011011100100620004,1,대지,62,4,대전광역시 동구 자양동 62-4,301104292251,대전광역시 동구 백룡로14번길,18,,3011011100100620004000001,,대전광역시 동구 백룡로14번길 18,300830,34644,,,,127.448090989437,36.3351877335141
MA0106202301A0103759,송월타월일등상사,,G2,소매,G221,기타 상품 소매,G22199,그 외 기타 상품 전문 소매업,G47859,그 외 기타 분류 안된 상품 전문 소매업,26,부산광역시,26260,동래구,26260545,명륜동,2626010700,명륜동,2626010700100050006,1,대지,5,6,부산광역시 동래구 명륜동 5-6,262603130023,부산광역시 동래구 명륜로,267,,2626010700100020068013157,,부산광역시 동래구 명륜로 267,607802,47739,,1,,129.085437382327,35.2169841546838
MA0106202301A0298150,연지상사,,G2,소매,G221,기타 상품 소매,G22199,그 외 기타 상품 전문 소매업,G47859,그 외 기타 분류 안된 상품 전문 소매업,28,인천광역시,28200,남동구,28200660,남촌도림동,2820010700,남촌동,2820010700106250031,1,대지,625,31,인천광역시 남동구 남촌동 625-31,282002000014,인천광역시 남동구 비류대로,657,,2820010700106250031000002,,인천광역시 남동구 비류대로 657,405100,21622,,,,126.706183460739,37.4245704566748
MA0106202301A0125866,로에베,,G2,소매,G221,기타 상품 소매,G22199,그 외 기타 상품 전문 소매업,G47859,그 외 기타 분류 안된 상품 전문 소매업,11,서울특별시,11470,양천구,11470530,목3동,1147010200,목동,1147010200107170007,1,대지,717,7,서울특별시 양천구 목동 717-7,114704142179,서울특별시 양천구 목동중앙본로7길,38,12,1147010200107170007019020,,서울특별시 양천구 목동중앙본로7길 38-12,158813,07955,,,,126.866437988317,37.5398738325215
MA0106202301A0078955,보물섬,,G2,소매,G221,기타 상품 소매,G22199,그 외 기타 상품 전문 소매업,G47859,그 외 기타 분류 안된 상품 전문 소매업,11,서울특별시,11380,은평구,11380530,불광2동,1138010300,불광동,1138010300103100081,1,대지,310,81,서울특별시 은평구 불광동 310-81,113804133162,서울특별시 은평구 연서로31길,3,,1138010300103100081036119,,서울특별시 은평구 연서로31길 3,122860,03345,,1,,126.923258443837,37.620356131746
MA0106202301A0630134,대도안료상사,,G2,소매,G221,기타 상품 소매,G22199,그 외 기타 상품 전문 소매업,G47859,그 외 기타 분류 안된 상품 전문 소매업,41,경기도,41630,양주시,41630330,광적면,4163033021,광적면,4163033021108680001,1,대지,868,1,경기도 양주시 광적면 가납리 868-1,416304436490,경기도 양주시 광적면 광적로16번길,6,8,4163033021108680001000001,,경기도 양주시 광적면 광적로16번길 6-8,482841,11419,,,,126.98483748875,37.8205131048578
MA0106202301A0087332,광명인터내셔널,,G2,소매,G221,기타 상품 소매,G22199,그 외 기타 상품 전문 소매업,G47859,그 외 기타 분류 안된 상품 전문 소매업,41,경기도,41171,안양시 만안구,41171570,안양7동,4117110100,안양동,4117110100101990032,1,대지,199,32,경기도 안양시 만안구 안양동 199-32,411714346055,경기도 안양시 만안구 덕천로72번길,72,,4117110100101990032009840,동영벤처스텔,경기도 안양시 만안구 덕천로72번길 72,430817,14087,,,,126.939440595858,37.3877259589096
MA0106202301A0124685,금천퓨리스,,G2,소매,G221,기타 상품 소매,G22199,그 외 기타 상품 전문 소매업,G47859,그 외 기타 분류 안된 상품 전문 소매업,11,서울특별시,11470,양천구,11470650,신정4동,1147010100,신정동,1147010100109130006,1,대지,913,6,서울특별시 양천구 신정동 913-6,114704142267,서울특별시 양천구 신정중앙로16길,8,,1147010100109130006001671,,서울특별시 양천구 신정중앙로16길 8,158857,07944,,,,126.857128664864,37.5264920916998
MA0106202301A0961671,리더스,,G2,소매,G221,기타 상품 소매,G22199,그 외 기타 상품 전문 소매업,G47859,그 외 기타 분류 안된 상품 전문 소매업,30,대전광역시,30140,중구,30140535,은행선화동,3014010200,선화동,3014010200100790014,1,대지,79,14,대전광역시 중구 선화동 79-14,301404295166,대전광역시 중구 대종로550번길,5,,3014010200100790014002124,유원오피스텔,대전광역시 중구 대종로550번길 5,301734,34831,,,,127.421612508282,36.3325535107779
MA0106202301A0261677,장애인생산품판매지원협회,,G2,소매,G221,기타 상품 소매,G22199,그 외 기타 상품 전문 소매업,G47859,그 외 기타 분류 안된 상품 전문 소매업,41,경기도,41287,고양시 일산서구,41287610,가좌동,4128710700,구산동,4128710700101300001,1,대지,130,1,경기도 고양시 일산서구 구산동 130-1,412874382069,경기도 고양시 일산서구 산율길,43,48,4128710700101300001004717,,경기도 고양시 일산서구 산율길 43-48,411800,10207,,,,126.711578991434,37.6900617412702
MA0106202301A0050307,커피마스타,,G2,소매,G221,기타 상품 소매,G22199,그 외 기타 상품 전문 소매업,G47859,그 외 기타 분류 안된 상품 전문 소매업,11,서울특별시,11560,영등포구,11560550,당산1동,1156011100,당산동1가,1156011100102010000,1,대지,201,,서울특별시 영등포구 당산동1가 201,115603118016,서울특별시 영등포구 양산로,158,,1156011100102010000029903,,서울특별시 영등포구 양산로 158,150800,07267,,1,,126.900495464627,37.5232929839323
MA0106202301A0889294,정진유통,,G2,소매,G221,기타 상품 소매,G22199,그 외 기타 상품 전문 소매업,G47859,그 외 기타 분류 안된 상품 전문 소매업,30,대전광역시,30110,동구,30110630,가양2동,3011011400,가양동,3011011400106550006,1,대지,655,6,대전광역시 동구 가양동 655-6,301104292451,대전광역시 동구 우암로296번길,66,,3011011400106550006010160,,대전광역시 동구 우암로296번길 66,300807,34509,,,,127.450135648658,36.3440385924523
MA0106202301A0486403,허브나무,,G2,소매,G221,기타 상품 소매,G22199,그 외 기타 상품 전문 소매업,G47859,그 외 기타 분류 안된 상품 전문 소매업,28,인천광역시,28200,남동구,28200660,남촌도림동,2820010800,수산동,2820010800100450007,1,대지,45,7,인천광역시 남동구 수산동 45-7,282004259023,인천광역시 남동구 경신로60번길,12,,2820010800100450007018701,,인천광역시 남동구 경신로60번길 12,405290,21588,,1,,126.726688579021,37.4432075517622
MA0106202301A0631456,대원사,,G2,소매,G221,기타 상품 소매,G22199,그 외 기타 상품 전문 소매업,G47859,그 외 기타 분류 안된 상품 전문 소매업,29,광주광역시,29170,북구,29170677,오치2동,2917011500,오치동,2917011500108660010,1,대지,866,10,광주광역시 북구 오치동 866-10,291704286560,광주광역시 북구 우치로231번길,17,,2917011500108660010001737,,광주광역시 북구 우치로231번길 17,500839,61120,,2,,126.904481779408,35.1851317680488
MA0106202211A2015760,빵카페,,G2,소매,G221,기타 상품 소매,G22199,그 외 기타 상품 전문 소매업,G47859,그 외 기타 분류 안된 상품 전문 소매업,28,인천광역시,28110,중구,28110585,동인천동,2811013300,내동,2811013300102120011,1,대지,212,11,인천광역시 중구 내동 212-11,281104247239,인천광역시 중구 우현로49번길,14,1,2811013300102120011142956,,인천광역시 중구 우현로49번길 14-1,400150,22322,,,,126.627578628156,37.4717240106514
MA0106202211A1365449,프레딥,,G2,소매,G221,기타 상품 소매,G22199,그 외 기타 상품 전문 소매업,G47859,그 외 기타 분류 안된 상품 전문 소매업,47,경상북도,47111,포항시 남구,47111590,대이동,4711111600,대잠동,4711111600109950015,1,대지,995,15,경상북도 포항시 남구 대잠동 995-15,471113303006,경상북도 포항시 남구 대이로,56,,4711111600109950015126030,,경상북도 포항시 남구 대이로 56,790826,37681,,,,129.341305887079,36.020273322673
MA0106202211A1452753,주영식당,,G2,소매,G221,기타 상품 소매,G22199,그 외 기타 상품 전문 소매업,G47859,그 외 기타 분류 안된 상품 전문 소매업,27,대구광역시,27170,서구,27170675,상중이동,2717010500,중리동,2717010500110300008,1,대지,1030,8,대구광역시 서구 중리동 1030-8,271704229056,대구광역시 서구 국채보상로6길,15,,2717010500110300008032014,,대구광역시 서구 국채보상로6길 15,703833,41755,,,,128.534763081693,35.8670704659339
MA0106202211A0112565,우성반찬,,G2,소매,G221,기타 상품 소매,G22199,그 외 기타 상품 전문 소매업,G47859,그 외 기타 분류 안된 상품 전문 소매업,11,서울특별시,11620,관악구,11620575,행운동,1162010100,봉천동,1162010100100360002,1,대지,36,2,서울특별시 관악구 봉천동 36-2,116204160016,서울특별시 관악구 관악로28길,13,,1162010100100360002031479,,서울특별시 관악구 관악로28길 13,151810,08735,,,,126.95701172437,37.485349699038
MA0106202211A1550141,천하명당,,G2,소매,G221,기타 상품 소매,G22199,그 외 기타 상품 전문 소매업,G47859,그 외 기타 분류 안된 상품 전문 소매업,27,대구광역시,27230,북구,27230550,침산1동,2723010600,침산동,2723010600110250003,1,대지,1025,3,대구광역시 북구 침산동 1025-3,272303145016,대구광역시 북구 노원로,184,,2723010600110250003010535,,대구광역시 북구 노원로 184,702862,41545,,,,128.580140914346,35.8992656510068
MA0106202211A0621031,마스트바이오,,G2,소매,G221,기타 상품 소매,G22199,그 외 기타 상품 전문 소매업,G47859,그 외 기타 분류 안된 상품 전문 소매업,41,경기도,41131,성남시 수정구,41131640,고등동,4113111200,고등동,4113111200106070000,1,대지,607,,경기도 성남시 수정구 고등동 607,411313000031,경기도 성남시 수정구 청계산로,734,,4113111200106070000000001,,경기도 성남시 수정구 청계산로 734,461300,13106,,,,127.09923931198,37.4254345446323
MA0106202210A1322988,진부각,,G2,소매,G221,기타 상품 소매,G22199,그 외 기타 상품 전문 소매업,G47859,그 외 기타 분류 안된 상품 전문 소매업,41,경기도,41650,포천시,41650360,영중면,4165036023,영중면,4165036023100750000,1,대지,75,,경기도 포천시 영중면 거사리 75,416504439193,경기도 포천시 영중면 백로주1길,28,,4165036023100750000049115,,경기도 포천시 영중면 백로주1길 28,487881,11130,,,,127.244334859858,37.9744210635014
MA0106202210A1732115,조선우육면&탕,,G2,소매,G221,기타 상품 소매,G22199,그 외 기타 상품 전문 소매업,G47859,그 외 기타 분류 안된 상품 전문 소매업,26,부산광역시,26380,사하구,26380510,괴정1동,2638010100,괴정동,2638010100110390005,1,대지,1039,5,부산광역시 사하구 괴정동 1039-5,263804202118,부산광역시 사하구 낙동대로234번길,53,,2638010100110390005028390,,부산광역시 사하구 낙동대로234번길 53,604815,49336,,,,128.990736750645,35.1021742867249
MA0106202210A1037756,에이오엠이,,G2,소매,G221,기타 상품 소매,G22199,그 외 기타 상품 전문 소매업,G47859,그 외 기타 분류 안된 상품 전문 소매업,29,광주광역시,29140,서구,29140745,치평동,2914012000,치평동,2914012000112160003,1,대지,1216,3,광주광역시 서구 치평동 1216-3,291403160023,광주광역시 서구 상무중앙로,84,,2914012000112160003026711,,광주광역시 서구 상무중앙로 84,502827,61949,,,,126.848907741505,35.1542938437114
MA0106202212A1638520,코케아디저트,,G2,소매,G221,기타 상품 소매,G22199,그 외 기타 상품 전문 소매업,G47859,그 외 기타 분류 안된 상품 전문 소매업,29,광주광역시,29155,남구,29155537,봉선1동,2915511500,봉선동,2915511500111570009,1,대지,1157,9,광주광역시 남구 봉선동 1157-9,291554283313,광주광역시 남구 봉선로79번길,6,4,2915510600110320002000001,,광주광역시 남구 봉선로79번길 6-4,503061,61696,,,,126.906459691299,35.1261393073789
MA0106202212A1675247,자연애굼,,G2,소매,G221,기타 상품 소매,G22199,그 외 기타 상품 전문 소매업,G47859,그 외 기타 분류 안된 상품 전문 소매업,41,경기도,41650,포천시,41650370,일동면,4165037023,일동면,4165037023100820033,1,대지,82,33,경기도 포천시 일동면 기산리 82-33,416503213050,경기도 포천시 일동면 화동로,1072,,4165037023100820035046569,,경기도 포천시 일동면 화동로 1072,487851,11117,,,,127.319030998709,37.9587551884225
MA0106202301A1482897,경진불교서적용품,,G2,소매,G221,기타 상품 소매,G22199,그 외 기타 상품 전문 소매업,G47859,그 외 기타 분류 안된 상품 전문 소매업,47,경상북도,47230,영천시,47230540,완산동,4723011300,완산동,4723011300108910000,1,대지,891,,경상북도 영천시 완산동 891,472303310020,경상북도 영천시 완산로,4,19,4723011300108910000002013,,경상북도 영천시 완산로 4-19,770905,38893,,,,128.939695039006,35.9599093153769
MA0106202301A1204411,서현이네반찬하우스,,G2,소매,G221,기타 상품 소매,G22199,그 외 기타 상품 전문 소매업,G47859,그 외 기타 분류 안된 상품 전문 소매업,48,경상남도,48123,창원시 성산구,48123570,웅남동,4812312300,신촌동,4812312300100220003,1,대지,22,3,경상남도 창원시 성산구 신촌동 22-3,481233328024,경상남도 창원시 성산구 신촌로,101,,4812312300100220003022852,제이이,경상남도 창원시 성산구 신촌로 101,642290,51564,,,,128.628818500064,35.2005051914166
MA0106202301A0151669,판테크,,G2,소매,G221,기타 상품 소매,G22199,그 외 기타 상품 전문 소매업,G47859,그 외 기타 분류 안된 상품 전문 소매업,41,경기도,41173,안양시 동안구,41173580,호계1동,4117310400,호계동,4117310400105550009,1,대지,555,9,경기도 안양시 동안구 호계동 555-9,411733182030,경기도 안양시 동안구 엘에스로,76,,4117310400105550009005725,국제유통단지,경기도 안양시 동안구 엘에스로 76,431763,14117,,,,126.953126304246,37.3700450634828
MA0106202301A0150450,대진21,,G2,소매,G221,기타 상품 소매,G22199,그 외 기타 상품 전문 소매업,G47859,그 외 기타 분류 안된 상품 전문 소매업,11,서울특별시,11680,강남구,11680580,삼성1동,1168010500,삼성동,1168010500101590000,1,대지,159,,서울특별시 강남구 삼성동 159,116802122002,서울특별시 강남구 영동대로,513,,1168010500101590009016086,코엑스,서울특별시 강남구 영동대로 513,135525,06164,,2,,127.059155204804,37.5118322933754
MA0106202301A0308962,성수식품,,G2,소매,G221,기타 상품 소매,G22199,그 외 기타 상품 전문 소매업,G47859,그 외 기타 분류 안된 상품 전문 소매업,41,경기도,41650,포천시,41650250,소흘읍,4165025022,소흘읍,4165025022104080001,1,대지,408,1,경기도 포천시 소흘읍 이동교리 408-1,416503000136,경기도 포천시 소흘읍 호국로,224,,4165025022104080001005248,,경기도 포천시 소흘읍 호국로 224,487826,11184,,,,127.126536145354,37.7940029827499
MA0106202301A0684509,승희네해물나라,,G2,소매,G221,기타 상품 소매,G22199,그 외 기타 상품 전문 소매업,G47859,그 외 기타 분류 안된 상품 전문 소매업,51,강원특별자치도,51730,횡성군,51730250,횡성읍,5173025021,횡성읍,5173025021102930005,1,대지,293,5,강원특별자치도 횡성군 횡성읍 읍상리 293-5,517303226065,강원특별자치도 횡성군 횡성읍 읍상서로,12,,4273025021102930005020760,,강원특별자치도 횡성군 횡성읍 읍상서로 12,225807,25232,,,,127.987931287047,37.4900384912266
MA0106202301A1106068,오픈박스광주,첨단점,G2,소매,G221,기타 상품 소매,G22199,그 외 기타 상품 전문 소매업,G47859,그 외 기타 분류 안된 상품 전문 소매업,29,광주광역시,29200,광산구,29200700,신창동,2920011800,신창동,2920011800105070000,1,대지,507,,광주광역시 광산구 신창동 507,292002009002,광주광역시 광산구 북문대로,431,,2920011800105070000015411,,광주광역시 광산구 북문대로 431,506838,62286,,1,,126.847297129406,35.193942494815
MA0106202301A1535436,푸른들물산,,G2,소매,G221,기타 상품 소매,G22199,그 외 기타 상품 전문 소매업,G47859,그 외 기타 분류 안된 상품 전문 소매업,47,경상북도,47190,구미시,47190535,원평동,4719010100,원평동,4719010100110330005,1,대지,1033,5,경상북도 구미시 원평동 1033-5,471903308008,경상북도 구미시 금오시장로,24,1,4719010100110330005017448,,경상북도 구미시 금오시장로 24-1,730924,39229,,,,128.341810332329,36.1267964629269
MA0106202301A0258580,장난감나라,,G2,소매,G221,기타 상품 소매,G22199,그 외 기타 상품 전문 소매업,G47859,그 외 기타 분류 안된 상품 전문 소매업,41,경기도,41281,고양시 덕양구,41281530,흥도동,4128110600,성사동,4128110600101860003,1,대지,186,3,경기도 고양시 덕양구 성사동 186-3,412813192089,경기도 고양시 덕양구 흥도로,409,,4128110600101860003000001,,경기도 고양시 덕양구 흥도로 409,412020,10480,,,,126.850258906716,37.6409366618436
MA0106202212A1035714,에이오엠이,,G2,소매,G221,기타 상품 소매,G22199,그 외 기타 상품 전문 소매업,G47859,그 외 기타 분류 안된 상품 전문 소매업,46,전라남도,46170,나주시,46170620,빛가람동,4617013400,빛가람동,4617013400103480011,1,대지,348,11,전라남도 나주시 빛가람동 348-11,461703295056,전라남도 나주시 문화로,230,,4617013400103480011000001,,전라남도 나주시 문화로 230,520350,58325,,,,126.785277946286,35.0192809675186
MA0106202212A2316362,포도,성신여대점,G2,소매,G221,기타 상품 소매,G22199,그 외 기타 상품 전문 소매업,G47859,그 외 기타 분류 안된 상품 전문 소매업,11,서울특별시,11290,성북구,11290575,동선동,1129011700,동선동2가,1129011700100120000,1,대지,12,,서울특별시 성북구 동선동2가 12,112904121219,서울특별시 성북구 보문로34길,54,,1129011700100120000045325,,서울특별시 성북구 보문로34길 54,136052,02849,,,,127.018354068861,37.5907731281601
MA0106202212A1846043,마리데이,,G2,소매,G221,기타 상품 소매,G22199,그 외 기타 상품 전문 소매업,G47859,그 외 기타 분류 안된 상품 전문 소매업,41,경기도,41630,양주시,41630570,옥정1동,4163011400,옥정동,4163011400109870001,1,대지,987,1,경기도 양주시 옥정동 987-1,416304852494,경기도 양주시 화합로1710번길,12,,4163011400109870001000001,,경기도 양주시 화합로1710번길 12,482130,11465,,,,127.095553080919,37.8388097650951
MA0106202212A1020945,맛있으면빵칼로리디저트,,G2,소매,G221,기타 상품 소매,G22199,그 외 기타 상품 전문 소매업,G47859,그 외 기타 분류 안된 상품 전문 소매업,41,경기도,41500,이천시,41500253,부발읍,4150025330,부발읍,4150025330106650002,1,대지,665,2,경기도 이천시 부발읍 아미리 665-2,415004421027,경기도 이천시 부발읍 경충대로2092번길,39,11,4150025330106650002000001,,경기도 이천시 부발읍 경충대로2092번길 39-11,467866,17332,,,,127.491477532939,37.2530170924074
MA0106202212A1750870,대영상회,,G2,소매,G221,기타 상품 소매,G22199,그 외 기타 상품 전문 소매업,G47859,그 외 기타 분류 안된 상품 전문 소매업,26,부산광역시,26170,동구,26170660,범일2동,2617010400,범일동,2617010400102900003,1,대지,290,3,부산광역시 동구 범일동 290-3,261704181199,부산광역시 동구 범일로65번길,8,,2617010400102910009013593,,부산광역시 동구 범일로65번길 8,601806,48737,,,,129.058684692914,35.1359232933977
MA0106202301A0190314,바니상사,,G2,소매,G221,기타 상품 소매,G22199,그 외 기타 상품 전문 소매업,G47859,그 외 기타 분류 안된 상품 전문 소매업,41,경기도,41113,수원시 권선구,41113670,권선1동,4111313700,권선동,4111313700111580009,1,대지,1158,9,경기도 수원시 권선구 권선동 1158-9,411134325132,경기도 수원시 권선구 권중로4번길,13,3,4111313700111580009028905,,경기도 수원시 권선구 권중로4번길 13-3,441826,16562,,,,127.03261146285,37.2570511103121
MA0106202301A1017988,여수밤바다관광농원,,G2,소매,G221,기타 상품 소매,G22199,그 외 기타 상품 전문 소매업,G47859,그 외 기타 분류 안된 상품 전문 소매업,46,전라남도,46130,여수시,46130250,돌산읍,4613025029,돌산읍,4613025029114050073,1,대지,1405,73,전라남도 여수시 돌산읍 평사리 1405-73,461304646883,전라남도 여수시 돌산읍 진모1길,29,42,4613025029114050052000001,,전라남도 여수시 돌산읍 진모1길 29-42,556905,59771,,,,127.756727293397,34.7061639003802
MA0106202301A0365870,세화파렛텍,,G2,소매,G221,기타 상품 소매,G22199,그 외 기타 상품 전문 소매업,G47859,그 외 기타 분류 안된 상품 전문 소매업,41,경기도,41570,김포시,41570340,대곶면,4157034023,대곶면,4157034023102340001,1,대지,234,1,경기도 김포시 대곶면 약암리 234-1,415703209036,경기도 김포시 대곶면 대곶서로,131,6,4157034023102340001000001,제,경기도 김포시 대곶면 대곶서로 131-6,415830,10042,,,,126.574604031854,37.6331920857588
MA0106202301A0216609,모아산업,,G2,소매,G221,기타 상품 소매,G22199,그 외 기타 상품 전문 소매업,G47859,그 외 기타 분류 안된 상품 전문 소매업,36,세종특별자치시,36110,세종특별자치시,36110380,전동면,3611038031,전동면,3611038031103510006,1,대지,351,6,세종특별자치시 세종특별자치시 전동면 심중리 351-6,361104574356,세종특별자치시 세종특별자치시 전동면 아래깊은내길,1,,4473036031103510006007836,,세종특별자치시 세종특별자치시 전동면 아래깊은내길 1,339843,30012,,,,127.27618681157,36.6440393848698
MA0106202301A0009664,꼬끼오갑곳리지점,,G2,소매,G221,기타 상품 소매,G22199,그 외 기타 상품 전문 소매업,G47859,그 외 기타 분류 안된 상품 전문 소매업,28,인천광역시,28710,강화군,28710250,강화읍,2871025025,강화읍,2871025025103550001,1,대지,355,1,인천광역시 강화군 강화읍 갑곳리 355-1,287102157001,인천광역시 강화군 강화읍 강화대로,268,,2871025025103550001002090,,인천광역시 강화군 강화읍 강화대로 268,417801,23025,,,,126.49988966879,37.7411684635311
MA0106202301A0096005,서울유통,,G2,소매,G221,기타 상품 소매,G22199,그 외 기타 상품 전문 소매업,G47859,그 외 기타 분류 안된 상품 전문 소매업,28,인천광역시,28110,중구,28110630,용유동,2811014900,을왕동,2811014900101790113,1,대지,179,113,인천광역시 중구 을왕동 179-113,281103149015,인천광역시 중구 마시란로,376,5,2811014900101790102226529,,인천광역시 중구 마시란로 376-5,400420,22384,,1,,126.395613335519,37.4472401226953
MA0106202301A0357673,정진,,G2,소매,G221,기타 상품 소매,G22199,그 외 기타 상품 전문 소매업,G47859,그 외 기타 분류 안된 상품 전문 소매업,28,인천광역시,28260,서구,28260530,연희동,2826010600,연희동,2826010600107120017,1,대지,712,17,인천광역시 서구 연희동 712-17,282604268691,인천광역시 서구 탁옥로73번길,46,,2826010600107120017011964,,인천광역시 서구 탁옥로73번길 46,404837,22713,,1,,126.677953132746,37.5478354283642
MA0106202301A0521473,뚱이네반찬,,G2,소매,G221,기타 상품 소매,G22199,그 외 기타 상품 전문 소매업,G47859,그 외 기타 분류 안된 상품 전문 소매업,11,서울특별시,11710,송파구,11710720,잠실7동,1171010100,잠실동,1171010100100850000,1,대지,85,,서울특별시 송파구 잠실동 85,117104169439,서울특별시 송파구 올림픽로4길,17,,1171010100100850000000051,아시아선수촌중심상가,서울특별시 송파구 올림픽로4길 17,138892,05572,,,,127.076717323408,37.5084434262069
MA0106202301A0328015,삼한유공압,,G2,소매,G221,기타 상품 소매,G22199,그 외 기타 상품 전문 소매업,G47859,그 외 기타 분류 안된 상품 전문 소매업,41,경기도,41273,안산시 단원구,41273545,원곡동,4127310800,원곡동,4127310800109940005,1,대지,994,5,경기도 안산시 단원구 원곡동 994-5,412733191083,경기도 안산시 단원구 풍전로,7,,4127310800109940005046580,유통상가,경기도 안산시 단원구 풍전로 7,425780,15431,,,,126.787700657123,37.3225868805499
MA0106202301A0377538,경기상회,,G2,소매,G221,기타 상품 소매,G22199,그 외 기타 상품 전문 소매업,G47859,그 외 기타 분류 안된 상품 전문 소매업,28,인천광역시,28200,남동구,28200583,만수6동,2820010300,만수동,2820010300110240008,1,대지,1024,8,인천광역시 남동구 만수동 1024-8,282004259658,인천광역시 남동구 장승남로47번길,32,17,2820010300110240008007277,,인천광역시 남동구 장승남로47번길 32-17,405868,21594,,,,126.738547360011,37.4451084843673
MA0106202301A0772188,끌림,,G2,소매,G221,기타 상품 소매,G22199,그 외 기타 상품 전문 소매업,G47859,그 외 기타 분류 안된 상품 전문 소매업,11,서울특별시,11710,송파구,11710561,방이1동,1171011100,방이동,1171011100101260002,1,대지,126,2,서울특별시 송파구 방이동 126-2,117103123001,서울특별시 송파구 가락로,240,,1171011100101260002017492,장안빌딩,서울특별시 송파구 가락로 240,138831,05644,,1,,127.118046529771,37.5094725391131
MA0106202301A0204792,삼마,,G2,소매,G221,기타 상품 소매,G22199,그 외 기타 상품 전문 소매업,G47859,그 외 기타 분류 안된 상품 전문 소매업,41,경기도,41113,수원시 권선구,41113690,곡선동,4111313600,곡반정동,4111313600103450001,1,대지,345,1,경기도 수원시 권선구 곡반정동 345-1,411133175005,경기도 수원시 권선구 곡반정로,64,22,4111313600103450001000001,,경기도 수원시 권선구 곡반정로 64-22,441400,16668,,,,127.028521884805,37.2333907241967
MA0106202301A0170746,엉아,,G2,소매,G221,기타 상품 소매,G22199,그 외 기타 상품 전문 소매업,G47859,그 외 기타 분류 안된 상품 전문 소매업,28,인천광역시,28237,부평구,28237581,산곡3동,2823710300,산곡동,2823710300103170062,1,대지,317,62,인천광역시 부평구 산곡동 317-62,282373154063,인천광역시 부평구 화랑북로,23,3,2823710300103170062005164,,인천광역시 부평구 화랑북로 23-3,403839,21380,,,,126.705496673636,37.4960187667587
MA0106202301A0711640,강원식품,,G2,소매,G221,기타 상품 소매,G22199,그 외 기타 상품 전문 소매업,G47859,그 외 기타 분류 안된 상품 전문 소매업,51,강원특별자치도,51820,고성군,51820253,거진읍,5182025321,거진읍,5182025321100010000,1,대지,1,,강원특별자치도 고성군 거진읍 거진리 1,518204502150,강원특별자치도 고성군 거진읍 빨래골길,24,18,4282025321100010000020912,,강원특별자치도 고성군 거진읍 빨래골길 24-18,219901,24712,,,,128.462844684631,38.4524578071935
MA0106202301A0294607,미진네반찬통,,G2,소매,G221,기타 상품 소매,G22199,그 외 기타 상품 전문 소매업,G47859,그 외 기타 분류 안된 상품 전문 소매업,28,인천광역시,28177,미추홀구,28177560,용현3동,2817710200,용현동,2817710200104590061,1,대지,459,61,인천광역시 미추홀구 용현동 459-61,281774253181,인천광역시 미추홀구 독정이로33번길,61,,2817010200104590061103478,,인천광역시 미추홀구 독정이로33번길 61,402831,22179,,,,126.650433656616,37.457792184035
MA0106202301A0370886,SR메카텍에스알메카텍,,G2,소매,G221,기타 상품 소매,G22199,그 외 기타 상품 전문 소매업,G47859,그 외 기타 분류 안된 상품 전문 소매업,41,경기도,41173,안양시 동안구,41173580,호계1동,4117310400,호계동,4117310400105550009,1,대지,555,9,경기도 안양시 동안구 호계동 555-9,411733182030,경기도 안양시 동안구 엘에스로,76,,4117310400105550009005725,국제유통단지,경기도 안양시 동안구 엘에스로 76,431763,14117,,,,126.953126304246,37.3700450634828
MA0106202301A0673745,제이비티케이,,G2,소매,G221,기타 상품 소매,G22199,그 외 기타 상품 전문 소매업,G47859,그 외 기타 분류 안된 상품 전문 소매업,44,충청남도,44210,서산시,44210340,지곡면,4421034029,지곡면,4421034029117390000,1,대지,1739,,충청남도 서산시 지곡면 무장리 1739,442103265069,충청남도 서산시 지곡면 무장산업로,196,,4421034029117390000000001,,충청남도 서산시 지곡면 무장산업로 196,356863,31919,,,,126.460774496392,36.8478982835046
MA0106202301A0159770,루나컴퍼니,,G2,소매,G221,기타 상품 소매,G22199,그 외 기타 상품 전문 소매업,G47859,그 외 기타 분류 안된 상품 전문 소매업,41,경기도,41273,안산시 단원구,41273545,원곡동,4127310800,원곡동,4127310800109940006,1,대지,994,6,경기도 안산시 단원구 원곡동 994-6,412733191083,경기도 안산시 단원구 풍전로,37,9,4127310800109940006013056,,경기도 안산시 단원구 풍전로 37-9,425850,15431,,2,,126.788663259725,37.325327739093
MA0106202301A0151873,인실리코젠,,G2,소매,G221,기타 상품 소매,G22199,그 외 기타 상품 전문 소매업,G47859,그 외 기타 분류 안된 상품 전문 소매업,41,경기도,41463,용인시 기흥구,41463516,영덕1동,4146311100,영덕동,4146311100110050000,1,대지,1005,,경기도 용인시 기흥구 영덕동 1005,414633204069,경기도 용인시 기흥구 흥덕1로,13,,4146311100110050000000001,,경기도 용인시 기흥구 흥덕1로 13,446908,16954,,,,127.066339892417,37.2710301989137
MA0106202301A0382026,강원식품,,G2,소매,G221,기타 상품 소매,G22199,그 외 기타 상품 전문 소매업,G47859,그 외 기타 분류 안된 상품 전문 소매업,31,울산광역시,31110,중구,31110640,약사동,3111011700,약사동,3111011700108570001,1,대지,857,1,울산광역시 중구 약사동 857-1,311103169027,울산광역시 중구 북부순환도로,734,,3111011700108570001000001,,울산광역시 중구 북부순환도로 734,681430,44474,,,,129.335783312032,35.5716340696546
MA0106202301A0111450,건원상사,,G2,소매,G221,기타 상품 소매,G22199,그 외 기타 상품 전문 소매업,G47859,그 외 기타 분류 안된 상품 전문 소매업,11,서울특별시,11650,서초구,11650560,반포1동,1165010700,반포동,1165010700107320030,1,대지,732,30,서울특별시 서초구 반포동 732-30,116504163033,서울특별시 서초구 강남대로83길,60,,1165010700107320030018396,,서울특별시 서초구 강남대로83길 60,137810,06540,,,,127.020798535015,37.5048805075827
MA0106202301A0007082,협동소방설비,,G2,소매,G221,기타 상품 소매,G22199,그 외 기타 상품 전문 소매업,G47859,그 외 기타 분류 안된 상품 전문 소매업,11,서울특별시,11110,종로구,11110615,종로1.2.3.4가동,1111015500,관수동,1111015500101200001,1,대지,120,1,서울특별시 종로구 관수동 120-1,111103100021,서울특별시 종로구 청계천로,121,,1111015500101200001015473,,서울특별시 종로구 청계천로 121,110420,03192,,,,126.990978507187,37.5685196600926
MA0106202301A0701541,최강유통,,G2,소매,G221,기타 상품 소매,G22199,그 외 기타 상품 전문 소매업,G47859,그 외 기타 분류 안된 상품 전문 소매업,51,강원특별자치도,51150,강릉시,51150645,성덕동,5115012700,두산동,5115012700102370022,1,대지,237,22,강원특별자치도 강릉시 두산동 237-22,511504460075,강원특별자치도 강릉시 강변로648번길,38,,4215012700102370022000001,,강원특별자치도 강릉시 강변로648번길 38,210270,25575,,,,128.930899984593,37.7661303017657
MA0106202301A1511989,초이앤케이,,G2,소매,G221,기타 상품 소매,G22199,그 외 기타 상품 전문 소매업,G47859,그 외 기타 분류 안된 상품 전문 소매업,48,경상남도,48310,거제시,48310590,상문동,4831011000,상동동,4831011000101160004,1,대지,116,4,경상남도 거제시 상동동 116-4,483104811293,경상남도 거제시 상동1길,22,,,,경상남도 거제시 상동1길 22,656300,53296,,,,128.639076196992,34.8648577379223
MA0106202301A1168213,만개유통,,G2,소매,G221,기타 상품 소매,G22199,그 외 기타 상품 전문 소매업,G47859,그 외 기타 분류 안된 상품 전문 소매업,28,인천광역시,28110,중구,28110628,운서동,2811014700,운서동,2811014700127140005,1,대지,2714,5,인천광역시 중구 운서동 2714-5,281104247166,인천광역시 중구 신도시북로88번길,32,,2811014700127140005222841,,인천광역시 중구 신도시북로88번길 32,400833,22366,,,,126.488079261116,37.4983040427635
MA0106202301A0164237,대인산업안전,,G2,소매,G221,기타 상품 소매,G22199,그 외 기타 상품 전문 소매업,G47859,그 외 기타 분류 안된 상품 전문 소매업,28,인천광역시,28140,동구,28140570,송현3동,2814010300,송현동,2814010300101290000,1,대지,129,,인천광역시 동구 송현동 129,281404250066,인천광역시 동구 방축로37번길,30,,2814010300101290000001672,산업유통센터,인천광역시 동구 방축로37번길 30,401704,22530,,,,126.652754921392,37.4861987386311
MA0106202301A1203720,은혜네반찬,,G2,소매,G221,기타 상품 소매,G22199,그 외 기타 상품 전문 소매업,G47859,그 외 기타 분류 안된 상품 전문 소매업,29,광주광역시,29170,북구,29170615,동림동,2917010800,동림동,2917010800111470004,1,대지,1147,4,광주광역시 북구 동림동 1147-4,291704286298,광주광역시 북구 북문대로242번길,13,,2917010800111470004042910,상가푸른마을주공3단지,광주광역시 북구 북문대로242번길 13,500805,61096,,,,126.865961857931,35.1883221143238
MA0106202301A0049039,국제기계,,G2,소매,G221,기타 상품 소매,G22199,그 외 기타 상품 전문 소매업,G47859,그 외 기타 분류 안된 상품 전문 소매업,41,경기도,41390,시흥시,41390592,정왕2동,4139013200,정왕동,4139013200113640000,1,대지,1364,,경기도 시흥시 정왕동 1364,413902199001,경기도 시흥시 공단1대로,204,,4139013200113640000014640,,경기도 시흥시 공단1대로 204,429879,15090,,,,126.724701548813,37.3377115059812
MA0106202212A1850627,과일나라앨리스광주,직영점,G2,소매,G221,기타 상품 소매,G22199,그 외 기타 상품 전문 소매업,G47859,그 외 기타 분류 안된 상품 전문 소매업,29,광주광역시,29140,서구,29140660,농성2동,2914010600,농성동,2914010600106400012,1,대지,640,12,광주광역시 서구 농성동 640-12,291404280537,광주광역시 서구 화정로293번길,6,,2914010600106400010026586,,광주광역시 서구 화정로293번길 6,502812,61927,,,,126.887962300295,35.1501539398153
MA0106202211A1018803,순영잡화,,G2,소매,G221,기타 상품 소매,G22199,그 외 기타 상품 전문 소매업,G47859,그 외 기타 분류 안된 상품 전문 소매업,51,강원특별자치도,51210,속초시,51210540,금호동,5121010300,중앙동,5121010300104820144,1,대지,482,144,강원특별자치도 속초시 중앙동 482-144,512103223018,강원특별자치도 속초시 청초호반로,314,,4221010300104820144011017,,강원특별자치도 속초시 청초호반로 314,217807,24838,,,,128.591574831977,38.2019339730657
MA0106202211A1173649,도란도란,,G2,소매,G221,기타 상품 소매,G22199,그 외 기타 상품 전문 소매업,G47859,그 외 기타 분류 안된 상품 전문 소매업,52,전북특별자치도,52180,정읍시,52180545,시기동,5218010400,시기동,5218010400103090001,1,대지,309,1,전북특별자치도 정읍시 시기동 309-1,521803270043,전북특별자치도 정읍시 초산로,63,,4518010400103090001082283,,전북특별자치도 정읍시 초산로 63,580060,56162,,,,126.854440221686,35.5644323070603
MA0106202211A0528999,타코아지트,,G2,소매,G221,기타 상품 소매,G22199,그 외 기타 상품 전문 소매업,G47859,그 외 기타 분류 안된 상품 전문 소매업,28,인천광역시,28200,남동구,28200690,논현1동,2820011000,논현동,2820011000105930011,1,대지,593,11,인천광역시 남동구 논현동 593-11,282004259213,인천광역시 남동구 논고개로176번길,6,1,2820011000105930011000001,,인천광역시 남동구 논고개로176번길 6-1,405825,21658,,,,126.723782789962,37.4067367265359
MA0106202211A1093593,롤링타바코매니아,,G2,소매,G221,기타 상품 소매,G22199,그 외 기타 상품 전문 소매업,G47859,그 외 기타 분류 안된 상품 전문 소매업,28,인천광역시,28710,강화군,28710250,강화읍,2871025024,강화읍,2871025024102420004,1,대지,242,4,인천광역시 강화군 강화읍 남산리 242-4,287103150025,인천광역시 강화군 강화읍 중앙로,45,,2871025024102420004002443,,인천광역시 강화군 강화읍 중앙로 45,417805,23037,,,,126.489634471335,37.7393586239485
MA0106202211A1900517,에이에이디자인,,G2,소매,G221,기타 상품 소매,G22199,그 외 기타 상품 전문 소매업,G47859,그 외 기타 분류 안된 상품 전문 소매업,26,부산광역시,26410,금정구,26410610,장전2동,2641010800,장전동,2641010800102930081,1,대지,293,81,부산광역시 금정구 장전동 293-81,264104205359,부산광역시 금정구 장전로18번길,16,,2641010800102930081007471,,부산광역시 금정구 장전로18번길 16,609392,46292,,,,129.087370235504,35.2285666341041
MA0106202211A2236462,프룻썸,방이점,G2,소매,G221,기타 상품 소매,G22199,그 외 기타 상품 전문 소매업,G47859,그 외 기타 분류 안된 상품 전문 소매업,11,서울특별시,11710,송파구,11710562,방이2동,1171011100,방이동,1171011100100640000,1,대지,64,,서울특별시 송파구 방이동 64,117104169374,서울특별시 송파구 오금로11길,6,,1171011100100640000015722,,서울특별시 송파구 오금로11길 6,138828,05548,,,,127.107941897073,37.5142304955974
MA0106202211A1054659,에밋박스,,G2,소매,G221,기타 상품 소매,G22199,그 외 기타 상품 전문 소매업,G47859,그 외 기타 분류 안된 상품 전문 소매업,43,충청북도,43113,청주시 흥덕구,43113700,운천.신봉동,4311310400,운천동,4311310400111730000,1,대지,1173,,충청북도 청주시 흥덕구 운천동 1173,431134511859,충청북도 청주시 흥덕구 직지대로753번길,38,,4311310400111730000015519,,충청북도 청주시 흥덕구 직지대로753번길 38,361841,28470,,,,127.476017804913,36.6458144961555
MA0106202211A0563155,시즈널쿡,,G2,소매,G221,기타 상품 소매,G22199,그 외 기타 상품 전문 소매업,G47859,그 외 기타 분류 안된 상품 전문 소매업,41,경기도,41465,용인시 수지구,41465590,성복동,4146510600,성복동,4146510600100980010,1,대지,98,10,경기도 용인시 수지구 성복동 98-10,414653205010,경기도 용인시 수지구 성복2로,84,,4146510600100980010028152,,경기도 용인시 수지구 성복2로 84,448830,16850,,,,127.077141440146,37.3156610498761
MA0106202211A1783153,하늘바라기,,G2,소매,G221,기타 상품 소매,G22199,그 외 기타 상품 전문 소매업,G47859,그 외 기타 분류 안된 상품 전문 소매업,48,경상남도,48125,창원시 마산합포구,48125330,진북면,4812533021,진북면,4812533021104090006,1,대지,409,6,경상남도 창원시 마산합포구 진북면 지산리 409-6,481254793733,경상남도 창원시 마산합포구 진북면 대평안길,76,1,4812533021104090001059498,,경상남도 창원시 마산합포구 진북면 대평안길 76-1,631823,51786,,,,128.459474333724,35.1272838096811
MA0106202211A1969739,프리마켓,,G2,소매,G221,기타 상품 소매,G22199,그 외 기타 상품 전문 소매업,G47859,그 외 기타 분류 안된 상품 전문 소매업,43,충청북도,43720,보은군,43720250,보은읍,4372025021,보은읍,4372025021101350010,1,대지,135,10,충청북도 보은군 보은읍 삼산리 135-10,437203241015,충청북도 보은군 보은읍 삼산로,27,,4372025021101350010003070,,충청북도 보은군 보은읍 삼산로 27,376807,28949,,,,127.719056950823,36.4838251642087
MA0106202211A2322749,단디라이프,,G2,소매,G221,기타 상품 소매,G22199,그 외 기타 상품 전문 소매업,G47859,그 외 기타 분류 안된 상품 전문 소매업,26,부산광역시,26440,강서구,26440510,대저1동,2644010100,대저1동,2644010100113580081,1,대지,1358,81,부산광역시 강서구 대저1동 1358-81,264404208249,부산광역시 강서구 대저로171번길,159,5,2644010100113580081000001,,부산광역시 강서구 대저로171번길 159-5,618805,46702,,,,128.970694687819,35.2182852659359
MA0106202210A1226518,마더네이처,,G2,소매,G221,기타 상품 소매,G22199,그 외 기타 상품 전문 소매업,G47859,그 외 기타 분류 안된 상품 전문 소매업,46,전라남도,46170,나주시,46170600,이창동,4617013100,동수동,4617013100103850005,1,대지,385,5,전라남도 나주시 동수동 385-5,461704652155,전라남도 나주시 동수농공단지길,30,5,4617013100200150012023837,,전라남도 나주시 동수농공단지길 30-5,520952,58275,,,,126.689424593531,34.9852357799729
MA0106202210A2073095,기이은전,,G2,소매,G221,기타 상품 소매,G22199,그 외 기타 상품 전문 소매업,G47859,그 외 기타 분류 안된 상품 전문 소매업,43,충청북도,43113,청주시 흥덕구,43113742,복대2동,4311311400,복대동,4311311400108850008,1,대지,885,8,충청북도 청주시 흥덕구 복대동 885-8,431133237019,충청북도 청주시 흥덕구 내수동로,59,2,4311311400108850008005247,,충청북도 청주시 흥덕구 내수동로 59-2,361814,28641,,,,127.454079028803,36.6327706945358
MA0106202210A2213788,카리테,,G2,소매,G221,기타 상품 소매,G22199,그 외 기타 상품 전문 소매업,G47859,그 외 기타 분류 안된 상품 전문 소매업,41,경기도,41430,의왕시,41430520,부곡동,4143010300,삼동,4143010300107450000,1,대지,745,,경기도 의왕시 삼동 745,414303352559,경기도 의왕시 오봉산단3로,25,,4143010300107450000000001,,경기도 의왕시 오봉산단3로 25,437040,16079,,,,126.953389056722,37.3285257475261
MA0106202210A2207603,에이치에스바이오,,G2,소매,G221,기타 상품 소매,G22199,그 외 기타 상품 전문 소매업,G47859,그 외 기타 분류 안된 상품 전문 소매업,11,서울특별시,11230,동대문구,11230750,이문2동,1123011000,이문동,1123011000101700056,1,대지,170,56,서울특별시 동대문구 이문동 170-56,112304115212,서울특별시 동대문구 신이문로18길,53,,1123011000101700056001388,,서울특별시 동대문구 신이문로18길 53,130827,02416,,,,127.065397045813,37.6005502144076
MA0106202301A0108375,제이트로닉스구로영업소,,G2,소매,G221,기타 상품 소매,G22199,그 외 기타 상품 전문 소매업,G47859,그 외 기타 분류 안된 상품 전문 소매업,11,서울특별시,11530,구로구,11530530,구로2동,1153010200,구로동,1153010200112580000,1,대지,1258,,서울특별시 구로구 구로동 1258,115304148108,서울특별시 구로구 경인로53길,15,,1153010200112580000017234,중앙유통,서울특별시 구로구 경인로53길 15,152721,08217,,,,126.876118294779,37.5020332748086
MA0106202301A0404060,영레이저,,G2,소매,G221,기타 상품 소매,G22199,그 외 기타 상품 전문 소매업,G47859,그 외 기타 분류 안된 상품 전문 소매업,41,경기도,41590,화성시,41590400,양감면,4159040027,양감면,4159040027114050000,1,대지,1405,,경기도 화성시 양감면 대양리 1405,415903210088,경기도 화성시 양감면 은행나무로,534,,4159040027114050000000001,,경기도 화성시 양감면 은행나무로 534,445931,18631,,,,126.936685439656,37.1046793337289
MA0106202301A0029499,금강식품,,G2,소매,G221,기타 상품 소매,G22199,그 외 기타 상품 전문 소매업,G47859,그 외 기타 분류 안된 상품 전문 소매업,11,서울특별시,11140,중구,11140635,약수동,1114016200,신당동,1114016200103730126,1,대지,373,126,서울특별시 중구 신당동 373-126,111403005001,서울특별시 중구 동호로,166,,1114016200103730126007178,,서울특별시 중구 동호로 166,100840,04594,,1,,127.012188419789,37.5532925296102
MA0106202301A0372868,잎순,,G2,소매,G221,기타 상품 소매,G22199,그 외 기타 상품 전문 소매업,G47859,그 외 기타 분류 안된 상품 전문 소매업,11,서울특별시,11710,송파구,11710620,가락본동,1171010700,가락동,1171010700101070009,1,대지,107,9,서울특별시 송파구 가락동 107-9,117103000034,서울특별시 송파구 동남로,103,,1171010700101070009007270,청송빌딩,서울특별시 송파구 동남로 103,138806,05831,,1,,127.122832758646,37.4899428669965
MA0106202212A0714178,제이비사이언스,,G2,소매,G221,기타 상품 소매,G22199,그 외 기타 상품 전문 소매업,G47859,그 외 기타 분류 안된 상품 전문 소매업,51,강원특별자치도,51110,춘천시,51110390,동내면,5111039021,동내면,5111039021105440000,1,대지,544,,강원특별자치도 춘천시 동내면 거두리 544,511103218038,강원특별자치도 춘천시 동내면 춘천순환로,211,,4211039021105440000000001,,강원특별자치도 춘천시 동내면 춘천순환로 211,200883,24400,,,,127.76458270661,37.8612593999323
MA0106202212A2247801,에스엔피,,G2,소매,G221,기타 상품 소매,G22199,그 외 기타 상품 전문 소매업,G47859,그 외 기타 분류 안된 상품 전문 소매업,41,경기도,41590,화성시,41590410,정남면,4159041026,정남면,4159041026100540018,1,대지,54,18,경기도 화성시 정남면 백리 54-18,415903210146,경기도 화성시 정남면 시청로,1560,36,4159041026100540018000001,,경기도 화성시 정남면 시청로 1560-36,445962,18336,,,,126.946289892859,37.1725790329122
MA0106202212A1316561,캔들레시피,,G2,소매,G221,기타 상품 소매,G22199,그 외 기타 상품 전문 소매업,G47859,그 외 기타 분류 안된 상품 전문 소매업,51,강원특별자치도,51150,강릉시,51150510,홍제동,5115010100,홍제동,5115010100110230002,1,대지,1023,2,강원특별자치도 강릉시 홍제동 1023-2,511504461085,강원특별자치도 강릉시 선수촌로63번길,30,13,4215010100110230002000001,,강원특별자치도 강릉시 선수촌로63번길 30-13,210949,25522,,,,128.866873352076,37.7574602451018
MA0106202212A2353182,롤로수제담배,우산점,G2,소매,G221,기타 상품 소매,G22199,그 외 기타 상품 전문 소매업,G47859,그 외 기타 분류 안된 상품 전문 소매업,51,강원특별자치도,51130,원주시,51130600,우산동,5113011100,우산동,5113011100102350003,1,대지,235,3,강원특별자치도 원주시 우산동 235-3,511303219039,강원특별자치도 원주시 우산로,33,,4213011100102350003019206,,강원특별자치도 원주시 우산로 33,220955,26344,,,,127.936131092001,37.3673497091633
MA0106202212A1071888,왔다상사,,G2,소매,G221,기타 상품 소매,G22199,그 외 기타 상품 전문 소매업,G47859,그 외 기타 분류 안된 상품 전문 소매업,26,부산광역시,26230,부산진구,26230610,전포2동,2623010200,전포동,2623010200105530004,1,대지,553,4,부산광역시 부산진구 전포동 553-4,262304187697,부산광역시 부산진구 중앙대로824번길,5,,2623010200105530004007421,,부산광역시 부산진구 중앙대로824번길 5,614870,47236,,,,129.065844823898,35.1644313153921
MA0106202301A0383551,가온푸드,,G2,소매,G221,기타 상품 소매,G22199,그 외 기타 상품 전문 소매업,G47859,그 외 기타 분류 안된 상품 전문 소매업,41,경기도,41390,시흥시,41390520,신천동,4139010200,신천동,4139010200108420004,1,대지,842,4,경기도 시흥시 신천동 842-4,413904397429,경기도 시흥시 신천로83번길,19,1,4139010200108420004007620,,경기도 시흥시 신천로83번길 19-1,429825,14949,,,,126.783669493954,37.437757315263
MA0106202301A0961305,한밭도장기기,,G2,소매,G221,기타 상품 소매,G22199,그 외 기타 상품 전문 소매업,G47859,그 외 기타 분류 안된 상품 전문 소매업,30,대전광역시,30110,동구,30110695,삼성동,3011011800,삼성동,3011011800103790003,1,대지,379,3,대전광역시 동구 삼성동 379-3,301103010002,대전광역시 동구 대전로,987,1,3011011800103790003010146,,대전광역시 동구 대전로 987-1,300816,34563,,,,127.420605652805,36.3441551862518
MA0106202301A0184112,청아,,G2,소매,G221,기타 상품 소매,G22199,그 외 기타 상품 전문 소매업,G47859,그 외 기타 분류 안된 상품 전문 소매업,41,경기도,41410,군포시,41410510,군포1동,4141010200,당정동,4141010200102030001,1,대지,203,1,경기도 군포시 당정동 203-1,414103200008,경기도 군포시 농심로,36,,4141010200102030001005936,,경기도 군포시 농심로 36,435713,15842,,,,126.953967369272,37.3608008607597
MA0106202301A0310483,티에스,,G2,소매,G221,기타 상품 소매,G22199,그 외 기타 상품 전문 소매업,G47859,그 외 기타 분류 안된 상품 전문 소매업,41,경기도,41360,남양주시,41360259,진건읍,4136025923,진건읍,4136025923103330000,1,대지,333,,경기도 남양주시 진건읍 진관리 333,413604391681,경기도 남양주시 진건읍 진관로363번길,45,,4136025923103330000013372,,경기도 남양주시 진건읍 진관로363번길 45,472831,12139,,,,127.159974935975,37.6421485668098
MA0106202301A0404835,오렌지삭스,,G2,소매,G221,기타 상품 소매,G22199,그 외 기타 상품 전문 소매업,G47859,그 외 기타 분류 안된 상품 전문 소매업,41,경기도,41135,성남시 분당구,41135580,서현1동,4113510500,서현동,4113510500102680005,1,대지,268,5,경기도 성남시 분당구 서현동 268-5,411354340162,경기도 성남시 분당구 분당로53번길,12,,4113510500102680005037762,나산프라자,경기도 성남시 분당구 분당로53번길 12,463824,13591,,B1,,127.121993013319,37.3836779989733
MA0106202301A0158654,예지유통,,G2,소매,G221,기타 상품 소매,G22199,그 외 기타 상품 전문 소매업,G47859,그 외 기타 분류 안된 상품 전문 소매업,28,인천광역시,28140,동구,28140640,금창동,2814010600,금곡동,2814010600100410010,1,대지,41,10,인천광역시 동구 금곡동 41-10,281404250009,인천광역시 동구 금곡로36번길,5,,2814010600100410010117061,,인천광역시 동구 금곡로36번길 5,401060,22563,,,,126.639781361115,37.4730322589328
MA0106202301A0326525,유유과학계측기,,G2,소매,G221,기타 상품 소매,G22199,그 외 기타 상품 전문 소매업,G47859,그 외 기타 분류 안된 상품 전문 소매업,41,경기도,41273,안산시 단원구,41273545,원곡동,4127310800,원곡동,4127310800109940005,1,대지,994,5,경기도 안산시 단원구 원곡동 994-5,412733191083,경기도 안산시 단원구 풍전로,7,,4127310800109940005046580,유통상가,경기도 안산시 단원구 풍전로 7,425780,15431,,,,126.787700657123,37.3225868805499
MA0106202301A0944600,아이시스,,G2,소매,G221,기타 상품 소매,G22199,그 외 기타 상품 전문 소매업,G47859,그 외 기타 분류 안된 상품 전문 소매업,44,충청남도,44200,아산시,44200590,온양3동,4420011400,권곡동,4420011400105240001,1,대지,524,1,충청남도 아산시 권곡동 524-1,442003249071,충청남도 아산시 충무로,102,,4420011400105240014030807,,충청남도 아산시 충무로 102,336030,31515,,,,127.00745049703,36.7900622699496
MA0106202301A1384666,모아유통,,G2,소매,G221,기타 상품 소매,G22199,그 외 기타 상품 전문 소매업,G47859,그 외 기타 분류 안된 상품 전문 소매업,41,경기도,41220,평택시,41220250,팽성읍,4122025024,팽성읍,4122025024101530027,1,대지,153,27,경기도 평택시 팽성읍 노와리 153-27,412204364089,경기도 평택시 팽성읍 노와4길,57,,4122025024101530027000001,,경기도 평택시 팽성읍 노와4길 57,451805,18001,,,,127.079916082593,36.9512878278257
MA0106202301A0512117,남양식품,,G2,소매,G221,기타 상품 소매,G22199,그 외 기타 상품 전문 소매업,G47859,그 외 기타 분류 안된 상품 전문 소매업,11,서울특별시,11140,중구,11140590,광희동,1114015400,오장동,1114015400100140089,1,대지,14,89,서울특별시 중구 오장동 14-89,111404103249,서울특별시 중구 을지로32길,36,16,1114015400100140089014446,,서울특별시 중구 을지로32길 36-16,100310,04547,,,,126.999558567616,37.5649880999696
MA0106202301A0207817,부산티앤디,,G2,소매,G221,기타 상품 소매,G22199,그 외 기타 상품 전문 소매업,G47859,그 외 기타 분류 안된 상품 전문 소매업,41,경기도,41220,평택시,41220560,송북동,4122011000,지산동,4122011000110290000,1,대지,1029,,경기도 평택시 지산동 1029,412203188087,경기도 평택시 지산2로,108,,4122011000110290000008324,삼익쌍용아파트,경기도 평택시 지산2로 108,459750,17756,,,,127.060876753492,37.0808383474621
MA0106202301A0365208,참이맛,,G2,소매,G221,기타 상품 소매,G22199,그 외 기타 상품 전문 소매업,G47859,그 외 기타 분류 안된 상품 전문 소매업,28,인천광역시,28237,부평구,28237550,부평5동,2823710100,부평동,2823710100101670003,1,대지,167,3,인천광역시 부평구 부평동 167-3,282374262439,인천광역시 부평구 부흥로366번길,21,,2823710100101670003110872,,인천광역시 부평구 부흥로366번길 21,403821,21397,,,,126.732463813474,37.4969208494165
MA0106202301A0327539,동아화공약품상사,,G2,소매,G221,기타 상품 소매,G22199,그 외 기타 상품 전문 소매업,G47859,그 외 기타 분류 안된 상품 전문 소매업,41,경기도,41390,시흥시,41390592,정왕2동,4139013200,정왕동,4139013200113640000,1,대지,1364,,경기도 시흥시 정왕동 1364,413902199001,경기도 시흥시 공단1대로,204,,4139013200113640000014640,공구상가,경기도 시흥시 공단1대로 204,429879,15090,,,,126.724701548813,37.3377115059812
MA0106202301A0343869,준아트홀,,G2,소매,G221,기타 상품 소매,G22199,그 외 기타 상품 전문 소매업,G47859,그 외 기타 분류 안된 상품 전문 소매업,41,경기도,41115,수원시 팔달구,41115650,매교동,4111513200,교동,4111513200102010003,1,대지,201,3,경기도 수원시 팔달구 교동 201-3,411153176007,경기도 수원시 팔달구 매산로,93,8,4111513200102010003014616,,경기도 수원시 팔달구 매산로 93-8,442845,16463,,,,127.011443712129,37.2708139623922
MA0106202301A1280029,휴비스새마을금고-구내매점,,G2,소매,G221,기타 상품 소매,G22199,그 외 기타 상품 전문 소매업,G47859,그 외 기타 분류 안된 상품 전문 소매업,52,전북특별자치도,52113,전주시 덕진구,52113600,팔복동,5211310900,팔복동2가,5211310900103390000,1,대지,339,,전북특별자치도 전주시 덕진구 팔복동2가 339,521132266001,전북특별자치도 전주시 덕진구 기린대로,787,,4511310900103390000000771,,전북특별자치도 전주시 덕진구 기린대로 787,561720,54881,,,,127.096425029626,35.8543142903047
MA0106202301A0965568,두루과학,,G2,소매,G221,기타 상품 소매,G22199,그 외 기타 상품 전문 소매업,G47859,그 외 기타 분류 안된 상품 전문 소매업,36,세종특별자치시,36110,세종특별자치시,36110250,조치원읍,3611025032,조치원읍,3611025032103610002,1,대지,361,2,세종특별자치시 세종특별자치시 조치원읍 신안리 361-2,361104574340,세종특별자치시 세종특별자치시 조치원읍 신안새동네길,39,13,3611025032103610002000001,,세종특별자치시 세종특별자치시 조치원읍 신안새동네길 39-13,339886,30016,,3,,127.288357872329,36.6152282828808
MA0106202301A1020554,디그니티,,G2,소매,G221,기타 상품 소매,G22199,그 외 기타 상품 전문 소매업,G47859,그 외 기타 분류 안된 상품 전문 소매업,26,부산광역시,26500,수영구,26500660,남천1동,2650010500,남천동,2650010500100140020,1,대지,14,20,부산광역시 수영구 남천동 14-20,265003138008,부산광역시 수영구 남천동로,11,1,2650010500100140020002127,,부산광역시 수영구 남천동로 11-1,613814,48307,,1,,129.110179443957,35.1427781342172
MA0106202301A1543370,시장메리야스총판,,G2,소매,G221,기타 상품 소매,G22199,그 외 기타 상품 전문 소매업,G47859,그 외 기타 분류 안된 상품 전문 소매업,27,대구광역시,27710,달성군,27710265,현풍읍,2771026526,현풍읍,2771026526100120000,1,대지,12,,대구광역시 달성군 현풍읍 원교리 12,277104244269,대구광역시 달성군 현풍읍 비슬로130길,51,,2771036026100120000020088,,대구광역시 달성군 현풍읍 비슬로130길 51,711874,43003,,,,128.442261301998,35.694334985821
MA0106202301A0279657,버스매표소,,G2,소매,G221,기타 상품 소매,G22199,그 외 기타 상품 전문 소매업,G47859,그 외 기타 분류 안된 상품 전문 소매업,41,경기도,41196,부천시 오정구,41196530,원종2동,4119610400,원종동,4119610400104040000,1,대지,404,,경기도 부천시 오정구 원종동 404,411963012096,경기도 부천시 오정구 소사로,783,2,4119012000104040000000006,소사,경기도 부천시 오정구 소사로 783-2,421202,14427,,,,126.804716798075,37.5261017085609
MA0106202301A0554470,루미나노,,G2,소매,G221,기타 상품 소매,G22199,그 외 기타 상품 전문 소매업,G47859,그 외 기타 분류 안된 상품 전문 소매업,11,서울특별시,11200,성동구,11200550,사근동,1120010700,행당동,1120010700100170000,1,대지,17,,서울특별시 성동구 행당동 17,112003005011,서울특별시 성동구 왕십리로,222,,1120010600101020013020146,한양대학교,서울특별시 성동구 왕십리로 222,133791,04763,,,,127.0466155153,37.554500303914
MA0106202301A1043884,큐리키즈카페,,G2,소매,G221,기타 상품 소매,G22199,그 외 기타 상품 전문 소매업,G47859,그 외 기타 분류 안된 상품 전문 소매업,41,경기도,41590,화성시,41590620,동탄8동,4159013600,장지동,4159013600109120008,1,대지,912,8,경기도 화성시 장지동 912-8,415902348101,경기도 화성시 동탄순환대로,22,,4159013600109120008000001,,경기도 화성시 동탄순환대로 22,,18498,,2,,127.096014891498,37.1645058730679
MA0106202301A1161391,혜성상사,,G2,소매,G221,기타 상품 소매,G22199,그 외 기타 상품 전문 소매업,G47859,그 외 기타 분류 안된 상품 전문 소매업,52,전북특별자치도,52140,익산시,52140250,함열읍,5214025024,함열읍,5214025024105470001,1,대지,547,1,전북특별자치도 익산시 함열읍 석매리 547-1,521404607333,전북특별자치도 익산시 함열읍 두라2길,4,20,4514025024105470001037800,,전북특별자치도 익산시 함열읍 두라2길 4-20,570802,54525,,,,126.96049540251,36.0640019146032
MA0106202301A0738862,행복타임,,G2,소매,G221,기타 상품 소매,G22199,그 외 기타 상품 전문 소매업,G47859,그 외 기타 분류 안된 상품 전문 소매업,41,경기도,41220,평택시,41220660,고덕동,4122012800,고덕동,4122012800117900007,1,대지,1790,7,경기도 평택시 고덕동 1790-7,412204856431,경기도 평택시 고덕갈평10길,92,,4122033029141330007000001,,경기도 평택시 고덕갈평10길 92,,18004,,1,,127.048484089689,37.0645346713442
MA0106202301A0532859,한가람바이오,,G2,소매,G221,기타 상품 소매,G22199,그 외 기타 상품 전문 소매업,G47859,그 외 기타 분류 안된 상품 전문 소매업,11,서울특별시,11290,성북구,11290715,월곡1동,1129013600,하월곡동,1129013600100900286,1,대지,90,286,서울특별시 성북구 하월곡동 90-286,112904121760,서울특별시 성북구 화랑로1길,25,,1129013600100900286019210,,서울특별시 성북구 화랑로1길 25,136874,02739,,1,,127.033215418054,37.6042487095868
MA0106202301A0325448,"스파클생수시화,안산",대리점,G2,소매,G221,기타 상품 소매,G22199,그 외 기타 상품 전문 소매업,G47859,그 외 기타 분류 안된 상품 전문 소매업,41,경기도,41271,안산시 상록구,41271525,사동,4127110300,사동,4127110300113110003,1,대지,1311,3,경기도 안산시 상록구 사동 1311-3,412713190081,경기도 안산시 상록구 후곡로,60,,4127110300113110003038012,,경기도 안산시 상록구 후곡로 60,426823,15589,,,,126.849435528127,37.2952630588439
MA0106202301A0536758,커피나라,,G2,소매,G221,기타 상품 소매,G22199,그 외 기타 상품 전문 소매업,G47859,그 외 기타 분류 안된 상품 전문 소매업,41,경기도,41670,여주시,41670310,점동면,4167031030,점동면,4167031030100860003,1,대지,86,3,경기도 여주시 점동면 사곡리 86-3,416703000141,경기도 여주시 점동면 점동로,342,,4173031030100860003000001,,경기도 여주시 점동면 점동로 342,469873,12665,,,,127.694983003314,37.2007468971114
MA0106202301A1437228,파워리빙,,G2,소매,G221,기타 상품 소매,G22199,그 외 기타 상품 전문 소매업,G47859,그 외 기타 분류 안된 상품 전문 소매업,47,경상북도,47290,경산시,47290253,진량읍,4729025321,진량읍,4729025321106100000,1,대지,610,,경상북도 경산시 진량읍 신상리 610,472903305008,경상북도 경산시 진량읍 공단로,415,,4729025321106370000024770,나,경상북도 경산시 진량읍 공단로 415,712837,38488,,,,128.817834401966,35.8685174088223
MA0106202301A1284454,모두드림,,G2,소매,G221,기타 상품 소매,G22199,그 외 기타 상품 전문 소매업,G47859,그 외 기타 분류 안된 상품 전문 소매업,41,경기도,41610,광주시,41610610,능평동,4161011600,능평동,4161011600101520005,1,대지,152,5,경기도 광주시 능평동 152-5,416103211035,경기도 광주시 오포로,116,,4161025023101520018043383,한산빌딩,경기도 광주시 오포로 116,464892,12773,,2,,127.179032832843,37.3437169914531
MA0106202301A0660894,유즈테크,,G2,소매,G221,기타 상품 소매,G22199,그 외 기타 상품 전문 소매업,G47859,그 외 기타 분류 안된 상품 전문 소매업,51,강원특별자치도,51110,춘천시,51110580,소양동,5111010400,중앙로1가,5111010400100910000,1,대지,91,,강원특별자치도 춘천시 중앙로1가 91,511103218033,강원특별자치도 춘천시 중앙로,33,,4211010200100190000019728,지하상가,강원특별자치도 춘천시 중앙로 33,200041,24271,,,,127.728377274988,37.8819671037323
MA0106202301A0611528,재영유통,,G2,소매,G221,기타 상품 소매,G22199,그 외 기타 상품 전문 소매업,G47859,그 외 기타 분류 안된 상품 전문 소매업,11,서울특별시,11110,종로구,11110640,이화동,1111016800,동숭동,1111016800101290034,1,대지,129,34,서울특별시 종로구 동숭동 129-34,111104100015,서울특별시 종로구 낙산1길,31,,1111016800101290034031689,,서울특별시 종로구 낙산1길 31,110809,03085,,,,127.005830465633,37.5815932930944
MA0106202301A0535158,동이상사,,G2,소매,G221,기타 상품 소매,G22199,그 외 기타 상품 전문 소매업,G47859,그 외 기타 분류 안된 상품 전문 소매업,11,서울특별시,11230,동대문구,11230545,제기동,1123010300,제기동,1123010300110960003,1,대지,1096,3,서울특별시 동대문구 제기동 1096-3,112303105007,서울특별시 동대문구 약령중앙로,26,,1123010300110820000032137,,서울특별시 동대문구 약령중앙로 26,130864,02570,,,,127.037665423569,37.5805693051149
MA0106202301A0391127,금호불교사,,G2,소매,G221,기타 상품 소매,G22199,그 외 기타 상품 전문 소매업,G47859,그 외 기타 분류 안된 상품 전문 소매업,41,경기도,41220,평택시,41220560,송북동,4122011200,신장동,4122011200102150008,1,대지,215,8,경기도 평택시 신장동 215-8,412204364775,경기도 평택시 탄현로327번길,14,,4122011200102150008008809,,경기도 평택시 탄현로327번길 14,459821,17753,,1,,127.055175289235,37.081471885786
MA0106202301A0243868,전우사,,G2,소매,G221,기타 상품 소매,G22199,그 외 기타 상품 전문 소매업,G47859,그 외 기타 분류 안된 상품 전문 소매업,41,경기도,41650,포천시,41650390,영북면,4165039021,영북면,4165039021105060011,1,대지,506,11,경기도 포천시 영북면 운천리 506-11,416504439478,경기도 포천시 영북면 운천로9번길,5,,4165039021105060011067725,,경기도 포천시 영북면 운천로9번길 5,487892,11106,,,,127.273597057841,38.0909990117177
MA0106202301A0393065,꼬끼오대원리지점,,G2,소매,G221,기타 상품 소매,G22199,그 외 기타 상품 전문 소매업,G47859,그 외 기타 분류 안된 상품 전문 소매업,41,경기도,41480,파주시,41480262,조리읍,4148026227,조리읍,4148026227102270005,1,대지,227,5,경기도 파주시 조리읍 대원리 227-5,414803206111,경기도 파주시 조리읍 대원로,75,,4148026227102740003000001,,경기도 파주시 조리읍 대원로 75,413822,10943,,,,126.813863570601,37.7281264264798
MA0106202301A1333196,베이피움,,G2,소매,G221,기타 상품 소매,G22199,그 외 기타 상품 전문 소매업,G47859,그 외 기타 분류 안된 상품 전문 소매업,11,서울특별시,11215,광진구,11215710,화양동,1121510700,화양동,1121510700100030030,1,대지,3,30,서울특별시 광진구 화양동 3-30,112153104007,서울특별시 광진구 능동로,135,,1121510700100030030021440,,서울특별시 광진구 능동로 135,143914,05011,,1,,127.071819190667,37.5430089428125
MA0106202301A0348897,세종캐터링,,G2,소매,G221,기타 상품 소매,G22199,그 외 기타 상품 전문 소매업,G47859,그 외 기타 분류 안된 상품 전문 소매업,41,경기도,41117,수원시 영통구,41117585,영통3동,4111710500,영통동,4111710500100720001,1,대지,72,1,경기도 수원시 영통구 영통동 72-1,411174331145,경기도 수원시 영통구 영통로351번길,3,,4111710500100720001050211,,경기도 수원시 영통구 영통로351번길 3,443470,16696,,,,127.064602552607,37.2566054765622
MA0106202301A1273233,에스알,,G2,소매,G221,기타 상품 소매,G22199,그 외 기타 상품 전문 소매업,G47859,그 외 기타 분류 안된 상품 전문 소매업,46,전라남도,46130,여수시,46130310,소라면,4613031021,소라면,4613031021110420053,1,대지,1042,53,전라남도 여수시 소라면 덕양리 1042-53,461304646260,전라남도 여수시 소라면 덕양삼거리길,5,,4613031021110420053000001,,전라남도 여수시 소라면 덕양삼거리길 5,556813,59649,,,,127.633454100572,34.7923289717095
MA0106202301A0102261,서진싸이언스,,G2,소매,G221,기타 상품 소매,G22199,그 외 기타 상품 전문 소매업,G47859,그 외 기타 분류 안된 상품 전문 소매업,11,서울특별시,11530,구로구,11530530,구로2동,1153010200,구로동,1153010200106360062,1,대지,636,62,서울특별시 구로구 구로동 636-62,115304148110,서울특별시 구로구 경인로54길,4,,1153010200106360062017390,공구상가,서울특별시 구로구 경인로54길 4,152866,08278,,,,126.878077137898,37.5005937041528
MA0106202301A1472766,성동제분소,,G2,소매,G221,기타 상품 소매,G22199,그 외 기타 상품 전문 소매업,G47859,그 외 기타 분류 안된 상품 전문 소매업,47,경상북도,47130,경주시,47130530,황오동,4713010400,성동동,4713010400100510006,1,대지,51,6,경상북도 경주시 성동동 51-6,471303305066,경상북도 경주시 화랑로,141,62,,,경상북도 경주시 화랑로 141-62,780956,38146,,1,,129.216601458691,35.8450598351965
MA0106202301A0276129,미라클론바이오텍,,G2,소매,G221,기타 상품 소매,G22199,그 외 기타 상품 전문 소매업,G47859,그 외 기타 분류 안된 상품 전문 소매업,41,경기도,41133,성남시 중원구,41133580,상대원2동,4113310500,상대원동,4113310500154420001,1,대지,5442,1,경기도 성남시 중원구 상대원동 5442-1,411332179001,경기도 성남시 중원구 둔촌대로,388,,4113310500154420001000633,크란츠테크노,경기도 성남시 중원구 둔촌대로 388,462729,13403,,,,127.159290694704,37.4326310691712
MA0106202301A0719331,한양사우나스낵코너,,G2,소매,G221,기타 상품 소매,G22199,그 외 기타 상품 전문 소매업,G47859,그 외 기타 분류 안된 상품 전문 소매업,41,경기도,41273,안산시 단원구,41273600,선부3동,4127310900,선부동,4127310900110850000,1,대지,1085,,경기도 안산시 단원구 선부동 1085,412733191011,경기도 안산시 단원구 달미로,63,,4127310900110850000013452,공작한양아파트,경기도 안산시 단원구 달미로 63,425762,15234,,,,126.814652754296,37.3414997463926
MA0106202301A0389211,동화공구,,G2,소매,G221,기타 상품 소매,G22199,그 외 기타 상품 전문 소매업,G47859,그 외 기타 분류 안된 상품 전문 소매업,41,경기도,41480,파주시,41480253,파주읍,4148025327,파주읍,4148025327104720003,1,대지,472,3,경기도 파주시 파주읍 연풍리 472-3,414803206121,경기도 파주시 파주읍 술이홀로,384,,4148025327104720003063084,,경기도 파주시 파주읍 술이홀로 384,413863,10834,,,,126.830088521247,37.83066242405
MA0106202301A0104285,고추깨방,,G2,소매,G221,기타 상품 소매,G22199,그 외 기타 상품 전문 소매업,G47859,그 외 기타 분류 안된 상품 전문 소매업,11,서울특별시,11530,구로구,11530730,고척2동,1153010600,고척동,1153010600101640089,1,대지,164,89,서울특별시 구로구 고척동 164-89,115303116003,서울특별시 구로구 고척로,176,,1153010600101640089012327,,서울특별시 구로구 고척로 176,152830,08229,,,,126.853213354085,37.5039171645177
MA0106202301A0583097,석림교역,,G2,소매,G221,기타 상품 소매,G22199,그 외 기타 상품 전문 소매업,G47859,그 외 기타 분류 안된 상품 전문 소매업,11,서울특별시,11410,서대문구,11410565,충현동,1141010300,합동,1141010300101170000,1,대지,117,,서울특별시 서대문구 합동 117,114103005010,서울특별시 서대문구 서소문로,37,,1141010300101170000000001,캔두비지니스센터,서울특별시 서대문구 서소문로 37,120030,03741,,,,126.96559284543,37.5607844435855
MA0106202211A1752726,가온,,G2,소매,G221,기타 상품 소매,G22199,그 외 기타 상품 전문 소매업,G47859,그 외 기타 분류 안된 상품 전문 소매업,36,세종특별자치시,36110,세종특별자치시,36110340,금남면,3611034041,금남면,3611034041101370000,1,대지,137,,세종특별자치시 세종특별자치시 금남면 영곡리 137,361104574102,세종특별자치시 세종특별자치시 금남면 도암영곡길,265,25,3611034041101370000000001,,세종특별자치시 세종특별자치시 금남면 도암영곡길 265-25,339836,30084,,,,127.263225564311,36.4428872347767
MA0106202211A0619746,세미기업,,G2,소매,G221,기타 상품 소매,G22199,그 외 기타 상품 전문 소매업,G47859,그 외 기타 분류 안된 상품 전문 소매업,11,서울특별시,11650,서초구,11650510,서초1동,1165010800,서초동,1165010800116040016,1,대지,1604,16,서울특별시 서초구 서초동 1604-16,116504163736,서울특별시 서초구 서초중앙로8길,94,,1165010800116040016024430,,서울특별시 서초구 서초중앙로8길 94,137877,06643,,,,127.020635225606,37.4868063408965
MA0106202211A0814927,효소이야기,,G2,소매,G221,기타 상품 소매,G22199,그 외 기타 상품 전문 소매업,G47859,그 외 기타 분류 안된 상품 전문 소매업,26,부산광역시,26320,북구,26320572,만덕2동,2632010300,만덕동,2632010300108810007,1,대지,881,7,부산광역시 북구 만덕동 881-7,263203132024,부산광역시 북구 상리로,67,,2632010300108810007015634,,부산광역시 북구 상리로 67,616831,46613,,,,129.041349731206,35.2082556872161
MA0106202211A1561205,해송에프앤에스,,G2,소매,G221,기타 상품 소매,G22199,그 외 기타 상품 전문 소매업,G47859,그 외 기타 분류 안된 상품 전문 소매업,47,경상북도,47150,김천시,47150320,남면,4715032030,남면,4715032030100020002,1,대지,2,2,경상북도 김천시 남면 운남리 2-2,471503306028,경상북도 김천시 남면 운남로,40,17,4715032030100020002000001,,경상북도 김천시 남면 운남로 40-17,740871,39661,,,,128.207237790165,36.123875946409
MA0106202211A1157599,랩스프로,,G2,소매,G221,기타 상품 소매,G22199,그 외 기타 상품 전문 소매업,G47859,그 외 기타 분류 안된 상품 전문 소매업,11,서울특별시,11680,강남구,11680640,역삼1동,1168010100,역삼동,1168010100108220007,1,대지,822,7,서울특별시 강남구 역삼동 822-7,116803122010,서울특별시 강남구 테헤란로,113,,1168010100108220007023926,,서울특별시 강남구 테헤란로 113,135933,06134,,,,127.029538605812,37.4989770574102
MA0106202211A0920664,신앙촌상회,,G2,소매,G221,기타 상품 소매,G22199,그 외 기타 상품 전문 소매업,G47859,그 외 기타 분류 안된 상품 전문 소매업,44,충청남도,44230,논산시,44230253,연무읍,4423025331,연무읍,4423025331100260067,1,대지,26,67,충청남도 논산시 연무읍 안심리 26-67,442304565593,충청남도 논산시 연무읍 안심로61번길,13,19,4423025331100260067057564,,충청남도 논산시 연무읍 안심로61번길 13-19,320838,33007,,,,127.096803063163,36.1279648938646
MA0106202211A0730231,엔마트,용인점,G2,소매,G221,기타 상품 소매,G22199,그 외 기타 상품 전문 소매업,G47859,그 외 기타 분류 안된 상품 전문 소매업,41,경기도,41463,용인시 기흥구,41463540,기흥동,4146310700,공세동,4146310700103950001,1,대지,395,1,경기도 용인시 기흥구 공세동 395-1,414633204006,경기도 용인시 기흥구 공세로,236,,4146310700103950001019596,,경기도 용인시 기흥구 공세로 236,446902,17100,,,,127.103843066991,37.2409354383996
MA0106202211A0396403,수미,,G2,소매,G221,기타 상품 소매,G22199,그 외 기타 상품 전문 소매업,G47859,그 외 기타 분류 안된 상품 전문 소매업,41,경기도,41480,파주시,41480540,교하동,4148012000,신촌동,4148012000100430011,1,대지,43,11,경기도 파주시 신촌동 43-11,414803206081,경기도 파주시 지목로,139,36,4148012000100400002000001,,경기도 파주시 지목로 139-36,413070,10880,,,,126.704146534735,37.7315690735308
MA0106202210A2089065,골다,코리아,G2,소매,G221,기타 상품 소매,G22199,그 외 기타 상품 전문 소매업,G47859,그 외 기타 분류 안된 상품 전문 소매업,41,경기도,41570,김포시,41570256,양촌읍,4157025627,양촌읍,4157025627100390012,1,대지,39,12,경기도 김포시 양촌읍 유현리 39-12,415703209046,경기도 김포시 양촌읍 듬박로,81,21,4157025627100390012000001,,경기도 김포시 양촌읍 듬박로 81-21,415821,10045,,,,126.619261372831,37.6379756829682
MA0106202210A1017492,마마쿡,미사점,G2,소매,G221,기타 상품 소매,G22199,그 외 기타 상품 전문 소매업,G47859,그 외 기타 분류 안된 상품 전문 소매업,41,경기도,41450,하남시,41450620,미사2동,4145010900,망월동,4145010900109790000,1,대지,979,,경기도 하남시 망월동 979,414504851274,경기도 하남시 미사강변대로226번안길,35,,4145010900109790000000001,,경기도 하남시 미사강변대로226번안길 35,465150,12909,,,,127.185556881689,37.5683021016557
MA0106202210A1690364,써니네,,G2,소매,G221,기타 상품 소매,G22199,그 외 기타 상품 전문 소매업,G47859,그 외 기타 분류 안된 상품 전문 소매업,50,제주특별자치도,50130,서귀포시,50130253,남원읍,5013025322,남원읍,5013025322110510000,1,대지,1051,,제주특별자치도 서귀포시 남원읍 태흥리 1051,501304850942,제주특별자치도 서귀포시 남원읍 태위로852번길,11,6,5013025322110510000000001,,제주특별자치도 서귀포시 남원읍 태위로852번길 11-6,699945,63617,,,,126.738065706634,33.2836824770843
MA0106202301A0634764,좋은세상,,G2,소매,G221,기타 상품 소매,G22199,그 외 기타 상품 전문 소매업,G47859,그 외 기타 분류 안된 상품 전문 소매업,11,서울특별시,11230,동대문구,11230545,제기동,1123010300,제기동,1123010300106640022,1,대지,664,22,서울특별시 동대문구 제기동 664-22,112303105015,서울특별시 동대문구 제기로,59,1,1123010300106640022032851,,서울특별시 동대문구 제기로 59-1,130863,02471,,1,,127.039819745596,37.5867764416981
MA0106202301A0973119,대덕이미지,,G2,소매,G221,기타 상품 소매,G22199,그 외 기타 상품 전문 소매업,G47859,그 외 기타 분류 안된 상품 전문 소매업,30,대전광역시,30200,유성구,30200600,관평동,3020014400,용산동,3020014400105330000,1,대지,533,,대전광역시 유성구 용산동 533,302003167072,대전광역시 유성구 테크노2로,199,,3020014400105330000000387,미건테크노월드,대전광역시 유성구 테크노2로 199,305509,34025,,,,127.407361038834,36.4232516188606
MA0106202301A0004994,와우아시안푸드,,G2,소매,G221,기타 상품 소매,G22199,그 외 기타 상품 전문 소매업,G47859,그 외 기타 분류 안된 상품 전문 소매업,44,충청남도,44270,당진시,44270250,합덕읍,4427025021,합덕읍,4427025021109040005,1,대지,904,5,충청남도 당진시 합덕읍 운산리 904-5,442704595262,충청남도 당진시 합덕읍 버그내2길,33,,4427025021109040005000001,,충청남도 당진시 합덕읍 버그내2길 33,343907,31811,,1,,126.767677124125,36.809272584777
MA0106202301A0944458,국영슈퍼,,G2,소매,G221,기타 상품 소매,G22199,그 외 기타 상품 전문 소매업,G47859,그 외 기타 분류 안된 상품 전문 소매업,44,충청남도,44200,아산시,44200580,온양2동,4420010100,온천동,4420010100102220005,1,대지,222,5,충청남도 아산시 온천동 222-5,442003253047,충청남도 아산시 시민로,374,,4420010100102220005037889,,충청남도 아산시 시민로 374,336818,31513,,,,127.000436899889,36.7818623565815
MA0106202212A1020142,반찬이야기,,G2,소매,G221,기타 상품 소매,G22199,그 외 기타 상품 전문 소매업,G47859,그 외 기타 분류 안된 상품 전문 소매업,26,부산광역시,26710,기장군,26710250,기장읍,2671025022,기장읍,2671025022103530016,1,대지,353,16,부산광역시 기장군 기장읍 교리 353-16,267104220283,부산광역시 기장군 기장읍 차성동로172번길,8,,2671025022103530016004426,,부산광역시 기장군 기장읍 차성동로172번길 8,619901,46055,,,,129.218109711947,35.2529677737579
MA0106202212A2259939,참스토리,,G2,소매,G221,기타 상품 소매,G22199,그 외 기타 상품 전문 소매업,G47859,그 외 기타 분류 안된 상품 전문 소매업,41,경기도,41310,구리시,41310510,갈매동,4131010100,갈매동,4131010100105520012,1,대지,552,12,경기도 구리시 갈매동 552-12,413104857375,경기도 구리시 갈매순환로166번길,46,,4131010100105520012000001,,경기도 구리시 갈매순환로166번길 46,471859,11901,,,,127.124862650083,37.6358750527591
MA0106202212A2243937,계영제과,,G2,소매,G221,기타 상품 소매,G22199,그 외 기타 상품 전문 소매업,G47859,그 외 기타 분류 안된 상품 전문 소매업,27,대구광역시,27200,남구,27200660,대명11동,2720010300,대명동,2720010300111360002,1,대지,1136,2,대구광역시 남구 대명동 1136-2,272004232019,대구광역시 남구 관문시장2길,6,1,2720010300111360002000101,,대구광역시 남구 관문시장2길 6-1,705813,42482,,,,128.557137045672,35.8364677808877
MA0106202301A0972812,엔씨디,,G2,소매,G221,기타 상품 소매,G22199,그 외 기타 상품 전문 소매업,G47859,그 외 기타 분류 안된 상품 전문 소매업,30,대전광역시,30200,유성구,30200600,관평동,3020014600,관평동,3020014600113330000,1,대지,1333,,대전광역시 유성구 관평동 1333,302003167072,대전광역시 유성구 테크노2로,14,9,3020014600113330000000520,,대전광역시 유성구 테크노2로 14-9,305509,34015,,12,,127.390334548218,36.4323020999331
MA0106202301A0530547,홍성폐백,,G2,소매,G221,기타 상품 소매,G22199,그 외 기타 상품 전문 소매업,G47859,그 외 기타 분류 안된 상품 전문 소매업,11,서울특별시,11230,동대문구,11230545,제기동,1123010300,제기동,1123010300110360000,1,대지,1036,,서울특별시 동대문구 제기동 1036,112304115033,서울특별시 동대문구 고산자로36길,3,,1123010300110190000034389,경동시장,서울특별시 동대문구 고산자로36길 3,130865,02571,,1,,127.039147690267,37.5790371332837
MA0106202301A0231021,성경도매마트,,G2,소매,G221,기타 상품 소매,G22199,그 외 기타 상품 전문 소매업,G47859,그 외 기타 분류 안된 상품 전문 소매업,41,경기도,41610,광주시,41610550,탄벌동,4161010500,탄벌동,4161010500101390000,1,대지,139,,경기도 광주시 탄벌동 139,416103211037,경기도 광주시 이배재로,7,15,4161010500101390000000001,,경기도 광주시 이배재로 7-15,464100,12747,,,,127.245613790723,37.4188778923125
MA0106202301A0386566,에드마,,G2,소매,G221,기타 상품 소매,G22199,그 외 기타 상품 전문 소매업,G47859,그 외 기타 분류 안된 상품 전문 소매업,41,경기도,41390,시흥시,41390591,정왕1동,4139013200,정왕동,4139013200112890006,1,대지,1289,6,경기도 시흥시 정왕동 1289-6,413902199001,경기도 시흥시 공단1대로,341,,4139013200112890005036676,시화공단,경기도 시흥시 공단1대로 341,429931,15078,,,,126.73784664053,37.331623377053
MA0106202301A0981540,동성종합상사,,G2,소매,G221,기타 상품 소매,G22199,그 외 기타 상품 전문 소매업,G47859,그 외 기타 분류 안된 상품 전문 소매업,44,충청남도,44210,서산시,44210540,수석동,4421010700,석림동,4421010700106210004,1,대지,621,4,충청남도 서산시 석림동 621-4,442103254185,충청남도 서산시 한마음6로,33,4,4421010700106210004041072,,충청남도 서산시 한마음6로 33-4,356819,31994,,,,126.458400195125,36.7743397363541
MA0106202301A0086712,진평상사,,G2,소매,G221,기타 상품 소매,G22199,그 외 기타 상품 전문 소매업,G47859,그 외 기타 분류 안된 상품 전문 소매업,11,서울특별시,11380,은평구,11380552,갈현2동,1138010400,갈현동,1138010400104760007,1,대지,476,7,서울특별시 은평구 갈현동 476-7,113804133152,서울특별시 은평구 연서로21길,12,11,1138010400104760007045368,,서울특별시 은평구 연서로21길 12-11,122813,03334,,,,126.916796360515,37.6152161214578
MA0106202301A0967833,비엔씨테크,,G2,소매,G221,기타 상품 소매,G22199,그 외 기타 상품 전문 소매업,G47859,그 외 기타 분류 안된 상품 전문 소매업,30,대전광역시,30230,대덕구,30230520,대화동,3023010200,대화동,3023010200100160152,1,대지,16,152,대전광역시 대덕구 대화동 16-152,302303168004,대전광역시 대덕구 대화로,29,,3023010200100370007010340,,대전광역시 대덕구 대화로 29,306800,34372,,,,127.416385111484,36.3674112171406
MA0106202301A1487120,드림유통,,G2,소매,G221,기타 상품 소매,G22199,그 외 기타 상품 전문 소매업,G47859,그 외 기타 분류 안된 상품 전문 소매업,47,경상북도,47111,포항시 남구,47111545,해도동,4711110300,해도동,4711110300101230004,1,대지,123,4,경상북도 포항시 남구 해도동 123-4,471113303047,경상북도 포항시 남구 중앙로,20,,4711110300101230004101631,,경상북도 포항시 남구 중앙로 20,790863,37811,,,,129.370838590728,36.0150166793207
MA0106202301A0995812,삼시세끼반찬,,G2,소매,G221,기타 상품 소매,G22199,그 외 기타 상품 전문 소매업,G47859,그 외 기타 분류 안된 상품 전문 소매업,11,서울특별시,11230,동대문구,11230610,답십리2동,1123010500,답십리동,1123010500100660010,1,대지,66,10,서울특별시 동대문구 답십리동 66-10,112304115086,서울특별시 동대문구 답십리로51길,8,1,1123010500100660010021409,,서울특별시 동대문구 답십리로51길 8-1,130883,02538,,,,127.058728397465,37.5733617613763
MA0106202301A0654673,자이테크놀로지스,코리아,G2,소매,G221,기타 상품 소매,G22199,그 외 기타 상품 전문 소매업,G47859,그 외 기타 분류 안된 상품 전문 소매업,30,대전광역시,30200,유성구,30200570,전민동,3020014000,문지동,3020014000106610003,1,대지,661,3,대전광역시 유성구 문지동 661-3,302003167022,대전광역시 유성구 문지로,272,16,3020014000106610003000001,,대전광역시 유성구 문지로 272-16,305812,34050,,,,127.407882385683,36.3907357858887
MA0106202301A0394798,초부2리구판장,,G2,소매,G221,기타 상품 소매,G22199,그 외 기타 상품 전문 소매업,G47859,그 외 기타 분류 안된 상품 전문 소매업,41,경기도,41461,용인시 처인구,41461250,포곡읍,4146125021,포곡읍,4146125021100560015,1,대지,56,15,경기도 용인시 처인구 포곡읍 삼계리 56-15,414614409359,경기도 용인시 처인구 포곡읍 백옥대로1996번길,25,,4146125021100560015039750,,경기도 용인시 처인구 포곡읍 백옥대로1996번길 25,449814,17037,,,,127.23782536237,37.3028327453601
MA0106202301A0107977,지이씨일렉트로닉스,,G2,소매,G221,기타 상품 소매,G22199,그 외 기타 상품 전문 소매업,G47859,그 외 기타 분류 안된 상품 전문 소매업,11,서울특별시,11530,구로구,11530530,구로2동,1153010200,구로동,1153010200112580000,1,대지,1258,,서울특별시 구로구 구로동 1258,115304148108,서울특별시 구로구 경인로53길,15,,1153010200112580000017234,중앙유통단지,서울특별시 구로구 경인로53길 15,152721,08217,,,,126.876118294779,37.5020332748086
MA0106202301A0517747,오늘의반찬,,G2,소매,G221,기타 상품 소매,G22199,그 외 기타 상품 전문 소매업,G47859,그 외 기타 분류 안된 상품 전문 소매업,41,경기도,41135,성남시 분당구,41135560,정자2동,4113510300,정자동,4113510300101120001,1,대지,112,1,경기도 성남시 분당구 정자동 112-1,411353180058,경기도 성남시 분당구 정자로,113,,4113510300101120001020410,정자동,경기도 성남시 분당구 정자로 113,463833,13607,,,,127.117479195059,37.3637338773303
MA0106202301A0139575,신앙촌상회,,G2,소매,G221,기타 상품 소매,G22199,그 외 기타 상품 전문 소매업,G47859,그 외 기타 분류 안된 상품 전문 소매업,11,서울특별시,11620,관악구,11620745,삼성동,1162010200,신림동,1162010200108080495,1,대지,808,495,서울특별시 관악구 신림동 808-495,116204160796,서울특별시 관악구 원신2길,5,,1162010200108080495010607,,서울특별시 관악구 원신2길 5,151862,08846,,,,126.932906782318,37.4715259975413
MA0106202301A0224043,녹원통상,,G2,소매,G221,기타 상품 소매,G22199,그 외 기타 상품 전문 소매업,G47859,그 외 기타 분류 안된 상품 전문 소매업,41,경기도,41670,여주시,41670530,오학동,4167012000,천송동,4167012000102310001,1,대지,231,1,경기도 여주시 천송동 231-1,416703214035,경기도 여주시 신륵로,119,,4173025040102310001029674,,경기도 여주시 신륵로 119,469121,12636,,,,127.663080386942,37.3019980545918
MA0106202301A1284699,경복궁면세점(인천공항제1여객터미널출국장점,,G2,소매,G221,기타 상품 소매,G22199,그 외 기타 상품 전문 소매업,G47859,그 외 기타 분류 안된 상품 전문 소매업,28,인천광역시,28110,중구,28110628,운서동,2811014700,운서동,2811014700128510000,1,대지,2851,,인천광역시 중구 운서동 2851,281103149003,인천광역시 중구 공항로,187,,2811014700128510000228492,인천국제공항여객터미널,인천광역시 중구 공항로 187,400715,22382,,,,126.455150601162,37.4466466071793
MA0106202301A0370503,다우포장,,G2,소매,G221,기타 상품 소매,G22199,그 외 기타 상품 전문 소매업,G47859,그 외 기타 분류 안된 상품 전문 소매업,41,경기도,41173,안양시 동안구,41173580,호계1동,4117310400,호계동,4117310400105550009,1,대지,555,9,경기도 안양시 동안구 호계동 555-9,411733182030,경기도 안양시 동안구 엘에스로,76,,4117310400105550009005725,국제유통단지,경기도 안양시 동안구 엘에스로 76,431763,14117,,,,126.953126304246,37.3700450634828
MA0106202301A0660977,다이소,,G2,소매,G221,기타 상품 소매,G22199,그 외 기타 상품 전문 소매업,G47859,그 외 기타 분류 안된 상품 전문 소매업,51,강원특별자치도,51790,화천군,51790250,화천읍,5179025022,화천읍,5179025022100490003,1,대지,49,3,강원특별자치도 화천군 화천읍 하리 49-3,517903231023,강원특별자치도 화천군 화천읍 중앙로,20,1,4279025022100480016000001,리,강원특별자치도 화천군 화천읍 중앙로 20-1,209804,24127,,,,127.706190563854,38.1041595229332
MA0106202301A0535826,충남상회,,G2,소매,G221,기타 상품 소매,G22199,그 외 기타 상품 전문 소매업,G47859,그 외 기타 분류 안된 상품 전문 소매업,11,서울특별시,11230,동대문구,11230545,제기동,1123010300,제기동,1123010300106460000,1,대지,646,,서울특별시 동대문구 제기동 646,112303105001,서울특별시 동대문구 경동시장로,18,10,1123010300106460000034143,,서울특별시 동대문구 경동시장로 18-10,130863,02572,,,,127.041231566081,37.5805410835663
MA0106202301A1454941,정복이네,,G2,소매,G221,기타 상품 소매,G22199,그 외 기타 상품 전문 소매업,G47859,그 외 기타 분류 안된 상품 전문 소매업,30,대전광역시,30230,대덕구,30230510,오정동,3023010100,오정동,3023010100100440001,1,대지,44,1,대전광역시 대덕구 오정동 44-1,302302010004,대전광역시 대덕구 한밭대로,987,,,,대전광역시 대덕구 한밭대로 987,306817,34377,,,,127.406451224885,36.3577488114262
MA0106202301A0383749,해피푸드,,G2,소매,G221,기타 상품 소매,G22199,그 외 기타 상품 전문 소매업,G47859,그 외 기타 분류 안된 상품 전문 소매업,41,경기도,41390,시흥시,41390631,장곡동,4139013000,장곡동,4139013000108070000,1,대지,807,,경기도 시흥시 장곡동 807,413903199072,경기도 시흥시 장곡로,71,,4139013000108070000011995,숲속마을벽산임광아파트,경기도 시흥시 장곡로 71,429842,15002,,,,126.780867820086,37.3793751750562
MA0106202301A0036294,하이디어솔루션즈,,G2,소매,G221,기타 상품 소매,G22199,그 외 기타 상품 전문 소매업,G47859,그 외 기타 분류 안된 상품 전문 소매업,11,서울특별시,11200,성동구,11200660,성수1가2동,1120011400,성수동1가,1120011400106561683,1,대지,656,1683,서울특별시 성동구 성수동1가 656-1683,112003000002,서울특별시 성동구 아차산로,3,,1120011400106561683008387,두앤캔하우스,서울특별시 성동구 아차산로 3,133924,04789,,,,127.045400864954,37.5483829995374
MA0106202301A1191914,"담양돗자리,잡화",,G2,소매,G221,기타 상품 소매,G22199,그 외 기타 상품 전문 소매업,G47859,그 외 기타 분류 안된 상품 전문 소매업,29,광주광역시,29155,남구,29155605,월산동,2915510400,월산동,2915510400100560006,1,대지,56,6,광주광역시 남구 월산동 56-6,291553009020,광주광역시 남구 독립로,137,,2915510400100560006020342,,광주광역시 남구 독립로 137,503824,61632,,,,126.90343036957,35.1458046676614
MA0106202301A0107414,대경안전산업,,G2,소매,G221,기타 상품 소매,G22199,그 외 기타 상품 전문 소매업,G47859,그 외 기타 분류 안된 상품 전문 소매업,11,서울특별시,11110,종로구,11110615,종로1.2.3.4가동,1111015500,관수동,1111015500101200001,1,대지,120,1,서울특별시 종로구 관수동 120-1,111103100021,서울특별시 종로구 청계천로,121,,1111015500101200001015473,다동,서울특별시 종로구 청계천로 121,110420,03192,,,,126.990978507187,37.5685196600926
MA0106202301A0328922,대선화학,,G2,소매,G221,기타 상품 소매,G22199,그 외 기타 상품 전문 소매업,G47859,그 외 기타 분류 안된 상품 전문 소매업,41,경기도,41273,안산시 단원구,41273545,원곡동,4127310800,원곡동,4127310800109940005,1,대지,994,5,경기도 안산시 단원구 원곡동 994-5,412733191083,경기도 안산시 단원구 풍전로,7,,4127310800109940005046580,원곡유통상가,경기도 안산시 단원구 풍전로 7,425780,15431,,,,126.787700657123,37.3225868805499
MA0106202211A0860799,아이스앤쿡,산남점,G2,소매,G221,기타 상품 소매,G22199,그 외 기타 상품 전문 소매업,G47859,그 외 기타 분류 안된 상품 전문 소매업,43,충청북도,43112,청주시 서원구,43112550,산남동,4311210400,산남동,4311210400111190000,1,대지,1119,,충청북도 청주시 서원구 산남동 1119,431123237090,충청북도 청주시 서원구 탑골로,15,,4311310600111190000023855,,충청북도 청주시 서원구 탑골로 15,362160,28627,,,,127.474329127951,36.611136744392
MA0106202211A1583602,신앙촌상회,수원점,G2,소매,G221,기타 상품 소매,G22199,그 외 기타 상품 전문 소매업,G47859,그 외 기타 분류 안된 상품 전문 소매업,41,경기도,41115,수원시 팔달구,41115740,행궁동,4111512500,중동,4111512500101470001,1,대지,147,1,경기도 수원시 팔달구 중동 147-1,411154328269,경기도 수원시 팔달구 정조로712번길,5,,4111512500101470001014258,,경기도 수원시 팔달구 정조로712번길 5,442120,16264,,,,127.017081256888,37.271912553286
MA0106202211A1042482,준유통,,G2,소매,G221,기타 상품 소매,G22199,그 외 기타 상품 전문 소매업,G47859,그 외 기타 분류 안된 상품 전문 소매업,41,경기도,41173,안양시 동안구,41173578,귀인동,4117310300,평촌동,4117310300109340001,1,대지,934,1,경기도 안양시 동안구 평촌동 934-1,411732000018,경기도 안양시 동안구 흥안대로,313,,4117310300109340001004822,,경기도 안양시 동안구 흥안대로 313,431802,14104,,,,126.970484322752,37.3831065204818
MA0106202211A1412177,더존커피랩,,G2,소매,G221,기타 상품 소매,G22199,그 외 기타 상품 전문 소매업,G47859,그 외 기타 분류 안된 상품 전문 소매업,28,인천광역시,28720,옹진군,28720360,영흥면,2872036021,영흥면,2872036021103650011,1,대지,365,11,인천광역시 옹진군 영흥면 외리 365-11,287203158028,인천광역시 옹진군 영흥면 영흥남로,235,,2872036021103650011000001,,인천광역시 옹진군 영흥면 영흥남로 235,409871,23121,,,,126.457202771004,37.2403226414245
MA0106202211A1333460,북정아시아마트,,G2,소매,G221,기타 상품 소매,G22199,그 외 기타 상품 전문 소매업,G47859,그 외 기타 분류 안된 상품 전문 소매업,48,경상남도,48330,양산시,48330520,삼성동,4833010700,북정동,4833010700105350001,1,대지,535,1,경상남도 양산시 북정동 535-1,483304814334,경상남도 양산시 북정4길,26,16,4833010700105350001059740,,경상남도 양산시 북정4길 26-16,626110,50570,,,,129.048796466394,35.3609825447439
MA0106202211A0197296,아이에스에스,,G2,소매,G221,기타 상품 소매,G22199,그 외 기타 상품 전문 소매업,G47859,그 외 기타 분류 안된 상품 전문 소매업,41,경기도,41113,수원시 권선구,41113560,서둔동,4111313300,탑동,4111313300108560001,1,대지,856,1,경기도 수원시 권선구 탑동 856-1,411134325255,경기도 수원시 권선구 서둔로217번길,33,,4111313300108560001025526,,경기도 수원시 권선구 서둔로217번길 33,441100,16607,,,,126.977439673959,37.2703618453219
MA0106202211A1872709,베이비플러스제주,,G2,소매,G221,기타 상품 소매,G22199,그 외 기타 상품 전문 소매업,G47859,그 외 기타 분류 안된 상품 전문 소매업,50,제주특별자치도,50110,제주시,50110640,오라동,5011012000,오라이동,5011012000122170002,1,대지,2217,2,제주특별자치도 제주시 오라이동 2217-2,501103349146,제주특별자치도 제주시 오라로,61,,5011012000122170002000001,,제주특별자치도 제주시 오라로 61,690162,63149,,,,126.510358629733,33.4960619553534
MA0106202211A0401990,원더베이프,문정점,G2,소매,G221,기타 상품 소매,G22199,그 외 기타 상품 전문 소매업,G47859,그 외 기타 분류 안된 상품 전문 소매업,11,서울특별시,11710,송파구,11710642,문정2동,1171010800,문정동,1171010800106450002,1,대지,645,2,서울특별시 송파구 문정동 645-2,117104853404,서울특별시 송파구 법원로9길,26,,1171010800103770001000001,,서울특별시 송파구 법원로9길 26,138888,05836,,,,127.116627298854,37.4841646868882
MA0106202210A2083063,율맘하우스,,G2,소매,G221,기타 상품 소매,G22199,그 외 기타 상품 전문 소매업,G47859,그 외 기타 분류 안된 상품 전문 소매업,26,부산광역시,26230,부산진구,26230610,전포2동,2623010200,전포동,2623010200108740010,1,대지,874,10,부산광역시 부산진구 전포동 874-10,262302000010,부산광역시 부산진구 중앙대로,802,,2623010200108740010030890,,부산광역시 부산진구 중앙대로 802,614870,47241,,,,129.063893345195,35.1632029664931
MA0106202212A1392850,요레카,,G2,소매,G221,기타 상품 소매,G22199,그 외 기타 상품 전문 소매업,G47859,그 외 기타 분류 안된 상품 전문 소매업,11,서울특별시,11650,서초구,11650652,양재2동,1165010200,양재동,1165010200102560005,1,대지,256,5,서울특별시 서초구 양재동 256-5,116504163498,서울특별시 서초구 언남길,51,,1165010200102560005003035,,서울특별시 서초구 언남길 51,137894,06777,,,,127.043060737288,37.4736996238282
MA0106202212A0458242,포도,강남역점,G2,소매,G221,기타 상품 소매,G22199,그 외 기타 상품 전문 소매업,G47859,그 외 기타 분류 안된 상품 전문 소매업,11,서울특별시,11680,강남구,11680640,역삼1동,1168010100,역삼동,1168010100108580000,1,대지,858,,서울특별시 강남구 역삼동 858,116802102001,서울특별시 강남구 강남대로,396,,1168010100108040000000001,,서울특별시 강남구 강남대로 396,135081,06232,,,,127.028305636423,37.4981574435241
MA0106202301A0531907,크린월드,,G2,소매,G221,기타 상품 소매,G22199,그 외 기타 상품 전문 소매업,G47859,그 외 기타 분류 안된 상품 전문 소매업,11,서울특별시,11230,동대문구,11230600,답십리1동,1123010500,답십리동,1123010500102540009,1,대지,254,9,서울특별시 동대문구 답십리동 254-9,112304115467,서울특별시 동대문구 전농로5길,16,1,1123010500102540009022904,,서울특별시 동대문구 전농로5길 16-1,130802,02599,,,,127.056179682762,37.5710924944698
MA0106202301A0369648,형제전기태인상사,,G2,소매,G221,기타 상품 소매,G22199,그 외 기타 상품 전문 소매업,G47859,그 외 기타 분류 안된 상품 전문 소매업,41,경기도,41113,수원시 권선구,41113670,권선1동,4111313700,권선동,4111313700109920009,1,대지,992,9,경기도 수원시 권선구 권선동 992-9,411133175043,경기도 수원시 권선구 장다리로,76,,4111313700109920009031261,,경기도 수원시 권선구 장다리로 76,441821,16565,,2,,127.020831662752,37.2570717896821
MA0106202301A0048563,상원유통,,G2,소매,G221,기타 상품 소매,G22199,그 외 기타 상품 전문 소매업,G47859,그 외 기타 분류 안된 상품 전문 소매업,28,인천광역시,28177,미추홀구,28177520,숭의1.3동,2817710100,숭의동,2817710100101290001,1,대지,129,1,인천광역시 미추홀구 숭의동 129-1,281773151006,인천광역시 미추홀구 독정이로,118,,2817010100101290001033683,,인천광역시 미추홀구 독정이로 118,402816,22162,,1,,126.649650034192,37.4658628910192
MA0106202301A0570897,더담백,,G2,소매,G221,기타 상품 소매,G22199,그 외 기타 상품 전문 소매업,G47859,그 외 기타 분류 안된 상품 전문 소매업,11,서울특별시,11230,동대문구,11230730,휘경2동,1123010900,휘경동,1123010900100340053,1,대지,34,53,서울특별시 동대문구 휘경동 34-53,112303005032,서울특별시 동대문구 망우로,118,7,1123010900100340053006515,,서울특별시 동대문구 망우로 118-7,130874,02501,,1,,127.06639626526,37.5908369699628
MA0106202301A0927054,광천불교만물사,,G2,소매,G221,기타 상품 소매,G22199,그 외 기타 상품 전문 소매업,G47859,그 외 기타 분류 안된 상품 전문 소매업,44,충청남도,44800,홍성군,44800253,광천읍,4480025322,광천읍,4480025322102310007,1,대지,231,7,충청남도 홍성군 광천읍 광천리 231-7,448003015026,충청남도 홍성군 광천읍 광천로,282,,4480025322102310007026008,,충청남도 홍성군 광천읍 광천로 282,350902,32295,,,,126.625178819238,36.4993348662154
MA0106202301A0805094,세양유통,,G2,소매,G221,기타 상품 소매,G22199,그 외 기타 상품 전문 소매업,G47859,그 외 기타 분류 안된 상품 전문 소매업,26,부산광역시,26440,강서구,26440520,대저2동,2644010200,대저2동,2644010200142940005,1,대지,4294,5,부산광역시 강서구 대저2동 4294-5,264404208085,부산광역시 강서구 공항로533번길,201,,2644010200142960006007173,,부산광역시 강서구 공항로533번길 201,618810,46714,,,,128.945118020167,35.1546972700318
MA0106202301A0888018,워너,코리아,G2,소매,G221,기타 상품 소매,G22199,그 외 기타 상품 전문 소매업,G47859,그 외 기타 분류 안된 상품 전문 소매업,30,대전광역시,30110,동구,30110695,삼성동,3011011800,삼성동,3011011800103630011,1,대지,363,11,대전광역시 동구 삼성동 363-11,301103164027,대전광역시 동구 태전로,140,,3011011800103630011013527,,대전광역시 동구 태전로 140,300816,34570,,,,127.421444048667,36.3405655567466
MA0106202301A1011761,무드,,G2,소매,G221,기타 상품 소매,G22199,그 외 기타 상품 전문 소매업,G47859,그 외 기타 분류 안된 상품 전문 소매업,46,전라남도,46870,영광군,46870256,홍농읍,4687025629,홍농읍,4687025629108360017,1,대지,836,17,전라남도 영광군 홍농읍 신석리 836-17,468704694176,전라남도 영광군 홍농읍 상단길5길,18,7,4687025629108360017003479,이상,전라남도 영광군 홍농읍 상단길5길 18-7,513883,57018,,,,126.456074987367,35.3841329023152
MA0106202301A0907791,공주상사,,G2,소매,G221,기타 상품 소매,G22199,그 외 기타 상품 전문 소매업,G47859,그 외 기타 분류 안된 상품 전문 소매업,44,충청남도,44150,공주시,44150540,웅진동,4415010600,교동,4415010600100790004,1,대지,79,4,충청남도 공주시 교동 79-4,441504553872,충청남도 공주시 용당길,34,,4415010600100790004752555,,충청남도 공주시 용당길 34,314020,32541,,,,127.121276108313,36.4589132570889
MA0106202212A1091229,늘찬,,G2,소매,G221,기타 상품 소매,G22199,그 외 기타 상품 전문 소매업,G47859,그 외 기타 분류 안된 상품 전문 소매업,26,부산광역시,26320,북구,26320510,구포1동,2632010500,구포동,2632010500105920015,1,대지,592,15,부산광역시 북구 구포동 592-15,263204196031,부산광역시 북구 구포시장6길,9,,2632010500105920015012267,,부산광역시 북구 구포시장6길 9,616801,46582,,,,129.003511050041,35.2072838953844
MA0106202301A0973028,비케이인스트루먼트,,G2,소매,G221,기타 상품 소매,G22199,그 외 기타 상품 전문 소매업,G47859,그 외 기타 분류 안된 상품 전문 소매업,30,대전광역시,30200,유성구,30200600,관평동,3020014600,관평동,3020014600113590000,1,대지,1359,,대전광역시 유성구 관평동 1359,302003167073,대전광역시 유성구 테크노3로,65,,3020014600113590000000197,한신에스메,대전광역시 유성구 테크노3로 65,305509,34016,,,,127.390263045755,36.4291572763593
MA0106202301A1308615,서귀포쑥보리빵,,G2,소매,G221,기타 상품 소매,G22199,그 외 기타 상품 전문 소매업,G47859,그 외 기타 분류 안된 상품 전문 소매업,50,제주특별자치도,50130,서귀포시,50130570,동홍동,5013010500,동홍동,5013010500114600012,1,대지,1460,12,제주특별자치도 서귀포시 동홍동 1460-12,501303350347,제주특별자치도 서귀포시 중앙로,144,,5013010500114600012000038,,제주특별자치도 서귀포시 중앙로 144,697864,63585,,1,,126.560501244776,33.2575211834062
MA0106202301A0140146,옥일상사,,G2,소매,G221,기타 상품 소매,G22199,그 외 기타 상품 전문 소매업,G47859,그 외 기타 분류 안된 상품 전문 소매업,11,서울특별시,11545,금천구,11545610,독산1동,1154510200,독산동,1154510200110070004,1,대지,1007,4,서울특별시 금천구 독산동 1007-4,115454151212,서울특별시 금천구 범안로18길,8,,1154510200110070004013140,,서울특별시 금천구 범안로18길 8,153829,08603,,,,126.895744493365,37.4661560608697
MA0106202301A1557923,낄께,,G2,소매,G221,기타 상품 소매,G22199,그 외 기타 상품 전문 소매업,G47859,그 외 기타 분류 안된 상품 전문 소매업,48,경상남도,48250,김해시,48250370,대동면,4825037025,대동면,4825037025109560047,1,대지,956,47,경상남도 김해시 대동면 초정리 956-47,482503335016,경상남도 김해시 대동면 대동로,648,,,,경상남도 김해시 대동면 대동로 648,621899,50809,,1,,128.98321913435,35.2433313677264
MA0106202301A0465185,새길유통,10호점,G2,소매,G221,기타 상품 소매,G22199,그 외 기타 상품 전문 소매업,G47859,그 외 기타 분류 안된 상품 전문 소매업,47,경상북도,47280,문경시,47280590,점촌3동,4728010300,흥덕동,4728010300103590001,1,대지,359,1,경상북도 문경시 흥덕동 359-1,472803303047,경상북도 문경시 중앙로,229,6,4728010300103590001031068,,경상북도 문경시 중앙로 229-6,745891,36964,,,,128.204964857102,36.6046458706193
MA0106202301A0579085,우이담배가게,,G2,소매,G221,기타 상품 소매,G22199,그 외 기타 상품 전문 소매업,G47859,그 외 기타 분류 안된 상품 전문 소매업,11,서울특별시,11305,강북구,11305660,인수동,1130510300,수유동,1130510300104080002,1,대지,408,2,서울특별시 강북구 수유동 408-2,113054124314,서울특별시 강북구 삼양로93길,1,,1130510300104080002001990,,서울특별시 강북구 삼양로93길 1,142884,01087,,,,127.016926622797,37.637264356971
MA0106202301A0275077,지에스디,,G2,소매,G221,기타 상품 소매,G22199,그 외 기타 상품 전문 소매업,G47859,그 외 기타 분류 안된 상품 전문 소매업,41,경기도,41135,성남시 분당구,41135640,야탑3동,4113510700,야탑동,4113510700101450000,1,대지,145,,경기도 성남시 분당구 야탑동 145,411353180051,경기도 성남시 분당구 판교로,744,,4113510700101450000010401,분당테크노파크,경기도 성남시 분당구 판교로 744,463760,13510,,,,127.155131576161,37.4046870320709
MA0106202301A0868219,충북도립대학,,G2,소매,G221,기타 상품 소매,G22199,그 외 기타 상품 전문 소매업,G47859,그 외 기타 분류 안된 상품 전문 소매업,43,충청북도,43730,옥천군,43730250,옥천읍,4373025022,옥천읍,4373025022104800001,1,대지,480,1,충청북도 옥천군 옥천읍 문정리 480-1,437304526090,충청북도 옥천군 옥천읍 대학길,15,,4373025022104800001009545,,충청북도 옥천군 옥천읍 대학길 15,373803,29046,,,,127.572135305021,36.2999991983812
MA0106202301A0976107,만인상회,,G2,소매,G221,기타 상품 소매,G22199,그 외 기타 상품 전문 소매업,G47859,그 외 기타 분류 안된 상품 전문 소매업,43,충청북도,43760,괴산군,43760250,괴산읍,4376025021,괴산읍,4376025021105880000,1,대지,588,,충청북도 괴산군 괴산읍 동부리 588,437604538578,충청북도 괴산군 괴산읍 읍내로15길,3,4,4376025021105880000201774,,충청북도 괴산군 괴산읍 읍내로15길 3-4,367805,28030,,,,127.794798581596,36.8106912275319
MA0106202301A0551046,맘스초이스유로,,G2,소매,G221,기타 상품 소매,G22199,그 외 기타 상품 전문 소매업,G47859,그 외 기타 분류 안된 상품 전문 소매업,11,서울특별시,11215,광진구,11215750,중곡2동,1121510100,중곡동,1121510100101500134,1,대지,150,134,서울특별시 광진구 중곡동 150-134,112154112095,서울특별시 광진구 긴고랑로29길,18,,1121510100101500134002782,,서울특별시 광진구 긴고랑로29길 18,143896,04936,,,,127.086798726666,37.5606944815452
MA0106202301A0280610,한진비니루포장,,G2,소매,G221,기타 상품 소매,G22199,그 외 기타 상품 전문 소매업,G47859,그 외 기타 분류 안된 상품 전문 소매업,41,경기도,41192,부천시 원미구,41192600,도당동,4119210400,도당동,4119210400100750001,1,대지,75,1,경기도 부천시 원미구 도당동 75-1,411923184003,경기도 부천시 원미구 부천로,348,,4119510400100750001046899,,경기도 부천시 원미구 부천로 348,420803,14487,,,,126.785132113719,37.5149943953259
MA0106202301A1434160,설화식품,,G2,소매,G221,기타 상품 소매,G22199,그 외 기타 상품 전문 소매업,G47859,그 외 기타 분류 안된 상품 전문 소매업,11,서울특별시,11230,동대문구,11230660,장안2동,1123010600,장안동,1123010600103040009,1,대지,304,9,서울특별시 동대문구 장안동 304-9,112304115405,서울특별시 동대문구 장한로27가길,62,,1123010600103040009014933,,서울특별시 동대문구 장한로27가길 62,130838,02527,,,,127.071330006494,37.5758776045071
MA0106202301A0280270,원경불교사,,G2,소매,G221,기타 상품 소매,G22199,그 외 기타 상품 전문 소매업,G47859,그 외 기타 분류 안된 상품 전문 소매업,41,경기도,41196,부천시 오정구,41196510,성곡동,4119610300,작동,4119610300100700026,1,대지,70,26,경기도 부천시 오정구 작동 70-26,411963186003,경기도 부천시 오정구 까치로,102,,4119910300100700026001498,,경기도 부천시 오정구 까치로 102,421825,14475,,1,,126.806079206921,37.5154811445583
MA0106202301A0137277,영스타가발,,G2,소매,G221,기타 상품 소매,G22199,그 외 기타 상품 전문 소매업,G47859,그 외 기타 분류 안된 상품 전문 소매업,11,서울특별시,11620,관악구,11620615,중앙동,1162010100,봉천동,1162010100100420058,1,대지,42,58,서울특별시 관악구 봉천동 42-58,116203120009,서울특별시 관악구 은천로,186,,1162010100100420058025938,,서울특별시 관악구 은천로 186,151811,08744,,,,126.95570000303,37.4855834766406
MA0106202301A0531654,SB유통,,G2,소매,G221,기타 상품 소매,G22199,그 외 기타 상품 전문 소매업,G47859,그 외 기타 분류 안된 상품 전문 소매업,11,서울특별시,11230,동대문구,11230545,제기동,1123010300,제기동,1123010300108920001,1,대지,892,1,서울특별시 동대문구 제기동 892-1,112304115241,서울특별시 동대문구 약령서길,131,,1123010300108920001000001,한솔동의보감,서울특별시 동대문구 약령서길 131,130864,02478,,,,127.036772835375,37.5841915803188
MA0106202301A0755960,소행복,,G2,소매,G221,기타 상품 소매,G22199,그 외 기타 상품 전문 소매업,G47859,그 외 기타 분류 안된 상품 전문 소매업,41,경기도,41113,수원시 권선구,41113550,평동,4111312900,오목천동,4111312900111820005,1,대지,1182,5,경기도 수원시 권선구 오목천동 1182-5,411134855216,경기도 수원시 권선구 서수원로47번길,5,,4111312900111820005000001,일부호,경기도 수원시 권선구 서수원로47번길 5,441230,16640,,2,,126.978306948607,37.2340589465429
MA0106202301A0620852,그린텍,,G2,소매,G221,기타 상품 소매,G22199,그 외 기타 상품 전문 소매업,G47859,그 외 기타 분류 안된 상품 전문 소매업,41,경기도,41113,수원시 권선구,41113560,서둔동,4111313300,탑동,4111313300107790007,1,대지,779,7,경기도 수원시 권선구 탑동 779-7,411134325463,경기도 수원시 권선구 탑동로39번길,30,,4111313300107790007021024,,경기도 수원시 권선구 탑동로39번길 30,441100,16603,,1,,126.972703758811,37.2720638156792
MA0106202301A0000892,진주모사,,G2,소매,G221,기타 상품 소매,G22199,그 외 기타 상품 전문 소매업,G47859,그 외 기타 분류 안된 상품 전문 소매업,11,서울특별시,11110,종로구,11110630,종로5.6가동,1111016400,종로6가,1111016400102890003,1,대지,289,3,서울특별시 종로구 종로6가 289-3,111103100013,서울특별시 종로구 종로,266,,1111016400102700003012054,동대문종합시장,서울특별시 종로구 종로 266,110784,03198,,,,127.007323809304,37.570700186669
MA0106202301A0295025,웅진식품남동,대리점,G2,소매,G221,기타 상품 소매,G22199,그 외 기타 상품 전문 소매업,G47859,그 외 기타 분류 안된 상품 전문 소매업,28,인천광역시,28177,미추홀구,28177580,학익1동,2817710300,학익동,2817710300104970007,1,대지,497,7,인천광역시 미추홀구 학익동 497-7,281773151005,인천광역시 미추홀구 노적산로,16,34,2817010300104970007054291,,인천광역시 미추홀구 노적산로 16-34,402865,22205,,,,126.651827703467,37.442334978386
MA0106202301A0159930,올젠바이오,,G2,소매,G221,기타 상품 소매,G22199,그 외 기타 상품 전문 소매업,G47859,그 외 기타 분류 안된 상품 전문 소매업,28,인천광역시,28110,중구,28110628,운서동,2811014700,운서동,2811014700127930001,1,대지,2793,1,인천광역시 중구 운서동 2793-1,281103149060,인천광역시 중구 흰바위로,31,,2811014700127930001223582,어로시티,인천광역시 중구 흰바위로 31,400833,22371,,,,126.488467612128,37.4927645909413
MA0106202301A0854271,대장장이,,G2,소매,G221,기타 상품 소매,G22199,그 외 기타 상품 전문 소매업,G47859,그 외 기타 분류 안된 상품 전문 소매업,41,경기도,41570,김포시,41570540,사우동,4157010600,사우동,4157010600103850000,1,대지,385,,경기도 김포시 사우동 385,415703209124,경기도 김포시 풍무로,234,,4157010600103850000023495,길훈4차,경기도 김포시 풍무로 234,415727,10113,,,,126.725776826123,37.6152872319132
MA0106202301A1188567,제일유통,,G2,소매,G221,기타 상품 소매,G22199,그 외 기타 상품 전문 소매업,G47859,그 외 기타 분류 안된 상품 전문 소매업,29,광주광역시,29170,북구,29170510,중흥1동,2917010100,중흥동,2917010100107490004,1,대지,749,4,광주광역시 북구 중흥동 749-4,291704286130,광주광역시 북구 독립로367번길,12,,2917010100107490004009356,,광주광역시 북구 독립로367번길 12,500878,61228,,,,126.914692941516,35.1635428729244
MA0106202301A1531242,청주나누리푸드장애인보호작업장,,G2,소매,G221,기타 상품 소매,G22199,그 외 기타 상품 전문 소매업,G47859,그 외 기타 분류 안된 상품 전문 소매업,43,충청북도,43114,청주시 청원구,43114250,내수읍,4311425033,내수읍,4311425033104480001,1,대지,448,1,충청북도 청주시 청원구 내수읍 구성리 448-1,431143014017,충청북도 청주시 청원구 내수읍 내수로,180,11,4311425033104480001000001,,충청북도 청주시 청원구 내수읍 내수로 180-11,363931,28153,,,,127.501593855007,36.6890896059802
MA0106202301A1513821,코오롱매점,,G2,소매,G221,기타 상품 소매,G22199,그 외 기타 상품 전문 소매업,G47859,그 외 기타 분류 안된 상품 전문 소매업,47,경상북도,47150,김천시,47150575,대신동,4715011800,응명동,4715011800103000002,1,대지,300,2,경상북도 김천시 응명동 300-2,471504718047,경상북도 김천시 공단2길,103,,4715011800107220001000001,,경상북도 김천시 공단2길 103,740180,39543,,,,128.128595642985,36.1448107238747
MA0106202301A0365255,이노진텍,,G2,소매,G221,기타 상품 소매,G22199,그 외 기타 상품 전문 소매업,G47859,그 외 기타 분류 안된 상품 전문 소매업,11,서울특별시,11545,금천구,11545510,가산동,1154510100,가산동,1154510100103710028,1,대지,371,28,서울특별시 금천구 가산동 371-28,115453117001,서울특별시 금천구 가산디지털1로,168,,1154510100103710028015795,,서울특별시 금천구 가산디지털1로 168,153786,08507,,,,126.882644342333,37.479965266654
MA0106202301A0950227,선경마트,,G2,소매,G221,기타 상품 소매,G22199,그 외 기타 상품 전문 소매업,G47859,그 외 기타 분류 안된 상품 전문 소매업,44,충청남도,44133,천안시 서북구,44133580,부성1동,4413310400,두정동,4413310400105270000,1,대지,527,,충청남도 천안시 서북구 두정동 527,441334550150,충청남도 천안시 서북구 두정중5길,33,,4413310400105270000044125,단지상가주공8단지,충청남도 천안시 서북구 두정중5길 33,331753,31102,,,,127.143393133472,36.8361579616434
MA0106202301A0915866,동서도기타일,,G2,소매,G221,기타 상품 소매,G22199,그 외 기타 상품 전문 소매업,G47859,그 외 기타 분류 안된 상품 전문 소매업,44,충청남도,44230,논산시,44230510,취암동,4423010900,내동,4423010900104900013,1,대지,490,13,충청남도 논산시 내동 490-13,442303255045,충청남도 논산시 시민로,131,,4423010900104900013000001,,충청남도 논산시 시민로 131,320804,32988,,,,127.101223666553,36.1792671367822
MA0106202301A1227036,신안유통,,G2,소매,G221,기타 상품 소매,G22199,그 외 기타 상품 전문 소매업,G47859,그 외 기타 분류 안된 상품 전문 소매업,46,전라남도,46110,목포시,46110757,하당동,4611015800,상동,4611015800108610003,1,대지,861,3,전라남도 목포시 상동 861-3,461103281029,전라남도 목포시 비파로,104,,4611015800108610003000001,,전라남도 목포시 비파로 104,530822,58662,,,,126.424156220974,34.8072628726826
MA0106202301A1066595,상은한과,,G2,소매,G221,기타 상품 소매,G22199,그 외 기타 상품 전문 소매업,G47859,그 외 기타 분류 안된 상품 전문 소매업,41,경기도,41192,부천시 원미구,41192550,원미2동,4119210100,원미동,4119210100101810012,1,대지,181,12,경기도 부천시 원미구 원미동 181-12,411924352501,경기도 부천시 원미구 조종로50번길,41,2,4119510100101810012002745,,경기도 부천시 원미구 조종로50번길 41-2,420840,14572,,1,,126.789871250352,37.4908740317439
MA0106202301A0346332,알엔에스,,G2,소매,G221,기타 상품 소매,G22199,그 외 기타 상품 전문 소매업,G47859,그 외 기타 분류 안된 상품 전문 소매업,41,경기도,41590,화성시,41590585,동탄1동,4159012700,반송동,4159012700101070008,1,대지,107,8,경기도 화성시 반송동 107-8,415903210169,경기도 화성시 동탄반석로,120,,4159012700100850001000001,제일프라자,경기도 화성시 동탄반석로 120,445160,18455,,,,127.071650265372,37.1996101698556
MA0106202301A0386556,지에스시유통,,G2,소매,G221,기타 상품 소매,G22199,그 외 기타 상품 전문 소매업,G47859,그 외 기타 분류 안된 상품 전문 소매업,41,경기도,41390,시흥시,41390570,목감동,4139012400,조남동,4139012400105020001,1,대지,502,1,경기도 시흥시 조남동 502-1,413904397251,경기도 시흥시 방화고개길,33,,4139012400105020001012105,,경기도 시흥시 방화고개길 33,429870,14990,,,,126.860921093568,37.3663684790406
MA0106202211A0155005,구미365안전종합상사,,G2,소매,G221,기타 상품 소매,G22199,그 외 기타 상품 전문 소매업,G47859,그 외 기타 분류 안된 상품 전문 소매업,47,경상북도,47190,구미시,47190680,진미동,4719012500,임수동,4719012500103980005,1,대지,398,5,경상북도 구미시 임수동 398-5,471903018095,경상북도 구미시 3공단1로,303,16,4719012500103980005000001,,경상북도 구미시 3공단1로 303-16,730350,39392,,,,128.401850460855,36.1100776013536
MA0106202211A0262498,영진종합상사,,G2,소매,G221,기타 상품 소매,G22199,그 외 기타 상품 전문 소매업,G47859,그 외 기타 분류 안된 상품 전문 소매업,41,경기도,41285,고양시 일산동구,41285580,장항1동,4128510400,장항동,4128510400105780013,1,대지,578,13,경기도 고양시 일산동구 장항동 578-13,412853193030,경기도 고양시 일산동구 장항로,253,,4128510400105780013003495,,경기도 고양시 일산동구 장항로 253,410834,10431,,,,126.771499234977,37.6418915901808
MA0106202211A1566236,이마트24R원주현충로점픽미픽미아이스크림,,G2,소매,G221,기타 상품 소매,G22199,그 외 기타 상품 전문 소매업,G47859,그 외 기타 분류 안된 상품 전문 소매업,51,강원특별자치도,51130,원주시,51130610,태장1동,5113011200,태장동,5113011200106820000,1,대지,682,,강원특별자치도 원주시 태장동 682,511304457665,강원특별자치도 원주시 현충로58번길,29,1,4213011200106820000013930,현대아파트,강원특별자치도 원주시 현충로58번길 29-1,220789,26324,,,,127.957489670081,37.3620610784098
MA0106202211A0662276,불루블럭블루블럭빙,,G2,소매,G221,기타 상품 소매,G22199,그 외 기타 상품 전문 소매업,G47859,그 외 기타 분류 안된 상품 전문 소매업,11,서울특별시,11680,강남구,11680700,세곡동,1168011100,세곡동,1168011100105990000,1,대지,599,,서울특별시 강남구 세곡동 599,116804166875,서울특별시 강남구 헌릉로569길,37,,1168011100105990000000001,,서울특별시 강남구 헌릉로569길 37,135190,06376,,,,127.097598385188,37.4668104744678
MA0106202211A0678499,가온자판기,,G2,소매,G221,기타 상품 소매,G22199,그 외 기타 상품 전문 소매업,G47859,그 외 기타 분류 안된 상품 전문 소매업,41,경기도,41461,용인시 처인구,41461530,유림동,4146110600,고림동,4146110600105210001,1,대지,521,1,경기도 용인시 처인구 고림동 521-1,414614409034,경기도 용인시 처인구 경안천로258번길,89,,4146110600105210001256483,,경기도 용인시 처인구 경안천로258번길 89,449923,17038,,,,127.22261234119,37.26167591147
MA0106202211A2172823,아뜰리에수,,G2,소매,G221,기타 상품 소매,G22199,그 외 기타 상품 전문 소매업,G47859,그 외 기타 분류 안된 상품 전문 소매업,11,서울특별시,11530,구로구,11530780,오류2동,1153010800,오류동,1153010800101350086,1,대지,135,86,서울특별시 구로구 오류동 135-86,115304148383,서울특별시 구로구 서해안로30길,12,,1153010800101350086002012,,서울특별시 구로구 서해안로30길 12,152896,08341,,,,126.843905269854,37.4932102965819
MA0106202211A1654928,한톨식혜,,G2,소매,G221,기타 상품 소매,G22199,그 외 기타 상품 전문 소매업,G47859,그 외 기타 분류 안된 상품 전문 소매업,41,경기도,41310,구리시,41310510,갈매동,4131010100,갈매동,4131010100105280000,1,대지,528,,경기도 구리시 갈매동 528,413103351112,경기도 구리시 갈매순환로,212,,4131010100101120000000001,,경기도 구리시 갈매순환로 212,471859,11901,,,,127.121014084109,37.638014396507
MA0106202211A0897443,중부물류,,G2,소매,G221,기타 상품 소매,G22199,그 외 기타 상품 전문 소매업,G47859,그 외 기타 분류 안된 상품 전문 소매업,30,대전광역시,30140,중구,30140535,은행선화동,3014010200,선화동,3014010200100050003,1,대지,5,3,대전광역시 중구 선화동 5-3,301403010004,대전광역시 중구 대종로,509,,3014010200100050003014849,,대전광역시 중구 대종로 509,301822,34838,,,,127.424569080578,36.3293799154558
MA0106202211A2003806,피트타운,,G2,소매,G221,기타 상품 소매,G22199,그 외 기타 상품 전문 소매업,G47859,그 외 기타 분류 안된 상품 전문 소매업,41,경기도,41630,양주시,41630540,회천2동,4163011600,덕계동,4163011600107540003,1,대지,754,3,경기도 양주시 덕계동 754-3,416304436381,경기도 양주시 평화로1475번길,616,,4163011600107540003000001,,경기도 양주시 평화로1475번길 616,482050,11441,,,,127.029075407155,37.8198257649102
MA0106202211A2136003,김소월푸드,,G2,소매,G221,기타 상품 소매,G22199,그 외 기타 상품 전문 소매업,G47859,그 외 기타 분류 안된 상품 전문 소매업,27,대구광역시,27260,수성구,27260540,범어4동,2726010100,범어동,2726010100101990018,1,대지,199,18,대구광역시 수성구 범어동 199-18,272604238242,대구광역시 수성구 범어로19길,8,,2726010100101990015021771,,대구광역시 수성구 범어로19길 8,706821,42087,,,,128.635367179541,35.8579840157135
MA0106202210A1740697,노블레스,,G2,소매,G221,기타 상품 소매,G22199,그 외 기타 상품 전문 소매업,G47859,그 외 기타 분류 안된 상품 전문 소매업,51,강원특별자치도,51130,원주시,51130590,단계동,5113011000,단계동,5113011000107990002,1,대지,799,2,강원특별자치도 원주시 단계동 799-2,511303219013,강원특별자치도 원주시 단구로,66,,4213011000107990002023108,,강원특별자치도 원주시 단구로 66,220937,26434,,,,127.938852214052,37.3429291664191
MA0106202210A2179290,가온길유통,,G2,소매,G221,기타 상품 소매,G22199,그 외 기타 상품 전문 소매업,G47859,그 외 기타 분류 안된 상품 전문 소매업,11,서울특별시,11200,성동구,11200690,성수2가3동,1120011500,성수동2가,1120011500102730061,1,대지,273,61,서울특별시 성동구 성수동2가 273-61,112004109400,서울특별시 성동구 연무장11길,10,,1120011500102730061004735,,서울특별시 성동구 연무장11길 10,133831,04783,,,,127.057561655942,37.5429266535012
MA0106202212A2026538,디올푸드,,G2,소매,G221,기타 상품 소매,G22199,그 외 기타 상품 전문 소매업,G47859,그 외 기타 분류 안된 상품 전문 소매업,28,인천광역시,28260,서구,28260720,오류왕길동,2826011900,오류동,2826011900103950223,1,대지,395,223,인천광역시 서구 오류동 395-223,282604268562,인천광역시 서구 원당대로117번길,70,5,2826011900103950223000001,,인천광역시 서구 원당대로117번길 70-5,404300,22663,,,,126.623484754986,37.5935707548887
MA0106202211A2392667,뷰젠바이오,,G2,소매,G221,기타 상품 소매,G22199,그 외 기타 상품 전문 소매업,G47859,그 외 기타 분류 안된 상품 전문 소매업,41,경기도,41133,성남시 중원구,41133570,상대원1동,4113310500,상대원동,4113310500154690000,1,대지,5469,,경기도 성남시 중원구 상대원동 5469,411333179011,경기도 성남시 중원구 사기막골로,99,,4113310500101450003051190,,경기도 성남시 중원구 사기막골로 99,462121,13201,,,,127.174128706955,37.4386649626252
MA0106202212A1395354,아시안베트남마트종회물산,,G2,소매,G221,기타 상품 소매,G22199,그 외 기타 상품 전문 소매업,G47859,그 외 기타 분류 안된 상품 전문 소매업,51,강원특별자치도,51150,강릉시,51150520,중앙동,5115010800,성남동,5115010800101010008,1,대지,101,8,강원특별자치도 강릉시 성남동 101-8,511504460222,강원특별자치도 강릉시 금성로31번길,16,,4215010800101010008001375,,강원특별자치도 강릉시 금성로31번길 16,210050,25543,,,,128.898241206553,37.7523737322909
MA0106202301A1383248,상상하남,,G2,소매,G221,기타 상품 소매,G22199,그 외 기타 상품 전문 소매업,G47859,그 외 기타 분류 안된 상품 전문 소매업,41,경기도,41450,하남시,41450520,신장1동,4145010600,신장동,4145010600104110033,1,대지,411,33,경기도 하남시 신장동 411-33,414504406161,경기도 하남시 신장1로33번길,45,,4145010600104110033005481,,경기도 하남시 신장1로33번길 45,465811,12958,,,,127.208467577502,37.5400446649728
MA0106202301A0995400,지니에스앤티,,G2,소매,G221,기타 상품 소매,G22199,그 외 기타 상품 전문 소매업,G47859,그 외 기타 분류 안된 상품 전문 소매업,41,경기도,41410,군포시,41410630,송부동,4141010300,부곡동,4141010300112460000,1,대지,1246,,경기도 군포시 부곡동 1246,414104854857,경기도 군포시 군포첨단산업2로7번길,8,,4141010300112460000000001,군포에이스더블유밸리,경기도 군포시 군포첨단산업2로7번길 8,435020,15880,,,,126.941035270121,37.3268262952855
MA0106202301A1236105,EDP영암점,,G2,소매,G221,기타 상품 소매,G22199,그 외 기타 상품 전문 소매업,G47859,그 외 기타 분류 안된 상품 전문 소매업,46,전라남도,46830,영암군,46830360,군서면,4683036021,군서면,4683036021104210000,1,대지,421,,전라남도 영암군 군서면 해창리 421,468304685281,전라남도 영암군 군서면 신덕정길,29,1,4683036021104210000022841,,전라남도 영암군 군서면 신덕정길 29-1,526854,58432,,,,126.646599533797,34.8067961159068
MA0106202301A0154466,선우상사,,G2,소매,G221,기타 상품 소매,G22199,그 외 기타 상품 전문 소매업,G47859,그 외 기타 분류 안된 상품 전문 소매업,28,인천광역시,28177,미추홀구,28177540,용현1.4동,2817710200,용현동,2817710200100980018,1,대지,98,18,인천광역시 미추홀구 용현동 98-18,281774253744,인천광역시 미추홀구 한나루로489번길,100,,2817010200100980018047639,,인천광역시 미추홀구 한나루로489번길 100,402818,22208,,,,126.661806178786,37.4522930820213
MA0106202301A0127773,유,,G2,소매,G221,기타 상품 소매,G22199,그 외 기타 상품 전문 소매업,G47859,그 외 기타 분류 안된 상품 전문 소매업,51,강원특별자치도,51830,양양군,51830250,양양읍,5183025022,양양읍,5183025022102010001,1,대지,201,1,강원특별자치도 양양군 양양읍 구교리 201-1,518304505021,강원특별자치도 양양군 양양읍 관아길,13,10,4283025022102010001014163,우측,강원특별자치도 양양군 양양읍 관아길 13-10,215803,25021,,1,,128.624023045721,38.0786895472636
MA0106202301A1487169,올리브영포항그랜드에비뉴점,,G2,소매,G221,기타 상품 소매,G22199,그 외 기타 상품 전문 소매업,G47859,그 외 기타 분류 안된 상품 전문 소매업,47,경상북도,47111,포항시 남구,47111525,상대동,4711110100,상도동,4711110100105820000,1,대지,582,,경상북도 포항시 남구 상도동 582,471113303049,경상북도 포항시 남구 중흥로,77,,4711110100105820000118244,그랜드애비뉴아울렛,경상북도 포항시 남구 중흥로 77,790828,37761,,1,,129.348923626366,36.0127451288903
MA0106202301A0058693,금성유통,,G2,소매,G221,기타 상품 소매,G22199,그 외 기타 상품 전문 소매업,G47859,그 외 기타 분류 안된 상품 전문 소매업,11,서울특별시,11590,동작구,11590520,노량진2동,1159010100,노량진동,1159010100100160001,1,대지,16,1,서울특별시 동작구 노량진동 16-1,115904157053,서울특별시 동작구 노들로2길,7,,1159010100100160001031441,,서울특별시 동작구 노들로2길 7,156052,06900,,,,126.93859202372,37.5141917741731
MA0106202301A1439213,케이에이치씨,,G2,소매,G221,기타 상품 소매,G22199,그 외 기타 상품 전문 소매업,G47859,그 외 기타 분류 안된 상품 전문 소매업,31,울산광역시,31200,북구,31200530,농소3동,3120010700,상안동,3120010700103570005,1,대지,357,5,울산광역시 북구 상안동 357-5,312003172021,울산광역시 북구 아진로,41,3,3120010700103570005000001,,울산광역시 북구 아진로 41-3,683480,44209,,4,,129.343309296844,35.6296596503613
MA0106202301A0635384,좋은생각,,G2,소매,G221,기타 상품 소매,G22199,그 외 기타 상품 전문 소매업,G47859,그 외 기타 분류 안된 상품 전문 소매업,41,경기도,41630,양주시,41630520,양주2동,4163010700,만송동,4163010700100200002,1,대지,20,2,경기도 양주시 만송동 20-2,416303212011,경기도 양주시 만송로,394,59,4163010700100200000002190,,경기도 양주시 만송로 394-59,482080,11494,,,,127.100557726289,37.7930189431129
MA0106202301A0419242,다담,,G2,소매,G221,기타 상품 소매,G22199,그 외 기타 상품 전문 소매업,G47859,그 외 기타 분류 안된 상품 전문 소매업,46,전라남도,46150,순천시,46150661,왕조1동,4615013200,왕지동,4615013200108820001,1,대지,882,1,전라남도 순천시 왕지동 882-1,461504649729,전라남도 순천시 왕지4길,13,2,4615013200108820001000001,,전라남도 순천시 왕지4길 13-2,540330,57932,,,,127.525711241464,34.9682160738788
MA0106202301A0294168,선일테크,,G2,소매,G221,기타 상품 소매,G22199,그 외 기타 상품 전문 소매업,G47859,그 외 기타 분류 안된 상품 전문 소매업,28,인천광역시,28177,미추홀구,28177540,용현1.4동,2817710200,용현동,2817710200100960008,1,대지,96,8,인천광역시 미추홀구 용현동 96-8,281774253575,인천광역시 미추홀구 인하로119번길,43,,2817010200100960008187657,,인천광역시 미추홀구 인하로119번길 43,402818,22208,,,,126.662079402793,37.4518523689904
MA0106202301A0330822,대승테크,,G2,소매,G221,기타 상품 소매,G22199,그 외 기타 상품 전문 소매업,G47859,그 외 기타 분류 안된 상품 전문 소매업,41,경기도,41273,안산시 단원구,41273545,원곡동,4127310800,원곡동,4127310800109940000,1,대지,994,,경기도 안산시 단원구 원곡동 994,412733012031,경기도 안산시 단원구 산단로,348,,4127310800109940000017317,,경기도 안산시 단원구 산단로 348,425850,15431,,,,126.786403540792,37.3264499703308
MA0106202301A0964582,엠티엠상사,,G2,소매,G221,기타 상품 소매,G22199,그 외 기타 상품 전문 소매업,G47859,그 외 기타 분류 안된 상품 전문 소매업,30,대전광역시,30230,대덕구,30230570,덕암동,3023011600,상서동,3023011600103240045,1,대지,324,45,대전광역시 대덕구 상서동 324-45,302304304256,대전광역시 대덕구 새말2길,22,,3023011600103240045003196,,대전광역시 대덕구 새말2길 22,306200,34344,,,,127.422786804356,36.4260997380384
MA0106202301A0193536,한소프트,,G2,소매,G221,기타 상품 소매,G22199,그 외 기타 상품 전문 소매업,G47859,그 외 기타 분류 안된 상품 전문 소매업,41,경기도,41113,수원시 권선구,41113550,평동,4111312800,고색동,4111312800109860000,1,대지,986,,경기도 수원시 권선구 고색동 986,411133175010,경기도 수원시 권선구 권선로,308,18,4111312800109860000050960,,경기도 수원시 권선구 권선로 308-18,441813,16602,,,,126.985368816943,37.2540722435472
MA0106202301A0532075,한국월드그린,,G2,소매,G221,기타 상품 소매,G22199,그 외 기타 상품 전문 소매업,G47859,그 외 기타 분류 안된 상품 전문 소매업,11,서울특별시,11260,중랑구,11260610,중화2동,1126010300,중화동,1126010300103120085,1,대지,312,85,서울특별시 중랑구 중화동 312-85,112604118313,서울특별시 중랑구 봉화산로10길,14,,1126010300103120085032439,,서울특별시 중랑구 봉화산로10길 14,131881,02101,,,,127.077038602421,37.600858536349
MA0106202301A0972889,지엘코어,,G2,소매,G221,기타 상품 소매,G22199,그 외 기타 상품 전문 소매업,G47859,그 외 기타 분류 안된 상품 전문 소매업,30,대전광역시,30200,유성구,30200540,온천2동,3020012200,궁동,3020012200102200000,1,대지,220,,대전광역시 유성구 궁동 220,302003167083,대전광역시 유성구 대학로,99,,3020012200102200000007411,충남대학교,대전광역시 유성구 대학로 99,305764,34134,,,,127.341843104229,36.3681433977535
MA0106202301A1182126,우리수퍼,,G2,소매,G221,기타 상품 소매,G22199,그 외 기타 상품 전문 소매업,G47859,그 외 기타 분류 안된 상품 전문 소매업,52,전북특별자치도,52190,남원시,52190550,금동,5219010600,금동,5219010600102620001,1,대지,262,1,전북특별자치도 남원시 금동 262-1,521903271030,전북특별자치도 남원시 의총로,51,,4519010600102640001307488,공설시장,전북특별자치도 남원시 의총로 51,590980,55768,,,,127.375861148408,35.4046196519992
MA0106202301A0158646,신앙촌상회,,G2,소매,G221,기타 상품 소매,G22199,그 외 기타 상품 전문 소매업,G47859,그 외 기타 분류 안된 상품 전문 소매업,28,인천광역시,28140,동구,28140630,송림6동,2814010700,송림동,2814010700100420275,1,대지,42,275,인천광역시 동구 송림동 42-275,281403150037,인천광역시 동구 송림로,131,,2814010700100420275008869,,인천광역시 동구 송림로 131,401076,22545,,,,126.649008365922,37.477384853931
MA0106202301A0349619,마마치,,G2,소매,G221,기타 상품 소매,G22199,그 외 기타 상품 전문 소매업,G47859,그 외 기타 분류 안된 상품 전문 소매업,11,서울특별시,11170,용산구,11170625,한강로동,1117012600,용산동3가,1117012600100050007,1,대지,5,7,서울특별시 용산구 용산동3가 5-7,111704106443,서울특별시 용산구 한강대로62길,61,,1117012600100050007013157,신우빌딩,서울특별시 용산구 한강대로62길 61,140023,04382,,4,,126.973616199298,37.5321077110581
MA0106202301A1277914,강경향토맛젓갈,,G2,소매,G221,기타 상품 소매,G22199,그 외 기타 상품 전문 소매업,G47859,그 외 기타 분류 안된 상품 전문 소매업,52,전북특별자치도,52180,정읍시,52180545,시기동,5218010400,시기동,5218010400102850002,1,대지,285,2,전북특별자치도 정읍시 시기동 285-2,521804611017,전북특별자치도 정읍시 태평5길,28,,4518010400102850002081907,,전북특별자치도 정읍시 태평5길 28,580060,56164,,,,126.855435433156,35.5630635309862
MA0106202301A0294197,백제상사,,G2,소매,G221,기타 상품 소매,G22199,그 외 기타 상품 전문 소매업,G47859,그 외 기타 분류 안된 상품 전문 소매업,28,인천광역시,28200,남동구,28200710,논현고잔동,2820011100,고잔동,2820011100100860008,1,대지,86,8,인천광역시 남동구 고잔동 86-8,282004259713,인천광역시 남동구 청능대로534번길,2,,2820011100100860008009266,,인천광역시 남동구 청능대로534번길 2,405310,21678,,,,126.719201950432,37.3993736285935
MA0106202301A0360987,Infocom,,G2,소매,G221,기타 상품 소매,G22199,그 외 기타 상품 전문 소매업,G47859,그 외 기타 분류 안된 상품 전문 소매업,28,인천광역시,28260,서구,28260690,불로대곡동,2826011700,대곡동,2826011700104120002,1,대지,412,2,인천광역시 서구 대곡동 412-2,282603156193,인천광역시 서구 설원로,123,,2826011700004120000000001,,인천광역시 서구 설원로 123,404280,22600,,,,126.678584979505,37.6272593363271
MA0106202301A0235704,태양포장비닐,,G2,소매,G221,기타 상품 소매,G22199,그 외 기타 상품 전문 소매업,G47859,그 외 기타 분류 안된 상품 전문 소매업,41,경기도,41630,양주시,41630310,은현면,4163031022,은현면,4163031022105290007,1,대지,529,7,경기도 양주시 은현면 선암리 529-7,416304436455,경기도 양주시 은현면 화합로863번길,33,12,4163031022105290007020106,,경기도 양주시 은현면 화합로863번길 33-12,482862,11427,,,,127.022673526808,37.8693345569701
MA0106202301A0946845,크린앤C.F,,G2,소매,G221,기타 상품 소매,G22199,그 외 기타 상품 전문 소매업,G47859,그 외 기타 분류 안된 상품 전문 소매업,44,충청남도,44200,아산시,44200250,염치읍,4420025031,염치읍,4420025031103860001,1,대지,386,1,충청남도 아산시 염치읍 방현리 386-1,442004559753,충청남도 아산시 염치읍 충무로358번길,39,22,4420025031103860001000002,,충청남도 아산시 염치읍 충무로358번길 39-22,336814,31448,,,,127.009324392348,36.8137253523624
MA0106202301A0395147,경남에이디,,G2,소매,G221,기타 상품 소매,G22199,그 외 기타 상품 전문 소매업,G47859,그 외 기타 분류 안된 상품 전문 소매업,41,경기도,41463,용인시 기흥구,41463586,상하동,4146311700,상하동,4146311700200150004,2,산,15,4,경기도 용인시 기흥구 상하동 산15-4,414633204046,경기도 용인시 기흥구 어정로,87,7,4146311700104690005018447,,경기도 용인시 기흥구 어정로 87-7,446914,16986,,,,127.139135805669,37.2748144668347
MA0106202301A0686553,EDP남원주이디피,,G2,소매,G221,기타 상품 소매,G22199,그 외 기타 상품 전문 소매업,G47859,그 외 기타 분류 안된 상품 전문 소매업,51,강원특별자치도,51130,원주시,51130380,판부면,5113038022,판부면,5113038022108730000,1,대지,873,,강원특별자치도 원주시 판부면 서곡리 873,511304457448,강원특별자치도 원주시 판부면 용수골길,126,1,4213038022108730000037229,,강원특별자치도 원주시 판부면 용수골길 126-1,220912,26402,,,,127.936628368819,37.3001492386079
MA0106202301A0093108,명인불교,,G2,소매,G221,기타 상품 소매,G22199,그 외 기타 상품 전문 소매업,G47859,그 외 기타 분류 안된 상품 전문 소매업,28,인천광역시,28200,남동구,28200510,구월1동,2820010100,구월동,2820010100112400003,1,대지,1240,3,인천광역시 남동구 구월동 1240-3,282003008031,인천광역시 남동구 호구포로,775,,2820010100112400004002937,,인천광역시 남동구 호구포로 775,405837,21563,,,,126.718599829337,37.4516400566341
MA0106202301A0519563,수신화학,,G2,소매,G221,기타 상품 소매,G22199,그 외 기타 상품 전문 소매업,G47859,그 외 기타 분류 안된 상품 전문 소매업,11,서울특별시,11140,중구,11140605,을지로동,1114015000,을지로4가,1114015000101060002,1,대지,106,2,서울특별시 중구 을지로4가 106-2,111403005008,서울특별시 중구 창경궁로,52,,1114015000101060002012374,,서울특별시 중구 창경궁로 52,100848,04546,,,,126.99847192139,37.5671144415201
MA0106202301A1219913,지티이엔지,,G2,소매,G221,기타 상품 소매,G22199,그 외 기타 상품 전문 소매업,G47859,그 외 기타 분류 안된 상품 전문 소매업,29,광주광역시,29140,서구,29140745,치평동,2914012000,치평동,2914012000112940012,1,대지,1294,12,광주광역시 서구 치평동 1294-12,291404280233,광주광역시 서구 상무화원로4번길,14,,2914012000112940012000001,,광주광역시 서구 상무화원로4번길 14,502827,61960,,1,,126.842298887468,35.1439197809015
MA0106202301A0321216,건국우유개봉보급소,,G2,소매,G221,기타 상품 소매,G22199,그 외 기타 상품 전문 소매업,G47859,그 외 기타 분류 안된 상품 전문 소매업,11,서울특별시,11530,구로구,11530790,수궁동,1153011000,온수동,1153011000100060000,1,대지,6,,서울특별시 구로구 온수동 6,115304148366,서울특별시 구로구 부일로9길,69,,1153011000100060000000612,,서울특별시 구로구 부일로9길 69,152905,08259,,,,126.825004006213,37.4956615770612
MA0106202301A0164511,자연담향,,G2,소매,G221,기타 상품 소매,G22199,그 외 기타 상품 전문 소매업,G47859,그 외 기타 분류 안된 상품 전문 소매업,28,인천광역시,28177,미추홀구,28177510,숭의2동,2817710100,숭의동,2817710100101310001,1,대지,131,1,인천광역시 미추홀구 숭의동 131-1,281773151006,인천광역시 미추홀구 독정이로,95,,2817010100101310001044159,스포츠센터,인천광역시 미추홀구 독정이로 95,402701,22169,,,,126.649988969555,37.4634762265743
MA0106202301A1452620,쥬니유니,,G2,소매,G221,기타 상품 소매,G22199,그 외 기타 상품 전문 소매업,G47859,그 외 기타 분류 안된 상품 전문 소매업,27,대구광역시,27290,달서구,27290550,두류3동,2729010200,두류동,2729010200112900001,1,대지,1290,1,대구광역시 달서구 두류동 1290-1,272902007002,대구광역시 달서구 달구벌대로,1760,,2729010200112900001000016,두류,대구광역시 달서구 달구벌대로 1760,704063,42659,,,,128.556608440642,35.8575525617758
MA0106202211A1696109,송월타월서울상사,,G2,소매,G221,기타 상품 소매,G22199,그 외 기타 상품 전문 소매업,G47859,그 외 기타 분류 안된 상품 전문 소매업,41,경기도,41310,구리시,41310510,갈매동,4131010100,갈매동,4131010100105520012,1,대지,552,12,경기도 구리시 갈매동 552-12,413104857375,경기도 구리시 갈매순환로166번길,46,,4131010100105520012000001,,경기도 구리시 갈매순환로166번길 46,471859,11901,,,,127.124862650083,37.6358750527591
MA0106202211A1144909,대운종합공구,,G2,소매,G221,기타 상품 소매,G22199,그 외 기타 상품 전문 소매업,G47859,그 외 기타 분류 안된 상품 전문 소매업,52,전북특별자치도,52130,군산시,52130710,소룡동,5213014700,오식도동,5213014700109850000,1,대지,985,,전북특별자치도 군산시 오식도동 985,521303016027,전북특별자치도 군산시 새만금북로,223,,4513014700109850000008547,,전북특별자치도 군산시 새만금북로 223,573880,54002,,,,126.560845002342,35.9458645264538
MA0106202211A0662043,케이랩텍,,G2,소매,G221,기타 상품 소매,G22199,그 외 기타 상품 전문 소매업,G47859,그 외 기타 분류 안된 상품 전문 소매업,52,전북특별자치도,52111,전주시 완산구,52111712,효자2동,5211114000,효자동1가,5211114000105450003,1,대지,545,3,전북특별자치도 전주시 완산구 효자동1가 545-3,521113266053,전북특별자치도 전주시 완산구 용머리로,94,,4511114000105450003027856,,전북특별자치도 전주시 완산구 용머리로 94,560853,55081,,,,127.120319930825,35.8059942851608
MA0106202210A1599043,코아코아,,G2,소매,G221,기타 상품 소매,G22199,그 외 기타 상품 전문 소매업,G47859,그 외 기타 분류 안된 상품 전문 소매업,28,인천광역시,28200,남동구,28200710,논현고잔동,2820011100,고잔동,2820011100103900043,1,대지,390,43,인천광역시 남동구 고잔동 390-43,282004259047,인천광역시 남동구 고잔로41번길,46,,2820011100103900043015418,,인천광역시 남동구 고잔로41번길 46,405816,21678,,,,126.71956583869,37.3926438790638
MA0106202210A0834884,팔봉휴게소,,G2,소매,G221,기타 상품 소매,G22199,그 외 기타 상품 전문 소매업,G47859,그 외 기타 분류 안된 상품 전문 소매업,46,전라남도,46770,고흥군,46770440,영남면,4677044021,영남면,4677044021107390001,1,대지,739,1,전라남도 고흥군 영남면 양사리 739-1,467703289028,전라남도 고흥군 영남면 팔영로,933,,4677044021107390000000001,,전라남도 고흥군 영남면 팔영로 933,548821,59520,,,,127.441233158217,34.601112254553
MA0106202210A1690222,우리홀쇼핑,,G2,소매,G221,기타 상품 소매,G22199,그 외 기타 상품 전문 소매업,G47859,그 외 기타 분류 안된 상품 전문 소매업,11,서울특별시,11320,도봉구,11320511,창1동,1132010700,창동,1132010700106550012,1,대지,655,12,서울특별시 도봉구 창동 655-12,113203005039,서울특별시 도봉구 도봉로,460,1,1132010700106550012018323,,서울특별시 도봉구 도봉로 460-1,132924,01455,,,,127.034084180783,37.6467660328747
MA0106202211A0326974,무알뢰디저트,,G2,소매,G221,기타 상품 소매,G22199,그 외 기타 상품 전문 소매업,G47859,그 외 기타 분류 안된 상품 전문 소매업,26,부산광역시,26380,사하구,26380601,다대1동,2638010600,다대동,2638010600115480037,1,대지,1548,37,부산광역시 사하구 다대동 1548-37,263803134007,부산광역시 사하구 다대로,704,,2638010600115480038008170,,부산광역시 사하구 다대로 704,604827,49505,,,,128.964618452419,35.0487723702543
MA0106202210A1378478,아이스맨즈아이스크림할인점낙민,본점,G2,소매,G221,기타 상품 소매,G22199,그 외 기타 상품 전문 소매업,G47859,그 외 기타 분류 안된 상품 전문 소매업,26,부산광역시,26260,동래구,26260510,수민동,2626010400,낙민동,2626010400102920017,1,대지,292,17,부산광역시 동래구 낙민동 292-17,262604190510,부산광역시 동래구 충렬대로256번가길,6,1,2626010400102920017017166,,부산광역시 동래구 충렬대로256번가길 6-1,607800,47878,,,,129.087374590354,35.2000091302684
MA0106202212A0614305,다원,,G2,소매,G221,기타 상품 소매,G22199,그 외 기타 상품 전문 소매업,G47859,그 외 기타 분류 안된 상품 전문 소매업,41,경기도,41271,안산시 상록구,41271600,반월동,4127111100,건건동,4127111100108540003,1,대지,854,3,경기도 안산시 상록구 건건동 854-3,412714370039,경기도 안산시 상록구 건지미길,26,5,4127111100108540003000001,,경기도 안산시 상록구 건지미길 26-5,426210,15521,,,,126.906495523682,37.3016201362651
MA0106202211A0667577,춘천배터리할인마트,,G2,소매,G221,기타 상품 소매,G22199,그 외 기타 상품 전문 소매업,G47859,그 외 기타 분류 안된 상품 전문 소매업,51,강원특별자치도,51110,춘천시,51110310,동면,5111031023,동면,5111031023104490001,1,대지,449,1,강원특별자치도 춘천시 동면 장학리 449-1,511103218022,강원특별자치도 춘천시 동면 소양강로,369,,4211031023104490001048486,,강원특별자치도 춘천시 동면 소양강로 369,200853,24210,,,,127.751344669854,37.9183733099955
MA0106202211A1079212,플레시피,,G2,소매,G221,기타 상품 소매,G22199,그 외 기타 상품 전문 소매업,G47859,그 외 기타 분류 안된 상품 전문 소매업,50,제주특별자치도,50110,제주시,50110610,삼양동,5011011300,삼양일동,5011011300115800001,1,대지,1580,1,제주특별자치도 제주시 삼양일동 1580-1,501104847946,제주특별자치도 제주시 서흘길,40,,5011011300115800001000696,,제주특별자치도 제주시 서흘길 40,690071,63314,,,,126.589631598453,33.5287350863724
MA0106202211A1095796,에비스푸드,,G2,소매,G221,기타 상품 소매,G22199,그 외 기타 상품 전문 소매업,G47859,그 외 기타 분류 안된 상품 전문 소매업,30,대전광역시,30140,중구,30140575,대흥동,3014010500,대흥동,3014010500100900006,1,대지,90,6,대전광역시 중구 대흥동 90-6,301404295206,대전광역시 중구 대흥로165번길,28,,3014010500100900007031827,,대전광역시 중구 대흥로165번길 28,301802,34926,,,,127.429775120465,36.3262162025069
MA0106202211A2000221,담꾹용인역북점,,G2,소매,G221,기타 상품 소매,G22199,그 외 기타 상품 전문 소매업,G47859,그 외 기타 분류 안된 상품 전문 소매업,41,경기도,41461,용인시 처인구,41461525,역북동,4146110200,역북동,4146110200107770004,1,대지,777,4,경기도 용인시 처인구 역북동 777-4,414613205044,경기도 용인시 처인구 명지로60번길,23,29,4146110200105990000000001,,경기도 용인시 처인구 명지로60번길 23-29,449933,17056,,,,127.187494436686,37.2290829087391
MA0106202301A0972044,태백진공,,G2,소매,G221,기타 상품 소매,G22199,그 외 기타 상품 전문 소매업,G47859,그 외 기타 분류 안된 상품 전문 소매업,30,대전광역시,30230,대덕구,30230520,대화동,3023010200,대화동,3023010200102890001,1,대지,289,1,대전광역시 대덕구 대화동 289-1,302303168004,대전광역시 대덕구 대화로,160,,3023010200102890001008147,산업용재유통상가,대전광역시 대덕구 대화로 160,306754,34368,,,,127.402936017244,36.3652945197826
MA0106202301A0059061,장독대,,G2,소매,G221,기타 상품 소매,G22199,그 외 기타 상품 전문 소매업,G47859,그 외 기타 분류 안된 상품 전문 소매업,11,서울특별시,11590,동작구,11590605,흑석동,1159010500,흑석동,1159010500100540142,1,대지,54,142,서울특별시 동작구 흑석동 54-142,115904157414,서울특별시 동작구 서달로14나길,27,,1159010500100540142014880,,서울특별시 동작구 서달로14나길 27,156857,06980,,,,126.963140672624,37.506957909905
MA0106202301A0980940,고려만물사,,G2,소매,G221,기타 상품 소매,G22199,그 외 기타 상품 전문 소매업,G47859,그 외 기타 분류 안된 상품 전문 소매업,44,충청남도,44210,서산시,44210535,동문2동,4421010200,동문동,4421010200102770031,1,대지,277,31,충청남도 서산시 동문동 277-31,442103254105,충청남도 서산시 안견로,214,5,4421010200102770031037150,,충청남도 서산시 안견로 214-5,356801,31981,,,,126.458678531018,36.7793601570285
MA0106202301A0236943,태진유통,,G2,소매,G221,기타 상품 소매,G22199,그 외 기타 상품 전문 소매업,G47859,그 외 기타 분류 안된 상품 전문 소매업,41,경기도,41630,양주시,41630310,은현면,4163031025,은현면,4163031025100550004,1,대지,55,4,경기도 양주시 은현면 하패리 55-4,416303189001,경기도 양주시 은현면 강변서로,231,,4163031025100550004000001,,경기도 양주시 은현면 강변서로 231,482862,11426,,,,127.046482651008,37.8859590686297
MA0106202301A0952796,유창상사,,G2,소매,G221,기타 상품 소매,G22199,그 외 기타 상품 전문 소매업,G47859,그 외 기타 분류 안된 상품 전문 소매업,44,충청남도,44131,천안시 동남구,44131550,봉명동,4413111300,봉명동,4413111300101100073,1,대지,110,73,충청남도 천안시 동남구 봉명동 110-73,441314547500,충청남도 천안시 동남구 양지4길,33,,4413111300101100073016823,,충청남도 천안시 동남구 양지4길 33,330931,31147,,,,127.137191929473,36.810024119626
MA0106202301A0225746,우리집반찬,,G2,소매,G221,기타 상품 소매,G22199,그 외 기타 상품 전문 소매업,G47859,그 외 기타 분류 안된 상품 전문 소매업,41,경기도,41500,이천시,41500253,부발읍,4150025330,부발읍,4150025330201360001,2,산,136,1,경기도 이천시 부발읍 아미리 산136-1,415002012002,경기도 이천시 부발읍 경충대로,2091,1,4150025330107020000028848,하이닉스임대상가,경기도 이천시 부발읍 경충대로 2091-1,467734,17336,,1,,127.489221069223,37.2492060475571
MA0106202301A0739849,레이드,,G2,소매,G221,기타 상품 소매,G22199,그 외 기타 상품 전문 소매업,G47859,그 외 기타 분류 안된 상품 전문 소매업,11,서울특별시,11290,성북구,11290575,동선동,1129011700,동선동2가,1129011700103140000,1,대지,314,,서울특별시 성북구 동선동2가 314,112904121213,서울특별시 성북구 보문로30나길,34,,1129011700103140000000001,레이드,서울특별시 성북구 보문로30나길 34,136052,02844,,1,,127.02049407309,37.5908358454504
MA0106202301A0366080,농업법인화문석,,G2,소매,G221,기타 상품 소매,G22199,그 외 기타 상품 전문 소매업,G47859,그 외 기타 분류 안된 상품 전문 소매업,28,인천광역시,28710,강화군,28710390,송해면,2871039026,송해면,2871039026102070003,1,대지,207,3,인천광역시 강화군 송해면 하도리 207-3,287102157001,인천광역시 강화군 송해면 강화대로,891,,2871039026102070003033750,,인천광역시 강화군 송해면 강화대로 891,417813,23019,,,,126.445652365491,37.7678464447634
MA0106202301A0169464,하얀지붕,,G2,소매,G221,기타 상품 소매,G22199,그 외 기타 상품 전문 소매업,G47859,그 외 기타 분류 안된 상품 전문 소매업,28,인천광역시,28245,계양구,28245622,작전2동,2824510300,작전동,2824510300108590014,1,대지,859,14,인천광역시 계양구 작전동 859-14,282453008034,인천광역시 계양구 주부토로,435,,2824510300108590014063695,현대상가,인천광역시 계양구 주부토로 435,407823,21090,,1,,126.727696138982,37.5330401033791
MA0106202301A1141213,미니상회,,G2,소매,G221,기타 상품 소매,G22199,그 외 기타 상품 전문 소매업,G47859,그 외 기타 분류 안된 상품 전문 소매업,52,전북특별자치도,52130,군산시,52130605,중앙동,5213012400,죽성동,5213012400100330014,1,대지,33,14,전북특별자치도 군산시 죽성동 33-14,521304604721,전북특별자치도 군산시 싸전길,15,,4513012400100330014021874,,전북특별자치도 군산시 싸전길 15,573260,54027,,,,126.717301192313,35.9850790976475
MA0106202301A1161443,익산,대리점,G2,소매,G221,기타 상품 소매,G22199,그 외 기타 상품 전문 소매업,G47859,그 외 기타 분류 안된 상품 전문 소매업,52,전북특별자치도,52140,익산시,52140595,남중동,5214011300,남중동,5214011300105270020,1,대지,527,20,전북특별자치도 익산시 남중동 527-20,521403269026,전북특별자치도 익산시 신동로,66,,4514011300105270020064649,,전북특별자치도 익산시 신동로 66,570957,54648,,,,126.959329846848,35.9561510680781
MA0106202301A1161543,함열예스마트,,G2,소매,G221,기타 상품 소매,G22199,그 외 기타 상품 전문 소매업,G47859,그 외 기타 분류 안된 상품 전문 소매업,52,전북특별자치도,52140,익산시,52140620,송학동,5214011600,송학동,5214011600103350101,1,대지,335,101,전북특별자치도 익산시 송학동 335-101,521404607133,전북특별자치도 익산시 군익로6길,14,,4514011600103350101099455,주택,전북특별자치도 익산시 군익로6길 14,570080,54666,,,,126.931406628791,35.9440166648743
MA0106202301A1166104,웰빙종합푸드,,G2,소매,G221,기타 상품 소매,G22199,그 외 기타 상품 전문 소매업,G47859,그 외 기타 분류 안된 상품 전문 소매업,52,전북특별자치도,52140,익산시,52140310,오산면,5214031022,오산면,5214031022101860001,1,대지,186,1,전북특별자치도 익산시 오산면 장신리 186-1,521403269022,전북특별자치도 익산시 오산면 선화2로,55,,4514031022101860001000001,,전북특별자치도 익산시 오산면 선화2로 55,570922,54669,,,,126.925955937771,35.9535395464506
MA0106202301A0373654,위일테크,,G2,소매,G221,기타 상품 소매,G22199,그 외 기타 상품 전문 소매업,G47859,그 외 기타 분류 안된 상품 전문 소매업,41,경기도,41173,안양시 동안구,41173580,호계1동,4117310400,호계동,4117310400105550009,1,대지,555,9,경기도 안양시 동안구 호계동 555-9,411733182030,경기도 안양시 동안구 엘에스로,76,,4117310400105550009005725,안양국제유동단지,경기도 안양시 동안구 엘에스로 76,431763,14117,,,,126.953126304246,37.3700450634828
MA0106202301A0908877,성진식품,,G2,소매,G221,기타 상품 소매,G22199,그 외 기타 상품 전문 소매업,G47859,그 외 기타 분류 안된 상품 전문 소매업,44,충청남도,44150,공주시,44150360,의당면,4415036026,의당면,4415036026106350002,1,대지,635,2,충청남도 공주시 의당면 청룡리 635-2,441504553818,충청남도 공주시 의당면 연수원길,164,,4415036026106350002019097,,충청남도 공주시 의당면 연수원길 164,314813,32517,,,,127.149837475558,36.4948371391298
MA0106202301A0677706,동양식품,,G2,소매,G221,기타 상품 소매,G22199,그 외 기타 상품 전문 소매업,G47859,그 외 기타 분류 안된 상품 전문 소매업,51,강원특별자치도,51720,홍천군,51720250,홍천읍,5172025026,홍천읍,5172025026102510001,1,대지,251,1,강원특별자치도 홍천군 홍천읍 와동리 251-1,517203000146,강원특별자치도 홍천군 홍천읍 설악로,2426,,4272025026102510001000001,,강원특별자치도 홍천군 홍천읍 설악로 2426,250802,25127,,,,127.941133769396,37.7310664305519
MA0106202301A0095814,연세우유관악,대리점,G2,소매,G221,기타 상품 소매,G22199,그 외 기타 상품 전문 소매업,G47859,그 외 기타 분류 안된 상품 전문 소매업,11,서울특별시,11620,관악구,11620685,신사동,1162010200,신림동,1162010200104860015,1,대지,486,15,서울특별시 관악구 신림동 486-15,116204160026,서울특별시 관악구 관천로11길,76,,1162010200104860015015191,,서울특별시 관악구 관천로11길 76,151872,08762,,,,126.920696181455,37.4837000795339
MA0106202301A0019734,은성사,,G2,소매,G221,기타 상품 소매,G22199,그 외 기타 상품 전문 소매업,G47859,그 외 기타 분류 안된 상품 전문 소매업,11,서울특별시,11140,중구,11140540,회현동,1114011200,남창동,1114011200100330001,1,대지,33,1,서울특별시 중구 남창동 33-1,111404103020,서울특별시 중구 남대문시장4길,9,,1114011200100330086000001,대도종합상가,서울특별시 중구 남대문시장4길 9,100804,04529,,,,126.977669639015,37.5596610992437
MA0106202301A1210544,스마트에듀,,G2,소매,G221,기타 상품 소매,G22199,그 외 기타 상품 전문 소매업,G47859,그 외 기타 분류 안된 상품 전문 소매업,29,광주광역시,29155,남구,29155538,봉선2동,2915511500,봉선동,2915511500105610003,1,대지,561,3,광주광역시 남구 봉선동 561-3,291554283570,광주광역시 남구 제석로80번길,39,,2915511500105610003000001,,광주광역시 남구 제석로80번길 39,503846,61703,,2,,126.911687212958,35.1212848733419
MA0106202301A0177287,김앤김,,G2,소매,G221,기타 상품 소매,G22199,그 외 기타 상품 전문 소매업,G47859,그 외 기타 분류 안된 상품 전문 소매업,28,인천광역시,28237,부평구,28237540,부평4동,2823710100,부평동,2823710100104340004,1,대지,434,4,인천광역시 부평구 부평동 434-4,282373008034,인천광역시 부평구 주부토로,59,,2823710100104340004100006,,인천광역시 부평구 주부토로 59,403826,21359,,,,126.724953707916,37.5003544467347
MA0106202301A0144426,힉스랩,,G2,소매,G221,기타 상품 소매,G22199,그 외 기타 상품 전문 소매업,G47859,그 외 기타 분류 안된 상품 전문 소매업,11,서울특별시,11545,금천구,11545510,가산동,1154510100,가산동,1154510100103710059,1,대지,371,59,서울특별시 금천구 가산동 371-59,115453117001,서울특별시 금천구 가산디지털1로,149,,1154510100103710059014061,즈액티브내,서울특별시 금천구 가산디지털1로 149,153803,08506,,3,,126.881854857284,37.4787391079277
MA0106202301A1466636,까시아,,G2,소매,G221,기타 상품 소매,G22199,그 외 기타 상품 전문 소매업,G47859,그 외 기타 분류 안된 상품 전문 소매업,27,대구광역시,27110,중구,27110595,대신동,2711015400,대신동,2711015400101150377,1,대지,115,377,대구광역시 중구 대신동 115-377,271104223144,대구광역시 중구 큰장로28길,28,,,,대구광역시 중구 큰장로28길 28,700750,41926,,1,,128.580766412877,35.869447609294
MA0106202301A1147207,무지개상회,,G2,소매,G221,기타 상품 소매,G22199,그 외 기타 상품 전문 소매업,G47859,그 외 기타 분류 안된 상품 전문 소매업,52,전북특별자치도,52730,무주군,52730310,무풍면,5273031021,무풍면,5273031021106640001,1,대지,664,1,전북특별자치도 무주군 무풍면 현내리 664-1,527304625012,전북특별자치도 무주군 무풍면 고도2길,16,,4573031021106640001000001,,전북특별자치도 무주군 무풍면 고도2길 16,568821,55559,,,,127.847109616032,35.9703274030744
MA0106202301A0743567,네프Nef,,G2,소매,G221,기타 상품 소매,G22199,그 외 기타 상품 전문 소매업,G47859,그 외 기타 분류 안된 상품 전문 소매업,11,서울특별시,11440,마포구,11440690,망원1동,1144012300,망원동,1144012300104150014,1,대지,415,14,서울특별시 마포구 망원동 415-14,114403113006,서울특별시 마포구 망원로,62,3,1144012300104150014022451,,서울특별시 마포구 망원로 62-3,121903,04009,,1,,126.903880042881,37.5568760444483
MA0106202301A1556140,용성종합유통,,G2,소매,G221,기타 상품 소매,G22199,그 외 기타 상품 전문 소매업,G47859,그 외 기타 분류 안된 상품 전문 소매업,47,경상북도,47290,경산시,47290520,중앙동,4729010200,삼북동,4729010200102670001,1,대지,267,1,경상북도 경산시 삼북동 267-1,472904739066,경상북도 경산시 경안로31길,11,,,,경상북도 경산시 경안로31길 11,712020,38631,,,,128.736463744909,35.8208263938867
MA0106202301A0155863,지하공방,,G2,소매,G221,기타 상품 소매,G22199,그 외 기타 상품 전문 소매업,G47859,그 외 기타 분류 안된 상품 전문 소매업,28,인천광역시,28110,중구,28110530,신포동,2811012500,답동,2811012500100240003,1,대지,24,3,인천광역시 중구 답동 24-3,281103149034,인천광역시 중구 우현로,67,,2811012400101980002000001,신포지하상가,인천광역시 중구 우현로 67,400080,22316,,,,126.628348446827,37.4715011830736
MA0106202211A2295750,행복한찹쌀꽈배기,,G2,소매,G221,기타 상품 소매,G22199,그 외 기타 상품 전문 소매업,G47859,그 외 기타 분류 안된 상품 전문 소매업,41,경기도,41220,평택시,41220370,현덕면,4122037029,현덕면,4122037029101350012,1,대지,135,12,경기도 평택시 현덕면 기산리 135-12,412203000117,경기도 평택시 현덕면 서해로,506,,4122037029101350012049378,,경기도 평택시 현덕면 서해로 506,451811,17971,,,,126.913903733104,36.9458949903139
MA0106202210A1075088,반찬마마쉐프,,G2,소매,G221,기타 상품 소매,G22199,그 외 기타 상품 전문 소매업,G47859,그 외 기타 분류 안된 상품 전문 소매업,41,경기도,41370,오산시,41370543,신장1동,4137010700,금암동,4137010700105160002,1,대지,516,2,경기도 오산시 금암동 516-2,413703198026,경기도 오산시 수청로,199,,4137010700101060001000004,,경기도 오산시 수청로 199,447280,18109,,,,127.044805747812,37.1764482634347
MA0106202210A2217326,블리벌룬,,G2,소매,G221,기타 상품 소매,G22199,그 외 기타 상품 전문 소매업,G47859,그 외 기타 분류 안된 상품 전문 소매업,47,경상북도,47113,포항시 북구,47113710,환여동,4711312300,환호동,4711312300104090001,1,대지,409,1,경상북도 포항시 북구 환호동 409-1,471133304014,경상북도 포항시 북구 삼호로,391,,4711312300104090001113205,해맞이그린빌1단지,경상북도 포항시 북구 삼호로 391,791768,37604,,,,129.391790185431,36.0708218494828
MA0106202210A0853428,뚱이네반찬,,G2,소매,G221,기타 상품 소매,G22199,그 외 기타 상품 전문 소매업,G47859,그 외 기타 분류 안된 상품 전문 소매업,52,전북특별자치도,52111,전주시 완산구,52111672,중화산2동,5211112800,중화산동2가,5211112800106360014,1,대지,636,14,전북특별자치도 전주시 완산구 중화산동2가 636-14,521113266071,전북특별자치도 전주시 완산구 중화산로,54,,4511112800106360014028254,,전북특별자치도 전주시 완산구 중화산로 54,560838,54977,,,,127.118386170751,35.8150809225164
MA0106202210A2002867,봉숭아학당인카운터힐링점,,G2,소매,G221,기타 상품 소매,G22199,그 외 기타 상품 전문 소매업,G47859,그 외 기타 분류 안된 상품 전문 소매업,51,강원특별자치도,51130,원주시,51130660,무실동,5113011000,단계동,5113011000109120000,1,대지,912,,강원특별자치도 원주시 단계동 912,511304457502,강원특별자치도 원주시 이화1길,14,2,4213011000109120000000001,,강원특별자치도 원주시 이화1길 14-2,220939,26475,,,,127.936321345193,37.3399579113687
MA0106202210A2369105,아트앤크래프트,,G2,소매,G221,기타 상품 소매,G22199,그 외 기타 상품 전문 소매업,G47859,그 외 기타 분류 안된 상품 전문 소매업,28,인천광역시,28177,미추홀구,28177670,주안6동,2817710500,주안동,2817710500109290012,1,대지,929,12,인천광역시 미추홀구 주안동 929-12,281772008007,인천광역시 미추홀구 경원대로,896,,2817010600109290012214607,,인천광역시 미추홀구 경원대로 896,402848,22143,,,,126.690142047318,37.4626602953991
MA0106202301A0361975,길선상사,,G2,소매,G221,기타 상품 소매,G22199,그 외 기타 상품 전문 소매업,G47859,그 외 기타 분류 안된 상품 전문 소매업,41,경기도,41570,김포시,41570525,장기본동,4157010400,장기동,4157010400100380002,1,대지,38,2,경기도 김포시 장기동 38-2,415702209001,경기도 김포시 김포대로,1503,,4157010400100380002000001,,경기도 김포시 김포대로 1503,415804,10072,,,,126.667456610311,37.6561409638254
MA0106202301A0947790,현승유통,,G2,소매,G221,기타 상품 소매,G22199,그 외 기타 상품 전문 소매업,G47859,그 외 기타 분류 안된 상품 전문 소매업,44,충청남도,44131,천안시 동남구,44131570,신방동,4413111500,용곡동,4413111500105540007,1,대지,554,7,충청남도 천안시 동남구 용곡동 554-7,441313249067,충청남도 천안시 동남구 풍세로,769,7,4413111500105540007039830,,충청남도 천안시 동남구 풍세로 769-7,330939,31203,,,,127.139723960144,36.7788066213513
MA0106202301A0223245,황금복권마트,,G2,소매,G221,기타 상품 소매,G22199,그 외 기타 상품 전문 소매업,G47859,그 외 기타 분류 안된 상품 전문 소매업,41,경기도,41500,이천시,41500515,증포동,4150011000,송정동,4150011000101930000,1,대지,193,,경기도 이천시 송정동 193,415003207053,경기도 이천시 증신로,329,,4150011000101930000011966,트윈스빌딩,경기도 이천시 증신로 329,467802,17344,,,,127.437701532759,37.3000908306103
MA0106202301A1546624,에크,,G2,소매,G221,기타 상품 소매,G22199,그 외 기타 상품 전문 소매업,G47859,그 외 기타 분류 안된 상품 전문 소매업,27,대구광역시,27710,달성군,27710256,다사읍,2771025625,다사읍,2771025625101690000,1,대지,169,,대구광역시 달성군 다사읍 서재리 169,277103007019,대구광역시 달성군 다사읍 서재로,120,,,,대구광역시 달성군 다사읍 서재로 120,711766,42927,,,,128.498981182852,35.8741278220264
MA0106202301A1201587,EDP,충장점,G2,소매,G221,기타 상품 소매,G22199,그 외 기타 상품 전문 소매업,G47859,그 외 기타 분류 안된 상품 전문 소매업,29,광주광역시,29110,동구,29110545,동명동,2911010800,동명동,2911010800102000193,1,대지,200,193,광주광역시 동구 동명동 200-193,291104277075,광주광역시 동구 동명로25번길,9,1,2911010800102000193006025,,광주광역시 동구 동명로25번길 9-1,501815,61430,,,,126.922705995862,35.1514880570807
MA0106202301A0723664,대원장갑,,G2,소매,G221,기타 상품 소매,G22199,그 외 기타 상품 전문 소매업,G47859,그 외 기타 분류 안된 상품 전문 소매업,41,경기도,41650,포천시,41650520,선단동,4165010300,자작동,4165010300102620005,1,대지,262,5,경기도 포천시 자작동 262-5,416503000136,경기도 포천시 호국로,1160,,4165010300102620002000002,,경기도 포천시 호국로 1160,487020,11158,,,,127.1755397291,37.8665030377288
MA0106202301A0873057,천마자판기&솜이네솜사탕,,G2,소매,G221,기타 상품 소매,G22199,그 외 기타 상품 전문 소매업,G47859,그 외 기타 분류 안된 상품 전문 소매업,43,충청북도,43770,음성군,43770250,음성읍,4377025021,음성읍,4377025021103070006,1,대지,307,6,충청북도 음성군 음성읍 읍내리 307-6,437703247032,충청북도 음성군 음성읍 시장로,107,2,4377025021103070006011867,,충청북도 음성군 음성읍 시장로 107-2,369807,27696,,,,127.691671601177,36.9370278358801
MA0106202301A1189975,수정상회,,G2,소매,G221,기타 상품 소매,G22199,그 외 기타 상품 전문 소매업,G47859,그 외 기타 분류 안된 상품 전문 소매업,29,광주광역시,29155,남구,29155605,월산동,2915510400,월산동,2915510400100810022,1,대지,81,22,광주광역시 남구 월산동 81-22,291553009020,광주광역시 남구 독립로,97,,2915510400100810022020460,,광주광역시 남구 독립로 97,503825,61650,,,,126.902567681854,35.1422435988413
MA0106202301A0101790,A.S.T,,G2,소매,G221,기타 상품 소매,G22199,그 외 기타 상품 전문 소매업,G47859,그 외 기타 분류 안된 상품 전문 소매업,11,서울특별시,11530,구로구,11530530,구로2동,1153010200,구로동,1153010200112580000,1,대지,1258,,서울특별시 구로구 구로동 1258,115304148108,서울특별시 구로구 경인로53길,15,,1153010200112580000017234,중앙유통,서울특별시 구로구 경인로53길 15,152721,08217,,,,126.876118294779,37.5020332748086
MA0106202301A0985667,원식품,,G2,소매,G221,기타 상품 소매,G22199,그 외 기타 상품 전문 소매업,G47859,그 외 기타 분류 안된 상품 전문 소매업,43,충청북도,43111,청주시 상당구,43111670,영운동,4311111900,영운동,4311111900100510010,1,대지,51,10,충청북도 청주시 상당구 영운동 51-10,431114508469,충청북도 청주시 상당구 영운천로69번길,37,1,4311111900100510010000001,,충청북도 청주시 상당구 영운천로69번길 37-1,360090,28741,,,,127.505572133547,36.6199024477858
MA0106202301A1172852,법인샘실,,G2,소매,G221,기타 상품 소매,G22199,그 외 기타 상품 전문 소매업,G47859,그 외 기타 분류 안된 상품 전문 소매업,52,전북특별자치도,52180,정읍시,52180390,태인면,5218039024,태인면,5218039024104650001,1,대지,465,1,전북특별자치도 정읍시 태인면 태성리 465-1,521804610989,전북특별자치도 정읍시 태인면 칠리길,5,44,4518039024104650001050655,,전북특별자치도 정읍시 태인면 칠리길 5-44,580924,56115,,,,126.945029602509,35.6522845193211
MA0106202301A1293016,달사슬,,G2,소매,G221,기타 상품 소매,G22199,그 외 기타 상품 전문 소매업,G47859,그 외 기타 분류 안된 상품 전문 소매업,46,전라남도,46150,순천시,46150550,삼산동,4615010900,가곡동,4615010900109820011,1,대지,982,11,전라남도 순천시 가곡동 982-11,461504649005,전라남도 순천시 가곡길,181,,4615010900109820011000001,,전라남도 순천시 가곡길 181,540080,57923,,,,127.480385025824,34.9787155744825
MA0106202301A0049844,김포장갑,,G2,소매,G221,기타 상품 소매,G22199,그 외 기타 상품 전문 소매업,G47859,그 외 기타 분류 안된 상품 전문 소매업,11,서울특별시,11560,영등포구,11560535,영등포동,1156010600,영등포동5가,1156010600100560001,1,대지,56,1,서울특별시 영등포구 영등포동5가 56-1,115603118016,서울특별시 영등포구 양산로,206,1,1156010600100560001033837,,서울특별시 영등포구 양산로 206-1,150030,07250,,,,126.906085028936,37.522333488349
MA0106202301A0518471,창성상사,,G2,소매,G221,기타 상품 소매,G22199,그 외 기타 상품 전문 소매업,G47859,그 외 기타 분류 안된 상품 전문 소매업,11,서울특별시,11140,중구,11140605,을지로동,1114015500,을지로3가,1114015500100950015,1,대지,95,15,서울특별시 중구 을지로3가 95-15,111404103232,서울특별시 중구 을지로11길,18,,1114015500100950014013810,,서울특별시 중구 을지로11길 18,100846,04543,,1,,126.991001306232,37.5671861881308
MA0106202301A0391040,워시박스,금촌점,G2,소매,G221,기타 상품 소매,G22199,그 외 기타 상품 전문 소매업,G47859,그 외 기타 분류 안된 상품 전문 소매업,41,경기도,41480,파주시,41480530,금촌3동,4148010200,아동동,4148010200101420005,1,대지,142,5,경기도 파주시 아동동 142-5,414803206055,경기도 파주시 아동로,122,,4148010200101420005000001,,경기도 파주시 아동로 122,413803,10944,,1,,126.785587146554,37.7703337119992
MA0106202301A0384068,원테크,,G2,소매,G221,기타 상품 소매,G22199,그 외 기타 상품 전문 소매업,G47859,그 외 기타 분류 안된 상품 전문 소매업,41,경기도,41630,양주시,41630570,옥정1동,4163011300,율정동,4163011300102820001,1,대지,282,1,경기도 양주시 율정동 282-1,416303212038,경기도 양주시 화합로,1766,,4163011300102820001000001,,경기도 양주시 화합로 1766,482150,11475,,,,127.102268302692,37.8396600314598
MA0106202301A0975783,청주상사,,G2,소매,G221,기타 상품 소매,G22199,그 외 기타 상품 전문 소매업,G47859,그 외 기타 분류 안된 상품 전문 소매업,43,충청북도,43112,청주시 서원구,43112310,남이면,4311231037,남이면,4311231037100990002,1,대지,99,2,충청북도 청주시 서원구 남이면 양촌리 99-2,431124520445,충청북도 청주시 서원구 남이면 양촌3길,62,,4311231037100990002000001,,충청북도 청주시 서원구 남이면 양촌3길 62,362811,28805,,,,127.471405961005,36.5881423853085
MA0106202301A0257444,두선ANT,,G2,소매,G221,기타 상품 소매,G22199,그 외 기타 상품 전문 소매업,G47859,그 외 기타 분류 안된 상품 전문 소매업,41,경기도,41281,고양시 덕양구,41281530,흥도동,4128110600,성사동,4128110600101910001,1,대지,191,1,경기도 고양시 덕양구 성사동 191-1,412814376379,경기도 고양시 덕양구 흥도로417번길,27,19,4128110600101910001035034,,경기도 고양시 덕양구 흥도로417번길 27-19,412020,10480,,,,126.848717901026,37.6409797451167
MA0106202301A0220235,국진식품,,G2,소매,G221,기타 상품 소매,G22199,그 외 기타 상품 전문 소매업,G47859,그 외 기타 분류 안된 상품 전문 소매업,41,경기도,41500,이천시,41500250,장호원읍,4150025022,장호원읍,4150025022100030015,1,대지,3,15,경기도 이천시 장호원읍 오남리 3-15,415004421373,경기도 이천시 장호원읍 서동대로8975번길,33,1,4150025022100030015022051,,경기도 이천시 장호원읍 서동대로8975번길 33-1,467905,17420,,,,127.631695361025,37.1147002328615
MA0106202301A0365378,서인천유통,,G2,소매,G221,기타 상품 소매,G22199,그 외 기타 상품 전문 소매업,G47859,그 외 기타 분류 안된 상품 전문 소매업,28,인천광역시,28260,서구,28260580,가좌1동,2826011200,가좌동,2826011200105640014,1,대지,564,14,인천광역시 서구 가좌동 564-14,282603156005,인천광역시 서구 가정로,24,,2826011200105640014021353,가동,인천광역시 서구 가정로 24,404812,22839,,,,126.671477140151,37.4866307036228
MA0106202301A0012159,멀티샵,,G2,소매,G221,기타 상품 소매,G22199,그 외 기타 상품 전문 소매업,G47859,그 외 기타 분류 안된 상품 전문 소매업,41,경기도,41111,수원시 장안구,41111572,정자2동,4111113000,정자동,4111113000100810009,1,대지,81,9,경기도 수원시 장안구 정자동 81-9,411114322153,경기도 수원시 장안구 수성로327번길,3,,4111113000100810009037640,웬디빌딩,경기도 수원시 장안구 수성로327번길 3,440834,16311,,4,,127.007680186852,37.2923581204899
MA0106202301A1125952,하이리코스메틱,,G2,소매,G221,기타 상품 소매,G22199,그 외 기타 상품 전문 소매업,G47859,그 외 기타 분류 안된 상품 전문 소매업,41,경기도,41461,용인시 처인구,41461510,중앙동,4146110100,김량장동,4146110100102960007,1,대지,296,7,경기도 용인시 처인구 김량장동 296-7,414613203017,경기도 용인시 처인구 금령로,72,,4146110100102960007011039,,경기도 용인시 처인구 금령로 72,449925,17051,,1,,127.204401295521,37.2348576696194
MA0106202301A0875092,대원유통,,G2,소매,G221,기타 상품 소매,G22199,그 외 기타 상품 전문 소매업,G47859,그 외 기타 분류 안된 상품 전문 소매업,43,충청북도,43770,음성군,43770253,금왕읍,4377025321,금왕읍,4377025321100770012,1,대지,77,12,충청북도 음성군 금왕읍 무극리 77-12,437704541213,충청북도 음성군 금왕읍 무극로308번길,6,1,4377025321100770012214802,,충청북도 음성군 금왕읍 무극로308번길 6-1,369904,27636,,,,127.595831095775,36.9930714970073
MA0106202301A1429837,극동아크릴,,G2,소매,G221,기타 상품 소매,G22199,그 외 기타 상품 전문 소매업,G47859,그 외 기타 분류 안된 상품 전문 소매업,27,대구광역시,27110,중구,27110585,성내3동,2711015500,달성동,2711015500101150011,1,대지,115,11,대구광역시 중구 달성동 115-11,271103007022,대구광역시 중구 원대로,5,,2711015500101150011001762,,대구광역시 중구 원대로 5,700840,41900,,,,128.58088274023,35.8780880528496
MA0106202301A0908870,도우미식품,,G2,소매,G221,기타 상품 소매,G22199,그 외 기타 상품 전문 소매업,G47859,그 외 기타 분류 안된 상품 전문 소매업,36,세종특별자치시,36110,세종특별자치시,36110250,조치원읍,3611025024,조치원읍,3611025024100250003,1,대지,25,3,세종특별자치시 세종특별자치시 조치원읍 교리 25-3,361103258013,세종특별자치시 세종특별자치시 조치원읍 새내로,123,,4473025024100250003038154,,세종특별자치시 세종특별자치시 조치원읍 새내로 123,339801,30023,,,,127.2976110238,36.6029320296066
MA0106202301A0113024,블랑데블랑,,G2,소매,G221,기타 상품 소매,G22199,그 외 기타 상품 전문 소매업,G47859,그 외 기타 분류 안된 상품 전문 소매업,41,경기도,41192,부천시 원미구,41192670,상동,4119210900,상동,4119210900104610000,1,대지,461,,경기도 부천시 원미구 상동 461,411923000019,경기도 부천시 원미구 부일로,223,,4119510900104610000010891,투나상가,경기도 부천시 원미구 부일로 223,420816,14623,,,,126.755287952648,37.4888702979761
MA0106202301A0309535,송가옹기,,G2,소매,G221,기타 상품 소매,G22199,그 외 기타 상품 전문 소매업,G47859,그 외 기타 분류 안된 상품 전문 소매업,41,경기도,41830,양평군,41830400,용문면,4183040033,용문면,4183040033103240005,1,대지,324,5,경기도 양평군 용문면 신점리 324-5,418303217020,경기도 양평군 용문면 용문산로,493,,4183040033103240005003199,,경기도 양평군 용문면 용문산로 493,476844,12510,,,,127.593251581678,37.535404823293
MA0106202301A1258189,중앙슈퍼,,G2,소매,G221,기타 상품 소매,G22199,그 외 기타 상품 전문 소매업,G47859,그 외 기타 분류 안된 상품 전문 소매업,46,전라남도,46230,광양시,46230310,봉강면,4623031023,봉강면,4623031023107210001,1,대지,721,1,전라남도 광양시 봉강면 봉당리 721-1,462304655437,전라남도 광양시 봉강면 조양길,59,,4623031023107210001034872,,전라남도 광양시 봉강면 조양길 59,545811,57701,,,,127.580617730262,35.0121600965765
MA0106202301A0235557,월드마트,,G2,소매,G221,기타 상품 소매,G22199,그 외 기타 상품 전문 소매업,G47859,그 외 기타 분류 안된 상품 전문 소매업,41,경기도,41650,포천시,41650250,소흘읍,4165025025,소흘읍,4165025025103550001,1,대지,355,1,경기도 포천시 소흘읍 직동리 355-1,416503012038,경기도 포천시 소흘읍 광릉수목원로,678,,4165025025103550001001641,,경기도 포천시 소흘읍 광릉수목원로 678,487829,11186,,,,127.162366467136,37.7724711129063
MA0106202301A0793523,잼플레이,,G2,소매,G221,기타 상품 소매,G22199,그 외 기타 상품 전문 소매업,G47859,그 외 기타 분류 안된 상품 전문 소매업,26,부산광역시,26710,기장군,26710250,기장읍,2671025029,기장읍,2671025029103750000,1,대지,375,,부산광역시 기장군 기장읍 연화리 375,267104220163,부산광역시 기장군 기장읍 연화1길,33,,2671025029103750000000003,,부산광역시 기장군 기장읍 연화1길 33,619904,46082,,,,129.22260645698,35.214064973412
MA0106202301A0310033,EDP춘천거두점,,G2,소매,G221,기타 상품 소매,G22199,그 외 기타 상품 전문 소매업,G47859,그 외 기타 분류 안된 상품 전문 소매업,51,강원특별자치도,51110,춘천시,51110660,퇴계동,5111012300,퇴계동,5111012300108560001,1,대지,856,1,강원특별자치도 춘천시 퇴계동 856-1,511104454838,강원특별자치도 춘천시 퇴계공단1길,41,,4211012300108560000000315,,강원특별자치도 춘천시 퇴계공단1길 41,200944,24427,,,,127.738358664092,37.846786605585
MA0106202301A1496098,천냥,백화점,G2,소매,G221,기타 상품 소매,G22199,그 외 기타 상품 전문 소매업,G47859,그 외 기타 분류 안된 상품 전문 소매업,47,경상북도,47770,영덕군,47770360,영해면,4777036030,영해면,4777036030106550009,1,대지,655,9,경상북도 영덕군 영해면 성내리 655-9,477704754250,경상북도 영덕군 영해면 예주시장길,8,4,4777036030106550009029067,,경상북도 영덕군 영해면 예주시장길 8-4,766815,36412,,,,129.404992456294,36.5384201276473
MA0106202301A1191236,푸른숲,,G2,소매,G221,기타 상품 소매,G22199,그 외 기타 상품 전문 소매업,G47859,그 외 기타 분류 안된 상품 전문 소매업,29,광주광역시,29155,남구,29155530,방림2동,2915511400,방림동,2915511400100880002,1,대지,88,2,광주광역시 남구 방림동 88-2,291554283676,광주광역시 남구 큰방림안길,5,,2915511400100880002001864,,광주광역시 남구 큰방림안길 5,503800,61679,,,,126.92355962406,35.13056798203
MA0106202301A1217265,안전파트너,,G2,소매,G221,기타 상품 소매,G22199,그 외 기타 상품 전문 소매업,G47859,그 외 기타 분류 안된 상품 전문 소매업,29,광주광역시,29140,서구,29140800,서창동,2914013200,매월동,2914013200109480000,1,대지,948,,광주광역시 서구 매월동 948,291403160009,광주광역시 서구 매월2로,53,,2914013200109460000024501,광주산업용재유통센터,광주광역시 서구 매월2로 53,502795,62074,,,,126.860287964665,35.1162249385525
MA0106202301A0903219,회현포차,,G2,소매,G221,기타 상품 소매,G22199,그 외 기타 상품 전문 소매업,G47859,그 외 기타 분류 안된 상품 전문 소매업,11,서울특별시,11140,중구,11140540,회현동,1114012100,회현동1가,1114012100101940037,1,대지,194,37,서울특별시 중구 회현동1가 194-37,111403101011,서울특별시 중구 퇴계로,66,1,1114012100101940037020916,,서울특별시 중구 퇴계로 66-1,100874,04634,,1,,126.9795485899,37.5590487616792
MA0106202301A1150111,그린크리스탈-상패,,G2,소매,G221,기타 상품 소매,G22199,그 외 기타 상품 전문 소매업,G47859,그 외 기타 분류 안된 상품 전문 소매업,52,전북특별자치도,52111,전주시 완산구,52111605,노송동,5211112000,중노송동,5211112000105570006,1,대지,557,6,전북특별자치도 전주시 완산구 중노송동 557-6,521114598415,전북특별자치도 전주시 완산구 현무3길,70,,4511112000105570006031465,,전북특별자치도 전주시 완산구 현무3길 70,560829,55000,,,,127.149736772163,35.8225804939897
MA0106202301A0158266,에코빌리지,,G2,소매,G221,기타 상품 소매,G22199,그 외 기타 상품 전문 소매업,G47859,그 외 기타 분류 안된 상품 전문 소매업,28,인천광역시,28200,남동구,28200521,구월3동,2820010100,구월동,2820010100111190006,1,대지,1119,6,인천광역시 남동구 구월동 1119-6,282002008004,인천광역시 남동구 인주대로,521,,2820010100111190006001674,천리빌딩,인천광역시 남동구 인주대로 521,405824,21560,,2,,126.69462158407,37.4506975415109
MA0106202301A0677939,전우사,,G2,소매,G221,기타 상품 소매,G22199,그 외 기타 상품 전문 소매업,G47859,그 외 기타 분류 안된 상품 전문 소매업,51,강원특별자치도,51810,인제군,51810320,북면,5181032021,북면,5181032021106570024,1,대지,657,24,강원특별자치도 인제군 북면 원통리 657-24,518104499135,강원특별자치도 인제군 북면 원통로147번길,36,,4281032021006570024011471,,강원특별자치도 인제군 북면 원통로147번길 36,252822,24612,,,,128.20373983339,38.1233218009232
MA0106202301A0500225,마리앤미,,G2,소매,G221,기타 상품 소매,G22199,그 외 기타 상품 전문 소매업,G47859,그 외 기타 분류 안된 상품 전문 소매업,41,경기도,41465,용인시 수지구,41465590,성복동,4146510600,성복동,4146510600100970014,1,대지,97,14,경기도 용인시 수지구 성복동 97-14,414653205010,경기도 용인시 수지구 성복2로,92,,4146510600100970014028261,마리앤미,경기도 용인시 수지구 성복2로 92,448830,16850,,1,,127.075979305292,37.315499615607
MA0106202301A0360549,경원부식,,G2,소매,G221,기타 상품 소매,G22199,그 외 기타 상품 전문 소매업,G47859,그 외 기타 분류 안된 상품 전문 소매업,28,인천광역시,28710,강화군,28710250,강화읍,2871025021,강화읍,2871025021101550000,1,대지,155,,인천광역시 강화군 강화읍 신문리 155,287104271249,인천광역시 강화군 강화읍 남산길,9,2,2871025021101550000000001,,인천광역시 강화군 강화읍 남산길 9-2,417807,23035,,,,126.484117872637,37.7463080372765
MA0106202301A0296682,광동제약남동상사,,G2,소매,G221,기타 상품 소매,G22199,그 외 기타 상품 전문 소매업,G47859,그 외 기타 분류 안된 상품 전문 소매업,28,인천광역시,28200,남동구,28200660,남촌도림동,2820010700,남촌동,2820010700106250031,1,대지,625,31,인천광역시 남동구 남촌동 625-31,282002000014,인천광역시 남동구 비류대로,657,,2820010700106250031000002,,인천광역시 남동구 비류대로 657,405100,21622,,,,126.706183460739,37.4245704566748
MA0106202301A1408985,아시아마트,,G2,소매,G221,기타 상품 소매,G22199,그 외 기타 상품 전문 소매업,G47859,그 외 기타 분류 안된 상품 전문 소매업,52,전북특별자치도,52140,익산시,52140250,함열읍,5214025021,함열읍,5214025021106080000,1,대지,608,,전북특별자치도 익산시 함열읍 와리 608,521404608399,전북특별자치도 익산시 함열읍 함열3길,10,,4514025021106080000041070,,전북특별자치도 익산시 함열읍 함열3길 10,570805,54511,,,,126.960698513802,36.0796562231141
MA0106202301A0694470,마차슈퍼마켓,,G2,소매,G221,기타 상품 소매,G22199,그 외 기타 상품 전문 소매업,G47859,그 외 기타 분류 안된 상품 전문 소매업,51,강원특별자치도,51750,영월군,51750250,영월읍,5175025021,영월읍,5175025021100010000,1,대지,1,,강원특별자치도 영월군 영월읍 영흥리 1,517503227008,강원특별자치도 영월군 영월읍 동강로,167,,4275025021100010000017254,마차리,강원특별자치도 영월군 영월읍 동강로 167,230805,26224,,,,128.50458686741,37.1979422330141
MA0106202301A0086763,태평하이진,,G2,소매,G221,기타 상품 소매,G22199,그 외 기타 상품 전문 소매업,G47859,그 외 기타 분류 안된 상품 전문 소매업,11,서울특별시,11380,은평구,11380552,갈현2동,1138010400,갈현동,1138010400104710016,1,대지,471,16,서울특별시 은평구 갈현동 471-16,113804133147,서울특별시 은평구 연서로17길,24,,1138010400104710016031201,,서울특별시 은평구 연서로17길 24,122813,03336,,,,126.915020334196,37.613268720946
MA0106202301A0516783,체리트리,,G2,소매,G221,기타 상품 소매,G22199,그 외 기타 상품 전문 소매업,G47859,그 외 기타 분류 안된 상품 전문 소매업,41,경기도,41463,용인시 기흥구,41463540,기흥동,4146310700,공세동,4146310700107340006,1,대지,734,6,경기도 용인시 기흥구 공세동 734-6,414633204006,경기도 용인시 기흥구 공세로,150,29,4146310700107340006000001,제지,경기도 용인시 기흥구 공세로 150-29,446902,17084,,1,,127.110318961318,37.2378930593968
MA0106202301A0523549,티파티,,G2,소매,G221,기타 상품 소매,G22199,그 외 기타 상품 전문 소매업,G47859,그 외 기타 분류 안된 상품 전문 소매업,44,충청남도,44230,논산시,44230360,연산면,4423036026,연산면,4423036026100840001,1,대지,84,1,충청남도 논산시 연산면 청동리 84-1,442304565844,충청남도 논산시 연산면 청동로3길,94,,,,충청남도 논산시 연산면 청동로3길 94,320875,32913,,,,127.206654141375,36.210790819991
MA0106202301A0896609,남양유업,대전지점,G2,소매,G221,기타 상품 소매,G22199,그 외 기타 상품 전문 소매업,G47859,그 외 기타 분류 안된 상품 전문 소매업,30,대전광역시,30140,중구,30140720,문화1동,3014011600,문화동,3014011600100010013,1,대지,1,13,대전광역시 중구 문화동 1-13,301403000095,대전광역시 중구 계백로,1712,,3014011600100010013010509,,대전광역시 중구 계백로 1712,301730,34956,,,,127.409735593912,36.3211498625638
MA0106202301A0356298,서일종합음료,,G2,소매,G221,기타 상품 소매,G22199,그 외 기타 상품 전문 소매업,G47859,그 외 기타 분류 안된 상품 전문 소매업,28,인천광역시,28177,미추홀구,28177520,숭의1.3동,2817710100,숭의동,2817710100100630008,1,대지,63,8,인천광역시 미추홀구 숭의동 63-8,281773000028,인천광역시 미추홀구 경인로,113,,2817010100100630008132502,,인천광역시 미추홀구 경인로 113,402813,22105,,,,126.655208762528,37.466455885444
MA0106202301A1549991,하포리,,G2,소매,G221,기타 상품 소매,G22199,그 외 기타 상품 전문 소매업,G47859,그 외 기타 분류 안된 상품 전문 소매업,29,광주광역시,29155,남구,29155510,양림동,2915511300,양림동,2915511300100240016,1,대지,24,16,광주광역시 남구 양림동 24-16,291553009007,광주광역시 남구 천변좌로,438,,2915511300100240016004193,,광주광역시 남구 천변좌로 438,503821,61662,,4,,126.917141591921,35.1409474652307
MA0106202301A0534457,제이원,,G2,소매,G221,기타 상품 소매,G22199,그 외 기타 상품 전문 소매업,G47859,그 외 기타 분류 안된 상품 전문 소매업,11,서울특별시,11230,동대문구,11230650,장안1동,1123010600,장안동,1123010600104310007,1,대지,431,7,서울특별시 동대문구 장안동 431-7,112304115569,서울특별시 동대문구 천호대로83길,34,,1123010600104310007000001,,서울특별시 동대문구 천호대로83길 34,130844,02636,,,,127.065364835439,37.5637176216335
MA0106202301A0660473,도깨비상사,,G2,소매,G221,기타 상품 소매,G22199,그 외 기타 상품 전문 소매업,G47859,그 외 기타 분류 안된 상품 전문 소매업,51,강원특별자치도,51110,춘천시,51110545,약사명동,5111010900,죽림동,5111010900101590005,1,대지,159,5,강원특별자치도 춘천시 죽림동 159-5,511104454215,강원특별자치도 춘천시 명동길,43,1,4211010900101590005023428,,강원특별자치도 춘천시 명동길 43-1,200050,24357,,,,127.724635064363,37.8770711201762
MA0106202301A0947599,월드푸드,,G2,소매,G221,기타 상품 소매,G22199,그 외 기타 상품 전문 소매업,G47859,그 외 기타 분류 안된 상품 전문 소매업,44,충청남도,44131,천안시 동남구,44131510,중앙동,4413110100,대흥동,4413110100100390002,1,대지,39,2,충청남도 천안시 동남구 대흥동 39-2,441313249006,충청남도 천안시 동남구 대흥로,250,,4413110100100600001015162,,충청남도 천안시 동남구 대흥로 250,330010,31128,,,,127.148488400857,36.8101096736726
MA0106202301A0601664,크린유통,,G2,소매,G221,기타 상품 소매,G22199,그 외 기타 상품 전문 소매업,G47859,그 외 기타 분류 안된 상품 전문 소매업,41,경기도,41360,남양주시,41360250,와부읍,4136025024,와부읍,4136025024109910007,1,대지,991,7,경기도 남양주시 와부읍 월문리 991-7,413603197036,경기도 남양주시 와부읍 수레로,256,,4136025024109910007000001,,경기도 남양주시 와부읍 수레로 256,472905,12203,,,,127.234958062169,37.5983703028614
MA0106202301A0004920,종로전자담배,,G2,소매,G221,기타 상품 소매,G22199,그 외 기타 상품 전문 소매업,G47859,그 외 기타 분류 안된 상품 전문 소매업,11,서울특별시,11110,종로구,11110615,종로1.2.3.4가동,1111013800,종로2가,1111013800100010002,1,대지,1,2,서울특별시 종로구 종로2가 1-2,111103100013,서울특별시 종로구 종로,73,,1111013800100840015000001,,서울특별시 종로구 종로 73,110122,03164,,,,126.985522272122,37.5702039786698
MA0106202301A0316974,고려에프앤비,,G2,소매,G221,기타 상품 소매,G22199,그 외 기타 상품 전문 소매업,G47859,그 외 기타 분류 안된 상품 전문 소매업,41,경기도,41310,구리시,41310520,동구동,4131010200,사노동,4131010200104520010,1,대지,452,10,경기도 구리시 사노동 452-10,413103012037,경기도 구리시 동구릉로,516,,4131010200104520010000228,,경기도 구리시 동구릉로 516,471040,11906,,,,127.141179511832,37.6431095784495
MA0106202301A0585661,엔터상사,,G2,소매,G221,기타 상품 소매,G22199,그 외 기타 상품 전문 소매업,G47859,그 외 기타 분류 안된 상품 전문 소매업,11,서울특별시,11350,노원구,11350625,중계2.3동,1135010600,중계동,1135010600105060001,1,대지,506,1,서울특별시 노원구 중계동 506-1,113503110005,서울특별시 노원구 섬밭로,258,,1135010600105060001010570,건영백화점,서울특별시 노원구 섬밭로 258,139709,01779,,2,,127.064920981566,37.6391127483789
MA0106202301A0310268,3호편의점,,G2,소매,G221,기타 상품 소매,G22199,그 외 기타 상품 전문 소매업,G47859,그 외 기타 분류 안된 상품 전문 소매업,41,경기도,41820,가평군,41820325,청평면,4182032521,청평면,4182032521101340060,1,대지,134,60,경기도 가평군 청평면 청평리 134-60,418203216050,경기도 가평군 청평면 강변로,93,,4182032521101340060007753,,경기도 가평군 청평면 강변로 93,477815,12453,,,,127.422581832764,37.7323091075704
MA0106202301A0682949,롯데칠성문막,대리점,G2,소매,G221,기타 상품 소매,G22199,그 외 기타 상품 전문 소매업,G47859,그 외 기타 분류 안된 상품 전문 소매업,51,강원특별자치도,51130,원주시,51130660,무실동,5113011500,무실동,5113011500111840001,1,대지,1184,1,강원특별자치도 원주시 무실동 1184-1,511304457386,강원특별자치도 원주시 송삼길,128,,4213011500111840001035695,,강원특별자치도 원주시 송삼길 128,220150,26385,,,,127.916119614015,37.3295383332559
MA0106202301A1486636,엔텍,,G2,소매,G221,기타 상품 소매,G22199,그 외 기타 상품 전문 소매업,G47859,그 외 기타 분류 안된 상품 전문 소매업,47,경상북도,47111,포항시 남구,47111545,해도동,4711110300,해도동,4711110300100330012,1,대지,33,12,경상북도 포항시 남구 해도동 33-12,471113303047,경상북도 포항시 남구 중앙로,154,,,,경상북도 포항시 남구 중앙로 154,790838,37788,,,,129.367884195451,36.0267248946572
MA0106202301A0335949,아이엠티소프트,,G2,소매,G221,기타 상품 소매,G22199,그 외 기타 상품 전문 소매업,G47859,그 외 기타 분류 안된 상품 전문 소매업,41,경기도,41290,과천시,41290520,갈현동,4129010300,갈현동,4129010300105540000,1,대지,554,,경기도 과천시 갈현동 554,412903353558,경기도 과천시 과천대로7길,33,,4129010300105530001000001,디테크타워,경기도 과천시 과천대로7길 33,427100,13840,,,,126.977125591861,37.4138959002595
MA0106202301A0194183,아쿠아유통,,G2,소매,G221,기타 상품 소매,G22199,그 외 기타 상품 전문 소매업,G47859,그 외 기타 분류 안된 상품 전문 소매업,41,경기도,41590,화성시,41590400,양감면,4159040022,양감면,4159040022109940001,1,대지,994,1,경기도 화성시 양감면 사창리 994-1,415904430870,경기도 화성시 양감면 신흥길,19,,4159040022109940001018660,,경기도 화성시 양감면 신흥길 19,445932,18626,,,,126.968463451197,37.0848144848633
MA0106202301A0187655,에스엘시스템,,G2,소매,G221,기타 상품 소매,G22199,그 외 기타 상품 전문 소매업,G47859,그 외 기타 분류 안된 상품 전문 소매업,41,경기도,41173,안양시 동안구,41173580,호계1동,4117310400,호계동,4117310400105550009,1,대지,555,9,경기도 안양시 동안구 호계동 555-9,411733182030,경기도 안양시 동안구 엘에스로,92,,4117310400105550009005178,안양국제유통단지,경기도 안양시 동안구 엘에스로 92,431763,14117,,,,126.95173678756,37.3714771356516
MA0106202301A0473441,옛날찜빵,,G2,소매,G221,기타 상품 소매,G22199,그 외 기타 상품 전문 소매업,G47859,그 외 기타 분류 안된 상품 전문 소매업,48,경상남도,48220,통영시,48220530,명정동,4822010200,서호동,4822010200101770393,1,대지,177,393,경상남도 통영시 서호동 177-393,482203333042,경상남도 통영시 통영해안로,225,2,4822010200101770393000001,,경상남도 통영시 통영해안로 225-2,650100,53055,,,,128.420774176725,34.8409532420589
MA0106202301A0000065,신광화공약품,,G2,소매,G221,기타 상품 소매,G22199,그 외 기타 상품 전문 소매업,G47859,그 외 기타 분류 안된 상품 전문 소매업,11,서울특별시,11110,종로구,11110615,종로1.2.3.4가동,1111015200,봉익동,1111015200100190001,1,대지,19,1,서울특별시 종로구 봉익동 19-1,111104100048,서울특별시 종로구 돈화문로10가길,5,,1111015200100190001014431,,서울특별시 종로구 돈화문로10가길 5,110390,03134,,,,126.992426942328,37.5728355294401
MA0106202301A0302308,한국공업기술원,,G2,소매,G221,기타 상품 소매,G22199,그 외 기타 상품 전문 소매업,G47859,그 외 기타 분류 안된 상품 전문 소매업,28,인천광역시,28200,남동구,28200710,논현고잔동,2820011100,고잔동,2820011100107220000,1,대지,722,,인천광역시 남동구 고잔동 722,282003153008,인천광역시 남동구 남동동로,84,,2820011100107220000012692,아파트형임대공장,인천광역시 남동구 남동동로 84,405821,21692,,,,126.696654513814,37.3922179065428
MA0106202301A0967528,대명,코리아,G2,소매,G221,기타 상품 소매,G22199,그 외 기타 상품 전문 소매업,G47859,그 외 기타 분류 안된 상품 전문 소매업,30,대전광역시,30170,서구,30170530,도마2동,3017010300,도마동,3017010300101700006,1,대지,170,6,대전광역시 서구 도마동 170-6,301704298576,대전광역시 서구 제비네4길,109,,3017010300101700006031080,,대전광역시 서구 제비네4길 109,302823,35335,,,,127.376407420818,36.3123918452455
MA0106202301A1236172,덕진중앙슈퍼,,G2,소매,G221,기타 상품 소매,G22199,그 외 기타 상품 전문 소매업,G47859,그 외 기타 분류 안된 상품 전문 소매업,46,전라남도,46830,영암군,46830310,덕진면,4683031027,덕진면,4683031027102730010,1,대지,273,10,전라남도 영암군 덕진면 덕진리 273-10,468303284049,전라남도 영암군 덕진면 예향로,1745,,4683031027102730010000372,,전라남도 영암군 덕진면 예향로 1745,526823,58408,,,,126.696822680662,34.820056082863
MA0106202301A0226566,대성탑안전,,G2,소매,G221,기타 상품 소매,G22199,그 외 기타 상품 전문 소매업,G47859,그 외 기타 분류 안된 상품 전문 소매업,41,경기도,41610,광주시,41610560,광남1동,4161010800,중대동,4161010800101420006,1,대지,142,6,경기도 광주시 중대동 142-6,416103211033,경기도 광주시 순암로,241,4,4161010800101420006000001,,경기도 광주시 순암로 241-4,464080,12768,,1,,127.22477129055,37.399961935443
MA0106202301A0373793,상신기기,,G2,소매,G221,기타 상품 소매,G22199,그 외 기타 상품 전문 소매업,G47859,그 외 기타 분류 안된 상품 전문 소매업,41,경기도,41173,안양시 동안구,41173580,호계1동,4117310400,호계동,4117310400105550009,1,대지,555,9,경기도 안양시 동안구 호계동 555-9,411733182030,경기도 안양시 동안구 엘에스로,76,,4117310400105550009005725,디오밸리,경기도 안양시 동안구 엘에스로 76,431763,14117,,,,126.953126304246,37.3700450634828
MA0106202301A0529459,또래종합식품,,G2,소매,G221,기타 상품 소매,G22199,그 외 기타 상품 전문 소매업,G47859,그 외 기타 분류 안된 상품 전문 소매업,11,서울특별시,11230,동대문구,11230545,제기동,1123010300,제기동,1123010300108380000,1,대지,838,,서울특별시 동대문구 제기동 838,112303105006,서울특별시 동대문구 약령시로,90,,1123010300108380000033984,,서울특별시 동대문구 약령시로 90,130863,02571,,,,127.039953525376,37.5828750963971
MA0106202301A0882489,지유명차,명일점,G2,소매,G221,기타 상품 소매,G22199,그 외 기타 상품 전문 소매업,G47859,그 외 기타 분류 안된 상품 전문 소매업,11,서울특별시,11740,강동구,11740540,명일2동,1174010100,명일동,1174010100102420006,1,대지,242,6,서울특별시 강동구 명일동 242-6,117404172141,서울특별시 강동구 상암로63길,43,,1174010100102420006018971,지유명차명일점,서울특별시 강동구 상암로63길 43,134827,05271,,1,,127.15395799372,37.5484895786105
MA0106202301A0241930,동송유통,,G2,소매,G221,기타 상품 소매,G22199,그 외 기타 상품 전문 소매업,G47859,그 외 기타 분류 안된 상품 전문 소매업,51,강원특별자치도,51780,철원군,51780259,동송읍,5178025921,동송읍,5178025921107410009,1,대지,741,9,강원특별자치도 철원군 동송읍 이평리 741-9,517804490027,강원특별자치도 철원군 동송읍 금학로187번길,17,,4278025921107410009023320,,강원특별자치도 철원군 동송읍 금학로187번길 17,269816,24018,,,,127.218625786883,38.2045200851978
MA0106202301A0071631,신라푸드,,G2,소매,G221,기타 상품 소매,G22199,그 외 기타 상품 전문 소매업,G47859,그 외 기타 분류 안된 상품 전문 소매업,41,경기도,41570,김포시,41570256,양촌읍,4157025623,양촌읍,4157025623101580000,1,대지,158,,경기도 김포시 양촌읍 석모리 158,415704427122,경기도 김포시 양촌읍 김포한강4로278번길,176,,4157025623101580000000002,,경기도 김포시 양촌읍 김포한강4로278번길 176,415824,10055,,,,126.654301919882,37.6580672784385
MA0106202308A1137636,민스,,G2,소매,G221,기타 상품 소매,G22199,그 외 기타 상품 전문 소매업,G47859,그 외 기타 분류 안된 상품 전문 소매업,11,서울특별시,11470,양천구,11470550,목5동,1147010200,목동,1147010200109020000,1,대지,902,,서울특별시 양천구 목동 902,114703114003,서울특별시 양천구 목동서로,70,,1147010200109020000015869,목동신시가지2단지,서울특별시 양천구 목동서로 70,158752,07981,,1,,126.876422461543,37.5370465540815
MA0106202306A2179682,이밥에찬,,G2,소매,G221,기타 상품 소매,G22199,그 외 기타 상품 전문 소매업,G47859,그 외 기타 분류 안된 상품 전문 소매업,31,울산광역시,31710,울주군,31710253,언양읍,3171025331,언양읍,3171025331102420013,1,대지,242,13,울산광역시 울주군 언양읍 서부리 242-13,317104319824,울산광역시 울주군 언양읍 웃방천3길,17,,3171025331102420013008190,언양신한빌리지,울산광역시 울주군 언양읍 웃방천3길 17,689806,44944,,1,,129.110947257599,35.5682227227769
MA0106202305A2274566,씨제이올리브영신림역점,,G2,소매,G221,기타 상품 소매,G22199,그 외 기타 상품 전문 소매업,G47859,그 외 기타 분류 안된 상품 전문 소매업,11,서울특별시,11620,관악구,11620695,신림동,1162010200,신림동,1162010200114240028,1,대지,1424,28,서울특별시 관악구 신림동 1424-28,116203120005,서울특별시 관악구 신림로,350,,1162010200114240028013274,태영아파트,서울특별시 관악구 신림로 350,151708,08754,,1,,126.929977132628,37.4855079610884
MA0106202304A1072127,고빙고,,G2,소매,G221,기타 상품 소매,G22199,그 외 기타 상품 전문 소매업,G47859,그 외 기타 분류 안된 상품 전문 소매업,11,서울특별시,11560,영등포구,11560680,신길6동,1156013200,신길동,1156013200147590000,1,대지,4759,,서울특별시 영등포구 신길동 4759,115603118028,서울특별시 영등포구 여의대방로,45,,1156013200147590000009263,삼성아파트,서울특별시 영등포구 여의대방로 45,150860,07435,,1,,126.912009137573,37.4964521936405
MA0106202305A0465841,에이아이무인매장시흥장곡점,,G2,소매,G221,기타 상품 소매,G22199,그 외 기타 상품 전문 소매업,G47859,그 외 기타 분류 안된 상품 전문 소매업,41,경기도,41390,시흥시,41390631,장곡동,4139013000,장곡동,4139013000109360000,1,대지,936,,경기도 시흥시 장곡동 936,413903352742,경기도 시흥시 장현장곡로,10,,4139013000100000000000102,유승한내들퍼스트파크,경기도 시흥시 장현장곡로 10,429430,14996,,1,,126.790760466716,37.3786902933358
MA0106202305A1319973,청주한씨,,G2,소매,G221,기타 상품 소매,G22199,그 외 기타 상품 전문 소매업,G47859,그 외 기타 분류 안된 상품 전문 소매업,11,서울특별시,11380,은평구,11380570,대조동,1138010600,대조동,1138010600101850071,1,대지,185,71,서울특별시 은평구 대조동 185-71,113803000008,서울특별시 은평구 통일로,833,6,1138010600101850071027632,대덕타워,서울특별시 은평구 통일로 833-6,122842,03385,,4,,126.921528201243,37.6176790603501
MA0106202306A2277398,씨제이올리브영대전유성,자이점,G2,소매,G221,기타 상품 소매,G22199,그 외 기타 상품 전문 소매업,G47859,그 외 기타 분류 안된 상품 전문 소매업,30,대전광역시,30200,유성구,30200530,온천1동,3020011100,봉명동,3020011100104690046,1,대지,469,46,대전광역시 유성구 봉명동 469-46,302003010024,대전광역시 유성구 계룡로,55,,3020011100104690017000001,유성자이,대전광역시 유성구 계룡로 55,305301,34169,,1,,127.33716711178,36.3561620531997
MA0106202306A2368269,엘케이파트너스아이엔씨,,G2,소매,G221,기타 상품 소매,G22199,그 외 기타 상품 전문 소매업,G47859,그 외 기타 분류 안된 상품 전문 소매업,11,서울특별시,11410,서대문구,11410585,신촌동,1141011200,대현동,1141011200101450000,1,대지,145,,서울특별시 서대문구 대현동 145,114104136312,서울특별시 서대문구 이화여대1길,10,,1141011200101450000000001,예스에이피엠,서울특별시 서대문구 이화여대1길 10,120753,03766,,3,,126.944928224644,37.557650153609
MA0106202307A0617216,마켓무광주,태전점,G2,소매,G221,기타 상품 소매,G22199,그 외 기타 상품 전문 소매업,G47859,그 외 기타 분류 안된 상품 전문 소매업,41,경기도,41610,광주시,41610570,광남2동,4161011000,태전동,4161011000106990000,1,대지,699,,경기도 광주시 태전동 699,416103351610,경기도 광주시 태전동로,50,,4161011000100990000000001,힐스테이트태전,경기도 광주시 태전동로 50,464805,12787,,1,,127.230777872559,37.3846510341292
MA0106202306A1683038,퓨리바이오,,G2,소매,G221,기타 상품 소매,G22199,그 외 기타 상품 전문 소매업,G47859,그 외 기타 분류 안된 상품 전문 소매업,11,서울특별시,11680,강남구,11680700,세곡동,1168011200,자곡동,1168011200106560000,1,대지,656,,서울특별시 강남구 자곡동 656,116803122014,서울특별시 강남구 자곡로,192,,1168011200106550000000001,강남푸르지오시티2차,서울특별시 강남구 자곡로 192,135190,06373,,4,,127.104154131362,37.4745625760534
MA0106202307A2157031,아이스크림할인점8호,,G2,소매,G221,기타 상품 소매,G22199,그 외 기타 상품 전문 소매업,G47859,그 외 기타 분류 안된 상품 전문 소매업,11,서울특별시,11530,구로구,11530510,신도림동,1153010100,신도림동,1153010100106460000,1,대지,646,,서울특별시 구로구 신도림동 646,115304148117,서울특별시 구로구 경인로65길,16,15,1153010100106460000026410,대림이편한세상4차,서울특별시 구로구 경인로65길 16-15,152785,08208,,1,,126.886545643387,37.5093689185698
MA0106202307A2380031,푸드리신사동맛집,,G2,소매,G221,기타 상품 소매,G22199,그 외 기타 상품 전문 소매업,G47859,그 외 기타 분류 안된 상품 전문 소매업,11,서울특별시,11380,은평구,11380632,신사2동,1138010900,신사동,1138010900101840007,1,대지,184,7,서울특별시 은평구 신사동 184-7,113803111008,서울특별시 은평구 은평터널로,133,,1138010900101840007013816,남도빌라,서울특별시 은평구 은평터널로 133,122887,03446,,1,,126.905262553197,37.5912230714192
MA0106202304A0827871,땅스부대찌개탕정역점,,G2,소매,G221,기타 상품 소매,G22199,그 외 기타 상품 전문 소매업,G47859,그 외 기타 분류 안된 상품 전문 소매업,44,충청남도,44200,아산시,44200330,탕정면,4420033025,탕정면,4420033025113850000,1,대지,1385,,충청남도 아산시 탕정면 매곡리 1385,442003353790,충청남도 아산시 탕정면 한들물빛도시로,69,,4420033025113850000000005,한들물빛도시지웰시티센트럴푸르지오1단지,충청남도 아산시 탕정면 한들물빛도시로 69,336843,31465,,1,,127.083955137818,36.7847523447162
MA0106202308A0879311,스마트스토어,1호점,G2,소매,G221,기타 상품 소매,G22199,그 외 기타 상품 전문 소매업,G47859,그 외 기타 분류 안된 상품 전문 소매업,41,경기도,41131,성남시 수정구,41131640,고등동,4113111200,고등동,4113111200105760000,1,대지,576,,경기도 성남시 수정구 고등동 576,411313352360,경기도 성남시 수정구 고등로,33,,4113111200100000000000021,LH판교밸리포레자이,경기도 성남시 수정구 고등로 33,461300,13105,,1,,127.09672624927,37.4303561793727
MA0106202308A0998529,무인이네24LH,2단지점,G2,소매,G221,기타 상품 소매,G22199,그 외 기타 상품 전문 소매업,G47859,그 외 기타 분류 안된 상품 전문 소매업,46,전라남도,46170,나주시,46170620,빛가람동,4617013400,빛가람동,4617013400103810000,1,대지,381,,전라남도 나주시 빛가람동 381,461704685300,전라남도 나주시 중야1길,42,,4617013400103810000000001,빛가람엘에이치2단지,전라남도 나주시 중야1길 42,520350,58326,,1,,126.7804662474,35.0157930379543
MA0106202307A0404008,커피예찬,,G2,소매,G221,기타 상품 소매,G22199,그 외 기타 상품 전문 소매업,G47859,그 외 기타 분류 안된 상품 전문 소매업,41,경기도,41150,의정부시,41150578,송산3동,4115010700,낙양동,4115010700107360000,1,대지,736,,경기도 의정부시 낙양동 736,411503181035,경기도 의정부시 용민로,373,20,4115010700107360000000001,대광로제비앙포레스트,경기도 의정부시 용민로 373-20,480080,11770,,4,,127.111003676559,37.7555655129429
MA0106202305A0787645,시루보감,,G2,소매,G221,기타 상품 소매,G22199,그 외 기타 상품 전문 소매업,G47859,그 외 기타 분류 안된 상품 전문 소매업,41,경기도,41117,수원시 영통구,41117570,영통1동,4111710500,영통동,4111710500109570006,1,대지,957,6,경기도 수원시 영통구 영통동 957-6,411173177014,경기도 수원시 영통구 청명로,130,,4111710500109570006003274,벽산삼익아파트,경기도 수원시 영통구 청명로 130,443809,16707,,1,,127.074466218094,37.2568609864469
MA0106202305A2095827,올림복권,,G2,소매,G221,기타 상품 소매,G22199,그 외 기타 상품 전문 소매업,G47859,그 외 기타 분류 안된 상품 전문 소매업,48,경상남도,48170,진주시,48170750,충무공동,4817013700,충무공동,4817013700102980000,1,대지,298,,경상남도 진주시 충무공동 298,481703350072,경상남도 진주시 에나로175번길,12,,4817013700102980000000001,중흥에스클래스센트럴시티3단지,경상남도 진주시 에나로175번길 12,660031,52855,,1,,128.144881145822,35.1737915626195
MA0106202307A1342024,베이피움,선릉점,G2,소매,G221,기타 상품 소매,G22199,그 외 기타 상품 전문 소매업,G47859,그 외 기타 분류 안된 상품 전문 소매업,11,서울특별시,11680,강남구,11680630,대치4동,1168010600,대치동,1168010600108910026,1,대지,891,26,서울특별시 강남구 대치동 891-26,116804166431,서울특별시 강남구 삼성로85길,42,,1168010600108910026027149,대우아이빌멤버스,서울특별시 강남구 삼성로85길 42,135840,06194,,1,,127.053754811977,37.5046268363665
MA0106202304A1131258,이엘피엔씨,,G2,소매,G221,기타 상품 소매,G22199,그 외 기타 상품 전문 소매업,G47859,그 외 기타 분류 안된 상품 전문 소매업,11,서울특별시,11110,종로구,11110615,종로1.2.3.4가동,1111013300,익선동,1111013300100300006,1,대지,30,6,서울특별시 종로구 익선동 30-6,111104100147,서울특별시 종로구 삼일대로32길,36,,1111013300100300006014552,운현신화타워,서울특별시 종로구 삼일대로32길 36,110340,03132,,2,,126.98913250215,37.5751057790505
MA0106202303A0651448,밀리,,G2,소매,G221,기타 상품 소매,G22199,그 외 기타 상품 전문 소매업,G47859,그 외 기타 분류 안된 상품 전문 소매업,11,서울특별시,11680,강남구,11680531,논현2동,1168010800,논현동,1168010800102250006,1,대지,225,6,서울특별시 강남구 논현동 225-6,116803005086,서울특별시 강남구 언주로,615,,1168010800102250006007941,논현아이파크,서울특별시 강남구 언주로 615,135829,06107,,1,,127.036205078746,37.5105441111104
MA0106202307A2087124,오늘의밥상,,G2,소매,G221,기타 상품 소매,G22199,그 외 기타 상품 전문 소매업,G47859,그 외 기타 분류 안된 상품 전문 소매업,28,인천광역시,28200,남동구,28200690,논현1동,2820011000,논현동,2820011000100660024,1,대지,66,24,인천광역시 남동구 논현동 66-24,282003153077,인천광역시 남동구 포구로,35,,2820011000100660024000001,유호엔시티,인천광역시 남동구 포구로 35,405847,21673,,1,,126.738056345913,37.4011648767069
MA0106202303A0632252,더뷰티아미고,,G2,소매,G221,기타 상품 소매,G22199,그 외 기타 상품 전문 소매업,G47859,그 외 기타 분류 안된 상품 전문 소매업,41,경기도,41285,고양시 일산동구,41285590,장항2동,4128510400,장항동,4128510400109020000,1,대지,902,,경기도 고양시 일산동구 장항동 902,412853192094,경기도 고양시 일산동구 중앙로,1129,,4128510400109020000000814,호수마을대우1단지,경기도 고양시 일산동구 중앙로 1129,410742,10422,,1,,126.779727484108,37.6487637140476
MA0106202305A0078439,달달보드레,,G2,소매,G221,기타 상품 소매,G22199,그 외 기타 상품 전문 소매업,G47859,그 외 기타 분류 안된 상품 전문 소매업,11,서울특별시,11500,강서구,11500615,우장산동,1150010600,내발산동,1150010600107030029,1,대지,703,29,서울특별시 강서구 내발산동 703-29,115004145064,서울특별시 강서구 강서로48길,42,,1150010600107030029000001,올림푸스,서울특별시 강서구 강서로48길 42,157832,07693,,1,,126.838768654154,37.5523451504891
MA0106202304A1074836,행복한돼지,,G2,소매,G221,기타 상품 소매,G22199,그 외 기타 상품 전문 소매업,G47859,그 외 기타 분류 안된 상품 전문 소매업,11,서울특별시,11350,노원구,11350560,월계1동,1135010200,월계동,1135010200105080032,1,대지,508,32,서울특별시 노원구 월계동 508-32,113504130329,서울특별시 노원구 월계로44길,68,6,1135010200105080032000001,파크뷰,서울특별시 노원구 월계로44길 68-6,139847,01888,,1,,127.052536774995,37.622306513633
MA0106202308A1093525,늘찬,,G2,소매,G221,기타 상품 소매,G22199,그 외 기타 상품 전문 소매업,G47859,그 외 기타 분류 안된 상품 전문 소매업,26,부산광역시,26320,북구,26320571,만덕1동,2632010300,만덕동,2632010300108290000,1,대지,829,,부산광역시 북구 만덕동 829,263204196157,부산광역시 북구 만덕1로24번길,8,,2632010300108290000000001,명칭없음,부산광역시 북구 만덕1로24번길 8,616828,46557,,1,,129.035368170119,35.214511348306
MA0106202308A2070154,프라임,,G2,소매,G221,기타 상품 소매,G22199,그 외 기타 상품 전문 소매업,G47859,그 외 기타 분류 안된 상품 전문 소매업,26,부산광역시,26260,동래구,26260510,수민동,2626010600,수안동,2626010600105350003,1,대지,535,3,부산광역시 동래구 수안동 535-3,262604190132,부산광역시 동래구 명륜로98번길,29,,2626010600105410002001743,동래다솜시티,부산광역시 동래구 명륜로98번길 29,607824,47814,,2,,129.08516427641,35.2024442908482
MA0106202303A1126262,삼익스파사우나매점,,G2,소매,G221,기타 상품 소매,G22199,그 외 기타 상품 전문 소매업,G47859,그 외 기타 분류 안된 상품 전문 소매업,27,대구광역시,27170,서구,27170540,내당4동,2717010100,내당동,2717010100103080011,1,대지,308,11,대구광역시 서구 내당동 308-11,271703143015,대구광역시 서구 평리로,236,,2717010100103150001003495,삼익뉴타운,대구광역시 서구 평리로 236,703752,41849,,4,,128.54974624556,35.8621560530603
MA0106202307A1412032,"구움,180도씨",,G2,소매,G221,기타 상품 소매,G22199,그 외 기타 상품 전문 소매업,G47859,그 외 기타 분류 안된 상품 전문 소매업,41,경기도,41113,수원시 권선구,41113662,금곡동,4111313400,금곡동,4111313400110770000,1,대지,1077,,경기도 수원시 권선구 금곡동 1077,411134325271,경기도 수원시 권선구 서수원로577번길,305,,4111313400110770000000001,수원모아미래도센트럴타운2단지,경기도 수원시 권선구 서수원로577번길 305,441460,16380,,1,,126.939913417941,37.2761965003707
MA0106202307A2390411,해피하우스,,G2,소매,G221,기타 상품 소매,G22199,그 외 기타 상품 전문 소매업,G47859,그 외 기타 분류 안된 상품 전문 소매업,11,서울특별시,11200,성동구,11200620,금호4가동,1120011200,금호동4가,1120011200110920001,1,대지,1092,1,서울특별시 성동구 금호동4가 1092-1,112004109091,서울특별시 성동구 독서당로47길,8,,1120011200110920001011777,금호빌딩,서울특별시 성동구 독서당로47길 8,133809,04725,,2,,127.020357876792,37.5480566032144
MA0106202306A0814217,미소디자인,,G2,소매,G221,기타 상품 소매,G22199,그 외 기타 상품 전문 소매업,G47859,그 외 기타 분류 안된 상품 전문 소매업,11,서울특별시,11740,강동구,11740530,명일1동,1174010100,명일동,1174010100103370027,1,대지,337,27,서울특별시 강동구 명일동 337-27,117404172135,서울특별시 강동구 상암로49길,34,1,1174010100103370027019656,명칭없음,서울특별시 강동구 상암로49길 34-1,134830,05294,,5,,127.145153063251,37.5480412216363
MA0106202308A2215632,리리컬,,G2,소매,G221,기타 상품 소매,G22199,그 외 기타 상품 전문 소매업,G47859,그 외 기타 분류 안된 상품 전문 소매업,30,대전광역시,30170,서구,30170555,탄방동,3017010600,탄방동,3017010600107790000,1,대지,779,,대전광역시 서구 탄방동 779,301704298079,대전광역시 서구 계룡로583번길,55,,3017010600107790000024383,위즈아파트,대전광역시 서구 계룡로583번길 55,302859,35263,,1,,127.390004868102,36.3440156531052
MA0106202308A1522623,나라레메디,,G2,소매,G221,기타 상품 소매,G22199,그 외 기타 상품 전문 소매업,G47859,그 외 기타 분류 안된 상품 전문 소매업,27,대구광역시,27260,수성구,27260652,지산2동,2726011200,지산동,2726011200111990010,1,대지,1199,10,대구광역시 수성구 지산동 1199-10,272604238344,대구광역시 수성구 용학로42길,9,,2726011200111990010004195,지산목련시장,대구광역시 수성구 용학로42길 9,706845,42212,,2,,128.632085178891,35.8209917180155
MA0106202308A1422128,푸른봄정원,,G2,소매,G221,기타 상품 소매,G22199,그 외 기타 상품 전문 소매업,G47859,그 외 기타 분류 안된 상품 전문 소매업,41,경기도,41461,용인시 처인구,41461525,역북동,4146110200,역북동,4146110200104230004,1,대지,423,4,경기도 용인시 처인구 역북동 423-4,414614409777,경기도 용인시 처인구 중부대로1281번길,6,16,4146110200104230004030602,도시공간,경기도 용인시 처인구 중부대로1281번길 6-16,449931,17047,,3,,127.188967275357,37.2367845076701
MA0106202308A2109610,세븐킹,,G2,소매,G221,기타 상품 소매,G22199,그 외 기타 상품 전문 소매업,G47859,그 외 기타 분류 안된 상품 전문 소매업,41,경기도,41450,하남시,41450630,미사3동,4145011000,풍산동,4145011000102440049,1,대지,244,49,경기도 하남시 풍산동 244-49,414503202032,경기도 하남시 안터로,40,39,4145011000102440049000001,명칭없음,경기도 하남시 안터로 40-39,465170,12984,,2,,127.185631609129,37.5482368035628
MA0106202307A1080072,크림잠실리센츠점,,G2,소매,G221,기타 상품 소매,G22199,그 외 기타 상품 전문 소매업,G47859,그 외 기타 분류 안된 상품 전문 소매업,11,서울특별시,11710,송파구,11710670,잠실2동,1171010100,잠실동,1171010100100220000,1,대지,22,,서울특별시 송파구 잠실동 22,117103123023,서울특별시 송파구 올림픽로,135,,1171010100100220000000509,리센츠,서울특별시 송파구 올림픽로 135,138911,05502,,1,,127.089881063451,37.5167323893372
MA0106202303A1564430,아이즈크림자이르네점,,G2,소매,G221,기타 상품 소매,G22199,그 외 기타 상품 전문 소매업,G47859,그 외 기타 분류 안된 상품 전문 소매업,41,경기도,41171,안양시 만안구,41171630,박달2동,4117110300,박달동,4117110300109420000,1,대지,942,,경기도 안양시 만안구 박달동 942,411713012043,경기도 안양시 만안구 박달로,427,,4117110300101570001017187,안양리버자이르네,경기도 안양시 만안구 박달로 427,430032,13978,,1,,126.900169918639,37.4023769729636
MA0106202302A2254024,씨제이올리브영,헬리오시티점,G2,소매,G221,기타 상품 소매,G22199,그 외 기타 상품 전문 소매업,G47859,그 외 기타 분류 안된 상품 전문 소매업,11,서울특별시,11710,송파구,11710631,가락1동,1171010700,가락동,1171010700109130000,1,대지,913,,서울특별시 송파구 가락동 913,117102005011,서울특별시 송파구 송파대로,345,,1171010700104790000006368,헬리오시티,서울특별시 송파구 송파대로 345,138161,05698,,1,,127.102535079859,37.4976117735384
MA0106202301A1668222,소소연,,G2,소매,G221,기타 상품 소매,G22199,그 외 기타 상품 전문 소매업,G47859,그 외 기타 분류 안된 상품 전문 소매업,11,서울특별시,11470,양천구,11470540,목4동,1147010200,목동,1147010200107730003,1,대지,773,3,서울특별시 양천구 목동 773-3,114703114005,서울특별시 양천구 목동중앙로,43,,1147010200107730003017568,목동글로리파크,서울특별시 양천구 목동중앙로 43,158818,07964,,1,,126.869492749356,37.533543218706
MA0106202303A2072208,힐스케치,,G2,소매,G221,기타 상품 소매,G22199,그 외 기타 상품 전문 소매업,G47859,그 외 기타 분류 안된 상품 전문 소매업,11,서울특별시,11560,영등포구,11560540,여의동,1156011000,여의도동,1156011000100140008,1,대지,14,8,서울특별시 영등포구 여의도동 14-8,115604154090,서울특별시 영등포구 국회대로70길,15,1,1156011000100140009031104,극동오피스텔,서울특별시 영등포구 국회대로70길 15-1,150726,07238,,5,,126.920387310518,37.5296871606312
MA0106202304A0491802,스타월드마트,중문점,G2,소매,G221,기타 상품 소매,G22199,그 외 기타 상품 전문 소매업,G47859,그 외 기타 분류 안된 상품 전문 소매업,50,제주특별자치도,50130,서귀포시,50130610,중문동,5013011200,중문동,5013011200116780001,1,대지,1678,1,제주특별자치도 서귀포시 중문동 1678-1,501303350253,제주특별자치도 서귀포시 중문상로,74,,5013011200116780001011867,,제주특별자치도 서귀포시 중문상로 74,697857,63545,,,,126.427329653203,33.254607940678
MA0106202304A2090885,그린누리마곡영업소,,G2,소매,G221,기타 상품 소매,G22199,그 외 기타 상품 전문 소매업,G47859,그 외 기타 분류 안된 상품 전문 소매업,11,서울특별시,11500,강서구,11500603,가양1동,1150010500,마곡동,1150010500107700001,1,대지,770,1,서울특별시 강서구 마곡동 770-1,115003155056,서울특별시 강서구 마곡중앙10로,30,,1150010500107700001000001,우시스연구소,서울특별시 강서구 마곡중앙10로 30,157805,07796,,1,,126.831229313416,37.5634078589092
MA0106202305A2113270,아크어때가좌,직영점,G2,소매,G221,기타 상품 소매,G22199,그 외 기타 상품 전문 소매업,G47859,그 외 기타 분류 안된 상품 전문 소매업,28,인천광역시,28260,서구,28260580,가좌1동,2826011200,가좌동,2826011200101060000,1,대지,106,,인천광역시 서구 가좌동 106,282604268025,인천광역시 서구 가정로151번길,4,,2826011200101060000018665,,인천광역시 서구 가정로151번길 4,404251,22832,,,,126.670473304716,37.4989356135235
MA0106202307A2280226,씨제이올리브영제주제원점,,G2,소매,G221,기타 상품 소매,G22199,그 외 기타 상품 전문 소매업,G47859,그 외 기타 분류 안된 상품 전문 소매업,50,제주특별자치도,50110,제주시,50110650,연동,5011013700,연동,5011013700102730011,1,대지,273,11,제주특별자치도 제주시 연동 273-11,501103349109,제주특별자치도 제주시 신광로,57,,5011013700102730011008653,,제주특별자치도 제주시 신광로 57,690814,63123,,1,,126.490256207759,33.4870280844964
MA0106202307A2279978,씨제이올리브영,남위례역점,G2,소매,G221,기타 상품 소매,G22199,그 외 기타 상품 전문 소매업,G47859,그 외 기타 분류 안된 상품 전문 소매업,41,경기도,41131,성남시 수정구,41131625,위례동,4113110800,창곡동,4113110800105590010,1,대지,559,10,경기도 성남시 수정구 창곡동 559-10,411313350738,경기도 성남시 수정구 위례서일로,46,,4113110800105590010000001,,경기도 성남시 수정구 위례서일로 46,461210,13646,,,,127.14052537678,37.4639110191494
MA0106202307A2280535,씨제이올리브영경기여주DI점,,G2,소매,G221,기타 상품 소매,G22199,그 외 기타 상품 전문 소매업,G47859,그 외 기타 분류 안된 상품 전문 소매업,41,경기도,41670,여주시,41670520,중앙동,4167010800,교동,4167010800100100001,1,대지,10,1,경기도 여주시 교동 10-1,416703214032,경기도 여주시 세종로,217,,4167010800100960003000001,,경기도 여주시 세종로 217,469108,12651,,1,,127.637842743404,37.2785299595873
MA0106202307A2279828,씨제이올리브영목포역점,,G2,소매,G221,기타 상품 소매,G22199,그 외 기타 상품 전문 소매업,G47859,그 외 기타 분류 안된 상품 전문 소매업,46,전라남도,46110,목포시,46110595,목원동,4611011200,죽동,4611011200100120001,1,대지,12,1,전라남도 목포시 죽동 12-1,461104643535,전라남도 목포시 영산로75번길,29,,4611011200100120001000955,,전라남도 목포시 영산로75번길 29,530260,58728,,1,,126.383749077619,34.7916871586215
MA0106202307A2280068,씨제이올리브영덕천,중앙점,G2,소매,G221,기타 상품 소매,G22199,그 외 기타 상품 전문 소매업,G47859,그 외 기타 분류 안된 상품 전문 소매업,26,부산광역시,26320,북구,26320560,덕천2동,2632010400,덕천동,2632010400104030010,1,대지,403,10,부산광역시 북구 덕천동 403-10,263204196250,부산광역시 북구 덕천1길,26,,2632010400104030010000351,,부산광역시 북구 덕천1길 26,616820,46576,,1,,129.007042013449,35.2097756932724
MA0106202307A2280654,씨제이올리브영건대커먼그라운드점,,G2,소매,G221,기타 상품 소매,G22199,그 외 기타 상품 전문 소매업,G47859,그 외 기타 분류 안된 상품 전문 소매업,11,서울특별시,11215,광진구,11215847,자양4동,1121510500,자양동,1121510500100170001,1,대지,17,1,서울특별시 광진구 자양동 17-1,112153000002,서울특별시 광진구 아차산로,200,,1121510500100170001000001,일부,서울특별시 광진구 아차산로 200,143841,05071,,1,,127.065673187681,37.541057351827
MA0106202307A2279694,씨제이올리브영진해,석동점,G2,소매,G221,기타 상품 소매,G22199,그 외 기타 상품 전문 소매업,G47859,그 외 기타 분류 안된 상품 전문 소매업,48,경상남도,48129,창원시 진해구,48129580,석동,4812914000,석동,4812914000106630009,1,대지,663,9,경상남도 창원시 진해구 석동 663-9,481293331006,경상남도 창원시 진해구 냉천로,83,,4812914000106630009003026,,경상남도 창원시 진해구 냉천로 83,645280,51595,,1,,128.706123924585,35.1531446349945
MA0106202308A1259241,진도아리랑시네마,,G2,소매,G221,기타 상품 소매,G22199,그 외 기타 상품 전문 소매업,G47859,그 외 기타 분류 안된 상품 전문 소매업,46,전라남도,46900,진도군,46900250,진도읍,4690025021,진도읍,4690025021111400000,1,대지,1140,,전라남도 진도군 진도읍 동외리 1140,469004703106,전라남도 진도군 진도읍 동외1길,6,13,4690025021111320002000001,아리랑시네마,전라남도 진도군 진도읍 동외1길 6-13,539803,58926,,,,126.270636278529,34.4804986113831
MA0106202308A2164991,조종시네마,,G2,소매,G221,기타 상품 소매,G22199,그 외 기타 상품 전문 소매업,G47859,그 외 기타 분류 안된 상품 전문 소매업,41,경기도,41820,가평군,41820345,조종면,4182034521,조종면,4182034521104020001,1,대지,402,1,경기도 가평군 조종면 현리 402-1,418203213060,경기도 가평군 조종면 청군로,1247,,4182034021104020001017342,조종청소년문화의집내,경기도 가평군 조종면 청군로 1247,477834,12438,,,,127.348421505414,37.8161697199035
MA0106202302A1400781,슈퍼키친반포,자이점,G2,소매,G221,기타 상품 소매,G22199,그 외 기타 상품 전문 소매업,G47859,그 외 기타 분류 안된 상품 전문 소매업,11,서울특별시,11650,서초구,11650560,반포1동,1165010700,반포동,1165010700100200051,1,대지,20,51,서울특별시 서초구 반포동 20-51,116504163332,서울특별시 서초구 사평대로45길,10,25,1165010700100200051000001,반포자이주구중심상가,서울특별시 서초구 사평대로45길 10-25,137041,06544,,,,127.013956493222,37.5066294642661
MA0106202304A0018435,아이스크림할인점,,G2,소매,G221,기타 상품 소매,G22199,그 외 기타 상품 전문 소매업,G47859,그 외 기타 분류 안된 상품 전문 소매업,29,광주광역시,29140,서구,29140790,화정4동,2914011900,화정동,2914011900109300001,1,대지,930,1,광주광역시 서구 화정동 930-1,291404280295,광주광역시 서구 염화로45번길,13,,2914011900109300001024221,라인동산아파트,광주광역시 서구 염화로45번길 13,502745,62029,,1,,126.87124473786,35.1384737148417
MA0106202307A2280220,씨제이올리브영이마트,킨텍스점,G2,소매,G221,기타 상품 소매,G22199,그 외 기타 상품 전문 소매업,G47859,그 외 기타 분류 안된 상품 전문 소매업,41,경기도,41287,고양시 일산서구,41287580,송포동,4128710400,대화동,4128710400127030000,1,대지,2703,,경기도 고양시 일산서구 대화동 2703,412873194032,경기도 고양시 일산서구 킨텍스로,171,,4128710400127030000000001,,경기도 고양시 일산서구 킨텍스로 171,411410,10390,,2,,126.74406874781,37.661575759281
MA0106202307A2280459,씨제이올리브영남양주,평내점,G2,소매,G221,기타 상품 소매,G22199,그 외 기타 상품 전문 소매업,G47859,그 외 기타 분류 안된 상품 전문 소매업,41,경기도,41360,남양주시,41360520,평내동,4136010200,평내동,4136010200101990000,1,대지,199,,경기도 남양주시 평내동 199,413603000120,경기도 남양주시 경춘로,1309,,4136010200101990000004386,,경기도 남양주시 경춘로 1309,472935,12217,,1,,127.237615624286,37.6506401370037
MA0106202304A0864074,호동상사,,G2,소매,G221,기타 상품 소매,G22199,그 외 기타 상품 전문 소매업,G47859,그 외 기타 분류 안된 상품 전문 소매업,43,충청북도,43111,청주시 상당구,43111730,용암2동,4311112600,방서동,4311112600106720000,1,대지,672,,충청북도 청주시 상당구 방서동 672,431113236001,충청북도 청주시 상당구 1순환로,1204,4,4311112600102270004077514,,충청북도 청주시 상당구 1순환로 1204-4,360102,28787,,,,127.500244360961,36.6050382461584
MA0106202304A1852736,해봄장터,,G2,소매,G221,기타 상품 소매,G22199,그 외 기타 상품 전문 소매업,G47859,그 외 기타 분류 안된 상품 전문 소매업,48,경상남도,48860,산청군,48860250,산청읍,4886025021,산청읍,4886025021102500002,1,대지,250,2,경상남도 산청군 산청읍 산청리 250-2,488603345047,경상남도 산청군 산청읍 중앙로,16,1,4886025021102500011007703,산청,경상남도 산청군 산청읍 중앙로 16-1,666804,52222,,,,127.876227694059,35.4153022514045
MA0106202308A2052151,케이비제이순두부젤라또초당점,,G2,소매,G221,기타 상품 소매,G22199,그 외 기타 상품 전문 소매업,G47859,그 외 기타 분류 안된 상품 전문 소매업,51,강원특별자치도,51150,강릉시,51150580,초당동,5115011200,초당동,5115011200103540004,1,대지,354,4,강원특별자치도 강릉시 초당동 354-4,511504460947,강원특별자치도 강릉시 초당순두부길,95,5,4215011200103540004017113,,강원특별자치도 강릉시 초당순두부길 95-5,210120,25466,,,,128.91549137943,37.7916953638124
MA0106202302A2253538,씨제이올리브영진해신항점,,G2,소매,G221,기타 상품 소매,G22199,그 외 기타 상품 전문 소매업,G47859,그 외 기타 분류 안된 상품 전문 소매업,48,경상남도,48129,창원시 진해구,48129650,웅동2동,4812916400,용원동,4812916400113420000,1,대지,1342,,경상남도 창원시 진해구 용원동 1342,481293331084,경상남도 창원시 진해구 신항동로,121,,4812916400113420000000001,,경상남도 창원시 진해구 신항동로 121,645510,51611,,1,,128.814954902581,35.0883969106461
MA0106202302A2253273,씨제이올리브영광명,철산점,G2,소매,G221,기타 상품 소매,G22199,그 외 기타 상품 전문 소매업,G47859,그 외 기타 분류 안된 상품 전문 소매업,41,경기도,41210,광명시,41210610,철산3동,4121010200,철산동,4121010200103820000,1,대지,382,,경기도 광명시 철산동 382,412103187055,경기도 광명시 철산로,24,,4121010200103820000000500,,경기도 광명시 철산로 24,423837,14237,,,,126.868993702833,37.4759954908006
MA0106202302A2253204,씨제이올리브영,남구로점,G2,소매,G221,기타 상품 소매,G22199,그 외 기타 상품 전문 소매업,G47859,그 외 기타 분류 안된 상품 전문 소매업,11,서울특별시,11530,구로구,11530550,구로4동,1153010200,구로동,1153010200101440010,1,대지,144,10,서울특별시 구로구 구로동 144-10,115303116010,서울특별시 구로구 도림로,81,,1153010200101440010016897,,서울특별시 구로구 도림로 81,152846,08312,,1,,126.892160457975,37.4902548363093
MA0106202302A2253342,씨제이올리브영부산부경대점,,G2,소매,G221,기타 상품 소매,G22199,그 외 기타 상품 전문 소매업,G47859,그 외 기타 분류 안된 상품 전문 소매업,26,부산광역시,26290,남구,26290530,대연3동,2629010600,대연동,2629010600100680025,1,대지,68,25,부산광역시 남구 대연동 68-25,262903131023,부산광역시 남구 용소로,12,,2629010600100680025000363,,부산광역시 남구 용소로 12,608805,48498,,1,,129.100465174512,35.136179295166
MA0106202302A2254127,씨제이올리브영김포공항국내선,청사점,G2,소매,G221,기타 상품 소매,G22199,그 외 기타 상품 전문 소매업,G47859,그 외 기타 분류 안된 상품 전문 소매업,11,서울특별시,11500,강서구,11500620,공항동,1150010800,공항동,1150010800113730005,1,대지,1373,5,서울특별시 강서구 공항동 1373-5,115004145490,서울특별시 강서구 하늘길,112,,1150010800101500000007416,김포국제공항국내선터미널,서울특별시 강서구 하늘길 112,157240,07505,,2,,126.808473481221,37.5567508187594
MA0106202302A2253884,씨제이올리브영성남,은행점,G2,소매,G221,기타 상품 소매,G22199,그 외 기타 상품 전문 소매업,G47859,그 외 기타 분류 안된 상품 전문 소매업,41,경기도,41133,성남시 중원구,41133560,은행2동,4113310400,은행동,4113310400109830000,1,대지,983,,경기도 성남시 중원구 은행동 983,411332179002,경기도 성남시 중원구 산성대로,532,,4113310400109830000021949,,경기도 성남시 중원구 산성대로 532,462831,13153,,1,,127.16478131733,37.4581222246055
MA0106202303A2242298,씨제이올리브영부산부곡DI점,,G2,소매,G221,기타 상품 소매,G22199,그 외 기타 상품 전문 소매업,G47859,그 외 기타 분류 안된 상품 전문 소매업,26,부산광역시,26410,금정구,26410590,부곡3동,2641010900,부곡동,2641010900102170011,1,대지,217,11,부산광역시 금정구 부곡동 217-11,264102000010,부산광역시 금정구 중앙대로,1722,,2641010900102170011000001,,부산광역시 금정구 중앙대로 1722,609820,46266,,1,,129.092743478239,35.2380800363162
MA0106202303A2241467,씨제이올리브영국회의,사당역점,G2,소매,G221,기타 상품 소매,G22199,그 외 기타 상품 전문 소매업,G47859,그 외 기타 분류 안된 상품 전문 소매업,11,서울특별시,11560,영등포구,11560540,여의동,1156011000,여의도동,1156011000100010006,1,대지,1,6,서울특별시 영등포구 여의도동 1-6,115602005008,서울특별시 영등포구 국회대로,758,,1156011000100010006000001,9호선,서울특별시 영등포구 국회대로 758,150010,07236,,,,126.917877506809,37.528063639434
MA0106202303A2241788,씨제이올리브영청라시티점,,G2,소매,G221,기타 상품 소매,G22199,그 외 기타 상품 전문 소매업,G47859,그 외 기타 분류 안된 상품 전문 소매업,28,인천광역시,28260,서구,28260539,청라3동,2826012200,청라동,2826012200100950004,1,대지,95,4,인천광역시 서구 청라동 95-4,282604853096,인천광역시 서구 청라한내로100번길,24,,2826012200100950004000001,,인천광역시 서구 청라한내로100번길 24,,22758,,1,,126.630223016598,37.5338202804827
MA0106202303A2241992,씨제이올리브영제주삼화점,,G2,소매,G221,기타 상품 소매,G22199,그 외 기타 상품 전문 소매업,G47859,그 외 기타 분류 안된 상품 전문 소매업,50,제주특별자치도,50110,제주시,50110610,삼양동,5011013000,도련일동,5011013000119780004,1,대지,1978,4,제주특별자치도 제주시 도련일동 1978-4,501104849158,제주특별자치도 제주시 건주로,60,,5011013000119780004000001,,제주특별자치도 제주시 건주로 60,690071,63324,,1,,126.580369250316,33.5140351521132
MA0106202303A2241593,씨제이올리브영부천시청,사거리점,G2,소매,G221,기타 상품 소매,G22199,그 외 기타 상품 전문 소매업,G47859,그 외 기타 분류 안된 상품 전문 소매업,41,경기도,41192,부천시 원미구,41192660,중4동,4119210800,중동,4119210800110330000,1,대지,1033,,경기도 부천시 원미구 중동 1033,411923000065,경기도 부천시 원미구 길주로,189,,4119510800110330000003228,,경기도 부천시 원미구 길주로 189,420847,14538,,1,,126.763581278027,37.5051863575653
MA0106202304A1994812,현대그린푸드현대트랜스화성,,G2,소매,G221,기타 상품 소매,G22199,그 외 기타 상품 전문 소매업,G47859,그 외 기타 분류 안된 상품 전문 소매업,41,경기도,41590,화성시,41590262,남양읍,4159026226,남양읍,4159026226104470026,1,대지,447,26,경기도 화성시 남양읍 온석리 447-26,415903210123,경기도 화성시 남양읍 현대기아로,95,,4159010600104470026305456,,경기도 화성시 남양읍 현대기아로 95,445867,18280,,1,,126.845423248147,37.1614164065425
MA0106202302A2254203,씨제이올리브영수원호매실,사거리점,G2,소매,G221,기타 상품 소매,G22199,그 외 기타 상품 전문 소매업,G47859,그 외 기타 분류 안된 상품 전문 소매업,41,경기도,41113,수원시 권선구,41113664,호매실동,4111313500,호매실동,4111313500113970002,1,대지,1397,2,경기도 수원시 권선구 호매실동 1397-2,411134331222,경기도 수원시 권선구 호매실로90번길,76,,4111313500113970002000001,,경기도 수원시 권선구 호매실로90번길 76,441450,16630,,1,,126.964321598927,37.2587622076745
MA0106202302A2253882,씨제이올리브영전북,고창점,G2,소매,G221,기타 상품 소매,G22199,그 외 기타 상품 전문 소매업,G47859,그 외 기타 분류 안된 상품 전문 소매업,52,전북특별자치도,52790,고창군,52790250,고창읍,5279025021,고창읍,5279025021102020000,1,대지,202,,전북특별자치도 고창군 고창읍 읍내리 202,527903279077,전북특별자치도 고창군 고창읍 중앙로,236,,4579025021102020000004528,,전북특별자치도 고창군 고창읍 중앙로 236,585807,56432,,1,,126.701198148213,35.4349208072927
MA0106202303A0116126,한결같이,,G2,소매,G221,기타 상품 소매,G22199,그 외 기타 상품 전문 소매업,G47859,그 외 기타 분류 안된 상품 전문 소매업,11,서울특별시,11560,영등포구,11560540,여의동,1156011000,여의도동,1156011000100150024,1,대지,15,24,서울특별시 영등포구 여의도동 15-24,115603118025,서울특별시 영등포구 은행로,3,,1156011000100150024037280,제비,서울특별시 영등포구 은행로 3,150969,07237,,1,,126.919665579632,37.5275152582335
MA0106202302A2006823,롯데시네마하남미사_티켓외,,G2,소매,G221,기타 상품 소매,G22199,그 외 기타 상품 전문 소매업,G47859,그 외 기타 분류 안된 상품 전문 소매업,41,경기도,41450,하남시,41450560,덕풍3동,4145010800,덕풍동,4145010800108310001,1,대지,831,1,경기도 하남시 덕풍동 831-1,414502000019,경기도 하남시 미사대로,520,,4145010800100070000000001,,경기도 하남시 미사대로 520,465013,12925,,1,,127.204604101691,37.55889127082
MA0106202304A1032053,아라스나사렛대점,,G2,소매,G221,기타 상품 소매,G22199,그 외 기타 상품 전문 소매업,G47859,그 외 기타 분류 안된 상품 전문 소매업,44,충청남도,44133,천안시 서북구,44133540,쌍용2동,4413310700,쌍용동,4413310700115190000,1,대지,1519,,충청남도 천안시 서북구 쌍용동 1519,441334550061,충청남도 천안시 서북구 나사렛대길,36,,4413310700115190000057569,일부,충청남도 천안시 서북구 나사렛대길 36,331955,31172,,1,,127.119882994336,36.7990763000232
MA0106202306A1319515,알파오메가,,G2,소매,G221,기타 상품 소매,G22199,그 외 기타 상품 전문 소매업,G47859,그 외 기타 분류 안된 상품 전문 소매업,41,경기도,41500,이천시,41500510,창전동,4150010100,창전동,4150010100104580003,1,대지,458,3,경기도 이천시 창전동 458-3,415003207041,경기도 이천시 영창로,229,,4150010100104580003011061,,경기도 이천시 영창로 229,467807,17363,,,,127.448122728107,37.2809950312483
MA0106202308A0998530,다온제이,,G2,소매,G221,기타 상품 소매,G22199,그 외 기타 상품 전문 소매업,G47859,그 외 기타 분류 안된 상품 전문 소매업,46,전라남도,46170,나주시,46170620,빛가람동,4617013400,빛가람동,4617013400100030000,1,대지,3,,전라남도 나주시 빛가람동 3,461703295053,전라남도 나주시 한빛로,127,,4617013400100030000000012,빛가람중흥에스클래스리버티,전라남도 나주시 한빛로 127,520350,58321,,1,,126.784677114559,35.0311330175354
MA0106202303A1060781,우래커뮤니케이션,,G2,소매,G221,기타 상품 소매,G22199,그 외 기타 상품 전문 소매업,G47859,그 외 기타 분류 안된 상품 전문 소매업,41,경기도,41192,부천시 원미구,41192670,상동,4119210900,상동,4119210900104170000,1,대지,417,,경기도 부천시 원미구 상동 417,411923184014,경기도 부천시 원미구 장말로,135,,4119510900104170000028326,사랑마을청구아파트,경기도 부천시 원미구 장말로 135,420815,14600,,,,126.757012476422,37.4940546379264
MA0106202303A1060780,우래커뮤니케이션,,G2,소매,G221,기타 상품 소매,G22199,그 외 기타 상품 전문 소매업,G47859,그 외 기타 분류 안된 상품 전문 소매업,41,경기도,41192,부천시 원미구,41192670,상동,4119210900,상동,4119210900103170007,1,대지,317,7,경기도 부천시 원미구 상동 317-7,411923000019,경기도 부천시 원미구 부일로,305,,4119510900103170007041341,,경기도 부천시 원미구 부일로 305,420811,14621,,1,,126.7642215073,37.4886091524655
MA0106202304A1378875,창의와탐구송파,,G2,소매,G221,기타 상품 소매,G22199,그 외 기타 상품 전문 소매업,G47859,그 외 기타 분류 안된 상품 전문 소매업,11,서울특별시,11650,서초구,11650620,방배3동,1165010100,방배동,1165010100104890004,1,대지,489,4,서울특별시 서초구 방배동 489-4,116502000003,서울특별시 서초구 남부순환로,2219,,1165010100104890004000001,,서울특별시 서초구 남부순환로 2219,137822,06702,,5,,126.99493534871,37.4738785533648
MA0106202304A1378866,창의와탐구서점평촌영재,,G2,소매,G221,기타 상품 소매,G22199,그 외 기타 상품 전문 소매업,G47859,그 외 기타 분류 안된 상품 전문 소매업,11,서울특별시,11650,서초구,11650620,방배3동,1165010100,방배동,1165010100104890004,1,대지,489,4,서울특별시 서초구 방배동 489-4,116502000003,서울특별시 서초구 남부순환로,2219,,1165010100104890004000001,,서울특별시 서초구 남부순환로 2219,137822,06702,,5,,126.99493534871,37.4738785533648
MA0106202304A1378869,창의와탐구서점압구정,,G2,소매,G221,기타 상품 소매,G22199,그 외 기타 상품 전문 소매업,G47859,그 외 기타 분류 안된 상품 전문 소매업,11,서울특별시,11650,서초구,11650620,방배3동,1165010100,방배동,1165010100104890004,1,대지,489,4,서울특별시 서초구 방배동 489-4,116502000003,서울특별시 서초구 남부순환로,2219,,1165010100104890004000001,,서울특별시 서초구 남부순환로 2219,137822,06702,,5,,126.99493534871,37.4738785533648
MA0106202304A1378877,창의와탐구서점와이키즈서초,,G2,소매,G221,기타 상품 소매,G22199,그 외 기타 상품 전문 소매업,G47859,그 외 기타 분류 안된 상품 전문 소매업,11,서울특별시,11650,서초구,11650620,방배3동,1165010100,방배동,1165010100104890004,1,대지,489,4,서울특별시 서초구 방배동 489-4,116502000003,서울특별시 서초구 남부순환로,2219,,1165010100104890004000001,,서울특별시 서초구 남부순환로 2219,137822,06702,,5,,126.99493534871,37.4738785533648
MA0106202304A1378871,창의와탐구서점수원영통,,G2,소매,G221,기타 상품 소매,G22199,그 외 기타 상품 전문 소매업,G47859,그 외 기타 분류 안된 상품 전문 소매업,11,서울특별시,11650,서초구,11650620,방배3동,1165010100,방배동,1165010100104890004,1,대지,489,4,서울특별시 서초구 방배동 489-4,116502000003,서울특별시 서초구 남부순환로,2219,,1165010100104890004000001,,서울특별시 서초구 남부순환로 2219,137822,06702,,5,,126.99493534871,37.4738785533648
MA0106202309A0298513,양우디에스,,G2,소매,G221,기타 상품 소매,G22199,그 외 기타 상품 전문 소매업,G47859,그 외 기타 분류 안된 상품 전문 소매업,28,인천광역시,28177,미추홀구,28177570,용현5동,2817710200,용현동,2817710200106190017,1,대지,619,17,인천광역시 미추홀구 용현동 619-17,281773151023,인천광역시 미추홀구 토금남로,30,,2817010200106190007096566,,인천광역시 미추홀구 토금남로 30,402834,22190,,1,,126.635442576677,37.4516110237063
MA0106202303A1010870,백세라이프광명사거리역점,,G2,소매,G221,기타 상품 소매,G22199,그 외 기타 상품 전문 소매업,G47859,그 외 기타 분류 안된 상품 전문 소매업,41,경기도,41210,광명시,41210550,광명4동,4121010100,광명동,4121010100101580211,1,대지,158,211,경기도 광명시 광명동 158-211,412103000022,경기도 광명시 오리로,980,,4121010100101580211016236,광명사,경기도 광명시 오리로 980,423858,14262,,,,126.854833076091,37.4792766341131
MA0106202304A1393299,엔젤아이스크림방축점,,G2,소매,G221,기타 상품 소매,G22199,그 외 기타 상품 전문 소매업,G47859,그 외 기타 분류 안된 상품 전문 소매업,44,충청남도,44200,아산시,44200600,온양4동,4420010300,방축동,4420010300101350047,1,대지,135,47,충청남도 아산시 방축동 135-47,442003253090,충청남도 아산시 문화로,26,16,4420010300101350047029668,제상가,충청남도 아산시 문화로 26-16,336070,31504,,1,,126.991283959407,36.7858179340383
MA0106202304A2109288,아크어때주안역직영,1호점,G2,소매,G221,기타 상품 소매,G22199,그 외 기타 상품 전문 소매업,G47859,그 외 기타 분류 안된 상품 전문 소매업,28,인천광역시,28185,연수구,28185820,송도1동,2818510600,송도동,2818510600100060010,1,대지,6,10,인천광역시 연수구 송도동 6-10,281852152004,인천광역시 연수구 컨벤시아대로,165,,2818510600100060010000002,브이,인천광역시 연수구 컨벤시아대로 165,406081,21998,,26,,126.644440290197,37.3891441250572
MA0106202306A1345366,롯데시네마안성,,G2,소매,G221,기타 상품 소매,G22199,그 외 기타 상품 전문 소매업,G47859,그 외 기타 분류 안된 상품 전문 소매업,41,경기도,41550,안성시,41550250,공도읍,4155025021,공도읍,4155025021103060000,1,대지,306,,경기도 안성시 공도읍 양기리 306,415502012006,경기도 안성시 공도읍 서동대로,4478,,4155025021103060000000367,롯데시네마안성,경기도 안성시 공도읍 서동대로 4478,456824,17558,,1,,127.199522380674,37.0078703460591
MA0106202306A0656090,아로마글로바건대스타시티점,,G2,소매,G221,기타 상품 소매,G22199,그 외 기타 상품 전문 소매업,G47859,그 외 기타 분류 안된 상품 전문 소매업,11,서울특별시,11215,광진구,11215840,자양3동,1121510500,자양동,1121510500102270342,1,대지,227,342,서울특별시 광진구 자양동 227-342,112153104007,서울특별시 광진구 능동로,92,,1121510500102270342000001,스타시티올스타존,서울특별시 광진구 능동로 92,143854,05065,,1,,127.071215658383,37.538999859787
MA0106202307A0505540,케이피티송정지점,,G2,소매,G221,기타 상품 소매,G22199,그 외 기타 상품 전문 소매업,G47859,그 외 기타 분류 안된 상품 전문 소매업,26,부산광역시,26350,해운대구,26350560,송정동,2635010800,송정동,2635010800102120006,1,대지,212,6,부산광역시 해운대구 송정동 212-6,263503133023,부산광역시 해운대구 송정강변로,3,,2635010800102120010003809,,부산광역시 해운대구 송정강변로 3,612040,48070,,1,,129.205931866349,35.1817582592344
MA0106202307A2154548,머거본,,G2,소매,G221,기타 상품 소매,G22199,그 외 기타 상품 전문 소매업,G47859,그 외 기타 분류 안된 상품 전문 소매업,26,부산광역시,26200,영도구,26200590,봉래1동,2620011600,봉래동2가,2620011600100390005,1,대지,39,5,부산광역시 영도구 봉래동2가 39-5,262004184312,부산광역시 영도구 태종로105번길,37,3,2620011600100390005000001,,부산광역시 영도구 태종로105번길 37-3,606062,49035,,1,,129.042951695616,35.0928072733388
MA0106202309A0187156,이루텔럭키아이스민족,삼산지점,G2,소매,G221,기타 상품 소매,G22199,그 외 기타 상품 전문 소매업,G47859,그 외 기타 분류 안된 상품 전문 소매업,28,인천광역시,28237,부평구,28237646,삼산1동,2823710500,삼산동,2823710500102010003,1,대지,201,3,인천광역시 부평구 삼산동 201-3,282373154064,인천광역시 부평구 후정동로,15,,2823710500102010003102265,,인천광역시 부평구 후정동로 15,403863,21318,,1,,126.737769993361,37.5188361166233
MA0106202304A1994744,현대그린푸드현대미포조선용,연지점,G2,소매,G221,기타 상품 소매,G22199,그 외 기타 상품 전문 소매업,G47859,그 외 기타 분류 안된 상품 전문 소매업,31,울산광역시,31140,남구,31140640,선암동,3114011400,황성동,3114011400100270001,1,대지,27,1,울산광역시 남구 황성동 27-1,311403170052,울산광역시 남구 처용로,800,,3114011400100270001018321,,울산광역시 남구 처용로 800,680818,44784,,,,129.367645203355,35.4692471508405
MA0106202304A2109289,아크어때간석오거리역,직영점,G2,소매,G221,기타 상품 소매,G22199,그 외 기타 상품 전문 소매업,G47859,그 외 기타 분류 안된 상품 전문 소매업,28,인천광역시,28200,남동구,28200550,간석3동,2820010200,간석동,2820010200100730009,1,대지,73,9,인천광역시 남동구 간석동 73-9,282003153001,인천광역시 남동구 간석로,1,,2820010200100730009020102,,인천광역시 남동구 간석로 1,405801,21510,,1,,126.708318190937,37.4683648891742
MA0106202305A1032877,아라스,성정점,G2,소매,G221,기타 상품 소매,G22199,그 외 기타 상품 전문 소매업,G47859,그 외 기타 분류 안된 상품 전문 소매업,44,충청남도,44133,천안시 서북구,44133520,성정2동,4413310200,성정동,4413310200114510000,1,대지,1451,,충청남도 천안시 서북구 성정동 1451,441333250030,충청남도 천안시 서북구 성정두정로,12,,4413310200114510000049821,,충청남도 천안시 서북구 성정두정로 12,331978,31110,,,,127.141514539901,36.8265724312825
MA0106202304A2187592,폴콘좌동,해운대,G2,소매,G221,기타 상품 소매,G22199,그 외 기타 상품 전문 소매업,G47859,그 외 기타 분류 안된 상품 전문 소매업,26,부산광역시,26350,해운대구,26350551,좌1동,2635010700,좌동,2635010700114590002,1,대지,1459,2,부산광역시 해운대구 좌동 1459-2,263502006010,부산광역시 해운대구 해운대로,789,,2635010700114590002000001,,부산광역시 해운대구 해운대로 789,612836,48102,,1,,129.174912070418,35.1693341260301
MA0106202304A2269293,씨제이올리브영철원,동송점,G2,소매,G221,기타 상품 소매,G22199,그 외 기타 상품 전문 소매업,G47859,그 외 기타 분류 안된 상품 전문 소매업,51,강원특별자치도,51780,철원군,51780259,동송읍,5178025921,동송읍,5178025921106820001,1,대지,682,1,강원특별자치도 철원군 동송읍 이평리 682-1,517803230005,강원특별자치도 철원군 동송읍 금학로,213,,4278025921106820001023404,,강원특별자치도 철원군 동송읍 금학로 213,269816,24014,,1,,127.218166885089,38.2076020040957
MA0106202304A2269151,씨제이올리브영파주다율점,,G2,소매,G221,기타 상품 소매,G22199,그 외 기타 상품 전문 소매업,G47859,그 외 기타 분류 안된 상품 전문 소매업,41,경기도,41480,파주시,41480590,운정5동,4148010900,다율동,4148010900110440005,1,대지,1044,5,경기도 파주시 다율동 1044-5,414804858524,경기도 파주시 해올2길,20,,4148010900107400000000001,,경기도 파주시 해올2길 20,413080,10865,,,,126.732145120036,37.7343118917967
MA0106202309A0312879,엠에스리테일,용인시청점,G2,소매,G221,기타 상품 소매,G22199,그 외 기타 상품 전문 소매업,G47859,그 외 기타 분류 안된 상품 전문 소매업,41,경기도,41461,용인시 처인구,41461526,삼가동,4146110300,삼가동,4146110300105560000,1,대지,556,,경기도 용인시 처인구 삼가동 556,414612012012,경기도 용인시 처인구 중부대로,1199,,4146110300105560000029076,용인시청,경기도 용인시 처인구 중부대로 1199,449704,17019,,,,127.17800073009,37.2410183886101
MA0106202303A1229387,픽미픽미아이스분당동점,,G2,소매,G221,기타 상품 소매,G22199,그 외 기타 상품 전문 소매업,G47859,그 외 기타 분류 안된 상품 전문 소매업,41,경기도,41135,성남시 분당구,41135510,분당동,4113510100,분당동,4113510100101190004,1,대지,119,4,경기도 성남시 분당구 분당동 119-4,411354340240,경기도 성남시 분당구 서현로494번길,20,,4113510100101190004038141,,경기도 성남시 분당구 서현로494번길 20,463832,13584,,1,,127.14580219968,37.3696851665629
MA0106202304A2269473,씨제이올리브영현대동대문점,시티아울렛,G2,소매,G221,기타 상품 소매,G22199,그 외 기타 상품 전문 소매업,G47859,그 외 기타 분류 안된 상품 전문 소매업,11,서울특별시,11140,중구,11140590,광희동,1114014800,을지로6가,1114014800100170002,1,대지,17,2,서울특별시 중구 을지로6가 17-2,111404103267,서울특별시 중구 장충단로13길,20,,1114014800100170002013851,,서울특별시 중구 장충단로13길 20,100726,04563,,B1,,127.007674516712,37.5687359942888
MA0106202304A2269735,씨제이올리브영화곡역,사거리점,G2,소매,G221,기타 상품 소매,G22199,그 외 기타 상품 전문 소매업,G47859,그 외 기타 분류 안된 상품 전문 소매업,11,서울특별시,11500,강서구,11500540,화곡1동,1150010300,화곡동,1150010300110750003,1,대지,1075,3,서울특별시 강서구 화곡동 1075-3,115003115001,서울특별시 강서구 강서로,163,,1150010300110750003012838,,서울특별시 강서구 강서로 163,157925,07715,,1,,126.840342754211,37.5412379833367
MA0106202304A2269743,씨제이올리브영대구강창역점,,G2,소매,G221,기타 상품 소매,G22199,그 외 기타 상품 전문 소매업,G47859,그 외 기타 분류 안된 상품 전문 소매업,27,대구광역시,27290,달서구,27290585,신당동,2729012500,호산동,2729012500101050001,1,대지,105,1,대구광역시 달서구 호산동 105-1,272902007002,대구광역시 달서구 달구벌대로,1019,,2729012500101050001000002,,대구광역시 달서구 달구벌대로 1019,704919,42602,,,,128.478887949563,35.8534249669605
MA0106202304A2269331,씨제이올리브영평택고덕,로데오점,G2,소매,G221,기타 상품 소매,G22199,그 외 기타 상품 전문 소매업,G47859,그 외 기타 분류 안된 상품 전문 소매업,41,경기도,41220,평택시,41220660,고덕동,4122012800,고덕동,4122012800118870001,1,대지,1887,1,경기도 평택시 고덕동 1887-1,412204856426,경기도 평택시 고덕갈평6길,29,,4122012800118870001000001,,경기도 평택시 고덕갈평6길 29,,18008,,1,,127.047445142558,37.0573084856596
MA0106202304A2269577,씨제이올리브영삼성,중앙역점,G2,소매,G221,기타 상품 소매,G22199,그 외 기타 상품 전문 소매업,G47859,그 외 기타 분류 안된 상품 전문 소매업,11,서울특별시,11680,강남구,11680590,삼성2동,1168010500,삼성동,1168010500100490009,1,대지,49,9,서울특별시 강남구 삼성동 49-9,116803122004,서울특별시 강남구 봉은사로,465,,1168010500100490009015992,,서울특별시 강남구 봉은사로 465,135868,06096,,1,,127.050389809618,37.5124760708785
MA0106202304A2269838,씨제이올리브영부산대역점,,G2,소매,G221,기타 상품 소매,G22199,그 외 기타 상품 전문 소매업,G47859,그 외 기타 분류 안된 상품 전문 소매업,26,부산광역시,26410,금정구,26410610,장전2동,2641010800,장전동,2641010800104140023,1,대지,414,23,부산광역시 금정구 장전동 414-23,264103135026,부산광역시 금정구 부산대학로,29,,2641010800104140023000001,,부산광역시 금정구 부산대학로 29,609392,46291,,,,129.088130065231,35.2307883692431
MA0106202304A2269080,씨제이올리브영대구수성,스퀘어점,G2,소매,G221,기타 상품 소매,G22199,그 외 기타 상품 전문 소매업,G47859,그 외 기타 분류 안된 상품 전문 소매업,27,대구광역시,27260,수성구,27260640,두산동,2726011100,두산동,2726011100108880002,1,대지,888,2,대구광역시 수성구 두산동 888-2,272603146020,대구광역시 수성구 용학로,106,7,2726011100108880002002862,,대구광역시 수성구 용학로 106-7,706802,42217,,,,128.6184060205,35.8240964350009
MA0106202304A2269483,씨제이올리브영부천역,사거리점,G2,소매,G221,기타 상품 소매,G22199,그 외 기타 상품 전문 소매업,G47859,그 외 기타 분류 안된 상품 전문 소매업,41,경기도,41192,부천시 원미구,41192520,심곡2동,4119210200,심곡동,4119210200101770013,1,대지,177,13,경기도 부천시 원미구 심곡동 177-13,411923184003,경기도 부천시 원미구 부천로,19,,4119510200101770013038148,,경기도 부천시 원미구 부천로 19,420823,14634,,1,,126.782874392189,37.48609505712
MA0106202305A1318671,알파오메가,,G2,소매,G221,기타 상품 소매,G22199,그 외 기타 상품 전문 소매업,G47859,그 외 기타 분류 안된 상품 전문 소매업,41,경기도,41500,이천시,41500515,증포동,4150010900,증포동,4150010900103590006,1,대지,359,6,경기도 이천시 증포동 359-6,415003207053,경기도 이천시 증신로,189,,4150010900103590006000001,외,경기도 이천시 증신로 189,467803,17353,,,,127.448713514911,37.2912375199574
MA0106202307A1245077,픽미픽미아이스분당매화로점,,G2,소매,G221,기타 상품 소매,G22199,그 외 기타 상품 전문 소매업,G47859,그 외 기타 분류 안된 상품 전문 소매업,41,경기도,41135,성남시 분당구,41135640,야탑3동,4113510700,야탑동,4113510700102950010,1,대지,295,10,경기도 성남시 분당구 야탑동 295-10,411354340083,경기도 성남시 분당구 매화로48번길,13,,4113510700102950010019253,,경기도 성남시 분당구 매화로48번길 13,463856,13504,,1,,127.135345228995,37.4119735538235
MA0106202304A1994817,현대그린푸드에이스테크매점,,G2,소매,G221,기타 상품 소매,G22199,그 외 기타 상품 전문 소매업,G47859,그 외 기타 분류 안된 상품 전문 소매업,31,울산광역시,31200,북구,31200590,염포동,3120012700,염포동,3120012700102650000,1,대지,265,,울산광역시 북구 염포동 265,312003169028,울산광역시 북구 염포로,706,,3120012700102650003001902,현대하,울산광역시 북구 염포로 706,683711,44259,,,,129.394563024083,35.5278247511021
MA0106202306A2277855,씨제이올리브영광주충장로,3가점,G2,소매,G221,기타 상품 소매,G22199,그 외 기타 상품 전문 소매업,G47859,그 외 기타 분류 안된 상품 전문 소매업,29,광주광역시,29110,동구,29110525,충장동,2911012900,충장로3가,2911012900100410000,1,대지,41,,광주광역시 동구 충장로3가 41,291103009008,광주광역시 동구 충장로,80,16,2911012900100410000006943,,광주광역시 동구 충장로 80-16,501013,61483,,1,,126.91542236619,35.1481121023512
MA0106202306A2278329,씨제이올리브영남악점,롯데아울렛,G2,소매,G221,기타 상품 소매,G22199,그 외 기타 상품 전문 소매업,G47859,그 외 기타 분류 안된 상품 전문 소매업,46,전라남도,46840,무안군,46840256,삼향읍,4684025622,삼향읍,4684025622126220000,1,대지,2622,,전라남도 무안군 삼향읍 남악리 2622,468404643026,전라남도 무안군 삼향읍 남악로162번길,80,,4684025622126220000000001,,전라남도 무안군 삼향읍 남악로162번길 80,534821,58579,,1,,126.464703774117,34.8034908495171
MA0106202306A2277446,씨제이올리브영,가평점,G2,소매,G221,기타 상품 소매,G22199,그 외 기타 상품 전문 소매업,G47859,그 외 기타 분류 안된 상품 전문 소매업,41,경기도,41820,가평군,41820250,가평읍,4182025021,가평읍,4182025021104680013,1,대지,468,13,경기도 가평군 가평읍 읍내리 468-13,418203000142,경기도 가평군 가평읍 가화로,117,,4182025021104680013005420,,경기도 가평군 가평읍 가화로 117,477805,12418,,1,,127.51340914041,37.8300624069772
MA0106202306A2278293,씨제이올리브영수원영통역점,,G2,소매,G221,기타 상품 소매,G22199,그 외 기타 상품 전문 소매업,G47859,그 외 기타 분류 안된 상품 전문 소매업,41,경기도,41117,수원시 영통구,41117585,영통3동,4111710500,영통동,4111710500109950002,1,대지,995,2,경기도 수원시 영통구 영통동 995-2,411173177007,경기도 수원시 영통구 봉영로,1606,,4111710500109950002001276,,경기도 수원시 영통구 봉영로 1606,443470,16704,,,,127.074485817802,37.2538695104157
MA0106202306A2278066,씨제이올리브영검단아라점,,G2,소매,G221,기타 상품 소매,G22199,그 외 기타 상품 전문 소매업,G47859,그 외 기타 분류 안된 상품 전문 소매업,28,인천광역시,28260,서구,28260740,아라동,2826011400,당하동,2826011400112860011,1,대지,1286,11,인천광역시 서구 당하동 1286-11,282602348252,인천광역시 서구 이음대로,479,,2826011400100000000000126,,인천광역시 서구 이음대로 479,404310,22882,,1,,126.712879694223,37.5848842549584
MA0106202306A2278265,씨제이올리브영강남,중앙점,G2,소매,G221,기타 상품 소매,G22199,그 외 기타 상품 전문 소매업,G47859,그 외 기타 분류 안된 상품 전문 소매업,11,서울특별시,11680,강남구,11680640,역삼1동,1168010100,역삼동,1168010100108260000,1,대지,826,,서울특별시 강남구 역삼동 826,116802102001,서울특별시 강남구 강남대로,374,,1168010100108260000000001,,서울특별시 강남구 강남대로 374,135935,06241,,1,,127.028904274286,37.4962832050075
MA0106202303A0185586,동아오츠카,동부지점,G2,소매,G221,기타 상품 소매,G22199,그 외 기타 상품 전문 소매업,G47859,그 외 기타 분류 안된 상품 전문 소매업,11,서울특별시,11200,성동구,11200690,성수2가3동,1120011500,성수동2가,1120011500102840112,1,대지,284,112,서울특별시 성동구 성수동2가 284-112,112004109395,서울특별시 성동구 아차산로5길,23,,1120011500102840112003836,,서울특별시 성동구 아차산로5길 23,133833,04793,,,,127.052824181107,37.548163672318
MA0106202304A1994686,현대그린푸드현대울산매점,백화점,G2,소매,G221,기타 상품 소매,G22199,그 외 기타 상품 전문 소매업,G47859,그 외 기타 분류 안된 상품 전문 소매업,31,울산광역시,31140,남구,31140570,삼산동,3114010600,삼산동,3114010600115210001,1,대지,1521,1,울산광역시 남구 삼산동 1521-1,311403170026,울산광역시 남구 삼산로,261,,3114010600115210001006484,,울산광역시 남구 삼산로 261,680745,44705,,14,,129.335811782085,35.5395649313647
MA0106202304A1994811,현대그린푸드현대중공업울산,,G2,소매,G221,기타 상품 소매,G22199,그 외 기타 상품 전문 소매업,G47859,그 외 기타 분류 안된 상품 전문 소매업,31,울산광역시,31170,동구,31170550,전하1동,3117010400,전하동,3117010400100010000,1,대지,1,,울산광역시 동구 전하동 1,311702011001,울산광역시 동구 방어진순환도로,1000,,3117010300100010000005259,,울산광역시 동구 방어진순환도로 1000,682792,44032,,,,129.434513020964,35.503543437674
MA0106202304A1994776,카페베즐리기숙사매점,,G2,소매,G221,기타 상품 소매,G22199,그 외 기타 상품 전문 소매업,G47859,그 외 기타 분류 안된 상품 전문 소매업,31,울산광역시,31170,동구,31170550,전하1동,3117010400,전하동,3117010400100010000,1,대지,1,,울산광역시 동구 전하동 1,311702011001,울산광역시 동구 방어진순환도로,1000,,3117010300100010000005259,,울산광역시 동구 방어진순환도로 1000,682792,44032,,,,129.434513020964,35.503543437674
MA0106202304A1994700,현대그린푸드대구고등검찰청매점,,G2,소매,G221,기타 상품 소매,G22199,그 외 기타 상품 전문 소매업,G47859,그 외 기타 분류 안된 상품 전문 소매업,27,대구광역시,27260,수성구,27260520,범어2동,2726010100,범어동,2726010100104580002,1,대지,458,2,대구광역시 수성구 범어동 458-2,272603007004,대구광역시 수성구 동대구로,366,,2726010100104580002005375,지방검찰청,대구광역시 수성구 동대구로 366,706714,42027,,2,,128.629452057179,35.8632008961204
MA0106202305A1998008,현대그린푸드유니투스김천공장점매점,,G2,소매,G221,기타 상품 소매,G22199,그 외 기타 상품 전문 소매업,G47859,그 외 기타 분류 안된 상품 전문 소매업,47,경상북도,47150,김천시,47150575,대신동,4715011800,응명동,4715011800110200000,1,대지,1020,,경상북도 김천시 응명동 1020,471503305008,경상북도 김천시 공단로,258,45,4715011800110200000000001,,경상북도 김천시 공단로 258-45,740180,39537,,1,,128.124225721388,36.1492404699595
MA0106202306A0009874,엔젤컴퍼니,홍천점,G2,소매,G221,기타 상품 소매,G22199,그 외 기타 상품 전문 소매업,G47859,그 외 기타 분류 안된 상품 전문 소매업,51,강원특별자치도,51720,홍천군,51720380,북방면,5172038032,북방면,5172038032105880013,1,대지,588,13,강원특별자치도 홍천군 북방면 노일리 588-13,517203225010,강원특별자치도 홍천군 북방면 노일로,144,3,4272038032105880013000001,,강원특별자치도 홍천군 북방면 노일로 144-3,250882,25111,,1,,127.740570552167,37.6745566573512
MA0106202306A2278204,씨제이올리브영세종,반곡점,G2,소매,G221,기타 상품 소매,G22199,그 외 기타 상품 전문 소매업,G47859,그 외 기타 분류 안된 상품 전문 소매업,36,세종특별자치시,36110,세종특별자치시,36110556,반곡동,3611010100,반곡동,3611010100100410017,1,대지,41,17,세종특별자치시 세종특별자치시 반곡동 41-17,361102000002,세종특별자치시 세종특별자치시 한누리대로,1844,,3611010100100000000000038,,세종특별자치시 세종특별자치시 한누리대로 1844,339007,30146,,,,127.309932607933,36.4978809762338
MA0106202307A2157034,아이스크림할인점9호점,,G2,소매,G221,기타 상품 소매,G22199,그 외 기타 상품 전문 소매업,G47859,그 외 기타 분류 안된 상품 전문 소매업,11,서울특별시,11530,구로구,11530520,구로1동,1153010200,구로동,1153010200106850448,1,대지,685,448,서울특별시 구로구 구로동 685-448,115304148291,서울특별시 구로구 구일로4길,30,,1153010200106850448025134,신영상가,서울특별시 구로구 구일로4길 30,152868,08325,,,,126.876451683312,37.4918792858504
MA0106202308A2282121,씨제이올리브영고양점,롯데아울렛,G2,소매,G221,기타 상품 소매,G22199,그 외 기타 상품 전문 소매업,G47859,그 외 기타 분류 안된 상품 전문 소매업,41,경기도,41281,고양시 덕양구,41281530,흥도동,4128110500,도내동,4128110500110030000,1,대지,1003,,경기도 고양시 덕양구 도내동 1003,412813192101,경기도 고양시 덕양구 권율대로,420,,4128110400101370001000001,롯데아울렛고양점,경기도 고양시 덕양구 권율대로 420,412060,10551,,1,,126.863116931581,37.6295908627069
MA0106202308A2281996,씨제이올리브영송도삼성바이오로직스점,,G2,소매,G221,기타 상품 소매,G22199,그 외 기타 상품 전문 소매업,G47859,그 외 기타 분류 안된 상품 전문 소매업,28,인천광역시,28185,연수구,28185840,송도3동,2818510600,송도동,2818510600102010002,1,대지,201,2,인천광역시 연수구 송도동 201-2,281852348176,인천광역시 연수구 송도바이오대로,300,,2818510600101980002000001,,인천광역시 연수구 송도바이오대로 300,406083,21987,,1,,126.660252732362,37.3683860501077
MA0106202308A2281681,씨제이올리브영경남함양점,,G2,소매,G221,기타 상품 소매,G22199,그 외 기타 상품 전문 소매업,G47859,그 외 기타 분류 안된 상품 전문 소매업,48,경상남도,48870,함양군,48870250,함양읍,4887025024,함양읍,4887025024109790026,1,대지,979,26,경상남도 함양군 함양읍 교산리 979-26,488703346025,경상남도 함양군 함양읍 함양로,1149,,4887025024109790010009903,교산리,경상남도 함양군 함양읍 함양로 1149,676801,50034,,1,,127.727646901564,35.521433305567
MA0106202308A2281993,씨제이올리브영구로디지털대로점,,G2,소매,G221,기타 상품 소매,G22199,그 외 기타 상품 전문 소매업,G47859,그 외 기타 분류 안된 상품 전문 소매업,11,서울특별시,11530,구로구,11530540,구로3동,1153010200,구로동,1153010200111250006,1,대지,1125,6,서울특별시 구로구 구로동 1125-6,115302005010,서울특별시 구로구 시흥대로,561,,1153010200111250006022712,,서울특별시 구로구 시흥대로 561,152880,08391,,1,,126.901238269461,37.4832619430494
MA0106202308A2281517,씨제이올리브영전남,고흥점,G2,소매,G221,기타 상품 소매,G22199,그 외 기타 상품 전문 소매업,G47859,그 외 기타 분류 안된 상품 전문 소매업,46,전라남도,46770,고흥군,46770250,고흥읍,4677025026,고흥읍,4677025026106310003,1,대지,631,3,전라남도 고흥군 고흥읍 남계리 631-3,467703289003,전라남도 고흥군 고흥읍 고흥로,1739,2,4677025026106310003031501,전체,전라남도 고흥군 고흥읍 고흥로 1739-2,548802,59543,,,,127.284686405311,34.6075814971242
MA0106202308A2281867,씨제이올리브영구미,문성점,G2,소매,G221,기타 상품 소매,G22199,그 외 기타 상품 전문 소매업,G47859,그 외 기타 분류 안된 상품 전문 소매업,47,경상북도,47190,구미시,47190253,고아읍,4719025331,고아읍,4719025331100770002,1,대지,77,2,경상북도 구미시 고아읍 원호리 77-2,471903308013,경상북도 구미시 고아읍 들성로,170,,4719025331100770002000001,일부,경상북도 구미시 고아읍 들성로 170,730814,39148,,1,,128.339851125551,36.1585564286439
MA0106202308A2282117,씨제이올리브영천안,백석점,G2,소매,G221,기타 상품 소매,G22199,그 외 기타 상품 전문 소매업,G47859,그 외 기타 분류 안된 상품 전문 소매업,44,충청남도,44133,천안시 서북구,44133560,백석동,4413310300,백석동,4413310300111510000,1,대지,1151,,충청남도 천안시 서북구 백석동 1151,441333250048,충청남도 천안시 서북구 한들3로,35,4,4413310300111510000000001,,충청남도 천안시 서북구 한들3로 35-4,331220,31097,,1,,127.123401370912,36.8269981076202
MA0106202308A2282249,씨제이올리브영울산,송정점,G2,소매,G221,기타 상품 소매,G22199,그 외 기타 상품 전문 소매업,G47859,그 외 기타 분류 안된 상품 전문 소매업,31,울산광역시,31200,북구,31200570,송정동,3120012600,송정동,3120012600112340003,1,대지,1234,3,울산광역시 북구 송정동 1234-3,312003172030,울산광역시 북구 화산로,101,,3120012600112340003000001,,울산광역시 북구 화산로 101,683410,44236,,1,,129.365475911419,35.6009965367903
MA0106202308A2281672,씨제이올리브영,명동점,G2,소매,G221,기타 상품 소매,G22199,그 외 기타 상품 전문 소매업,G47859,그 외 기타 분류 안된 상품 전문 소매업,11,서울특별시,11140,중구,11140550,명동,1114012700,명동2가,1114012700100510003,1,대지,51,3,서울특별시 중구 명동2가 51-3,111404103161,서울특별시 중구 명동8길,14,,1114012700100510003020632,,서울특별시 중구 명동8길 14,100810,04536,,1,,126.984516311409,37.5630499433633
MA0106202308A2281660,씨제이올리브영부산일광점,,G2,소매,G221,기타 상품 소매,G22199,그 외 기타 상품 전문 소매업,G47859,그 외 기타 분류 안된 상품 전문 소매업,26,부산광역시,26710,기장군,26710259,일광읍,2671025921,일광읍,2671025921108760005,1,대지,876,5,부산광역시 기장군 일광읍 삼성리 876-5,267103352381,부산광역시 기장군 일광읍 해송1로,4,,2671025921108760005000001,일부,부산광역시 기장군 일광읍 해송1로 4,619912,46044,,1,,129.229054826468,35.2659318608147
MA0106202304A1994835,현대그린푸드현대자동차고양하이테크센터,,G2,소매,G221,기타 상품 소매,G22199,그 외 기타 상품 전문 소매업,G47859,그 외 기타 분류 안된 상품 전문 소매업,41,경기도,41287,고양시 일산서구,41287580,송포동,4128710400,대화동,4128710400126010000,1,대지,2601,,경기도 고양시 일산서구 대화동 2601,412873194032,경기도 고양시 일산서구 킨텍스로,217,6,4128710400126010000000001,현대모터스튜디오고양,경기도 고양시 일산서구 킨텍스로 217-6,411410,10390,,8,,126.747691098472,37.6662055843189
MA0106202306A2115898,아크어때부평,직영점,G2,소매,G221,기타 상품 소매,G22199,그 외 기타 상품 전문 소매업,G47859,그 외 기타 분류 안된 상품 전문 소매업,28,인천광역시,28237,부평구,28237540,부평4동,2823710100,부평동,2823710100104330002,1,대지,433,2,인천광역시 부평구 부평동 433-2,282374262704,인천광역시 부평구 주부토로81번길,1,,2823710100104330002107011,,인천광역시 부평구 주부토로81번길 1,403826,21358,,1,,126.725286240506,37.5021932670801
MA0106202306A2115897,아크어때용현,직영점,G2,소매,G221,기타 상품 소매,G22199,그 외 기타 상품 전문 소매업,G47859,그 외 기타 분류 안된 상품 전문 소매업,28,인천광역시,28177,미추홀구,28177550,용현2동,2817710200,용현동,2817710200105710052,1,대지,571,52,인천광역시 미추홀구 용현동 571-52,281774253460,인천광역시 미추홀구 아암대로29번길,49,,2817010200105710052068871,일부호,인천광역시 미추홀구 아암대로29번길 49,402833,22175,,1,,126.63941564998,37.4573806560813
MA0106202306A2115896,아크어때마전,직영점,G2,소매,G221,기타 상품 소매,G22199,그 외 기타 상품 전문 소매업,G47859,그 외 기타 분류 안된 상품 전문 소매업,28,인천광역시,28260,서구,28260680,검단동,2826011300,마전동,2826011300109230002,1,대지,923,2,인천광역시 서구 마전동 923-2,282604268128,인천광역시 서구 검단로487번안길,11,11,2826011300106860077029798,,인천광역시 서구 검단로487번안길 11-11,404260,22611,,1,,126.661017617659,37.6067217951191
MA0106202306A2115894,아크어때검단왕길,직영점,G2,소매,G221,기타 상품 소매,G22199,그 외 기타 상품 전문 소매업,G47859,그 외 기타 분류 안된 상품 전문 소매업,28,인천광역시,28260,서구,28260720,오류왕길동,2826012000,왕길동,2826012000106670001,1,대지,667,1,인천광역시 서구 왕길동 667-1,282604268535,인천광역시 서구 완정로165번안길,1,,2826012000102310000030374,검단E편한프라자,인천광역시 서구 완정로165번안길 1,404290,22636,,,,126.658246583092,37.6009835315921
MA0106202308A2281893,씨제이올리브영안산중앙,로데오점,G2,소매,G221,기타 상품 소매,G22199,그 외 기타 상품 전문 소매업,G47859,그 외 기타 분류 안된 상품 전문 소매업,41,경기도,41273,안산시 단원구,41273532,중앙동,4127310100,고잔동,4127310100105390020,1,대지,539,20,경기도 안산시 단원구 고잔동 539-20,412734373015,경기도 안산시 단원구 고잔1길,33,,4127310100105390020028690,,경기도 안산시 단원구 고잔1길 33,425868,15361,,1,,126.83721632559,37.3184575369088
MA0106202308A2282139,씨제이올리브영전남나주점,,G2,소매,G221,기타 상품 소매,G22199,그 외 기타 상품 전문 소매업,G47859,그 외 기타 분류 안된 상품 전문 소매업,46,전라남도,46170,나주시,46170550,성북동,4617011500,중앙동,4617011500100290000,1,대지,29,,전라남도 나주시 중앙동 29,461703284066,전라남도 나주시 중앙로,41,,4617011400102150006008063,,전라남도 나주시 중앙로 41,520050,58256,,1,,126.718656591861,35.0331431826323
MA0106202308A2281569,씨제이올리브영울산삼산대로점,,G2,소매,G221,기타 상품 소매,G22199,그 외 기타 상품 전문 소매업,G47859,그 외 기타 분류 안된 상품 전문 소매업,31,울산광역시,31140,남구,31140570,삼산동,3114010500,달동,3114010500113670009,1,대지,1367,9,울산광역시 남구 달동 1367-9,311403170026,울산광역시 남구 삼산로,257,,3114010500113670009006844,,울산광역시 남구 삼산로 257,680805,44707,,1,,129.335083598246,35.5391645540447
MA0106202304A1994759,현대그린푸드에이치엘클레무브,,G2,소매,G221,기타 상품 소매,G22199,그 외 기타 상품 전문 소매업,G47859,그 외 기타 분류 안된 상품 전문 소매업,28,인천광역시,28185,연수구,28185820,송도1동,2818510600,송도동,2818510600100100042,1,대지,10,42,인천광역시 연수구 송도동 10-42,281853152032,인천광역시 연수구 하모니로,224,,2818510600100100074000001,,인천광역시 연수구 하모니로 224,406081,22011,,1,,126.639349440057,37.3793076004867
MA0106202305A1997962,현대그린푸드경인센터,,G2,소매,G221,기타 상품 소매,G22199,그 외 기타 상품 전문 소매업,G47859,그 외 기타 분류 안된 상품 전문 소매업,41,경기도,41610,광주시,41610330,도척면,4161033028,도척면,4161033028110040001,1,대지,1004,1,경기도 광주시 도척면 진우리 1004-1,416103211011,경기도 광주시 도척면 도척로,401,61,4161033028110040001000001,현대그린푸드경인물류센터,경기도 광주시 도척면 도척로 401-61,464883,12814,,,,127.339802191067,37.3154506117997
MA0106202305A2274324,씨제이올리브영어린이대공원역점,,G2,소매,G221,기타 상품 소매,G22199,그 외 기타 상품 전문 소매업,G47859,그 외 기타 분류 안된 상품 전문 소매업,11,서울특별시,11215,광진구,11215710,화양동,1121510700,화양동,1121510700102020000,1,대지,202,,서울특별시 광진구 화양동 202,112153005024,서울특별시 광진구 광나루로,386,3,1121510700102020000017892,,서울특별시 광진구 광나루로 386-3,143915,05009,,2,,127.072773918402,37.5473601835909
MA0106202306A0713370,엠에스이피,,G2,소매,G221,기타 상품 소매,G22199,그 외 기타 상품 전문 소매업,G47859,그 외 기타 분류 안된 상품 전문 소매업,41,경기도,41610,광주시,41610590,오포2동,4161012000,양벌동,4161012000102770005,1,대지,277,5,경기도 광주시 양벌동 277-5,416103211017,경기도 광주시 양벌로,174,,4161025027102770005035195,,경기도 광주시 양벌로 174,464896,12796,,,,127.255155566357,37.381068944559
MA0106202307A2117332,아크어때심곡,직영점,G2,소매,G221,기타 상품 소매,G22199,그 외 기타 상품 전문 소매업,G47859,그 외 기타 분류 안된 상품 전문 소매업,28,인천광역시,28260,서구,28260530,연희동,2826010700,심곡동,2826010700102850003,1,대지,285,3,인천광역시 서구 심곡동 285-3,282604268695,인천광역시 서구 탁옥로97번길,5,,2826010700102850003012280,,인천광역시 서구 탁옥로97번길 5,404834,22714,,1,,126.680344806674,37.5442559652835
MA0106202303A2242408,씨제이올리브영광주첨단쌍암점,,G2,소매,G221,기타 상품 소매,G22199,그 외 기타 상품 전문 소매업,G47859,그 외 기타 분류 안된 상품 전문 소매업,29,광주광역시,29200,광산구,29200626,첨단2동,2920011600,쌍암동,2920011600106940041,1,대지,694,41,광주광역시 광산구 쌍암동 694-41,292004289555,광주광역시 광산구 임방울대로826번길,29,24,2920011600106940041000001,일부,광주광역시 광산구 임방울대로826번길 29-24,506303,62279,,1,,126.850067556908,35.2159930237194
MA0106202303A2241814,씨제이올리브영울산,성남점,G2,소매,G221,기타 상품 소매,G22199,그 외 기타 상품 전문 소매업,G47859,그 외 기타 분류 안된 상품 전문 소매업,31,울산광역시,31110,중구,31110585,중앙동,3111010600,성남동,3111010600102490018,1,대지,249,18,울산광역시 중구 성남동 249-18,311104307401,울산광역시 중구 젊음의거리,76,,3111010600102490018006823,,울산광역시 중구 젊음의거리 76,681812,44532,,1,,129.321322225922,35.5539644706189
MA0106202303A2241379,씨제이올리브영대전,부사점,G2,소매,G221,기타 상품 소매,G22199,그 외 기타 상품 전문 소매업,G47859,그 외 기타 분류 안된 상품 전문 소매업,30,대전광역시,30140,중구,30140640,부사동,3014011100,부사동,3014011100101290008,1,대지,129,8,대전광역시 중구 부사동 129-8,301403010004,대전광역시 중구 대종로,311,,3014011100101290008021354,,대전광역시 중구 대종로 311,301815,35023,,1,,127.434293229412,36.3135473362419
MA0106202303A2242387,씨제이올리브영,양원역점,G2,소매,G221,기타 상품 소매,G22199,그 외 기타 상품 전문 소매업,G47859,그 외 기타 분류 안된 상품 전문 소매업,11,서울특별시,11260,중랑구,11260655,망우본동,1126010500,망우동,1126010500106180002,1,대지,618,2,서울특별시 중랑구 망우동 618-2,112604118449,서울특별시 중랑구 양원역로10길,17,,1126010500100000000000053,,서울특별시 중랑구 양원역로10길 17,131231,02057,,,,127.106897727181,37.6068088316631
MA0106202303A2241637,씨제이올리브영이천,터미널점,G2,소매,G221,기타 상품 소매,G22199,그 외 기타 상품 전문 소매업,G47859,그 외 기타 분류 안된 상품 전문 소매업,41,경기도,41500,이천시,41500520,중리동,4150010300,중리동,4150010300102180005,1,대지,218,5,경기도 이천시 중리동 218-5,415003207052,경기도 이천시 중리천로,84,,4150010300102180005007657,일부,경기도 이천시 중리천로 84,467800,17374,,1,,127.446347320655,37.2782265591375
MA0106202304A0954952,커피몰,,G2,소매,G221,기타 상품 소매,G22199,그 외 기타 상품 전문 소매업,G47859,그 외 기타 분류 안된 상품 전문 소매업,41,경기도,41220,평택시,41220590,신평동,4122011700,합정동,4122011700107410000,1,대지,741,,경기도 평택시 합정동 741,412204364798,경기도 평택시 통미로9번길,11,5,4122011700107410000017733,,경기도 평택시 통미로9번길 11-5,450831,17908,,1,,127.094327649168,36.9932949081992
MA0106202302A1028357,아라스불당,본점,G2,소매,G221,기타 상품 소매,G22199,그 외 기타 상품 전문 소매업,G47859,그 외 기타 분류 안된 상품 전문 소매업,44,충청남도,44133,천안시 서북구,44133566,불당1동,4413310800,불당동,4413310800107310000,1,대지,731,,충청남도 천안시 서북구 불당동 731,441334550035,충청남도 천안시 서북구 검은들3길,58,,4413310800107310000055158,,충청남도 천안시 서북구 검은들3길 58,331982,31163,,,,127.109813943582,36.8099354070294
MA0106202305A2274055,씨제이올리브영원주단계점,,G2,소매,G221,기타 상품 소매,G22199,그 외 기타 상품 전문 소매업,G47859,그 외 기타 분류 안된 상품 전문 소매업,51,강원특별자치도,51130,원주시,51130575,학성동,5113010900,학성동,5113010900109780023,1,대지,978,23,강원특별자치도 원주시 학성동 978-23,511303219041,강원특별자치도 원주시 원문로,74,,4213010900109780023000001,,강원특별자치도 원주시 원문로 74,220963,26413,,1,,127.937743457812,37.3572187612838
MA0106202305A2273945,씨제이올리브영인덕원역점,,G2,소매,G221,기타 상품 소매,G22199,그 외 기타 상품 전문 소매업,G47859,그 외 기타 분류 안된 상품 전문 소매업,41,경기도,41173,안양시 동안구,41173559,인덕원동,4117310200,관양동,4117310200115050025,1,대지,1505,25,경기도 안양시 동안구 관양동 1505-25,411732000018,경기도 안양시 동안구 흥안대로,524,,4117310200115050025003395,,경기도 안양시 동안구 흥안대로 524,431810,13943,,,,126.977332880728,37.4007500544138
MA0106202305A2274909,씨제이올리브영평택,로데오점,G2,소매,G221,기타 상품 소매,G22199,그 외 기타 상품 전문 소매업,G47859,그 외 기타 분류 안된 상품 전문 소매업,41,경기도,41220,평택시,41220590,신평동,4122011300,평택동,4122011300102930003,1,대지,293,3,경기도 평택시 평택동 293-3,412204364863,경기도 평택시 평택로32번길,28,,4122011300102930003014977,,경기도 평택시 평택로32번길 28,450828,17912,,1,,127.089494655032,36.9910819853652
MA0106202305A2274061,씨제이올리브영무,교동점,G2,소매,G221,기타 상품 소매,G22199,그 외 기타 상품 전문 소매업,G47859,그 외 기타 분류 안된 상품 전문 소매업,11,서울특별시,11140,중구,11140550,명동,1114010100,무교동,1114010100100120001,1,대지,12,1,서울특별시 중구 무교동 12-1,111403005002,서울특별시 중구 무교로,24,,1114010100100120001020517,,서울특별시 중구 무교로 24,100170,04521,,1,,126.979478198924,37.5681037631518
MA0106202305A2274464,씨제이올리브영제주협재점,,G2,소매,G221,기타 상품 소매,G22199,그 외 기타 상품 전문 소매업,G47859,그 외 기타 분류 안된 상품 전문 소매업,50,제주특별자치도,50110,제주시,50110250,한림읍,5011025031,한림읍,5011025031117510006,1,대지,1751,6,제주특별자치도 제주시 한림읍 협재리 1751-6,501103349208,제주특별자치도 제주시 한림읍 한림로,336,,5011025031117510006000002,,제주특별자치도 제주시 한림읍 한림로 336,695934,63011,,1,,126.240648974658,33.3934190090736
MA0106202305A2274241,씨제이올리브영신금호역점,,G2,소매,G221,기타 상품 소매,G22199,그 외 기타 상품 전문 소매업,G47859,그 외 기타 분류 안된 상품 전문 소매업,11,서울특별시,11200,성동구,11200615,금호2.3가동,1120011000,금호동2가,1120011000104470000,1,대지,447,,서울특별시 성동구 금호동2가 447,112004109241,서울특별시 성동구 무수막길,95,,1120011000104470000014582,,서울특별시 성동구 무수막길 95,133803,04726,,1,,127.019816332313,37.5542285336243
MA0106202308A1261126,한국상사,,G2,소매,G221,기타 상품 소매,G22199,그 외 기타 상품 전문 소매업,G47859,그 외 기타 분류 안된 상품 전문 소매업,46,전라남도,46230,광양시,46230250,광양읍,4623025030,광양읍,4623025030108870012,1,대지,887,12,전라남도 광양시 광양읍 용강리 887-12,462304655361,전라남도 광양시 광양읍 용강2길,13,6,4623025030108870012000001,,전라남도 광양시 광양읍 용강2길 13-6,545801,57746,,1,,127.608870414361,34.97637260021
MA0106202306A0899866,한성이엔지,,G2,소매,G221,기타 상품 소매,G22199,그 외 기타 상품 전문 소매업,G47859,그 외 기타 분류 안된 상품 전문 소매업,36,세종특별자치시,36110,세종특별자치시,36110330,부강면,3611033025,부강면,3611033025101600001,1,대지,160,1,세종특별자치시 세종특별자치시 부강면 문곡리 160-1,361103240036,세종특별자치시 세종특별자치시 부강면 부강외천로,285,,4371038026001600001029370,,세종특별자치시 세종특별자치시 부강면 부강외천로 285,339944,30073,,,,127.398718715031,36.5298874718175
MA0106202306A1685791,자연애굼,,G2,소매,G221,기타 상품 소매,G22199,그 외 기타 상품 전문 소매업,G47859,그 외 기타 분류 안된 상품 전문 소매업,51,강원특별자치도,51780,철원군,51780259,동송읍,5178025921,동송읍,5178025921106780040,1,대지,678,40,강원특별자치도 철원군 동송읍 이평리 678-40,517803230030,강원특별자치도 철원군 동송읍 이평로,43,,4278025921106780040022424,,강원특별자치도 철원군 동송읍 이평로 43,269816,24015,,3,,127.219234683595,38.2095909947984
MA0106202306A0961352,체리쉬,,G2,소매,G221,기타 상품 소매,G22199,그 외 기타 상품 전문 소매업,G47859,그 외 기타 분류 안된 상품 전문 소매업,41,경기도,41370,오산시,41370560,초평동,4137011600,서동,4137011600105430001,1,대지,543,1,경기도 오산시 서동 543-1,413704394071,경기도 오산시 서동로65번길,5,15,4137011600105430001000694,,경기도 오산시 서동로65번길 5-15,447200,18104,,2,,127.036840547018,37.1450311197341
MA0106202308A2394751,그린과수원,,G2,소매,G221,기타 상품 소매,G22199,그 외 기타 상품 전문 소매업,G47859,그 외 기타 분류 안된 상품 전문 소매업,30,대전광역시,30170,서구,30170581,갈마1동,3017011100,갈마동,3017011100103190005,1,대지,319,5,대전광역시 서구 갈마동 319-5,301704298062,대전광역시 서구 계룡로354번길,56,,3017011100103190005005880,,대전광역시 서구 계룡로354번길 56,302806,35276,,1,,127.367090009266,36.3509191516589
MA0106202308A0499793,베스트음료상사,,G2,소매,G221,기타 상품 소매,G22199,그 외 기타 상품 전문 소매업,G47859,그 외 기타 분류 안된 상품 전문 소매업,43,충청북도,43745,증평군,43745250,증평읍,4374525033,증평읍,4374525033100520000,1,대지,52,,충청북도 증평군 증평읍 미암리 52,437453244021,충청북도 증평군 증평읍 하평로,55,9,4374525033100520000004972,,충청북도 증평군 증평읍 하평로 55-9,368906,27916,,,,127.606402577638,36.7946532617917
MA0106202306A1476056,현대과학,,G2,소매,G221,기타 상품 소매,G22199,그 외 기타 상품 전문 소매업,G47859,그 외 기타 분류 안된 상품 전문 소매업,27,대구광역시,27230,북구,27230620,산격2동,2723011100,산격동,2723011100117260000,1,대지,1726,,대구광역시 북구 산격동 1726,272304235306,대구광역시 북구 유통단지로24길,35,,2723011100117260000003875,,대구광역시 북구 유통단지로24길 35,702845,41516,,,,128.617232545018,35.9068729761336
MA0106202307A0711457,광장할인마트,,G2,소매,G221,기타 상품 소매,G22199,그 외 기타 상품 전문 소매업,G47859,그 외 기타 분류 안된 상품 전문 소매업,44,충청남도,44200,아산시,44200400,도고면,4420040036,도고면,4420040036101960003,1,대지,196,3,충청남도 아산시 도고면 기곡리 196-3,442003253013,충청남도 아산시 도고면 도고온천로,192,,4420040036101960003015229,,충청남도 아산시 도고면 도고온천로 192,336912,31547,,,,126.883619877439,36.7648824645998
MA0106202308A1080136,자매플러스,,G2,소매,G221,기타 상품 소매,G22199,그 외 기타 상품 전문 소매업,G47859,그 외 기타 분류 안된 상품 전문 소매업,26,부산광역시,26230,부산진구,26230510,부전1동,2623010300,부전동,2623010300102640011,1,대지,264,11,부산광역시 부산진구 부전동 264-11,262304187409,부산광역시 부산진구 새싹로28번길,32,,2623010300102640012013644,,부산광역시 부산진구 새싹로28번길 32,614844,47253,,1,,129.058818340572,35.1603876139652
MA0106202308A1762325,로또마트,,G2,소매,G221,기타 상품 소매,G22199,그 외 기타 상품 전문 소매업,G47859,그 외 기타 분류 안된 상품 전문 소매업,26,부산광역시,26170,동구,26170530,초량3동,2617010100,초량동,2617010100111570009,1,대지,1157,9,부산광역시 동구 초량동 1157-9,261702000010,부산광역시 동구 중앙대로,310,,2617010100111570009007498,,부산광역시 동구 중앙대로 310,601837,48729,,1,,129.045025271259,35.1240159174338
MA0106202307A1056397,지남리피자집,,G2,소매,G221,기타 상품 소매,G22199,그 외 기타 상품 전문 소매업,G47859,그 외 기타 분류 안된 상품 전문 소매업,46,전라남도,46910,신안군,46910350,도초면,4691035022,도초면,4691035022110330002,1,대지,1033,2,전라남도 신안군 도초면 지남리 1033-2,469104706074,전라남도 신안군 도초면 도초서길,246,11,4691035021114020005000001,,전라남도 신안군 도초면 도초서길 246-11,535894,58852,,,,125.930024305566,34.6917734557375
MA0106202307A2430945,더싼아이스크림,중곡점,G2,소매,G221,기타 상품 소매,G22199,그 외 기타 상품 전문 소매업,G47859,그 외 기타 분류 안된 상품 전문 소매업,11,서울특별시,11215,광진구,11215740,중곡1동,1121510100,중곡동,1121510100106160008,1,대지,616,8,서울특별시 광진구 중곡동 616-8,112154112226,서울특별시 광진구 동일로66길,34,,1121510100106160008005237,가운데점포,서울특별시 광진구 동일로66길 34,143912,04917,,1,,127.076816682693,37.5612239760622
MA0106202308A1401352,평사리상회,,G2,소매,G221,기타 상품 소매,G22199,그 외 기타 상품 전문 소매업,G47859,그 외 기타 분류 안된 상품 전문 소매업,48,경상남도,48850,하동군,48850320,악양면,4885032034,악양면,4885032034104470001,1,대지,447,1,경상남도 하동군 악양면 평사리 447-1,488504832495,경상남도 하동군 악양면 평사리길,46,1,4885032034104470001018273,이래채,경상남도 하동군 악양면 평사리길 46-1,667813,52307,,,,127.689119542396,35.1538524435737
MA0106202308A1900574,핑크김치,,G2,소매,G221,기타 상품 소매,G22199,그 외 기타 상품 전문 소매업,G47859,그 외 기타 분류 안된 상품 전문 소매업,28,인천광역시,28710,강화군,28710250,강화읍,2871025021,강화읍,2871025021103240001,1,대지,324,1,인천광역시 강화군 강화읍 신문리 324-1,287104271246,인천광역시 강화군 강화읍 남문안길,11,,2871025021103240001004328,핑크김치,인천광역시 강화군 강화읍 남문안길 11,417807,23035,,,,126.485318673302,37.7449438287294
MA0106202306A1589566,횡성생고기,,G2,소매,G221,기타 상품 소매,G22199,그 외 기타 상품 전문 소매업,G47859,그 외 기타 분류 안된 상품 전문 소매업,41,경기도,41271,안산시 상록구,41271510,일동,4127110100,일동,4127110100100920000,1,대지,92,,경기도 안산시 상록구 일동 92,412713190013,경기도 안산시 상록구 구룡로,8,2,4127110100100920000027735,부성빌딩,경기도 안산시 상록구 구룡로 8-2,426858,15326,,1,,126.866775997244,37.3111420727335
MA0106202306A2160819,이웃,,G2,소매,G221,기타 상품 소매,G22199,그 외 기타 상품 전문 소매업,G47859,그 외 기타 분류 안된 상품 전문 소매업,27,대구광역시,27110,중구,27110680,대봉1동,2711015700,대봉동,2711015700100040006,1,대지,4,6,대구광역시 중구 대봉동 4-6,271104223059,대구광역시 중구 달구벌대로450길,20,4,2711015700100040006017952,,대구광역시 중구 달구벌대로450길 20-4,700809,41951,,,,128.607002987617,35.8610972918948
MA0106202308A2079732,옛날뻥튀기,,G2,소매,G221,기타 상품 소매,G22199,그 외 기타 상품 전문 소매업,G47859,그 외 기타 분류 안된 상품 전문 소매업,11,서울특별시,11530,구로구,11530780,오류2동,1153011100,천왕동,1153011100102800012,1,대지,280,12,서울특별시 구로구 천왕동 280-12,115303116009,서울특별시 구로구 오류로,20,,1153010800101730035000001,새롬스타빌,서울특별시 구로구 오류로 20,152130,08342,,1,,126.839487054778,37.4864378155694
MA0106202308A0373329,제니필마트,,G2,소매,G221,기타 상품 소매,G22199,그 외 기타 상품 전문 소매업,G47859,그 외 기타 분류 안된 상품 전문 소매업,51,강원특별자치도,51130,원주시,51130620,태장2동,5113011200,태장동,5113011200110260001,1,대지,1026,1,강원특별자치도 원주시 태장동 1026-1,511304457236,강원특별자치도 원주시 방강골길,20,,4213011200110260001014797,,강원특별자치도 원주시 방강골길 20,220961,26318,,1,,127.95148313789,37.3789310891563
MA0106202308A2030531,포도성서모다점,,G2,소매,G221,기타 상품 소매,G22199,그 외 기타 상품 전문 소매업,G47859,그 외 기타 분류 안된 상품 전문 소매업,27,대구광역시,27290,달서구,27290585,신당동,2729010500,호림동,2729010500100210008,1,대지,21,8,대구광역시 달서구 호림동 21-8,272904241087,대구광역시 달서구 달서대로91길,5,,2729010500100210008001270,,대구광역시 달서구 달서대로91길 5,704919,42714,,1,,128.490965916267,35.8393076903089
MA0106202308A2272144,디엔비인터내셔널,,G2,소매,G221,기타 상품 소매,G22199,그 외 기타 상품 전문 소매업,G47859,그 외 기타 분류 안된 상품 전문 소매업,41,경기도,41465,용인시 수지구,41465585,상현3동,4146510700,상현동,4146510700111840000,1,대지,1184,,경기도 용인시 수지구 상현동 1184,414654415155,경기도 용인시 수지구 포은대로59번길,37,,4146510700111840000000001,시그니처광교지식산업센터,경기도 용인시 수지구 포은대로59번길 37,448130,16864,,10,,127.064291435924,37.3016846625226
MA0106202306A0168391,대호물산,,G2,소매,G221,기타 상품 소매,G22199,그 외 기타 상품 전문 소매업,G47859,그 외 기타 분류 안된 상품 전문 소매업,28,인천광역시,28140,동구,28140570,송현3동,2814010300,송현동,2814010300101290000,1,대지,129,,인천광역시 동구 송현동 129,281404250066,인천광역시 동구 방축로37번길,30,,2814010300101290000001672,인천산업용품유통단지,인천광역시 동구 방축로37번길 30,401704,22530,,,,126.652754921392,37.4861987386311
MA0106202306A0690452,만종바이오,,G2,소매,G221,기타 상품 소매,G22199,그 외 기타 상품 전문 소매업,G47859,그 외 기타 분류 안된 상품 전문 소매업,51,강원특별자치도,51130,원주시,51130320,호저면,5113032025,호저면,5113032025102200010,1,대지,220,10,강원특별자치도 원주시 호저면 만종리 220-10,511304457327,강원특별자치도 원주시 호저면 상만종길,38,,4213032025102200010000001,,강원특별자치도 원주시 호저면 상만종길 38,220924,26349,,1,,127.913817945503,37.3658573768657
MA0106202306A1142757,폰스,,G2,소매,G221,기타 상품 소매,G22199,그 외 기타 상품 전문 소매업,G47859,그 외 기타 분류 안된 상품 전문 소매업,50,제주특별자치도,50110,제주시,50110259,조천읍,5011025924,조천읍,5011025924100720167,1,대지,72,167,제주특별자치도 제주시 조천읍 함덕리 72-167,501103349219,제주특별자치도 제주시 조천읍 함와로,55,,5011025924100720167000002,,제주특별자치도 제주시 조천읍 함와로 55,695965,63334,,1,,126.675965314228,33.5351940177138
MA0106202308A0580730,행복마켓,,G2,소매,G221,기타 상품 소매,G22199,그 외 기타 상품 전문 소매업,G47859,그 외 기타 분류 안된 상품 전문 소매업,11,서울특별시,11305,강북구,11305534,삼양동,1130510100,미아동,1130510100102370001,1,대지,237,1,서울특별시 강북구 미아동 237-1,113054124292,서울특별시 강북구 삼양로74길,78,,1130510100102370001029171,우측,서울특별시 강북구 삼양로74길 78,142810,01120,,1,,127.02221550534,37.6301997521862
MA0106202308A2194365,빵에진심,,G2,소매,G221,기타 상품 소매,G22199,그 외 기타 상품 전문 소매업,G47859,그 외 기타 분류 안된 상품 전문 소매업,11,서울특별시,11740,강동구,11740570,암사1동,1174010700,암사동,1174010700104770022,1,대지,477,22,서울특별시 강동구 암사동 477-22,117403016054,서울특별시 강동구 구천면로,345,1,1174010700104770022014694,,서울특별시 강동구 구천면로 345-1,134858,05259,,1,,127.137189922133,37.549933827749
MA0106202308A1071481,원부개지점,데일리,G2,소매,G221,기타 상품 소매,G22199,그 외 기타 상품 전문 소매업,G47859,그 외 기타 분류 안된 상품 전문 소매업,28,인천광역시,28237,부평구,28237661,부개3동,2823710700,부개동,2823710700105010011,1,대지,501,11,인천광역시 부평구 부개동 501-11,282373000066,인천광역시 부평구 부흥로,433,,2823710700105010011110426,,인천광역시 부평구 부흥로 433,403103,21350,,1,,126.741032236034,37.4979040176345
MA0106202308A1268608,까뿌족,,G2,소매,G221,기타 상품 소매,G22199,그 외 기타 상품 전문 소매업,G47859,그 외 기타 분류 안된 상품 전문 소매업,41,경기도,41480,파주시,41480510,금촌1동,4148010100,금촌동,4148010100107740013,1,대지,774,13,경기도 파주시 금촌동 774-13,414803206108,경기도 파주시 금정로,14,1,4148010100107740013030391,일부,경기도 파주시 금정로 14-1,413011,10923,,1,,126.776434825618,37.7566580890712
MA0106202308A0374900,새샘유통,,G2,소매,G221,기타 상품 소매,G22199,그 외 기타 상품 전문 소매업,G47859,그 외 기타 분류 안된 상품 전문 소매업,41,경기도,41390,시흥시,41390581,군자동,4139012700,거모동,4139012700100320001,1,대지,32,1,경기도 시흥시 거모동 32-1,413904397189,경기도 시흥시 뒷방울길,26,,4139012700100320001000001,,경기도 시흥시 뒷방울길 26,429800,15043,,1,,126.761958248455,37.3678595881511
MA0106202306A0626538,치킨뱅크,,G2,소매,G221,기타 상품 소매,G22199,그 외 기타 상품 전문 소매업,G47859,그 외 기타 분류 안된 상품 전문 소매업,41,경기도,41610,광주시,41610253,초월읍,4161025325,초월읍,4161025325102130002,1,대지,213,2,경기도 광주시 초월읍 학동리 213-2,416104433157,경기도 광주시 초월읍 동막골길,140,15,4161025325102130002258145,,경기도 광주시 초월읍 동막골길 140-15,464865,12731,,,,127.332276968866,37.3818865493522
MA0106202307A1826250,원우월드,,G2,소매,G221,기타 상품 소매,G22199,그 외 기타 상품 전문 소매업,G47859,그 외 기타 분류 안된 상품 전문 소매업,31,울산광역시,31140,남구,31140585,삼호동,3114010100,무거동,3114010100112050003,1,대지,1205,3,울산광역시 남구 무거동 1205-3,311404310648,울산광역시 남구 어은로8번길,12,,3114010100112050003035521,,울산광역시 남구 어은로8번길 12,680811,44636,,1,,129.274788232627,35.5495625540075
MA0106202308A2340155,까까공방,,G2,소매,G221,기타 상품 소매,G22199,그 외 기타 상품 전문 소매업,G47859,그 외 기타 분류 안된 상품 전문 소매업,41,경기도,41410,군포시,41410620,광정동,4141010400,산본동,4141010400110880000,1,대지,1088,,경기도 군포시 산본동 1088,414104400240,경기도 군포시 산본로432번길,27,,4141010400110880000008693,한양목련아파트,경기도 군포시 산본로432번길 27,435710,15804,,지,,126.928910440615,37.3700960593737
MA0106202308A2231644,김제오픈박스,,G2,소매,G221,기타 상품 소매,G22199,그 외 기타 상품 전문 소매업,G47859,그 외 기타 분류 안된 상품 전문 소매업,52,전북특별자치도,52210,김제시,52210540,검산동,5221010400,검산동,5221010400108200034,1,대지,820,34,전북특별자치도 김제시 검산동 820-34,522103272017,전북특별자치도 김제시 도작로,18,,4521010400108200034059493,수정빌딩,전북특별자치도 김제시 도작로 18,576800,54401,,,,126.904982309704,35.7974549445618
MA0106202308A1601607,유나스크림,10호점,G2,소매,G221,기타 상품 소매,G22199,그 외 기타 상품 전문 소매업,G47859,그 외 기타 분류 안된 상품 전문 소매업,41,경기도,41410,군포시,41410520,군포2동,4141010100,당동,4141010100107860001,1,대지,786,1,경기도 군포시 당동 786-1,414103200009,경기도 군포시 당동로,13,1,4141010100107860001002743,,경기도 군포시 당동로 13-1,435877,15861,,,,126.942788455202,37.3508756634312
MA0106202309A0241033,마루유통,,G2,소매,G221,기타 상품 소매,G22199,그 외 기타 상품 전문 소매업,G47859,그 외 기타 분류 안된 상품 전문 소매업,41,경기도,41630,양주시,41630520,양주2동,4163010900,고읍동,4163010900102830002,1,대지,283,2,경기도 양주시 고읍동 283-2,416304436346,경기도 양주시 청담로39번길,60,6,4163010900102830002003852,,경기도 양주시 청담로39번길 60-6,482020,11459,,,,127.069175979825,37.8043936464983
MA0106202306A1320826,청주한씨,,G2,소매,G221,기타 상품 소매,G22199,그 외 기타 상품 전문 소매업,G47859,그 외 기타 분류 안된 상품 전문 소매업,11,서울특별시,11380,은평구,11380570,대조동,1138010600,대조동,1138010600102110010,1,대지,211,10,서울특별시 은평구 대조동 211-10,113804133139,서울특별시 은평구 역말로9가길,15,,1138010600102110010027110,,서울특별시 은평구 역말로9가길 15,122843,03389,,1,,126.920242148419,37.6128128614805
MA0106202307A1982139,햄찌와베찌익스프레스,,G2,소매,G221,기타 상품 소매,G22199,그 외 기타 상품 전문 소매업,G47859,그 외 기타 분류 안된 상품 전문 소매업,11,서울특별시,11200,성동구,11200690,성수2가3동,1120011500,성수동2가,1120011500102780049,1,대지,278,49,서울특별시 성동구 성수동2가 278-49,112004109388,서울특별시 성동구 아차산로11길,26,,1120011500102780049004294,,서울특별시 성동구 아차산로11길 26,133832,04796,,1,,127.060132561405,37.5457905498106
MA0106202308A0974527,바이오팩트,,G2,소매,G221,기타 상품 소매,G22199,그 외 기타 상품 전문 소매업,G47859,그 외 기타 분류 안된 상품 전문 소매업,30,대전광역시,30200,유성구,30200600,관평동,3020014400,용산동,3020014400105370000,1,대지,537,,대전광역시 유성구 용산동 537,302003167078,대전광역시 유성구 테크노8로,70,,3020014400105370000002930,,대전광역시 유성구 테크노8로 70,305509,34028,,,,127.404973384388,36.4208356113165
MA0106202308A0960609,입장정원칼국수,,G2,소매,G221,기타 상품 소매,G22199,그 외 기타 상품 전문 소매업,G47859,그 외 기타 분류 안된 상품 전문 소매업,44,충청남도,44131,천안시 동남구,44131570,신방동,4413111600,신방동,4413111600115280000,1,대지,1528,,충청남도 천안시 동남구 신방동 1528,441313249057,충청남도 천안시 동남구 통정10로,29,,4413111600115280000000001,,충청남도 천안시 동남구 통정10로 29,330940,31208,,1,,127.13105594235,36.7736440819504
MA0106202308A1168684,함열예스마트,,G2,소매,G221,기타 상품 소매,G22199,그 외 기타 상품 전문 소매업,G47859,그 외 기타 분류 안된 상품 전문 소매업,52,전북특별자치도,52140,익산시,52140250,함열읍,5214025021,함열읍,5214025021105450115,1,대지,545,115,전북특별자치도 익산시 함열읍 와리 545-115,521403269043,전북특별자치도 익산시 함열읍 함열로,87,,4514025021105450115042129,,전북특별자치도 익산시 함열읍 함열로 87,570804,54511,,,,126.956933905095,36.0814753970892
MA0106202308A2432039,야옹이랑아라랑,,G2,소매,G221,기타 상품 소매,G22199,그 외 기타 상품 전문 소매업,G47859,그 외 기타 분류 안된 상품 전문 소매업,41,경기도,41630,양주시,41630520,양주2동,4163010800,삼숭동,4163010800102020035,1,대지,202,35,경기도 양주시 삼숭동 202-35,416304436222,경기도 양주시 삼숭로38번길,102,,4163010800102020035008202,제,경기도 양주시 삼숭로38번길 102,482110,11487,,1,,127.106658677523,37.7958966521437
MA0106202306A0674540,또옵써,,G2,소매,G221,기타 상품 소매,G22199,그 외 기타 상품 전문 소매업,G47859,그 외 기타 분류 안된 상품 전문 소매업,50,제주특별자치도,50130,서귀포시,50130590,대륜동,5013010300,서호동,5013010300103480000,1,대지,348,,제주특별자치도 서귀포시 서호동 348,501303350149,제주특별자치도 서귀포시 서호로,19,,5013010300103480000025916,국세공무원교육원,제주특별자치도 서귀포시 서호로 19,697845,63569,,,,126.523668558243,33.2558257356441
MA0106202306A0979667,베이퍼럽전자담배,,G2,소매,G221,기타 상품 소매,G22199,그 외 기타 상품 전문 소매업,G47859,그 외 기타 분류 안된 상품 전문 소매업,11,서울특별시,11215,광진구,11215760,중곡3동,1121510100,중곡동,1121510100101720008,1,대지,172,8,서울특별시 광진구 중곡동 172-8,112154112169,서울특별시 광진구 능동로53길,19,,1121510100101720008003252,,서울특별시 광진구 능동로53길 19,143900,04908,,1,,127.083387212794,37.5665804451131
MA0106202308A0498704,동순이공방,,G2,소매,G221,기타 상품 소매,G22199,그 외 기타 상품 전문 소매업,G47859,그 외 기타 분류 안된 상품 전문 소매업,26,부산광역시,26380,사하구,26380601,다대1동,2638010600,다대동,2638010600109470003,1,대지,947,3,부산광역시 사하구 다대동 947-3,263803134021,부산광역시 사하구 윤공단로,70,,2638010600109470003011525,,부산광역시 사하구 윤공단로 70,604823,49494,,1,,128.968068415299,35.058278091191
MA0106202309A0094491,탑세이프티,,G2,소매,G221,기타 상품 소매,G22199,그 외 기타 상품 전문 소매업,G47859,그 외 기타 분류 안된 상품 전문 소매업,41,경기도,41220,평택시,41220320,서탄면,4122032021,서탄면,4122032021100740000,1,대지,74,,경기도 평택시 서탄면 금암리 74,412204364059,경기도 평택시 서탄면 금암1길,91,,4122032021100740000200125,,경기도 평택시 서탄면 금암1길 91,451852,17704,,,,127.041028816776,37.1053288961333
MA0106202309A0136532,아띠랑허브랑,,G2,소매,G221,기타 상품 소매,G22199,그 외 기타 상품 전문 소매업,G47859,그 외 기타 분류 안된 상품 전문 소매업,41,경기도,41281,고양시 덕양구,41281621,화정1동,4128112300,화정동,4128112300108510000,1,대지,851,,경기도 고양시 덕양구 화정동 851,412813192088,경기도 고양시 덕양구 화중로,220,,4128112300108510000013591,달빛마을부영2단지,경기도 고양시 덕양구 화중로 220,412735,10473,,2,,126.834712820616,37.6464749726469
MA0106202307A0081890,띠용,,G2,소매,G221,기타 상품 소매,G22199,그 외 기타 상품 전문 소매업,G47859,그 외 기타 분류 안된 상품 전문 소매업,11,서울특별시,11440,마포구,11440660,서교동,1144012000,서교동,1144012000103470015,1,대지,347,15,서울특별시 마포구 서교동 347-15,114404139464,서울특별시 마포구 와우산로27길,64,,1144012000103470015019121,,서울특별시 마포구 와우산로27길 64,121837,04053,,1,,126.92529433163,37.555386870046
MA0106202306A0602539,도깨비전자강남,구청점,G2,소매,G221,기타 상품 소매,G22199,그 외 기타 상품 전문 소매업,G47859,그 외 기타 분류 안된 상품 전문 소매업,11,서울특별시,11680,강남구,11680531,논현2동,1168010800,논현동,1168010800101180014,1,대지,118,14,서울특별시 강남구 논현동 118-14,116803122011,서울특별시 강남구 학동로,331,,1168010800101180014006030,,서울특별시 강남구 학동로 331,135821,06060,,1,,127.03936404411,37.5168681485238
MA0106202306A0452525,산단편의점,,G2,소매,G221,기타 상품 소매,G22199,그 외 기타 상품 전문 소매업,G47859,그 외 기타 분류 안된 상품 전문 소매업,44,충청남도,44800,홍성군,44800380,갈산면,4480038033,갈산면,4480038033106710000,1,대지,671,,충청남도 홍성군 갈산면 취생리 671,448004853234,충청남도 홍성군 갈산면 산단로388번길,81,,4480038033106710000000001,,충청남도 홍성군 갈산면 산단로388번길 81,350852,32200,,,,126.533104931439,36.6276748319253
MA0106202308A1289562,태백눈꽃야영장동해보양온천컨벤션,,G2,소매,G221,기타 상품 소매,G22199,그 외 기타 상품 전문 소매업,G47859,그 외 기타 분류 안된 상품 전문 소매업,51,강원특별자치도,51190,태백시,51190585,문곡소도동,5119010700,소도동,5119010700100600000,1,대지,60,,강원특별자치도 태백시 소도동 60,511903013014,강원특별자치도 태백시 태백산로,4767,,4219010700100600000011314,,강원특별자치도 태백시 태백산로 4767,235030,26043,,,,128.961449819279,37.1337338787415
MA0106202306A1847701,창앤문,,G2,소매,G221,기타 상품 소매,G22199,그 외 기타 상품 전문 소매업,G47859,그 외 기타 분류 안된 상품 전문 소매업,41,경기도,41480,파주시,41480540,교하동,4148010700,교하동,4148010700105470000,1,대지,547,,경기도 파주시 교하동 547,414804418345,경기도 파주시 빙고재길,16,,4148010700105470000000001,노을빛마을주공아파트,경기도 파주시 빙고재길 16,413070,10867,,,,126.743335884842,37.7525453232693
MA0106202306A1750573,만성유통솔고헬스케어,,G2,소매,G221,기타 상품 소매,G22199,그 외 기타 상품 전문 소매업,G47859,그 외 기타 분류 안된 상품 전문 소매업,26,부산광역시,26260,동래구,26260761,명장1동,2626010100,명장동,2626010100100670002,1,대지,67,2,부산광역시 동래구 명장동 67-2,262604190168,부산광역시 동래구 명장로20번길,99,,2626010100100670002022343,,부산광역시 동래구 명장로20번길 99,607808,47780,,2,,129.100353854969,35.2018121882884
MA0106202308A0322662,중앙식자재마트,,G2,소매,G221,기타 상품 소매,G22199,그 외 기타 상품 전문 소매업,G47859,그 외 기타 분류 안된 상품 전문 소매업,41,경기도,41360,남양주시,41360253,진접읍,4136025321,진접읍,4136025321106340004,1,대지,634,4,경기도 남양주시 진접읍 장현리 634-4,413603197045,경기도 남양주시 진접읍 장현로,77,,4136025321106340004024432,장현프라자,경기도 남양주시 진접읍 장현로 77,472865,12014,,,,127.180892823801,37.7176112493718
MA0106202308A0119034,주영이푸드,,G2,소매,G221,기타 상품 소매,G22199,그 외 기타 상품 전문 소매업,G47859,그 외 기타 분류 안된 상품 전문 소매업,52,전북특별자치도,52113,전주시 덕진구,52113650,조촌동,5211312400,화전동,5211312400110810000,1,대지,1081,,전북특별자치도 전주시 덕진구 화전동 1081,521134601283,전북특별자치도 전주시 덕진구 신성길,131,,4511312400110810000000003,,전북특별자치도 전주시 덕진구 신성길 131,561400,54800,,,,127.03628321364,35.8891629063903
MA0106202308A0777244,"식물,가까이",,G2,소매,G221,기타 상품 소매,G22199,그 외 기타 상품 전문 소매업,G47859,그 외 기타 분류 안된 상품 전문 소매업,41,경기도,41463,용인시 기흥구,41463575,동백2동,4146311600,중동,4146311600108390000,1,대지,839,,경기도 용인시 기흥구 중동 839,414633204027,경기도 용인시 기흥구 동백중앙로,245,,4146311600108390000018244,동백문월드,경기도 용인시 기흥구 동백중앙로 245,446528,17006,,2,,127.150964430241,37.2752955454265
MA0106202308A1781754,자활물류유통협동조합,,G2,소매,G221,기타 상품 소매,G22199,그 외 기타 상품 전문 소매업,G47859,그 외 기타 분류 안된 상품 전문 소매업,26,부산광역시,26260,동래구,26260545,명륜동,2626010700,명륜동,2626010700105150003,1,대지,515,3,부산광역시 동래구 명륜동 515-3,262604190496,부산광역시 동래구 충렬대로182번길,11,,2626010700105150003000127,,부산광역시 동래구 충렬대로182번길 11,607804,47815,,1,,129.079656674456,35.2030256699195
MA0106202306A0864096,엠비젼,,G2,소매,G221,기타 상품 소매,G22199,그 외 기타 상품 전문 소매업,G47859,그 외 기타 분류 안된 상품 전문 소매업,43,충청북도,43112,청주시 서원구,43112590,성화.개신.죽림동,4311210900,개신동,4311210900100120000,1,대지,12,,충청북도 청주시 서원구 개신동 12,431123350731,충청북도 청주시 서원구 충대로,1,,4311311100100120000005149,충북대학교,충청북도 청주시 서원구 충대로 1,362763,28644,,,,127.454789722265,36.6300375594418
MA0106202306A1669674,서가네추어탕,,G2,소매,G221,기타 상품 소매,G22199,그 외 기타 상품 전문 소매업,G47859,그 외 기타 분류 안된 상품 전문 소매업,46,전라남도,46130,여수시,46130730,미평동,4613012200,미평동,4613012200102550011,1,대지,255,11,전라남도 여수시 미평동 255-11,461303282028,전라남도 여수시 미평로,50,,4613012200102550011005873,,전라남도 여수시 미평로 50,550240,59630,,,,127.708404119085,34.7673528881578
MA0106202306A0258156,고양KIDS,,G2,소매,G221,기타 상품 소매,G22199,그 외 기타 상품 전문 소매업,G47859,그 외 기타 분류 안된 상품 전문 소매업,41,경기도,41285,고양시 일산동구,41285600,고봉동,4128511300,성석동,4128511300105210018,1,대지,521,18,경기도 고양시 일산동구 성석동 521-18,412854379235,경기도 고양시 일산동구 은마길,31,39,4128511300105210018008614,,경기도 고양시 일산동구 은마길 31-39,410570,10252,,,,126.806026687594,37.7101484249013
MA0106202307A2187951,젬마,코리아,G2,소매,G221,기타 상품 소매,G22199,그 외 기타 상품 전문 소매업,G47859,그 외 기타 분류 안된 상품 전문 소매업,46,전라남도,46800,장흥군,46800250,장흥읍,4680025024,장흥읍,4680025024101580001,1,대지,158,1,전라남도 장흥군 장흥읍 예양리 158-1,468004676484,전라남도 장흥군 장흥읍 토요시장3길,15,,4680025024101580001006174,,전라남도 장흥군 장흥읍 토요시장3길 15,529807,59331,,,,126.902854624022,34.67636606896
MA0106202308A1301530,콩이네놀이터,,G2,소매,G221,기타 상품 소매,G22199,그 외 기타 상품 전문 소매업,G47859,그 외 기타 분류 안된 상품 전문 소매업,11,서울특별시,11305,강북구,11305534,삼양동,1130510100,미아동,1130510100107910001,1,대지,791,1,서울특별시 강북구 미아동 791-1,113054124292,서울특별시 강북구 삼양로74길,74,,1130510100107910001000039,점포우측,서울특별시 강북구 삼양로74길 74,142813,01120,,1,,127.022000242193,37.630136723486
MA0106202308A0380724,티앤알바이오팹,,G2,소매,G221,기타 상품 소매,G22199,그 외 기타 상품 전문 소매업,G47859,그 외 기타 분류 안된 상품 전문 소매업,41,경기도,41390,시흥시,41390591,정왕1동,4139013200,정왕동,4139013200113710013,1,대지,1371,13,경기도 시흥시 정왕동 1371-13,413903199015,경기도 시흥시 마유로,96,,4139013200113710013016357,주식,경기도 시흥시 마유로 96,429854,15111,,,,126.719420152383,37.3286707909665
MA0106202307A2166942,엘리스,,G2,소매,G221,기타 상품 소매,G22199,그 외 기타 상품 전문 소매업,G47859,그 외 기타 분류 안된 상품 전문 소매업,31,울산광역시,31140,남구,31140560,달동,3114010500,달동,3114010500106500009,1,대지,650,9,울산광역시 남구 달동 650-9,311404310444,울산광역시 남구 삼산로93번길,4,,3114010500106500009013753,,울산광역시 남구 삼산로93번길 4,680802,44693,,,,129.3179076405,35.5353241644267
MA0106202307A2140175,이지테크,,G2,소매,G221,기타 상품 소매,G22199,그 외 기타 상품 전문 소매업,G47859,그 외 기타 분류 안된 상품 전문 소매업,41,경기도,41450,하남시,41450630,미사3동,4145011000,풍산동,4145011000104930000,1,대지,493,,경기도 하남시 풍산동 493,414502000007,경기도 하남시 조정대로,45,,4145011000200400001000001,,경기도 하남시 조정대로 45,465170,12918,,,,127.184472059382,37.5506803235927
MA0106202307A2132764,센트럽잇,,G2,소매,G221,기타 상품 소매,G22199,그 외 기타 상품 전문 소매업,G47859,그 외 기타 분류 안된 상품 전문 소매업,46,전라남도,46230,광양시,46230530,중마동,4623010600,중동,4623010600113860004,1,대지,1386,4,전라남도 광양시 중동 1386-4,462303285022,전라남도 광양시 사동로,2,,4623010600113860004015688,,전라남도 광양시 사동로 2,545880,57783,,1,,127.68887472642,34.9406655743881
MA0106202308A0258187,테일러팜스,,G2,소매,G221,기타 상품 소매,G22199,그 외 기타 상품 전문 소매업,G47859,그 외 기타 분류 안된 상품 전문 소매업,11,서울특별시,11680,강남구,11680580,삼성1동,1168010500,삼성동,1168010500101510002,1,대지,151,2,서울특별시 강남구 삼성동 151-2,116803122005,서울특별시 강남구 삼성로,546,,1168010500101510002016555,흥국에프엔비빌딩,서울특별시 강남구 삼성로 546,135878,06166,,2,,127.055104899464,37.5103926454448
MA0106202308A0036788,커피볶는집,,G2,소매,G221,기타 상품 소매,G22199,그 외 기타 상품 전문 소매업,G47859,그 외 기타 분류 안된 상품 전문 소매업,11,서울특별시,11410,서대문구,11410640,홍제3동,1141011100,홍제동,1141011100104260000,1,대지,426,,서울특별시 서대문구 홍제동 426,114104136177,서울특별시 서대문구 세검정로3길,26,,1141011100104260000000002,,서울특별시 서대문구 세검정로3길 26,120862,03623,,1,,126.945864918823,37.5926181844698
MA0106202308A1622283,먹골촌,,G2,소매,G221,기타 상품 소매,G22199,그 외 기타 상품 전문 소매업,G47859,그 외 기타 분류 안된 상품 전문 소매업,41,경기도,41150,의정부시,41150576,송산2동,4115010600,민락동,4115010600107040014,1,대지,704,14,경기도 의정부시 민락동 704-14,411504343293,경기도 의정부시 용현로150번길,14,18,4115010600107040014017683,,경기도 의정부시 용현로150번길 14-18,480861,11808,,1,,127.091387513779,37.740437085787
MA0106202308A0855658,굿덕파크,,G2,소매,G221,기타 상품 소매,G22199,그 외 기타 상품 전문 소매업,G47859,그 외 기타 분류 안된 상품 전문 소매업,43,충청북도,43750,진천군,43750370,광혜원면,4375037021,광혜원면,4375037021100020007,1,대지,2,7,충청북도 진천군 광혜원면 금곡리 2-7,437503245021,충청북도 진천군 광혜원면 진광로,1356,,4375037021100020007000001,,충청북도 진천군 광혜원면 진광로 1356,365834,27810,,,,127.439238023583,36.9773726411488
MA0106202307A2034142,녹색코너,,G2,소매,G221,기타 상품 소매,G22199,그 외 기타 상품 전문 소매업,G47859,그 외 기타 분류 안된 상품 전문 소매업,41,경기도,41113,수원시 권선구,41113530,세류2동,4111312600,세류동,4111312600110190029,1,대지,1019,29,경기도 수원시 권선구 세류동 1019-29,411134325175,경기도 수원시 권선구 덕영대로1105번길,28,9,4111312600110190029031898,,경기도 수원시 권선구 덕영대로1105번길 28-9,441877,16588,,,,127.013954913709,37.2543786800241
MA0106202306A1870160,커피드립,,G2,소매,G221,기타 상품 소매,G22199,그 외 기타 상품 전문 소매업,G47859,그 외 기타 분류 안된 상품 전문 소매업,48,경상남도,48250,김해시,48250330,진례면,4825033030,진례면,4825033030111910001,1,대지,1191,1,경상남도 김해시 진례면 고모리 1191-1,482503335007,경상남도 김해시 진례면 고모로,516,,4825033030111910001068716,,경상남도 김해시 진례면 고모로 516,621881,50875,,1,,128.7754999425,35.2698090147529
MA0106202309A0247850,김형준통증케어,,G2,소매,G221,기타 상품 소매,G22199,그 외 기타 상품 전문 소매업,G47859,그 외 기타 분류 안된 상품 전문 소매업,11,서울특별시,11440,마포구,11440740,상암동,1144012700,상암동,1144012700115960000,1,대지,1596,,서울특별시 마포구 상암동 1596,114404139549,서울특별시 마포구 월드컵북로54길,25,,1144012700115960000000001,,서울특별시 마포구 월드컵북로54길 25,121835,03924,,,,126.888982684946,37.582090838576
MA0106202308A0020288,키치샵,,G2,소매,G221,기타 상품 소매,G22199,그 외 기타 상품 전문 소매업,G47859,그 외 기타 분류 안된 상품 전문 소매업,11,서울특별시,11140,중구,11140540,회현동,1114012400,충무로1가,1114012400100230001,1,대지,23,1,서울특별시 중구 충무로1가 23-1,111404103162,서울특별시 중구 명동8나길,10,,1114012400100230001019879,,서울특별시 중구 명동8나길 10,100011,04536,,1,,126.98425625358,37.5617795038068
MA0106202308A0452794,이레텍,,G2,소매,G221,기타 상품 소매,G22199,그 외 기타 상품 전문 소매업,G47859,그 외 기타 분류 안된 상품 전문 소매업,30,대전광역시,30230,대덕구,30230520,대화동,3023010200,대화동,3023010200100400037,1,대지,40,37,대전광역시 대덕구 대화동 40-37,302304304126,대전광역시 대덕구 대화로106번길,66,,3023010200100400037004587,오,대전광역시 대덕구 대화로106번길 66,306802,34365,,1,,127.407682530375,36.3695319474676
MA0106202308A1123946,참그린FB,,G2,소매,G221,기타 상품 소매,G22199,그 외 기타 상품 전문 소매업,G47859,그 외 기타 분류 안된 상품 전문 소매업,41,경기도,41360,남양주시,41360256,화도읍,4136025623,화도읍,4136025623101700009,1,대지,170,9,경기도 남양주시 화도읍 가곡리 170-9,413603197032,경기도 남양주시 화도읍 비룡로,297,36,4136025623101700009002487,,경기도 남양주시 화도읍 비룡로 297-36,472841,12035,,1,,127.302754099186,37.6794483727127
MA0106202306A0768588,로하상점,,G2,소매,G221,기타 상품 소매,G22199,그 외 기타 상품 전문 소매업,G47859,그 외 기타 분류 안된 상품 전문 소매업,48,경상남도,48250,김해시,48250630,장유3동,4825013000,관동동,4825013000111010003,1,대지,1101,3,경상남도 김해시 관동동 1101-3,482504857148,경상남도 김해시 율하카페길,77,10,4825031028111010003000001,,경상남도 김해시 율하카페길 77-10,621300,51014,,,,128.813105499557,35.1766170039873
MA0106202306A1956987,두레한정식,,G2,소매,G221,기타 상품 소매,G22199,그 외 기타 상품 전문 소매업,G47859,그 외 기타 분류 안된 상품 전문 소매업,48,경상남도,48880,거창군,48880250,거창읍,4888025021,거창읍,4888025021108630002,1,대지,863,2,경상남도 거창군 거창읍 상림리 863-2,488804841085,경상남도 거창군 거창읍 공수들6길,8,10,4888025021108630002017080,,경상남도 거창군 거창읍 공수들6길 8-10,670806,50131,,1,,127.904161145815,35.6865301992601
MA0106202308A0284117,스마일베베,,G2,소매,G221,기타 상품 소매,G22199,그 외 기타 상품 전문 소매업,G47859,그 외 기타 분류 안된 상품 전문 소매업,41,경기도,41194,부천시 소사구,41194580,역곡3동,4119410400,괴안동,4119410400101820011,1,대지,182,11,경기도 부천시 소사구 괴안동 182-11,411943185010,경기도 부천시 소사구 안곡로,188,,4119710400101820011037706,,경기도 부천시 소사구 안곡로 188,422827,14780,,,,126.819138368713,37.4848857157648
MA0106202308A0590265,지니과학,,G2,소매,G221,기타 상품 소매,G22199,그 외 기타 상품 전문 소매업,G47859,그 외 기타 분류 안된 상품 전문 소매업,41,경기도,41500,이천시,41500515,증포동,4150010900,증포동,4150010900102100001,1,대지,210,1,경기도 이천시 증포동 210-1,415003207044,경기도 이천시 이섭대천로,1411,,4150010900102100001013584,흥인프라자,경기도 이천시 이섭대천로 1411,467802,17347,,6,,127.455665130722,37.293878011304
MA0106202308A1140583,웰비플랜,,G2,소매,G221,기타 상품 소매,G22199,그 외 기타 상품 전문 소매업,G47859,그 외 기타 분류 안된 상품 전문 소매업,29,광주광역시,29140,서구,29140760,화정1동,2914011900,화정동,2914011900100970007,1,대지,97,7,광주광역시 서구 화정동 97-7,291403160004,광주광역시 서구 내방로,322,1,2914011900100970007018843,웰비플랜,광주광역시 서구 내방로 322-1,502849,61972,,1,,126.875835640458,35.157343985456
MA0106202301A2394848,와우아이스주안,파크자이점,G2,소매,G221,기타 상품 소매,G22199,그 외 기타 상품 전문 소매업,G47859,그 외 기타 분류 안된 상품 전문 소매업,28,인천광역시,28177,미추홀구,28177640,주안3동,2817710500,주안동,2817710500116620000,1,대지,1662,,인천광역시 미추홀구 주안동 1662,281774253591,인천광역시 미추홀구 인하로222번길,20,,,,인천광역시 미추홀구 인하로222번길 20,402203,22218,,,,126.672155332942,37.447853234996
MA0106202308A1688004,싱그런팜남양주,,G2,소매,G221,기타 상품 소매,G22199,그 외 기타 상품 전문 소매업,G47859,그 외 기타 분류 안된 상품 전문 소매업,11,서울특별시,11440,마포구,11440680,합정동,1144012200,합정동,1144012200103720028,1,대지,372,28,서울특별시 마포구 합정동 372-28,114404139353,서울특별시 마포구 성지길,25,11,1144012200103720028012578,,서울특별시 마포구 성지길 25-11,121897,04071,,지,,126.914031486486,37.5473693344894
MA0106202308A1713478,복조리만두,,G2,소매,G221,기타 상품 소매,G22199,그 외 기타 상품 전문 소매업,G47859,그 외 기타 분류 안된 상품 전문 소매업,11,서울특별시,11740,강동구,11740685,길동,1174010500,길동,1174010500104000001,1,대지,400,1,서울특별시 강동구 길동 400-1,117404172391,서울특별시 강동구 천호대로187길,62,,1174010500104000001002983,,서울특별시 강동구 천호대로187길 62,134880,05350,,1,,127.14318539834,37.5369162876585
MA0106202308A1127932,준바이오,,G2,소매,G221,기타 상품 소매,G22199,그 외 기타 상품 전문 소매업,G47859,그 외 기타 분류 안된 상품 전문 소매업,30,대전광역시,30230,대덕구,30230520,대화동,3023010200,대화동,3023010200100400037,1,대지,40,37,대전광역시 대덕구 대화동 40-37,302304304126,대전광역시 대덕구 대화로106번길,66,,3023010200100400037004587,제,대전광역시 대덕구 대화로106번길 66,306802,34365,,1,,127.407682530375,36.3695319474676
MA0106202309A0432550,보험닥터좋은계란평택통복점,,G2,소매,G221,기타 상품 소매,G22199,그 외 기타 상품 전문 소매업,G47859,그 외 기타 분류 안된 상품 전문 소매업,41,경기도,41210,광명시,41210632,하안2동,4121010300,하안동,4121010300106820001,1,대지,682,1,경기도 광명시 하안동 682-1,412103187042,경기도 광명시 안현로,19,,4121010300106820001010551,,경기도 광명시 안현로 19,423855,14245,,,,126.87452988484,37.4645226304965
MA0106202306A0623621,시월의곰커피공장,,G2,소매,G221,기타 상품 소매,G22199,그 외 기타 상품 전문 소매업,G47859,그 외 기타 분류 안된 상품 전문 소매업,11,서울특별시,11710,송파구,11710520,풍납2동,1171010300,풍납동,1171010300102590024,1,대지,259,24,서울특별시 송파구 풍납동 259-24,117103123019,서울특별시 송파구 토성로,23,,1171010300102590024024784,,서울특별시 송파구 토성로 23,138874,05533,,1,,127.113169885692,37.5307049331033
MA0106202307A1552452,엠아이디엠,,G2,소매,G221,기타 상품 소매,G22199,그 외 기타 상품 전문 소매업,G47859,그 외 기타 분류 안된 상품 전문 소매업,26,부산광역시,26500,수영구,26500800,민락동,2650010300,민락동,2650010300101840001,1,대지,184,1,부산광역시 수영구 민락동 184-1,265003138002,부산광역시 수영구 광남로,168,1,2650010300101840001002056,,부산광역시 수영구 광남로 168-1,613828,48284,,,,129.119102386905,35.1560314919401
MA0106202307A1754761,삼원테크,,G2,소매,G221,기타 상품 소매,G22199,그 외 기타 상품 전문 소매업,G47859,그 외 기타 분류 안된 상품 전문 소매업,30,대전광역시,30230,대덕구,30230543,송촌동,3023010700,송촌동,3023010700104960004,1,대지,496,4,대전광역시 대덕구 송촌동 496-4,302304304277,대전광역시 대덕구 선비마을로23번길,43,,3023010700104960004011868,,대전광역시 대덕구 선비마을로23번길 43,306813,34404,,,,127.445383469549,36.3643598071363
MA0106202308A0255399,장난감나라,,G2,소매,G221,기타 상품 소매,G22199,그 외 기타 상품 전문 소매업,G47859,그 외 기타 분류 안된 상품 전문 소매업,41,경기도,41281,고양시 덕양구,41281577,삼송2동,4128111100,삼송동,4128111100103600000,1,대지,360,,경기도 고양시 덕양구 삼송동 360,412813194065,경기도 고양시 덕양구 삼원로,22,,4128111100103600000000001,,경기도 고양시 덕양구 삼원로 22,412080,10550,,,,126.876030685569,37.6437145572759
MA0106202309A0402775,루이13,,G2,소매,G221,기타 상품 소매,G22199,그 외 기타 상품 전문 소매업,G47859,그 외 기타 분류 안된 상품 전문 소매업,48,경상남도,48170,진주시,48170695,초장동,4817012200,초전동,4817012200106760003,1,대지,676,3,경상남도 진주시 초전동 676-3,481703332061,경상남도 진주시 초전남로,36,,4817012200106760003007734,초전흥한황토방아파트,경상남도 진주시 초전남로 36,660785,52738,,,,128.114004614254,35.1996312869715
MA0106202306A2405759,이백상사,,G2,소매,G221,기타 상품 소매,G22199,그 외 기타 상품 전문 소매업,G47859,그 외 기타 분류 안된 상품 전문 소매업,52,전북특별자치도,52140,익산시,52140560,인화동,5214010900,인화동1가,5214010900100720010,1,대지,72,10,전북특별자치도 익산시 인화동1가 72-10,521404608074,전북특별자치도 익산시 익산대로8길,51,,4514010900100720010086361,,전북특별자치도 익산시 익산대로8길 51,570983,54603,,,,126.949910986221,35.9334812709209
MA0106202307A0455144,피크닉앤와인,,G2,소매,G221,기타 상품 소매,G22199,그 외 기타 상품 전문 소매업,G47859,그 외 기타 분류 안된 상품 전문 소매업,50,제주특별자치도,50110,제주시,50110259,조천읍,5011025924,조천읍,5011025924110020034,1,대지,1002,34,제주특별자치도 제주시 조천읍 함덕리 1002-34,501104849041,제주특별자치도 제주시 조천읍 함덕16길,24,1,5011025924010020034065499,,제주특별자치도 제주시 조천읍 함덕16길 24-1,695965,63333,,,,126.666545489329,33.5407047925915
MA0106202307A0808238,케이젠,,G2,소매,G221,기타 상품 소매,G22199,그 외 기타 상품 전문 소매업,G47859,그 외 기타 분류 안된 상품 전문 소매업,41,경기도,41390,시흥시,41390597,배곧2동,4139013500,배곧동,4139013500102040000,1,대지,204,,경기도 시흥시 배곧동 204,413904853128,경기도 시흥시 서울대학로278번길,61,,4139013200117710001000015,,경기도 시흥시 서울대학로278번길 61,,15011,,,,126.730675060522,37.3681889420436
MA0106202306A1064860,아베싸다구,,G2,소매,G221,기타 상품 소매,G22199,그 외 기타 상품 전문 소매업,G47859,그 외 기타 분류 안된 상품 전문 소매업,41,경기도,41273,안산시 단원구,41273535,호수동,4127310100,고잔동,4127310100107460001,1,대지,746,1,경기도 안산시 단원구 고잔동 746-1,412733191023,경기도 안산시 단원구 민속공원로,77,,4127310100107460001010880,,경기도 안산시 단원구 민속공원로 77,425809,15466,,,,126.838594391707,37.3123864597055
MA0106202308A1134877,시연한과,,G2,소매,G221,기타 상품 소매,G22199,그 외 기타 상품 전문 소매업,G47859,그 외 기타 분류 안된 상품 전문 소매업,51,강원특별자치도,51150,강릉시,51150360,사천면,5115036022,사천면,5115036022103370007,1,대지,337,7,강원특별자치도 강릉시 사천면 노동리 337-7,511503220042,강원특별자치도 강릉시 사천면 중앙서로,151,,4215036022003370007041786,,강원특별자치도 강릉시 사천면 중앙서로 151,210851,25437,,1,,128.837539495171,37.8178276362009
MA0106202307A1515804,라온전자담배멀티샵신,월성점,G2,소매,G221,기타 상품 소매,G22199,그 외 기타 상품 전문 소매업,G47859,그 외 기타 분류 안된 상품 전문 소매업,27,대구광역시,27290,달서구,27290601,월성1동,2729012000,월성동,2729012000118280000,1,대지,1828,,대구광역시 달서구 월성동 1828,272903147040,대구광역시 달서구 조암로,38,,2729012000118280000000001,,대구광역시 달서구 조암로 38,704401,42753,,1,,128.52565295576,35.8249673841329
MA0106202306A0260828,해오름솔루션,,G2,소매,G221,기타 상품 소매,G22199,그 외 기타 상품 전문 소매업,G47859,그 외 기타 분류 안된 상품 전문 소매업,41,경기도,41570,김포시,41570340,대곶면,4157034029,대곶면,4157034029105070001,1,대지,507,1,경기도 김포시 대곶면 송마리 507-1,415703209034,경기도 김포시 대곶면 대곶로,246,26,4157034029105070001000001,,경기도 김포시 대곶면 대곶로 246-26,415855,10027,,,,126.556929677851,37.6657964401933
MA0106202306A1063234,디딤무역,,G2,소매,G221,기타 상품 소매,G22199,그 외 기타 상품 전문 소매업,G47859,그 외 기타 분류 안된 상품 전문 소매업,44,충청남도,44131,천안시 동남구,44131580,청룡동,4413111100,청당동,4413111100105620000,1,대지,562,,충청남도 천안시 동남구 청당동 562,441313249050,충청남도 천안시 동남구 청수6로,35,88,4413111100105620000000001,,충청남도 천안시 동남구 청수6로 35-88,330270,31198,,,,127.157199279494,36.784308645488
MA0106202308A2357539,아이스크림래미안점,,G2,소매,G221,기타 상품 소매,G22199,그 외 기타 상품 전문 소매업,G47859,그 외 기타 분류 안된 상품 전문 소매업,11,서울특별시,11470,양천구,11470650,신정4동,1147010100,신정동,1147010100109630012,1,대지,963,12,서울특별시 양천구 신정동 963-12,114704142292,서울특별시 양천구 오목로32길,17,,1147010100109630012021377,,서울특별시 양천구 오목로32길 17,158859,08025,,1,,126.855143635442,37.5233631982811
MA0106202306A2284224,평화비누,,G2,소매,G221,기타 상품 소매,G22199,그 외 기타 상품 전문 소매업,G47859,그 외 기타 분류 안된 상품 전문 소매업,28,인천광역시,28200,남동구,28200521,구월3동,2820010100,구월동,2820010100111470001,1,대지,1147,1,인천광역시 남동구 구월동 1147-1,282004259139,인천광역시 남동구 남동대로747번길,58,,2820010100111470001005639,,인천광역시 남동구 남동대로747번길 58,405223,21571,,,,126.704108695601,37.4493881786605
MA0106202306A2253015,시칠리안101,,G2,소매,G221,기타 상품 소매,G22199,그 외 기타 상품 전문 소매업,G47859,그 외 기타 분류 안된 상품 전문 소매업,50,제주특별자치도,50130,서귀포시,50130310,안덕면,5013031021,안덕면,5013031021110730002,1,대지,1073,2,제주특별자치도 서귀포시 안덕면 화순리 1073-2,501303350324,제주특별자치도 서귀포시 안덕면 화순로,101,1,5013031021110730002000001,,제주특별자치도 서귀포시 안덕면 화순로 101-1,699923,63530,,,,126.335500580894,33.2463702055446
MA0106202308A0200684,대견F&D이게PC방이다,원평점,G2,소매,G221,기타 상품 소매,G22199,그 외 기타 상품 전문 소매업,G47859,그 외 기타 분류 안된 상품 전문 소매업,47,경상북도,47190,구미시,47190535,원평동,4719010100,원평동,4719010100101100015,1,대지,110,15,경상북도 구미시 원평동 110-15,471904724085,경상북도 구미시 구미중앙로5길,5,,4719010100101100015016429,,경상북도 구미시 구미중앙로5길 5,730920,39221,,2,,128.328204301823,36.1308140140234
MA0106202307A1207795,미가반찬,,G2,소매,G221,기타 상품 소매,G22199,그 외 기타 상품 전문 소매업,G47859,그 외 기타 분류 안된 상품 전문 소매업,29,광주광역시,29170,북구,29170590,용봉동,2917010700,용봉동,2917010700110740006,1,대지,1074,6,광주광역시 북구 용봉동 1074-6,291703162054,광주광역시 북구 용봉택지로,20,,2917010700110740006024312,한신아파트,광주광역시 북구 용봉택지로 20,500845,61115,,1,,126.888143339395,35.1782404358375
MA0106202307A0918765,역전마트,,G2,소매,G221,기타 상품 소매,G22199,그 외 기타 상품 전문 소매업,G47859,그 외 기타 분류 안된 상품 전문 소매업,44,충청남도,44230,논산시,44230510,취암동,4423010100,화지동,4423010100100590009,1,대지,59,9,충청남도 논산시 화지동 59-9,442304565806,충청남도 논산시 중앙로480번길,45,,4423010100100590009000001,,충청남도 논산시 중앙로480번길 45,320802,32966,,,,127.088392817377,36.2064395978893
MA0106202307A0994912,아셀바이오,,G2,소매,G221,기타 상품 소매,G22199,그 외 기타 상품 전문 소매업,G47859,그 외 기타 분류 안된 상품 전문 소매업,41,경기도,41360,남양주시,41360256,화도읍,4136025623,화도읍,4136025623102320042,1,대지,232,42,경기도 남양주시 화도읍 가곡리 232-42,413604391401,경기도 남양주시 화도읍 비룡로331번길,64,25,4136025623102320042004443,,경기도 남양주시 화도읍 비룡로331번길 64-25,472841,12032,,1,,127.295875484967,37.6829075556359
MA0106202307A1013637,천연제작소,,G2,소매,G221,기타 상품 소매,G22199,그 외 기타 상품 전문 소매업,G47859,그 외 기타 분류 안된 상품 전문 소매업,26,부산광역시,26260,동래구,26260580,사직1동,2626010900,사직동,2626010900100720011,1,대지,72,11,부산광역시 동래구 사직동 72-11,262603130011,부산광역시 동래구 석사로,26,,2626010900100720001008362,,부산광역시 동래구 석사로 26,607817,47858,,1,,129.062671282391,35.1990898999692
MA0106202308A0818204,버터볼이터리,,G2,소매,G221,기타 상품 소매,G22199,그 외 기타 상품 전문 소매업,G47859,그 외 기타 분류 안된 상품 전문 소매업,26,부산광역시,26500,수영구,26500800,민락동,2650010300,민락동,2650010300100330007,1,대지,33,7,부산광역시 수영구 민락동 33-7,265004214214,부산광역시 수영구 민락본동로19번길,62,,2650010300100330007012793,,부산광역시 수영구 민락본동로19번길 62,613828,48290,,1,,129.125607799044,35.1576657147761
MA0106202308A1932613,양산제일고등학교,,G2,소매,G221,기타 상품 소매,G22199,그 외 기타 상품 전문 소매업,G47859,그 외 기타 분류 안된 상품 전문 소매업,48,경상남도,48330,양산시,48330530,강서동,4833011000,교동,4833011000102590001,1,대지,259,1,경상남도 양산시 교동 259-1,483304814882,경상남도 양산시 회현1길,21,,4833011000102590001054136,,경상남도 양산시 회현1길 21,626210,50594,,,,129.02394279546,35.3432164162938
MA0106202309A0449860,제이지에스,,G2,소매,G221,기타 상품 소매,G22199,그 외 기타 상품 전문 소매업,G47859,그 외 기타 분류 안된 상품 전문 소매업,41,경기도,41281,고양시 덕양구,41281660,화전동,4128113200,향동동,4128113200104690000,1,대지,469,,경기도 고양시 덕양구 향동동 469,412813351992,경기도 고양시 덕양구 향동로,128,,4128113200104690000000001,,경기도 고양시 덕양구 향동로 128,412160,10545,,,,126.890200517444,37.6008235952435
MA0106202309A0442026,썸,,G2,소매,G221,기타 상품 소매,G22199,그 외 기타 상품 전문 소매업,G47859,그 외 기타 분류 안된 상품 전문 소매업,27,대구광역시,27230,북구,27230770,읍내동,2723011800,읍내동,2723011800112360047,1,대지,1236,47,대구광역시 북구 읍내동 1236-47,272302145001,대구광역시 북구 칠곡중앙대로,614,29,2723011800112360047000001,,대구광역시 북구 칠곡중앙대로 614-29,702847,41402,,1,,128.554116101688,35.9497898716814
MA0106202309A0400550,지오리서치,,G2,소매,G221,기타 상품 소매,G22199,그 외 기타 상품 전문 소매업,G47859,그 외 기타 분류 안된 상품 전문 소매업,47,경상북도,47150,김천시,47150640,율곡동,4715012000,율곡동,4715012000111110000,1,대지,1111,,경상북도 김천시 율곡동 1111,471503306066,경상북도 김천시 혁신8로,5,,4715012000111110000000001,율곡테크노밸리,경상북도 김천시 혁신8로 5,740220,39660,,2,,128.18158170385,36.1277454239066
MA0106202306A1701428,우리홀쇼핑,,G2,소매,G221,기타 상품 소매,G22199,그 외 기타 상품 전문 소매업,G47859,그 외 기타 분류 안된 상품 전문 소매업,11,서울특별시,11320,도봉구,11320521,도봉1동,1132010800,도봉동,1132010800105620026,1,대지,562,26,서울특별시 도봉구 도봉동 562-26,113203005039,서울특별시 도봉구 도봉로,875,,1132010800105620026013342,,서울특별시 도봉구 도봉로 875,132813,01304,,지,,127.045527928843,37.6826662583918
MA0106202308A0540022,아이앤에이에이,,G2,소매,G221,기타 상품 소매,G22199,그 외 기타 상품 전문 소매업,G47859,그 외 기타 분류 안된 상품 전문 소매업,26,부산광역시,26230,부산진구,26230520,부전2동,2623010300,부전동,2623010300101680402,1,대지,168,402,부산광역시 부산진구 부전동 168-402,262304187685,부산광역시 부산진구 중앙대로680번가길,78,,2623010300101680402023157,,부산광역시 부산진구 중앙대로680번가길 78,614845,47292,,4,,129.061165638806,35.156869200742
MA0106202308A1809374,대진유통,,G2,소매,G221,기타 상품 소매,G22199,그 외 기타 상품 전문 소매업,G47859,그 외 기타 분류 안된 상품 전문 소매업,48,경상남도,48129,창원시 진해구,48129530,충무동,4812913200,송학동,4812913200100470007,1,대지,47,7,경상남도 창원시 진해구 송학동 47-7,481294793145,경상남도 창원시 진해구 벚꽃로60번길,19,2,4812913200100470007016776,중앙상가아파트,경상남도 창원시 진해구 벚꽃로60번길 19-2,645230,51680,,1,,128.665236903137,35.1509468544387
MA0106202308A0919696,달리는땅콩,,G2,소매,G221,기타 상품 소매,G22199,그 외 기타 상품 전문 소매업,G47859,그 외 기타 분류 안된 상품 전문 소매업,41,경기도,41360,남양주시,41360265,퇴계원읍,4136026521,퇴계원읍,4136026521102670011,1,대지,267,11,경기도 남양주시 퇴계원읍 퇴계원리 267-11,413603197059,경기도 남양주시 퇴계원읍 퇴계원로,65,,4136037021102670011006518,,경기도 남양주시 퇴계원읍 퇴계원로 65,472824,12120,,1,,127.142477818203,37.6525052682291
MA0106202309A0337320,정선남일,,G2,소매,G221,기타 상품 소매,G22199,그 외 기타 상품 전문 소매업,G47859,그 외 기타 분류 안된 상품 전문 소매업,51,강원특별자치도,51770,정선군,51770350,임계면,5177035025,임계면,5177035025107670009,1,대지,767,9,강원특별자치도 정선군 임계면 송계리 767-9,517704487216,강원특별자치도 정선군 임계면 송계2길,5,1,4277035025107670009021801,정선남일,강원특별자치도 정선군 임계면 송계2길 5-1,233872,26110,,,,128.85084649849,37.495128698737
MA0106202306A1103095,그로잉세일즈,,G2,소매,G221,기타 상품 소매,G22199,그 외 기타 상품 전문 소매업,G47859,그 외 기타 분류 안된 상품 전문 소매업,11,서울특별시,11440,마포구,11440660,서교동,1144012100,동교동,1144012100102000034,1,대지,200,34,서울특별시 마포구 동교동 200-34,114404139112,서울특별시 마포구 동교로27길,3,12,1144012100102000034012074,동교동빌딩,서울특별시 마포구 동교로27길 3-12,121819,03993,,1,,126.922643155002,37.5582142941431
MA0106202306A1114718,바다슈퍼,,G2,소매,G221,기타 상품 소매,G22199,그 외 기타 상품 전문 소매업,G47859,그 외 기타 분류 안된 상품 전문 소매업,11,서울특별시,11650,서초구,11650531,서초4동,1165010800,서초동,1165010800113020040,1,대지,1302,40,서울특별시 서초구 서초동 1302-40,116504163336,서울특별시 서초구 사평대로56길,12,,1165010800113020040019913,,서울특별시 서초구 사평대로56길 12,137855,06609,,1,,127.02303725157,37.5029159001879
MA0106202306A0433888,다온바이오사이언스,,G2,소매,G221,기타 상품 소매,G22199,그 외 기타 상품 전문 소매업,G47859,그 외 기타 분류 안된 상품 전문 소매업,41,경기도,41450,하남시,41450620,미사2동,4145010900,망월동,4145010900108360000,1,대지,836,,경기도 하남시 망월동 836,414503202055,경기도 하남시 미사강변한강로,165,,4145010900108360000000001,현대클러스터한강미,경기도 하남시 미사강변한강로 165,465150,12902,,,,127.193735330644,37.5749653282963
MA0106202306A2410606,장원365유통,,G2,소매,G221,기타 상품 소매,G22199,그 외 기타 상품 전문 소매업,G47859,그 외 기타 분류 안된 상품 전문 소매업,48,경상남도,48125,창원시 마산합포구,48125330,진북면,4812533030,진북면,4812533030103520006,1,대지,352,6,경상남도 창원시 마산합포구 진북면 신촌리 352-6,481253329055,경상남도 창원시 마산합포구 진북면 진북신촌로,143,21,4812533030103520006000001,,경상남도 창원시 마산합포구 진북면 진북신촌로 143-21,631821,51787,,,,128.476851350073,35.1370232030458
MA0106202307A1892801,관우유통,,G2,소매,G221,기타 상품 소매,G22199,그 외 기타 상품 전문 소매업,G47859,그 외 기타 분류 안된 상품 전문 소매업,26,부산광역시,26500,수영구,26500750,망미2동,2650010100,망미동,2650010100101980011,1,대지,198,11,부산광역시 수영구 망미동 198-11,265003138007,부산광역시 수영구 구락로,128,,2650010100101980011009925,,부산광역시 수영구 구락로 128,613820,48214,,,,129.116357412228,35.1784009768557
MA0106202306A1352539,크라상점광장,시장점,G2,소매,G221,기타 상품 소매,G22199,그 외 기타 상품 전문 소매업,G47859,그 외 기타 분류 안된 상품 전문 소매업,11,서울특별시,11110,종로구,11110630,종로5.6가동,1111016300,종로5가,1111016300103980009,1,대지,398,9,서울특별시 종로구 종로5가 398-9,111104100322,서울특별시 종로구 종로32길,25,,1111016300103980009012359,,서울특별시 종로구 종로32길 25,110836,03195,,,,127.001448899355,37.5699255489314
MA0106202308A0500063,마카롱제작소,,G2,소매,G221,기타 상품 소매,G22199,그 외 기타 상품 전문 소매업,G47859,그 외 기타 분류 안된 상품 전문 소매업,41,경기도,41171,안양시 만안구,41171550,안양5동,4117110100,안양동,4117110100104530026,1,대지,453,26,경기도 안양시 만안구 안양동 453-26,411714346185,경기도 안양시 만안구 안양로223번길,39,,4117110100104530026001228,,경기도 안양시 만안구 안양로223번길 39,430823,14030,,1,,126.924135358631,37.392168182938
MA0106202308A1119069,집반찬,,G2,소매,G221,기타 상품 소매,G22199,그 외 기타 상품 전문 소매업,G47859,그 외 기타 분류 안된 상품 전문 소매업,52,전북특별자치도,52111,전주시 완산구,52111730,효자5동,5211114100,효자동2가,5211114100112420003,1,대지,1242,3,전북특별자치도 전주시 완산구 효자동2가 1242-3,521113266081,전북특별자치도 전주시 완산구 홍산남로,18,,4511114100112420003000001,일부,전북특별자치도 전주시 완산구 홍산남로 18,560800,54966,,1,,127.103747617287,35.8155811284838
MA0106202308A2048552,에너지큐브,,G2,소매,G221,기타 상품 소매,G22199,그 외 기타 상품 전문 소매업,G47859,그 외 기타 분류 안된 상품 전문 소매업,48,경상남도,48123,창원시 성산구,48123520,중앙동,4812312500,중앙동,4812312500100950002,1,대지,95,2,경상남도 창원시 성산구 중앙동 95-2,481233327038,경상남도 창원시 성산구 용지로,94,,4812312500100950002003380,올림피아상가,경상남도 창원시 성산구 용지로 94,642845,51515,,,,128.677862397172,35.223879976975
MA0106202308A1722644,케이쿠샵,,G2,소매,G221,기타 상품 소매,G22199,그 외 기타 상품 전문 소매업,G47859,그 외 기타 분류 안된 상품 전문 소매업,27,대구광역시,27290,달서구,27290617,유천동,2729011900,대천동,2729011900104860007,1,대지,486,7,대구광역시 달서구 대천동 486-7,272904241555,대구광역시 달서구 조암남로27길,23,,2729011900104860007008656,,대구광역시 달서구 조암남로27길 23,704800,42760,,1,,128.520246657064,35.8170876697335
MA0106202307A0086519,숲소리,,G2,소매,G221,기타 상품 소매,G22199,그 외 기타 상품 전문 소매업,G47859,그 외 기타 분류 안된 상품 전문 소매업,11,서울특별시,11440,마포구,11440610,염리동,1144010900,염리동,1144010900101610006,1,대지,161,6,서울특별시 마포구 염리동 161-6,114403113005,서울특별시 마포구 독막로,291,3,1144010900101610006020934,,서울특별시 마포구 독막로 291-3,121874,04151,,2,,126.945571207184,37.5450094474463
MA0106202307A1959516,딜라이트베이커리,,G2,소매,G221,기타 상품 소매,G22199,그 외 기타 상품 전문 소매업,G47859,그 외 기타 분류 안된 상품 전문 소매업,46,전라남도,46130,여수시,46130800,여천동,4613013500,선원동,4613013500112490006,1,대지,1249,6,전라남도 여수시 선원동 1249-6,461303282026,전라남도 여수시 무선중앙로,92,,4613013500112490006049999,,전라남도 여수시 무선중앙로 92,555801,59641,,,,127.654024856095,34.7724525782511
MA0106202306A1828357,와이피피,,G2,소매,G221,기타 상품 소매,G22199,그 외 기타 상품 전문 소매업,G47859,그 외 기타 분류 안된 상품 전문 소매업,41,경기도,41590,화성시,41590262,남양읍,4159026226,남양읍,4159026226102910005,1,대지,291,5,경기도 화성시 남양읍 온석리 291-5,415903210123,경기도 화성시 남양읍 현대기아로,202,21,4159010600102910005000001,,경기도 화성시 남양읍 현대기아로 202-21,445867,18279,,,,126.84886364617,37.1694042032466
MA0106202306A2438618,현미랑누룽지랑,,G2,소매,G221,기타 상품 소매,G22199,그 외 기타 상품 전문 소매업,G47859,그 외 기타 분류 안된 상품 전문 소매업,41,경기도,41450,하남시,41450520,신장1동,4145010600,신장동,4145010600104280027,1,대지,428,27,경기도 하남시 신장동 428-27,414504406164,경기도 하남시 신장1로9번길,48,9,4145010600104280027003753,,경기도 하남시 신장1로9번길 48-9,465820,12958,,,,127.207219294466,37.5387314041178
MA0106202306A2230428,샵뻥튀기,,G2,소매,G221,기타 상품 소매,G22199,그 외 기타 상품 전문 소매업,G47859,그 외 기타 분류 안된 상품 전문 소매업,41,경기도,41220,평택시,41220259,청북읍,4122025925,청북읍,4122025925104250002,1,대지,425,2,경기도 평택시 청북읍 후사리 425-2,412204364607,경기도 평택시 청북읍 원후사길,52,6,4122025925104250002000001,,경기도 평택시 청북읍 원후사길 52-6,451831,17799,,,,126.937617674577,37.0241329618764
MA0106202306A1333312,두란노빈,,G2,소매,G221,기타 상품 소매,G22199,그 외 기타 상품 전문 소매업,G47859,그 외 기타 분류 안된 상품 전문 소매업,11,서울특별시,11740,강동구,11740685,길동,1174010500,길동,1174010500103550006,1,대지,355,6,서울특별시 강동구 길동 355-6,117404172358,서울특별시 강동구 천중로52길,27,,1174010500103550006023017,,서울특별시 강동구 천중로52길 27,134812,05344,,B1,,127.143959859406,37.5395552747429
MA0106202306A2126463,정우컴퍼니,,G2,소매,G221,기타 상품 소매,G22199,그 외 기타 상품 전문 소매업,G47859,그 외 기타 분류 안된 상품 전문 소매업,48,경상남도,48330,양산시,48330560,평산동,4833011900,평산동,4833011900100840004,1,대지,84,4,경상남도 양산시 평산동 84-4,483304814826,경상남도 양산시 평산8길,22,,4833011900100840004000001,,경상남도 양산시 평산8길 22,626848,50548,,,,129.150851112082,35.383511741455
MA0106202301A1832513,쌍용그린유통,,G2,소매,G221,기타 상품 소매,G22199,그 외 기타 상품 전문 소매업,G47859,그 외 기타 분류 안된 상품 전문 소매업,48,경상남도,48170,진주시,48170250,문산읍,4817025022,문산읍,4817025022105470000,1,대지,547,,경상남도 진주시 문산읍 소문리 547,481704796977,경상남도 진주시 문산읍 월아산로1117번길,27,,,,경상남도 진주시 문산읍 월아산로1117번길 27,660845,52836,,,,128.157100008303,35.1708093261573
MA0106202301A1816361,큰장날식품,,G2,소매,G221,기타 상품 소매,G22199,그 외 기타 상품 전문 소매업,G47859,그 외 기타 분류 안된 상품 전문 소매업,48,경상남도,48890,합천군,48890360,초계면,4889036021,초계면,4889036021101080001,1,대지,108,1,경상남도 합천군 초계면 아막리 108-1,488903348020,경상남도 합천군 초계면 아막재로,4,,,,경상남도 합천군 초계면 아막재로 4,678821,50246,,,,128.267966305951,35.5594834917734
MA0106202307A0060647,마루상사,,G2,소매,G221,기타 상품 소매,G22199,그 외 기타 상품 전문 소매업,G47859,그 외 기타 분류 안된 상품 전문 소매업,11,서울특별시,11560,영등포구,11560630,신길1동,1156013200,신길동,1156013200104580015,1,대지,458,15,서울특별시 영등포구 신길동 458-15,115604154672,서울특별시 영등포구 여의대방로47라길,5,,1156013200104580015018540,,서울특별시 영등포구 여의대방로47라길 5,150853,07358,,,,126.920884889834,37.5084598646795
MA0106202307A0724090,반찬고셰프의찬,전문점,G2,소매,G221,기타 상품 소매,G22199,그 외 기타 상품 전문 소매업,G47859,그 외 기타 분류 안된 상품 전문 소매업,52,전북특별자치도,52111,전주시 완산구,52111714,효자4동,5211114100,효자동2가,5211114100112500003,1,대지,1250,3,전북특별자치도 전주시 완산구 효자동2가 1250-3,521114598151,전북특별자치도 전주시 완산구 봉곡1길,36,2,4511114100112500003000001,,전북특별자치도 전주시 완산구 봉곡1길 36-2,560800,55060,,,,127.100845271159,35.8130059910724
MA0106202307A1984970,꼬모분식,,G2,소매,G221,기타 상품 소매,G22199,그 외 기타 상품 전문 소매업,G47859,그 외 기타 분류 안된 상품 전문 소매업,52,전북특별자치도,52800,부안군,52800250,부안읍,5280025022,부안읍,5280025022100120015,1,대지,12,15,전북특별자치도 부안군 부안읍 서외리 12-15,528004640382,전북특별자치도 부안군 부안읍 시장1길,8,4,4580025022100120015000001,,전북특별자치도 부안군 부안읍 시장1길 8-4,579803,56308,,,,126.734154986805,35.7267826439753
MA0106202307A2318408,얼음왕국성내32,6호점,G2,소매,G221,기타 상품 소매,G22199,그 외 기타 상품 전문 소매업,G47859,그 외 기타 분류 안된 상품 전문 소매업,11,서울특별시,11740,강동구,11740650,성내2동,1174010800,성내동,1174010800102000023,1,대지,200,23,서울특별시 강동구 성내동 200-23,117404172382,서울특별시 강동구 천호대로170길,48,,1174010800102000023000001,,서울특별시 강동구 천호대로170길 48,134842,05381,,1,,127.132418821984,37.533261780648
MA0106202309A0495625,베이포니아,,G2,소매,G221,기타 상품 소매,G22199,그 외 기타 상품 전문 소매업,G47859,그 외 기타 분류 안된 상품 전문 소매업,11,서울특별시,11650,서초구,11650510,서초1동,1165010800,서초동,1165010800116740005,1,대지,1674,5,서울특별시 서초구 서초동 1674-5,116502121002,서울특별시 서초구 서초대로,316,,1165010800116740005024605,제,서울특별시 서초구 서초대로 316,137881,06633,,1,,127.01621576919,37.4940691512094
MA0106202308A1589125,앞선아이,,G2,소매,G221,기타 상품 소매,G22199,그 외 기타 상품 전문 소매업,G47859,그 외 기타 분류 안된 상품 전문 소매업,41,경기도,41390,시흥시,41390570,목감동,4139012600,목감동,4139012600104130003,1,대지,413,3,경기도 시흥시 목감동 413-3,413904853498,경기도 시흥시 남왕길,48,15,4139012600104130003000001,,경기도 시흥시 남왕길 48-15,429320,14985,,,,126.86305920172,37.3825173351551
MA0106202306A0746177,포프,,G2,소매,G221,기타 상품 소매,G22199,그 외 기타 상품 전문 소매업,G47859,그 외 기타 분류 안된 상품 전문 소매업,44,충청남도,44800,홍성군,44800250,홍성읍,4480025024,홍성읍,4480025024108960002,1,대지,896,2,충청남도 홍성군 홍성읍 월산리 896-2,448003262011,충청남도 홍성군 홍성읍 법원로,13,,4480025024108960002055518,복도끝방,충청남도 홍성군 홍성읍 법원로 13,350809,32226,,2,,126.651517087443,36.5995770718116
MA0106202307A1654423,하시,,G2,소매,G221,기타 상품 소매,G22199,그 외 기타 상품 전문 소매업,G47859,그 외 기타 분류 안된 상품 전문 소매업,52,전북특별자치도,52111,전주시 완산구,52111530,풍남동,5211111800,교동,5211111800101260003,1,대지,126,3,전북특별자치도 전주시 완산구 교동 126-3,521114598265,전북특별자치도 전주시 완산구 오목대길,53,,4511111800101260003345273,,전북특별자치도 전주시 완산구 오목대길 53,560070,55045,,1,,127.15327042306,35.8129055184679
MA0106202308A1410803,천율식품,,G2,소매,G221,기타 상품 소매,G22199,그 외 기타 상품 전문 소매업,G47859,그 외 기타 분류 안된 상품 전문 소매업,51,강원특별자치도,51130,원주시,51130330,지정면,5113033027,지정면,5113033027104150012,1,대지,415,12,강원특별자치도 원주시 지정면 보통리 415-12,511303219024,강원특별자치도 원주시 지정면 보통로,309,,4213033027104150012000001,,강원특별자치도 원주시 지정면 보통로 309,220822,26356,,,,127.867613453494,37.3383193633361
MA0106202308A1289626,설악푸드,,G2,소매,G221,기타 상품 소매,G22199,그 외 기타 상품 전문 소매업,G47859,그 외 기타 분류 안된 상품 전문 소매업,30,대전광역시,30110,동구,30110740,산내동,3011014300,삼괴동,3011014300101360006,1,대지,136,6,대전광역시 동구 삼괴동 136-6,301103000089,대전광역시 동구 산내로,988,,3011014300101360006035950,,대전광역시 동구 산내로 988,300230,34709,,1,,127.478978402319,36.2570978774208
MA0106202308A2357534,릴리썸,,G2,소매,G221,기타 상품 소매,G22199,그 외 기타 상품 전문 소매업,G47859,그 외 기타 분류 안된 상품 전문 소매업,27,대구광역시,27290,달서구,27290563,죽전동,2729011200,죽전동,2729011200103760001,1,대지,376,1,대구광역시 달서구 죽전동 376-1,272904241436,대구광역시 달서구 와룡로51길,19,,2729011200103760001005364,,대구광역시 달서구 와룡로51길 19,704932,42631,,1,,128.536099592431,35.8554375291275
MA0106202306A1592581,에이스커피컴퍼니,,G2,소매,G221,기타 상품 소매,G22199,그 외 기타 상품 전문 소매업,G47859,그 외 기타 분류 안된 상품 전문 소매업,28,인천광역시,28200,남동구,28200650,장수서창동,2820010500,서창동,2820010500105420005,1,대지,542,5,인천광역시 남동구 서창동 542-5,282003153025,인천광역시 남동구 독곡로,38,1,2820010500105420005000001,,인천광역시 남동구 독곡로 38-1,405260,21604,,,,126.748401294289,37.4350565461868
MA0106202306A2087659,낭만여수딸기모찌낭만포차점,,G2,소매,G221,기타 상품 소매,G22199,그 외 기타 상품 전문 소매업,G47859,그 외 기타 분류 안된 상품 전문 소매업,46,전라남도,46130,여수시,46130515,동문동,4613010100,종화동,4613010100102820000,1,대지,282,,전라남도 여수시 종화동 282,461302282002,전라남도 여수시 여수시민로,1,,4613010100102820000000001,,전라남도 여수시 여수시민로 1,550040,59746,,지,,127.749931695578,34.7368894847839
MA0106202308A0203193,라온컴퍼니,,G2,소매,G221,기타 상품 소매,G22199,그 외 기타 상품 전문 소매업,G47859,그 외 기타 분류 안된 상품 전문 소매업,41,경기도,41590,화성시,41590253,봉담읍,4159025328,봉담읍,4159025328100090000,1,대지,9,,경기도 화성시 봉담읍 왕림리 9,415904430961,경기도 화성시 봉담읍 왕림북길,17,,4159025328100090000000001,,경기도 화성시 봉담읍 왕림북길 17,445906,18332,,,,126.943136417709,37.2035287539577
MA0106202308A1041018,수정유통,,G2,소매,G221,기타 상품 소매,G22199,그 외 기타 상품 전문 소매업,G47859,그 외 기타 분류 안된 상품 전문 소매업,41,경기도,41430,의왕시,41430520,부곡동,4143011100,초평동,4143011100103340000,1,대지,334,,경기도 의왕시 초평동 334,414304403125,경기도 의왕시 아랫새우대길,8,,4143011100103340000011755,,경기도 의왕시 아랫새우대길 8,437060,16109,,1,,126.938376284878,37.3083627566879
MA0106202308A0277645,더존지앤디,,G2,소매,G221,기타 상품 소매,G22199,그 외 기타 상품 전문 소매업,G47859,그 외 기타 분류 안된 상품 전문 소매업,41,경기도,41210,광명시,41210631,하안1동,4121010300,하안동,4121010300103050003,1,대지,305,3,경기도 광명시 하안동 305-3,412103000022,경기도 광명시 오리로,649,,4121010300103050003012530,경일빌딩,경기도 광명시 오리로 649,423851,14303,,3,,126.877048163491,37.4591011887392
MA0106202308A1056621,메이드윤,,G2,소매,G221,기타 상품 소매,G22199,그 외 기타 상품 전문 소매업,G47859,그 외 기타 분류 안된 상품 전문 소매업,29,광주광역시,29170,북구,29170677,오치2동,2917011500,오치동,2917011500109170028,1,대지,917,28,광주광역시 북구 오치동 917-28,291703162042,광주광역시 북구 안산로,38,19,2917011500109170028000804,,광주광역시 북구 안산로 38-19,500839,61053,,,,126.903124922025,35.1905478342462
MA0106202308A1324281,양세마리,,G2,소매,G221,기타 상품 소매,G22199,그 외 기타 상품 전문 소매업,G47859,그 외 기타 분류 안된 상품 전문 소매업,30,대전광역시,30140,중구,30140575,대흥동,3014010500,대흥동,3014010500104520003,1,대지,452,3,대전광역시 중구 대흥동 452-3,301403164032,대전광역시 중구 보문로,246,,3014010500104520003010848,지하상가,대전광역시 중구 보문로 246,301726,34917,,,,127.422872654052,36.3246006791943
MA0106202306A0712382,제이씨컴퍼니,,G2,소매,G221,기타 상품 소매,G22199,그 외 기타 상품 전문 소매업,G47859,그 외 기타 분류 안된 상품 전문 소매업,11,서울특별시,11215,광진구,11215750,중곡2동,1121510100,중곡동,1121510100101160005,1,대지,116,5,서울특별시 광진구 중곡동 116-5,112153005028,서울특별시 광진구 용마산로,5,,1121510100101160005027558,,서울특별시 광진구 용마산로 5,143890,04931,,1,,127.088228489001,37.5542152529058
MA0106202308A1244069,경남리퍼브마켓,,G2,소매,G221,기타 상품 소매,G22199,그 외 기타 상품 전문 소매업,G47859,그 외 기타 분류 안된 상품 전문 소매업,48,경상남도,48240,사천시,48240250,사천읍,4824025031,사천읍,4824025031115700009,1,대지,1570,9,경상남도 사천시 사천읍 두량리 1570-9,482404802382,경상남도 사천시 사천읍 성지공단길,63,,4824025031115700009056727,,경상남도 사천시 사천읍 성지공단길 63,664801,52513,,1,,128.110468492857,35.1026835240007
MA0106202307A2012312,리메이크캐러멜,,G2,소매,G221,기타 상품 소매,G22199,그 외 기타 상품 전문 소매업,G47859,그 외 기타 분류 안된 상품 전문 소매업,11,서울특별시,11170,용산구,11170685,한남동,1117013100,한남동,1117013100102670002,1,대지,267,2,서울특별시 용산구 한남동 267-2,111704106041,서울특별시 용산구 독서당로20길,9,13,1117013100102670002006095,,서울특별시 용산구 독서당로20길 9-13,140888,04420,,1,,127.009435856049,37.5332185126423
MA0106202306A2261744,로또명당,,G2,소매,G221,기타 상품 소매,G22199,그 외 기타 상품 전문 소매업,G47859,그 외 기타 분류 안된 상품 전문 소매업,51,강원특별자치도,51110,춘천시,51110530,조운동,5111011000,운교동,5111011000101820006,1,대지,182,6,강원특별자치도 춘천시 운교동 182-6,511103218037,강원특별자치도 춘천시 춘천로,183,,4211011000101820006022605,,강원특별자치도 춘천시 춘천로 183,200080,24350,,1,,127.734576779215,37.8767031905229
MA0106202309A0069623,리스,,G2,소매,G221,기타 상품 소매,G22199,그 외 기타 상품 전문 소매업,G47859,그 외 기타 분류 안된 상품 전문 소매업,26,부산광역시,26320,북구,26320510,구포1동,2632010500,구포동,2632010500105990030,1,대지,599,30,부산광역시 북구 구포동 599-30,263204196027,부산광역시 북구 구포시장2길,14,,2632010500105990030012829,,부산광역시 북구 구포시장2길 14,616801,46581,,,,129.003968314994,35.2084658646465
MA0106202306A1681027,도원케어,,G2,소매,G221,기타 상품 소매,G22199,그 외 기타 상품 전문 소매업,G47859,그 외 기타 분류 안된 상품 전문 소매업,11,서울특별시,11500,강서구,11500611,발산1동,1150010600,내발산동,1150010600107230000,1,대지,723,,서울특별시 강서구 내발산동 723,115003115001,서울특별시 강서구 강서로,261,,1150010600107230000008651,,서울특별시 강서구 강서로 261,157835,07639,,2,,126.83595769707,37.5491787778029
MA0106202306A1634832,맛있는반찬,,G2,소매,G221,기타 상품 소매,G22199,그 외 기타 상품 전문 소매업,G47859,그 외 기타 분류 안된 상품 전문 소매업,52,전북특별자치도,52130,군산시,52130690,수송동,5213014100,수송동,5213014100107940000,1,대지,794,,전북특별자치도 군산시 수송동 794,521304604163,전북특별자치도 군산시 남수송5길,4,18,4513014100107940000000001,,전북특별자치도 군산시 남수송5길 4-18,573370,54102,,1,,126.710547349783,35.9609910271332
MA0106202306A0497207,엠에이치쇼핑홀,,G2,소매,G221,기타 상품 소매,G22199,그 외 기타 상품 전문 소매업,G47859,그 외 기타 분류 안된 상품 전문 소매업,41,경기도,41590,화성시,41590259,향남읍,4159025921,향남읍,4159025921100810088,1,대지,81,88,경기도 화성시 향남읍 평리 81-88,415903012004,경기도 화성시 향남읍 삼천병마로,207,,4159025921100810088000475,,경기도 화성시 향남읍 삼천병마로 207,445939,18593,,2,,126.910092493761,37.1316490222889
MA0106202308A1443445,매일분식,,G2,소매,G221,기타 상품 소매,G22199,그 외 기타 상품 전문 소매업,G47859,그 외 기타 분류 안된 상품 전문 소매업,52,전북특별자치도,52180,정읍시,52180510,수성동,5218010100,수성동,5218010100110340001,1,대지,1034,1,전북특별자치도 정읍시 수성동 1034-1,521803270029,전북특별자치도 정읍시 수성로,68,,4518010100110340001088195,수성동,전북특별자치도 정읍시 수성로 68,580804,56174,,,,126.856888439818,35.5833624722206
MA0106202309A0421639,쁨이네,구미점,G2,소매,G221,기타 상품 소매,G22199,그 외 기타 상품 전문 소매업,G47859,그 외 기타 분류 안된 상품 전문 소매업,47,경상북도,47190,구미시,47190256,산동읍,4719025625,산동읍,4719025625118340000,1,대지,1834,,경상북도 구미시 산동읍 신당리 1834,471903351408,경상북도 구미시 산동읍 신당4로,70,,4719035025100000000000093,,경상북도 구미시 산동읍 신당4로 70,730853,39460,,,,128.427940096059,36.1592954071446
MA0106202309A0133846,아시아마트,,G2,소매,G221,기타 상품 소매,G22199,그 외 기타 상품 전문 소매업,G47859,그 외 기타 분류 안된 상품 전문 소매업,31,울산광역시,31710,울주군,31710250,온산읍,3171025032,온산읍,3171025032113580010,1,대지,1358,10,울산광역시 울주군 온산읍 덕신리 1358-10,317104319732,울산광역시 울주군 온산읍 영남5길,15,,3171025032113580010003570,,울산광역시 울주군 온산읍 영남5길 15,689894,45002,,1,,129.307653399375,35.438953185482
MA0106202306A0601957,베이비플러스,,G2,소매,G221,기타 상품 소매,G22199,그 외 기타 상품 전문 소매업,G47859,그 외 기타 분류 안된 상품 전문 소매업,41,경기도,41450,하남시,41450520,신장1동,4145010600,신장동,4145010600104280020,1,대지,428,20,경기도 하남시 신장동 428-20,414504406279,경기도 하남시 하남대로801번길,49,,4145010600104280020003948,,경기도 하남시 하남대로801번길 49,465820,12958,,1,,127.207117611381,37.538785642423
MA0106202306A0994463,인산가원주지사,,G2,소매,G221,기타 상품 소매,G22199,그 외 기타 상품 전문 소매업,G47859,그 외 기타 분류 안된 상품 전문 소매업,51,강원특별자치도,51130,원주시,51130610,태장1동,5113011200,태장동,5113011200113460056,1,대지,1346,56,강원특별자치도 원주시 태장동 1346-56,511304457336,강원특별자치도 원주시 새동네3길,1,,4213011200113460056023189,,강원특별자치도 원주시 새동네3길 1,220121,26326,,,,127.952523350831,37.3594072062733
MA0106202308A1126749,루비망고,본점,G2,소매,G221,기타 상품 소매,G22199,그 외 기타 상품 전문 소매업,G47859,그 외 기타 분류 안된 상품 전문 소매업,41,경기도,41450,하남시,41450582,감일동,4145011500,감이동,4145011500104780003,1,대지,478,3,경기도 하남시 감이동 478-3,414503352273,경기도 하남시 신우실로,132,,4145011500100000000000023,DSH타워,경기도 하남시 신우실로 132,465190,12995,,1,,127.168700298892,37.5070594369745
MA0106202306A0558607,카이카,,G2,소매,G221,기타 상품 소매,G22199,그 외 기타 상품 전문 소매업,G47859,그 외 기타 분류 안된 상품 전문 소매업,11,서울특별시,11110,종로구,11110515,청운효자동,1111010100,청운동,1111010100100420003,1,대지,42,3,서울특별시 종로구 청운동 42-3,111103100012,서울특별시 종로구 자하문로,129,,1111010100100420003031299,,서울특별시 종로구 자하문로 129,110030,03031,,,,126.969339569586,37.5873738314135
MA0106202306A0339812,진로석수경기중앙,,G2,소매,G221,기타 상품 소매,G22199,그 외 기타 상품 전문 소매업,G47859,그 외 기타 분류 안된 상품 전문 소매업,41,경기도,41463,용인시 기흥구,41463520,구갈동,4146310200,구갈동,4146310200103800000,1,대지,380,,경기도 용인시 기흥구 구갈동 380,414633204017,경기도 용인시 기흥구 기흥로,25,,4146310200103800000022247,한성1차,경기도 용인시 기흥구 기흥로 25,446735,16973,,,,127.115542630526,37.2785971807426
MA0106202306A0255692,선률사이언스,,G2,소매,G221,기타 상품 소매,G22199,그 외 기타 상품 전문 소매업,G47859,그 외 기타 분류 안된 상품 전문 소매업,29,광주광역시,29200,광산구,29200515,송정1동,2920010100,송정동,2920010100101900005,1,대지,190,5,광주광역시 광산구 송정동 190-5,292003163023,광주광역시 광산구 송정로,91,,2920010100101900005045543,,광주광역시 광산구 송정로 91,506804,62434,,2,,126.800724880051,35.1329520768284
MA0106202308A1149201,수야네수제과일청,,G2,소매,G221,기타 상품 소매,G22199,그 외 기타 상품 전문 소매업,G47859,그 외 기타 분류 안된 상품 전문 소매업,52,전북특별자치도,52130,군산시,52130560,삼학동,5213011100,삼학동,5213011100107890005,1,대지,789,5,전북특별자치도 군산시 삼학동 789-5,521303268033,전북특별자치도 군산시 미원로,52,,4513011100107890005017437,,전북특별자치도 군산시 미원로 52,573310,54119,,1,,126.710886298111,35.9774844414381
MA0106202308A1700076,언누아르,,G2,소매,G221,기타 상품 소매,G22199,그 외 기타 상품 전문 소매업,G47859,그 외 기타 분류 안된 상품 전문 소매업,46,전라남도,46110,목포시,46110758,신흥동,4611015800,상동,4611015800109280006,1,대지,928,6,전라남도 목포시 상동 928-6,461103281089,전라남도 목포시 하당로,101,,4611015800109280006007950,,전라남도 목포시 하당로 101,530826,58698,,3,,126.415319148982,34.8004873055754
MA0106202308A0008122,로랜드상회,,G2,소매,G221,기타 상품 소매,G22199,그 외 기타 상품 전문 소매업,G47859,그 외 기타 분류 안된 상품 전문 소매업,41,경기도,41570,김포시,41570256,양촌읍,4157025621,양촌읍,4157025621104300003,1,대지,430,3,경기도 김포시 양촌읍 양곡리 430-3,415704427390,경기도 김포시 양촌읍 양곡1로56번길,3,,4157032021104300003002617,,경기도 김포시 양촌읍 양곡1로56번길 3,415845,10059,,,,126.623396976843,37.6558823924567
MA0106202308A1971157,후식,,G2,소매,G221,기타 상품 소매,G22199,그 외 기타 상품 전문 소매업,G47859,그 외 기타 분류 안된 상품 전문 소매업,27,대구광역시,27260,수성구,27260652,지산2동,2726011200,지산동,2726011200111920006,1,대지,1192,6,대구광역시 수성구 지산동 1192-6,272604238336,대구광역시 수성구 용학로30길,82,,2726011200111920006004448,,대구광역시 수성구 용학로30길 82,706844,42219,,1,,128.629393356717,35.8213796930392
MA0106202308A0423715,에이레네,,G2,소매,G221,기타 상품 소매,G22199,그 외 기타 상품 전문 소매업,G47859,그 외 기타 분류 안된 상품 전문 소매업,43,충청북도,43114,청주시 청원구,43114530,내덕2동,4311410200,내덕동,4311410200100230000,1,대지,23,,충청북도 청주시 청원구 내덕동 23,431144508427,충청북도 청주시 청원구 안덕벌로104번길,28,,4311111400100230000000001,,충청북도 청주시 청원구 안덕벌로104번길 28,363804,28497,,,,127.498758009645,36.6571116810866
MA0106202308A1937518,월드스포츠카드,,G2,소매,G221,기타 상품 소매,G22199,그 외 기타 상품 전문 소매업,G47859,그 외 기타 분류 안된 상품 전문 소매업,41,경기도,41220,평택시,41220330,고덕면,4122033025,고덕면,4122033025112770001,1,대지,1277,1,경기도 평택시 고덕면 해창리 1277-1,412204856244,경기도 평택시 고덕면 도시지원1길,19,,4122033025112770001000001,,경기도 평택시 고덕면 도시지원1길 19,451843,18021,,9,,127.016306905333,37.0265541175683
MA0106202306A2060495,북극곰,,G2,소매,G221,기타 상품 소매,G22199,그 외 기타 상품 전문 소매업,G47859,그 외 기타 분류 안된 상품 전문 소매업,41,경기도,41360,남양주시,41360530,금곡동,4136010300,금곡동,4136010300104480002,1,대지,448,2,경기도 남양주시 금곡동 448-2,413604391788,경기도 남양주시 홍유릉로248번길,64,181,4136010300104480032006876,,경기도 남양주시 홍유릉로248번길 64-181,472808,12238,,,,127.209734911785,37.6288441576255
MA0106202306A0552992,세이프티유,,G2,소매,G221,기타 상품 소매,G22199,그 외 기타 상품 전문 소매업,G47859,그 외 기타 분류 안된 상품 전문 소매업,41,경기도,41360,남양주시,41360565,다산2동,4136011200,다산동,4136011200162500000,1,대지,6250,,경기도 남양주시 다산동 6250,413603351589,경기도 남양주시 다산지금로,202,,4136011200162500000000001,현대테라타워,경기도 남양주시 다산지금로 202,,12284,,9,,127.172217832858,37.5956404071921
MA0106202306A0483412,유헬스,,G2,소매,G221,기타 상품 소매,G22199,그 외 기타 상품 전문 소매업,G47859,그 외 기타 분류 안된 상품 전문 소매업,11,서울특별시,11500,강서구,11500611,발산1동,1150010500,마곡동,1150010500108000015,1,대지,800,15,서울특별시 강서구 마곡동 800-15,115003155052,서울특별시 강서구 마곡중앙2로,35,,1150010500108000015000001,,서울특별시 강서구 마곡중앙2로 35,157210,07806,,2,,126.830664387212,37.5579650352303
MA0106202308A2203669,에이스복권판매점,,G2,소매,G221,기타 상품 소매,G22199,그 외 기타 상품 전문 소매업,G47859,그 외 기타 분류 안된 상품 전문 소매업,51,강원특별자치도,51150,강릉시,51150590,송정동,5115011500,견소동,5115011500102040001,1,대지,204,1,강원특별자치도 강릉시 견소동 204-1,511503000145,강원특별자치도 강릉시 경강로,2537,,4215011500102040001018172,,강원특별자치도 강릉시 경강로 2537,210140,25559,,,,128.936987999059,37.7741739045683
MA0106202308A1675459,멜팅듀,,G2,소매,G221,기타 상품 소매,G22199,그 외 기타 상품 전문 소매업,G47859,그 외 기타 분류 안된 상품 전문 소매업,11,서울특별시,11590,동작구,11590660,대방동,1159010800,대방동,1159010800104030025,1,대지,403,25,서울특별시 동작구 대방동 403-25,115904157562,서울특별시 동작구 여의대방로26길,71,,1159010800104030025004097,,서울특별시 동작구 여의대방로26길 71,156811,07055,,,,126.924309784378,37.499343935032
MA0106202308A1394599,오월의곳간,,G2,소매,G221,기타 상품 소매,G22199,그 외 기타 상품 전문 소매업,G47859,그 외 기타 분류 안된 상품 전문 소매업,31,울산광역시,31140,남구,31140640,선암동,3114010900,선암동,3114010900105580011,1,대지,558,11,울산광역시 남구 선암동 558-11,311404310221,울산광역시 남구 두왕로126번길,13,1,3114010900102240002021083,,울산광역시 남구 두왕로126번길 13-1,680819,44774,,2,,129.311132675309,35.5143513098391
MA0106202308A1686752,해피맘연수원,,G2,소매,G221,기타 상품 소매,G22199,그 외 기타 상품 전문 소매업,G47859,그 외 기타 분류 안된 상품 전문 소매업,46,전라남도,46830,영암군,46830250,영암읍,4683025021,영암읍,4683025021100260004,1,대지,26,4,전라남도 영암군 영암읍 회문리 26-4,468303295011,전라남도 영암군 영암읍 기찬랜드로,41,,4683025021100200000017097,농산물,전라남도 영암군 영암읍 기찬랜드로 41,526805,58420,,,,126.685130978876,34.7903159929838
MA0106202306A1639645,천문암자은종,,G2,소매,G221,기타 상품 소매,G22199,그 외 기타 상품 전문 소매업,G47859,그 외 기타 분류 안된 상품 전문 소매업,44,충청남도,44131,천안시 동남구,44131540,원성2동,4413110700,원성동,4413110700105280009,1,대지,528,9,충청남도 천안시 동남구 원성동 528-9,441314547040,충청남도 천안시 동남구 고재20길,45,,4413110700105280009020369,,충청남도 천안시 동남구 고재20길 45,330954,31187,,1,,127.163973568754,36.8037094671526
MA0106202307A0601994,광성메디맥스,,G2,소매,G221,기타 상품 소매,G22199,그 외 기타 상품 전문 소매업,G47859,그 외 기타 분류 안된 상품 전문 소매업,41,경기도,41450,하남시,41450630,미사3동,4145011000,풍산동,4145011000104930000,1,대지,493,,경기도 하남시 풍산동 493,414502000007,경기도 하남시 조정대로,45,,4145011000200400001000001,미사센텀비즈,경기도 하남시 조정대로 45,465170,12918,,10,,127.184472059382,37.5506803235927
MA0106202308A0224735,하루,,G2,소매,G221,기타 상품 소매,G22199,그 외 기타 상품 전문 소매업,G47859,그 외 기타 분류 안된 상품 전문 소매업,41,경기도,41500,이천시,41500515,증포동,4150010800,갈산동,4150010800101470003,1,대지,147,3,경기도 이천시 갈산동 147-3,415003207059,경기도 이천시 갈산로,166,,4150010800101470003000001,,경기도 이천시 갈산로 166,467802,17350,,,,127.467625221763,37.2838299257185
MA0106202307A1595999,블루마켓,,G2,소매,G221,기타 상품 소매,G22199,그 외 기타 상품 전문 소매업,G47859,그 외 기타 분류 안된 상품 전문 소매업,41,경기도,41590,화성시,41590253,봉담읍,4159025321,봉담읍,4159025321100220021,1,대지,22,21,경기도 화성시 봉담읍 상리 22-21,415904430669,경기도 화성시 봉담읍 샘마을길,17,,4159025321100220021026962,,경기도 화성시 봉담읍 샘마을길 17,445891,18316,,,,126.949952704146,37.2187415561297
MA0106202307A0098379,한송이마카롱,,G2,소매,G221,기타 상품 소매,G22199,그 외 기타 상품 전문 소매업,G47859,그 외 기타 분류 안된 상품 전문 소매업,41,경기도,41310,구리시,41310541,교문1동,4131010400,교문동,4131010400107250000,1,대지,725,,경기도 구리시 교문동 725,413104388117,경기도 구리시 안골로19번길,31,,4131010400107250000004592,,경기도 구리시 안골로19번길 31,471805,11924,,1,,127.132726718764,37.5984214243703
MA0106202307A0694603,만년동복권방,,G2,소매,G221,기타 상품 소매,G22199,그 외 기타 상품 전문 소매업,G47859,그 외 기타 분류 안된 상품 전문 소매업,30,대전광역시,30170,서구,30170650,만년동,3017012800,만년동,3017012800102660000,1,대지,266,,대전광역시 서구 만년동 266,301703166024,대전광역시 서구 만년남로,9,,3017012800102660000018434,,대전광역시 서구 만년남로 9,302834,35200,,1,,127.376398441598,36.3660839851262
MA0106202307A2439135,끽연시가베이프,,G2,소매,G221,기타 상품 소매,G22199,그 외 기타 상품 전문 소매업,G47859,그 외 기타 분류 안된 상품 전문 소매업,50,제주특별자치도,50110,제주시,50110650,연동,5011013700,연동,5011013700123040007,1,대지,2304,7,제주특별자치도 제주시 연동 2304-7,501103349236,제주특별자치도 제주시 일주서로,7860,,5011013700123040007066469,,제주특별자치도 제주시 일주서로 7860,690818,63126,,,,126.486279806852,33.493512139825
MA0106202306A2401616,별출장뷔페,,G2,소매,G221,기타 상품 소매,G22199,그 외 기타 상품 전문 소매업,G47859,그 외 기타 분류 안된 상품 전문 소매업,48,경상남도,48170,진주시,48170680,상평동,4817012100,상평동,4817012100102400009,1,대지,240,9,경상남도 진주시 상평동 240-9,481704796199,경상남도 진주시 남강로1069번길,6,8,4817012100102400009408145,,경상남도 진주시 남강로1069번길 6-8,660903,52814,,1,,128.109618635087,35.1693969377219
MA0106202308A0231493,다이소,봉일천점,G2,소매,G221,기타 상품 소매,G22199,그 외 기타 상품 전문 소매업,G47859,그 외 기타 분류 안된 상품 전문 소매업,41,경기도,41480,파주시,41480262,조리읍,4148026221,조리읍,4148026221102270005,1,대지,227,5,경기도 파주시 조리읍 봉일천리 227-5,414803206023,경기도 파주시 조리읍 두루봉로,5,1,4148026221102270005000001,별관덕도빌딩,경기도 파주시 조리읍 두루봉로 5-1,413824,10938,,,,126.80905603451,37.7449668514238
MA0106202306A0212276,해동불교사,,G2,소매,G221,기타 상품 소매,G22199,그 외 기타 상품 전문 소매업,G47859,그 외 기타 분류 안된 상품 전문 소매업,41,경기도,41220,평택시,41220610,통복동,4122011400,통복동,4122011400100510017,1,대지,51,17,경기도 평택시 통복동 51-17,412204364802,경기도 평택시 통복시장1로26번길,8,,4122011400100510017011822,,경기도 평택시 통복시장1로26번길 8,450040,17891,,,,127.086987951538,36.9994458973475
MA0106202306A0883619,워터랜드,,G2,소매,G221,기타 상품 소매,G22199,그 외 기타 상품 전문 소매업,G47859,그 외 기타 분류 안된 상품 전문 소매업,43,충청북도,43150,제천시,43150380,송학면,4315038021,송학면,4315038021104930005,1,대지,493,5,충청북도 제천시 송학면 무도리 493-5,431503239036,충청북도 제천시 송학면 송학로,37,1,4315038021201240017000002,,충청북도 제천시 송학면 송학로 37-1,390811,27126,,,,128.248523248408,37.1745370205106
MA0106202307A0727277,파이프750,,G2,소매,G221,기타 상품 소매,G22199,그 외 기타 상품 전문 소매업,G47859,그 외 기타 분류 안된 상품 전문 소매업,41,경기도,41610,광주시,41610253,초월읍,4161025325,초월읍,4161025325100250000,1,대지,25,,경기도 광주시 초월읍 학동리 25,416104433157,경기도 광주시 초월읍 동막골길,286,26,4161025325100250000258083,,경기도 광주시 초월읍 동막골길 286-26,464865,12731,,,,127.34174040523,37.3921582302826
MA0106202306A0879882,태성상사,,G2,소매,G221,기타 상품 소매,G22199,그 외 기타 상품 전문 소매업,G47859,그 외 기타 분류 안된 상품 전문 소매업,31,울산광역시,31140,남구,31140585,삼호동,3114010100,무거동,3114010100114370001,1,대지,1437,1,울산광역시 남구 무거동 1437-1,311403169027,울산광역시 남구 북부순환도로,22,,3114010100114370001034305,,울산광역시 남구 북부순환도로 22,680810,44633,,2,,129.266241907118,35.5514716379476
MA0106202306A0921641,엄마찬스,,G2,소매,G221,기타 상품 소매,G22199,그 외 기타 상품 전문 소매업,G47859,그 외 기타 분류 안된 상품 전문 소매업,51,강원특별자치도,51130,원주시,51130675,반곡관설동,5113011700,반곡동,5113011700114860000,1,대지,1486,,강원특별자치도 원주시 반곡동 1486,511303353106,강원특별자치도 원주시 반곡초교로,20,,4213011700114860000033010,,강원특별자치도 원주시 반곡초교로 20,220170,26457,,1,,127.96613598711,37.3365106266715
MA0106202307A0030970,다온숲,,G2,소매,G221,기타 상품 소매,G22199,그 외 기타 상품 전문 소매업,G47859,그 외 기타 분류 안된 상품 전문 소매업,41,경기도,41281,고양시 덕양구,41281577,삼송2동,4128111100,삼송동,4128111100103450001,1,대지,345,1,경기도 고양시 덕양구 삼송동 345-1,412813194062,경기도 고양시 덕양구 원흥5로,4,,4128111100103450001000001,디올리치빌딩,경기도 고양시 덕양구 원흥5로 4,412080,10564,,2,,126.876024875506,37.6472103664811
MA0106202307A0186817,표준교정기술원,,G2,소매,G221,기타 상품 소매,G22199,그 외 기타 상품 전문 소매업,G47859,그 외 기타 분류 안된 상품 전문 소매업,41,경기도,41273,안산시 단원구,41273570,초지동,4127310500,원시동,4127310500108160005,1,대지,816,5,경기도 안산시 단원구 원시동 816-5,412733012031,경기도 안산시 단원구 산단로,295,,4127310500108160005000001,,경기도 안산시 단원구 산단로 295,425852,15429,,,,126.786949019867,37.3210717963879
MA0106202308A1315881,지구별지기,,G2,소매,G221,기타 상품 소매,G22199,그 외 기타 상품 전문 소매업,G47859,그 외 기타 분류 안된 상품 전문 소매업,46,전라남도,46110,목포시,46110645,삼학동,4611010200,산정동,4611010200114070007,1,대지,1407,7,전라남도 목포시 산정동 1407-7,461104643662,전라남도 목포시 자유로134번길,7,,4611010200114070007032653,,전라남도 목포시 자유로134번길 7,530817,58737,,,,126.404327231821,34.7927090329674
MA0106202309A0474826,양인터내셔널제2공장,,G2,소매,G221,기타 상품 소매,G22199,그 외 기타 상품 전문 소매업,G47859,그 외 기타 분류 안된 상품 전문 소매업,48,경상남도,48330,양산시,48330560,평산동,4833011900,평산동,4833011900106450002,1,대지,645,2,경상남도 양산시 평산동 645-2,483304814125,경상남도 양산시 내연1길,17,15,4833011900106450002026712,코스모스관,경상남도 양산시 내연1길 17-15,626848,50551,,4,,129.14300402761,35.3718015456392
MA0106202307A0824906,고기랑꽃게랑,,G2,소매,G221,기타 상품 소매,G22199,그 외 기타 상품 전문 소매업,G47859,그 외 기타 분류 안된 상품 전문 소매업,41,경기도,41360,남양주시,41360256,화도읍,4136025622,화도읍,4136025622102980011,1,대지,298,11,경기도 남양주시 화도읍 묵현리 298-11,413603197027,경기도 남양주시 화도읍 묵현로,19,,4136025622102980011003670,,경기도 남양주시 화도읍 묵현로 19,472846,12168,,1,,127.289656743696,37.6579659276423
MA0106202307A1233548,호남마트,,G2,소매,G221,기타 상품 소매,G22199,그 외 기타 상품 전문 소매업,G47859,그 외 기타 분류 안된 상품 전문 소매업,46,전라남도,46110,목포시,46110595,목원동,4611010800,호남동,4611010800100070001,1,대지,7,1,전라남도 목포시 호남동 7-1,461103281036,전라남도 목포시 삼일로,30,,4611010800100070001017919,,전라남도 목포시 삼일로 30,530300,58722,,,,126.38444735685,34.7947644520439
MA0106202307A2274973,엠엔와이씨,,G2,소매,G221,기타 상품 소매,G22199,그 외 기타 상품 전문 소매업,G47859,그 외 기타 분류 안된 상품 전문 소매업,41,경기도,41287,고양시 일산서구,41287520,일산2동,4128710100,일산동,4128710100105720025,1,대지,572,25,경기도 고양시 일산서구 일산동 572-25,412873194019,경기도 고양시 일산서구 원일로,127,18,4128710100105720025007656,,경기도 고양시 일산서구 원일로 127-18,411864,10340,,1,,126.776840798517,37.6856713898124
MA0106202307A0884323,그라미,,G2,소매,G221,기타 상품 소매,G22199,그 외 기타 상품 전문 소매업,G47859,그 외 기타 분류 안된 상품 전문 소매업,51,강원특별자치도,51130,원주시,51130590,단계동,5113011000,단계동,5113011000108480003,1,대지,848,3,강원특별자치도 원주시 단계동 848-3,511304457533,강원특별자치도 원주시 장미공원길,25,13,4213011000108480003000001,,강원특별자치도 원주시 장미공원길 25-13,220938,26436,,,,127.93253627918,37.3459614277463
MA0106202306A1858102,시니어푸즈,,G2,소매,G221,기타 상품 소매,G22199,그 외 기타 상품 전문 소매업,G47859,그 외 기타 분류 안된 상품 전문 소매업,41,경기도,41150,의정부시,41150510,의정부1동,4115010100,의정부동,4115010100103690007,1,대지,369,7,경기도 의정부시 의정부동 369-7,411503215066,경기도 의정부시 평화로,449,,4115010100103690007021328,,경기도 의정부시 평화로 449,480011,11700,,3,,127.04771360087,37.7321469030463
MA0106202306A1979421,해든몰,,G2,소매,G221,기타 상품 소매,G22199,그 외 기타 상품 전문 소매업,G47859,그 외 기타 분류 안된 상품 전문 소매업,29,광주광역시,29140,서구,29140590,양3동,2914010400,양동,2914010400104380118,1,대지,438,118,광주광역시 서구 양동 438-118,291403160012,광주광역시 서구 발산로,49,1,2914010400104380118005751,,광주광역시 서구 발산로 49-1,502826,61918,,1,,126.895171851876,35.1592010315787
MA0106202301A2214090,스튜디오킨조,,G2,소매,G221,기타 상품 소매,G22199,그 외 기타 상품 전문 소매업,G47859,그 외 기타 분류 안된 상품 전문 소매업,51,강원특별자치도,51150,강릉시,51150510,홍제동,5115010100,홍제동,5115010100100700001,1,대지,70,1,강원특별자치도 강릉시 홍제동 70-1,511504460100,강원특별자치도 강릉시 경강로2015번길,27,,4215010100100700001001037,,강원특별자치도 강릉시 경강로2015번길 27,210948,25535,,,,128.88764710178,37.7506972123485
MA0106202301A1893316,두두,,G2,소매,G221,기타 상품 소매,G22199,그 외 기타 상품 전문 소매업,G47859,그 외 기타 분류 안된 상품 전문 소매업,41,경기도,41390,시흥시,41390581,군자동,4139012700,거모동,4139012700117170001,1,대지,1717,1,경기도 시흥시 거모동 1717-1,413904397073,경기도 시흥시 군자로481번길,20,,4139012700117170001009271,태성빌딩,경기도 시흥시 군자로481번길 20,429801,15068,,5,,126.785518030458,37.348208225988
MA0106202307A0885279,다락방,,G2,소매,G221,기타 상품 소매,G22199,그 외 기타 상품 전문 소매업,G47859,그 외 기타 분류 안된 상품 전문 소매업,28,인천광역시,28710,강화군,28710400,교동면,2871040021,교동면,2871040021105160012,1,대지,516,12,인천광역시 강화군 교동면 대룡리 516-12,287104271259,인천광역시 강화군 교동면 대룡안길54번길,34,3,2871040021105160012046983,,인천광역시 강화군 교동면 대룡안길54번길 34-3,417922,23002,,1,,126.280673220538,37.7822709543841
MA0106202308A0222674,송월타올,백화점,G2,소매,G221,기타 상품 소매,G22199,그 외 기타 상품 전문 소매업,G47859,그 외 기타 분류 안된 상품 전문 소매업,41,경기도,41610,광주시,41610510,경안동,4161010100,경안동,4161010100100930003,1,대지,93,3,경기도 광주시 경안동 93-3,416104433023,경기도 광주시 경안안길,37,,4161010100100930003000001,,경기도 광주시 경안안길 37,464802,12755,,1,,127.254324768898,37.4125523569918
MA0106202306A1589820,허그컴퍼니,,G2,소매,G221,기타 상품 소매,G22199,그 외 기타 상품 전문 소매업,G47859,그 외 기타 분류 안된 상품 전문 소매업,41,경기도,41610,광주시,41610253,초월읍,4161025326,초월읍,4161025326103810002,1,대지,381,2,경기도 광주시 초월읍 선동리 381-2,416104433291,경기도 광주시 초월읍 선장동길16번길,19,24,4161025326103810002000001,허그컴퍼니,경기도 광주시 초월읍 선장동길16번길 19-24,464968,12732,,,,127.320006280823,37.3878581111637
MA0106202307A2277569,엠보스,,G2,소매,G221,기타 상품 소매,G22199,그 외 기타 상품 전문 소매업,G47859,그 외 기타 분류 안된 상품 전문 소매업,41,경기도,41310,구리시,41310541,교문1동,4131010400,교문동,4131010400106670013,1,대지,667,13,경기도 구리시 교문동 667-13,413104388181,경기도 구리시 한다리길4번길,11,,4131010400106670001008192,,경기도 구리시 한다리길4번길 11,471021,11955,,1,,127.128157332295,37.5817851566436
MA0106202308A2322824,맘앤맘마,창원점,G2,소매,G221,기타 상품 소매,G22199,그 외 기타 상품 전문 소매업,G47859,그 외 기타 분류 안된 상품 전문 소매업,48,경상남도,48127,창원시 마산회원구,48127570,양덕2동,4812710500,양덕동,4812710500100590003,1,대지,59,3,경상남도 창원시 마산회원구 양덕동 59-3,481273330022,경상남도 창원시 마산회원구 율림교로,6,,4812710500100590003000001,,경상남도 창원시 마산회원구 율림교로 6,630811,51366,,,,128.584474520332,35.2289148195371
MA0106202309A0074162,위시리스트,,G2,소매,G221,기타 상품 소매,G22199,그 외 기타 상품 전문 소매업,G47859,그 외 기타 분류 안된 상품 전문 소매업,41,경기도,41461,용인시 처인구,41461360,양지면,4146136022,양지면,4146136022101230010,1,대지,123,10,경기도 용인시 처인구 양지면 남곡리 123-10,414613203023,경기도 용인시 처인구 양지면 남평로,48,,4146136022101230010238868,,경기도 용인시 처인구 양지면 남평로 48,449821,17161,,,,127.289430593138,37.229778708343
MA0106202306A0411549,한국얼음,,G2,소매,G221,기타 상품 소매,G22199,그 외 기타 상품 전문 소매업,G47859,그 외 기타 분류 안된 상품 전문 소매업,41,경기도,41220,평택시,41220560,송북동,4122011100,독곡동,4122011100104060073,1,대지,406,73,경기도 평택시 독곡동 406-73,412203188090,경기도 평택시 지산천로,86,,4122011100104060073007777,,경기도 평택시 지산천로 86,459800,17755,,1,,127.058629896676,37.0839842127625
MA0106202307A2255362,메리메리유,,G2,소매,G221,기타 상품 소매,G22199,그 외 기타 상품 전문 소매업,G47859,그 외 기타 분류 안된 상품 전문 소매업,28,인천광역시,28200,남동구,28200560,만수1동,2820010300,만수동,2820010300109780013,1,대지,978,13,인천광역시 남동구 만수동 978-13,282003153079,인천광역시 남동구 하촌로,9,3,2820010300109780013028909,,인천광역시 남동구 하촌로 9-3,405865,21539,,1,,126.730123778828,37.4495315373366
MA0106202307A2089414,다이소마산,현동점,G2,소매,G221,기타 상품 소매,G22199,그 외 기타 상품 전문 소매업,G47859,그 외 기타 분류 안된 상품 전문 소매업,48,경상남도,48125,창원시 마산합포구,48125510,현동,4812515900,현동,4812515900104150000,1,대지,415,,경상남도 창원시 마산합포구 현동 415,481254793715,경상남도 창원시 마산합포구 현동7길,22,,4812515900204150000000001,빌딩,경상남도 창원시 마산합포구 현동7길 22,631270,51778,,,,128.554200491789,35.1492049225939
MA0106202307A1577959,거기가,,G2,소매,G221,기타 상품 소매,G22199,그 외 기타 상품 전문 소매업,G47859,그 외 기타 분류 안된 상품 전문 소매업,52,전북특별자치도,52111,전주시 완산구,52111672,중화산2동,5211112800,중화산동2가,5211112800105710006,1,대지,571,6,전북특별자치도 전주시 완산구 중화산동2가 571-6,521114598107,전북특별자치도 전주시 완산구 메너머1길,8,,4511112800105710006028600,,전북특별자치도 전주시 완산구 메너머1길 8,560838,54972,,1,,127.122024790492,35.8211247419897
MA0106202307A1924766,경동상사,,G2,소매,G221,기타 상품 소매,G22199,그 외 기타 상품 전문 소매업,G47859,그 외 기타 분류 안된 상품 전문 소매업,26,부산광역시,26710,기장군,26710250,기장읍,2671025027,기장읍,2671025027107020009,1,대지,702,9,부산광역시 기장군 기장읍 청강리 702-9,267104220029,부산광역시 기장군 기장읍 기장대로413번길,52,,2671025027107020009006969,,부산광역시 기장군 기장읍 기장대로413번길 52,619906,46072,,,,129.216234011297,35.2361241787312
MA0106202307A1556830,천하명당,,G2,소매,G221,기타 상품 소매,G22199,그 외 기타 상품 전문 소매업,G47859,그 외 기타 분류 안된 상품 전문 소매업,27,대구광역시,27230,북구,27230790,노원동,2723010900,노원동3가,2723010900110530000,1,대지,1053,,대구광역시 북구 노원동3가 1053,272303145016,대구광역시 북구 노원로,128,,2723010900110530000025048,,대구광역시 북구 노원로 128,702814,41554,,1,,128.575183949475,35.896717474406
MA0106202306A1756186,대한세이프티,,G2,소매,G221,기타 상품 소매,G22199,그 외 기타 상품 전문 소매업,G47859,그 외 기타 분류 안된 상품 전문 소매업,28,인천광역시,28140,동구,28140630,송림6동,2814010700,송림동,2814010700100080872,1,대지,8,872,인천광역시 동구 송림동 8-872,281404861771,인천광역시 동구 염전로47번길,9,,2814010700100080872000001,,인천광역시 동구 염전로47번길 9,401822,22529,,,,126.650296912617,37.4847228522657
MA0106202306A1872528,더일러스트앤아트,,G2,소매,G221,기타 상품 소매,G22199,그 외 기타 상품 전문 소매업,G47859,그 외 기타 분류 안된 상품 전문 소매업,29,광주광역시,29110,동구,29110525,충장동,2911013100,금남로1가,2911013100100010001,1,대지,1,1,광주광역시 동구 금남로1가 1-1,291103009019,광주광역시 동구 금남로,245,,2911013100100010000007037,전일빌딩,광주광역시 동구 금남로 245,501758,61475,,5,,126.918725334878,35.1483577302827
MA0106202306A1850098,한일옥매트총판,,G2,소매,G221,기타 상품 소매,G22199,그 외 기타 상품 전문 소매업,G47859,그 외 기타 분류 안된 상품 전문 소매업,48,경상남도,48170,진주시,48170555,성북동,4817010800,인사동,4817010800101530024,1,대지,153,24,경상남도 진주시 인사동 153-24,481703332056,경상남도 진주시 진양호로,438,1,4817010800101530024207459,,경상남도 진주시 진양호로 438-1,660020,52689,,,,128.074114489176,35.1897439369972
MA0106202306A0761932,킹콩전자,삼성점,G2,소매,G221,기타 상품 소매,G22199,그 외 기타 상품 전문 소매업,G47859,그 외 기타 분류 안된 상품 전문 소매업,11,서울특별시,11680,강남구,11680580,삼성1동,1168010500,삼성동,1168010500101490012,1,대지,149,12,서울특별시 강남구 삼성동 149-12,116804166382,서울특별시 강남구 봉은사로82길,25,,1168010500101490012016229,,서울특별시 강남구 봉은사로82길 25,135878,06165,,1,,127.055399878762,37.5116178733584
MA0106202308A0954898,아이스크림마켓,,G2,소매,G221,기타 상품 소매,G22199,그 외 기타 상품 전문 소매업,G47859,그 외 기타 분류 안된 상품 전문 소매업,44,충청남도,44200,아산시,44200600,온양4동,4420011600,득산동,4420011600103410009,1,대지,341,9,충청남도 아산시 득산동 341-9,442003015033,충청남도 아산시 온천대로,1119,,4420011600103410009030107,,충청남도 아산시 온천대로 1119,336120,31531,,1,,126.962805544942,36.7859025499176
MA0106202308A2392322,아이스플러스,,G2,소매,G221,기타 상품 소매,G22199,그 외 기타 상품 전문 소매업,G47859,그 외 기타 분류 안된 상품 전문 소매업,41,경기도,41630,양주시,41630530,회천1동,4163011000,덕정동,4163011000103650011,1,대지,365,11,경기도 양주시 덕정동 365-11,416304436429,경기도 양주시 화합로1327번길,7,17,4163011000103650011056861,,경기도 양주시 화합로1327번길 7-17,482060,11449,,,,127.062648722176,37.847057570252
MA0106202309A0262398,창대미리노경기남부총판,,G2,소매,G221,기타 상품 소매,G22199,그 외 기타 상품 전문 소매업,G47859,그 외 기타 분류 안된 상품 전문 소매업,41,경기도,41610,광주시,41610590,오포2동,4161011900,매산동,4161011900106300003,1,대지,630,3,경기도 광주시 매산동 630-3,416102012015,경기도 광주시 회안대로,135,,4161011900106300004000001,,경기도 광주시 회안대로 135,464893,12798,,,,127.244125119912,37.3674146969274
MA0106202307A0844699,태광안전철물,,G2,소매,G221,기타 상품 소매,G22199,그 외 기타 상품 전문 소매업,G47859,그 외 기타 분류 안된 상품 전문 소매업,51,강원특별자치도,51130,원주시,51130530,개운동,5113010500,개운동,5113010500103190000,1,대지,319,,강원특별자치도 원주시 개운동 319,511304457104,강원특별자치도 원주시 남원로602번길,10,,4213010500103190000001041,,강원특별자치도 원주시 남원로602번길 10,220931,26446,,1,,127.951397656419,37.3363958122783
MA0106202308A2080696,안동국밥,,G2,소매,G221,기타 상품 소매,G22199,그 외 기타 상품 전문 소매업,G47859,그 외 기타 분류 안된 상품 전문 소매업,41,경기도,41390,시흥시,41390570,목감동,4139012400,조남동,4139012400101710009,1,대지,171,9,경기도 시흥시 조남동 171-9,413903199013,경기도 시흥시 동서로,1087,,4139012400101710009011445,,경기도 시흥시 동서로 1087,429869,14984,,,,126.860003977808,37.3860547786782
MA0106202309A0002561,금진기업,,G2,소매,G221,기타 상품 소매,G22199,그 외 기타 상품 전문 소매업,G47859,그 외 기타 분류 안된 상품 전문 소매업,11,서울특별시,11110,종로구,11110710,숭인2동,1111017500,숭인동,1111017500111780000,1,대지,1178,,서울특별시 종로구 숭인동 1178,111104100097,서울특별시 종로구 보문로5길,1,,1111017500111780000000468,,서울특별시 종로구 보문로5길 1,110827,03111,,1,,127.022958136243,37.5768880159403
MA0106202306A2195633,글로벌케이제이시,,G2,소매,G221,기타 상품 소매,G22199,그 외 기타 상품 전문 소매업,G47859,그 외 기타 분류 안된 상품 전문 소매업,52,전북특별자치도,52190,남원시,52190570,향교동,5219011300,광치동,5219011300107080009,1,대지,708,9,전북특별자치도 남원시 광치동 708-9,521904613354,전북특별자치도 남원시 솔터길,85,2,4519011300107080009311911,천사노니서울원룸,전북특별자치도 남원시 솔터길 85-2,590990,55729,,1,,127.368545533223,35.4444352058427
MA0106202307A2084325,무공양품2,,G2,소매,G221,기타 상품 소매,G22199,그 외 기타 상품 전문 소매업,G47859,그 외 기타 분류 안된 상품 전문 소매업,41,경기도,41390,시흥시,41390597,배곧2동,4139013500,배곧동,4139013500101980002,1,대지,198,2,경기도 시흥시 배곧동 198-2,413904853128,경기도 시흥시 서울대학로278번길,25,32,4139013200150060252000001,다인로얄팰리스배곧2차,경기도 시흥시 서울대학로278번길 25-32,,15011,,,,126.729339266022,37.369213059619
MA0106202306A0846167,하얀주방,,G2,소매,G221,기타 상품 소매,G22199,그 외 기타 상품 전문 소매업,G47859,그 외 기타 분류 안된 상품 전문 소매업,11,서울특별시,11140,중구,11140540,회현동,1114011200,남창동,1114011200100320001,1,대지,32,1,서울특별시 중구 남창동 32-1,111404103020,서울특별시 중구 남대문시장4길,3,,1114011200100320012000001,중앙상가,서울특별시 중구 남대문시장4길 3,100804,04529,,3,,126.977726105498,37.5600755685074
MA0106202307A1199481,성덕상사,,G2,소매,G221,기타 상품 소매,G22199,그 외 기타 상품 전문 소매업,G47859,그 외 기타 분류 안된 상품 전문 소매업,29,광주광역시,29110,동구,29110560,계림1동,2911010900,계림동,2911010900105330018,1,대지,533,18,광주광역시 동구 계림동 533-18,291104277201,광주광역시 동구 중흥로209번길,1,,2911010900105330018000615,,광주광역시 동구 중흥로209번길 1,501806,61419,,,,126.916419320594,35.1604974827821
MA0106202307A0016331,청화,,G2,소매,G221,기타 상품 소매,G22199,그 외 기타 상품 전문 소매업,G47859,그 외 기타 분류 안된 상품 전문 소매업,28,인천광역시,28237,부평구,28237690,십정2동,2823710200,십정동,2823710200104810009,1,대지,481,9,인천광역시 부평구 십정동 481-9,282374259039,인천광역시 부평구 경인로667번길,4,,2823710200104810009016228,경원빌딩,인천광역시 부평구 경인로667번길 4,403849,21439,,,,126.707658345746,37.4694444679317
MA0106202301A1782473,성우상사,,G2,소매,G221,기타 상품 소매,G22199,그 외 기타 상품 전문 소매업,G47859,그 외 기타 분류 안된 상품 전문 소매업,48,경상남도,48125,창원시 마산합포구,48125650,산호동,4812511800,산호동,4812511800100140028,1,대지,14,28,경상남도 창원시 마산합포구 산호동 14-28,481253329059,경상남도 창원시 마산합포구 합포로,225,1,,,경상남도 창원시 마산합포구 합포로 225-1,631852,51330,,,,128.587038508687,35.2173183970328
MA0106202306A2023453,고은맘,,G2,소매,G221,기타 상품 소매,G22199,그 외 기타 상품 전문 소매업,G47859,그 외 기타 분류 안된 상품 전문 소매업,46,전라남도,46110,목포시,46110565,대성동,4611010400,대성동,4611010400102130004,1,대지,213,4,전라남도 목포시 대성동 213-4,461104643771,전라남도 목포시 해동마을길,17,,4611010400102130004025489,,전라남도 목포시 해동마을길 17,530803,58718,,1,,126.381454441599,34.7990128776252
MA0106202306A1200284,천일중국식품,,G2,소매,G221,기타 상품 소매,G22199,그 외 기타 상품 전문 소매업,G47859,그 외 기타 분류 안된 상품 전문 소매업,41,경기도,41271,안산시 상록구,41271537,해양동,4127110300,사동,4127110300111520000,1,대지,1152,,경기도 안산시 상록구 사동 1152,412713190074,경기도 안산시 상록구 한양대학로,35,,4127110300111520000013088,,경기도 안산시 상록구 한양대학로 35,426896,15587,,1,,126.839860040374,37.3007107689951
MA0106202309A0187188,창의와날개,,G2,소매,G221,기타 상품 소매,G22199,그 외 기타 상품 전문 소매업,G47859,그 외 기타 분류 안된 상품 전문 소매업,41,경기도,41590,화성시,41590320,비봉면,4159032021,비봉면,4159032021107150004,1,대지,715,4,경기도 화성시 비봉면 양노리 715-4,415904431362,경기도 화성시 비봉면 현대기아로830번길,25,14,4159032021107150004000001,,경기도 화성시 비봉면 현대기아로830번길 25-14,445842,18284,,1,,126.860047176196,37.2227782263016
MA0106202308A0403330,지프로셀,,G2,소매,G221,기타 상품 소매,G22199,그 외 기타 상품 전문 소매업,G47859,그 외 기타 분류 안된 상품 전문 소매업,30,대전광역시,30230,대덕구,30230520,대화동,3023010200,대화동,3023010200102940014,1,대지,294,14,대전광역시 대덕구 대화동 294-14,302303168004,대전광역시 대덕구 대화로,135,,3023010200102940014000001,,대전광역시 대덕구 대화로 135,306801,34369,,,,127.405198413,36.365385997356
MA0106202306A2170394,커피공장잇다,,G2,소매,G221,기타 상품 소매,G22199,그 외 기타 상품 전문 소매업,G47859,그 외 기타 분류 안된 상품 전문 소매업,41,경기도,41480,파주시,41480570,운정3동,4148010800,야당동,4148010800109250000,1,대지,925,,경기도 파주시 야당동 925,414803012061,경기도 파주시 경의로,964,,4148010800109250000000001,,경기도 파주시 경의로 964,413200,10906,,1,,126.760015976221,37.7034506152855
MA0106202307A0988835,낭성상회,,G2,소매,G221,기타 상품 소매,G22199,그 외 기타 상품 전문 소매업,G47859,그 외 기타 분류 안된 상품 전문 소매업,43,충청북도,43114,청주시 청원구,43114510,우암동,4311410100,우암동,4311410100103470010,1,대지,347,10,충청북도 청주시 청원구 우암동 347-10,431144508714,충청북도 청주시 청원구 향군로41번길,11,1,4311111300103470010034932,,충청북도 청주시 청원구 향군로41번길 11-1,363814,28539,,1,,127.48586770671,36.6490458179833
MA0106202307A1435571,푸드플레이,,G2,소매,G221,기타 상품 소매,G22199,그 외 기타 상품 전문 소매업,G47859,그 외 기타 분류 안된 상품 전문 소매업,28,인천광역시,28260,서구,28260536,청라1동,2826012200,청라동,2826012200102020003,1,대지,202,3,인천광역시 서구 청라동 202-3,282602008002,인천광역시 서구 중봉대로,490,,2826012200102020003000001,,인천광역시 서구 중봉대로 490,,22770,,8,,126.650469739564,37.5228447229925
MA0106202308A1358546,더멜로우케이크,,G2,소매,G221,기타 상품 소매,G22199,그 외 기타 상품 전문 소매업,G47859,그 외 기타 분류 안된 상품 전문 소매업,29,광주광역시,29155,남구,29155705,진월동,2915510800,진월동,2915510800103650021,1,대지,365,21,광주광역시 남구 진월동 365-21,291554283022,광주광역시 남구 광복마을3길,26,6,2915510800103650021014938,,광주광역시 남구 광복마을3길 26-6,503842,61736,,1,,126.89539783795,35.1198297267176
MA0106202306A1606574,제이에스아이,,G2,소매,G221,기타 상품 소매,G22199,그 외 기타 상품 전문 소매업,G47859,그 외 기타 분류 안된 상품 전문 소매업,47,경상북도,47111,포항시 남구,47111256,오천읍,4711125621,오천읍,4711125621110770010,1,대지,1077,10,경상북도 포항시 남구 오천읍 원리 1077-10,471113303037,경상북도 포항시 남구 오천읍 원동로,105,1,4711125621110770010000001,,경상북도 포항시 남구 오천읍 원동로 105-1,790911,37881,,,,129.401616254338,35.9727062724559
MA0106202306A1978554,신앙촌상회,인천점,G2,소매,G221,기타 상품 소매,G22199,그 외 기타 상품 전문 소매업,G47859,그 외 기타 분류 안된 상품 전문 소매업,28,인천광역시,28260,서구,28260550,석남1동,2826011000,석남동,2826011000104540022,1,대지,454,22,인천광역시 서구 석남동 454-22,282603156005,인천광역시 서구 가정로,301,1,2826011000104540022015683,,인천광역시 서구 가정로 301-1,404824,22785,,1,,126.672395819599,37.5118703314831
MA0106202306A0601735,메종드제니,,G2,소매,G221,기타 상품 소매,G22199,그 외 기타 상품 전문 소매업,G47859,그 외 기타 분류 안된 상품 전문 소매업,28,인천광역시,28260,서구,28260536,청라1동,2826012200,청라동,2826012200101670029,1,대지,167,29,인천광역시 서구 청라동 167-29,282604268937,인천광역시 서구 청라에메랄드로76번길,7,,2826012200101670029000001,,인천광역시 서구 청라에메랄드로76번길 7,,22739,,,,126.657497521832,37.5321275689087
MA0106202306A1618823,라이스토리,,G2,소매,G221,기타 상품 소매,G22199,그 외 기타 상품 전문 소매업,G47859,그 외 기타 분류 안된 상품 전문 소매업,41,경기도,41150,의정부시,41150573,송산1동,4115010500,용현동,4115010500100330006,1,대지,33,6,경기도 의정부시 용현동 33-6,411504343357,경기도 의정부시 충의로57번길,31,,4115010500100330006018296,,경기도 의정부시 충의로57번길 31,480836,11789,,,,127.085653225129,37.7362338650173
MA0106202306A1247505,와인&비어,,G2,소매,G221,기타 상품 소매,G22199,그 외 기타 상품 전문 소매업,G47859,그 외 기타 분류 안된 상품 전문 소매업,41,경기도,41192,부천시 원미구,41192520,심곡2동,4119210200,심곡동,4119210200101390001,1,대지,139,1,경기도 부천시 원미구 심곡동 139-1,411923000019,경기도 부천시 원미구 부일로,516,,4119510200101390001016588,,경기도 부천시 원미구 부일로 516,420822,14643,,,,126.78746821466,37.4849501215197
MA0106202306A1623896,옘,,G2,소매,G221,기타 상품 소매,G22199,그 외 기타 상품 전문 소매업,G47859,그 외 기타 분류 안된 상품 전문 소매업,26,부산광역시,26350,해운대구,26350530,중1동,2635010600,중동,2635010600117660001,1,대지,1766,1,부산광역시 해운대구 중동 1766-1,263502006010,부산광역시 해운대구 해운대로,724,,2635010600117660001000001,해운대에스에이치타워,부산광역시 해운대구 해운대로 724,612851,48101,,,,129.16891885938,35.1663957785666
MA0106202307A1526728,청실명실,,G2,소매,G221,기타 상품 소매,G22199,그 외 기타 상품 전문 소매업,G47859,그 외 기타 분류 안된 상품 전문 소매업,27,대구광역시,27110,중구,27110595,대신동,2711015400,대신동,2711015400101150379,1,대지,115,379,대구광역시 중구 대신동 115-379,271104223144,대구광역시 중구 큰장로28길,10,,2711015400101150379014187,동,대구광역시 중구 큰장로28길 10,700320,41926,,1,,128.579835228298,35.869387769772
MA0106202308A1021277,바이앤드링크,,G2,소매,G221,기타 상품 소매,G22199,그 외 기타 상품 전문 소매업,G47859,그 외 기타 분류 안된 상품 전문 소매업,41,경기도,41135,성남시 분당구,41135545,정자동,4113510300,정자동,4113510300100590003,1,대지,59,3,경기도 성남시 분당구 정자동 59-3,411354340045,경기도 성남시 분당구 느티로77번길,18,4,4113510300100590003011172,,경기도 성남시 분당구 느티로77번길 18-4,463874,13610,,지,,127.113650577911,37.3700087589144
MA0106202306A1034963,디파인드엠,,G2,소매,G221,기타 상품 소매,G22199,그 외 기타 상품 전문 소매업,G47859,그 외 기타 분류 안된 상품 전문 소매업,11,서울특별시,11740,강동구,11740640,성내1동,1174010800,성내동,1174010800105480000,1,대지,548,,서울특별시 강동구 성내동 548,117403124006,서울특별시 강동구 성내로,58,,1174010800105480000022193,,서울특별시 강동구 성내로 58,134851,05399,,3,,127.126266611125,37.5280877637642
MA0106202307A0607087,동구전자티타임,,G2,소매,G221,기타 상품 소매,G22199,그 외 기타 상품 전문 소매업,G47859,그 외 기타 분류 안된 상품 전문 소매업,11,서울특별시,11260,중랑구,11260620,묵1동,1126010400,묵동,1126010400100130000,1,대지,13,,서울특별시 중랑구 묵동 13,112603106006,서울특별시 중랑구 숙선옹주로,85,,1126010400100130000009815,신내아파트,서울특별시 중랑구 숙선옹주로 85,131764,02029,,,,127.085515128112,37.6160073386625
MA0106202307A1145631,가우디하우스,,G2,소매,G221,기타 상품 소매,G22199,그 외 기타 상품 전문 소매업,G47859,그 외 기타 분류 안된 상품 전문 소매업,51,강원특별자치도,51130,원주시,51130250,문막읍,5113025029,문막읍,5113025029108070011,1,대지,807,11,강원특별자치도 원주시 문막읍 반계리 807-11,511303219041,강원특별자치도 원주시 문막읍 원문로,2561,6,4213025029108070011000001,,강원특별자치도 원주시 문막읍 원문로 2561-6,220805,26361,,,,127.776628003126,37.2769439130325
MA0106202307A0173504,아이비즈메리,,G2,소매,G221,기타 상품 소매,G22199,그 외 기타 상품 전문 소매업,G47859,그 외 기타 분류 안된 상품 전문 소매업,41,경기도,41194,부천시 소사구,41194590,송내1동,4119410500,송내동,4119410500102990018,1,대지,299,18,경기도 부천시 소사구 송내동 299-18,411944355210,경기도 부천시 소사구 송내대로42번길,50,,4119710500102990018009503,,경기도 부천시 소사구 송내대로42번길 50,422814,14720,,,,126.75605145229,37.4870518451732
MA0106202307A0459529,오늘은오징어와광어,,G2,소매,G221,기타 상품 소매,G22199,그 외 기타 상품 전문 소매업,G47859,그 외 기타 분류 안된 상품 전문 소매업,11,서울특별시,11350,노원구,11350624,중계4동,1135010600,중계동,1135010600101540016,1,대지,154,16,서울특별시 노원구 중계동 154-16,113504130155,서울특별시 노원구 덕릉로83길,22,,1135010600101540016010000,,서울특별시 노원구 덕릉로83길 22,139856,01662,,1,,127.074209910733,37.6601992841973
MA0106202307A0781069,알와이오원대점,,G2,소매,G221,기타 상품 소매,G22199,그 외 기타 상품 전문 소매업,G47859,그 외 기타 분류 안된 상품 전문 소매업,27,대구광역시,27170,서구,27170695,원대동,2717010900,원대동3가,2717010900113090006,1,대지,1309,6,대구광역시 서구 원대동3가 1309-6,271703143002,대구광역시 서구 달서로,278,,2717010900113090006004257,,대구광역시 서구 달서로 278,703828,41730,,,,128.575100478868,35.8863554283178
MA0106202308A1041733,안샘,,G2,소매,G221,기타 상품 소매,G22199,그 외 기타 상품 전문 소매업,G47859,그 외 기타 분류 안된 상품 전문 소매업,41,경기도,41820,가평군,41820325,청평면,4182032527,청평면,4182032527101880004,1,대지,188,4,경기도 가평군 청평면 삼회리 188-4,418203216053,경기도 가평군 청평면 북한강로,2068,,4182032527101880004000001,,경기도 가평군 청평면 북한강로 2068,477813,12458,,2,,127.395608158224,37.7008147957009
MA0106202306A0548023,제이와이산업,,G2,소매,G221,기타 상품 소매,G22199,그 외 기타 상품 전문 소매업,G47859,그 외 기타 분류 안된 상품 전문 소매업,11,서울특별시,11200,성동구,11200650,성수1가1동,1120011400,성수동1가,1120011400101980003,1,대지,198,3,서울특별시 성동구 성수동1가 198-3,112004109142,서울특별시 성동구 둘레5길,15,,1120011400101980003009575,좌측,서울특별시 성동구 둘레5길 15,133820,04774,,1,,127.048200830171,37.5383357463357
MA0106202307A2234778,윰스아틀리에,,G2,소매,G221,기타 상품 소매,G22199,그 외 기타 상품 전문 소매업,G47859,그 외 기타 분류 안된 상품 전문 소매업,44,충청남도,44131,천안시 동남구,44131560,일봉동,4413111500,용곡동,4413111500102390005,1,대지,239,5,충청남도 천안시 동남구 용곡동 239-5,441313249038,충청남도 천안시 동남구 일봉로,87,16,4413111500102390005000001,,충청남도 천안시 동남구 일봉로 87-16,330250,31183,,1,,127.138357563385,36.7914148075949
MA0106202307A1159194,진아편의점,,G2,소매,G221,기타 상품 소매,G22199,그 외 기타 상품 전문 소매업,G47859,그 외 기타 분류 안된 상품 전문 소매업,52,전북특별자치도,52111,전주시 완산구,52111530,풍남동,5211111200,전동3가,5211111200100430005,1,대지,43,5,전북특별자치도 전주시 완산구 전동3가 43-5,521114598392,전북특별자치도 전주시 완산구 풍남문2길,88,,4511111200100430005030009,,전북특별자치도 전주시 완산구 풍남문2길 88,560043,55043,,1,,127.144773372787,35.8133216191403
MA0106202307A2443787,베이플래닛폰플래닛,,G2,소매,G221,기타 상품 소매,G22199,그 외 기타 상품 전문 소매업,G47859,그 외 기타 분류 안된 상품 전문 소매업,26,부산광역시,26230,부산진구,26230510,부전1동,2623010500,범전동,2623010500104440000,1,대지,444,,부산광역시 부산진구 범전동 444,262303129018,부산광역시 부산진구 범전로,6,,2623010500104440000006710,,부산광역시 부산진구 범전로 6,614825,47249,,,,129.063472749527,35.1643636197867
MA0106202306A0794365,엔식자재마켓,,G2,소매,G221,기타 상품 소매,G22199,그 외 기타 상품 전문 소매업,G47859,그 외 기타 분류 안된 상품 전문 소매업,11,서울특별시,11560,영등포구,11560550,당산1동,1156011200,당산동2가,1156011200100010000,1,대지,1,,서울특별시 영등포구 당산동2가 1,115603118004,서울특별시 영등포구 당산로,63,,1156011200100010000030355,,서울특별시 영등포구 당산로 63,150042,07291,,1,,126.895001435538,37.5205581902616
MA0106202301A2005396,용소골손칼국수,,G2,소매,G221,기타 상품 소매,G22199,그 외 기타 상품 전문 소매업,G47859,그 외 기타 분류 안된 상품 전문 소매업,26,부산광역시,26290,남구,26290530,대연3동,2629010600,대연동,2629010600100630010,1,대지,63,10,부산광역시 남구 대연동 63-10,262904193206,부산광역시 남구 용소로28번길,16,,2629010600100630010000366,,부산광역시 남구 용소로28번길 16,608805,48498,,2,,129.099907378873,35.1349633920673
MA0106202306A0975523,우리바이오,,G2,소매,G221,기타 상품 소매,G22199,그 외 기타 상품 전문 소매업,G47859,그 외 기타 분류 안된 상품 전문 소매업,30,대전광역시,30200,유성구,30200526,학하동,3020011300,덕명동,3020011300105320002,1,대지,532,2,대전광역시 유성구 덕명동 532-2,302003342038,대전광역시 유성구 덕명로,75,,3020011300105320002000001,그린하우스,대전광역시 유성구 덕명로 75,305360,34155,,,,127.306812865284,36.35756857798
MA0106202306A2297543,담꾹청주,개신점,G2,소매,G221,기타 상품 소매,G22199,그 외 기타 상품 전문 소매업,G47859,그 외 기타 분류 안된 상품 전문 소매업,43,충청북도,43112,청주시 서원구,43112590,성화.개신.죽림동,4311210900,개신동,4311210900100020013,1,대지,2,13,충청북도 청주시 서원구 개신동 2-13,431123237104,충청북도 청주시 서원구 모충로,27,1,4311311100100020013018903,,충청북도 청주시 서원구 모충로 27-1,362804,28667,,,,127.466980465518,36.6251513320377
MA0106202306A1693919,진국상사,,G2,소매,G221,기타 상품 소매,G22199,그 외 기타 상품 전문 소매업,G47859,그 외 기타 분류 안된 상품 전문 소매업,52,전북특별자치도,52113,전주시 덕진구,52113620,호성동,5211311600,호성동1가,5211311600101530003,1,대지,153,3,전북특별자치도 전주시 덕진구 호성동1가 153-3,521134601185,전북특별자치도 전주시 덕진구 배미실마을길,16,,4511311600101530002000001,,전북특별자치도 전주시 덕진구 배미실마을길 16,561211,54817,,,,127.158937835242,35.8639543674603
MA0106202306A1695102,울산오란다,,G2,소매,G221,기타 상품 소매,G22199,그 외 기타 상품 전문 소매업,G47859,그 외 기타 분류 안된 상품 전문 소매업,31,울산광역시,31200,북구,31200510,농소1동,3120010200,호계동,3120010200102860004,1,대지,286,4,울산광역시 북구 호계동 286-4,312004316049,울산광역시 북구 동대14길,36,,3120010200102860004000001,,울산광역시 북구 동대14길 36,683812,44227,,1,,129.356066028842,35.6281041877352
MA0106202306A1334109,에그플,풍무점,G2,소매,G221,기타 상품 소매,G22199,그 외 기타 상품 전문 소매업,G47859,그 외 기타 분류 안된 상품 전문 소매업,41,경기도,41570,김포시,41570550,풍무동,4157010700,풍무동,4157010700107480000,1,대지,748,,경기도 김포시 풍무동 748,415704427570,경기도 김포시 풍무로69번길,47,,4157010700107480000019344,당곡마을월드메르디앙3단지,경기도 김포시 풍무로69번길 47,415750,10119,,,,126.718870795036,37.6024409314308
MA0106202308A0461324,제노메드,,G2,소매,G221,기타 상품 소매,G22199,그 외 기타 상품 전문 소매업,G47859,그 외 기타 분류 안된 상품 전문 소매업,11,서울특별시,11545,금천구,11545510,가산동,1154510100,가산동,1154510100100600003,1,대지,60,3,서울특별시 금천구 가산동 60-3,115454151195,서울특별시 금천구 디지털로9길,68,,1154510100100600003000002,대륭포스트타워5차,서울특별시 금천구 디지털로9길 68,153702,08512,,1,,126.886407535865,37.4810771851015
MA0106202306A1406067,세계주류,백화점,G2,소매,G221,기타 상품 소매,G22199,그 외 기타 상품 전문 소매업,G47859,그 외 기타 분류 안된 상품 전문 소매업,41,경기도,41210,광명시,41210550,광명4동,4121010100,광명동,4121010100101580485,1,대지,158,485,경기도 광명시 광명동 158-485,412104361166,경기도 광명시 새터로121번길,10,,4121010100101580485005050,,경기도 광명시 새터로121번길 10,423858,14263,,,,126.857254505988,37.4782344142763
MA0106202306A2344853,다이소당진유곡점,,G2,소매,G221,기타 상품 소매,G22199,그 외 기타 상품 전문 소매업,G47859,그 외 기타 분류 안된 상품 전문 소매업,44,충청남도,44270,당진시,44270390,송산면,4427039031,송산면,4427039031110700000,1,대지,1070,,충청남도 당진시 송산면 유곡리 1070,442703265157,충청남도 당진시 송산면 유곡로,54,,4427039031110700000000001,,충청남도 당진시 송산면 유곡로 54,343835,31710,,,,126.692182195462,36.9649096361356
MA0106202306A0755764,베이프랩,상일동점,G2,소매,G221,기타 상품 소매,G22199,그 외 기타 상품 전문 소매업,G47859,그 외 기타 분류 안된 상품 전문 소매업,11,서울특별시,11740,강동구,11740525,상일1동,1174010300,상일동,1174010300102580000,1,대지,258,,서울특별시 강동구 상일동 258,117403124004,서울특별시 강동구 상일로,35,,1174010300102580000019822,,서울특별시 강동구 상일로 35,134837,05282,,1,,127.172656800382,37.5503648224079
MA0106202307A0768069,운수대통,,G2,소매,G221,기타 상품 소매,G22199,그 외 기타 상품 전문 소매업,G47859,그 외 기타 분류 안된 상품 전문 소매업,41,경기도,41390,시흥시,41390589,정왕본동,4139013200,정왕동,4139013200123270002,1,대지,2327,2,경기도 시흥시 정왕동 2327-2,413904397200,경기도 시흥시 마유로418번길,10,,4139013200123270002014342,,경기도 시흥시 마유로418번길 10,429930,15049,,1,,126.741852348763,37.351400736699
MA0106202307A0985841,케이제이,코리아,G2,소매,G221,기타 상품 소매,G22199,그 외 기타 상품 전문 소매업,G47859,그 외 기타 분류 안된 상품 전문 소매업,29,광주광역시,29200,광산구,29200610,월곡2동,2920012800,월곡동,2920012800106830007,1,대지,683,7,광주광역시 광산구 월곡동 683-7,292004289194,광주광역시 광산구 사암로340번길,39,,2920012800106830017043210,,광주광역시 광산구 사암로340번길 39,506056,62328,,2,,126.811017546503,35.1752963751198
MA0106202308A1647025,러브제이키친,,G2,소매,G221,기타 상품 소매,G22199,그 외 기타 상품 전문 소매업,G47859,그 외 기타 분류 안된 상품 전문 소매업,52,전북특별자치도,52111,전주시 완산구,52111680,서신동,5211112900,서신동,5211112900108160014,1,대지,816,14,전북특별자치도 전주시 완산구 서신동 816-14,521114598179,전북특별자치도 전주시 완산구 서신천변10길,1,,4511112900108160014028498,,전북특별자치도 전주시 완산구 서신천변10길 1,560821,54952,,1,,127.114490320575,35.8298563460836
MA0106202306A1934234,작은시장,,G2,소매,G221,기타 상품 소매,G22199,그 외 기타 상품 전문 소매업,G47859,그 외 기타 분류 안된 상품 전문 소매업,48,경상남도,48250,김해시,48250510,동상동,4825010100,동상동,4825010100111200003,1,대지,1120,3,경상남도 김해시 동상동 1120-3,482503335004,경상남도 김해시 가야로,456,,4825010100111200003000001,,경상남도 김해시 가야로 456,621020,50913,,1,,128.884891220905,35.2403703083312
MA0106202306A1022086,더팜홈쿡익산,영등점,G2,소매,G221,기타 상품 소매,G22199,그 외 기타 상품 전문 소매업,G47859,그 외 기타 분류 안된 상품 전문 소매업,52,전북특별자치도,52140,익산시,52140652,어양동,5214012300,어양동,5214012300106470004,1,대지,647,4,전북특별자치도 익산시 어양동 647-4,521404607409,전북특별자치도 익산시 무왕로20길,26,,4514012300106470004059874,,전북특별자치도 익산시 무왕로20길 26,570210,54639,,,,126.979947543257,35.9563185070271
MA0106202306A0288320,청정,,G2,소매,G221,기타 상품 소매,G22199,그 외 기타 상품 전문 소매업,G47859,그 외 기타 분류 안된 상품 전문 소매업,41,경기도,41570,김포시,41570256,양촌읍,4157025626,양촌읍,4157025626127480000,1,대지,2748,,경기도 김포시 양촌읍 학운리 2748,415704427614,경기도 김포시 양촌읍 황금로128번길,35,,4157032027127480000000001,,경기도 김포시 양촌읍 황금로128번길 35,415843,10047,,,,126.617645605063,37.619428263001
MA0106202306A0988253,진메이트,,G2,소매,G221,기타 상품 소매,G22199,그 외 기타 상품 전문 소매업,G47859,그 외 기타 분류 안된 상품 전문 소매업,36,세종특별자치시,36110,세종특별자치시,36110530,아름동,3611011300,아름동,3611011300113270000,1,대지,1327,,세종특별자치시 세종특별자치시 아름동 1327,361104853214,세종특별자치시 세종특별자치시 아름서1길,13,1,3611011300113270000000001,,세종특별자치시 세종특별자치시 아름서1길 13-1,339011,30100,,,,127.242558287147,36.5110316309308
MA0106202307A2375210,와트,,G2,소매,G221,기타 상품 소매,G22199,그 외 기타 상품 전문 소매업,G47859,그 외 기타 분류 안된 상품 전문 소매업,43,충청북도,43130,충주시,43130515,성내.충인동,4313010100,성내동,4313010100104100000,1,대지,410,,충청북도 충주시 성내동 410,431304514084,충청북도 충주시 관아4길,7,,4313010100104100000000560,,충청북도 충주시 관아4길 7,380010,27388,,,,127.934677939921,36.9699555507888
MA0106202307A1083076,아이스크림킹아콘블리,2호점,G2,소매,G221,기타 상품 소매,G22199,그 외 기타 상품 전문 소매업,G47859,그 외 기타 분류 안된 상품 전문 소매업,41,경기도,41360,남양주시,41360310,별내면,4136031021,별내면,4136031021104180003,1,대지,418,3,경기도 남양주시 별내면 청학리 418-3,413604391713,경기도 남양주시 별내면 청학로68번길,3,,4136031021104180003013206,,경기도 남양주시 별내면 청학로68번길 3,472811,12084,,1,,127.119176715636,37.7076799766871
MA0106202306A0124827,올리스푼,,G2,소매,G221,기타 상품 소매,G22199,그 외 기타 상품 전문 소매업,G47859,그 외 기타 분류 안된 상품 전문 소매업,11,서울특별시,11470,양천구,11470540,목4동,1147010200,목동,1147010200107950001,1,대지,795,1,서울특별시 양천구 목동 795-1,114703114008,서울특별시 양천구 목동중앙서로,12,,1147010200107950001017300,,서울특별시 양천구 목동중앙서로 12,158819,07966,,1,,126.865070957877,37.532439028905
MA0106202307A0799158,오드리,,G2,소매,G221,기타 상품 소매,G22199,그 외 기타 상품 전문 소매업,G47859,그 외 기타 분류 안된 상품 전문 소매업,30,대전광역시,30140,중구,30140740,산성동,3014011700,산성동,3014011700102830015,1,대지,283,15,대전광역시 중구 산성동 283-15,301404295099,대전광역시 중구 대둔산로414번길,22,,3014011700102830015017851,,대전광역시 중구 대둔산로414번길 22,301819,35012,,1,,127.388012400669,36.3061275818122
MA0106202307A1286649,수정유통,,G2,소매,G221,기타 상품 소매,G22199,그 외 기타 상품 전문 소매업,G47859,그 외 기타 분류 안된 상품 전문 소매업,52,전북특별자치도,52111,전주시 완산구,52111703,삼천3동,5211113600,용복동,5211113600102710000,1,대지,271,,전북특별자치도 전주시 완산구 용복동 271,521114598290,전북특별자치도 전주시 완산구 원신덕길,85,,4511113600102710000000001,,전북특별자치도 전주시 완산구 원신덕길 85,560297,55076,,,,127.071565254524,35.7857006712234
MA0106202308A2299990,건강한뻥튀기,,G2,소매,G221,기타 상품 소매,G22199,그 외 기타 상품 전문 소매업,G47859,그 외 기타 분류 안된 상품 전문 소매업,41,경기도,41463,용인시 기흥구,41463520,구갈동,4146310200,구갈동,4146310200103450009,1,대지,345,9,경기도 용인시 기흥구 구갈동 345-9,414633204008,경기도 용인시 기흥구 구갈로,84,,4146310200103450009021754,,경기도 용인시 기흥구 구갈로 84,446569,16972,,,,127.111521953352,37.281826757301
MA0106202308A1963921,만사형통,,G2,소매,G221,기타 상품 소매,G22199,그 외 기타 상품 전문 소매업,G47859,그 외 기타 분류 안된 상품 전문 소매업,11,서울특별시,11320,도봉구,11320515,창5동,1132010700,창동,1132010700102560003,1,대지,256,3,서울특별시 도봉구 창동 256-3,113204127027,서울특별시 도봉구 노해로63다길,25,,1132010700102560003019050,기원빌딩,서울특별시 도봉구 노해로63다길 25,132906,01399,,,,127.046065706106,37.6540058664909
MA0106202308A0561931,베이프스토어,,G2,소매,G221,기타 상품 소매,G22199,그 외 기타 상품 전문 소매업,G47859,그 외 기타 분류 안된 상품 전문 소매업,44,충청남도,44131,천안시 동남구,44131550,봉명동,4413111300,봉명동,4413111300103680000,1,대지,368,,충청남도 천안시 동남구 봉명동 368,441312249004,충청남도 천안시 동남구 쌍용대로,187,,4413111300103680000009873,,충청남도 천안시 동남구 쌍용대로 187,330930,31140,,1,,127.134240647253,36.8141906169952
MA0106202308A0716413,노르스름,,G2,소매,G221,기타 상품 소매,G22199,그 외 기타 상품 전문 소매업,G47859,그 외 기타 분류 안된 상품 전문 소매업,28,인천광역시,28245,계양구,28245614,계산4동,2824510200,계산동,2824510200110620000,1,대지,1062,,인천광역시 계양구 계산동 1062,282453155002,인천광역시 계양구 계산새로,71,,2824510200110620000019435,하이베라스,인천광역시 계양구 계산새로 71,407784,21060,,,,126.735821911947,37.5387798982997
MA0106202306A1400176,도두리사우나매점,,G2,소매,G221,기타 상품 소매,G22199,그 외 기타 상품 전문 소매업,G47859,그 외 기타 분류 안된 상품 전문 소매업,28,인천광역시,28245,계양구,28245614,계산4동,2824510200,계산동,2824510200110860002,1,대지,1086,2,인천광역시 계양구 계산동 1086-2,282453155029,인천광역시 계양구 용종로,2,,2824510200110860003030629,계산프라자,인천광역시 계양구 용종로 2,407813,21071,,,,126.741461866249,37.5339990704569
MA0106202306A1050008,자미트리아울렛,,G2,소매,G221,기타 상품 소매,G22199,그 외 기타 상품 전문 소매업,G47859,그 외 기타 분류 안된 상품 전문 소매업,51,강원특별자치도,51110,춘천시,51110610,후평2동,5111012000,후평동,5111012000100250000,1,대지,25,,강원특별자치도 춘천시 후평동 25,511103218049,강원특별자치도 춘천시 후석로,247,,4211012000100250000032289,,강원특별자치도 춘천시 후석로 247,200955,24284,,6,,127.75235548018,37.8735637919861
MA0106202307A2444831,지나마트,,G2,소매,G221,기타 상품 소매,G22199,그 외 기타 상품 전문 소매업,G47859,그 외 기타 분류 안된 상품 전문 소매업,44,충청남도,44230,논산시,44230520,부창동,4423010400,부창동,4423010400101620001,1,대지,162,1,충청남도 논산시 부창동 162-1,442303255038,충청남도 논산시 해월로,70,,4423010400101620001045191,,충청남도 논산시 해월로 70,320080,32957,,,,127.079366132896,36.1981458442318
MA0106202308A1802991,나나ASIAMART,,G2,소매,G221,기타 상품 소매,G22199,그 외 기타 상품 전문 소매업,G47859,그 외 기타 분류 안된 상품 전문 소매업,47,경상북도,47150,김천시,47150536,평화남산동,4715010500,평화동,4715010500102450205,1,대지,245,205,경상북도 김천시 평화동 245-205,471503306005,경상북도 김천시 김천로,60,,4715010500102450205002362,,경상북도 김천시 김천로 60,740982,39607,,,,128.109733534925,36.1261437198646
MA0106202306A1056436,지남리피자집,,G2,소매,G221,기타 상품 소매,G22199,그 외 기타 상품 전문 소매업,G47859,그 외 기타 분류 안된 상품 전문 소매업,46,전라남도,46910,신안군,46910350,도초면,4691035023,도초면,4691035023110330000,1,대지,1033,,전라남도 신안군 도초면 외남리 1033,469104706235,전라남도 신안군 도초면 외남길,140,11,4691035023110330000000001,,전라남도 신안군 도초면 외남길 140-11,535894,58852,,1,,125.941613477788,34.6960840775488
MA0106202306A2321622,엑스테크,,G2,소매,G221,기타 상품 소매,G22199,그 외 기타 상품 전문 소매업,G47859,그 외 기타 분류 안된 상품 전문 소매업,11,서울특별시,11500,강서구,11500535,등촌3동,1150010200,등촌동,1150010200106960000,1,대지,696,,서울특별시 강서구 등촌동 696,115004145183,서울특별시 강서구 공항대로41길,51,,1150010200106960000025433,세신그린코아빌딩,서울특별시 강서구 공항대로41길 51,157930,07586,,8,,126.845780155886,37.5602382373137
MA0106202308A0325404,한미종합유통,,G2,소매,G221,기타 상품 소매,G22199,그 외 기타 상품 전문 소매업,G47859,그 외 기타 분류 안된 상품 전문 소매업,41,경기도,41271,안산시 상록구,41271580,월피동,4127110700,부곡동,4127110700107380006,1,대지,738,6,경기도 안산시 상록구 부곡동 738-6,412713190046,경기도 안산시 상록구 시낭로,71,1,4127110700107380006007551,,경기도 안산시 상록구 시낭로 71-1,426829,15277,,1,,126.857259042663,37.3329539850324
MA0106202308A1943535,무동반찬,,G2,소매,G221,기타 상품 소매,G22199,그 외 기타 상품 전문 소매업,G47859,그 외 기타 분류 안된 상품 전문 소매업,48,경상남도,48121,창원시 의창구,48121310,북면,4812131030,북면,4812131030101450005,1,대지,145,5,경상남도 창원시 의창구 북면 무동리 145-5,481214793678,경상남도 창원시 의창구 북면 무동로226번길,8,,4812131030100000000000001,그랜드빌딩,경상남도 창원시 의창구 북면 무동로226번길 8,641871,51106,,,,128.584551809787,35.3169456624413
MA0106202307A0833997,다한다&진천밧데리할인매장,,G2,소매,G221,기타 상품 소매,G22199,그 외 기타 상품 전문 소매업,G47859,그 외 기타 분류 안된 상품 전문 소매업,43,충청북도,43750,진천군,43750250,진천읍,4375025025,진천읍,4375025025105420001,1,대지,542,1,충청북도 진천군 진천읍 성석리 542-1,437503245024,충청북도 진천군 진천읍 문화로,317,14,4375025025105420001006528,,충청북도 진천군 진천읍 문화로 317-14,365806,27844,,,,127.445603187519,36.8650194500001
MA0106202306A0428166,행복한찹쌀꽈배기,,G2,소매,G221,기타 상품 소매,G22199,그 외 기타 상품 전문 소매업,G47859,그 외 기타 분류 안된 상품 전문 소매업,41,경기도,41830,양평군,41830400,용문면,4183040024,용문면,4183040024100100000,1,대지,10,,경기도 양평군 용문면 다문리 10,418303217042,경기도 양평군 용문면 용문로,418,,4183040024100100000000001,,경기도 양평군 용문면 용문로 418,476841,12523,,1,,127.598564652027,37.4880939787022
MA0106202306A1572135,어썸마켓동,부산점,G2,소매,G221,기타 상품 소매,G22199,그 외 기타 상품 전문 소매업,G47859,그 외 기타 분류 안된 상품 전문 소매업,26,부산광역시,26710,기장군,26710259,일광읍,2671025922,일광읍,2671025922106510001,1,대지,651,1,부산광역시 기장군 일광읍 이천리 651-1,267102006018,부산광역시 기장군 일광읍 기장대로,868,48,2671031022106510001000001,,부산광역시 기장군 일광읍 기장대로 868-48,619913,46044,,1,,129.232676299114,35.2733803424411
MA0106202308A0543702,보광컬쳐,,G2,소매,G221,기타 상품 소매,G22199,그 외 기타 상품 전문 소매업,G47859,그 외 기타 분류 안된 상품 전문 소매업,41,경기도,41287,고양시 일산서구,41287520,일산2동,4128710100,일산동,4128710100105550001,1,대지,555,1,경기도 고양시 일산서구 일산동 555-1,412873012034,경기도 고양시 일산서구 고봉로,291,,4128710100105550001001987,에이스스타디움,경기도 고양시 일산서구 고봉로 291,411863,10340,,1,,126.77723888717,37.6852396739466
MA0106202308A0489997,케이에프스토아,,G2,소매,G221,기타 상품 소매,G22199,그 외 기타 상품 전문 소매업,G47859,그 외 기타 분류 안된 상품 전문 소매업,11,서울특별시,11650,서초구,11650540,잠원동,1165010600,잠원동,1165010600100120007,1,대지,12,7,서울특별시 서초구 잠원동 12-7,116504163002,서울특별시 서초구 강남대로101길,18,14,1165010600100120007018856,,서울특별시 서초구 강남대로101길 18-14,137902,06524,,1,,127.018528359062,37.5173147464232
MA0106202307A1586518,아이즈크림동백우성점,,G2,소매,G221,기타 상품 소매,G22199,그 외 기타 상품 전문 소매업,G47859,그 외 기타 분류 안된 상품 전문 소매업,41,경기도,41410,군포시,41410550,산본2동,4141010400,산본동,4141010400110590000,1,대지,1059,,경기도 군포시 산본동 1059,414104400015,경기도 군포시 고산로677번길,24,16,4141010400110590000009513,동백,경기도 군포시 고산로677번길 24-16,435745,15802,,,,126.933163876292,37.3731169751173
MA0106202307A2206640,그린F5하남영업본부,,G2,소매,G221,기타 상품 소매,G22199,그 외 기타 상품 전문 소매업,G47859,그 외 기타 분류 안된 상품 전문 소매업,41,경기도,41450,하남시,41450560,덕풍3동,4145010800,덕풍동,4145010800107440000,1,대지,744,,경기도 하남시 덕풍동 744,414503202016,경기도 하남시 덕풍동로,111,21,4145010800107440000000819,A,경기도 하남시 덕풍동로 111-21,465831,12927,,,,127.207696836385,37.5518040412847
MA0106202308A2162182,만타컴퍼니,,G2,소매,G221,기타 상품 소매,G22199,그 외 기타 상품 전문 소매업,G47859,그 외 기타 분류 안된 상품 전문 소매업,41,경기도,41360,남양주시,41360520,평내동,4136010200,평내동,4136010200105840008,1,대지,584,8,경기도 남양주시 평내동 584-8,413604391075,경기도 남양주시 경춘로1286번안길,19,21,4136010200105840008005109,,경기도 남양주시 경춘로1286번안길 19-21,472938,12223,,1,,127.236721459063,37.647398401786
MA0106202306A0148841,올쏘,,G2,소매,G221,기타 상품 소매,G22199,그 외 기타 상품 전문 소매업,G47859,그 외 기타 분류 안된 상품 전문 소매업,41,경기도,41800,연천군,41800253,전곡읍,4180025321,전곡읍,4180025321102760009,1,대지,276,9,경기도 연천군 전곡읍 전곡리 276-9,418003215066,경기도 연천군 전곡읍 평화로,554,,4180025321102760009000001,전곡읍전곡리,경기도 연천군 전곡읍 평화로 554,486903,11038,,,,127.069024970513,38.0198361933572
MA0106202306A0008893,경인파마콘,,G2,소매,G221,기타 상품 소매,G22199,그 외 기타 상품 전문 소매업,G47859,그 외 기타 분류 안된 상품 전문 소매업,41,경기도,41285,고양시 일산동구,41285590,장항2동,4128510400,장항동,4128510400108680000,1,대지,868,,경기도 고양시 일산동구 장항동 868,412853193031,경기도 고양시 일산동구 정발산로,24,,4128510400108670000001233,티,경기도 고양시 일산동구 정발산로 24,410837,10403,,6,,126.772045596105,37.655902909646
MA0106202308A1106309,메르베유,,G2,소매,G221,기타 상품 소매,G22199,그 외 기타 상품 전문 소매업,G47859,그 외 기타 분류 안된 상품 전문 소매업,26,부산광역시,26500,수영구,26500660,남천1동,2650010500,남천동,2650010500100310002,1,대지,31,2,부산광역시 수영구 남천동 31-2,265003138002,부산광역시 수영구 광남로,51,,2650010500100310002001091,백산,부산광역시 수영구 광남로 51,613815,48314,,2,,129.112050395077,35.1472512933126
MA0106202301A1799993,야채카페,,G2,소매,G221,기타 상품 소매,G22199,그 외 기타 상품 전문 소매업,G47859,그 외 기타 분류 안된 상품 전문 소매업,11,서울특별시,11590,동작구,11590510,노량진1동,1159010100,노량진동,1159010100100130008,1,대지,13,8,서울특별시 동작구 노량진동 13-8,115903118026,서울특별시 동작구 노들로,688,,,,서울특별시 동작구 노들로 688,156703,06900,,,,126.944529743084,37.5150146253313
MA0106202301A1884684,아세아천냥물류,,G2,소매,G221,기타 상품 소매,G22199,그 외 기타 상품 전문 소매업,G47859,그 외 기타 분류 안된 상품 전문 소매업,26,부산광역시,26500,수영구,26500740,망미1동,2650010100,망미동,2650010100108200001,1,대지,820,1,부산광역시 수영구 망미동 820-1,265004214152,부산광역시 수영구 망미로8번길,65,,,,부산광역시 수영구 망미로8번길 65,613825,48234,,,,129.10171650608,35.1720325522287
MA0106202308A0813443,블루키즈,,G2,소매,G221,기타 상품 소매,G22199,그 외 기타 상품 전문 소매업,G47859,그 외 기타 분류 안된 상품 전문 소매업,29,광주광역시,29170,북구,29170580,신안동,2917010600,신안동,2917010600102370005,1,대지,237,5,광주광역시 북구 신안동 237-5,291702009011,광주광역시 북구 서암대로,170,,2917010600102370005031535,,광주광역시 북구 서암대로 170,500830,61224,,6,,126.902645991122,35.1686264654654
MA0106202308A0343278,굿윌,,G2,소매,G221,기타 상품 소매,G22199,그 외 기타 상품 전문 소매업,G47859,그 외 기타 분류 안된 상품 전문 소매업,41,경기도,41117,수원시 영통구,41117585,영통3동,4111710500,영통동,4111710500110120001,1,대지,1012,1,경기도 수원시 영통구 영통동 1012-1,411174331083,경기도 수원시 영통구 반달로35번길,30,,4111710500110120001056687,,경기도 수원시 영통구 반달로35번길 30,443470,16705,,,,127.077470772644,37.2517771737684
MA0106202308A0873221,"참물유통스파클,진로석수",,G2,소매,G221,기타 상품 소매,G22199,그 외 기타 상품 전문 소매업,G47859,그 외 기타 분류 안된 상품 전문 소매업,43,충청북도,43130,충주시,43130610,봉방동,4313011500,봉방동,4313011500104040012,1,대지,404,12,충청북도 충주시 봉방동 404-12,431304514708,충청북도 충주시 상방3길,7,,4313011500104040012015596,,충청북도 충주시 상방3길 7,380960,27431,,,,127.909654367128,36.9734027247612
MA0106202306A0140482,송월타월우리안,,G2,소매,G221,기타 상품 소매,G22199,그 외 기타 상품 전문 소매업,G47859,그 외 기타 분류 안된 상품 전문 소매업,11,서울특별시,11620,관악구,11620605,은천동,1162010100,봉천동,1162010100109120019,1,대지,912,19,서울특별시 관악구 봉천동 912-19,116202000003,서울특별시 관악구 남부순환로,1757,,1162010100109120019039932,우성빌딩,서울특별시 관악구 남부순환로 1757,151840,08757,,1,,126.945492333422,37.4823355778027
MA0106202306A2441540,신은,,G2,소매,G221,기타 상품 소매,G22199,그 외 기타 상품 전문 소매업,G47859,그 외 기타 분류 안된 상품 전문 소매업,26,부산광역시,26410,금정구,26410570,부곡1동,2641010900,부곡동,2641010900103160007,1,대지,316,7,부산광역시 금정구 부곡동 316-7,264103135001,부산광역시 금정구 가마실로,49,,2641010900103160007001462,,부산광역시 금정구 가마실로 49,609825,46303,,1,,129.094240623341,35.2241134007259
MA0106202308A1305429,춘향골문화공간요소,,G2,소매,G221,기타 상품 소매,G22199,그 외 기타 상품 전문 소매업,G47859,그 외 기타 분류 안된 상품 전문 소매업,52,전북특별자치도,52190,남원시,52190520,죽항동,5219010200,하정동,5219010200101830010,1,대지,183,10,전북특별자치도 남원시 하정동 183-10,521903271002,전북특별자치도 남원시 광한북로,46,,4519010200101830010316153,,전북특별자치도 남원시 광한북로 46,590987,55770,,,,127.380154729736,35.4070037170933
MA0106202306A0314609,에이치엘비바이오스텝,,G2,소매,G221,기타 상품 소매,G22199,그 외 기타 상품 전문 소매업,G47859,그 외 기타 분류 안된 상품 전문 소매업,28,인천광역시,28185,연수구,28185820,송도1동,2818510600,송도동,2818510600100130048,1,대지,13,48,인천광역시 연수구 송도동 13-48,281854856820,인천광역시 연수구 아카데미로79번길,38,,2818510600100130048000001,,인천광역시 연수구 아카데미로79번길 38,406081,22014,,,,126.635936514385,37.3729449508256
MA0106202306A2007026,잔비치,,G2,소매,G221,기타 상품 소매,G22199,그 외 기타 상품 전문 소매업,G47859,그 외 기타 분류 안된 상품 전문 소매업,51,강원특별자치도,51830,양양군,51830330,현북면,5183033021,현북면,5183033021100040009,1,대지,4,9,강원특별자치도 양양군 현북면 잔교리 4-9,518302000023,강원특별자치도 양양군 현북면 동해대로,1108,,4283033021100040009007176,잔교리부녀회매점,강원특별자치도 양양군 현북면 동해대로 1108,215831,25047,,,,128.74142053205,37.9947090510786
MA0106202308A0270171,자연숲,,G2,소매,G221,기타 상품 소매,G22199,그 외 기타 상품 전문 소매업,G47859,그 외 기타 분류 안된 상품 전문 소매업,27,대구광역시,27260,수성구,27260652,지산2동,2726011200,지산동,2726011200112120016,1,대지,1212,16,대구광역시 수성구 지산동 1212-16,272604238348,대구광역시 수성구 용학로50길,27,,2726011200112120016004349,,대구광역시 수성구 용학로50길 27,706845,42212,,,,128.635954008378,35.8191908920695
MA0106202306A1641394,엔메이드,,G2,소매,G221,기타 상품 소매,G22199,그 외 기타 상품 전문 소매업,G47859,그 외 기타 분류 안된 상품 전문 소매업,48,경상남도,48240,사천시,48240250,사천읍,4824025021,사천읍,4824025021106400002,1,대지,640,2,경상남도 사천시 사천읍 선인리 640-2,482404802184,경상남도 사천시 사천읍 동문4길,87,,4824025021106400002000001,,경상남도 사천시 사천읍 동문4길 87,664803,52517,,,,128.098432901081,35.0860017195196
MA0106202306A0757272,나래옥수수잡화,,G2,소매,G221,기타 상품 소매,G22199,그 외 기타 상품 전문 소매업,G47859,그 외 기타 분류 안된 상품 전문 소매업,30,대전광역시,30230,대덕구,30230546,중리동,3023010900,중리동,3023010900103690003,1,대지,369,3,대전광역시 대덕구 중리동 369-3,302304304448,대전광역시 대덕구 중리로76번길,11,,3023010900103690003010864,,대전광역시 대덕구 중리로76번길 11,306827,34389,,,,127.425792563652,36.3659091516934
MA0106202308A2450884,번영마트,,G2,소매,G221,기타 상품 소매,G22199,그 외 기타 상품 전문 소매업,G47859,그 외 기타 분류 안된 상품 전문 소매업,41,경기도,41570,김포시,41570340,대곶면,4157034026,대곶면,4157034026102940008,1,대지,294,8,경기도 김포시 대곶면 초원지리 294-8,415703209099,경기도 김포시 대곶면 율마로,102,,4157034026102940008000002,,경기도 김포시 대곶면 율마로 102,415837,10038,,,,126.596560104668,37.6603526011637
MA0106202308A0968171,하늘터기,,G2,소매,G221,기타 상품 소매,G22199,그 외 기타 상품 전문 소매업,G47859,그 외 기타 분류 안된 상품 전문 소매업,43,충청북도,43114,청주시 청원구,43114540,율량.사천동,4311410400,사천동,4311410400101610003,1,대지,161,3,충청북도 청주시 청원구 사천동 161-3,431144508033,충청북도 청주시 청원구 2순환로410번길,37,,4311111600101610013045895,OK산업용재백화점,충청북도 청주시 청원구 2순환로410번길 37,363220,28354,,,,127.47429772236,36.67167464175
MA0106202306A0814238,미스터쌀호두과자,,G2,소매,G221,기타 상품 소매,G22199,그 외 기타 상품 전문 소매업,G47859,그 외 기타 분류 안된 상품 전문 소매업,26,부산광역시,26410,금정구,26410600,장전1동,2641010800,장전동,2641010800101540003,1,대지,154,3,부산광역시 금정구 장전동 154-3,264104205031,부산광역시 금정구 금강로335번길,21,,2641010800101540003002914,,부산광역시 금정구 금강로335번길 21,609837,46282,,1,,129.085277718066,35.2377763960316
MA0106202306A0550373,피코사이언스,,G2,소매,G221,기타 상품 소매,G22199,그 외 기타 상품 전문 소매업,G47859,그 외 기타 분류 안된 상품 전문 소매업,41,경기도,41360,남양주시,41360565,다산2동,4136011200,다산동,4136011200161930002,1,대지,6193,2,경기도 남양주시 다산동 6193-2,413603000120,경기도 남양주시 경춘로,508,8,4136011200161930002000001,,경기도 남양주시 경춘로 508-8,,12284,,5,,127.169001775249,37.6105654394766
MA0106202301A2198474,신고들고,,G2,소매,G221,기타 상품 소매,G22199,그 외 기타 상품 전문 소매업,G47859,그 외 기타 분류 안된 상품 전문 소매업,26,부산광역시,26260,동래구,26260600,사직3동,2626010900,사직동,2626010900101340020,1,대지,134,20,부산광역시 동래구 사직동 134-20,262603130025,부산광역시 동래구 미남로,47,7,,,부산광역시 동래구 미남로 47-7,607818,47843,,1,,129.070203203242,35.1982494034256
MA0106202301A1892924,신앙촌상회,,G2,소매,G221,기타 상품 소매,G22199,그 외 기타 상품 전문 소매업,G47859,그 외 기타 분류 안된 상품 전문 소매업,26,부산광역시,26470,연제구,26470680,연산4동,2647010200,연산동,2647010200105790039,1,대지,579,39,부산광역시 연제구 연산동 579-39,264704211036,부산광역시 연제구 거제천로230번길,5,,,,부산광역시 연제구 거제천로230번길 5,611820,47519,,1,,129.082196418827,35.1915553885316
MA0106202308A0769514,마실공간,,G2,소매,G221,기타 상품 소매,G22199,그 외 기타 상품 전문 소매업,G47859,그 외 기타 분류 안된 상품 전문 소매업,41,경기도,41210,광명시,41210655,일직동,4121010600,일직동,4121010600105150001,1,대지,515,1,경기도 광명시 일직동 515-1,412103351807,경기도 광명시 새빛공원로,67,,4121010600105150001000001,광명역자이타워,경기도 광명시 새빛공원로 67,423090,14348,,,,126.888386922471,37.4196750177163
MA0106202309A0017855,메고지고떡창고삼숭,자이점,G2,소매,G221,기타 상품 소매,G22199,그 외 기타 상품 전문 소매업,G47859,그 외 기타 분류 안된 상품 전문 소매업,41,경기도,41630,양주시,41630520,양주2동,4163010800,삼숭동,4163010800101890001,1,대지,189,1,경기도 양주시 삼숭동 189-1,416304436223,경기도 양주시 삼숭로58번길,66,,4163010800101890001008289,,경기도 양주시 삼숭로58번길 66,482110,11486,,,,127.104724220044,37.8008987158319
MA0106202301A2265817,자매크래커,,G2,소매,G221,기타 상품 소매,G22199,그 외 기타 상품 전문 소매업,G47859,그 외 기타 분류 안된 상품 전문 소매업,41,경기도,41115,수원시 팔달구,41115670,고등동,4111513700,고등동,4111513700100530005,1,대지,53,5,경기도 수원시 팔달구 고등동 53-5,411154328047,경기도 수원시 팔달구 고등로59번길,24,,,,경기도 수원시 팔달구 고등로59번길 24,442880,16447,,1,,127.003630592114,37.2744186232438
MA0106202301A2124396,너를위한,,G2,소매,G221,기타 상품 소매,G22199,그 외 기타 상품 전문 소매업,G47859,그 외 기타 분류 안된 상품 전문 소매업,47,경상북도,47190,구미시,47190253,고아읍,4719025332,고아읍,4719025332111290000,1,대지,1129,,경상북도 구미시 고아읍 문성리 1129,471904724231,경상북도 구미시 고아읍 들성로7길,20,,4719025332111290000000001,,경상북도 구미시 고아읍 들성로7길 20,730814,39146,,,,128.343450267865,36.162390971509
MA0106202301A2076284,달성종합파렛트,,G2,소매,G221,기타 상품 소매,G22199,그 외 기타 상품 전문 소매업,G47859,그 외 기타 분류 안된 상품 전문 소매업,27,대구광역시,27710,달성군,27710253,논공읍,2771025327,논공읍,2771025327102180000,1,대지,218,,대구광역시 달성군 논공읍 남리 218,277103148011,대구광역시 달성군 논공읍 논공로,833,,,,대구광역시 달성군 논공읍 논공로 833,711852,42987,,,,128.437455244954,35.7263034849339
MA0106202301A2190400,꼬까동17번지,,G2,소매,G221,기타 상품 소매,G22199,그 외 기타 상품 전문 소매업,G47859,그 외 기타 분류 안된 상품 전문 소매업,41,경기도,41630,양주시,41630520,양주2동,4163010800,삼숭동,4163010800106850001,1,대지,685,1,경기도 양주시 삼숭동 685-1,416304436222,경기도 양주시 삼숭로38번길,80,,,,경기도 양주시 삼숭로38번길 80,482110,11487,,2,,127.105830087229,37.7960685818261
MA0106202301A1861296,신안상사,,G2,소매,G221,기타 상품 소매,G22199,그 외 기타 상품 전문 소매업,G47859,그 외 기타 분류 안된 상품 전문 소매업,50,제주특별자치도,50130,서귀포시,50130253,남원읍,5013025321,남원읍,5013025321101150003,1,대지,115,3,제주특별자치도 서귀포시 남원읍 남원리 115-3,501303350038,제주특별자치도 서귀포시 남원읍 남한로,4,6,,,제주특별자치도 서귀포시 남원읍 남한로 4-6,699941,63621,,,,126.718638711089,33.2793031734957
MA0106202301A1811445,경인안천웅촌점,백화점,G2,소매,G221,기타 상품 소매,G22199,그 외 기타 상품 전문 소매업,G47859,그 외 기타 분류 안된 상품 전문 소매업,31,울산광역시,31710,울주군,31710340,웅촌면,3171034027,웅촌면,3171034027101590005,1,대지,159,5,울산광역시 울주군 웅촌면 대대리 159-5,317103011007,울산광역시 울주군 웅촌면 웅촌로,237,,,,울산광역시 울주군 웅촌면 웅촌로 237,689872,44967,,,,129.204528829861,35.4535234803902
MA0106202301A2023706,코숨,,G2,소매,G221,기타 상품 소매,G22199,그 외 기타 상품 전문 소매업,G47859,그 외 기타 분류 안된 상품 전문 소매업,11,서울특별시,11110,종로구,11110560,평창동,1111018300,평창동,1111018300104360001,1,대지,436,1,서울특별시 종로구 평창동 436-1,111104100519,서울특별시 종로구 평창길,330,,,,서울특별시 종로구 평창길 330,110848,03004,,2,,126.978050042552,37.6132342075065
MA0106202301A1716919,엔젤앞치마,,G2,소매,G221,기타 상품 소매,G22199,그 외 기타 상품 전문 소매업,G47859,그 외 기타 분류 안된 상품 전문 소매업,26,부산광역시,26110,중구,26110570,광복동,2611013000,신창동4가,2611013000100440003,1,대지,44,3,부산광역시 중구 신창동4가 44-3,261104175030,부산광역시 중구 국제시장2길,33,,2611013000100440001008364,국제시장,부산광역시 중구 국제시장2길 33,600713,48945,,,,129.028299280278,35.1023805326809
MA0106202301A1861952,성현포장,,G2,소매,G221,기타 상품 소매,G22199,그 외 기타 상품 전문 소매업,G47859,그 외 기타 분류 안된 상품 전문 소매업,50,제주특별자치도,50110,제주시,50110530,이도1동,5011010300,이도일동,5011010300113620001,1,대지,1362,1,제주특별자치도 제주시 이도일동 1362-1,501104848759,제주특별자치도 제주시 중앙로11길,1,,,,제주특별자치도 제주시 중앙로11길 1,690829,63192,,,,126.525064898023,33.512564225675
MA0106202301A1791408,역전슈퍼,,G2,소매,G221,기타 상품 소매,G22199,그 외 기타 상품 전문 소매업,G47859,그 외 기타 분류 안된 상품 전문 소매업,48,경상남도,48121,창원시 의창구,48121520,팔룡동,4812112900,팔용동,4812112900101560003,1,대지,156,3,경상남도 창원시 의창구 팔용동 156-3,481212019001,경상남도 창원시 의창구 의창대로,56,,,,경상남도 창원시 의창구 의창대로 56,641849,51376,,,,128.607092044713,35.2563113161202
MA0106202301A2163879,암마메이드,,G2,소매,G221,기타 상품 소매,G22199,그 외 기타 상품 전문 소매업,G47859,그 외 기타 분류 안된 상품 전문 소매업,29,광주광역시,29140,서구,29140760,화정1동,2914012100,내방동,2914012100103850001,1,대지,385,1,광주광역시 서구 내방동 385-1,291404280338,광주광역시 서구 월드컵4강로226번길,14,,,,광주광역시 서구 월드컵4강로226번길 14,502808,61973,,,,126.870360044155,35.1566442036092
MA0106202301A1969042,키즈스토리,,G2,소매,G221,기타 상품 소매,G22199,그 외 기타 상품 전문 소매업,G47859,그 외 기타 분류 안된 상품 전문 소매업,43,충청북도,43113,청주시 흥덕구,43113250,오송읍,4311325028,오송읍,4311325028102750027,1,대지,275,27,충청북도 청주시 흥덕구 오송읍 오송리 275-27,431133014012,충청북도 청주시 흥덕구 오송읍 가로수로,180,5,,,충청북도 청주시 흥덕구 오송읍 가로수로 180-5,361954,28168,,,,127.325111512267,36.6097088310427
MA0106202301A1706728,정순이호떡앤분식까페,,G2,소매,G221,기타 상품 소매,G22199,그 외 기타 상품 전문 소매업,G47859,그 외 기타 분류 안된 상품 전문 소매업,51,강원특별자치도,51110,춘천시,51110660,퇴계동,5111012300,퇴계동,5111012300103690009,1,대지,369,9,강원특별자치도 춘천시 퇴계동 369-9,511103218007,강원특별자치도 춘천시 남춘로,17,,,,강원특별자치도 춘천시 남춘로 17,200943,24370,,,,127.729931390898,37.8632181156902
MA0106202301A1877805,부영상회,,G2,소매,G221,기타 상품 소매,G22199,그 외 기타 상품 전문 소매업,G47859,그 외 기타 분류 안된 상품 전문 소매업,26,부산광역시,26500,수영구,26500660,남천1동,2650010500,남천동,2650010500102550000,1,대지,255,,부산광역시 수영구 남천동 255,265004214239,부산광역시 수영구 수영로384번길,7,,,,부산광역시 수영구 수영로384번길 7,613816,48311,,,,129.107815492889,35.1404492572223
MA0106202301A1781172,회성상회,,G2,소매,G221,기타 상품 소매,G22199,그 외 기타 상품 전문 소매업,G47859,그 외 기타 분류 안된 상품 전문 소매업,48,경상남도,48127,창원시 마산회원구,48127590,합성2동,4812710600,합성동,4812710600103260001,1,대지,326,1,경상남도 창원시 마산회원구 합성동 326-1,481274790311,경상남도 창원시 마산회원구 합성남8길,76,,,,경상남도 창원시 마산회원구 합성남8길 76,630818,51355,,,,128.587535904828,35.2400319499844
MA0106202301A1770096,지케어,,G2,소매,G221,기타 상품 소매,G22199,그 외 기타 상품 전문 소매업,G47859,그 외 기타 분류 안된 상품 전문 소매업,26,부산광역시,26260,동래구,26260600,사직3동,2626010900,사직동,2626010900101480013,1,대지,148,13,부산광역시 동래구 사직동 148-13,262604190353,부산광역시 동래구 여고로113번길,45,,,,부산광역시 동래구 여고로113번길 45,607813,47830,,,,129.074355261512,35.2004942857791
MA0106202301A1825687,퍼스트마트,,G2,소매,G221,기타 상품 소매,G22199,그 외 기타 상품 전문 소매업,G47859,그 외 기타 분류 안된 상품 전문 소매업,48,경상남도,48310,거제시,48310340,거제면,4831034026,거제면,4831034026107220004,1,대지,722,4,경상남도 거제시 거제면 서정리 722-4,483104811575,경상남도 거제시 거제면 읍내로13길,32,,,,경상남도 거제시 거제면 읍내로13길 32,656862,53285,,1,,128.584828319204,34.8506066948399
MA0106202301A1754914,동아상회,,G2,소매,G221,기타 상품 소매,G22199,그 외 기타 상품 전문 소매업,G47859,그 외 기타 분류 안된 상품 전문 소매업,26,부산광역시,26530,사상구,26530670,학장동,2653010700,학장동,2653010700201490020,2,산,149,20,부산광역시 사상구 학장동 산149-20,265303139006,부산광역시 사상구 대동로,61,,,,부산광역시 사상구 대동로 61,617020,47050,,,,128.975614792735,35.1362251162108
MA0106202301A1796343,자연애경사났네,,G2,소매,G221,기타 상품 소매,G22199,그 외 기타 상품 전문 소매업,G47859,그 외 기타 분류 안된 상품 전문 소매업,48,경상남도,48123,창원시 성산구,48123560,성주동,4812312800,성주동,4812312800101530000,1,대지,153,,경상남도 창원시 성산구 성주동 153,481233328021,경상남도 창원시 성산구 삼정자로,79,,,,경상남도 창원시 성산구 삼정자로 79,642939,51470,,,,128.71503987808,35.1993955207486
MA0106202301A2120641,한국수제음료협회,,G2,소매,G221,기타 상품 소매,G22199,그 외 기타 상품 전문 소매업,G47859,그 외 기타 분류 안된 상품 전문 소매업,44,충청남도,44133,천안시 서북구,44133540,쌍용2동,4413310700,쌍용동,4413310700116050000,1,대지,1605,,충청남도 천안시 서북구 쌍용동 1605,441334550563,충청남도 천안시 서북구 월봉5길,41,5,,,충청남도 천안시 서북구 월봉5길 41-5,331955,31174,,1,,127.117429551957,36.7920410556069
MA0106202301A2150729,차희마트,,G2,소매,G221,기타 상품 소매,G22199,그 외 기타 상품 전문 소매업,G47859,그 외 기타 분류 안된 상품 전문 소매업,46,전라남도,46780,보성군,46780250,보성읍,4678025030,보성읍,4678025030102270014,1,대지,227,14,전라남도 보성군 보성읍 용문리 227-14,467803290008,전라남도 보성군 보성읍 송재로,274,,,,전라남도 보성군 보성읍 송재로 274,546804,59451,,,,127.088850257747,34.7762050759955
MA0106202301A2304832,경신종합상사,,G2,소매,G221,기타 상품 소매,G22199,그 외 기타 상품 전문 소매업,G47859,그 외 기타 분류 안된 상품 전문 소매업,52,전북특별자치도,52113,전주시 덕진구,52113600,팔복동,5211310900,팔복동2가,5211310900104330021,1,대지,433,21,전북특별자치도 전주시 덕진구 팔복동2가 433-21,521133267040,전북특별자치도 전주시 덕진구 신행로,71,,,,전북특별자치도 전주시 덕진구 신행로 71,561844,54886,,,,127.093687146004,35.8513873757296
MA0106202301A1853636,승진신화유통,,G2,소매,G221,기타 상품 소매,G22199,그 외 기타 상품 전문 소매업,G47859,그 외 기타 분류 안된 상품 전문 소매업,48,경상남도,48250,김해시,48250565,칠산서부동,4825011400,화목동,4825011400115860003,1,대지,1586,3,경상남도 김해시 화목동 1586-3,482503352848,경상남도 김해시 화목로,74,28,,,경상남도 김해시 화목로 74-28,621150,51010,,,,128.862049666231,35.1983500390839
MA0106202301A2158583,빅세일마트,,G2,소매,G221,기타 상품 소매,G22199,그 외 기타 상품 전문 소매업,G47859,그 외 기타 분류 안된 상품 전문 소매업,26,부산광역시,26710,기장군,26710253,장안읍,2671025321,장안읍,2671025321102520012,1,대지,252,12,부산광역시 기장군 장안읍 좌천리 252-12,267103173096,부산광역시 기장군 장안읍 해맞이로,14,,,,부산광역시 기장군 장안읍 해맞이로 14,619953,46033,,1,,129.245365347061,35.3126769956704
MA0106202301A1742787,다일과학,,G2,소매,G221,기타 상품 소매,G22199,그 외 기타 상품 전문 소매업,G47859,그 외 기타 분류 안된 상품 전문 소매업,26,부산광역시,26230,부산진구,26230760,개금3동,2623011100,개금동,2623011100102180001,1,대지,218,1,부산광역시 부산진구 개금동 218-1,262304187287,부산광역시 부산진구 백양대로252번길,7,,,,부산광역시 부산진구 백양대로252번길 7,614811,47173,,,,129.023093193279,35.1565739696736
MA0106202301A1630061,더기프팅컴퍼니,,G2,소매,G221,기타 상품 소매,G22199,그 외 기타 상품 전문 소매업,G47859,그 외 기타 분류 안된 상품 전문 소매업,11,서울특별시,11200,성동구,11200670,성수2가1동,1120011500,성수동2가,1120011500103100064,1,대지,310,64,서울특별시 성동구 성수동2가 310-64,112004109413,서울특별시 성동구 연무장길,38,,1120011500103100064000156,지층,서울특별시 성동구 연무장길 38,133827,04781,,1,,127.053476731411,37.5428564941071
MA0106202301A1879488,수연뜰,,G2,소매,G221,기타 상품 소매,G22199,그 외 기타 상품 전문 소매업,G47859,그 외 기타 분류 안된 상품 전문 소매업,26,부산광역시,26290,남구,26290700,문현3동,2629010900,문현동,2629010900102050012,1,대지,205,12,부산광역시 남구 문현동 205-12,262904193003,부산광역시 남구 고동골로18번길,28,,,,부산광역시 남구 고동골로18번길 28,608823,48419,,1,,129.072640800228,35.1386050776912
MA0106202301A1877687,현진상사,,G2,소매,G221,기타 상품 소매,G22199,그 외 기타 상품 전문 소매업,G47859,그 외 기타 분류 안된 상품 전문 소매업,26,부산광역시,26170,동구,26170680,범일5동,2617010400,범일동,2617010400102520138,1,대지,252,138,부산광역시 동구 범일동 252-138,261703127051,부산광역시 동구 범일로,11,,,,부산광역시 동구 범일로 11,601805,48755,,,,129.059268790994,35.1308037574683
MA0106202301A1572645,라미야전자담배,화정점,G2,소매,G221,기타 상품 소매,G22199,그 외 기타 상품 전문 소매업,G47859,그 외 기타 분류 안된 상품 전문 소매업,41,경기도,41590,화성시,41590259,향남읍,4159025921,향남읍,4159025921100690008,1,대지,69,8,경기도 화성시 향남읍 평리 69-8,415903210137,경기도 화성시 향남읍 발안로,25,,,,경기도 화성시 향남읍 발안로 25,445939,18592,,,,126.913074767062,37.1316602572087
MA0106202301A1834999,리빙상사,,G2,소매,G221,기타 상품 소매,G22199,그 외 기타 상품 전문 소매업,G47859,그 외 기타 분류 안된 상품 전문 소매업,48,경상남도,48170,진주시,48170730,판문동,4817012900,판문동,4817012900102680053,1,대지,268,53,경상남도 진주시 판문동 268-53,481703332056,경상남도 진주시 진양호로,75,,,,경상남도 진주시 진양호로 75,660989,52648,,,,128.048167060921,35.1672133399396
MA0106202301A1783608,ASIAGood마트,,G2,소매,G221,기타 상품 소매,G22199,그 외 기타 상품 전문 소매업,G47859,그 외 기타 분류 안된 상품 전문 소매업,48,경상남도,48127,창원시 마산회원구,48127620,봉암동,4812710300,봉암동,4812710300104540016,1,대지,454,16,경상남도 창원시 마산회원구 봉암동 454-16,481274790102,경상남도 창원시 마산회원구 봉암북4길,30,,,,경상남도 창원시 마산회원구 봉암북4길 30,630804,51347,,,,128.597080270451,35.2220169197138
MA0106202301A1867262,여성D.C아울렛,,G2,소매,G221,기타 상품 소매,G22199,그 외 기타 상품 전문 소매업,G47859,그 외 기타 분류 안된 상품 전문 소매업,50,제주특별자치도,50130,서귀포시,50130250,대정읍,5013025022,대정읍,5013025022114070011,1,대지,1407,11,제주특별자치도 서귀포시 대정읍 하모리 1407-11,501303350067,제주특별자치도 서귀포시 대정읍 동일하모로,207,,,,제주특별자치도 서귀포시 대정읍 동일하모로 207,699935,63508,,2,,126.253330868398,33.2259784093715
MA0106202301A1901989,송월타올,,G2,소매,G221,기타 상품 소매,G22199,그 외 기타 상품 전문 소매업,G47859,그 외 기타 분류 안된 상품 전문 소매업,31,울산광역시,31710,울주군,31710253,언양읍,3171025332,언양읍,3171025332101370019,1,대지,137,19,울산광역시 울주군 언양읍 남부리 137-19,317104319907,울산광역시 울주군 언양읍 장터1길,17,14,,,울산광역시 울주군 언양읍 장터1길 17-14,689802,44946,,,,129.125737175339,35.5644844943607
MA0106202301A2131625,하이테크,,G2,소매,G221,기타 상품 소매,G22199,그 외 기타 상품 전문 소매업,G47859,그 외 기타 분류 안된 상품 전문 소매업,27,대구광역시,27260,수성구,27260680,고산2동,2726012700,대흥동,2726012700108290003,1,대지,829,3,대구광역시 수성구 대흥동 829-3,272604854955,대구광역시 수성구 알파시티1로42길,11,,,,대구광역시 수성구 알파시티1로42길 11,706130,42250,,3,,128.682996516573,35.8384473749234
MA0106202301A2377348,현대마트,,G2,소매,G221,기타 상품 소매,G22199,그 외 기타 상품 전문 소매업,G47859,그 외 기타 분류 안된 상품 전문 소매업,11,서울특별시,11260,중랑구,11260690,신내2동,1126010600,신내동,1126010600106610000,1,대지,661,,서울특별시 중랑구 신내동 661,112603106003,서울특별시 중랑구 봉화산로,193,,,,서울특별시 중랑구 봉화산로 193,131791,02043,,1,,127.094451457591,37.606828458866
MA0106202301A1766918,유정상회,,G2,소매,G221,기타 상품 소매,G22199,그 외 기타 상품 전문 소매업,G47859,그 외 기타 분류 안된 상품 전문 소매업,26,부산광역시,26470,연제구,26470700,연산6동,2647010200,연산동,2647010200106650062,1,대지,665,62,부산광역시 연제구 연산동 665-62,264704211166,부산광역시 연제구 대리로6번길,75,,,,부산광역시 연제구 대리로6번길 75,611838,47590,,,,129.085932136484,35.1779467350086
MA0106202301A1838815,비전상사,,G2,소매,G221,기타 상품 소매,G22199,그 외 기타 상품 전문 소매업,G47859,그 외 기타 분류 안된 상품 전문 소매업,48,경상남도,48170,진주시,48170730,판문동,4817012900,판문동,4817012900109310000,1,대지,931,,경상남도 진주시 판문동 931,481703332065,경상남도 진주시 판문로,381,,,,경상남도 진주시 판문로 381,660989,52647,,,,128.032209336372,35.199454914821
MA0106202301A2118884,돼지종합상사,,G2,소매,G221,기타 상품 소매,G22199,그 외 기타 상품 전문 소매업,G47859,그 외 기타 분류 안된 상품 전문 소매업,28,인천광역시,28140,동구,28140570,송현3동,2814010300,송현동,2814010300101280009,1,대지,128,9,인천광역시 동구 송현동 128-9,281404250066,인천광역시 동구 방축로37번길,19,,,,인천광역시 동구 방축로37번길 19,401043,22527,,,,126.651042626793,37.4872658881
MA0106202301A1782962,동서유통,,G2,소매,G221,기타 상품 소매,G22199,그 외 기타 상품 전문 소매업,G47859,그 외 기타 분류 안된 상품 전문 소매업,48,경상남도,48125,창원시 마산합포구,48125580,자산동,4812514000,자산동,4812514000100110003,1,대지,11,3,경상남도 창원시 마산합포구 자산동 11-3,481253329011,경상남도 창원시 마산합포구 무학로,442,,,,경상남도 창원시 마산합포구 무학로 442,631867,51254,,,,128.563813136685,35.2076710263955
MA0106202301A1746043,신앙장갑,,G2,소매,G221,기타 상품 소매,G22199,그 외 기타 상품 전문 소매업,G47859,그 외 기타 분류 안된 상품 전문 소매업,26,부산광역시,26230,부산진구,26230780,범천2동,2623010400,범천동,2623010400110800273,1,대지,1080,273,부산광역시 부산진구 범천동 1080-273,262303129031,부산광역시 부산진구 신암로,179,,,,부산광역시 부산진구 신암로 179,614832,47342,,,,129.046889120447,35.1555252872368
MA0106202301A1764351,백의민족,,G2,소매,G221,기타 상품 소매,G22199,그 외 기타 상품 전문 소매업,G47859,그 외 기타 분류 안된 상품 전문 소매업,11,서울특별시,11470,양천구,11470680,신정7동,1147010100,신정동,1147010100102020032,1,대지,202,32,서울특별시 양천구 신정동 202-32,114704142093,서울특별시 양천구 목동남로2길,25,,,,서울특별시 양천구 목동남로2길 25,158851,08104,,1,,126.864550372378,37.5074896760703
MA0106202301A2169419,빵에진심,,G2,소매,G221,기타 상품 소매,G22199,그 외 기타 상품 전문 소매업,G47859,그 외 기타 분류 안된 상품 전문 소매업,11,서울특별시,11710,송파구,11710590,송파2동,1171010400,송파동,1171010400101950006,1,대지,195,6,서울특별시 송파구 송파동 195-6,117104169341,서울특별시 송파구 송파대로38길,2,9,,,서울특별시 송파구 송파대로38길 2-9,138854,05676,,,,127.112445207004,37.5001435928908
MA0106202301A2199133,롤로,코리아,G2,소매,G221,기타 상품 소매,G22199,그 외 기타 상품 전문 소매업,G47859,그 외 기타 분류 안된 상품 전문 소매업,41,경기도,41192,부천시 원미구,41192510,심곡1동,4119210200,심곡동,4119210200100890013,1,대지,89,13,경기도 부천시 원미구 심곡동 89-13,411923184003,경기도 부천시 원미구 부천로,123,,,,경기도 부천시 원미구 부천로 123,420820,14576,,1,,126.784996160379,37.4953522677702
MA0106202301A1573599,프루쉬,,G2,소매,G221,기타 상품 소매,G22199,그 외 기타 상품 전문 소매업,G47859,그 외 기타 분류 안된 상품 전문 소매업,26,부산광역시,26170,동구,26170660,범일2동,2617010400,범일동,2617010400108300140,1,대지,830,140,부산광역시 동구 범일동 830-140,261703127033,부산광역시 동구 조방로,14,,2617010400108300140000001,제판매,부산광역시 동구 조방로 14,601808,48741,,1,,129.063450634676,35.1387259298607
MA0106202301A1773726,원마트,,G2,소매,G221,기타 상품 소매,G22199,그 외 기타 상품 전문 소매업,G47859,그 외 기타 분류 안된 상품 전문 소매업,26,부산광역시,26260,동래구,26260740,안락1동,2626010200,안락동,2626010200105280001,1,대지,528,1,부산광역시 동래구 안락동 528-1,262602006006,부산광역시 동래구 충렬대로,389,,,,부산광역시 동래구 충렬대로 389,607828,47797,,,,129.101032122888,35.1974568793394
MA0106202301A1756781,교육사,,G2,소매,G221,기타 상품 소매,G22199,그 외 기타 상품 전문 소매업,G47859,그 외 기타 분류 안된 상품 전문 소매업,26,부산광역시,26530,사상구,26530661,주례3동,2653010600,주례동,2653010600105300005,1,대지,530,5,부산광역시 사상구 주례동 530-5,265303139020,부산광역시 사상구 주례로,93,,,,부산광역시 사상구 주례로 93,617764,47017,,,,129.006222379814,35.1451844238253
MA0106202301A2186336,미소김,,G2,소매,G221,기타 상품 소매,G22199,그 외 기타 상품 전문 소매업,G47859,그 외 기타 분류 안된 상품 전문 소매업,41,경기도,41117,수원시 영통구,41117520,매탄2동,4111710100,매탄동,4111710100101110135,1,대지,111,135,경기도 수원시 영통구 매탄동 111-135,411174331034,경기도 수원시 영통구 매봉로27번길,35,,,,경기도 수원시 영통구 매봉로27번길 35,443801,16526,,,,127.050577901078,37.2709298571821
MA0106202301A1867225,도상포장,,G2,소매,G221,기타 상품 소매,G22199,그 외 기타 상품 전문 소매업,G47859,그 외 기타 분류 안된 상품 전문 소매업,50,제주특별자치도,50130,서귀포시,50130570,동홍동,5013010500,동홍동,5013010500105090003,1,대지,509,3,제주특별자치도 서귀포시 동홍동 509-3,501303350070,제주특별자치도 서귀포시 동홍로,102,,,,제주특별자치도 서귀포시 동홍로 102,697837,63588,,,,126.568732185652,33.2575770504554
MA0106202301A1959529,시몽그룹,,G2,소매,G221,기타 상품 소매,G22199,그 외 기타 상품 전문 소매업,G47859,그 외 기타 분류 안된 상품 전문 소매업,11,서울특별시,11560,영등포구,11560720,대림3동,1156013300,대림동,1156013300107390002,1,대지,739,2,서울특별시 영등포구 대림동 739-2,115603118027,서울특별시 영등포구 대림로,187,,,,서울특별시 영등포구 대림로 187,150815,07412,,4,,126.898426210805,37.4975675536697
MA0106202301A2368118,시바타코,,G2,소매,G221,기타 상품 소매,G22199,그 외 기타 상품 전문 소매업,G47859,그 외 기타 분류 안된 상품 전문 소매업,28,인천광역시,28260,서구,28260536,청라1동,2826012200,청라동,2826012200101670016,1,대지,167,16,인천광역시 서구 청라동 167-16,282603156128,인천광역시 서구 청라에메랄드로,78,,2826010600106390000000001,딜라이트타워,인천광역시 서구 청라에메랄드로 78,,22739,,,,126.656830018956,37.5321256311344
MA0106202301A1921200,용성상회,,G2,소매,G221,기타 상품 소매,G22199,그 외 기타 상품 전문 소매업,G47859,그 외 기타 분류 안된 상품 전문 소매업,48,경상남도,48250,김해시,48250540,내외동,4825010900,외동,4825010900109160000,1,대지,916,,경상남도 김해시 외동 916,482504805422,경상남도 김해시 분성로48번길,16,,,,경상남도 김해시 분성로48번길 16,621779,50960,,,,128.853774048779,35.2308118254197
MA0106202301A1741042,에덴상회,,G2,소매,G221,기타 상품 소매,G22199,그 외 기타 상품 전문 소매업,G47859,그 외 기타 분류 안된 상품 전문 소매업,26,부산광역시,26230,부산진구,26230560,양정1동,2623010100,양정동,2623010100103700001,1,대지,370,1,부산광역시 부산진구 양정동 370-1,262303129011,부산광역시 부산진구 동평로,408,,,,부산광역시 부산진구 동평로 408,614853,47213,,,,129.069234729809,35.1734841536655
MA0106202301A1926180,케이와이케이,,G2,소매,G221,기타 상품 소매,G22199,그 외 기타 상품 전문 소매업,G47859,그 외 기타 분류 안된 상품 전문 소매업,46,전라남도,46110,목포시,46110535,연동,4611010200,산정동,4611010200110440544,1,대지,1044,544,전라남도 목포시 산정동 1044-544,461103281095,전라남도 목포시 영산로,246,,4611010200110440054014827,,전라남도 목포시 영산로 246,530807,58707,,6,,126.393284135043,34.8026419514163
MA0106202301A1734488,희망유통,,G2,소매,G221,기타 상품 소매,G22199,그 외 기타 상품 전문 소매업,G47859,그 외 기타 분류 안된 상품 전문 소매업,26,부산광역시,26230,부산진구,26230770,범천1동,2623010400,범천동,2623010400108490004,1,대지,849,4,부산광역시 부산진구 범천동 849-4,262303127051,부산광역시 부산진구 범일로,184,,,,부산광역시 부산진구 범일로 184,614828,47357,,,,129.059607276481,35.1464151874774
MA0106202301A1767642,현대메디칼,,G2,소매,G221,기타 상품 소매,G22199,그 외 기타 상품 전문 소매업,G47859,그 외 기타 분류 안된 상품 전문 소매업,26,부산광역시,26710,기장군,26710250,기장읍,2671025027,기장읍,2671025027101100001,1,대지,110,1,부산광역시 기장군 기장읍 청강리 110-1,267102006018,부산광역시 기장군 기장읍 기장대로,492,,,,부산광역시 기장군 기장읍 기장대로 492,619906,46080,,,,129.220225248893,35.2387002904426
MA0106202301A1883066,유경,,G2,소매,G221,기타 상품 소매,G22199,그 외 기타 상품 전문 소매업,G47859,그 외 기타 분류 안된 상품 전문 소매업,26,부산광역시,26290,남구,26290645,우암동,2629011000,우암동,2629011000100520009,1,대지,52,9,부산광역시 남구 우암동 52-9,262903131026,부산광역시 남구 우암로,146,,,,부산광역시 남구 우암로 146,608841,48489,,,,129.080390596689,35.1232696299511
MA0106202301A1718633,시골장터,,G2,소매,G221,기타 상품 소매,G22199,그 외 기타 상품 전문 소매업,G47859,그 외 기타 분류 안된 상품 전문 소매업,26,부산광역시,26110,중구,26110590,영주1동,2611010100,영주동,2611010100106140011,1,대지,614,11,부산광역시 중구 영주동 614-11,261104175067,부산광역시 중구 동광길,189,,2611010100106140011008931,,부산광역시 중구 동광길 189,600811,48922,,1,,129.037184742941,35.1108827574889
MA0106202301A2236872,남도한식뷔페,,G2,소매,G221,기타 상품 소매,G22199,그 외 기타 상품 전문 소매업,G47859,그 외 기타 분류 안된 상품 전문 소매업,30,대전광역시,30170,서구,30170550,용문동,3017010500,용문동,3017010500102270009,1,대지,227,9,대전광역시 서구 용문동 227-9,301703166016,대전광역시 서구 도산로,442,1,,,대전광역시 서구 도산로 442-1,302844,35309,,1,,127.398270183843,36.3417985368079
MA0106202301A1682078,쁨이즈,,G2,소매,G221,기타 상품 소매,G22199,그 외 기타 상품 전문 소매업,G47859,그 외 기타 분류 안된 상품 전문 소매업,44,충청남도,44760,부여군,44760250,부여읍,4476025029,부여읍,4476025029102530000,1,대지,253,,충청남도 부여군 부여읍 구아리 253,447603259094,충청남도 부여군 부여읍 사비로,86,,4476025029102530000020034,우영프라자,충청남도 부여군 부여읍 사비로 86,323805,33151,,2,,126.910800384547,36.2804002166431
MA0106202301A1824565,진로석수,,G2,소매,G221,기타 상품 소매,G22199,그 외 기타 상품 전문 소매업,G47859,그 외 기타 분류 안된 상품 전문 소매업,48,경상남도,48220,통영시,48220590,정량동,4822010800,동호동,4822010800103150000,1,대지,315,,경상남도 통영시 동호동 315,482203333026,경상남도 통영시 장좌로,60,,,,경상남도 통영시 장좌로 60,650806,53051,,,,128.431541118897,34.8415209897926
MA0106202301A1809421,참선진종합식품천상지사,,G2,소매,G221,기타 상품 소매,G22199,그 외 기타 상품 전문 소매업,G47859,그 외 기타 분류 안된 상품 전문 소매업,31,울산광역시,31710,울주군,31710259,범서읍,3171025927,범서읍,3171025927102120000,1,대지,212,,울산광역시 울주군 범서읍 구영리 212,317103173020,울산광역시 울주군 범서읍 대리로,43,,,,울산광역시 울주군 범서읍 대리로 43,689706,44920,,,,129.247893813009,35.5711793274857
MA0106202301A1898084,성도상회,,G2,소매,G221,기타 상품 소매,G22199,그 외 기타 상품 전문 소매업,G47859,그 외 기타 분류 안된 상품 전문 소매업,31,울산광역시,31110,중구,31110510,학성동,3111010100,학성동,3111010100103640006,1,대지,364,6,울산광역시 중구 학성동 364-6,311103169023,울산광역시 중구 학성로,202,,,,울산광역시 중구 학성로 202,681822,44521,,,,129.333146281976,35.5567636830453
MA0106202301A1909427,달마상사,,G2,소매,G221,기타 상품 소매,G22199,그 외 기타 상품 전문 소매업,G47859,그 외 기타 분류 안된 상품 전문 소매업,26,부산광역시,26710,기장군,26710250,기장읍,2671025025,기장읍,2671025025100830004,1,대지,83,4,부산광역시 기장군 기장읍 서부리 83-4,267103140036,부산광역시 기장군 기장읍 읍내로,59,,,,부산광역시 기장군 기장읍 읍내로 59,619905,46060,,,,129.210819651358,35.2454417170031
MA0106202301A2268060,웰빙최양규반찬가게,,G2,소매,G221,기타 상품 소매,G22199,그 외 기타 상품 전문 소매업,G47859,그 외 기타 분류 안된 상품 전문 소매업,28,인천광역시,28245,계양구,28245601,효성1동,2824510100,효성동,2824510100100240000,1,대지,24,,인천광역시 계양구 효성동 24,282453155008,인천광역시 계양구 길마로,49,,,,인천광역시 계양구 길마로 49,407781,21094,,,,126.711444855732,37.5342088505575
MA0106202301A2021084,피에이지바이오,,G2,소매,G221,기타 상품 소매,G22199,그 외 기타 상품 전문 소매업,G47859,그 외 기타 분류 안된 상품 전문 소매업,41,경기도,41550,안성시,41550350,대덕면,4155035028,대덕면,4155035028106840012,1,대지,684,12,경기도 안성시 대덕면 내리 684-12,415504424185,경기도 안성시 대덕면 대학8길,12,,,,경기도 안성시 대덕면 대학8길 12,456831,17546,,4,,127.225673589438,37.0022728528667
MA0106202301A2290193,프린트스튜디오777,,G2,소매,G221,기타 상품 소매,G22199,그 외 기타 상품 전문 소매업,G47859,그 외 기타 분류 안된 상품 전문 소매업,28,인천광역시,28260,서구,28260539,청라3동,2826012200,청라동,2826012200100970003,1,대지,97,3,인천광역시 서구 청라동 97-3,282604852298,인천광역시 서구 청라한내로72번길,17,,,,인천광역시 서구 청라한내로72번길 17,,22758,,,,126.629451188568,37.532033888767
MA0106202301A1760264,부산상회,,G2,소매,G221,기타 상품 소매,G22199,그 외 기타 상품 전문 소매업,G47859,그 외 기타 분류 안된 상품 전문 소매업,26,부산광역시,26530,사상구,26530670,학장동,2653010700,학장동,2653010700102750036,1,대지,275,36,부산광역시 사상구 학장동 275-36,265304217369,부산광역시 사상구 학감대로178번길,33,,,,부산광역시 사상구 학감대로178번길 33,617844,47021,,,,128.990787131234,35.1466016118572
MA0106202301A1741098,피노키오,,G2,소매,G221,기타 상품 소매,G22199,그 외 기타 상품 전문 소매업,G47859,그 외 기타 분류 안된 상품 전문 소매업,26,부산광역시,26230,부산진구,26230760,개금3동,2623011100,개금동,2623011100100010005,1,대지,1,5,부산광역시 부산진구 개금동 1-5,262304187279,부산광역시 부산진구 백양관문로77번길,140,,,,부산광역시 부산진구 백양관문로77번길 140,614809,47166,,,,129.024992307944,35.1641300689725
MA0106202301A1743447,청운양산,,G2,소매,G221,기타 상품 소매,G22199,그 외 기타 상품 전문 소매업,G47859,그 외 기타 분류 안된 상품 전문 소매업,26,부산광역시,26530,사상구,26530620,괘법동,2653010400,괘법동,2653010400105780000,1,대지,578,,부산광역시 사상구 괘법동 578,265303139004,부산광역시 사상구 괘감로,37,,2653010400105780000002037,산업용품유통상가,부산광역시 사상구 괘감로 37,617726,46977,,,,128.980430562506,35.159757357537
MA0106202301A2294318,리파인드,,G2,소매,G221,기타 상품 소매,G22199,그 외 기타 상품 전문 소매업,G47859,그 외 기타 분류 안된 상품 전문 소매업,41,경기도,41570,김포시,41570580,운양동,4157010300,운양동,4157010300113400001,1,대지,1340,1,경기도 김포시 운양동 1340-1,415703209021,경기도 김포시 김포한강1로,238,,,,경기도 김포시 김포한강1로 238,415050,10078,,,,126.683427197214,37.6527611844874
MA0106202301A2412761,피노키오,,G2,소매,G221,기타 상품 소매,G22199,그 외 기타 상품 전문 소매업,G47859,그 외 기타 분류 안된 상품 전문 소매업,43,충청북도,43745,증평군,43745250,증평읍,4374525027,증평읍,4374525027107940000,1,대지,794,,충청북도 증평군 증평읍 장동리 794,437453244018,충청북도 증평군 증평읍 증평로,38,,,,충청북도 증평군 증평읍 증평로 38,368901,27924,,,,127.589662723468,36.7857895007779
MA0106202301A2000727,아이스크림살래,신천점,G2,소매,G221,기타 상품 소매,G22199,그 외 기타 상품 전문 소매업,G47859,그 외 기타 분류 안된 상품 전문 소매업,11,서울특별시,11710,송파구,11710690,잠실4동,1171010200,신천동,1171010200100200006,1,대지,20,6,서울특별시 송파구 신천동 20-6,117104169554,서울특별시 송파구 올림픽로35길,10,,,,서울특별시 송파구 올림픽로35길 10,138933,05507,,,,127.11325598818,37.5203072901771
MA0106202301A2160724,허브유통,,G2,소매,G221,기타 상품 소매,G22199,그 외 기타 상품 전문 소매업,G47859,그 외 기타 분류 안된 상품 전문 소매업,46,전라남도,46230,광양시,46230530,중마동,4623010600,중동,4623010600117550009,1,대지,1755,9,전라남도 광양시 중동 1755-9,462303285003,전라남도 광양시 공영로,101,,,,전라남도 광양시 공영로 101,545888,57787,,1,,127.700383268826,34.936002785676
MA0106202301A1810323,나라유통,,G2,소매,G221,기타 상품 소매,G22199,그 외 기타 상품 전문 소매업,G47859,그 외 기타 분류 안된 상품 전문 소매업,31,울산광역시,31710,울주군,31710262,청량읍,3171026221,청량읍,3171026221105050001,1,대지,505,1,울산광역시 울주군 청량읍 덕하리 505-1,317103173029,울산광역시 울주군 청량읍 덕하로,111,6,,,울산광역시 울주군 청량읍 덕하로 111-6,689862,44983,,,,129.297930291486,35.4834356095358
MA0106202301A1894957,송월타올우산오산,대리점,G2,소매,G221,기타 상품 소매,G22199,그 외 기타 상품 전문 소매업,G47859,그 외 기타 분류 안된 상품 전문 소매업,41,경기도,41370,오산시,41370530,남촌동,4137010600,가장동,4137010600104010002,1,대지,401,2,경기도 오산시 가장동 401-2,413703210096,경기도 오산시 가장산업서로,11,33,,,경기도 오산시 가장산업서로 11-33,447210,18103,,,,127.032840766348,37.1619541831091
MA0106202301A1755475,사상장마을,,G2,소매,G221,기타 상품 소매,G22199,그 외 기타 상품 전문 소매업,G47859,그 외 기타 분류 안된 상품 전문 소매업,26,부산광역시,26530,사상구,26530591,모라1동,2653010200,모라동,2653010200113280017,1,대지,1328,17,부산광역시 사상구 모라동 1328-17,265302006008,부산광역시 사상구 백양대로,978,,,,부산광역시 사상구 백양대로 978,617818,46927,,,,128.993131000959,35.1931897658383
MA0106202301A2089894,제이제이푸드,,G2,소매,G221,기타 상품 소매,G22199,그 외 기타 상품 전문 소매업,G47859,그 외 기타 분류 안된 상품 전문 소매업,41,경기도,41220,평택시,41220620,비전1동,4122011800,비전동,4122011800109880002,1,대지,988,2,경기도 평택시 비전동 988-2,412204838183,경기도 평택시 비전6길,2,8,,,경기도 평택시 비전6길 2-8,450151,17851,,1,,127.102791974347,37.0057318238326
MA0106202301A2378284,롤로,코리아,G2,소매,G221,기타 상품 소매,G22199,그 외 기타 상품 전문 소매업,G47859,그 외 기타 분류 안된 상품 전문 소매업,28,인천광역시,28177,미추홀구,28177660,주안5동,2817710500,주안동,2817710500100240003,1,대지,24,3,인천광역시 미추홀구 주안동 24-3,281773151030,인천광역시 미추홀구 석정로,400,1,,,인천광역시 미추홀구 석정로 400-1,402836,22128,,,,126.679963106883,37.4667147324854
MA0106202301A2088520,로또마트,,G2,소매,G221,기타 상품 소매,G22199,그 외 기타 상품 전문 소매업,G47859,그 외 기타 분류 안된 상품 전문 소매업,46,전라남도,46230,광양시,46230250,광양읍,4623025023,광양읍,4623025023100330001,1,대지,33,1,전라남도 광양시 광양읍 칠성리 33-1,462303285031,전라남도 광양시 광양읍 신재로,67,,,,전라남도 광양시 광양읍 신재로 67,545808,57743,,1,,127.588541825509,34.9774012424222
MA0106202301A1850067,심신슈퍼,,G2,소매,G221,기타 상품 소매,G22199,그 외 기타 상품 전문 소매업,G47859,그 외 기타 분류 안된 상품 전문 소매업,48,경상남도,48270,밀양시,48270253,하남읍,4827025321,하남읍,4827025321104750004,1,대지,475,4,경상남도 밀양시 하남읍 수산리 475-4,482704808558,경상남도 밀양시 하남읍 수산복개길,12,,,,경상남도 밀양시 하남읍 수산복개길 12,627894,50459,,,,128.709180336753,35.3757452914446
MA0106202301A1764163,세진영테크,,G2,소매,G221,기타 상품 소매,G22199,그 외 기타 상품 전문 소매업,G47859,그 외 기타 분류 안된 상품 전문 소매업,26,부산광역시,26440,강서구,26440560,녹산동,2644011700,신호동,2644011700102920018,1,대지,292,18,부산광역시 강서구 신호동 292-18,264404208454,부산광역시 강서구 신호산단3로88번길,25,,,,부산광역시 강서구 신호산단3로88번길 25,618210,46759,,,,128.882740563598,35.0852812675797
MA0106202301A1767177,원일상사,,G2,소매,G221,기타 상품 소매,G22199,그 외 기타 상품 전문 소매업,G47859,그 외 기타 분류 안된 상품 전문 소매업,26,부산광역시,26410,금정구,26410580,부곡2동,2641010900,부곡동,2641010900102650003,1,대지,265,3,부산광역시 금정구 부곡동 265-3,264103006035,부산광역시 금정구 부곡로,166,,,,부산광역시 금정구 부곡로 166,609852,46271,,,,129.092410065213,35.2306603604223
MA0106202301A2078466,함께하는그날협동조합,,G2,소매,G221,기타 상품 소매,G22199,그 외 기타 상품 전문 소매업,G47859,그 외 기타 분류 안된 상품 전문 소매업,50,제주특별자치도,50110,제주시,50110660,노형동,5011012200,노형동,5011012200110420005,1,대지,1042,5,제주특별자치도 제주시 노형동 1042-5,501103349169,제주특별자치도 제주시 월랑로,54,,,,제주특별자치도 제주시 월랑로 54,690803,63096,,1,,126.475130635826,33.4901295312296
MA0106202301A1769909,꿈꾸는다락방,,G2,소매,G221,기타 상품 소매,G22199,그 외 기타 상품 전문 소매업,G47859,그 외 기타 분류 안된 상품 전문 소매업,26,부산광역시,26230,부산진구,26230560,양정1동,2623010100,양정동,2623010100103900000,1,대지,390,,부산광역시 부산진구 양정동 390,262304187244,부산광역시 부산진구 동평로420번길,18,,,,부산광역시 부산진구 동평로420번길 18,614853,47213,,3,,129.069787602577,35.1727808121451
MA0106202301A1861220,하나로식품,,G2,소매,G221,기타 상품 소매,G22199,그 외 기타 상품 전문 소매업,G47859,그 외 기타 분류 안된 상품 전문 소매업,50,제주특별자치도,50110,제주시,50110650,연동,5011013700,연동,5011013700123280009,1,대지,2328,9,제주특별자치도 제주시 연동 2328-9,501104847994,제주특별자치도 제주시 성신로2길,23,,,,제주특별자치도 제주시 성신로2길 23,690818,63126,,,,126.487675281034,33.4922647053989
MA0106202301A1867992,느영나영패밀리,,G2,소매,G221,기타 상품 소매,G22199,그 외 기타 상품 전문 소매업,G47859,그 외 기타 분류 안된 상품 전문 소매업,50,제주특별자치도,50110,제주시,50110680,이호동,5011012600,이호이동,5011012600101140011,1,대지,114,11,제주특별자치도 제주시 이호이동 114-11,501104848314,제주특별자치도 제주시 오도1길,27,,,,제주특별자치도 제주시 오도1길 27,690231,63109,,1,,126.46293501372,33.4943057333897
MA0106202301A1932462,흥한과일,,G2,소매,G221,기타 상품 소매,G22199,그 외 기타 상품 전문 소매업,G47859,그 외 기타 분류 안된 상품 전문 소매업,48,경상남도,48170,진주시,48170710,평거동,4817012600,평거동,4817012600107840002,1,대지,784,2,경상남도 진주시 평거동 784-2,481703332066,경상남도 진주시 평거로,24,1,,,경상남도 진주시 평거로 24-1,660992,52702,,1,,128.064075230136,35.1725635881259
MA0106202301A1979626,바베큐야호그리고추어명가,,G2,소매,G221,기타 상품 소매,G22199,그 외 기타 상품 전문 소매업,G47859,그 외 기타 분류 안된 상품 전문 소매업,30,대전광역시,30170,서구,30170660,둔산3동,3017011200,둔산동,3017011200118390000,1,대지,1839,,대전광역시 서구 둔산동 1839,301703166019,대전광역시 서구 둔산로,228,,3017011200118390000022306,,대전광역시 서구 둔산로 228,302841,35250,,1,,127.39914146693,36.3510056380804
MA0106202301A1946279,우리농장,,G2,소매,G221,기타 상품 소매,G22199,그 외 기타 상품 전문 소매업,G47859,그 외 기타 분류 안된 상품 전문 소매업,41,경기도,41281,고양시 덕양구,41281590,고양동,4128111600,고양동,4128111600101280006,1,대지,128,6,경기도 고양시 덕양구 고양동 128-6,412813192028,경기도 고양시 덕양구 벽제관로,27,,4128111600101280002030711,,경기도 고양시 덕양구 벽제관로 27,412800,10275,,,,126.901093941473,37.7036983968667
MA0106202301A2050960,해피홈쇼핑,,G2,소매,G221,기타 상품 소매,G22199,그 외 기타 상품 전문 소매업,G47859,그 외 기타 분류 안된 상품 전문 소매업,51,강원특별자치도,51210,속초시,51210540,금호동,5121010400,금호동,5121010400104790003,1,대지,479,3,강원특별자치도 속초시 금호동 479-3,512103223025,강원특별자치도 속초시 중앙로,127,,,,강원특별자치도 속초시 중앙로 127,217807,24835,,6,,128.589983920064,38.2027932932933
MA0106202301A1877732,동양기획,,G2,소매,G221,기타 상품 소매,G22199,그 외 기타 상품 전문 소매업,G47859,그 외 기타 분류 안된 상품 전문 소매업,26,부산광역시,26500,수영구,26500730,수영동,2650010200,수영동,2650010200105410000,1,대지,541,,부산광역시 수영구 수영동 541,265004214301,부산광역시 수영구 수영로741번길,20,,,,부산광역시 수영구 수영로741번길 20,613757,48222,,,,129.122752337886,35.1677005346734
MA0106202301A1791242,신앙촌상회,창원상남점,G2,소매,G221,기타 상품 소매,G22199,그 외 기타 상품 전문 소매업,G47859,그 외 기타 분류 안된 상품 전문 소매업,48,경상남도,48125,창원시 마산합포구,48125610,교방동,4812511900,상남동,4812511900100450001,1,대지,45,1,경상남도 창원시 마산합포구 상남동 45-1,481254787101,경상남도 창원시 마산합포구 노산북3길,9,,,,경상남도 창원시 마산합포구 노산북3길 9,631850,51273,,2,,128.572261061106,35.2152671765397
MA0106202301A1781660,풍산농협김치마창영업소,,G2,소매,G221,기타 상품 소매,G22199,그 외 기타 상품 전문 소매업,G47859,그 외 기타 분류 안된 상품 전문 소매업,48,경상남도,48125,창원시 마산합포구,48125565,반월중앙동,4812514800,중앙동2가,4812514800100030040,1,대지,3,40,경상남도 창원시 마산합포구 중앙동2가 3-40,481254787703,경상남도 창원시 마산합포구 중앙남2길,11,,,,경상남도 창원시 마산합포구 중앙남2길 11,631422,51266,,,,128.565917815627,35.1949002907986
MA0106202301A2405435,도담,,G2,소매,G221,기타 상품 소매,G22199,그 외 기타 상품 전문 소매업,G47859,그 외 기타 분류 안된 상품 전문 소매업,11,서울특별시,11680,강남구,11680580,삼성1동,1168010500,삼성동,1168010500101580006,1,대지,158,6,서울특별시 강남구 삼성동 158-6,116804166436,서울특별시 강남구 삼성로96길,26,12,,,서울특별시 강남구 삼성로96길 26-12,135880,06169,,1,,127.058157182148,37.5083819418972
MA0106202301A1720818,현대전기,,G2,소매,G221,기타 상품 소매,G22199,그 외 기타 상품 전문 소매업,G47859,그 외 기타 분류 안된 상품 전문 소매업,26,부산광역시,26110,중구,26110570,광복동,2611013000,신창동4가,2611013000100440003,1,대지,44,3,부산광역시 중구 신창동4가 44-3,261104175030,부산광역시 중구 국제시장2길,33,,,,부산광역시 중구 국제시장2길 33,600713,48945,,,,129.028299280278,35.1023805326809
MA0106202301A2116898,선우유통,,G2,소매,G221,기타 상품 소매,G22199,그 외 기타 상품 전문 소매업,G47859,그 외 기타 분류 안된 상품 전문 소매업,27,대구광역시,27140,동구,27140760,공산동,2714014500,지묘동,2714014500102150000,1,대지,215,,대구광역시 동구 지묘동 215,271403000048,대구광역시 동구 팔공로,489,,,,대구광역시 동구 팔공로 489,701771,41005,,,,128.645777254809,35.9421787512844
MA0106202301A1873034,탐나커피,,G2,소매,G221,기타 상품 소매,G22199,그 외 기타 상품 전문 소매업,G47859,그 외 기타 분류 안된 상품 전문 소매업,50,제주특별자치도,50110,제주시,50110650,연동,5011013700,연동,5011013700103040025,1,대지,304,25,제주특별자치도 제주시 연동 304-25,501104847779,제주특별자치도 제주시 비월길,14,,,,제주특별자치도 제주시 비월길 14,690814,63134,,,,126.496964071134,33.4843957953123
MA0106202301A2035750,"가호조화꽃,잡화",,G2,소매,G221,기타 상품 소매,G22199,그 외 기타 상품 전문 소매업,G47859,그 외 기타 분류 안된 상품 전문 소매업,46,전라남도,46110,목포시,46110780,삼향동,4611016300,대양동,4611016300107640009,1,대지,764,9,전라남도 목포시 대양동 764-9,461102281001,전라남도 목포시 고하대로,1140,41,,,전라남도 목포시 고하대로 1140-41,530410,58603,,1,,126.404451042691,34.8408080015934
MA0106202301A2343420,노랑옥수수찐빵,,G2,소매,G221,기타 상품 소매,G22199,그 외 기타 상품 전문 소매업,G47859,그 외 기타 분류 안된 상품 전문 소매업,41,경기도,41220,평택시,41220370,현덕면,4122037022,현덕면,4122037022100070010,1,대지,7,10,경기도 평택시 현덕면 운정리 7-10,412202012006,경기도 평택시 현덕면 서동대로,1272,,,,경기도 평택시 현덕면 서동대로 1272,451813,17945,,,,126.894178020691,36.9869686228781
MA0106202301A2255350,수나로이교육,,G2,소매,G221,기타 상품 소매,G22199,그 외 기타 상품 전문 소매업,G47859,그 외 기타 분류 안된 상품 전문 소매업,41,경기도,41360,남양주시,41360253,진접읍,4136025321,진접읍,4136025321107010000,1,대지,701,,경기도 남양주시 진접읍 장현리 701,413604391176,경기도 남양주시 진접읍 금강로1573번길,3,,,,경기도 남양주시 진접읍 금강로1573번길 3,472818,12002,,,,127.19320404706,37.7327190097739
MA0106202301A1769402,리빙생활용품,,G2,소매,G221,기타 상품 소매,G22199,그 외 기타 상품 전문 소매업,G47859,그 외 기타 분류 안된 상품 전문 소매업,26,부산광역시,26470,연제구,26470680,연산4동,2647010200,연산동,2647010200106310028,1,대지,631,28,부산광역시 연제구 연산동 631-28,264703135002,부산광역시 연제구 고분로,21,,,,부산광역시 연제구 고분로 21,611822,47550,,,,129.084751838469,35.1858791982816
MA0106202301A1882199,그린씨티,,G2,소매,G221,기타 상품 소매,G22199,그 외 기타 상품 전문 소매업,G47859,그 외 기타 분류 안된 상품 전문 소매업,26,부산광역시,26410,금정구,26410555,금사회동동,2641011100,금사동,2641011100100460003,1,대지,46,3,부산광역시 금정구 금사동 46-3,264103006022,부산광역시 금정구 삼어로,204,,,,부산광역시 금정구 삼어로 204,609809,46334,,,,129.117696273473,35.2143332886659
MA0106202301A2400002,수원당찰보리호두과자,,G2,소매,G221,기타 상품 소매,G22199,그 외 기타 상품 전문 소매업,G47859,그 외 기타 분류 안된 상품 전문 소매업,41,경기도,41115,수원시 팔달구,41115740,행궁동,4111512100,팔달로2가,4111512100101010004,1,대지,101,4,경기도 수원시 팔달구 팔달로2가 101-4,411153012006,경기도 수원시 팔달구 정조로,797,1,4111512100101010004011297,,경기도 수원시 팔달구 정조로 797-1,442022,16261,,,,127.016451470448,37.2792651320934
MA0106202301A1725764,아진세이프,,G2,소매,G221,기타 상품 소매,G22199,그 외 기타 상품 전문 소매업,G47859,그 외 기타 분류 안된 상품 전문 소매업,26,부산광역시,26140,서구,26140640,충무동,2614011400,토성동3가,2614011400100110003,1,대지,11,3,부산광역시 서구 토성동3가 11-3,261403006005,부산광역시 서구 구덕로,170,,,,부산광역시 서구 구덕로 170,602053,49241,,,,129.019792373513,35.1007022321313
MA0106202301A2280053,빅마트,,G2,소매,G221,기타 상품 소매,G22199,그 외 기타 상품 전문 소매업,G47859,그 외 기타 분류 안된 상품 전문 소매업,52,전북특별자치도,52140,익산시,52140656,신동,5214012100,신동,5214012100108090020,1,대지,809,20,전북특별자치도 익산시 신동 809-20,521404607431,전북특별자치도 익산시 무왕로8길,39,,,,전북특별자치도 익산시 무왕로8길 39,570976,54632,,1,,126.96264312951,35.958432282685
MA0106202301A1905719,청솔유통,,G2,소매,G221,기타 상품 소매,G22199,그 외 기타 상품 전문 소매업,G47859,그 외 기타 분류 안된 상품 전문 소매업,31,울산광역시,31200,북구,31200560,효문동,3120012100,진장동,3120012100107630002,1,대지,763,2,울산광역시 북구 진장동 763-2,312004316108,울산광역시 북구 명촌22길,16,,,,울산광역시 북구 명촌22길 16,683360,44254,,,,129.35563209496,35.5602458084613
MA0106202301A1754192,전진상회,,G2,소매,G221,기타 상품 소매,G22199,그 외 기타 상품 전문 소매업,G47859,그 외 기타 분류 안된 상품 전문 소매업,26,부산광역시,26320,북구,26320510,구포1동,2632010500,구포동,2632010500105890059,1,대지,589,59,부산광역시 북구 구포동 589-59,263204196030,부산광역시 북구 구포시장5길,3,,,,부산광역시 북구 구포시장5길 3,616801,46581,,,,129.003333765203,35.2076653197687
MA0106202301A1884460,소피소마,,G2,소매,G221,기타 상품 소매,G22199,그 외 기타 상품 전문 소매업,G47859,그 외 기타 분류 안된 상품 전문 소매업,26,부산광역시,26290,남구,26290530,대연3동,2629010600,대연동,2629010600102450000,1,대지,245,,부산광역시 남구 대연동 245,262904193469,부산광역시 남구 황령대로319번가길,190,6,,,부산광역시 남구 황령대로319번가길 190-6,608755,48426,,,,129.089009707729,35.1510933043788
MA0106202301A1996205,가스펠글로벌,,G2,소매,G221,기타 상품 소매,G22199,그 외 기타 상품 전문 소매업,G47859,그 외 기타 분류 안된 상품 전문 소매업,47,경상북도,47290,경산시,47290541,서부1동,4729010700,옥곡동,4729010700100870015,1,대지,87,15,경상북도 경산시 옥곡동 87-15,472904739544,경상북도 경산시 옥실길,6,18,,,경상북도 경산시 옥실길 6-18,712080,38688,,1,,128.728171318729,35.8149714393151
MA0106202301A2377616,에스엠아이,,G2,소매,G221,기타 상품 소매,G22199,그 외 기타 상품 전문 소매업,G47859,그 외 기타 분류 안된 상품 전문 소매업,11,서울특별시,11305,강북구,11305645,우이동,1130510300,수유동,1130510300102810050,1,대지,281,50,서울특별시 강북구 수유동 281-50,113054124619,서울특별시 강북구 419로1길,40,,,,서울특별시 강북구 419로1길 40,142881,01029,,지,,127.013869281321,37.6463376691127
MA0106202301A1745814,부산역만물,,G2,소매,G221,기타 상품 소매,G22199,그 외 기타 상품 전문 소매업,G47859,그 외 기타 분류 안된 상품 전문 소매업,26,부산광역시,26170,동구,26170530,초량3동,2617010100,초량동,2617010100111920000,1,대지,1192,,부산광역시 동구 초량동 1192,261702000010,부산광역시 동구 중앙대로,210,,,,부산광역시 동구 중앙대로 210,601837,48760,,,,129.040833373595,35.1151469867586
MA0106202301A1805009,이레유통,,G2,소매,G221,기타 상품 소매,G22199,그 외 기타 상품 전문 소매업,G47859,그 외 기타 분류 안된 상품 전문 소매업,31,울산광역시,31140,남구,31140560,달동,3114010500,달동,3114010500105970010,1,대지,597,10,울산광역시 남구 달동 597-10,311404310615,울산광역시 남구 신정로68번길,22,,,,울산광역시 남구 신정로68번길 22,680801,44694,,,,129.323384334396,35.5383093645912
MA0106202301A1758178,지훈소방,,G2,소매,G221,기타 상품 소매,G22199,그 외 기타 상품 전문 소매업,G47859,그 외 기타 분류 안된 상품 전문 소매업,26,부산광역시,26320,북구,26320572,만덕2동,2632010300,만덕동,2632010300109430001,1,대지,943,1,부산광역시 북구 만덕동 943-1,263204196382,부산광역시 북구 함박봉로140번길,16,,,,부산광역시 북구 함박봉로140번길 16,616723,46617,,,,129.032118571311,35.2035267377436
MA0106202301A2377861,깨깨비,,G2,소매,G221,기타 상품 소매,G22199,그 외 기타 상품 전문 소매업,G47859,그 외 기타 분류 안된 상품 전문 소매업,41,경기도,41630,양주시,41630540,회천2동,4163011600,덕계동,4163011600106820083,1,대지,682,83,경기도 양주시 덕계동 682-83,416304436376,경기도 양주시 평화로1429번길,31,5,,,경기도 양주시 평화로1429번길 31-5,482050,11442,,1,,127.04423740323,37.8191993861384
MA0106202301A1760210,다온진열,,G2,소매,G221,기타 상품 소매,G22199,그 외 기타 상품 전문 소매업,G47859,그 외 기타 분류 안된 상품 전문 소매업,26,부산광역시,26440,강서구,26440520,대저2동,2644010200,대저2동,2644010200131530001,1,대지,3153,1,부산광역시 강서구 대저2동 3153-1,264403136075,부산광역시 강서구 유통단지1로,41,,,,부산광역시 강서구 유통단지1로 41,618899,46721,,,,128.95582301021,35.1673396711401
MA0106202301A2113102,후니푸드,,G2,소매,G221,기타 상품 소매,G22199,그 외 기타 상품 전문 소매업,G47859,그 외 기타 분류 안된 상품 전문 소매업,51,강원특별자치도,51820,고성군,51820320,죽왕면,5182032021,죽왕면,5182032021102780016,1,대지,278,16,강원특별자치도 고성군 죽왕면 오호리 278-16,518203234028,강원특별자치도 고성군 죽왕면 송지호로,15,55,,,강원특별자치도 고성군 죽왕면 송지호로 15-55,219822,24747,,,,128.522390714918,38.3281188576853
MA0106202301A1758173,대광엘에스,,G2,소매,G221,기타 상품 소매,G22199,그 외 기타 상품 전문 소매업,G47859,그 외 기타 분류 안된 상품 전문 소매업,26,부산광역시,26530,사상구,26530645,감전동,2653010500,감전동,2653010500101520002,1,대지,152,2,부산광역시 사상구 감전동 152-2,265303139012,부산광역시 사상구 새벽로,131,,,,부산광역시 사상구 새벽로 131,617721,46988,,,,128.981074441847,35.1532763745884
MA0106202301A1759415,제일상회,,G2,소매,G221,기타 상품 소매,G22199,그 외 기타 상품 전문 소매업,G47859,그 외 기타 분류 안된 상품 전문 소매업,26,부산광역시,26530,사상구,26530645,감전동,2653010500,감전동,2653010500101210012,1,대지,121,12,부산광역시 사상구 감전동 121-12,265304217296,부산광역시 사상구 새벽로168번길,19,,,,부산광역시 사상구 새벽로168번길 19,617800,46981,,,,128.984422652308,35.1560512572211
MA0106202301A1838580,한누리유통,,G2,소매,G221,기타 상품 소매,G22199,그 외 기타 상품 전문 소매업,G47859,그 외 기타 분류 안된 상품 전문 소매업,48,경상남도,48170,진주시,48170740,가호동,4817013200,호탄동,4817013200106200008,1,대지,620,8,경상남도 진주시 호탄동 620-8,481703332019,경상남도 진주시 동부로,79,,,,경상남도 진주시 동부로 79,660310,52819,,,,128.115902856945,35.1617863049421
MA0106202301A1628697,카페미립,,G2,소매,G221,기타 상품 소매,G22199,그 외 기타 상품 전문 소매업,G47859,그 외 기타 분류 안된 상품 전문 소매업,41,경기도,41117,수원시 영통구,41117610,광교2동,4111710400,하동,4111710400109910000,1,대지,991,,경기도 수원시 영통구 하동 991,411173177030,경기도 수원시 영통구 법조로,91,,,,경기도 수원시 영통구 법조로 91,443280,16512,,2,,127.067574247761,37.2897080497491
MA0106202301A1797291,한길유통,,G2,소매,G221,기타 상품 소매,G22199,그 외 기타 상품 전문 소매업,G47859,그 외 기타 분류 안된 상품 전문 소매업,48,경상남도,48121,창원시 의창구,48121310,북면,4812131026,북면,4812131026109050006,1,대지,905,6,경상남도 창원시 의창구 북면 화천리 905-6,481214859069,경상남도 창원시 의창구 북면 동전산단서로,27,,,,경상남도 창원시 의창구 북면 동전산단서로 27,641871,51107,,,,128.602997099695,35.3144584523071
MA0106202301A2109376,리앙빈컴퍼니,,G2,소매,G221,기타 상품 소매,G22199,그 외 기타 상품 전문 소매업,G47859,그 외 기타 분류 안된 상품 전문 소매업,41,경기도,41480,파주시,41480600,운정6동,4148011300,동패동,4148011300120710000,1,대지,2071,,경기도 파주시 동패동 2071,414803206052,경기도 파주시 숲속노을로,153,,,,경기도 파주시 숲속노을로 153,413100,10887,,,,126.711653689199,37.7146854954587
MA0106202301A1703899,중리잡화농산물,,G2,소매,G221,기타 상품 소매,G22199,그 외 기타 상품 전문 소매업,G47859,그 외 기타 분류 안된 상품 전문 소매업,30,대전광역시,30230,대덕구,30230546,중리동,3023010900,중리동,3023010900102750001,1,대지,275,1,대전광역시 대덕구 중리동 275-1,302303168031,대전광역시 대덕구 중리서로,30,,3023010900102750001008045,단지내상가,대전광역시 대덕구 중리서로 30,306826,34392,,,,127.421330853808,36.3609054430586
MA0106202301A1773432,동양물류,,G2,소매,G221,기타 상품 소매,G22199,그 외 기타 상품 전문 소매업,G47859,그 외 기타 분류 안된 상품 전문 소매업,26,부산광역시,26530,사상구,26530645,감전동,2653010500,감전동,2653010500101480006,1,대지,148,6,부산광역시 사상구 감전동 148-6,265304217003,부산광역시 사상구 가야대로11번길,31,,,,부산광역시 사상구 가야대로11번길 31,617804,46990,,,,128.974283470913,35.1537747698849
MA0106202301A1996015,키큰꼬마하우스,,G2,소매,G221,기타 상품 소매,G22199,그 외 기타 상품 전문 소매업,G47859,그 외 기타 분류 안된 상품 전문 소매업,28,인천광역시,28177,미추홀구,28177590,학익2동,2817710300,학익동,2817710300100520005,1,대지,52,5,인천광역시 미추홀구 학익동 52-5,281773149061,인천광역시 미추홀구 매소홀로,473,,2817010300100520005027269,,인천광역시 미추홀구 매소홀로 473,402866,22222,,,,126.674834804357,37.4397605493001
MA0106202301A1820593,거창누리보듬협동조합,,G2,소매,G221,기타 상품 소매,G22199,그 외 기타 상품 전문 소매업,G47859,그 외 기타 분류 안된 상품 전문 소매업,48,경상남도,48880,거창군,48880250,거창읍,4888025021,거창읍,4888025021108280000,1,대지,828,,경상남도 거창군 거창읍 상림리 828,488803347003,경상남도 거창군 거창읍 거열로,40,,,,경상남도 거창군 거창읍 거열로 40,670807,50131,,1,,127.899921008048,35.6857148012416
MA0106202301A1756772,한진테크,,G2,소매,G221,기타 상품 소매,G22199,그 외 기타 상품 전문 소매업,G47859,그 외 기타 분류 안된 상품 전문 소매업,26,부산광역시,26530,사상구,26530610,덕포2동,2653010300,덕포동,2653010300103860001,1,대지,386,1,부산광역시 사상구 덕포동 386-1,265304217233,부산광역시 사상구 사상로342번길,21,,,,부산광역시 사상구 사상로342번길 21,617780,46945,,,,128.986617150919,35.1758951984363
MA0106202301A1692753,설아아이스크림천천,푸르지오점,G2,소매,G221,기타 상품 소매,G22199,그 외 기타 상품 전문 소매업,G47859,그 외 기타 분류 안된 상품 전문 소매업,41,경기도,41111,수원시 장안구,41111566,율천동,4111113300,천천동,4111113300103340002,1,대지,334,2,경기도 수원시 장안구 천천동 334-2,411113176019,경기도 수원시 장안구 화산로,87,,,,경기도 수원시 장안구 화산로 87,440330,16420,,1,,126.98244060493,37.2917083198989
MA0106202301A2059241,씨투플로우,,G2,소매,G221,기타 상품 소매,G22199,그 외 기타 상품 전문 소매업,G47859,그 외 기타 분류 안된 상품 전문 소매업,11,서울특별시,11590,동작구,11590510,노량진1동,1159010400,본동,1159010400104850000,1,대지,485,,서울특별시 동작구 본동 485,115904157071,서울특별시 동작구 노량진로26길,62,,,,서울특별시 동작구 노량진로26길 62,156051,06907,,,,126.955323706171,37.509892487622
MA0106202301A1913920,신고리매점,,G2,소매,G221,기타 상품 소매,G22199,그 외 기타 상품 전문 소매업,G47859,그 외 기타 분류 안된 상품 전문 소매업,26,부산광역시,26710,기장군,26710253,장안읍,2671025322,장안읍,2671025322200670000,2,산,67,,부산광역시 기장군 장안읍 효암리 산67,267103173096,부산광역시 기장군 장안읍 해맞이로,454,,,,부산광역시 기장군 장안읍 해맞이로 454,619952,46036,,,,129.287703228689,35.3291390289816
MA0106202301A1717998,필리핀샵,,G2,소매,G221,기타 상품 소매,G22199,그 외 기타 상품 전문 소매업,G47859,그 외 기타 분류 안된 상품 전문 소매업,26,부산광역시,26170,동구,26170510,초량1동,2617010100,초량동,2617010100112060001,1,대지,1206,1,부산광역시 동구 초량동 1206-1,261702000010,부산광역시 동구 중앙대로,200,,,,부산광역시 동구 중앙대로 200,601839,48760,,,,129.039280402518,35.1144431839588
MA0106202301A1776058,고려인삼제품,,G2,소매,G221,기타 상품 소매,G22199,그 외 기타 상품 전문 소매업,G47859,그 외 기타 분류 안된 상품 전문 소매업,26,부산광역시,26260,동래구,26260750,안락2동,2626010200,안락동,2626010200102450060,1,대지,245,60,부산광역시 동래구 안락동 245-60,262604190539,부산광역시 동래구 충렬대로428번길,79,,,,부산광역시 동래구 충렬대로428번길 79,607825,47896,,5,,129.103642465509,35.1931040504185
MA0106202301A2175815,컬리바스켓,,G2,소매,G221,기타 상품 소매,G22199,그 외 기타 상품 전문 소매업,G47859,그 외 기타 분류 안된 상품 전문 소매업,26,부산광역시,26110,중구,26110570,광복동,2611013000,신창동4가,2611013000100440003,1,대지,44,3,부산광역시 중구 신창동4가 44-3,261104175030,부산광역시 중구 국제시장2길,33,,,,부산광역시 중구 국제시장2길 33,600713,48945,,,,129.028299280278,35.1023805326809
MA0106202301A1932429,만나상사,,G2,소매,G221,기타 상품 소매,G22199,그 외 기타 상품 전문 소매업,G47859,그 외 기타 분류 안된 상품 전문 소매업,11,서울특별시,11680,강남구,11680675,개포3동,1168010300,개포동,1168010300100130003,1,대지,13,3,서울특별시 강남구 개포동 13-3,116803122001,서울특별시 강남구 개포로,623,,,,서울특별시 강남구 개포로 623,135989,06336,,,,127.079654311412,37.49434074324
MA0106202301A1871439,소일테크,,G2,소매,G221,기타 상품 소매,G22199,그 외 기타 상품 전문 소매업,G47859,그 외 기타 분류 안된 상품 전문 소매업,50,제주특별자치도,50110,제주시,50110630,아라동,5011011700,아라일동,5011011700100010000,1,대지,1,,제주특별자치도 제주시 아라일동 1,501103349179,제주특별자치도 제주시 제주대학로,102,,,,제주특별자치도 제주시 제주대학로 102,690756,63243,,,,126.564293590979,33.4572331874152
MA0106202301A1913536,건강백세,,G2,소매,G221,기타 상품 소매,G22199,그 외 기타 상품 전문 소매업,G47859,그 외 기타 분류 안된 상품 전문 소매업,48,경상남도,48330,양산시,48330515,양주동,4833010200,남부동,4833010200105650001,1,대지,565,1,경상남도 양산시 남부동 565-1,483303338061,경상남도 양산시 양주로,39,,,,경상남도 양산시 양주로 39,626764,50630,,,,129.026879077828,35.3326418251425
MA0106202301A1943179,퍼스트베이프,야탑점,G2,소매,G221,기타 상품 소매,G22199,그 외 기타 상품 전문 소매업,G47859,그 외 기타 분류 안된 상품 전문 소매업,41,경기도,41135,성남시 분당구,41135620,야탑1동,4113510700,야탑동,4113510700103520004,1,대지,352,4,경기도 성남시 분당구 야탑동 352-4,411354340276,경기도 성남시 분당구 성남대로925번길,11,,,,경기도 성남시 분당구 성남대로925번길 11,463828,13497,,1,,127.127291511351,37.4120455704897
MA0106202301A1832499,수곡스토아,,G2,소매,G221,기타 상품 소매,G22199,그 외 기타 상품 전문 소매업,G47859,그 외 기타 분류 안된 상품 전문 소매업,48,경상남도,48170,진주시,48170460,수곡면,4817046023,수곡면,4817046023101200002,1,대지,120,2,경상남도 진주시 수곡면 대천리 120-2,481703332080,경상남도 진주시 수곡면 옥수로,658,1,,,경상남도 진주시 수곡면 옥수로 658-1,660971,52645,,,,127.931549990335,35.1983874313776
MA0106202301A1904045,오성상회,,G2,소매,G221,기타 상품 소매,G22199,그 외 기타 상품 전문 소매업,G47859,그 외 기타 분류 안된 상품 전문 소매업,31,울산광역시,31170,동구,31170600,남목3동,3117010700,동부동,3117010700103100015,1,대지,310,15,울산광역시 동구 동부동 310-15,311704313019,울산광역시 동구 남목18길,11,,,,울산광역시 동구 남목18길 11,682800,44006,,,,129.428213400115,35.5424152024795
MA0106202301A1885169,정근상사,,G2,소매,G221,기타 상품 소매,G22199,그 외 기타 상품 전문 소매업,G47859,그 외 기타 분류 안된 상품 전문 소매업,31,울산광역시,31140,남구,31140510,신정1동,3114010400,신정동,3114010400106130016,1,대지,613,16,울산광역시 남구 신정동 613-16,311404310724,울산광역시 남구 월평로25번길,18,,,,울산광역시 남구 월평로25번길 18,680826,44671,,,,129.308076569442,35.5427033011457
MA0106202301A1725694,샘,,G2,소매,G221,기타 상품 소매,G22199,그 외 기타 상품 전문 소매업,G47859,그 외 기타 분류 안된 상품 전문 소매업,26,부산광역시,26380,사하구,26380630,감천2동,2638010800,감천동,2638010800100130576,1,대지,13,576,부산광역시 사하구 감천동 13-576,263803006012,부산광역시 사하구 옥천로,79,2,,,부산광역시 사하구 옥천로 79-2,604801,49365,,,,129.009628013459,35.0935806610459
MA0106202301A2070820,더사르르,신도림점,G2,소매,G221,기타 상품 소매,G22199,그 외 기타 상품 전문 소매업,G47859,그 외 기타 분류 안된 상품 전문 소매업,11,서울특별시,11530,구로구,11530510,신도림동,1153010100,신도림동,1153010100104600026,1,대지,460,26,서울특별시 구로구 신도림동 460-26,115303116007,서울특별시 구로구 새말로,117,21,,,서울특별시 구로구 새말로 117-21,152888,08288,,1,,126.891081972635,37.5087695156323
MA0106202301A1592081,더빛나는파티,,G2,소매,G221,기타 상품 소매,G22199,그 외 기타 상품 전문 소매업,G47859,그 외 기타 분류 안된 상품 전문 소매업,41,경기도,41192,부천시 원미구,41192640,중2동,4119210800,중동,4119210800111060000,1,대지,1106,,경기도 부천시 원미구 중동 1106,411923185020,경기도 부천시 원미구 신흥로,190,,,,경기도 부천시 원미구 신흥로 190,420776,14549,,,,126.777460741822,37.500555130365
MA0106202301A2273462,루몽,,G2,소매,G221,기타 상품 소매,G22199,그 외 기타 상품 전문 소매업,G47859,그 외 기타 분류 안된 상품 전문 소매업,48,경상남도,48125,창원시 마산합포구,48125530,월영동,4812513400,월영동,4812513400106140314,1,대지,614,314,경상남도 창원시 마산합포구 월영동 614-314,481254787576,경상남도 창원시 마산합포구 월영남18길,86,,,,경상남도 창원시 마산합포구 월영남18길 86,631865,51752,,,,128.559697941829,35.1767935009626
MA0106202301A2062838,자연미감,,G2,소매,G221,기타 상품 소매,G22199,그 외 기타 상품 전문 소매업,G47859,그 외 기타 분류 안된 상품 전문 소매업,11,서울특별시,11590,동작구,11590640,사당3동,1159010700,사당동,1159010700102520016,1,대지,252,16,서울특별시 동작구 사당동 252-16,115904157230,서울특별시 동작구 사당로13길,15,1,,,서울특별시 동작구 사당로13길 15-1,156819,07004,,2,,126.972298678813,37.4847415865049
MA0106202301A1880370,비전과학서비스,,G2,소매,G221,기타 상품 소매,G22199,그 외 기타 상품 전문 소매업,G47859,그 외 기타 분류 안된 상품 전문 소매업,26,부산광역시,26290,남구,26290620,감만1동,2629011100,감만동,2629011100102380006,1,대지,238,6,부산광역시 남구 감만동 238-6,262903131021,부산광역시 남구 양지골로,21,,,,부산광역시 남구 양지골로 21,608803,48554,,,,129.085415326902,35.1117024357353
MA0106202301A1985378,데몽스트하씨옹,,G2,소매,G221,기타 상품 소매,G22199,그 외 기타 상품 전문 소매업,G47859,그 외 기타 분류 안된 상품 전문 소매업,11,서울특별시,11650,서초구,11650621,방배4동,1165010100,방배동,1165010100108050013,1,대지,805,13,서울특별시 서초구 방배동 805-13,116504163267,서울특별시 서초구 방배로32길,55,,1165010100108050013008813,,서울특별시 서초구 방배로32길 55,137831,06585,,,,126.994368710012,37.4923672263482
MA0106202301A2145914,앤멀티샵,,G2,소매,G221,기타 상품 소매,G22199,그 외 기타 상품 전문 소매업,G47859,그 외 기타 분류 안된 상품 전문 소매업,41,경기도,41590,화성시,41590253,봉담읍,4159025321,봉담읍,4159025321100110024,1,대지,11,24,경기도 화성시 봉담읍 상리 11-24,415904430669,경기도 화성시 봉담읍 샘마을길,35,5,4159025321100110024035048,,경기도 화성시 봉담읍 샘마을길 35-5,445891,18316,,,,126.95092233488,37.2176877344529
MA0106202301A1810716,대익보이차,,G2,소매,G221,기타 상품 소매,G22199,그 외 기타 상품 전문 소매업,G47859,그 외 기타 분류 안된 상품 전문 소매업,31,울산광역시,31140,남구,31140600,옥동,3114010200,옥동,3114010200101560002,1,대지,156,2,울산광역시 남구 옥동 156-2,311403170019,울산광역시 남구 문수로,388,,,,울산광역시 남구 문수로 388,680843,44664,,1,,129.295761735685,35.5338016813893
MA0106202301A1654088,에이자스민,,G2,소매,G221,기타 상품 소매,G22199,그 외 기타 상품 전문 소매업,G47859,그 외 기타 분류 안된 상품 전문 소매업,11,서울특별시,11410,서대문구,11410585,신촌동,1141011200,대현동,1141011200100370032,1,대지,37,32,서울특별시 서대문구 대현동 37-32,114104136319,서울특별시 서대문구 이화여대5길,35,,,,서울특별시 서대문구 이화여대5길 35,120808,03766,,B1,,126.943762146402,37.558127132448
MA0106202301A1751252,프레시원부산,,G2,소매,G221,기타 상품 소매,G22199,그 외 기타 상품 전문 소매업,G47859,그 외 기타 분류 안된 상품 전문 소매업,26,부산광역시,26170,동구,26170645,좌천동,2617010300,좌천동,2617010300100680018,1,대지,68,18,부산광역시 동구 좌천동 68-18,261703127011,부산광역시 동구 성남로,9,,,,부산광역시 동구 성남로 9,601822,48757,,,,129.054154739826,35.127655390176
MA0106202301A1762555,홈쇼핑,,G2,소매,G221,기타 상품 소매,G22199,그 외 기타 상품 전문 소매업,G47859,그 외 기타 분류 안된 상품 전문 소매업,47,경상북도,47750,청송군,47750320,부남면,4775032031,부남면,4775032031100630001,1,대지,63,1,경상북도 청송군 부남면 대전리 63-1,477503316007,경상북도 청송군 부남면 대전로,150,,,,경상북도 청송군 부남면 대전로 150,763841,37443,,,,129.064719042781,36.3473205423704
MA0106202301A2193196,아이스앤스낵창고도원점,,G2,소매,G221,기타 상품 소매,G22199,그 외 기타 상품 전문 소매업,G47859,그 외 기타 분류 안된 상품 전문 소매업,27,대구광역시,27290,달서구,27290628,도원동,2729011600,도원동,2729011600114440001,1,대지,1444,1,대구광역시 달서구 도원동 1444-1,272903147047,대구광역시 달서구 한실로,136,,2729011600114440001014607,가동,대구광역시 달서구 한실로 136,704802,42836,,,,128.541432617577,35.8061120439747
MA0106202301A1877682,현정상회,,G2,소매,G221,기타 상품 소매,G22199,그 외 기타 상품 전문 소매업,G47859,그 외 기타 분류 안된 상품 전문 소매업,26,부산광역시,26290,남구,26290680,문현1동,2629010900,문현동,2629010900101250030,1,대지,125,30,부산광역시 남구 문현동 125-30,262904193094,부산광역시 남구 문현로23번길,49,,,,부산광역시 남구 문현로23번길 49,608821,48416,,,,129.072486113847,35.1437533586582
MA0106202301A2039314,다인,,G2,소매,G221,기타 상품 소매,G22199,그 외 기타 상품 전문 소매업,G47859,그 외 기타 분류 안된 상품 전문 소매업,41,경기도,41194,부천시 소사구,41194560,옥길동,4119410600,옥길동,4119410600107750007,1,대지,775,7,경기도 부천시 소사구 옥길동 775-7,411944853800,경기도 부천시 소사구 범안로219번길,71,,,,경기도 부천시 소사구 범안로219번길 71,422080,14789,,,,126.812607703641,37.4649362156795
MA0106202301A2137158,아이스나라,창원점,G2,소매,G221,기타 상품 소매,G22199,그 외 기타 상품 전문 소매업,G47859,그 외 기타 분류 안된 상품 전문 소매업,48,경상남도,48123,창원시 성산구,48123510,반송동,4812312600,반림동,4812312600100240000,1,대지,24,,경상남도 창원시 성산구 반림동 24,481234784210,경상남도 창원시 성산구 원이대로473번길,14,,,,경상남도 창원시 성산구 원이대로473번길 14,642818,51426,,,,128.669956654905,35.2346868060232
MA0106202301A1910105,녹산환경,,G2,소매,G221,기타 상품 소매,G22199,그 외 기타 상품 전문 소매업,G47859,그 외 기타 분류 안된 상품 전문 소매업,48,경상남도,48330,양산시,48330253,물금읍,4833025324,물금읍,4833025324106390006,1,대지,639,6,경상남도 양산시 물금읍 범어리 639-6,483303338067,경상남도 양산시 물금읍 오봉로,74,,,,경상남도 양산시 물금읍 오봉로 74,626814,50600,,,,128.998682805103,35.3308315359431
MA0106202301A2411863,중국식품환전소,,G2,소매,G221,기타 상품 소매,G22199,그 외 기타 상품 전문 소매업,G47859,그 외 기타 분류 안된 상품 전문 소매업,43,충청북도,43770,음성군,43770330,맹동면,4377033028,맹동면,4377033028112300000,1,대지,1230,,충청북도 음성군 맹동면 두성리 1230,437704541736,충청북도 음성군 맹동면 용두1길,21,,,,충청북도 음성군 맹동면 용두1길 21,369811,27738,,,,127.545049218865,36.9116868591533
MA0106202301A1738141,백언니점빵,,G2,소매,G221,기타 상품 소매,G22199,그 외 기타 상품 전문 소매업,G47859,그 외 기타 분류 안된 상품 전문 소매업,48,경상남도,48740,창녕군,48740250,창녕읍,4874025023,창녕읍,4874025023104040000,1,대지,404,,경상남도 창녕군 창녕읍 말흘리 404,487403341048,경상남도 창녕군 창녕읍 화왕산로,147,,,,경상남도 창녕군 창녕읍 화왕산로 147,635813,50334,,1,,128.505631401634,35.5325701634879
MA0106202301A2389250,완도건어물,,G2,소매,G221,기타 상품 소매,G22199,그 외 기타 상품 전문 소매업,G47859,그 외 기타 분류 안된 상품 전문 소매업,28,인천광역시,28237,부평구,28237540,부평4동,2823710100,부평동,2823710100102520035,1,대지,252,35,인천광역시 부평구 부평동 252-35,282374262429,인천광역시 부평구 부흥로304번길,27,,,,인천광역시 부평구 부흥로304번길 27,403820,21391,,,,126.725701243516,37.4969503911344
MA0106202301A2007974,토크서비스,,G2,소매,G221,기타 상품 소매,G22199,그 외 기타 상품 전문 소매업,G47859,그 외 기타 분류 안된 상품 전문 소매업,27,대구광역시,27290,달서구,27290535,두류1.2동,2729010200,두류동,2729010200108290044,1,대지,829,44,대구광역시 달서구 두류동 829-44,272904241142,대구광역시 달서구 두류남3길,23,,,,대구광역시 달서구 두류남3길 23,704906,42664,,,,128.572748329053,35.8564411820945
MA0106202301A1732539,세주바이오,,G2,소매,G221,기타 상품 소매,G22199,그 외 기타 상품 전문 소매업,G47859,그 외 기타 분류 안된 상품 전문 소매업,31,울산광역시,31140,남구,31140510,신정1동,3114010400,신정동,3114010400106450018,1,대지,645,18,울산광역시 남구 신정동 645-18,311404310785,울산광역시 남구 중앙로213번길,12,,,,울산광역시 남구 중앙로213번길 12,680827,44674,,,,129.310770818185,35.5397772858117
MA0106202301A1766379,롯데칠성음료진해,대리점,G2,소매,G221,기타 상품 소매,G22199,그 외 기타 상품 전문 소매업,G47859,그 외 기타 분류 안된 상품 전문 소매업,48,경상남도,48129,창원시 진해구,48129630,웅천동,4812914800,성내동,4812914800104680000,1,대지,468,,경상남도 창원시 진해구 성내동 468,481293331046,경상남도 창원시 진해구 웅천동로,186,,,,경상남도 창원시 진해구 웅천동로 186,645360,51621,,,,128.751735918569,35.1120287969383
MA0106202301A1865302,웅진식품제주총판,,G2,소매,G221,기타 상품 소매,G22199,그 외 기타 상품 전문 소매업,G47859,그 외 기타 분류 안된 상품 전문 소매업,50,제주특별자치도,50110,제주시,50110540,이도2동,5011010400,이도이동,5011010400104380000,1,대지,438,,제주특별자치도 제주시 이도이동 438,501103349035,제주특별자치도 제주시 남광로,65,,,,제주특별자치도 제주시 남광로 65,690824,63226,,,,126.542070856347,33.4961561619416
MA0106202301A2107282,신기한마을고고씽협동조합,,G2,소매,G221,기타 상품 소매,G22199,그 외 기타 상품 전문 소매업,G47859,그 외 기타 분류 안된 상품 전문 소매업,48,경상남도,48330,양산시,48330510,중앙동,4833010400,북부동,4833010400107330000,1,대지,733,,경상남도 양산시 북부동 733,483304814845,경상남도 양산시 하신기1길,23,,4833010400107330000055985,,경상남도 양산시 하신기1길 23,626801,50643,,1,,129.047359108924,35.3489316521635
MA0106202301A1912251,나들스토어,,G2,소매,G221,기타 상품 소매,G22199,그 외 기타 상품 전문 소매업,G47859,그 외 기타 분류 안된 상품 전문 소매업,26,부산광역시,26500,수영구,26500770,광안2동,2650010400,광안동,2650010400104730002,1,대지,473,2,부산광역시 수영구 광안동 473-2,265003138004,부산광역시 수영구 광안로,12,,,,부산광역시 수영구 광안로 12,613804,48298,,,,129.113581894187,35.1564073212547
MA0106202301A1851027,동원장갑,,G2,소매,G221,기타 상품 소매,G22199,그 외 기타 상품 전문 소매업,G47859,그 외 기타 분류 안된 상품 전문 소매업,48,경상남도,48250,김해시,48250600,불암동,4825012100,지내동,4825012100102760012,1,대지,276,12,경상남도 김해시 지내동 276-12,482503335031,경상남도 김해시 분성로,708,,,,경상남도 김해시 분성로 708,621210,50827,,,,128.920792039348,35.2330648794928
MA0106202301A1832573,동명상회,,G2,소매,G221,기타 상품 소매,G22199,그 외 기타 상품 전문 소매업,G47859,그 외 기타 분류 안된 상품 전문 소매업,48,경상남도,48170,진주시,48170673,상대동,4817011900,상대동,4817011900102970038,1,대지,297,38,경상남도 진주시 상대동 297-38,481703332077,경상남도 진주시 동진로,122,,,,경상남도 진주시 동진로 122,660806,52794,,,,128.104414617766,35.1790433521206
MA0106202301A2169951,시공매트,,G2,소매,G221,기타 상품 소매,G22199,그 외 기타 상품 전문 소매업,G47859,그 외 기타 분류 안된 상품 전문 소매업,27,대구광역시,27290,달서구,27290630,송현1동,2729012200,송현동,2729012200107980332,1,대지,798,332,대구광역시 달서구 송현동 798-332,272904241369,대구광역시 달서구 송현로8길,43,9,,,대구광역시 달서구 송현로8길 43-9,704827,42824,,1,,128.549110464492,35.8237841485184
MA0106202301A1898663,행복한시공,,G2,소매,G221,기타 상품 소매,G22199,그 외 기타 상품 전문 소매업,G47859,그 외 기타 분류 안된 상품 전문 소매업,31,울산광역시,31170,동구,31170550,전하1동,3117010400,전하동,3117010400105500040,1,대지,550,40,울산광역시 동구 전하동 550-40,311703171011,울산광역시 동구 봉수로,314,,,,울산광역시 동구 봉수로 314,682819,44040,,,,129.424018585119,35.5140267594316
MA0106202301A1788115,씨엔에프,,G2,소매,G221,기타 상품 소매,G22199,그 외 기타 상품 전문 소매업,G47859,그 외 기타 분류 안된 상품 전문 소매업,48,경상남도,48127,창원시 마산회원구,48127250,내서읍,4812725029,내서읍,4812725029109340009,1,대지,934,9,경상남도 창원시 마산회원구 내서읍 신감리 934-9,481273330003,경상남도 창원시 마산회원구 내서읍 광려로,359,,,,경상남도 창원시 마산회원구 내서읍 광려로 359,630851,51249,,,,128.506848239322,35.1977587925804
MA0106202301A2064964,소담,,G2,소매,G221,기타 상품 소매,G22199,그 외 기타 상품 전문 소매업,G47859,그 외 기타 분류 안된 상품 전문 소매업,47,경상북도,47280,문경시,47280610,점촌5동,4728011000,모전동,4728011000109530000,1,대지,953,,경상북도 문경시 모전동 953,472804736465,경상북도 문경시 여중3길,12,,,,경상북도 문경시 여중3길 12,745883,36957,,1,,128.18841886141,36.597017640598
MA0106202301A1814146,보성커머스문래역지점,,G2,소매,G221,기타 상품 소매,G22199,그 외 기타 상품 전문 소매업,G47859,그 외 기타 분류 안된 상품 전문 소매업,11,서울특별시,11560,영등포구,11560605,문래동,1156012100,문래동3가,1156012100100540000,1,대지,54,,서울특별시 영등포구 문래동3가 54,115604154129,서울특별시 영등포구 당산로4길,12,,,,서울특별시 영등포구 당산로4길 12,150993,07298,,,,126.897394137405,37.5162805291805
MA0106202305A0645820,가인행복,,G2,소매,G221,기타 상품 소매,G22199,그 외 기타 상품 전문 소매업,G47859,그 외 기타 분류 안된 상품 전문 소매업,28,인천광역시,28177,미추홀구,28177540,용현1.4동,2817710200,용현동,2817710200101910091,1,대지,191,91,인천광역시 미추홀구 용현동 191-91,281774253621,인천광역시 미추홀구 인하로77번길,7,,2817010200101910091068899,,인천광역시 미추홀구 인하로77번길 7,402825,22207,,,,126.657029191828,37.4514954376421
MA0106202305A1337997,오로라,,G2,소매,G221,기타 상품 소매,G22199,그 외 기타 상품 전문 소매업,G47859,그 외 기타 분류 안된 상품 전문 소매업,26,부산광역시,26320,북구,26320520,구포2동,2632010500,구포동,2632010500109060007,1,대지,906,7,부산광역시 북구 구포동 906-7,263204196221,부산광역시 북구 백양대로1016번나길,50,1,2632010500109060007010765,,부산광역시 북구 백양대로1016번나길 50-1,616806,46636,,2,,128.997670689153,35.1979091554945
MA0106202301A1767108,월드그린,,G2,소매,G221,기타 상품 소매,G22199,그 외 기타 상품 전문 소매업,G47859,그 외 기타 분류 안된 상품 전문 소매업,26,부산광역시,26290,남구,26290690,문현2동,2629010900,문현동,2629010900105450183,1,대지,545,183,부산광역시 남구 문현동 545-183,262904193479,부산광역시 남구 황령대로90번나길,6,6,,,부산광역시 남구 황령대로90번나길 6-6,608826,48410,,,,129.069648074928,35.1447571166227
MA0106202301A1740796,대송식품,,G2,소매,G221,기타 상품 소매,G22199,그 외 기타 상품 전문 소매업,G47859,그 외 기타 분류 안된 상품 전문 소매업,26,부산광역시,26230,부산진구,26230520,부전2동,2623010300,부전동,2623010300102560006,1,대지,256,6,부산광역시 부산진구 부전동 256-6,262303129025,부산광역시 부산진구 서면로,56,,,,부산광역시 부산진구 서면로 56,614736,47286,,,,129.058139545286,35.1556590376036
MA0106202303A0754224,이레반찬,,G2,소매,G221,기타 상품 소매,G22199,그 외 기타 상품 전문 소매업,G47859,그 외 기타 분류 안된 상품 전문 소매업,41,경기도,41463,용인시 기흥구,41463520,구갈동,4146310200,구갈동,4146310200103510000,1,대지,351,,경기도 용인시 기흥구 구갈동 351,414633204008,경기도 용인시 기흥구 구갈로,74,,4146310200103510000021782,,경기도 용인시 기흥구 구갈로 74,446569,16972,,1,,127.1117690041,37.2811327242304
MA0106202303A0525719,지니테크,,G2,소매,G221,기타 상품 소매,G22199,그 외 기타 상품 전문 소매업,G47859,그 외 기타 분류 안된 상품 전문 소매업,51,강원특별자치도,51110,춘천시,51110675,강남동,5111012100,온의동,5111012100105420002,1,대지,542,2,강원특별자치도 춘천시 온의동 542-2,511104454712,강원특별자치도 춘천시 충혼길52번길,10,,4211012100105420002000001,,강원특별자치도 춘천시 충혼길52번길 10,200938,24437,,3,,127.719563606099,37.8604890417982
MA0106202304A2172645,빅세일마트,,G2,소매,G221,기타 상품 소매,G22199,그 외 기타 상품 전문 소매업,G47859,그 외 기타 분류 안된 상품 전문 소매업,26,부산광역시,26260,동래구,26260750,안락2동,2626010200,안락동,2626010200104690002,1,대지,469,2,부산광역시 동래구 안락동 469-2,262603130016,부산광역시 동래구 안락로,130,,2626010200104690002021012,,부산광역시 동래구 안락로 130,607826,47794,,1,,129.111035994382,35.1988327951749
MA0106202304A2016481,명품유통,,G2,소매,G221,기타 상품 소매,G22199,그 외 기타 상품 전문 소매업,G47859,그 외 기타 분류 안된 상품 전문 소매업,26,부산광역시,26530,사상구,26530650,주례1동,2653010600,주례동,2653010600104140051,1,대지,414,51,부산광역시 사상구 주례동 414-51,265302006015,부산광역시 사상구 가야대로,285,,2653010600104140051005505,,부산광역시 사상구 가야대로 285,617837,47003,,4,,129.003871376723,35.150873701817
MA0106202306A2344062,서민식품인제점,,G2,소매,G221,기타 상품 소매,G22199,그 외 기타 상품 전문 소매업,G47859,그 외 기타 분류 안된 상품 전문 소매업,51,강원특별자치도,51720,홍천군,51720250,홍천읍,5172025026,홍천읍,5172025026102510007,1,대지,251,7,강원특별자치도 홍천군 홍천읍 와동리 251-7,517203000146,강원특별자치도 홍천군 홍천읍 설악로,2424,,4272025026102510007000001,,강원특별자치도 홍천군 홍천읍 설악로 2424,250802,25127,,,,127.940371886532,37.7309193513288
MA0106202306A2034602,베이비하우스,송도점,G2,소매,G221,기타 상품 소매,G22199,그 외 기타 상품 전문 소매업,G47859,그 외 기타 분류 안된 상품 전문 소매업,28,인천광역시,28185,연수구,28185820,송도1동,2818510600,송도동,2818510600100030005,1,대지,3,5,인천광역시 연수구 송도동 3-5,281854256147,인천광역시 연수구 신송로125번길,7,,2818510600100030005000001,이리옴프라자,인천광역시 연수구 신송로125번길 7,406081,21995,,,,126.651561402135,37.3949498590192
MA0106202306A0782652,사냥꾼스토아,,G2,소매,G221,기타 상품 소매,G22199,그 외 기타 상품 전문 소매업,G47859,그 외 기타 분류 안된 상품 전문 소매업,26,부산광역시,26410,금정구,26410520,서2동,2641011000,서동,2641011000102970383,1,대지,297,383,부산광역시 금정구 서동 297-383,264103130027,부산광역시 금정구 서동중심로,45,,2641011000102970383030202,,부산광역시 금정구 서동중심로 45,609832,46327,,1,,129.104244074534,35.2134415085987
MA0106202306A1083005,아이스크림킹아콘블리,1호점,G2,소매,G221,기타 상품 소매,G22199,그 외 기타 상품 전문 소매업,G47859,그 외 기타 분류 안된 상품 전문 소매업,41,경기도,41150,의정부시,41150576,송산2동,4115010600,민락동,4115010600107380003,1,대지,738,3,경기도 의정부시 민락동 738-3,411503181036,경기도 의정부시 용현로,126,,4115010600107380003017671,,경기도 의정부시 용현로 126,480862,11809,,1,,127.089992844391,37.7411138855523
MA0106202306A2019655,가맥밤거리,,G2,소매,G221,기타 상품 소매,G22199,그 외 기타 상품 전문 소매업,G47859,그 외 기타 분류 안된 상품 전문 소매업,52,전북특별자치도,52113,전주시 덕진구,52113642,송천2동,5211312100,송천동1가,5211312100106260003,1,대지,626,3,전북특별자치도 전주시 덕진구 송천동1가 626-3,521134601257,전북특별자치도 전주시 덕진구 송천3길,44,9,4511312100106260003032671,용소마을제일,전북특별자치도 전주시 덕진구 송천3길 44-9,561768,54833,,1,,127.11620630264,35.860596557748
MA0106202301A2161312,아리수씨푸드,,G2,소매,G221,기타 상품 소매,G22199,그 외 기타 상품 전문 소매업,G47859,그 외 기타 분류 안된 상품 전문 소매업,11,서울특별시,11590,동작구,11590510,노량진1동,1159010100,노량진동,1159010100100130008,1,대지,13,8,서울특별시 동작구 노량진동 13-8,115903118026,서울특별시 동작구 노들로,688,,,,서울특별시 동작구 노들로 688,156703,06900,,,,126.944529743084,37.5150146253313
MA0106202304A1574437,루티스테크,,G2,소매,G221,기타 상품 소매,G22199,그 외 기타 상품 전문 소매업,G47859,그 외 기타 분류 안된 상품 전문 소매업,11,서울특별시,11650,서초구,11650540,잠원동,1165010600,잠원동,1165010600100090004,1,대지,9,4,서울특별시 서초구 잠원동 9-4,116504163002,서울특별시 서초구 강남대로101길,43,,1165010600100090004019699,유명빌딩,서울특별시 서초구 강남대로101길 43,137902,06524,,5,,127.017397241402,37.5174861091002
MA0106202306A1139120,프롬더하트,,G2,소매,G221,기타 상품 소매,G22199,그 외 기타 상품 전문 소매업,G47859,그 외 기타 분류 안된 상품 전문 소매업,11,서울특별시,11320,도봉구,11320690,방학1동,1132010600,방학동,1132010600107200033,1,대지,720,33,서울특별시 도봉구 방학동 720-33,113203109006,서울특별시 도봉구 마들로,650,,1132010600107200033004090,도봉월드상가,서울특별시 도봉구 마들로 650,132704,01331,,,,127.047071797293,37.6680247400523
MA0106202306A0020330,키치샵,,G2,소매,G221,기타 상품 소매,G22199,그 외 기타 상품 전문 소매업,G47859,그 외 기타 분류 안된 상품 전문 소매업,11,서울특별시,11140,중구,11140540,회현동,1114011200,남창동,1114011200100470014,1,대지,47,14,서울특별시 중구 남창동 47-14,111403101011,서울특별시 중구 퇴계로,43,,1114011200100470014021166,,서울특별시 중구 퇴계로 43,100804,04529,,4,,126.97735317756,37.5582014236744
MA0106202306A0702400,상보,,G2,소매,G221,기타 상품 소매,G22199,그 외 기타 상품 전문 소매업,G47859,그 외 기타 분류 안된 상품 전문 소매업,31,울산광역시,31140,남구,31140570,삼산동,3114010500,달동,3114010500113050018,1,대지,1305,18,울산광역시 남구 달동 1305-18,311403170005,울산광역시 남구 꽃대나리로,65,,3114010500113050018006623,,울산광역시 남구 꽃대나리로 65,680805,44720,,2,,129.337704832124,35.5337614589163
MA0106202306A0934777,풍선마마스토리,,G2,소매,G221,기타 상품 소매,G22199,그 외 기타 상품 전문 소매업,G47859,그 외 기타 분류 안된 상품 전문 소매업,29,광주광역시,29110,동구,29110525,충장동,2911010300,충장로5가,2911010300100800024,1,대지,80,24,광주광역시 동구 충장로5가 80-24,291104277235,광주광역시 동구 충장로22번길,9,,2911010300100800024003280,,광주광역시 동구 충장로22번길 9,501015,61477,,,,126.910634378147,35.1511011836816
MA0106202303A1496727,헤이리303,,G2,소매,G221,기타 상품 소매,G22199,그 외 기타 상품 전문 소매업,G47859,그 외 기타 분류 안된 상품 전문 소매업,29,광주광역시,29200,광산구,29200600,월곡1동,2920012800,월곡동,2920012800100610001,1,대지,61,1,광주광역시 광산구 월곡동 61-1,292003163014,광주광역시 광산구 사암로,248,,2920012800100610001041528,,광주광역시 광산구 사암로 248,506825,62348,,,,126.8090074089,35.1664238761105
MA0106202303A2062948,무지개꽃상점,,G2,소매,G221,기타 상품 소매,G22199,그 외 기타 상품 전문 소매업,G47859,그 외 기타 분류 안된 상품 전문 소매업,50,제주특별자치도,50130,서귀포시,50130530,중앙동,5013010100,서귀동,5013010100102900005,1,대지,290,5,제주특별자치도 서귀포시 서귀동 290-5,501303350347,제주특별자치도 서귀포시 중앙로,70,1,5013010100102900005031397,,제주특별자치도 서귀포시 중앙로 70-1,697843,63591,,,,126.561500228587,33.2508887165285
MA0106202303A0457654,알와이오자인점,,G2,소매,G221,기타 상품 소매,G22199,그 외 기타 상품 전문 소매업,G47859,그 외 기타 분류 안된 상품 전문 소매업,47,경상북도,47290,경산시,47290330,자인면,4729033022,자인면,4729033022102630002,1,대지,263,2,경상북도 경산시 자인면 서부리 263-2,472903313061,경상북도 경산시 자인면 자인로,211,,4729033022102630002063670,,경상북도 경산시 자인면 자인로 211,712853,38560,,1,,128.821855997029,35.8168767585457
MA0106202303A1139560,운일암휴게실,,G2,소매,G221,기타 상품 소매,G22199,그 외 기타 상품 전문 소매업,G47859,그 외 기타 분류 안된 상품 전문 소매업,52,전북특별자치도,52720,진안군,52720400,주천면,5272040022,주천면,5272040022100760003,1,대지,76,3,전북특별자치도 진안군 주천면 대불리 76-3,527203273020,전북특별자치도 진안군 주천면 동상주천로,1709,,4572040022100760003014480,,전북특별자치도 진안군 주천면 동상주천로 1709,567831,55400,,,,127.387915202057,35.9840280136299
MA0106202303A0589617,한국지열수열에너지학회,,G2,소매,G221,기타 상품 소매,G22199,그 외 기타 상품 전문 소매업,G47859,그 외 기타 분류 안된 상품 전문 소매업,41,경기도,41150,의정부시,41150520,의정부2동,4115010100,의정부동,4115010100104390023,1,대지,439,23,경기도 의정부시 의정부동 439-23,411504343257,경기도 의정부시 신흥로258번길,25,,4115010100104390023013279,해태프라자,경기도 의정부시 신흥로258번길 25,480942,11670,,8,,127.044859207363,37.7393377641672
MA0106202303A1111726,옥원쌈밥,,G2,소매,G221,기타 상품 소매,G22199,그 외 기타 상품 전문 소매업,G47859,그 외 기타 분류 안된 상품 전문 소매업,31,울산광역시,31140,남구,31140510,신정1동,3114010400,신정동,3114010400115590036,1,대지,1559,36,울산광역시 남구 신정동 1559-36,311403170003,울산광역시 남구 거마로,83,,3114010400115590036036955,,울산광역시 남구 거마로 83,680827,44650,,1,,129.299510720683,35.5407855685581
MA0106202303A0954966,리치하우스,,G2,소매,G221,기타 상품 소매,G22199,그 외 기타 상품 전문 소매업,G47859,그 외 기타 분류 안된 상품 전문 소매업,30,대전광역시,30170,서구,30170520,도마1동,3017010300,도마동,3017010300100870037,1,대지,87,37,대전광역시 서구 도마동 87-37,301704298211,대전광역시 서구 도마5길,61,,3017010300100870037029013,,대전광역시 서구 도마5길 61,302819,35331,,,,127.381575533733,36.3172688698344
MA0106202304A0547239,발만테크,,G2,소매,G221,기타 상품 소매,G22199,그 외 기타 상품 전문 소매업,G47859,그 외 기타 분류 안된 상품 전문 소매업,41,경기도,41310,구리시,41310510,갈매동,4131010100,갈매동,4131010100105520006,1,대지,552,6,경기도 구리시 갈매동 552-6,413104857375,경기도 구리시 갈매순환로166번길,45,,4131010100105520006000001,B,경기도 구리시 갈매순환로166번길 45,471859,11901,,4,,127.123319932577,37.6347234146513
MA0106202304A1953080,세계과자할인점홍대역점,,G2,소매,G221,기타 상품 소매,G22199,그 외 기타 상품 전문 소매업,G47859,그 외 기타 분류 안된 상품 전문 소매업,11,서울특별시,11440,마포구,11440660,서교동,1144012100,동교동,1144012100101690011,1,대지,169,11,서울특별시 마포구 동교동 169-11,114403113015,서울특별시 마포구 어울마당로,137,,1144012100101690011011820,서강빌딩,서울특별시 마포구 어울마당로 137,121818,04051,,1,,126.925157451527,37.5564589702352
MA0106202304A1601995,앤스홈베이킹,,G2,소매,G221,기타 상품 소매,G22199,그 외 기타 상품 전문 소매업,G47859,그 외 기타 분류 안된 상품 전문 소매업,30,대전광역시,30170,서구,30170555,탄방동,3017010600,탄방동,3017010600100880005,1,대지,88,5,대전광역시 서구 탄방동 88-5,301704298083,대전광역시 서구 계룡로615번길,33,,3017010600100880005022471,,대전광역시 서구 계룡로615번길 33,302857,35264,,1,,127.39234151002,36.341268430329
MA0106202304A2415871,엑스퍼젠,,G2,소매,G221,기타 상품 소매,G22199,그 외 기타 상품 전문 소매업,G47859,그 외 기타 분류 안된 상품 전문 소매업,11,서울특별시,11500,강서구,11500603,가양1동,1150010500,마곡동,1150010500107740003,1,대지,774,3,서울특별시 강서구 마곡동 774-3,115002005007,서울특별시 강서구 공항대로,219,,1150010500107740003000001,센테니아,서울특별시 강서구 공항대로 219,157805,07802,,9,,126.832018765402,37.5596338127518
MA0106202304A1126647,드림빅,,G2,소매,G221,기타 상품 소매,G22199,그 외 기타 상품 전문 소매업,G47859,그 외 기타 분류 안된 상품 전문 소매업,28,인천광역시,28200,남동구,28200581,만수4동,2820010300,만수동,2820010300100380000,1,대지,38,,인천광역시 남동구 만수동 38,282003153029,인천광역시 남동구 만수로,14,70,2820010300100380000031008,,인천광역시 남동구 만수로 14-70,405855,21525,,,,126.733118416835,37.4559535342854
MA0106202304A0561685,서울과학고매점,,G2,소매,G221,기타 상품 소매,G22199,그 외 기타 상품 전문 소매업,G47859,그 외 기타 분류 안된 상품 전문 소매업,11,서울특별시,11110,종로구,11110650,혜화동,1111017000,명륜1가,1111017000100010000,1,대지,1,,서울특별시 종로구 명륜1가 1,111103100022,서울특별시 종로구 혜화로,63,,1111016900100010001007932,구내매점서울과학고등학교,서울특별시 종로구 혜화로 63,110530,03066,,,,126.998437453534,37.5915493981
MA0106202304A0287273,더망고,,G2,소매,G221,기타 상품 소매,G22199,그 외 기타 상품 전문 소매업,G47859,그 외 기타 분류 안된 상품 전문 소매업,41,경기도,41194,부천시 소사구,41194530,소사본동,4119410100,소사본동,4119410100101330012,1,대지,133,12,경기도 부천시 소사구 소사본동 133-12,411943185008,경기도 부천시 소사구 소삼로,47,1,4119710100101330012000020,푸르지오,경기도 부천시 소사구 소삼로 47-1,422807,14694,,,,126.79690148183,37.4794795791385
MA0106202304A0985398,바이오슈,코리아,G2,소매,G221,기타 상품 소매,G22199,그 외 기타 상품 전문 소매업,G47859,그 외 기타 분류 안된 상품 전문 소매업,41,경기도,41390,시흥시,41390597,배곧2동,4139013500,배곧동,4139013500102330000,1,대지,233,,경기도 시흥시 배곧동 233,413904853127,경기도 시흥시 서울대학로264번길,50,,4139013200117710001000007,배곧헤리움어반크로스2차,경기도 시흥시 서울대학로264번길 50,,15011,,,,126.728761181418,37.3667249101459
MA0106202304A0351064,먼슬리케이크,,G2,소매,G221,기타 상품 소매,G22199,그 외 기타 상품 전문 소매업,G47859,그 외 기타 분류 안된 상품 전문 소매업,11,서울특별시,11440,마포구,11440680,합정동,1144012200,합정동,1144012200103950008,1,대지,395,8,서울특별시 마포구 합정동 395-8,114404139509,서울특별시 마포구 월드컵로5길,93,,1144012200103950008012913,,서울특별시 마포구 월드컵로5길 93,121886,04020,,1,,126.907872245495,37.5500316448342
MA0106202306A1106063,성모암,,G2,소매,G221,기타 상품 소매,G22199,그 외 기타 상품 전문 소매업,G47859,그 외 기타 분류 안된 상품 전문 소매업,29,광주광역시,29200,광산구,29200610,월곡2동,2920012800,월곡동,2920012800106830007,1,대지,683,7,광주광역시 광산구 월곡동 683-7,292004289194,광주광역시 광산구 사암로340번길,39,,2920012800106830017043210,,광주광역시 광산구 사암로340번길 39,506056,62328,,,,126.811017546503,35.1752963751198
MA0106202305A0754342,파시랑팩토리,,G2,소매,G221,기타 상품 소매,G22199,그 외 기타 상품 전문 소매업,G47859,그 외 기타 분류 안된 상품 전문 소매업,50,제주특별자치도,50110,제주시,50110259,조천읍,5011025928,조천읍,5011025928115590001,1,대지,1559,1,제주특별자치도 제주시 조천읍 와산리 1559-1,501103349219,제주특별자치도 제주시 조천읍 함와로,566,29,5011025928115820004000002,,제주특별자치도 제주시 조천읍 함와로 566-29,695962,63342,,1,,126.676653730831,33.4948493703284
MA0106202306A0365371,주신종합상사,,G2,소매,G221,기타 상품 소매,G22199,그 외 기타 상품 전문 소매업,G47859,그 외 기타 분류 안된 상품 전문 소매업,41,경기도,41430,의왕시,41430520,부곡동,4143010300,삼동,4143010300107450000,1,대지,745,,경기도 의왕시 삼동 745,414303352559,경기도 의왕시 오봉산단3로,25,,4143010300107450000000001,제비,경기도 의왕시 오봉산단3로 25,437040,16079,,1,,126.953389056722,37.3285257475261
MA0106202301A2096847,조은상회,,G2,소매,G221,기타 상품 소매,G22199,그 외 기타 상품 전문 소매업,G47859,그 외 기타 분류 안된 상품 전문 소매업,27,대구광역시,27290,달서구,27290550,두류3동,2729010200,두류동,2729010200112900001,1,대지,1290,1,대구광역시 달서구 두류동 1290-1,272902007002,대구광역시 달서구 달구벌대로,1760,,,,대구광역시 달서구 달구벌대로 1760,704063,42659,,,,128.556608440642,35.8575525617758
MA0106202301A2117091,매점판매시설,,G2,소매,G221,기타 상품 소매,G22199,그 외 기타 상품 전문 소매업,G47859,그 외 기타 분류 안된 상품 전문 소매업,11,서울특별시,11560,영등포구,11560620,양평2동,1156012800,양평동4가,1156012800103150001,1,대지,315,1,서울특별시 영등포구 양평동4가 315-1,115604154458,서울특별시 영등포구 선유로55길,22,,,,서울특별시 영등포구 선유로55길 22,150867,07206,,,,126.897260779465,37.5392919915461
MA0106202304A0973996,나노스코프시스템즈,,G2,소매,G221,기타 상품 소매,G22199,그 외 기타 상품 전문 소매업,G47859,그 외 기타 분류 안된 상품 전문 소매업,30,대전광역시,30200,유성구,30200600,관평동,3020014600,관평동,3020014600107530000,1,대지,753,,대전광역시 유성구 관평동 753,302003167071,대전광역시 유성구 테크노1로,62,4,3020014600107530000002430,,대전광역시 유성구 테크노1로 62-4,305509,34014,,,,127.393418667604,36.4291018618905
MA0106202304A2222071,더에프앤디,,G2,소매,G221,기타 상품 소매,G22199,그 외 기타 상품 전문 소매업,G47859,그 외 기타 분류 안된 상품 전문 소매업,41,경기도,41210,광명시,41210610,철산3동,4121010200,철산동,4121010200104110000,1,대지,411,,경기도 광명시 철산동 411,412104361246,경기도 광명시 오리로856번길,8,,4121010200104110000000250,,경기도 광명시 오리로856번길 8,423837,14240,,,,126.867740765947,37.4748858536096
MA0106202306A0973860,청소업체하얀나라천사유통,,G2,소매,G221,기타 상품 소매,G22199,그 외 기타 상품 전문 소매업,G47859,그 외 기타 분류 안된 상품 전문 소매업,41,경기도,41570,김포시,41570580,운양동,4157010300,운양동,4157010300110050000,1,대지,1005,,경기도 김포시 운양동 1005,415704427433,경기도 김포시 운양로56번길,115,,4157010300110050000000001,,경기도 김포시 운양로56번길 115,415807,10072,,,,126.672286594703,37.6556138937995
MA0106202306A0806744,에스지베이크웨어,,G2,소매,G221,기타 상품 소매,G22199,그 외 기타 상품 전문 소매업,G47859,그 외 기타 분류 안된 상품 전문 소매업,11,서울특별시,11140,중구,11140605,을지로동,1114015200,주교동,1114015200100190014,1,대지,19,14,서울특별시 중구 주교동 19-14,111404103112,서울특별시 중구 동호로37길,21,,1114015200100190014011445,방산종합시장,서울특별시 중구 동호로37길 21,100330,04546,,,,127.000735752099,37.5681866340928
MA0106202306A1971895,청정도시락,,G2,소매,G221,기타 상품 소매,G22199,그 외 기타 상품 전문 소매업,G47859,그 외 기타 분류 안된 상품 전문 소매업,11,서울특별시,11650,서초구,11650652,양재2동,1165010200,양재동,1165010200102650029,1,대지,265,29,서울특별시 서초구 양재동 265-29,116504163172,서울특별시 서초구 마방로6길,13,,1165010200102650029002801,범정빌딩,서울특별시 서초구 마방로6길 13,137894,06776,,4,,127.04223628388,37.4751415373573
MA0106202303A1195766,윤스과일,상무본점,G2,소매,G221,기타 상품 소매,G22199,그 외 기타 상품 전문 소매업,G47859,그 외 기타 분류 안된 상품 전문 소매업,29,광주광역시,29170,북구,29170669,일곡동,2917012700,일곡동,2917012700108850003,1,대지,885,3,광주광역시 북구 일곡동 885-3,291703162060,광주광역시 북구 일곡로,48,,2917012700108850003014818,,광주광역시 북구 일곡로 48,500866,61039,,3,,126.893528221626,35.2076294359288
MA0106202303A0386452,홍초공방,,G2,소매,G221,기타 상품 소매,G22199,그 외 기타 상품 전문 소매업,G47859,그 외 기타 분류 안된 상품 전문 소매업,46,전라남도,46130,여수시,46130800,여천동,4613013700,화장동,4613013700107740012,1,대지,774,12,전라남도 여수시 화장동 774-12,461304646986,전라남도 여수시 화산2길,48,1,4613013700107740012000001,,전라남도 여수시 화산2길 48-1,555090,59643,,1,,127.644390358446,34.7725039547035
MA0106202303A0983357,도자기랑그림이랑,,G2,소매,G221,기타 상품 소매,G22199,그 외 기타 상품 전문 소매업,G47859,그 외 기타 분류 안된 상품 전문 소매업,30,대전광역시,30200,유성구,30200600,관평동,3020014600,관평동,3020014600110260000,1,대지,1026,,대전광역시 유성구 관평동 1026,302004301040,대전광역시 유성구 관들3길,15,9,3020014600110260000001861,,대전광역시 유성구 관들3길 15-9,305509,34019,,,,127.390424148182,36.4234704097721
MA0106202304A0686917,이원원주.인천투다리,대리점,G2,소매,G221,기타 상품 소매,G22199,그 외 기타 상품 전문 소매업,G47859,그 외 기타 분류 안된 상품 전문 소매업,51,강원특별자치도,51130,원주시,51130675,반곡관설동,5113011600,관설동,5113011600113760002,1,대지,1376,2,강원특별자치도 원주시 관설동 1376-2,511304457019,강원특별자치도 원주시 갈촌길,77,,4213011600113760002000001,,강원특별자치도 원주시 갈촌길 77,220934,26470,,,,127.966000531959,37.3100674157131
MA0106202304A1101273,지비에이치플래그십스토어,,G2,소매,G221,기타 상품 소매,G22199,그 외 기타 상품 전문 소매업,G47859,그 외 기타 분류 안된 상품 전문 소매업,11,서울특별시,11650,서초구,11650600,방배1동,1165010100,방배동,1165010100108930001,1,대지,893,1,서울특별시 서초구 방배동 893-1,116504163400,서울특별시 서초구 서초대로32길,1,,1165010100108930001014302,전층,서울특별시 서초구 서초대로32길 1,137841,06661,,,,126.997173192857,37.4885020041861
MA0106202304A2376109,아이행복세상교육,,G2,소매,G221,기타 상품 소매,G22199,그 외 기타 상품 전문 소매업,G47859,그 외 기타 분류 안된 상품 전문 소매업,41,경기도,41281,고양시 덕양구,41281660,화전동,4128113200,향동동,4128113200104690000,1,대지,469,,경기도 고양시 덕양구 향동동 469,412813351992,경기도 고양시 덕양구 향동로,128,,4128113200104690000000001,,경기도 고양시 덕양구 향동로 128,412160,10545,,15,,126.890200517444,37.6008235952435
MA0106202304A1829871,에스프레소피에라,,G2,소매,G221,기타 상품 소매,G22199,그 외 기타 상품 전문 소매업,G47859,그 외 기타 분류 안된 상품 전문 소매업,26,부산광역시,26410,금정구,26410520,서2동,2641011000,서동,2641011000102550000,1,대지,255,,부산광역시 금정구 서동 255,264104190391,부산광역시 금정구 옥봉로14번길,1,,2641011000102550000012442,서동현대,부산광역시 금정구 옥봉로14번길 1,609831,46335,,,,129.10757986335,35.2108061839741
MA0106202304A0765578,과일원정대,운정점,G2,소매,G221,기타 상품 소매,G22199,그 외 기타 상품 전문 소매업,G47859,그 외 기타 분류 안된 상품 전문 소매업,11,서울특별시,11500,강서구,11500611,발산1동,1150010600,내발산동,1150010600107500002,1,대지,750,2,서울특별시 강서구 내발산동 750-2,115003115007,서울특별시 강서구 수명로,78,,1150010600107500002000001,새롬프라자,서울특별시 강서구 수명로 78,157937,07635,,,,126.82634117935,37.5530212945489
MA0106202305A0061344,데이빗앤케이트,,G2,소매,G221,기타 상품 소매,G22199,그 외 기타 상품 전문 소매업,G47859,그 외 기타 분류 안된 상품 전문 소매업,11,서울특별시,11680,강남구,11680580,삼성1동,1168010500,삼성동,1168010500101590000,1,대지,159,,서울특별시 강남구 삼성동 159,116802122002,서울특별시 강남구 영동대로,513,,1168010500101590009016086,상사전시장,서울특별시 강남구 영동대로 513,135525,06164,,2,,127.059155204804,37.5118322933754
MA0106202304A1180874,한가득담아,,G2,소매,G221,기타 상품 소매,G22199,그 외 기타 상품 전문 소매업,G47859,그 외 기타 분류 안된 상품 전문 소매업,43,충청북도,43150,제천시,43150537,남현동,4315010300,동현동,4315010300102370000,1,대지,237,,충청북도 제천시 동현동 237,431504517820,충청북도 제천시 의병대로26나길,1,,4315010300102370000021746,,충청북도 제천시 의병대로26나길 1,390190,27181,,1,,128.21668805015,37.1335211750849
MA0106202304A1023725,친정엄마반찬,,G2,소매,G221,기타 상품 소매,G22199,그 외 기타 상품 전문 소매업,G47859,그 외 기타 분류 안된 상품 전문 소매업,52,전북특별자치도,52113,전주시 덕진구,52113560,인후3동,5211310300,인후동1가,5211310300108560002,1,대지,856,2,전북특별자치도 전주시 덕진구 인후동1가 856-2,521134601084,전북특별자치도 전주시 덕진구 동가재미2길,28,18,4511310300108560002000001,,전북특별자치도 전주시 덕진구 동가재미2길 28-18,561834,55018,,1,,127.163877038125,35.8322145268262
MA0106202304A0499946,분당도서관구내식당,,G2,소매,G221,기타 상품 소매,G22199,그 외 기타 상품 전문 소매업,G47859,그 외 기타 분류 안된 상품 전문 소매업,41,경기도,41135,성남시 분당구,41135570,정자3동,4113510300,정자동,4113510300102080000,1,대지,208,,경기도 성남시 분당구 정자동 208,411353180030,경기도 성남시 분당구 불정로,110,,4113510300102080000002557,분당도서관,경기도 성남시 분당구 불정로 110,463815,13606,,1,,127.116578695685,37.3581033502701
MA0106202304A2205565,수아식품,,G2,소매,G221,기타 상품 소매,G22199,그 외 기타 상품 전문 소매업,G47859,그 외 기타 분류 안된 상품 전문 소매업,41,경기도,41150,의정부시,41150615,흥선동,4115011000,가능동,4115011000107400004,1,대지,740,4,경기도 의정부시 가능동 740-4,411503181057,경기도 의정부시 흥선로,95,,4115011000107400004011990,,경기도 의정부시 흥선로 95,480812,11668,,1,,127.037463744111,37.7426198744526
MA0106202304A2071014,흙속의진주,,G2,소매,G221,기타 상품 소매,G22199,그 외 기타 상품 전문 소매업,G47859,그 외 기타 분류 안된 상품 전문 소매업,52,전북특별자치도,52210,김제시,52210320,죽산면,5221032021,죽산면,5221032021106000056,1,대지,600,56,전북특별자치도 김제시 죽산면 죽산리 600-56,522103272078,전북특별자치도 김제시 죽산면 해학로,2,,4521032021106000056072191,,전북특별자치도 김제시 죽산면 해학로 2,576832,54419,,1,,126.817063600345,35.7699548704524
MA0106202304A0478394,능풍샤브샤브범천점,,G2,소매,G221,기타 상품 소매,G22199,그 외 기타 상품 전문 소매업,G47859,그 외 기타 분류 안된 상품 전문 소매업,26,부산광역시,26230,부산진구,26230780,범천2동,2623010400,범천동,2623010400113020486,1,대지,1302,486,부산광역시 부산진구 범천동 1302-486,262303125011,부산광역시 부산진구 망양로,971,1,2623010400113020486013598,,부산광역시 부산진구 망양로 971-1,614834,47369,,1,,129.055349900807,35.1420357525957
MA0106202304A2192046,지에프푸드컨설팅,,G2,소매,G221,기타 상품 소매,G22199,그 외 기타 상품 전문 소매업,G47859,그 외 기타 분류 안된 상품 전문 소매업,11,서울특별시,11320,도봉구,11320690,방학1동,1132010600,방학동,1132010600107130030,1,대지,713,30,서울특별시 도봉구 방학동 713-30,113203109006,서울특별시 도봉구 마들로,597,,1132010600107130030002635,볶음밥주는떡볶이본점,서울특별시 도봉구 마들로 597,132854,01335,,,,127.046343482343,37.6633399288333
MA0106202306A1762074,블라썸테이블,,G2,소매,G221,기타 상품 소매,G22199,그 외 기타 상품 전문 소매업,G47859,그 외 기타 분류 안된 상품 전문 소매업,26,부산광역시,26410,금정구,26410670,남산동,2641010400,남산동,2641010400109810017,1,대지,981,17,부산광역시 금정구 남산동 981-17,264103006032,부산광역시 금정구 금샘로,507,,2641010400109810017000001,,부산광역시 금정구 금샘로 507,609813,46234,,1,,129.084586531266,35.2678324844163
MA0106202306A1397910,으뜸유통잡화,,G2,소매,G221,기타 상품 소매,G22199,그 외 기타 상품 전문 소매업,G47859,그 외 기타 분류 안된 상품 전문 소매업,11,서울특별시,11290,성북구,11290705,종암동,1129013500,종암동,1129013500101240062,1,대지,124,62,서울특별시 성북구 종암동 124-62,112903107014,서울특별시 성북구 정릉로,450,,1129013500101240062021463,,서울특별시 성북구 정릉로 450,136863,02802,,1,,127.031357777674,37.6033302077624
MA0106202306A0989574,루스터커피,,G2,소매,G221,기타 상품 소매,G22199,그 외 기타 상품 전문 소매업,G47859,그 외 기타 분류 안된 상품 전문 소매업,43,충청북도,43114,청주시 청원구,43114310,북이면,4311431033,북이면,4311431033104180000,1,대지,418,,충청북도 청주시 청원구 북이면 금암리 418,431144520111,충청북도 청주시 청원구 북이면 금암1길,24,,4311431033104180000000001,,충청북도 청주시 청원구 북이면 금암1길 24,363922,28136,,,,127.560467260279,36.754941646236
MA0106202306A2018400,롱보스컴퍼니,,G2,소매,G221,기타 상품 소매,G22199,그 외 기타 상품 전문 소매업,G47859,그 외 기타 분류 안된 상품 전문 소매업,31,울산광역시,31140,남구,31140570,삼산동,3114010500,달동,3114010500113180010,1,대지,1318,10,울산광역시 남구 달동 1318-10,311404310669,울산광역시 남구 왕생로128번길,6,,3114010500113180010007441,,울산광역시 남구 왕생로128번길 6,680814,44701,,2,,129.329631257865,35.5446583930118
MA0106202303A0607004,만물스토어,,G2,소매,G221,기타 상품 소매,G22199,그 외 기타 상품 전문 소매업,G47859,그 외 기타 분류 안된 상품 전문 소매업,28,인천광역시,28200,남동구,28200550,간석3동,2820010200,간석동,2820010200101190007,1,대지,119,7,인천광역시 남동구 간석동 119-7,282003153084,인천광역시 남동구 백범로,340,1,2820010200101190007021734,,인천광역시 남동구 백범로 340-1,405801,21510,,1,,126.712931652662,37.4650514665549
MA0106202302A2091747,풀마더스,,G2,소매,G221,기타 상품 소매,G22199,그 외 기타 상품 전문 소매업,G47859,그 외 기타 분류 안된 상품 전문 소매업,41,경기도,41390,시흥시,41390591,정왕1동,4139013200,정왕동,4139013200118000003,1,대지,1800,3,경기도 시흥시 정왕동 1800-3,413903199015,경기도 시흥시 마유로,376,,4139013200118000003000001,시흥창업센터,경기도 시흥시 마유로 376,429451,15055,,2,,126.738645311648,37.3486185330117
MA0106202302A1916011,금악미용실,,G2,소매,G221,기타 상품 소매,G22199,그 외 기타 상품 전문 소매업,G47859,그 외 기타 분류 안된 상품 전문 소매업,50,제주특별자치도,50110,제주시,50110250,한림읍,5011025025,한림읍,5011025025120960011,1,대지,2096,11,제주특별자치도 제주시 한림읍 금악리 2096-11,501103349028,제주특별자치도 제주시 한림읍 금악로,16,,5011025025120960011000001,,제주특별자치도 제주시 한림읍 금악로 16,695924,63019,,1,,126.296519264186,33.3585410070654
MA0106202303A0281075,태진종합포장,,G2,소매,G221,기타 상품 소매,G22199,그 외 기타 상품 전문 소매업,G47859,그 외 기타 분류 안된 상품 전문 소매업,41,경기도,41390,시흥시,41390531,신현동,4139010500,미산동,4139010500105250002,1,대지,525,2,경기도 시흥시 미산동 525-2,413904397040,경기도 시흥시 구수미1길,18,,4139010500105250002000001,,경기도 시흥시 구수미1길 18,429823,14956,,,,126.787524881663,37.4169778788005
MA0106202304A0489913,빈콜렉터,,G2,소매,G221,기타 상품 소매,G22199,그 외 기타 상품 전문 소매업,G47859,그 외 기타 분류 안된 상품 전문 소매업,41,경기도,41360,남양주시,41360360,조안면,4136036024,조안면,4136036024108130000,1,대지,813,,경기도 남양주시 조안면 송촌리 813,413603197004,경기도 남양주시 조안면 고래산로,836,,4136036024108130000028679,,경기도 남양주시 조안면 고래산로 836,472872,12280,,,,127.32122567843,37.5700651732351
MA0106202304A2235727,다온교육,,G2,소매,G221,기타 상품 소매,G22199,그 외 기타 상품 전문 소매업,G47859,그 외 기타 분류 안된 상품 전문 소매업,47,경상북도,47850,칠곡군,47850253,북삼읍,4785025325,북삼읍,4785025325110780005,1,대지,1078,5,경상북도 칠곡군 북삼읍 인평리 1078-5,478504766100,경상북도 칠곡군 북삼읍 금오대로7길,57,5,4785025325110780005000001,,경상북도 칠곡군 북삼읍 금오대로7길 57-5,718844,39812,,1,,128.345583064787,36.0705679168161
MA0106202304A2371548,아이스크림살래문정시영,,G2,소매,G221,기타 상품 소매,G22199,그 외 기타 상품 전문 소매업,G47859,그 외 기타 분류 안된 상품 전문 소매업,11,서울특별시,11710,송파구,11710646,장지동,1171010800,문정동,1171010800101450000,1,대지,145,,서울특별시 송파구 문정동 145,117104169313,서울특별시 송파구 송이로31길,52,,1171010800101450000002683,문정시영,서울특별시 송파구 송이로31길 52,138762,05786,,1,,127.135510862222,37.4913075460024
MA0106202304A0838297,법인루시올앤드,,G2,소매,G221,기타 상품 소매,G22199,그 외 기타 상품 전문 소매업,G47859,그 외 기타 분류 안된 상품 전문 소매업,52,전북특별자치도,52730,무주군,52730250,무주읍,5273025022,무주읍,5273025022103020003,1,대지,302,3,전북특별자치도 무주군 무주읍 당산리 302-3,527303275002,전북특별자치도 무주군 무주읍 괴목로,1309,,4573025022103020003000001,,전북특별자치도 무주군 무주읍 괴목로 1309,568802,55524,,,,127.683790929253,36.0032993157048
MA0106202304A1393447,양종인바른식당,,G2,소매,G221,기타 상품 소매,G22199,그 외 기타 상품 전문 소매업,G47859,그 외 기타 분류 안된 상품 전문 소매업,29,광주광역시,29170,북구,29170676,오치1동,2917011500,오치동,2917011500110350007,1,대지,1035,7,광주광역시 북구 오치동 1035-7,291703162031,광주광역시 북구 서하로,314,,2917011500110350007001607,,광주광역시 북구 서하로 314,500836,61132,,1,,126.914844427219,35.1866898285514
MA0106202304A1233563,다이소대불,산단점,G2,소매,G221,기타 상품 소매,G22199,그 외 기타 상품 전문 소매업,G47859,그 외 기타 분류 안된 상품 전문 소매업,46,전라남도,46830,영암군,46830253,삼호읍,4683025326,삼호읍,4683025326108190000,1,대지,819,,전라남도 영암군 삼호읍 용앙리 819,468303295043,전라남도 영암군 삼호읍 대불주거로,126,,4683025326108190000000001,,전라남도 영암군 삼호읍 대불주거로 126,526897,58454,,,,126.460129157106,34.7508467651521
MA0106202304A0678649,꽃별,,G2,소매,G221,기타 상품 소매,G22199,그 외 기타 상품 전문 소매업,G47859,그 외 기타 분류 안된 상품 전문 소매업,41,경기도,41463,용인시 기흥구,41463550,서농동,4146311000,서천동,4146311000107760005,1,대지,776,5,경기도 용인시 기흥구 서천동 776-5,414634412321,경기도 용인시 기흥구 서천동로43번길,11,1,4146311000107760005000001,,경기도 용인시 기흥구 서천동로43번길 11-1,446906,17106,,1,,127.077781604173,37.2361618600838
MA0106202304A1650344,상장에이스,,G2,소매,G221,기타 상품 소매,G22199,그 외 기타 상품 전문 소매업,G47859,그 외 기타 분류 안된 상품 전문 소매업,26,부산광역시,26230,부산진구,26230550,초읍동,2623010700,초읍동,2623010700105290022,1,대지,529,22,부산광역시 부산진구 초읍동 529-22,262304187462,부산광역시 부산진구 성지로74번길,65,,2623010700105290022013110,,부산광역시 부산진구 성지로74번길 65,614874,47113,,1,,129.056483145484,35.1792074918697
MA0106202304A1538631,춘양농업협동조합하나로마트,,G2,소매,G221,기타 상품 소매,G22199,그 외 기타 상품 전문 소매업,G47859,그 외 기타 분류 안된 상품 전문 소매업,47,경상북도,47920,봉화군,47920340,춘양면,4792034021,춘양면,4792034021104380004,1,대지,438,4,경상북도 봉화군 춘양면 의양리 438-4,479204772311,경상북도 봉화군 춘양면 의양로2길,33,,4792034021104380004011268,,경상북도 봉화군 춘양면 의양로2길 33,755847,36216,,,,128.913848267219,36.9357293279785
MA0106202304A0954344,금수명가,,G2,소매,G221,기타 상품 소매,G22199,그 외 기타 상품 전문 소매업,G47859,그 외 기타 분류 안된 상품 전문 소매업,44,충청남도,44810,예산군,44810310,대술면,4481031027,대술면,4481031027104750000,1,대지,475,,충청남도 예산군 대술면 화산리 475,448103015074,충청남도 예산군 대술면 대술로,742,6,4481031027104750000000001,,충청남도 예산군 대술면 대술로 742-6,340811,32442,,,,126.918843733548,36.7014546452207
MA0106202304A1998369,훈이네푸드,,G2,소매,G221,기타 상품 소매,G22199,그 외 기타 상품 전문 소매업,G47859,그 외 기타 분류 안된 상품 전문 소매업,26,부산광역시,26440,강서구,26440530,강동동,2644010300,강동동,2644010300100600008,1,대지,60,8,부산광역시 강서구 강동동 60-8,264404208186,부산광역시 강서구 낙동북로76번길,31,,2644010300100600008023052,,부산광역시 강서구 낙동북로76번길 31,618800,46706,,,,128.938047694616,35.2164694286552
MA0106202304A0064344,아이스365상동역점,,G2,소매,G221,기타 상품 소매,G22199,그 외 기타 상품 전문 소매업,G47859,그 외 기타 분류 안된 상품 전문 소매업,41,경기도,41192,부천시 원미구,41192700,상3동,4119210900,상동,4119210900105350001,1,대지,535,1,경기도 부천시 원미구 상동 535-1,411924352296,경기도 부천시 원미구 송내대로265번길,85,,4119510900105350001033756,뱅뱅프라자,경기도 부천시 원미구 송내대로265번길 85,420862,14542,,1,,126.753915656741,37.5073560545962
MA0106202304A0423880,에이치더블유트레이드,,G2,소매,G221,기타 상품 소매,G22199,그 외 기타 상품 전문 소매업,G47859,그 외 기타 분류 안된 상품 전문 소매업,11,서울특별시,11545,금천구,11545510,가산동,1154510100,가산동,1154510100103710028,1,대지,371,28,서울특별시 금천구 가산동 371-28,115453117001,서울특별시 금천구 가산디지털1로,168,,1154510100103710028015795,,서울특별시 금천구 가산디지털1로 168,153786,08507,,,,126.882644342333,37.479965266654
MA0106202304A0424695,드롭스,하남미사점,G2,소매,G221,기타 상품 소매,G22199,그 외 기타 상품 전문 소매업,G47859,그 외 기타 분류 안된 상품 전문 소매업,41,경기도,41450,하남시,41450610,미사1동,4145010900,망월동,4145010900111250000,1,대지,1125,,경기도 하남시 망월동 1125,414503202059,경기도 하남시 미사강변동로,100,1,4145010900111250000000009,미사역파라곤,경기도 하남시 미사강변동로 100-1,465150,12912,,2,,127.193593652775,37.5639644219305
MA0106202304A1950849,누룽지공작소,,G2,소매,G221,기타 상품 소매,G22199,그 외 기타 상품 전문 소매업,G47859,그 외 기타 분류 안된 상품 전문 소매업,41,경기도,41370,오산시,41370510,중앙동,4137010100,오산동,4137010100103270003,1,대지,327,3,경기도 오산시 오산동 327-3,413704394011,경기도 오산시 경기대로333번길,27,,4137010100103270003008211,,경기도 오산시 경기대로333번길 27,447800,18135,,1,,127.070425564318,37.1543959515984
MA0106202304A0127254,미인은,,G2,소매,G221,기타 상품 소매,G22199,그 외 기타 상품 전문 소매업,G47859,그 외 기타 분류 안된 상품 전문 소매업,11,서울특별시,11440,마포구,11440660,서교동,1144012100,동교동,1144012100101540019,1,대지,154,19,서울특별시 마포구 동교동 154-19,114404139425,서울특별시 마포구 양화로19길,16,,1144012100101540019011699,,서울특별시 마포구 양화로19길 16,121816,03994,,2,,126.924182313452,37.5582693523586
MA0106202301A2062186,마마꼬밥김밥&갈비김치찜,,G2,소매,G221,기타 상품 소매,G22199,그 외 기타 상품 전문 소매업,G47859,그 외 기타 분류 안된 상품 전문 소매업,11,서울특별시,11680,강남구,11680610,대치2동,1168010600,대치동,1168010600103160000,1,대지,316,,서울특별시 강남구 대치동 316,116803122005,서울특별시 강남구 삼성로,212,3,,,서울특별시 강남구 삼성로 212-3,135778,06284,,1,,127.062738606127,37.4958015583428
MA0106202304A1978086,손수담,,G2,소매,G221,기타 상품 소매,G22199,그 외 기타 상품 전문 소매업,G47859,그 외 기타 분류 안된 상품 전문 소매업,27,대구광역시,27290,달서구,27290615,진천동,2729012300,대곡동,2729012300100190065,1,대지,19,65,대구광역시 달서구 대곡동 19-65,272903147007,대구광역시 달서구 명천로,43,,2729012300101540012000001,,대구광역시 달서구 명천로 43,704838,42768,,1,,128.512451086016,35.8056691745442
MA0106202304A1510155,비앤비푸드시스템,,G2,소매,G221,기타 상품 소매,G22199,그 외 기타 상품 전문 소매업,G47859,그 외 기타 분류 안된 상품 전문 소매업,47,경상북도,47170,안동시,47170330,서후면,4717033029,서후면,4717033029104000010,1,대지,400,10,경상북도 안동시 서후면 명리 400-10,471704721374,경상북도 안동시 서후면 명리옹기마길,11,1,4717033029104000010000001,,경상북도 안동시 서후면 명리옹기마길 11-1,760822,36616,,,,128.650684349969,36.5906639179684
MA0106202304A1440116,금화로또마트,,G2,소매,G221,기타 상품 소매,G22199,그 외 기타 상품 전문 소매업,G47859,그 외 기타 분류 안된 상품 전문 소매업,30,대전광역시,30110,동구,30110630,가양2동,3011011400,가양동,3011011400100380030,1,대지,38,30,대전광역시 동구 가양동 38-30,301103164031,대전광역시 동구 흥룡로,39,,3011011400100380030004910,,대전광역시 동구 흥룡로 39,300801,34532,,1,,127.447982463145,36.3493005232895
MA0106202304A0027382,삼흥테크툴,,G2,소매,G221,기타 상품 소매,G22199,그 외 기타 상품 전문 소매업,G47859,그 외 기타 분류 안된 상품 전문 소매업,11,서울특별시,11710,송파구,11710642,문정2동,1171010800,문정동,1171010800102910000,1,대지,291,,서울특별시 송파구 문정동 291,117103123017,서울특별시 송파구 충민로,10,,1171010800104090003000001,가든파이브툴,서울특별시 송파구 충민로 10,138962,05840,,2,,127.119105944117,37.4786210121534
MA0106202304A0056813,오투컴퍼니,,G2,소매,G221,기타 상품 소매,G22199,그 외 기타 상품 전문 소매업,G47859,그 외 기타 분류 안된 상품 전문 소매업,11,서울특별시,11500,강서구,11500611,발산1동,1150010500,마곡동,1150010500107990011,1,대지,799,11,서울특별시 강서구 마곡동 799-11,115003155053,서울특별시 강서구 마곡중앙4로,22,,1150010500107990011000001,,서울특별시 강서구 마곡중앙4로 22,157210,07631,,,,126.829282912442,37.558278394502
MA0106202304A1994764,현대그린푸드현대미포울산,,G2,소매,G221,기타 상품 소매,G22199,그 외 기타 상품 전문 소매업,G47859,그 외 기타 분류 안된 상품 전문 소매업,31,울산광역시,31170,동구,31170510,방어동,3117010100,방어동,3117010100113810000,1,대지,1381,,울산광역시 동구 방어동 1381,311702011001,울산광역시 동구 방어진순환도로,100,,3117010100107410003012165,,울산광역시 동구 방어진순환도로 100,682712,44113,,,,129.408824544423,35.4931116343979
MA0106202306A2434482,오늘하루,,G2,소매,G221,기타 상품 소매,G22199,그 외 기타 상품 전문 소매업,G47859,그 외 기타 분류 안된 상품 전문 소매업,41,경기도,41590,화성시,41590262,남양읍,4159026221,남양읍,4159026221120120014,1,대지,2012,14,경기도 화성시 남양읍 남양리 2012-14,415904430955,경기도 화성시 남양읍 역골로49번길,27,,4159026221120120014000001,,경기도 화성시 남양읍 역골로49번길 27,445851,18271,,1,,126.824997055064,37.2020345308702
MA0106202303A0329694,한성유통,,G2,소매,G221,기타 상품 소매,G22199,그 외 기타 상품 전문 소매업,G47859,그 외 기타 분류 안된 상품 전문 소매업,41,경기도,41271,안산시 상록구,41271515,이동,4127110200,이동,4127110200106850002,1,대지,685,2,경기도 안산시 상록구 이동 685-2,412714370195,경기도 안산시 상록구 삼태기2길,4,8,4127110200106850002000001,,경기도 안산시 상록구 삼태기2길 4-8,426862,15496,,,,126.844503468305,37.30790722112
MA0106202303A0272234,휴세코,판교지점,G2,소매,G221,기타 상품 소매,G22199,그 외 기타 상품 전문 소매업,G47859,그 외 기타 분류 안된 상품 전문 소매업,41,경기도,41135,성남시 분당구,41135655,삼평동,4113510900,삼평동,4113510900107020000,1,대지,702,,경기도 성남시 분당구 삼평동 702,411353180051,경기도 성남시 분당구 판교로,333,,4113510900107020000000001,,경기도 성남시 분당구 판교로 333,463400,13488,,,,127.111320177269,37.404961652342
MA0106202302A0731144,러브티켓,,G2,소매,G221,기타 상품 소매,G22199,그 외 기타 상품 전문 소매업,G47859,그 외 기타 분류 안된 상품 전문 소매업,41,경기도,41285,고양시 일산동구,41285590,장항2동,4128510400,장항동,4128510400107610000,1,대지,761,,경기도 고양시 일산동구 장항동 761,412853193011,경기도 고양시 일산동구 무궁화로,20,11,4128510400107610001009215,일산라페스타제에프동,경기도 고양시 일산동구 무궁화로 20-11,410837,10401,,1,,126.767550758162,37.6618315958144
MA0106202302A0246735,행복,,G2,소매,G221,기타 상품 소매,G22199,그 외 기타 상품 전문 소매업,G47859,그 외 기타 분류 안된 상품 전문 소매업,41,경기도,41650,포천시,41650310,군내면,4165031028,군내면,4165031028105220001,1,대지,522,1,경기도 포천시 군내면 하성북리 522-1,416503213042,경기도 포천시 군내면 청성로,5,,4165031028105200003036741,노인복지관,경기도 포천시 군내면 청성로 5,487878,11151,,1,,127.212801234311,37.9048128591775
MA0106202303A2162936,디저트콩콩,,G2,소매,G221,기타 상품 소매,G22199,그 외 기타 상품 전문 소매업,G47859,그 외 기타 분류 안된 상품 전문 소매업,11,서울특별시,11410,서대문구,11410720,북가좌2동,1141011900,북가좌동,1141011900104490000,1,대지,449,,서울특별시 서대문구 북가좌동 449,114104136027,서울특별시 서대문구 거북골로14길,5,,1141011900104490000002122,북가좌삼호아파트,서울특별시 서대문구 거북골로14길 5,120766,03690,,,,126.91344422229,37.5757052437302
MA0106202303A2194925,쉬움;PLANNING,,G2,소매,G221,기타 상품 소매,G22199,그 외 기타 상품 전문 소매업,G47859,그 외 기타 분류 안된 상품 전문 소매업,41,경기도,41285,고양시 일산동구,41285590,장항2동,4128510400,장항동,4128510400107440000,1,대지,744,,경기도 고양시 일산동구 장항동 744,412853012034,경기도 고양시 일산동구 고봉로,20,32,4128510400107440001009282,코오롱레이크폴리스III,경기도 고양시 일산동구 고봉로 20-32,410837,10364,,8,,126.765349162889,37.6627552455079
MA0106202303A1727434,승리상회/한방통닭바베큐,,G2,소매,G221,기타 상품 소매,G22199,그 외 기타 상품 전문 소매업,G47859,그 외 기타 분류 안된 상품 전문 소매업,28,인천광역시,28260,서구,28260720,오류왕길동,2826012000,왕길동,2826012000106380004,1,대지,638,4,인천광역시 서구 왕길동 638-4,282603156068,인천광역시 서구 완정로,179,,2826012000106380005025714,제이원검단메디컬프라자,인천광역시 서구 완정로 179,404290,22616,,,,126.656519366212,37.6022759379116
MA0106202303A0418621,한아하다,,G2,소매,G221,기타 상품 소매,G22199,그 외 기타 상품 전문 소매업,G47859,그 외 기타 분류 안된 상품 전문 소매업,29,광주광역시,29110,동구,29110590,산수1동,2911011000,산수동,2911011000105580051,1,대지,558,51,광주광역시 동구 산수동 558-51,291104277256,광주광역시 동구 필문대로206번길,12,1,2911011000105580051022229,,광주광역시 동구 필문대로206번길 12-1,501819,61433,,1,,126.929629782467,35.1528533304962
MA0106202303A2324727,온수움,,G2,소매,G221,기타 상품 소매,G22199,그 외 기타 상품 전문 소매업,G47859,그 외 기타 분류 안된 상품 전문 소매업,11,서울특별시,11710,송파구,11710642,문정2동,1171010800,문정동,1171010800106510015,1,대지,651,15,서울특별시 송파구 문정동 651-15,117103350849,서울특별시 송파구 법원로,90,,1171010800103220000000001,파트너스,서울특별시 송파구 법원로 90,138888,05855,,,,127.121352168955,37.4833760514064
MA0106202303A1002153,마이산진안촌,,G2,소매,G221,기타 상품 소매,G22199,그 외 기타 상품 전문 소매업,G47859,그 외 기타 분류 안된 상품 전문 소매업,52,전북특별자치도,52113,전주시 덕진구,52113560,인후3동,5211310300,인후동1가,5211310300108560001,1,대지,856,1,전북특별자치도 전주시 덕진구 인후동1가 856-1,521134601083,전북특별자치도 전주시 덕진구 동가재미1길,24,,4511310300108560001030331,,전북특별자치도 전주시 덕진구 동가재미1길 24,561834,55018,,,,127.163799936097,35.8323948834986
MA0106202304A1104205,마켓포유,,G2,소매,G221,기타 상품 소매,G22199,그 외 기타 상품 전문 소매업,G47859,그 외 기타 분류 안된 상품 전문 소매업,41,경기도,41360,남양주시,41360253,진접읍,4136025328,진접읍,4136025328105700004,1,대지,570,4,경기도 남양주시 진접읍 금곡리 570-4,413603197048,경기도 남양주시 진접읍 주곡로,154,9,4136025328105700004000001,,경기도 남양주시 진접읍 주곡로 154-9,472861,12051,,,,127.208845214318,37.7277730442614
MA0106202303A1999835,온당,,G2,소매,G221,기타 상품 소매,G22199,그 외 기타 상품 전문 소매업,G47859,그 외 기타 분류 안된 상품 전문 소매업,11,서울특별시,11290,성북구,11290715,월곡1동,1129013600,하월곡동,1129013600100810115,1,대지,81,115,서울특별시 성북구 하월곡동 81-115,112904121434,서울특별시 성북구 오패산로13길,10,,1129013600100810115017958,,서울특별시 성북구 오패산로13길 10,136872,02737,,1,,127.035900810651,37.6072301998431
MA0106202304A0960287,사생활대전,문지점,G2,소매,G221,기타 상품 소매,G22199,그 외 기타 상품 전문 소매업,G47859,그 외 기타 분류 안된 상품 전문 소매업,30,대전광역시,30200,유성구,30200570,전민동,3020014000,문지동,3020014000106530004,1,대지,653,4,대전광역시 유성구 문지동 653-4,302004853972,대전광역시 유성구 문지로299번길,12,,3020014000106530004000001,,대전광역시 유성구 문지로299번길 12,305812,34050,,,,127.406324554694,36.3933815172611
MA0106202304A1666333,풍선향기,,G2,소매,G221,기타 상품 소매,G22199,그 외 기타 상품 전문 소매업,G47859,그 외 기타 분류 안된 상품 전문 소매업,41,경기도,41390,시흥시,41390510,대야동,4139010100,대야동,4139010100105470000,1,대지,547,,경기도 시흥시 대야동 547,413904397301,경기도 시흥시 비둘기공원7길,47,,4139010100105470000003907,청구2차,경기도 시흥시 비둘기공원7길 47,429874,14912,,,,126.792460319063,37.4419357609117
MA0106202304A0648638,봄방학프로젝트,,G2,소매,G221,기타 상품 소매,G22199,그 외 기타 상품 전문 소매업,G47859,그 외 기타 분류 안된 상품 전문 소매업,11,서울특별시,11320,도봉구,11320700,방학2동,1132010600,방학동,1132010600106040013,1,대지,604,13,서울특별시 도봉구 방학동 604-13,113204127243,서울특별시 도봉구 시루봉로15길,16,,1132010600106040013001425,,서울특별시 도봉구 시루봉로15길 16,132838,01314,,1,,127.032835771284,37.6680025328111
MA0106202304A2118947,엔지니어스,,G2,소매,G221,기타 상품 소매,G22199,그 외 기타 상품 전문 소매업,G47859,그 외 기타 분류 안된 상품 전문 소매업,30,대전광역시,30230,대덕구,30230570,덕암동,3023011500,덕암동,3023011500100480024,1,대지,48,24,대전광역시 대덕구 덕암동 48-24,302304304164,대전광역시 대덕구 덕암로234번길,42,,3023011500100480024016819,,대전광역시 대덕구 덕암로234번길 42,306804,34331,,2,,127.426478329281,36.4404601268633
MA0106202304A2126164,두원수지베이비,,G2,소매,G221,기타 상품 소매,G22199,그 외 기타 상품 전문 소매업,G47859,그 외 기타 분류 안된 상품 전문 소매업,44,충청남도,44250,계룡시,44250315,엄사면,4425031523,엄사면,4425031523101560000,1,대지,156,,충청남도 계룡시 엄사면 광석리 156,442504857415,충청남도 계룡시 엄사면 나분들1길,18,,4425031523101560000000002,,충청남도 계룡시 엄사면 나분들1길 18,321932,32818,,1,,127.224712187776,36.264586703845
MA0106202304A1346484,정스포츠,,G2,소매,G221,기타 상품 소매,G22199,그 외 기타 상품 전문 소매업,G47859,그 외 기타 분류 안된 상품 전문 소매업,11,서울특별시,11500,강서구,11500620,공항동,1150010800,공항동,1150010800113730005,1,대지,1373,5,서울특별시 강서구 공항동 1373-5,115004145490,서울특별시 강서구 하늘길,233,,1150010800101500000029305,,서울특별시 강서구 하늘길 233,157240,07505,,1,,126.81342732556,37.5535061534408
MA0106202301A1821816,명진상사,,G2,소매,G221,기타 상품 소매,G22199,그 외 기타 상품 전문 소매업,G47859,그 외 기타 분류 안된 상품 전문 소매업,48,경상남도,48310,거제시,48310590,상문동,4831011000,상동동,4831011000107350000,1,대지,735,,경상남도 거제시 상동동 735,483104811296,경상남도 거제시 상동7길,30,,,,경상남도 거제시 상동7길 30,656777,53293,,,,128.629601972855,34.868500079948
MA0106202304A1984518,병천반찬,,G2,소매,G221,기타 상품 소매,G22199,그 외 기타 상품 전문 소매업,G47859,그 외 기타 분류 안된 상품 전문 소매업,47,경상북도,47111,포항시 남구,47111256,오천읍,4711125629,오천읍,4711125629108260014,1,대지,826,14,경상북도 포항시 남구 오천읍 세계리 826-14,471114709436,경상북도 포항시 남구 오천읍 장기로1690번길,9,3,4711125629108260014055751,,경상북도 포항시 남구 오천읍 장기로1690번길 9-3,790906,37910,,1,,129.417502582354,35.9662603654573
MA0106202304A2279449,디스틸링,,G2,소매,G221,기타 상품 소매,G22199,그 외 기타 상품 전문 소매업,G47859,그 외 기타 분류 안된 상품 전문 소매업,41,경기도,41117,수원시 영통구,41117585,영통3동,4111710500,영통동,4111710500110340011,1,대지,1034,11,경기도 수원시 영통구 영통동 1034-11,411174331181,경기도 수원시 영통구 청명북로7번길,1,,4111710500110340011001014,,경기도 수원시 영통구 청명북로7번길 1,443470,16705,,,,127.078959188401,37.2522987959788
MA0106202304A0819325,이든아이교육사,,G2,소매,G221,기타 상품 소매,G22199,그 외 기타 상품 전문 소매업,G47859,그 외 기타 분류 안된 상품 전문 소매업,48,경상남도,48310,거제시,48310360,사등면,4831036021,사등면,4831036021100750000,1,대지,75,,경상남도 거제시 사등면 사곡리 75,483104811239,경상남도 거제시 사등면 모래실2길,4,,4831036021100750000000001,,경상남도 거제시 사등면 모래실2길 4,656882,53278,,1,,128.576237629105,34.9045880216254
MA0106202304A0955033,프레그온양,온천점,G2,소매,G221,기타 상품 소매,G22199,그 외 기타 상품 전문 소매업,G47859,그 외 기타 분류 안된 상품 전문 소매업,44,충청남도,44200,아산시,44200610,온양5동,4420011200,용화동,4420011200115920000,1,대지,1592,,충청남도 아산시 용화동 1592,442004559648,충청남도 아산시 용화고길79번길,36,,4420011200115920000000001,,충청남도 아산시 용화고길79번길 36,336050,31578,,,,127.01270237647,36.7738147118908
MA0106202304A1090875,삼정유통,,G2,소매,G221,기타 상품 소매,G22199,그 외 기타 상품 전문 소매업,G47859,그 외 기타 분류 안된 상품 전문 소매업,26,부산광역시,26710,기장군,26710330,철마면,2671033024,철마면,2671033024103630012,1,대지,363,12,부산광역시 기장군 철마면 송정리 363-12,267103000045,부산광역시 기장군 철마면 철마삼동로,58,,2671033024103630012000001,,부산광역시 기장군 철마면 철마삼동로 58,619873,46002,,1,,129.114926837731,35.3097671778161
MA0106202304A1044339,코르크와인,,G2,소매,G221,기타 상품 소매,G22199,그 외 기타 상품 전문 소매업,G47859,그 외 기타 분류 안된 상품 전문 소매업,11,서울특별시,11650,서초구,11650560,반포1동,1165010700,반포동,1165010700107340022,1,대지,734,22,서울특별시 서초구 반포동 734-22,116504163334,서울특별시 서초구 사평대로53길,36,,1165010700107340029025313,,서울특별시 서초구 사평대로53길 36,137810,06540,,1,,127.021386955428,37.5059886390074
MA0106202304A0426775,마르코웤스,,G2,소매,G221,기타 상품 소매,G22199,그 외 기타 상품 전문 소매업,G47859,그 외 기타 분류 안된 상품 전문 소매업,11,서울특별시,11200,성동구,11200690,성수2가3동,1120011500,성수동2가,1120011500102780049,1,대지,278,49,서울특별시 성동구 성수동2가 278-49,112004109388,서울특별시 성동구 아차산로11길,26,,1120011500102780049004294,우성강업,서울특별시 성동구 아차산로11길 26,133832,04796,,1,,127.060132561405,37.5457905498106
MA0106202304A1965141,해피아울렛,,G2,소매,G221,기타 상품 소매,G22199,그 외 기타 상품 전문 소매업,G47859,그 외 기타 분류 안된 상품 전문 소매업,48,경상남도,48310,거제시,48310600,수양동,4831011300,양정동,4831011300109900006,1,대지,990,6,경상남도 거제시 양정동 990-6,483103337066,경상남도 거제시 수양로,472,,4831011300109660014000001,,경상남도 거제시 수양로 472,656807,53236,,1,,128.63925805136,34.892190890379
MA0106202304A1459191,다온상사,,G2,소매,G221,기타 상품 소매,G22199,그 외 기타 상품 전문 소매업,G47859,그 외 기타 분류 안된 상품 전문 소매업,27,대구광역시,27170,서구,27170610,비산7동,2717010200,비산동,2717010200117850000,1,대지,1785,,대구광역시 서구 비산동 1785,271704229269,대구광역시 서구 염색공단천로3길,15,9,2717010200117850000029625,,대구광역시 서구 염색공단천로3길 15-9,703825,41702,,,,128.553034057879,35.8905087565108
MA0106202305A0664492,나린매점,,G2,소매,G221,기타 상품 소매,G22199,그 외 기타 상품 전문 소매업,G47859,그 외 기타 분류 안된 상품 전문 소매업,41,경기도,41390,시흥시,41390591,정왕1동,4139013200,정왕동,4139013200112860000,1,대지,1286,,경기도 시흥시 정왕동 1286,413904397023,경기도 시흥시 공단1대로322번길,53,,4139013200112860000015958,,경기도 시흥시 공단1대로322번길 53,429850,15107,,1,,126.731915383744,37.3273392066658
MA0106202306A1025548,허그파파,,G2,소매,G221,기타 상품 소매,G22199,그 외 기타 상품 전문 소매업,G47859,그 외 기타 분류 안된 상품 전문 소매업,41,경기도,41135,성남시 분당구,41135650,판교동,4113510800,판교동,4113510800104970000,1,대지,497,,경기도 성남시 분당구 판교동 497,411353180044,경기도 성남시 분당구 서판교로,160,,4113510800104970000000001,,경기도 성남시 분당구 서판교로 160,463410,13473,,,,127.094801457462,37.4002547024202
MA0106202306A1650554,창영비스네스폼,,G2,소매,G221,기타 상품 소매,G22199,그 외 기타 상품 전문 소매업,G47859,그 외 기타 분류 안된 상품 전문 소매업,41,경기도,41500,이천시,41500340,마장면,4150034025,마장면,4150034025102970000,1,대지,297,,경기도 이천시 마장면 장암리 297,415004421386,경기도 이천시 마장면 서이천로602번길,41,,4150034025102970000000001,,경기도 이천시 마장면 서이천로602번길 41,467811,17383,,,,127.399856431833,37.2758067585089
MA0106202306A0420505,신일과학기기,,G2,소매,G221,기타 상품 소매,G22199,그 외 기타 상품 전문 소매업,G47859,그 외 기타 분류 안된 상품 전문 소매업,30,대전광역시,30230,대덕구,30230520,대화동,3023010200,대화동,3023010200106110000,1,대지,611,,대전광역시 대덕구 대화동 611,302303168004,대전광역시 대덕구 대화로,120,,3023010200102900019010461,가온비즈타워,대전광역시 대덕구 대화로 120,306800,34366,,,,127.407232883053,36.3666407207014
MA0106202303A2214898,컴바이,,G2,소매,G221,기타 상품 소매,G22199,그 외 기타 상품 전문 소매업,G47859,그 외 기타 분류 안된 상품 전문 소매업,11,서울특별시,11200,성동구,11200560,행당1동,1120010700,행당동,1120010700101680151,1,대지,168,151,서울특별시 성동구 행당동 168-151,112003103005,서울특별시 성동구 왕십리광장로,17,,1120010700101680001017508,,서울특별시 성동구 왕십리광장로 17,133866,04750,,4,,127.038391477602,37.5614409428511
MA0106202303A0330546,우진,코리아,G2,소매,G221,기타 상품 소매,G22199,그 외 기타 상품 전문 소매업,G47859,그 외 기타 분류 안된 상품 전문 소매업,51,강원특별자치도,51110,춘천시,51110660,퇴계동,5111012300,퇴계동,5111012300108580002,1,대지,858,2,강원특별자치도 춘천시 퇴계동 858-2,511103218041,강원특별자치도 춘천시 퇴계농공로,87,,4211012300108580002000299,,강원특별자치도 춘천시 퇴계농공로 87,200944,24427,,5,,127.742808170516,37.8452360435496
MA0106202303A1888525,고려유통,,G2,소매,G221,기타 상품 소매,G22199,그 외 기타 상품 전문 소매업,G47859,그 외 기타 분류 안된 상품 전문 소매업,31,울산광역시,31170,동구,31170510,방어동,3117010100,방어동,3117010100110130014,1,대지,1013,14,울산광역시 동구 방어동 1013-14,311704313264,울산광역시 동구 화잠6길,13,,3117010100110130014000001,,울산광역시 동구 화잠6길 13,682830,44105,,,,129.410096897845,35.4811202852741
MA0106202303A0781184,코코아누리원주점,,G2,소매,G221,기타 상품 소매,G22199,그 외 기타 상품 전문 소매업,G47859,그 외 기타 분류 안된 상품 전문 소매업,51,강원특별자치도,51130,원주시,51130541,명륜1동,5113010600,명륜동,5113010600103080014,1,대지,308,14,강원특별자치도 원주시 명륜동 308-14,511303219022,강원특별자치도 원주시 무실로,181,,4213010600103080014000083,,강원특별자치도 원주시 무실로 181,220947,26447,,,,127.939591115859,37.3406437749385
MA0106202303A0950619,비엠케이BATHMASTERKITCHEN,,G2,소매,G221,기타 상품 소매,G22199,그 외 기타 상품 전문 소매업,G47859,그 외 기타 분류 안된 상품 전문 소매업,11,서울특별시,11710,송파구,11710650,잠실본동,1171010100,잠실동,1171010100101920002,1,대지,192,2,서울특별시 송파구 잠실동 192-2,117104169204,서울특별시 송파구 백제고분로7길,16,9,1171010100101920002001836,한신빌딩,서울특별시 송파구 백제고분로7길 16-9,138862,05561,,5,,127.080915264701,37.5101525336805
MA0106202303A1654637,도깨비푸드,,G2,소매,G221,기타 상품 소매,G22199,그 외 기타 상품 전문 소매업,G47859,그 외 기타 분류 안된 상품 전문 소매업,41,경기도,41590,화성시,41590560,기배동,4159012300,배양동,4159012300100690424,1,대지,69,424,경기도 화성시 배양동 69-424,415904431063,경기도 화성시 융건로106번길,47,,4159012300000690424012038,,경기도 화성시 융건로106번길 47,445350,18344,,,,126.992879434879,37.2179229501719
MA0106202303A2134364,땅스부대찌개덕계점,,G2,소매,G221,기타 상품 소매,G22199,그 외 기타 상품 전문 소매업,G47859,그 외 기타 분류 안된 상품 전문 소매업,41,경기도,41630,양주시,41630540,회천2동,4163011600,덕계동,4163011600104210002,1,대지,421,2,경기도 양주시 덕계동 421-2,416303215066,경기도 양주시 평화로,1432,,4163011600104210002018313,,경기도 양주시 평화로 1432,482050,11444,,1,,127.046360880353,37.8186039377559
MA0106202304A1206542,동서종합유통,,G2,소매,G221,기타 상품 소매,G22199,그 외 기타 상품 전문 소매업,G47859,그 외 기타 분류 안된 상품 전문 소매업,29,광주광역시,29170,북구,29170696,양산동,2917012800,양산동,2917012800102600008,1,대지,260,8,광주광역시 북구 양산동 260-8,291704286818,광주광역시 북구 효열로35번길,19,,2917012800102600008000001,,광주광역시 북구 효열로35번길 19,500887,61074,,1,,126.872824820659,35.2089705019272
MA0106202304A0876416,제이원,,G2,소매,G221,기타 상품 소매,G22199,그 외 기타 상품 전문 소매업,G47859,그 외 기타 분류 안된 상품 전문 소매업,48,경상남도,48250,김해시,48250565,칠산서부동,4825011000,흥동,4825011000109170001,1,대지,917,1,경상남도 김해시 흥동 917-1,482504805798,경상남도 김해시 칠산로459번길,3,,4825011000109170001000001,,경상남도 김해시 칠산로459번길 3,621120,51006,,1,,128.852538293901,35.2126897674444
MA0106202304A2027674,클라베파트너스,,G2,소매,G221,기타 상품 소매,G22199,그 외 기타 상품 전문 소매업,G47859,그 외 기타 분류 안된 상품 전문 소매업,11,서울특별시,11530,구로구,11530800,항동,1153011200,항동,1153011200102460001,1,대지,246,1,서울특별시 구로구 항동 246-1,115303185018,서울특별시 구로구 부광로,88,,1153011200200510001000002,,서울특별시 구로구 부광로 88,152140,08362,,2,,126.816839183281,37.4772326174633
MA0106202304A1626406,아지트전자담배,,G2,소매,G221,기타 상품 소매,G22199,그 외 기타 상품 전문 소매업,G47859,그 외 기타 분류 안된 상품 전문 소매업,52,전북특별자치도,52111,전주시 완산구,52111714,효자4동,5211114100,효자동2가,5211114100112560004,1,대지,1256,4,전북특별자치도 전주시 완산구 효자동2가 1256-4,521113266055,전북특별자치도 전주시 완산구 우전로,204,,4511114100105990001000001,,전북특별자치도 전주시 완산구 우전로 204,560800,55061,,1,,127.102039930054,35.8127346045207
MA0106202304A2184210,시공매트,,G2,소매,G221,기타 상품 소매,G22199,그 외 기타 상품 전문 소매업,G47859,그 외 기타 분류 안된 상품 전문 소매업,41,경기도,41220,평택시,41220250,팽성읍,4122025040,팽성읍,4122025040101190003,1,대지,119,3,경기도 평택시 팽성읍 대사리 119-3,412203188010,경기도 평택시 팽성읍 대사로,95,,4122025040101190004226570,,경기도 평택시 팽성읍 대사로 95,451803,17997,,,,127.063552501687,36.9448188740133
MA0106202304A1076853,예지유지,,G2,소매,G221,기타 상품 소매,G22199,그 외 기타 상품 전문 소매업,G47859,그 외 기타 분류 안된 상품 전문 소매업,27,대구광역시,27230,북구,27230610,산격1동,2723011100,산격동,2723011100111240011,1,대지,1124,11,대구광역시 북구 산격동 1124-11,272304235251,대구광역시 북구 연암공원로10길,8,1,2723011100111240011033825,,대구광역시 북구 연암공원로10길 8-1,702873,41541,,,,128.599446707771,35.8943691573582
MA0106202304A0640069,얼음&과자탄현점,,G2,소매,G221,기타 상품 소매,G22199,그 외 기타 상품 전문 소매업,G47859,그 외 기타 분류 안된 상품 전문 소매업,41,경기도,41287,고양시 일산서구,41287545,탄현1동,4128710300,탄현동,4128710300114790000,1,대지,1479,,경기도 고양시 일산서구 탄현동 1479,412873194024,경기도 고양시 일산서구 현중로,62,,4128710300114790000007079,탄현마을현대6단지,경기도 고양시 일산서구 현중로 62,411756,10240,,,,126.767364344745,37.6961314165661
MA0106202301A1912920,광명벤딩,,G2,소매,G221,기타 상품 소매,G22199,그 외 기타 상품 전문 소매업,G47859,그 외 기타 분류 안된 상품 전문 소매업,48,경상남도,48330,양산시,48330510,중앙동,4833010100,다방동,4833010100105250009,1,대지,525,9,경상남도 양산시 다방동 525-9,483303338098,경상남도 양산시 중앙로,35,,,,경상남도 양산시 중앙로 35,626020,50623,,,,129.038532857707,35.3342841359594
MA0106202304A1240822,숲에서,,G2,소매,G221,기타 상품 소매,G22199,그 외 기타 상품 전문 소매업,G47859,그 외 기타 분류 안된 상품 전문 소매업,29,광주광역시,29170,북구,29170602,운암2동,2917010900,운암동,2917010900104420001,1,대지,442,1,광주광역시 북구 운암동 442-1,291703162007,광주광역시 북구 대자로,48,1,2917010900104420001018268,,광주광역시 북구 대자로 48-1,500854,61262,,2,,126.877853324297,35.1732189535743
MA0106202304A0052525,아이스24,동탄점,G2,소매,G221,기타 상품 소매,G22199,그 외 기타 상품 전문 소매업,G47859,그 외 기타 분류 안된 상품 전문 소매업,41,경기도,41590,화성시,41590587,동탄3동,4159011800,능동,4159011800111310000,1,대지,1131,,경기도 화성시 능동 1131,415903210145,경기도 화성시 동탄숲속로,66,,4159011800111310000000021,동탄숲속마을자연앤데시앙아파트,경기도 화성시 동탄숲속로 66,445792,18430,,1,,127.054726547151,37.2080079836602
MA0106202304A0546407,오뚜기식품,,G2,소매,G221,기타 상품 소매,G22199,그 외 기타 상품 전문 소매업,G47859,그 외 기타 분류 안된 상품 전문 소매업,11,서울특별시,11200,성동구,11200690,성수2가3동,1120011500,성수동2가,1120011500102780051,1,대지,278,51,서울특별시 성동구 성수동2가 278-51,112004109388,서울특별시 성동구 아차산로11길,27,,1120011500102780051005084,윈스타워,서울특별시 성동구 아차산로11길 27,133832,04796,,1,,127.059770762908,37.5461781630537
MA0106202304A1436067,마성의반찬,,G2,소매,G221,기타 상품 소매,G22199,그 외 기타 상품 전문 소매업,G47859,그 외 기타 분류 안된 상품 전문 소매업,48,경상남도,48890,합천군,48890250,합천읍,4889025021,합천읍,4889025021104030025,1,대지,403,25,경상남도 합천군 합천읍 합천리 403-25,488903348043,경상남도 합천군 합천읍 대야로,886,1,4889025021104030025002801,,경상남도 합천군 합천읍 대야로 886-1,678801,50231,,1,,128.163370801684,35.5674327340813
MA0106202304A2343481,커피위드,,G2,소매,G221,기타 상품 소매,G22199,그 외 기타 상품 전문 소매업,G47859,그 외 기타 분류 안된 상품 전문 소매업,48,경상남도,48250,김해시,48250320,주촌면,4825032027,주촌면,4825032027109060001,1,대지,906,1,경상남도 김해시 주촌면 망덕리 906-1,482504805933,경상남도 김해시 주촌면 골든루트로129번길,149,,4825032027109060001000001,,경상남도 김해시 주촌면 골든루트로129번길 149,621844,50969,,1,,128.822494360919,35.2220136698482
MA0106202304A2116454,세광피앤제이,,G2,소매,G221,기타 상품 소매,G22199,그 외 기타 상품 전문 소매업,G47859,그 외 기타 분류 안된 상품 전문 소매업,41,경기도,41390,시흥시,41390589,정왕본동,4139013200,정왕동,4139013200112050000,1,대지,1205,,경기도 시흥시 정왕동 1205,413904397051,경기도 시흥시 군서로46번길,8,1,4139013200112050000015021,정왕빌딩,경기도 시흥시 군서로46번길 8-1,429455,15052,,5,,126.747918102134,37.3465753036607
MA0106202306A0075532,승원캐터링,,G2,소매,G221,기타 상품 소매,G22199,그 외 기타 상품 전문 소매업,G47859,그 외 기타 분류 안된 상품 전문 소매업,11,서울특별시,11680,강남구,11680510,신사동,1168010700,신사동,1168010700105660018,1,대지,566,18,서울특별시 강남구 신사동 566-18,116804166149,서울특별시 강남구 논현로157길,18,,1168010700105660018010886,남경빌딩,서울특별시 강남구 논현로157길 18,135891,06032,,,,127.026663230292,37.5225119778103
MA0106202305A1565280,옻과나무,,G2,소매,G221,기타 상품 소매,G22199,그 외 기타 상품 전문 소매업,G47859,그 외 기타 분류 안된 상품 전문 소매업,47,경상북도,47290,경산시,47290250,하양읍,4729025031,하양읍,4729025031100330000,1,대지,33,,경상북도 경산시 하양읍 부호리 33,472904739001,경상북도 경산시 하양읍 가마실길,50,,4729025031100320000027480,경일대학교,경상북도 경산시 하양읍 가마실길 50,712701,38428,,,,128.802048282539,35.9110624182347
MA0106202306A0064168,달콤하지롱,,G2,소매,G221,기타 상품 소매,G22199,그 외 기타 상품 전문 소매업,G47859,그 외 기타 분류 안된 상품 전문 소매업,28,인천광역시,28260,서구,28260680,검단동,2826011300,마전동,2826011300109180004,1,대지,918,4,인천광역시 서구 마전동 918-4,282604268536,인천광역시 서구 완정로178번길,40,,2826011300106900005029886,,인천광역시 서구 완정로178번길 40,404260,22618,,,,126.659598891857,37.6049157398461
MA0106202306A0425568,차야,,G2,소매,G221,기타 상품 소매,G22199,그 외 기타 상품 전문 소매업,G47859,그 외 기타 분류 안된 상품 전문 소매업,27,대구광역시,27110,중구,27110595,대신동,2711015400,대신동,2711015400101150400,1,대지,115,400,대구광역시 중구 대신동 115-400,271104223142,대구광역시 중구 큰장로26길,6,,2711015400101150400002844,,대구광역시 중구 큰장로26길 6,700320,41928,,1,,128.578469669601,35.8680810403193
MA0106202306A0354532,여성시대,,G2,소매,G221,기타 상품 소매,G22199,그 외 기타 상품 전문 소매업,G47859,그 외 기타 분류 안된 상품 전문 소매업,41,경기도,41570,김포시,41570515,김포본동,4157010100,북변동,4157010100108160000,1,대지,816,,경기도 김포시 북변동 816,415704427276,경기도 김포시 사우중로73번길,43,,4157010100108160000022809,풍년마을동남2단지,경기도 김포시 사우중로73번길 43,415716,10097,,,,126.720549306716,37.622960371767
MA0106202301A1780798,유림유통,,G2,소매,G221,기타 상품 소매,G22199,그 외 기타 상품 전문 소매업,G47859,그 외 기타 분류 안된 상품 전문 소매업,43,충청북도,43113,청주시 흥덕구,43113250,오송읍,4311325030,오송읍,4311325030106240006,1,대지,624,6,충청북도 청주시 흥덕구 오송읍 서평리 624-6,431133258069,충청북도 청주시 흥덕구 오송읍 청연로,990,,,,충청북도 청주시 흥덕구 오송읍 청연로 990,361953,28169,,,,127.316715503448,36.5874282421143
MA0106202303A0763423,해피라이프,,G2,소매,G221,기타 상품 소매,G22199,그 외 기타 상품 전문 소매업,G47859,그 외 기타 분류 안된 상품 전문 소매업,41,경기도,41430,의왕시,41430520,부곡동,4143010300,삼동,4143010300101600004,1,대지,160,4,경기도 의왕시 삼동 160-4,414304403075,경기도 의왕시 부곡중앙남1길,21,,4143010300101600004010500,성도빌딩,경기도 의왕시 부곡중앙남1길 21,437813,16095,,2,,126.950393931044,37.3190817043726
MA0106202303A0996776,바른생활,,G2,소매,G221,기타 상품 소매,G22199,그 외 기타 상품 전문 소매업,G47859,그 외 기타 분류 안된 상품 전문 소매업,46,전라남도,46130,여수시,46130535,한려동,4613010300,공화동,4613010300107470000,1,대지,747,,전라남도 여수시 공화동 747,461304646051,전라남도 여수시 공화남2길,7,,4613010300107470000042332,,전라남도 여수시 공화남2길 7,550020,59743,,,,127.743424749539,34.7455196702919
MA0106202303A1928291,모두누리,,G2,소매,G221,기타 상품 소매,G22199,그 외 기타 상품 전문 소매업,G47859,그 외 기타 분류 안된 상품 전문 소매업,28,인천광역시,28237,부평구,28237660,부개2동,2823710700,부개동,2823710700104890000,1,대지,489,,인천광역시 부평구 부개동 489,282374262515,인천광역시 부평구 수변로78번길,10,1,2823710700104890000105525,,인천광역시 부평구 수변로78번길 10-1,403814,21402,,,,126.741636823874,37.4931029878926
MA0106202303A1791201,경남환경교육문화센터,김해지점,G2,소매,G221,기타 상품 소매,G22199,그 외 기타 상품 전문 소매업,G47859,그 외 기타 분류 안된 상품 전문 소매업,48,경상남도,48250,김해시,48250620,장유2동,4825012900,대청동,4825012900108740005,1,대지,874,5,경상남도 김해시 대청동 874-5,482504829300,경상남도 김해시 대청계곡길,24,,4825012900108740005000001,,경상남도 김해시 대청계곡길 24,621280,50995,,,,128.791192749475,35.1859191513807
MA0106202304A0721625,더예쁜눈썹,,G2,소매,G221,기타 상품 소매,G22199,그 외 기타 상품 전문 소매업,G47859,그 외 기타 분류 안된 상품 전문 소매업,41,경기도,41196,부천시 오정구,41196520,원종1동,4119610400,원종동,4119610400102770000,1,대지,277,,경기도 부천시 오정구 원종동 277,411963012096,경기도 부천시 오정구 소사로,776,,4119910400102770000001830,,경기도 부천시 오정구 소사로 776,421819,14420,,,,126.805205452199,37.5252555747417
MA0106202303A0522571,시몬교육,,G2,소매,G221,기타 상품 소매,G22199,그 외 기타 상품 전문 소매업,G47859,그 외 기타 분류 안된 상품 전문 소매업,41,경기도,41570,김포시,41570560,장기동,4157010400,장기동,4157010400120830006,1,대지,2083,6,경기도 김포시 장기동 2083-6,415704427682,경기도 김포시 태장로795번길,23,,4157010400120830006000001,김포마스터비즈파크,경기도 김포시 태장로795번길 23,415060,10090,,6,,126.680907199311,37.6378702002963
MA0106202304A1302065,사소몰,,G2,소매,G221,기타 상품 소매,G22199,그 외 기타 상품 전문 소매업,G47859,그 외 기타 분류 안된 상품 전문 소매업,48,경상남도,48880,거창군,48880320,웅양면,4888032024,웅양면,4888032024102770001,1,대지,277,1,경상남도 거창군 웅양면 군암리 277-1,488803347009,경상남도 거창군 웅양면 웅양로,2135,,4888032024102770001046079,,경상남도 거창군 웅양면 웅양로 2135,670821,50113,,,,127.909913802569,35.8600370188764
MA0106202304A0699231,메미리,,G2,소매,G221,기타 상품 소매,G22199,그 외 기타 상품 전문 소매업,G47859,그 외 기타 분류 안된 상품 전문 소매업,51,강원특별자치도,51760,평창군,51760360,진부면,5176036021,진부면,5176036021101230003,1,대지,123,3,강원특별자치도 평창군 진부면 하진부리 123-3,517603228025,강원특별자치도 평창군 진부면 진부중앙로,34,15,4276036021101230003000001,,강원특별자치도 평창군 진부면 진부중앙로 34-15,232948,25332,,,,128.55748910432,37.6353721128455
MA0106202304A1133858,카페프리헷광주,봉선점,G2,소매,G221,기타 상품 소매,G22199,그 외 기타 상품 전문 소매업,G47859,그 외 기타 분류 안된 상품 전문 소매업,29,광주광역시,29155,남구,29155537,봉선1동,2915511500,봉선동,2915511500110360007,1,대지,1036,7,광주광역시 남구 봉선동 1036-7,291553161007,광주광역시 남구 봉선1로,83,,2915511500110360007005131,,광주광역시 남구 봉선1로 83,503813,61671,,1,,126.914345849947,35.1281641927688
MA0106202304A2267953,엄마반찬,,G2,소매,G221,기타 상품 소매,G22199,그 외 기타 상품 전문 소매업,G47859,그 외 기타 분류 안된 상품 전문 소매업,41,경기도,41113,수원시 권선구,41113662,금곡동,4111313400,금곡동,4111313400102400034,1,대지,240,34,경기도 수원시 권선구 금곡동 240-34,411133175012,경기도 수원시 권선구 금호로,67,,4111313400102400034021685,,경기도 수원시 권선구 금호로 67,441839,16396,,1,,126.95870143527,37.2703207499331
MA0106202304A1381774,마레모헤,,G2,소매,G221,기타 상품 소매,G22199,그 외 기타 상품 전문 소매업,G47859,그 외 기타 분류 안된 상품 전문 소매업,11,서울특별시,11290,성북구,11290575,동선동,1129010900,동소문동6가,1129010900100270015,1,대지,27,15,서울특별시 성북구 동소문동6가 27-15,112904121089,서울특별시 성북구 동소문로15길,25,,1129010900100270015043635,오른쪽문,서울특별시 성북구 동소문로15길 25,136036,02830,,1,,127.013825504222,37.5935217711387
MA0106202304A1694492,화실만두,,G2,소매,G221,기타 상품 소매,G22199,그 외 기타 상품 전문 소매업,G47859,그 외 기타 분류 안된 상품 전문 소매업,51,강원특별자치도,51130,원주시,51130515,중앙동,5113010100,중앙동,5113010100100600056,1,대지,60,56,강원특별자치도 원주시 중앙동 60-56,511304457563,강원특별자치도 원주시 중앙시장길,6,,4213010100100600056000001,,강원특별자치도 원주시 중앙시장길 6,220903,26428,,1,,127.949199371772,37.3500095168672
MA0106202304A1957186,약선예찬망미팥,,G2,소매,G221,기타 상품 소매,G22199,그 외 기타 상품 전문 소매업,G47859,그 외 기타 분류 안된 상품 전문 소매업,26,부산광역시,26500,수영구,26500730,수영동,2650010200,수영동,2650010200104650005,1,대지,465,5,부산광역시 수영구 수영동 465-5,265004214179,부산광역시 수영구 망미번영로60번길,16,,2650010200104650005005011,,부산광역시 수영구 망미번영로60번길 16,613831,48231,,1,,129.110418662958,35.1719983383049
MA0106202304A1594265,명성상회,,G2,소매,G221,기타 상품 소매,G22199,그 외 기타 상품 전문 소매업,G47859,그 외 기타 분류 안된 상품 전문 소매업,46,전라남도,46130,여수시,46130570,중앙동,4613010800,교동,4613010800106770001,1,대지,677,1,전라남도 여수시 교동 677-1,461303282068,전라남도 여수시 이순신광장로,14,,4613010800106770001005582,,전라남도 여수시 이순신광장로 14,550060,59735,,,,127.732088940349,34.7392695570284
MA0106202303A2398080,오로지아뜰리에,,G2,소매,G221,기타 상품 소매,G22199,그 외 기타 상품 전문 소매업,G47859,그 외 기타 분류 안된 상품 전문 소매업,41,경기도,41281,고양시 덕양구,41281621,화정1동,4128112300,화정동,4128112300108800013,1,대지,880,13,경기도 고양시 덕양구 화정동 880-13,412814376196,경기도 고양시 덕양구 은빛로77번길,69,29,4128112300108800013013256,,경기도 고양시 덕양구 은빛로77번길 69-29,412826,10478,,,,126.835659020349,37.638736847503
MA0106202303A1354351,밥테일베이커리,,G2,소매,G221,기타 상품 소매,G22199,그 외 기타 상품 전문 소매업,G47859,그 외 기타 분류 안된 상품 전문 소매업,51,강원특별자치도,51210,속초시,51210570,노학동,5121010600,교동,5121010600106890013,1,대지,689,13,강원특별자치도 속초시 교동 689-13,512102000023,강원특별자치도 속초시 동해대로,4207,,4221010600106890013003753,,강원특별자치도 속초시 동해대로 4207,217803,24855,,1,,128.576966924653,38.1947174095873
MA0106202303A0316720,이삭유통,,G2,소매,G221,기타 상품 소매,G22199,그 외 기타 상품 전문 소매업,G47859,그 외 기타 분류 안된 상품 전문 소매업,41,경기도,41390,시흥시,41390589,정왕본동,4139013300,죽율동,4139013300100300004,1,대지,30,4,경기도 시흥시 죽율동 30-4,413903199028,경기도 시흥시 봉화로,311,,4139013300100300004013717,,경기도 시흥시 봉화로 311,429455,15046,,,,126.762649449993,37.3562918143683
MA0106202303A0108656,드라스타,,G2,소매,G221,기타 상품 소매,G22199,그 외 기타 상품 전문 소매업,G47859,그 외 기타 분류 안된 상품 전문 소매업,41,경기도,41210,광명시,41210631,하안1동,4121010300,하안동,4121010300103030000,1,대지,303,,경기도 광명시 하안동 303,412104361243,경기도 광명시 오리로651번길,8,,4121010300103030000014395,,경기도 광명시 오리로651번길 8,423851,14303,,,,126.875702984281,37.4591898827396
MA0106202304A1909106,밥묵자반찬,,G2,소매,G221,기타 상품 소매,G22199,그 외 기타 상품 전문 소매업,G47859,그 외 기타 분류 안된 상품 전문 소매업,31,울산광역시,31140,남구,31140530,신정3동,3114010400,신정동,3114010400102390002,1,대지,239,2,울산광역시 남구 신정동 239-2,311403170037,울산광역시 남구 신정로,149,,3114010400102390002010467,,울산광역시 남구 신정로 149,680823,44684,,1,,129.318148099189,35.5448257413756
MA0106202303A0135905,대일비앤피,,G2,소매,G221,기타 상품 소매,G22199,그 외 기타 상품 전문 소매업,G47859,그 외 기타 분류 안된 상품 전문 소매업,11,서울특별시,11620,관악구,11620695,신림동,1162010200,신림동,1162010200114150029,1,대지,1415,29,서울특별시 관악구 신림동 1415-29,116203005083,서울특별시 관악구 봉천로,292,,1162010200114150029012909,,서울특별시 관악구 봉천로 292,151890,08755,,1,,126.933062771301,37.4867531407117
MA0106202304A1726894,동아랩,,G2,소매,G221,기타 상품 소매,G22199,그 외 기타 상품 전문 소매업,G47859,그 외 기타 분류 안된 상품 전문 소매업,26,부산광역시,26530,사상구,26530645,감전동,2653010500,감전동,2653010500105020001,1,대지,502,1,부산광역시 사상구 감전동 502-1,265302006002,부산광역시 사상구 낙동대로,910,,2653010500105020001015535,마트월드,부산광역시 사상구 낙동대로 910,617723,47029,,,,128.970549909223,35.1413722494204
MA0106202304A1121073,법인두개더,,G2,소매,G221,기타 상품 소매,G22199,그 외 기타 상품 전문 소매업,G47859,그 외 기타 분류 안된 상품 전문 소매업,50,제주특별자치도,50130,서귀포시,50130253,남원읍,5013025321,남원읍,5013025321124310003,1,대지,2431,3,제주특별자치도 서귀포시 남원읍 남원리 2431-3,501304850924,제주특별자치도 서귀포시 남원읍 태위로510번길,63,,5013025321124310003000001,,제주특별자치도 서귀포시 남원읍 태위로510번길 63,699941,63620,,1,,126.697383017812,33.2735188688314
MA0106202304A2407999,젬테크,,G2,소매,G221,기타 상품 소매,G22199,그 외 기타 상품 전문 소매업,G47859,그 외 기타 분류 안된 상품 전문 소매업,41,경기도,41610,광주시,41610580,오포1동,4161011700,문형동,4161011700102440006,1,대지,244,6,경기도 광주시 문형동 244-6,416103211035,경기도 광주시 오포로,538,7,4161025024102440011043109,,경기도 광주시 오포로 538-7,464891,12774,,,,127.212693813149,37.3464544502617
MA0106202304A0073771,햇비,,G2,소매,G221,기타 상품 소매,G22199,그 외 기타 상품 전문 소매업,G47859,그 외 기타 분류 안된 상품 전문 소매업,43,충청북도,43112,청주시 서원구,43112320,현도면,4311232024,현도면,4311232024100020000,1,대지,2,,충청북도 청주시 서원구 현도면 우록리 2,431124571727,충청북도 청주시 서원구 현도면 우록4길,144,,4311232024100020000000001,,충청북도 청주시 서원구 현도면 우록4길 144,362823,28214,,1,,127.444605396104,36.5054753607353
MA0106202304A1645700,스위티시카빙,,G2,소매,G221,기타 상품 소매,G22199,그 외 기타 상품 전문 소매업,G47859,그 외 기타 분류 안된 상품 전문 소매업,11,서울특별시,11170,용산구,11170555,청파동,1117011100,청파동3가,1117011100101320164,1,대지,132,164,서울특별시 용산구 청파동3가 132-164,111703005022,서울특별시 용산구 효창원로,168,,1117011100101320164020559,,서울특별시 용산구 효창원로 168,140133,04312,,3,,126.962489285104,37.5429707650964
MA0106202304A2122102,섬섬바이오,,G2,소매,G221,기타 상품 소매,G22199,그 외 기타 상품 전문 소매업,G47859,그 외 기타 분류 안된 상품 전문 소매업,46,전라남도,46880,장성군,46880320,남면,4688032028,남면,4688032028103290013,1,대지,329,13,전라남도 장성군 남면 삼태리 329-13,468803351041,전라남도 장성군 남면 나노산단로,123,,4688032028201090000000002,,전라남도 장성군 남면 나노산단로 123,515893,57248,,,,126.833345479669,35.240208413578
MA0106202306A1840773,경기청과,,G2,소매,G221,기타 상품 소매,G22199,그 외 기타 상품 전문 소매업,G47859,그 외 기타 분류 안된 상품 전문 소매업,48,경상남도,48310,거제시,48310580,고현동,4831010900,고현동,4831010900100990007,1,대지,99,7,경상남도 거제시 고현동 99-7,483104811067,경상남도 거제시 고현로8길,10,,4831010900100990007024551,,경상남도 거제시 고현로8길 10,656930,53254,,1,,128.623370147038,34.8858068323874
MA0106202306A0748600,키토빵앗간,,G2,소매,G221,기타 상품 소매,G22199,그 외 기타 상품 전문 소매업,G47859,그 외 기타 분류 안된 상품 전문 소매업,11,서울특별시,11440,마포구,11440690,망원1동,1144012300,망원동,1144012300100570050,1,대지,57,50,서울특별시 마포구 망원동 57-50,114404139490,서울특별시 마포구 월드컵로19길,36,,1144012300100570050025042,현빌딩,서울특별시 마포구 월드컵로19길 36,121820,04012,,1,,126.907751784496,37.555951105792
MA0106202306A0305323,호박넝쿨,,G2,소매,G221,기타 상품 소매,G22199,그 외 기타 상품 전문 소매업,G47859,그 외 기타 분류 안된 상품 전문 소매업,41,경기도,41360,남양주시,41360540,양정동,4136010400,일패동,4136010400105290001,1,대지,529,1,경기도 남양주시 일패동 529-1,413603000120,경기도 남양주시 경춘로,723,,4136010400105290001008717,,경기도 남양주시 경춘로 723,472932,12242,,,,127.186793103611,37.6236299608914
MA0106202303A0589550,이공교역,,G2,소매,G221,기타 상품 소매,G22199,그 외 기타 상품 전문 소매업,G47859,그 외 기타 분류 안된 상품 전문 소매업,11,서울특별시,11680,강남구,11680590,삼성2동,1168010500,삼성동,1168010500101440027,1,대지,144,27,서울특별시 강남구 삼성동 144-27,116803122010,서울특별시 강남구 테헤란로,445,,1168010500101440027016933,본솔빌딩,서울특별시 강남구 테헤란로 445,135528,06158,,4,,127.05583758688,37.5070405639518
MA0106202303A0015982,건주부,,G2,소매,G221,기타 상품 소매,G22199,그 외 기타 상품 전문 소매업,G47859,그 외 기타 분류 안된 상품 전문 소매업,48,경상남도,48127,창원시 마산회원구,48127250,내서읍,4812725027,내서읍,4812725027104930000,1,대지,493,,경상남도 창원시 마산회원구 내서읍 원계리 493,481274790270,경상남도 창원시 마산회원구 내서읍 원계증산길,36,,4812725027104930000000001,,경상남도 창원시 마산회원구 내서읍 원계증산길 36,630853,51241,,1,,128.507506684396,35.2315923863405
MA0106202303A0228606,해강,,G2,소매,G221,기타 상품 소매,G22199,그 외 기타 상품 전문 소매업,G47859,그 외 기타 분류 안된 상품 전문 소매업,41,경기도,41450,하남시,41450560,덕풍3동,4145010800,덕풍동,4145010800102970003,1,대지,297,3,경기도 하남시 덕풍동 297-3,414503202016,경기도 하남시 덕풍동로,59,,4145010800102970003000002,,경기도 하남시 덕풍동로 59,465800,12936,,,,127.205037643849,37.5477632123014
MA0106202303A0492823,병아리소풍,,G2,소매,G221,기타 상품 소매,G22199,그 외 기타 상품 전문 소매업,G47859,그 외 기타 분류 안된 상품 전문 소매업,47,경상북도,47150,김천시,47150640,율곡동,4715012000,율곡동,4715012000107810000,1,대지,781,,경상북도 김천시 율곡동 781,471503306058,경상북도 김천시 혁신로,185,,4715012000107810000000001,,경상북도 김천시 혁신로 185,740220,39660,,,,128.183949569389,36.1175119422279
MA0106202303A1653225,얼음별아이스크림,세종고운점,G2,소매,G221,기타 상품 소매,G22199,그 외 기타 상품 전문 소매업,G47859,그 외 기타 분류 안된 상품 전문 소매업,36,세종특별자치시,36110,세종특별자치시,36110550,고운동,3611011200,고운동,3611011200117130000,1,대지,1713,,세종특별자치시 세종특별자치시 고운동 1713,361104853496,세종특별자치시 세종특별자치시 고운서길,10,,3611011200202350000000012,대현빌딩,세종특별자치시 세종특별자치시 고운서길 10,339002,30063,,1,,127.235173818791,36.5055313498048
MA0106202303A2166997,바로고,,G2,소매,G221,기타 상품 소매,G22199,그 외 기타 상품 전문 소매업,G47859,그 외 기타 분류 안된 상품 전문 소매업,52,전북특별자치도,52130,군산시,52130690,수송동,5213014100,수송동,5213014100106560000,1,대지,656,,전북특별자치도 군산시 수송동 656,521304604706,전북특별자치도 군산시 신평길,10,,4513014100106560000002461,동영,전북특별자치도 군산시 신평길 10,573736,54104,,,,126.713214601369,35.9560586546215
MA0106202303A1930708,베이비파크,,G2,소매,G221,기타 상품 소매,G22199,그 외 기타 상품 전문 소매업,G47859,그 외 기타 분류 안된 상품 전문 소매업,41,경기도,41113,수원시 권선구,41113662,금곡동,4111313400,금곡동,4111313400111090001,1,대지,1109,1,경기도 수원시 권선구 금곡동 1109-1,411134331206,경기도 수원시 권선구 금곡로197번길,18,39,4111313400111090001000001,,경기도 수원시 권선구 금곡로197번길 18-39,441460,16391,,,,126.953624819134,37.2753466775111
MA0106202303A1394704,주노네분식,,G2,소매,G221,기타 상품 소매,G22199,그 외 기타 상품 전문 소매업,G47859,그 외 기타 분류 안된 상품 전문 소매업,46,전라남도,46110,목포시,46110695,죽교동,4611015700,죽교동,4611015700105800036,1,대지,580,36,전라남도 목포시 죽교동 580-36,461103281027,전라남도 목포시 북항로,83,,4611015700105800029033889,,전라남도 목포시 북항로 83,530846,58719,,,,126.375173013786,34.8002157010346
MA0106202303A1605001,웰더마,,G2,소매,G221,기타 상품 소매,G22199,그 외 기타 상품 전문 소매업,G47859,그 외 기타 분류 안된 상품 전문 소매업,28,인천광역시,28237,부평구,28237550,부평5동,2823710100,부평동,2823710100101920006,1,대지,192,6,인천광역시 부평구 부평동 192-6,282373154037,인천광역시 부평구 시장로,33,,2823710100101920006105964,한남시티프라자,인천광역시 부평구 시장로 33,403821,21394,,2,,126.725723326953,37.4940041589474
MA0106202303A2087122,에코젠,,G2,소매,G221,기타 상품 소매,G22199,그 외 기타 상품 전문 소매업,G47859,그 외 기타 분류 안된 상품 전문 소매업,41,경기도,41390,시흥시,41390570,목감동,4139012400,조남동,4139012400101710018,1,대지,171,18,경기도 시흥시 조남동 171-18,413904397229,경기도 시흥시 목감초등길,14,22,4139012400101710018011446,,경기도 시흥시 목감초등길 14-22,429869,14984,,1,,126.859282801747,37.3852520123745
MA0106202303A0558626,달콤키친,,G2,소매,G221,기타 상품 소매,G22199,그 외 기타 상품 전문 소매업,G47859,그 외 기타 분류 안된 상품 전문 소매업,41,경기도,41590,화성시,41590620,동탄8동,4159013600,장지동,4159013600110210002,1,대지,1021,2,경기도 화성시 장지동 1021-2,415904857651,경기도 화성시 동탄장지천6길,43,,4159042030104550003000002,,경기도 화성시 동탄장지천6길 43,,18508,,,,127.109311281011,37.1565290061205
MA0106202303A0063395,오믹스,,G2,소매,G221,기타 상품 소매,G22199,그 외 기타 상품 전문 소매업,G47859,그 외 기타 분류 안된 상품 전문 소매업,26,부산광역시,26320,북구,26320560,덕천2동,2632010400,덕천동,2632010400108010030,1,대지,801,30,부산광역시 북구 덕천동 801-30,263204196211,부산광역시 북구 모분재로15번길,82,,2632010400108010030015249,,부산광역시 북구 모분재로15번길 82,616823,46594,,2,,129.010564406591,35.2070137355171
MA0106202303A0864250,오복국수,,G2,소매,G221,기타 상품 소매,G22199,그 외 기타 상품 전문 소매업,G47859,그 외 기타 분류 안된 상품 전문 소매업,43,충청북도,43130,충주시,43130515,성내.충인동,4313010400,충인동,4313010400101060000,1,대지,106,,충청북도 충주시 충인동 106,431304515372,충청북도 충주시 충인6길,22,,4313010400101060000001971,,충청북도 충주시 충인6길 22,380040,27386,,1,,127.931121091848,36.9738850608645
MA0106202303A1559167,한국생명과학,,G2,소매,G221,기타 상품 소매,G22199,그 외 기타 상품 전문 소매업,G47859,그 외 기타 분류 안된 상품 전문 소매업,41,경기도,41550,안성시,41550380,원곡면,4155038024,원곡면,4155038024104370001,1,대지,437,1,경기도 안성시 원곡면 산하리 437-1,415503012070,경기도 안성시 원곡면 삼봉로,762,,4155038024104370001000001,,경기도 안성시 원곡면 삼봉로 762,456812,17553,,,,127.128933248244,37.0768912687243
MA0106202303A1595724,운초공방,,G2,소매,G221,기타 상품 소매,G22199,그 외 기타 상품 전문 소매업,G47859,그 외 기타 분류 안된 상품 전문 소매업,31,울산광역시,31710,울주군,31710253,언양읍,3171025332,언양읍,3171025332101240002,1,대지,124,2,울산광역시 울주군 언양읍 남부리 124-2,317104319907,울산광역시 울주군 언양읍 장터1길,22,,3171025332101240002010385,,울산광역시 울주군 언양읍 장터1길 22,689802,44946,,,,129.125694426382,35.5637012940865
MA0106202303A2037413,힘찬마루,,G2,소매,G221,기타 상품 소매,G22199,그 외 기타 상품 전문 소매업,G47859,그 외 기타 분류 안된 상품 전문 소매업,52,전북특별자치도,52180,정읍시,52180330,소성면,5218033029,소성면,5218033029108930000,1,대지,893,,전북특별자치도 정읍시 소성면 신천리 893,521803351665,전북특별자치도 정읍시 소성면 식품특화로,69,,4518033029108930000000001,,전북특별자치도 정읍시 소성면 식품특화로 69,580872,56213,,,,126.791779228537,35.5672425471848
MA0106202303A0021505,핑크핑쿠,,G2,소매,G221,기타 상품 소매,G22199,그 외 기타 상품 전문 소매업,G47859,그 외 기타 분류 안된 상품 전문 소매업,46,전라남도,46130,여수시,46130600,충무동,4613011000,충무동,4613011000102620000,1,대지,262,,전라남도 여수시 충무동 262,461304646903,전라남도 여수시 충무오거리길,7,1,4613011000102610000065565,,전라남도 여수시 충무오거리길 7-1,550100,59731,,,,127.731732606496,34.7422012353274
MA0106202304A0932414,줄렙전자담배,,G2,소매,G221,기타 상품 소매,G22199,그 외 기타 상품 전문 소매업,G47859,그 외 기타 분류 안된 상품 전문 소매업,47,경상북도,47190,구미시,47190582,형곡1동,4719010900,형곡동,4719010900108580003,1,대지,858,3,경상북도 구미시 형곡동 858-3,471903018003,경상북도 구미시 새마을로,7,,4719010900108580003025206,,경상북도 구미시 새마을로 7,730927,39295,,1,,128.339929424616,36.1122010312159
MA0106202304A1314478,키로족발,,G2,소매,G221,기타 상품 소매,G22199,그 외 기타 상품 전문 소매업,G47859,그 외 기타 분류 안된 상품 전문 소매업,41,경기도,41410,군포시,41410560,금정동,4141010500,금정동,4141010500100790001,1,대지,79,1,경기도 군포시 금정동 79-1,414104400118,경기도 군포시 금정로19번길,1,,4141010500100790001007833,,경기도 군포시 금정로19번길 1,435826,15812,,,,126.943137485413,37.3669681840335
MA0106202304A2223175,경원고등학교매점,,G2,소매,G221,기타 상품 소매,G22199,그 외 기타 상품 전문 소매업,G47859,그 외 기타 분류 안된 상품 전문 소매업,27,대구광역시,27290,달서구,27290572,용산2동,2729011100,용산동,2729011100100060000,1,대지,6,,대구광역시 달서구 용산동 6,272903007027,대구광역시 달서구 새방로,77,,2729011100100060000003831,,대구광역시 달서구 새방로 77,704132,42606,,,,128.525687352418,35.8654739008453
MA0106202304A1167381,새순슈퍼.분식,,G2,소매,G221,기타 상품 소매,G22199,그 외 기타 상품 전문 소매업,G47859,그 외 기타 분류 안된 상품 전문 소매업,52,전북특별자치도,52210,김제시,52210580,교월동,5221011000,옥산동,5221011000100060082,1,대지,6,82,전북특별자치도 김제시 옥산동 6-82,522104616150,전북특별자치도 김제시 남북9길,12,,4521011000100060082055523,,전북특별자치도 김제시 남북9길 12,576050,54409,,1,,126.889297749487,35.795747150649
MA0106202305A0995822,엘스리츠,청라지점,G2,소매,G221,기타 상품 소매,G22199,그 외 기타 상품 전문 소매업,G47859,그 외 기타 분류 안된 상품 전문 소매업,28,인천광역시,28260,서구,28260537,청라2동,2826012200,청라동,2826012200101510004,1,대지,151,4,인천광역시 서구 청라동 151-4,282604268854,인천광역시 서구 크리스탈로102번길,22,,2826010400109490004000001,,인천광역시 서구 크리스탈로102번길 22,,22760,,,,126.63921738804,37.533875131026
MA0106202306A1477450,장모님맛반찬,,G2,소매,G221,기타 상품 소매,G22199,그 외 기타 상품 전문 소매업,G47859,그 외 기타 분류 안된 상품 전문 소매업,27,대구광역시,27140,동구,27140555,신천1.2동,2714010200,신천동,2714010200108080025,1,대지,808,25,대구광역시 동구 신천동 808-25,271404226030,대구광역시 동구 국채보상로159길,28,,2714010200108080025041975,,대구광역시 동구 국채보상로159길 28,701832,41268,,1,,128.616237135898,35.8693540043045
MA0106202302A0512349,JAJU시흥목감,,G2,소매,G221,기타 상품 소매,G22199,그 외 기타 상품 전문 소매업,G47859,그 외 기타 분류 안된 상품 전문 소매업,41,경기도,41390,시흥시,41390570,목감동,4139012400,조남동,4139012400106570002,1,대지,657,2,경기도 시흥시 조남동 657-2,413903350922,경기도 시흥시 목감남서로,9,15,4139012400106570002000001,조남동,경기도 시흥시 목감남서로 9-15,429320,14988,,,,126.85242093708,37.3777110923078
MA0106202303A2053161,포항닭칼국수,,G2,소매,G221,기타 상품 소매,G22199,그 외 기타 상품 전문 소매업,G47859,그 외 기타 분류 안된 상품 전문 소매업,47,경상북도,47113,포항시 북구,47113520,중앙동,4711310800,덕수동,4711310800100470002,1,대지,47,2,경상북도 포항시 북구 덕수동 47-2,471134712105,경상북도 포항시 북구 대신로7번길,25,,4711310800100470002106477,,경상북도 포항시 북구 대신로7번길 25,791080,37727,,1,,129.365312306867,36.0449396371743
MA0106202303A2245166,프롬희,,G2,소매,G221,기타 상품 소매,G22199,그 외 기타 상품 전문 소매업,G47859,그 외 기타 분류 안된 상품 전문 소매업,44,충청남도,44133,천안시 서북구,44133540,쌍용2동,4413310700,쌍용동,4413310700115030000,1,대지,1503,,충청남도 천안시 서북구 쌍용동 1503,441334550061,충청남도 천안시 서북구 나사렛대길,22,,4413310700115030000057241,,충청남도 천안시 서북구 나사렛대길 22,331955,31172,,1,,127.118851754426,36.7988340346309
MA0106202303A2376660,메이드포미,,G2,소매,G221,기타 상품 소매,G22199,그 외 기타 상품 전문 소매업,G47859,그 외 기타 분류 안된 상품 전문 소매업,41,경기도,41500,이천시,41500520,중리동,4150010300,중리동,4150010300104610006,1,대지,461,6,경기도 이천시 중리동 461-6,415004421588,경기도 이천시 이섭대천로1177번길,7,,4150010300104610006010404,상가,경기도 이천시 이섭대천로1177번길 7,467800,17377,,1,,127.446623657854,37.2753782530459
MA0106202303A0264553,래피니언,,G2,소매,G221,기타 상품 소매,G22199,그 외 기타 상품 전문 소매업,G47859,그 외 기타 분류 안된 상품 전문 소매업,11,서울특별시,11200,성동구,11200540,마장동,1120010500,마장동,1120010500104620008,1,대지,462,8,서울특별시 성동구 마장동 462-8,112004109527,서울특별시 성동구 청계천로12가길,18,5,1120010500104620008020477,,서울특별시 성동구 청계천로12가길 18-5,133812,04704,,1,,127.034807724651,37.5703168644493
MA0106202303A2017055,구리전통시장협동조합,,G2,소매,G221,기타 상품 소매,G22199,그 외 기타 상품 전문 소매업,G47859,그 외 기타 분류 안된 상품 전문 소매업,41,경기도,41310,구리시,41310570,수택1동,4131010500,수택동,4131010500103820018,1,대지,382,18,경기도 구리시 수택동 382-18,413104388122,경기도 구리시 안골로63번길,42,19,4131010500103820018004085,,경기도 구리시 안골로63번길 42-19,471815,11927,,1,,127.139341503579,37.5993147906289
MA0106202301A1814182,와이앤유사이언스,,G2,소매,G221,기타 상품 소매,G22199,그 외 기타 상품 전문 소매업,G47859,그 외 기타 분류 안된 상품 전문 소매업,31,울산광역시,31140,남구,31140510,신정1동,3114010400,신정동,3114010400106390003,1,대지,639,3,울산광역시 남구 신정동 639-3,311403170021,울산광역시 남구 봉월로,98,,,,울산광역시 남구 봉월로 98,680826,44670,,5,,129.306136734776,35.5411815919978
MA0106202301A1868029,위드랩,,G2,소매,G221,기타 상품 소매,G22199,그 외 기타 상품 전문 소매업,G47859,그 외 기타 분류 안된 상품 전문 소매업,50,제주특별자치도,50110,제주시,50110600,화북동,5011011200,화북이동,5011011200149640008,1,대지,4964,8,제주특별자치도 제주시 화북이동 4964-8,501104847028,제주특별자치도 제주시 거로중길,2,,,,제주특별자치도 제주시 거로중길 2,690061,63296,,,,126.557068336084,33.5137286328263
MA0106202301A1723735,옐로우,,G2,소매,G221,기타 상품 소매,G22199,그 외 기타 상품 전문 소매업,G47859,그 외 기타 분류 안된 상품 전문 소매업,26,부산광역시,26380,사하구,26380530,괴정3동,2638010100,괴정동,2638010100104830032,1,대지,483,32,부산광역시 사하구 괴정동 483-32,263803134015,부산광역시 사하구 사하로,152,,,,부산광역시 사하구 사하로 152,604811,49360,,,,128.993746592435,35.0951857045085
MA0106202303A0931638,도기야,,G2,소매,G221,기타 상품 소매,G22199,그 외 기타 상품 전문 소매업,G47859,그 외 기타 분류 안된 상품 전문 소매업,11,서울특별시,11200,성동구,11200660,성수1가2동,1120011400,성수동1가,1120011400100130209,1,대지,13,209,서울특별시 성동구 성수동1가 13-209,112004109309,서울특별시 성동구 상원12길,34,,1120011400100130209008509,일반건물,서울특별시 성동구 상원12길 34,133822,04790,,1,,127.050482651184,37.549543224405
MA0106202303A2329988,혁신유통,,G2,소매,G221,기타 상품 소매,G22199,그 외 기타 상품 전문 소매업,G47859,그 외 기타 분류 안된 상품 전문 소매업,48,경상남도,48170,진주시,48170250,문산읍,4817025023,문산읍,4817025023112250002,1,대지,1225,2,경상남도 진주시 문산읍 삼곡리 1225-2,481704796973,경상남도 진주시 문산읍 월아산로1048번길,14,,4817025023112250002041487,,경상남도 진주시 문산읍 월아산로1048번길 14,660844,52834,,,,128.165922612832,35.1644877581873
MA0106202303A1701877,디블랙,,G2,소매,G221,기타 상품 소매,G22199,그 외 기타 상품 전문 소매업,G47859,그 외 기타 분류 안된 상품 전문 소매업,50,제주특별자치도,50110,제주시,50110630,아라동,5011011700,아라일동,5011011700161150008,1,대지,6115,8,제주특별자치도 제주시 아라일동 6115-8,501104848601,제주특별자치도 제주시 인다10길,25,,5011011700161150008000001,,제주특별자치도 제주시 인다10길 25,690121,63247,,2,,126.548434876766,33.4746043372285
MA0106202303A0070840,코나솔루션,,G2,소매,G221,기타 상품 소매,G22199,그 외 기타 상품 전문 소매업,G47859,그 외 기타 분류 안된 상품 전문 소매업,11,서울특별시,11560,영등포구,11560605,문래동,1156012400,문래동6가,1156012400100190000,1,대지,19,,서울특별시 영등포구 문래동6가 19,115604154461,서울특별시 영등포구 선유로9길,10,,1156012400100190000022459,,서울특별시 영등포구 선유로9길 10,150096,07281,,,,126.88715492107,37.5178659660267
MA0106202304A0832522,희움,,G2,소매,G221,기타 상품 소매,G22199,그 외 기타 상품 전문 소매업,G47859,그 외 기타 분류 안된 상품 전문 소매업,27,대구광역시,27110,중구,27110575,성내2동,2711014400,서문로1가,2711014400100790001,1,대지,79,1,대구광역시 중구 서문로1가 79-1,271104223003,대구광역시 중구 경상감영길,50,,2711014400100790001005701,,대구광역시 중구 경상감영길 50,700251,41919,,,,128.59021511364,35.8713504523819
MA0106202304A1369789,일금식품,,G2,소매,G221,기타 상품 소매,G22199,그 외 기타 상품 전문 소매업,G47859,그 외 기타 분류 안된 상품 전문 소매업,48,경상남도,48250,김해시,48250565,칠산서부동,4825011000,흥동,4825011000100400004,1,대지,40,4,경상남도 김해시 흥동 40-4,482504805719,경상남도 김해시 전하로49번길,12,,4825011000100400004000001,,경상남도 김해시 전하로49번길 12,621120,50965,,,,128.854118215586,35.2218036590386
MA0106202304A0156536,숭의상회,,G2,소매,G221,기타 상품 소매,G22199,그 외 기타 상품 전문 소매업,G47859,그 외 기타 분류 안된 상품 전문 소매업,28,인천광역시,28177,미추홀구,28177520,숭의1.3동,2817710100,숭의동,2817710100100840001,1,대지,84,1,인천광역시 미추홀구 숭의동 84-1,281774253317,인천광역시 미추홀구 석정로126번길,12,3,2817010100100840001132434,극동아파트,인천광역시 미추홀구 석정로126번길 12-3,402729,22103,,,,126.648498878691,37.4678867375927
MA0106202304A1422591,홍천문화재단,,G2,소매,G221,기타 상품 소매,G22199,그 외 기타 상품 전문 소매업,G47859,그 외 기타 분류 안된 상품 전문 소매업,51,강원특별자치도,51720,홍천군,51720250,홍천읍,5172025029,홍천읍,5172025029101340011,1,대지,134,11,강원특별자치도 홍천군 홍천읍 연봉리 134-11,517203225038,강원특별자치도 홍천군 홍천읍 연봉중앙로,11,8,4272025029101340011000002,,강원특별자치도 홍천군 홍천읍 연봉중앙로 11-8,250930,25143,,,,127.874275717877,37.6819570724899
MA0106202304A2139097,도담푸드,,G2,소매,G221,기타 상품 소매,G22199,그 외 기타 상품 전문 소매업,G47859,그 외 기타 분류 안된 상품 전문 소매업,27,대구광역시,27710,달성군,27710256,다사읍,2771025625,다사읍,2771025625103940007,1,대지,394,7,대구광역시 달성군 다사읍 서재리 394-7,277104244359,대구광역시 달성군 다사읍 서재로14길,6,21,2771025625103940007000001,,대구광역시 달성군 다사읍 서재로14길 6-21,711813,42928,,1,,128.498630702983,35.8690406662494
MA0106202305A2030929,러블리풍선언니,,G2,소매,G221,기타 상품 소매,G22199,그 외 기타 상품 전문 소매업,G47859,그 외 기타 분류 안된 상품 전문 소매업,44,충청남도,44760,부여군,44760250,부여읍,4476025030,부여읍,4476025030101330024,1,대지,133,24,충청남도 부여군 부여읍 관북리 133-24,447603259115,충청남도 부여군 부여읍 성왕로,234,1,4476025030101330024004374,,충청남도 부여군 부여읍 성왕로 234-1,323803,33147,,,,126.91306807071,36.2830423761672
MA0106202305A1099389,명성파레트,,G2,소매,G221,기타 상품 소매,G22199,그 외 기타 상품 전문 소매업,G47859,그 외 기타 분류 안된 상품 전문 소매업,41,경기도,41590,화성시,41590410,정남면,4159041039,정남면,4159041039100780004,1,대지,78,4,경기도 화성시 정남면 용수리 78-4,415903198002,경기도 화성시 정남면 가장로,174,1,4159041039100780004000001,,경기도 화성시 정남면 가장로 174-1,445966,18512,,,,127.000213925042,37.1674011193841
MA0106202306A0021217,다솜,,G2,소매,G221,기타 상품 소매,G22199,그 외 기타 상품 전문 소매업,G47859,그 외 기타 분류 안된 상품 전문 소매업,11,서울특별시,11140,중구,11140605,을지로동,1114015000,을지로4가,1114015000101310000,1,대지,131,,서울특별시 중구 을지로4가 131,111404103250,서울특별시 중구 을지로33길,23,,1114015000101310000013636,지하도상가,서울특별시 중구 을지로33길 23,100848,04546,,,,126.999264257915,37.567168508868
MA0106202305A0014565,인디언숲,,G2,소매,G221,기타 상품 소매,G22199,그 외 기타 상품 전문 소매업,G47859,그 외 기타 분류 안된 상품 전문 소매업,41,경기도,41250,동두천시,41250565,불현동,4125011100,탑동동,4125011100108850000,1,대지,885,,경기도 동두천시 탑동동 885,412503189032,경기도 동두천시 천보산로,567,37,4125011100108850002000001,,경기도 동두천시 천보산로 567-37,483050,11360,,,,127.094094533794,37.8800384468428
MA0106202301A1731426,엠엔에이치,,G2,소매,G221,기타 상품 소매,G22199,그 외 기타 상품 전문 소매업,G47859,그 외 기타 분류 안된 상품 전문 소매업,11,서울특별시,11560,영등포구,11560550,당산1동,1156011100,당산동1가,1156011100100530001,1,대지,53,1,서울특별시 영등포구 당산동1가 53-1,115603118022,서울특별시 영등포구 영등포로,147,,,,서울특별시 영등포구 영등포로 147,150800,07266,,1,,126.898111133248,37.5213808261253
MA0106202303A0980609,동국팜,,G2,소매,G221,기타 상품 소매,G22199,그 외 기타 상품 전문 소매업,G47859,그 외 기타 분류 안된 상품 전문 소매업,41,경기도,41450,하남시,41450630,미사3동,4145011000,풍산동,4145011000104930000,1,대지,493,,경기도 하남시 풍산동 493,414502000007,경기도 하남시 조정대로,45,,4145011000200400001000001,,경기도 하남시 조정대로 45,465170,12918,,10,,127.184472059382,37.5506803235927
MA0106202303A2183868,거너물가게,,G2,소매,G221,기타 상품 소매,G22199,그 외 기타 상품 전문 소매업,G47859,그 외 기타 분류 안된 상품 전문 소매업,41,경기도,41450,하남시,41450610,미사1동,4145010900,망월동,4145010900111250000,1,대지,1125,,경기도 하남시 망월동 1125,414503202059,경기도 하남시 미사강변동로,100,1,4145010900111250000000009,미사역파라곤,경기도 하남시 미사강변동로 100-1,465150,12912,,1,,127.193593652775,37.5639644219305
MA0106202303A0788643,옥이네반찬,,G2,소매,G221,기타 상품 소매,G22199,그 외 기타 상품 전문 소매업,G47859,그 외 기타 분류 안된 상품 전문 소매업,51,강원특별자치도,51230,삼척시,51230540,정라동,5123012500,정상동,5123012500104570001,1,대지,457,1,강원특별자치도 삼척시 정상동 457-1,512303224031,강원특별자치도 삼척시 청석로,60,,4223012500104570001000009,정상청솔1차,강원특별자치도 삼척시 청석로 60,245718,25924,,,,129.1755749604,37.4478748520679
MA0106202303A1477667,드림유통,,G2,소매,G221,기타 상품 소매,G22199,그 외 기타 상품 전문 소매업,G47859,그 외 기타 분류 안된 상품 전문 소매업,47,경상북도,47111,포항시 남구,47111550,송도동,4711110400,송도동,4711110400104740008,1,대지,474,8,경상북도 포항시 남구 송도동 474-8,471113303036,경상북도 포항시 남구 운하로,160,,4711110400104740008101870,,경상북도 포항시 남구 운하로 160,790830,37732,,,,129.371874244934,36.0377191565936
MA0106202303A1139263,하늘빛정원,,G2,소매,G221,기타 상품 소매,G22199,그 외 기타 상품 전문 소매업,G47859,그 외 기타 분류 안된 상품 전문 소매업,52,전북특별자치도,52180,정읍시,52180510,수성동,5218010100,수성동,5218010100109960006,1,대지,996,6,전북특별자치도 정읍시 수성동 996-6,521803270011,전북특별자치도 정읍시 마곡로,56,,4518010100109960006000002,,전북특별자치도 정읍시 마곡로 56,580804,56173,,,,126.86438729984,35.5855612900672
MA0106202303A1387774,의령손맛본가,,G2,소매,G221,기타 상품 소매,G22199,그 외 기타 상품 전문 소매업,G47859,그 외 기타 분류 안된 상품 전문 소매업,48,경상남도,48720,의령군,48720310,가례면,4872031021,가례면,4872031021107330000,1,대지,733,,경상남도 의령군 가례면 갑을리 733,487203336002,경상남도 의령군 가례면 가례로,885,30,4872031021107330000000001,,경상남도 의령군 가례면 가례로 885-30,636822,52131,,,,128.217315514491,35.3859209432902
MA0106202303A0158932,그녀의안뜰리애,,G2,소매,G221,기타 상품 소매,G22199,그 외 기타 상품 전문 소매업,G47859,그 외 기타 분류 안된 상품 전문 소매업,28,인천광역시,28185,연수구,28185820,송도1동,2818510600,송도동,2818510600100030005,1,대지,3,5,인천광역시 연수구 송도동 3-5,281854256147,인천광역시 연수구 신송로125번길,7,,2818510600100030005000001,이리옴프라자,인천광역시 연수구 신송로125번길 7,406081,21995,,3,,126.651561402135,37.3949498590192
MA0106202301A2101385,우성소방,,G2,소매,G221,기타 상품 소매,G22199,그 외 기타 상품 전문 소매업,G47859,그 외 기타 분류 안된 상품 전문 소매업,41,경기도,41410,군포시,41410510,군포1동,4141010200,당정동,4141010200103640011,1,대지,364,11,경기도 군포시 당정동 364-11,414103200016,경기도 군포시 산본로,85,16,,,경기도 군포시 산본로 85-16,435832,15849,,4,,126.957628598891,37.3538553041023
MA0106202303A2036917,별꽃상회,,G2,소매,G221,기타 상품 소매,G22199,그 외 기타 상품 전문 소매업,G47859,그 외 기타 분류 안된 상품 전문 소매업,48,경상남도,48170,진주시,48170515,천전동,4817010100,망경동,4817010100101340002,1,대지,134,2,경상남도 진주시 망경동 134-2,481704796061,경상남도 진주시 강남로341번길,10,2,4817010100101340002400208,,경상남도 진주시 강남로341번길 10-2,660800,52706,,1,,128.0807313377,35.1853317801304
MA0106202304A2289408,힐링매점,,G2,소매,G221,기타 상품 소매,G22199,그 외 기타 상품 전문 소매업,G47859,그 외 기타 분류 안된 상품 전문 소매업,27,대구광역시,27140,동구,27140720,안심1동,2714011800,율하동,2714011800112260000,1,대지,1226,,대구광역시 동구 율하동 1226,271404226237,대구광역시 동구 안심로22길,14,,2714011800112260000000001,,대구광역시 동구 안심로22길 14,701847,41098,,4,,128.696125411824,35.8661527502164
MA0106202303A1118092,코코아울렛,,G2,소매,G221,기타 상품 소매,G22199,그 외 기타 상품 전문 소매업,G47859,그 외 기타 분류 안된 상품 전문 소매업,48,경상남도,48250,김해시,48250630,장유3동,4825013000,관동동,4825013000110670001,1,대지,1067,1,경상남도 김해시 관동동 1067-1,482504857148,경상남도 김해시 율하카페길,4,7,4825031028110670002000001,,경상남도 김해시 율하카페길 4-7,621300,51014,,1,,128.806774790986,35.1757383286366
MA0106202304A1516876,데브로이카,,G2,소매,G221,기타 상품 소매,G22199,그 외 기타 상품 전문 소매업,G47859,그 외 기타 분류 안된 상품 전문 소매업,48,경상남도,48125,창원시 마산합포구,48125565,반월중앙동,4812512700,신흥동,4812512700100040001,1,대지,4,1,경상남도 창원시 마산합포구 신흥동 4-1,481254787709,경상남도 창원시 마산합포구 중앙남8길,21,,4812512700100040001048076,,경상남도 창원시 마산합포구 중앙남8길 21,631220,51266,,1,,128.564964865233,35.1944439671554
MA0106202304A2424290,아람찬,,G2,소매,G221,기타 상품 소매,G22199,그 외 기타 상품 전문 소매업,G47859,그 외 기타 분류 안된 상품 전문 소매업,26,부산광역시,26440,강서구,26440535,명지1동,2644010400,명지동,2644010400135830003,1,대지,3583,3,부산광역시 강서구 명지동 3583-3,264403350868,부산광역시 강서구 명지국제8로,19,,2644010400135830003000001,명지레인보우타워,부산광역시 강서구 명지국제8로 19,618200,46726,,2,,128.900760289241,35.0935885013206
MA0106202304A0401397,라원,,G2,소매,G221,기타 상품 소매,G22199,그 외 기타 상품 전문 소매업,G47859,그 외 기타 분류 안된 상품 전문 소매업,41,경기도,41590,화성시,41590360,팔탄면,4159036024,팔탄면,4159036024102770000,1,대지,277,,경기도 화성시 팔탄면 가재리 277,415903012004,경기도 화성시 팔탄면 삼천병마로,553,1,4159036024102770000000001,,경기도 화성시 팔탄면 삼천병마로 553-1,445911,18533,,,,126.927983100372,37.1586750225623
MA0106202304A2141157,대신싸이언스,,G2,소매,G221,기타 상품 소매,G22199,그 외 기타 상품 전문 소매업,G47859,그 외 기타 분류 안된 상품 전문 소매업,30,대전광역시,30230,대덕구,30230543,송촌동,3023010700,송촌동,3023010700102900022,1,대지,290,22,대전광역시 대덕구 송촌동 290-22,302303168038,대전광역시 대덕구 송촌남로,55,1,3023010700102900022017579,,대전광역시 대덕구 송촌남로 55-1,306812,34424,,,,127.443442432629,36.3561032858561
MA0106202304A0551649,무림eng,,G2,소매,G221,기타 상품 소매,G22199,그 외 기타 상품 전문 소매업,G47859,그 외 기타 분류 안된 상품 전문 소매업,11,서울특별시,11740,강동구,11740640,성내1동,1174010800,성내동,1174010800105900000,1,대지,590,,서울특별시 강동구 성내동 590,117403123024,서울특별시 강동구 풍성로,136,,1174010800105900000022167,성내동삼성2단지,서울특별시 강동구 풍성로 136,134758,05394,,1,,127.127007375371,37.5312765130421
MA0106202304A0225686,배이프돔,,G2,소매,G221,기타 상품 소매,G22199,그 외 기타 상품 전문 소매업,G47859,그 외 기타 분류 안된 상품 전문 소매업,41,경기도,41670,여주시,41670530,오학동,4167012100,오학동,4167012100104260008,1,대지,426,8,경기도 여주시 오학동 426-8,416704856298,경기도 여주시 보뜰2길,8,2,4167012100104260008000001,,경기도 여주시 보뜰2길 8-2,469121,12639,,1,,127.647007337221,37.3032673553966
MA0106202305A1364651,냉동창고용인외대점,,G2,소매,G221,기타 상품 소매,G22199,그 외 기타 상품 전문 소매업,G47859,그 외 기타 분류 안된 상품 전문 소매업,41,경기도,41461,용인시 처인구,41461253,모현읍,4146125321,모현읍,4146125321104970001,1,대지,497,1,경기도 용인시 처인구 모현읍 왕산리 497-1,414614409624,경기도 용인시 처인구 모현읍 외대로40번길,6,4,4146125321104970001000001,,경기도 용인시 처인구 모현읍 외대로40번길 6-4,449854,17035,,,,127.25319632459,37.3356344431372
MA0106202305A0776041,디진테제,,G2,소매,G221,기타 상품 소매,G22199,그 외 기타 상품 전문 소매업,G47859,그 외 기타 분류 안된 상품 전문 소매업,41,경기도,41360,남양주시,41360340,수동면,4136034026,수동면,4136034026100040016,1,대지,4,16,경기도 남양주시 수동면 입석리 4-16,413603197073,경기도 남양주시 수동면 남가로,1795,106,4136034026100040016000001,,경기도 남양주시 수동면 남가로 1795-106,472852,12030,,1,,127.352130511481,37.697862317256
MA0106202305A1390303,에스비웰,,G2,소매,G221,기타 상품 소매,G22199,그 외 기타 상품 전문 소매업,G47859,그 외 기타 분류 안된 상품 전문 소매업,41,경기도,41463,용인시 기흥구,41463520,구갈동,4146310200,구갈동,4146310200106810000,1,대지,681,,경기도 용인시 기흥구 구갈동 681,414633204017,경기도 용인시 기흥구 기흥로,58,,4146310200102980002000001,,경기도 용인시 기흥구 기흥로 58,446903,16976,,19,,127.118015082222,37.2805590073314
MA0106202306A1047450,리프바이오텍,,G2,소매,G221,기타 상품 소매,G22199,그 외 기타 상품 전문 소매업,G47859,그 외 기타 분류 안된 상품 전문 소매업,51,강원특별자치도,51130,원주시,51130675,반곡관설동,5113011700,반곡동,5113011700119130009,1,대지,1913,9,강원특별자치도 원주시 반곡동 1913-9,511303219087,강원특별자치도 원주시 세계로,5,,4213011700119130009000001,,강원특별자치도 원주시 세계로 5,220170,26464,,,,127.988446826052,37.3246403963307
MA0106202302A1943550,딜라이트베이커리,,G2,소매,G221,기타 상품 소매,G22199,그 외 기타 상품 전문 소매업,G47859,그 외 기타 분류 안된 상품 전문 소매업,46,전라남도,46130,여수시,46130800,여천동,4613013700,화장동,4613013700107730011,1,대지,773,11,전라남도 여수시 화장동 773-11,461304646986,전라남도 여수시 화산2길,58,,4613013700107730011068321,남동측좌측사무실,전라남도 여수시 화산2길 58,555090,59643,,1,,127.643075974365,34.7720511920029
MA0106202301A1588224,티히,,G2,소매,G221,기타 상품 소매,G22199,그 외 기타 상품 전문 소매업,G47859,그 외 기타 분류 안된 상품 전문 소매업,31,울산광역시,31140,남구,31140570,삼산동,3114010500,달동,3114010500113540009,1,대지,1354,9,울산광역시 남구 달동 1354-9,311404310684,울산광역시 남구 왕생로66번길,5,1,,,울산광역시 남구 왕생로66번길 5-1,680805,44703,,,,129.331690517696,35.5396267068668
MA0106202303A1101367,성원유통,,G2,소매,G221,기타 상품 소매,G22199,그 외 기타 상품 전문 소매업,G47859,그 외 기타 분류 안된 상품 전문 소매업,28,인천광역시,28237,부평구,28237641,갈산1동,2823710600,갈산동,2823710600100540007,1,대지,54,7,인천광역시 부평구 갈산동 54-7,282373000067,인천광역시 부평구 평천로,369,,2823710600100540007101353,,인천광역시 부평구 평천로 369,403800,21317,,1,,126.731325726929,37.5178755825416
MA0106202303A1826769,키즈에이원,,G2,소매,G221,기타 상품 소매,G22199,그 외 기타 상품 전문 소매업,G47859,그 외 기타 분류 안된 상품 전문 소매업,48,경상남도,48170,진주시,48170740,가호동,4817013100,가좌동,4817013100106520006,1,대지,652,6,경상남도 진주시 가좌동 652-6,481702332003,경상남도 진주시 진주대로,624,4,4817013100106520006412526,,경상남도 진주시 진주대로 624-4,660300,52820,,3,,128.106885116283,35.1620763397532
MA0106202303A0788785,필그린,,G2,소매,G221,기타 상품 소매,G22199,그 외 기타 상품 전문 소매업,G47859,그 외 기타 분류 안된 상품 전문 소매업,43,충청북도,43111,청주시 상당구,43111545,성안동,4311110700,문화동,4311110700101000003,1,대지,100,3,충청북도 청주시 상당구 문화동 100-3,431113236027,충청북도 청주시 상당구 상당로,58,,4311110700100970003047892,경산타워,충청북도 청주시 상당구 상당로 58,360030,28516,,5,,127.491058710604,36.6335071198957
MA0106202302A0075863,네오스엠,,G2,소매,G221,기타 상품 소매,G22199,그 외 기타 상품 전문 소매업,G47859,그 외 기타 분류 안된 상품 전문 소매업,41,경기도,41570,김포시,41570360,하성면,4157036031,하성면,4157036031103100003,1,대지,310,3,경기도 김포시 하성면 전류리 310-3,415704427458,경기도 김포시 하성면 월하로860번길,133,32,4157036031103100003040745,,경기도 김포시 하성면 월하로860번길 133-32,415888,10013,,,,126.646188136488,37.7009205865803
MA0106202302A1371613,코너힐그로서리,,G2,소매,G221,기타 상품 소매,G22199,그 외 기타 상품 전문 소매업,G47859,그 외 기타 분류 안된 상품 전문 소매업,11,서울특별시,11680,강남구,11680531,논현2동,1168010800,논현동,1168010800100830000,1,대지,83,,서울특별시 강남구 논현동 83,116804166792,서울특별시 강남구 학동로33길,24,,1168010800100830000006181,정우빌딩,서울특별시 강남구 학동로33길 24,135818,06053,,1,,127.032384615745,37.5163386762587
MA0106202303A1422899,강릉애오란다,,G2,소매,G221,기타 상품 소매,G22199,그 외 기타 상품 전문 소매업,G47859,그 외 기타 분류 안된 상품 전문 소매업,51,강원특별자치도,51150,강릉시,51150645,성덕동,5115012900,병산동,5115012900105160002,1,대지,516,2,강원특별자치도 강릉시 병산동 516-2,511504460175,강원특별자치도 강릉시 공항길,18,6,4215012900105160002010600,주,강원특별자치도 강릉시 공항길 18-6,210290,25617,,,,128.937613413569,37.7620473856641
MA0106202301A1918128,아워홈영남영업소,,G2,소매,G221,기타 상품 소매,G22199,그 외 기타 상품 전문 소매업,G47859,그 외 기타 분류 안된 상품 전문 소매업,48,경상남도,48330,양산시,48330530,강서동,4833011200,어곡동,4833011200108560001,1,대지,856,1,경상남도 양산시 어곡동 856-1,483304814610,경상남도 양산시 어곡공단1길,134,,,,경상남도 양산시 어곡공단1길 134,626220,50591,,,,129.016674404612,35.3830693600514
MA0106202303A0511960,테이블라니봄해언니네점,,G2,소매,G221,기타 상품 소매,G22199,그 외 기타 상품 전문 소매업,G47859,그 외 기타 분류 안된 상품 전문 소매업,52,전북특별자치도,52800,부안군,52800360,변산면,5280036022,변산면,5280036022102580001,1,대지,258,1,전북특별자치도 부안군 변산면 격포리 258-1,528003280037,전북특별자치도 부안군 변산면 변산해변로,46,,4580036022102580001000001,,전북특별자치도 부안군 변산면 변산해변로 46,579851,56337,,2,,126.471737912086,35.6312924556719
MA0106202303A0748793,동네집간장게장,,G2,소매,G221,기타 상품 소매,G22199,그 외 기타 상품 전문 소매업,G47859,그 외 기타 분류 안된 상품 전문 소매업,29,광주광역시,29200,광산구,29200630,신가동,2920011900,신가동,2920011900110070003,1,대지,1007,3,광주광역시 광산구 신가동 1007-3,292004289114,광주광역시 광산구 목련로394번길,60,13,2920011900110070003043944,동네집간장계장,광주광역시 광산구 목련로394번길 60-13,506901,62300,,1,,126.83517452578,35.1832545696051
MA0106202303A2316781,수린유통,,G2,소매,G221,기타 상품 소매,G22199,그 외 기타 상품 전문 소매업,G47859,그 외 기타 분류 안된 상품 전문 소매업,52,전북특별자치도,52113,전주시 덕진구,52113642,송천2동,5211312200,송천동2가,5211312200106640049,1,대지,664,49,전북특별자치도 전주시 덕진구 송천동2가 664-49,521132266002,전북특별자치도 전주시 덕진구 동부대로,1229,,4511312200106640049032571,,전북특별자치도 전주시 덕진구 동부대로 1229,561822,54826,,,,127.112011585878,35.8694418388836
MA0106202303A2346989,원푸드,,G2,소매,G221,기타 상품 소매,G22199,그 외 기타 상품 전문 소매업,G47859,그 외 기타 분류 안된 상품 전문 소매업,43,충청북도,43130,충주시,43130420,엄정면,4313042022,엄정면,4313042022102730007,1,대지,273,7,충청북도 충주시 엄정면 율능리 273-7,431303238003,충청북도 충주시 엄정면 구룡로,164,1,4313042022102730001067533,,충청북도 충주시 엄정면 구룡로 164-1,380842,27314,,,,127.916245467154,37.07810770751
MA0106202303A0294479,이모션기획,,G2,소매,G221,기타 상품 소매,G22199,그 외 기타 상품 전문 소매업,G47859,그 외 기타 분류 안된 상품 전문 소매업,28,인천광역시,28185,연수구,28185830,송도2동,2818510600,송도동,2818510600100290008,1,대지,29,8,인천광역시 연수구 송도동 29-8,281853152013,인천광역시 연수구 센트럴로,313,,2818510600100290008000001,,인천광역시 연수구 센트럴로 313,406082,22006,,,,126.631517327849,37.4016287014149
MA0106202303A2277691,화담,,G2,소매,G221,기타 상품 소매,G22199,그 외 기타 상품 전문 소매업,G47859,그 외 기타 분류 안된 상품 전문 소매업,48,경상남도,48310,거제시,48310540,아주동,4831010500,아주동,4831010500116710014,1,대지,1671,14,경상남도 거제시 아주동 1671-14,483103337024,경상남도 거제시 아주1로,128,,4831010500200830003000001,,경상남도 거제시 아주1로 128,656220,53308,,1,,128.679316957292,34.8686616594973
MA0106202302A1783528,원일유통,,G2,소매,G221,기타 상품 소매,G22199,그 외 기타 상품 전문 소매업,G47859,그 외 기타 분류 안된 상품 전문 소매업,48,경상남도,48127,창원시 마산회원구,48127550,회성동,4812710200,두척동,4812710200105780000,1,대지,578,,경상남도 창원시 마산회원구 두척동 578,481273330034,경상남도 창원시 마산회원구 북성로,478,,4812710200105760005024047,,경상남도 창원시 마산회원구 북성로 478,630827,51310,,,,128.546347566998,35.2374470363697
MA0106202303A0615426,다팜DC마트,,G2,소매,G221,기타 상품 소매,G22199,그 외 기타 상품 전문 소매업,G47859,그 외 기타 분류 안된 상품 전문 소매업,28,인천광역시,28185,연수구,28185750,선학동,2818510200,선학동,2818510200104010001,1,대지,401,1,인천광역시 연수구 선학동 401-1,281854256277,인천광역시 연수구 학나래로118번길,9,,2818510200104010001010076,선학프라자,인천광역시 연수구 학나래로118번길 9,406808,21909,,,,126.698464794416,37.4279928941812
MA0106202304A0498046,가온,,G2,소매,G221,기타 상품 소매,G22199,그 외 기타 상품 전문 소매업,G47859,그 외 기타 분류 안된 상품 전문 소매업,11,서울특별시,11320,도봉구,11320700,방학2동,1132010600,방학동,1132010600106660023,1,대지,666,23,서울특별시 도봉구 방학동 666-23,113204127213,서울특별시 도봉구 방학로10길,16,,1132010600106660023002073,,서울특별시 도봉구 방학로10길 16,132848,01356,,지,,127.033003640995,37.6631552095246
MA0106202304A0925454,아트인사이트,,G2,소매,G221,기타 상품 소매,G22199,그 외 기타 상품 전문 소매업,G47859,그 외 기타 분류 안된 상품 전문 소매업,11,서울특별시,11560,영등포구,11560550,당산1동,1156011100,당산동1가,1156011100103980001,1,대지,398,1,서울특별시 영등포구 당산동1가 398-1,115604154100,서울특별시 영등포구 당산로16길,17,1,1156011100103980001030203,,서울특별시 영등포구 당산로16길 17-1,150801,07265,,1,,126.89803032948,37.5225700795501
MA0106202304A2300090,아성커피,,G2,소매,G221,기타 상품 소매,G22199,그 외 기타 상품 전문 소매업,G47859,그 외 기타 분류 안된 상품 전문 소매업,50,제주특별자치도,50110,제주시,50110530,이도1동,5011010300,이도일동,5011010300115510004,1,대지,1551,4,제주특별자치도 제주시 이도일동 1551-4,501104848350,제주특별자치도 제주시 오현길,46,1,5011010300115510004033135,,제주특별자치도 제주시 오현길 46-1,690829,63195,,,,126.526310677087,33.5091159030665
MA0106202304A2170999,더담은반찬,,G2,소매,G221,기타 상품 소매,G22199,그 외 기타 상품 전문 소매업,G47859,그 외 기타 분류 안된 상품 전문 소매업,41,경기도,41500,이천시,41500515,증포동,4150011000,송정동,4150011000103280000,1,대지,328,,경기도 이천시 송정동 328,415004421766,경기도 이천시 증신로291번길,34,,4150011000103280000012351,거장프라자,경기도 이천시 증신로291번길 34,467803,17344,,,,127.438182268476,37.2974129932213
MA0106202304A2321370,오케이월드민턴,,G2,소매,G221,기타 상품 소매,G22199,그 외 기타 상품 전문 소매업,G47859,그 외 기타 분류 안된 상품 전문 소매업,27,대구광역시,27710,달성군,27710250,화원읍,2771025021,화원읍,2771025021100540001,1,대지,54,1,대구광역시 달성군 화원읍 천내리 54-1,277103007026,대구광역시 달성군 화원읍 비슬로,2635,,2771025021100540001019109,,대구광역시 달성군 화원읍 비슬로 2635,711837,42953,,,,128.504522750754,35.8058587928474
MA0106202306A1943885,정심김포파주농협점,,G2,소매,G221,기타 상품 소매,G22199,그 외 기타 상품 전문 소매업,G47859,그 외 기타 분류 안된 상품 전문 소매업,41,경기도,41570,김포시,41570340,대곶면,4157034033,대곶면,4157034033103910000,1,대지,391,,경기도 김포시 대곶면 대명리 391,415703209038,경기도 김포시 대곶면 대명항로,518,,4157034033103910000008355,김포파주인삼농협,경기도 김포시 대곶면 대명항로 518,415853,10040,,,,126.563752071635,37.6465409938344
MA0106202306A2102458,다복이네,,G2,소매,G221,기타 상품 소매,G22199,그 외 기타 상품 전문 소매업,G47859,그 외 기타 분류 안된 상품 전문 소매업,52,전북특별자치도,52140,익산시,52140520,중앙동,5214010300,중앙동1가,5214010300100530004,1,대지,53,4,전북특별자치도 익산시 중앙동1가 53-4,521403269061,전북특별자치도 익산시 중앙로,15,7,4514010300100530004095720,우측상가,전북특별자치도 익산시 중앙로 15-7,570121,54593,,1,,126.948865017145,35.9401500294871
MA0106202306A0090832,세이프존,,G2,소매,G221,기타 상품 소매,G22199,그 외 기타 상품 전문 소매업,G47859,그 외 기타 분류 안된 상품 전문 소매업,41,경기도,41390,시흥시,41390540,은행동,4139010600,은행동,4139010600103650002,1,대지,365,2,경기도 시흥시 은행동 365-2,413904397588,경기도 시흥시 찬우물2길,6,,4139010600103650002024712,,경기도 시흥시 찬우물2길 6,429836,14943,,,,126.795927712477,37.4259397770662
MA0106202306A2106739,미소유통,,G2,소매,G221,기타 상품 소매,G22199,그 외 기타 상품 전문 소매업,G47859,그 외 기타 분류 안된 상품 전문 소매업,41,경기도,41590,화성시,41590590,동탄5동,4159013100,영천동,4159013100108360002,1,대지,836,2,경기도 화성시 영천동 836-2,415903012058,경기도 화성시 동탄기흥로,594,7,4159013100101510006000001,,경기도 화성시 동탄기흥로 594-7,445130,18469,,,,127.094691224163,37.2135062151786
MA0106202306A1227454,제노필,,G2,소매,G221,기타 상품 소매,G22199,그 외 기타 상품 전문 소매업,G47859,그 외 기타 분류 안된 상품 전문 소매업,29,광주광역시,29170,북구,29170696,양산동,2917012900,연제동,2917012900110410000,1,대지,1041,,광주광역시 북구 연제동 1041,291703162094,광주광역시 북구 첨단연신로,88,,2917012900110410000000002,광주첨단2지구지식산업센터,광주광역시 북구 첨단연신로 88,500896,61089,,,,126.865043942603,35.2056000374187
MA0106202306A1600800,안산전자담배젠틀맨,,G2,소매,G221,기타 상품 소매,G22199,그 외 기타 상품 전문 소매업,G47859,그 외 기타 분류 안된 상품 전문 소매업,41,경기도,41273,안산시 단원구,41273532,중앙동,4127310100,고잔동,4127310100105410004,1,대지,541,4,경기도 안산시 단원구 고잔동 541-4,412732190002,경기도 안산시 단원구 중앙대로,915,,4127310100105410001019625,월드코아빌딩,경기도 안산시 단원구 중앙대로 915,425719,15361,,1,,126.838268261449,37.317179512457
MA0106202306A1454601,해피월드웰빙플러스,,G2,소매,G221,기타 상품 소매,G22199,그 외 기타 상품 전문 소매업,G47859,그 외 기타 분류 안된 상품 전문 소매업,11,서울특별시,11410,서대문구,11410720,북가좌2동,1141011900,북가좌동,1141011900103000002,1,대지,300,2,서울특별시 서대문구 북가좌동 300-2,114103005055,서울특별시 서대문구 응암로,76,,1141011900103000002000002,새호빌딩,서울특별시 서대문구 응암로 76,120813,03683,,지,,126.911390619847,37.5795960140951
MA0106202302A2337693,스마트샵,,G2,소매,G221,기타 상품 소매,G22199,그 외 기타 상품 전문 소매업,G47859,그 외 기타 분류 안된 상품 전문 소매업,26,부산광역시,26350,해운대구,26350551,좌1동,2635010700,좌동,2635010700114580005,1,대지,1458,5,부산광역시 해운대구 좌동 1458-5,263504199287,부산광역시 해운대구 해운대로781번길,20,,2635010700114580005000001,쥬노벨오피스텔,부산광역시 해운대구 해운대로781번길 20,612836,48102,,,,129.174623650549,35.1700421940193
MA0106202302A2171443,아쿠,,G2,소매,G221,기타 상품 소매,G22199,그 외 기타 상품 전문 소매업,G47859,그 외 기타 분류 안된 상품 전문 소매업,41,경기도,41590,화성시,41590530,병점1동,4159011700,병점동,4159011700108100000,1,대지,810,,경기도 화성시 병점동 810,415903210053,경기도 화성시 병점중앙로,107,,4159011700008100000023122,후면주공아파트,경기도 화성시 병점중앙로 107,445360,18410,,,,127.04091525681,37.2078153280375
MA0106202302A1168770,내장국악기불교사,,G2,소매,G221,기타 상품 소매,G22199,그 외 기타 상품 전문 소매업,G47859,그 외 기타 분류 안된 상품 전문 소매업,52,전북특별자치도,52180,정읍시,52180545,시기동,5218010400,시기동,5218010400104090000,1,대지,409,,전북특별자치도 정읍시 시기동 409,521804611018,전북특별자치도 정읍시 태평6길,22,2,4518010400104090080078483,,전북특별자치도 정읍시 태평6길 22-2,580060,56164,,,,126.854740681897,35.5629725660894
MA0106202301A1755194,천지유통,,G2,소매,G221,기타 상품 소매,G22199,그 외 기타 상품 전문 소매업,G47859,그 외 기타 분류 안된 상품 전문 소매업,26,부산광역시,26530,사상구,26530645,감전동,2653010500,감전동,2653010500101540001,1,대지,154,1,부산광역시 사상구 감전동 154-1,265304217001,부산광역시 사상구 가야대로103번길,46,,,,부산광역시 사상구 가야대로103번길 46,617801,46987,,,,128.985055933431,35.1527605960266
MA0106202301A1942070,동네점빵수성,황금점,G2,소매,G221,기타 상품 소매,G22199,그 외 기타 상품 전문 소매업,G47859,그 외 기타 분류 안된 상품 전문 소매업,27,대구광역시,27260,수성구,27260602,황금2동,2726010700,황금동,2726010700107610007,1,대지,761,7,대구광역시 수성구 황금동 761-7,272604238394,대구광역시 수성구 청솔로2길,32,,,,대구광역시 수성구 청솔로2길 32,706852,42144,,,,128.622002370299,35.8469370024037
MA0106202306A2029166,알게모르게,,G2,소매,G221,기타 상품 소매,G22199,그 외 기타 상품 전문 소매업,G47859,그 외 기타 분류 안된 상품 전문 소매업,46,전라남도,46230,광양시,46230530,중마동,4623010600,중동,4623010600117640003,1,대지,1764,3,전라남도 광양시 중동 1764-3,462304655182,전라남도 광양시 발섬4길,17,21,4623010600117640003000001,,전라남도 광양시 발섬4길 17-21,545888,57796,,,,127.700386398524,34.9350833705633
MA0106202302A1657827,문경하루,,G2,소매,G221,기타 상품 소매,G22199,그 외 기타 상품 전문 소매업,G47859,그 외 기타 분류 안된 상품 전문 소매업,47,경상북도,47280,문경시,47280250,문경읍,4728025022,문경읍,4728025022100900002,1,대지,90,2,경상북도 문경시 문경읍 하리 90-2,472803312027,경상북도 문경시 문경읍 주흘로,31,1,4728025022100900002036571,,경상북도 문경시 문경읍 주흘로 31-1,745804,36917,,,,128.107266254937,36.7352867494571
MA0106202302A1743425,연세본초당,,G2,소매,G221,기타 상품 소매,G22199,그 외 기타 상품 전문 소매업,G47859,그 외 기타 분류 안된 상품 전문 소매업,41,경기도,41117,수원시 영통구,41117610,광교2동,4111710400,하동,4111710400109860001,1,대지,986,1,경기도 수원시 영통구 하동 986-1,411174331225,경기도 수원시 영통구 광교중앙로248번길,95,9,4111710400109860001000001,캡틴법조타운,경기도 수원시 영통구 광교중앙로248번길 95-9,443280,16512,,1,,127.067982423179,37.2921406183333
MA0106202303A0741496,엄마푸드,,G2,소매,G221,기타 상품 소매,G22199,그 외 기타 상품 전문 소매업,G47859,그 외 기타 분류 안된 상품 전문 소매업,51,강원특별자치도,51110,춘천시,51110660,퇴계동,5111012300,퇴계동,5111012300112500000,1,대지,1250,,강원특별자치도 춘천시 퇴계동 1250,511104861748,강원특별자치도 춘천시 퇴계공단2길,41,,4211012300112500000000001,,강원특별자치도 춘천시 퇴계공단2길 41,200170,24427,,,,127.736212331017,37.8434575761605
MA0106202304A1538534,온누리푸드,,G2,소매,G221,기타 상품 소매,G22199,그 외 기타 상품 전문 소매업,G47859,그 외 기타 분류 안된 상품 전문 소매업,47,경상북도,47210,영주시,47210510,상망동,4721010200,상망동,4721010200106630004,1,대지,663,4,경상북도 영주시 상망동 663-4,472104727494,경상북도 영주시 원당로315번길,5,,4721010200106630004000001,,경상북도 영주시 원당로315번길 5,750904,36064,,,,128.640402331572,36.8358021581403
MA0106202303A1289609,하베스티나,,G2,소매,G221,기타 상품 소매,G22199,그 외 기타 상품 전문 소매업,G47859,그 외 기타 분류 안된 상품 전문 소매업,41,경기도,41273,안산시 단원구,41273535,호수동,4127310100,고잔동,4127310100107040002,1,대지,704,2,경기도 안산시 단원구 고잔동 704-2,412733191005,경기도 안산시 단원구 광덕서로,100,,4127310100107040002013169,두성타워빌,경기도 안산시 단원구 광덕서로 100,425807,15461,,1,,126.827683233518,37.3135424185222
MA0106202304A2373977,수소나라,,G2,소매,G221,기타 상품 소매,G22199,그 외 기타 상품 전문 소매업,G47859,그 외 기타 분류 안된 상품 전문 소매업,11,서울특별시,11290,성북구,11290555,삼선동,1129011100,삼선동1가,1129011100100140000,1,대지,14,,서울특별시 성북구 삼선동1가 14,112903005008,서울특별시 성북구 창경궁로,326,,1129011100100140000047594,,서울특별시 성북구 창경궁로 326,136041,02866,,2,,127.00580832566,37.5880624249938
MA0106202304A0343576,팔달불교사,,G2,소매,G221,기타 상품 소매,G22199,그 외 기타 상품 전문 소매업,G47859,그 외 기타 분류 안된 상품 전문 소매업,41,경기도,41115,수원시 팔달구,41115730,인계동,4111514100,인계동,4111514100109520012,1,대지,952,12,경기도 수원시 팔달구 인계동 952-12,411154328303,경기도 수원시 팔달구 중부대로128번길,13,,4111514100109520012005241,,경기도 수원시 팔달구 중부대로128번길 13,442832,16471,,1,,127.030038167387,37.2774874154985
MA0106202304A2114591,디케이엔씨,,G2,소매,G221,기타 상품 소매,G22199,그 외 기타 상품 전문 소매업,G47859,그 외 기타 분류 안된 상품 전문 소매업,41,경기도,41117,수원시 영통구,41117580,영통2동,4111710600,신동,4111710600104780006,1,대지,478,6,경기도 수원시 영통구 신동 478-6,411173177010,경기도 수원시 영통구 신원로,55,,4111710600104780006000001,테크트리영통지식산업센터,경기도 수원시 영통구 신원로 55,443472,16677,,,,127.04785795817,37.2487473161453
MA0106202306A1699615,은진에스피,,G2,소매,G221,기타 상품 소매,G22199,그 외 기타 상품 전문 소매업,G47859,그 외 기타 분류 안된 상품 전문 소매업,11,서울특별시,11530,구로구,11530800,항동,1153011200,항동,1153011200102460001,1,대지,246,1,서울특별시 구로구 항동 246-1,115303185018,서울특별시 구로구 부광로,88,,1153011200200510001000002,제,서울특별시 구로구 부광로 88,152140,08362,,11,,126.816839183281,37.4772326174633
MA0106202306A1625708,후레쉬종합식자재유통,,G2,소매,G221,기타 상품 소매,G22199,그 외 기타 상품 전문 소매업,G47859,그 외 기타 분류 안된 상품 전문 소매업,26,부산광역시,26440,강서구,26440535,명지1동,2644010400,명지동,2644010400134870001,1,대지,3487,1,부산광역시 강서구 명지동 3487-1,264404853415,부산광역시 강서구 명지국제5로148번길,2,,2644010400134870001000001,,부산광역시 강서구 명지국제5로148번길 2,618200,46773,,1,,128.921577325268,35.106922391581
MA0106202301A2069846,초코인터내셔널,,G2,소매,G221,기타 상품 소매,G22199,그 외 기타 상품 전문 소매업,G47859,그 외 기타 분류 안된 상품 전문 소매업,41,경기도,41360,남양주시,41360310,별내면,4136031023,별내면,4136031023101750008,1,대지,175,8,경기도 남양주시 별내면 광전리 175-8,413604391504,경기도 남양주시 별내면 송산로678번길,8,,,,경기도 남양주시 별내면 송산로678번길 8,472811,12090,,,,127.124776689801,37.6996014527866
MA0106202301A1878403,KD케미칼,,G2,소매,G221,기타 상품 소매,G22199,그 외 기타 상품 전문 소매업,G47859,그 외 기타 분류 안된 상품 전문 소매업,41,경기도,41171,안양시 만안구,41171600,석수2동,4117110200,석수동,4117110200102830016,1,대지,283,16,경기도 안양시 만안구 석수동 283-16,411714346137,경기도 안양시 만안구 석천로159번길,67,,,,경기도 안양시 만안구 석천로159번길 67,430807,13968,,,,126.907541549976,37.4144386121558
MA0106202301A1905585,서도산업,,G2,소매,G221,기타 상품 소매,G22199,그 외 기타 상품 전문 소매업,G47859,그 외 기타 분류 안된 상품 전문 소매업,31,울산광역시,31110,중구,31110585,중앙동,3111010500,옥교동,3111010500103060006,1,대지,306,6,울산광역시 중구 옥교동 306-6,311103169004,울산광역시 중구 구교로,20,,,,울산광역시 중구 구교로 20,681190,44523,,,,129.326659586438,35.5551320348786
MA0106202302A1560310,정훈맘만능,,G2,소매,G221,기타 상품 소매,G22199,그 외 기타 상품 전문 소매업,G47859,그 외 기타 분류 안된 상품 전문 소매업,41,경기도,41360,남양주시,41360510,호평동,4136010100,호평동,4136010100106150000,1,대지,615,,경기도 남양주시 호평동 615,413603197013,경기도 남양주시 늘을2로,90,36,4136010100106150000003369,호평마을신명스카이뷰하트14단지,경기도 남양주시 늘을2로 90-36,472958,12144,,,,127.245942940724,37.6604888032681
MA0106202303A1318999,가영마켓,,G2,소매,G221,기타 상품 소매,G22199,그 외 기타 상품 전문 소매업,G47859,그 외 기타 분류 안된 상품 전문 소매업,11,서울특별시,11560,영등포구,11560535,영등포동,1156010600,영등포동5가,1156010600101040000,1,대지,104,,서울특별시 영등포구 영등포동5가 104,115604154723,서울특별시 영등포구 영등포로43길,27,,1156010600101040000034011,,서울특별시 영등포구 영등포로43길 27,150030,07250,,1,,126.907081216793,37.5217666447357
MA0106202303A1512680,블레싱,,G2,소매,G221,기타 상품 소매,G22199,그 외 기타 상품 전문 소매업,G47859,그 외 기타 분류 안된 상품 전문 소매업,11,서울특별시,11200,성동구,11200650,성수1가1동,1120011400,성수동1가,1120011400106560950,1,대지,656,950,서울특별시 성동구 성수동1가 656-950,112003005011,서울특별시 성동구 왕십리로,88,,1120011400106590006008564,노벨빌딩,서울특별시 성동구 왕십리로 88,133821,04778,,B1,,127.045308567923,37.5454637986301
MA0106202303A0876173,뻥마을,,G2,소매,G221,기타 상품 소매,G22199,그 외 기타 상품 전문 소매업,G47859,그 외 기타 분류 안된 상품 전문 소매업,11,서울특별시,11290,성북구,11290760,장위1동,1129013800,장위동,1129013800102190275,1,대지,219,275,서울특별시 성북구 장위동 219-275,112904121560,서울특별시 성북구 장위로21나길,59,,1129013800102190275012638,,서울특별시 성북구 장위로21나길 59,136834,02755,,1,,127.045533058416,37.616822408558
MA0106202304A1322843,천냥시대,,G2,소매,G221,기타 상품 소매,G22199,그 외 기타 상품 전문 소매업,G47859,그 외 기타 분류 안된 상품 전문 소매업,48,경상남도,48330,양산시,48330510,중앙동,4833010300,중부동,4833010300104210006,1,대지,421,6,경상남도 양산시 중부동 421-6,483304814741,경상남도 양산시 장터1길,16,,4833010300104210006055770,,경상남도 양산시 장터1길 16,626050,50621,,1,,129.035993185676,35.3426354909406
MA0106202304A1138124,대전청호,대리점,G2,소매,G221,기타 상품 소매,G22199,그 외 기타 상품 전문 소매업,G47859,그 외 기타 분류 안된 상품 전문 소매업,30,대전광역시,30140,중구,30140655,용두동,3014011200,용두동,3014011200100560010,1,대지,56,10,대전광역시 중구 용두동 56-10,301402010003,대전광역시 중구 동서대로,1352,,3014011200100560010015817,,대전광역시 중구 동서대로 1352,301831,34855,,2,,127.409079572228,36.3298664984907
MA0106202303A1072548,단짝토퍼,,G2,소매,G221,기타 상품 소매,G22199,그 외 기타 상품 전문 소매업,G47859,그 외 기타 분류 안된 상품 전문 소매업,28,인천광역시,28237,부평구,28237661,부개3동,2823710700,부개동,2823710700104960019,1,대지,496,19,인천광역시 부평구 부개동 496-19,282373154007,인천광역시 부평구 길주남로,155,,2823710700104960019110260,성진프라자,인천광역시 부평구 길주남로 155,403815,21345,,,,126.738975342266,37.5040353247751
MA0106202304A1167595,수뷰티샵,,G2,소매,G221,기타 상품 소매,G22199,그 외 기타 상품 전문 소매업,G47859,그 외 기타 분류 안된 상품 전문 소매업,52,전북특별자치도,52140,익산시,52140652,어양동,5214012300,어양동,5214012300102780103,1,대지,278,103,전북특별자치도 익산시 어양동 278-103,521403269039,전북특별자치도 익산시 하나로,528,,4514012300102780103000001,,전북특별자치도 익산시 하나로 528,570210,54548,,1,,126.980354874146,35.9676561671659
MA0106202304A1665244,롤로,,G2,소매,G221,기타 상품 소매,G22199,그 외 기타 상품 전문 소매업,G47859,그 외 기타 분류 안된 상품 전문 소매업,47,경상북도,47230,영천시,47230520,중앙동,4723012300,오미동,4723012300112400008,1,대지,1240,8,경상북도 영천시 오미동 1240-8,472304730477,경상북도 영천시 오미길,61,,4723012300201130005000001,,경상북도 영천시 오미길 61,770270,38823,,,,128.92945696568,35.9846197830293
MA0106202304A1524787,에이치지커피로스터즈,,G2,소매,G221,기타 상품 소매,G22199,그 외 기타 상품 전문 소매업,G47859,그 외 기타 분류 안된 상품 전문 소매업,44,충청남도,44270,당진시,44270520,당진2동,4427010200,채운동,4427010200105110001,1,대지,511,1,충청남도 당진시 채운동 511-1,442703265019,충청남도 당진시 대호만로,28,,4483025022105110001087540,,충청남도 당진시 대호만로 28,343927,31780,,1,,126.621722881567,36.8981607751679
MA0106202306A1879832,한신유지,,G2,소매,G221,기타 상품 소매,G22199,그 외 기타 상품 전문 소매업,G47859,그 외 기타 분류 안된 상품 전문 소매업,50,제주특별자치도,50110,제주시,50110640,오라동,5011012000,오라이동,5011012000102050003,1,대지,205,3,제주특별자치도 제주시 오라이동 205-3,501103349145,제주특별자치도 제주시 오라남로,43,1,5011012000102050003000001,,제주특별자치도 제주시 오라남로 43-1,690162,63144,,1,,126.513418147846,33.456962816223
MA0106202306A0327179,달빛성인용품유통,,G2,소매,G221,기타 상품 소매,G22199,그 외 기타 상품 전문 소매업,G47859,그 외 기타 분류 안된 상품 전문 소매업,41,경기도,41271,안산시 상록구,41271515,이동,4127110200,이동,4127110200105860010,1,대지,586,10,경기도 안산시 상록구 이동 586-10,412713190071,경기도 안산시 상록구 충장로,278,1,4127110200105860010019903,,경기도 안산시 상록구 충장로 278-1,426857,15513,,,,126.858166909772,37.3061943981447
MA0106202306A0744695,멀티샵,,G2,소매,G221,기타 상품 소매,G22199,그 외 기타 상품 전문 소매업,G47859,그 외 기타 분류 안된 상품 전문 소매업,26,부산광역시,26500,수영구,26500800,민락동,2650010300,민락동,2650010300100370019,1,대지,37,19,부산광역시 수영구 민락동 37-19,265003138002,부산광역시 수영구 광남로,230,,2650010300100370019012908,,부산광역시 수영구 광남로 230,613828,48287,,2,,129.123946155164,35.1587492139486
MA0106202306A0260541,비엠아이,,G2,소매,G221,기타 상품 소매,G22199,그 외 기타 상품 전문 소매업,G47859,그 외 기타 분류 안된 상품 전문 소매업,41,경기도,41480,파주시,41480262,조리읍,4148026226,조리읍,4148026226100470002,1,대지,47,2,경기도 파주시 조리읍 능안리 47-2,414804418784,경기도 파주시 조리읍 탑삭골길,77,43,4148026226100470003000001,,경기도 파주시 조리읍 탑삭골길 77-43,413822,10935,,2,,126.790520182118,37.7396286680664
MA0106202306A1188332,운계상사,,G2,소매,G221,기타 상품 소매,G22199,그 외 기타 상품 전문 소매업,G47859,그 외 기타 분류 안된 상품 전문 소매업,30,대전광역시,30140,중구,30140740,산성동,3014011700,산성동,3014011700102850001,1,대지,285,1,대전광역시 중구 산성동 285-1,301403000093,대전광역시 중구 대둔산로,420,,3014011700102850001027704,광민빌딩,대전광역시 중구 대둔산로 420,301819,35012,,2,,127.3871237842,36.306554017771
MA0106202306A0801082,브루프레소,,G2,소매,G221,기타 상품 소매,G22199,그 외 기타 상품 전문 소매업,G47859,그 외 기타 분류 안된 상품 전문 소매업,11,서울특별시,11470,양천구,11470650,신정4동,1147010100,신정동,1147010100109190004,1,대지,919,4,서울특별시 양천구 신정동 919-4,114703114011,서울특별시 양천구 신정중앙로,32,,1147010100109190004001319,좌측호,서울특별시 양천구 신정중앙로 32,158858,07940,,1,,126.855113221767,37.5273906376548
MA0106202306A0284811,월드사이언스,,G2,소매,G221,기타 상품 소매,G22199,그 외 기타 상품 전문 소매업,G47859,그 외 기타 분류 안된 상품 전문 소매업,41,경기도,41194,부천시 소사구,41194560,옥길동,4119410600,옥길동,4119410600107950001,1,대지,795,1,경기도 부천시 소사구 옥길동 795-1,411943186021,경기도 부천시 소사구 양지로,237,,4119011500107950001000001,,경기도 부천시 소사구 양지로 237,422080,14786,,,,126.82780793771,37.4663288779076
MA0106202306A2168350,라이프켐,,G2,소매,G221,기타 상품 소매,G22199,그 외 기타 상품 전문 소매업,G47859,그 외 기타 분류 안된 상품 전문 소매업,28,인천광역시,28185,연수구,28185860,송도5동,2818510600,송도동,2818510600103160000,1,대지,316,,인천광역시 연수구 송도동 316,281853152013,인천광역시 연수구 센트럴로,415,,2818510600103160000000001,힐스테이트송도더테라스,인천광역시 연수구 센트럴로 415,406840,22020,,,,126.626682750504,37.4108759742808
MA0106202306A1704948,라라슈케이크,,G2,소매,G221,기타 상품 소매,G22199,그 외 기타 상품 전문 소매업,G47859,그 외 기타 분류 안된 상품 전문 소매업,41,경기도,41117,수원시 영통구,41117600,광교1동,4111710300,이의동,4111710300113060007,1,대지,1306,7,경기도 수원시 영통구 이의동 1306-7,411174331243,경기도 수원시 영통구 센트럴파크로127번길,56,,4111710300113060007000001,,경기도 수원시 영통구 센트럴파크로127번길 56,443270,16506,,1,,127.053311793936,37.2946259886451
MA0106202303A1570716,콘솔레,,G2,소매,G221,기타 상품 소매,G22199,그 외 기타 상품 전문 소매업,G47859,그 외 기타 분류 안된 상품 전문 소매업,28,인천광역시,28110,중구,28110628,운서동,2811014700,운서동,2811014700131120009,1,대지,3112,9,인천광역시 중구 운서동 3112-9,281104247505,인천광역시 중구 흰바위로92번길,5,18,2811014700131120009000001,,인천광역시 중구 흰바위로92번길 5-18,400340,22376,,,,126.494029583514,37.489626039253
MA0106202303A0440590,웰F&S,,G2,소매,G221,기타 상품 소매,G22199,그 외 기타 상품 전문 소매업,G47859,그 외 기타 분류 안된 상품 전문 소매업,27,대구광역시,27140,동구,27140720,안심1동,2714011800,율하동,2714011800110090004,1,대지,1009,4,대구광역시 동구 율하동 1009-4,271404226273,대구광역시 동구 율하동로15길,52,,2714011800110090004036480,,대구광역시 동구 율하동로15길 52,701847,41122,,1,,128.696020704517,35.8679925318901
MA0106202303A0515735,픽미픽미문구점,봉담점,G2,소매,G221,기타 상품 소매,G22199,그 외 기타 상품 전문 소매업,G47859,그 외 기타 분류 안된 상품 전문 소매업,41,경기도,41590,화성시,41590253,봉담읍,4159025321,봉담읍,4159025321106300006,1,대지,630,6,경기도 화성시 봉담읍 상리 630-6,415904855205,경기도 화성시 봉담읍 장등2길,5,54,4159025321106300006000001,,경기도 화성시 봉담읍 장등2길 5-54,445891,18314,,,,126.946322670276,37.2217224380346
MA0106202304A2431888,럭키테이블,,G2,소매,G221,기타 상품 소매,G22199,그 외 기타 상품 전문 소매업,G47859,그 외 기타 분류 안된 상품 전문 소매업,11,서울특별시,11620,관악구,11620625,인헌동,1162010100,봉천동,1162010100116580013,1,대지,1658,13,서울특별시 관악구 봉천동 1658-13,116203005083,서울특별시 관악구 봉천로,597,,1162010100116580013025503,,서울특별시 관악구 봉천로 597,151832,08793,,3,,126.96382270222,37.4764049614919
MA0106202304A1307595,마음담다컴퍼니,,G2,소매,G221,기타 상품 소매,G22199,그 외 기타 상품 전문 소매업,G47859,그 외 기타 분류 안된 상품 전문 소매업,29,광주광역시,29170,북구,29170696,양산동,2917012900,연제동,2917012900110380006,1,대지,1038,6,광주광역시 북구 연제동 1038-6,291703162094,광주광역시 북구 첨단연신로,45,,2917012900110380006000004,,광주광역시 북구 첨단연신로 45,500896,61089,,2,,126.8632719564,35.2013797207823
MA0106202304A0375756,광성상회,,G2,소매,G221,기타 상품 소매,G22199,그 외 기타 상품 전문 소매업,G47859,그 외 기타 분류 안된 상품 전문 소매업,28,인천광역시,28200,남동구,28200660,남촌도림동,2820010800,수산동,2820010800103580000,1,대지,358,,인천광역시 남동구 수산동 358,282003153006,인천광역시 남동구 구수골로,26,,2820010800103580000017574,,인천광역시 남동구 구수골로 26,405290,21620,,,,126.729348600172,37.432563699532
MA0106202304A1097321,부엉이푸드,,G2,소매,G221,기타 상품 소매,G22199,그 외 기타 상품 전문 소매업,G47859,그 외 기타 분류 안된 상품 전문 소매업,30,대전광역시,30230,대덕구,30230525,회덕동,3023010500,신대동,3023010500104520001,1,대지,452,1,대전광역시 대덕구 신대동 452-1,302301000040,대전광역시 대덕구 갑천도시고속도로,1125,,3023010500104520001000001,,대전광역시 대덕구 갑천도시고속도로 1125,306080,34358,,1,,127.413125368215,36.3873383866373
MA0106202304A0788401,인더모닝,,G2,소매,G221,기타 상품 소매,G22199,그 외 기타 상품 전문 소매업,G47859,그 외 기타 분류 안된 상품 전문 소매업,43,충청북도,43111,청주시 상당구,43111730,용암2동,4311112400,용암동,4311112400134010000,1,대지,3401,,충청북도 청주시 상당구 용암동 3401,431114857320,충청북도 청주시 상당구 동남로109번길,5,5,4311112400129430430000002,,충청북도 청주시 상당구 동남로109번길 5-5,360102,28809,,1,,127.516416504477,36.6049332190957
MA0106202305A2177399,디엔아이이엔티,,G2,소매,G221,기타 상품 소매,G22199,그 외 기타 상품 전문 소매업,G47859,그 외 기타 분류 안된 상품 전문 소매업,11,서울특별시,11680,강남구,11680531,논현2동,1168010800,논현동,1168010800102400016,1,대지,240,16,서울특별시 강남구 논현동 240-16,116804166456,서울특별시 강남구 선릉로129길,26,,1168010800102400016006336,,서울특별시 강남구 선릉로129길 26,135830,06099,,4,,127.039374868015,37.5159401112473
MA0106202305A2250679,임고머슴장터,,G2,소매,G221,기타 상품 소매,G22199,그 외 기타 상품 전문 소매업,G47859,그 외 기타 분류 안된 상품 전문 소매업,47,경상북도,47230,영천시,47230370,임고면,4723037021,임고면,4723037021103390000,1,대지,339,,경상북도 영천시 임고면 양항리 339,472304730438,경상북도 영천시 임고면 양항2길,27,4,4723037021103390000000001,,경상북도 영천시 임고면 양항2길 27-4,770861,38817,,,,128.975977035005,36.0117233544568
MA0106202305A2095194,이삐마켓,,G2,소매,G221,기타 상품 소매,G22199,그 외 기타 상품 전문 소매업,G47859,그 외 기타 분류 안된 상품 전문 소매업,28,인천광역시,28185,연수구,28185766,청학동,2818510400,청학동,2818510400104570004,1,대지,457,4,인천광역시 연수구 청학동 457-4,281854256205,인천광역시 연수구 청능말로8번길,2,,2818510400104570004168170,,인천광역시 연수구 청능말로8번길 2,406830,21962,,1,,126.668344474133,37.4176676965173
MA0106202305A1699582,아뜰리에감성,,G2,소매,G221,기타 상품 소매,G22199,그 외 기타 상품 전문 소매업,G47859,그 외 기타 분류 안된 상품 전문 소매업,46,전라남도,46130,여수시,46130570,중앙동,4613010700,중앙동,4613010700101130002,1,대지,113,2,전라남도 여수시 중앙동 113-2,461304646857,전라남도 여수시 중앙4길,25,1,4613010700102330000018466,,전라남도 여수시 중앙4길 25-1,550060,59740,,1,,127.742087617795,34.7376496319618
MA0106202306A0236243,올소,,G2,소매,G221,기타 상품 소매,G22199,그 외 기타 상품 전문 소매업,G47859,그 외 기타 분류 안된 상품 전문 소매업,41,경기도,41830,양평군,41830250,양평읍,4183025028,양평읍,4183025028106880000,1,대지,688,,경기도 양평군 양평읍 대흥리 688,418303000145,경기도 양평군 양평읍 경강로,2301,,4183025028106880000000001,,경기도 양평군 양평읍 경강로 2301,476801,12548,,1,,127.532677213413,37.492671142047
MA0106202306A0915050,명랑부대찌개,,G2,소매,G221,기타 상품 소매,G22199,그 외 기타 상품 전문 소매업,G47859,그 외 기타 분류 안된 상품 전문 소매업,41,경기도,41390,시흥시,41390596,배곧1동,4139013500,배곧동,4139013500100730000,1,대지,73,,경기도 시흥시 배곧동 73,413903350763,경기도 시흥시 배곧4로,87,,4139013200117720021000032,베스트프라자,경기도 시흥시 배곧4로 87,,15010,,,,126.733395655602,37.3745923703452
MA0106202306A0817440,에그앤밀,,G2,소매,G221,기타 상품 소매,G22199,그 외 기타 상품 전문 소매업,G47859,그 외 기타 분류 안된 상품 전문 소매업,11,서울특별시,11350,노원구,11350619,중계본동,1135010600,중계동,1135010600103660000,1,대지,366,,서울특별시 노원구 중계동 366,113503110007,서울특별시 노원구 중계로,198,,1135010600103660000010988,청구아파트,서울특별시 노원구 중계로 198,139795,01721,,1,,127.078722043706,37.6508982239282
MA0106202306A2283926,경북축산,,G2,소매,G221,기타 상품 소매,G22199,그 외 기타 상품 전문 소매업,G47859,그 외 기타 분류 안된 상품 전문 소매업,27,대구광역시,27290,달서구,27290550,두류3동,2729010200,두류동,2729010200106170002,1,대지,617,2,대구광역시 달서구 두류동 617-2,272904241390,대구광역시 달서구 야외음악당로39길,31,,2729010200106170002000001,,대구광역시 달서구 야외음악당로39길 31,704910,42649,,,,128.554700577435,35.8533869197147
MA0106202306A1685633,허니네,,G2,소매,G221,기타 상품 소매,G22199,그 외 기타 상품 전문 소매업,G47859,그 외 기타 분류 안된 상품 전문 소매업,51,강원특별자치도,51210,속초시,51210520,동명동,5121010200,동명동,5121010200105130037,1,대지,513,37,강원특별자치도 속초시 동명동 513-37,512104469083,강원특별자치도 속초시 번영로105번길,17,2,4221010200105130037016207,,강원특별자치도 속초시 번영로105번길 17-2,217810,24828,,1,,128.586528447599,38.2103168216166
MA0106202306A1689817,평화포장생활,,G2,소매,G221,기타 상품 소매,G22199,그 외 기타 상품 전문 소매업,G47859,그 외 기타 분류 안된 상품 전문 소매업,11,서울특별시,11110,종로구,11110630,종로5.6가동,1111016300,종로5가,1111016300104900000,1,대지,490,,서울특별시 종로구 종로5가 490,111103100021,서울특별시 종로구 청계천로,247,,1111016300104900000011759,로얄빌딩,서울특별시 종로구 청계천로 247,110836,03197,,5,,127.00518434362,37.5699344539443
MA0106202312A2275952,죠스아이스크림,,G2,소매,G221,기타 상품 소매,G22199,그 외 기타 상품 전문 소매업,G47859,그 외 기타 분류 안된 상품 전문 소매업,41,경기도,41630,양주시,41630580,옥정2동,4163011400,옥정동,4163011400110970000,1,대지,1097,,경기도 양주시 옥정동 1097,416304852480,경기도 양주시 옥정로2길,229,,4163011400110970000000001,양주옥정유림노르웨이숲,경기도 양주시 옥정로2길 229,482130,11476,,1,,127.095644702706,37.8129792849192
MA0106202312A0284177,코코아간식가게,,G2,소매,G221,기타 상품 소매,G22199,그 외 기타 상품 전문 소매업,G47859,그 외 기타 분류 안된 상품 전문 소매업,28,인천광역시,28260,서구,28260575,신현원창동,2826010900,신현동,2826010900103020001,1,대지,302,1,인천광역시 서구 신현동 302-1,282603156005,인천광역시 서구 가정로,387,,2826010900102540000004523,신현이편한세상하늘채,인천광역시 서구 가정로 387,404240,22778,,1,,126.672748845629,37.5216831970939
MA0106202309A1037162,구파발따봉치킨,,G2,소매,G221,기타 상품 소매,G22199,그 외 기타 상품 전문 소매업,G47859,그 외 기타 분류 안된 상품 전문 소매업,11,서울특별시,11380,은평구,11380690,진관동,1138011400,진관동,1138011400100120000,1,대지,12,,서울특별시 은평구 진관동 12,113803111012,서울특별시 은평구 진관4로,48,17,1138011400100130012000001,은평뉴타운상림마을7단지,서울특별시 은평구 진관4로 48-17,122737,03303,,1,,126.92735768701,37.6448565262782
MA0106202309A1131626,몽키아이스크림송도에듀포레점,,G2,소매,G221,기타 상품 소매,G22199,그 외 기타 상품 전문 소매업,G47859,그 외 기타 분류 안된 상품 전문 소매업,28,인천광역시,28185,연수구,28185840,송도3동,2818510600,송도동,2818510600101910004,1,대지,191,4,인천광역시 연수구 송도동 191-4,281854256372,인천광역시 연수구 송도문화로84번길,24,,2818510600101910004000001,송도에듀포레푸르지오,인천광역시 연수구 송도문화로84번길 24,406083,21986,,1,,126.660485661453,37.374315440961
MA0106202312A1713267,하이루상점,,G2,소매,G221,기타 상품 소매,G22199,그 외 기타 상품 전문 소매업,G47859,그 외 기타 분류 안된 상품 전문 소매업,27,대구광역시,27230,북구,27230526,칠성동,2723010200,칠성동2가,2723010200107230000,1,대지,723,,대구광역시 북구 칠성동2가 723,272302007001,대구광역시 북구 중앙대로,540,,2723010200103700002000007,칠성동코오롱하늘채,대구광역시 북구 중앙대로 540,702062,41579,,1,,128.597060398765,35.8803251101682
MA0106202404A1754397,더뻥튀기관산동,,G2,소매,G221,기타 상품 소매,G22199,그 외 기타 상품 전문 소매업,G47859,그 외 기타 분류 안된 상품 전문 소매업,41,경기도,41281,고양시 덕양구,41281600,관산동,4128111800,관산동,4128111800110150000,1,대지,1015,,경기도 고양시 덕양구 관산동 1015,412813000008,경기도 고양시 덕양구 통일로,760,,4128111800101780052000001,더퍼스트프라임,경기도 고양시 덕양구 통일로 760,412470,10285,,1,,126.866071010672,37.6878607073992
MA0106202404A2198347,김앤김플루츠,,G2,소매,G221,기타 상품 소매,G22199,그 외 기타 상품 전문 소매업,G47859,그 외 기타 분류 안된 상품 전문 소매업,29,광주광역시,29170,북구,29170601,운암1동,2917010900,운암동,2917010900100670000,1,대지,67,,광주광역시 북구 운암동 67,291704286341,광주광역시 북구 서강로54번길,55,,2917010900100670001000002,벽산블루밍메가씨티1단지,광주광역시 북구 서강로54번길 55,500922,61260,,1,,126.877122164974,35.1776348616287
MA0106202309A0702357,이고조고,,G2,소매,G221,기타 상품 소매,G22199,그 외 기타 상품 전문 소매업,G47859,그 외 기타 분류 안된 상품 전문 소매업,41,경기도,41390,시흥시,41390520,신천동,4139010200,신천동,4139010200107490018,1,대지,749,18,경기도 시흥시 신천동 749-18,413904397378,경기도 시흥시 수인로3413번길,29,,4139010200107490002005519,기원아트빌,경기도 시흥시 수인로3413번길 29,429830,14947,,1,,126.778646860646,37.4396671753589
MA0106202404A1880787,참선진종합식품제주총판,,G2,소매,G221,기타 상품 소매,G22199,그 외 기타 상품 전문 소매업,G47859,그 외 기타 분류 안된 상품 전문 소매업,50,제주특별자치도,50110,제주시,50110680,이호동,5011012600,이호이동,5011012600110230000,1,대지,1023,,제주특별자치도 제주시 이호이동 1023,501103349143,제주특별자치도 제주시 오광로,49,,5011012600110230000060544,한라맨션,제주특별자치도 제주시 오광로 49,690231,63109,,1,,126.45758336166,33.4914243839725
MA0106202311A0485059,본가,,G2,소매,G221,기타 상품 소매,G22199,그 외 기타 상품 전문 소매업,G47859,그 외 기타 분류 안된 상품 전문 소매업,41,경기도,41113,수원시 권선구,41113530,세류2동,4111312600,세류동,4111312600104430023,1,대지,443,23,경기도 수원시 권선구 세류동 443-23,411134325311,경기도 수원시 권선구 세권로42번길,14,,4111312600104430023034008,상진빌라,경기도 수원시 권선구 세권로42번길 14,441869,16586,,1,,127.008758969906,37.2588213218547
MA0106202311A1701138,린수학,,G2,소매,G221,기타 상품 소매,G22199,그 외 기타 상품 전문 소매업,G47859,그 외 기타 분류 안된 상품 전문 소매업,41,경기도,41590,화성시,41590610,동탄7동,4159013700,송동,4159013700106940000,1,대지,694,,경기도 화성시 송동 694,415902348100,경기도 화성시 동탄대로,181,,4159013700106810535000001,동탄린스트라우스더레이크,경기도 화성시 동탄대로 181,,18497,,2,,127.104075287646,37.1720679418999
MA0106202404A0440526,옐로우스완케이크,,G2,소매,G221,기타 상품 소매,G22199,그 외 기타 상품 전문 소매업,G47859,그 외 기타 분류 안된 상품 전문 소매업,41,경기도,41271,안산시 상록구,41271570,부곡동,4127110700,부곡동,4127110700105460004,1,대지,546,4,경기도 안산시 상록구 부곡동 546-4,412713190067,경기도 안산시 상록구 정재로,54,,4127110700105460004038421,명칭없음,경기도 안산시 상록구 정재로 54,426819,15307,,1,,126.867291423794,37.3323709825333
MA0106202404A2077594,바이크,데일리,G2,소매,G221,기타 상품 소매,G22199,그 외 기타 상품 전문 소매업,G47859,그 외 기타 분류 안된 상품 전문 소매업,11,서울특별시,11710,송파구,11710650,잠실본동,1171010100,잠실동,1171010100101990001,1,대지,199,1,서울특별시 송파구 잠실동 199-1,117104169446,서울특별시 송파구 올림픽로8길,31,,1171010100101990001002034,플레이보이,서울특별시 송파구 올림픽로8길 31,138862,05562,,1,,127.080710366343,37.5089363178771
MA0106202311A2288302,씨제이올리브영천호역점,,G2,소매,G221,기타 상품 소매,G22199,그 외 기타 상품 전문 소매업,G47859,그 외 기타 분류 안된 상품 전문 소매업,11,서울특별시,11740,강동구,11740610,천호2동,1174010900,천호동,1174010900104320010,1,대지,432,10,서울특별시 강동구 천호동 432-10,117403123023,서울특별시 강동구 올림픽로,659,,1174010900104320010012201,쌍용플래티넘리버,서울특별시 강동구 올림픽로 659,134874,05248,,1,,127.123458485766,37.5403263173852
MA0106202311A1085439,대가방밀키트,,G2,소매,G221,기타 상품 소매,G22199,그 외 기타 상품 전문 소매업,G47859,그 외 기타 분류 안된 상품 전문 소매업,11,서울특별시,11680,강남구,11680531,논현2동,1168010800,논현동,1168010800102780004,1,대지,278,4,서울특별시 강남구 논현동 278-4,116803122004,서울특별시 강남구 봉은사로,333,,1168010800102780004008044,선정릉역모아엘가퍼스트홈,서울특별시 강남구 봉은사로 333,135833,06103,,1,,127.043070572162,37.5105237871756
MA0106202403A2014164,봉숭아학당인카운터힐링점,,G2,소매,G221,기타 상품 소매,G22199,그 외 기타 상품 전문 소매업,G47859,그 외 기타 분류 안된 상품 전문 소매업,51,강원특별자치도,51130,원주시,51130541,명륜1동,5113010600,명륜동,5113010600100260000,1,대지,26,,강원특별자치도 원주시 명륜동 26,511303219054,강원특별자치도 원주시 치악로,1803,,4213010600100260000004051,치악맨숀,강원특별자치도 원주시 치악로 1803,220945,26441,,1,,127.954405183698,37.3431110467701
MA0106202404A2116171,로움베이프,,G2,소매,G221,기타 상품 소매,G22199,그 외 기타 상품 전문 소매업,G47859,그 외 기타 분류 안된 상품 전문 소매업,11,서울특별시,11680,강남구,11680650,역삼2동,1168010100,역삼동,1168010100107090005,1,대지,709,5,서울특별시 강남구 역삼동 709-5,116804166745,서울특별시 강남구 테헤란로52길,16,,1168010100107090000023253,테헤란아이파크,서울특별시 강남구 테헤란로52길 16,135919,06213,,1,,127.046379595376,37.5024945792307
MA0106202403A2066802,아이스크림할인점,원흥역점,G2,소매,G221,기타 상품 소매,G22199,그 외 기타 상품 전문 소매업,G47859,그 외 기타 분류 안된 상품 전문 소매업,41,경기도,41281,고양시 덕양구,41281577,삼송2동,4128111100,삼송동,4128111100103320000,1,대지,332,,경기도 고양시 덕양구 삼송동 332,412813194063,경기도 고양시 덕양구 덕수천1로,37,,4128111100103320000000001,삼송마을LH18단지,경기도 고양시 덕양구 덕수천1로 37,412080,10587,,1,,126.878459913039,37.6479336866811
MA0106202311A0585504,새영동기물,,G2,소매,G221,기타 상품 소매,G22199,그 외 기타 상품 전문 소매업,G47859,그 외 기타 분류 안된 상품 전문 소매업,11,서울특별시,11680,강남구,11680521,논현1동,1168010800,논현동,1168010800101400017,1,대지,140,17,서울특별시 강남구 논현동 140-17,116804166013,서울특별시 강남구 강남대로126길,21,,1168010800101400017008335,명칭없음,서울특별시 강남구 강남대로126길 21,135822,06114,,1,,127.024170405095,37.5097813328913
MA0106202309A2186965,골드푸드,,G2,소매,G221,기타 상품 소매,G22199,그 외 기타 상품 전문 소매업,G47859,그 외 기타 분류 안된 상품 전문 소매업,26,부산광역시,26260,동래구,26260550,온천1동,2626010800,온천동,2626010800101650002,1,대지,165,2,부산광역시 동래구 온천동 165-2,262603130001,부산광역시 동래구 금강공원로,10,1,2626010800101650002013085,스파맨션,부산광역시 동래구 금강공원로 10-1,607831,47710,,1,,129.083510041743,35.2189097674256
MA0106202403A1383282,지은유통,,G2,소매,G221,기타 상품 소매,G22199,그 외 기타 상품 전문 소매업,G47859,그 외 기타 분류 안된 상품 전문 소매업,27,대구광역시,27260,수성구,27260690,고산3동,2726011500,매호동,2726011500110400000,1,대지,1040,,대구광역시 수성구 매호동 1040,272603146026,대구광역시 수성구 천을로,180,,2726011500110400000025961,매호동서타운,대구광역시 수성구 천을로 180,706763,42269,,1,,128.710248199982,35.8417751972523
MA0106202312A2035812,얌얌,구포점,G2,소매,G221,기타 상품 소매,G22199,그 외 기타 상품 전문 소매업,G47859,그 외 기타 분류 안된 상품 전문 소매업,26,부산광역시,26320,북구,26320510,구포1동,2632010500,구포동,2632010500111980018,1,대지,1198,18,부산광역시 북구 구포동 1198-18,263204196213,부산광역시 북구 모분재로23번길,76,,2632010500111980018006342,선경하이츠빌라,부산광역시 북구 모분재로23번길 76,616800,46596,,1,,129.010163837567,35.2063535266897
MA0106202403A1514551,미스터와인,,G2,소매,G221,기타 상품 소매,G22199,그 외 기타 상품 전문 소매업,G47859,그 외 기타 분류 안된 상품 전문 소매업,11,서울특별시,11680,강남구,11680590,삼성2동,1168010500,삼성동,1168010500100250031,1,대지,25,31,서울특별시 강남구 삼성동 25-31,116804166394,서울특별시 강남구 삼성로115길,32,,1168010500100250031017064,명칭없음,서울특별시 강남구 삼성로115길 32,135864,06094,,1,,127.049599296978,37.5143595037976
MA0106202312A1438718,하하아이스365청주용정점,,G2,소매,G221,기타 상품 소매,G22199,그 외 기타 상품 전문 소매업,G47859,그 외 기타 분류 안된 상품 전문 소매업,43,충청북도,43111,청주시 상당구,43111720,용암1동,4311112500,용정동,4311112500111170000,1,대지,1117,,충청북도 청주시 상당구 용정동 1117,431114571721,충청북도 청주시 상당구 용정로,35,,4311112500111170000000001,한라비발디2단지,충청북도 청주시 상당구 용정로 35,360823,28748,,1,,127.516680621311,36.6311189046093
MA0106202404A0437429,라벤더박스케이크,,G2,소매,G221,기타 상품 소매,G22199,그 외 기타 상품 전문 소매업,G47859,그 외 기타 분류 안된 상품 전문 소매업,11,서울특별시,11560,영등포구,11560540,여의동,1156011000,여의도동,1156011000100360000,1,대지,36,,서울특별시 영등포구 여의도동 36,115602118002,서울특별시 영등포구 의사당대로,127,,1156011000100360000037562,롯데캐슬엠파이어,서울특별시 영등포구 의사당대로 127,150936,07331,,1,,126.926415340645,37.5202395581685
MA0106202401A1646634,더경희궁찬송도,랜드마크점,G2,소매,G221,기타 상품 소매,G22199,그 외 기타 상품 전문 소매업,G47859,그 외 기타 분류 안된 상품 전문 소매업,28,인천광역시,28185,연수구,28185860,송도5동,2818510600,송도동,2818510600103190001,1,대지,319,1,인천광역시 연수구 송도동 319-1,281853351894,인천광역시 연수구 랜드마크로,113,,2818510600103190001000001,이편한세상송도,인천광역시 연수구 랜드마크로 113,406840,22021,,1,,126.617893165646,37.4134338046802
MA0106202404A1802728,성현상회,,G2,소매,G221,기타 상품 소매,G22199,그 외 기타 상품 전문 소매업,G47859,그 외 기타 분류 안된 상품 전문 소매업,36,세종특별자치시,36110,세종특별자치시,36110518,나성동,3611010700,나성동,3611010700107500000,1,대지,750,,세종특별자치시 세종특별자치시 나성동 750,361102000002,세종특별자치시 세종특별자치시 한누리대로,227,,3611010700104550001000001,세종마루,세종특별자치시 세종특별자치시 한누리대로 227,339003,30127,,2,,127.258490686376,36.4848466275564
MA0106202312A1306069,아이스크림,,G2,소매,G221,기타 상품 소매,G22199,그 외 기타 상품 전문 소매업,G47859,그 외 기타 분류 안된 상품 전문 소매업,41,경기도,41450,하남시,41450630,미사3동,4145011000,풍산동,4145011000106260000,1,대지,626,,경기도 하남시 풍산동 626,414504855815,경기도 하남시 세미로1길,11,,4145011000103990006000001,하남힐즈파크푸르지오2단지,경기도 하남시 세미로1길 11,465170,12982,,2,,127.194707184263,37.5438703681766
MA0106202309A1317221,삼정전통시장,,G2,소매,G221,기타 상품 소매,G22199,그 외 기타 상품 전문 소매업,G47859,그 외 기타 분류 안된 상품 전문 소매업,30,대전광역시,30230,대덕구,30230600,법1동,3023010800,법동,3023010800102810000,1,대지,281,,대전광역시 대덕구 법동 281,302304304013,대전광역시 대덕구 계족로663번길,30,,3023010800102810000007003,삼정하이츠타운,대전광역시 대덕구 계족로663번길 30,306795,34383,,1,,127.427363419116,36.3740140772154
MA0106202404A0375769,어썸베이퍼,,G2,소매,G221,기타 상품 소매,G22199,그 외 기타 상품 전문 소매업,G47859,그 외 기타 분류 안된 상품 전문 소매업,41,경기도,41480,파주시,41480550,운정1동,4148012200,와동동,4148012200114340000,1,대지,1434,,경기도 파주시 와동동 1434,414804418945,경기도 파주시 경의로1240번길,14,5,4148012200114340000000001,,경기도 파주시 경의로1240번길 14-5,413190,10896,,,,126.762036203814,37.7277268725074
MA0106202404A1961828,포세카용두지점,,G2,소매,G221,기타 상품 소매,G22199,그 외 기타 상품 전문 소매업,G47859,그 외 기타 분류 안된 상품 전문 소매업,44,충청남도,44200,아산시,44200330,탕정면,4420033021,탕정면,4420033021105280010,1,대지,528,10,충청남도 아산시 탕정면 용두리 528-10,442003015035,충청남도 아산시 탕정면 이순신대로,393,,4420033021105280010000001,탕정면용두리,충청남도 아산시 탕정면 이순신대로 393,336841,31452,,,,127.047553106133,36.7971357515842
MA0106202404A2152416,룩스라이스,,G2,소매,G221,기타 상품 소매,G22199,그 외 기타 상품 전문 소매업,G47859,그 외 기타 분류 안된 상품 전문 소매업,29,광주광역시,29155,남구,29155520,방림1동,2915511400,방림동,2915511400101100010,1,대지,110,10,광주광역시 남구 방림동 110-10,291553161004,광주광역시 남구 방림로,15,,2915511400101100010000678,,광주광역시 남구 방림로 15,503802,61667,,1,,126.919145409168,35.1341705714039
MA0106202404A0027923,인광파워텍,,G2,소매,G221,기타 상품 소매,G22199,그 외 기타 상품 전문 소매업,G47859,그 외 기타 분류 안된 상품 전문 소매업,28,인천광역시,28245,계양구,28245640,작전서운동,2824510400,서운동,2824510400101490079,1,대지,149,79,인천광역시 계양구 서운동 149-79,282453155022,인천광역시 계양구 서운산업로,55,,2824510400101490079000001,,인천광역시 계양구 서운산업로 55,407819,21075,,2,,126.756883362463,37.5303827785701
MA0106202404A0809104,지앤비파트너스,,G2,소매,G221,기타 상품 소매,G22199,그 외 기타 상품 전문 소매업,G47859,그 외 기타 분류 안된 상품 전문 소매업,26,부산광역시,26290,남구,26290530,대연3동,2629010600,대연동,2629010600105690010,1,대지,569,10,부산광역시 남구 대연동 569-10,262903131029,부산광역시 남구 유엔로,207,,2629010600105690010003280,지앤비파트너스,부산광역시 남구 유엔로 207,608810,48507,,4,,129.098735189428,35.130324720029
MA0106202404A1265512,바인컴퍼니,,G2,소매,G221,기타 상품 소매,G22199,그 외 기타 상품 전문 소매업,G47859,그 외 기타 분류 안된 상품 전문 소매업,11,서울특별시,11710,송파구,11710540,마천1동,1171011400,마천동,1171011400101280071,1,대지,128,71,서울특별시 송파구 마천동 128-71,117104169041,서울특별시 송파구 거마로20길,39,,1171011400101280071019864,,서울특별시 송파구 거마로20길 39,138820,05757,,지,,127.150480959492,37.4963350616561
MA0106202404A2084633,무공양품2,,G2,소매,G221,기타 상품 소매,G22199,그 외 기타 상품 전문 소매업,G47859,그 외 기타 분류 안된 상품 전문 소매업,41,경기도,41450,하남시,41450610,미사1동,4145010900,망월동,4145010900111110000,1,대지,1111,,경기도 하남시 망월동 1111,414504853313,경기도 하남시 미사강변중앙로170번길,10,,4145010900111110000000001,신성프라자,경기도 하남시 미사강변중앙로170번길 10,465150,12913,,5,,127.191844056113,37.5614174613764
MA0106202403A1307900,킁카샵,,G2,소매,G221,기타 상품 소매,G22199,그 외 기타 상품 전문 소매업,G47859,그 외 기타 분류 안된 상품 전문 소매업,51,강원특별자치도,51170,동해시,51170550,동호동,5117011100,발한동,5117011100105770001,1,대지,577,1,강원특별자치도 동해시 발한동 577-1,511703221018,강원특별자치도 동해시 발한로,117,,4217011100105770001000001,,강원특별자치도 동해시 발한로 117,240800,25724,,,,129.101597424077,37.5429563498508
MA0106202403A0460950,몰트앤파머스,,G2,소매,G221,기타 상품 소매,G22199,그 외 기타 상품 전문 소매업,G47859,그 외 기타 분류 안된 상품 전문 소매업,47,경상북도,47820,청도군,47820250,화양읍,4782025022,화양읍,4782025022104010000,1,대지,401,,경상북도 청도군 화양읍 서상리 401,478203319003,경상북도 청도군 화양읍 도주관로,145,,4782025022104010000061722,,경상북도 청도군 화양읍 도주관로 145,714902,38334,,,,128.705145091902,35.6484441460232
MA0106202403A0234195,주연상사천진상사,,G2,소매,G221,기타 상품 소매,G22199,그 외 기타 상품 전문 소매업,G47859,그 외 기타 분류 안된 상품 전문 소매업,41,경기도,41650,포천시,41650310,군내면,4165031022,군내면,4165031022104760001,1,대지,476,1,경기도 포천시 군내면 용정리 476-1,416503351027,경기도 포천시 군내면 용정경제로1길,7,,4165031022104760001000001,,경기도 포천시 군내면 용정경제로1길 7,487874,11154,,5,,127.201076684536,37.8833819868419
MA0106202403A0783615,동행유통,,G2,소매,G221,기타 상품 소매,G22199,그 외 기타 상품 전문 소매업,G47859,그 외 기타 분류 안된 상품 전문 소매업,28,인천광역시,28177,미추홀구,28177570,용현5동,2817710200,용현동,2817710200106270078,1,대지,627,78,인천광역시 미추홀구 용현동 627-78,281773151023,인천광역시 미추홀구 토금남로,53,,2817010200106270078146420,한양아파트,인천광역시 미추홀구 토금남로 53,402742,22187,,,,126.638079677137,37.4508172309482
MA0106202403A1627219,그라미김해,율하점,G2,소매,G221,기타 상품 소매,G22199,그 외 기타 상품 전문 소매업,G47859,그 외 기타 분류 안된 상품 전문 소매업,48,경상남도,48250,김해시,48250630,장유3동,4825013200,장유동,4825013200108430006,1,대지,843,6,경상남도 김해시 장유동 843-6,482504857155,경상남도 김해시 율하숲길,24,,4825013200108430006000001,,경상남도 김해시 율하숲길 24,621340,51022,,1,,128.824029509085,35.1708474612383
MA0106202403A1909520,해밍턴부대찌개&곱창전골,대청점,G2,소매,G221,기타 상품 소매,G22199,그 외 기타 상품 전문 소매업,G47859,그 외 기타 분류 안된 상품 전문 소매업,48,경상남도,48250,김해시,48250620,장유2동,4825012900,대청동,4825012900103340004,1,대지,334,4,경상남도 김해시 대청동 334-4,482503335006,경상남도 김해시 계동로,76,58,4825031027103340004094799,갑오마을부영6단지,경상남도 김해시 계동로 76-58,621280,50994,,1,,128.798345504852,35.1837223255832
MA0106202401A2047395,엘엔티테크,,G2,소매,G221,기타 상품 소매,G22199,그 외 기타 상품 전문 소매업,G47859,그 외 기타 분류 안된 상품 전문 소매업,41,경기도,41285,고양시 일산동구,41285600,고봉동,4128511100,설문동,4128511100107190103,1,대지,719,103,경기도 고양시 일산동구 설문동 719-103,412854379030,경기도 고양시 일산동구 고봉로770번길,24,1,4128511100107190103000001,,경기도 고양시 일산동구 고봉로770번길 24-1,410819,10251,,,,126.793062099545,37.7231183921984
MA0106202401A2390922,행복나래보호작업장,,G2,소매,G221,기타 상품 소매,G22199,그 외 기타 상품 전문 소매업,G47859,그 외 기타 분류 안된 상품 전문 소매업,30,대전광역시,30170,서구,30170593,도안동,3017011500,도안동,3017011500117840000,1,대지,1784,,대전광역시 서구 도안동 1784,301703000095,대전광역시 서구 계백로,1149,,3017011400110520000000001,효진빌딩,대전광역시 서구 계백로 1149,302318,35368,,4,,127.350886507959,36.3050257132538
MA0106202401A1134459,나니조아,,G2,소매,G221,기타 상품 소매,G22199,그 외 기타 상품 전문 소매업,G47859,그 외 기타 분류 안된 상품 전문 소매업,48,경상남도,48860,산청군,48860340,금서면,4886034021,금서면,4886034021100870031,1,대지,87,31,경상남도 산청군 금서면 매촌리 87-31,488604835420,경상남도 산청군 금서면 친환경로2605번길,11,,4886034021100870031000001,,경상남도 산청군 금서면 친환경로2605번길 11,666831,52215,,1,,127.870472168231,35.4186155442896
MA0106202401A1789404,정식품북제주,대리점,G2,소매,G221,기타 상품 소매,G22199,그 외 기타 상품 전문 소매업,G47859,그 외 기타 분류 안된 상품 전문 소매업,50,제주특별자치도,50110,제주시,50110630,아라동,5011011700,아라일동,5011011700119800001,1,대지,1980,1,제주특별자치도 제주시 아라일동 1980-1,501104847954,제주특별자치도 제주시 선돌목길,39,,5011011700119800001049144,,제주특별자치도 제주시 선돌목길 39,690121,63244,,1,,126.54767333547,33.4534500584322
MA0106202401A2171211,앤멀티샵,,G2,소매,G221,기타 상품 소매,G22199,그 외 기타 상품 전문 소매업,G47859,그 외 기타 분류 안된 상품 전문 소매업,46,전라남도,46790,화순군,46790250,화순읍,4679025023,화순읍,4679025023102380011,1,대지,238,11,전라남도 화순군 화순읍 만연리 238-11,467903291008,전라남도 화순군 화순읍 만연로,66,7,4679025023102380011000001,,전라남도 화순군 화순읍 만연로 66-7,519806,58117,,3,,126.990999740532,35.0617001090788
MA0106202401A0476053,싸이벡스,코리아,G2,소매,G221,기타 상품 소매,G22199,그 외 기타 상품 전문 소매업,G47859,그 외 기타 분류 안된 상품 전문 소매업,11,서울특별시,11170,용산구,11170625,한강로동,1117012800,한강로3가,1117012800100650184,1,대지,65,184,서울특별시 용산구 한강로3가 65-184,111704106406,서울특별시 용산구 한강대로10길,11,18,1117012800100650184012778,,서울특별시 용산구 한강대로10길 11-18,140883,04389,,3,,126.964557587664,37.5241855342724
MA0106202401A1245250,듀오젠,,G2,소매,G221,기타 상품 소매,G22199,그 외 기타 상품 전문 소매업,G47859,그 외 기타 분류 안된 상품 전문 소매업,41,경기도,41590,화성시,41590585,동탄1동,4159012700,반송동,4159012700101030003,1,대지,103,3,경기도 화성시 반송동 103-3,415903210037,경기도 화성시 메타폴리스로,42,,4159012700100700000000001,디앤씨빌딩,경기도 화성시 메타폴리스로 42,445160,18455,,,,127.071854998593,37.2017004856618
MA0106202401A0939081,하모니마트,,G2,소매,G221,기타 상품 소매,G22199,그 외 기타 상품 전문 소매업,G47859,그 외 기타 분류 안된 상품 전문 소매업,44,충청남도,44131,천안시 동남구,44131580,청룡동,4413110900,청수동,4413110900102160001,1,대지,216,1,충청남도 천안시 동남구 청수동 216-1,441313249067,충청남도 천안시 동남구 풍세로,1000,,4413110900102160001030659,,충청남도 천안시 동남구 풍세로 1000,330190,31189,,,,127.152708750456,36.796524580715
MA0106202401A1181507,스토어ISLAY,,G2,소매,G221,기타 상품 소매,G22199,그 외 기타 상품 전문 소매업,G47859,그 외 기타 분류 안된 상품 전문 소매업,30,대전광역시,30200,유성구,30200540,온천2동,3020011700,장대동,3020011700103360006,1,대지,336,6,대전광역시 유성구 장대동 336-6,302002167001,대전광역시 유성구 유성대로,795,1,3020011700103360006010956,좌측,대전광역시 유성구 유성대로 795-1,305308,34165,,1,,127.337108217913,36.3631733596509
MA0106202401A0402657,안산청소용품점토탈크린68,,G2,소매,G221,기타 상품 소매,G22199,그 외 기타 상품 전문 소매업,G47859,그 외 기타 분류 안된 상품 전문 소매업,41,경기도,41271,안산시 상록구,41271515,이동,4127110200,이동,4127110200106900001,1,대지,690,1,경기도 안산시 상록구 이동 690-1,412714370196,경기도 안산시 상록구 삼태기3길,12,,4127110200106900001037077,믿음빌딩,경기도 안산시 상록구 삼태기3길 12,426862,15496,,1,,126.846071694453,37.3077651057202
MA0106202401A1096592,한미타올,,G2,소매,G221,기타 상품 소매,G22199,그 외 기타 상품 전문 소매업,G47859,그 외 기타 분류 안된 상품 전문 소매업,41,경기도,41273,안산시 단원구,41273565,신길동,4127310300,신길동,4127310300112290000,1,대지,1229,,경기도 안산시 단원구 신길동 1229,412733012031,경기도 안산시 단원구 산단로,325,,4127310300112290000044323,,경기도 안산시 단원구 산단로 325,425839,15426,,1,,126.785080790191,37.3234201103766
MA0106202312A0500102,싱글룸,,G2,소매,G221,기타 상품 소매,G22199,그 외 기타 상품 전문 소매업,G47859,그 외 기타 분류 안된 상품 전문 소매업,43,충청북도,43111,청주시 상당구,43111545,성안동,4311110900,서문동,4311110900101900011,1,대지,190,11,충청북도 청주시 상당구 서문동 190-11,431113236009,충청북도 청주시 상당구 남사로,87,,4311110900101900011049692,,충청북도 청주시 상당구 남사로 87,360130,28528,,,,127.484855093036,36.6320096205036
MA0106202312A2098631,바글바글아이스크림,둔산점,G2,소매,G221,기타 상품 소매,G22199,그 외 기타 상품 전문 소매업,G47859,그 외 기타 분류 안된 상품 전문 소매업,30,대전광역시,30170,서구,30170660,둔산3동,3017011200,둔산동,3017011200118150000,1,대지,1815,,대전광역시 서구 둔산동 1815,301703166019,대전광역시 서구 둔산로,208,,3017011200118150000021123,,대전광역시 서구 둔산로 208,302841,35250,,1,,127.396891457069,36.351076214629
MA0106202312A2093113,덕빛친구들,,G2,소매,G221,기타 상품 소매,G22199,그 외 기타 상품 전문 소매업,G47859,그 외 기타 분류 안된 상품 전문 소매업,41,경기도,41570,김포시,41570250,통진읍,4157025022,통진읍,4157025022101050005,1,대지,105,5,경기도 김포시 통진읍 마송리 105-5,415704427644,경기도 김포시 통진읍 김포대로2230번길,24,,4157025022101050005010378,,경기도 김포시 통진읍 김포대로2230번길 24,415865,10018,,2,,126.599105596076,37.6906790424442
MA0106202312A1955523,오야오얏,,G2,소매,G221,기타 상품 소매,G22199,그 외 기타 상품 전문 소매업,G47859,그 외 기타 분류 안된 상품 전문 소매업,47,경상북도,47150,김천시,47150575,대신동,4715010900,교동,4715010900108110005,1,대지,811,5,경상북도 김천시 교동 811-5,471503306011,경상북도 김천시 대학로,94,1,4715010900108110005006395,,경상북도 김천시 대학로 94-1,740160,39522,,1,,128.094218039529,36.1359199049581
MA0106202312A2047379,우리시스템,,G2,소매,G221,기타 상품 소매,G22199,그 외 기타 상품 전문 소매업,G47859,그 외 기타 분류 안된 상품 전문 소매업,41,경기도,41360,남양주시,41360545,다산1동,4136011200,다산동,4136011200161430000,1,대지,6143,,경기도 남양주시 다산동 6143,413603351591,경기도 남양주시 다산순환로,20,,4136011200161430000000001,다산현대프리미어캠퍼스,경기도 남양주시 다산순환로 20,,12248,,,,127.151689117087,37.6126792551016
MA0106202312A1018602,바이트,,G2,소매,G221,기타 상품 소매,G22199,그 외 기타 상품 전문 소매업,G47859,그 외 기타 분류 안된 상품 전문 소매업,11,서울특별시,11710,송파구,11710642,문정2동,1171010800,문정동,1171010800106340000,1,대지,634,,서울특별시 송파구 문정동 634,117103123017,서울특별시 송파구 충민로,66,,1171010800105600000000001,패션동,서울특별시 송파구 충민로 66,138888,05838,,9,,127.12496063833,37.4776148454472
MA0106202312A0517195,심한유통,,G2,소매,G221,기타 상품 소매,G22199,그 외 기타 상품 전문 소매업,G47859,그 외 기타 분류 안된 상품 전문 소매업,11,서울특별시,11140,중구,11140670,황학동,1114016500,황학동,1114016500115890000,1,대지,1589,,서울특별시 중구 황학동 1589,111404103006,서울특별시 중구 난계로17길,9,8,1114016500115890000003123,,서울특별시 중구 난계로17길 9-8,100871,04574,,,,127.022967046715,37.5690403482226
MA0106202312A0787282,동행유통,,G2,소매,G221,기타 상품 소매,G22199,그 외 기타 상품 전문 소매업,G47859,그 외 기타 분류 안된 상품 전문 소매업,41,경기도,41630,양주시,41630330,광적면,4163033021,광적면,4163033021104490000,1,대지,449,,경기도 양주시 광적면 가납리 449,416304436204,경기도 양주시 광적면 부흥로925번길,12,,4163033021104490000039493,,경기도 양주시 광적면 부흥로925번길 12,482841,11416,,,,126.993311142943,37.8114232272279
MA0106202312A0072141,차마고도중차보이차,,G2,소매,G221,기타 상품 소매,G22199,그 외 기타 상품 전문 소매업,G47859,그 외 기타 분류 안된 상품 전문 소매업,41,경기도,41370,오산시,41370523,대원1동,4137010300,원동,4137010300103000008,1,대지,300,8,경기도 오산시 원동 300-8,413702012013,경기도 오산시 경기대로,198,,4137010300103000008001618,,경기도 오산시 경기대로 198,447805,18144,,,,127.073881041208,37.1423016280895
MA0106202312A0301930,복드림편의점,,G2,소매,G221,기타 상품 소매,G22199,그 외 기타 상품 전문 소매업,G47859,그 외 기타 분류 안된 상품 전문 소매업,41,경기도,41360,남양주시,41360256,화도읍,4136025622,화도읍,4136025622102900019,1,대지,290,19,경기도 남양주시 화도읍 묵현리 290-19,413603197027,경기도 남양주시 화도읍 묵현로,11,19,4136025622102900019000001,,경기도 남양주시 화도읍 묵현로 11-19,472846,12168,,1,,127.288895286029,37.657409187941
MA0106202404A1331049,모두의꿀강정,,G2,소매,G221,기타 상품 소매,G22199,그 외 기타 상품 전문 소매업,G47859,그 외 기타 분류 안된 상품 전문 소매업,11,서울특별시,11140,중구,11140550,명동,1114010500,을지로2가,1114010500101990040,1,대지,199,40,서울특별시 중구 을지로2가 199-40,111404103159,서울특별시 중구 명동7길,21,,1114010500101990040000001,명동아르누보센텀,서울특별시 중구 명동7길 21,100845,04534,,,,126.983859477701,37.5647257085962
MA0106202404A0633769,이루다,,G2,소매,G221,기타 상품 소매,G22199,그 외 기타 상품 전문 소매업,G47859,그 외 기타 분류 안된 상품 전문 소매업,28,인천광역시,28245,계양구,28245640,작전서운동,2824510300,작전동,2824510300106360009,1,대지,636,9,인천광역시 계양구 작전동 636-9,282453155009,인천광역시 계양구 까치말로,19,,2824510300106360009180810,나호,인천광역시 계양구 까치말로 19,407821,21127,,1,,126.736065744764,37.527382811518
MA0106202404A1922663,데몬키,,G2,소매,G221,기타 상품 소매,G22199,그 외 기타 상품 전문 소매업,G47859,그 외 기타 분류 안된 상품 전문 소매업,26,부산광역시,26200,영도구,26200590,봉래1동,2620011700,봉래동3가,2620011700101470006,1,대지,147,6,부산광역시 영도구 봉래동3가 147-6,262004184055,부산광역시 영도구 대교로6번길,22,5,2620011700101470006020244,,부산광역시 영도구 대교로6번길 22-5,606063,49005,,1,,129.045087910832,35.0940509136845
MA0106202404A0794379,세계과자,전문점,G2,소매,G221,기타 상품 소매,G22199,그 외 기타 상품 전문 소매업,G47859,그 외 기타 분류 안된 상품 전문 소매업,11,서울특별시,11110,종로구,11110650,혜화동,1111017100,명륜2가,1111017100100290000,1,대지,29,,서울특별시 종로구 명륜2가 29,111104100032,서울특별시 종로구 대명길,14,,1111017100100290000007848,,서울특별시 종로구 대명길 14,110530,03077,,,,127.000758546801,37.5835846302654
MA0106202404A0728568,그린테크,,G2,소매,G221,기타 상품 소매,G22199,그 외 기타 상품 전문 소매업,G47859,그 외 기타 분류 안된 상품 전문 소매업,41,경기도,41150,의정부시,41150510,의정부1동,4115010100,의정부동,4115010100101340007,1,대지,134,7,경기도 의정부시 의정부동 134-7,411504343379,경기도 의정부시 태평로45번길,12,,4115010100101340007000883,,경기도 의정부시 태평로45번길 12,480011,11697,,2,,127.050473579953,37.7370740602152
MA0106202404A0069740,형제상사,,G2,소매,G221,기타 상품 소매,G22199,그 외 기타 상품 전문 소매업,G47859,그 외 기타 분류 안된 상품 전문 소매업,11,서울특별시,11500,강서구,11500620,공항동,1150010800,공항동,1150010800113460003,1,대지,1346,3,서울특별시 강서구 공항동 1346-3,115004145358,서울특별시 강서구 방화대로6바길,31,,1150010800113460003007870,,서울특별시 강서구 방화대로6바길 31,157816,07645,,1,,126.819759433973,37.5557594707715
MA0106202404A0431265,성남중학교,,G2,소매,G221,기타 상품 소매,G22199,그 외 기타 상품 전문 소매업,G47859,그 외 기타 분류 안된 상품 전문 소매업,11,서울특별시,11590,동작구,11590660,대방동,1159010800,대방동,1159010800103750001,1,대지,375,1,서울특별시 동작구 대방동 375-1,115904157106,서울특별시 동작구 대방동길,74,,1159010800103750001003401,매점성남중학교,서울특별시 동작구 대방동길 74,156809,06946,,,,126.926610979109,37.5052830137997
MA0106202404A1991418,가온식품,,G2,소매,G221,기타 상품 소매,G22199,그 외 기타 상품 전문 소매업,G47859,그 외 기타 분류 안된 상품 전문 소매업,30,대전광역시,30200,유성구,30200546,노은1동,3020011800,갑동,3020011800103990010,1,대지,399,10,대전광역시 유성구 갑동 399-10,302003010030,대전광역시 유성구 현충원로,162,,3020011800103990010010751,,대전광역시 유성구 현충원로 162,305323,34150,,,,127.288728107661,36.3599747278813
MA0106202404A1361319,비전,,G2,소매,G221,기타 상품 소매,G22199,그 외 기타 상품 전문 소매업,G47859,그 외 기타 분류 안된 상품 전문 소매업,44,충청남도,44131,천안시 동남구,44131540,원성2동,4413110700,원성동,4413110700105630006,1,대지,563,6,충청남도 천안시 동남구 원성동 563-6,441314547580,충청남도 천안시 동남구 원거리6길,18,,4413110700105630006026672,,충청남도 천안시 동남구 원거리6길 18,330954,31186,,1,,127.158665874725,36.8001302426046
MA0106202404A1357417,헬스앤케어안산TMS,,G2,소매,G221,기타 상품 소매,G22199,그 외 기타 상품 전문 소매업,G47859,그 외 기타 분류 안된 상품 전문 소매업,41,경기도,41271,안산시 상록구,41271515,이동,4127110200,이동,4127110200106240003,1,대지,624,3,경기도 안산시 상록구 이동 624-3,412714370463,경기도 안산시 상록구 조구나리1길,25,2,4127110200106240003000001,,경기도 안산시 상록구 조구나리1길 25-2,426862,15486,,2,,126.844501888916,37.3141513854023
MA0106202404A0668288,마녀파티,,G2,소매,G221,기타 상품 소매,G22199,그 외 기타 상품 전문 소매업,G47859,그 외 기타 분류 안된 상품 전문 소매업,43,충청북도,43114,청주시 청원구,43114253,오창읍,4311425333,오창읍,4311425333103330000,1,대지,333,,충청북도 청주시 청원구 오창읍 송대리 333,431143240095,충청북도 청주시 청원구 오창읍 중부로,1005,,4371025333103330000000001,,충청북도 청주시 청원구 오창읍 중부로 1005,363886,28117,,1,,127.450949720836,36.7307436266473
MA0106202404A1244249,평화로복권,,G2,소매,G221,기타 상품 소매,G22199,그 외 기타 상품 전문 소매업,G47859,그 외 기타 분류 안된 상품 전문 소매업,41,경기도,41480,파주시,41480510,금촌1동,4148010100,금촌동,4148010100109450008,1,대지,945,8,경기도 파주시 금촌동 945-8,414803206093,경기도 파주시 평화로,1,,4148010100109450008004910,,경기도 파주시 평화로 1,413011,10927,,1,,126.773127957574,37.7581744005792
MA0106202403A1812618,애기똥풀,,G2,소매,G221,기타 상품 소매,G22199,그 외 기타 상품 전문 소매업,G47859,그 외 기타 분류 안된 상품 전문 소매업,48,경상남도,48121,창원시 의창구,48121540,봉림동,4812112500,사림동,4812112500100140010,1,대지,14,10,경상남도 창원시 의창구 사림동 14-10,481214781423,경상남도 창원시 의창구 용지로293번길,14,,4812112500100140010010918,,경상남도 창원시 의창구 용지로293번길 14,641824,51153,,,,128.688892653599,35.2399484560363
MA0106202403A2328930,덕은한과,,G2,소매,G221,기타 상품 소매,G22199,그 외 기타 상품 전문 소매업,G47859,그 외 기타 분류 안된 상품 전문 소매업,51,강원특별자치도,51150,강릉시,51150330,구정면,5115033022,구정면,5115033022103470002,1,대지,347,2,강원특별자치도 강릉시 구정면 학산리 347-2,511503220014,강원특별자치도 강릉시 구정면 범일로,247,,4215033022103470002000001,,강원특별자치도 강릉시 구정면 범일로 247,210811,25623,,,,128.891042878174,37.7151674376376
MA0106202403A1072828,커피리브레,,G2,소매,G221,기타 상품 소매,G22199,그 외 기타 상품 전문 소매업,G47859,그 외 기타 분류 안된 상품 전문 소매업,11,서울특별시,11440,마포구,11440710,연남동,1144012400,연남동,1144012400102450070,1,대지,245,70,서울특별시 마포구 연남동 245-70,114404139319,서울특별시 마포구 성미산로29길,17,8,1144012400102450070015707,,서울특별시 마포구 성미산로29길 17-8,121865,03979,,4,,126.921889383426,37.5647280026231
MA0106202403A1501050,오레시피,인천계산점,G2,소매,G221,기타 상품 소매,G22199,그 외 기타 상품 전문 소매업,G47859,그 외 기타 분류 안된 상품 전문 소매업,28,인천광역시,28245,계양구,28245613,계산3동,2824510200,계산동,2824510200100570041,1,대지,57,41,인천광역시 계양구 계산동 57-41,282453155002,인천광역시 계양구 계산새로,19,,2824510200100570041177311,,인천광역시 계양구 계산새로 19,407800,21058,,1,,126.730404769411,37.5380468572558
MA0106202403A0698098,누리아이가만들어가는세상,,G2,소매,G221,기타 상품 소매,G22199,그 외 기타 상품 전문 소매업,G47859,그 외 기타 분류 안된 상품 전문 소매업,11,서울특별시,11305,강북구,11305660,인수동,1130510300,수유동,1130510300105270012,1,대지,527,12,서울특별시 강북구 수유동 527-12,113053108005,서울특별시 강북구 인수봉로,254,,1130510300105270012000365,우측,서울특별시 강북구 인수봉로 254,142883,01035,,1,,127.011058420234,37.6413104747133
MA0106202403A2187507,우리동네담뱃잎가게,,G2,소매,G221,기타 상품 소매,G22199,그 외 기타 상품 전문 소매업,G47859,그 외 기타 분류 안된 상품 전문 소매업,41,경기도,41220,평택시,41220259,청북읍,4122025932,청북읍,4122025932104770002,1,대지,477,2,경기도 평택시 청북읍 고렴리 477-2,412203000117,경기도 평택시 청북읍 서해로,1958,,4122035032104770002045790,,경기도 평택시 청북읍 서해로 1958,451831,17794,,,,126.920890471873,37.0614635647224
MA0106202403A1159750,플로럴파티,,G2,소매,G221,기타 상품 소매,G22199,그 외 기타 상품 전문 소매업,G47859,그 외 기타 분류 안된 상품 전문 소매업,30,대전광역시,30140,중구,30140550,목동,3014010300,목동,3014010300100470034,1,대지,47,34,대전광역시 중구 목동 47-34,301404295280,대전광역시 중구 목중로35번길,14,,3014010300100470034031225,,대전광역시 중구 목중로35번길 14,301808,34811,,1,,127.409760500108,36.33654188453
MA0106202401A0169030,DC프라자,,G2,소매,G221,기타 상품 소매,G22199,그 외 기타 상품 전문 소매업,G47859,그 외 기타 분류 안된 상품 전문 소매업,28,인천광역시,28237,부평구,28237670,일신동,2823710800,일신동,2823710800100790032,1,대지,79,32,인천광역시 부평구 일신동 79-32,282374262780,인천광역시 부평구 항동로143번길,11,,2823710800100790032206925,,인천광역시 부평구 항동로143번길 11,403110,21418,,1,,126.748922917719,37.4818290950419
MA0106202401A1606007,의정부굿베이퍼,,G2,소매,G221,기타 상품 소매,G22199,그 외 기타 상품 전문 소매업,G47859,그 외 기타 분류 안된 상품 전문 소매업,41,경기도,41150,의정부시,41150510,의정부1동,4115010100,의정부동,4115010100101960028,1,대지,196,28,경기도 의정부시 의정부동 196-28,411504343414,경기도 의정부시 평화로536번길,5,,4115010100101960021013652,,경기도 의정부시 평화로536번길 5,480843,11695,,,,127.047945451737,37.7398501017987
MA0106202401A0731775,학교매점,,G2,소매,G221,기타 상품 소매,G22199,그 외 기타 상품 전문 소매업,G47859,그 외 기타 분류 안된 상품 전문 소매업,29,광주광역시,29155,남구,29155530,방림2동,2915511400,방림동,2915511400100500000,1,대지,50,,광주광역시 남구 방림동 50,291553161013,광주광역시 남구 오방로,34,13,2915511400100500003002927,,광주광역시 남구 오방로 34-13,503800,61679,,,,126.923156615228,35.1274309805095
MA0106202401A1994637,바베큐야호그리고추어명가,,G2,소매,G221,기타 상품 소매,G22199,그 외 기타 상품 전문 소매업,G47859,그 외 기타 분류 안된 상품 전문 소매업,41,경기도,41220,평택시,41220660,고덕동,4122012800,고덕동,4122012800121640002,1,대지,2164,2,경기도 평택시 고덕동 2164-2,412204856234,경기도 평택시 고덕여염9길,20,,4122033029145070002000001,,경기도 평택시 고덕여염9길 20,,18014,,2,,127.048906314728,37.0391512317181
MA0106202401A1206658,센스생활용품,,G2,소매,G221,기타 상품 소매,G22199,그 외 기타 상품 전문 소매업,G47859,그 외 기타 분류 안된 상품 전문 소매업,29,광주광역시,29155,남구,29155537,봉선1동,2915511500,봉선동,2915511500109940001,1,대지,994,1,광주광역시 남구 봉선동 994-1,291554283311,광주광역시 남구 봉선로51번길,40,1,2915511500109940001005575,일부,광주광역시 남구 봉선로51번길 40-1,503847,61694,,1,,126.908859194442,35.1289984596009
MA0106202401A2389150,비티본바이오,,G2,소매,G221,기타 상품 소매,G22199,그 외 기타 상품 전문 소매업,G47859,그 외 기타 분류 안된 상품 전문 소매업,11,서울특별시,11680,강남구,11680510,신사동,1168010700,신사동,1168010700105350002,1,대지,535,2,서울특별시 강남구 신사동 535-2,116804166257,서울특별시 강남구 도산대로11길,42,,1168010700105350002027681,추헌빌딩,서울특별시 강남구 도산대로11길 42,135889,06034,,2,,127.022443037893,37.5202333179484
MA0106202401A0360665,소풍,,G2,소매,G221,기타 상품 소매,G22199,그 외 기타 상품 전문 소매업,G47859,그 외 기타 분류 안된 상품 전문 소매업,51,강원특별자치도,51770,정선군,51770250,정선읍,5177025021,정선읍,5177025021103370012,1,대지,337,12,강원특별자치도 정선군 정선읍 봉양리 337-12,517703229023,강원특별자치도 정선군 정선읍 정선로,1341,,4277025021103370012008767,,강원특별자치도 정선군 정선읍 정선로 1341,233804,26130,,1,,128.663040755344,37.3798036248214
MA0106202312A1859188,만물상회,,G2,소매,G221,기타 상품 소매,G22199,그 외 기타 상품 전문 소매업,G47859,그 외 기타 분류 안된 상품 전문 소매업,41,경기도,41480,파주시,41480510,금촌1동,4148010100,금촌동,4148010100100620014,1,대지,62,14,경기도 파주시 금촌동 62-14,414804418082,경기도 파주시 금정24길,34,,4148010100100620014000001,,경기도 파주시 금정24길 34,413011,10929,,1,,126.77455445051,37.7630243267785
MA0106202312A1112231,오반,,G2,소매,G221,기타 상품 소매,G22199,그 외 기타 상품 전문 소매업,G47859,그 외 기타 분류 안된 상품 전문 소매업,41,경기도,41630,양주시,41630570,옥정1동,4163011400,옥정동,4163011400109870001,1,대지,987,1,경기도 양주시 옥정동 987-1,416304852494,경기도 양주시 화합로1710번길,12,,4163011400109870001000001,양주옥정듀클래스I,경기도 양주시 화합로1710번길 12,482130,11465,,3,,127.095553080919,37.8388097650951
MA0106202312A0747086,굿센트,,G2,소매,G221,기타 상품 소매,G22199,그 외 기타 상품 전문 소매업,G47859,그 외 기타 분류 안된 상품 전문 소매업,41,경기도,41820,가평군,41820250,가평읍,4182025022,가평읍,4182025022101640008,1,대지,164,8,경기도 가평군 가평읍 대곡리 164-8,418204448204,경기도 가평군 가평읍 오리나무길,32,,4182025022101640008004273,굿센트,경기도 가평군 가평읍 오리나무길 32,477804,12420,,1,,127.51373607795,37.8247904418982
MA0106202312A1028837,케이교정원,,G2,소매,G221,기타 상품 소매,G22199,그 외 기타 상품 전문 소매업,G47859,그 외 기타 분류 안된 상품 전문 소매업,41,경기도,41192,부천시 원미구,41192600,도당동,4119210400,도당동,4119210400100270000,1,대지,27,,경기도 부천시 원미구 도당동 27,411924358254,경기도 부천시 원미구 수도로160번길,19,,4119010400100270000000001,유니빌딩,경기도 부천시 원미구 수도로160번길 19,420801,14520,,,,126.783564618634,37.5172620584468
MA0106202312A0771519,보호안전물산,,G2,소매,G221,기타 상품 소매,G22199,그 외 기타 상품 전문 소매업,G47859,그 외 기타 분류 안된 상품 전문 소매업,28,인천광역시,28200,남동구,28200521,구월3동,2820010100,구월동,2820010100111660000,1,대지,1166,,인천광역시 남동구 구월동 1166,282002153001,인천광역시 남동구 남동대로,709,1,2820010100111660000002106,,인천광역시 남동구 남동대로 709-1,405223,21572,,,,126.706778541758,37.4457907885574
MA0106202312A0451884,폴키즈매트,,G2,소매,G221,기타 상품 소매,G22199,그 외 기타 상품 전문 소매업,G47859,그 외 기타 분류 안된 상품 전문 소매업,41,경기도,41310,구리시,41310510,갈매동,4131010100,갈매동,4131010100105520006,1,대지,552,6,경기도 구리시 갈매동 552-6,413104857375,경기도 구리시 갈매순환로166번길,45,,4131010100105520006000001,,경기도 구리시 갈매순환로166번길 45,471859,11901,,1,,127.123319932577,37.6347234146513
MA0106202312A0748280,실리콘연구소,,G2,소매,G221,기타 상품 소매,G22199,그 외 기타 상품 전문 소매업,G47859,그 외 기타 분류 안된 상품 전문 소매업,41,경기도,41150,의정부시,41150567,신곡1동,4115010400,신곡동,4115010400107080003,1,대지,708,3,경기도 의정부시 신곡동 708-3,411503181004,경기도 의정부시 경의로,196,,4115010400107080003021087,실리콘연구소,경기도 의정부시 경의로 196,480834,11730,,3,,127.057561107965,37.7331335733874
MA0106202312A1138784,팀메이트,,G2,소매,G221,기타 상품 소매,G22199,그 외 기타 상품 전문 소매업,G47859,그 외 기타 분류 안된 상품 전문 소매업,41,경기도,41150,의정부시,41150578,송산3동,4115010600,민락동,4115010600109270002,1,대지,927,2,경기도 의정부시 민락동 927-2,411504857270,경기도 의정부시 배꽃길,63,,4115010600109270002000001,,경기도 의정부시 배꽃길 63,480090,11817,,,,127.120283652397,37.7470242484429
MA0106202404A1640141,베이퍼스룸전자담배,,G2,소매,G221,기타 상품 소매,G22199,그 외 기타 상품 전문 소매업,G47859,그 외 기타 분류 안된 상품 전문 소매업,11,서울특별시,11560,영등포구,11560605,문래동,1156012100,문래동3가,1156012100100570003,1,대지,57,3,서울특별시 영등포구 문래동3가 57-3,115603118004,서울특별시 영등포구 당산로,10,,1156012100100570003023656,태광빌딩,서울특별시 영등포구 당산로 10,150835,07299,,1,,126.894408905425,37.515584125666
MA0106202312A2003417,어셈블,,G2,소매,G221,기타 상품 소매,G22199,그 외 기타 상품 전문 소매업,G47859,그 외 기타 분류 안된 상품 전문 소매업,48,경상남도,48121,창원시 의창구,48121510,의창동,4812110200,중동,4812110200104370003,1,대지,437,3,경상남도 창원시 의창구 중동 437-3,481214781494,경상남도 창원시 의창구 읍성로34번길,17,6,4812110200104370003016291,,경상남도 창원시 의창구 읍성로34번길 17-6,641510,51195,,,,128.622547324862,35.2632877688185
MA0106202312A2234778,얼음과자24아이스크림세계과자할인점,,G2,소매,G221,기타 상품 소매,G22199,그 외 기타 상품 전문 소매업,G47859,그 외 기타 분류 안된 상품 전문 소매업,46,전라남도,46130,여수시,46130730,미평동,4613012200,미평동,4613012200107110006,1,대지,711,6,전라남도 여수시 미평동 711-6,461303282014,전라남도 여수시 대학로,10,,4613012200107110006000001,,전라남도 여수시 대학로 10,550240,59624,,,,127.702504425509,34.7710827871099
MA0106202404A2039516,얼스오브제,,G2,소매,G221,기타 상품 소매,G22199,그 외 기타 상품 전문 소매업,G47859,그 외 기타 분류 안된 상품 전문 소매업,11,서울특별시,11710,송파구,11710600,석촌동,1171010500,석촌동,1171010500101560006,1,대지,156,6,서울특별시 송파구 석촌동 156-6,117104169244,서울특별시 송파구 석촌호수로18길,11,,1171010500101560006009560,,서울특별시 송파구 석촌호수로18길 11,138843,05610,,2,,127.101245894391,37.5059832263864
MA0106202404A0729204,디씨생활용품,,G2,소매,G221,기타 상품 소매,G22199,그 외 기타 상품 전문 소매업,G47859,그 외 기타 분류 안된 상품 전문 소매업,44,충청남도,44825,태안군,44825250,태안읍,4482525021,태안읍,4482525021104470000,1,대지,447,,충청남도 태안군 태안읍 동문리 447,448253264008,충청남도 태안군 태안읍 독샘로,103,,4482525021104470000006769,,충청남도 태안군 태안읍 독샘로 103,357905,32141,,,,126.298716604847,36.7556908631506
MA0106202404A1725480,해피트리,,G2,소매,G221,기타 상품 소매,G22199,그 외 기타 상품 전문 소매업,G47859,그 외 기타 분류 안된 상품 전문 소매업,41,경기도,41115,수원시 팔달구,41115730,인계동,4111514100,인계동,4111514100108190002,1,대지,819,2,경기도 수원시 팔달구 인계동 819-2,411153175031,경기도 수원시 팔달구 세지로,240,,4111514100108190002053434,금성연립,경기도 수원시 팔달구 세지로 240,442831,16474,,,,127.024229619816,37.2724339097976
MA0106202404A1658646,청춘꼬마김밥분당,정자점,G2,소매,G221,기타 상품 소매,G22199,그 외 기타 상품 전문 소매업,G47859,그 외 기타 분류 안된 상품 전문 소매업,41,경기도,41135,성남시 분당구,41135550,정자1동,4113510300,정자동,4113510300100080004,1,대지,8,4,경기도 성남시 분당구 정자동 8-4,411353180021,경기도 성남시 분당구 정자일로,234,,4113510300100080004043910,태남프라자,경기도 성남시 분당구 정자일로 234,463811,13555,,1,,127.106291554176,37.3711959446044
MA0106202404A0785677,이지케어,,G2,소매,G221,기타 상품 소매,G22199,그 외 기타 상품 전문 소매업,G47859,그 외 기타 분류 안된 상품 전문 소매업,44,충청남도,44800,홍성군,44800250,홍성읍,4480025021,홍성읍,4480025021107030008,1,대지,703,8,충청남도 홍성군 홍성읍 오관리 703-8,448004586440,충청남도 홍성군 홍성읍 조양로75번길,41,,4480025021107030008055842,,충청남도 홍성군 홍성읍 조양로75번길 41,350819,32224,,,,126.657429184064,36.6021173991954
MA0106202404A2268452,정든전통과자,,G2,소매,G221,기타 상품 소매,G22199,그 외 기타 상품 전문 소매업,G47859,그 외 기타 분류 안된 상품 전문 소매업,26,부산광역시,26290,남구,26290580,용호2동,2629010700,용호동,2629010700104960005,1,대지,496,5,부산광역시 남구 용호동 496-5,262904193052,부산광역시 남구 동명로152번길,86,,2629010700104960005029989,일부호,부산광역시 남구 동명로152번길 86,608092,48587,,,,129.112361999877,35.1155792602227
MA0106202404A2267366,루사이언스,,G2,소매,G221,기타 상품 소매,G22199,그 외 기타 상품 전문 소매업,G47859,그 외 기타 분류 안된 상품 전문 소매업,11,서울특별시,11740,강동구,11740600,천호1동,1174010900,천호동,1174010900102380003,1,대지,238,3,서울특별시 강동구 천호동 238-3,117404172065,서울특별시 강동구 구천면로42길,8,,1174010900102380003012979,,서울특별시 강동구 구천면로42길 8,134866,05310,,1,,127.13470519427,37.5463687359688
MA0106202403A1983027,꼬모분식,,G2,소매,G221,기타 상품 소매,G22199,그 외 기타 상품 전문 소매업,G47859,그 외 기타 분류 안된 상품 전문 소매업,52,전북특별자치도,52800,부안군,52800250,부안읍,5280025022,부안읍,5280025022100130001,1,대지,13,1,전북특별자치도 부안군 부안읍 서외리 13-1,528004640382,전북특별자치도 부안군 부안읍 시장1길,10,,4580025022100130001030629,꼬모분식,전북특별자치도 부안군 부안읍 시장1길 10,579803,56308,,,,126.734211149091,35.7265123865087
MA0106202403A2297116,다드림북,마산점,G2,소매,G221,기타 상품 소매,G22199,그 외 기타 상품 전문 소매업,G47859,그 외 기타 분류 안된 상품 전문 소매업,48,경상남도,48127,창원시 마산회원구,48127560,양덕1동,4812710500,양덕동,4812710500100170010,1,대지,17,10,경상남도 창원시 마산회원구 양덕동 17-10,481274790245,경상남도 창원시 마산회원구 양덕북1길,11,,4812710500100170010012014,,경상남도 창원시 마산회원구 양덕북1길 11,630810,51364,,3,,128.584896065045,35.2313876900526
MA0106202403A0428611,방구슈퍼,,G2,소매,G221,기타 상품 소매,G22199,그 외 기타 상품 전문 소매업,G47859,그 외 기타 분류 안된 상품 전문 소매업,11,서울특별시,11440,마포구,11440660,서교동,1144012000,서교동,1144012000104070007,1,대지,407,7,서울특별시 마포구 서교동 407-7,114403113020,서울특별시 마포구 잔다리로,3,,1144012000104070007020974,,서울특별시 마포구 잔다리로 3,121895,04049,,1,,126.922662406002,37.5505378072354
MA0106202403A0893821,다솜씨스페이스대전도담점,코리아,G2,소매,G221,기타 상품 소매,G22199,그 외 기타 상품 전문 소매업,G47859,그 외 기타 분류 안된 상품 전문 소매업,30,대전광역시,30110,동구,30110620,가양1동,3011011400,가양동,3011011400103090149,1,대지,309,149,대전광역시 동구 가양동 309-149,301103010001,대전광역시 동구 계족로,280,,3011011400103090149016451,,대전광역시 동구 계족로 280,300804,34602,,1,,127.438404242241,36.3377920078202
MA0106202403A1240936,어울림,,G2,소매,G221,기타 상품 소매,G22199,그 외 기타 상품 전문 소매업,G47859,그 외 기타 분류 안된 상품 전문 소매업,48,경상남도,48129,창원시 진해구,48129600,자은동,4812914200,자은동,4812914200108590010,1,대지,859,10,경상남도 창원시 진해구 자은동 859-10,481294793501,경상남도 창원시 진해구 진해대로922번길,3,,4812914200108590010000001,창성빌딩,경상남도 창원시 진해구 진해대로922번길 3,645300,51647,,2,,128.706602888742,35.147180789217
MA0106202403A0091689,도손푸드청정원아이사랑,,G2,소매,G221,기타 상품 소매,G22199,그 외 기타 상품 전문 소매업,G47859,그 외 기타 분류 안된 상품 전문 소매업,41,경기도,41570,김포시,41570560,장기동,4157010400,장기동,4157010400119370009,1,대지,1937,9,경기도 김포시 장기동 1937-9,415704427668,경기도 김포시 김포한강2로24번길,116,11,4157010400119370009000001,,경기도 김포시 김포한강2로24번길 116-11,415060,10079,,,,126.675632123679,37.6472350236814
MA0106202403A0425483,보험닥터좋은계란평택통복점,,G2,소매,G221,기타 상품 소매,G22199,그 외 기타 상품 전문 소매업,G47859,그 외 기타 분류 안된 상품 전문 소매업,41,경기도,41220,평택시,41220610,통복동,4122011400,통복동,4122011400100940044,1,대지,94,44,경기도 평택시 통복동 94-44,412203188110,경기도 평택시 통복시장로,12,,4122011400100940044014837,,경기도 평택시 통복시장로 12,450040,17894,,1,,127.08526561918,36.996338412624
MA0106202401A1362664,비전,,G2,소매,G221,기타 상품 소매,G22199,그 외 기타 상품 전문 소매업,G47859,그 외 기타 분류 안된 상품 전문 소매업,44,충청남도,44133,천안시 서북구,44133566,불당1동,4413310800,불당동,4413310800107380000,1,대지,738,,충청남도 천안시 서북구 불당동 738,441333250026,충청남도 천안시 서북구 불당4로,93,,4413310800107380000000001,비전커피정성일,충청남도 천안시 서북구 불당4로 93,331982,31163,,,,127.111091994011,36.8102766421284
MA0106202401A0264539,대천식품,,G2,소매,G221,기타 상품 소매,G22199,그 외 기타 상품 전문 소매업,G47859,그 외 기타 분류 안된 상품 전문 소매업,41,경기도,41135,성남시 분당구,41135545,정자동,4113510300,정자동,4113510300100740003,1,대지,74,3,경기도 성남시 분당구 정자동 74-3,411354340043,경기도 성남시 분당구 느티로63번길,24,,4113510300100740003002163,,경기도 성남시 분당구 느티로63번길 24,463874,13610,,1,,127.1118340413,37.3707223005918
MA0106202401A1546544,보석함,,G2,소매,G221,기타 상품 소매,G22199,그 외 기타 상품 전문 소매업,G47859,그 외 기타 분류 안된 상품 전문 소매업,47,경상북도,47190,구미시,47190582,형곡1동,4719010900,형곡동,4719010900101040003,1,대지,104,3,경상북도 구미시 형곡동 104-3,471903308042,경상북도 구미시 신시로,97,,4719010900101040011025707,,경상북도 구미시 신시로 97,730926,39290,,,,128.33880303437,36.1165030557201
MA0106202401A0708137,쌀콩이,,G2,소매,G221,기타 상품 소매,G22199,그 외 기타 상품 전문 소매업,G47859,그 외 기타 분류 안된 상품 전문 소매업,28,인천광역시,28200,남동구,28200690,논현1동,2820011000,논현동,2820011000106050008,1,대지,605,8,인천광역시 남동구 논현동 605-8,282004259587,인천광역시 남동구 은봉로312번길,29,8,2820011000102590001019628,쌀콩이,인천광역시 남동구 은봉로312번길 29-8,405825,21659,,1,,126.725293485297,37.4044156201796
MA0106202401A2260852,와우불교사,,G2,소매,G221,기타 상품 소매,G22199,그 외 기타 상품 전문 소매업,G47859,그 외 기타 분류 안된 상품 전문 소매업,41,경기도,41461,용인시 처인구,41461525,역북동,4146110200,역북동,4146110200107620005,1,대지,762,5,경기도 용인시 처인구 역북동 762-5,414613205044,경기도 용인시 처인구 명지로60번길,15,15,4146110200105720001236948,,경기도 용인시 처인구 명지로60번길 15-15,449933,17056,,,,127.187791077476,37.2305601543169
MA0106202401A0411035,베이킹포유,,G2,소매,G221,기타 상품 소매,G22199,그 외 기타 상품 전문 소매업,G47859,그 외 기타 분류 안된 상품 전문 소매업,51,강원특별자치도,51210,속초시,51210560,교동,5121010500,청학동,5121010500104820279,1,대지,482,279,강원특별자치도 속초시 청학동 482-279,512103223025,강원특별자치도 속초시 중앙로,77,,4221010500106440027009400,,강원특별자치도 속초시 중앙로 77,217800,24835,,,,128.584470719484,38.2017688500614
MA0106202401A0818573,한백식품,,G2,소매,G221,기타 상품 소매,G22199,그 외 기타 상품 전문 소매업,G47859,그 외 기타 분류 안된 상품 전문 소매업,41,경기도,41360,남양주시,41360530,금곡동,4136010300,금곡동,4136010300101540025,1,대지,154,25,경기도 남양주시 금곡동 154-25,413603000120,경기도 남양주시 경춘로,1004,,4136010300101540025005842,,경기도 남양주시 경춘로 1004,472802,12238,,3,,127.212877657653,37.6344877015589
MA0106202401A1360217,언더독커피,,G2,소매,G221,기타 상품 소매,G22199,그 외 기타 상품 전문 소매업,G47859,그 외 기타 분류 안된 상품 전문 소매업,11,서울특별시,11410,서대문구,11410585,신촌동,1141011600,창천동,1141011600100020007,1,대지,2,7,서울특별시 서대문구 창천동 2-7,114104136231,서울특별시 서대문구 연세로12길,27,,1141011600100020007021695,,서울특별시 서대문구 연세로12길 27,120833,03776,,1,,126.938566492342,37.5591156401112
MA0106202401A1203173,1번지마트,,G2,소매,G221,기타 상품 소매,G22199,그 외 기타 상품 전문 소매업,G47859,그 외 기타 분류 안된 상품 전문 소매업,46,전라남도,46720,곡성군,46720250,곡성읍,4672025021,곡성읍,4672025021102430010,1,대지,243,10,전라남도 곡성군 곡성읍 읍내리 243-10,467203287004,전라남도 곡성군 곡성읍 군청로,11,,4672025021102430010000188,,전라남도 곡성군 곡성읍 군청로 11,516804,57541,,1,,127.293326289583,35.2791580096115
MA0106202401A0703835,대구이유집,,G2,소매,G221,기타 상품 소매,G22199,그 외 기타 상품 전문 소매업,G47859,그 외 기타 분류 안된 상품 전문 소매업,27,대구광역시,27110,중구,27110565,성내1동,2711015000,북성로1가,2711015000100020018,1,대지,2,18,대구광역시 중구 북성로1가 2-18,271103141006,대구광역시 중구 동성로,88,,2711015000100020018000001,,대구광역시 중구 동성로 88,700824,41910,,,,128.59584916166,35.8745919272979
MA0106202401A1208379,윤스과일,상무본점,G2,소매,G221,기타 상품 소매,G22199,그 외 기타 상품 전문 소매업,G47859,그 외 기타 분류 안된 상품 전문 소매업,29,광주광역시,29140,서구,29140751,상무1동,2914011800,쌍촌동,2914011800113500001,1,대지,1350,1,광주광역시 서구 쌍촌동 1350-1,291403160026,광주광역시 서구 상일로,40,,2914011800113500001026877,태성빌딩,광주광역시 서구 상일로 40,502860,61942,,,,126.863331844991,35.1590521219894
MA0106202312A0302899,창성전기,,G2,소매,G221,기타 상품 소매,G22199,그 외 기타 상품 전문 소매업,G47859,그 외 기타 분류 안된 상품 전문 소매업,41,경기도,41310,구리시,41310570,수택1동,4131010500,수택동,4131010500105240011,1,대지,524,11,경기도 구리시 수택동 524-11,413104388012,경기도 구리시 검배로29번길,11,,4131010500105240011004141,,경기도 구리시 검배로29번길 11,471823,11929,,1,,127.143055515161,37.5991842087614
MA0106202312A1419830,레알청아간장게장,,G2,소매,G221,기타 상품 소매,G22199,그 외 기타 상품 전문 소매업,G47859,그 외 기타 분류 안된 상품 전문 소매업,41,경기도,41450,하남시,41450610,미사1동,4145010900,망월동,4145010900111020000,1,대지,1102,,경기도 하남시 망월동 1102,414503202058,경기도 하남시 미사강변중앙로,173,,4145010900107620001000001,,경기도 하남시 미사강변중앙로 173,465150,12913,,2,,127.190328933261,37.5620145705295
MA0106202312A2158190,알제이,,G2,소매,G221,기타 상품 소매,G22199,그 외 기타 상품 전문 소매업,G47859,그 외 기타 분류 안된 상품 전문 소매업,50,제주특별자치도,50110,제주시,50110253,애월읍,5011025331,애월읍,5011025331107540005,1,대지,754,5,제주특별자치도 제주시 애월읍 상가리 754-5,501103349128,제주특별자치도 제주시 애월읍 애원로,515,,5011025331007540005034982,,제주특별자치도 제주시 애월읍 애원로 515,695908,63036,,1,,126.352722818275,33.4292975169111
MA0106202312A2125802,피치바이오,,G2,소매,G221,기타 상품 소매,G22199,그 외 기타 상품 전문 소매업,G47859,그 외 기타 분류 안된 상품 전문 소매업,41,경기도,41194,부천시 소사구,41194560,옥길동,4119410600,옥길동,4119410600107930002,1,대지,793,2,경기도 부천시 소사구 옥길동 793-2,411943186021,경기도 부천시 소사구 양지로,205,,4119011500107930002000001,,경기도 부천시 소사구 양지로 205,422080,14786,,,,126.824175945901,37.4678011861612
MA0106202312A1846350,아영식품,,G2,소매,G221,기타 상품 소매,G22199,그 외 기타 상품 전문 소매업,G47859,그 외 기타 분류 안된 상품 전문 소매업,46,전라남도,46130,여수시,46130655,대교동,4613011600,남산동,4613011600113600006,1,대지,1360,6,전라남도 여수시 남산동 1360-6,461303282010,전라남도 여수시 남산로,119,,4613011600113600006039922,,전라남도 여수시 남산로 119,550120,59754,,,,127.727734191888,34.7395119899415
MA0106202312A1339780,오로라,,G2,소매,G221,기타 상품 소매,G22199,그 외 기타 상품 전문 소매업,G47859,그 외 기타 분류 안된 상품 전문 소매업,26,부산광역시,26500,수영구,26500760,광안1동,2650010400,광안동,2650010400101270038,1,대지,127,38,부산광역시 수영구 광안동 127-38,265004214199,부산광역시 수영구 무학로52번길,17,,2650010400101270038008851,,부산광역시 수영구 무학로52번길 17,613802,48292,,,,129.119853060774,35.1604339913015
MA0106202312A0052388,베로쿠키,,G2,소매,G221,기타 상품 소매,G22199,그 외 기타 상품 전문 소매업,G47859,그 외 기타 분류 안된 상품 전문 소매업,48,경상남도,48170,진주시,48170740,가호동,4817013100,가좌동,4817013100104490003,1,대지,449,3,경상남도 진주시 가좌동 449-3,481704796082,경상남도 진주시 개양로5번길,14,1,4817013100104490003000001,,경상남도 진주시 개양로5번길 14-1,660300,52823,,1,,128.108221690907,35.1570438648651
MA0106202312A0260974,태양슈퍼,,G2,소매,G221,기타 상품 소매,G22199,그 외 기타 상품 전문 소매업,G47859,그 외 기타 분류 안된 상품 전문 소매업,41,경기도,41131,성남시 수정구,41131570,수진1동,4113110300,수진동,4113110300105850000,1,대지,585,,경기도 성남시 수정구 수진동 585,411314334366,경기도 성남시 수정구 수정로136번길,24,1,4113110300105850000057395,,경기도 성남시 수정구 수정로136번길 24-1,461804,13328,,1,,127.136005809184,37.4399583767107
MA0106202312A1595290,믿음유통,,G2,소매,G221,기타 상품 소매,G22199,그 외 기타 상품 전문 소매업,G47859,그 외 기타 분류 안된 상품 전문 소매업,52,전북특별자치도,52111,전주시 완산구,52111714,효자4동,5211114100,효자동2가,5211114100107980000,1,대지,798,,전북특별자치도 전주시 완산구 효자동2가 798,521113266046,전북특별자치도 전주시 완산구 쑥고개로,284,112,4511114100107980000032613,,전북특별자치도 전주시 완산구 쑥고개로 284-112,560859,55073,,1,,127.097198042026,35.7982733517783
MA0106202404A0938476,서원편의점,,G2,소매,G221,기타 상품 소매,G22199,그 외 기타 상품 전문 소매업,G47859,그 외 기타 분류 안된 상품 전문 소매업,44,충청남도,44200,아산시,44200250,염치읍,4420025023,염치읍,4420025023100240005,1,대지,24,5,충청남도 아산시 염치읍 서원리 24-5,442003253052,충청남도 아산시 염치읍 아산로,746,9,4420025023100240005008945,,충청남도 아산시 염치읍 아산로 746-9,336811,31442,,,,126.966399847926,36.8415562146212
MA0106202404A0729457,레이드,,G2,소매,G221,기타 상품 소매,G22199,그 외 기타 상품 전문 소매업,G47859,그 외 기타 분류 안된 상품 전문 소매업,41,경기도,41133,성남시 중원구,41133510,성남동,4113310100,성남동,4113310100146990000,1,대지,4699,,경기도 성남시 중원구 성남동 4699,411334337161,경기도 성남시 중원구 둔촌대로63번길,18,4,4113310100146990000000001,Y,경기도 성남시 중원구 둔촌대로63번길 18-4,462829,13377,,1,,127.126171576505,37.4312564645849
MA0106202404A1057056,루나리아,,G2,소매,G221,기타 상품 소매,G22199,그 외 기타 상품 전문 소매업,G47859,그 외 기타 분류 안된 상품 전문 소매업,41,경기도,41480,파주시,41480550,운정1동,4148012200,와동동,4148012200115230002,1,대지,1523,2,경기도 파주시 와동동 1523-2,414804418987,경기도 파주시 가람로116번길,13,,4148012200115230002000001,제안빌딩,경기도 파주시 가람로116번길 13,413190,10896,,,,126.76313098996,37.7365855990154
MA0106202404A1210272,모메드솔루션,,G2,소매,G221,기타 상품 소매,G22199,그 외 기타 상품 전문 소매업,G47859,그 외 기타 분류 안된 상품 전문 소매업,29,광주광역시,29170,북구,29170695,건국동,2917014100,오룡동,2917014100111100042,1,대지,1110,42,광주광역시 북구 오룡동 1110-42,291704286722,광주광역시 북구 첨단과기로208번길,17,23,2917014100111100042000001,,광주광역시 북구 첨단과기로208번길 17-23,500480,61011,,,,126.851433704329,35.225729282886
MA0106202404A1297190,쁨이네캠핑푸드,,G2,소매,G221,기타 상품 소매,G22199,그 외 기타 상품 전문 소매업,G47859,그 외 기타 분류 안된 상품 전문 소매업,47,경상북도,47111,포항시 남구,47111550,송도동,4711110400,송도동,4711110400104500030,1,대지,450,30,경상북도 포항시 남구 송도동 450-30,471113303023,경상북도 포항시 남구 송림로,29,,4711110400104500030097845,,경상북도 포항시 남구 송림로 29,790830,37800,,1,,129.375520045549,36.0324212123697
MA0106202404A0711880,상주시니어클럽으뜸식품,,G2,소매,G221,기타 상품 소매,G22199,그 외 기타 상품 전문 소매업,G47859,그 외 기타 분류 안된 상품 전문 소매업,47,경상북도,47250,상주시,47250520,남원동,4725010700,남성동,4725010700100860003,1,대지,86,3,경상북도 상주시 남성동 86-3,472504733775,경상북도 상주시 중앙시장길,13,22,4725010700100860003083988,상주시니어클럽으뜸식품,경상북도 상주시 중앙시장길 13-22,742903,37195,,,,128.161272577961,36.413811711623
MA0106202404A1964568,에이치에스,,G2,소매,G221,기타 상품 소매,G22199,그 외 기타 상품 전문 소매업,G47859,그 외 기타 분류 안된 상품 전문 소매업,27,대구광역시,27140,동구,27140590,효목1동,2714010300,효목동,2714010300110840000,1,대지,1084,,대구광역시 동구 효목동 1084,271404226386,대구광역시 동구 효동로2길,24,,2714010300110840000013170,,대구광역시 동구 효동로2길 24,701843,41179,,1,,128.651943677415,35.8795646614301
MA0106202403A1723505,신세계유통,,G2,소매,G221,기타 상품 소매,G22199,그 외 기타 상품 전문 소매업,G47859,그 외 기타 분류 안된 상품 전문 소매업,46,전라남도,46150,순천시,46150590,남제동,4615011600,남정동,4615011600101950002,1,대지,195,2,전라남도 순천시 남정동 195-2,461504649154,전라남도 순천시 남정3길,8,,4615011600101950002000968,별채동상가,전라남도 순천시 남정3길 8,540942,57958,,,,127.487572812507,34.9423704044559
MA0106202403A0454790,명품흑마늘,,G2,소매,G221,기타 상품 소매,G22199,그 외 기타 상품 전문 소매업,G47859,그 외 기타 분류 안된 상품 전문 소매업,47,경상북도,47280,문경시,47280590,점촌3동,4728010300,흥덕동,4728010300103590001,1,대지,359,1,경상북도 문경시 흥덕동 359-1,472803303047,경상북도 문경시 중앙로,229,6,4728010300103590001031068,,경상북도 문경시 중앙로 229-6,745891,36964,,,,128.204964857102,36.6046458706193
MA0106202402A0447490,수안컴퍼니,,G2,소매,G221,기타 상품 소매,G22199,그 외 기타 상품 전문 소매업,G47859,그 외 기타 분류 안된 상품 전문 소매업,27,대구광역시,27230,북구,27230510,고성동,2723010500,고성동3가,2723010500101340000,1,대지,134,,대구광역시 북구 고성동3가 134,272303007022,대구광역시 북구 원대로,62,,2723010500101340000009446,,대구광역시 북구 원대로 62,702073,41596,,,,128.581423147778,35.8829921692502
MA0106202401A2315770,부산어묵일산,,G2,소매,G221,기타 상품 소매,G22199,그 외 기타 상품 전문 소매업,G47859,그 외 기타 분류 안된 상품 전문 소매업,41,경기도,41196,부천시 오정구,41196550,고강1동,4119610500,고강동,4119610500102920000,1,대지,292,,경기도 부천시 오정구 고강동 292,411963186009,경기도 부천시 오정구 성지로,100,,4119910500102920000025234,한일빌딩,경기도 부천시 오정구 성지로 100,421800,14416,,1,,126.811499808162,37.527977800881
MA0106202401A0343773,담배향기,,G2,소매,G221,기타 상품 소매,G22199,그 외 기타 상품 전문 소매업,G47859,그 외 기타 분류 안된 상품 전문 소매업,51,강원특별자치도,51130,원주시,51130550,단구동,5113010700,단구동,5113010700116070006,1,대지,1607,6,강원특별자치도 원주시 단구동 1607-6,511303219013,강원특별자치도 원주시 단구로,356,,4213010700116070006007688,,강원특별자치도 원주시 단구로 356,220965,26487,,,,127.957938038471,37.3245039144366
MA0106202401A1591564,로스팅빈스,,G2,소매,G221,기타 상품 소매,G22199,그 외 기타 상품 전문 소매업,G47859,그 외 기타 분류 안된 상품 전문 소매업,41,경기도,41550,안성시,41550250,공도읍,4155025031,공도읍,4155025031101230003,1,대지,123,3,경기도 안성시 공도읍 진사리 123-3,415504424652,경기도 안성시 공도읍 진건중길,79,,4155025031101230003006009,,경기도 안성시 공도읍 진건중길 79,456826,17564,,,,127.139612710166,36.9887178381088
MA0106202401A1631657,크랩앤그릴그로서리,,G2,소매,G221,기타 상품 소매,G22199,그 외 기타 상품 전문 소매업,G47859,그 외 기타 분류 안된 상품 전문 소매업,48,경상남도,48330,양산시,48330510,중앙동,4833010400,북부동,4833010400101480029,1,대지,148,29,경상남도 양산시 북부동 148-29,483303338098,경상남도 양산시 중앙로,208,,4833010400101480029000001,,경상남도 양산시 중앙로 208,626801,50617,,1,,129.040688114166,35.3491436344596
MA0106202401A0892900,비니네디저트,,G2,소매,G221,기타 상품 소매,G22199,그 외 기타 상품 전문 소매업,G47859,그 외 기타 분류 안된 상품 전문 소매업,48,경상남도,48121,창원시 의창구,48121510,의창동,4812110400,소답동,4812110400101060019,1,대지,106,19,경상남도 창원시 의창구 소답동 106-19,481214781509,경상남도 창원시 의창구 의안로44번길,12,,4812110400101060019017250,,경상남도 창원시 의창구 의안로44번길 12,641835,51198,,1,,128.625172756082,35.2654515074764
MA0106202401A0014431,라니내츄럴라니그룹,,G2,소매,G221,기타 상품 소매,G22199,그 외 기타 상품 전문 소매업,G47859,그 외 기타 분류 안된 상품 전문 소매업,41,경기도,41310,구리시,41310510,갈매동,4131010100,갈매동,4131010100105520006,1,대지,552,6,경기도 구리시 갈매동 552-6,413104857375,경기도 구리시 갈매순환로166번길,45,,4131010100105520006000001,H,경기도 구리시 갈매순환로166번길 45,471859,11901,,4,,127.123319932577,37.6347234146513
MA0106202401A1579692,스윙샵돌핀,,G2,소매,G221,기타 상품 소매,G22199,그 외 기타 상품 전문 소매업,G47859,그 외 기타 분류 안된 상품 전문 소매업,46,전라남도,46130,여수시,46130625,광림동,4613012100,오림동,4613012100104060005,1,대지,406,5,전라남도 여수시 오림동 406-5,461303282069,전라남도 여수시 좌수영로,259,,4613012100104060005000757,,전라남도 여수시 좌수영로 259,550210,59716,,1,,127.716818406558,34.7576406970528
MA0106202401A2288270,더스터프하우스,,G2,소매,G221,기타 상품 소매,G22199,그 외 기타 상품 전문 소매업,G47859,그 외 기타 분류 안된 상품 전문 소매업,29,광주광역시,29200,광산구,29200620,비아동,2920011400,수완동,2920011400103620008,1,대지,362,8,광주광역시 광산구 수완동 362-8,292004289272,광주광역시 광산구 상완길,71,,2920011400103620008000001,,광주광역시 광산구 상완길 71,506300,62245,,,,126.827952433739,35.2031464073084
MA0106202401A0495931,지나타로,,G2,소매,G221,기타 상품 소매,G22199,그 외 기타 상품 전문 소매업,G47859,그 외 기타 분류 안된 상품 전문 소매업,48,경상남도,48170,진주시,48170678,하대동,4817012000,하대동,4817012000103140005,1,대지,314,5,경상남도 진주시 하대동 314-5,481703332068,경상남도 진주시 하대로,80,,4817012000103140005009345,,경상남도 진주시 하대로 80,660993,52768,,5,,128.120368664336,35.1929029770681
MA0106202401A1081270,법인청원,,G2,소매,G221,기타 상품 소매,G22199,그 외 기타 상품 전문 소매업,G47859,그 외 기타 분류 안된 상품 전문 소매업,29,광주광역시,29200,광산구,29200637,수완동,2920011400,수완동,2920011400110740000,1,대지,1074,,광주광역시 광산구 수완동 1074,292004289344,광주광역시 광산구 수완로73번길,6,,2920011400110740000000001,,광주광역시 광산구 수완로73번길 6,506304,62247,,,,126.828503132655,35.1919253476644
MA0106202312A2157649,천양테크,,G2,소매,G221,기타 상품 소매,G22199,그 외 기타 상품 전문 소매업,G47859,그 외 기타 분류 안된 상품 전문 소매업,41,경기도,41210,광명시,41210631,하안1동,4121010300,하안동,4121010300103030000,1,대지,303,,경기도 광명시 하안동 303,412104361243,경기도 광명시 오리로651번길,8,,4121010300103030000014395,,경기도 광명시 오리로651번길 8,423851,14303,,11,,126.875702984281,37.4591898827396
MA0106202312A0405612,혜향,,G2,소매,G221,기타 상품 소매,G22199,그 외 기타 상품 전문 소매업,G47859,그 외 기타 분류 안된 상품 전문 소매업,52,전북특별자치도,52130,군산시,52130530,월명동,5213010400,월명동,5213010400100110001,1,대지,11,1,전북특별자치도 군산시 월명동 11-1,521304604092,전북특별자치도 군산시 구영신창길,63,2,4513010400100110001020660,,전북특별자치도 군산시 구영신창길 63-2,573060,54022,,2,,126.707337141522,35.9867855720631
MA0106202312A0294083,과일밥상,시지점,G2,소매,G221,기타 상품 소매,G22199,그 외 기타 상품 전문 소매업,G47859,그 외 기타 분류 안된 상품 전문 소매업,27,대구광역시,27260,수성구,27260670,고산1동,2726011800,신매동,2726011800105870008,1,대지,587,8,대구광역시 수성구 신매동 587-8,272603146019,대구광역시 수성구 신매로,38,,2726011800105870008025460,,대구광역시 수성구 신매로 38,706170,42283,,,,128.707687970694,35.8328273372669
MA0106202312A0385111,비엔에스,코리아,G2,소매,G221,기타 상품 소매,G22199,그 외 기타 상품 전문 소매업,G47859,그 외 기타 분류 안된 상품 전문 소매업,41,경기도,41461,용인시 처인구,41461530,유림동,4146110600,고림동,4146110600105400002,1,대지,540,2,경기도 용인시 처인구 고림동 540-2,414614409034,경기도 용인시 처인구 경안천로258번길,54,,4146110600105400002000001,,경기도 용인시 처인구 경안천로258번길 54,449923,17038,,,,127.222107776841,37.258766496904
MA0106202312A0504617,선풍유통,,G2,소매,G221,기타 상품 소매,G22199,그 외 기타 상품 전문 소매업,G47859,그 외 기타 분류 안된 상품 전문 소매업,11,서울특별시,11140,중구,11140670,황학동,1114016500,황학동,1114016500107200000,1,대지,720,,서울특별시 중구 황학동 720,111404103387,서울특별시 중구 퇴계로85길,8,,1114016500107200000002819,,서울특별시 중구 퇴계로85길 8,100869,04576,,1,,127.019796844493,37.5661216960802
MA0106202312A2286661,토순이네점빵,,G2,소매,G221,기타 상품 소매,G22199,그 외 기타 상품 전문 소매업,G47859,그 외 기타 분류 안된 상품 전문 소매업,28,인천광역시,28237,부평구,28237591,청천1동,2823710400,청천동,2823710400100460017,1,대지,46,17,인천광역시 부평구 청천동 46-17,282373154054,인천광역시 부평구 청중로,52,,2823710400100460017003793,,인천광역시 부평구 청중로 52,403854,21305,,,,126.70298042519,37.5174653231779
MA0106202312A0314282,들봄휴게소,,G2,소매,G221,기타 상품 소매,G22199,그 외 기타 상품 전문 소매업,G47859,그 외 기타 분류 안된 상품 전문 소매업,44,충청남도,44180,보령시,44180350,청라면,4418035021,청라면,4418035021107470002,1,대지,747,2,충청남도 보령시 청라면 나원리 747-2,441804556481,충청남도 보령시 청라면 위익랑1길,6,,4418035021107470003043371,,충청남도 보령시 청라면 위익랑1길 6,355892,33424,,,,126.681400900271,36.3900250272321
MA0106202312A2426668,식약동원,,G2,소매,G221,기타 상품 소매,G22199,그 외 기타 상품 전문 소매업,G47859,그 외 기타 분류 안된 상품 전문 소매업,51,강원특별자치도,51730,횡성군,51730250,횡성읍,5173025021,횡성읍,5173025021106420003,1,대지,642,3,강원특별자치도 횡성군 횡성읍 읍상리 642-3,517304478410,강원특별자치도 횡성군 횡성읍 읍마로2번길,6,,4273025021106420003000001,,강원특별자치도 횡성군 횡성읍 읍마로2번길 6,225807,25227,,,,127.992170085014,37.4882280506288
MA0106202312A0282045,세계과자할인점,,G2,소매,G221,기타 상품 소매,G22199,그 외 기타 상품 전문 소매업,G47859,그 외 기타 분류 안된 상품 전문 소매업,11,서울특별시,11620,관악구,11620595,청룡동,1162010100,봉천동,1162010100108620009,1,대지,862,9,서울특별시 관악구 봉천동 862-9,116203120001,서울특별시 관악구 관악로,167,,1162010100108620009035433,,서울특별시 관악구 관악로 167,151836,08787,,1,,126.952243493239,37.4802932092643
MA0106202404A1387751,공감24,,G2,소매,G221,기타 상품 소매,G22199,그 외 기타 상품 전문 소매업,G47859,그 외 기타 분류 안된 상품 전문 소매업,11,서울특별시,11260,중랑구,11260575,면목3.8동,1126010100,면목동,1126010100100420006,1,대지,42,6,서울특별시 중랑구 면목동 42-6,112604118529,서울특별시 중랑구 용마산로93길,33,,1126010100100420006017817,,서울특별시 중랑구 용마산로93길 33,131811,02201,,2,,127.094893368366,37.5891776943098
MA0106202312A2224411,채움,,G2,소매,G221,기타 상품 소매,G22199,그 외 기타 상품 전문 소매업,G47859,그 외 기타 분류 안된 상품 전문 소매업,30,대전광역시,30170,서구,30170640,둔산2동,3017011200,둔산동,3017011200112370000,1,대지,1237,,대전광역시 서구 둔산동 1237,301704298068,대전광역시 서구 계룡로491번길,20,,3017011200112370000022564,파크론,대전광역시 서구 계룡로491번길 20,302869,35235,,1,,127.380679326654,36.3459291806115
MA0106202312A1273449,만덕불교사,,G2,소매,G221,기타 상품 소매,G22199,그 외 기타 상품 전문 소매업,G47859,그 외 기타 분류 안된 상품 전문 소매업,46,전라남도,46130,여수시,46130600,충무동,4613011000,충무동,4613011000102880001,1,대지,288,1,전라남도 여수시 충무동 288-1,461303282075,전라남도 여수시 충무로,72,1,4613011000102880001049413,,전라남도 여수시 충무로 72-1,550100,59728,,,,127.730853621183,34.7428284763035
MA0106202312A0748945,뉴황금상회,,G2,소매,G221,기타 상품 소매,G22199,그 외 기타 상품 전문 소매업,G47859,그 외 기타 분류 안된 상품 전문 소매업,26,부산광역시,26110,중구,26110560,부평동,2611012300,부평동1가,2611012300100130025,1,대지,13,25,부산광역시 중구 부평동1가 13-25,261104175238,부산광역시 중구 중구로43번길,10,,2611012300100130025002234,,부산광역시 중구 중구로43번길 10,600804,48978,,,,129.027441440594,35.1018361580184
MA0106202404A1003145,긱스토어,,G2,소매,G221,기타 상품 소매,G22199,그 외 기타 상품 전문 소매업,G47859,그 외 기타 분류 안된 상품 전문 소매업,50,제주특별자치도,50110,제주시,50110560,삼도2동,5011010600,삼도이동,5011010600102060001,1,대지,206,1,제주특별자치도 제주시 삼도이동 206-1,501103349037,제주특별자치도 제주시 남성로,167,,5011010600102060001035936,,제주특별자치도 제주시 남성로 167,690809,63169,,2,,126.523015006215,33.5095360216594
MA0106202404A1725126,드림키즈,,G2,소매,G221,기타 상품 소매,G22199,그 외 기타 상품 전문 소매업,G47859,그 외 기타 분류 안된 상품 전문 소매업,41,경기도,41150,의정부시,41150510,의정부1동,4115010100,의정부동,4115010100102140122,1,대지,214,122,경기도 의정부시 의정부동 214-122,411504343364,경기도 의정부시 태평로133번길,8,,4115010100102140122007769,,경기도 의정부시 태평로133번길 8,480844,11689,,1,,127.050603323432,37.7443448259513
MA0106202404A0660205,삼화식품동해,,G2,소매,G221,기타 상품 소매,G22199,그 외 기타 상품 전문 소매업,G47859,그 외 기타 분류 안된 상품 전문 소매업,51,강원특별자치도,51170,동해시,51170510,천곡동,5117010100,천곡동,5117010100109930009,1,대지,993,9,강원특별자치도 동해시 천곡동 993-9,511703221001,강원특별자치도 동해시 감추로,34,,4217010100009930009015331,뉴동해빌딩,강원특별자치도 동해시 감추로 34,240812,25781,,1,,129.122864201346,37.5157397275884
MA0106202403A2379670,유엘,,G2,소매,G221,기타 상품 소매,G22199,그 외 기타 상품 전문 소매업,G47859,그 외 기타 분류 안된 상품 전문 소매업,11,서울특별시,11410,서대문구,11410615,연희동,1141011700,연희동,1141011700100790006,1,대지,79,6,서울특별시 서대문구 연희동 79-6,114104136271,서울특별시 서대문구 연희로26길,18,,1141011700100790006017920,,서울특별시 서대문구 연희로26길 18,120829,03723,,,,126.936562894022,37.5728547679199
MA0106202403A0843797,파티하이,,G2,소매,G221,기타 상품 소매,G22199,그 외 기타 상품 전문 소매업,G47859,그 외 기타 분류 안된 상품 전문 소매업,41,경기도,41500,이천시,41500340,마장면,4150034022,마장면,4150034022103680007,1,대지,368,7,경기도 이천시 마장면 양촌리 368-7,415004855511,경기도 이천시 마장면 양촌로6번길,26,14,4150034022103680007000001,,경기도 이천시 마장면 양촌로6번길 26-14,467814,17387,,1,,127.354381238065,37.256128808552
MA0106202403A1043302,코스트아울렛,,G2,소매,G221,기타 상품 소매,G22199,그 외 기타 상품 전문 소매업,G47859,그 외 기타 분류 안된 상품 전문 소매업,31,울산광역시,31710,울주군,31710259,범서읍,3171025927,범서읍,3171025927101310001,1,대지,131,1,울산광역시 울주군 범서읍 구영리 131-1,317103173020,울산광역시 울주군 범서읍 대리로,87,,3171025927101310001000119,,울산광역시 울주군 범서읍 대리로 87,689852,44921,,1,,129.249836023077,35.5672774788589
MA0106202403A0810677,창의력공작소,,G2,소매,G221,기타 상품 소매,G22199,그 외 기타 상품 전문 소매업,G47859,그 외 기타 분류 안된 상품 전문 소매업,43,충청북도,43770,음성군,43770253,금왕읍,4377025321,금왕읍,4377025321100560019,1,대지,56,19,충청북도 음성군 금왕읍 무극리 56-19,437704541209,충청북도 음성군 금왕읍 무극로278번길,16,1,4377025321100560019000001,,충청북도 음성군 금왕읍 무극로278번길 16-1,369904,27634,,,,127.592954825538,36.9915540804073
MA0106202403A0150143,피에르역삼,,G2,소매,G221,기타 상품 소매,G22199,그 외 기타 상품 전문 소매업,G47859,그 외 기타 분류 안된 상품 전문 소매업,11,서울특별시,11680,강남구,11680640,역삼1동,1168010100,역삼동,1168010100106080016,1,대지,608,16,서울특별시 강남구 역삼동 608-16,116804166106,서울특별시 강남구 논현로101길,10,12,1168010100106080016022335,,서울특별시 강남구 논현로101길 10-12,135907,06126,,,,127.033454121898,37.5049586918835
MA0106202403A2387547,예반반점,,G2,소매,G221,기타 상품 소매,G22199,그 외 기타 상품 전문 소매업,G47859,그 외 기타 분류 안된 상품 전문 소매업,41,경기도,41115,수원시 팔달구,41115730,인계동,4111514100,인계동,4111514100110400000,1,대지,1040,,경기도 수원시 팔달구 인계동 1040,411154328229,경기도 수원시 팔달구 인계로124번길,27,10,4111514100110400000060266,,경기도 수원시 팔달구 인계로124번길 27-10,442834,16489,,,,127.031036934077,37.2658907606557
MA0106202403A0215037,민주유통,,G2,소매,G221,기타 상품 소매,G22199,그 외 기타 상품 전문 소매업,G47859,그 외 기타 분류 안된 상품 전문 소매업,41,경기도,41273,안산시 단원구,41273532,중앙동,4127310100,고잔동,4127310100106710002,1,대지,671,2,경기도 안산시 단원구 고잔동 671-2,412733191013,경기도 안산시 단원구 당곡2로,23,,4127310100106710002024097,,경기도 안산시 단원구 당곡2로 23,425805,15338,,,,126.837935722854,37.3249369473258
MA0106202402A0799276,더온힐링센터,,G2,소매,G221,기타 상품 소매,G22199,그 외 기타 상품 전문 소매업,G47859,그 외 기타 분류 안된 상품 전문 소매업,48,경상남도,48330,양산시,48330515,양주동,4833010300,중부동,4833010300106740008,1,대지,674,8,경상남도 양산시 중부동 674-8,483304814606,경상남도 양산시 양주4길,3,6,4833010300106740008000001,,경상남도 양산시 양주4길 3-6,626050,50620,,1,,129.028973735777,35.3403294852083
MA0106202402A1603143,반디,,G2,소매,G221,기타 상품 소매,G22199,그 외 기타 상품 전문 소매업,G47859,그 외 기타 분류 안된 상품 전문 소매업,30,대전광역시,30230,대덕구,30230543,송촌동,3023010700,송촌동,3023010700104450004,1,대지,445,4,대전광역시 대덕구 송촌동 445-4,302304304202,대전광역시 대덕구 동춘당로114번길,9,,3023010700104450004022962,,대전광역시 대덕구 동춘당로114번길 9,306813,34400,,3,,127.43821152574,36.3670087338366
MA0106202401A1803721,아이스크림할인점,,G2,소매,G221,기타 상품 소매,G22199,그 외 기타 상품 전문 소매업,G47859,그 외 기타 분류 안된 상품 전문 소매업,11,서울특별시,11470,양천구,11470650,신정4동,1147010100,신정동,1147010100109630012,1,대지,963,12,서울특별시 양천구 신정동 963-12,114704142292,서울특별시 양천구 오목로32길,17,,1147010100109630012021377,,서울특별시 양천구 오목로32길 17,158859,08025,,1,,126.855143635442,37.5233631982811
MA0106202401A1043277,더위더스,,G2,소매,G221,기타 상품 소매,G22199,그 외 기타 상품 전문 소매업,G47859,그 외 기타 분류 안된 상품 전문 소매업,41,경기도,41390,시흥시,41390570,목감동,4139012400,조남동,4139012400107070001,1,대지,707,1,경기도 시흥시 조남동 707-1,413903350920,경기도 시흥시 목감둘레로,253,24,4139012400102520000029421,이지움더테라스,경기도 시흥시 목감둘레로 253-24,429320,14986,,,,126.860645705987,37.3809827759003
MA0106202401A1689607,바다곳간,본점,G2,소매,G221,기타 상품 소매,G22199,그 외 기타 상품 전문 소매업,G47859,그 외 기타 분류 안된 상품 전문 소매업,29,광주광역시,29170,북구,29170676,오치1동,2917011500,오치동,2917011500110240014,1,대지,1024,14,광주광역시 북구 오치동 1024-14,291703162040,광주광역시 북구 신촌로,12,,2917011500110240014001535,,광주광역시 북구 신촌로 12,500836,61123,,1,,126.912185971329,35.1880489765711
MA0106202401A1937471,토토이즈,,G2,소매,G221,기타 상품 소매,G22199,그 외 기타 상품 전문 소매업,G47859,그 외 기타 분류 안된 상품 전문 소매업,41,경기도,41570,김포시,41570256,양촌읍,4157025624,양촌읍,4157025624107990003,1,대지,799,3,경기도 김포시 양촌읍 구래리 799-3,415703209023,경기도 김포시 양촌읍 김포한강3로,617,33,4157025624107990003000001,,경기도 김포시 양촌읍 김포한강3로 617-33,415841,10069,,,,126.624232824365,37.6339372099943
MA0106202401A1195900,신앙촌상회월산점,,G2,소매,G221,기타 상품 소매,G22199,그 외 기타 상품 전문 소매업,G47859,그 외 기타 분류 안된 상품 전문 소매업,29,광주광역시,29155,남구,29155605,월산동,2915510400,월산동,2915510400100820022,1,대지,82,22,광주광역시 남구 월산동 82-22,291553009020,광주광역시 남구 독립로,93,,2915510400100820022020448,,광주광역시 남구 독립로 93,503825,61650,,1,,126.90246922294,35.1419911383165
MA0106202312A0902978,소담소담,,G2,소매,G221,기타 상품 소매,G22199,그 외 기타 상품 전문 소매업,G47859,그 외 기타 분류 안된 상품 전문 소매업,43,충청북도,43112,청주시 서원구,43112510,사직1동,4311210100,사직동,4311210100102660015,1,대지,266,15,충청북도 청주시 서원구 사직동 266-15,431123237095,충청북도 청주시 서원구 호국로,106,1,4311310100102660015004768,,충청북도 청주시 서원구 호국로 106-1,362828,28555,,1,,127.476379894312,36.6374235489683
MA0106202312A0385323,대림남부,지정점,G2,소매,G221,기타 상품 소매,G22199,그 외 기타 상품 전문 소매업,G47859,그 외 기타 분류 안된 상품 전문 소매업,41,경기도,41610,광주시,41610610,능평동,4161011600,능평동,4161011600100590000,1,대지,59,,경기도 광주시 능평동 59,416103211035,경기도 광주시 오포로,212,43,4161025023100590000000001,,경기도 광주시 오포로 212-43,464892,12773,,,,127.18500896839,37.3462126561359
MA0106202312A1258090,아미띠에케이크,,G2,소매,G221,기타 상품 소매,G22199,그 외 기타 상품 전문 소매업,G47859,그 외 기타 분류 안된 상품 전문 소매업,11,서울특별시,11215,광진구,11215870,구의3동,1121510300,구의동,1121510300106110000,1,대지,611,,서울특별시 광진구 구의동 611,112154112040,서울특별시 광진구 광나루로56길,34,,1121510300106110000024606,구의현대2단지,서울특별시 광진구 광나루로56길 34,143760,05118,,1,,127.09662769877,37.5381438706417
MA0106202312A0836998,태하에프앤비,,G2,소매,G221,기타 상품 소매,G22199,그 외 기타 상품 전문 소매업,G47859,그 외 기타 분류 안된 상품 전문 소매업,41,경기도,41465,용인시 수지구,41465560,동천동,4146510400,고기동,4146510400101960002,1,대지,196,2,경기도 용인시 수지구 고기동 196-2,414653012059,경기도 용인시 수지구 고기로,437,,4146510400101960002000567,1~4층,경기도 용인시 수지구 고기로 437,448500,16801,,,,127.061248141354,37.3598568924161
MA0106202312A0566519,하나유통,,G2,소매,G221,기타 상품 소매,G22199,그 외 기타 상품 전문 소매업,G47859,그 외 기타 분류 안된 상품 전문 소매업,11,서울특별시,11290,성북구,11290610,보문동,1129013100,보문동2가,1129013100100710000,1,대지,71,,서울특별시 성북구 보문동2가 71,112904121203,서울특별시 성북구 보문로25길,11,,1129013100100710000039194,,서울특별시 성북구 보문로25길 11,136082,02871,,,,127.018149122939,37.5860879983988
MA0106202312A0884892,천왕동청소년문화의집분소친구로,,G2,소매,G221,기타 상품 소매,G22199,그 외 기타 상품 전문 소매업,G47859,그 외 기타 분류 안된 상품 전문 소매업,11,서울특별시,11530,구로구,11530560,구로5동,1153010200,구로동,1153010200101020000,1,대지,102,,서울특별시 구로구 구로동 102,115304148016,서울특별시 구로구 가마산로25길,33,,1153010200101020000020410,,서울특별시 구로구 가마산로25길 33,152842,08301,,1,,126.889605641429,37.4974785498271
MA0106202312A0834289,담꾹수원천천점,,G2,소매,G221,기타 상품 소매,G22199,그 외 기타 상품 전문 소매업,G47859,그 외 기타 분류 안된 상품 전문 소매업,41,경기도,41111,수원시 장안구,41111573,정자3동,4111113300,천천동,4111113300105240003,1,대지,524,3,경기도 수원시 장안구 천천동 524-3,411114322083,경기도 수원시 장안구 덕영대로535번길,38,,4111113300105240003042585,,경기도 수원시 장안구 덕영대로535번길 38,440303,16329,,1,,126.982405498083,37.2971776124041
MA0106202312A0137258,쥬빌리통상,,G2,소매,G221,기타 상품 소매,G22199,그 외 기타 상품 전문 소매업,G47859,그 외 기타 분류 안된 상품 전문 소매업,41,경기도,41480,파주시,41480530,금촌3동,4148010600,맥금동,4148010600106670017,1,대지,667,17,경기도 파주시 맥금동 667-17,414804418403,경기도 파주시 상골길,68,,4148010600106670017000001,,경기도 파주시 상골길 68,413060,10847,,,,126.725707600395,37.7848952139572
MA0106202312A0571728,케이앤씨비즈,,G2,소매,G221,기타 상품 소매,G22199,그 외 기타 상품 전문 소매업,G47859,그 외 기타 분류 안된 상품 전문 소매업,11,서울특별시,11230,동대문구,11230705,청량리동,1123010700,청량리동,1123010700100460003,1,대지,46,3,서울특별시 동대문구 청량리동 46-3,112303105015,서울특별시 동대문구 제기로,144,,1123010700100460003014243,,서울특별시 동대문구 제기로 144,130867,02487,,2,,127.049080740511,37.5860701798524
MA0106202312A1676218,코나붕어빵,,G2,소매,G221,기타 상품 소매,G22199,그 외 기타 상품 전문 소매업,G47859,그 외 기타 분류 안된 상품 전문 소매업,41,경기도,41480,파주시,41480320,탄현면,4148032026,탄현면,4148032026100530001,1,대지,53,1,경기도 파주시 탄현면 만우리 53-1,414803206046,경기도 파주시 탄현면 새오리로,467,,4148032026100530001003851,,경기도 파주시 탄현면 새오리로 467,413842,10858,,,,126.703453383774,37.8171135864856
MA0106202312A1399072,신앙촌상회,,G2,소매,G221,기타 상품 소매,G22199,그 외 기타 상품 전문 소매업,G47859,그 외 기타 분류 안된 상품 전문 소매업,26,부산광역시,26230,부산진구,26230670,당감1동,2623010900,당감동,2623010900102750007,1,대지,275,7,부산광역시 부산진구 당감동 275-7,262303129006,부산광역시 부산진구 당감로,32,1,2623010900102750007004026,,부산광역시 부산진구 당감로 32-1,614817,47181,,,,129.039531016911,35.164498871826
MA0106202312A0364394,윤서컴퍼니,,G2,소매,G221,기타 상품 소매,G22199,그 외 기타 상품 전문 소매업,G47859,그 외 기타 분류 안된 상품 전문 소매업,11,서울특별시,11710,송파구,11710531,거여1동,1171011300,거여동,1171011300100020008,1,대지,2,8,서울특별시 송파구 거여동 2-8,117103123010,서울특별시 송파구 성내천로,134,,1171011300100020008023225,윤서빌딩,서울특별시 송파구 성내천로 134,138813,05736,,,,127.143226025965,37.4989840269765
MA0106202312A1634069,타올어때,,G2,소매,G221,기타 상품 소매,G22199,그 외 기타 상품 전문 소매업,G47859,그 외 기타 분류 안된 상품 전문 소매업,43,충청북도,43730,옥천군,43730380,군북면,4373038023,군북면,4373038023102500002,1,대지,250,2,충청북도 옥천군 군북면 증약리 250-2,437303242014,충청북도 옥천군 군북면 비야대정로,210,,4373038023102500002000001,주,충청북도 옥천군 군북면 비야대정로 210,373851,29001,,,,127.525457440233,36.3469302946344
MA0106202404A1959166,비.비로드145,,G2,소매,G221,기타 상품 소매,G22199,그 외 기타 상품 전문 소매업,G47859,그 외 기타 분류 안된 상품 전문 소매업,41,경기도,41220,평택시,41220253,안중읍,4122025330,안중읍,4122025330108310000,1,대지,831,,경기도 평택시 안중읍 현화리 831,412204364470,경기도 평택시 안중읍 안현로서8길,57,,4122025330108310000042740,붐붐프라자,경기도 평택시 안중읍 안현로서8길 57,451885,17944,,1,,126.919100359324,36.9789235141557
MA0106202404A0444365,땅스부대찌개,상계점,G2,소매,G221,기타 상품 소매,G22199,그 외 기타 상품 전문 소매업,G47859,그 외 기타 분류 안된 상품 전문 소매업,11,서울특별시,11350,노원구,11350640,상계2동,1135010500,상계동,1135010500105810197,1,대지,581,197,서울특별시 노원구 상계동 581-197,113504130277,서울특별시 노원구 상계로1길,66,,1135010500105810197000069,,서울특별시 노원구 상계로1길 66,139821,01693,,1,,127.061493059287,37.6590082935397
MA0106202404A0254702,아이비피넷,,G2,소매,G221,기타 상품 소매,G22199,그 외 기타 상품 전문 소매업,G47859,그 외 기타 분류 안된 상품 전문 소매업,41,경기도,41281,고양시 덕양구,41281576,삼송1동,4128111000,오금동,4128111000106860000,1,대지,686,,경기도 고양시 덕양구 오금동 686,412814382197,경기도 고양시 덕양구 삼막3길,5,,4128111000106860000000001,,경기도 고양시 덕양구 삼막3길 5,412150,10575,,3,,126.920738917918,37.6676200802872
MA0106202404A0611630,케이K+푸드,,G2,소매,G221,기타 상품 소매,G22199,그 외 기타 상품 전문 소매업,G47859,그 외 기타 분류 안된 상품 전문 소매업,11,서울특별시,11710,송파구,11710570,오금동,1171011200,오금동,1171011200101220004,1,대지,122,4,서울특별시 송파구 오금동 122-4,117104169067,서울특별시 송파구 동남로29길,13,,1171011200101220004014318,달톤빌딩,서울특별시 송파구 동남로29길 13,138858,05722,,지,,127.137345508358,37.5051899254832
MA0106202404A0792380,아시아마트,,G2,소매,G221,기타 상품 소매,G22199,그 외 기타 상품 전문 소매업,G47859,그 외 기타 분류 안된 상품 전문 소매업,41,경기도,41590,화성시,41590259,향남읍,4159025921,향남읍,4159025921101100003,1,대지,110,3,경기도 화성시 향남읍 평리 110-3,415903210002,경기도 화성시 향남읍 31만세로,1110,,4159025921101100003000577,,경기도 화성시 향남읍 31만세로 1110,445939,18593,,1,,126.908729678922,37.13255805346
MA0106202403A0540785,대림유통,,G2,소매,G221,기타 상품 소매,G22199,그 외 기타 상품 전문 소매업,G47859,그 외 기타 분류 안된 상품 전문 소매업,11,서울특별시,11215,광진구,11215847,자양4동,1121510500,자양동,1121510500102030002,1,대지,203,2,서울특별시 광진구 자양동 203-2,112153000001,서울특별시 광진구 동일로,34,,1121510500102030002025453,,서울특별시 광진구 동일로 34,143846,05081,,1,,127.060893986973,37.5358881723801
MA0106202403A0839805,태광안전철물,,G2,소매,G221,기타 상품 소매,G22199,그 외 기타 상품 전문 소매업,G47859,그 외 기타 분류 안된 상품 전문 소매업,51,강원특별자치도,51130,원주시,51130590,단계동,5113011000,단계동,5113011000101470014,1,대지,147,14,강원특별자치도 원주시 단계동 147-14,511303219041,강원특별자치도 원주시 원문로,107,4,4213011000101470014022463,,강원특별자치도 원주시 원문로 107-4,220935,26411,,,,127.935203545631,37.3562838150918
MA0106202403A1300264,태안캠핑앤커피1230,,G2,소매,G221,기타 상품 소매,G22199,그 외 기타 상품 전문 소매업,G47859,그 외 기타 분류 안된 상품 전문 소매업,44,충청남도,44825,태안군,44825320,남면,4482532025,남면,4482532025112300024,1,대지,1230,24,충청남도 태안군 남면 양잠리 1230-24,448254592262,충청남도 태안군 남면 청포대길,88,,4482532025112300024000001,외,충청남도 태안군 남면 청포대길 88,357952,32155,,,,126.302377343171,36.6418933185309
MA0106202403A1815029,마리텔,역곡점,G2,소매,G221,기타 상품 소매,G22199,그 외 기타 상품 전문 소매업,G47859,그 외 기타 분류 안된 상품 전문 소매업,41,경기도,41192,부천시 원미구,41192570,역곡1동,4119210700,역곡동,4119210700100810000,1,대지,81,,경기도 부천시 원미구 역곡동 81,411923000019,경기도 부천시 원미구 부일로,740,,4119510700100810000020625,B,경기도 부천시 원미구 부일로 740,420835,14674,,,,126.811933677809,37.4858205246476
MA0106202403A1362450,다온,,G2,소매,G221,기타 상품 소매,G22199,그 외 기타 상품 전문 소매업,G47859,그 외 기타 분류 안된 상품 전문 소매업,26,부산광역시,26320,북구,26320573,만덕3동,2632010300,만덕동,2632010300102310016,1,대지,231,16,부산광역시 북구 만덕동 231-16,263203132008,부산광역시 북구 만덕3로,43,,2632010300102310016007839,,부산광역시 북구 만덕3로 43,616825,46562,,1,,129.028615772258,35.211894205636
MA0106202403A1355235,만담SM아이스크림할인점,,G2,소매,G221,기타 상품 소매,G22199,그 외 기타 상품 전문 소매업,G47859,그 외 기타 분류 안된 상품 전문 소매업,26,부산광역시,26380,사하구,26380590,장림2동,2638010500,장림동,2638010500100530001,1,대지,53,1,부산광역시 사하구 장림동 53-1,263804202272,부산광역시 사하구 두송로26번길,35,,2638010500100530001035448,,부산광역시 사하구 두송로26번길 35,604840,49510,,1,,128.979657394828,35.0775190821023
MA0106202403A2049314,아이스캔디송리단점,,G2,소매,G221,기타 상품 소매,G22199,그 외 기타 상품 전문 소매업,G47859,그 외 기타 분류 안된 상품 전문 소매업,11,서울특별시,11710,송파구,11710580,송파1동,1171010400,송파동,1171010400100090009,1,대지,9,9,서울특별시 송파구 송파동 9-9,117104169193,서울특별시 송파구 백제고분로41길,39,,1171010400100090009012527,,서울특별시 송파구 백제고분로41길 39,138848,05624,,,,127.105898453833,37.5089614722199
MA0106202403A0443096,굽굽쿠키,,G2,소매,G221,기타 상품 소매,G22199,그 외 기타 상품 전문 소매업,G47859,그 외 기타 분류 안된 상품 전문 소매업,27,대구광역시,27140,동구,27140580,신천4동,2714010200,신천동,2714010200104380001,1,대지,438,1,대구광역시 동구 신천동 438-1,271404226401,대구광역시 동구 효신로5길,73,,2714010200104380001026773,,대구광역시 동구 효신로5길 73,701828,41248,,1,,128.631162432221,35.8753520554224
MA0106202403A0904339,샐러드&반찬,,G2,소매,G221,기타 상품 소매,G22199,그 외 기타 상품 전문 소매업,G47859,그 외 기타 분류 안된 상품 전문 소매업,43,충청북도,43111,청주시 상당구,43111720,용암1동,4311112400,용암동,4311112400125280000,1,대지,2528,,충청북도 청주시 상당구 용암동 2528,431113236057,충청북도 청주시 상당구 중흥로,157,,4311112400125280000030636,,충청북도 청주시 상당구 중흥로 157,360812,28767,,,,127.510890075324,36.6177170535088
MA0106202402A1949134,캐슬,,G2,소매,G221,기타 상품 소매,G22199,그 외 기타 상품 전문 소매업,G47859,그 외 기타 분류 안된 상품 전문 소매업,44,충청남도,44270,당진시,44270390,송산면,4427039021,송산면,4427039021102730000,1,대지,273,,충청남도 당진시 송산면 상거리 273,442703265060,충청남도 당진시 송산면 송산로,418,,4427039021102730000000001,,충청남도 당진시 송산면 송산로 418,343834,31714,,,,126.683026053939,36.9307163477255
MA0106202402A1932318,무아무아,,G2,소매,G221,기타 상품 소매,G22199,그 외 기타 상품 전문 소매업,G47859,그 외 기타 분류 안된 상품 전문 소매업,28,인천광역시,28200,남동구,28200655,서창2동,2820010500,서창동,2820010500106880000,1,대지,688,,인천광역시 남동구 서창동 688,282004259783,인천광역시 남동구 서창남순환로215번길,36,,2820010500106880000000001,,인천광역시 남동구 서창남순환로215번길 36,405260,21614,,1,,126.747720659003,37.4257566262559
MA0106202401A1138261,웰비플랜,,G2,소매,G221,기타 상품 소매,G22199,그 외 기타 상품 전문 소매업,G47859,그 외 기타 분류 안된 상품 전문 소매업,29,광주광역시,29170,북구,29170601,운암1동,2917010900,운암동,2917010900108850039,1,대지,885,39,광주광역시 북구 운암동 885-39,291704286340,광주광역시 북구 서강로53번길,10,,2917010900108850039019505,,광주광역시 북구 서강로53번길 10,500857,61268,,1,,126.870361117803,35.1767174443534
MA0106202401A0233943,오성유통아이스크림할인점,,G2,소매,G221,기타 상품 소매,G22199,그 외 기타 상품 전문 소매업,G47859,그 외 기타 분류 안된 상품 전문 소매업,51,강원특별자치도,51130,원주시,51130550,단구동,5113010700,단구동,5113010700106270019,1,대지,627,19,강원특별자치도 원주시 단구동 627-19,511303219013,강원특별자치도 원주시 단구로,305,,4213010700106270019003587,,강원특별자치도 원주시 단구로 305,220942,26450,,,,127.958510182104,37.328688925687
MA0106202401A2371791,과일_츄릅,,G2,소매,G221,기타 상품 소매,G22199,그 외 기타 상품 전문 소매업,G47859,그 외 기타 분류 안된 상품 전문 소매업,29,광주광역시,29200,광산구,29200635,운남동,2920012000,운남동,2920012000104260003,1,대지,426,3,광주광역시 광산구 운남동 426-3,292002009005,광주광역시 광산구 임방울대로,142,21,2920012000104260003044129,,광주광역시 광산구 임방울대로 142-21,506816,62319,,,,126.818286527431,35.1745323316378
MA0106202401A0358841,캠핑포에버,,G2,소매,G221,기타 상품 소매,G22199,그 외 기타 상품 전문 소매업,G47859,그 외 기타 분류 안된 상품 전문 소매업,51,강원특별자치도,51130,원주시,51130390,신림면,5113039023,신림면,5113039023106930001,1,대지,693,1,강원특별자치도 원주시 신림면 구학리 693-1,511304457352,강원특별자치도 원주시 신림면 석동구미길,102,,4213039023106930001000001,,강원특별자치도 원주시 신림면 석동구미길 102,220861,26506,,,,128.051080524999,37.2172509198707
MA0106202401A1400097,필통,,G2,소매,G221,기타 상품 소매,G22199,그 외 기타 상품 전문 소매업,G47859,그 외 기타 분류 안된 상품 전문 소매업,52,전북특별자치도,52111,전주시 완산구,52111680,서신동,5211112900,서신동,5211112900102090009,1,대지,209,9,전북특별자치도 전주시 완산구 서신동 209-9,521114598004,전북특별자치도 전주시 완산구 감나무1길,8,,4511112900102090009010070,,전북특별자치도 전주시 완산구 감나무1길 8,560819,54950,,,,127.122159027795,35.8292900160295
MA0106202401A0934046,중국식품,,G2,소매,G221,기타 상품 소매,G22199,그 외 기타 상품 전문 소매업,G47859,그 외 기타 분류 안된 상품 전문 소매업,44,충청남도,44810,예산군,44810250,예산읍,4481025024,예산읍,4481025024102740001,1,대지,274,1,충청남도 예산군 예산읍 주교리 274-1,448103263024,충청남도 예산군 예산읍 역전로,48,,4481025024102740001003248,,충청남도 예산군 예산읍 역전로 48,340808,32431,,,,126.829401477226,36.6833645535163
MA0106202312A1227685,새참,,G2,소매,G221,기타 상품 소매,G22199,그 외 기타 상품 전문 소매업,G47859,그 외 기타 분류 안된 상품 전문 소매업,29,광주광역시,29200,광산구,29200700,신창동,2920011800,신창동,2920011800111310001,1,대지,1131,1,광주광역시 광산구 신창동 1131-1,292003163030,광주광역시 광산구 신창로,136,,2920011800111310001045590,,광주광역시 광산구 신창로 136,506840,62251,,2,,126.839198467974,35.1970867481921
MA0106202312A1722779,라라스키친,,G2,소매,G221,기타 상품 소매,G22199,그 외 기타 상품 전문 소매업,G47859,그 외 기타 분류 안된 상품 전문 소매업,28,인천광역시,28260,서구,28260575,신현원창동,2826010900,신현동,2826010900102850039,1,대지,285,39,인천광역시 서구 신현동 285-39,282603156054,인천광역시 서구 신현로,29,1,2826010900102850039004300,,인천광역시 서구 신현로 29-1,404832,22782,,,,126.672026582609,37.5161220274467
MA0106202312A2090350,포항닭칼국수,,G2,소매,G221,기타 상품 소매,G22199,그 외 기타 상품 전문 소매업,G47859,그 외 기타 분류 안된 상품 전문 소매업,27,대구광역시,27110,중구,27110680,대봉1동,2711015700,대봉동,2711015700102140000,1,대지,214,,대구광역시 중구 대봉동 214,271103141013,대구광역시 중구 명덕로,333,,2711015700102140000018442,식품관대백프라자,대구광역시 중구 명덕로 333,700718,41953,,,,128.606362859942,35.8557080077408
MA0106202312A1423747,서울에너지리테일,,G2,소매,G221,기타 상품 소매,G22199,그 외 기타 상품 전문 소매업,G47859,그 외 기타 분류 안된 상품 전문 소매업,44,충청남도,44210,서산시,44210370,음암면,4421037028,음암면,4421037028103790004,1,대지,379,4,충청남도 서산시 음암면 유계리 379-4,442103254134,충청남도 서산시 음암면 음암로,96,,4421037028103790004000001,,충청남도 서산시 음암면 음암로 96,356844,31942,,,,126.517033041683,36.7503163331002
MA0106202312A0096947,만석화로,,G2,소매,G221,기타 상품 소매,G22199,그 외 기타 상품 전문 소매업,G47859,그 외 기타 분류 안된 상품 전문 소매업,48,경상남도,48330,양산시,48330253,물금읍,4833025323,물금읍,4833025323112680011,1,대지,1268,11,경상남도 양산시 물금읍 가촌리 1268-11,483303338109,경상남도 양산시 물금읍 물금로,167,,4833025323112680011000001,,경상남도 양산시 물금읍 물금로 167,626811,50613,,1,,128.998605569779,35.3183158136773
MA0106202312A1592450,또또롱,,G2,소매,G221,기타 상품 소매,G22199,그 외 기타 상품 전문 소매업,G47859,그 외 기타 분류 안된 상품 전문 소매업,28,인천광역시,28177,미추홀구,28177660,주안5동,2817710500,주안동,2817710500100180007,1,대지,18,7,인천광역시 미추홀구 주안동 18-7,281773151022,인천광역시 미추홀구 주염로,26,,2817010600100180007124462,,인천광역시 미추홀구 주염로 26,402836,22124,,1,,126.682128204562,37.4679549566761
MA0106202312A1670068,캔들이슈센트스튜디오,,G2,소매,G221,기타 상품 소매,G22199,그 외 기타 상품 전문 소매업,G47859,그 외 기타 분류 안된 상품 전문 소매업,41,경기도,41370,오산시,41370550,세마동,4137011300,세교동,4137011300105950001,1,대지,595,1,경기도 오산시 세교동 595-1,413703198013,경기도 오산시 독산성로,425,,4137011300105950001000001,더퍼스트타워,경기도 오산시 독산성로 425,447240,18105,,1,,127.041445562313,37.188748880588
MA0106202404A1206254,정우상사,,G2,소매,G221,기타 상품 소매,G22199,그 외 기타 상품 전문 소매업,G47859,그 외 기타 분류 안된 상품 전문 소매업,29,광주광역시,29170,북구,29170620,우산동,2917011000,우산동,2917011000101720018,1,대지,172,18,광주광역시 북구 우산동 172-18,291703162029,광주광역시 북구 서방로,53,,2917011000101720026022783,,광주광역시 북구 서방로 53,500849,61193,,,,126.91892060032,35.1727666696237
MA0106202404A0685791,오랑카롱,,G2,소매,G221,기타 상품 소매,G22199,그 외 기타 상품 전문 소매업,G47859,그 외 기타 분류 안된 상품 전문 소매업,52,전북특별자치도,52111,전주시 완산구,52111714,효자4동,5211114100,효자동2가,5211114100112530001,1,대지,1253,1,전북특별자치도 전주시 완산구 효자동2가 1253-1,521113266030,전북특별자치도 전주시 완산구 봉곡로,47,,4511114200112390011000003,,전북특별자치도 전주시 완산구 봉곡로 47,560800,55060,,,,127.099040378358,35.8119440029674
MA0106202312A1129310,마카롱어센틱,,G2,소매,G221,기타 상품 소매,G22199,그 외 기타 상품 전문 소매업,G47859,그 외 기타 분류 안된 상품 전문 소매업,48,경상남도,48129,창원시 진해구,48129600,자은동,4812914200,자은동,4812914200101380001,1,대지,138,1,경상남도 창원시 진해구 자은동 138-1,481293331006,경상남도 창원시 진해구 냉천로,156,,4812914200101380001000001,,경상남도 창원시 진해구 냉천로 156,645300,51592,,,,128.713446283786,35.15539347005
MA0106202404A1991320,오누,,G2,소매,G221,기타 상품 소매,G22199,그 외 기타 상품 전문 소매업,G47859,그 외 기타 분류 안된 상품 전문 소매업,50,제주특별자치도,50110,제주시,50110690,도두동,5011012700,도두일동,5011012700122750000,1,대지,2275,,제주특별자치도 제주시 도두일동 2275,501103349236,제주특별자치도 제주시 일주서로,7735,,5011012700122750000026130,,제주특별자치도 제주시 일주서로 7735,690241,63116,,1,,126.47311535994,33.4941961683371
MA0106202404A0084406,화왕중국마트,,G2,소매,G221,기타 상품 소매,G22199,그 외 기타 상품 전문 소매업,G47859,그 외 기타 분류 안된 상품 전문 소매업,41,경기도,41220,평택시,41220600,원평동,4122011300,평택동,4122011300101480001,1,대지,148,1,경기도 평택시 평택동 148-1,412204364597,경기도 평택시 원평로39번길,9,2,4122011300101480001014617,,경기도 평택시 원평로39번길 9-2,450827,17922,,,,127.084246633915,36.9891484960127
MA0106202404A0254651,세이프넷티앤씨,,G2,소매,G221,기타 상품 소매,G22199,그 외 기타 상품 전문 소매업,G47859,그 외 기타 분류 안된 상품 전문 소매업,11,서울특별시,11260,중랑구,11260520,면목2동,1126010100,면목동,1126010100101910087,1,대지,191,87,서울특별시 중랑구 면목동 191-87,112604118278,서울특별시 중랑구 봉우재로1길,3,,1126010100101910087029424,성경빌딩,서울특별시 중랑구 봉우재로1길 3,131824,02127,,1,,127.073969945767,37.5896251372036
MA0106202404A2110371,리크앤,,G2,소매,G221,기타 상품 소매,G22199,그 외 기타 상품 전문 소매업,G47859,그 외 기타 분류 안된 상품 전문 소매업,30,대전광역시,30200,유성구,30200550,신성동,3020012500,신성동,3020012500105170000,1,대지,517,,대전광역시 유성구 신성동 517,302004851247,대전광역시 유성구 유성대로1184번길,5,5,3020012500105170000000001,,대전광역시 유성구 유성대로1184번길 5-5,305345,34109,,,,127.351734183334,36.3945190028629
MA0106202404A0402601,판다팜내리점,,G2,소매,G221,기타 상품 소매,G22199,그 외 기타 상품 전문 소매업,G47859,그 외 기타 분류 안된 상품 전문 소매업,41,경기도,41550,안성시,41550350,대덕면,4155035028,대덕면,4155035028103230003,1,대지,323,3,경기도 안성시 대덕면 내리 323-3,415504424122,경기도 안성시 대덕면 내리1길,4,,4155035028103230003000001,,경기도 안성시 대덕면 내리1길 4,456831,17547,,,,127.221888689725,37.0026944855151
MA0106202404A2206603,바로고,,G2,소매,G221,기타 상품 소매,G22199,그 외 기타 상품 전문 소매업,G47859,그 외 기타 분류 안된 상품 전문 소매업,52,전북특별자치도,52130,군산시,52130690,수송동,5213014300,지곡동,5213014300105510013,1,대지,551,13,전북특별자치도 군산시 지곡동 551-13,521304604704,전북특별자치도 군산시 신평2길,12,,4513014300105510013000001,,전북특별자치도 군산시 신평2길 12,573370,54104,,,,126.712025468432,35.9569029698331
MA0106202403A0562755,노블레스웰빙,,G2,소매,G221,기타 상품 소매,G22199,그 외 기타 상품 전문 소매업,G47859,그 외 기타 분류 안된 상품 전문 소매업,11,서울특별시,11740,강동구,11740700,둔촌2동,1174010600,둔촌동,1174010600100530000,1,대지,53,,서울특별시 강동구 둔촌동 53,117402000008,서울특별시 강동구 천호대로,1186,,1174010600100530000000231,원경빌딩,서울특별시 강동구 천호대로 1186,134817,05361,,3,,127.143225073245,37.5339969996416
MA0106202403A0800410,우리가치,,G2,소매,G221,기타 상품 소매,G22199,그 외 기타 상품 전문 소매업,G47859,그 외 기타 분류 안된 상품 전문 소매업,41,경기도,41360,남양주시,41360256,화도읍,4136025630,화도읍,4136025630106820005,1,대지,682,5,경기도 남양주시 화도읍 차산리 682-5,413603197047,경기도 남양주시 화도읍 재재기로,50,16,4136025630106820002019732,,경기도 남양주시 화도읍 재재기로 50-16,472847,12199,,,,127.300750074771,37.6294851876608
MA0106202403A1654991,그린F5경기,군포지점,G2,소매,G221,기타 상품 소매,G22199,그 외 기타 상품 전문 소매업,G47859,그 외 기타 분류 안된 상품 전문 소매업,41,경기도,41410,군포시,41410620,광정동,4141010400,산본동,4141010400111440001,1,대지,1144,1,경기도 군포시 산본동 1144-1,414103200003,경기도 군포시 광정로,70,,4141010400111440001005486,유공빌딩,경기도 군포시 광정로 70,435805,15865,,4,,126.930218570961,37.3594647243791
MA0106202403A0089251,대동상사,,G2,소매,G221,기타 상품 소매,G22199,그 외 기타 상품 전문 소매업,G47859,그 외 기타 분류 안된 상품 전문 소매업,41,경기도,41281,고양시 덕양구,41281660,화전동,4128113200,향동동,4128113200105210000,1,대지,521,,경기도 고양시 덕양구 향동동 521,412813351995,경기도 고양시 덕양구 꽃마을로,66,,4128113200105210000000001,한일미디어타워,경기도 고양시 덕양구 꽃마을로 66,412160,10546,,6,,126.893348023739,37.6012589567872
MA0106202403A0422555,윈썸,,G2,소매,G221,기타 상품 소매,G22199,그 외 기타 상품 전문 소매업,G47859,그 외 기타 분류 안된 상품 전문 소매업,41,경기도,41570,김포시,41570250,통진읍,4157025025,통진읍,4157025025103030002,1,대지,303,2,경기도 김포시 통진읍 가현리 303-2,415704427011,경기도 김포시 통진읍 가현로230번길,64,14,4157025025103030002000001,,경기도 김포시 통진읍 가현로230번길 64-14,415861,10030,,,,126.594316813997,37.6789680479288
MA0106202403A2465704,하이돌프,코리아,G2,소매,G221,기타 상품 소매,G22199,그 외 기타 상품 전문 소매업,G47859,그 외 기타 분류 안된 상품 전문 소매업,11,서울특별시,11545,금천구,11545610,독산1동,1154510200,독산동,1154510200102910001,1,대지,291,1,서울특별시 금천구 독산동 291-1,115453117005,서울특별시 금천구 두산로,70,,1154510200102910001013680,,서울특별시 금천구 두산로 70,153813,08584,,,,126.895627546782,37.4689671109965
MA0106202403A1088395,맘스케익용전,,G2,소매,G221,기타 상품 소매,G22199,그 외 기타 상품 전문 소매업,G47859,그 외 기타 분류 안된 상품 전문 소매업,30,대전광역시,30110,동구,30110640,용전동,3011011500,용전동,3011011500101480009,1,대지,148,9,대전광역시 동구 용전동 148-9,301104292052,대전광역시 동구 계족로483번길,48,11,3011011500101480009001911,,대전광역시 동구 계족로483번길 48-11,300825,34544,,1,,127.42976935041,36.3555764962868
MA0106202403A0843898,프린트&아이스크림용일초점,,G2,소매,G221,기타 상품 소매,G22199,그 외 기타 상품 전문 소매업,G47859,그 외 기타 분류 안된 상품 전문 소매업,28,인천광역시,28177,미추홀구,28177540,용현1.4동,2817710200,용현동,2817710200100750006,1,대지,75,6,인천광역시 미추홀구 용현동 75-6,281774253744,인천광역시 미추홀구 한나루로489번길,90,,2817010200100750006187112,,인천광역시 미추홀구 한나루로489번길 90,402818,22208,,1,,126.662428777905,37.4520696096774
MA0106202401A1833591,독도1025,,G2,소매,G221,기타 상품 소매,G22199,그 외 기타 상품 전문 소매업,G47859,그 외 기타 분류 안된 상품 전문 소매업,47,경상북도,47940,울릉군,47940250,울릉읍,4794025024,울릉읍,4794025024200120009,2,산,12,9,경상북도 울릉군 울릉읍 도동리 산12-9,479404778037,경상북도 울릉군 울릉읍 약수터길,93,,4794025024200120001002814,,경상북도 울릉군 울릉읍 약수터길 93,799801,40227,,,,130.904292582921,37.480823723943
MA0106202401A0849714,기수유통,,G2,소매,G221,기타 상품 소매,G22199,그 외 기타 상품 전문 소매업,G47859,그 외 기타 분류 안된 상품 전문 소매업,41,경기도,41590,화성시,41590550,반월동,4159012000,반월동,4159012000103330010,1,대지,333,10,경기도 화성시 반월동 333-10,415904430481,경기도 화성시 반월길40번길,4,13,4159012000003330010030851,,경기도 화성시 반월길40번길 4-13,445330,18384,,,,127.062212970844,37.2294042007074
MA0106202401A0917232,동아반찬,,G2,소매,G221,기타 상품 소매,G22199,그 외 기타 상품 전문 소매업,G47859,그 외 기타 분류 안된 상품 전문 소매업,31,울산광역시,31110,중구,31110610,다운동,3111011200,다운동,3111011200107760001,1,대지,776,1,울산광역시 중구 다운동 776-1,311103011001,울산광역시 중구 다운로,118,,3111011200107760001002668,,울산광역시 중구 다운로 118,681802,44402,,1,,129.267005555148,35.5633153575436
MA0106202401A0842111,하얀주방,,G2,소매,G221,기타 상품 소매,G22199,그 외 기타 상품 전문 소매업,G47859,그 외 기타 분류 안된 상품 전문 소매업,11,서울특별시,11140,중구,11140520,소공동,1114011700,남대문로4가,1114011700100180001,1,대지,18,1,서울특별시 중구 남대문로4가 18-1,111403101001,서울특별시 중구 남대문로,12,,1114011700100180001020744,영화빌딩,서울특별시 중구 남대문로 12,100070,04528,,,,126.977216645773,37.5605620096128
MA0106202401A1175127,훈연실,,G2,소매,G221,기타 상품 소매,G22199,그 외 기타 상품 전문 소매업,G47859,그 외 기타 분류 안된 상품 전문 소매업,41,경기도,41590,화성시,41590610,동탄7동,4159013500,산척동,4159013500108210010,1,대지,821,10,경기도 화성시 산척동 821-10,415904852373,경기도 화성시 동탄순환대로14길,50,6,4159013500200370001000003,,경기도 화성시 동탄순환대로14길 50-6,,18502,,1,,127.122356788328,37.1692301706972
MA0106202401A1426922,별이찬방&카페,,G2,소매,G221,기타 상품 소매,G22199,그 외 기타 상품 전문 소매업,G47859,그 외 기타 분류 안된 상품 전문 소매업,31,울산광역시,31110,중구,31110590,우정동,3111010800,우정동,3111010800103940052,1,대지,394,52,울산광역시 중구 우정동 394-52,311104307376,울산광역시 중구 우정7길,5,,3111010800103940052005128,,울산광역시 중구 우정7길 5,681816,44461,,,,129.309208836846,35.5598828900447
MA0106202401A0754250,카페봄봄신서점,,G2,소매,G221,기타 상품 소매,G22199,그 외 기타 상품 전문 소매업,G47859,그 외 기타 분류 안된 상품 전문 소매업,27,대구광역시,27140,동구,27140742,안심3동,2714012400,신서동,2714012400105520007,1,대지,552,7,대구광역시 동구 신서동 552-7,271403142011,대구광역시 동구 동호로,161,1,2714012400105520007001521,,대구광역시 동구 동호로 161-1,701869,41088,,1,,128.732083496061,35.8692260410747
MA0106202401A2133460,구미생수유통,,G2,소매,G221,기타 상품 소매,G22199,그 외 기타 상품 전문 소매업,G47859,그 외 기타 분류 안된 상품 전문 소매업,47,경상북도,47190,구미시,47190670,인동동,4719012200,인의동,4719012200106270008,1,대지,627,8,경상북도 구미시 인의동 627-8,471903308043,경상북도 구미시 여헌로,32,56,4719012200106270008003090,,경상북도 구미시 여헌로 32-56,730320,39434,,,,128.426541279951,36.1035232410983
MA0106202401A0884031,대전시약기기,,G2,소매,G221,기타 상품 소매,G22199,그 외 기타 상품 전문 소매업,G47859,그 외 기타 분류 안된 상품 전문 소매업,30,대전광역시,30230,대덕구,30230520,대화동,3023010200,대화동,3023010200102890001,1,대지,289,1,대전광역시 대덕구 대화동 289-1,302303168004,대전광역시 대덕구 대화로,160,,3023010200102890001008147,산업용재유통단지,대전광역시 대덕구 대화로 160,306754,34368,,,,127.402936017244,36.3652945197826
MA0106202401A0583212,밝은미래F&B,,G2,소매,G221,기타 상품 소매,G22199,그 외 기타 상품 전문 소매업,G47859,그 외 기타 분류 안된 상품 전문 소매업,11,서울특별시,11545,금천구,11545510,가산동,1154510100,가산동,1154510100104590011,1,대지,459,11,서울특별시 금천구 가산동 459-11,115453117001,서울특별시 금천구 가산디지털1로,186,,1154510100104590011000001,제이플라츠,서울특별시 금천구 가산디지털1로 186,153792,08502,,1,,126.881578500485,37.4819193917329
MA0106202401A2152211,황금손복권판매점,,G2,소매,G221,기타 상품 소매,G22199,그 외 기타 상품 전문 소매업,G47859,그 외 기타 분류 안된 상품 전문 소매업,52,전북특별자치도,52113,전주시 덕진구,52113665,여의동,5211313100,만성동,5211313100113450009,1,대지,1345,9,전북특별자치도 전주시 덕진구 만성동 1345-9,521133351432,전북특별자치도 전주시 덕진구 만성북로,47,,4511313100113450009000001,만성U-TOWER,전북특별자치도 전주시 덕진구 만성북로 47,561330,54858,,1,,127.080222966202,35.848594212717
MA0106202401A0442296,파파스푸르츠,,G2,소매,G221,기타 상품 소매,G22199,그 외 기타 상품 전문 소매업,G47859,그 외 기타 분류 안된 상품 전문 소매업,43,충청북도,43740,영동군,43740250,영동읍,4374025031,영동읍,4374025031106950001,1,대지,695,1,충청북도 영동군 영동읍 설계리 695-1,437403243063,충청북도 영동군 영동읍 대학로,89,,4374025031106950001000001,,충청북도 영동군 영동읍 대학로 89,370806,29134,,2,,127.779798371393,36.1856469196023
MA0106202312A2269861,베이지데이,,G2,소매,G221,기타 상품 소매,G22199,그 외 기타 상품 전문 소매업,G47859,그 외 기타 분류 안된 상품 전문 소매업,29,광주광역시,29170,북구,29170601,운암1동,2917010900,운암동,2917010900109650000,1,대지,965,,광주광역시 북구 운암동 965,291703162008,광주광역시 북구 대자실로,23,1,2917010900109650000018644,운암현대아파트,광주광역시 북구 대자실로 23-1,500784,61256,,2,,126.873683601858,35.1791996842901
MA0106202312A0143508,정해상워크래프트,,G2,소매,G221,기타 상품 소매,G22199,그 외 기타 상품 전문 소매업,G47859,그 외 기타 분류 안된 상품 전문 소매업,41,경기도,41590,화성시,41590256,우정읍,4159025627,우정읍,4159025627111150000,1,대지,1115,,경기도 화성시 우정읍 주곡리 1115,415903210073,경기도 화성시 우정읍 쌍봉로,658,,4159025627101610005025031,우정스타트베이,경기도 화성시 우정읍 쌍봉로 658,445956,18559,,,,126.797761963698,37.1294201465956
MA0106202312A1412339,펀앳홈,,G2,소매,G221,기타 상품 소매,G22199,그 외 기타 상품 전문 소매업,G47859,그 외 기타 분류 안된 상품 전문 소매업,41,경기도,41610,광주시,41610550,탄벌동,4161010500,탄벌동,4161010500102740001,1,대지,274,1,경기도 광주시 탄벌동 274-1,416103211037,경기도 광주시 이배재로,113,,4161010500102740001005258,,경기도 광주시 이배재로 113,464100,12747,,1,,127.242227190776,37.4266426258156
MA0106202312A2316847,카미노게,,G2,소매,G221,기타 상품 소매,G22199,그 외 기타 상품 전문 소매업,G47859,그 외 기타 분류 안된 상품 전문 소매업,26,부산광역시,26260,동래구,26260580,사직1동,2626010900,사직동,2626010900100690019,1,대지,69,19,부산광역시 동래구 사직동 69-19,262604190251,부산광역시 동래구 석사로34번길,27,,2626010900100690002008504,,부산광역시 동래구 석사로34번길 27,607817,47858,,1,,129.064243079838,35.1987296774036
MA0106202312A2059617,베이비플러스,하남점,G2,소매,G221,기타 상품 소매,G22199,그 외 기타 상품 전문 소매업,G47859,그 외 기타 분류 안된 상품 전문 소매업,41,경기도,41450,하남시,41450600,초이동,4145012200,초일동,4145012200102350000,1,대지,235,,경기도 하남시 초일동 235,414504406230,경기도 하남시 초일로168번길,15,,4145012200102350000008319,,경기도 하남시 초일로168번길 15,465220,12985,,2,,127.184426469034,37.5321738840561
MA0106202404A0523180,네오이지테크,,G2,소매,G221,기타 상품 소매,G22199,그 외 기타 상품 전문 소매업,G47859,그 외 기타 분류 안된 상품 전문 소매업,11,서울특별시,11740,강동구,11740570,암사1동,1174010700,암사동,1174010700104620005,1,대지,462,5,서울특별시 강동구 암사동 462-5,117403123023,서울특별시 강동구 올림픽로,816,5,1174010700104620005015792,정산빌딩,서울특별시 강동구 올림픽로 816-5,134857,05251,,,,127.129410919104,37.5538349191882
MA0106202404A2096996,마마토즈,,G2,소매,G221,기타 상품 소매,G22199,그 외 기타 상품 전문 소매업,G47859,그 외 기타 분류 안된 상품 전문 소매업,41,경기도,41550,안성시,41550250,공도읍,4155025025,공도읍,4155025025105260006,1,대지,526,6,경기도 안성시 공도읍 용두리 526-6,415503208012,경기도 안성시 공도읍 기업단지로,72,,4155025025105260006023600,,경기도 안성시 공도읍 기업단지로 72,456821,17551,,1,,127.158974842873,37.0033540928418
MA0106202312A1821305,우리유통,,G2,소매,G221,기타 상품 소매,G22199,그 외 기타 상품 전문 소매업,G47859,그 외 기타 분류 안된 상품 전문 소매업,48,경상남도,48129,창원시 진해구,48129600,자은동,4812914200,자은동,4812914200109240002,1,대지,924,2,경상남도 창원시 진해구 자은동 924-2,481294793090,경상남도 창원시 진해구 덕산로61번길,31,,4812914200109240002019095,,경상남도 창원시 진해구 덕산로61번길 31,645300,51647,,,,128.705847151263,35.1488226521325
MA0106202312A1289963,삼양유통,,G2,소매,G221,기타 상품 소매,G22199,그 외 기타 상품 전문 소매업,G47859,그 외 기타 분류 안된 상품 전문 소매업,50,제주특별자치도,50110,제주시,50110610,삼양동,5011011300,삼양일동,5011011300109960000,1,대지,996,,제주특별자치도 제주시 삼양일동 996,501103349164,제주특별자치도 제주시 원당북로,27,,5011011300109960000000001,,제주특별자치도 제주시 원당북로 27,690071,63315,,,,126.59598783723,33.5323262847443
MA0106202404A1129106,하이리코스메틱,,G2,소매,G221,기타 상품 소매,G22199,그 외 기타 상품 전문 소매업,G47859,그 외 기타 분류 안된 상품 전문 소매업,41,경기도,41135,성남시 분당구,41135670,구미동,4113511400,구미동,4113511400101850002,1,대지,185,2,경기도 성남시 분당구 구미동 185-2,411352000005,경기도 성남시 분당구 성남대로,36,,4113511400101850002056855,,경기도 성남시 분당구 성남대로 36,463870,13637,,3,,127.109383462349,37.3390895041937
MA0106202404A0157982,정은상사,,G2,소매,G221,기타 상품 소매,G22199,그 외 기타 상품 전문 소매업,G47859,그 외 기타 분류 안된 상품 전문 소매업,28,인천광역시,28110,중구,28110520,연안동,2811011800,항동7가,2811011800100270184,1,대지,27,184,인천광역시 중구 항동7가 27-184,281102149003,인천광역시 중구 축항대로,112,,2811011800100270184019513,다,인천광역시 중구 축항대로 112,400801,22348,,1,,126.609170671422,37.4551220847467
MA0106202404A2122375,큐브에프앤비,,G2,소매,G221,기타 상품 소매,G22199,그 외 기타 상품 전문 소매업,G47859,그 외 기타 분류 안된 상품 전문 소매업,41,경기도,41271,안산시 상록구,41271515,이동,4127110200,이동,4127110200106240003,1,대지,624,3,경기도 안산시 상록구 이동 624-3,412714370463,경기도 안산시 상록구 조구나리1길,25,2,4127110200106240003000001,,경기도 안산시 상록구 조구나리1길 25-2,426862,15486,,,,126.844501888916,37.3141513854023
MA0106202404A1574722,소상공인정책지원센터,,G2,소매,G221,기타 상품 소매,G22199,그 외 기타 상품 전문 소매업,G47859,그 외 기타 분류 안된 상품 전문 소매업,11,서울특별시,11440,마포구,11440730,성산2동,1144012500,성산동,1144012500105930002,1,대지,593,2,서울특별시 마포구 성산동 593-2,114404139505,서울특별시 마포구 월드컵로34길,18,,1144012500105930002027943,,서울특별시 마포구 월드컵로34길 18,121850,03938,,,,126.904197453696,37.5653096292394
MA0106202404A1576925,써니데이즈,,G2,소매,G221,기타 상품 소매,G22199,그 외 기타 상품 전문 소매업,G47859,그 외 기타 분류 안된 상품 전문 소매업,50,제주특별자치도,50130,서귀포시,50130520,정방동,5013010100,서귀동,5013010100104060015,1,대지,406,15,제주특별자치도 서귀포시 서귀동 406-15,501303350238,제주특별자치도 서귀포시 이중섭로,1,,5013010100104060015029846,,제주특별자치도 서귀포시 이중섭로 1,697841,63595,,,,126.564294290179,33.2479141401618
MA0106202404A0745956,새롬밧데리,,G2,소매,G221,기타 상품 소매,G22199,그 외 기타 상품 전문 소매업,G47859,그 외 기타 분류 안된 상품 전문 소매업,48,경상남도,48129,창원시 진해구,48129560,경화동,4812913900,경화동,4812913900111800008,1,대지,1180,8,경상남도 창원시 진해구 경화동 1180-8,481292000030,경상남도 창원시 진해구 진해대로,634,,4812913900111800008007735,,경상남도 창원시 진해구 진해대로 634,645802,51668,,2,,128.684865649137,35.1583088268374
MA0106202404A0710455,다복반찬,,G2,소매,G221,기타 상품 소매,G22199,그 외 기타 상품 전문 소매업,G47859,그 외 기타 분류 안된 상품 전문 소매업,43,충청북도,43111,청주시 상당구,43111720,용암1동,4311112400,용암동,4311112400124720000,1,대지,2472,,충청북도 청주시 상당구 용암동 2472,431114508109,충청북도 청주시 상당구 낙영로32번길,24,,4311112400124720000030658,,충청북도 청주시 상당구 낙영로32번길 24,360812,28767,,1,,127.51008298037,36.6173780817765
MA0106202404A1776922,바이오넷,,G2,소매,G221,기타 상품 소매,G22199,그 외 기타 상품 전문 소매업,G47859,그 외 기타 분류 안된 상품 전문 소매업,26,부산광역시,26500,수영구,26500770,광안2동,2650010400,광안동,2650010400101590013,1,대지,159,13,부산광역시 수영구 광안동 159-13,265004214060,부산광역시 수영구 광안로48번길,7,,2650010400101590013004795,,부산광역시 수영구 광안로48번길 7,613804,48299,,5,,129.117291769339,35.154756491391
MA0106202404A2239688,타예르셀바,,G2,소매,G221,기타 상품 소매,G22199,그 외 기타 상품 전문 소매업,G47859,그 외 기타 분류 안된 상품 전문 소매업,27,대구광역시,27290,달서구,27290615,진천동,2729011700,진천동,2729011700105950026,1,대지,595,26,대구광역시 달서구 진천동 595-26,272903007013,대구광역시 달서구 월배로,79,,2729011700105950026008878,타예르셀바,대구광역시 달서구 월배로 79,704834,42760,,3,,128.523000352143,35.8141240337959
MA0106202403A1277488,밀리어드멤버스,,G2,소매,G221,기타 상품 소매,G22199,그 외 기타 상품 전문 소매업,G47859,그 외 기타 분류 안된 상품 전문 소매업,52,전북특별자치도,52710,완주군,52710250,삼례읍,5271025021,삼례읍,5271025021114300007,1,대지,1430,7,전북특별자치도 완주군 삼례읍 삼례리 1430-7,527104619098,전북특별자치도 완주군 삼례읍 마천3길,12,16,4571025021114300007004288,,전북특별자치도 완주군 삼례읍 마천3길 12-16,565803,55343,,,,127.071164131491,35.9063341221107
MA0106202403A2025400,하얀팩토리,,G2,소매,G221,기타 상품 소매,G22199,그 외 기타 상품 전문 소매업,G47859,그 외 기타 분류 안된 상품 전문 소매업,30,대전광역시,30230,대덕구,30230546,중리동,3023010900,중리동,3023010900101490006,1,대지,149,6,대전광역시 대덕구 중리동 149-6,302304304435,대전광역시 대덕구 중리동로56번길,16,,3023010900101490006014047,,대전광역시 대덕구 중리동로56번길 16,306825,34390,,1,,127.429705348103,36.3642009414346
MA0106202403A1355986,동진인스트루먼트,,G2,소매,G221,기타 상품 소매,G22199,그 외 기타 상품 전문 소매업,G47859,그 외 기타 분류 안된 상품 전문 소매업,41,경기도,41285,고양시 일산동구,41285551,백석1동,4128510600,백석동,4128510600111410001,1,대지,1141,1,경기도 고양시 일산동구 백석동 1141-1,412853193028,경기도 고양시 일산동구 일산로,138,,4128510600111410001004927,일산테크노타운,경기도 고양시 일산동구 일산로 138,410722,10442,,,,126.795021265074,37.6501067121113
MA0106202403A0377015,디아이스토어,,G2,소매,G221,기타 상품 소매,G22199,그 외 기타 상품 전문 소매업,G47859,그 외 기타 분류 안된 상품 전문 소매업,11,서울특별시,11230,동대문구,11230660,장안2동,1123010600,장안동,1123010600103010001,1,대지,301,1,서울특별시 동대문구 장안동 301-1,112303005034,서울특별시 동대문구 사가정로,240,,1123010600103010001014560,전체,서울특별시 동대문구 사가정로 240,130838,02526,,1,,127.071570322318,37.5785804414479
MA0106202403A0234773,철원정보통신,,G2,소매,G221,기타 상품 소매,G22199,그 외 기타 상품 전문 소매업,G47859,그 외 기타 분류 안된 상품 전문 소매업,51,강원특별자치도,51780,철원군,51780256,갈말읍,5178025621,갈말읍,5178025621106420012,1,대지,642,12,강원특별자치도 철원군 갈말읍 신철원리 642-12,517803230015,강원특별자치도 철원군 갈말읍 삼부연로,28,,4278025621106420012033459,,강원특별자치도 철원군 갈말읍 삼부연로 28,269805,24049,,,,127.311184096597,38.1455185423148
MA0106202403A0026447,장독대,여의도점,G2,소매,G221,기타 상품 소매,G22199,그 외 기타 상품 전문 소매업,G47859,그 외 기타 분류 안된 상품 전문 소매업,11,서울특별시,11560,영등포구,11560540,여의동,1156011000,여의도동,1156011000100410001,1,대지,41,1,서울특별시 영등포구 여의도동 41-1,115604154066,서울특별시 영등포구 국제금융로7길,22,,1156011000100410001031304,,서울특별시 영등포구 국제금융로7길 22,150889,07340,,1,,126.933075433431,37.5232438585187
MA0106202403A0250596,제시앤엘리스,,G2,소매,G221,기타 상품 소매,G22199,그 외 기타 상품 전문 소매업,G47859,그 외 기타 분류 안된 상품 전문 소매업,52,전북특별자치도,52710,완주군,52710253,봉동읍,5271025328,봉동읍,5271025328102720001,1,대지,272,1,전북특별자치도 완주군 봉동읍 장기리 272-1,527103273010,전북특별자치도 완주군 봉동읍 낙평장기로,41,,4571025328102720001000001,제시앤엘리스,전북특별자치도 완주군 봉동읍 낙평장기로 41,565907,55328,,,,127.163613670271,35.9356153084073
MA0106202403A1747852,도래,,G2,소매,G221,기타 상품 소매,G22199,그 외 기타 상품 전문 소매업,G47859,그 외 기타 분류 안된 상품 전문 소매업,28,인천광역시,28140,동구,28140570,송현3동,2814010300,송현동,2814010300101290000,1,대지,129,,인천광역시 동구 송현동 129,281404250066,인천광역시 동구 방축로37번길,30,,2814010300101290000001672,,인천광역시 동구 방축로37번길 30,401704,22530,,,,126.652754921392,37.4861987386311
MA0106202402A1113770,삼백육십오,,G2,소매,G221,기타 상품 소매,G22199,그 외 기타 상품 전문 소매업,G47859,그 외 기타 분류 안된 상품 전문 소매업,48,경상남도,48121,창원시 의창구,48121310,북면,4812131028,북면,4812131028102360005,1,대지,236,5,경상남도 창원시 의창구 북면 감계리 236-5,481214781020,경상남도 창원시 의창구 북면 감계로110번길,54,31,4812131028102360005000001,드림타워,경상남도 창원시 의창구 북면 감계로110번길 54-31,641871,51112,,1,,128.595135681433,35.3015848588884
MA0106202402A1025834,안심다원찻집,,G2,소매,G221,기타 상품 소매,G22199,그 외 기타 상품 전문 소매업,G47859,그 외 기타 분류 안된 상품 전문 소매업,48,경상남도,48330,양산시,48330340,하북면,4833034021,하북면,4833034021107310005,1,대지,731,5,경상남도 양산시 하북면 순지리 731-5,483304814575,경상남도 양산시 하북면 신평강변2길,15,,4833034021107310005052446,,경상남도 양산시 하북면 신평강변2길 15,626863,50503,,,,129.086508131956,35.489927493403
MA0106202401A0090831,비하컴퍼니,,G2,소매,G221,기타 상품 소매,G22199,그 외 기타 상품 전문 소매업,G47859,그 외 기타 분류 안된 상품 전문 소매업,43,충청북도,43113,청주시 흥덕구,43113747,가경동,4311311300,가경동,4311311300114850003,1,대지,1485,3,충청북도 청주시 흥덕구 가경동 1485-3,431134511791,충청북도 청주시 흥덕구 장구봉로29번길,28,,4311311300114850003022694,,충청북도 청주시 흥덕구 장구봉로29번길 28,361802,28403,,,,127.436803427269,36.6226525008997
MA0106202401A0444550,전라도식진지상,,G2,소매,G221,기타 상품 소매,G22199,그 외 기타 상품 전문 소매업,G47859,그 외 기타 분류 안된 상품 전문 소매업,11,서울특별시,11740,강동구,11740685,길동,1174010500,길동,1174010500102500000,1,대지,250,,서울특별시 강동구 길동 250,117403124008,서울특별시 강동구 진황도로,127,,1174010500102500000003244,,서울특별시 강동구 진황도로 127,134815,05356,,,,127.140351943831,37.5343428292683
MA0106202401A0431179,원산도산마루푸드,,G2,소매,G221,기타 상품 소매,G22199,그 외 기타 상품 전문 소매업,G47859,그 외 기타 분류 안된 상품 전문 소매업,44,충청남도,44180,보령시,44180320,오천면,4418032027,오천면,4418032027101930003,1,대지,193,3,충청남도 보령시 오천면 원산도리 193-3,441804556466,충청남도 보령시 오천면 원산도4길,39,15,4418032027101930003000001,,충청남도 보령시 오천면 원산도4길 39-15,355846,33411,,B1,,126.432672877593,36.3662310885701
MA0106202401A0401758,핫도그342애견글램핑카라반,,G2,소매,G221,기타 상품 소매,G22199,그 외 기타 상품 전문 소매업,G47859,그 외 기타 분류 안된 상품 전문 소매업,41,경기도,41650,포천시,41650370,일동면,4165037026,일동면,4165037026107000001,1,대지,700,1,경기도 포천시 일동면 수입리 700-1,416503213025,경기도 포천시 일동면 수입로,342,,4165037026107000001052159,,경기도 포천시 일동면 수입로 342,487855,11115,,1,,127.315399938915,37.9957121036492
MA0106202401A1230613,정아농수산유통,,G2,소매,G221,기타 상품 소매,G22199,그 외 기타 상품 전문 소매업,G47859,그 외 기타 분류 안된 상품 전문 소매업,46,전라남도,46110,목포시,46110645,삼학동,4611010200,산정동,4611010200114070004,1,대지,1407,4,전라남도 목포시 산정동 1407-4,461104643663,전라남도 목포시 자유로148번길,8,,4611010200114070004000001,,전라남도 목포시 자유로148번길 8,530817,58737,,,,126.405398003982,34.7927142686832
MA0106202401A2350317,에프엔,,G2,소매,G221,기타 상품 소매,G22199,그 외 기타 상품 전문 소매업,G47859,그 외 기타 분류 안된 상품 전문 소매업,41,경기도,41360,남양주시,41360530,금곡동,4136010300,금곡동,4136010300101540025,1,대지,154,25,경기도 남양주시 금곡동 154-25,413603000120,경기도 남양주시 경춘로,1004,,4136010300101540025005842,,경기도 남양주시 경춘로 1004,472802,12238,,3,,127.212877657653,37.6344877015589
MA0106202401A0710293,이동크리스탈생수신서울유통,,G2,소매,G221,기타 상품 소매,G22199,그 외 기타 상품 전문 소매업,G47859,그 외 기타 분류 안된 상품 전문 소매업,41,경기도,41285,고양시 일산동구,41285590,장항2동,4128510400,장항동,4128510400107760002,1,대지,776,2,경기도 고양시 일산동구 장항동 776-2,412853193011,경기도 고양시 일산동구 무궁화로,32,23,4128510400107760002009217,,경기도 고양시 일산동구 무궁화로 32-23,410837,10401,,,,126.7691147638,37.6618346675003
MA0106202401A1311873,봉레도,,G2,소매,G221,기타 상품 소매,G22199,그 외 기타 상품 전문 소매업,G47859,그 외 기타 분류 안된 상품 전문 소매업,41,경기도,41310,구리시,41310580,수택2동,4131010500,수택동,4131010500105890011,1,대지,589,11,경기도 구리시 수택동 589-11,413104388022,경기도 구리시 검배로84번길,11,24,4131010500105890011006347,,경기도 구리시 검배로84번길 11-24,471826,11942,,1,,127.147587010911,37.5944213991646
MA0106202312A2141511,로또명당,,G2,소매,G221,기타 상품 소매,G22199,그 외 기타 상품 전문 소매업,G47859,그 외 기타 분류 안된 상품 전문 소매업,44,충청남도,44200,아산시,44200330,탕정면,4420033025,탕정면,4420033025106220001,1,대지,622,1,충청남도 아산시 탕정면 매곡리 622-1,442003015035,충청남도 아산시 탕정면 이순신대로,725,,4420033025106220001001019,,충청남도 아산시 탕정면 이순신대로 725,336843,31461,,1,,127.082754752325,36.7936201493441
MA0106202312A2270551,24시무인먹구편의점부천피노키오점,,G2,소매,G221,기타 상품 소매,G22199,그 외 기타 상품 전문 소매업,G47859,그 외 기타 분류 안된 상품 전문 소매업,41,경기도,41192,부천시 원미구,41192520,심곡2동,4119210200,심곡동,4119210200103850000,1,대지,385,,경기도 부천시 원미구 심곡동 385,411924352183,경기도 부천시 원미구 부천로3번길,48,,4119010200103850000000001,,경기도 부천시 원미구 부천로3번길 48,420827,14637,,,,126.780298556452,37.485369490037
MA0106202312A0648225,카테고리서울,,G2,소매,G221,기타 상품 소매,G22199,그 외 기타 상품 전문 소매업,G47859,그 외 기타 분류 안된 상품 전문 소매업,11,서울특별시,11170,용산구,11170520,용산2가동,1117010200,용산동2가,1117010200100051612,1,대지,5,1612,서울특별시 용산구 용산동2가 5-1612,111703102005,서울특별시 용산구 신흥로,7,,1117010200100051612025940,,서울특별시 용산구 신흥로 7,140835,04338,,1,,126.98651267128,37.5391557132924
MA0106202312A1580724,온정푸드,,G2,소매,G221,기타 상품 소매,G22199,그 외 기타 상품 전문 소매업,G47859,그 외 기타 분류 안된 상품 전문 소매업,27,대구광역시,27230,북구,27230715,관문동,2723011700,노곡동,2723011700105620004,1,대지,562,4,대구광역시 북구 노곡동 562-4,272304235223,대구광역시 북구 부엉길,17,,2723011700105620004030916,,대구광역시 북구 부엉길 17,702090,41482,,,,128.55377553479,35.9006821031412
MA0106202312A1587757,나노워터,,G2,소매,G221,기타 상품 소매,G22199,그 외 기타 상품 전문 소매업,G47859,그 외 기타 분류 안된 상품 전문 소매업,26,부산광역시,26410,금정구,26410680,구서1동,2641010700,구서동,2641010700100510014,1,대지,51,14,부산광역시 금정구 구서동 51-14,264103130034,부산광역시 금정구 체육공원로,130,,2641010700100510014027040,,부산광역시 금정구 체육공원로 130,609854,46251,,1,,129.101581538801,35.254525882658
MA0106202312A2043385,에이프릴센트,,G2,소매,G221,기타 상품 소매,G22199,그 외 기타 상품 전문 소매업,G47859,그 외 기타 분류 안된 상품 전문 소매업,29,광주광역시,29200,광산구,29200515,송정1동,2920010100,송정동,2920010100105820012,1,대지,582,12,광주광역시 광산구 송정동 582-12,292003163002,광주광역시 광산구 광산로,76,1,2920010100105820012041650,,광주광역시 광산구 광산로 76-1,506805,62427,,3,,126.79927856162,35.1410799679625
MA0106202404A0874251,오션클라우드,,G2,소매,G221,기타 상품 소매,G22199,그 외 기타 상품 전문 소매업,G47859,그 외 기타 분류 안된 상품 전문 소매업,41,경기도,41570,김포시,41570550,풍무동,4157010700,풍무동,4157010700109300000,1,대지,930,,경기도 김포시 풍무동 930,415703351528,경기도 김포시 풍무2로,25,,4157010700102130000000004,,경기도 김포시 풍무2로 25,415070,10113,,6,,126.725709645504,37.6089080926641
MA0106202404A1638164,사월공방,,G2,소매,G221,기타 상품 소매,G22199,그 외 기타 상품 전문 소매업,G47859,그 외 기타 분류 안된 상품 전문 소매업,51,강원특별자치도,51190,태백시,51190605,구문소동,5119010200,장성동,5119010200100750005,1,대지,75,5,강원특별자치도 태백시 장성동 75-5,511903222014,강원특별자치도 태백시 장성로,230,,4219010200100750005012477,,강원특별자치도 태백시 장성로 230,235290,26047,,,,129.021253478483,37.1010618490077
MA0106202404A1043901,담디,,G2,소매,G221,기타 상품 소매,G22199,그 외 기타 상품 전문 소매업,G47859,그 외 기타 분류 안된 상품 전문 소매업,47,경상북도,47150,김천시,47150595,대곡동,4715011400,부곡동,4715011400107840023,1,대지,784,23,경상북도 김천시 부곡동 784-23,471504718365,경상북도 김천시 문지왈5길,16,,4715011400107840023019029,,경상북도 김천시 문지왈5길 16,740977,39633,,,,128.090830490708,36.1231362547454
MA0106202404A1912602,운봉C&M,,G2,소매,G221,기타 상품 소매,G22199,그 외 기타 상품 전문 소매업,G47859,그 외 기타 분류 안된 상품 전문 소매업,31,울산광역시,31200,북구,31200560,효문동,3120012100,진장동,312001210010000,1,대지,,,울산광역시 북구 진장동 ,312003172024,울산광역시 북구 진장로,45,,3120012100100000000000014,,울산광역시 북구 진장로 45,683350,44250,,,,129.356862431501,35.5649792989199
MA0106202403A1667454,해피식자재,,G2,소매,G221,기타 상품 소매,G22199,그 외 기타 상품 전문 소매업,G47859,그 외 기타 분류 안된 상품 전문 소매업,52,전북특별자치도,52710,완주군,52710330,이서면,5271033028,이서면,5271033028106520041,1,대지,652,41,전북특별자치도 완주군 이서면 은교리 652-41,527104862375,전북특별자치도 완주군 이서면 원앙1길,20,,4571033028106520041000001,,전북특별자치도 완주군 이서면 원앙1길 20,565853,55367,,1,,127.009615915503,35.8174640865982
MA0106202403A1673380,문경하루,,G2,소매,G221,기타 상품 소매,G22199,그 외 기타 상품 전문 소매업,G47859,그 외 기타 분류 안된 상품 전문 소매업,47,경상북도,47280,문경시,47280250,문경읍,4728025022,문경읍,4728025022100360013,1,대지,36,13,경상북도 문경시 문경읍 하리 36-13,472804736652,경상북도 문경시 문경읍 주흘3길,18,,4728025022100360013027089,,경상북도 문경시 문경읍 주흘3길 18,745804,36917,,1,,128.109986894531,36.7368563046086
MA0106202403A0236347,두리팩,,G2,소매,G221,기타 상품 소매,G22199,그 외 기타 상품 전문 소매업,G47859,그 외 기타 분류 안된 상품 전문 소매업,41,경기도,41650,포천시,41650330,가산면,4165033024,가산면,4165033024101860003,1,대지,186,3,경기도 포천시 가산면 가산리 186-3,416504439192,경기도 포천시 가산면 방산길,72,,4165033024101860003000001,,경기도 포천시 가산면 방산길 72,487811,11168,,,,127.179330145185,37.8361262600907
MA0106202403A0551952,플랑슈,,G2,소매,G221,기타 상품 소매,G22199,그 외 기타 상품 전문 소매업,G47859,그 외 기타 분류 안된 상품 전문 소매업,11,서울특별시,11170,용산구,11170685,한남동,1117013100,한남동,1117013100107370025,1,대지,737,25,서울특별시 용산구 한남동 737-25,111703102009,서울특별시 용산구 이태원로,221,,1117013100107370034005174,,서울특별시 용산구 이태원로 221,140893,04349,,1,,126.998223654884,37.5353632583408
MA0106202403A0508971,카스토르폴룩스,,G2,소매,G221,기타 상품 소매,G22199,그 외 기타 상품 전문 소매업,G47859,그 외 기타 분류 안된 상품 전문 소매업,28,인천광역시,28237,부평구,28237580,산곡2동,2823710300,산곡동,2823710300101190006,1,대지,119,6,인천광역시 부평구 산곡동 119-6,282373008033,인천광역시 부평구 안남로,273,14,2823710300101190006014811,,인천광역시 부평구 안남로 273-14,403834,21361,,,,126.708143597612,37.5074410412018
MA0106202403A0458676,어썸유닛,,G2,소매,G221,기타 상품 소매,G22199,그 외 기타 상품 전문 소매업,G47859,그 외 기타 분류 안된 상품 전문 소매업,30,대전광역시,30140,중구,30140535,은행선화동,3014010100,은행동,3014010100100530020,1,대지,53,20,대전광역시 중구 은행동 53-20,301404295572,대전광역시 중구 중앙로170번길,24,,3014010100100530020011753,,대전광역시 중구 중앙로170번길 24,301839,34922,,1,,127.42888574187,36.3285354214557
MA0106202403A0787420,밀양필,,G2,소매,G221,기타 상품 소매,G22199,그 외 기타 상품 전문 소매업,G47859,그 외 기타 분류 안된 상품 전문 소매업,48,경상남도,48270,밀양시,48270520,내이동,4827010200,내이동,4827010200111960000,1,대지,1196,,경상남도 밀양시 내이동 1196,482702336001,경상남도 밀양시 밀양대로,1959,,4827010200111960000000001,,경상남도 밀양시 밀양대로 1959,627802,50424,,,,128.74172413078,35.4982465529454
MA0106202403A1115301,상희유통,,G2,소매,G221,기타 상품 소매,G22199,그 외 기타 상품 전문 소매업,G47859,그 외 기타 분류 안된 상품 전문 소매업,44,충청남도,44200,아산시,44200360,둔포면,4420036035,둔포면,4420036035102740014,1,대지,274,14,충청남도 아산시 둔포면 염작리 274-14,442004559709,충청남도 아산시 둔포면 이화길,124,,4420036035102740014000001,,충청남도 아산시 둔포면 이화길 124,336875,31410,,,,127.073702103822,36.9225019642413
MA0106202403A0396803,선아네남도반찬,,G2,소매,G221,기타 상품 소매,G22199,그 외 기타 상품 전문 소매업,G47859,그 외 기타 분류 안된 상품 전문 소매업,11,서울특별시,11170,용산구,11170700,보광동,1117013600,보광동,1117013600102220002,1,대지,222,2,서울특별시 용산구 보광동 222-2,111703102003,서울특별시 용산구 보광로,29,1,1117013600102220002002401,일부,서울특별시 용산구 보광로 29-1,140823,04394,,1,,127.0,37.5269659390266
MA0106202402A2461539,네띠,코리아,G2,소매,G221,기타 상품 소매,G22199,그 외 기타 상품 전문 소매업,G47859,그 외 기타 분류 안된 상품 전문 소매업,41,경기도,41135,성남시 분당구,41135520,수내1동,4113510200,수내동,4113510200100110004,1,대지,11,4,경기도 성남시 분당구 수내동 11-4,411353180053,경기도 성남시 분당구 황새울로,216,,4113510200100110004000001,,경기도 성남시 분당구 황새울로 216,463875,13595,,,,127.112805239219,37.3784611815564
MA0106202312A0993373,톡톡블럭,,G2,소매,G221,기타 상품 소매,G22199,그 외 기타 상품 전문 소매업,G47859,그 외 기타 분류 안된 상품 전문 소매업,29,광주광역시,29170,북구,29170696,양산동,2917012800,양산동,2917012800101390003,1,대지,139,3,광주광역시 북구 양산동 139-3,291703162064,광주광역시 북구 자라봉로,21,,2917012800101390003047140,,광주광역시 북구 자라봉로 21,500887,61071,,1,,126.876044234183,35.2079192590798
MA0106202401A1363924,행복나래사회적협동조합,,G2,소매,G221,기타 상품 소매,G22199,그 외 기타 상품 전문 소매업,G47859,그 외 기타 분류 안된 상품 전문 소매업,30,대전광역시,30170,서구,30170593,도안동,3017011500,도안동,3017011500117840000,1,대지,1784,,대전광역시 서구 도안동 1784,301703000095,대전광역시 서구 계백로,1149,,3017011400110520000000001,효진빌딩,대전광역시 서구 계백로 1149,302318,35368,,,,127.350886507959,36.3050257132538
MA0106202401A0288061,풍물쇼핑물,,G2,소매,G221,기타 상품 소매,G22199,그 외 기타 상품 전문 소매업,G47859,그 외 기타 분류 안된 상품 전문 소매업,41,경기도,41463,용인시 기흥구,41463560,구성동,4146311200,언남동,4146311200103690002,1,대지,369,2,경기도 용인시 기흥구 언남동 369-2,414634412058,경기도 용인시 기흥구 구성로63번길,12,,4146311200103690002024348,,경기도 용인시 기흥구 구성로63번길 12,446525,16917,,3,,127.117858217099,37.2956605601779
MA0106202401A2074735,델리시아케이크,,G2,소매,G221,기타 상품 소매,G22199,그 외 기타 상품 전문 소매업,G47859,그 외 기타 분류 안된 상품 전문 소매업,44,충청남도,44133,천안시 서북구,44133567,불당2동,4413310800,불당동,4413310800114850000,1,대지,1485,,충청남도 천안시 서북구 불당동 1485,441333250021,충청남도 천안시 서북구 번영로,201,,4413310800114850000000001,,충청남도 천안시 서북구 번영로 201,331230,31156,,2,,127.110096077412,36.8191354805143
MA0106202401A1006020,긱스토어,,G2,소매,G221,기타 상품 소매,G22199,그 외 기타 상품 전문 소매업,G47859,그 외 기타 분류 안된 상품 전문 소매업,50,제주특별자치도,50110,제주시,50110540,이도2동,5011010400,이도이동,5011010400110370003,1,대지,1037,3,제주특별자치도 제주시 이도이동 1037-3,501104848341,제주특별자치도 제주시 오복3길,27,1,5011010400110370003045197,,제주특별자치도 제주시 오복3길 27-1,690825,63210,,,,126.533893825772,33.4979108272749
MA0106202401A0142901,쓰리에이미디어,,G2,소매,G221,기타 상품 소매,G22199,그 외 기타 상품 전문 소매업,G47859,그 외 기타 분류 안된 상품 전문 소매업,28,인천광역시,28237,부평구,28237592,청천2동,2823710400,청천동,2823710400104260011,1,대지,426,11,인천광역시 부평구 청천동 426-11,282373154028,인천광역시 부평구 부평북로,246,,2823710400104260011000001,,인천광역시 부평구 부평북로 246,403858,21315,,,,126.720574489819,37.5223015783163
MA0106202401A0158359,용현유통,,G2,소매,G221,기타 상품 소매,G22199,그 외 기타 상품 전문 소매업,G47859,그 외 기타 분류 안된 상품 전문 소매업,28,인천광역시,28200,남동구,28200551,간석4동,2820010200,간석동,2820010200102700005,1,대지,270,5,인천광역시 남동구 간석동 270-5,282003000028,인천광역시 남동구 경인로,593,,2820010200102700005020676,,인천광역시 남동구 경인로 593,405806,21507,,1,,126.703584508322,37.4648031379487
MA0106202401A2046695,슬기로운리퍼브,,G2,소매,G221,기타 상품 소매,G22199,그 외 기타 상품 전문 소매업,G47859,그 외 기타 분류 안된 상품 전문 소매업,30,대전광역시,30230,대덕구,30230546,중리동,3023010900,중리동,3023010900101800002,1,대지,180,2,대전광역시 대덕구 중리동 180-2,302303168027,대전광역시 대덕구 중리남로,6,,3023010900101800002013589,,대전광역시 대덕구 중리남로 6,306825,34390,,1,,127.431016794165,36.3615738088549
MA0106202312A1323279,마칸커피로스터리,,G2,소매,G221,기타 상품 소매,G22199,그 외 기타 상품 전문 소매업,G47859,그 외 기타 분류 안된 상품 전문 소매업,41,경기도,41281,고양시 덕양구,41281580,창릉동,4128111200,동산동,4128111200103690000,1,대지,369,,경기도 고양시 덕양구 동산동 369,412813194069,경기도 고양시 덕양구 동송로,33,,4128111200103690000000001,이편한세상시티삼송,경기도 고양시 덕양구 동송로 33,412090,10595,,,,126.896973782299,37.6490595167568
MA0106202312A1818703,마리텔,역곡점,G2,소매,G221,기타 상품 소매,G22199,그 외 기타 상품 전문 소매업,G47859,그 외 기타 분류 안된 상품 전문 소매업,41,경기도,41390,시흥시,41390593,정왕3동,4139013200,정왕동,4139013200118610006,1,대지,1861,6,경기도 시흥시 정왕동 1861-6,413904397476,경기도 시흥시 옥구상가2길,3,,4139013200118610006016999,,경기도 시흥시 옥구상가2길 3,429864,15040,,2,,126.724417482924,37.3536860519917
MA0106202312A1034339,복드림,,G2,소매,G221,기타 상품 소매,G22199,그 외 기타 상품 전문 소매업,G47859,그 외 기타 분류 안된 상품 전문 소매업,11,서울특별시,11380,은평구,11380632,신사2동,1138010900,신사동,1138010900100400018,1,대지,40,18,서울특별시 은평구 신사동 40-18,113803005053,서울특별시 은평구 가좌로,313,,1138010900100400018013916,좌측,서울특별시 은평구 가좌로 313,122883,03441,,1,,126.910069544676,37.5955245614879
MA0106202404A0585028,헬리Shop양산센터,,G2,소매,G221,기타 상품 소매,G22199,그 외 기타 상품 전문 소매업,G47859,그 외 기타 분류 안된 상품 전문 소매업,48,경상남도,48330,양산시,48330510,중앙동,4833010400,북부동,4833010400104290006,1,대지,429,6,경상남도 양산시 북부동 429-6,483303338098,경상남도 양산시 중앙로,155,1,4833010400104290006058854,,경상남도 양산시 중앙로 155-1,626800,50619,,1,,129.038242562661,35.3446161268429
MA0106202404A0363875,닥터리의백앤넥,,G2,소매,G221,기타 상품 소매,G22199,그 외 기타 상품 전문 소매업,G47859,그 외 기타 분류 안된 상품 전문 소매업,11,서울특별시,11680,강남구,11680590,삼성2동,1168010500,삼성동,1168010500101400016,1,대지,140,16,서울특별시 강남구 삼성동 140-16,116804166504,서울특별시 강남구 선릉로96길,13,,1168010500101400016016987,,서울특별시 강남구 선릉로96길 13,135875,06161,,2,,127.049311290722,37.5064127651314
MA0106202404A1158880,에스지베이프샵,,G2,소매,G221,기타 상품 소매,G22199,그 외 기타 상품 전문 소매업,G47859,그 외 기타 분류 안된 상품 전문 소매업,29,광주광역시,29140,서구,29140830,풍암동,2914012800,풍암동,2914012800111110004,1,대지,1111,4,광주광역시 서구 풍암동 1111-4,291403160047,광주광역시 서구 풍암1로,15,,2914012800111110004000001,,광주광역시 서구 풍암1로 15,502833,62058,,1,,126.878165596813,35.1257536232939
MA0106202312A1201791,구식도시락,,G2,소매,G221,기타 상품 소매,G22199,그 외 기타 상품 전문 소매업,G47859,그 외 기타 분류 안된 상품 전문 소매업,30,대전광역시,30170,서구,30170586,월평1동,3017011300,월평동,3017011300105500000,1,대지,550,,대전광역시 서구 월평동 550,301704298602,대전광역시 서구 한밭대로592번길,23,,3017011300105500000020548,,대전광역시 서구 한밭대로592번길 23,302852,35223,,1,,127.364666888284,36.3568743253305
MA0106202312A0240533,해피분식의정부민락1지점,,G2,소매,G221,기타 상품 소매,G22199,그 외 기타 상품 전문 소매업,G47859,그 외 기타 분류 안된 상품 전문 소매업,41,경기도,41150,의정부시,41150576,송산2동,4115010600,민락동,4115010600107010001,1,대지,701,1,경기도 의정부시 민락동 701-1,411504343293,경기도 의정부시 용현로150번길,7,,4115010600107010001017688,,경기도 의정부시 용현로150번길 7,480861,11808,,1,,127.092533300851,37.7403551046863
MA0106202312A1615791,대박복권,,G2,소매,G221,기타 상품 소매,G22199,그 외 기타 상품 전문 소매업,G47859,그 외 기타 분류 안된 상품 전문 소매업,41,경기도,41360,남양주시,41360570,별내동,4136011100,별내동,4136011100109750001,1,대지,975,1,경기도 남양주시 별내동 975-1,413603197037,경기도 남양주시 순화궁로,249,,4136011100109750001000001,디,경기도 남양주시 순화궁로 249,472501,12106,,,,127.128119051286,37.6518820390067
MA0106202404A1909055,유영불교,,G2,소매,G221,기타 상품 소매,G22199,그 외 기타 상품 전문 소매업,G47859,그 외 기타 분류 안된 상품 전문 소매업,31,울산광역시,31110,중구,31110630,병영2동,3111011400,서동,3111011400101600001,1,대지,160,1,울산광역시 중구 서동 160-1,311103169012,울산광역시 중구 병영로,87,,3111011400101600001013450,,울산광역시 중구 병영로 87,681290,44485,,,,129.346071797371,35.577263977222
MA0106202404A0535836,구찌노래연습장,,G2,소매,G221,기타 상품 소매,G22199,그 외 기타 상품 전문 소매업,G47859,그 외 기타 분류 안된 상품 전문 소매업,28,인천광역시,28177,미추홀구,28177660,주안5동,2817710500,주안동,2817710500100220051,1,대지,22,51,인천광역시 미추홀구 주안동 22-51,281773151030,인천광역시 미추홀구 석정로,460,,2817010600100220051166985,선화빌딩,인천광역시 미추홀구 석정로 460,402836,22129,,1,,126.686601356224,37.4660297385133
MA0106202404A1881989,제주보육사,,G2,소매,G221,기타 상품 소매,G22199,그 외 기타 상품 전문 소매업,G47859,그 외 기타 분류 안된 상품 전문 소매업,50,제주특별자치도,50110,제주시,50110650,연동,5011013700,연동,5011013700103140007,1,대지,314,7,제주특별자치도 제주시 연동 314-7,501103349095,제주특별자치도 제주시 선덕로,12,,5011013700103140007007986,,제주특별자치도 제주시 선덕로 12,690815,63134,,4,,126.497851162544,33.4854272087716
MA0106202404A1600222,더&클린,,G2,소매,G221,기타 상품 소매,G22199,그 외 기타 상품 전문 소매업,G47859,그 외 기타 분류 안된 상품 전문 소매업,46,전라남도,46230,광양시,46230250,광양읍,4623025030,광양읍,4623025030101350000,1,대지,135,,전라남도 광양시 광양읍 용강리 135,462303285038,전라남도 광양시 광양읍 제철로,7,,4623025030101350000000001,,전라남도 광양시 광양읍 제철로 7,545801,57749,,,,127.603894178635,34.9638233305059
MA0106202404A1203860,유한푸르미,,G2,소매,G221,기타 상품 소매,G22199,그 외 기타 상품 전문 소매업,G47859,그 외 기타 분류 안된 상품 전문 소매업,29,광주광역시,29170,북구,29170696,양산동,2917012900,연제동,2917012900200020003,2,산,2,3,광주광역시 북구 연제동 산2-3,291704286499,광주광역시 북구 연양로23번길,23,,2917012900200020003000002,,광주광역시 북구 연양로23번길 23,500200,61075,,,,126.868927180556,35.2082993452071
MA0106202404A1130410,송이골,,G2,소매,G221,기타 상품 소매,G22199,그 외 기타 상품 전문 소매업,G47859,그 외 기타 분류 안된 상품 전문 소매업,47,경상북도,47760,영양군,47760310,입암면,4776031044,입암면,4776031044104820000,1,대지,482,,경상북도 영양군 입암면 방전리 482,477603018071,경상북도 영양군 입암면 영양로,227,5,4776031044104820000000001,,경상북도 영양군 입암면 영양로 227-5,764821,36553,,,,129.079468694326,36.5587611595682
MA0106202404A0782496,동행유통,,G2,소매,G221,기타 상품 소매,G22199,그 외 기타 상품 전문 소매업,G47859,그 외 기타 분류 안된 상품 전문 소매업,41,경기도,41670,여주시,41670510,여흥동,4167010200,홍문동,4167010200102190001,1,대지,219,1,경기도 여주시 홍문동 219-1,416703214032,경기도 여주시 세종로,67,,4173025022102180002027427,,경기도 여주시 세종로 67,469102,12631,,,,127.636094668012,37.291883531622
MA0106202403A0565224,자연을담다,,G2,소매,G221,기타 상품 소매,G22199,그 외 기타 상품 전문 소매업,G47859,그 외 기타 분류 안된 상품 전문 소매업,41,경기도,41192,부천시 원미구,41192550,원미2동,4119210100,원미동,4119210100101810013,1,대지,181,13,경기도 부천시 원미구 원미동 181-13,411924352501,경기도 부천시 원미구 조종로50번길,45,,4119510100101810013010691,,경기도 부천시 원미구 조종로50번길 45,420840,14572,,,,126.789848913001,37.4907748813588
MA0106202403A0726575,비티푸드,,G2,소매,G221,기타 상품 소매,G22199,그 외 기타 상품 전문 소매업,G47859,그 외 기타 분류 안된 상품 전문 소매업,41,경기도,41480,파주시,41480580,운정4동,4148011100,상지석동,4148011100106910015,1,대지,691,15,경기도 파주시 상지석동 691-15,414804418616,경기도 파주시 운정역길,130,,4148011100106910015000001,,경기도 파주시 운정역길 130,413140,10911,,1,,126.775279307844,37.733492033638
MA0106202403A0380519,동원샘물,,G2,소매,G221,기타 상품 소매,G22199,그 외 기타 상품 전문 소매업,G47859,그 외 기타 분류 안된 상품 전문 소매업,41,경기도,41461,용인시 처인구,41461540,동부동,4146110700,마평동,4146110700105950000,1,대지,595,,경기도 용인시 처인구 마평동 595,414613203033,경기도 용인시 처인구 동부로,26,,4146110700105950000008801,,경기도 용인시 처인구 동부로 26,449929,17145,,,,127.21385609016,37.2308403327827
MA0106202403A1400868,나인푸드카페,,G2,소매,G221,기타 상품 소매,G22199,그 외 기타 상품 전문 소매업,G47859,그 외 기타 분류 안된 상품 전문 소매업,28,인천광역시,28185,연수구,28185830,송도2동,2818510600,송도동,2818510600100290002,1,대지,29,2,인천광역시 연수구 송도동 29-2,281854856813,인천광역시 연수구 아트센터대로168번길,101,,2818510600100290002000001,송도랜드,인천광역시 연수구 아트센터대로168번길 101,406082,22006,,1,,126.62797544913,37.4052937550868
MA0106202403A1371835,힐스템연동점,,G2,소매,G221,기타 상품 소매,G22199,그 외 기타 상품 전문 소매업,G47859,그 외 기타 분류 안된 상품 전문 소매업,50,제주특별자치도,50110,제주시,50110650,연동,5011013700,연동,5011013700102720033,1,대지,272,33,제주특별자치도 제주시 연동 272-33,501104848086,제주특별자치도 제주시 신대로12길,51,,5011013700102720033009223,및오피스텔,제주특별자치도 제주시 신대로12길 51,690720,63124,,4,,126.491107960475,33.4885733076431
MA0106202403A0757527,과일원정대,운정점,G2,소매,G221,기타 상품 소매,G22199,그 외 기타 상품 전문 소매업,G47859,그 외 기타 분류 안된 상품 전문 소매업,41,경기도,41480,파주시,41480560,운정2동,4148011700,목동동,4148011700109370000,1,대지,937,,경기도 파주시 목동동 937,414804853905,경기도 파주시 청암로17번길,41,,4148011700109370000000001,아이온프라자,경기도 파주시 청암로17번길 41,413110,10892,,,,126.734171725314,37.7290998734683
MA0106202403A0819278,픽미픽미아이스연수영남점,,G2,소매,G221,기타 상품 소매,G22199,그 외 기타 상품 전문 소매업,G47859,그 외 기타 분류 안된 상품 전문 소매업,28,인천광역시,28185,연수구,28185763,연수3동,2818510300,연수동,2818510300105770000,1,대지,577,,인천광역시 연수구 연수동 577,281854256103,인천광역시 연수구 새말로107번길,6,,2818510300105770000196512,영남아파트,인천광역시 연수구 새말로107번길 6,406815,21933,,,,126.681658228301,37.4188125451481
MA0106202403A2059658,칠렉스서면,직영점,G2,소매,G221,기타 상품 소매,G22199,그 외 기타 상품 전문 소매업,G47859,그 외 기타 분류 안된 상품 전문 소매업,26,부산광역시,26230,부산진구,26230520,부전2동,2623010300,부전동,2623010300101490012,1,대지,149,12,부산광역시 부산진구 부전동 149-12,262303129010,부산광역시 부산진구 동천로,97,,2623010300101490012016818,,부산광역시 부산진구 동천로 97,614845,47292,,,,129.062135334412,35.1574654831999
MA0106202403A1502139,울릉군수산업협동조합,,G2,소매,G221,기타 상품 소매,G22199,그 외 기타 상품 전문 소매업,G47859,그 외 기타 분류 안된 상품 전문 소매업,47,경상북도,47940,울릉군,47940250,울릉읍,4794025024,울릉읍,4794025024103000001,1,대지,300,1,경상북도 울릉군 울릉읍 도동리 300-1,479403326001,경상북도 울릉군 울릉읍 울릉순환로,212,16,4794025024103000001003457,울릉군수협특산품마트,경상북도 울릉군 울릉읍 울릉순환로 212-16,799801,40219,,,,130.90995530651,37.4929814910822
MA0106202312A1242295,참좋은세상,,G2,소매,G221,기타 상품 소매,G22199,그 외 기타 상품 전문 소매업,G47859,그 외 기타 분류 안된 상품 전문 소매업,29,광주광역시,29200,광산구,29200565,어룡동,2920010600,운수동,2920010600100690005,1,대지,69,5,광주광역시 광산구 운수동 69-5,292004289279,광주광역시 광산구 소촌로149번길,36,1,2920010600100690005000001,,광주광역시 광산구 소촌로149번길 36-1,506110,62382,,,,126.786714895273,35.1576705550345
MA0106202312A1674782,해천식품,,G2,소매,G221,기타 상품 소매,G22199,그 외 기타 상품 전문 소매업,G47859,그 외 기타 분류 안된 상품 전문 소매업,44,충청남도,44200,아산시,44200620,온양6동,4420010900,좌부동,4420010900102410003,1,대지,241,3,충청남도 아산시 좌부동 241-3,442003015030,충청남도 아산시 고불로,746,2,4420010900102410003000001,,충청남도 아산시 고불로 746-2,336210,31581,,,,127.026083324131,36.7598992717418
MA0106202401A1034190,정가네반찬가게,,G2,소매,G221,기타 상품 소매,G22199,그 외 기타 상품 전문 소매업,G47859,그 외 기타 분류 안된 상품 전문 소매업,52,전북특별자치도,52111,전주시 완산구,52111702,삼천2동,5211113700,삼천동1가,5211113700103060026,1,대지,306,26,전북특별자치도 전주시 완산구 삼천동1가 306-26,521113266015,전북특별자치도 전주시 완산구 난전들로,256,,4511113700103060026000001,,전북특별자치도 전주시 완산구 난전들로 256,560811,55132,,1,,127.117156337844,35.7913879289863
MA0106202401A0820273,아이뮤직,,G2,소매,G221,기타 상품 소매,G22199,그 외 기타 상품 전문 소매업,G47859,그 외 기타 분류 안된 상품 전문 소매업,48,경상남도,48121,창원시 의창구,48121520,팔룡동,4812112900,팔용동,4812112900100340011,1,대지,34,11,경상남도 창원시 의창구 팔용동 34-11,481214781646,경상남도 창원시 의창구 창원대로363번길,22,47,4812112900100340011015731,명빌딩,경상남도 창원시 의창구 창원대로363번길 22-47,641847,51393,,8,,128.641965129427,35.2366830499172
MA0106202401A1658058,보현채우미플러스,,G2,소매,G221,기타 상품 소매,G22199,그 외 기타 상품 전문 소매업,G47859,그 외 기타 분류 안된 상품 전문 소매업,50,제주특별자치도,50110,제주시,50110630,아라동,5011011700,아라일동,5011011700124880006,1,대지,2488,6,제주특별자치도 제주시 아라일동 2488-6,501103349136,제주특별자치도 제주시 연북로,538,,5011011700124880006000001,,제주특별자치도 제주시 연북로 538,690121,63236,,,,126.537328828154,33.4853644961199
MA0106202401A0226980,LABDOKU,,G2,소매,G221,기타 상품 소매,G22199,그 외 기타 상품 전문 소매업,G47859,그 외 기타 분류 안된 상품 전문 소매업,11,서울특별시,11680,강남구,11680580,삼성1동,1168010500,삼성동,1168010500101610017,1,대지,161,17,서울특별시 강남구 삼성동 161-17,116804166676,서울특별시 강남구 영동대로106길,17,,1168010500101610017015744,경진빌딩,서울특별시 강남구 영동대로106길 17,135881,06170,,2,,127.062482147368,37.5137316988741
MA0106202401A0827156,명승양계농장,,G2,소매,G221,기타 상품 소매,G22199,그 외 기타 상품 전문 소매업,G47859,그 외 기타 분류 안된 상품 전문 소매업,30,대전광역시,30200,유성구,30200526,학하동,3020010500,학하동,3020010500107510003,1,대지,751,3,대전광역시 유성구 학하동 751-3,302004301554,대전광역시 유성구 학하남로91번길,6,21,3020010500107510003000001,,대전광역시 유성구 학하남로91번길 6-21,305360,34213,,,,127.308729305046,36.3378458801752
MA0106202401A1011909,보령잡화소매점,,G2,소매,G221,기타 상품 소매,G22199,그 외 기타 상품 전문 소매업,G47859,그 외 기타 분류 안된 상품 전문 소매업,44,충청남도,44180,보령시,44180515,대천1동,4418010200,죽정동,4418010200105620000,1,대지,562,,충청남도 보령시 죽정동 562,441803252006,충청남도 보령시 대고로,58,,4418010200105620000021776,교내매점,충청남도 보령시 대고로 58,355011,33441,,,,126.604961402497,36.3658075257635
MA0106202401A1954508,디엠스컴퍼니,,G2,소매,G221,기타 상품 소매,G22199,그 외 기타 상품 전문 소매업,G47859,그 외 기타 분류 안된 상품 전문 소매업,41,경기도,41590,화성시,41590400,양감면,4159040024,양감면,4159040024101620010,1,대지,162,10,경기도 화성시 양감면 송산리 162-10,415903210095,경기도 화성시 양감면 정문송산로,273,,4159040024101620010000001,,경기도 화성시 양감면 정문송산로 273,445933,18628,,1,,126.990740019513,37.1153104289475
MA0106202401A1201046,포스트레이딩,,G2,소매,G221,기타 상품 소매,G22199,그 외 기타 상품 전문 소매업,G47859,그 외 기타 분류 안된 상품 전문 소매업,28,인천광역시,28237,부평구,28237592,청천2동,2823710400,청천동,2823710400100030008,1,대지,3,8,인천광역시 부평구 청천동 3-8,282373154054,인천광역시 부평구 청중로,93,,2823710400100030008019347,,인천광역시 부평구 청중로 93,403853,21311,,2,,126.708069383615,37.5177843509465
MA0106202401A2121610,에스엘에스바이오,,G2,소매,G221,기타 상품 소매,G22199,그 외 기타 상품 전문 소매업,G47859,그 외 기타 분류 안된 상품 전문 소매업,41,경기도,41113,수원시 권선구,41113662,금곡동,4111313400,금곡동,4111313400110850000,1,대지,1085,,경기도 수원시 권선구 금곡동 1085,411134331203,경기도 수원시 권선구 금곡로102번길,15,,4111313400105660000000002,,경기도 수원시 권선구 금곡로102번길 15,441460,16388,,2,,126.94184358905,37.2734943431526
MA0106202401A1013421,이노웨이원,,G2,소매,G221,기타 상품 소매,G22199,그 외 기타 상품 전문 소매업,G47859,그 외 기타 분류 안된 상품 전문 소매업,41,경기도,41430,의왕시,41430510,고천동,4143010400,왕곡동,4143010400102600000,1,대지,260,,경기도 의왕시 왕곡동 260,414303201025,경기도 의왕시 오전로,24,,4143010400102600000007058,,경기도 의왕시 오전로 24,437801,16066,,,,126.983172417419,37.3478698534582
MA0106202401A2142427,돼지종합상사,,G2,소매,G221,기타 상품 소매,G22199,그 외 기타 상품 전문 소매업,G47859,그 외 기타 분류 안된 상품 전문 소매업,28,인천광역시,28260,서구,28260580,가좌1동,2826011200,가좌동,2826011200101780217,1,대지,178,217,인천광역시 서구 가좌동 178-217,282604268290,인천광역시 서구 백범로934번길,27,,2826011200101780217019063,가좌중소기업형공장,인천광역시 서구 백범로934번길 27,404812,22846,,,,126.654068584708,37.4906535500834
MA0106202312A1626645,디에이치,,G2,소매,G221,기타 상품 소매,G22199,그 외 기타 상품 전문 소매업,G47859,그 외 기타 분류 안된 상품 전문 소매업,41,경기도,41670,여주시,41670250,가남읍,4167025021,가남읍,4167025021102110000,1,대지,211,,경기도 여주시 가남읍 태평리 211,416702012002,경기도 여주시 가남읍 경충대로,1351,,4173032021102110000061683,,경기도 여주시 가남읍 경충대로 1351,469884,12662,,,,127.541429590589,37.2082429628868
MA0106202312A1698797,휘드헨느,,G2,소매,G221,기타 상품 소매,G22199,그 외 기타 상품 전문 소매업,G47859,그 외 기타 분류 안된 상품 전문 소매업,41,경기도,41590,화성시,41590600,동탄6동,4159012900,오산동,4159012900110360017,1,대지,1036,17,경기도 화성시 오산동 1036-17,415904852348,경기도 화성시 동탄대로14길,6,38,4159012900109672135000001,,경기도 화성시 동탄대로14길 6-38,445150,18486,,1,,127.104609727955,37.1840244694511
MA0106202312A1435441,진구이,,G2,소매,G221,기타 상품 소매,G22199,그 외 기타 상품 전문 소매업,G47859,그 외 기타 분류 안된 상품 전문 소매업,41,경기도,41192,부천시 원미구,41192600,도당동,4119210400,도당동,4119210400102650010,1,대지,265,10,경기도 부천시 원미구 도당동 265-10,411924352158,경기도 부천시 원미구 부천로245번길,32,,4119510400102650010003370,,경기도 부천시 원미구 부천로245번길 32,420808,14525,,1,,126.784570037969,37.5059112626277
MA0106202404A0718472,스콜라몬테소리인천,영종도점,G2,소매,G221,기타 상품 소매,G22199,그 외 기타 상품 전문 소매업,G47859,그 외 기타 분류 안된 상품 전문 소매업,28,인천광역시,28110,중구,28110623,영종2동,2811014500,중산동,2811014500118990014,1,대지,1899,14,인천광역시 중구 중산동 1899-14,281104247487,인천광역시 중구 월촌길,38,,2811014500118990014000001,,인천광역시 중구 월촌길 38,400320,22391,,,,126.565046431087,37.4962158451367
MA0106202404A1261201,다이소,구례점,G2,소매,G221,기타 상품 소매,G22199,그 외 기타 상품 전문 소매업,G47859,그 외 기타 분류 안된 상품 전문 소매업,46,전라남도,46730,구례군,46730250,구례읍,4673025021,구례읍,4673025021102870000,1,대지,287,,전라남도 구례군 구례읍 봉동리 287,467303288024,전라남도 구례군 구례읍 중앙로,22,,4673025021102870000015213,다이소구례점,전라남도 구례군 구례읍 중앙로 22,542804,57640,,,,127.46819834647,35.2074109935654
MA0106202404A0053637,성산식품,,G2,소매,G221,기타 상품 소매,G22199,그 외 기타 상품 전문 소매업,G47859,그 외 기타 분류 안된 상품 전문 소매업,26,부산광역시,26710,기장군,26710256,정관읍,2671025622,정관읍,2671025622101660009,1,대지,166,9,부산광역시 기장군 정관읍 매학리 166-9,267104220249,부산광역시 기장군 정관읍 정관상곡2길,25,15,2671032022101660009000001,,부산광역시 기장군 정관읍 정관상곡2길 25-15,619963,46018,,4,,129.171340512096,35.3190667657944
MA0106202404A2153553,파파앤드류,,G2,소매,G221,기타 상품 소매,G22199,그 외 기타 상품 전문 소매업,G47859,그 외 기타 분류 안된 상품 전문 소매업,11,서울특별시,11440,마포구,11440660,서교동,1144012000,서교동,1144012000103950171,1,대지,395,171,서울특별시 마포구 서교동 395-171,114404139417,서울특별시 마포구 양화로10길,15,,1144012000103950171027002,IO빌딩,서울특별시 마포구 양화로10길 15,121840,04043,,3,,126.917388331753,37.5510297840437
MA0106202403A0264690,카페단파블로,코리아,G2,소매,G221,기타 상품 소매,G22199,그 외 기타 상품 전문 소매업,G47859,그 외 기타 분류 안된 상품 전문 소매업,41,경기도,41133,성남시 중원구,41133570,상대원1동,4113310500,상대원동,4113310500101900001,1,대지,190,1,경기도 성남시 중원구 상대원동 190-1,411333179011,경기도 성남시 중원구 사기막골로,124,,4113310500101900001068591,상대원동SK테크노파크,경기도 성남시 중원구 사기막골로 124,462721,13207,,,,127.17748919965,37.4405611042644
MA0106202403A0407407,위너파트너,,G2,소매,G221,기타 상품 소매,G22199,그 외 기타 상품 전문 소매업,G47859,그 외 기타 분류 안된 상품 전문 소매업,41,경기도,41390,시흥시,41390520,신천동,4139010200,신천동,4139010200100830065,1,대지,83,65,경기도 시흥시 신천동 83-65,413903000064,경기도 시흥시 수인로,3293,,4139010200100830065008079,,경기도 시흥시 수인로 3293,429882,14950,,,,126.793035028946,37.4384138049919
MA0106202403A0253025,사이언스헤드,,G2,소매,G221,기타 상품 소매,G22199,그 외 기타 상품 전문 소매업,G47859,그 외 기타 분류 안된 상품 전문 소매업,41,경기도,41480,파주시,41480510,금촌1동,4148010100,금촌동,4148010100100500026,1,대지,50,26,경기도 파주시 금촌동 50-26,414803206055,경기도 파주시 아동로,7,,4148010100100500027031441,풀잎문화센터,경기도 파주시 아동로 7,413800,10930,,4,,126.775538147794,37.7642334962481
MA0106202403A1028477,브에놀로,,G2,소매,G221,기타 상품 소매,G22199,그 외 기타 상품 전문 소매업,G47859,그 외 기타 분류 안된 상품 전문 소매업,50,제주특별자치도,50110,제주시,50110510,일도1동,5011010100,일도일동,5011010100113170000,1,대지,1317,,제주특별자치도 제주시 일도일동 1317,501104848886,제주특별자치도 제주시 칠성로길,37,,5011010100113170000037672,,제주특별자치도 제주시 칠성로길 37,690836,63277,,,,126.526884520785,33.5144194485847
MA0106202403A1605838,JH홀쇼핑,,G2,소매,G221,기타 상품 소매,G22199,그 외 기타 상품 전문 소매업,G47859,그 외 기타 분류 안된 상품 전문 소매업,27,대구광역시,27230,북구,27230570,침산3동,2723010600,침산동,2723010600104300007,1,대지,430,7,대구광역시 북구 침산동 430-7,272303145043,대구광역시 북구 침산남로,92,,2723010600104300007000001,,대구광역시 북구 침산남로 92,702857,41590,,6,,128.58584025168,35.8890436623511
MA0106202312A1417320,송악로또판매점,,G2,소매,G221,기타 상품 소매,G22199,그 외 기타 상품 전문 소매업,G47859,그 외 기타 분류 안된 상품 전문 소매업,44,충청남도,44270,당진시,44270253,송악읍,4427025328,송악읍,4427025328107670000,1,대지,767,,충청남도 당진시 송악읍 반촌리 767,442703000117,충청남도 당진시 송악읍 서해로,6431,,4483025628107660019048828,,충청남도 당진시 송악읍 서해로 6431,343824,31733,,,,126.698268739619,36.8993439857152
MA0106202402A2148955,오늘앤히트,,G2,소매,G221,기타 상품 소매,G22199,그 외 기타 상품 전문 소매업,G47859,그 외 기타 분류 안된 상품 전문 소매업,48,경상남도,48121,창원시 의창구,48121520,팔룡동,4812112900,팔용동,4812112900102100001,1,대지,210,1,경상남도 창원시 의창구 팔용동 210-1,481214781644,경상남도 창원시 의창구 창원대로18번길,22,,4812112900102100001011757,경남테크노파크,경상남도 창원시 의창구 창원대로18번길 22,641465,51395,,2,,128.60387342268,35.2513251840992
MA0106202401A0825540,조대부고매점,,G2,소매,G221,기타 상품 소매,G22199,그 외 기타 상품 전문 소매업,G47859,그 외 기타 분류 안된 상품 전문 소매업,29,광주광역시,29110,동구,29110710,학운동,2911012200,학동,2911012200106710001,1,대지,671,1,광주광역시 동구 학동 671-1,291104277163,광주광역시 동구 의재로33번길,33,,2911012200106730002000001,구내매점조선대학교,광주광역시 동구 의재로33번길 33,501846,61459,,1,,126.930808174658,35.1350521134022
MA0106202401A0586960,샵아이스일목점,,G2,소매,G221,기타 상품 소매,G22199,그 외 기타 상품 전문 소매업,G47859,그 외 기타 분류 안된 상품 전문 소매업,41,경기도,41610,광주시,41610520,송정동,4161010300,송정동,4161010300103930001,1,대지,393,1,경기도 광주시 송정동 393-1,416103211038,경기도 광주시 중앙로,324,,4161010300103930001000001,,경기도 광주시 중앙로 324,464903,12739,,1,,127.258422555403,37.4282391675864
MA0106202401A1544116,인애과학,,G2,소매,G221,기타 상품 소매,G22199,그 외 기타 상품 전문 소매업,G47859,그 외 기타 분류 안된 상품 전문 소매업,47,경상북도,47190,구미시,47190253,고아읍,4719025338,고아읍,4719025338106820000,1,대지,682,,경상북도 구미시 고아읍 예강리 682,471904724632,경상북도 구미시 고아읍 예강1안길,19,,4719025338106820000020132,,경상북도 구미시 고아읍 예강1안길 19,730815,39143,,1,,128.337482513455,36.1983408468628
MA0106202401A0048036,호박패밀리,,G2,소매,G221,기타 상품 소매,G22199,그 외 기타 상품 전문 소매업,G47859,그 외 기타 분류 안된 상품 전문 소매업,11,서울특별시,11200,성동구,11200690,성수2가3동,1120011500,성수동2가,1120011500102990243,1,대지,299,243,서울특별시 성동구 성수동2가 299-243,112004109361,서울특별시 성동구 성수일로12길,35,,1120011500102990243027252,,서울특별시 성동구 성수일로12길 35,133833,04792,,5,,127.054996519849,37.5476491112689
MA0106202401A1203306,대륙상사,,G2,소매,G221,기타 상품 소매,G22199,그 외 기타 상품 전문 소매업,G47859,그 외 기타 분류 안된 상품 전문 소매업,11,서울특별시,11215,광진구,11215810,광장동,1121510400,광장동,1121510400103260015,1,대지,326,15,서울특별시 광진구 광장동 326-15,112153000002,서울특별시 광진구 아차산로,610,,1121510400103260015024717,,서울특별시 광진구 아차산로 610,143808,04969,,3,,127.106552263489,37.5471903747813
MA0106202404A0413322,타월로지스트,,G2,소매,G221,기타 상품 소매,G22199,그 외 기타 상품 전문 소매업,G47859,그 외 기타 분류 안된 상품 전문 소매업,11,서울특별시,11650,서초구,11650581,반포4동,1165010700,반포동,1165010700100960005,1,대지,96,5,서울특별시 서초구 반포동 96-5,116503121015,서울특별시 서초구 서래로,25,,1165010700100960005017428,서래타워,서울특별시 서초구 서래로 25,137806,06576,,2,,126.998077545069,37.4973228829432
MA0106202404A0346068,에코하우스,,G2,소매,G221,기타 상품 소매,G22199,그 외 기타 상품 전문 소매업,G47859,그 외 기타 분류 안된 상품 전문 소매업,28,인천광역시,28260,서구,28260537,청라2동,2826012200,청라동,2826012200101570010,1,대지,157,10,인천광역시 서구 청라동 157-10,282604268929,인천광역시 서구 청라커낼로288번길,26,,2826012200101570010000001,현대썬앤빌더테라스,인천광역시 서구 청라커낼로288번길 26,,22762,,,,126.647443707499,37.5336567071541
MA0106202404A1999502,와펜플레이스,,G2,소매,G221,기타 상품 소매,G22199,그 외 기타 상품 전문 소매업,G47859,그 외 기타 분류 안된 상품 전문 소매업,11,서울특별시,11140,중구,11140550,명동,1114012700,명동2가,1114012700100510005,1,대지,51,5,서울특별시 중구 명동2가 51-5,111404103161,서울특별시 중구 명동8길,22,,1114012700100510005019735,,서울특별시 중구 명동8길 22,100810,04536,,3,,126.98460691676,37.5627706462976
MA0106202404A0094482,체크앤바이,,G2,소매,G221,기타 상품 소매,G22199,그 외 기타 상품 전문 소매업,G47859,그 외 기타 분류 안된 상품 전문 소매업,11,서울특별시,11530,구로구,11530540,구로3동,1153010200,구로동,1153010200101970033,1,대지,197,33,서울특별시 구로구 구로동 197-33,115304148335,서울특별시 구로구 디지털로31길,38,21,1153010200101970033022766,이앤씨벤처드림타워3차,서울특별시 구로구 디지털로31길 38-21,152719,08376,,,,126.893714866835,37.4865260738973
MA0106202403A1332156,비비에스,,G2,소매,G221,기타 상품 소매,G22199,그 외 기타 상품 전문 소매업,G47859,그 외 기타 분류 안된 상품 전문 소매업,26,부산광역시,26350,해운대구,26350660,재송2동,2635010400,재송동,2635010400111310003,1,대지,1131,3,부산광역시 해운대구 재송동 1131-3,263503133035,부산광역시 해운대구 재반로,124,,2635010400111310003003736,영상빌딩,부산광역시 해운대구 재반로 124,612832,48053,,,,129.126798228365,35.1894643174482
MA0106202403A2035398,청계유통,,G2,소매,G221,기타 상품 소매,G22199,그 외 기타 상품 전문 소매업,G47859,그 외 기타 분류 안된 상품 전문 소매업,48,경상남도,48127,창원시 마산회원구,48127560,양덕1동,4812710500,양덕동,4812710500100900019,1,대지,90,19,경상남도 창원시 마산회원구 양덕동 90-19,481274790251,경상남도 창원시 마산회원구 양덕북4길,53,,4812710500100900019039686,,경상남도 창원시 마산회원구 양덕북4길 53,630810,51361,,,,128.584607414779,35.2363121988847
MA0106202403A1012818,일로스튜디오,,G2,소매,G221,기타 상품 소매,G22199,그 외 기타 상품 전문 소매업,G47859,그 외 기타 분류 안된 상품 전문 소매업,11,서울특별시,11350,노원구,11350611,하계1동,1135010400,하계동,1135010400102560013,1,대지,256,13,서울특별시 노원구 하계동 256-13,113503110002,서울특별시 노원구 노원로,248,,1135010400102560014013642,삼정이오니아,서울특별시 노원구 노원로 248,139231,01750,,,,127.073827186611,37.6399364173208
MA0106202403A1416685,소현유통,,G2,소매,G221,기타 상품 소매,G22199,그 외 기타 상품 전문 소매업,G47859,그 외 기타 분류 안된 상품 전문 소매업,41,경기도,41370,오산시,41370550,세마동,4137011300,세교동,4137011300106010009,1,대지,601,9,경기도 오산시 세교동 601-9,413703198025,경기도 오산시 수목원로,590,,4137011300106010009000001,,경기도 오산시 수목원로 590,447240,18106,,6,,127.042783462404,37.1846305887273
MA0106202403A1699536,바이오큐레이션,,G2,소매,G221,기타 상품 소매,G22199,그 외 기타 상품 전문 소매업,G47859,그 외 기타 분류 안된 상품 전문 소매업,51,강원특별자치도,51130,원주시,51130550,단구동,5113010700,단구동,5113010700115490009,1,대지,1549,9,강원특별자치도 원주시 단구동 1549-9,511304457578,강원특별자치도 원주시 천매봉길,40,14,4213010700115490009000001,,강원특별자치도 원주시 천매봉길 40-14,220944,26483,,,,127.942750602163,37.3234726234027
MA0106202403A2069065,별꽃상회달빛주방,,G2,소매,G221,기타 상품 소매,G22199,그 외 기타 상품 전문 소매업,G47859,그 외 기타 분류 안된 상품 전문 소매업,48,경상남도,48170,진주시,48170515,천전동,4817010100,망경동,4817010100101340002,1,대지,134,2,경상남도 진주시 망경동 134-2,481704796061,경상남도 진주시 강남로341번길,10,2,4817010100101340002400208,,경상남도 진주시 강남로341번길 10-2,660800,52706,,1,,128.0807313377,35.1853317801304
MA0106202403A1024771,채우고담다,,G2,소매,G221,기타 상품 소매,G22199,그 외 기타 상품 전문 소매업,G47859,그 외 기타 분류 안된 상품 전문 소매업,51,강원특별자치도,51170,동해시,51170530,북삼동,5117010500,지흥동,5117010500201190000,2,산,119,,강원특별자치도 동해시 지흥동 산119,511704463192,강원특별자치도 동해시 지양길,200,,4217010500101190000001289,생산동,강원특별자치도 동해시 지양길 200,240713,25800,,,,129.086651860471,37.5043769941828
MA0106202402A1134311,스타위즈,,G2,소매,G221,기타 상품 소매,G22199,그 외 기타 상품 전문 소매업,G47859,그 외 기타 분류 안된 상품 전문 소매업,11,서울특별시,11710,송파구,11710642,문정2동,1171010800,문정동,1171010800106280000,1,대지,628,,서울특별시 송파구 문정동 628,117103123017,서울특별시 송파구 충민로,10,,1171010800104090003000001,에스,서울특별시 송파구 충민로 10,138888,05840,,8,,127.119105944117,37.4786210121534
MA0106202401A2182378,서여사부대찌개,,G2,소매,G221,기타 상품 소매,G22199,그 외 기타 상품 전문 소매업,G47859,그 외 기타 분류 안된 상품 전문 소매업,41,경기도,41360,남양주시,41360253,진접읍,4136025328,진접읍,4136025328110800000,1,대지,1080,,경기도 남양주시 진접읍 금곡리 1080,413603197065,경기도 남양주시 진접읍 해밀예당1로,64,,4136025328110800000000019,신안인스빌아파트,경기도 남양주시 진접읍 해밀예당1로 64,472839,12066,,,,127.188823075024,37.7140219569816
MA0106202401A1757474,비에스바이오,,G2,소매,G221,기타 상품 소매,G22199,그 외 기타 상품 전문 소매업,G47859,그 외 기타 분류 안된 상품 전문 소매업,41,경기도,41290,과천시,41290530,별양동,4129010900,별양동,4129010900100010018,1,대지,1,18,경기도 과천시 별양동 1-18,412903195022,경기도 과천시 별양상가2로,20,,4129010900100010018002044,새서울프라자,경기도 과천시 별양상가2로 20,427800,13837,,2,,126.992554653143,37.4268274912274
MA0106202404A2001047,언제나환영해,,G2,소매,G221,기타 상품 소매,G22199,그 외 기타 상품 전문 소매업,G47859,그 외 기타 분류 안된 상품 전문 소매업,51,강원특별자치도,51800,양구군,51800250,양구읍,5180025021,양구읍,5180025021103320018,1,대지,332,18,강원특별자치도 양구군 양구읍 상리 332-18,518003232017,강원특별자치도 양구군 양구읍 중심로,189,,4280025021003320006004928,,강원특별자치도 양구군 양구읍 중심로 189,255804,24525,,2,,127.989525207309,38.1070337609174
MA0106202404A1640374,달쥬과일상점안성,50호점,G2,소매,G221,기타 상품 소매,G22199,그 외 기타 상품 전문 소매업,G47859,그 외 기타 분류 안된 상품 전문 소매업,41,경기도,41550,안성시,41550350,대덕면,4155035028,대덕면,4155035028106850010,1,대지,685,10,경기도 안성시 대덕면 내리 685-10,415504424186,경기도 안성시 대덕면 대학9길,16,,4155035028106850010015698,,경기도 안성시 대덕면 대학9길 16,456831,17546,,1,,127.225807207024,37.0018671126868
MA0106202404A1661179,장수유통,,G2,소매,G221,기타 상품 소매,G22199,그 외 기타 상품 전문 소매업,G47859,그 외 기타 분류 안된 상품 전문 소매업,48,경상남도,48121,창원시 의창구,48121520,팔룡동,4812112900,팔용동,4812112900100780001,1,대지,78,1,경상남도 창원시 의창구 팔용동 78-1,481214781766,경상남도 창원시 의창구 팔용로420번길,30,,4812112900100780001013748,,경상남도 창원시 의창구 팔용로420번길 30,641848,51378,,,,128.614696638068,35.2525060219288
MA0106202404A1042314,시원사이언스,,G2,소매,G221,기타 상품 소매,G22199,그 외 기타 상품 전문 소매업,G47859,그 외 기타 분류 안된 상품 전문 소매업,46,전라남도,46820,해남군,46820390,마산면,4682039029,마산면,4682039029102530006,1,대지,253,6,전라남도 해남군 마산면 학의리 253-6,468203294010,전라남도 해남군 마산면 산이로,321,,4682039029102530005202608,,전라남도 해남군 마산면 산이로 321,536841,59016,,,,126.528162135085,34.6095342994043
MA0106202404A0716003,소문난홍어무침게장전문,,G2,소매,G221,기타 상품 소매,G22199,그 외 기타 상품 전문 소매업,G47859,그 외 기타 분류 안된 상품 전문 소매업,44,충청남도,44131,천안시 동남구,44131510,중앙동,4413110400,사직동,4413110400102010001,1,대지,201,1,충청남도 천안시 동남구 사직동 201-1,441313249021,충청남도 천안시 동남구 사직로,13,,4413110400102010001025729,DC땡백화점,충청남도 천안시 동남구 사직로 13,330040,31129,,3,,127.149143759271,36.801323020717
MA0106202403A2045703,전자담배다이쏘,,G2,소매,G221,기타 상품 소매,G22199,그 외 기타 상품 전문 소매업,G47859,그 외 기타 분류 안된 상품 전문 소매업,28,인천광역시,28260,서구,28260740,아라동,2826011500,원당동,2826011500110300002,1,대지,1030,2,인천광역시 서구 원당동 1030-2,282603352837,인천광역시 서구 이음5로,62,,2826011500100000000000126,정인프라자,인천광역시 서구 이음5로 62,404320,22865,,,,126.714869563497,37.5945116464346
MA0106202403A0606529,토탈,,G2,소매,G221,기타 상품 소매,G22199,그 외 기타 상품 전문 소매업,G47859,그 외 기타 분류 안된 상품 전문 소매업,48,경상남도,48330,양산시,48330570,덕계동,4833012000,덕계동,4833012000107540001,1,대지,754,1,경상남도 양산시 덕계동 754-1,483304814174,경상남도 양산시 덕계2길,7,,4833012000107540001025911,,경상남도 양산시 덕계2길 7,626842,50556,,,,129.147152458519,35.369754423395
MA0106202403A1535761,청산농원,,G2,소매,G221,기타 상품 소매,G22199,그 외 기타 상품 전문 소매업,G47859,그 외 기타 분류 안된 상품 전문 소매업,47,경상북도,47920,봉화군,47920370,명호면,4792037027,명호면,4792037027113310002,1,대지,1331,2,경상북도 봉화군 명호면 북곡리 1331-2,479203018020,경상북도 봉화군 명호면 청량로,438,,4792037027113310002019882,,경상북도 봉화군 명호면 청량로 438,755863,36258,,,,128.887375540441,36.802792388461
MA0106202403A0342681,만물멀티샵,,G2,소매,G221,기타 상품 소매,G22199,그 외 기타 상품 전문 소매업,G47859,그 외 기타 분류 안된 상품 전문 소매업,41,경기도,41271,안산시 상록구,41271532,사이동,4127110300,사동,4127110300113880002,1,대지,1388,2,경기도 안산시 상록구 사동 1388-2,412713190075,경기도 안산시 상록구 항가울로,38,,4127110300113880002035646,,경기도 안산시 상록구 항가울로 38,426824,15625,,,,126.847526884905,37.2853852466861
MA0106202403A2337428,홍이,,G2,소매,G221,기타 상품 소매,G22199,그 외 기타 상품 전문 소매업,G47859,그 외 기타 분류 안된 상품 전문 소매업,28,인천광역시,28237,부평구,28237510,부평1동,2823710100,부평동,2823710100105490021,1,대지,549,21,인천광역시 부평구 부평동 549-21,282372008008,인천광역시 부평구 부평대로,15,,2823710100105490021003750,부평서파빌딩,인천광역시 부평구 부평대로 15,403825,21389,,1,,126.722674751004,37.4927626658768
MA0106202403A1254475,부부반찬,,G2,소매,G221,기타 상품 소매,G22199,그 외 기타 상품 전문 소매업,G47859,그 외 기타 분류 안된 상품 전문 소매업,11,서울특별시,11560,영등포구,11560610,양평1동,1156012600,양평동2가,1156012600100290023,1,대지,29,23,서울특별시 영등포구 양평동2가 29-23,115603118022,서울특별시 영등포구 영등포로,33,,1156012600100290023000001,목동비즈타워,서울특별시 영등포구 영등포로 33,150102,07275,,,,126.885223634959,37.5232881401878
MA0106202403A2423542,열정,코리아,G2,소매,G221,기타 상품 소매,G22199,그 외 기타 상품 전문 소매업,G47859,그 외 기타 분류 안된 상품 전문 소매업,11,서울특별시,11710,송파구,11710561,방이1동,1171011100,방이동,1171011100101820007,1,대지,182,7,서울특별시 송파구 방이동 182-7,117104169450,서울특별시 송파구 위례성대로16길,4,8,1171011100101820007017241,,서울특별시 송파구 위례성대로16길 4-8,138834,05637,,1,,127.124826735001,37.5126461123509
MA0106202401A2357334,델몬트중앙,대리점,G2,소매,G221,기타 상품 소매,G22199,그 외 기타 상품 전문 소매업,G47859,그 외 기타 분류 안된 상품 전문 소매업,27,대구광역시,27230,북구,27230550,침산1동,2723010600,침산동,2723010600110270010,1,대지,1027,10,대구광역시 북구 침산동 1027-10,272304235117,대구광역시 북구 노원로48길,6,,2723010600110270010010720,,대구광역시 북구 노원로48길 6,702862,41545,,,,128.585580229786,35.9004375161302
MA0106202401A2163533,다온숲케이에이치,,G2,소매,G221,기타 상품 소매,G22199,그 외 기타 상품 전문 소매업,G47859,그 외 기타 분류 안된 상품 전문 소매업,46,전라남도,46800,장흥군,46800250,장흥읍,4680025037,장흥읍,4680025037107200063,1,대지,720,63,전라남도 장흥군 장흥읍 건산리 720-63,468004676131,전라남도 장흥군 장흥읍 동교3길,25,,4680025037107200063006771,,전라남도 장흥군 장흥읍 동교3길 25,529801,59324,,2,,126.907661801693,34.6806966728528
MA0106202401A1947843,더하우스,,G2,소매,G221,기타 상품 소매,G22199,그 외 기타 상품 전문 소매업,G47859,그 외 기타 분류 안된 상품 전문 소매업,43,충청북도,43150,제천시,43150310,금성면,4315031021,금성면,4315031021100860000,1,대지,86,,충청북도 제천시 금성면 구룡리 86,431503239070,충청북도 제천시 금성면 청풍호로,1031,,4315031021100860000009280,,충청북도 제천시 금성면 청풍호로 1031,390821,27207,,1,,128.167677995826,37.0631041821945
MA0106202401A2093684,옛날누룽지,,G2,소매,G221,기타 상품 소매,G22199,그 외 기타 상품 전문 소매업,G47859,그 외 기타 분류 안된 상품 전문 소매업,41,경기도,41271,안산시 상록구,41271510,일동,4127110100,일동,4127110100105670001,1,대지,567,1,경기도 안산시 상록구 일동 567-1,412713190048,경기도 안산시 상록구 식물원로,15,,4127110100105670001028526,,경기도 안산시 상록구 식물원로 15,426859,15321,,,,126.86209778892,37.3155427697233
MA0106202401A0013056,멀티샵,,G2,소매,G221,기타 상품 소매,G22199,그 외 기타 상품 전문 소매업,G47859,그 외 기타 분류 안된 상품 전문 소매업,41,경기도,41111,수원시 장안구,41111566,율천동,4111113200,율전동,4111113200102850002,1,대지,285,2,경기도 수원시 장안구 율전동 285-2,411113012005,경기도 수원시 장안구 서부로,2139,,4111113200102850002044866,제,경기도 수원시 장안구 서부로 2139,440825,16360,,4,,126.971667489821,37.2994461420423
MA0106202401A1403213,아이스캔디강남대점,,G2,소매,G221,기타 상품 소매,G22199,그 외 기타 상품 전문 소매업,G47859,그 외 기타 분류 안된 상품 전문 소매업,41,경기도,41463,용인시 기흥구,41463520,구갈동,4146310200,구갈동,4146310200105890001,1,대지,589,1,경기도 용인시 기흥구 구갈동 589-1,414633204003,경기도 용인시 기흥구 강남동로,17,,4146310200105890001022296,,경기도 용인시 기흥구 강남동로 17,446573,16979,,,,127.129286320211,37.2711583997151
MA0106202401A2304622,명품닭꼬치,,G2,소매,G221,기타 상품 소매,G22199,그 외 기타 상품 전문 소매업,G47859,그 외 기타 분류 안된 상품 전문 소매업,44,충청남도,44710,금산군,44710250,금산읍,4471025026,금산읍,4471025026102070000,1,대지,207,,충청남도 금산군 금산읍 상옥리 207,447103257065,충청남도 금산군 금산읍 상하옥로,73,,4471025026102070000015668,,충청남도 금산군 금산읍 상하옥로 73,312801,32749,,,,127.485081125111,36.0974352154118
MA0106202404A0279158,세계과자할인점,,G2,소매,G221,기타 상품 소매,G22199,그 외 기타 상품 전문 소매업,G47859,그 외 기타 분류 안된 상품 전문 소매업,41,경기도,41115,수원시 팔달구,41115660,매산동,4111513400,매산로1가,4111513400100490007,1,대지,49,7,경기도 수원시 팔달구 매산로1가 49-7,411153176018,경기도 수원시 팔달구 향교로,10,,4111513400100490007009409,동측,경기도 수원시 팔달구 향교로 10,442081,16455,,1,,127.002209728659,37.2676788708909
MA0106202404A1140372,리버에듀,,G2,소매,G221,기타 상품 소매,G22199,그 외 기타 상품 전문 소매업,G47859,그 외 기타 분류 안된 상품 전문 소매업,29,광주광역시,29140,서구,29140821,금호1동,2914013000,금호동,2914013000107340004,1,대지,734,4,광주광역시 서구 금호동 734-4,291404280054,광주광역시 서구 금부로103번길,9,,2914013000107340004019685,,광주광역시 서구 금부로103번길 9,502804,62032,,1,,126.859950105643,35.1405703750423
MA0106202404A2258708,시샘달아뜰리에,,G2,소매,G221,기타 상품 소매,G22199,그 외 기타 상품 전문 소매업,G47859,그 외 기타 분류 안된 상품 전문 소매업,11,서울특별시,11290,성북구,11290575,동선동,1129011700,동선동2가,1129011700101630000,1,대지,163,,서울특별시 성북구 동선동2가 163,112904121212,서울특별시 성북구 보문로30길,74,1,1129011700101630000045319,,서울특별시 성북구 보문로30길 74-1,136052,02844,,1,,127.019984544737,37.5908089030526
MA0106202404A1558086,가온타바코,,G2,소매,G221,기타 상품 소매,G22199,그 외 기타 상품 전문 소매업,G47859,그 외 기타 분류 안된 상품 전문 소매업,47,경상북도,47130,경주시,47130621,황성동,4713012400,황성동,4713012400102510008,1,대지,251,8,경상북도 경주시 황성동 251-8,471304716327,경상북도 경주시 황성로64번길,30,,4713012400102510008025230,,경상북도 경주시 황성로64번길 30,780953,38078,,1,,129.220294870638,35.86677879728
MA0106202404A0862935,마들렌루,,G2,소매,G221,기타 상품 소매,G22199,그 외 기타 상품 전문 소매업,G47859,그 외 기타 분류 안된 상품 전문 소매업,41,경기도,41500,이천시,41500530,관고동,4150011100,사음동,4150011100105440006,1,대지,544,6,경기도 이천시 사음동 544-6,415004421067,경기도 이천시 경충대로2993번길,12,,4150011100105440006012207,,경기도 이천시 경충대로2993번길 12,467020,17308,,1,,127.411791322506,37.2954714272539
MA0106202403A1327975,모든이의찬&커피샵,,G2,소매,G221,기타 상품 소매,G22199,그 외 기타 상품 전문 소매업,G47859,그 외 기타 분류 안된 상품 전문 소매업,29,광주광역시,29170,북구,29170695,건국동,2917012600,본촌동,2917012600129910000,1,대지,2991,,광주광역시 북구 본촌동 2991,291703162045,광주광역시 북구 양산택지로,119,,2917012600129910000000001,,광주광역시 북구 양산택지로 119,500210,61021,,1,,126.881655297169,35.2160550614463
MA0106202403A0763982,파케파케,,G2,소매,G221,기타 상품 소매,G22199,그 외 기타 상품 전문 소매업,G47859,그 외 기타 분류 안된 상품 전문 소매업,11,서울특별시,11200,성동구,11200670,성수2가1동,1120011500,성수동2가,1120011500103100021,1,대지,310,21,서울특별시 성동구 성수동2가 310-21,112004109365,서울특별시 성동구 성수일로4길,45,,1120011500103100021007003,,서울특별시 성동구 성수일로4길 45,133827,04781,,1,,127.053827121002,37.5423157352034
MA0106202403A0725886,찹쌀누룽지,,G2,소매,G221,기타 상품 소매,G22199,그 외 기타 상품 전문 소매업,G47859,그 외 기타 분류 안된 상품 전문 소매업,41,경기도,41111,수원시 장안구,41111560,파장동,4111112900,파장동,4111112900106000014,1,대지,600,14,경기도 수원시 장안구 파장동 600-14,411114322374,경기도 수원시 장안구 파장로22번길,5,1,4111112900106000014046486,,경기도 수원시 장안구 파장로22번길 5-1,440854,16351,,1,,126.998127577547,37.3047205811391
MA0106202403A1433933,파파푸드,,G2,소매,G221,기타 상품 소매,G22199,그 외 기타 상품 전문 소매업,G47859,그 외 기타 분류 안된 상품 전문 소매업,48,경상남도,48129,창원시 진해구,48129650,웅동2동,4812916400,용원동,4812916400113480000,1,대지,1348,,경상남도 창원시 진해구 용원동 1348,481293331084,경상남도 창원시 진해구 신항동로,32,,4812916400113480000000001,,경상남도 창원시 진해구 신항동로 32,645510,51611,,,,128.822823270977,35.0916674132938
MA0106202403A0828882,명동기념품,,G2,소매,G221,기타 상품 소매,G22199,그 외 기타 상품 전문 소매업,G47859,그 외 기타 분류 안된 상품 전문 소매업,11,서울특별시,11140,중구,11140540,회현동,1114012400,충무로1가,1114012400100230015,1,대지,23,15,서울특별시 중구 충무로1가 23-15,111404103162,서울특별시 중구 명동8나길,14,,1114012400100230015019929,,서울특별시 중구 명동8나길 14,100011,04536,,,,126.984188393327,37.5615452356
MA0106202402A1180195,쿠쿠베어,,G2,소매,G221,기타 상품 소매,G22199,그 외 기타 상품 전문 소매업,G47859,그 외 기타 분류 안된 상품 전문 소매업,48,경상남도,48310,거제시,48310540,아주동,4831010500,아주동,4831010500116960006,1,대지,1696,6,경상남도 거제시 아주동 1696-6,483104811767,경상남도 거제시 아주1로3길,41,,4831010500103000007000001,,경상남도 거제시 아주1로3길 41,656220,53305,,1,,128.689801927645,34.8653619330309
MA0106202401A2427626,메이드포미,,G2,소매,G221,기타 상품 소매,G22199,그 외 기타 상품 전문 소매업,G47859,그 외 기타 분류 안된 상품 전문 소매업,41,경기도,41500,이천시,41500510,창전동,4150010100,창전동,4150010100104520001,1,대지,452,1,경기도 이천시 창전동 452-1,415004421499,경기도 이천시 애련정로145번길,15,,4150010100104520001010613,,경기도 이천시 애련정로145번길 15,467806,17363,,,,127.449084132974,37.2833881327836
MA0106202401A1967793,다온푸드,,G2,소매,G221,기타 상품 소매,G22199,그 외 기타 상품 전문 소매업,G47859,그 외 기타 분류 안된 상품 전문 소매업,44,충청남도,44810,예산군,44810253,삽교읍,4481025327,삽교읍,4481025327103160029,1,대지,316,29,충청남도 예산군 삽교읍 신리 316-29,448103015075,충청남도 예산군 삽교읍 도청대로,830,6,4481025327103160029000001,,충청남도 예산군 삽교읍 도청대로 830-6,340904,32416,,,,126.673132199941,36.6762075959176
MA0106202401A0444073,서울마트,,G2,소매,G221,기타 상품 소매,G22199,그 외 기타 상품 전문 소매업,G47859,그 외 기타 분류 안된 상품 전문 소매업,11,서울특별시,11620,관악구,11620645,서원동,1162010200,신림동,1162010200116400005,1,대지,1640,5,서울특별시 관악구 신림동 1640-5,116202000003,서울특별시 관악구 남부순환로,1602,,1162010200116400005021051,,서울특별시 관악구 남부순환로 1602,151930,08776,,,,126.928678395955,37.4838853693216
MA0106202401A0080743,제이제이커피,,G2,소매,G221,기타 상품 소매,G22199,그 외 기타 상품 전문 소매업,G47859,그 외 기타 분류 안된 상품 전문 소매업,41,경기도,41360,남양주시,41360570,별내동,4136011100,별내동,4136011100108260008,1,대지,826,8,경기도 남양주시 별내동 826-8,413603197089,경기도 남양주시 별내3로,322,,4136011100108260008000001,,경기도 남양주시 별내3로 322,472501,12097,,4,,127.117659565625,37.6661824982392
MA0106202401A1499303,다미찬방,,G2,소매,G221,기타 상품 소매,G22199,그 외 기타 상품 전문 소매업,G47859,그 외 기타 분류 안된 상품 전문 소매업,47,경상북도,47113,포항시 북구,47113700,장량동,4711312200,양덕동,4711312200112590000,1,대지,1259,,경상북도 포항시 북구 양덕동 1259,471134712553,경상북도 포항시 북구 장량로140번길,3,,4711312200112590000000001,,경상북도 포항시 북구 장량로140번길 3,791270,37588,,1,,129.395882538249,36.0813355836931
MA0106202401A0737940,멀티샵,,G2,소매,G221,기타 상품 소매,G22199,그 외 기타 상품 전문 소매업,G47859,그 외 기타 분류 안된 상품 전문 소매업,26,부산광역시,26530,사상구,26530620,괘법동,2653010400,괘법동,2653010400105360007,1,대지,536,7,부산광역시 사상구 괘법동 536-7,265304217047,부산광역시 사상구 광장로81번길,30,,2653010400105360007016744,,부산광역시 사상구 광장로81번길 30,617807,46968,,,,128.984862967605,35.1637851437426
MA0106202404A1700081,국제종합상사,,G2,소매,G221,기타 상품 소매,G22199,그 외 기타 상품 전문 소매업,G47859,그 외 기타 분류 안된 상품 전문 소매업,51,강원특별자치도,51150,강릉시,51150330,구정면,5115033022,구정면,5115033022100650007,1,대지,65,7,강원특별자치도 강릉시 구정면 학산리 65-7,511504460698,강원특별자치도 강릉시 구정면 옥봉안길,54,,5115033022100650007000001,,강원특별자치도 강릉시 구정면 옥봉안길 54,210811,25623,,,,128.897946203312,37.7052822669566
MA0106202404A0643104,연못,,G2,소매,G221,기타 상품 소매,G22199,그 외 기타 상품 전문 소매업,G47859,그 외 기타 분류 안된 상품 전문 소매업,51,강원특별자치도,51190,태백시,51190535,삼수동,5119010100,황지동,5119010100102530064,1,대지,253,64,강원특별자치도 태백시 황지동 253-64,511903222013,강원특별자치도 태백시 황지로,183,,4219010100102530006005636,,강원특별자치도 태백시 황지로 183,235801,26008,,,,128.989903609255,37.1743860439233
MA0106202404A0544696,세이프티유,,G2,소매,G221,기타 상품 소매,G22199,그 외 기타 상품 전문 소매업,G47859,그 외 기타 분류 안된 상품 전문 소매업,41,경기도,41360,남양주시,41360253,진접읍,4136025326,진접읍,4136025326101310003,1,대지,131,3,경기도 남양주시 진접읍 팔야리 131-3,413603197061,경기도 남양주시 진접읍 팔야로,181,1,4136025326101310003000001,세이프티유,경기도 남양주시 진접읍 팔야로 181-1,472868,12017,,1,,127.228066288225,37.7516581165124
MA0106202404A1441838,매일분식,,G2,소매,G221,기타 상품 소매,G22199,그 외 기타 상품 전문 소매업,G47859,그 외 기타 분류 안된 상품 전문 소매업,52,전북특별자치도,52180,정읍시,52180510,수성동,5218010100,수성동,5218010100110340003,1,대지,1034,3,전북특별자치도 정읍시 수성동 1034-3,521803270029,전북특별자치도 정읍시 수성로,66,,4518010100110340003088196,,전북특별자치도 정읍시 수성로 66,580804,56174,,1,,126.856668081703,35.5831909642523
MA0106202404A1628301,봉봉상점,,G2,소매,G221,기타 상품 소매,G22199,그 외 기타 상품 전문 소매업,G47859,그 외 기타 분류 안된 상품 전문 소매업,27,대구광역시,27230,북구,27230695,무태조야동,2723013100,연경동,2723013100109520002,1,대지,952,2,대구광역시 북구 연경동 952-2,272304856203,대구광역시 북구 연경중앙로3길,21,,2723013100109520002000001,,대구광역시 북구 연경중앙로3길 21,702130,41409,,1,,128.61630998134,35.9431830125174
MA0106202404A0231494,올소,,G2,소매,G221,기타 상품 소매,G22199,그 외 기타 상품 전문 소매업,G47859,그 외 기타 분류 안된 상품 전문 소매업,41,경기도,41150,의정부시,41150510,의정부1동,4115011000,가능동,4115011000100170001,1,대지,17,1,경기도 의정부시 가능동 17-1,411503215066,경기도 의정부시 평화로,660,,4115011000100170001010273,,경기도 의정부시 평화로 660,480800,11685,,1,,127.044809444196,37.750888199703
MA0106202404A1040062,평화소방,,G2,소매,G221,기타 상품 소매,G22199,그 외 기타 상품 전문 소매업,G47859,그 외 기타 분류 안된 상품 전문 소매업,27,대구광역시,27140,동구,27140730,안심2동,2714012000,율암동,2714012000103600011,1,대지,360,11,대구광역시 동구 율암동 360-11,271404226138,대구광역시 동구 반야월북로12길,23,1,2714012000103600001010555,,대구광역시 동구 반야월북로12길 23-1,701260,41125,,1,,128.703964899704,35.8765579402274
MA0106202404A1506036,샵아이스크림,,G2,소매,G221,기타 상품 소매,G22199,그 외 기타 상품 전문 소매업,G47859,그 외 기타 분류 안된 상품 전문 소매업,11,서울특별시,11305,강북구,11305625,수유2동,1130510300,수유동,1130510300106050282,1,대지,605,282,서울특별시 강북구 수유동 605-282,113054124179,서울특별시 강북구 삼양로118길,46,,1130510300106050282010736,좌측호,서울특별시 강북구 삼양로118길 46,142072,01041,,1,,127.018525804332,37.6440665503689
MA0106202404A1617177,라이스토리,,G2,소매,G221,기타 상품 소매,G22199,그 외 기타 상품 전문 소매업,G47859,그 외 기타 분류 안된 상품 전문 소매업,41,경기도,41630,양주시,41630310,은현면,4163031025,은현면,4163031025109230002,1,대지,923,2,경기도 양주시 은현면 하패리 923-2,416304436305,경기도 양주시 은현면 은현로221번길,57,12,4163031025109230002000001,,경기도 양주시 은현면 은현로221번길 57-12,482862,11426,,,,127.019530289741,37.887957717842
MA0106202404A1134981,초코랜드,,G2,소매,G221,기타 상품 소매,G22199,그 외 기타 상품 전문 소매업,G47859,그 외 기타 분류 안된 상품 전문 소매업,48,경상남도,48170,진주시,48170410,금산면,4817041027,금산면,4817041027121630007,1,대지,2163,7,경상남도 진주시 금산면 장사리 2163-7,481704853906,경상남도 진주시 금산면 금산순환로12번길,24,,4817041027121630007000001,,경상남도 진주시 금산면 금산순환로12번길 24,660921,52630,,1,,128.148000515969,35.2145095060361
MA0106202404A0526692,수입프리미엄아울렛,,G2,소매,G221,기타 상품 소매,G22199,그 외 기타 상품 전문 소매업,G47859,그 외 기타 분류 안된 상품 전문 소매업,11,서울특별시,11230,동대문구,11230610,답십리2동,1123010500,답십리동,1123010500100360003,1,대지,36,3,서울특별시 동대문구 답십리동 36-3,112303105013,서울특별시 동대문구 전농로,58,1,1123010500100360003000002,서울빌딩,서울특별시 동대문구 전농로 58-1,130883,02615,,1,,127.057435366562,37.5700467357947
MA0106202404A2024025,토크서비스,,G2,소매,G221,기타 상품 소매,G22199,그 외 기타 상품 전문 소매업,G47859,그 외 기타 분류 안된 상품 전문 소매업,27,대구광역시,27230,북구,27230800,국우동,2723012200,국우동,2723012200111140002,1,대지,1114,2,대구광역시 북구 국우동 1114-2,272304235075,대구광역시 북구 구리로38길,15,6,2723012200111140002003312,,대구광역시 북구 구리로38길 15-6,702877,41418,,,,128.576179916395,35.9469158330062
MA0106202404A0728245,감성언니,,G2,소매,G221,기타 상품 소매,G22199,그 외 기타 상품 전문 소매업,G47859,그 외 기타 분류 안된 상품 전문 소매업,41,경기도,41650,포천시,41650520,선단동,4165010400,선단동,4165010400108380015,1,대지,838,15,경기도 포천시 선단동 838-15,416503213023,경기도 포천시 송선로,293,,4165010400108380018023594,,경기도 포천시 송선로 293,487020,11160,,1,,127.150941533006,37.8585186875045
MA0106202403A2345533,아침에손두부,,G2,소매,G221,기타 상품 소매,G22199,그 외 기타 상품 전문 소매업,G47859,그 외 기타 분류 안된 상품 전문 소매업,41,경기도,41390,시흥시,41390593,정왕3동,4139013200,정왕동,4139013200118610006,1,대지,1861,6,경기도 시흥시 정왕동 1861-6,413904397476,경기도 시흥시 옥구상가2길,3,,4139013200118610006016999,뉴스타프라자,경기도 시흥시 옥구상가2길 3,429864,15040,,1,,126.724417482924,37.3536860519917
MA0106202403A1038119,에이스비,,G2,소매,G221,기타 상품 소매,G22199,그 외 기타 상품 전문 소매업,G47859,그 외 기타 분류 안된 상품 전문 소매업,41,경기도,41610,광주시,41610580,오포1동,4161011400,고산동,4161011400101240005,1,대지,124,5,경기도 광주시 고산동 124-5,416104433297,경기도 광주시 세피내길,16,17,4161025021101250016247179,,경기도 광주시 세피내길 16-17,464891,12790,,,,127.240166552122,37.3721711971758
MA0106202403A1273587,천사유통,,G2,소매,G221,기타 상품 소매,G22199,그 외 기타 상품 전문 소매업,G47859,그 외 기타 분류 안된 상품 전문 소매업,46,전라남도,46840,무안군,46840330,청계면,4684033023,청계면,4684033023104340006,1,대지,434,6,전라남도 무안군 청계면 도림리 434-6,468404688104,전라남도 무안군 청계면 도림길,84,1,4684033023104340006023719,선돌원룸,전라남도 무안군 청계면 도림길 84-1,534834,58553,,,,126.43126169479,34.9086665009087
MA0106202403A0377068,플레이베이퍼,,G2,소매,G221,기타 상품 소매,G22199,그 외 기타 상품 전문 소매업,G47859,그 외 기타 분류 안된 상품 전문 소매업,41,경기도,41480,파주시,41480550,운정1동,4148012200,와동동,4148012200115530002,1,대지,1553,2,경기도 파주시 와동동 1553-2,414803206106,경기도 파주시 가람로,55,,4148012200109420000000001,,경기도 파주시 가람로 55,413190,10870,,1,,126.756307591946,37.7346976769388
MA0106202403A1585025,사모,,G2,소매,G221,기타 상품 소매,G22199,그 외 기타 상품 전문 소매업,G47859,그 외 기타 분류 안된 상품 전문 소매업,11,서울특별시,11110,종로구,11110600,가회동,1111014900,원서동,1111014900100550000,1,대지,55,,서울특별시 종로구 원서동 55,111104100428,서울특별시 종로구 창덕궁길,106,1,1111014900100550000018017,,서울특별시 종로구 창덕궁길 106-1,110260,03057,,,,126.989584320587,37.5822416929544
MA0106202403A0738196,머스크랩,,G2,소매,G221,기타 상품 소매,G22199,그 외 기타 상품 전문 소매업,G47859,그 외 기타 분류 안된 상품 전문 소매업,46,전라남도,46150,순천시,46150635,도사동,4615012600,오천동,4615012600109740007,1,대지,974,7,전라남도 순천시 오천동 974-7,461504853149,전라남도 순천시 오천3길,21,12,4615012600109740007000001,,전라남도 순천시 오천3길 21-12,540956,57999,,1,,127.495062457558,34.9318119818435
MA0106202403A2011158,자람에듀테인먼트,,G2,소매,G221,기타 상품 소매,G22199,그 외 기타 상품 전문 소매업,G47859,그 외 기타 분류 안된 상품 전문 소매업,41,경기도,41133,성남시 중원구,41133570,상대원1동,4113310500,상대원동,4113310500101440003,1,대지,144,3,경기도 성남시 중원구 상대원동 144-3,411333179001,경기도 성남시 중원구 갈마치로,302,,4113310500101440003000001,성남우림라이온스밸리5차,경기도 성남시 중원구 갈마치로 302,462739,13201,,,,127.172573841727,37.4406224439619
MA0106202403A2418762,드랍슛,,G2,소매,G221,기타 상품 소매,G22199,그 외 기타 상품 전문 소매업,G47859,그 외 기타 분류 안된 상품 전문 소매업,41,경기도,41360,남양주시,41360340,수동면,4136034021,수동면,4136034021100690004,1,대지,69,4,경기도 남양주시 수동면 운수리 69-4,413604391416,경기도 남양주시 수동면 비룡로742번길,67,,4136034021100690004000001,호,경기도 남양주시 수동면 비룡로742번길 67,472852,12031,,,,127.332200081088,37.7011546380502
MA0106202403A1436325,보다물산,,G2,소매,G221,기타 상품 소매,G22199,그 외 기타 상품 전문 소매업,G47859,그 외 기타 분류 안된 상품 전문 소매업,41,경기도,41135,성남시 분당구,41135670,구미동,4113511400,구미동,4113511400101850001,1,대지,185,1,경기도 성남시 분당구 구미동 185-1,411352000005,경기도 성남시 분당구 성남대로,38,,4113511400101850001002798,,경기도 성남시 분당구 성남대로 38,463870,13637,,6,,127.109395060761,37.3393057407315
MA0106202401A0429368,참조은산업,,G2,소매,G221,기타 상품 소매,G22199,그 외 기타 상품 전문 소매업,G47859,그 외 기타 분류 안된 상품 전문 소매업,41,경기도,41463,용인시 기흥구,41463535,보라동,4146310500,보라동,4146310500103900000,1,대지,390,,경기도 용인시 기흥구 보라동 390,414634412205,경기도 용인시 기흥구 용구대로1890번길,34,,4146310500103900000021253,,경기도 용인시 기흥구 용구대로1890번길 34,446904,17074,,2,,127.108026037521,37.2579524169023
MA0106202401A2226503,에스엘에스바이오,,G2,소매,G221,기타 상품 소매,G22199,그 외 기타 상품 전문 소매업,G47859,그 외 기타 분류 안된 상품 전문 소매업,41,경기도,41113,수원시 권선구,41113662,금곡동,4111313400,금곡동,4111313400110850000,1,대지,1085,,경기도 수원시 권선구 금곡동 1085,411134331203,경기도 수원시 권선구 금곡로102번길,15,,4111313400105660000000002,,경기도 수원시 권선구 금곡로102번길 15,441460,16388,,2,,126.94184358905,37.2734943431526
MA0106202401A1301038,팜탁,,G2,소매,G221,기타 상품 소매,G22199,그 외 기타 상품 전문 소매업,G47859,그 외 기타 분류 안된 상품 전문 소매업,51,강원특별자치도,51130,원주시,51130310,소초면,5113031024,소초면,5113031024109040000,1,대지,904,,강원특별자치도 원주시 소초면 흥양리 904,511303219061,강원특별자치도 원주시 소초면 황골로,220,8,4213031024109040000036908,,강원특별자치도 원주시 소초면 황골로 220-8,220836,26310,,,,127.994510057819,37.378892411376
MA0106202401A1623662,김도둑,,G2,소매,G221,기타 상품 소매,G22199,그 외 기타 상품 전문 소매업,G47859,그 외 기타 분류 안된 상품 전문 소매업,41,경기도,41220,평택시,41220610,통복동,4122011400,통복동,4122011400100990033,1,대지,99,33,경기도 평택시 통복동 99-33,412203188107,경기도 평택시 통복로,59,,4122011400100990033013689,,경기도 평택시 통복로 59,450040,17893,,,,127.083502975786,36.9973308565316
MA0106202401A2342362,상곡상사,,G2,소매,G221,기타 상품 소매,G22199,그 외 기타 상품 전문 소매업,G47859,그 외 기타 분류 안된 상품 전문 소매업,43,충청북도,43770,음성군,43770350,삼성면,4377035025,삼성면,4377035025107810000,1,대지,781,,충청북도 음성군 삼성면 상곡리 781,437703247047,충청북도 음성군 삼성면 청용로,183,9,4377035025107810000000001,,충청북도 음성군 삼성면 청용로 183-9,369834,27650,,,,127.454376671416,37.0074476381069
MA0106202401A2001823,소래바다,,G2,소매,G221,기타 상품 소매,G22199,그 외 기타 상품 전문 소매업,G47859,그 외 기타 분류 안된 상품 전문 소매업,28,인천광역시,28200,남동구,28200690,논현1동,2820011000,논현동,2820011000106780001,1,대지,678,1,인천광역시 남동구 논현동 678-1,282003153048,인천광역시 남동구 소래역로,28,,2820011000101790085019549,조은프라자,인천광역시 남동구 소래역로 28,405825,21673,,5,,126.736039465151,37.3998088632176
MA0106202401A1343872,스튜디오써니,,G2,소매,G221,기타 상품 소매,G22199,그 외 기타 상품 전문 소매업,G47859,그 외 기타 분류 안된 상품 전문 소매업,48,경상남도,48250,김해시,48250250,진영읍,4825025026,진영읍,4825025026115920014,1,대지,1592,14,경상남도 김해시 진영읍 진영리 1592-14,482504805218,경상남도 김해시 진영읍 김해대로321번길,13,,4825025026115920014000001,,경상남도 김해시 진영읍 김해대로321번길 13,621809,50862,,1,,128.725121254183,35.3083705633992
MA0106202404A1800293,마산보육사,,G2,소매,G221,기타 상품 소매,G22199,그 외 기타 상품 전문 소매업,G47859,그 외 기타 분류 안된 상품 전문 소매업,48,경상남도,48127,창원시 마산회원구,48127250,내서읍,4812725027,내서읍,4812725027105190002,1,대지,519,2,경상남도 창원시 마산회원구 내서읍 원계리 519-2,481274790270,경상남도 창원시 마산회원구 내서읍 원계증산길,49,1,4812725027105190002000001,,경상남도 창원시 마산회원구 내서읍 원계증산길 49-1,630853,51241,,,,128.508274225066,35.2315197358084
MA0106202404A1716798,일원바이오,,G2,소매,G221,기타 상품 소매,G22199,그 외 기타 상품 전문 소매업,G47859,그 외 기타 분류 안된 상품 전문 소매업,11,서울특별시,11530,구로구,11530540,구로3동,1153010200,구로동,1153010200102350002,1,대지,235,2,서울특별시 구로구 구로동 235-2,115304148327,서울특별시 구로구 디지털로26길,5,,1153010200102350002022973,에이스하이엔드타워1차,서울특별시 구로구 디지털로26길 5,152740,08389,,,,126.893484393121,37.4816153719026
MA0106202404A0616644,전북전통주협동조합한옥,마을점,G2,소매,G221,기타 상품 소매,G22199,그 외 기타 상품 전문 소매업,G47859,그 외 기타 분류 안된 상품 전문 소매업,52,전북특별자치도,52111,전주시 완산구,52111530,풍남동,5211110800,풍남동1가,5211110800100260001,1,대지,26,1,전북특별자치도 전주시 완산구 풍남동1가 26-1,521114598082,전북특별자치도 전주시 완산구 동문길,50,,4511110800100260001000001,,전북특별자치도 전주시 완산구 동문길 50,560031,55039,,,,127.151024753483,35.8190098940431
MA0106202404A2185383,쿨아이스천국,,G2,소매,G221,기타 상품 소매,G22199,그 외 기타 상품 전문 소매업,G47859,그 외 기타 분류 안된 상품 전문 소매업,44,충청남도,44133,천안시 서북구,44133530,쌍용1동,4413310700,쌍용동,4413310700108370000,1,대지,837,,충청남도 천안시 서북구 쌍용동 837,441333249018,충청남도 천안시 서북구 봉명로,21,,4413310700108370000055482,,충청남도 천안시 서북구 봉명로 21,331949,31149,,1,,127.130878714898,36.8077514246856
MA0106202404A0383366,쿠키모먼트,,G2,소매,G221,기타 상품 소매,G22199,그 외 기타 상품 전문 소매업,G47859,그 외 기타 분류 안된 상품 전문 소매업,41,경기도,41285,고양시 일산동구,41285551,백석1동,4128510600,백석동,4128510600111630010,1,대지,1163,10,경기도 고양시 일산동구 백석동 1163-10,412854379011,경기도 고양시 일산동구 강송로88번길,30,3,4128510600111630010004948,,경기도 고양시 일산동구 강송로88번길 30-3,410815,10445,,1,,126.790436216263,37.6485850069741
MA0106202404A0064839,내음공방,,G2,소매,G221,기타 상품 소매,G22199,그 외 기타 상품 전문 소매업,G47859,그 외 기타 분류 안된 상품 전문 소매업,51,강원특별자치도,51210,속초시,51210560,교동,5121010600,교동,5121010600106640217,1,대지,664,217,강원특별자치도 속초시 교동 664-217,512103223025,강원특별자치도 속초시 중앙로,38,,4221010600106640217014169,,강원특별자치도 속초시 중앙로 38,217803,24836,,,,128.580884016617,38.1995561610624
MA0106202404A0613416,엔에스이브골드,,G2,소매,G221,기타 상품 소매,G22199,그 외 기타 상품 전문 소매업,G47859,그 외 기타 분류 안된 상품 전문 소매업,11,서울특별시,11710,송파구,11710642,문정2동,1171010900,장지동,1171010900105960005,1,대지,596,5,서울특별시 송파구 장지동 596-5,117102000005,서울특별시 송파구 성남대로,1565,,1171010900106090007003998,,서울특별시 송파구 성남대로 1565,138888,05843,,,,127.12619078254,37.4696035628348
MA0106202404A1637143,버블몬,,G2,소매,G221,기타 상품 소매,G22199,그 외 기타 상품 전문 소매업,G47859,그 외 기타 분류 안된 상품 전문 소매업,47,경상북도,47190,구미시,47190256,산동읍,4719025625,산동읍,4719025625113930000,1,대지,1393,,경상북도 구미시 산동읍 신당리 1393,471903351406,경상북도 구미시 산동읍 신당2로,57,,4719035025113930000000001,,경상북도 구미시 산동읍 신당2로 57,730853,39464,,,,128.428655337849,36.1558445799299
MA0106202404A2216533,추반찬김밥,,G2,소매,G221,기타 상품 소매,G22199,그 외 기타 상품 전문 소매업,G47859,그 외 기타 분류 안된 상품 전문 소매업,51,강원특별자치도,51210,속초시,51210580,조양동,5121010800,조양동,5121010800112100001,1,대지,1210,1,강원특별자치도 속초시 조양동 1210-1,512104469181,강원특별자치도 속초시 온정로1길,9,3,5121010800112100001000001,,강원특별자치도 속초시 온정로1길 9-3,217811,24897,,1,,128.591744722506,38.1850953978901
MA0106202404A1183421,새로나웰빙,,G2,소매,G221,기타 상품 소매,G22199,그 외 기타 상품 전문 소매업,G47859,그 외 기타 분류 안된 상품 전문 소매업,41,경기도,41310,구리시,41310510,갈매동,4131010100,갈매동,4131010100105450000,1,대지,545,,경기도 구리시 갈매동 545,413103351113,경기도 구리시 갈매중앙로,190,,4131010100105450000000001,,경기도 구리시 갈매중앙로 190,471859,11901,,2,,127.126655478528,37.6375039240241
MA0106202403A0609626,운좋은횟집,,G2,소매,G221,기타 상품 소매,G22199,그 외 기타 상품 전문 소매업,G47859,그 외 기타 분류 안된 상품 전문 소매업,11,서울특별시,11680,강남구,11680590,삼성2동,1168010500,삼성동,1168010500101430030,1,대지,143,30,서울특별시 강남구 삼성동 143-30,116804166433,서울특별시 강남구 삼성로91길,28,,1168010500101430030000001,,서울특별시 강남구 삼성로91길 28,135877,06159,,1,,127.053926005713,37.5067801606468
MA0106202403A0112889,코아사이언스,,G2,소매,G221,기타 상품 소매,G22199,그 외 기타 상품 전문 소매업,G47859,그 외 기타 분류 안된 상품 전문 소매업,11,서울특별시,11530,구로구,11530540,구로3동,1153010200,구로동,1153010200102120030,1,대지,212,30,서울특별시 구로구 구로동 212-30,115303000026,서울특별시 구로구 디지털로,273,,1153010200102120030026825,에이스트윈타워2차,서울특별시 구로구 디지털로 273,152779,08381,,6,,126.894102926353,37.4839585496172
MA0106202403A1991165,미승이네,,G2,소매,G221,기타 상품 소매,G22199,그 외 기타 상품 전문 소매업,G47859,그 외 기타 분류 안된 상품 전문 소매업,26,부산광역시,26110,중구,26110560,부평동,2611012300,부평동1가,2611012300100130012,1,대지,13,12,부산광역시 중구 부평동1가 13-12,261103125006,부산광역시 중구 중구로,43,,2611012300100130015007398,,부산광역시 중구 중구로 43,600804,48978,,,,129.027704951864,35.1018497728822
MA0106202403A1485381,또또푸드,,G2,소매,G221,기타 상품 소매,G22199,그 외 기타 상품 전문 소매업,G47859,그 외 기타 분류 안된 상품 전문 소매업,31,울산광역시,31200,북구,31200510,농소1동,3120010300,매곡동,3120010300109080003,1,대지,908,3,울산광역시 북구 매곡동 908-3,312003351494,울산광역시 북구 호계매곡4로,6,,3120010300109080003000001,,울산광역시 북구 호계매곡4로 6,683420,44225,,1,,129.35898137495,35.6349220538709
MA0106202403A2065751,자미트리아울렛,,G2,소매,G221,기타 상품 소매,G22199,그 외 기타 상품 전문 소매업,G47859,그 외 기타 분류 안된 상품 전문 소매업,51,강원특별자치도,51150,강릉시,51150572,포남2동,5115011100,포남동,5115011100112920003,1,대지,1292,3,강원특별자치도 강릉시 포남동 1292-3,511504461002,강원특별자치도 강릉시 하평길,25,,4215011100112920003010000,,강원특별자치도 강릉시 하평길 25,210953,25566,,,,128.911483495459,37.7705187451471
MA0106202403A1727808,인사이드커피,,G2,소매,G221,기타 상품 소매,G22199,그 외 기타 상품 전문 소매업,G47859,그 외 기타 분류 안된 상품 전문 소매업,44,충청남도,44133,천안시 서북구,44133590,부성2동,4413310500,성성동,4413310500105110006,1,대지,511,6,충청남도 천안시 서북구 성성동 511-6,441333250010,충청남도 천안시 서북구 3공단5로,64,,4413310500105110006045511,,충청남도 천안시 서북구 3공단5로 64,331300,31093,,1,,127.116492514548,36.8391249695513
MA0106202403A1515072,조에커피&도자기,,G2,소매,G221,기타 상품 소매,G22199,그 외 기타 상품 전문 소매업,G47859,그 외 기타 분류 안된 상품 전문 소매업,41,경기도,41500,이천시,41500320,백사면,4150032026,백사면,4150032026105400002,1,대지,540,2,경기도 이천시 백사면 모전리 540-2,415003207075,경기도 이천시 백사면 청백리로,64,7,4150032026105400002011642,,경기도 이천시 백사면 청백리로 64-7,467832,17316,,,,127.469411809858,37.3027715063859
MA0106202403A0557054,치유앤해독,,G2,소매,G221,기타 상품 소매,G22199,그 외 기타 상품 전문 소매업,G47859,그 외 기타 분류 안된 상품 전문 소매업,41,경기도,41480,파주시,41480560,운정2동,4148011700,목동동,4148011700111360000,1,대지,1136,,경기도 파주시 목동동 1136,414804418962,경기도 파주시 심학산로423번길,7,21,4148011700111360000000001,,경기도 파주시 심학산로423번길 7-21,413110,10900,,,,126.737270872439,37.7188087404667
MA0106202403A2217942,우리식당,,G2,소매,G221,기타 상품 소매,G22199,그 외 기타 상품 전문 소매업,G47859,그 외 기타 분류 안된 상품 전문 소매업,26,부산광역시,26530,사상구,26530645,감전동,2653010500,감전동,2653010500109580001,1,대지,958,1,부산광역시 사상구 감전동 958-1,265304217100,부산광역시 사상구 낙동대로902번길,30,,2653010500109580001011854,,부산광역시 사상구 낙동대로902번길 30,617805,47029,,,,128.972197622878,35.1410029853506
MA0106202403A0755195,리리마켓,,G2,소매,G221,기타 상품 소매,G22199,그 외 기타 상품 전문 소매업,G47859,그 외 기타 분류 안된 상품 전문 소매업,26,부산광역시,26200,영도구,26200660,동삼2동,2620012100,동삼동,2620012100108500005,1,대지,850,5,부산광역시 영도구 동삼동 850-5,262003006003,부산광역시 영도구 태종로,773,,2620012100108500005002028,,부산광역시 영도구 태종로 773,606804,49125,,,,129.081514644833,35.0674140746441
MA0106202403A1094409,김치랑찬이랑,,G2,소매,G221,기타 상품 소매,G22199,그 외 기타 상품 전문 소매업,G47859,그 외 기타 분류 안된 상품 전문 소매업,52,전북특별자치도,52113,전주시 덕진구,52113620,호성동,5211311600,호성동1가,5211311600107310004,1,대지,731,4,전북특별자치도 전주시 덕진구 호성동1가 731-4,521134601502,전북특별자치도 전주시 덕진구 호성1길,25,,4511311600107310004015718,신동아,전북특별자치도 전주시 덕진구 호성1길 25,561743,54905,,1,,127.153819004359,35.8563634605981
MA0106202401A1999819,현대그린푸드에이치엘인재개발원매점,,G2,소매,G221,기타 상품 소매,G22199,그 외 기타 상품 전문 소매업,G47859,그 외 기타 분류 안된 상품 전문 소매업,41,경기도,41463,용인시 기흥구,41463540,기흥동,4146310800,고매동,4146310800104130005,1,대지,413,5,경기도 용인시 기흥구 고매동 413-5,414633204016,경기도 용인시 기흥구 기흥단지로,46,,4146310800104130005225094,고매동,경기도 용인시 기흥구 기흥단지로 46,446901,17086,,,,127.105071816434,37.2249137477205
MA0106202401A1581012,해드림CGF,,G2,소매,G221,기타 상품 소매,G22199,그 외 기타 상품 전문 소매업,G47859,그 외 기타 분류 안된 상품 전문 소매업,46,전라남도,46150,순천시,46150665,왕조2동,4615013300,조례동,4615013300115900006,1,대지,1590,6,전라남도 순천시 조례동 1590-6,461504649958,전라남도 순천시 조례못등길,10,,4615013300115900006025362,해드림C,전라남도 순천시 조례못등길 10,540968,57968,,1,,127.526096576046,34.9548379848556
MA0106202401A2156763,라엘랩,,G2,소매,G221,기타 상품 소매,G22199,그 외 기타 상품 전문 소매업,G47859,그 외 기타 분류 안된 상품 전문 소매업,11,서울특별시,11680,강남구,11680521,논현1동,1168010800,논현동,1168010800101960006,1,대지,196,6,서울특별시 강남구 논현동 196-6,116804166006,서울특별시 강남구 강남대로112길,47,,1168010800101960006009287,,서울특별시 강남구 강남대로112길 47,135827,06121,,2,,127.028139093203,37.5063836658111
MA0106202401A1286917,카페한양,,G2,소매,G221,기타 상품 소매,G22199,그 외 기타 상품 전문 소매업,G47859,그 외 기타 분류 안된 상품 전문 소매업,43,충청북도,43113,청주시 흥덕구,43113320,옥산면,4311332025,옥산면,4311332025107640066,1,대지,764,66,충청북도 청주시 흥덕구 옥산면 가락리 764-66,431133237111,충청북도 청주시 흥덕구 옥산면 청주역로,666,,4371041025007640066009007,,충청북도 청주시 흥덕구 옥산면 청주역로 666,361911,28113,,2,,127.373178619237,36.6661050154506
MA0106202401A0827386,대성유통,,G2,소매,G221,기타 상품 소매,G22199,그 외 기타 상품 전문 소매업,G47859,그 외 기타 분류 안된 상품 전문 소매업,28,인천광역시,28237,부평구,28237580,산곡2동,2823710300,산곡동,2823710300102550011,1,대지,255,11,인천광역시 부평구 산곡동 255-11,282374262417,인천광역시 부평구 부흥로111번길,71,,2823710300102550011018697,,인천광역시 부평구 부흥로111번길 71,403837,21376,,1,,126.704197664254,37.5013855002741
MA0106202401A0143538,에스코마이크로피티이,코리아,G2,소매,G221,기타 상품 소매,G22199,그 외 기타 상품 전문 소매업,G47859,그 외 기타 분류 안된 상품 전문 소매업,41,경기도,41210,광명시,41210570,광명6동,4121010800,옥길동,4121010800100880008,1,대지,88,8,경기도 광명시 옥길동 88-8,412103000017,경기도 광명시 금오로,845,,4121010800100880008000001,,경기도 광명시 금오로 845,423016,14297,,2,,126.839693971084,37.4742654756457
MA0106202401A1324073,정성유통,,G2,소매,G221,기타 상품 소매,G22199,그 외 기타 상품 전문 소매업,G47859,그 외 기타 분류 안된 상품 전문 소매업,26,부산광역시,26410,금정구,26410555,금사회동동,2641011200,회동동,2641011200102080027,1,대지,208,27,부산광역시 금정구 회동동 208-27,264104205467,부산광역시 금정구 회천로5번길,7,,2641011200102080027032091,,부산광역시 금정구 회천로5번길 7,609846,46263,,,,129.116480163218,35.2262766863971
MA0106202401A2261494,크림글라쎄,,G2,소매,G221,기타 상품 소매,G22199,그 외 기타 상품 전문 소매업,G47859,그 외 기타 분류 안된 상품 전문 소매업,41,경기도,41271,안산시 상록구,41271525,사동,4127110300,사동,4127110300113070000,1,대지,1307,,경기도 안산시 상록구 사동 1307,412714370534,경기도 안산시 상록구 후곡5길,40,,4127110300113070000001907,,경기도 안산시 상록구 후곡5길 40,426823,15589,,,,126.850008551765,37.2963540405497
MA0106202401A2272523,지티케이커머스,,G2,소매,G221,기타 상품 소매,G22199,그 외 기타 상품 전문 소매업,G47859,그 외 기타 분류 안된 상품 전문 소매업,41,경기도,41570,김포시,41570250,통진읍,4157025024,통진읍,4157025024103980000,1,대지,398,,경기도 김포시 통진읍 수참리 398,415704427591,경기도 김포시 통진읍 하성로62번길,34,,4157025024103980000010194,,경기도 김포시 통진읍 하성로62번길 34,415868,10014,,,,126.633513736735,37.6818803727474
MA0106202312A0528371,여로상회,,G2,소매,G221,기타 상품 소매,G22199,그 외 기타 상품 전문 소매업,G47859,그 외 기타 분류 안된 상품 전문 소매업,11,서울특별시,11230,동대문구,11230740,이문1동,1123011000,이문동,1123011000103410018,1,대지,341,18,서울특별시 동대문구 이문동 341-18,112303105010,서울특별시 동대문구 이문로,45,,1123011000103410018004078,,서울특별시 동대문구 이문로 45,130831,02452,,1,,127.056704585753,37.5915538075364
MA0106202404A0013086,멀티샵,,G2,소매,G221,기타 상품 소매,G22199,그 외 기타 상품 전문 소매업,G47859,그 외 기타 분류 안된 상품 전문 소매업,46,전라남도,46110,목포시,46110535,연동,4611010200,산정동,4611010200110440544,1,대지,1044,544,전라남도 목포시 산정동 1044-544,461103281095,전라남도 목포시 영산로,246,,4611010200110440054014827,,전라남도 목포시 영산로 246,530807,58707,,3,,126.393284135043,34.8026419514163
MA0106202404A1433664,카타리나,,G2,소매,G221,기타 상품 소매,G22199,그 외 기타 상품 전문 소매업,G47859,그 외 기타 분류 안된 상품 전문 소매업,41,경기도,41135,성남시 분당구,41135545,정자동,4113510300,정자동,4113510300100680013,1,대지,68,13,경기도 성남시 분당구 정자동 68-13,411354340044,경기도 성남시 분당구 느티로69번길,15,,4113510300100680013065099,,경기도 성남시 분당구 느티로69번길 15,463874,13610,,1,,127.112250437401,37.3698389011597
MA0106202309A2162097,송월타월,,G2,소매,G221,기타 상품 소매,G22199,그 외 기타 상품 전문 소매업,G47859,그 외 기타 분류 안된 상품 전문 소매업,26,부산광역시,26200,영도구,26200590,봉래1동,2620011600,봉래동2가,2620011600100390005,1,대지,39,5,부산광역시 영도구 봉래동2가 39-5,262004184312,부산광역시 영도구 태종로105번길,37,3,2620011600100390005000001,,부산광역시 영도구 태종로105번길 37-3,606062,49035,,1,,129.042951695616,35.0928072733388
MA0106202310A2287136,씨제이올리브영이수역점,,G2,소매,G221,기타 상품 소매,G22199,그 외 기타 상품 전문 소매업,G47859,그 외 기타 분류 안된 상품 전문 소매업,11,서울특별시,11590,동작구,11590630,사당2동,1159010700,사당동,1159010700101470102,1,대지,147,102,서울특별시 동작구 사당동 147-102,115903119004,서울특별시 동작구 사당로,307,,1159010700101470113009736,,서울특별시 동작구 사당로 307,156816,07008,,1,,126.981547330317,37.4855452904174
MA0106202310A2287270,씨제이올리브영관악타운,,G2,소매,G221,기타 상품 소매,G22199,그 외 기타 상품 전문 소매업,G47859,그 외 기타 분류 안된 상품 전문 소매업,11,서울특별시,11620,관악구,11620595,청룡동,1162010100,봉천동,1162010100108620003,1,대지,862,3,서울특별시 관악구 봉천동 862-3,116203120001,서울특별시 관악구 관악로,173,,1162010100108620003034021,1~3층,서울특별시 관악구 관악로 173,151836,08787,,,,126.952254535514,37.4807076778786
MA0106202310A2287059,씨제이올리브영창원,용호점,G2,소매,G221,기타 상품 소매,G22199,그 외 기타 상품 전문 소매업,G47859,그 외 기타 분류 안된 상품 전문 소매업,48,경상남도,48123,창원시 성산구,48123515,용지동,4812313500,용호동,4812313500100730043,1,대지,73,43,경상남도 창원시 성산구 용호동 73-43,481232327001,경상남도 창원시 성산구 원이대로,595,,4812112800100730043009917,,경상남도 창원시 성산구 원이대로 595,641842,51436,,,,128.680263805476,35.2279562191392
MA0106202310A2287022,씨제이올리브영청주,산남점,G2,소매,G221,기타 상품 소매,G22199,그 외 기타 상품 전문 소매업,G47859,그 외 기타 분류 안된 상품 전문 소매업,43,충청북도,43112,청주시 서원구,43112550,산남동,4311210400,산남동,4311210400106520000,1,대지,652,,충청북도 청주시 서원구 산남동 652,431123237037,충청북도 청주시 서원구 산남로,50,,4311310600106520000023420,,충청북도 청주시 서원구 산남로 50,362160,28625,,,,127.468507425877,36.6114481373403
MA0106202310A2287710,씨제이올리브영울산태화점,,G2,소매,G221,기타 상품 소매,G22199,그 외 기타 상품 전문 소매업,G47859,그 외 기타 분류 안된 상품 전문 소매업,31,울산광역시,31110,중구,31110600,태화동,3111011100,태화동,3111011100100320016,1,대지,32,16,울산광역시 중구 태화동 32-16,311103169009,울산광역시 중구 명륜로,31,,3111011100100320016001426,코너,울산광역시 중구 명륜로 31,681818,44452,,1,,129.30895374752,35.5552202798234
MA0106202310A2287404,씨제이올리브영롯데프리미엄아울렛,기흥점,G2,소매,G221,기타 상품 소매,G22199,그 외 기타 상품 전문 소매업,G47859,그 외 기타 분류 안된 상품 전문 소매업,41,경기도,41463,용인시 기흥구,41463540,기흥동,4146310800,고매동,4146310800108840000,1,대지,884,,경기도 용인시 기흥구 고매동 884,414633352016,경기도 용인시 기흥구 신고매로,124,,4146310800102800000000001,롯데프리미엄아울렛기흥점,경기도 용인시 기흥구 신고매로 124,446901,17087,,1,,127.120915012454,37.2253761881903
MA0106202311A2218362,디유바이오텍,,G2,소매,G221,기타 상품 소매,G22199,그 외 기타 상품 전문 소매업,G47859,그 외 기타 분류 안된 상품 전문 소매업,47,경상북도,47290,경산시,47290253,진량읍,4729025329,진량읍,4729025329100150000,1,대지,15,,경상북도 경산시 진량읍 내리리 15,472903313025,경상북도 경산시 진량읍 대구대로,201,,4729025329100150000016704,대구대학교,경상북도 경산시 진량읍 대구대로 201,712714,38453,,,,128.842813909794,35.9045142736806
MA0106202402A0224603,점곡(청휴게소,,G2,소매,G221,기타 상품 소매,G22199,그 외 기타 상품 전문 소매업,G47859,그 외 기타 분류 안된 상품 전문 소매업,47,경상북도,47730,의성군,47730330,옥산면,4773033039,옥산면,4773033039200930004,2,산,93,4,경상북도 의성군 옥산면 신계리 산93-4,477303018017,경상북도 의성군 옥산면 의성길안로,1656,44,4773033039200930004000001,,경상북도 의성군 옥산면 의성길안로 1656-44,769842,37322,,,,128.818368076721,36.4196054372186
MA0106202401A2105742,라라유니버스에너지푸드,,G2,소매,G221,기타 상품 소매,G22199,그 외 기타 상품 전문 소매업,G47859,그 외 기타 분류 안된 상품 전문 소매업,29,광주광역시,29170,북구,29170695,건국동,2917012600,본촌동,2917012600129540000,1,대지,2954,,광주광역시 북구 본촌동 2954,291703162021,광주광역시 북구 본촌택지로,17,,2917012600129540000000001,,광주광역시 북구 본촌택지로 17,500210,61020,,1,,126.879305683117,35.2155119315462
MA0106202401A2285175,씨제이올리브영,천안구성점,G2,소매,G221,기타 상품 소매,G22199,그 외 기타 상품 전문 소매업,G47859,그 외 기타 분류 안된 상품 전문 소매업,44,충청남도,44131,천안시 동남구,44131580,청룡동,4413110800,구성동,4413110800102370001,1,대지,237,1,충청남도 천안시 동남구 구성동 237-1,441312249005,충청남도 천안시 동남구 천안대로,548,,4413110800102370001029432,,충청남도 천안시 동남구 천안대로 548,330986,31069,,1,,127.165136043747,36.7971297435551
MA0106202401A2285096,씨제이올리브영,부산대점,G2,소매,G221,기타 상품 소매,G22199,그 외 기타 상품 전문 소매업,G47859,그 외 기타 분류 안된 상품 전문 소매업,26,부산광역시,26410,금정구,26410610,장전2동,2641010800,장전동,2641010800104210002,1,대지,421,2,부산광역시 금정구 장전동 421-2,264103135026,부산광역시 금정구 부산대학로,47,,2641010800104210022011770,,부산광역시 금정구 부산대학로 47,609392,46293,,1,,129.086053020684,35.2311666331701
MA0106202401A2284719,씨제이올리브영정릉점,,G2,소매,G221,기타 상품 소매,G22199,그 외 기타 상품 전문 소매업,G47859,그 외 기타 분류 안된 상품 전문 소매업,11,서울특별시,11290,성북구,11290630,정릉2동,1129013300,정릉동,1129013300104080003,1,대지,408,3,서울특별시 성북구 정릉동 408-3,112903107004,서울특별시 성북구 보국문로,33,,1129013300104080003000001,,서울특별시 성북구 보국문로 33,136845,02710,,,,127.010124728493,37.6073793844262
MA0106202401A2285243,씨제이올리브영평택고덕에듀타운점,,G2,소매,G221,기타 상품 소매,G22199,그 외 기타 상품 전문 소매업,G47859,그 외 기타 분류 안된 상품 전문 소매업,41,경기도,41220,평택시,41220660,고덕동,4122012800,고덕동,4122012800127080002,1,대지,2708,2,경기도 평택시 고덕동 2708-2,412203188004,경기도 평택시 고덕로,250,,4122033031100000000000045,에듀스카이,경기도 평택시 고덕로 250,,18022,,1,,127.02829064176,37.0362925144174
MA0106202312A2289457,씨제이올리브영압구정로데오역점,,G2,소매,G221,기타 상품 소매,G22199,그 외 기타 상품 전문 소매업,G47859,그 외 기타 분류 안된 상품 전문 소매업,11,서울특별시,11680,강남구,11680545,압구정동,1168010700,신사동,1168010700106650004,1,대지,665,4,서울특별시 강남구 신사동 665-4,116803122006,서울특별시 강남구 선릉로,817,,1168010700106650004000001,,서울특별시 강남구 선릉로 817,135897,06019,,1,,127.039424924956,37.5250852743236
MA0106202312A2289604,씨제이올리브영화성남양점,,G2,소매,G221,기타 상품 소매,G22199,그 외 기타 상품 전문 소매업,G47859,그 외 기타 분류 안된 상품 전문 소매업,41,경기도,41590,화성시,41590262,남양읍,4159026221,남양읍,4159026221122530001,1,대지,2253,1,경기도 화성시 남양읍 남양리 2253-1,415903210146,경기도 화성시 남양읍 시청로,6,,4159026221111870000000001,,경기도 화성시 남양읍 시청로 6,445851,18268,,,,126.818527359174,37.2083952196983
MA0106202402A0874579,안성상휴게소서울,,G2,소매,G221,기타 상품 소매,G22199,그 외 기타 상품 전문 소매업,G47859,그 외 기타 분류 안된 상품 전문 소매업,41,경기도,41550,안성시,41550380,원곡면,4155038024,원곡면,4155038024200670003,2,산,67,3,경기도 안성시 원곡면 산하리 산67-3,415501000001,경기도 안성시 원곡면 경부고속도로,372,,4155038024104210001000001,안성서울휴게소,경기도 안성시 원곡면 경부고속도로 372,456812,17553,,,,127.132497958637,37.0767702010621
MA0106202402A1367965,이지에프앤비,,G2,소매,G221,기타 상품 소매,G22199,그 외 기타 상품 전문 소매업,G47859,그 외 기타 분류 안된 상품 전문 소매업,31,울산광역시,31140,남구,31140560,달동,3114010500,달동,3114010500105900009,1,대지,590,9,울산광역시 남구 달동 590-9,311403170026,울산광역시 남구 삼산로,169,,3114010500105900009012446,씨에스타워,울산광역시 남구 삼산로 169,680801,44695,,15,,129.325769688454,35.5373082373641
MA0106202312A0037384,오롯서울대,병원점,G2,소매,G221,기타 상품 소매,G22199,그 외 기타 상품 전문 소매업,G47859,그 외 기타 분류 안된 상품 전문 소매업,11,서울특별시,11110,종로구,11110640,이화동,1111016600,연건동,1111016600100280021,1,대지,28,21,서울특별시 종로구 연건동 28-21,111103100002,서울특별시 종로구 대학로,101,,1111016600100280021009266,,서울특별시 종로구 대학로 101,110744,03080,,1,,126.997203683209,37.580458151862
MA0106202312A1414584,슈퍼키친녹번역점,,G2,소매,G221,기타 상품 소매,G22199,그 외 기타 상품 전문 소매업,G47859,그 외 기타 분류 안된 상품 전문 소매업,11,서울특별시,11380,은평구,11380580,응암1동,1138010700,응암동,1138010700100610004,1,대지,61,4,서울특별시 은평구 응암동 61-4,113803111007,서울특별시 은평구 은평로,230,,1138010700100610004022735,좌,서울특별시 은평구 은평로 230,122905,03472,,1,,126.933107907356,37.6008376935128
MA0106202312A1484058,삼화식품무인쇼핑몰,2호점,G2,소매,G221,기타 상품 소매,G22199,그 외 기타 상품 전문 소매업,G47859,그 외 기타 분류 안된 상품 전문 소매업,27,대구광역시,27200,남구,27200610,대명6동,2720010300,대명동,2720010300110420001,1,대지,1042,1,대구광역시 남구 대명동 1042-1,272004232058,대구광역시 남구 대명로20길,38,,2720010300110420001004241,,대구광역시 남구 대명로20길 38,705811,42484,,1,,128.567881994693,35.8375446033813
MA0106202403A2102718,응응스크르부산장전점,,G2,소매,G221,기타 상품 소매,G22199,그 외 기타 상품 전문 소매업,G47859,그 외 기타 분류 안된 상품 전문 소매업,26,부산광역시,26410,금정구,26410590,부곡3동,2641010900,부곡동,2641010900102230056,1,대지,223,56,부산광역시 금정구 부곡동 223-56,264104205391,부산광역시 금정구 중앙대로1719번길,30,,2641010900102230056006075,,부산광역시 금정구 중앙대로1719번길 30,609819,46276,,1,,129.090476506857,35.2379119649671
MA0106202404A0702605,엠에스이피,,G2,소매,G221,기타 상품 소매,G22199,그 외 기타 상품 전문 소매업,G47859,그 외 기타 분류 안된 상품 전문 소매업,11,서울특별시,11710,송파구,11710561,방이1동,1171011100,방이동,1171011100102130007,1,대지,213,7,서울특별시 송파구 방이동 213-7,117104169390,서울특별시 송파구 오금로31길,42,4,1171011100102130007017527,,서울특별시 송파구 오금로31길 42-4,138835,05646,,,,127.123475193523,37.5092777783155
MA0106202401A2285382,씨제이올리브영포항,터미널점,G2,소매,G221,기타 상품 소매,G22199,그 외 기타 상품 전문 소매업,G47859,그 외 기타 분류 안된 상품 전문 소매업,47,경상북도,47111,포항시 남구,47111525,상대동,4711110100,상도동,4711110100106090006,1,대지,609,6,경상북도 포항시 남구 상도동 609-6,471113303049,경상북도 포항시 남구 중흥로,88,,4711110100106090006118048,,경상북도 포항시 남구 중흥로 88,790828,37769,,,,129.350727157388,36.0129800741682
MA0106202401A2284770,씨제이올리브영스타필드,수원점,G2,소매,G221,기타 상품 소매,G22199,그 외 기타 상품 전문 소매업,G47859,그 외 기타 분류 안된 상품 전문 소매업,41,경기도,41111,수원시 장안구,41111572,정자2동,4111113000,정자동,4111113000101110014,1,대지,111,14,경기도 수원시 장안구 정자동 111-14,411113175034,경기도 수원시 장안구 수성로,175,,4111113000101110014000001,스타필드수원,경기도 수원시 장안구 수성로 175,440835,16318,,1,,126.991542196154,37.2874293884238
MA0106202402A1997260,현대그린푸드현대스틸파이프,,G2,소매,G221,기타 상품 소매,G22199,그 외 기타 상품 전문 소매업,G47859,그 외 기타 분류 안된 상품 전문 소매업,31,울산광역시,31200,북구,31200590,염포동,3120012700,염포동,3120012700102650000,1,대지,265,,울산광역시 북구 염포동 265,312003169028,울산광역시 북구 염포로,706,,3120012700102650003001902,,울산광역시 북구 염포로 706,683711,44259,,,,129.394563024083,35.5278247511021
MA0106202403A1601607,킹콩,백화점,G2,소매,G221,기타 상품 소매,G22199,그 외 기타 상품 전문 소매업,G47859,그 외 기타 분류 안된 상품 전문 소매업,43,충청북도,43114,청주시 청원구,43114250,내수읍,4311425036,내수읍,4311425036102250003,1,대지,225,3,충청북도 청주시 청원구 내수읍 은곡리 225-3,431144520551,충청북도 청주시 청원구 내수읍 은곡묵방길,22,36,4311425036102250003000001,,충청북도 청주시 청원구 내수읍 은곡묵방길 22-36,363931,28151,,1,,127.528190696211,36.7088171918815
MA0106202401A1435525,하하아이스365공도진사점,,G2,소매,G221,기타 상품 소매,G22199,그 외 기타 상품 전문 소매업,G47859,그 외 기타 분류 안된 상품 전문 소매업,41,경기도,41550,안성시,41550250,공도읍,4155025031,공도읍,4155025031103480000,1,대지,348,,경기도 안성시 공도읍 진사리 348,415504424652,경기도 안성시 공도읍 진건중길,39,,4155025031103490001014661,,경기도 안성시 공도읍 진건중길 39,456826,17564,,,,127.141708009727,36.991950243754
MA0106202402A0200734,명성에프엠씨,,G2,소매,G221,기타 상품 소매,G22199,그 외 기타 상품 전문 소매업,G47859,그 외 기타 분류 안된 상품 전문 소매업,41,경기도,41113,수원시 권선구,41113650,구운동,4111313200,구운동,4111313200106200000,1,대지,620,,경기도 수원시 권선구 구운동 620,411133175012,경기도 수원시 권선구 금호로,133,,4111313200106200000000001,,경기도 수원시 권선구 금호로 133,441819,16404,,3,,126.964449757215,37.2738997479548
MA0106202401A2118824,아크어때인천시청,직영점,G2,소매,G221,기타 상품 소매,G22199,그 외 기타 상품 전문 소매업,G47859,그 외 기타 분류 안된 상품 전문 소매업,28,인천광역시,28200,남동구,28200530,간석1동,2820010200,간석동,2820010200105160029,1,대지,516,29,인천광역시 남동구 간석동 516-29,282004259450,인천광역시 남동구 석산로62번길,38,1,2820010200105160029006539,,인천광역시 남동구 석산로62번길 38-1,405809,21552,,1,,126.698826472403,37.4589705911238
MA0106202403A2286797,올리브영홍대타운,,G2,소매,G221,기타 상품 소매,G22199,그 외 기타 상품 전문 소매업,G47859,그 외 기타 분류 안된 상품 전문 소매업,11,서울특별시,11440,마포구,11440660,서교동,1144012100,동교동,1144012100101650008,1,대지,165,8,서울특별시 마포구 동교동 165-8,114403113014,서울특별시 마포구 양화로,156,,1144012100101650008027133,엘리팰리스,서울특별시 마포구 양화로 156,121754,04050,,,,126.923448871669,37.5561064858956
MA0106202403A2267929,24시무인먹구편의점의정부민락2지점,,G2,소매,G221,기타 상품 소매,G22199,그 외 기타 상품 전문 소매업,G47859,그 외 기타 분류 안된 상품 전문 소매업,41,경기도,41150,의정부시,41150578,송산3동,4115010600,민락동,4115010600108030000,1,대지,803,,경기도 의정부시 민락동 803,411503181033,경기도 의정부시 오목로,196,,4115010600108030000000001,,경기도 의정부시 오목로 196,480090,11813,,,,127.099175319238,37.744061694568
MA0106202403A2267927,24시무인먹구편의점부개역점,,G2,소매,G221,기타 상품 소매,G22199,그 외 기타 상품 전문 소매업,G47859,그 외 기타 분류 안된 상품 전문 소매업,41,경기도,41192,부천시 원미구,41192690,상2동,4119210900,상동,4119210900106150004,1,대지,615,4,경기도 부천시 원미구 상동 615-4,411923000019,경기도 부천시 원미구 부일로,115,,4119510900106150004034826,,경기도 부천시 원미구 부일로 115,420867,14593,,,,126.742725343221,37.4889427197401
MA0106202404A1526783,무인생수247,태전점,G2,소매,G221,기타 상품 소매,G22199,그 외 기타 상품 전문 소매업,G47859,그 외 기타 분류 안된 상품 전문 소매업,27,대구광역시,27230,북구,27230735,태전2동,2723012600,태전동,2723012600104930003,1,대지,493,3,대구광역시 북구 태전동 493-3,272302145001,대구광역시 북구 칠곡중앙대로,216,,2723012600104920002002672,,대구광역시 북구 칠곡중앙대로 216,702865,41469,,,,128.548731759457,35.915237664651
MA0106202403A0078386,달달보드레,3호점,G2,소매,G221,기타 상품 소매,G22199,그 외 기타 상품 전문 소매업,G47859,그 외 기타 분류 안된 상품 전문 소매업,11,서울특별시,11500,강서구,11500520,등촌1동,1150010200,등촌동,1150010200106390008,1,대지,639,8,서울특별시 강서구 등촌동 639-8,115004145550,서울특별시 강서구 화곡로68길,36,,1150010200106390008027402,에이스에이존,서울특별시 강서구 화곡로68길 36,157840,07567,,,,126.856365811046,37.5585306868619
MA0106202401A2285379,씨제이올리브영광주충장로,입구점,G2,소매,G221,기타 상품 소매,G22199,그 외 기타 상품 전문 소매업,G47859,그 외 기타 분류 안된 상품 전문 소매업,29,광주광역시,29110,동구,29110525,충장동,2911011700,황금동,2911011700100050016,1,대지,5,16,광주광역시 동구 황금동 5-16,291104277192,광주광역시 동구 중앙로160번길,3,,2911011700100050016006873,,광주광역시 동구 중앙로160번길 3,501110,61483,,1,,126.913743259123,35.1481740139836
MA0106202401A2284931,씨제이올리브영망원역점,,G2,소매,G221,기타 상품 소매,G22199,그 외 기타 상품 전문 소매업,G47859,그 외 기타 분류 안된 상품 전문 소매업,11,서울특별시,11440,마포구,11440690,망원1동,1144012300,망원동,1144012300103780002,1,대지,378,2,서울특별시 마포구 망원동 378-2,114403113018,서울특별시 마포구 월드컵로,75,,1144012300103780002013695,,서울특별시 마포구 월드컵로 75,121820,04013,,1,,126.910162779633,37.5556286058292
MA0106202401A2285666,씨제이올리브영,수원금곡점,G2,소매,G221,기타 상품 소매,G22199,그 외 기타 상품 전문 소매업,G47859,그 외 기타 분류 안된 상품 전문 소매업,41,경기도,41113,수원시 권선구,41113662,금곡동,4111313400,금곡동,4111313400111140001,1,대지,1114,1,경기도 수원시 권선구 금곡동 1114-1,411133175011,경기도 수원시 권선구 금곡로,219,,4111313400111140001000001,리더스빌딩,경기도 수원시 권선구 금곡로 219,441460,16391,,,,126.954087312961,37.2750044624377
MA0106202404A1526784,무인생수247,월성점,G2,소매,G221,기타 상품 소매,G22199,그 외 기타 상품 전문 소매업,G47859,그 외 기타 분류 안된 상품 전문 소매업,27,대구광역시,27290,달서구,27290601,월성1동,2729012000,월성동,2729012000114770000,1,대지,1477,,대구광역시 달서구 월성동 1477,272903147040,대구광역시 달서구 조암로,81,,2729012000114770000000001,,대구광역시 달서구 조암로 81,704830,42755,,1,,128.521451621239,35.8228308329917
MA0106202404A1600513,킹콩기흥점,백화점,G2,소매,G221,기타 상품 소매,G22199,그 외 기타 상품 전문 소매업,G47859,그 외 기타 분류 안된 상품 전문 소매업,41,경기도,41463,용인시 기흥구,41463540,기흥동,4146310800,고매동,4146310800103810008,1,대지,381,8,경기도 용인시 기흥구 고매동 381-8,414633204006,경기도 용인시 기흥구 공세로,60,,4146310800103810001000001,,경기도 용인시 기흥구 공세로 60,446901,17086,,1,,127.108121733695,37.2302542132031
MA0106202402A2283336,씨제이올리브영인천논현역점,,G2,소매,G221,기타 상품 소매,G22199,그 외 기타 상품 전문 소매업,G47859,그 외 기타 분류 안된 상품 전문 소매업,28,인천광역시,28200,남동구,28200700,논현2동,2820011000,논현동,2820011000107310004,1,대지,731,4,인천광역시 남동구 논현동 731-4,282002008006,인천광역시 남동구 청능대로,575,,2820011000107310004000001,튜브,인천광역시 남동구 청능대로 575,405300,21653,,,,126.722707880889,37.4011208682256
MA0106202402A2283775,씨제이올리브영,시흥목감점,G2,소매,G221,기타 상품 소매,G22199,그 외 기타 상품 전문 소매업,G47859,그 외 기타 분류 안된 상품 전문 소매업,41,경기도,41390,시흥시,41390570,목감동,4139012400,조남동,4139012400107100000,1,대지,710,,경기도 시흥시 조남동 710,413903350920,경기도 시흥시 목감둘레로,253,33,4139012400102510000029421,,경기도 시흥시 목감둘레로 253-33,429320,14986,,,,126.861356642919,37.3811998571493
MA0106202402A2282713,씨제이올리브영경기광주,터미널점,G2,소매,G221,기타 상품 소매,G22199,그 외 기타 상품 전문 소매업,G47859,그 외 기타 분류 안된 상품 전문 소매업,41,경기도,41610,광주시,41610510,경안동,4161010100,경안동,4161010100100200016,1,대지,20,16,경기도 광주시 경안동 20-16,416102211001,경기도 광주시 광주대로,31,,4161010100100200016000002,,경기도 광주시 광주대로 31,464801,12758,,,,127.260221411171,37.4093589344671
MA0106202402A2282716,씨제이올리브영신촌,중앙점,G2,소매,G221,기타 상품 소매,G22199,그 외 기타 상품 전문 소매업,G47859,그 외 기타 분류 안된 상품 전문 소매업,11,서울특별시,11410,서대문구,11410585,신촌동,1141011600,창천동,1141011600100300008,1,대지,30,8,서울특별시 서대문구 창천동 30-8,114103005057,서울특별시 서대문구 신촌로,93,,1141011600100300009022729,,서울특별시 서대문구 신촌로 93,120834,03789,,1,,126.936566129321,37.5556907929642
MA0106202402A2282860,씨제이올리브영경주,용강점,G2,소매,G221,기타 상품 소매,G22199,그 외 기타 상품 전문 소매업,G47859,그 외 기타 분류 안된 상품 전문 소매업,47,경상북도,47130,경주시,47130615,용강동,4713012500,용강동,4713012500109580002,1,대지,958,2,경상북도 경주시 용강동 958-2,471304715930,경상북도 경주시 원지길,46,,4713012500109580002033349,,경상북도 경주시 원지길 46,780950,38077,,1,,129.222924594539,35.867396913673
MA0106202401A0363184,의왕시니어클럽찬란한식탁,,G2,소매,G221,기타 상품 소매,G22199,그 외 기타 상품 전문 소매업,G47859,그 외 기타 분류 안된 상품 전문 소매업,41,경기도,41430,의왕시,41430560,청계동,4143010800,청계동,4143010800108240002,1,대지,824,2,경기도 의왕시 청계동 824-2,414303201016,경기도 의왕시 백운로,584,,4143010800108240002002019,,경기도 의왕시 백운로 584,437828,16013,,,,126.998385232512,37.3877504644351
MA0106202312A1605387,킹콩샐비지스토어,백화점,G2,소매,G221,기타 상품 소매,G22199,그 외 기타 상품 전문 소매업,G47859,그 외 기타 분류 안된 상품 전문 소매업,41,경기도,41610,광주시,41610330,도척면,4161033022,도척면,4161033022102740005,1,대지,274,5,경기도 광주시 도척면 유정리 274-5,416103012064,경기도 광주시 도척면 마도로,307,,4161033022102740005249678,,경기도 광주시 도척면 마도로 307,464955,12817,,1,,127.331333005677,37.2981387800709
MA0106202403A0513626,대한물산,,G2,소매,G221,기타 상품 소매,G22199,그 외 기타 상품 전문 소매업,G47859,그 외 기타 분류 안된 상품 전문 소매업,11,서울특별시,11710,송파구,11710632,가락2동,1171010700,가락동,1171010700101670006,1,대지,167,6,서울특별시 송파구 가락동 167-6,117104169400,서울특별시 송파구 오금로44가길,2,,1171010700101670006005195,,서울특별시 송파구 오금로44가길 2,138810,05769,,1,,127.135826594121,37.4970646140223
MA0106202403A0513627,대한물산,,G2,소매,G221,기타 상품 소매,G22199,그 외 기타 상품 전문 소매업,G47859,그 외 기타 분류 안된 상품 전문 소매업,11,서울특별시,11470,양천구,11470600,신월5동,1147010300,신월동,1147010300100180007,1,대지,18,7,서울특별시 양천구 신월동 18-7,114704142328,서울특별시 양천구 월정로50길,10,1,1147010300100180007009740,,서울특별시 양천구 월정로50길 10-1,158822,07903,,,,126.831312216734,37.5416939478993
MA0106202312A1051648,메가박스,부산대점,G2,소매,G221,기타 상품 소매,G22199,그 외 기타 상품 전문 소매업,G47859,그 외 기타 분류 안된 상품 전문 소매업,26,부산광역시,26410,금정구,26410610,장전2동,2641010800,장전동,2641010800102920004,1,대지,292,4,부산광역시 금정구 장전동 292-4,264104205358,부산광역시 금정구 장전로12번길,55,,2641010800102920004000001,,부산광역시 금정구 장전로12번길 55,609392,46291,,4,,129.088112516932,35.2301038001425
MA0106202403A0066258,금비유통,,G2,소매,G221,기타 상품 소매,G22199,그 외 기타 상품 전문 소매업,G47859,그 외 기타 분류 안된 상품 전문 소매업,30,대전광역시,30230,대덕구,30230520,대화동,3023010200,대화동,3023010200103500000,1,대지,350,,대전광역시 대덕구 대화동 350,302304304137,대전광역시 대덕구 대화로52번안길,140,,3023010200103500000012622,승우,대전광역시 대덕구 대화로52번안길 140,306802,34361,,,,127.403352996346,36.3726827184613
MA0106202402A2283332,씨제이올리브영나주빛가람동점,,G2,소매,G221,기타 상품 소매,G22199,그 외 기타 상품 전문 소매업,G47859,그 외 기타 분류 안된 상품 전문 소매업,46,전라남도,46170,나주시,46170620,빛가람동,4617013400,빛가람동,4617013400109040000,1,대지,904,,전라남도 나주시 빛가람동 904,461703284068,전라남도 나주시 빛가람로,838,,4617013400109040000000001,주,전라남도 나주시 빛가람로 838,520350,58330,,1,,126.803395721703,35.0213217434724
MA0106202402A2283707,씨제이올리브영롯데동탄점,백화점,G2,소매,G221,기타 상품 소매,G22199,그 외 기타 상품 전문 소매업,G47859,그 외 기타 분류 안된 상품 전문 소매업,41,경기도,41590,화성시,41590600,동탄6동,4159012900,오산동,4159012900110890000,1,대지,1089,,경기도 화성시 오산동 1089,415903350550,경기도 화성시 동탄역로,160,,4159012900109670157000001,동탄역롯데캐슬,경기도 화성시 동탄역로 160,445150,18478,,2,,127.097919265565,37.2006726316273
MA0106202402A2283387,씨제이올리브영광명,하안점,G2,소매,G221,기타 상품 소매,G22199,그 외 기타 상품 전문 소매업,G47859,그 외 기타 분류 안된 상품 전문 소매업,41,경기도,41210,광명시,41210633,하안3동,4121010300,하안동,4121010300100360002,1,대지,36,2,경기도 광명시 하안동 36-2,412103000027,경기도 광명시 범안로,1046,,4121010300100360002012353,,경기도 광명시 범안로 1046,423848,14305,,,,126.879371816795,37.4620408813348
MA0106202402A2283141,씨제이올리브영대치역점,,G2,소매,G221,기타 상품 소매,G22199,그 외 기타 상품 전문 소매업,G47859,그 외 기타 분류 안된 상품 전문 소매업,11,서울특별시,11680,강남구,11680600,대치1동,1168010600,대치동,1168010600105070000,1,대지,507,,서울특별시 강남구 대치동 507,116802000003,서울특별시 강남구 남부순환로,2936,,1168010600105070000014410,,서울특별시 강남구 남부순환로 2936,135836,06291,,,,127.061922383499,37.493351250447
MA0106202404A1500515,울릉심층수_마켓아라,,G2,소매,G221,기타 상품 소매,G22199,그 외 기타 상품 전문 소매업,G47859,그 외 기타 분류 안된 상품 전문 소매업,47,경상북도,47940,울릉군,47940250,울릉읍,4794025026,울릉읍,4794025026103020001,1,대지,302,1,경상북도 울릉군 울릉읍 사동리 302-1,479404778029,경상북도 울릉군 울릉읍 사동1길,43,,4794025026101630004003500,,경상북도 울릉군 울릉읍 사동1길 43,799803,40230,,,,130.891293050645,37.4770210439689
MA0106202403A0513625,대한물산,,G2,소매,G221,기타 상품 소매,G22199,그 외 기타 상품 전문 소매업,G47859,그 외 기타 분류 안된 상품 전문 소매업,41,경기도,41463,용인시 기흥구,41463510,신갈동,4146310100,신갈동,4146310100100320003,1,대지,32,3,경기도 용인시 기흥구 신갈동 32-3,414633204043,경기도 용인시 기흥구 신구로,49,,4146310100100320003021553,,경기도 용인시 기흥구 신구로 49,446595,16968,,1,,127.109416868869,37.276503578854
MA0106202403A2287786,씨제이올리브영창원상남,중앙점,G2,소매,G221,기타 상품 소매,G22199,그 외 기타 상품 전문 소매업,G47859,그 외 기타 분류 안된 상품 전문 소매업,48,경상남도,48123,창원시 성산구,48123530,상남동,4812312700,상남동,4812312700100250000,1,대지,25,,경상남도 창원시 성산구 상남동 25,481234784084,경상남도 창원시 성산구 마디미로38번길,11,,4812312700100250000027165,,경상남도 창원시 성산구 마디미로38번길 11,642832,51496,,,,128.682372797252,35.2215823379131
MA0106202403A2287686,씨제이올리브영노량진역점,,G2,소매,G221,기타 상품 소매,G22199,그 외 기타 상품 전문 소매업,G47859,그 외 기타 분류 안된 상품 전문 소매업,11,서울특별시,11590,동작구,11590510,노량진1동,1159010100,노량진동,1159010100101120005,1,대지,112,5,서울특별시 동작구 노량진동 112-5,115903119011,서울특별시 동작구 노량진로,159,,1159010100101120005033159,,서울특별시 동작구 노량진로 159,156800,06902,,1,,126.943625611166,37.513996062982
MA0106202403A2287104,씨제이올리브영인천인스파이어점,,G2,소매,G221,기타 상품 소매,G22199,그 외 기타 상품 전문 소매업,G47859,그 외 기타 분류 안된 상품 전문 소매업,28,인천광역시,28110,중구,28110630,용유동,2811014700,운서동,2811014700129550000,1,대지,2955,,인천광역시 중구 운서동 2955,281103149032,인천광역시 중구 용유로,700,,2811014700129550000000001,인스파이어리조트,인천광역시 중구 용유로 700,400340,22382,,1,,126.37573232736,37.4652558669887
MA0106202403A2286946,씨제이올리브영부산벡스코점,,G2,소매,G221,기타 상품 소매,G22199,그 외 기타 상품 전문 소매업,G47859,그 외 기타 분류 안된 상품 전문 소매업,26,부산광역시,26350,해운대구,26350520,우2동,2635010500,우동,2635010500115110000,1,대지,1511,,부산광역시 해운대구 우동 1511,263503133012,부산광역시 해운대구 센텀2로,24,,2635010500115110000000002,,부산광역시 해운대구 센텀2로 24,612889,48060,,,,129.132448432329,35.1666650651535
MA0106202403A2287534,씨제이올리브영뚝섬역점,,G2,소매,G221,기타 상품 소매,G22199,그 외 기타 상품 전문 소매업,G47859,그 외 기타 분류 안된 상품 전문 소매업,11,서울특별시,11200,성동구,11200660,성수1가2동,1120011400,성수동1가,1120011400106561731,1,대지,656,1731,서울특별시 성동구 성수동1가 656-1731,112003000002,서울특별시 성동구 아차산로,6,,1120011400106561731007839,,서울특별시 성동구 아차산로 6,133823,04778,,1,,127.045106218604,37.5476803334672
MA0106202403A2287330,씨제이올리브영마들역점,,G2,소매,G221,기타 상품 소매,G22199,그 외 기타 상품 전문 소매업,G47859,그 외 기타 분류 안된 상품 전문 소매업,11,서울특별시,11350,노원구,11350710,상계9동,1135010500,상계동,1135010500106490006,1,대지,649,6,서울특별시 노원구 상계동 649-6,113503000001,서울특별시 노원구 동일로,1532,,1135010500106490006000497,,서울특별시 노원구 동일로 1532,139822,01674,,1,,127.057973376939,37.6652989245743
MA0106202403A2287293,씨제이올리브영대구테크노엠,스퀘어점,G2,소매,G221,기타 상품 소매,G22199,그 외 기타 상품 전문 소매업,G47859,그 외 기타 분류 안된 상품 전문 소매업,27,대구광역시,27710,달성군,27710259,유가읍,2771025924,유가읍,2771025924106190000,1,대지,619,,대구광역시 달성군 유가읍 봉리 619,277103341006,대구광역시 달성군 유가읍 테크노상업로,120,,2771037024106190000000001,,대구광역시 달성군 유가읍 테크노상업로 120,711883,43018,,,,128.462907682192,35.6930674594105
MA0106202309A0750563,에브리마트,,G2,소매,G221,기타 상품 소매,G22199,그 외 기타 상품 전문 소매업,G47859,그 외 기타 분류 안된 상품 전문 소매업,43,충청북도,43150,제천시,43150560,용두동,4315011200,신월동,4315011200113960000,1,대지,1396,,충청북도 제천시 신월동 1396,431504517244,충청북도 제천시 대학로12길,3,,4315011200113960000000001,,충청북도 제천시 대학로12길 3,390230,27136,,1,,128.194619588541,37.169272316056
MA0106202404A0411450,케이유씨통상,,G2,소매,G221,기타 상품 소매,G22199,그 외 기타 상품 전문 소매업,G47859,그 외 기타 분류 안된 상품 전문 소매업,41,경기도,41570,김포시,41570256,양촌읍,4157025623,양촌읍,4157025623103590002,1,대지,359,2,경기도 김포시 양촌읍 석모리 359-2,415703209137,경기도 김포시 양촌읍 모산로,1,5,4157025623103590002000002,,경기도 김포시 양촌읍 모산로 1-5,415824,10064,,,,126.655510448561,37.6515927802842
MA0106202403A2127177,마마리마켓,,G2,소매,G221,기타 상품 소매,G22199,그 외 기타 상품 전문 소매업,G47859,그 외 기타 분류 안된 상품 전문 소매업,11,서울특별시,11200,성동구,11200670,성수2가1동,1120011500,성수동2가,1120011500102560003,1,대지,256,3,서울특별시 성동구 성수동2가 256-3,112004109404,서울특별시 성동구 연무장18길,16,,1120011500102560003005320,,서울특별시 성동구 연무장18길 16,133826,04786,,2,,127.061971663392,37.5392843826752
MA0106202403A2358030,장봐주는언니여주교동,2호점,G2,소매,G221,기타 상품 소매,G22199,그 외 기타 상품 전문 소매업,G47859,그 외 기타 분류 안된 상품 전문 소매업,41,경기도,41670,여주시,41670520,중앙동,4167010800,교동,4167010800104400010,1,대지,440,10,경기도 여주시 교동 440-10,416704442512,경기도 여주시 세종로214번길,47,,4167010800104400010000001,,경기도 여주시 세종로214번길 47,469108,12652,,,,127.631974669231,37.2779577466478
MA0106202312A2290141,씨제이올리브영남양주,진접점,G2,소매,G221,기타 상품 소매,G22199,그 외 기타 상품 전문 소매업,G47859,그 외 기타 분류 안된 상품 전문 소매업,41,경기도,41360,남양주시,41360253,진접읍,4136025321,진접읍,4136025321102190001,1,대지,219,1,경기도 남양주시 진접읍 장현리 219-1,413603000121,경기도 남양주시 진접읍 금강로,1475,,4136025321102180006000001,,경기도 남양주시 진접읍 금강로 1475,472865,12008,,1,,127.189866168233,37.7227867339433
MA0106202312A2289332,씨제이올리브영,화정역점,G2,소매,G221,기타 상품 소매,G22199,그 외 기타 상품 전문 소매업,G47859,그 외 기타 분류 안된 상품 전문 소매업,41,경기도,41281,고양시 덕양구,41281622,화정2동,4128112300,화정동,4128112300109700003,1,대지,970,3,경기도 고양시 덕양구 화정동 970-3,412814376366,경기도 고양시 덕양구 화신로272번길,67,,4128112300109700003012915,,경기도 고양시 덕양구 화신로272번길 67,412827,10500,,1,,126.831557307753,37.6338387182189
MA0106202312A2289578,씨제이올리브영올리브영부평타운,,G2,소매,G221,기타 상품 소매,G22199,그 외 기타 상품 전문 소매업,G47859,그 외 기타 분류 안된 상품 전문 소매업,28,인천광역시,28237,부평구,28237550,부평5동,2823710100,부평동,2823710100102010030,1,대지,201,30,인천광역시 부평구 부평동 201-30,282374262409,인천광역시 부평구 부평문화로66번길,5,,2823710100102010030107561,,인천광역시 부평구 부평문화로66번길 5,403821,21394,,1,,126.723801742519,37.4937924510704
MA0106202311A2288174,씨제이올리브영영종하늘달빛로점,,G2,소매,G221,기타 상품 소매,G22199,그 외 기타 상품 전문 소매업,G47859,그 외 기타 분류 안된 상품 전문 소매업,28,인천광역시,28110,중구,28110622,영종1동,2811014500,중산동,2811014500118750001,1,대지,1875,1,인천광역시 중구 중산동 1875-1,281104247518,인천광역시 중구 하늘중앙로225번길,4,,2811014500118750001000001,타워,인천광역시 중구 하늘중앙로225번길 4,400320,22402,,1,,126.558016911688,37.4878194613019
MA0106202311A2288504,씨제이올리브영이마트월계점,,G2,소매,G221,기타 상품 소매,G22199,그 외 기타 상품 전문 소매업,G47859,그 외 기타 분류 안된 상품 전문 소매업,11,서울특별시,11350,노원구,11350580,월계3동,1135010200,월계동,1135010200103330001,1,대지,333,1,서울특별시 노원구 월계동 333-1,113504130262,서울특별시 노원구 마들로3길,15,,1135010200103330001018859,월계이마트,서울특별시 노원구 마들로3길 15,139842,01906,,1,,127.061987368585,37.6265095366332
MA0106202311A2287874,씨제이올리브영오목교지하철역점,,G2,소매,G221,기타 상품 소매,G22199,그 외 기타 상품 전문 소매업,G47859,그 외 기타 분류 안된 상품 전문 소매업,11,서울특별시,11470,양천구,11470510,목1동,1147010200,목동,1147010200104060030,1,대지,406,30,서울특별시 양천구 목동 406-30,114703114014,서울특별시 양천구 오목로,342,,1147010200104060030000002,,서울특별시 양천구 오목로 342,158806,08006,,B1,,126.875345916582,37.5244494304866
MA0106202311A2288482,씨제이올리브영홈플러스,김포점,G2,소매,G221,기타 상품 소매,G22199,그 외 기타 상품 전문 소매업,G47859,그 외 기타 분류 안된 상품 전문 소매업,41,경기도,41570,김포시,41570515,김포본동,4157010500,감정동,4157010500105260002,1,대지,526,2,경기도 김포시 감정동 526-2,415703209114,경기도 김포시 중봉로,14,,4157010500106920000020916,홈플러스김포점,경기도 김포시 중봉로 14,415010,10102,,1,,126.698615615926,37.6238524220339
MA0106202311A2288575,씨제이올리브영홍대,사거리점,G2,소매,G221,기타 상품 소매,G22199,그 외 기타 상품 전문 소매업,G47859,그 외 기타 분류 안된 상품 전문 소매업,11,서울특별시,11440,마포구,11440660,서교동,1144012100,동교동,1144012100101620015,1,대지,162,15,서울특별시 마포구 동교동 162-15,114403113014,서울특별시 마포구 양화로,140,,1144012100101620015000001,,서울특별시 마포구 양화로 140,121817,04050,,1,,126.922137090923,37.5551055210035
MA0106202311A2287843,씨제이올리브영미아사거리역점,,G2,소매,G221,기타 상품 소매,G22199,그 외 기타 상품 전문 소매업,G47859,그 외 기타 분류 안된 상품 전문 소매업,11,서울특별시,11305,강북구,11305555,송천동,1130510100,미아동,1130510100100610081,1,대지,61,81,서울특별시 강북구 미아동 61-81,113053005039,서울특별시 강북구 도봉로,53,,1130510100100610081025413,,서울특별시 강북구 도봉로 53,142805,01211,,1,,127.029606627491,37.6138271875341
MA0106202312A1072488,우래커뮤니케이션,독산점,G2,소매,G221,기타 상품 소매,G22199,그 외 기타 상품 전문 소매업,G47859,그 외 기타 분류 안된 상품 전문 소매업,11,서울특별시,11545,금천구,11545630,독산3동,1154510200,독산동,1154510200108890018,1,대지,889,18,서울특별시 금천구 독산동 889-18,115453117009,서울특별시 금천구 문성로,35,,1154510200108890018018058,코너점포,서울특별시 금천구 문성로 35,153819,08550,,1,,126.907566451541,37.4768608902302
MA0106202401A0771605,논다,,G2,소매,G221,기타 상품 소매,G22199,그 외 기타 상품 전문 소매업,G47859,그 외 기타 분류 안된 상품 전문 소매업,29,광주광역시,29170,북구,29170696,양산동,2917012900,연제동,2917012900110410000,1,대지,1041,,광주광역시 북구 연제동 1041,291703162094,광주광역시 북구 첨단연신로,88,,2917012900110410000000002,,광주광역시 북구 첨단연신로 88,500896,61089,,,,126.865043942603,35.2056000374187
MA0106202402A2025820,첫걸음이유식,,G2,소매,G221,기타 상품 소매,G22199,그 외 기타 상품 전문 소매업,G47859,그 외 기타 분류 안된 상품 전문 소매업,44,충청남도,44133,천안시 서북구,44133590,부성2동,4413310500,성성동,4413310500106920000,1,대지,692,,충청남도 천안시 서북구 성성동 692,441333351394,충청남도 천안시 서북구 성성9로,3,,4413310500106920000000001,,충청남도 천안시 서북구 성성9로 3,331300,31078,,1,,127.131213323424,36.8396502979671
MA0106202309A2208469,스마일24콘블리,,G2,소매,G221,기타 상품 소매,G22199,그 외 기타 상품 전문 소매업,G47859,그 외 기타 분류 안된 상품 전문 소매업,11,서울특별시,11740,강동구,11740560,고덕2동,1174010200,고덕동,1174010200106930000,1,대지,693,,서울특별시 강동구 고덕동 693,117404172100,서울특별시 강동구 동남로82길,120,,1174010200102170000018013,고덕그라시움아파트,서울특별시 강동구 동남로82길 120,134082,05224,,1,,127.163703868297,37.5600092292798
MA0106202311A2287575,씨제이올리브영부산자갈치역점,,G2,소매,G221,기타 상품 소매,G22199,그 외 기타 상품 전문 소매업,G47859,그 외 기타 분류 안된 상품 전문 소매업,26,부산광역시,26140,서구,26140640,충무동,2614012000,충무동1가,2614012000100070005,1,대지,7,5,부산광역시 서구 충무동1가 7-5,261403006005,부산광역시 서구 구덕로,102,1,2614012000100070006013376,,부산광역시 서구 구덕로 102-1,602011,49247,,1,,129.024391865556,35.0969126425252
MA0106202311A2288480,씨제이올리브영대구,동성로광장점,G2,소매,G221,기타 상품 소매,G22199,그 외 기타 상품 전문 소매업,G47859,그 외 기타 분류 안된 상품 전문 소매업,27,대구광역시,27110,중구,27110565,성내1동,2711010800,봉산동,2711010800100350001,1,대지,35,1,대구광역시 중구 봉산동 35-1,271104223083,대구광역시 중구 동성로1길,28,,2711010800100350001009094,,대구광역시 중구 동성로1길 28,700823,41943,,1,,128.595017772326,35.8662583885179
MA0106202311A2287824,씨제이올리브영올리브영건대타운,,G2,소매,G221,기타 상품 소매,G22199,그 외 기타 상품 전문 소매업,G47859,그 외 기타 분류 안된 상품 전문 소매업,11,서울특별시,11215,광진구,11215847,자양4동,1121510500,자양동,1121510500100010001,1,대지,1,1,서울특별시 광진구 자양동 1-1,112153000002,서울특별시 광진구 아차산로,244,,1121510500100010001014828,,서울특별시 광진구 아차산로 244,143841,05073,,2,,127.070198006877,37.539730279051
MA0106202311A2287558,씨제이올리브영전주서부,효자점,G2,소매,G221,기타 상품 소매,G22199,그 외 기타 상품 전문 소매업,G47859,그 외 기타 분류 안된 상품 전문 소매업,52,전북특별자치도,52111,전주시 완산구,52111730,효자5동,5211114100,효자동2가,5211114100112350012,1,대지,1235,12,전북특별자치도 전주시 완산구 효자동2가 1235-12,521114598136,전북특별자치도 전주시 완산구 바우배기2길,11,4,4511114100112350012000001,,전북특별자치도 전주시 완산구 바우배기2길 11-4,560800,54966,,1,,127.103295986369,35.8171587240546
MA0106202311A2288494,씨제이올리브영양주덕계점,,G2,소매,G221,기타 상품 소매,G22199,그 외 기타 상품 전문 소매업,G47859,그 외 기타 분류 안된 상품 전문 소매업,41,경기도,41630,양주시,41630540,회천2동,4163011600,덕계동,4163011600106940006,1,대지,694,6,경기도 양주시 덕계동 694-6,416303215066,경기도 양주시 평화로,1417,,4163011600106940006018500,,경기도 양주시 평화로 1417,482050,11442,,1,,127.045156272521,37.8174151419904
MA0106202403A1845300,오로시젤라또,종로점,G2,소매,G221,기타 상품 소매,G22199,그 외 기타 상품 전문 소매업,G47859,그 외 기타 분류 안된 상품 전문 소매업,11,서울특별시,11110,종로구,11110615,종로1.2.3.4가동,1111012200,청진동,1111012200101280000,1,대지,128,,서울특별시 종로구 청진동 128,111104100360,서울특별시 종로구 종로5길,7,,1111012200101490000015311,,서울특별시 종로구 종로5길 7,110130,03157,,1,,126.980552874098,37.5706177225218
MA0106202403A0078387,달달보드레,2호점,G2,소매,G221,기타 상품 소매,G22199,그 외 기타 상품 전문 소매업,G47859,그 외 기타 분류 안된 상품 전문 소매업,11,서울특별시,11500,강서구,11500615,우장산동,1150010600,내발산동,1150010600106660001,1,대지,666,1,서울특별시 강서구 내발산동 666-1,115004145065,서울특별시 강서구 강서로50길,10,,1150010600106660001008400,,서울특별시 강서구 강서로50길 10,157826,07652,,1,,126.837811929705,37.5551639607197
MA0106202403A2267931,24시무인먹구편의점송내역점,,G2,소매,G221,기타 상품 소매,G22199,그 외 기타 상품 전문 소매업,G47859,그 외 기타 분류 안된 상품 전문 소매업,41,경기도,41194,부천시 소사구,41194590,송내1동,4119410500,송내동,4119410500102960018,1,대지,296,18,경기도 부천시 소사구 송내동 296-18,411944355210,경기도 부천시 소사구 송내대로42번길,27,,4119710500102960018007501,일부호,경기도 부천시 소사구 송내대로42번길 27,422814,14720,,1,,126.754897294149,37.4873107481467
MA0106202404A1526782,무인생수247성주점,,G2,소매,G221,기타 상품 소매,G22199,그 외 기타 상품 전문 소매업,G47859,그 외 기타 분류 안된 상품 전문 소매업,47,경상북도,47840,성주군,47840250,성주읍,4784025028,성주읍,4784025028106520007,1,대지,652,7,경상북도 성주군 성주읍 예산리 652-7,478403321017,경상북도 성주군 성주읍 성주순환로,123,,4784025028106520007000001,,경상북도 성주군 성주읍 성주순환로 123,719801,40018,,1,,128.282357510261,35.9267144938743
MA0106202309A2006827,현대그린푸드현대스틸파이프매점,,G2,소매,G221,기타 상품 소매,G22199,그 외 기타 상품 전문 소매업,G47859,그 외 기타 분류 안된 상품 전문 소매업,31,울산광역시,31200,북구,31200590,염포동,3120012700,염포동,3120012700102650000,1,대지,265,,울산광역시 북구 염포동 265,312003169028,울산광역시 북구 염포로,706,,3120012700102650003001902,,울산광역시 북구 염포로 706,683711,44259,,,,129.394563024083,35.5278247511021
MA0106202404A0477117,제주소품샵시키애월점,,G2,소매,G221,기타 상품 소매,G22199,그 외 기타 상품 전문 소매업,G47859,그 외 기타 분류 안된 상품 전문 소매업,50,제주특별자치도,50110,제주시,50110253,애월읍,5011025326,애월읍,5011025326127150000,1,대지,2715,,제주특별자치도 제주시 애월읍 신엄리 2715,501103349131,제주특별자치도 제주시 애월읍 애월해안로,566,,5011025326127150000000001,,제주특별자치도 제주시 애월읍 애월해안로 566,695912,63047,,,,126.364066122069,33.4780239801307
MA0106202309A1607817,킹콩김포점,백화점,G2,소매,G221,기타 상품 소매,G22199,그 외 기타 상품 전문 소매업,G47859,그 외 기타 분류 안된 상품 전문 소매업,41,경기도,41570,김포시,41570515,김포본동,4157010500,감정동,4157010500106260009,1,대지,626,9,경기도 김포시 감정동 626-9,415703209003,경기도 김포시 감정로,84,,4157010500106260009048423,,경기도 김포시 감정로 84,415010,10104,,,,126.702429540621,37.616203732357
MA0106202311A0972021,선양팝업스토어,,G2,소매,G221,기타 상품 소매,G22199,그 외 기타 상품 전문 소매업,G47859,그 외 기타 분류 안된 상품 전문 소매업,11,서울특별시,11200,성동구,11200690,성수2가3동,1120011500,성수동2가,1120011500102710006,1,대지,271,6,서울특별시 성동구 성수동2가 271-6,112004109345,서울특별시 성동구 성수이로18길,20,,1120011500102710006028020,,서울특별시 성동구 성수이로18길 20,133831,04783,,,,127.059156370836,37.5419617959057
MA0106202311A1185925,올드장금씨댁반찬,2호점,G2,소매,G221,기타 상품 소매,G22199,그 외 기타 상품 전문 소매업,G47859,그 외 기타 분류 안된 상품 전문 소매업,41,경기도,41550,안성시,41550250,공도읍,4155025029,공도읍,4155025029108150005,1,대지,815,5,경기도 안성시 공도읍 만정리 815-5,415503208052,경기도 안성시 공도읍 공도2로,13,,4155025029108150005000001,,경기도 안성시 공도읍 공도2로 13,456823,17561,,,,127.169865506107,37.0000951150207
MA0106202309A2288500,씨제이올리브영진주,중앙점,G2,소매,G221,기타 상품 소매,G22199,그 외 기타 상품 전문 소매업,G47859,그 외 기타 분류 안된 상품 전문 소매업,48,경상남도,48170,진주시,48170565,중앙동,4817010900,대안동,4817010900100190012,1,대지,19,12,경상남도 진주시 대안동 19-12,481704797237,경상남도 진주시 진양호로527번길,12,,4817010900100190012205287,,경상남도 진주시 진양호로527번길 12,660140,52684,,1,,128.083027372036,35.1937204037428
MA0106202309A2289125,씨제이올리브영,수원역점,G2,소매,G221,기타 상품 소매,G22199,그 외 기타 상품 전문 소매업,G47859,그 외 기타 분류 안된 상품 전문 소매업,41,경기도,41115,수원시 팔달구,41115660,매산동,4111513400,매산로1가,4111513400100540006,1,대지,54,6,경기도 수원시 팔달구 매산로1가 54-6,411153176007,경기도 수원시 팔달구 매산로,7,1,4111513400100540006009403,,경기도 수원시 팔달구 매산로 7-1,442081,16455,,1,,127.002311184776,37.2673184522985
MA0106202309A2289041,씨제이올리브영대전,대흥점,G2,소매,G221,기타 상품 소매,G22199,그 외 기타 상품 전문 소매업,G47859,그 외 기타 분류 안된 상품 전문 소매업,30,대전광역시,30140,중구,30140575,대흥동,3014010500,대흥동,3014010500102060001,1,대지,206,1,대전광역시 중구 대흥동 206-1,301404295565,대전광역시 중구 중앙로130번길,14,,3014010500102060001012830,,대전광역시 중구 중앙로130번길 14,301802,34913,,2,,127.424446907412,36.3273887486298
MA0106202309A2288989,씨제이올리브영김해,내동점,G2,소매,G221,기타 상품 소매,G22199,그 외 기타 상품 전문 소매업,G47859,그 외 기타 분류 안된 상품 전문 소매업,48,경상남도,48250,김해시,48250540,내외동,4825010800,내동,4825010800111220003,1,대지,1122,3,경상남도 김해시 내동 1122-3,482503335013,경상남도 김해시 내외중앙로,83,,4825010800111220003000001,,경상남도 김해시 내외중앙로 83,621903,50948,,1,,128.866908864477,35.2374679267113
MA0106202309A2288806,씨제이올리브영모란,시장점,G2,소매,G221,기타 상품 소매,G22199,그 외 기타 상품 전문 소매업,G47859,그 외 기타 분류 안된 상품 전문 소매업,41,경기도,41133,성남시 중원구,41133510,성남동,4113310100,성남동,4113310100141800000,1,대지,4180,,경기도 성남시 중원구 성남동 4180,411332000005,경기도 성남시 중원구 성남대로,1129,,4113310100141800000017117,,경기도 성남시 중원구 성남대로 1129,462829,13376,,1,,127.128859388473,37.4305237421083
MA0106202309A2289289,씨제이올리브영이천,증포점,G2,소매,G221,기타 상품 소매,G22199,그 외 기타 상품 전문 소매업,G47859,그 외 기타 분류 안된 상품 전문 소매업,41,경기도,41500,이천시,41500515,증포동,4150010900,증포동,4150010900100500007,1,대지,50,7,경기도 이천시 증포동 50-7,415003207044,경기도 이천시 이섭대천로,1434,,4150010900100500007000001,,경기도 이천시 이섭대천로 1434,467110,17348,,1,,127.457264935812,37.2954666641893
MA0106202309A2289517,씨제이올리브영일산,주엽점,G2,소매,G221,기타 상품 소매,G22199,그 외 기타 상품 전문 소매업,G47859,그 외 기타 분류 안된 상품 전문 소매업,41,경기도,41287,고양시 일산서구,41287550,주엽1동,4128710200,주엽동,4128710200101050000,1,대지,105,,경기도 고양시 일산서구 주엽동 105,412873192094,경기도 고양시 일산서구 중앙로,1425,,4128710200101050000006350,주엽역삼부르네상스,경기도 고양시 일산서구 중앙로 1425,411848,10386,,,,126.761383585246,37.6694685912984
MA0106202309A2288562,씨제이올리브영부산오션점,명지,G2,소매,G221,기타 상품 소매,G22199,그 외 기타 상품 전문 소매업,G47859,그 외 기타 분류 안된 상품 전문 소매업,26,부산광역시,26440,강서구,26440545,명지2동,2644010400,명지동,2644010400132390001,1,대지,3239,1,부산광역시 강서구 명지동 3239-1,264403136045,부산광역시 강서구 명지오션시티4로,59,,2644010400132390001000001,스타빌딩,부산광역시 강서구 명지오션시티4로 59,618814,46764,,,,128.903942039914,35.0837695553766
MA0106202309A2288656,씨제이올리브영미아,사거리점,G2,소매,G221,기타 상품 소매,G22199,그 외 기타 상품 전문 소매업,G47859,그 외 기타 분류 안된 상품 전문 소매업,11,서울특별시,11305,강북구,11305545,송중동,1130510100,미아동,1130510100108600187,1,대지,860,187,서울특별시 강북구 미아동 860-187,113054124062,서울특별시 강북구 도봉로10길,6,,1130510100108600187027870,,서울특별시 강북구 도봉로10길 6,142804,01219,,1,,127.030806856464,37.612988960783
MA0106202309A2289526,씨제이올리브영2지구점,화성봉담,G2,소매,G221,기타 상품 소매,G22199,그 외 기타 상품 전문 소매업,G47859,그 외 기타 분류 안된 상품 전문 소매업,41,경기도,41590,화성시,41590253,봉담읍,4159025321,봉담읍,4159025321106900004,1,대지,690,4,경기도 화성시 봉담읍 상리 690-4,415904855207,경기도 화성시 봉담읍 상리3길,188,,4159025321106900004000001,,경기도 화성시 봉담읍 상리3길 188,445891,18309,,,,126.946771442775,37.2244528169357
MA0106202309A2289168,씨제이올리브영신천,중앙점,G2,소매,G221,기타 상품 소매,G22199,그 외 기타 상품 전문 소매업,G47859,그 외 기타 분류 안된 상품 전문 소매업,11,서울특별시,11710,송파구,11710650,잠실본동,1171010100,잠실동,1171010100101840000,1,대지,184,,서울특별시 송파구 잠실동 184,117103123023,서울특별시 송파구 올림픽로,114,,1171010100101840000000642,,서울특별시 송파구 올림픽로 114,138861,05558,,2,,127.083190041516,37.5113853293142
MA0106202309A2288736,씨제이올리브영거여역점,,G2,소매,G221,기타 상품 소매,G22199,그 외 기타 상품 전문 소매업,G47859,그 외 기타 분류 안된 상품 전문 소매업,11,서울특별시,11710,송파구,11710532,거여2동,1171011300,거여동,1171011300100370002,1,대지,37,2,서울특별시 송파구 거여동 37-2,117103123014,서울특별시 송파구 오금로,509,,1171011300100370002023116,,서울특별시 송파구 오금로 509,138814,05768,,1,,127.145408694676,37.4931878921732
MA0106202309A2289509,씨제이올리브영김포구래,로데오점,G2,소매,G221,기타 상품 소매,G22199,그 외 기타 상품 전문 소매업,G47859,그 외 기타 분류 안된 상품 전문 소매업,41,경기도,41570,김포시,41570570,구래동,4157010900,구래동,4157010900168790001,1,대지,6879,1,경기도 김포시 구래동 6879-1,415703209024,경기도 김포시 김포한강4로,525,,4157010900168790001000001,,경기도 김포시 김포한강4로 525,415080,10071,,1,,126.62543122556,37.6457168264476
MA0106202311A0283798,쉐프엠,불광역점,G2,소매,G221,기타 상품 소매,G22199,그 외 기타 상품 전문 소매업,G47859,그 외 기타 분류 안된 상품 전문 소매업,11,서울특별시,11380,은평구,11380570,대조동,1138010600,대조동,1138010600100140020,1,대지,14,20,서울특별시 은평구 대조동 14-20,113803111004,서울특별시 은평구 불광로,28,,1138010600100140020000001,,서울특별시 은평구 불광로 28,122837,03397,,1,,126.929180595053,37.6104759929893
MA0106202311A0284752,날아라슈퍼문구,계산점,G2,소매,G221,기타 상품 소매,G22199,그 외 기타 상품 전문 소매업,G47859,그 외 기타 분류 안된 상품 전문 소매업,28,인천광역시,28245,계양구,28245613,계산3동,2824510200,계산동,2824510200100180011,1,대지,18,11,인천광역시 계양구 계산동 18-11,282454265026,인천광역시 계양구 경명대로1114번길,31,,2824510200100180011032897,,인천광역시 계양구 경명대로1114번길 31,407800,21057,,1,,126.733177754366,37.5409723873295
MA0106202311A0417375,케이유씨통상,,G2,소매,G221,기타 상품 소매,G22199,그 외 기타 상품 전문 소매업,G47859,그 외 기타 분류 안된 상품 전문 소매업,11,서울특별시,11500,강서구,11500593,화곡8동,1150010300,화곡동,1150010300108880014,1,대지,888,14,서울특별시 강서구 화곡동 888-14,115004145228,서울특별시 강서구 국회대로7길,207,,1150010300108880014012028,1~5층,서울특별시 강서구 국회대로7길 207,157908,07787,,,,126.849363796937,37.5285727657613
MA0106202311A0953562,커피몰신당점,,G2,소매,G221,기타 상품 소매,G22199,그 외 기타 상품 전문 소매업,G47859,그 외 기타 분류 안된 상품 전문 소매업,44,충청남도,44133,천안시 서북구,44133580,부성1동,4413311000,신당동,4413311000104790001,1,대지,479,1,충청남도 천안시 서북구 신당동 479-1,441334550498,충청남도 천안시 서북구 업성3길,192,,4413311000104790001034195,,충청남도 천안시 서북구 업성3길 192,331280,31080,,,,127.149858749331,36.8634354280801
MA0106202310A1605871,킹콩백화점,천안점,G2,소매,G221,기타 상품 소매,G22199,그 외 기타 상품 전문 소매업,G47859,그 외 기타 분류 안된 상품 전문 소매업,44,충청남도,44133,천안시 서북구,44133256,직산읍,4413325626,직산읍,4413325626101970000,1,대지,197,,충청남도 천안시 서북구 직산읍 삼은리 197,441332249005,충청남도 천안시 서북구 직산읍 천안대로,1554,,4413325626101970000000001,,충청남도 천안시 서북구 직산읍 천안대로 1554,331816,31037,,1,,127.14653623606,36.8794611484445
MA0106202311A1384022,창의와탐구서점분당영재,,G2,소매,G221,기타 상품 소매,G22199,그 외 기타 상품 전문 소매업,G47859,그 외 기타 분류 안된 상품 전문 소매업,11,서울특별시,11650,서초구,11650620,방배3동,1165010100,방배동,1165010100104890004,1,대지,489,4,서울특별시 서초구 방배동 489-4,116502000003,서울특별시 서초구 남부순환로,2219,,1165010100104890004000001,,서울특별시 서초구 남부순환로 2219,137822,06702,,5,,126.99493534871,37.4738785533648
MA0106202311A0296537,이원다이애그노믹스,,G2,소매,G221,기타 상품 소매,G22199,그 외 기타 상품 전문 소매업,G47859,그 외 기타 분류 안된 상품 전문 소매업,28,인천광역시,28185,연수구,28185820,송도1동,2818510600,송도동,2818510600100070030,1,대지,7,30,인천광역시 연수구 송도동 7-30,281853152001,인천광역시 연수구 갯벌로,143,,2818510600100070030000001,,인천광역시 연수구 갯벌로 143,406081,21999,,,,126.65041133718,37.3848280266999
MA0106202310A2286800,씨제이올리브영,종로점,G2,소매,G221,기타 상품 소매,G22199,그 외 기타 상품 전문 소매업,G47859,그 외 기타 분류 안된 상품 전문 소매업,11,서울특별시,11110,종로구,11110615,종로1.2.3.4가동,1111013800,종로2가,1111013800100750009,1,대지,75,9,서울특별시 종로구 종로2가 75-9,111103100013,서울특별시 종로구 종로,78,,1111013800100750009000002,,서울특별시 종로구 종로 78,110773,03190,,,,126.986043032776,37.5698796830381
MA0106202401A2265853,24시무인먹구편의점대화포레나점,,G2,소매,G221,기타 상품 소매,G22199,그 외 기타 상품 전문 소매업,G47859,그 외 기타 분류 안된 상품 전문 소매업,41,경기도,41287,고양시 일산서구,41287570,대화동,4128710400,대화동,4128710400121760006,1,대지,2176,6,경기도 고양시 일산서구 대화동 2176-6,412874382004,경기도 고양시 일산서구 강성로214번길,9,,4128710400121760006002319,,경기도 고양시 일산서구 강성로214번길 9,411804,10377,,,,126.753271434711,37.6752812262939
MA0106202401A2265852,24시무인먹구편의점부천,상동점,G2,소매,G221,기타 상품 소매,G22199,그 외 기타 상품 전문 소매업,G47859,그 외 기타 분류 안된 상품 전문 소매업,41,경기도,41192,부천시 원미구,41192670,상동,4119210900,상동,4119210900104420001,1,대지,442,1,경기도 부천시 원미구 상동 442-1,411923184006,경기도 부천시 원미구 상일로,140,,4119510900104420001035396,,경기도 부천시 원미구 상일로 140,420816,14622,,1,,126.75780305437,37.4908576929811
MA0106202401A0619686,특수전사령부영외식당,,G2,소매,G221,기타 상품 소매,G22199,그 외 기타 상품 전문 소매업,G47859,그 외 기타 분류 안된 상품 전문 소매업,11,서울특별시,11710,송파구,11710531,거여1동,1171011300,거여동,1171011300100170000,1,대지,17,,서울특별시 송파구 거여동 17,117104169046,서울특별시 송파구 거마로3길,21,,1171011300100170000023682,,서울특별시 송파구 거마로3길 21,138813,05744,,,,127.142494372047,37.4948312747133
MA0106202309A1130725,달담초콜릿,,G2,소매,G221,기타 상품 소매,G22199,그 외 기타 상품 전문 소매업,G47859,그 외 기타 분류 안된 상품 전문 소매업,31,울산광역시,31140,남구,31140520,신정2동,3114010400,신정동,3114010400116370054,1,대지,1637,54,울산광역시 남구 신정동 1637-54,311404310272,울산광역시 남구 문수로441번길,7,,3114010400116370054037980,,울산광역시 남구 문수로441번길 7,680833,44655,,1,,129.301597457342,35.5339517058213
MA0106202309A0718968,리버스,,G2,소매,G221,기타 상품 소매,G22199,그 외 기타 상품 전문 소매업,G47859,그 외 기타 분류 안된 상품 전문 소매업,51,강원특별자치도,51110,춘천시,51110570,근화동,5111011700,근화동,5111011700107500006,1,대지,750,6,강원특별자치도 춘천시 근화동 750-6,511104454627,강원특별자치도 춘천시 중앙로190번길,23,,4211011700107500006026770,,강원특별자치도 춘천시 중앙로190번길 23,200931,24246,,,,127.713668666016,37.8760930301704
MA0106202309A1768122,더솝스토리,,G2,소매,G221,기타 상품 소매,G22199,그 외 기타 상품 전문 소매업,G47859,그 외 기타 분류 안된 상품 전문 소매업,26,부산광역시,26230,부산진구,26230550,초읍동,2623010700,초읍동,2623010700102170033,1,대지,217,33,부산광역시 부산진구 초읍동 217-33,262303129029,부산광역시 부산진구 성지로,85,1,2623010700102170033008424,,부산광역시 부산진구 성지로 85-1,614873,47126,,1,,129.05330607429,35.178134963248
MA0106202311A0080813,아롬상사,,G2,소매,G221,기타 상품 소매,G22199,그 외 기타 상품 전문 소매업,G47859,그 외 기타 분류 안된 상품 전문 소매업,11,서울특별시,11410,서대문구,11410720,북가좌2동,1141011900,북가좌동,1141011900102790024,1,대지,279,24,서울특별시 서대문구 북가좌동 279-24,114103112010,서울특별시 서대문구 증가로,226,1,1141011900102790024000979,,서울특별시 서대문구 증가로 226-1,120812,03667,,4,,126.914195575157,37.5819046296512
MA0106202311A0473284,웰빙문화센터,,G2,소매,G221,기타 상품 소매,G22199,그 외 기타 상품 전문 소매업,G47859,그 외 기타 분류 안된 상품 전문 소매업,28,인천광역시,28140,동구,28140630,송림6동,2814010700,송림동,2814010700100600005,1,대지,60,5,인천광역시 동구 송림동 60-5,281403150037,인천광역시 동구 송림로,96,,2814010700100600005012435,,인천광역시 동구 송림로 96,401076,22558,,,,126.64533040511,37.4757700817991
MA0106202311A1546982,금오자판기,,G2,소매,G221,기타 상품 소매,G22199,그 외 기타 상품 전문 소매업,G47859,그 외 기타 분류 안된 상품 전문 소매업,47,경상북도,47190,구미시,47190555,지산동,4719010200,지산동,4719010200108640007,1,대지,864,7,경상북도 구미시 지산동 864-7,471904724835,경상북도 구미시 지산15길,29,1,4719010200108640007051033,,경상북도 구미시 지산15길 29-1,730160,39191,,1,,128.347035046735,36.1452291408092
MA0106202311A0426736,위드석봉협동조합,,G2,소매,G221,기타 상품 소매,G22199,그 외 기타 상품 전문 소매업,G47859,그 외 기타 분류 안된 상품 전문 소매업,46,전라남도,46830,영암군,46830250,영암읍,4683025024,영암읍,4683025024100360007,1,대지,36,7,전라남도 영암군 영암읍 동무리 36-7,468303295019,전라남도 영암군 영암읍 낭주로,135,,4683025024100360007018262,,전라남도 영암군 영암읍 낭주로 135,526804,58416,,,,126.701735937977,34.8003274044431
MA0106202311A1431202,베이프썬,,G2,소매,G221,기타 상품 소매,G22199,그 외 기타 상품 전문 소매업,G47859,그 외 기타 분류 안된 상품 전문 소매업,26,부산광역시,26110,중구,26110510,중앙동,2611010500,중앙동2가,2611010500100490036,1,대지,49,36,부산광역시 중구 중앙동2가 49-36,261103125010,부산광역시 중구 대청로,142,,2611010500100490036001950,,부산광역시 중구 대청로 142,600012,48956,,1,,129.035347491349,35.1027129522315
MA0106202309A1667915,다온아웃렛,,G2,소매,G221,기타 상품 소매,G22199,그 외 기타 상품 전문 소매업,G47859,그 외 기타 분류 안된 상품 전문 소매업,48,경상남도,48170,진주시,48170695,초장동,4817012200,초전동,4817012200117050011,1,대지,1705,11,경상남도 진주시 초전동 1705-11,481704838075,경상남도 진주시 초북로20번길,5,12,4817012200117050011000001,,경상남도 진주시 초북로20번길 5-12,660360,52731,,3,,128.112569189655,35.2127312927682
MA0106202404A1239368,드림멀티샵,,G2,소매,G221,기타 상품 소매,G22199,그 외 기타 상품 전문 소매업,G47859,그 외 기타 분류 안된 상품 전문 소매업,41,경기도,41111,수원시 장안구,41111566,율천동,4111113200,율전동,4111113200102850002,1,대지,285,2,경기도 수원시 장안구 율전동 285-2,411113012005,경기도 수원시 장안구 서부로,2139,,4111113200102850002044866,제,경기도 수원시 장안구 서부로 2139,440825,16360,,4,,126.971667489821,37.2994461420423
MA0106202404A1868671,오쿠키,,G2,소매,G221,기타 상품 소매,G22199,그 외 기타 상품 전문 소매업,G47859,그 외 기타 분류 안된 상품 전문 소매업,48,경상남도,48250,김해시,48250250,진영읍,4825025026,진영읍,4825025026117110002,1,대지,1711,2,경상남도 김해시 진영읍 진영리 1711-2,482504853131,경상남도 김해시 진영읍 장등1로32번길,4,20,4825025026117110002000001,,경상남도 김해시 진영읍 장등1로32번길 4-20,621807,50858,,1,,128.737414939474,35.3136197304236
MA0106202404A1641531,무향퍼품스튜디오,,G2,소매,G221,기타 상품 소매,G22199,그 외 기타 상품 전문 소매업,G47859,그 외 기타 분류 안된 상품 전문 소매업,30,대전광역시,30200,유성구,30200570,전민동,3020014000,문지동,3020014000106330005,1,대지,633,5,대전광역시 유성구 문지동 633-5,302004301274,대전광역시 유성구 엑스포로446번길,28,,3020014000106330005000001,,대전광역시 유성구 엑스포로446번길 28,305812,34050,,,,127.406493928411,36.3959402565265
MA0106202404A0042202,하나불교용품,,G2,소매,G221,기타 상품 소매,G22199,그 외 기타 상품 전문 소매업,G47859,그 외 기타 분류 안된 상품 전문 소매업,11,서울특별시,11380,은평구,11380560,구산동,1138010500,구산동,1138010500100160085,1,대지,16,85,서울특별시 은평구 구산동 16-85,113803111001,서울특별시 은평구 갈현로,132,,1138010500100160085029640,우측호,서울특별시 은평구 갈현로 132,122819,03414,,1,,126.911264250909,37.6097521001238
MA0106202404A0730273,상동찹쌀꿀호떡,,G2,소매,G221,기타 상품 소매,G22199,그 외 기타 상품 전문 소매업,G47859,그 외 기타 분류 안된 상품 전문 소매업,41,경기도,41192,부천시 원미구,41192670,상동,4119210900,상동,4119210900103240021,1,대지,324,21,경기도 부천시 원미구 상동 324-21,411924352060,경기도 부천시 원미구 부일로298번길,16,,4119510900103240021028764,,경기도 부천시 원미구 부일로298번길 16,420811,14625,,1,,126.762856076698,37.4877414539393
MA0106202404A0943271,식탁정원,,G2,소매,G221,기타 상품 소매,G22199,그 외 기타 상품 전문 소매업,G47859,그 외 기타 분류 안된 상품 전문 소매업,44,충청남도,44133,천안시 서북구,44133567,불당2동,4413310800,불당동,4413310800118280000,1,대지,1828,,충청남도 천안시 서북구 불당동 1828,441334853680,충청남도 천안시 서북구 불당34길,3,11,4413310800118280000000001,,충청남도 천안시 서북구 불당34길 3-11,331230,31156,,1,,127.105101776465,36.8060018090479
MA0106202404A1108773,텀블러스토리,,G2,소매,G221,기타 상품 소매,G22199,그 외 기타 상품 전문 소매업,G47859,그 외 기타 분류 안된 상품 전문 소매업,41,경기도,41113,수원시 권선구,41113662,금곡동,4111313400,금곡동,4111313400111240000,1,대지,1124,,경기도 수원시 권선구 금곡동 1124,411134331207,경기도 수원시 권선구 금곡로212번길,25,,4111313400111240000000001,광일프라자,경기도 수원시 권선구 금곡로212번길 25,441460,16393,,,,126.954483052125,37.2731664925213
MA0106202404A1018347,농부심,효자점,G2,소매,G221,기타 상품 소매,G22199,그 외 기타 상품 전문 소매업,G47859,그 외 기타 분류 안된 상품 전문 소매업,52,전북특별자치도,52111,전주시 완산구,52111703,삼천3동,5211113900,삼천동3가,5211113900105770002,1,대지,577,2,전북특별자치도 전주시 완산구 삼천동3가 577-2,521114598416,전북특별자치도 전주시 완산구 호동길,49,15,4511113900105770002000001,,전북특별자치도 전주시 완산구 호동길 49-15,560293,55075,,1,,127.082753425756,35.7909208312335
MA0106202404A1882402,제이투,,G2,소매,G221,기타 상품 소매,G22199,그 외 기타 상품 전문 소매업,G47859,그 외 기타 분류 안된 상품 전문 소매업,50,제주특별자치도,50110,제주시,50110650,연동,5011013700,연동,5011013700102520013,1,대지,252,13,제주특별자치도 제주시 연동 252-13,501104848254,제주특별자치도 제주시 연동1길,35,,5011013700102520013009165,,제주특별자치도 제주시 연동1길 35,690813,63131,,,,126.486728011187,33.4868512353655
MA0106202404A2169986,마레스비,,G2,소매,G221,기타 상품 소매,G22199,그 외 기타 상품 전문 소매업,G47859,그 외 기타 분류 안된 상품 전문 소매업,30,대전광역시,30170,서구,30170630,둔산1동,3017011200,둔산동,3017011200113800001,1,대지,1380,1,대전광역시 서구 둔산동 1380-1,301703166020,대전광역시 서구 둔산북로,121,,3017011200113800001020666,,대전광역시 서구 둔산북로 121,302831,35236,,,,127.387871354845,36.3563056087698
MA0106202404A0190292,디에스상사,,G2,소매,G221,기타 상품 소매,G22199,그 외 기타 상품 전문 소매업,G47859,그 외 기타 분류 안된 상품 전문 소매업,41,경기도,41590,화성시,41590360,팔탄면,4159036029,팔탄면,4159036029104990004,1,대지,499,4,경기도 화성시 팔탄면 지월리 499-4,415904430700,경기도 화성시 팔탄면 서해로987번길,7,,4159036029104990004008973,,경기도 화성시 팔탄면 서해로987번길 7,445917,18530,,2,,126.891272416064,37.1498526986251
MA0106202404A1895427,제이바이오테크,,G2,소매,G221,기타 상품 소매,G22199,그 외 기타 상품 전문 소매업,G47859,그 외 기타 분류 안된 상품 전문 소매업,30,대전광역시,30170,서구,30170650,만년동,3017012800,만년동,3017012800102660000,1,대지,266,,대전광역시 서구 만년동 266,301703166024,대전광역시 서구 만년남로,9,,3017012800102660000018434,,대전광역시 서구 만년남로 9,302834,35200,,,,127.376398441598,36.3660839851262
MA0106202311A1736864,해청원,,G2,소매,G221,기타 상품 소매,G22199,그 외 기타 상품 전문 소매업,G47859,그 외 기타 분류 안된 상품 전문 소매업,26,부산광역시,26290,남구,26290510,대연1동,2629010600,대연동,2629010600103740007,1,대지,374,7,부산광역시 남구 대연동 374-7,262904193149,부산광역시 남구 수영로266번길,12,1,2629010600103740007028782,,부산광역시 남구 수영로266번길 12-1,608809,48497,,1,,129.096013881448,35.1349947766288
MA0106202311A0060265,정인통상,,G2,소매,G221,기타 상품 소매,G22199,그 외 기타 상품 전문 소매업,G47859,그 외 기타 분류 안된 상품 전문 소매업,11,서울특별시,11650,서초구,11650530,서초3동,1165010800,서초동,1165010800115950001,1,대지,1595,1,서울특별시 서초구 서초동 1595-1,116504163646,서울특별시 서초구 효령로53길,50,,1165010800115950001020653,,서울특별시 서초구 효령로53길 50,137876,06651,,112,,127.013511863719,37.4869785618425
MA0106202311A0497951,지나타로,,G2,소매,G221,기타 상품 소매,G22199,그 외 기타 상품 전문 소매업,G47859,그 외 기타 분류 안된 상품 전문 소매업,48,경상남도,48170,진주시,48170740,가호동,4817013100,가좌동,4817013100120680001,1,대지,2068,1,경상남도 진주시 가좌동 2068-1,481703332004,경상남도 진주시 개양로,112,,4817013100120680001000001,,경상남도 진주시 개양로 112,660300,52860,,,,128.1182287907,35.1545093783895
MA0106202311A1927860,서라벌양초,,G2,소매,G221,기타 상품 소매,G22199,그 외 기타 상품 전문 소매업,G47859,그 외 기타 분류 안된 상품 전문 소매업,48,경상남도,48330,양산시,48330570,덕계동,4833012000,덕계동,4833012000102510004,1,대지,251,4,경상남도 양산시 덕계동 251-4,483304814183,경상남도 양산시 덕계북1길,20,,4833012000102510004025763,,경상남도 양산시 덕계북1길 20,626841,50537,,,,129.158594520813,35.3813370657131
MA0106202311A1493402,에이치스튜디오캔들,,G2,소매,G221,기타 상품 소매,G22199,그 외 기타 상품 전문 소매업,G47859,그 외 기타 분류 안된 상품 전문 소매업,52,전북특별자치도,52111,전주시 완산구,52111714,효자4동,5211114200,효자동3가,5211114200117360004,1,대지,1736,4,전북특별자치도 전주시 완산구 효자동3가 1736-4,521114598151,전북특별자치도 전주시 완산구 봉곡1길,14,4,4511114200117360004000001,,전북특별자치도 전주시 완산구 봉곡1길 14-4,560903,55060,,1,,127.098233797627,35.8128729641908
MA0106202311A0061150,데이빗앤케이트,,G2,소매,G221,기타 상품 소매,G22199,그 외 기타 상품 전문 소매업,G47859,그 외 기타 분류 안된 상품 전문 소매업,41,경기도,41450,하남시,41450620,미사2동,4145010900,망월동,4145010900108360000,1,대지,836,,경기도 하남시 망월동 836,414503202055,경기도 하남시 미사강변한강로,165,,4145010900108360000000001,,경기도 하남시 미사강변한강로 165,465150,12902,,7,,127.193735330644,37.5749653282963
MA0106202311A2022492,액자와향기,,G2,소매,G221,기타 상품 소매,G22199,그 외 기타 상품 전문 소매업,G47859,그 외 기타 분류 안된 상품 전문 소매업,41,경기도,41194,부천시 소사구,41194520,심곡본동,4119410200,심곡본동,4119410200105450014,1,대지,545,14,경기도 부천시 소사구 심곡본동 545-14,411943000028,경기도 부천시 소사구 경인로,225,1,4119710200105450014019504,동쪽현,경기도 부천시 소사구 경인로 225-1,422821,14709,,1,,126.780564381034,37.4833967791966
MA0106202311A1615123,슬로우인,,G2,소매,G221,기타 상품 소매,G22199,그 외 기타 상품 전문 소매업,G47859,그 외 기타 분류 안된 상품 전문 소매업,26,부산광역시,26230,부산진구,26230770,범천1동,2623010400,범천동,2623010400108780002,1,대지,878,2,부산광역시 부산진구 범천동 878-2,262303127051,부산광역시 부산진구 범일로,175,,2623010400108780009040060,동쪽,부산광역시 부산진구 범일로 175,614826,47358,,2,,129.05888542909,35.1456344356776
MA0106202311A2043228,우즈커피컴퍼니,,G2,소매,G221,기타 상품 소매,G22199,그 외 기타 상품 전문 소매업,G47859,그 외 기타 분류 안된 상품 전문 소매업,26,부산광역시,26500,수영구,26500790,광안4동,2650010400,광안동,2650010400112650002,1,대지,1265,2,부산광역시 수영구 광안동 1265-2,265004214260,부산광역시 수영구 수영로521번길,30,,2650010400112650002012114,명진빌딩,부산광역시 수영구 수영로521번길 30,613806,48264,,1,,129.110072959826,35.1526746568907
MA0106202312A0868640,마이컵오브티MyCupOfTea,,G2,소매,G221,기타 상품 소매,G22199,그 외 기타 상품 전문 소매업,G47859,그 외 기타 분류 안된 상품 전문 소매업,41,경기도,41220,평택시,41220590,신평동,4122011300,평택동,4122011300100330002,1,대지,33,2,경기도 평택시 평택동 33-2,412203188118,경기도 평택시 평택2로,33,,4122011300100330002015018,,경기도 평택시 평택2로 33,450826,17910,,1,,127.089722715775,36.9939742903718
MA0106202312A2142858,밥줄남한산성입구역점,,G2,소매,G221,기타 상품 소매,G22199,그 외 기타 상품 전문 소매업,G47859,그 외 기타 분류 안된 상품 전문 소매업,41,경기도,41131,성남시 수정구,41131590,단대동,4113110400,단대동,4113110400100950005,1,대지,95,5,경기도 성남시 수정구 단대동 95-5,411312179002,경기도 성남시 수정구 산성대로,445,,4113110400100950005049703,점포,경기도 성남시 수정구 산성대로 445,461801,13144,,,,127.159455241973,37.4516062033114
MA0106202311A1749130,송월타월물금점,,G2,소매,G221,기타 상품 소매,G22199,그 외 기타 상품 전문 소매업,G47859,그 외 기타 분류 안된 상품 전문 소매업,48,경상남도,48330,양산시,48330253,물금읍,4833025321,물금읍,4833025321108850004,1,대지,885,4,경상남도 양산시 물금읍 물금리 885-4,483304814901,경상남도 양산시 물금읍 버들길,38,10,4833025321108850004000001,,경상남도 양산시 물금읍 버들길 38-10,626812,50657,,1,,128.98892986461,35.3066342359468
MA0106202311A2061162,미사유통,,G2,소매,G221,기타 상품 소매,G22199,그 외 기타 상품 전문 소매업,G47859,그 외 기타 분류 안된 상품 전문 소매업,41,경기도,41450,하남시,41450620,미사2동,4145010900,망월동,4145010900108360000,1,대지,836,,경기도 하남시 망월동 836,414503202055,경기도 하남시 미사강변한강로,165,,4145010900108360000000001,에이에이비,경기도 하남시 미사강변한강로 165,465150,12902,,1,,127.193735330644,37.5749653282963
MA0106202311A1043428,미사유통,,G2,소매,G221,기타 상품 소매,G22199,그 외 기타 상품 전문 소매업,G47859,그 외 기타 분류 안된 상품 전문 소매업,41,경기도,41450,하남시,41450620,미사2동,4145010900,망월동,4145010900108360000,1,대지,836,,경기도 하남시 망월동 836,414503202055,경기도 하남시 미사강변한강로,165,,4145010900108360000000001,,경기도 하남시 미사강변한강로 165,465150,12902,,1,,127.193735330644,37.5749653282963
MA0106202309A1416952,서월,,G2,소매,G221,기타 상품 소매,G22199,그 외 기타 상품 전문 소매업,G47859,그 외 기타 분류 안된 상품 전문 소매업,41,경기도,41171,안양시 만안구,41171590,석수1동,4117110200,석수동,4117110200106800088,1,대지,680,88,경기도 안양시 만안구 석수동 680-88,411714346118,경기도 안양시 만안구 삼막로24번길,83,,4117110200106800088002794,,경기도 안양시 만안구 삼막로24번길 83,430808,13910,,,,126.913584970812,37.4242552719219
MA0106202311A0474702,예닮아로마라이프,성모점,G2,소매,G221,기타 상품 소매,G22199,그 외 기타 상품 전문 소매업,G47859,그 외 기타 분류 안된 상품 전문 소매업,43,충청북도,43114,청주시 청원구,43114550,오근장동,4311410600,주중동,4311410600109040000,1,대지,904,,충청북도 청주시 청원구 주중동 904,431143349124,충청북도 청주시 청원구 율량로,12,,4311113200105890119000004,,충청북도 청주시 청원구 율량로 12,363568,28325,,,,127.48817705244,36.6729612294672
MA0106202310A0910958,연세우유,,G2,소매,G221,기타 상품 소매,G22199,그 외 기타 상품 전문 소매업,G47859,그 외 기타 분류 안된 상품 전문 소매업,36,세종특별자치시,36110,세종특별자치시,36110250,조치원읍,3611025022,조치원읍,3611025022100150000,1,대지,15,,세종특별자치시 세종특별자치시 조치원읍 상리 15,361104574474,세종특별자치시 세종특별자치시 조치원읍 조치원9길,18,,4473025022100150000038143,,세종특별자치시 세종특별자치시 조치원읍 조치원9길 18,339881,30025,,,,127.302853426666,36.6030810280124
MA0106202404A1316549,티제이알,,G2,소매,G221,기타 상품 소매,G22199,그 외 기타 상품 전문 소매업,G47859,그 외 기타 분류 안된 상품 전문 소매업,41,경기도,41410,군포시,41410620,광정동,4141010400,산본동,4141010400111400002,1,대지,1140,2,경기도 군포시 산본동 1140-2,414104400232,경기도 군포시 산본로323번길,24,,4141010400111400002005266,산수빌딩,경기도 군포시 산본로323번길 24,435805,15865,,,,126.931381939622,37.3586725007731
MA0106202404A0822075,프레쉬반찬,,G2,소매,G221,기타 상품 소매,G22199,그 외 기타 상품 전문 소매업,G47859,그 외 기타 분류 안된 상품 전문 소매업,28,인천광역시,28260,서구,28260580,가좌1동,2826011200,가좌동,2826011200101440002,1,대지,144,2,인천광역시 서구 가좌동 144-2,282604268022,인천광역시 서구 가정로126번길,6,,2826011200101440002019237,,인천광역시 서구 가정로126번길 6,404810,22834,,1,,126.672217700397,37.4956968569269
MA0106202404A0502670,관우식품,,G2,소매,G221,기타 상품 소매,G22199,그 외 기타 상품 전문 소매업,G47859,그 외 기타 분류 안된 상품 전문 소매업,28,인천광역시,28177,미추홀구,28177650,주안4동,2817710500,주안동,2817710500114720011,1,대지,1472,11,인천광역시 미추홀구 주안동 1472-11,281774253266,인천광역시 미추홀구 미추홀대로614번길,29,,2817010600114720011013728,우측상가,인천광역시 미추홀구 미추홀대로614번길 29,402859,22151,,,,126.681528796987,37.4520325210564
MA0106202404A0888116,제일테크,,G2,소매,G221,기타 상품 소매,G22199,그 외 기타 상품 전문 소매업,G47859,그 외 기타 분류 안된 상품 전문 소매업,30,대전광역시,30200,유성구,30200600,관평동,3020014600,관평동,3020014600113590000,1,대지,1359,,대전광역시 유성구 관평동 1359,302003167073,대전광역시 유성구 테크노3로,65,,3020014600113590000000197,,대전광역시 유성구 테크노3로 65,305509,34016,,,,127.390776868893,36.4293268166694
MA0106202404A2076903,그쉬공방,,G2,소매,G221,기타 상품 소매,G22199,그 외 기타 상품 전문 소매업,G47859,그 외 기타 분류 안된 상품 전문 소매업,46,전라남도,46110,목포시,46110790,옥암동,4611016400,옥암동,4611016400109600004,1,대지,960,4,전라남도 목포시 옥암동 960-4,461103281056,전라남도 목포시 옥암로,108,,4611016400109600004000175,바다빌딩,전라남도 목포시 옥암로 108,530831,58663,,4,,126.425948499616,34.8088397697924
MA0106202311A2192626,가나메디칼,,G2,소매,G221,기타 상품 소매,G22199,그 외 기타 상품 전문 소매업,G47859,그 외 기타 분류 안된 상품 전문 소매업,41,경기도,41430,의왕시,41430560,청계동,4143010800,청계동,4143010800109940002,1,대지,994,2,경기도 의왕시 청계동 994-2,414304403205,경기도 의왕시 한직골길,19,,4143010800108320000000002,,경기도 의왕시 한직골길 19,437110,16010,,,,126.998882056754,37.3895885573816
MA0106202311A2369882,계절곤면,,G2,소매,G221,기타 상품 소매,G22199,그 외 기타 상품 전문 소매업,G47859,그 외 기타 분류 안된 상품 전문 소매업,11,서울특별시,11710,송파구,11710642,문정2동,1171010800,문정동,1171010800106450000,1,대지,645,,서울특별시 송파구 문정동 645,117104853405,서울특별시 송파구 법원로11길,25,,1171010800103790007000001,,서울특별시 송파구 법원로11길 25,138888,05836,,1,,127.116232783919,37.4849489526213
MA0106202311A2405008,벌룬어베러데이,,G2,소매,G221,기타 상품 소매,G22199,그 외 기타 상품 전문 소매업,G47859,그 외 기타 분류 안된 상품 전문 소매업,31,울산광역시,31140,남구,31140560,달동,3114010500,달동,3114010500106210001,1,대지,621,1,울산광역시 남구 달동 621-1,311404310616,울산광역시 남구 신정로78번길,8,,3114010500106210001009818,,울산광역시 남구 신정로78번길 8,680801,44694,,,,129.321725186398,35.5388819712372
MA0106202311A1664744,오키드컴퍼니,,G2,소매,G221,기타 상품 소매,G22199,그 외 기타 상품 전문 소매업,G47859,그 외 기타 분류 안된 상품 전문 소매업,47,경상북도,47290,경산시,47290253,진량읍,4729025329,진량읍,4729025329100150000,1,대지,15,,경상북도 경산시 진량읍 내리리 15,472903313025,경상북도 경산시 진량읍 대구대로,201,,4729025329100150000016704,대구대학교,경상북도 경산시 진량읍 대구대로 201,712714,38453,,2,,128.842814536513,35.904541297101
MA0106202311A0674681,곡간,,G2,소매,G221,기타 상품 소매,G22199,그 외 기타 상품 전문 소매업,G47859,그 외 기타 분류 안된 상품 전문 소매업,50,제주특별자치도,50110,제주시,50110530,이도1동,5011010300,이도일동,5011010300113620001,1,대지,1362,1,제주특별자치도 제주시 이도일동 1362-1,501104848759,제주특별자치도 제주시 중앙로11길,1,,5011010300113620001038575,,제주특별자치도 제주시 중앙로11길 1,690829,63192,,2,,126.525064898023,33.512564225675
MA0106202311A1004617,보너워킹화,,G2,소매,G221,기타 상품 소매,G22199,그 외 기타 상품 전문 소매업,G47859,그 외 기타 분류 안된 상품 전문 소매업,26,부산광역시,26140,서구,26140510,동대신1동,2614010100,동대신동1가,2614010100102220005,1,대지,222,5,부산광역시 서구 동대신동1가 222-5,261403006005,부산광역시 서구 구덕로,278,,2614010100102220005000812,,부산광역시 서구 구덕로 278,602808,49221,,,,129.018825525165,35.1090722511386
MA0106202311A2383377,커피에반하다회룡점아이스크림스토리,,G2,소매,G221,기타 상품 소매,G22199,그 외 기타 상품 전문 소매업,G47859,그 외 기타 분류 안된 상품 전문 소매업,41,경기도,41150,의정부시,41150555,호원2동,4115010200,호원동,4115010200104210000,1,대지,421,,경기도 의정부시 호원동 421,411503181055,경기도 의정부시 회룡로,151,,4115010200104210000002394,신도4차,경기도 의정부시 회룡로 151,480776,11703,,1,,127.050534448354,37.7264786203652
MA0106202311A0771866,송정동핫도그바다점,,G2,소매,G221,기타 상품 소매,G22199,그 외 기타 상품 전문 소매업,G47859,그 외 기타 분류 안된 상품 전문 소매업,26,부산광역시,26350,해운대구,26350560,송정동,2635010800,송정동,2635010800107120001,1,대지,712,1,부산광역시 해운대구 송정동 712-1,263503133026,부산광역시 해운대구 송정해변로,62,,2635010800107120001019124,,부산광역시 해운대구 송정해변로 62,612040,48072,,,,129.199646028334,35.1794395787058
MA0106202311A1434748,하프라인,,G2,소매,G221,기타 상품 소매,G22199,그 외 기타 상품 전문 소매업,G47859,그 외 기타 분류 안된 상품 전문 소매업,41,경기도,41610,광주시,41610253,초월읍,4161025329,초월읍,4161025329107080001,1,대지,708,1,경기도 광주시 초월읍 지월리 708-1,416103211028,경기도 광주시 초월읍 현산로,341,54,4161025329107080001000001,,경기도 광주시 초월읍 현산로 341-54,464863,12728,,1,,127.286628017442,37.4148210976735
MA0106202311A0723630,제이디생명과학,,G2,소매,G221,기타 상품 소매,G22199,그 외 기타 상품 전문 소매업,G47859,그 외 기타 분류 안된 상품 전문 소매업,51,강원특별자치도,51760,평창군,51760340,봉평면,5176034025,봉평면,5176034025109160002,1,대지,916,2,강원특별자치도 평창군 봉평면 면온리 916-2,517603228037,강원특별자치도 평창군 봉평면 태기로,306,7,4276034025109160002131663,,강원특별자치도 평창군 봉평면 태기로 306-7,232922,25309,,1,,128.337876249056,37.5760475782914
MA0106202311A2335040,영천얼큰돼지국밥,,G2,소매,G221,기타 상품 소매,G22199,그 외 기타 상품 전문 소매업,G47859,그 외 기타 분류 안된 상품 전문 소매업,47,경상북도,47113,포항시 북구,47113700,장량동,4711312200,양덕동,4711312200113010000,1,대지,1301,,경상북도 포항시 북구 양덕동 1301,471134712685,경상북도 포항시 북구 천마로103번길,4,,4711312200113010000000001,,경상북도 포항시 북구 천마로103번길 4,791270,37587,,,,129.396280108575,36.0860217251294
MA0106202312A1757988,더뻥튀기파주아동,,G2,소매,G221,기타 상품 소매,G22199,그 외 기타 상품 전문 소매업,G47859,그 외 기타 분류 안된 상품 전문 소매업,41,경기도,41480,파주시,41480510,금촌1동,4148010200,아동동,4148010200103280031,1,대지,328,31,경기도 파주시 아동동 328-31,414803206112,경기도 파주시 문화로,78,1,4148010200103280031025558,,경기도 파주시 문화로 78-1,413804,10929,,1,,126.775490335419,37.761278242751
MA0106202311A2227352,블랙데스크,,G2,소매,G221,기타 상품 소매,G22199,그 외 기타 상품 전문 소매업,G47859,그 외 기타 분류 안된 상품 전문 소매업,30,대전광역시,30200,유성구,30200540,온천2동,3020012300,어은동,3020012300101140002,1,대지,114,2,대전광역시 유성구 어은동 114-2,302004301263,대전광역시 유성구 어은로48번길,16,,3020012300101140002011183,,대전광역시 유성구 어은로48번길 16,305807,34139,,1,,127.357987618474,36.3629414020736
MA0106202311A1722505,감성창작소,,G2,소매,G221,기타 상품 소매,G22199,그 외 기타 상품 전문 소매업,G47859,그 외 기타 분류 안된 상품 전문 소매업,41,경기도,41220,평택시,41220610,통복동,4122011400,통복동,4122011400100890013,1,대지,89,13,경기도 평택시 통복동 89-13,412203188109,경기도 평택시 통복시장2로,31,1,4122011400100890013014980,,경기도 평택시 통복시장2로 31-1,450040,17894,,,,127.08638879817,36.9961483731586
MA0106202312A0606320,천양테크,,G2,소매,G221,기타 상품 소매,G22199,그 외 기타 상품 전문 소매업,G47859,그 외 기타 분류 안된 상품 전문 소매업,41,경기도,41210,광명시,41210631,하안1동,4121010300,하안동,4121010300103030000,1,대지,303,,경기도 광명시 하안동 303,412104361243,경기도 광명시 오리로651번길,8,,4121010300103030000014395,,경기도 광명시 오리로651번길 8,423851,14303,,11,,126.875702984281,37.4591898827396
MA0106202311A1901210,서진유통,,G2,소매,G221,기타 상품 소매,G22199,그 외 기타 상품 전문 소매업,G47859,그 외 기타 분류 안된 상품 전문 소매업,26,부산광역시,26350,해운대구,26350610,반송1동,2635010200,석대동,2635010200103420006,1,대지,342,6,부산광역시 해운대구 석대동 342-6,263504199036,부산광역시 해운대구 반송로623번길,45,,2635010200103420002000001,,부산광역시 해운대구 반송로623번길 45,612081,48001,,1,,129.132174215599,35.2216846961295
MA0106202311A0270587,케이티엠테크놀로지,,G2,소매,G221,기타 상품 소매,G22199,그 외 기타 상품 전문 소매업,G47859,그 외 기타 분류 안된 상품 전문 소매업,41,경기도,41135,성남시 분당구,41135655,삼평동,4113510900,삼평동,4113510900106820000,1,대지,682,,경기도 성남시 분당구 삼평동 682,411353180005,경기도 성남시 분당구 대왕판교로,670,,4113510900106820000000001,,경기도 성남시 분당구 대왕판교로 670,463400,13494,,,,127.10610926848,37.4020741678968
MA0106202311A1899170,송정DC마트,,G2,소매,G221,기타 상품 소매,G22199,그 외 기타 상품 전문 소매업,G47859,그 외 기타 분류 안된 상품 전문 소매업,26,부산광역시,26350,해운대구,26350560,송정동,2635010800,송정동,2635010800101990014,1,대지,199,14,부산광역시 해운대구 송정동 199-14,263503133025,부산광역시 해운대구 송정중앙로,15,1,2635010800101990014025400,,부산광역시 해운대구 송정중앙로 15-1,612040,48070,,1,,129.202735683019,35.1833033220515
MA0106202311A0670397,루켄에듀,,G2,소매,G221,기타 상품 소매,G22199,그 외 기타 상품 전문 소매업,G47859,그 외 기타 분류 안된 상품 전문 소매업,28,인천광역시,28185,연수구,28185830,송도2동,2818510600,송도동,2818510600100200017,1,대지,20,17,인천광역시 연수구 송도동 20-17,281853152016,인천광역시 연수구 신송로,160,,2818510600100200017000001,,인천광역시 연수구 신송로 160,406082,22001,,,,126.649186813811,37.3980243177198
MA0106202311A1913200,늘푸른유통,,G2,소매,G221,기타 상품 소매,G22199,그 외 기타 상품 전문 소매업,G47859,그 외 기타 분류 안된 상품 전문 소매업,41,경기도,41670,여주시,41670510,여흥동,4167010200,홍문동,4167010200102870007,1,대지,287,7,경기도 여주시 홍문동 287-7,416704442241,경기도 여주시 세종로67번길,21,14,4173025022102870007027438,,경기도 여주시 세종로67번길 21-14,469102,12630,,,,127.638527994953,37.2915730916195
MA0106202311A1985592,법인서승,,G2,소매,G221,기타 상품 소매,G22199,그 외 기타 상품 전문 소매업,G47859,그 외 기타 분류 안된 상품 전문 소매업,11,서울특별시,11110,종로구,11110530,사직동,1111011900,세종로,1111011900100810003,1,대지,81,3,서울특별시 종로구 세종로 81-3,111102005001,서울특별시 종로구 세종대로,175,,1111011900100810003027269,,서울특별시 종로구 세종대로 175,110821,03172,,,,126.976171783999,37.5718512829803
MA0106202311A1806456,우신과학,,G2,소매,G221,기타 상품 소매,G22199,그 외 기타 상품 전문 소매업,G47859,그 외 기타 분류 안된 상품 전문 소매업,48,경상남도,48125,창원시 마산합포구,48125650,산호동,4812511800,산호동,4812511800100090020,1,대지,9,20,경상남도 창원시 마산합포구 산호동 9-20,481254787332,경상남도 창원시 마산합포구 산호북17길,57,1,4812511800100090020020824,,경상남도 창원시 마산합포구 산호북17길 57-1,631852,51329,,1,,128.586080206919,35.2205573769806
MA0106202309A2366512,짐쿡앤샐러드,,G2,소매,G221,기타 상품 소매,G22199,그 외 기타 상품 전문 소매업,G47859,그 외 기타 분류 안된 상품 전문 소매업,41,경기도,41273,안산시 단원구,41273535,호수동,4127310100,고잔동,4127310100107100002,1,대지,710,2,경기도 안산시 단원구 고잔동 710-2,412733191005,경기도 안산시 단원구 광덕서로,66,,4127310100107100002038526,하눌빌딩,경기도 안산시 단원구 광덕서로 66,425807,15471,,1,,126.827441890518,37.3105506348139
MA0106202404A1822779,셀피아,,G2,소매,G221,기타 상품 소매,G22199,그 외 기타 상품 전문 소매업,G47859,그 외 기타 분류 안된 상품 전문 소매업,31,울산광역시,31200,북구,31200560,효문동,3120012200,연암동,3120012200104170001,1,대지,417,1,울산광역시 북구 연암동 417-1,312003172013,울산광역시 북구 무룡로,29,,3120012200104170001003262,,울산광역시 북구 무룡로 29,683805,44244,,,,129.363577359927,35.5810846542286
MA0106202404A1995667,정소현의꿈꾸는파티,,G2,소매,G221,기타 상품 소매,G22199,그 외 기타 상품 전문 소매업,G47859,그 외 기타 분류 안된 상품 전문 소매업,41,경기도,41250,동두천시,41250566,송내동,4125010100,송내동,4125010100106840012,1,대지,684,12,경기도 동두천시 송내동 684-12,412504367142,경기도 동두천시 중앙로33번길,67,15,4125010100106840012000001,주,경기도 동두천시 중앙로33번길 67-15,483010,11354,,,,127.051834646261,37.8828125281885
MA0106202404A0455605,감포에버섬김교육센터,,G2,소매,G221,기타 상품 소매,G22199,그 외 기타 상품 전문 소매업,G47859,그 외 기타 분류 안된 상품 전문 소매업,47,경상북도,47130,경주시,47130250,감포읍,4713025029,감포읍,4713025029104840003,1,대지,484,3,경상북도 경주시 감포읍 감포리 484-3,471303305002,경상북도 경주시 감포읍 감포로,114,,4713025029104840003061367,,경상북도 경주시 감포읍 감포로 114,780831,38125,,2,,129.502665653653,35.8041750630898
MA0106202404A1298974,캠핑스테이청포대,,G2,소매,G221,기타 상품 소매,G22199,그 외 기타 상품 전문 소매업,G47859,그 외 기타 분류 안된 상품 전문 소매업,44,충청남도,44825,태안군,44825320,남면,4482532025,남면,4482532025112300024,1,대지,1230,24,충청남도 태안군 남면 양잠리 1230-24,448254592262,충청남도 태안군 남면 청포대길,88,,4482532025112300024000001,외,충청남도 태안군 남면 청포대길 88,357952,32155,,,,126.302377343171,36.6418933185309
MA0106202311A1888461,허니바,,G2,소매,G221,기타 상품 소매,G22199,그 외 기타 상품 전문 소매업,G47859,그 외 기타 분류 안된 상품 전문 소매업,26,부산광역시,26350,해운대구,26350530,중1동,2635010600,중동,2635010600113940249,1,대지,1394,249,부산광역시 해운대구 중동 1394-249,263504199009,부산광역시 해운대구 구남로41번길,17,1,2635010600113940248025821,,부산광역시 해운대구 구남로41번길 17-1,612847,48095,,1,,129.162014974974,35.1613737282593
MA0106202311A0525783,붕붕식품,,G2,소매,G221,기타 상품 소매,G22199,그 외 기타 상품 전문 소매업,G47859,그 외 기타 분류 안된 상품 전문 소매업,11,서울특별시,11230,동대문구,11230545,제기동,1123010300,제기동,1123010300109280000,1,대지,928,,서울특별시 동대문구 제기동 928,112303105006,서울특별시 동대문구 약령시로,74,,1123010300109280000031350,,서울특별시 동대문구 약령시로 74,130864,02570,,1,,127.038108072963,37.5827765973201
MA0106202311A2221272,석장메디칼,,G2,소매,G221,기타 상품 소매,G22199,그 외 기타 상품 전문 소매업,G47859,그 외 기타 분류 안된 상품 전문 소매업,43,충청북도,43114,청주시 청원구,43114520,내덕1동,4311410200,내덕동,4311410200106480012,1,대지,648,12,충청북도 청주시 청원구 내덕동 648-12,431143236010,충청북도 청주시 청원구 내덕로,11,,4311111400106480012035711,오성빌딩,충청북도 청주시 청원구 내덕로 11,363808,28481,,4,,127.481975467936,36.6561444799565
MA0106202311A0044075,와인메타,,G2,소매,G221,기타 상품 소매,G22199,그 외 기타 상품 전문 소매업,G47859,그 외 기타 분류 안된 상품 전문 소매업,41,경기도,41500,이천시,41500340,마장면,4150034027,마장면,4150034027104890011,1,대지,489,11,경기도 이천시 마장면 표교리 489-11,415003207023,경기도 이천시 마장면 서이천로,383,,4150034027104890011000001,,경기도 이천시 마장면 서이천로 383,467813,17384,,4,,127.393175245284,37.2594302838469
MA0106202311A0812395,한밭안전산업,,G2,소매,G221,기타 상품 소매,G22199,그 외 기타 상품 전문 소매업,G47859,그 외 기타 분류 안된 상품 전문 소매업,30,대전광역시,30110,동구,30110695,삼성동,3011011800,삼성동,3011011800103960006,1,대지,396,6,대전광역시 동구 삼성동 396-6,301103010003,대전광역시 동구 대전천북로,152,2,3011011800103960006011835,,대전광역시 동구 대전천북로 152-2,300816,34564,,,,127.414537926808,36.3426714260496
MA0106202311A0739546,독수리오징어,,G2,소매,G221,기타 상품 소매,G22199,그 외 기타 상품 전문 소매업,G47859,그 외 기타 분류 안된 상품 전문 소매업,46,전라남도,46720,곡성군,46720250,곡성읍,4672025021,곡성읍,4672025021102920016,1,대지,292,16,전라남도 곡성군 곡성읍 읍내리 292-16,467204661280,전라남도 곡성군 곡성읍 읍내8길,17,,4672025021102920016000001,,전라남도 곡성군 곡성읍 읍내8길 17,516804,57542,,,,127.294107999375,35.2795166468441
MA0106202311A1367274,행복나래사회적협동조합,,G2,소매,G221,기타 상품 소매,G22199,그 외 기타 상품 전문 소매업,G47859,그 외 기타 분류 안된 상품 전문 소매업,30,대전광역시,30140,중구,30140710,유천2동,3014011500,유천동,3014011500102670016,1,대지,267,16,대전광역시 중구 유천동 267-16,301403165035,대전광역시 중구 유천로,27,21,3014011500102670016022940,,대전광역시 중구 유천로 27-21,301836,34985,,1,,127.397432254281,36.3149912890819
MA0106202311A2120725,힐링에프엔비,,G2,소매,G221,기타 상품 소매,G22199,그 외 기타 상품 전문 소매업,G47859,그 외 기타 분류 안된 상품 전문 소매업,41,경기도,41650,포천시,41650340,신북면,4165034023,신북면,4165034023103570000,1,대지,357,,경기도 포천시 신북면 신평리 357,416503213055,경기도 포천시 신북면 신평로,223,,4165034023103560001000001,,경기도 포천시 신북면 신평로 223,487914,11138,,,,127.2195592934,37.9405587451052
MA0106202311A0368438,진미생활용품,,G2,소매,G221,기타 상품 소매,G22199,그 외 기타 상품 전문 소매업,G47859,그 외 기타 분류 안된 상품 전문 소매업,47,경상북도,47130,경주시,47130550,성건동,4713010800,성건동,4713010800103390002,1,대지,339,2,경상북도 경주시 성건동 339-2,471303305009,경상북도 경주시 금성로,295,,4713010800103390002004779,,경상북도 경주시 금성로 295,780943,38156,,,,129.206743536349,35.8439528612304
MA0106202311A0409223,경주스낵,,G2,소매,G221,기타 상품 소매,G22199,그 외 기타 상품 전문 소매업,G47859,그 외 기타 분류 안된 상품 전문 소매업,47,경상북도,47111,포항시 남구,47111570,제철동,4711110900,괴동동,4711110900100010006,1,대지,1,6,경상북도 포항시 남구 괴동동 1-6,471114709150,경상북도 포항시 남구 동해안로6213번길,20,,4711110900100010006123566,,경상북도 포항시 남구 동해안로6213번길 20,790300,37859,,,,129.384435031979,35.99771828392
MA0106202311A0141080,난곡전자담배,,G2,소매,G221,기타 상품 소매,G22199,그 외 기타 상품 전문 소매업,G47859,그 외 기타 분류 안된 상품 전문 소매업,11,서울특별시,11620,관악구,11620765,미성동,1162010200,신림동,1162010200107270023,1,대지,727,23,서울특별시 관악구 신림동 727-23,116203120003,서울특별시 관악구 난곡로,221,1,1162010200107270023002505,,서울특별시 관악구 난곡로 221-1,151887,08864,,1,,126.917054800888,37.4740928222296
MA0106202311A1600213,바이오파트너,,G2,소매,G221,기타 상품 소매,G22199,그 외 기타 상품 전문 소매업,G47859,그 외 기타 분류 안된 상품 전문 소매업,41,경기도,41117,수원시 영통구,41117593,망포1동,4111710700,망포동,4111710700105430002,1,대지,543,2,경기도 수원시 영통구 망포동 543-2,411173177018,경기도 수원시 영통구 영통로,127,,4111710700105430002003115,,경기도 수원시 영통구 영통로 127,443400,16687,,7,,127.055774304522,37.2387332404328
MA0106202311A1172959,한국건강교육,,G2,소매,G221,기타 상품 소매,G22199,그 외 기타 상품 전문 소매업,G47859,그 외 기타 분류 안된 상품 전문 소매업,28,인천광역시,28200,남동구,28200700,논현2동,2820011000,논현동,2820011000106310008,1,대지,631,8,인천광역시 남동구 논현동 631-8,282002008006,인천광역시 남동구 청능대로,581,,2820011000102640002031407,광성프라자,인천광역시 남동구 청능대로 581,405825,21653,,,,126.723588246715,37.4012761026756
MA0106202311A1832327,착한제품협동조합,신암점,G2,소매,G221,기타 상품 소매,G22199,그 외 기타 상품 전문 소매업,G47859,그 외 기타 분류 안된 상품 전문 소매업,27,대구광역시,27140,동구,27140510,신암1동,2714010100,신암동,2714010100106320005,1,대지,632,5,대구광역시 동구 신암동 632-5,271404226207,대구광역시 동구 아양로11길,31,1,2714010100106320005042471,,대구광역시 동구 아양로11길 31-1,701819,41194,,,,128.620447451083,35.8852744567451
MA0106202311A2229139,아주홈마트,,G2,소매,G221,기타 상품 소매,G22199,그 외 기타 상품 전문 소매업,G47859,그 외 기타 분류 안된 상품 전문 소매업,41,경기도,41117,수원시 영통구,41117550,원천동,4111710200,원천동,4111710200100720086,1,대지,72,86,경기도 수원시 영통구 원천동 72-86,411174331023,경기도 수원시 영통구 동수원로537번길,51,2,4111710200100720086004525,,경기도 수원시 영통구 동수원로537번길 51-2,443821,16503,,,,127.046239414755,37.2745898566659
MA0106202311A1502979,라미야,포항점,G2,소매,G221,기타 상품 소매,G22199,그 외 기타 상품 전문 소매업,G47859,그 외 기타 분류 안된 상품 전문 소매업,47,경상북도,47113,포항시 북구,47113520,중앙동,4711311300,항구동,4711311300100170026,1,대지,17,26,경상북도 포항시 북구 항구동 17-26,471133304014,경상북도 포항시 북구 삼호로,176,2,4711311300100170026113411,,경상북도 포항시 북구 삼호로 176-2,791080,37708,,,,129.376475294787,36.0542331857459
MA0106202309A0896760,화인테크,,G2,소매,G221,기타 상품 소매,G22199,그 외 기타 상품 전문 소매업,G47859,그 외 기타 분류 안된 상품 전문 소매업,30,대전광역시,30230,대덕구,30230510,오정동,3023010100,오정동,3023010100106350022,1,대지,635,22,대전광역시 대덕구 오정동 635-22,302304304488,대전광역시 대덕구 한밭대로1033번길,47,,3023010100106350022000001,,대전광역시 대덕구 한밭대로1033번길 47,306817,34379,,,,127.412917159053,36.3606013822152
MA0106202309A1525619,다올,,G2,소매,G221,기타 상품 소매,G22199,그 외 기타 상품 전문 소매업,G47859,그 외 기타 분류 안된 상품 전문 소매업,41,경기도,41410,군포시,41410620,광정동,4141010400,산본동,4141010400111420006,1,대지,1142,6,경기도 군포시 산본동 1142-6,414103200025,경기도 군포시 번영로,495,,4141010400111420006005192,신명산빌딩,경기도 군포시 번영로 495,435805,15865,,,,126.93193555024,37.3581051732363
MA0106202310A1622874,"희경갓김치,주은미수산",,G2,소매,G221,기타 상품 소매,G22199,그 외 기타 상품 전문 소매업,G47859,그 외 기타 분류 안된 상품 전문 소매업,46,전라남도,46130,여수시,46130655,대교동,4613011500,봉산동,4613011500100960008,1,대지,96,8,전라남도 여수시 봉산동 96-8,461303282033,전라남도 여수시 봉산2로,14,,4613011500100960008050290,,전라남도 여수시 봉산2로 14,550818,59764,,,,127.724953709123,34.731217689171
MA0106202309A0975343,닥터바이오,,G2,소매,G221,기타 상품 소매,G22199,그 외 기타 상품 전문 소매업,G47859,그 외 기타 분류 안된 상품 전문 소매업,30,대전광역시,30230,대덕구,30230520,대화동,3023010200,대화동,3023010200106110000,1,대지,611,,대전광역시 대덕구 대화동 611,302303168004,대전광역시 대덕구 대화로,120,,3023010200102900019010461,가온비즈타워,대전광역시 대덕구 대화로 120,306800,34366,,,,127.407232883053,36.3666407207014
MA0106202309A2049104,디아엘모멘토,,G2,소매,G221,기타 상품 소매,G22199,그 외 기타 상품 전문 소매업,G47859,그 외 기타 분류 안된 상품 전문 소매업,41,경기도,41360,남양주시,41360510,호평동,4136010100,호평동,4136010100106270005,1,대지,627,5,경기도 남양주시 호평동 627-5,413604391236,경기도 남양주시 늘을1로16번길,9,19,4136010100106270005000001,,경기도 남양주시 늘을1로16번길 9-19,472120,12149,,,,127.240949368051,37.6548319451581
MA0106202309A1455669,케이에이치씨,,G2,소매,G221,기타 상품 소매,G22199,그 외 기타 상품 전문 소매업,G47859,그 외 기타 분류 안된 상품 전문 소매업,31,울산광역시,31200,북구,31200510,농소1동,3120010200,호계동,3120010200102580012,1,대지,258,12,울산광역시 북구 호계동 258-12,312003172027,울산광역시 북구 호계로,288,,3120010200102580012011912,,울산광역시 북구 호계로 288,683812,44227,,2,,129.351242323079,35.6288292117019
MA0106202309A0616380,비즈티노,,G2,소매,G221,기타 상품 소매,G22199,그 외 기타 상품 전문 소매업,G47859,그 외 기타 분류 안된 상품 전문 소매업,11,서울특별시,11680,강남구,11680531,논현2동,1168010800,논현동,1168010800102320004,1,대지,232,4,서울특별시 강남구 논현동 232-4,116804166564,서울특별시 강남구 언주로113길,13,,1168010800102320004008533,,서울특별시 강남구 언주로113길 13,135830,06109,,3,,127.036306223461,37.5092015832578
MA0106202404A1646155,제일바이오,,G2,소매,G221,기타 상품 소매,G22199,그 외 기타 상품 전문 소매업,G47859,그 외 기타 분류 안된 상품 전문 소매업,30,대전광역시,30200,유성구,30200600,관평동,3020014600,관평동,3020014600113590000,1,대지,1359,,대전광역시 유성구 관평동 1359,302003167073,대전광역시 유성구 테크노3로,65,,3020014600113590000000197,,대전광역시 유성구 테크노3로 65,305509,34016,,,,127.390776868893,36.4293268166694
MA0106202404A0404240,다담,,G2,소매,G221,기타 상품 소매,G22199,그 외 기타 상품 전문 소매업,G47859,그 외 기타 분류 안된 상품 전문 소매업,46,전라남도,46150,순천시,46150515,향동,4615010500,행동,4615010500100630000,1,대지,63,,전라남도 순천시 행동 63,461504650135,전라남도 순천시 행금길,14,,4615010500100630000023630,,전라남도 순천시 행금길 14,540060,57941,,1,,127.482626442273,34.955694524388
MA0106202404A1957318,바이오닉,,G2,소매,G221,기타 상품 소매,G22199,그 외 기타 상품 전문 소매업,G47859,그 외 기타 분류 안된 상품 전문 소매업,41,경기도,41115,수원시 팔달구,41115710,우만1동,4111514000,우만동,4111514000105610008,1,대지,561,8,경기도 수원시 팔달구 우만동 561-8,411154328391,경기도 수원시 팔달구 팔달문로130번길,69,,4111514000105610008016621,,경기도 수원시 팔달구 팔달문로130번길 69,442819,16240,,,,127.031719012453,37.2793521297261
MA0106202311A1330957,캠핑족발,,G2,소매,G221,기타 상품 소매,G22199,그 외 기타 상품 전문 소매업,G47859,그 외 기타 분류 안된 상품 전문 소매업,41,경기도,41630,양주시,41630580,옥정2동,4163011400,옥정동,4163011400110610012,1,대지,1061,12,경기도 양주시 옥정동 1061-12,416304852462,경기도 양주시 옥정동로5라길,24,,4163011400110610012000001,,경기도 양주시 옥정동로5라길 24,482130,11476,,1,,127.097501703701,37.8174555214499
MA0106202311A0680582,인산가원주제일,전문대리점,G2,소매,G221,기타 상품 소매,G22199,그 외 기타 상품 전문 소매업,G47859,그 외 기타 분류 안된 상품 전문 소매업,51,강원특별자치도,51130,원주시,51130541,명륜1동,5113010600,명륜동,5113010600101040008,1,대지,104,8,강원특별자치도 원주시 명륜동 104-8,511303219011,강원특별자치도 원주시 남원로,654,,4213010600101040008005996,,강원특별자치도 원주시 남원로 654,220945,26442,,,,127.954086043861,37.3410773681068
MA0106202311A1284454,제이비바이오,,G2,소매,G221,기타 상품 소매,G22199,그 외 기타 상품 전문 소매업,G47859,그 외 기타 분류 안된 상품 전문 소매업,52,전북특별자치도,52113,전주시 덕진구,52113665,여의동,5211313100,만성동,5211313100113450003,1,대지,1345,3,전북특별자치도 전주시 덕진구 만성동 1345-3,521133351432,전북특별자치도 전주시 덕진구 만성북로,51,25,4511313100113450003000001,스페이스온지식산업센터,전북특별자치도 전주시 덕진구 만성북로 51-25,561330,54858,,,,127.082636661029,35.8490522177601
MA0106202311A0479186,리프타바코-파주점,,G2,소매,G221,기타 상품 소매,G22199,그 외 기타 상품 전문 소매업,G47859,그 외 기타 분류 안된 상품 전문 소매업,41,경기도,41480,파주시,41480550,운정1동,4148012200,와동동,4148012200116300003,1,대지,1630,3,경기도 파주시 와동동 1630-3,414804418990,경기도 파주시 가람로21번길,27,12,4148012200116300003000001,,경기도 파주시 가람로21번길 27-12,413190,10870,,,,126.751517219172,37.7355886445227
MA0106202311A1702415,달까당,,G2,소매,G221,기타 상품 소매,G22199,그 외 기타 상품 전문 소매업,G47859,그 외 기타 분류 안된 상품 전문 소매업,11,서울특별시,11110,종로구,11110530,사직동,1111011900,세종로,1111011900100810003,1,대지,81,3,서울특별시 종로구 세종로 81-3,111102005001,서울특별시 종로구 세종대로,175,,1111011900100810003027269,,서울특별시 종로구 세종대로 175,110821,03172,,,,126.976171783999,37.5718512829803
MA0106202311A0589511,몬스터,,G2,소매,G221,기타 상품 소매,G22199,그 외 기타 상품 전문 소매업,G47859,그 외 기타 분류 안된 상품 전문 소매업,41,경기도,41196,부천시 오정구,41196560,오정동,4119610100,오정동,4119610100102070008,1,대지,207,8,경기도 부천시 오정구 오정동 207-8,411963000015,경기도 부천시 오정구 오정로,209,4,4119910100102070008036360,태영빌딩,경기도 부천시 오정구 오정로 209-4,421814,14441,,,,126.783003467925,37.5274513504025
MA0106202311A0643273,명진라이프,,G2,소매,G221,기타 상품 소매,G22199,그 외 기타 상품 전문 소매업,G47859,그 외 기타 분류 안된 상품 전문 소매업,48,경상남도,48121,창원시 의창구,48121540,봉림동,4812112700,봉곡동,4812112700101000009,1,대지,100,9,경상남도 창원시 의창구 봉곡동 100-9,481213327022,경상남도 창원시 의창구 봉곡로,10,,4812112700101000009007159,,경상남도 창원시 의창구 봉곡로 10,641822,51182,,1,,128.663147965764,35.2465955662523
MA0106202311A0171418,유성,코리아,G2,소매,G221,기타 상품 소매,G22199,그 외 기타 상품 전문 소매업,G47859,그 외 기타 분류 안된 상품 전문 소매업,28,인천광역시,28260,서구,28260580,가좌1동,2826011200,가좌동,2826011200101780111,1,대지,178,111,인천광역시 서구 가좌동 178-111,282604268290,인천광역시 서구 백범로934번길,27,1,2826011200101780111019061,,인천광역시 서구 백범로934번길 27-1,404812,22846,,,,126.654045762243,37.4906985334171
MA0106202311A0684755,웁,,G2,소매,G221,기타 상품 소매,G22199,그 외 기타 상품 전문 소매업,G47859,그 외 기타 분류 안된 상품 전문 소매업,11,서울특별시,11200,성동구,11200690,성수2가3동,1120011500,성수동2가,1120011500103150045,1,대지,315,45,서울특별시 성동구 성수동2가 315-45,112004109410,서울특별시 성동구 연무장7가길,10,1,1120011500103150045004768,부영,서울특별시 성동구 연무장7가길 10-1,133835,04782,,4,,127.055445622414,37.5428645960516
MA0106202311A0264597,동진광고,,G2,소매,G221,기타 상품 소매,G22199,그 외 기타 상품 전문 소매업,G47859,그 외 기타 분류 안된 상품 전문 소매업,41,경기도,41133,성남시 중원구,41133510,성남동,4113310100,성남동,4113310100134890000,1,대지,3489,,경기도 성남시 중원구 성남동 3489,411334337118,경기도 성남시 중원구 둔촌대로101번길,27,,4113310100134890000053040,엠타워,경기도 성남시 중원구 둔촌대로101번길 27,462827,13365,,8,,127.12979991543,37.4321175114439
MA0106202309A0898058,리코컴퍼니,,G2,소매,G221,기타 상품 소매,G22199,그 외 기타 상품 전문 소매업,G47859,그 외 기타 분류 안된 상품 전문 소매업,41,경기도,41590,화성시,41590360,팔탄면,4159036026,팔탄면,4159036026101290001,1,대지,129,1,경기도 화성시 팔탄면 율암리 129-1,415904430519,경기도 화성시 팔탄면 밤뒤길,114,14,4159036026101290001000001,,경기도 화성시 팔탄면 밤뒤길 114-14,445913,18524,,,,126.878154332674,37.1734746698993
MA0106202310A1987408,달빛제빵소,,G2,소매,G221,기타 상품 소매,G22199,그 외 기타 상품 전문 소매업,G47859,그 외 기타 분류 안된 상품 전문 소매업,44,충청남도,44131,천안시 동남구,44131590,신안동,4413111900,안서동,4413111900102750001,1,대지,275,1,충청남도 천안시 동남구 안서동 275-1,441314547012,충청남도 천안시 동남구 각원사길,112,,4413111900102750001005737,,충청남도 천안시 동남구 각원사길 112,330996,31066,,2,,127.183902337173,36.8292177501204
MA0106202309A0601788,아이꿈교육,,G2,소매,G221,기타 상품 소매,G22199,그 외 기타 상품 전문 소매업,G47859,그 외 기타 분류 안된 상품 전문 소매업,11,서울특별시,11470,양천구,11470611,신월7동,1147010300,신월동,1147010300109750004,1,대지,975,4,서울특별시 양천구 신월동 975-4,114704142060,서울특별시 양천구 남부순환로70길,9,,1147010300109750004007318,,서울특별시 양천구 남부순환로70길 9,158846,08040,,2,,126.835723427878,37.521851130284
MA0106202309A1635018,필사이언스,,G2,소매,G221,기타 상품 소매,G22199,그 외 기타 상품 전문 소매업,G47859,그 외 기타 분류 안된 상품 전문 소매업,29,광주광역시,29170,북구,29170695,건국동,2917013200,지야동,2917013200108020002,1,대지,802,2,광주광역시 북구 지야동 802-2,291703162082,광주광역시 북구 하서로,652,6,2917013200108020005000001,일진사업,광주광역시 북구 하서로 652-6,500260,61027,,1,,126.88669848117,35.230517533762
MA0106202309A1010607,트리테일,,G2,소매,G221,기타 상품 소매,G22199,그 외 기타 상품 전문 소매업,G47859,그 외 기타 분류 안된 상품 전문 소매업,41,경기도,41450,하남시,41450582,감일동,4145011500,감이동,4145011500105250003,1,대지,525,3,경기도 하남시 감이동 525-3,414503352270,경기도 하남시 감일백제로,97,,4145011500105250003000001,메인프라자,경기도 하남시 감일백제로 97,465190,13004,,1,,127.161942518476,37.504419942157
MA0106202309A2402018,파티앤봉봉,,G2,소매,G221,기타 상품 소매,G22199,그 외 기타 상품 전문 소매업,G47859,그 외 기타 분류 안된 상품 전문 소매업,28,인천광역시,28260,서구,28260539,청라3동,2826012200,청라동,2826012200100960003,1,대지,96,3,인천광역시 서구 청라동 96-3,282604853096,인천광역시 서구 청라한내로100번길,8,16,2826012200100960003000001,현대썬앤빌더테라스레이크,인천광역시 서구 청라한내로100번길 8-16,,22758,,,,126.629060369615,37.5332760366312
MA0106202309A1809200,시원한막걸리한잔,,G2,소매,G221,기타 상품 소매,G22199,그 외 기타 상품 전문 소매업,G47859,그 외 기타 분류 안된 상품 전문 소매업,46,전라남도,46790,화순군,46790250,화순읍,4679025024,화순읍,4679025024101850004,1,대지,185,4,전라남도 화순군 화순읍 신기리 185-4,467903291004,전라남도 화순군 화순읍 광덕로,242,,4679025024101850004045068,,전라남도 화순군 화순읍 광덕로 242,519950,58115,,,,126.992819124043,35.0662792100598
MA0106202311A1842434,데이지,,G2,소매,G221,기타 상품 소매,G22199,그 외 기타 상품 전문 소매업,G47859,그 외 기타 분류 안된 상품 전문 소매업,48,경상남도,48310,거제시,48310580,고현동,4831010900,고현동,4831010900101120001,1,대지,112,1,경상남도 거제시 고현동 112-1,483104811067,경상남도 거제시 고현로8길,22,,4831010900101120001058647,,경상남도 거제시 고현로8길 22,656930,53254,,,,128.623898799429,34.8848804704204
MA0106202309A1110295,베이글포레스트,,G2,소매,G221,기타 상품 소매,G22199,그 외 기타 상품 전문 소매업,G47859,그 외 기타 분류 안된 상품 전문 소매업,43,충청북도,43111,청주시 상당구,43111720,용암1동,4311112400,용암동,4311112400130480000,1,대지,3048,,충청북도 청주시 상당구 용암동 3048,431114857347,충청북도 청주시 상당구 중고개로141번길,18,2,4311112400130480000000001,,충청북도 청주시 상당구 중고개로141번길 18-2,360101,28808,,,,127.515995743528,36.617271522452
MA0106202404A1571976,행운의집명품구제살롱,,G2,소매,G221,기타 상품 소매,G22199,그 외 기타 상품 전문 소매업,G47859,그 외 기타 분류 안된 상품 전문 소매업,50,제주특별자치도,50110,제주시,50110560,삼도2동,5011010600,삼도이동,5011010600109560001,1,대지,956,1,제주특별자치도 제주시 삼도이동 956-1,501103349016,제주특별자치도 제주시 관덕로,16,1,5011010600109560001021753,,제주특별자치도 제주시 관덕로 16-1,690809,63168,,1,,126.521070397429,33.5128193242409
MA0106202404A1668480,미락,,G2,소매,G221,기타 상품 소매,G22199,그 외 기타 상품 전문 소매업,G47859,그 외 기타 분류 안된 상품 전문 소매업,41,경기도,41220,평택시,41220590,신평동,4122011700,합정동,4122011700109720011,1,대지,972,11,경기도 평택시 합정동 972-11,412204364857,경기도 평택시 평택5로34번길,48,,4122011700109720011000001,A호,경기도 평택시 평택5로34번길 48,450020,17902,,,,127.114114261675,36.9887450873558
MA0106202311A1355442,올데이커피&쿠키,,G2,소매,G221,기타 상품 소매,G22199,그 외 기타 상품 전문 소매업,G47859,그 외 기타 분류 안된 상품 전문 소매업,52,전북특별자치도,52140,익산시,52140646,영등1동,5214012200,영등동,5214012200107110007,1,대지,711,7,전북특별자치도 익산시 영등동 711-7,521404607295,전북특별자치도 익산시 동서로51길,11,,4514012200107110007063496,,전북특별자치도 익산시 동서로51길 11,570981,54641,,,,126.978851226241,35.9522627359475
MA0106202311A1746060,세계냉동식품,,G2,소매,G221,기타 상품 소매,G22199,그 외 기타 상품 전문 소매업,G47859,그 외 기타 분류 안된 상품 전문 소매업,26,부산광역시,26350,해운대구,26350510,우1동,2635010500,우동,2635010500101570002,1,대지,157,2,부산광역시 해운대구 우동 157-2,263504199138,부산광역시 해운대구 우동2로14번가길,31,,2635010500101570002026128,,부산광역시 해운대구 우동2로14번가길 31,612818,48086,,1,,129.160485315902,35.1674296658673
MA0106202311A0839729,마리상점,,G2,소매,G221,기타 상품 소매,G22199,그 외 기타 상품 전문 소매업,G47859,그 외 기타 분류 안된 상품 전문 소매업,41,경기도,41450,하남시,41450610,미사1동,4145010900,망월동,4145010900111460001,1,대지,1146,1,경기도 하남시 망월동 1146-1,414503202055,경기도 하남시 미사강변한강로,279,,4145010900111460001000001,하남미사롯데캐슬헤븐시티I,경기도 하남시 미사강변한강로 279,465150,12922,,,,127.197716965222,37.5652279914692
MA0106202311A1660754,스마트홈,,G2,소매,G221,기타 상품 소매,G22199,그 외 기타 상품 전문 소매업,G47859,그 외 기타 분류 안된 상품 전문 소매업,11,서울특별시,11215,광진구,11215740,중곡1동,1121510100,중곡동,1121510100102290015,1,대지,229,15,서울특별시 광진구 중곡동 229-15,112154112162,서울특별시 광진구 능동로47길,30,,1121510100102290015004034,,서울특별시 광진구 능동로47길 30,143903,04910,,1,,127.081120157626,37.5635817081187
MA0106202311A1758579,승리상회/한방통닭바베큐,,G2,소매,G221,기타 상품 소매,G22199,그 외 기타 상품 전문 소매업,G47859,그 외 기타 분류 안된 상품 전문 소매업,41,경기도,41271,안산시 상록구,41271560,본오3동,4127110400,본오동,4127110400108720000,1,대지,872,,경기도 안산시 상록구 본오동 872,412713190027,경기도 안산시 상록구 본삼로,38,,4127110400108720000003679,월드,경기도 안산시 상록구 본삼로 38,426733,15538,,1,,126.86645628763,37.300563559967
MA0106202311A0598946,할인마트보물창고,,G2,소매,G221,기타 상품 소매,G22199,그 외 기타 상품 전문 소매업,G47859,그 외 기타 분류 안된 상품 전문 소매업,44,충청남도,44270,당진시,44270253,송악읍,4427025333,송악읍,4427025333116440003,1,대지,1644,3,충청남도 당진시 송악읍 복운리 1644-3,442704595424,충청남도 당진시 송악읍 신복운로4길,3,,4483025633116440003090380,,충청남도 당진시 송악읍 신복운로4길 3,343827,31724,,,,126.781246662381,36.943544097826
MA0106202311A1040155,까까묵꼬,,G2,소매,G221,기타 상품 소매,G22199,그 외 기타 상품 전문 소매업,G47859,그 외 기타 분류 안된 상품 전문 소매업,27,대구광역시,27230,북구,27230526,칠성동,2723010100,칠성동1가,2723010100100170043,1,대지,17,43,대구광역시 북구 칠성동1가 17-43,272304235404,대구광역시 북구 칠성시장로7길,39,30,2723010100100170043043679,,대구광역시 북구 칠성시장로7길 39-30,702061,41582,,,,128.601974183098,35.8752493187042
MA0106202311A1647769,커피투어,,G2,소매,G221,기타 상품 소매,G22199,그 외 기타 상품 전문 소매업,G47859,그 외 기타 분류 안된 상품 전문 소매업,11,서울특별시,11680,강남구,11680610,대치2동,1168010600,대치동,1168010600105140000,1,대지,514,,서울특별시 강남구 대치동 514,116802000003,서울특별시 강남구 남부순환로,3104,,1168010600105140000000001,푸드트럭존커피투어,서울특별시 강남구 남부순환로 3104,135834,06287,,,,127.071909541985,37.4956792011553
MA0106202309A2272272,보리네,,G2,소매,G221,기타 상품 소매,G22199,그 외 기타 상품 전문 소매업,G47859,그 외 기타 분류 안된 상품 전문 소매업,44,충청남도,44210,서산시,44210380,운산면,4421038032,운산면,4421038032102710015,1,대지,271,15,충청남도 서산시 운산면 용장리 271-15,442103015038,충청남도 서산시 운산면 운암로,1071,,4421038032102710015021707,,충청남도 서산시 운산면 운암로 1071,356832,31945,,,,126.587342634341,36.8112616090808
MA0106202309A1162421,평화생활용품,,G2,소매,G221,기타 상품 소매,G22199,그 외 기타 상품 전문 소매업,G47859,그 외 기타 분류 안된 상품 전문 소매업,52,전북특별자치도,52111,전주시 완산구,52111692,평화2동,5211113300,평화동2가,5211113300103160002,1,대지,316,2,전북특별자치도 전주시 완산구 평화동2가 316-2,521113266089,전북특별자치도 전주시 완산구 모악로,4693,,4511113300103160002024481,,전북특별자치도 전주시 완산구 모악로 4693,560865,55135,,1,,127.130436924628,35.788499221885
MA0106202309A0764285,반안아시아마트,,G2,소매,G221,기타 상품 소매,G22199,그 외 기타 상품 전문 소매업,G47859,그 외 기타 분류 안된 상품 전문 소매업,47,경상북도,47290,경산시,47290253,진량읍,4729025321,진량읍,4729025321104700004,1,대지,470,4,경상북도 경산시 진량읍 신상리 470-4,472903313010,경상북도 경산시 진량읍 공단2로,5,,4729025321104700004018778,,경상북도 경산시 진량읍 공단2로 5,712837,38458,,,,128.819790580483,35.8717588116248
MA0106202309A2409390,아트앤크래프트,,G2,소매,G221,기타 상품 소매,G22199,그 외 기타 상품 전문 소매업,G47859,그 외 기타 분류 안된 상품 전문 소매업,28,인천광역시,28177,미추홀구,28177620,주안1동,2817710500,주안동,2817710500101320000,1,대지,132,,인천광역시 미추홀구 주안동 132,281773008014,인천광역시 미추홀구 주안로,116,,2817010600101320000000001,,인천광역시 미추홀구 주안로 116,402835,22135,,1,,126.682520171425,37.4634780019893
MA0106202309A1649440,모드니,,G2,소매,G221,기타 상품 소매,G22199,그 외 기타 상품 전문 소매업,G47859,그 외 기타 분류 안된 상품 전문 소매업,41,경기도,41480,파주시,41480320,탄현면,4148032022,탄현면,4148032022116520111,1,대지,1652,111,경기도 파주시 탄현면 법흥리 1652-111,414804418865,경기도 파주시 탄현면 헤이리마을길,59,64,4148032022116520111000001,,경기도 파주시 탄현면 헤이리마을길 59-64,413841,10859,,1,,126.696204665088,37.7900934497119
MA0106202309A0819327,용수,불교용품점,G2,소매,G221,기타 상품 소매,G22199,그 외 기타 상품 전문 소매업,G47859,그 외 기타 분류 안된 상품 전문 소매업,41,경기도,41650,포천시,41650520,선단동,4165010400,선단동,4165010400104930009,1,대지,493,9,경기도 포천시 선단동 493-9,416503000136,경기도 포천시 호국로,971,1,4165010400104930009000001,,경기도 포천시 호국로 971-1,487020,11161,,,,127.164699426537,37.8519233072462
MA0106202309A1003913,한마음컴퍼니,,G2,소매,G221,기타 상품 소매,G22199,그 외 기타 상품 전문 소매업,G47859,그 외 기타 분류 안된 상품 전문 소매업,44,충청남도,44133,천안시 서북구,44133590,부성2동,4413310400,두정동,4413310400110420000,1,대지,1042,,충청남도 천안시 서북구 두정동 1042,441334550240,충청남도 천안시 서북구 부성8길,32,,4413310400110420000046557,서울프라자,충청남도 천안시 서북구 부성8길 32,331960,31100,,,,127.137275002401,36.8377150861717
MA0106202309A0557159,힐링카페,,G2,소매,G221,기타 상품 소매,G22199,그 외 기타 상품 전문 소매업,G47859,그 외 기타 분류 안된 상품 전문 소매업,28,인천광역시,28177,미추홀구,28177540,용현1.4동,2817710200,용현동,2817710200104900021,1,대지,490,21,인천광역시 미추홀구 용현동 490-21,281773151006,인천광역시 미추홀구 독정이로,4,,2817010200104900021027555,,인천광역시 미추홀구 독정이로 4,402021,22180,,1,,126.655243131005,37.4565088604009
MA0106202311A0923597,가브리엘의다락방,,G2,소매,G221,기타 상품 소매,G22199,그 외 기타 상품 전문 소매업,G47859,그 외 기타 분류 안된 상품 전문 소매업,11,서울특별시,11230,동대문구,11230545,제기동,1123010300,제기동,1123010300111410059,1,대지,1141,59,서울특별시 동대문구 제기동 1141-59,112303105007,서울특별시 동대문구 약령중앙로,19,1,1123010300111410059031837,코너상가,서울특별시 동대문구 약령중앙로 19-1,130864,02569,,1,,127.036816063374,37.5800109569159
MA0106202309A1369718,누들리즘용인외대점,,G2,소매,G221,기타 상품 소매,G22199,그 외 기타 상품 전문 소매업,G47859,그 외 기타 분류 안된 상품 전문 소매업,41,경기도,41461,용인시 처인구,41461253,모현읍,4146125321,모현읍,4146125321104970001,1,대지,497,1,경기도 용인시 처인구 모현읍 왕산리 497-1,414614409624,경기도 용인시 처인구 모현읍 외대로40번길,6,4,4146125321104970001000001,,경기도 용인시 처인구 모현읍 외대로40번길 6-4,449854,17035,,,,127.25319632459,37.3356344431372
MA0106202404A0670592,행운팡팡진리점,,G2,소매,G221,기타 상품 소매,G22199,그 외 기타 상품 전문 소매업,G47859,그 외 기타 분류 안된 상품 전문 소매업,41,경기도,41500,이천시,41500520,중리동,4150010300,중리동,4150010300100430010,1,대지,43,10,경기도 이천시 중리동 43-10,415003207044,경기도 이천시 이섭대천로,1160,,4150010300100430010010374,,경기도 이천시 이섭대천로 1160,467808,17381,,1,,127.447155581506,37.2738084472877
MA0106202404A0163318,엔코,,G2,소매,G221,기타 상품 소매,G22199,그 외 기타 상품 전문 소매업,G47859,그 외 기타 분류 안된 상품 전문 소매업,28,인천광역시,28200,남동구,28200710,논현고잔동,2820011100,고잔동,2820011100102560016,1,대지,256,16,인천광역시 남동구 고잔동 256-16,282004259235,인천광역시 남동구 논현고잔로109번길,84,,2820011100102560016000001,,인천광역시 남동구 논현고잔로109번길 84,405816,21686,,,,126.708594027727,37.3943292867019
MA0106202311A0406846,다이소포항효자SK점,,G2,소매,G221,기타 상품 소매,G22199,그 외 기타 상품 전문 소매업,G47859,그 외 기타 분류 안된 상품 전문 소매업,47,경상북도,47111,포항시 남구,47111580,효곡동,4711111400,효자동,4711111400105980000,1,대지,598,,경상북도 포항시 남구 효자동 598,471114709720,경상북도 포항시 남구 효성로52번길,7,,4711111400105980000000001,,경상북도 포항시 남구 효성로52번길 7,790330,37836,,,,129.339534540642,36.005378370743
MA0106202311A0626046,캠프랩,,G2,소매,G221,기타 상품 소매,G22199,그 외 기타 상품 전문 소매업,G47859,그 외 기타 분류 안된 상품 전문 소매업,41,경기도,41630,양주시,41630340,장흥면,4163034024,장흥면,4163034024103460006,1,대지,346,6,경기도 양주시 장흥면 석현리 346-6,416303212007,경기도 양주시 장흥면 권율로,327,,4163034024103460006053182,,경기도 양주시 장흥면 권율로 327,482812,11519,,,,126.956036099147,37.7409778656057
MA0106202311A1146307,케이라인글로벌,,G2,소매,G221,기타 상품 소매,G22199,그 외 기타 상품 전문 소매업,G47859,그 외 기타 분류 안된 상품 전문 소매업,41,경기도,41610,광주시,41610580,오포1동,4161011700,문형동,4161011700104150001,1,대지,415,1,경기도 광주시 문형동 415-1,416104433368,경기도 광주시 오포로498번길,24,,4161025024104150001246442,,경기도 광주시 오포로498번길 24,464894,12774,,,,127.213711450643,37.3431458429058
MA0106202311A2282677,해달,,G2,소매,G221,기타 상품 소매,G22199,그 외 기타 상품 전문 소매업,G47859,그 외 기타 분류 안된 상품 전문 소매업,27,대구광역시,27710,달성군,27710265,현풍읍,2771026522,현풍읍,2771026522104970000,1,대지,497,,대구광역시 달성군 현풍읍 중리 497,277103341006,대구광역시 달성군 현풍읍 테크노상업로,40,,2771036022104970000000001,,대구광역시 달성군 현풍읍 테크노상업로 40,711873,43017,,1,,128.454320468907,35.6922613316768
MA0106202311A2161716,충청도집,,G2,소매,G221,기타 상품 소매,G22199,그 외 기타 상품 전문 소매업,G47859,그 외 기타 분류 안된 상품 전문 소매업,11,서울특별시,11200,성동구,11200540,마장동,1120010500,마장동,1120010500105250001,1,대지,525,1,서울특별시 성동구 마장동 525-1,112004109304,서울특별시 성동구 살곶이길,18,,1120010500105250001000001,,서울특별시 성동구 살곶이길 18,133814,04748,,4,,127.040502055422,37.5713872325285
MA0106202311A0520874,우즈커피,,G2,소매,G221,기타 상품 소매,G22199,그 외 기타 상품 전문 소매업,G47859,그 외 기타 분류 안된 상품 전문 소매업,26,부산광역시,26290,남구,26290540,대연4동,2629010600,대연동,2629010600110840003,1,대지,1084,3,부산광역시 남구 대연동 1084-3,262904193126,부산광역시 남구 석포로91번길,80,,2629010600110840003032034,,부산광역시 남구 석포로91번길 80,608815,48485,,1,,129.090839623381,35.1291275308349
MA0106202311A0392267,춘향식품,,G2,소매,G221,기타 상품 소매,G22199,그 외 기타 상품 전문 소매업,G47859,그 외 기타 분류 안된 상품 전문 소매업,52,전북특별자치도,52190,남원시,52190370,대산면,5219037022,대산면,5219037022106510001,1,대지,651,1,전북특별자치도 남원시 대산면 수덕리 651-1,521904613015,전북특별자치도 남원시 대산면 감성1길,13,4,4519037022106510001049011,,전북특별자치도 남원시 대산면 감성1길 13-4,590972,55779,,,,127.331276742958,35.4156020151053
MA0106202311A0705058,작은식탁,,G2,소매,G221,기타 상품 소매,G22199,그 외 기타 상품 전문 소매업,G47859,그 외 기타 분류 안된 상품 전문 소매업,51,강원특별자치도,51830,양양군,51830250,양양읍,5183025036,양양읍,5183025036100150001,1,대지,15,1,강원특별자치도 양양군 양양읍 내곡리 15-1,518304505214,강원특별자치도 양양군 양양읍 한고개길,17,19,4283025036100150001000001,리건빌딩,강원특별자치도 양양군 양양읍 한고개길 17-19,215802,25060,,1,,128.61334210916,38.0785754509973
MA0106202311A0964542,가람스파클,,G2,소매,G221,기타 상품 소매,G22199,그 외 기타 상품 전문 소매업,G47859,그 외 기타 분류 안된 상품 전문 소매업,44,충청남도,44150,공주시,44150340,반포면,4415034023,반포면,4415034023101590003,1,대지,159,3,충청남도 공주시 반포면 송곡리 159-3,441504553865,충청남도 공주시 반포면 외송3길,12,7,4415034023101590003000001,,충청남도 공주시 반포면 외송3길 12-7,314921,32623,,,,127.269825772961,36.4130979673924
MA0106202311A2212409,다우백,,G2,소매,G221,기타 상품 소매,G22199,그 외 기타 상품 전문 소매업,G47859,그 외 기타 분류 안된 상품 전문 소매업,30,대전광역시,30230,대덕구,30230520,대화동,3023010200,대화동,3023010200100400037,1,대지,40,37,대전광역시 대덕구 대화동 40-37,302304304126,대전광역시 대덕구 대화로106번길,66,,3023010200100400037004587,펜타플렉스,대전광역시 대덕구 대화로106번길 66,306802,34365,,5,,127.407682530375,36.3695319474676
MA0106202311A0414513,복권랜드,,G2,소매,G221,기타 상품 소매,G22199,그 외 기타 상품 전문 소매업,G47859,그 외 기타 분류 안된 상품 전문 소매업,41,경기도,41650,포천시,41650520,선단동,4165010400,선단동,4165010400100820006,1,대지,82,6,경기도 포천시 선단동 82-6,416503000136,경기도 포천시 호국로,1032,,4165010400100820006023058,,경기도 포천시 호국로 1032,487020,11158,,,,127.168538459699,37.8562604587645
MA0106202311A0548742,프롬하트,,G2,소매,G221,기타 상품 소매,G22199,그 외 기타 상품 전문 소매업,G47859,그 외 기타 분류 안된 상품 전문 소매업,47,경상북도,47111,포항시 남구,47111525,상대동,4711110200,대도동,4711110200100190022,1,대지,19,22,경상북도 포항시 남구 대도동 19-22,471114709517,경상북도 포항시 남구 중앙로121번길,59,1,4711110200100190022133777,,경상북도 포항시 남구 중앙로121번길 59-1,790821,37777,,1,,129.362454324148,36.0268951150884
MA0106202311A0421484,불당리52카페,,G2,소매,G221,기타 상품 소매,G22199,그 외 기타 상품 전문 소매업,G47859,그 외 기타 분류 안된 상품 전문 소매업,41,경기도,41610,광주시,41610370,남한산성면,4161037027,남한산성면,4161037027102410000,1,대지,241,,경기도 광주시 남한산성면 불당리 241,416104433243,경기도 광주시 남한산성면 불당길,52,,4161036027102410000000001,,경기도 광주시 남한산성면 불당길 52,464813,12703,,1,,127.211209022331,37.4568680440826
MA0106202311A0565001,피카딜리,,G2,소매,G221,기타 상품 소매,G22199,그 외 기타 상품 전문 소매업,G47859,그 외 기타 분류 안된 상품 전문 소매업,41,경기도,41590,화성시,41590590,동탄5동,4159013100,영천동,4159013100108320002,1,대지,832,2,경기도 화성시 영천동 832-2,415903012058,경기도 화성시 동탄기흥로,557,,4159013100103580061000001,금강펜테리움IT타워,경기도 화성시 동탄기흥로 557,445130,18469,,1,,127.092185908761,37.2100121181284
MA0106202311A2088471,에스에이치컴퍼니,,G2,소매,G221,기타 상품 소매,G22199,그 외 기타 상품 전문 소매업,G47859,그 외 기타 분류 안된 상품 전문 소매업,30,대전광역시,30170,서구,30170587,월평2동,3017011300,월평동,3017011300102430000,1,대지,243,,대전광역시 서구 월평동 243,301702010001,대전광역시 서구 대덕대로,325,,3017011300102430000018556,,대전광역시 서구 대덕대로 325,302847,35214,,7,,127.378929870135,36.3619125642216
MA0106202311A1011450,마마스반찬,,G2,소매,G221,기타 상품 소매,G22199,그 외 기타 상품 전문 소매업,G47859,그 외 기타 분류 안된 상품 전문 소매업,47,경상북도,47190,구미시,47190690,양포동,4719012800,옥계동,4719012800107890003,1,대지,789,3,경상북도 구미시 옥계동 789-3,471903308047,경상북도 구미시 옥계북로,84,,4719012800107890003036225,,경상북도 구미시 옥계북로 84,730824,39184,,,,128.42687796073,36.1380865620034
MA0106202311A1682609,참새와방앗간,,G2,소매,G221,기타 상품 소매,G22199,그 외 기타 상품 전문 소매업,G47859,그 외 기타 분류 안된 상품 전문 소매업,46,전라남도,46110,목포시,46110558,원산동,4611010200,산정동,4611010200117330004,1,대지,1733,4,전라남도 목포시 산정동 1733-4,461104643490,전라남도 목포시 연산로159번길,26,1,4611010200117330004039138,,전라남도 목포시 연산로159번길 26-1,530810,58636,,1,,126.377584845804,34.8093591787642
MA0106202311A2426298,딜리셔스랭귀지,,G2,소매,G221,기타 상품 소매,G22199,그 외 기타 상품 전문 소매업,G47859,그 외 기타 분류 안된 상품 전문 소매업,27,대구광역시,27230,북구,27230715,관문동,2723012900,금호동,2723012900107330000,1,대지,733,,대구광역시 북구 금호동 733,272303145056,대구광역시 북구 한강로,74,,2723012900107330000000001,,대구광역시 북구 한강로 74,702300,41598,,1,,128.517706390637,35.8968720129667
MA0106202309A0827682,가조백두산천지온천여탕내매점,,G2,소매,G221,기타 상품 소매,G22199,그 외 기타 상품 전문 소매업,G47859,그 외 기타 분류 안된 상품 전문 소매업,48,경상남도,48880,거창군,48880400,가조면,4888040028,가조면,4888040028103310001,1,대지,331,1,경상남도 거창군 가조면 마상리 331-1,488803019081,경상남도 거창군 가조면 가조가야로,1096,1,4888040028103310001058509,,경상남도 거창군 가조면 가조가야로 1096-1,670914,50118,,2,,128.014873953199,35.7101432664788
MA0106202309A2135242,한가빈,,G2,소매,G221,기타 상품 소매,G22199,그 외 기타 상품 전문 소매업,G47859,그 외 기타 분류 안된 상품 전문 소매업,28,인천광역시,28110,중구,28110623,영종2동,2811014500,중산동,2811014500119260043,1,대지,1926,43,인천광역시 중구 중산동 1926-43,281104855350,인천광역시 중구 영종진로11번길,13,,2811014500119260043000001,,인천광역시 중구 영종진로11번길 13,400320,22393,,1,,126.573491067036,37.4946969146597
MA0106202311A2059107,와따아이스,,G2,소매,G221,기타 상품 소매,G22199,그 외 기타 상품 전문 소매업,G47859,그 외 기타 분류 안된 상품 전문 소매업,41,경기도,41273,안산시 단원구,41273510,와동,4127310200,와동,4127310200106820012,1,대지,682,12,경기도 안산시 단원구 와동 682-12,412733191053,경기도 안산시 단원구 와동로,10,,4127310200106820012041800,,경기도 안산시 단원구 와동로 10,425841,15270,,,,126.827145356481,37.3316704005643
MA0106202311A1192121,힐링휴,,G2,소매,G221,기타 상품 소매,G22199,그 외 기타 상품 전문 소매업,G47859,그 외 기타 분류 안된 상품 전문 소매업,47,경상북도,47820,청도군,47820330,각북면,4782033036,각북면,4782033036106880000,1,대지,688,,경상북도 청도군 각북면 오산리 688,478203000063,경상북도 청도군 각북면 헐티로,1260,,4782033036106800005010070,,경상북도 청도군 각북면 헐티로 1260,714841,38300,,,,128.563126359311,35.7151298638827
MA0106202311A0384757,정다원,,G2,소매,G221,기타 상품 소매,G22199,그 외 기타 상품 전문 소매업,G47859,그 외 기타 분류 안된 상품 전문 소매업,41,경기도,41465,용인시 수지구,41465530,신봉동,4146510500,신봉동,4146510500108880004,1,대지,888,4,경기도 용인시 수지구 신봉동 888-4,414654415077,경기도 용인시 수지구 수지로227번길,6,,4146510500108880004028337,,경기도 용인시 수지구 수지로227번길 6,448150,16816,,1,,127.084153491397,37.3213778344166
MA0106202309A1337716,새터말마을관리사회적협동조합,,G2,소매,G221,기타 상품 소매,G22199,그 외 기타 상품 전문 소매업,G47859,그 외 기타 분류 안된 상품 전문 소매업,30,대전광역시,30110,동구,30110530,효동,3011010500,가오동,3011010500104010000,1,대지,401,,대전광역시 동구 가오동 401,301104292127,대전광역시 동구 대전로472번길,15,,3011010500104010000033029,,대전광역시 동구 대전로472번길 15,300030,34691,,2,,127.451623141655,36.3084004752719
MA0106202309A1729453,정순이호떡앤분식까페,,G2,소매,G221,기타 상품 소매,G22199,그 외 기타 상품 전문 소매업,G47859,그 외 기타 분류 안된 상품 전문 소매업,51,강원특별자치도,51110,춘천시,51110660,퇴계동,5111012300,퇴계동,5111012300110180000,1,대지,1018,,강원특별자치도 춘천시 퇴계동 1018,511103218035,강원특별자치도 춘천시 지석로,74,11,4211012300110180000032880,퇴계시장,강원특별자치도 춘천시 지석로 74-11,200965,24420,,1,,127.74327526162,37.8498909248969
MA0106202404A1023530,최고기획,,G2,소매,G221,기타 상품 소매,G22199,그 외 기타 상품 전문 소매업,G47859,그 외 기타 분류 안된 상품 전문 소매업,41,경기도,41360,남양주시,41360545,다산1동,4136011200,다산동,4136011200161430000,1,대지,6143,,경기도 남양주시 다산동 6143,413603351591,경기도 남양주시 다산순환로,20,,4136011200161430000000001,디,경기도 남양주시 다산순환로 20,,12248,,8,,127.151689117087,37.6126792551016
MA0106202404A2263176,온새미로,,G2,소매,G221,기타 상품 소매,G22199,그 외 기타 상품 전문 소매업,G47859,그 외 기타 분류 안된 상품 전문 소매업,44,충청남도,44810,예산군,44810253,삽교읍,4481025326,삽교읍,4481025326109200003,1,대지,920,3,충청남도 예산군 삽교읍 목리 920-3,448103015095,충청남도 예산군 삽교읍 청사로,217,,4481025326109200003000001,,충청남도 예산군 삽교읍 청사로 217,340904,32416,,,,126.676073263706,36.6631402589087
MA0106202404A1610988,구룡포전복죽,,G2,소매,G221,기타 상품 소매,G22199,그 외 기타 상품 전문 소매업,G47859,그 외 기타 분류 안된 상품 전문 소매업,47,경상북도,47111,포항시 남구,47111590,대이동,4711111600,대잠동,4711111600109760008,1,대지,976,8,경상북도 포항시 남구 대잠동 976-8,471114709075,경상북도 포항시 남구 대이로5번길,4,,4711111600109760003126057,,경상북도 포항시 남구 대이로5번길 4,790826,37685,,,,129.343683314209,36.0162895060572
MA0106202404A2170859,성원유통,,G2,소매,G221,기타 상품 소매,G22199,그 외 기타 상품 전문 소매업,G47859,그 외 기타 분류 안된 상품 전문 소매업,51,강원특별자치도,51110,춘천시,51110610,후평2동,5111012000,후평동,5111012000106920020,1,대지,692,20,강원특별자치도 춘천시 후평동 692-20,511103218037,강원특별자치도 춘천시 춘천로,304,1,4211012000106920020030549,,강원특별자치도 춘천시 춘천로 304-1,200969,24277,,1,,127.746842378882,37.8813649049154
MA0106202404A1389044,이코유통,,G2,소매,G221,기타 상품 소매,G22199,그 외 기타 상품 전문 소매업,G47859,그 외 기타 분류 안된 상품 전문 소매업,28,인천광역시,28177,미추홀구,28177630,주안2동,2817710500,주안동,2817710500106970009,1,대지,697,9,인천광역시 미추홀구 주안동 697-9,281774253534,인천광역시 미추홀구 인주대로291번길,37,,2817010600106970009090138,,인천광역시 미추홀구 인주대로291번길 37,402844,22158,,1,,126.669631519364,37.4538289116255
MA0106202404A1112681,수제청아람,,G2,소매,G221,기타 상품 소매,G22199,그 외 기타 상품 전문 소매업,G47859,그 외 기타 분류 안된 상품 전문 소매업,28,인천광역시,28260,서구,28260590,가좌2동,2826011200,가좌동,2826011200102400002,1,대지,240,2,인천광역시 서구 가좌동 240-2,282604268648,인천광역시 서구 장고개로293번길,19,2,2826011200102400002009084,,인천광역시 서구 장고개로293번길 19-2,404814,22820,,1,,126.682202272173,37.4905073277519
MA0106202404A1109170,오늘쉐프,고덕점,G2,소매,G221,기타 상품 소매,G22199,그 외 기타 상품 전문 소매업,G47859,그 외 기타 분류 안된 상품 전문 소매업,41,경기도,41220,평택시,41220660,고덕동,4122012800,고덕동,4122012800121070003,1,대지,2107,3,경기도 평택시 고덕동 2107-3,412204856236,경기도 평택시 고덕여염11길,35,,4122033029100000000000399,,경기도 평택시 고덕여염11길 35,,18014,,,,127.051944317154,37.0437544389181
MA0106202404A1178763,짱팩,,G2,소매,G221,기타 상품 소매,G22199,그 외 기타 상품 전문 소매업,G47859,그 외 기타 분류 안된 상품 전문 소매업,31,울산광역시,31200,북구,31200560,효문동,3120012100,진장동,3120012100105090002,1,대지,509,2,울산광역시 북구 진장동 509-2,312004316331,울산광역시 북구 진장7길,7,,3120012100105090002000002,,울산광역시 북구 진장7길 7,683360,44251,,,,129.358564933877,35.566252508503
MA0106202311A2146504,옥이네반찬,,G2,소매,G221,기타 상품 소매,G22199,그 외 기타 상품 전문 소매업,G47859,그 외 기타 분류 안된 상품 전문 소매업,52,전북특별자치도,52111,전주시 완산구,52111692,평화2동,5211113300,평화동2가,5211113300102590005,1,대지,259,5,전북특별자치도 전주시 완산구 평화동2가 259-5,521113266089,전북특별자치도 전주시 완산구 모악로,4705,5,4511113300102590005033807,삼성강남맨션,전북특별자치도 전주시 완산구 모악로 4705-5,560746,55135,,,,127.13064895074,35.7896345853016
MA0106202311A1169463,지원유통기획,,G2,소매,G221,기타 상품 소매,G22199,그 외 기타 상품 전문 소매업,G47859,그 외 기타 분류 안된 상품 전문 소매업,52,전북특별자치도,52140,익산시,52140646,영등1동,5214012200,영등동,5214012200105430029,1,대지,543,29,전북특별자치도 익산시 영등동 543-29,521404608093,전북특별자치도 익산시 인북로32길,65,1,4514012200105430029079258,,전북특별자치도 익산시 인북로32길 65-1,570980,54624,,,,126.963812020729,35.9475726891706
MA0106202311A1382129,희녹라이프,,G2,소매,G221,기타 상품 소매,G22199,그 외 기타 상품 전문 소매업,G47859,그 외 기타 분류 안된 상품 전문 소매업,11,서울특별시,11110,종로구,11110615,종로1.2.3.4가동,1111013200,운니동,1111013200100980020,1,대지,98,20,서울특별시 종로구 운니동 98-20,111103100010,서울특별시 종로구 율곡로,82,,1111013200100980020015481,로얄창덕궁빌딩,서울특별시 종로구 율곡로 82,110350,03131,,3,,126.988169949391,37.5771689638634
MA0106202311A0739573,인산가,시청점,G2,소매,G221,기타 상품 소매,G22199,그 외 기타 상품 전문 소매업,G47859,그 외 기타 분류 안된 상품 전문 소매업,47,경상북도,47111,포항시 남구,47111590,대이동,4711111600,대잠동,4711111600109770002,1,대지,977,2,경상북도 포항시 남구 대잠동 977-2,471114709075,경상북도 포항시 남구 대이로5번길,10,,4711111600109770002000001,,경상북도 포항시 남구 대이로5번길 10,790826,37685,,1,,129.343169870021,36.0158039954143
MA0106202311A0371928,새샘유통,,G2,소매,G221,기타 상품 소매,G22199,그 외 기타 상품 전문 소매업,G47859,그 외 기타 분류 안된 상품 전문 소매업,41,경기도,41590,화성시,41590256,우정읍,4159025631,우정읍,4159025631112000035,1,대지,1200,35,경기도 화성시 우정읍 화산리 1200-35,415903210010,경기도 화성시 우정읍 기아자동차로,536,,4159025631112000035000001,,경기도 화성시 우정읍 기아자동차로 536,445953,18569,,1,,126.794081918134,37.0629601827201
MA0106202311A1077240,이케이푸드,,G2,소매,G221,기타 상품 소매,G22199,그 외 기타 상품 전문 소매업,G47859,그 외 기타 분류 안된 상품 전문 소매업,11,서울특별시,11710,송파구,11710620,가락본동,1171010700,가락동,1171010700100400000,1,대지,40,,서울특별시 송파구 가락동 40,117104169369,서울특별시 송파구 양재대로64길,28,,1171010700100400012006702,,서울특별시 송파구 양재대로64길 28,138801,05715,,2,,127.123256023829,37.4997994358023
MA0106202311A2238438,테크노비엔에스,,G2,소매,G221,기타 상품 소매,G22199,그 외 기타 상품 전문 소매업,G47859,그 외 기타 분류 안된 상품 전문 소매업,43,충청북도,43113,청주시 흥덕구,43113770,강서2동,4311313400,송절동,4311313400106910000,1,대지,691,,충청북도 청주시 흥덕구 송절동 691,431134855164,충청북도 청주시 흥덕구 송화로150번길,7,3,4311313400106910000000001,,충청북도 청주시 흥덕구 송화로150번길 7-3,361540,28292,,5,,127.450300949888,36.6656041017016
MA0106202311A0181098,부티끄살롱,,G2,소매,G221,기타 상품 소매,G22199,그 외 기타 상품 전문 소매업,G47859,그 외 기타 분류 안된 상품 전문 소매업,41,경기도,41820,가평군,41820310,설악면,4182031023,설악면,4182031023108980000,1,대지,898,,경기도 가평군 설악면 회곡리 898,418203216059,경기도 가평군 설악면 유명로,2267,,4182031023105470004000001,,경기도 가평군 설악면 유명로 2267,477854,12459,,3,,127.448504791882,37.7024814556486
MA0106202311A2100544,하늘스케치,,G2,소매,G221,기타 상품 소매,G22199,그 외 기타 상품 전문 소매업,G47859,그 외 기타 분류 안된 상품 전문 소매업,41,경기도,41820,가평군,41820250,가평읍,4182025033,가평읍,4182025033102150000,1,대지,215,,경기도 가평군 가평읍 복장리 215,418204448100,경기도 가평군 가평읍 복장포길,46,184,4182025033102150000003692,,경기도 가평군 가평읍 복장포길 46-184,477803,12430,,1,,127.501598352972,37.7447930102418
MA0106202309A1696539,해피비타민,,G2,소매,G221,기타 상품 소매,G22199,그 외 기타 상품 전문 소매업,G47859,그 외 기타 분류 안된 상품 전문 소매업,41,경기도,41670,여주시,41670520,중앙동,4167010900,월송동,4167010900101060003,1,대지,106,3,경기도 여주시 월송동 106-3,416703214073,경기도 여주시 향교로,101,,4167010900101060003000001,,경기도 여주시 향교로 101,469109,12644,,1,,127.622921819387,37.2863312033992
MA0106202309A2316076,텐버거,,G2,소매,G221,기타 상품 소매,G22199,그 외 기타 상품 전문 소매업,G47859,그 외 기타 분류 안된 상품 전문 소매업,41,경기도,41430,의왕시,41430560,청계동,4143010900,포일동,4143010900106530000,1,대지,653,,경기도 의왕시 포일동 653,414303201052,경기도 의왕시 이미로,40,,4143010900106530000000001,디동,경기도 의왕시 이미로 40,437828,16006,,,,126.991360036382,37.4010132075773
MA0106202309A1237730,다이소북항,2호점,G2,소매,G221,기타 상품 소매,G22199,그 외 기타 상품 전문 소매업,G47859,그 외 기타 분류 안된 상품 전문 소매업,46,전라남도,46110,목포시,46110558,원산동,4611010200,산정동,4611010200117570001,1,대지,1757,1,전라남도 목포시 산정동 1757-1,461103281083,전라남도 목포시 청호로,188,,4611010200117570001049734,,전라남도 목포시 청호로 188,530820,58638,,1,,126.372463743969,34.8073227708281
MA0106202309A1144529,동가찬,,G2,소매,G221,기타 상품 소매,G22199,그 외 기타 상품 전문 소매업,G47859,그 외 기타 분류 안된 상품 전문 소매업,11,서울특별시,11560,영등포구,11560630,신길1동,1156013200,신길동,1156013200100950049,1,대지,95,49,서울특별시 영등포구 신길동 95-49,115604154744,서울특별시 영등포구 영등포로72길,5,,1156013200100950049017043,동가보쌈,서울특별시 영등포구 영등포로72길 5,150839,07352,,,,126.918832343472,37.5134410254319
MA0106202309A1904814,파인트리,,G2,소매,G221,기타 상품 소매,G22199,그 외 기타 상품 전문 소매업,G47859,그 외 기타 분류 안된 상품 전문 소매업,26,부산광역시,26350,해운대구,26350650,재송1동,2635010400,재송동,2635010400102570002,1,대지,257,2,부산광역시 해운대구 재송동 257-2,263504199187,부산광역시 해운대구 재반로64번길,10,,2635010400102570002029017,,부산광역시 해운대구 재반로64번길 10,612831,48057,,,,129.126847689784,35.1846242980277
MA0106202309A0952463,옥정전자담배,,G2,소매,G221,기타 상품 소매,G22199,그 외 기타 상품 전문 소매업,G47859,그 외 기타 분류 안된 상품 전문 소매업,41,경기도,41630,양주시,41630580,옥정2동,4163011400,옥정동,4163011400109630017,1,대지,963,17,경기도 양주시 옥정동 963-17,416303350563,경기도 양주시 회천남로,80,,4163011400109630017000001,,경기도 양주시 회천남로 80,482130,11473,,,,127.09342586473,37.8185670018876
MA0106202309A2101939,미래교육사,,G2,소매,G221,기타 상품 소매,G22199,그 외 기타 상품 전문 소매업,G47859,그 외 기타 분류 안된 상품 전문 소매업,48,경상남도,48170,진주시,48170680,상평동,4817012100,상평동,4817012100102770031,1,대지,277,31,경상남도 진주시 상평동 277-31,481704796249,경상남도 진주시 남강로959번길,17,,4817012100102770031406063,,경상남도 진주시 남강로959번길 17,660904,52808,,2,,128.101403565946,35.173924345584
MA0106202309A2363880,미강사,,G2,소매,G221,기타 상품 소매,G22199,그 외 기타 상품 전문 소매업,G47859,그 외 기타 분류 안된 상품 전문 소매업,29,광주광역시,29140,서구,29140800,서창동,2914013200,매월동,2914013200104610000,1,대지,461,,광주광역시 서구 매월동 461,291403000074,광주광역시 서구 회재로,705,5,2914013200104610000002724,,광주광역시 서구 회재로 705-5,502151,62070,,,,126.845440788366,35.1130521387181
MA0106202310A2072912,외국인통합지원센터,,G2,소매,G221,기타 상품 소매,G22199,그 외 기타 상품 전문 소매업,G47859,그 외 기타 분류 안된 상품 전문 소매업,26,부산광역시,26710,기장군,26710256,정관읍,2671025625,정관읍,2671025625110220003,1,대지,1022,3,부산광역시 기장군 정관읍 달산리 1022-3,267104220044,부산광역시 기장군 정관읍 달산1길,22,1,2671025625110220003000001,,부산광역시 기장군 정관읍 달산1길 22-1,619961,46024,,1,,129.180343518747,35.3173727841149
MA0106202309A1373836,알엠에스,,G2,소매,G221,기타 상품 소매,G22199,그 외 기타 상품 전문 소매업,G47859,그 외 기타 분류 안된 상품 전문 소매업,36,세종특별자치시,36110,세종특별자치시,36110556,반곡동,3611010100,반곡동,3611010100108360000,1,대지,836,,세종특별자치시 세종특별자치시 반곡동 836,361103351245,세종특별자치시 세종특별자치시 국책연구원2로,18,,3611010100103080000000001,알파타워,세종특별자치시 세종특별자치시 국책연구원2로 18,339007,30147,,,,127.301611796272,36.4907020690608
MA0106202309A2232899,해든,,G2,소매,G221,기타 상품 소매,G22199,그 외 기타 상품 전문 소매업,G47859,그 외 기타 분류 안된 상품 전문 소매업,52,전북특별자치도,52710,완주군,52710256,용진읍,5271025622,용진읍,5271025622108470002,1,대지,847,2,전북특별자치도 완주군 용진읍 구억리 847-2,527103273005,전북특별자치도 완주군 용진읍 구억명덕로,95,4,4571031024108470002000001,,전북특별자치도 완주군 용진읍 구억명덕로 95-4,565812,55353,,,,127.164442665522,35.8703188149278
MA0106202404A1440316,이가돈까스,,G2,소매,G221,기타 상품 소매,G22199,그 외 기타 상품 전문 소매업,G47859,그 외 기타 분류 안된 상품 전문 소매업,46,전라남도,46770,고흥군,46770250,고흥읍,4677025024,고흥읍,4677025024116820000,1,대지,1682,,전라남도 고흥군 고흥읍 등암리 1682,467703351786,전라남도 고흥군 고흥읍 고흥군청로,4,,4677025024116820000000001,,전라남도 고흥군 고흥읍 고흥군청로 4,548804,59542,,,,127.276957869704,34.6046966544906
MA0106202404A2021005,준호상회,,G2,소매,G221,기타 상품 소매,G22199,그 외 기타 상품 전문 소매업,G47859,그 외 기타 분류 안된 상품 전문 소매업,11,서울특별시,11740,강동구,11740610,천호2동,1174010900,천호동,1174010900103970022,1,대지,397,22,서울특별시 강동구 천호동 397-22,117404172057,서울특별시 강동구 구천면로33길,5,,1174010900103970022008635,,서울특별시 강동구 구천면로33길 5,134903,05326,,1,,127.130669692377,37.5423458062783
MA0106202404A1969852,엑소젠,,G2,소매,G221,기타 상품 소매,G22199,그 외 기타 상품 전문 소매업,G47859,그 외 기타 분류 안된 상품 전문 소매업,30,대전광역시,30200,유성구,30200540,온천2동,3020012100,죽동,3020012100107330003,1,대지,733,3,대전광역시 유성구 죽동 733-3,302004851244,대전광역시 유성구 죽동로242번길,8,17,3020012100107330003000001,,대전광역시 유성구 죽동로242번길 8-17,305328,34127,,1,,127.337594730105,36.3752026508265
MA0106202404A2183552,더담은반찬,,G2,소매,G221,기타 상품 소매,G22199,그 외 기타 상품 전문 소매업,G47859,그 외 기타 분류 안된 상품 전문 소매업,41,경기도,41500,이천시,41500530,관고동,4150010200,관고동,4150010200100100009,1,대지,10,9,경기도 이천시 관고동 10-9,415004421436,경기도 이천시 설봉로58번길,38,,4150010200100100008009530,,경기도 이천시 설봉로58번길 38,467020,17368,,1,,127.440354139731,37.2810962682399
MA0106202311A1828563,더원,코리아,G2,소매,G221,기타 상품 소매,G22199,그 외 기타 상품 전문 소매업,G47859,그 외 기타 분류 안된 상품 전문 소매업,41,경기도,41610,광주시,41610253,초월읍,4161025329,초월읍,4161025329105480001,1,대지,548,1,경기도 광주시 초월읍 지월리 548-1,416104433294,경기도 광주시 초월읍 설월길36번길,30,,4161025329105440002248776,,경기도 광주시 초월읍 설월길36번길 30,464863,12740,,,,127.287862034548,37.427342210528
MA0106202311A1184589,수원왕갈비통닭&닭강정참잘하는집,,G2,소매,G221,기타 상품 소매,G22199,그 외 기타 상품 전문 소매업,G47859,그 외 기타 분류 안된 상품 전문 소매업,41,경기도,41113,수원시 권선구,41113670,권선1동,4111313700,권선동,4111313700110420000,1,대지,1042,,경기도 수원시 권선구 권선동 1042,411134325301,경기도 수원시 권선구 세권로221번길,34,,4111313700110420000028976,윤호빌딩,경기도 수원시 권선구 세권로221번길 34,441824,16568,,1,,127.02919552153,37.25611491688
MA0106202311A0700815,센코,,G2,소매,G221,기타 상품 소매,G22199,그 외 기타 상품 전문 소매업,G47859,그 외 기타 분류 안된 상품 전문 소매업,41,경기도,41370,오산시,41370550,세마동,4137011300,세교동,4137011300105840001,1,대지,584,1,경기도 오산시 세교동 584-1,413703198013,경기도 오산시 독산성로,445,,4137011300105840001000001,,경기도 오산시 독산성로 445,447240,18111,,,,127.043394448702,37.1896131941934
MA0106202311A0821648,블레스,,G2,소매,G221,기타 상품 소매,G22199,그 외 기타 상품 전문 소매업,G47859,그 외 기타 분류 안된 상품 전문 소매업,26,부산광역시,26530,사상구,26530591,모라1동,2653010200,모라동,2653010200108760001,1,대지,876,1,부산광역시 사상구 모라동 876-1,265303132023,부산광역시 사상구 사상로,482,1,2653010200108760001009157,,부산광역시 사상구 사상로 482-1,617822,46920,,1,,128.987807277956,35.1873566050494
MA0106202311A0457083,렉시오,,G2,소매,G221,기타 상품 소매,G22199,그 외 기타 상품 전문 소매업,G47859,그 외 기타 분류 안된 상품 전문 소매업,41,경기도,41390,시흥시,41390540,은행동,4139010600,은행동,4139010600106080000,1,대지,608,,경기도 시흥시 은행동 608,413903351222,경기도 시흥시 은계중앙로,256,,4139011300107250017000002,리버시티,경기도 시흥시 은계중앙로 256,429060,14923,,,,126.803950611904,37.4470370927194
MA0106202311A2041385,허니브로우,,G2,소매,G221,기타 상품 소매,G22199,그 외 기타 상품 전문 소매업,G47859,그 외 기타 분류 안된 상품 전문 소매업,51,강원특별자치도,51130,원주시,51130675,반곡관설동,5113011600,관설동,5113011600114520018,1,대지,1452,18,강원특별자치도 원주시 관설동 1452-18,511303219054,강원특별자치도 원주시 치악로,1495,,4213011600114520018000001,,강원특별자치도 원주시 치악로 1495,220934,26471,,,,127.967212629364,37.3183917658298
MA0106202311A1374873,아이리아,,G2,소매,G221,기타 상품 소매,G22199,그 외 기타 상품 전문 소매업,G47859,그 외 기타 분류 안된 상품 전문 소매업,28,인천광역시,28185,연수구,28185830,송도2동,2818510600,송도동,2818510600100290008,1,대지,29,8,인천광역시 연수구 송도동 29-8,281853152013,인천광역시 연수구 센트럴로,313,,2818510600100290008000001,,인천광역시 연수구 센트럴로 313,406082,22006,,,,126.631517327849,37.4016287014149
MA0106202311A1642999,지앤케이바이오,,G2,소매,G221,기타 상품 소매,G22199,그 외 기타 상품 전문 소매업,G47859,그 외 기타 분류 안된 상품 전문 소매업,43,충청북도,43113,청주시 흥덕구,43113760,강서1동,4311313800,비하동,4311313800107850000,1,대지,785,,충청북도 청주시 흥덕구 비하동 785,431134511436,충청북도 청주시 흥덕구 비하로12번길,15,,4311313800107850000000001,,충청북도 청주시 흥덕구 비하로12번길 15,361825,28365,,,,127.425958675363,36.6286122007244
MA0106202311A1967432,정원,,G2,소매,G221,기타 상품 소매,G22199,그 외 기타 상품 전문 소매업,G47859,그 외 기타 분류 안된 상품 전문 소매업,48,경상남도,48850,하동군,48850310,화개면,4885031024,화개면,4885031024106000000,1,대지,600,,경상남도 하동군 화개면 삼신리 600,488504832187,경상남도 하동군 화개면 법하길,24,12,4885031024106000000000001,,경상남도 하동군 화개면 법하길 24-12,667823,52303,,,,127.628178217496,35.1996382502864
MA0106202311A0238901,오제이,,G2,소매,G221,기타 상품 소매,G22199,그 외 기타 상품 전문 소매업,G47859,그 외 기타 분류 안된 상품 전문 소매업,41,경기도,41630,양주시,41630520,양주2동,4163010600,광사동,4163010600106870002,1,대지,687,2,경기도 양주시 광사동 687-2,416304436077,경기도 양주시 고읍남로39번길,129,56,4163010600106870002000001,,경기도 양주시 고읍남로39번길 129-56,482030,11491,,,,127.082217620855,37.7891860638852
MA0106202312A1325536,꽃나드리협동조합,,G2,소매,G221,기타 상품 소매,G22199,그 외 기타 상품 전문 소매업,G47859,그 외 기타 분류 안된 상품 전문 소매업,51,강원특별자치도,51730,횡성군,51730250,횡성읍,5173025021,횡성읍,5173025021106860002,1,대지,686,2,강원특별자치도 횡성군 횡성읍 읍상리 686-2,517303226043,강원특별자치도 횡성군 횡성읍 앞들동1로,20,,5173025021106860002000001,,강원특별자치도 횡성군 횡성읍 앞들동1로 20,225807,25230,,,,127.985604847145,37.4859494870887
MA0106202311A2029283,해피월드푸드,,G2,소매,G221,기타 상품 소매,G22199,그 외 기타 상품 전문 소매업,G47859,그 외 기타 분류 안된 상품 전문 소매업,41,경기도,41650,포천시,41650310,군내면,4165031023,군내면,4165031023102080005,1,대지,208,5,경기도 포천시 군내면 유교리 208-5,416504439133,경기도 포천시 군내면 마전1길,5,26,4165031023102060004021992,탑그린월드,경기도 포천시 군내면 마전1길 5-26,487875,11157,,1,,127.203231858681,37.8527370329846
MA0106202311A1131870,아임인더가든,,G2,소매,G221,기타 상품 소매,G22199,그 외 기타 상품 전문 소매업,G47859,그 외 기타 분류 안된 상품 전문 소매업,51,강원특별자치도,51230,삼척시,51230570,성내동,5123010500,당저동,5123010500101680007,1,대지,168,7,강원특별자치도 삼척시 당저동 168-7,512303224004,강원특별자치도 삼척시 대학로,25,19,4223010500101710006000001,,강원특별자치도 삼척시 대학로 25-19,245940,25917,,,,129.162662547424,37.4432473794874
MA0106202311A2431462,완도건어물,,G2,소매,G221,기타 상품 소매,G22199,그 외 기타 상품 전문 소매업,G47859,그 외 기타 분류 안된 상품 전문 소매업,28,인천광역시,28237,부평구,28237540,부평4동,2823710100,부평동,2823710100102520057,1,대지,252,57,인천광역시 부평구 부평동 252-57,282374262698,인천광역시 부평구 주부토로32번길,23,1,2823710100102520057000001,,인천광역시 부평구 주부토로32번길 23-1,403820,21391,,1,,126.726432935266,37.4978711116991
MA0106202309A2247496,제너럴사이언스,,G2,소매,G221,기타 상품 소매,G22199,그 외 기타 상품 전문 소매업,G47859,그 외 기타 분류 안된 상품 전문 소매업,30,대전광역시,30200,유성구,30200527,상대동,3020011600,복용동,3020011600102360003,1,대지,236,3,대전광역시 유성구 복용동 236-3,302003167030,대전광역시 유성구 복용동로,43,,3020011600102360003000001,에프,대전광역시 유성구 복용동로 43,305313,34202,,7,,127.321695115284,36.3379648836332
MA0106202309A0714712,제이티,,G2,소매,G221,기타 상품 소매,G22199,그 외 기타 상품 전문 소매업,G47859,그 외 기타 분류 안된 상품 전문 소매업,41,경기도,41610,광주시,41610259,곤지암읍,4161025921,곤지암읍,4161025921104410021,1,대지,441,21,경기도 광주시 곤지암읍 곤지암리 441-21,416104433064,경기도 광주시 곤지암읍 곤지암로50번길,15,,4161025621104410021024054,,경기도 광주시 곤지암읍 곤지암로50번길 15,464872,12804,,1,,127.339833268574,37.3499058124982
MA0106202309A1636977,외갓집도시락앤푸드,,G2,소매,G221,기타 상품 소매,G22199,그 외 기타 상품 전문 소매업,G47859,그 외 기타 분류 안된 상품 전문 소매업,47,경상북도,47150,김천시,47150610,지좌동,4715011600,덕곡동,4715011600109800001,1,대지,980,1,경상북도 김천시 덕곡동 980-1,471504718924,경상북도 김천시 한마음길,33,11,4715011600109800001000001,,경상북도 김천시 한마음길 33-11,740981,39657,,,,128.153776722769,36.115517421689
MA0106202309A1361150,이한유통,,G2,소매,G221,기타 상품 소매,G22199,그 외 기타 상품 전문 소매업,G47859,그 외 기타 분류 안된 상품 전문 소매업,28,인천광역시,28200,남동구,28200650,장수서창동,2820010500,서창동,2820010500100630000,1,대지,63,,인천광역시 남동구 서창동 63,282004259022,인천광역시 남동구 걸재천로39번길,23,12,2820010500100630000000001,,인천광역시 남동구 걸재천로39번길 23-12,405870,21600,,,,126.754266075314,37.4348976913921
MA0106202309A1632797,베이프존광흥창점,,G2,소매,G221,기타 상품 소매,G22199,그 외 기타 상품 전문 소매업,G47859,그 외 기타 분류 안된 상품 전문 소매업,11,서울특별시,11440,마포구,11440655,서강동,1144011400,창전동,1144011400103160002,1,대지,316,2,서울특별시 마포구 창전동 316-2,114403113005,서울특별시 마포구 독막로,156,,1144011400103160002008900,,서울특별시 마포구 독막로 156,121882,04078,,1,,126.930847260035,37.5473353298507
MA0106202309A0794102,성원유통,,G2,소매,G221,기타 상품 소매,G22199,그 외 기타 상품 전문 소매업,G47859,그 외 기타 분류 안된 상품 전문 소매업,41,경기도,41133,성남시 중원구,41133570,상대원1동,4113310500,상대원동,4113310500154690000,1,대지,5469,,경기도 성남시 중원구 상대원동 5469,411333179011,경기도 성남시 중원구 사기막골로,99,,4113310500101450003051190,,경기도 성남시 중원구 사기막골로 99,462121,13201,,B2,,127.174128706955,37.4386649626252
MA0106202309A0851723,제주젬마의집,,G2,소매,G221,기타 상품 소매,G22199,그 외 기타 상품 전문 소매업,G47859,그 외 기타 분류 안된 상품 전문 소매업,50,제주특별자치도,50110,제주시,50110256,구좌읍,5011025632,구좌읍,5011025632108810001,1,대지,881,1,제주특별자치도 제주시 구좌읍 종달리 881-1,501104848742,제주특별자치도 제주시 구좌읍 종달로5길,27,,5011025632008810001048605,,제주특별자치도 제주시 구좌읍 종달로5길 27,695976,63364,,1,,126.89911710209,33.493481063329
MA0106202309A0817917,에그앤밀,,G2,소매,G221,기타 상품 소매,G22199,그 외 기타 상품 전문 소매업,G47859,그 외 기타 분류 안된 상품 전문 소매업,11,서울특별시,11260,중랑구,11260580,상봉1동,1126010200,상봉동,1126010200100270003,1,대지,27,3,서울특별시 중랑구 상봉동 27-3,112604118443,서울특별시 중랑구 신내로7가길,73,,1126010200100270003017710,,서울특별시 중랑구 신내로7가길 73,131856,02079,,,,127.092022014489,37.6020641418999
MA0106202310A1505231,당짜밀키트,,G2,소매,G221,기타 상품 소매,G22199,그 외 기타 상품 전문 소매업,G47859,그 외 기타 분류 안된 상품 전문 소매업,28,인천광역시,28245,계양구,28245613,계산3동,2824510200,계산동,2824510200100570041,1,대지,57,41,인천광역시 계양구 계산동 57-41,282453155002,인천광역시 계양구 계산새로,19,,2824510200100570041177311,,인천광역시 계양구 계산새로 19,407800,21058,,1,,126.730404769411,37.5380468572558
MA0106202404A1753553,올리브영전남해남점,,G2,소매,G221,기타 상품 소매,G22199,그 외 기타 상품 전문 소매업,G47859,그 외 기타 분류 안된 상품 전문 소매업,46,전라남도,46820,해남군,46820250,해남읍,4682025021,해남읍,4682025021106000098,1,대지,600,98,전라남도 해남군 해남읍 해리 600-98,468203294021,전라남도 해남군 해남읍 중앙1로,95,,4682025021106000005000002,올리브영전남해남점,전라남도 해남군 해남읍 중앙1로 95,536809,59037,,,,126.601959926689,34.5711798449662
MA0106202311A1243080,숲에서,,G2,소매,G221,기타 상품 소매,G22199,그 외 기타 상품 전문 소매업,G47859,그 외 기타 분류 안된 상품 전문 소매업,29,광주광역시,29140,서구,29140840,동천동,2914013300,동천동,2914013300106230000,1,대지,623,,광주광역시 서구 동천동 623,291402009008,광주광역시 서구 하남대로,690,,2917010800112920000000001,,광주광역시 서구 하남대로 690,502882,61903,,5,,126.868184959282,35.1714782131612
MA0106202311A2254014,시각공작단,,G2,소매,G221,기타 상품 소매,G22199,그 외 기타 상품 전문 소매업,G47859,그 외 기타 분류 안된 상품 전문 소매업,11,서울특별시,11680,강남구,11680590,삼성2동,1168010500,삼성동,1168010500101130024,1,대지,113,24,서울특별시 강남구 삼성동 113-24,116804166442,서울특별시 강남구 선릉로108길,31,,1168010500101130024016594,,서울특별시 강남구 선릉로108길 31,135874,06153,,,,127.046644586991,37.5103332189776
MA0106202311A0407166,허니딜라이트,,G2,소매,G221,기타 상품 소매,G22199,그 외 기타 상품 전문 소매업,G47859,그 외 기타 분류 안된 상품 전문 소매업,28,인천광역시,28237,부평구,28237680,십정1동,2823710200,십정동,2823710200105620003,1,대지,562,3,인천광역시 부평구 십정동 562-3,282374262321,인천광역시 부평구 백범로577번길,20,,2823710200105620003003622,공장동,인천광역시 부평구 백범로577번길 20,403847,21449,,,,126.689154492831,37.4745870403522
MA0106202311A1343740,오성식품,,G2,소매,G221,기타 상품 소매,G22199,그 외 기타 상품 전문 소매업,G47859,그 외 기타 분류 안된 상품 전문 소매업,26,부산광역시,26440,강서구,26440560,녹산동,2644011600,범방동,2644011600118550005,1,대지,1855,5,부산광역시 강서구 범방동 1855-5,264404208036,부산광역시 강서구 가락대로900번길,42,,2644011600118550005000001,,부산광역시 강서구 가락대로900번길 42,618210,46727,,1,,128.883742001476,35.1526033500246
MA0106202312A0418618,에그플우아슈크림,장산점,G2,소매,G221,기타 상품 소매,G22199,그 외 기타 상품 전문 소매업,G47859,그 외 기타 분류 안된 상품 전문 소매업,11,서울특별시,11500,강서구,11500560,화곡3동,1150010300,화곡동,1150010300110130000,1,대지,1013,,서울특별시 강서구 화곡동 1013,115003115001,서울특별시 강서구 강서로,237,,1150010300110130000021000,,서울특별시 강서구 강서로 237,157918,07705,,,,126.835883559489,37.5468631103835
MA0106202311A1159780,모악산유통,,G2,소매,G221,기타 상품 소매,G22199,그 외 기타 상품 전문 소매업,G47859,그 외 기타 분류 안된 상품 전문 소매업,52,전북특별자치도,52111,전주시 완산구,52111692,평화2동,5211113300,평화동2가,5211113300107220002,1,대지,722,2,전북특별자치도 전주시 완산구 평화동2가 722-2,521113266015,전북특별자치도 전주시 완산구 난전들로,188,5,4511113300107220002000001,,전북특별자치도 전주시 완산구 난전들로 188-5,560867,55136,,,,127.117392276336,35.7863406152558
MA0106202311A0717130,공일공이스튜디오,,G2,소매,G221,기타 상품 소매,G22199,그 외 기타 상품 전문 소매업,G47859,그 외 기타 분류 안된 상품 전문 소매업,41,경기도,41117,수원시 영통구,41117530,매탄3동,4111710100,매탄동,4111710100111570002,1,대지,1157,2,경기도 수원시 영통구 매탄동 1157-2,411174331187,경기도 수원시 영통구 효원로358번길,7,6,4111710100111570002001783,,경기도 수원시 영통구 효원로358번길 7-6,443804,16546,,,,127.040751192399,37.2588236433958
MA0106202309A1882875,고려양조상사,,G2,소매,G221,기타 상품 소매,G22199,그 외 기타 상품 전문 소매업,G47859,그 외 기타 분류 안된 상품 전문 소매업,50,제주특별자치도,50110,제주시,50110670,외도동,5011014000,내도동,5011014000101510000,1,대지,151,,제주특별자치도 제주시 내도동 151,501104847482,제주특별자치도 제주시 대통길,76,2,5011014000101510000000003,,제주특별자치도 제주시 대통길 76-2,690191,63074,,,,126.443485351792,33.4866736082783
MA0106202309A0722070,열린서점,,G2,소매,G221,기타 상품 소매,G22199,그 외 기타 상품 전문 소매업,G47859,그 외 기타 분류 안된 상품 전문 소매업,41,경기도,41650,포천시,41650250,소흘읍,4165025021,소흘읍,4165025021107290001,1,대지,729,1,경기도 포천시 소흘읍 송우리 729-1,416503213063,경기도 포천시 소흘읍 태봉로,138,,4165025021107290001014756,희성RICH프라자,경기도 포천시 소흘읍 태봉로 138,487823,11177,,,,127.139887760604,37.8299901555498
MA0106202309A0708194,송월타올,,G2,소매,G221,기타 상품 소매,G22199,그 외 기타 상품 전문 소매업,G47859,그 외 기타 분류 안된 상품 전문 소매업,51,강원특별자치도,51210,속초시,51210540,금호동,5121010300,중앙동,5121010300104710004,1,대지,471,4,강원특별자치도 속초시 중앙동 471-4,512104469221,강원특별자치도 속초시 중앙로147번길,16,,4221010300104710004017229,,강원특별자치도 속초시 중앙로147번길 16,217807,24832,,2,,128.590192727173,38.2045200309352
MA0106202311A2417520,개항로인절미,,G2,소매,G221,기타 상품 소매,G22199,그 외 기타 상품 전문 소매업,G47859,그 외 기타 분류 안된 상품 전문 소매업,28,인천광역시,28110,중구,28110570,율목동,2811013100,율목동,2811013100100530001,1,대지,53,1,인천광역시 중구 율목동 53-1,281104247004,인천광역시 중구 개항로96번길,32,,2811013100100530001176951,,인천광역시 중구 개항로96번길 32,400130,22319,,,,126.634060304457,37.4708792962624
MA0106202311A0314567,리라컴퍼니,,G2,소매,G221,기타 상품 소매,G22199,그 외 기타 상품 전문 소매업,G47859,그 외 기타 분류 안된 상품 전문 소매업,41,경기도,41131,성남시 수정구,41131650,시흥동,4113111600,금토동,4113111600102720020,1,대지,272,20,경기도 성남시 수정구 금토동 272-20,411314334133,경기도 성남시 수정구 달래내로28번길,11,5,4113111600102720020028223,,경기도 성남시 수정구 달래내로28번길 11-5,461370,13449,,,,127.096620600773,37.409686912576
MA0106202309A1209853,해원당,,G2,소매,G221,기타 상품 소매,G22199,그 외 기타 상품 전문 소매업,G47859,그 외 기타 분류 안된 상품 전문 소매업,29,광주광역시,29140,서구,29140800,서창동,2914013200,매월동,2914013200104610000,1,대지,461,,광주광역시 서구 매월동 461,291403000074,광주광역시 서구 회재로,705,5,2914013200104610000002724,,광주광역시 서구 회재로 705-5,502151,62070,,,,126.845440788366,35.1130521387181
MA0106202309A1652489,더경희궁찬인천논곡점,,G2,소매,G221,기타 상품 소매,G22199,그 외 기타 상품 전문 소매업,G47859,그 외 기타 분류 안된 상품 전문 소매업,28,인천광역시,28200,남동구,28200700,논현2동,2820011000,논현동,2820011000105790002,1,대지,579,2,인천광역시 남동구 논현동 579-2,282003008022,인천광역시 남동구 함박뫼로,438,2,2820011000105790002000001,,인천광역시 남동구 함박뫼로 438-2,405825,21640,,,,126.710942078536,37.4092649197216
MA0106202309A0780859,명품치킨,마포점,G2,소매,G221,기타 상품 소매,G22199,그 외 기타 상품 전문 소매업,G47859,그 외 기타 분류 안된 상품 전문 소매업,11,서울특별시,11440,마포구,11440660,서교동,1144012000,서교동,1144012000104570025,1,대지,457,25,서울특별시 마포구 서교동 457-25,114403113020,서울특별시 마포구 잔다리로,118,,1144012000104570025024831,,서울특별시 마포구 잔다리로 118,121841,03998,,B1,,126.913985920982,37.5574784971189
MA0106202309A0787452,시루보감,,G2,소매,G221,기타 상품 소매,G22199,그 외 기타 상품 전문 소매업,G47859,그 외 기타 분류 안된 상품 전문 소매업,41,경기도,41117,수원시 영통구,41117585,영통3동,4111710500,영통동,4111710500109900011,1,대지,990,11,경기도 수원시 영통구 영통동 990-11,411174331016,경기도 수원시 영통구 덕영대로1673번길,14,,4111710500109900011000592,,경기도 수원시 영통구 덕영대로1673번길 14,443470,16702,,1,,127.074390024895,37.248156952005
MA0106202309A1701729,청정제주유통,,G2,소매,G221,기타 상품 소매,G22199,그 외 기타 상품 전문 소매업,G47859,그 외 기타 분류 안된 상품 전문 소매업,50,제주특별자치도,50110,제주시,50110680,이호동,5011012600,이호이동,5011012600100030000,1,대지,3,,제주특별자치도 제주시 이호이동 3,501103349236,제주특별자치도 제주시 일주서로,7692,,5011012600100030000063201,,제주특별자치도 제주시 일주서로 7692,690231,63109,,2,,126.468265363441,33.493688592565
MA0106202404A2113836,앤플라워공방,,G2,소매,G221,기타 상품 소매,G22199,그 외 기타 상품 전문 소매업,G47859,그 외 기타 분류 안된 상품 전문 소매업,52,전북특별자치도,52130,군산시,52130530,월명동,5213010400,월명동,5213010400100080001,1,대지,8,1,전북특별자치도 군산시 월명동 8-1,521304604087,전북특별자치도 군산시 구영3길,32,,4513010400100080001020505,,전북특별자치도 군산시 구영3길 32,573060,54022,,,,126.707572237502,35.9861823197696
MA0106202312A1579741,이화안전철물종합상사,,G2,소매,G221,기타 상품 소매,G22199,그 외 기타 상품 전문 소매업,G47859,그 외 기타 분류 안된 상품 전문 소매업,41,경기도,41220,평택시,41220330,고덕면,4122033028,고덕면,4122033028102290006,1,대지,229,6,경기도 평택시 고덕면 방축리 229-6,412204364206,경기도 평택시 고덕면 방축2길,84,,4122033028102290006000001,,경기도 평택시 고덕면 방축2길 84,451841,17821,,,,127.04784835469,37.0190396047272
MA0106202311A1706052,우리홀쇼핑,,G2,소매,G221,기타 상품 소매,G22199,그 외 기타 상품 전문 소매업,G47859,그 외 기타 분류 안된 상품 전문 소매업,41,경기도,41650,포천시,41650370,일동면,4165037023,일동면,4165037023102860003,1,대지,286,3,경기도 포천시 일동면 기산리 286-3,416503213050,경기도 포천시 일동면 화동로,1028,,4165037023100880068044673,명신빌딩,경기도 포천시 일동면 화동로 1028,487851,11117,,1,,127.316569405236,37.9552301816138
MA0106202311A0113864,쉼표향기가머무는시간,,G2,소매,G221,기타 상품 소매,G22199,그 외 기타 상품 전문 소매업,G47859,그 외 기타 분류 안된 상품 전문 소매업,44,충청남도,44133,천안시 서북구,44133256,직산읍,4413325631,직산읍,4413325631102560029,1,대지,256,29,충청남도 천안시 서북구 직산읍 양당리 256-29,441334550481,충청남도 천안시 서북구 직산읍 양전길,32,,4413325631102560029033522,,충청남도 천안시 서북구 직산읍 양전길 32,331813,31029,,,,127.11150081248,36.8757596168263
MA0106202311A1276689,비크론,,G2,소매,G221,기타 상품 소매,G22199,그 외 기타 상품 전문 소매업,G47859,그 외 기타 분류 안된 상품 전문 소매업,26,부산광역시,26230,부산진구,26230560,양정1동,2623010100,양정동,2623010100104180135,1,대지,418,135,부산광역시 부산진구 양정동 418-135,262303129046,부산광역시 부산진구 진남로,481,,2623010100104180172037719,,부산광역시 부산진구 진남로 481,614853,47234,,2,,129.070065605563,35.1672970153057
MA0106202311A2339374,준바이오텍,,G2,소매,G221,기타 상품 소매,G22199,그 외 기타 상품 전문 소매업,G47859,그 외 기타 분류 안된 상품 전문 소매업,27,대구광역시,27230,북구,27230620,산격2동,2723011100,산격동,2723011100118120000,1,대지,1812,,대구광역시 북구 산격동 1812,272304235309,대구광역시 북구 유통단지로8길,120,9,2723011100118120000003825,주식,대구광역시 북구 유통단지로8길 120-9,702845,41516,,,,128.617694445243,35.9072542409327
MA0106202311A1755786,만성유통솔고헬스케어,,G2,소매,G221,기타 상품 소매,G22199,그 외 기타 상품 전문 소매업,G47859,그 외 기타 분류 안된 상품 전문 소매업,26,부산광역시,26260,동래구,26260740,안락1동,2626010200,안락동,2626010200104260010,1,대지,426,10,부산광역시 동래구 안락동 426-10,262603130016,부산광역시 동래구 안락로,17,1,2626010200104260010022416,,부산광역시 동래구 안락로 17-1,607827,47782,,2,,129.099264337886,35.200857848906
MA0106202311A1968321,신신의료기화성,동탄지점,G2,소매,G221,기타 상품 소매,G22199,그 외 기타 상품 전문 소매업,G47859,그 외 기타 분류 안된 상품 전문 소매업,41,경기도,41590,화성시,41590585,동탄1동,4159012700,반송동,4159012700101040008,1,대지,104,8,경기도 화성시 반송동 104-8,415904431485,경기도 화성시 동탄중심상가1길,15,,4159012700200160000000001,,경기도 화성시 동탄중심상가1길 15,445160,18455,,4,,127.072642463162,37.2006187435386
MA0106202312A2156492,백허그매점,,G2,소매,G221,기타 상품 소매,G22199,그 외 기타 상품 전문 소매업,G47859,그 외 기타 분류 안된 상품 전문 소매업,41,경기도,41820,가평군,41820350,북면,4182035026,북면,4182035026100450025,1,대지,45,25,경기도 가평군 북면 백둔리 45-25,418203216015,경기도 가평군 북면 백둔로,61,43,4182035026100450025000017,,경기도 가평군 북면 백둔로 61-43,477842,12406,,,,127.496242367637,37.8973642794205
MA0106202312A1684954,동광식품,,G2,소매,G221,기타 상품 소매,G22199,그 외 기타 상품 전문 소매업,G47859,그 외 기타 분류 안된 상품 전문 소매업,50,제주특별자치도,50110,제주시,50110600,화북동,5011011200,화북이동,5011011200123050000,1,대지,2305,,제주특별자치도 제주시 화북이동 2305,501104847957,제주특별자치도 제주시 선반남2길,78,,5011011200123050000053450,,제주특별자치도 제주시 선반남2길 78,690838,63299,,,,126.567859354448,33.5124684530645
MA0106202311A0408921,블루25,궁동점,G2,소매,G221,기타 상품 소매,G22199,그 외 기타 상품 전문 소매업,G47859,그 외 기타 분류 안된 상품 전문 소매업,11,서울특별시,11530,구로구,11530790,수궁동,1153010900,궁동,1153010900102120008,1,대지,212,8,서울특별시 구로구 궁동 212-8,115304148432,서울특별시 구로구 오리로15길,22,,1153010900102120008000002,,서울특별시 구로구 오리로15길 22,152883,08256,,,,126.831725983273,37.4934999187438
MA0106202309A1300765,닭발만원,,G2,소매,G221,기타 상품 소매,G22199,그 외 기타 상품 전문 소매업,G47859,그 외 기타 분류 안된 상품 전문 소매업,41,경기도,41590,화성시,41590520,진안동,4159011600,진안동,4159011600105250058,1,대지,525,58,경기도 화성시 진안동 525-58,415902012013,경기도 화성시 경기대로,1043,,4159011600005250058020426,일부호,경기도 화성시 경기대로 1043,445390,18390,,1,,127.034280360858,37.2085112428936
MA0106202309A0664620,바다,,G2,소매,G221,기타 상품 소매,G22199,그 외 기타 상품 전문 소매업,G47859,그 외 기타 분류 안된 상품 전문 소매업,41,경기도,41461,용인시 처인구,41461530,유림동,4146110600,고림동,4146110600109030013,1,대지,903,13,경기도 용인시 처인구 고림동 903-13,414613203005,경기도 용인시 처인구 경안천로,82,,4146110600109030013000001,,경기도 용인시 처인구 경안천로 82,449923,17152,,,,127.212562711775,37.239763005451
MA0106202311A1266046,고흥장갑,,G2,소매,G221,기타 상품 소매,G22199,그 외 기타 상품 전문 소매업,G47859,그 외 기타 분류 안된 상품 전문 소매업,46,전라남도,46770,고흥군,46770253,도양읍,4677025324,도양읍,4677025324122260003,1,대지,2226,3,전라남도 고흥군 도양읍 봉암리 2226-3,467703289018,전라남도 고흥군 도양읍 비봉로,152,1,4677025324122260003062971,,전라남도 고흥군 도양읍 비봉로 152-1,548905,59557,,,,127.135192914185,34.5277722309748
MA0106202311A2217593,씨에스테크,,G2,소매,G221,기타 상품 소매,G22199,그 외 기타 상품 전문 소매업,G47859,그 외 기타 분류 안된 상품 전문 소매업,41,경기도,41220,평택시,41220253,안중읍,4122025326,안중읍,4122025326107290006,1,대지,729,6,경기도 평택시 안중읍 용성리 729-6,412203000117,경기도 평택시 안중읍 서해로,1253,,4122025326107290006039517,코코빌,경기도 평택시 안중읍 서해로 1253,451883,17817,,1,,126.945206010142,37.004772497256
MA0106202404A1230326,킴스,,G2,소매,G221,기타 상품 소매,G22199,그 외 기타 상품 전문 소매업,G47859,그 외 기타 분류 안된 상품 전문 소매업,46,전라남도,46110,목포시,46110810,부주동,4611016400,옥암동,4611016400113630006,1,대지,1363,6,전라남도 목포시 옥암동 1363-6,461103281007,전라남도 목포시 남악로,125,,4611016400113630006000001,킴스골프아카데미,전라남도 목포시 남악로 125,530852,58680,,2,,126.452319053478,34.8056261412889
MA0106202404A2126066,에스에스에프,,G2,소매,G221,기타 상품 소매,G22199,그 외 기타 상품 전문 소매업,G47859,그 외 기타 분류 안된 상품 전문 소매업,41,경기도,41450,하남시,41450610,미사1동,4145010900,망월동,4145010900111320000,1,대지,1132,,경기도 하남시 망월동 1132,414504853315,경기도 하남시 미사강변동로84번길,20,,4145010900111320000000002,,경기도 하남시 미사강변동로84번길 20,465150,12912,,,,127.194518166978,37.5625753698809
MA0106202404A1990652,이가네김치,,G2,소매,G221,기타 상품 소매,G22199,그 외 기타 상품 전문 소매업,G47859,그 외 기타 분류 안된 상품 전문 소매업,31,울산광역시,31710,울주군,31710310,서생면,3171031021,서생면,3171031021104480000,1,대지,448,,울산광역시 울주군 서생면 신암리 448,317103173096,울산광역시 울주군 서생면 해맞이로,888,,3171031021104480000029309,,울산광역시 울주군 서생면 해맞이로 888,689882,45014,,,,129.325033376022,35.3490974303926
MA0106202404A1119763,플래트,,G2,소매,G221,기타 상품 소매,G22199,그 외 기타 상품 전문 소매업,G47859,그 외 기타 분류 안된 상품 전문 소매업,26,부산광역시,26440,강서구,26440560,녹산동,2644011700,신호동,2644011700102560002,1,대지,256,2,부산광역시 강서구 신호동 256-2,264404208443,부산광역시 강서구 신호산단1로140번길,8,16,2644011700102560002000001,좌측,부산광역시 강서구 신호산단1로140번길 8-16,618210,46759,,1,,128.878205585124,35.0811519992678
MA0106202404A0351639,에이치케이,,G2,소매,G221,기타 상품 소매,G22199,그 외 기타 상품 전문 소매업,G47859,그 외 기타 분류 안된 상품 전문 소매업,41,경기도,41570,김포시,41570253,고촌읍,4157025324,고촌읍,4157025324101480007,1,대지,148,7,경기도 김포시 고촌읍 신곡리 148-7,415703209102,경기도 김포시 고촌읍 은행영사정로,161,,4157025324101480007000001,,경기도 김포시 고촌읍 은행영사정로 161,415811,10124,,,,126.783758672367,37.6067222053529
MA0106202404A0425275,두피움SNP,,G2,소매,G221,기타 상품 소매,G22199,그 외 기타 상품 전문 소매업,G47859,그 외 기타 분류 안된 상품 전문 소매업,43,충청북도,43113,청주시 흥덕구,43113747,가경동,4311311300,가경동,4311311300113960000,1,대지,1396,,충청북도 청주시 흥덕구 가경동 1396,431134512031,충청북도 청주시 흥덕구 풍년로160번길,3,,4311311300113960000009085,,충청북도 청주시 흥덕구 풍년로160번길 3,361801,28395,,3,,127.432958772198,36.6268387738135
MA0106202311A1293135,아톰유통,,G2,소매,G221,기타 상품 소매,G22199,그 외 기타 상품 전문 소매업,G47859,그 외 기타 분류 안된 상품 전문 소매업,50,제주특별자치도,50110,제주시,50110630,아라동,5011013600,영평동,5011013600106850001,1,대지,685,1,제주특별자치도 제주시 영평동 685-1,501104848290,제주특별자치도 제주시 영강길,218,3,5011013600106850001000004,,제주특별자치도 제주시 영강길 218-3,690140,63308,,,,126.580976568194,33.4818141948498
MA0106202311A0347084,대한글로벌,,G2,소매,G221,기타 상품 소매,G22199,그 외 기타 상품 전문 소매업,G47859,그 외 기타 분류 안된 상품 전문 소매업,44,충청남도,44200,아산시,44200370,영인면,4420037025,영인면,4420037025104840005,1,대지,484,5,충청남도 아산시 영인면 신운리 484-5,442003253066,충청남도 아산시 영인면 영인로,342,,4420037025104840005000001,,충청남도 아산시 영인면 영인로 342,336823,31426,,,,126.943222076127,36.8774113296941
MA0106202311A0476182,더우리,,G2,소매,G221,기타 상품 소매,G22199,그 외 기타 상품 전문 소매업,G47859,그 외 기타 분류 안된 상품 전문 소매업,26,부산광역시,26440,강서구,26440510,대저1동,2644010100,대저1동,2644010100110610010,1,대지,1061,10,부산광역시 강서구 대저1동 1061-10,264404208543,부산광역시 강서구 평강로397번길,31,,2644010100110610010034267,,부산광역시 강서구 평강로397번길 31,618806,46700,,,,128.946818073035,35.2190772484796
MA0106202311A0051884,무릉도원천지원,,G2,소매,G221,기타 상품 소매,G22199,그 외 기타 상품 전문 소매업,G47859,그 외 기타 분류 안된 상품 전문 소매업,11,서울특별시,11500,강서구,11500590,화곡본동,1150010300,화곡동,1150010300100980082,1,대지,98,82,서울특별시 강서구 화곡동 98-82,115004145276,서울특별시 강서구 까치산로6길,10,,1150010300100980082018243,,서울특별시 강서구 까치산로6길 10,157871,07722,,1,,126.844425237644,37.5423426510029
MA0106202311A0867105,다옴,,G2,소매,G221,기타 상품 소매,G22199,그 외 기타 상품 전문 소매업,G47859,그 외 기타 분류 안된 상품 전문 소매업,36,세종특별자치시,36110,세종특별자치시,36110330,부강면,3611033021,부강면,3611033021104610007,1,대지,461,7,세종특별자치시 세종특별자치시 부강면 부강리 461-7,361104574726,세종특별자치시 세종특별자치시 부강면 시장길,27,,4371038021004610007029887,,세종특별자치시 세종특별자치시 부강면 시장길 27,339941,30075,,,,127.368008340273,36.5290940470549
MA0106202311A1605720,라쉬상회,,G2,소매,G221,기타 상품 소매,G22199,그 외 기타 상품 전문 소매업,G47859,그 외 기타 분류 안된 상품 전문 소매업,44,충청남도,44200,아산시,44200253,배방읍,4420025325,배방읍,4420025325110910000,1,대지,1091,,충청남도 아산시 배방읍 북수리 1091,442004559190,충청남도 아산시 배방읍 배방로187번길,28,12,4420025325110910000007039,,충청남도 아산시 배방읍 배방로187번길 28-12,336851,31490,,1,,127.067565918911,36.7728320089004
MA0106202311A0762267,지비에스,,G2,소매,G221,기타 상품 소매,G22199,그 외 기타 상품 전문 소매업,G47859,그 외 기타 분류 안된 상품 전문 소매업,52,전북특별자치도,52113,전주시 덕진구,52113525,진북동,5211310200,진북동,5211310200104170195,1,대지,417,195,전북특별자치도 전주시 덕진구 진북동 417-195,521133267044,전북특별자치도 전주시 덕진구 안덕원로,51,,4511310200104170195005263,,전북특별자치도 전주시 덕진구 안덕원로 51,561837,54939,,,,127.135824970836,35.8281397634894
MA0106202312A2019439,에이치엔바이오텍,,G2,소매,G221,기타 상품 소매,G22199,그 외 기타 상품 전문 소매업,G47859,그 외 기타 분류 안된 상품 전문 소매업,36,세종특별자치시,36110,세종특별자치시,36110556,반곡동,3611011800,집현동,3611011800110910000,1,대지,1091,,세종특별자치시 세종특별자치시 집현동 1091,361103352328,세종특별자치시 세종특별자치시 집현중앙3로,13,,3611011800110910000000001,,세종특별자치시 세종특별자치시 집현중앙3로 13,339007,30141,,1,,127.330694474038,36.4956174080159
MA0106202311A1564243,대구교도소,,G2,소매,G221,기타 상품 소매,G22199,그 외 기타 상품 전문 소매업,G47859,그 외 기타 분류 안된 상품 전문 소매업,27,대구광역시,27710,달성군,27710330,하빈면,2771033027,하빈면,2771033027108330039,1,대지,833,39,대구광역시 달성군 하빈면 감문리 833-39,277103000062,대구광역시 달성군 하빈면 하빈로,204,,2771033027108330039000001,,대구광역시 달성군 하빈면 하빈로 204,711821,42902,,,,128.425702852916,35.8900604517421
MA0106202311A1100740,엠에스푸드,,G2,소매,G221,기타 상품 소매,G22199,그 외 기타 상품 전문 소매업,G47859,그 외 기타 분류 안된 상품 전문 소매업,44,충청남도,44133,천안시 서북구,44133590,부성2동,4413310400,두정동,4413310400109950000,1,대지,995,,충청남도 천안시 서북구 두정동 995,441334550238,충청남도 천안시 서북구 부성6길,14,,4413310400109950000045785,,충청남도 천안시 서북구 부성6길 14,331960,31100,,1,,127.134995578294,36.8356361401255
MA0106202311A1114055,진구,,G2,소매,G221,기타 상품 소매,G22199,그 외 기타 상품 전문 소매업,G47859,그 외 기타 분류 안된 상품 전문 소매업,41,경기도,41390,시흥시,41390550,매화동,4139010900,도창동,4139010900103670003,1,대지,367,3,경기도 시흥시 도창동 367-3,413903199065,경기도 시흥시 매화로,121,,4139010900103670003002027,,경기도 시흥시 매화로 121,429818,14942,,2,,126.815898721859,37.4089072943385
MA0106202311A0901746,신앙촌상회,,G2,소매,G221,기타 상품 소매,G22199,그 외 기타 상품 전문 소매업,G47859,그 외 기타 분류 안된 상품 전문 소매업,11,서울특별시,11260,중랑구,11260590,상봉2동,1126010200,상봉동,1126010200101290009,1,대지,129,9,서울특별시 중랑구 상봉동 129-9,112604118147,서울특별시 중랑구 망우로32길,23,,1126010200101290009016359,,서울특별시 중랑구 망우로32길 23,131861,02121,,1,,127.077121031046,37.5929477807347
MA0106202311A0417387,에이치더블유트레이드,,G2,소매,G221,기타 상품 소매,G22199,그 외 기타 상품 전문 소매업,G47859,그 외 기타 분류 안된 상품 전문 소매업,11,서울특별시,11545,금천구,11545510,가산동,1154510100,가산동,1154510100100600018,1,대지,60,18,서울특별시 금천구 가산동 60-18,115454151195,서울특별시 금천구 디지털로9길,47,,1154510100100600018015800,한신IT타워2차,서울특별시 금천구 디지털로9길 47,153712,08511,,2,,126.885799297118,37.4795719143055
MA0106202312A1088029,크앙탕후루,,G2,소매,G221,기타 상품 소매,G22199,그 외 기타 상품 전문 소매업,G47859,그 외 기타 분류 안된 상품 전문 소매업,29,광주광역시,29200,광산구,29200637,수완동,2920011400,수완동,2920011400114140000,1,대지,1414,,광주광역시 광산구 수완동 1414,292002009005,광주광역시 광산구 임방울대로,335,,2920011400114140000000001,,광주광역시 광산구 임방울대로 335,506304,62306,,1,,126.823203927037,35.1900158715709
MA0106202309A0839253,정감족발,,G2,소매,G221,기타 상품 소매,G22199,그 외 기타 상품 전문 소매업,G47859,그 외 기타 분류 안된 상품 전문 소매업,51,강원특별자치도,51130,원주시,51130675,반곡관설동,5113011600,관설동,5113011600117020010,1,대지,1702,10,강원특별자치도 원주시 관설동 1702-10,511304457179,강원특별자치도 원주시 라옹정길,1,3,4213011600117020010000039,,강원특별자치도 원주시 라옹정길 1-3,220934,26471,,1,,127.965092779018,37.3184721452795
MA0106202309A2431523,운학유통,,G2,소매,G221,기타 상품 소매,G22199,그 외 기타 상품 전문 소매업,G47859,그 외 기타 분류 안된 상품 전문 소매업,31,울산광역시,31140,남구,31140570,삼산동,3114010600,삼산동,3114010600101900008,1,대지,190,8,울산광역시 남구 삼산동 190-8,311404310072,울산광역시 남구 남중로94번길,11,,3114010600103260003005000,,울산광역시 남구 남중로94번길 11,680813,44712,,1,,129.349300523746,35.5427988676127
MA0106202309A1133430,킴스로지스,,G2,소매,G221,기타 상품 소매,G22199,그 외 기타 상품 전문 소매업,G47859,그 외 기타 분류 안된 상품 전문 소매업,26,부산광역시,26710,기장군,26710256,정관읍,2671025625,정관읍,2671025625110620005,1,대지,1062,5,부산광역시 기장군 정관읍 달산리 1062-5,267103140027,부산광역시 기장군 정관읍 산단3로,47,,2671032025110620005000001,,부산광역시 기장군 정관읍 산단3로 47,619961,46027,,,,129.184805536127,35.3136336707524
MA0106202309A2451696,대림상회,,G2,소매,G221,기타 상품 소매,G22199,그 외 기타 상품 전문 소매업,G47859,그 외 기타 분류 안된 상품 전문 소매업,11,서울특별시,11230,동대문구,11230545,제기동,1123010300,제기동,1123010300111080000,1,대지,1108,,서울특별시 동대문구 제기동 1108,112304115239,서울특별시 동대문구 약령동길,41,,1123010300111080000031804,,서울특별시 동대문구 약령동길 41,130864,02570,,,,127.037687893258,37.5802269203078
MA0106202309A1247474,드림멀티샵,,G2,소매,G221,기타 상품 소매,G22199,그 외 기타 상품 전문 소매업,G47859,그 외 기타 분류 안된 상품 전문 소매업,41,경기도,41590,화성시,41590262,남양읍,4159026221,남양읍,4159026221111720013,1,대지,1172,13,경기도 화성시 남양읍 남양리 1172-13,415903210016,경기도 화성시 남양읍 남양성지로,115,,4159010100111720040003760,,경기도 화성시 남양읍 남양성지로 115,445851,18261,,1,,126.816332121782,37.2077791227168
MA0106202309A0887442,에스에이치테크,,G2,소매,G221,기타 상품 소매,G22199,그 외 기타 상품 전문 소매업,G47859,그 외 기타 분류 안된 상품 전문 소매업,52,전북특별자치도,52113,전주시 덕진구,52113590,금암2동,5211310700,금암동,5211310700115950026,1,대지,1595,26,전북특별자치도 전주시 덕진구 금암동 1595-26,521132266003,전북특별자치도 전주시 덕진구 백제대로,681,1,4511310700115950026000001,,전북특별자치도 전주시 덕진구 백제대로 681-1,561805,54907,,2,,127.143667363568,35.8442901927022
MA0106202309A1635447,피우다케이크&카페,,G2,소매,G221,기타 상품 소매,G22199,그 외 기타 상품 전문 소매업,G47859,그 외 기타 분류 안된 상품 전문 소매업,28,인천광역시,28260,서구,28260515,검암경서동,2826010300,검암동,2826010300105960003,1,대지,596,3,인천광역시 서구 검암동 596-3,282603156051,인천광역시 서구 승학로,515,,2826010300105960003013157,대림프라자,인천광역시 서구 승학로 515,404844,22695,,,,126.676732614789,37.5657979079029
MA0106202309A2339049,송월타올닷컴,,G2,소매,G221,기타 상품 소매,G22199,그 외 기타 상품 전문 소매업,G47859,그 외 기타 분류 안된 상품 전문 소매업,26,부산광역시,26380,사하구,26380550,당리동,2638010200,당리동,2638010200103060070,1,대지,306,70,부산광역시 사하구 당리동 306-70,263803134017,부산광역시 사하구 승학로,20,,2638010200103060070036528,,부산광역시 사하구 승학로 20,604829,49326,,1,,128.970788088811,35.1066457812266
MA0106202310A1735448,미화당주공슈퍼,,G2,소매,G221,기타 상품 소매,G22199,그 외 기타 상품 전문 소매업,G47859,그 외 기타 분류 안된 상품 전문 소매업,26,부산광역시,26200,영도구,26200670,동삼3동,2620012100,동삼동,2620012100111230005,1,대지,1123,5,부산광역시 영도구 동삼동 1123-5,262003128015,부산광역시 영도구 상리로,25,,2620012100111230005000001,가동,부산광역시 영도구 상리로 25,606083,49089,,,,129.067694663833,35.0848539135627
MA0106202310A0766868,동원테크,,G2,소매,G221,기타 상품 소매,G22199,그 외 기타 상품 전문 소매업,G47859,그 외 기타 분류 안된 상품 전문 소매업,44,충청남도,44131,천안시 동남구,44131340,성남면,4413134025,성남면,4413134025103430001,1,대지,343,1,충청남도 천안시 동남구 성남면 석곡리 343-1,441314547361,충청남도 천안시 동남구 성남면 석곡3길,12,,4413134025103430001061568,,충청남도 천안시 동남구 성남면 석곡3길 12,330891,31247,,,,127.221998887704,36.7383835779203
MA0106202404A1424334,포장용기마트,포항점,G2,소매,G221,기타 상품 소매,G22199,그 외 기타 상품 전문 소매업,G47859,그 외 기타 분류 안된 상품 전문 소매업,47,경상북도,47111,포항시 남구,47111253,연일읍,4711125324,연일읍,4711125324101660013,1,대지,166,13,경상북도 포항시 남구 연일읍 오천리 166-13,471113303010,경상북도 포항시 남구 연일읍 동문로,84,,4711125324101660003052282,,경상북도 포항시 남구 연일읍 동문로 84,790884,37838,,1,,129.353544459143,35.9977069676485
MA0106202404A0354173,백합반찬가게,,G2,소매,G221,기타 상품 소매,G22199,그 외 기타 상품 전문 소매업,G47859,그 외 기타 분류 안된 상품 전문 소매업,41,경기도,41430,의왕시,41430530,오전동,4143010500,오전동,4143010500108410000,1,대지,841,,경기도 의왕시 오전동 841,414303201025,경기도 의왕시 오전로,165,,4143010500108410000005362,백합벽산,경기도 의왕시 오전로 165,437729,16054,,지,,126.97028052567,37.3558864728829
MA0106202404A2214818,미소김,,G2,소매,G221,기타 상품 소매,G22199,그 외 기타 상품 전문 소매업,G47859,그 외 기타 분류 안된 상품 전문 소매업,41,경기도,41111,수원시 장안구,41111572,정자2동,4111113000,정자동,4111113000100450047,1,대지,45,47,경기도 수원시 장안구 정자동 45-47,411114322144,경기도 수원시 장안구 수성로261번길,40,,4111113000100450047042748,,경기도 수원시 장안구 수성로261번길 40,440832,16314,,1,,126.999954889233,37.2915834770549
MA0106202311A1491606,더단,,G2,소매,G221,기타 상품 소매,G22199,그 외 기타 상품 전문 소매업,G47859,그 외 기타 분류 안된 상품 전문 소매업,48,경상남도,48121,창원시 의창구,48121310,북면,4812131036,북면,4812131036113860047,1,대지,1386,47,경상남도 창원시 의창구 북면 신촌리 1386-47,481214781706,경상남도 창원시 의창구 북면 천주로1184번길,1,25,4812131036113860047000001,,경상남도 창원시 의창구 북면 천주로1184번길 1-25,641873,51101,,,,128.612297994352,35.3553760726239
MA0106202311A2188521,디엔아이이엔티,,G2,소매,G221,기타 상품 소매,G22199,그 외 기타 상품 전문 소매업,G47859,그 외 기타 분류 안된 상품 전문 소매업,11,서울특별시,11530,구로구,11530540,구로3동,1153010200,구로동,1153010200101700010,1,대지,170,10,서울특별시 구로구 구로동 170-10,115304148340,서울특별시 구로구 디지털로33길,48,,1153010200101700010022686,대륭포스트타워7차,서울특별시 구로구 디지털로33길 48,152847,08377,,,,126.894505324382,37.4872565986083
MA0106202311A1164971,드림박스,,G2,소매,G221,기타 상품 소매,G22199,그 외 기타 상품 전문 소매업,G47859,그 외 기타 분류 안된 상품 전문 소매업,41,경기도,41196,부천시 오정구,41196560,오정동,4119610100,오정동,4119610100103870004,1,대지,387,4,경기도 부천시 오정구 오정동 387-4,411964358325,경기도 부천시 오정구 오정로211번길,35,14,4119910100103870004007886,,경기도 부천시 오정구 오정로211번길 35-14,421814,14441,,1,,126.781631414123,37.5285390316447
MA0106202311A2165167,반야불교사,,G2,소매,G221,기타 상품 소매,G22199,그 외 기타 상품 전문 소매업,G47859,그 외 기타 분류 안된 상품 전문 소매업,41,경기도,41115,수원시 팔달구,41115680,화서1동,4111513800,화서동,4111513800100200007,1,대지,20,7,경기도 수원시 팔달구 화서동 20-7,411154322282,경기도 수원시 팔달구 장안로5번길,4,,4111513800100200007007974,,경기도 수원시 팔달구 장안로5번길 4,442858,16439,,,,127.006766081738,37.2856274197478
MA0106202311A0708320,"고울연,차",,G2,소매,G221,기타 상품 소매,G22199,그 외 기타 상품 전문 소매업,G47859,그 외 기타 분류 안된 상품 전문 소매업,41,경기도,41463,용인시 기흥구,41463575,동백2동,4146311600,중동,4146311600108420000,1,대지,842,,경기도 용인시 기흥구 중동 842,414633204027,경기도 용인시 기흥구 동백중앙로,225,6,4146311600108420000017681,쥬네브스타월드빌딩,경기도 용인시 기흥구 동백중앙로 225-6,446767,17006,,,,127.150172605234,37.2740080657477
MA0106202311A2452483,윤트럭,,G2,소매,G221,기타 상품 소매,G22199,그 외 기타 상품 전문 소매업,G47859,그 외 기타 분류 안된 상품 전문 소매업,41,경기도,41480,파주시,41480580,운정4동,4148010800,야당동,4148010800101780054,1,대지,178,54,경기도 파주시 야당동 178-54,414804418469,경기도 파주시 송학2길,6,29,4148025922101780054037851,일부,경기도 파주시 송학2길 6-29,413837,10909,,1,,126.762752885675,37.7093034658332
MA0106202311A1766836,금산홍삼조합,,G2,소매,G221,기타 상품 소매,G22199,그 외 기타 상품 전문 소매업,G47859,그 외 기타 분류 안된 상품 전문 소매업,26,부산광역시,26230,부산진구,26230780,범천2동,2623010400,범천동,2623010400112200023,1,대지,1220,23,부산광역시 부산진구 범천동 1220-23,262304187502,부산광역시 부산진구 신암로99번길,34,4,2623010400112200024006774,,부산광역시 부산진구 신암로99번길 34-4,614831,47348,,,,129.050494374914,35.1496517886375
MA0106202311A1657503,밥튜브거창점,,G2,소매,G221,기타 상품 소매,G22199,그 외 기타 상품 전문 소매업,G47859,그 외 기타 분류 안된 상품 전문 소매업,48,경상남도,48880,거창군,48880250,거창읍,4888025021,거창읍,4888025021103670003,1,대지,367,3,경상남도 거창군 거창읍 상림리 367-3,488804841055,경상남도 거창군 거창읍 거열로8길,45,,4888025021103670015008086,현대,경상남도 거창군 거창읍 거열로8길 45,670807,50130,,,,127.899833913739,35.6887796851863
MA0106202311A1975058,알와이오,,G2,소매,G221,기타 상품 소매,G22199,그 외 기타 상품 전문 소매업,G47859,그 외 기타 분류 안된 상품 전문 소매업,27,대구광역시,27230,북구,27230695,무태조야동,2723011400,동변동,2723011400106740018,1,대지,674,18,대구광역시 북구 동변동 674-18,272303145023,대구광역시 북구 동변로,81,,2723011400106740018027284,,대구광역시 북구 동변로 81,702882,41413,,1,,128.603386488468,35.920575732476
MA0106202312A0813001,쏨,,G2,소매,G221,기타 상품 소매,G22199,그 외 기타 상품 전문 소매업,G47859,그 외 기타 분류 안된 상품 전문 소매업,36,세종특별자치시,36110,세종특별자치시,36110518,나성동,3611010700,나성동,3611010700107920000,1,대지,792,,세종특별자치시 세종특별자치시 나성동 792,361103351277,세종특별자치시 세종특별자치시 나성로,133,9,3611010700103610035000001,,세종특별자치시 세종특별자치시 나성로 133-9,339003,30128,,,,127.258186018622,36.4905606253794
MA0106202312A0125961,윤혜림생활아로마,,G2,소매,G221,기타 상품 소매,G22199,그 외 기타 상품 전문 소매업,G47859,그 외 기타 분류 안된 상품 전문 소매업,11,서울특별시,11545,금천구,11545510,가산동,1154510100,가산동,1154510100104590021,1,대지,459,21,서울특별시 금천구 가산동 459-21,115453117002,서울특별시 금천구 가산디지털2로,169,23,1154510100104590021014416,,서울특별시 금천구 가산디지털2로 169-23,153803,08504,,4,,126.87673895376,37.4822117747953
MA0106202309A1343184,광진시니어클럽우리동네북적북적,,G2,소매,G221,기타 상품 소매,G22199,그 외 기타 상품 전문 소매업,G47859,그 외 기타 분류 안된 상품 전문 소매업,11,서울특별시,11215,광진구,11215710,화양동,1121510700,화양동,1121510700100200025,1,대지,20,25,서울특별시 광진구 화양동 20-25,112154112004,서울특별시 광진구 광나루로12길,19,,1121510700100200025021290,,서울특별시 광진구 광나루로12길 19,143916,05007,,지,,127.067590572915,37.5467325652044
MA0106202309A0756124,진바이오,,G2,소매,G221,기타 상품 소매,G22199,그 외 기타 상품 전문 소매업,G47859,그 외 기타 분류 안된 상품 전문 소매업,46,전라남도,46170,나주시,46170400,산포면,4617040021,산포면,4617040021101870003,1,대지,187,3,전라남도 나주시 산포면 매성리 187-3,461703284036,전라남도 나주시 산포면 산포로,418,,4617040021101870003075040,,전라남도 나주시 산포면 산포로 418,520831,58214,,,,126.804040990192,35.0356006054077
MA0106202309A2408235,붕어와어묵,,G2,소매,G221,기타 상품 소매,G22199,그 외 기타 상품 전문 소매업,G47859,그 외 기타 분류 안된 상품 전문 소매업,48,경상남도,48870,함양군,48870250,함양읍,4887025022,함양읍,4887025022107140003,1,대지,714,3,경상남도 함양군 함양읍 용평리 714-3,488703346025,경상남도 함양군 함양읍 함양로,1123,,4887025022107140003010541,,경상남도 함양군 함양읍 함양로 1123,676805,50041,,1,,127.726898201504,35.5190944865885
MA0106202309A1689723,탐라그린,,G2,소매,G221,기타 상품 소매,G22199,그 외 기타 상품 전문 소매업,G47859,그 외 기타 분류 안된 상품 전문 소매업,50,제주특별자치도,50110,제주시,50110650,연동,5011013700,연동,5011013700103060012,1,대지,306,12,제주특별자치도 제주시 연동 306-12,501104847801,제주특별자치도 제주시 사장길,37,,5011013700103060012063398,진호캐슬,제주특별자치도 제주시 사장길 37,690815,63136,,,,126.494962389239,33.4826115161929
MA0106202309A2231638,김해명당복권,,G2,소매,G221,기타 상품 소매,G22199,그 외 기타 상품 전문 소매업,G47859,그 외 기타 분류 안된 상품 전문 소매업,48,경상남도,48250,김해시,48250600,불암동,4825012100,지내동,4825012100100670000,1,대지,67,,경상남도 김해시 지내동 67,482504805214,경상남도 김해시 김해대로2715번길,36,,4825012100100670000084097,양지마을동원1차,경상남도 김해시 김해대로2715번길 36,621780,50828,,1,,128.923071733941,35.2305324069828
MA0106202309A1073064,이지라이크콤부차by그로서리에이치,,G2,소매,G221,기타 상품 소매,G22199,그 외 기타 상품 전문 소매업,G47859,그 외 기타 분류 안된 상품 전문 소매업,41,경기도,41285,고양시 일산동구,41285530,정발산동,4128510300,정발산동,4128510300112960008,1,대지,1296,8,경기도 고양시 일산동구 정발산동 1296-8,412854379164,경기도 고양시 일산동구 일산로380번길,5,6,4128510300112960008007113,,경기도 고양시 일산동구 일산로380번길 5-6,410830,10406,,,,126.781990044176,37.66941838107
MA0106202309A1398819,아이스드림,,G2,소매,G221,기타 상품 소매,G22199,그 외 기타 상품 전문 소매업,G47859,그 외 기타 분류 안된 상품 전문 소매업,11,서울특별시,11500,강서구,11500603,가양1동,1150010500,마곡동,1150010500107730001,1,대지,773,1,서울특별시 강서구 마곡동 773-1,115003155054,서울특별시 강서구 마곡중앙6로,10,,1150010500107271084000001,,서울특별시 강서구 마곡중앙6로 10,157805,07801,,,,126.828214207087,37.5603851750565
MA0106202309A1338671,비비에스,,G2,소매,G221,기타 상품 소매,G22199,그 외 기타 상품 전문 소매업,G47859,그 외 기타 분류 안된 상품 전문 소매업,26,부산광역시,26470,연제구,26470680,연산4동,2647010200,연산동,2647010200107290010,1,대지,729,10,부산광역시 연제구 연산동 729-10,264703135002,부산광역시 연제구 고분로,5,,2647010200107290010002953,용정빌딩,부산광역시 연제구 고분로 5,611822,47549,,,,129.082934177621,35.1860546703949
MA0106202309A2024285,알디피자,,G2,소매,G221,기타 상품 소매,G22199,그 외 기타 상품 전문 소매업,G47859,그 외 기타 분류 안된 상품 전문 소매업,41,경기도,41360,남양주시,41360256,화도읍,4136025629,화도읍,4136025629102480011,1,대지,248,11,경기도 남양주시 화도읍 녹촌리 248-11,413603000120,경기도 남양주시 화도읍 경춘로,1850,,4136025629102480011003759,,경기도 남양주시 화도읍 경춘로 1850,472843,12178,,,,127.294016682369,37.6542791460185
MA0106202309A1791292,영동유통,,G2,소매,G221,기타 상품 소매,G22199,그 외 기타 상품 전문 소매업,G47859,그 외 기타 분류 안된 상품 전문 소매업,26,부산광역시,26260,동래구,26260570,온천3동,2626010800,온천동,2626010800112480008,1,대지,1248,8,부산광역시 동래구 온천동 1248-8,262604190235,부산광역시 동래구 사직북로28번길,206,,2626010800112480008011522,,부산광역시 동래구 사직북로28번길 206,607841,47851,,,,129.067210591256,35.2053565925775
MA0106202404A0361166,봉기리회센타,,G2,소매,G221,기타 상품 소매,G22199,그 외 기타 상품 전문 소매업,G47859,그 외 기타 분류 안된 상품 전문 소매업,41,경기도,41150,의정부시,41150520,의정부2동,4115010100,의정부동,4115010100105070008,1,대지,507,8,경기도 의정부시 의정부동 507-8,411504343146,경기도 의정부시 범골로157번길,25,12,4115010100105070008000001,,경기도 의정부시 범골로157번길 25-12,480849,11650,,1,,127.042157868284,37.7372845505887
MA0106202404A2024257,마니유통,,G2,소매,G221,기타 상품 소매,G22199,그 외 기타 상품 전문 소매업,G47859,그 외 기타 분류 안된 상품 전문 소매업,30,대전광역시,30110,동구,30110640,용전동,3011011500,용전동,3011011500100080003,1,대지,8,3,대전광역시 동구 용전동 8-3,301104292568,대전광역시 동구 한밭대로1237번길,55,,3011011500100080003001398,,대전광역시 동구 한밭대로1237번길 55,300823,34537,,,,127.436895441635,36.35881289604
MA0106202311A1709215,김부각,,G2,소매,G221,기타 상품 소매,G22199,그 외 기타 상품 전문 소매업,G47859,그 외 기타 분류 안된 상품 전문 소매업,27,대구광역시,27200,남구,27200660,대명11동,2720010300,대명동,2720010300111460002,1,대지,1146,2,대구광역시 남구 대명동 1146-2,272004232086,대구광역시 남구 대명서8길,30,,2720010300111460002000134,,대구광역시 남구 대명서8길 30,705813,42482,,,,128.557450857681,35.8361032524567
MA0106202311A0714693,금원유통,,G2,소매,G221,기타 상품 소매,G22199,그 외 기타 상품 전문 소매업,G47859,그 외 기타 분류 안된 상품 전문 소매업,29,광주광역시,29110,동구,29110655,서남동,2911011400,금동,2911011400102110000,1,대지,211,,광주광역시 동구 금동 211,291104277119,광주광역시 동구 백서로117번길,8,2,2911011400102110000007510,코밀빌딩,광주광역시 동구 백서로117번길 8-2,501722,61488,,,,126.917875435667,35.1423000078699
MA0106202311A0157355,미추홀매점,,G2,소매,G221,기타 상품 소매,G22199,그 외 기타 상품 전문 소매업,G47859,그 외 기타 분류 안된 상품 전문 소매업,28,인천광역시,28200,남동구,28200521,구월3동,2820010100,구월동,2820010100116080000,1,대지,1608,,인천광역시 남동구 구월동 1608,282002153001,인천광역시 남동구 남동대로,809,,2820010100111390029000001,신영구월지웰시티푸르지오,인천광역시 남동구 남동대로 809,405223,21555,,,,126.707831201916,37.4540736837247
MA0106202311A1988986,헨쇼,,G2,소매,G221,기타 상품 소매,G22199,그 외 기타 상품 전문 소매업,G47859,그 외 기타 분류 안된 상품 전문 소매업,11,서울특별시,11410,서대문구,11410710,북가좌1동,1141011900,북가좌동,1141011900103760009,1,대지,376,9,서울특별시 서대문구 북가좌동 376-9,114104136038,서울특별시 서대문구 거북골로21길,21,,1141011900103760009002778,,서울특별시 서대문구 거북골로21길 21,120816,03714,,1,,126.907067608543,37.5783042688944
MA0106202311A1663831,하니아시아마트,,G2,소매,G221,기타 상품 소매,G22199,그 외 기타 상품 전문 소매업,G47859,그 외 기타 분류 안된 상품 전문 소매업,48,경상남도,48270,밀양시,48270253,하남읍,4827025327,하남읍,4827025327106260006,1,대지,626,6,경상남도 밀양시 하남읍 양동리 626-6,482703336043,경상남도 밀양시 하남읍 수산중앙로,89,,4827025327106260006027210,,경상남도 밀양시 하남읍 수산중앙로 89,627895,50460,,1,,128.714921861509,35.3751232025469
MA0106202311A1683941,숙희,,G2,소매,G221,기타 상품 소매,G22199,그 외 기타 상품 전문 소매업,G47859,그 외 기타 분류 안된 상품 전문 소매업,27,대구광역시,27290,달서구,27290602,월성2동,2729012100,월암동,2729012100109480000,1,대지,948,,대구광역시 달서구 월암동 948,272903147018,대구광역시 달서구 성서공단로,166,,2729012100109480000003815,숙희해수,대구광역시 달서구 성서공단로 166,704833,42719,,1,,128.500939228904,35.834695738492
MA0106202311A1975722,해쿡쿠킹스튜디오,,G2,소매,G221,기타 상품 소매,G22199,그 외 기타 상품 전문 소매업,G47859,그 외 기타 분류 안된 상품 전문 소매업,41,경기도,41465,용인시 수지구,41465555,죽전3동,4146510200,죽전동,4146510200112590003,1,대지,1259,3,경기도 용인시 수지구 죽전동 1259-3,414653205028,경기도 용인시 수지구 푸른솔로,81,,4146510200112590003027700,은성프라자,경기도 용인시 수지구 푸른솔로 81,448160,16874,,1,,127.118447002742,37.325898690832
MA0106202311A0568933,홀릭전자담배.,가락점,G2,소매,G221,기타 상품 소매,G22199,그 외 기타 상품 전문 소매업,G47859,그 외 기타 분류 안된 상품 전문 소매업,11,서울특별시,11710,송파구,11710620,가락본동,1171010700,가락동,1171010700100910010,1,대지,91,10,서울특별시 송파구 가락동 91-10,117104169368,서울특별시 송파구 양재대로62길,18,,1171010700100910010006861,형수빌딩,서울특별시 송파구 양재대로62길 18,138804,05711,,1,,127.118673107492,37.4980291471756
MA0106202311A2303218,빙스낵,골드점,G2,소매,G221,기타 상품 소매,G22199,그 외 기타 상품 전문 소매업,G47859,그 외 기타 분류 안된 상품 전문 소매업,47,경상북도,47150,김천시,47150640,율곡동,4715012000,율곡동,4715012000104090000,1,대지,409,,경상북도 김천시 율곡동 409,471503306078,경상북도 김천시 혁신2로,80,,4715012000104090000000001,김천혁신도시골드클래스,경상북도 김천시 혁신2로 80,740220,39660,,,,128.179024919698,36.1187049855874
MA0106202311A0765708,빙스낵선산점,,G2,소매,G221,기타 상품 소매,G22199,그 외 기타 상품 전문 소매업,G47859,그 외 기타 분류 안된 상품 전문 소매업,47,경상북도,47190,구미시,47190250,선산읍,4719025021,선산읍,4719025021100370003,1,대지,37,3,경상북도 구미시 선산읍 완전리 37-3,471904724471,경상북도 구미시 선산읍 선산중앙로16길,4,,4719025021100370003042081,,경상북도 구미시 선산읍 선산중앙로16길 4,730804,39125,,,,128.300124742052,36.2426015076737
MA0106202311A1244736,일커피,,G2,소매,G221,기타 상품 소매,G22199,그 외 기타 상품 전문 소매업,G47859,그 외 기타 분류 안된 상품 전문 소매업,26,부산광역시,26350,해운대구,26350560,송정동,2635010800,송정동,2635010800102510002,1,대지,251,2,부산광역시 해운대구 송정동 251-2,263504199096,부산광역시 해운대구 송정중앙로36번길,5,,2635010800102510002000002,,부산광역시 해운대구 송정중앙로36번길 5,612040,48072,,1,,129.204068827097,35.1818642828264
MA0106202311A1026865,다이소정촌점,,G2,소매,G221,기타 상품 소매,G22199,그 외 기타 상품 전문 소매업,G47859,그 외 기타 분류 안된 상품 전문 소매업,48,경상남도,48170,진주시,48170320,정촌면,4817032025,정촌면,4817032025112690004,1,대지,1269,4,경상남도 진주시 정촌면 예하리 1269-4,481703350115,경상남도 진주시 정촌면 삼일로95번길,50,3,4817032025112690004000001,,경상남도 진주시 정촌면 삼일로95번길 50-3,660822,52845,,,,128.098543264604,35.1334547215801
MA0106202311A1070102,로스팅작업실,,G2,소매,G221,기타 상품 소매,G22199,그 외 기타 상품 전문 소매업,G47859,그 외 기타 분류 안된 상품 전문 소매업,41,경기도,41150,의정부시,41150568,신곡2동,4115010400,신곡동,4115010400107570002,1,대지,757,2,경기도 의정부시 신곡동 757-2,411503181039,경기도 의정부시 장곡로,554,,4115010400107570002017201,광장빌딩,경기도 의정부시 장곡로 554,480072,11777,,,,127.064403891231,37.7487167989746
MA0106202311A2106676,지유명차,방배점,G2,소매,G221,기타 상품 소매,G22199,그 외 기타 상품 전문 소매업,G47859,그 외 기타 분류 안된 상품 전문 소매업,11,서울특별시,11650,서초구,11650590,방배본동,1165010100,방배동,1165010100122290000,1,대지,2229,,서울특별시 서초구 방배동 2229,116504163677,서울특별시 서초구 방배중앙로21길,53,,1165010100122290000016412,,서울특별시 서초구 방배중앙로21길 53,137069,06560,,2,,126.983400274983,37.4917264791588
MA0106202311A2125181,에코젠,,G2,소매,G221,기타 상품 소매,G22199,그 외 기타 상품 전문 소매업,G47859,그 외 기타 분류 안된 상품 전문 소매업,46,전라남도,46170,나주시,46170620,빛가람동,4617013400,빛가람동,4617013400103530001,1,대지,353,1,전라남도 나주시 빛가람동 353-1,461704685299,전라남도 나주시 교육길,13,,4617013400103530001000001,,전라남도 나주시 교육길 13,520350,58326,,3,,126.781055704682,35.0207246430329
MA0106202311A1019225,코코홀카페,,G2,소매,G221,기타 상품 소매,G22199,그 외 기타 상품 전문 소매업,G47859,그 외 기타 분류 안된 상품 전문 소매업,51,강원특별자치도,51780,철원군,51780256,갈말읍,5178025621,갈말읍,5178025621109840019,1,대지,984,19,강원특별자치도 철원군 갈말읍 신철원리 984-19,517804490117,강원특별자치도 철원군 갈말읍 명성로158번길,1,,4278025621109840019033815,,강원특별자치도 철원군 갈말읍 명성로158번길 1,269805,24041,,1,,127.308139598225,38.1458508939468
MA0106202309A0841108,미미식탁,,G2,소매,G221,기타 상품 소매,G22199,그 외 기타 상품 전문 소매업,G47859,그 외 기타 분류 안된 상품 전문 소매업,47,경상북도,47840,성주군,47840250,성주읍,4784025029,성주읍,4784025029103520001,1,대지,352,1,경상북도 성주군 성주읍 백전리 352-1,478403311038,경상북도 성주군 성주읍 성주로,3145,,4784025029103520001037436,,경상북도 성주군 성주읍 성주로 3145,719803,40021,,,,128.279737570464,35.9222726283453
MA0106202309A1420676,다래푸드대구,,G2,소매,G221,기타 상품 소매,G22199,그 외 기타 상품 전문 소매업,G47859,그 외 기타 분류 안된 상품 전문 소매업,27,대구광역시,27230,북구,27230800,국우동,2723012200,국우동,2723012200112460000,1,대지,1246,,대구광역시 북구 국우동 1246,272304860063,대구광역시 북구 도남중앙로2길,40,,2723012200100000000000013,,대구광역시 북구 도남중앙로2길 40,702220,41408,,,,128.58718856677,35.9465634713733
MA0106202309A2286690,바이오드림,,G2,소매,G221,기타 상품 소매,G22199,그 외 기타 상품 전문 소매업,G47859,그 외 기타 분류 안된 상품 전문 소매업,51,강원특별자치도,51110,춘천시,51110600,후평1동,5111012000,후평동,5111012000105580001,1,대지,558,1,강원특별자치도 춘천시 후평동 558-1,511104454822,강원특별자치도 춘천시 후석로420번길,7,,4211012000105580001034406,,강원특별자치도 춘천시 후석로420번길 7,200959,24232,,4,,127.745157728962,37.8878983012653
MA0106202309A2278691,웅부,,G2,소매,G221,기타 상품 소매,G22199,그 외 기타 상품 전문 소매업,G47859,그 외 기타 분류 안된 상품 전문 소매업,41,경기도,41461,용인시 처인구,41461350,백암면,4146135029,백암면,4146135029100950004,1,대지,95,4,경기도 용인시 처인구 백암면 근삼리 95-4,414614409479,경기도 용인시 처인구 백암면 삼백로901번길,34,,4146135029100950004014107,,경기도 용인시 처인구 백암면 삼백로901번길 34,449864,17181,,,,127.364976532015,37.1507102296931
MA0106202404A0809571,고운공방,,G2,소매,G221,기타 상품 소매,G22199,그 외 기타 상품 전문 소매업,G47859,그 외 기타 분류 안된 상품 전문 소매업,43,충청북도,43770,음성군,43770360,생극면,4377036032,생극면,4377036032105700000,1,대지,570,,충청북도 음성군 생극면 생리 570,437704541394,충청북도 음성군 생극면 오신로342번길,27,,4377036032105700000210249,,충청북도 음성군 생극면 오신로342번길 27,369843,27617,,1,,127.630075714991,37.027774918493
MA0106202404A2050483,더플러스신길,,G2,소매,G221,기타 상품 소매,G22199,그 외 기타 상품 전문 소매업,G47859,그 외 기타 분류 안된 상품 전문 소매업,11,서울특별시,11560,영등포구,11560630,신길1동,1156013200,신길동,1156013200101600038,1,대지,160,38,서울특별시 영등포구 신길동 160-38,115603118006,서울특별시 영등포구 도신로,208,,1156013200101600038017644,지,서울특별시 영등포구 도신로 208,150840,07348,,1,,126.914468722328,37.5113205869315
MA0106202404A1271325,맛쿵계돈쭈오,,G2,소매,G221,기타 상품 소매,G22199,그 외 기타 상품 전문 소매업,G47859,그 외 기타 분류 안된 상품 전문 소매업,26,부산광역시,26710,기장군,26710256,정관읍,2671025622,정관읍,2671025622107190001,1,대지,719,1,부산광역시 기장군 정관읍 매학리 719-1,267103140044,부산광역시 기장군 정관읍 정관6로,5,20,2671032022107190001000001,,부산광역시 기장군 정관읍 정관6로 5-20,619963,46017,,,,129.175358437671,35.3204813597625
MA0106202404A0510450,강원한과,,G2,소매,G221,기타 상품 소매,G22199,그 외 기타 상품 전문 소매업,G47859,그 외 기타 분류 안된 상품 전문 소매업,43,충청북도,43111,청주시 상당구,43111545,성안동,4311111100,석교동,4311111100100550003,1,대지,55,3,충청북도 청주시 상당구 석교동 55-3,431114508309,충청북도 청주시 상당구 상당로1번길,27,,4311111100100550001049981,,충청북도 청주시 상당구 상당로1번길 27,360060,28534,,,,127.489325069183,36.6281074794184
MA0106202311A2268888,먹구구독생활앤다되구렌탈,,G2,소매,G221,기타 상품 소매,G22199,그 외 기타 상품 전문 소매업,G47859,그 외 기타 분류 안된 상품 전문 소매업,41,경기도,41287,고양시 일산서구,41287570,대화동,4128710400,대화동,4128710400121560007,1,대지,2156,7,경기도 고양시 일산서구 대화동 2156-7,412874382031,경기도 고양시 일산서구 대산로223번길,20,,4128710400121560007003009,먹구구독생활앤다되구렌탈,경기도 고양시 일산서구 대산로223번길 20,411804,10377,,,,126.753183372001,37.6779118947782
MA0106202311A1672032,이티투바이오,,G2,소매,G221,기타 상품 소매,G22199,그 외 기타 상품 전문 소매업,G47859,그 외 기타 분류 안된 상품 전문 소매업,26,부산광역시,26380,사하구,26380562,하단2동,2638010300,하단동,2638010300104760002,1,대지,476,2,부산광역시 사하구 하단동 476-2,263802006002,부산광역시 사하구 낙동대로,571,,2638010300104760002015371,상일빌딩,부산광역시 사하구 낙동대로 571,604851,49303,,3,,128.962254238228,35.1143362060047
MA0106202311A0698466,오더블유엔디자인,,G2,소매,G221,기타 상품 소매,G22199,그 외 기타 상품 전문 소매업,G47859,그 외 기타 분류 안된 상품 전문 소매업,41,경기도,41360,남양주시,41360570,별내동,4136011100,별내동,4136011100105580128,1,대지,558,128,경기도 남양주시 별내동 558-128,413603197076,경기도 남양주시 불암로,39,,4136011100105580128000001,,경기도 남양주시 불암로 39,472501,12100,,,,127.111427572173,37.6446190431503
MA0106202311A2157103,오리온매점,,G2,소매,G221,기타 상품 소매,G22199,그 외 기타 상품 전문 소매업,G47859,그 외 기타 분류 안된 상품 전문 소매업,41,경기도,41820,가평군,41820250,가평읍,4182025026,가평읍,4182025026102260001,1,대지,226,1,경기도 가평군 가평읍 두밀리 226-1,418203216046,경기도 가평군 가평읍 태봉두밀로,496,,4182025026102260001000001,,경기도 가평군 가평읍 태봉두밀로 496,477806,12425,,1,,127.447957111398,37.8148331957959
MA0106202312A1000947,그린번플랜트,,G2,소매,G221,기타 상품 소매,G22199,그 외 기타 상품 전문 소매업,G47859,그 외 기타 분류 안된 상품 전문 소매업,44,충청남도,44200,아산시,44200600,온양4동,4420010300,방축동,4420010300104440001,1,대지,444,1,충청남도 아산시 방축동 444-1,442003253009,충청남도 아산시 남부로,18,,4420010300104440001000001,,충청남도 아산시 남부로 18,336070,31564,,,,126.983142549106,36.770885565477
MA0106202312A1023526,선물의집,,G2,소매,G221,기타 상품 소매,G22199,그 외 기타 상품 전문 소매업,G47859,그 외 기타 분류 안된 상품 전문 소매업,46,전라남도,46130,여수시,46130250,돌산읍,4613025024,돌산읍,4613025024100710000,1,대지,71,,전라남도 여수시 돌산읍 율림리 71,461303282080,전라남도 여수시 돌산읍 향일암로,50,,4613025024100710000024089,,전라남도 여수시 돌산읍 향일암로 50,556906,59778,,,,127.801977686098,34.5936677046423
MA0106202311A2445210,경아네,,G2,소매,G221,기타 상품 소매,G22199,그 외 기타 상품 전문 소매업,G47859,그 외 기타 분류 안된 상품 전문 소매업,11,서울특별시,11560,영등포구,11560540,여의동,1156011000,여의도동,1156011000100540006,1,대지,54,6,서울특별시 영등포구 여의도동 54-6,115604154687,서울특별시 영등포구 여의대방로68길,15,,1156011000100540006031578,영창빌딩,서울특별시 영등포구 여의대방로68길 15,150895,07343,,1,,126.932876539075,37.5179638691603
MA0106202311A1706638,고선생에프씨에스,,G2,소매,G221,기타 상품 소매,G22199,그 외 기타 상품 전문 소매업,G47859,그 외 기타 분류 안된 상품 전문 소매업,26,부산광역시,26470,연제구,26470690,연산5동,2647010200,연산동,2647010200111420007,1,대지,1142,7,부산광역시 연제구 연산동 1142-7,264703129045,부산광역시 연제구 월드컵대로,173,,2647010200111420007000001,,부산광역시 연제구 월드컵대로 173,611831,47539,,2,,129.077496735885,35.1871934422669
MA0106202311A2160313,초이휴캠피장,,G2,소매,G221,기타 상품 소매,G22199,그 외 기타 상품 전문 소매업,G47859,그 외 기타 분류 안된 상품 전문 소매업,41,경기도,41450,하남시,41450600,초이동,4145012300,초이동,4145012300100690010,1,대지,69,10,경기도 하남시 초이동 69-10,414504406227,경기도 하남시 초이로99번길,49,32,4145012300100690000000003,제,경기도 하남시 초이로99번길 49-32,465220,12986,,1,,127.167728231039,37.5426954232462
MA0106202311A0528275,크린월드,,G2,소매,G221,기타 상품 소매,G22199,그 외 기타 상품 전문 소매업,G47859,그 외 기타 분류 안된 상품 전문 소매업,11,서울특별시,11230,동대문구,11230610,답십리2동,1123010500,답십리동,1123010500100530008,1,대지,53,8,서울특별시 동대문구 답십리동 53-8,112304115081,서울특별시 동대문구 답십리로48길,6,,1123010500100530008021488,,서울특별시 동대문구 답십리로48길 6,130883,02606,,1,,127.057799534412,37.5725603343937
MA0106202311A0334582,구천상회,,G2,소매,G221,기타 상품 소매,G22199,그 외 기타 상품 전문 소매업,G47859,그 외 기타 분류 안된 상품 전문 소매업,41,경기도,41115,수원시 팔달구,41115740,행궁동,4111512600,구천동,4111512600100970001,1,대지,97,1,경기도 수원시 팔달구 구천동 97-1,411154328269,경기도 수원시 팔달구 정조로712번길,4,,4111512600100970001014250,,경기도 수원시 팔달구 정조로712번길 4,442140,16264,,,,127.017227814352,37.2718494591823
MA0106202311A0840952,이화수본,,G2,소매,G221,기타 상품 소매,G22199,그 외 기타 상품 전문 소매업,G47859,그 외 기타 분류 안된 상품 전문 소매업,11,서울특별시,11500,강서구,11500603,가양1동,1150010500,마곡동,1150010500107740002,1,대지,774,2,서울특별시 강서구 마곡동 774-2,115002005007,서울특별시 강서구 공항대로,213,,1150010500107740002000001,,서울특별시 강서구 공항대로 213,157805,07802,,2,,126.831373501823,37.5596959626564
MA0106202309A1759158,더뻥튀기지축,,G2,소매,G221,기타 상품 소매,G22199,그 외 기타 상품 전문 소매업,G47859,그 외 기타 분류 안된 상품 전문 소매업,41,경기도,41281,고양시 덕양구,41281560,효자동,4128110900,지축동,4128110900110050002,1,대지,1005,2,경기도 고양시 덕양구 지축동 1005-2,412813352413,경기도 고양시 덕양구 지축로,66,,4128110900100000000000093,,경기도 고양시 덕양구 지축로 66,412140,10585,,1,,126.915364457538,37.6493984979867
MA0106202309A1998522,더좋은건강세상,,G2,소매,G221,기타 상품 소매,G22199,그 외 기타 상품 전문 소매업,G47859,그 외 기타 분류 안된 상품 전문 소매업,11,서울특별시,11380,은평구,11380570,대조동,1138010600,대조동,1138010600100010003,1,대지,1,3,서울특별시 은평구 대조동 1-3,113804133314,서울특별시 은평구 통일로71길,24,,1138010600100010003027537,우,서울특별시 은평구 통일로71길 24,122837,03391,,1,,126.927241826895,37.6126101572456
MA0106202404A0822368,행복한반찬,,G2,소매,G221,기타 상품 소매,G22199,그 외 기타 상품 전문 소매업,G47859,그 외 기타 분류 안된 상품 전문 소매업,41,경기도,41390,시흥시,41390592,정왕2동,4139013200,정왕동,4139013200117260002,1,대지,1726,2,경기도 시흥시 정왕동 1726-2,413902012007,경기도 시흥시 정왕대로,178,,4139013200117260002019326,,경기도 시흥시 정왕대로 178,429452,15036,,1,,126.733975665209,37.3478152208152
MA0106202404A1218747,오늘,,G2,소매,G221,기타 상품 소매,G22199,그 외 기타 상품 전문 소매업,G47859,그 외 기타 분류 안된 상품 전문 소매업,29,광주광역시,29155,남구,29155545,사직동,2915510100,사동,2915510100101460000,1,대지,146,,광주광역시 남구 사동 146,291554283625,광주광역시 남구 천변좌로370번길,13,,2915510100101460000004654,,광주광역시 남구 천변좌로370번길 13,503030,61639,,1,,126.911354544844,35.1448102124205
MA0106202404A1023484,상주로컬푸드직매장상주생각,,G2,소매,G221,기타 상품 소매,G22199,그 외 기타 상품 전문 소매업,G47859,그 외 기타 분류 안된 상품 전문 소매업,47,경상북도,47250,상주시,47250530,북문동,4725010900,무양동,4725010900101540000,1,대지,154,,경상북도 상주시 무양동 154,472504733213,경상북도 상주시 동수4길,62,,4725010900101540000000001,,경상북도 상주시 동수4길 62,742906,37166,,,,128.154562370966,36.4229420139376
MA0106202404A1449904,케이에이치씨,,G2,소매,G221,기타 상품 소매,G22199,그 외 기타 상품 전문 소매업,G47859,그 외 기타 분류 안된 상품 전문 소매업,31,울산광역시,31710,울주군,31710253,언양읍,3171025330,언양읍,3171025330103400002,1,대지,340,2,울산광역시 울주군 언양읍 동부리 340-2,317103173066,울산광역시 울주군 언양읍 읍성로,79,,3171025330103400002000002,,울산광역시 울주군 언양읍 읍성로 79,689804,44943,,,,129.118331777649,35.570138627465
MA0106202404A0957233,오덴세,,G2,소매,G221,기타 상품 소매,G22199,그 외 기타 상품 전문 소매업,G47859,그 외 기타 분류 안된 상품 전문 소매업,30,대전광역시,30110,동구,30110560,용운동,3011010900,용운동,3011010900104500011,1,대지,450,11,대전광역시 동구 용운동 450-11,301104292021,대전광역시 동구 계족로140번길,150,,3011010900104500011025954,,대전광역시 동구 계족로140번길 150,300822,34653,,,,127.452625197545,36.3276548454291
MA0106202404A2173054,밍블랑,,G2,소매,G221,기타 상품 소매,G22199,그 외 기타 상품 전문 소매업,G47859,그 외 기타 분류 안된 상품 전문 소매업,11,서울특별시,11500,강서구,11500535,등촌3동,1150010200,등촌동,1150010200106970001,1,대지,697,1,서울특별시 강서구 등촌동 697-1,115004145183,서울특별시 강서구 공항대로41길,65,,1150010200106970001025180,,서울특별시 강서구 공항대로41길 65,157930,07586,,2,,126.846118547601,37.5607972963743
MA0106202404A1093874,커피킹,,G2,소매,G221,기타 상품 소매,G22199,그 외 기타 상품 전문 소매업,G47859,그 외 기타 분류 안된 상품 전문 소매업,29,광주광역시,29170,북구,29170662,두암2동,2917011400,두암동,2917011400100290006,1,대지,29,6,광주광역시 북구 두암동 29-6,291703162059,광주광역시 북구 월동로,64,,2917011400100290006047777,,광주광역시 북구 월동로 64,500806,61150,,3,,126.936645930489,35.1769415073033
MA0106202404A0774144,포레니티,,G2,소매,G221,기타 상품 소매,G22199,그 외 기타 상품 전문 소매업,G47859,그 외 기타 분류 안된 상품 전문 소매업,43,충청북도,43113,청주시 흥덕구,43113700,운천.신봉동,4311310400,운천동,4311310400111720000,1,대지,1172,,충청북도 청주시 흥덕구 운천동 1172,431134511859,충청북도 청주시 흥덕구 직지대로753번길,42,,4311310400111720000015500,,충청북도 청주시 흥덕구 직지대로753번길 42,361841,28470,,,,127.476041001629,36.645949572533
MA0106202404A0823636,모두드림,,G2,소매,G221,기타 상품 소매,G22199,그 외 기타 상품 전문 소매업,G47859,그 외 기타 분류 안된 상품 전문 소매업,28,인천광역시,28177,미추홀구,28177570,용현5동,2817710200,용현동,2817710200106270203,1,대지,627,203,인천광역시 미추홀구 용현동 627-203,281773151003,인천광역시 미추홀구 낙섬서로,12,,2817010200106270203075967,,인천광역시 미추홀구 낙섬서로 12,402834,22190,,3,,126.634203366771,37.4507962867967
MA0106202311A0649927,유엔에이치스튜디오,,G2,소매,G221,기타 상품 소매,G22199,그 외 기타 상품 전문 소매업,G47859,그 외 기타 분류 안된 상품 전문 소매업,29,광주광역시,29155,남구,29155510,양림동,2915511300,양림동,2915511300100980000,1,대지,98,,광주광역시 남구 양림동 98,291553161016,광주광역시 남구 제중로,35,,2915511300100980000003164,,광주광역시 남구 제중로 35,503822,61661,,2,,126.91413832512,35.137727510858
MA0106202311A0356454,아이링고,,G2,소매,G221,기타 상품 소매,G22199,그 외 기타 상품 전문 소매업,G47859,그 외 기타 분류 안된 상품 전문 소매업,28,인천광역시,28200,남동구,28200710,논현고잔동,2820011100,고잔동,2820011100106640019,1,대지,664,19,인천광역시 남동구 고잔동 664-19,282003153008,인천광역시 남동구 남동동로,140,,2820011100106640019009564,,인천광역시 남동구 남동동로 140,405818,21691,,,,126.699062033426,37.3973238250558
MA0106202311A1407649,힐링수사우나매점,,G2,소매,G221,기타 상품 소매,G22199,그 외 기타 상품 전문 소매업,G47859,그 외 기타 분류 안된 상품 전문 소매업,41,경기도,41135,성남시 분당구,41135545,정자동,4113510300,정자동,4113510300100540001,1,대지,54,1,경기도 성남시 분당구 정자동 54-1,411354340030,경기도 성남시 분당구 내정로113번길,4,,4113510300100540001011119,,경기도 성남시 분당구 내정로113번길 4,463874,13609,,1,,127.114836981016,37.3706743717963
MA0106202311A2264947,탑셀바이오뱅크목동센터,,G2,소매,G221,기타 상품 소매,G22199,그 외 기타 상품 전문 소매업,G47859,그 외 기타 분류 안된 상품 전문 소매업,11,서울특별시,11500,강서구,11500570,화곡4동,1150010300,화곡동,1150010300107970022,1,대지,797,22,서울특별시 강서구 화곡동 797-22,115003005063,서울특별시 강서구 곰달래로,259,,1150010300107970022020294,용경빌딩,서울특별시 강서구 곰달래로 259,157898,07741,,2,,126.861756289627,37.5322820252135
MA0106202311A1439874,킷사텐양천향교점,,G2,소매,G221,기타 상품 소매,G22199,그 외 기타 상품 전문 소매업,G47859,그 외 기타 분류 안된 상품 전문 소매업,11,서울특별시,11500,강서구,11500535,등촌3동,1150010200,등촌동,1150010200108100000,1,대지,810,,서울특별시 강서구 등촌동 810,115004145078,서울특별시 강서구 강서로74길,36,,1150010400101150011010651,,서울특별시 강서구 강서로74길 36,157033,07573,,3,,126.842778244913,37.5668746150601
MA0106202311A0496888,오산스토어,,G2,소매,G221,기타 상품 소매,G22199,그 외 기타 상품 전문 소매업,G47859,그 외 기타 분류 안된 상품 전문 소매업,41,경기도,41370,오산시,41370543,신장1동,4137011000,내삼미동,4137011000108590002,1,대지,859,2,경기도 오산시 내삼미동 859-2,413703198026,경기도 오산시 수청로,63,,4137011000108590002000001,세마바이크,경기도 오산시 수청로 63,447220,18110,,1,,127.057101265135,37.1751094141297
MA0106202312A0781873,한솔제지오거리로또,,G2,소매,G221,기타 상품 소매,G22199,그 외 기타 상품 전문 소매업,G47859,그 외 기타 분류 안된 상품 전문 소매업,44,충청남도,44131,천안시 동남구,44131320,광덕면,4413132029,광덕면,4413132029100500003,1,대지,50,3,충청남도 천안시 동남구 광덕면 행정리 50-3,441314547765,충청남도 천안시 동남구 광덕면 행정길,9,,4413132029100500003072700,,충청남도 천안시 동남구 광덕면 행정길 9,330922,31223,,1,,127.158247027599,36.6889866311502
MA0106202312A1541950,드림푸드,,G2,소매,G221,기타 상품 소매,G22199,그 외 기타 상품 전문 소매업,G47859,그 외 기타 분류 안된 상품 전문 소매업,47,경상북도,47210,영주시,47210610,휴천3동,4721010400,휴천동,4721010400106840035,1,대지,684,35,경상북도 영주시 휴천동 684-35,472103309008,경상북도 영주시 구성로,229,1,4721010400106840035012081,,경상북도 영주시 구성로 229-1,750916,36153,,1,,128.627400743463,36.8136269278731
MA0106202311A0068567,다빈치스타일,,G2,소매,G221,기타 상품 소매,G22199,그 외 기타 상품 전문 소매업,G47859,그 외 기타 분류 안된 상품 전문 소매업,41,경기도,41570,김포시,41570570,구래동,4157010900,구래동,4157010900168770005,1,대지,6877,5,경기도 김포시 구래동 6877-5,415703209162,경기도 김포시 김포한강5로,321,,4157010900168770005000001,,경기도 김포시 김포한강5로 321,415080,10063,,7,,126.638065116994,37.6527478573144
MA0106202312A1504473,라이프플러스,,G2,소매,G221,기타 상품 소매,G22199,그 외 기타 상품 전문 소매업,G47859,그 외 기타 분류 안된 상품 전문 소매업,41,경기도,41830,양평군,41830310,강상면,4183031021,강상면,4183031021107550001,1,대지,755,1,경기도 양평군 강상면 병산리 755-1,418303217033,경기도 양평군 강상면 강남로,891,,4183031021107550001000001,,경기도 양평군 강상면 강남로 891,476913,12571,,,,127.476727046888,37.4891980526152
MA0106202311A2193357,고려종합유통,,G2,소매,G221,기타 상품 소매,G22199,그 외 기타 상품 전문 소매업,G47859,그 외 기타 분류 안된 상품 전문 소매업,47,경상북도,47130,경주시,47130360,현곡면,4713036024,현곡면,4713036024109500003,1,대지,950,3,경상북도 경주시 현곡면 상구리 950-3,471304715006,경상북도 경주시 현곡면 가막골길,105,,4713036024109500003000004,다동,경상북도 경주시 현곡면 가막골길 105,780925,38049,,1,,129.177156624049,35.8740832514534
MA0106202311A0910467,대복상회,,G2,소매,G221,기타 상품 소매,G22199,그 외 기타 상품 전문 소매업,G47859,그 외 기타 분류 안된 상품 전문 소매업,36,세종특별자치시,36110,세종특별자치시,36110250,조치원읍,3611025021,조치원읍,3611025021100960004,1,대지,96,4,세종특별자치시 세종특별자치시 조치원읍 원리 96-4,361104574253,세종특별자치시 세종특별자치시 조치원읍 새내10길,47,,4473025021100960004038561,,세종특별자치시 세종특별자치시 조치원읍 새내10길 47,339883,30027,,,,127.300821243115,36.6007071672754
MA0106202311A1170267,새순슈퍼,,G2,소매,G221,기타 상품 소매,G22199,그 외 기타 상품 전문 소매업,G47859,그 외 기타 분류 안된 상품 전문 소매업,52,전북특별자치도,52210,김제시,52210580,교월동,5221011000,옥산동,5221011000100060082,1,대지,6,82,전북특별자치도 김제시 옥산동 6-82,522104616150,전북특별자치도 김제시 남북9길,12,,4521011000100060082055523,,전북특별자치도 김제시 남북9길 12,576050,54409,,1,,126.889297749487,35.795747150649
MA0106202309A2312167,속초술빵,,G2,소매,G221,기타 상품 소매,G22199,그 외 기타 상품 전문 소매업,G47859,그 외 기타 분류 안된 상품 전문 소매업,51,강원특별자치도,51210,속초시,51210540,금호동,5121010300,중앙동,5121010300104930005,1,대지,493,5,강원특별자치도 속초시 중앙동 493-5,512104469248,강원특별자치도 속초시 중앙시장로6길,10,,4221010300104930005016358,,강원특별자치도 속초시 중앙시장로6길 10,217807,24832,,1,,128.589421116142,38.2052601429937
MA0106202309A0820574,비알시티키친166,,G2,소매,G221,기타 상품 소매,G22199,그 외 기타 상품 전문 소매업,G47859,그 외 기타 분류 안된 상품 전문 소매업,11,서울특별시,11650,서초구,11650621,방배4동,1165010100,방배동,1165010100108750002,1,대지,875,2,서울특별시 서초구 방배동 875-2,116503121010,서울특별시 서초구 방배로,166,,1165010100108750003010245,,서울특별시 서초구 방배로 166,137840,06588,,,,126.993373956911,37.4885829429058
MA0106202309A2361979,아트고,,G2,소매,G221,기타 상품 소매,G22199,그 외 기타 상품 전문 소매업,G47859,그 외 기타 분류 안된 상품 전문 소매업,41,경기도,41360,남양주시,41360565,다산2동,4136011200,다산동,4136011200162450000,1,대지,6245,,경기도 남양주시 다산동 6245,413603351595,경기도 남양주시 다산지금로163번길,6,,4136011200162450000000002,,경기도 남양주시 다산지금로163번길 6,,12284,,,,127.174306292587,37.5977636784128
MA0106202404A0026385,두앤화,,G2,소매,G221,기타 상품 소매,G22199,그 외 기타 상품 전문 소매업,G47859,그 외 기타 분류 안된 상품 전문 소매업,28,인천광역시,28237,부평구,28237648,삼산2동,2823710500,삼산동,2823710500104620003,1,대지,462,3,인천광역시 부평구 삼산동 462-3,282373154056,인천광역시 부평구 체육관로,18,,2823710500104620003110231,대경프라자,인천광역시 부평구 체육관로 18,403866,21344,,,,126.733633161716,37.5083662321433
MA0106202404A1773198,통영장갑,,G2,소매,G221,기타 상품 소매,G22199,그 외 기타 상품 전문 소매업,G47859,그 외 기타 분류 안된 상품 전문 소매업,48,경상남도,48220,통영시,48220590,정량동,4822010900,정량동,4822010900111580032,1,대지,1158,32,경상남도 통영시 정량동 1158-32,482203333042,경상남도 통영시 통영해안로,390,,4822010900111580032019178,,경상남도 통영시 통영해안로 390,650806,53050,,1,,128.429951832426,34.8444419003392
MA0106202404A1754236,소세지하우스,,G2,소매,G221,기타 상품 소매,G22199,그 외 기타 상품 전문 소매업,G47859,그 외 기타 분류 안된 상품 전문 소매업,41,경기도,41281,고양시 덕양구,41281660,화전동,4128113200,향동동,4128113200104550002,1,대지,455,2,경기도 고양시 덕양구 향동동 455-2,412814855824,경기도 고양시 덕양구 꽃내음2길,69,,4128113200104550002000001,,경기도 고양시 덕양구 꽃내음2길 69,412160,10545,,1,,126.892835524519,37.603285720218
MA0106202404A0576809,거창회센타,,G2,소매,G221,기타 상품 소매,G22199,그 외 기타 상품 전문 소매업,G47859,그 외 기타 분류 안된 상품 전문 소매업,48,경상남도,48310,거제시,48310570,장평동,4831010800,장평동,4831010800102870003,1,대지,287,3,경상남도 거제시 장평동 287-3,483104811625,경상남도 거제시 장평3로5길,15,,4831010800102870003012189,주,경상남도 거제시 장평3로5길 15,656927,53269,,1,,128.607313517066,34.8908510766529
MA0106202404A1302748,칼리프,,G2,소매,G221,기타 상품 소매,G22199,그 외 기타 상품 전문 소매업,G47859,그 외 기타 분류 안된 상품 전문 소매업,27,대구광역시,27110,중구,27110595,대신동,2711015400,대신동,2711015400109260000,1,대지,926,,대구광역시 중구 대신동 926,271102007002,대구광역시 중구 달구벌대로,1991,1,2711015400109260000003616,,대구광역시 중구 달구벌대로 1991-1,700818,41927,,,,128.581675906568,35.8650740929625
MA0106202404A1450203,대통,,G2,소매,G221,기타 상품 소매,G22199,그 외 기타 상품 전문 소매업,G47859,그 외 기타 분류 안된 상품 전문 소매업,27,대구광역시,27230,북구,27230695,무태조야동,2723011600,조야동,2723011600101060000,1,대지,106,,대구광역시 북구 조야동 106,272303145038,대구광역시 북구 조야로,35,,2723011600101060000040614,,대구광역시 북구 조야로 35,702100,41478,,,,128.5762513115,35.9103287171113
MA0106202311A0175438,육군제2291부대매점,,G2,소매,G221,기타 상품 소매,G22199,그 외 기타 상품 전문 소매업,G47859,그 외 기타 분류 안된 상품 전문 소매업,28,인천광역시,28237,부평구,28237670,일신동,2823710900,구산동,2823710900102700000,1,대지,270,,인천광역시 부평구 구산동 270,282373008024,인천광역시 부평구 무네미로,447,,2823710900102700000000001,,인천광역시 부평구 무네미로 447,403110,21459,,,,126.75247381553,37.474745660489
MA0106202311A2062810,로어이스트커피웍스,,G2,소매,G221,기타 상품 소매,G22199,그 외 기타 상품 전문 소매업,G47859,그 외 기타 분류 안된 상품 전문 소매업,31,울산광역시,31140,남구,31140570,삼산동,3114010500,달동,3114010500113510001,1,대지,1351,1,울산광역시 남구 달동 1351-1,311404310409,울산광역시 남구 삼산로241번길,34,,3114010500113510001007022,현우골든,울산광역시 남구 삼산로241번길 34,680805,44706,,1,,129.333225128061,35.5416063704123
MA0106202311A1826144,유통,코리아,G2,소매,G221,기타 상품 소매,G22199,그 외 기타 상품 전문 소매업,G47859,그 외 기타 분류 안된 상품 전문 소매업,31,울산광역시,31710,울주군,31710262,청량읍,3171026223,청량읍,3171026223103390001,1,대지,339,1,울산광역시 울주군 청량읍 상남리 339-1,317104320106,울산광역시 울주군 청량읍 화창1길,42,5,3171026223103390001000001,,울산광역시 울주군 청량읍 화창1길 42-5,689863,44986,,,,129.312475858551,35.4858698310015
MA0106202311A0742546,에스에이치아이스크림할인점,,G2,소매,G221,기타 상품 소매,G22199,그 외 기타 상품 전문 소매업,G47859,그 외 기타 분류 안된 상품 전문 소매업,48,경상남도,48123,창원시 성산구,48123530,상남동,4812312700,상남동,4812312700100860002,1,대지,86,2,경상남도 창원시 성산구 상남동 86-2,481233328006,경상남도 창원시 성산구 단정로,62,,4812312700100860002026738,,경상남도 창원시 성산구 단정로 62,642829,51502,,,,128.686318688152,35.2180216811206
MA0106202311A0257606,비엠아이,,G2,소매,G221,기타 상품 소매,G22199,그 외 기타 상품 전문 소매업,G47859,그 외 기타 분류 안된 상품 전문 소매업,41,경기도,41480,파주시,41480570,운정3동,4148011300,동패동,4148011300119010000,1,대지,1901,,경기도 파주시 동패동 1901,414803206100,경기도 파주시 한울로,63,,4148011300201350000000001,,경기도 파주시 한울로 63,413100,10902,,,,126.738658942215,37.7111175345732
MA0106202311A1690822,싱그런팜남양주,,G2,소매,G221,기타 상품 소매,G22199,그 외 기타 상품 전문 소매업,G47859,그 외 기타 분류 안된 상품 전문 소매업,41,경기도,41360,남양주시,41360256,화도읍,4136025623,화도읍,4136025623100470005,1,대지,47,5,경기도 남양주시 화도읍 가곡리 47-5,413603197032,경기도 남양주시 화도읍 비룡로,488,,4136025623100470005002306,,경기도 남양주시 화도읍 비룡로 488,472841,12033,,1,,127.3168838887,37.6886192132381
MA0106202312A0309738,농수산물유통,,G2,소매,G221,기타 상품 소매,G22199,그 외 기타 상품 전문 소매업,G47859,그 외 기타 분류 안된 상품 전문 소매업,41,경기도,41650,포천시,41650320,내촌면,4165032021,내촌면,4165032021108770003,1,대지,877,3,경기도 포천시 내촌면 진목리 877-3,416503213046,경기도 포천시 내촌면 포천로,256,,4165032021108770003005899,주건축물제,경기도 포천시 내촌면 포천로 256,487836,11190,,1,,127.210077307912,37.7984605152497
MA0106202311A1410587,블루레오,,G2,소매,G221,기타 상품 소매,G22199,그 외 기타 상품 전문 소매업,G47859,그 외 기타 분류 안된 상품 전문 소매업,41,경기도,41135,성남시 분당구,41135640,야탑3동,4113510700,야탑동,4113510700102210000,1,대지,221,,경기도 성남시 분당구 야탑동 221,411354340299,경기도 성남시 분당구 야탑로205번길,26,,4113510700102210000000001,,경기도 성남시 분당구 야탑로205번길 26,463836,13503,,,,127.142944791368,37.4106851629459
MA0106202311A2198507,조조유통기획,,G2,소매,G221,기타 상품 소매,G22199,그 외 기타 상품 전문 소매업,G47859,그 외 기타 분류 안된 상품 전문 소매업,41,경기도,41310,구리시,41310510,갈매동,4131010100,갈매동,4131010100105520006,1,대지,552,6,경기도 구리시 갈매동 552-6,413104857375,경기도 구리시 갈매순환로166번길,45,,4131010100105520006000001,,경기도 구리시 갈매순환로166번길 45,471859,11901,,7,,127.123319932577,37.6347234146513
MA0106202311A1144866,롤로,코리아,G2,소매,G221,기타 상품 소매,G22199,그 외 기타 상품 전문 소매업,G47859,그 외 기타 분류 안된 상품 전문 소매업,46,전라남도,46130,여수시,46130730,미평동,4613012200,미평동,4613012200104310001,1,대지,431,1,전라남도 여수시 미평동 431-1,461303282028,전라남도 여수시 미평로,22,1,4613012200104310001049882,,전라남도 여수시 미평로 22-1,550240,59630,,,,127.707511539107,34.7651586770738
MA0106202312A0515989,LEONARDI,,G2,소매,G221,기타 상품 소매,G22199,그 외 기타 상품 전문 소매업,G47859,그 외 기타 분류 안된 상품 전문 소매업,11,서울특별시,11680,강남구,11680510,신사동,1168010700,신사동,1168010700105700003,1,대지,570,3,서울특별시 강남구 신사동 570-3,116804166156,서울특별시 강남구 논현로167길,15,,1168010700105700003010362,,서울특별시 강남구 논현로167길 15,135891,06031,,6,,127.026833606223,37.5244400845961
MA0106202311A2147791,오늘은달콤,,G2,소매,G221,기타 상품 소매,G22199,그 외 기타 상품 전문 소매업,G47859,그 외 기타 분류 안된 상품 전문 소매업,28,인천광역시,28260,서구,28260575,신현원창동,2826010900,신현동,2826010900102790033,1,대지,279,33,인천광역시 서구 신현동 279-33,282603156072,인천광역시 서구 원창로,188,,2826010900102790033004022,,인천광역시 서구 원창로 188,404832,22782,,1,,126.670188100194,37.5174954376048
MA0106202311A1291384,모두드림,,G2,소매,G221,기타 상품 소매,G22199,그 외 기타 상품 전문 소매업,G47859,그 외 기타 분류 안된 상품 전문 소매업,41,경기도,41610,광주시,41610560,광남1동,4161011000,태전동,4161011000102610023,1,대지,261,23,경기도 광주시 태전동 261-23,416103211040,경기도 광주시 태봉로,24,,4161011000102610023000001,,경기도 광주시 태봉로 24,464808,12785,,4,,127.230278744054,37.3912835239976
MA0106202311A1119134,제이틴,,G2,소매,G221,기타 상품 소매,G22199,그 외 기타 상품 전문 소매업,G47859,그 외 기타 분류 안된 상품 전문 소매업,11,서울특별시,11140,중구,11140540,회현동,1114011200,남창동,1114011200100320001,1,대지,32,1,서울특별시 중구 남창동 32-1,111404103020,서울특별시 중구 남대문시장4길,3,,1114011200100320012000001,,서울특별시 중구 남대문시장4길 3,100804,04529,,2,,126.977726105498,37.5600755685074
MA0106202311A1826476,굿프라이스,,G2,소매,G221,기타 상품 소매,G22199,그 외 기타 상품 전문 소매업,G47859,그 외 기타 분류 안된 상품 전문 소매업,31,울산광역시,31200,북구,31200510,농소1동,3120010300,매곡동,3120010300108990001,1,대지,899,1,울산광역시 북구 매곡동 899-1,312004854866,울산광역시 북구 당수골2길,13,,3120010300108990001000001,,울산광역시 북구 당수골2길 13,683420,44225,,,,129.361116197774,35.6362047357589
MA0106202311A1331219,맛사랑,,G2,소매,G221,기타 상품 소매,G22199,그 외 기타 상품 전문 소매업,G47859,그 외 기타 분류 안된 상품 전문 소매업,28,인천광역시,28177,미추홀구,28177560,용현3동,2817710200,용현동,2817710200104590014,1,대지,459,14,인천광역시 미추홀구 용현동 459-14,281774253510,인천광역시 미추홀구 인주대로123번길,20,,2817010200104590014034564,,인천광역시 미추홀구 인주대로123번길 20,402831,22179,,1,,126.650548692915,37.457360040315
MA0106202309A1580332,아이스마트,권곡점,G2,소매,G221,기타 상품 소매,G22199,그 외 기타 상품 전문 소매업,G47859,그 외 기타 분류 안된 상품 전문 소매업,44,충청남도,44200,아산시,44200590,온양3동,4420011400,권곡동,4420011400105340011,1,대지,534,11,충청남도 아산시 권곡동 534-11,442003253033,충청남도 아산시 삼동로,77,,4420011400105340011029846,,충청남도 아산시 삼동로 77,336030,31519,,1,,127.011998726868,36.7868899749091
MA0106202309A2371720,성림,,G2,소매,G221,기타 상품 소매,G22199,그 외 기타 상품 전문 소매업,G47859,그 외 기타 분류 안된 상품 전문 소매업,44,충청남도,44133,천안시 서북구,44133567,불당2동,4413310800,불당동,4413310800115280000,1,대지,1528,,충청남도 천안시 서북구 불당동 1528,441332348147,충청남도 천안시 서북구 불당22대로,79,,4413310800115280000000001,강남타워,충청남도 천안시 서북구 불당22대로 79,331230,31156,,,,127.107671154512,36.8162811832663
MA0106202405A0812261,와이제이컴퍼니,,G2,소매,G221,기타 상품 소매,G22199,그 외 기타 상품 전문 소매업,G47859,그 외 기타 분류 안된 상품 전문 소매업,11,서울특별시,11680,강남구,11680521,논현1동,1168010800,논현동,1168010800100580002,1,대지,58,2,서울특별시 강남구 논현동 58-2,116803122011,서울특별시 강남구 학동로,165,,1168010800100580002027570,마일스디오빌,서울특별시 강남구 학동로 165,135815,06046,,2,,127.028877126001,37.5138798455251
MA0106202411A0445832,국앤찬,,G2,소매,G221,기타 상품 소매,G22199,그 외 기타 상품 전문 소매업,G47859,그 외 기타 분류 안된 상품 전문 소매업,44,충청남도,44133,천안시 서북구,44133567,불당2동,4413310800,불당동,4413310800115440000,1,대지,1544,,충청남도 천안시 서북구 불당동 1544,441333351005,충청남도 천안시 서북구 불당26로,80,,4413310800115440000000001,천안불당지웰시티푸르지오1단지,충청남도 천안시 서북구 불당26로 80,331230,31156,,1,,127.106560694698,36.8156243732663
MA0106202407A0993570,라온제이,,G2,소매,G221,기타 상품 소매,G22199,그 외 기타 상품 전문 소매업,G47859,그 외 기타 분류 안된 상품 전문 소매업,46,전라남도,46170,나주시,46170620,빛가람동,4617013400,빛가람동,4617013400103030000,1,대지,303,,전라남도 나주시 빛가람동 303,461703284068,전라남도 나주시 빛가람로,800,,4617013400103030000000001,사랑으로부영3단지,전라남도 나주시 빛가람로 800,520350,58324,,1,,126.797929992702,35.0205556082631
MA0106202411A1135955,까슈크림,관저점,G2,소매,G221,기타 상품 소매,G22199,그 외 기타 상품 전문 소매업,G47859,그 외 기타 분류 안된 상품 전문 소매업,30,대전광역시,30170,서구,30170597,관저2동,3017011600,관저동,3017011600114220000,1,대지,1422,,대전광역시 서구 관저동 1422,301704298100,대전광역시 서구 관저동로90번길,47,,3017011600114220000015318,느리울마을2차11단지,대전광역시 서구 관저동로90번길 47,302797,35379,,1,,127.343481552666,36.3022805848487
MA0106202408A0382221,간식마켓24,,G2,소매,G221,기타 상품 소매,G22199,그 외 기타 상품 전문 소매업,G47859,그 외 기타 분류 안된 상품 전문 소매업,41,경기도,41390,시흥시,41390540,은행동,4139010600,은행동,4139010600106440000,1,대지,644,,경기도 시흥시 은행동 644,413903351838,경기도 시흥시 은계남로,12,,4139010600101500000000001,시흥은계호반써밋플레이스,경기도 시흥시 은계남로 12,429060,14922,,1,,126.80174231903,37.4359329208959
MA0106202404A2418285,오렌지카운티,,G2,소매,G221,기타 상품 소매,G22199,그 외 기타 상품 전문 소매업,G47859,그 외 기타 분류 안된 상품 전문 소매업,28,인천광역시,28260,서구,28260530,연희동,2826010600,연희동,2826010600106820012,1,대지,682,12,인천광역시 서구 연희동 682-12,282604268380,인천광역시 서구 서곶로369번길,18,,2826010600106820012011487,한국아파트,인천광역시 서구 서곶로369번길 18,404836,22720,,1,,126.674896214305,37.5508003343286
MA0106202411A0487835,원종합,,G2,소매,G221,기타 상품 소매,G22199,그 외 기타 상품 전문 소매업,G47859,그 외 기타 분류 안된 상품 전문 소매업,41,경기도,41150,의정부시,41150545,호원1동,4115010200,호원동,4115010200104480001,1,대지,448,1,경기도 의정부시 호원동 448-1,411503215066,경기도 의정부시 평화로,271,9,4115010200104480001016091,신도1차,경기도 의정부시 평화로 271-9,480916,11708,,1,,127.046863844966,37.71582163554
MA0106202411A0488446,맛가득반찬,,G2,소매,G221,기타 상품 소매,G22199,그 외 기타 상품 전문 소매업,G47859,그 외 기타 분류 안된 상품 전문 소매업,26,부산광역시,26350,해운대구,26350551,좌1동,2635010700,좌동,2635010700113140002,1,대지,1314,2,부산광역시 해운대구 좌동 1314-2,263503133010,부산광역시 해운대구 세실로,64,,2635010700113140002014797,화목데파트,부산광역시 해운대구 세실로 64,612839,48107,,1,,129.177666591327,35.1709787552459
MA0106202411A1175459,천사마트느리울점,무인점,G2,소매,G221,기타 상품 소매,G22199,그 외 기타 상품 전문 소매업,G47859,그 외 기타 분류 안된 상품 전문 소매업,30,대전광역시,30170,서구,30170597,관저2동,3017011600,관저동,3017011600113980000,1,대지,1398,,대전광역시 서구 관저동 1398,301703166008,대전광역시 서구 관저로,184,,3017011600113980000015825,느리울마을3차12단지,대전광역시 서구 관저로 184,302785,35381,,1,,127.341689214786,36.2972120561869
MA0106202406A0811653,비스튜디오,,G2,소매,G221,기타 상품 소매,G22199,그 외 기타 상품 전문 소매업,G47859,그 외 기타 분류 안된 상품 전문 소매업,29,광주광역시,29155,남구,29155680,백운2동,2915510500,백운동,2915510500106340001,1,대지,634,1,광주광역시 남구 백운동 634-1,291554283230,광주광역시 남구 독립로10번길,8,,2915510500106340001006700,백운광장역천년가헤리시티,광주광역시 남구 독립로10번길 8,503809,61660,,4,,126.902522388967,35.1342124230504
MA0106202411A0978156,길거리농부,통영점,G2,소매,G221,기타 상품 소매,G22199,그 외 기타 상품 전문 소매업,G47859,그 외 기타 분류 안된 상품 전문 소매업,48,경상남도,48220,통영시,48220340,광도면,4822034024,광도면,4822034024115790003,1,대지,1579,3,경상남도 통영시 광도면 죽림리 1579-3,482203333027,경상남도 통영시 광도면 죽림1로,41,14,4822034024115790003010061,한선파라타운,경상남도 통영시 광도면 죽림1로 41-14,650760,53016,,1,,128.418199559213,34.8782073051606
MA0106202406A1591587,아트플로레,,G2,소매,G221,기타 상품 소매,G22199,그 외 기타 상품 전문 소매업,G47859,그 외 기타 분류 안된 상품 전문 소매업,11,서울특별시,11200,성동구,11200550,사근동,1120010600,사근동,1120010600102300001,1,대지,230,1,서울특별시 성동구 사근동 230-1,112004109304,서울특별시 성동구 살곶이길,150,,1120010600102300001000001,청계더하임,서울특별시 성동구 살곶이길 150,133817,04761,,2,,127.048307208941,37.5629149364865
MA0106202410A1014328,농부심,효자점,G2,소매,G221,기타 상품 소매,G22199,그 외 기타 상품 전문 소매업,G47859,그 외 기타 분류 안된 상품 전문 소매업,52,전북특별자치도,52111,전주시 완산구,52111730,효자5동,5211114200,효자동3가,5211114200115440003,1,대지,1544,3,전북특별자치도 전주시 완산구 효자동3가 1544-3,521113266035,전북특별자치도 전주시 완산구 서원로,145,,4511114200115440003000001,유탑유블레스리버뷰,전북특별자치도 전주시 완산구 서원로 145,560900,54969,,1,,127.110550462799,35.8139437822077
MA0106202410A1364185,어썸점핑&온열돔다이어트,,G2,소매,G221,기타 상품 소매,G22199,그 외 기타 상품 전문 소매업,G47859,그 외 기타 분류 안된 상품 전문 소매업,11,서울특별시,11290,성북구,11290650,정릉4동,1129013300,정릉동,1129013300102390001,1,대지,239,1,서울특별시 성북구 정릉동 239-1,112903005042,서울특별시 성북구 솔샘로,120,,1129013300102390001054753,정릉풍림아이원,서울특별시 성북구 솔샘로 120,136848,02712,,1,,127.009706885839,37.6165334677193
MA0106202407A0162280,번트커피,송도점,G2,소매,G221,기타 상품 소매,G22199,그 외 기타 상품 전문 소매업,G47859,그 외 기타 분류 안된 상품 전문 소매업,28,인천광역시,28185,연수구,28185830,송도2동,2818510600,송도동,2818510600100230003,1,대지,23,3,인천광역시 연수구 송도동 23-3,281853152013,인천광역시 연수구 센트럴로,232,,2818510600100230003000001,더샵센트럴파크1차,인천광역시 연수구 센트럴로 232,406700,22003,,1,,126.636642544662,37.397427804562
MA0106202408A0172648,동영,,G2,소매,G221,기타 상품 소매,G22199,그 외 기타 상품 전문 소매업,G47859,그 외 기타 분류 안된 상품 전문 소매업,11,서울특별시,11110,종로구,11110650,혜화동,1111017100,명륜2가,1111017100100080000,1,대지,8,,서울특별시 종로구 명륜2가 8,111103005008,서울특별시 종로구 창경궁로,253,7,1111017100100080000032609,어젤리아명륜2차,서울특별시 종로구 창경궁로 253-7,110530,03075,,2,,126.99952448772,37.5844225554917
MA0106202406A0296523,아이스크림의모든것,,G2,소매,G221,기타 상품 소매,G22199,그 외 기타 상품 전문 소매업,G47859,그 외 기타 분류 안된 상품 전문 소매업,41,경기도,41360,남양주시,41360570,별내동,4136011100,별내동,4136011100110490000,1,대지,1049,,경기도 남양주시 별내동 1049,413603197093,경기도 남양주시 별내5로,22,,4136011100110490000000001,별빛마을3-3단지,경기도 남양주시 별내5로 22,472501,12108,,1,,127.114483004889,37.6494634071921
MA0106202410A1079068,우리집밥상,,G2,소매,G221,기타 상품 소매,G22199,그 외 기타 상품 전문 소매업,G47859,그 외 기타 분류 안된 상품 전문 소매업,11,서울특별시,11500,강서구,11500560,화곡3동,1150010300,화곡동,1150010300110670016,1,대지,1067,16,서울특별시 강서구 화곡동 1067-16,115004145043,서울특별시 강서구 강서로33길,63,,1150010300110670016021593,디에이치팰리스,서울특별시 강서구 강서로33길 63,157924,07712,,1,,126.836518531212,37.5410976011425
MA0106202407A1303098,아슈랑까까랑동대구해모로웨스트점,,G2,소매,G221,기타 상품 소매,G22199,그 외 기타 상품 전문 소매업,G47859,그 외 기타 분류 안된 상품 전문 소매업,27,대구광역시,27140,동구,27140540,신암4동,2714010100,신암동,2714010100118520000,1,대지,1852,,대구광역시 동구 신암동 1852,271403007005,대구광역시 동구 동북로,340,,2714010100106800027019487,동대구해모로스퀘어웨스트,대구광역시 동구 동북로 340,701813,41187,,1,,128.627372141568,35.889244936121
MA0106202408A2450617,델타사이언스,,G2,소매,G221,기타 상품 소매,G22199,그 외 기타 상품 전문 소매업,G47859,그 외 기타 분류 안된 상품 전문 소매업,26,부산광역시,26410,금정구,26410600,장전1동,2641010800,장전동,2641010800102330043,1,대지,233,43,부산광역시 금정구 장전동 233-43,264103130022,부산광역시 금정구 금강로,317,,2641010800102330043000001,장산해피빌,부산광역시 금정구 금강로 317,609838,46286,,1,,129.086288176676,35.2364883586781
MA0106202410A1057478,천호식품,,G2,소매,G221,기타 상품 소매,G22199,그 외 기타 상품 전문 소매업,G47859,그 외 기타 분류 안된 상품 전문 소매업,46,전라남도,46230,광양시,46230250,광양읍,4623025032,광양읍,4623025032101340001,1,대지,134,1,전라남도 광양시 광양읍 인서리 134-1,462304655419,전라남도 광양시 광양읍 인서중앙길,11,,4623025032101340002018969,평화그린빌라,전라남도 광양시 광양읍 인서중앙길 11,545807,57755,,1,,127.583180625452,34.9703603588975
MA0106202407A2315351,엠에이치앤코모던인천도화점,,G2,소매,G221,기타 상품 소매,G22199,그 외 기타 상품 전문 소매업,G47859,그 외 기타 분류 안된 상품 전문 소매업,28,인천광역시,28177,미추홀구,28177610,도화2.3동,2817710400,도화동,2817710400110110000,1,대지,1011,,인천광역시 미추홀구 도화동 1011,281774854094,인천광역시 미추홀구 숙골로88번길,12,,2817710400110110000000001,더샵인천스카이타워1단지,인천광역시 미추홀구 숙골로88번길 12,402062,22101,,2,,126.664543242166,37.4695461766052
MA0106202405A1077929,여르미케이크,,G2,소매,G221,기타 상품 소매,G22199,그 외 기타 상품 전문 소매업,G47859,그 외 기타 분류 안된 상품 전문 소매업,41,경기도,41590,화성시,41590600,동탄6동,4159012900,오산동,4159012900109930000,1,대지,993,,경기도 화성시 오산동 993,415904852407,경기도 화성시 동탄기흥로353번길,96,,4159012900108550001000002,중흥에스클래스더테라스리버파크2차,경기도 화성시 동탄기흥로353번길 96,445150,18480,,1,,127.085651300629,37.1895451288326
MA0106202407A2315354,엠에이치앤코모던,익산점,G2,소매,G221,기타 상품 소매,G22199,그 외 기타 상품 전문 소매업,G47859,그 외 기타 분류 안된 상품 전문 소매업,52,전북특별자치도,52140,익산시,52140690,삼성동,5214013400,부송동,5214013400111020000,1,대지,1102,,전북특별자치도 익산시 부송동 1102,521403016011,전북특별자치도 익산시 무왕로,1195,,4514013400111020000058916,포레나익산부송,전북특별자치도 익산시 무왕로 1195,570360,54554,,2,,126.989047695439,35.959888593199
MA0106202405A1114011,무인까까멜레온,,G2,소매,G221,기타 상품 소매,G22199,그 외 기타 상품 전문 소매업,G47859,그 외 기타 분류 안된 상품 전문 소매업,48,경상남도,48123,창원시 성산구,48123510,반송동,4812312600,반림동,4812312600100180000,1,대지,18,,경상남도 창원시 성산구 반림동 18,481232327001,경상남도 창원시 성산구 원이대로,495,,4812312600100180000002156,트리비앙아파트,경상남도 창원시 성산구 원이대로 495,642766,51426,,1,,128.673696326241,35.2333283720714
MA0106202406A1098803,하모니픽쳐스오프라인티켓외,,G2,소매,G221,기타 상품 소매,G22199,그 외 기타 상품 전문 소매업,G47859,그 외 기타 분류 안된 상품 전문 소매업,29,광주광역시,29200,광산구,29200624,첨단1동,2920011600,쌍암동,2920011600106540002,1,대지,654,2,광주광역시 광산구 쌍암동 654-2,292004289616,광주광역시 광산구 첨단중앙로182번길,8,,2920011600106540002017026,힐스테이트첨단,광주광역시 광산구 첨단중앙로182번길 8,506303,62274,,1,,126.84188541304,35.2214628208942
MA0106202407A2315378,엠에이치앤코모던동탄타임,테라스점,G2,소매,G221,기타 상품 소매,G22199,그 외 기타 상품 전문 소매업,G47859,그 외 기타 분류 안된 상품 전문 소매업,41,경기도,41590,화성시,41590585,동탄1동,4159012700,반송동,4159012700100980000,1,대지,98,,경기도 화성시 반송동 98,415903210027,경기도 화성시 동탄중앙로,200,,4159012700100980000000001,메타폴리스,경기도 화성시 동탄중앙로 200,445700,18445,,1,,127.068882247703,37.2028285657396
MA0106202409A1297367,손수공방,,G2,소매,G221,기타 상품 소매,G22199,그 외 기타 상품 전문 소매업,G47859,그 외 기타 분류 안된 상품 전문 소매업,11,서울특별시,11140,중구,11140645,청구동,1114016200,신당동,1114016200108420000,1,대지,842,,서울특별시 중구 신당동 842,111404103078,서울특별시 중구 동호로10길,30,,1114016200108420000006745,약수하이츠,서울특별시 중구 동호로10길 30,100761,04593,,1,,127.016319568409,37.5553102659952
MA0106202409A2394606,지우컴퍼니,,G2,소매,G221,기타 상품 소매,G22199,그 외 기타 상품 전문 소매업,G47859,그 외 기타 분류 안된 상품 전문 소매업,11,서울특별시,11290,성북구,11290770,장위2동,1129013800,장위동,1129013800100500046,1,대지,50,46,서울특별시 성북구 장위동 50-46,112903005046,서울특별시 성북구 화랑로,265,,1129013800100500046000001,에이치하우스장위,서울특별시 성북구 화랑로 265,136142,02776,,3,,127.058180976269,37.6117803246995
MA0106202407A1024683,아라스성정공원점,,G2,소매,G221,기타 상품 소매,G22199,그 외 기타 상품 전문 소매업,G47859,그 외 기타 분류 안된 상품 전문 소매업,44,충청남도,44133,천안시 서북구,44133520,성정2동,4413310200,성정동,4413310200113220000,1,대지,1322,,충청남도 천안시 서북구 성정동 1322,441333250030,충청남도 천안시 서북구 성정두정로,35,,4413310200113220000000001,프라지움3차,충청남도 천안시 서북구 성정두정로 35,331978,31109,,1,,127.14093575189,36.8287988550367
MA0106202405A0831895,해피바니디저트,,G2,소매,G221,기타 상품 소매,G22199,그 외 기타 상품 전문 소매업,G47859,그 외 기타 분류 안된 상품 전문 소매업,41,경기도,41287,고양시 일산서구,41287560,주엽2동,4128710200,주엽동,4128710200100170000,1,대지,17,,경기도 고양시 일산서구 주엽동 17,412873192094,경기도 고양시 일산서구 중앙로,1470,,4128710200100170000002052,문촌마을동부10단지,경기도 고양시 일산서구 중앙로 1470,411748,10379,,1,,126.757565570533,37.6724160130398
MA0106202407A0612882,에스케이인스트루먼트,,G2,소매,G221,기타 상품 소매,G22199,그 외 기타 상품 전문 소매업,G47859,그 외 기타 분류 안된 상품 전문 소매업,11,서울특별시,11740,강동구,11740590,암사3동,1174010700,암사동,1174010700104410010,1,대지,441,10,서울특별시 강동구 암사동 441-10,117403124001,서울특별시 강동구 고덕로,47,,1174010700104410010023575,정산아파트,서울특별시 강동구 고덕로 47,134855,05238,,3,,127.130420194589,37.5550141150205
MA0106202409A1712321,태윤강정,,G2,소매,G221,기타 상품 소매,G22199,그 외 기타 상품 전문 소매업,G47859,그 외 기타 분류 안된 상품 전문 소매업,41,경기도,41360,남양주시,41360256,화도읍,4136025621,화도읍,4136025621100760018,1,대지,76,18,경기도 남양주시 화도읍 마석우리 76-18,413603000120,경기도 남양주시 화도읍 경춘로,2102,10,4136025621100760018019936,덕양프라자,경기도 남양주시 화도읍 경춘로 2102-10,472845,12181,,1,,127.321098739526,37.6511632284926
MA0106202409A0977400,팔천순대,안산점,G2,소매,G221,기타 상품 소매,G22199,그 외 기타 상품 전문 소매업,G47859,그 외 기타 분류 안된 상품 전문 소매업,41,경기도,41271,안산시 상록구,41271525,사동,4127110300,사동,4127110300115360000,1,대지,1536,,경기도 안산시 상록구 사동 1536,412713190012,경기도 안산시 상록구 광덕4로,460,,4127110300115360000005807,푸른마을주공5단지,경기도 안산시 상록구 광덕4로 460,426743,15502,,1,,126.855736540826,37.3030108062226
MA0106202409A0005337,두현패키지,,G2,소매,G221,기타 상품 소매,G22199,그 외 기타 상품 전문 소매업,G47859,그 외 기타 분류 안된 상품 전문 소매업,41,경기도,41461,용인시 처인구,41461540,동부동,4146110700,마평동,4146110700106050001,1,대지,605,1,경기도 용인시 처인구 마평동 605-1,414613203033,경기도 용인시 처인구 동부로,7,,4146110700106050001008488,라이프,경기도 용인시 처인구 동부로 7,449929,17145,,1,,127.214084824062,37.2320292995085
MA0106202409A1137276,까슈크림정하점,,G2,소매,G221,기타 상품 소매,G22199,그 외 기타 상품 전문 소매업,G47859,그 외 기타 분류 안된 상품 전문 소매업,47,경상북도,47170,안동시,47170690,강남동,4717014000,정하동,4717014000102400002,1,대지,240,2,경상북도 안동시 정하동 240-2,471704721050,경상북도 안동시 강남5길,92,,4717014000102400002015876,현진에버빌1차,경상북도 안동시 강남5길 92,760703,36749,,1,,128.731702290391,36.5506167164658
MA0106202409A0968372,재재,,G2,소매,G221,기타 상품 소매,G22199,그 외 기타 상품 전문 소매업,G47859,그 외 기타 분류 안된 상품 전문 소매업,41,경기도,41113,수원시 권선구,41113700,입북동,4111314100,당수동,4111314100103880019,1,대지,388,19,경기도 수원시 권선구 당수동 388-19,411134862441,경기도 수원시 권선구 당수로130번길,13,,4111314100100000000000005,LH수원당수1단지,경기도 수원시 권선구 당수로130번길 13,441470,16373,,3,,126.944133837821,37.2868218216438
MA0106202407A2432258,안양전자담배멀티,,G2,소매,G221,기타 상품 소매,G22199,그 외 기타 상품 전문 소매업,G47859,그 외 기타 분류 안된 상품 전문 소매업,41,경기도,41171,안양시 만안구,41171560,안양6동,4117110100,안양동,4117110100106030003,1,대지,603,3,경기도 안양시 만안구 안양동 603-3,411713182003,경기도 안양시 만안구 만안로,108,,4117110100106030003019598,안양경남아너스빌시티,경기도 안양시 만안구 만안로 108,430826,14033,,1,,126.931531730837,37.3925781568771
MA0106202408A2292683,씨제이올리브영송도,센트럴파크점,G2,소매,G221,기타 상품 소매,G22199,그 외 기타 상품 전문 소매업,G47859,그 외 기타 분류 안된 상품 전문 소매업,28,인천광역시,28185,연수구,28185830,송도2동,2818510600,송도동,2818510600100220012,1,대지,22,12,인천광역시 연수구 송도동 22-12,281854856789,인천광역시 연수구 해돋이로171번길,11,,2818510600100220012000001,송도센트럴파크리버리치,인천광역시 연수구 해돋이로171번길 11,406082,22003,,1,,126.644362079891,37.3937480924333
MA0106202407A2316745,피우다,,G2,소매,G221,기타 상품 소매,G22199,그 외 기타 상품 전문 소매업,G47859,그 외 기타 분류 안된 상품 전문 소매업,11,서울특별시,11170,용산구,11170660,이태원2동,1117013000,이태원동,1117013000106350000,1,대지,635,,서울특별시 용산구 이태원동 635,111704106015,서울특별시 용산구 녹사평대로52길,5,,1117013000106350000008313,명칭없음,서울특별시 용산구 녹사평대로52길 5,140861,04343,,1,,126.987519697966,37.5391378040106
MA0106202407A1168112,드레스,,G2,소매,G221,기타 상품 소매,G22199,그 외 기타 상품 전문 소매업,G47859,그 외 기타 분류 안된 상품 전문 소매업,41,경기도,41463,용인시 기흥구,41463577,동백3동,4146311500,동백동,4146311500106940000,1,대지,694,,경기도 용인시 기흥구 동백동 694,414632203001,경기도 용인시 기흥구 동백죽전대로,507,,4146311500104180000000001,용인동백두산위브더제니스,경기도 용인시 기흥구 동백죽전대로 507,446911,16993,,3,,127.150607750534,37.2830269145432
MA0106202405A1405307,정성담은찬,,G2,소매,G221,기타 상품 소매,G22199,그 외 기타 상품 전문 소매업,G47859,그 외 기타 분류 안된 상품 전문 소매업,26,부산광역시,26440,강서구,26440535,명지1동,2644010400,명지동,2644010400135940000,1,대지,3594,,부산광역시 강서구 명지동 3594,264403350867,부산광역시 강서구 명지국제7로,37,,2644010400135940000000001,더샵명지퍼스트월드2단지,부산광역시 강서구 명지국제7로 37,618200,46726,,1,,128.905336316809,35.0975179788683
MA0106202411A0350192,전자담배아메리퀴드안양,의왕점,G2,소매,G221,기타 상품 소매,G22199,그 외 기타 상품 전문 소매업,G47859,그 외 기타 분류 안된 상품 전문 소매업,41,경기도,41430,의왕시,41430560,청계동,4143010900,포일동,4143010900105030001,1,대지,503,1,경기도 의왕시 포일동 503-1,414303012010,경기도 의왕시 안양판교로,115,,4143010900105030001000001,,경기도 의왕시 안양판교로 115,437830,16001,,1,,126.986199845917,37.3944713000353
MA0106202411A0760987,논뜰애밥상,,G2,소매,G221,기타 상품 소매,G22199,그 외 기타 상품 전문 소매업,G47859,그 외 기타 분류 안된 상품 전문 소매업,28,인천광역시,28110,중구,28110620,영종동,2811014500,중산동,2811014500110970376,1,대지,1097,376,인천광역시 중구 중산동 1097-376,281104863053,인천광역시 중구 방죽안길,5,,2811014500110970376000001,,인천광역시 중구 방죽안길 5,400841,22358,,1,,126.559755641644,37.5036655300022
MA0106202411A0560188,올나츠,,G2,소매,G221,기타 상품 소매,G22199,그 외 기타 상품 전문 소매업,G47859,그 외 기타 분류 안된 상품 전문 소매업,48,경상남도,48170,진주시,48170330,금곡면,4817033025,금곡면,4817033025103930001,1,대지,393,1,경상남도 진주시 금곡면 인담리 393-1,481703019012,경상남도 진주시 금곡면 무선산로,600,,4817033025103930001000001,,경상남도 진주시 금곡면 무선산로 600,660833,52842,,,,128.174619483782,35.1227818108233
MA0106202411A0536348,그린라이프,,G2,소매,G221,기타 상품 소매,G22199,그 외 기타 상품 전문 소매업,G47859,그 외 기타 분류 안된 상품 전문 소매업,41,경기도,41360,남양주시,41360570,별내동,4136011100,별내동,4136011100108790003,1,대지,879,3,경기도 남양주시 별내동 879-3,413604391814,경기도 남양주시 송산로339번길,24,10,4136011100108790003000001,,경기도 남양주시 송산로339번길 24-10,472501,12093,,,,127.133006292132,37.6727163129032
MA0106202411A0614043,지리산흑염소홍박사백암순대국,,G2,소매,G221,기타 상품 소매,G22199,그 외 기타 상품 전문 소매업,G47859,그 외 기타 분류 안된 상품 전문 소매업,41,경기도,41450,하남시,41450510,천현동,4145010300,창우동,4145010300103040001,1,대지,304,1,경기도 하남시 창우동 304-1,414503202009,경기도 하남시 검단산로,213,,4145010300103040001010569,창우동,경기도 하남시 검단산로 213,465816,13023,,,,127.227288327518,37.5338831493062
MA0106202411A1180605,여수해물상회,,G2,소매,G221,기타 상품 소매,G22199,그 외 기타 상품 전문 소매업,G47859,그 외 기타 분류 안된 상품 전문 소매업,52,전북특별자치도,52750,임실군,52750355,오수면,5275035521,오수면,5275035521103240012,1,대지,324,12,전북특별자치도 임실군 오수면 오수리 324-12,527504631235,전북특별자치도 임실군 오수면 오수5길,9,,4575035521103240012128031,여수해물상회,전북특별자치도 임실군 오수면 오수5길 9,566895,55954,,,,127.327443468783,35.5374602314453
MA0106202410A0047851,벨라크로와상,,G2,소매,G221,기타 상품 소매,G22199,그 외 기타 상품 전문 소매업,G47859,그 외 기타 분류 안된 상품 전문 소매업,11,서울특별시,11440,마포구,11440660,서교동,1144012000,서교동,1144012000103950199,1,대지,395,199,서울특별시 마포구 서교동 395-199,114404139096,서울특별시 마포구 독막로7길,57,,1144012000103950199027004,,서울특별시 마포구 독막로7길 57,121840,04043,,지,,126.919991885109,37.5503558282844
MA0106202410A0840887,상록웰스,,G2,소매,G221,기타 상품 소매,G22199,그 외 기타 상품 전문 소매업,G47859,그 외 기타 분류 안된 상품 전문 소매업,41,경기도,41135,성남시 분당구,41135640,야탑3동,4113510700,야탑동,4113510700104930004,1,대지,493,4,경기도 성남시 분당구 야탑동 493-4,411354340536,경기도 성남시 분당구 판교로572번길,11,,4113510700104930004037354,,경기도 성남시 분당구 판교로572번길 11,463839,13515,,1,,127.138024641736,37.4070869317528
MA0106202404A2345299,양키캔들이마트,수지점,G2,소매,G221,기타 상품 소매,G22199,그 외 기타 상품 전문 소매업,G47859,그 외 기타 분류 안된 상품 전문 소매업,41,경기도,41465,용인시 수지구,41465530,신봉동,4146510500,신봉동,4146510500109090000,1,대지,909,,경기도 용인시 수지구 신봉동 909,414653205012,경기도 용인시 수지구 수지로,203,,4146510500109090000028336,마트,경기도 용인시 수지구 수지로 203,448705,16845,,1,,127.08332808538,37.3197385379652
MA0106202411A1061923,다올케미칼,,G2,소매,G221,기타 상품 소매,G22199,그 외 기타 상품 전문 소매업,G47859,그 외 기타 분류 안된 상품 전문 소매업,41,경기도,41113,수원시 권선구,41113664,호매실동,4111313500,호매실동,4111313500114050002,1,대지,1405,2,경기도 수원시 권선구 호매실동 1405-2,411134331222,경기도 수원시 권선구 호매실로90번길,24,,4111313500114050002000001,프리마비즈타워,경기도 수원시 권선구 호매실로90번길 24,441450,16630,,1,,126.96440147949,37.2566988430614
MA0106202411A0210834,광주만물,,G2,소매,G221,기타 상품 소매,G22199,그 외 기타 상품 전문 소매업,G47859,그 외 기타 분류 안된 상품 전문 소매업,41,경기도,41610,광주시,41610510,경안동,4161010100,경안동,4161010100101360001,1,대지,136,1,경기도 광주시 경안동 136-1,416104433500,경기도 광주시 포돌이로11번길,16,,4161010100101360001000001,,경기도 광주시 포돌이로11번길 16,464802,12752,,,,127.249956389387,37.4134807107639
MA0106202411A0736289,아나포유,,G2,소매,G221,기타 상품 소매,G22199,그 외 기타 상품 전문 소매업,G47859,그 외 기타 분류 안된 상품 전문 소매업,50,제주특별자치도,50110,제주시,50110250,한림읍,5011025024,한림읍,5011025024113460009,1,대지,1346,9,제주특별자치도 제주시 한림읍 한림리 1346-9,501104849009,제주특별자치도 제주시 한림읍 한림북동길,7,,5011025024013460009025064,,제주특별자치도 제주시 한림읍 한림북동길 7,695932,63031,,2,,126.263632395588,33.4158898713318
MA0106202404A2336980,휴로믹스,,G2,소매,G221,기타 상품 소매,G22199,그 외 기타 상품 전문 소매업,G47859,그 외 기타 분류 안된 상품 전문 소매업,30,대전광역시,30170,서구,30170640,둔산2동,3017011200,둔산동,3017011200110220000,1,대지,1022,,대전광역시 서구 둔산동 1022,301704298178,대전광역시 서구 대덕대로241번길,20,,3017011200110220000019398,대전둔산빌딩,대전광역시 서구 대덕대로241번길 20,302828,35229,,5,,127.378270037816,36.354497994224
MA0106202411A0969780,가비,,G2,소매,G221,기타 상품 소매,G22199,그 외 기타 상품 전문 소매업,G47859,그 외 기타 분류 안된 상품 전문 소매업,44,충청남도,44270,당진시,44270530,당진3동,4427010300,우두동,4427010300113750000,1,대지,1375,,충청남도 당진시 우두동 1375,442704832285,충청남도 당진시 우두로2길,22,5,4427010300113750000000001,,충청남도 당진시 우두로2길 22-5,343080,31768,,,,126.633614733588,36.9030188836961
MA0106202411A0772621,김-밥한끼,,G2,소매,G221,기타 상품 소매,G22199,그 외 기타 상품 전문 소매업,G47859,그 외 기타 분류 안된 상품 전문 소매업,11,서울특별시,11680,강남구,11680521,논현1동,1168010800,논현동,1168010800101980018,1,대지,198,18,서울특별시 강남구 논현동 198-18,116804166006,서울특별시 강남구 강남대로112길,13,,1168010800101980018009356,,서울특별시 강남구 강남대로112길 13,135827,06120,,,,127.02539052538,37.5056274442235
MA0106202410A1266191,바다푸드마트,,G2,소매,G221,기타 상품 소매,G22199,그 외 기타 상품 전문 소매업,G47859,그 외 기타 분류 안된 상품 전문 소매업,46,전라남도,46130,여수시,46130780,쌍봉동,4613012800,학동,4613012800100370007,1,대지,37,7,전라남도 여수시 학동 37-7,461304646936,전라남도 여수시 학동1길,12,9,4613012800100370007077823,,전라남도 여수시 학동1길 12-9,555807,59677,,1,,127.664939506975,34.7644882071619
MA0106202410A1972172,레드365,건대점,G2,소매,G221,기타 상품 소매,G22199,그 외 기타 상품 전문 소매업,G47859,그 외 기타 분류 안된 상품 전문 소매업,11,서울특별시,11215,광진구,11215710,화양동,1121510700,화양동,1121510700100070028,1,대지,7,28,서울특별시 광진구 화양동 7-28,112154112197,서울특별시 광진구 동일로22길,82,,1121510700100070028022910,,서울특별시 광진구 동일로22길 82,143914,05018,,,,127.068671810534,37.5411727760658
MA0106202410A1684663,몽빠니에전주한옥,마을점,G2,소매,G221,기타 상품 소매,G22199,그 외 기타 상품 전문 소매업,G47859,그 외 기타 분류 안된 상품 전문 소매업,52,전북특별자치도,52111,전주시 완산구,52111530,풍남동,5211111800,교동,5211111800101900006,1,대지,190,6,전북특별자치도 전주시 완산구 교동 190-6,521113266057,전북특별자치도 전주시 완산구 은행로,97,,4511111800101900006345301,,전북특별자치도 전주시 완산구 은행로 97,560070,55045,,,,127.153223151119,35.8113373845609
MA0106202410A2331636,중앙아시아푸드마켓,,G2,소매,G221,기타 상품 소매,G22199,그 외 기타 상품 전문 소매업,G47859,그 외 기타 분류 안된 상품 전문 소매업,41,경기도,41650,포천시,41650250,소흘읍,4165025021,소흘읍,4165025021102210002,1,대지,221,2,경기도 포천시 소흘읍 송우리 221-2,416503213022,경기도 포천시 소흘읍 솔모루로,103,,4165025021102210002014831,,경기도 포천시 소흘읍 솔모루로 103,487823,11175,,,,127.148294127252,37.8302952055755
MA0106202410A1139375,밥수니반찬,,G2,소매,G221,기타 상품 소매,G22199,그 외 기타 상품 전문 소매업,G47859,그 외 기타 분류 안된 상품 전문 소매업,41,경기도,41273,안산시 단원구,41273570,초지동,4127310700,초지동,4127310700107020004,1,대지,702,4,경기도 안산시 단원구 초지동 702-4,412734373234,경기도 안산시 단원구 신촌5길,28,,4127310700107020004016930,일부,경기도 안산시 단원구 신촌5길 28,425853,15441,,1,,126.81890382743,37.314718672875
MA0106202410A0072898,천하통돼지바베큐,,G2,소매,G221,기타 상품 소매,G22199,그 외 기타 상품 전문 소매업,G47859,그 외 기타 분류 안된 상품 전문 소매업,52,전북특별자치도,52710,완주군,52710320,상관면,5271032021,상관면,5271032021107220011,1,대지,722,11,전북특별자치도 완주군 상관면 신리 722-11,527103273057,전북특별자치도 완주군 상관면 왜목로,722,7,5271032021107220011000001,천하통돼지바베큐,전북특별자치도 완주군 상관면 왜목로 722-7,565832,55359,,,,127.204720772195,35.7649988462463
MA0106202410A1314923,코카콜라EDP,중동점,G2,소매,G221,기타 상품 소매,G22199,그 외 기타 상품 전문 소매업,G47859,그 외 기타 분류 안된 상품 전문 소매업,28,인천광역시,28237,부평구,28237670,일신동,2823710800,일신동,2823710800100410009,1,대지,41,9,인천광역시 부평구 일신동 41-9,282373154049,인천광역시 부평구 일신로,68,,2823710800100410009204890,,인천광역시 부평구 일신로 68,403110,21457,,,,126.746637694424,37.4788869345263
MA0106202411A1194393,화순군청,,G2,소매,G221,기타 상품 소매,G22199,그 외 기타 상품 전문 소매업,G47859,그 외 기타 분류 안된 상품 전문 소매업,46,전라남도,46790,화순군,46790250,화순읍,4679025030,화순읍,4679025030100880000,1,대지,88,,전라남도 화순군 화순읍 광덕리 88,467903291032,전라남도 화순군 화순읍 진각로,85,,4679025030100880000042630,군민회관,전라남도 화순군 화순읍 진각로 85,519803,58122,,2,,126.985168271534,35.0583193817526
MA0106202410A0427537,연수얼음,,G2,소매,G221,기타 상품 소매,G22199,그 외 기타 상품 전문 소매업,G47859,그 외 기타 분류 안된 상품 전문 소매업,28,인천광역시,28185,연수구,28185761,연수1동,2818510300,연수동,2818510300105560010,1,대지,556,10,인천광역시 연수구 연수동 556-10,281853152010,인천광역시 연수구 새말로,37,,2818510300105560010188036,,인천광역시 연수구 새말로 37,406814,21921,,,,126.67539730629,37.4220211519163
MA0106202410A0286792,연합웰빙라이프유통,,G2,소매,G221,기타 상품 소매,G22199,그 외 기타 상품 전문 소매업,G47859,그 외 기타 분류 안된 상품 전문 소매업,28,인천광역시,28200,남동구,28200521,구월3동,2820010100,구월동,2820010100111030018,1,대지,1103,18,인천광역시 남동구 구월동 1103-18,282004259366,인천광역시 남동구 문화서로65번길,28,2,2820010100111030018001697,일부호,인천광역시 남동구 문화서로65번길 28-2,405824,21560,,1,,126.694969329064,37.4513381568132
MA0106202410A1694595,뉴탐진팜,,G2,소매,G221,기타 상품 소매,G22199,그 외 기타 상품 전문 소매업,G47859,그 외 기타 분류 안된 상품 전문 소매업,29,광주광역시,29140,서구,29140660,농성2동,2914010600,농성동,2914010600106280012,1,대지,628,12,광주광역시 서구 농성동 628-12,291404280067,광주광역시 서구 금화로492번길,10,,2914010600106280012015331,,광주광역시 서구 금화로492번길 10,502812,61931,,2,,126.892055877677,35.1500585060837
MA0106202410A1269388,두루원생명과학,,G2,소매,G221,기타 상품 소매,G22199,그 외 기타 상품 전문 소매업,G47859,그 외 기타 분류 안된 상품 전문 소매업,11,서울특별시,11170,용산구,11170590,용문동,1117012100,용문동,1117012100100360005,1,대지,36,5,서울특별시 용산구 용문동 36-5,111704106132,서울특별시 용산구 새창로14길,24,,1117012100100360005015246,,서울특별시 용산구 새창로14길 24,140832,04356,,2,,126.958769023572,37.5383924455255
MA0106202410A2161749,윤영실레시피,,G2,소매,G221,기타 상품 소매,G22199,그 외 기타 상품 전문 소매업,G47859,그 외 기타 분류 안된 상품 전문 소매업,41,경기도,41285,고양시 일산동구,41285600,고봉동,4128511300,성석동,4128511300104050000,1,대지,405,,경기도 고양시 일산동구 성석동 405,412853193034,경기도 고양시 일산동구 진밭로,119,,4128511300104050000008314,,경기도 고양시 일산동구 진밭로 119,410570,10312,,,,126.806888653192,37.7057530915879
MA0106202410A2291562,씨제이올리브영대전도안,호수공원점,G2,소매,G221,기타 상품 소매,G22199,그 외 기타 상품 전문 소매업,G47859,그 외 기타 분류 안된 상품 전문 소매업,30,대전광역시,30170,서구,30170593,도안동,3017011500,도안동,3017011500123300000,1,대지,2330,,대전광역시 서구 도안동 2330,301703166054,대전광역시 서구 도안동로,234,54,3017011500123300000000001,,대전광역시 서구 도안동로 234-54,302318,35353,,1,,127.348564589191,36.3261742152744
MA0106202404A2306402,조이바이오,,G2,소매,G221,기타 상품 소매,G22199,그 외 기타 상품 전문 소매업,G47859,그 외 기타 분류 안된 상품 전문 소매업,30,대전광역시,30200,유성구,30200540,온천2동,3020012100,죽동,3020012100107330003,1,대지,733,3,대전광역시 유성구 죽동 733-3,302004851244,대전광역시 유성구 죽동로242번길,8,17,3020012100107330003000001,,대전광역시 유성구 죽동로242번길 8-17,305328,34127,,1,,127.337594730105,36.3752026508265
MA0106202404A2430094,동명카츠완도점찬찬찬,,G2,소매,G221,기타 상품 소매,G22199,그 외 기타 상품 전문 소매업,G47859,그 외 기타 분류 안된 상품 전문 소매업,46,전라남도,46890,완도군,46890250,완도읍,4689025022,완도읍,4689025022110700001,1,대지,1070,1,전라남도 완도군 완도읍 가용리 1070-1,468904700011,전라남도 완도군 완도읍 개포로145번길,7,4,4689025022110700001007392,,전라남도 완도군 완도읍 개포로145번길 7-4,537801,59115,,,,126.74365767904,34.3199524947035
MA0106202411A0399388,태성F.S,,G2,소매,G221,기타 상품 소매,G22199,그 외 기타 상품 전문 소매업,G47859,그 외 기타 분류 안된 상품 전문 소매업,26,부산광역시,26440,강서구,26440510,대저1동,2644010100,대저1동,2644010100103370083,1,대지,337,83,부산광역시 강서구 대저1동 337-83,264404208286,부산광역시 강서구 대저중앙로348번길,27,,2644010100103370083000001,,부산광역시 강서구 대저중앙로348번길 27,618803,46702,,1,,128.984662661655,35.2196250360165
MA0106202411A0082083,베이프247은평,,G2,소매,G221,기타 상품 소매,G22199,그 외 기타 상품 전문 소매업,G47859,그 외 기타 분류 안된 상품 전문 소매업,11,서울특별시,11380,은평구,11380530,불광2동,1138010300,불광동,1138010300101040043,1,대지,104,43,서울특별시 은평구 불광동 104-43,113803111006,서울특별시 은평구 연서로,313,1,1138010300101040043035638,,서울특별시 은평구 연서로 313-1,122851,03343,,,,126.927491755892,37.6234942446515
MA0106202411A0062233,바른식혜,,G2,소매,G221,기타 상품 소매,G22199,그 외 기타 상품 전문 소매업,G47859,그 외 기타 분류 안된 상품 전문 소매업,30,대전광역시,30110,동구,30110560,용운동,3011010900,용운동,3011010900103510002,1,대지,351,2,대전광역시 동구 용운동 351-2,301104292327,대전광역시 동구 새울로91번길,6,19,3011010900103510002026139,,대전광역시 동구 새울로91번길 6-19,300820,34662,,1,,127.461132411588,36.327397033106
MA0106202411A0132917,프로24,,G2,소매,G221,기타 상품 소매,G22199,그 외 기타 상품 전문 소매업,G47859,그 외 기타 분류 안된 상품 전문 소매업,41,경기도,41360,남양주시,41360340,수동면,4136034022,수동면,4136034022101680000,1,대지,168,,경기도 남양주시 수동면 지둔리 168,413603197032,경기도 남양주시 수동면 비룡로,1083,24,4136034022101680000017309,,경기도 남양주시 수동면 비룡로 1083-24,472851,12028,,,,127.304521424144,37.7235283849546
MA0106202411A0826907,차원,,G2,소매,G221,기타 상품 소매,G22199,그 외 기타 상품 전문 소매업,G47859,그 외 기타 분류 안된 상품 전문 소매업,41,경기도,41590,화성시,41590590,동탄5동,4159013100,영천동,4159013100108530003,1,대지,853,3,경기도 화성시 영천동 853-3,415902348100,경기도 화성시 동탄대로,635,,4159013100104420002000001,,경기도 화성시 동탄대로 635,445130,18468,,3,,127.098145289671,37.2099442569634
MA0106202411A0801824,북부상회,,G2,소매,G221,기타 상품 소매,G22199,그 외 기타 상품 전문 소매업,G47859,그 외 기타 분류 안된 상품 전문 소매업,43,충청북도,43114,청주시 청원구,43114510,우암동,4311410100,우암동,4311410100103470003,1,대지,347,3,충청북도 청주시 청원구 우암동 347-3,431143236061,충청북도 청주시 청원구 향군로,35,,4311111300103470003034953,,충청북도 청주시 청원구 향군로 35,363814,28539,,,,127.48647044924,36.6488631327088
MA0106202410A0386013,문소반,,G2,소매,G221,기타 상품 소매,G22199,그 외 기타 상품 전문 소매업,G47859,그 외 기타 분류 안된 상품 전문 소매업,41,경기도,41250,동두천시,41250565,불현동,4125010200,지행동,4125010200103310001,1,대지,331,1,경기도 동두천시 지행동 331-1,412503189029,경기도 동두천시 행선로,39,,4125010200103310001009044,,경기도 동두천시 행선로 39,483020,11363,,1,,127.060629058599,37.891997983487
MA0106202410A1034566,주니캔들본사,,G2,소매,G221,기타 상품 소매,G22199,그 외 기타 상품 전문 소매업,G47859,그 외 기타 분류 안된 상품 전문 소매업,51,강원특별자치도,51130,원주시,51130575,학성동,5113010900,학성동,5113010900109980005,1,대지,998,5,강원특별자치도 원주시 학성동 998-5,511303219010,강원특별자치도 원주시 남산로,222,,4213010900109980005016497,,강원특별자치도 원주시 남산로 222,220963,26416,,1,,127.943037961297,37.3554827952715
MA0106202410A0945668,팔도맛김치,,G2,소매,G221,기타 상품 소매,G22199,그 외 기타 상품 전문 소매업,G47859,그 외 기타 분류 안된 상품 전문 소매업,46,전라남도,46130,여수시,46130635,서강동,4613011300,서교동,4613011300102800085,1,대지,280,85,전라남도 여수시 서교동 280-85,461303282069,전라남도 여수시 좌수영로,18,,4613011300102800085000001,,전라남도 여수시 좌수영로 18,550130,59752,,,,127.728170068904,34.7418980848105
MA0106202410A0664651,감성베이퍼,,G2,소매,G221,기타 상품 소매,G22199,그 외 기타 상품 전문 소매업,G47859,그 외 기타 분류 안된 상품 전문 소매업,41,경기도,41480,파주시,41480250,문산읍,4148025021,문산읍,4148025021100170105,1,대지,17,105,경기도 파주시 문산읍 문산리 17-105,414803206033,경기도 파주시 문산읍 문향로,76,1,4148025021100170105015058,,경기도 파주시 문산읍 문향로 76-1,413904,10824,,,,126.786002708485,37.858411965996
MA0106202410A0569569,드림17,,G2,소매,G221,기타 상품 소매,G22199,그 외 기타 상품 전문 소매업,G47859,그 외 기타 분류 안된 상품 전문 소매업,11,서울특별시,11320,도봉구,11320690,방학1동,1132010600,방학동,1132010600102640008,1,대지,264,8,서울특별시 도봉구 방학동 264-8,113204127088,서울특별시 도봉구 도당로6길,28,,1132010600102640008018877,방학동,서울특별시 도봉구 도당로6길 28,132827,01389,,,,127.036402944413,37.6615234333981
MA0106202410A1282299,모두드림,,G2,소매,G221,기타 상품 소매,G22199,그 외 기타 상품 전문 소매업,G47859,그 외 기타 분류 안된 상품 전문 소매업,41,경기도,41610,광주시,41610259,곤지암읍,4161025921,곤지암읍,4161025921104330003,1,대지,433,3,경기도 광주시 곤지암읍 곤지암리 433-3,416103211003,경기도 광주시 곤지암읍 곤지암로,49,,4161025921104330003000001,LT건물4충,경기도 광주시 곤지암읍 곤지암로 49,464872,12804,,,,127.341321620588,37.3495861688432
MA0106202410A0816536,상남자스테이크조양점,,G2,소매,G221,기타 상품 소매,G22199,그 외 기타 상품 전문 소매업,G47859,그 외 기타 분류 안된 상품 전문 소매업,51,강원특별자치도,51210,속초시,51210580,조양동,5121010800,조양동,5121010800115470009,1,대지,1547,9,강원특별자치도 속초시 조양동 1547-9,512103223008,강원특별자치도 속초시 엑스포로,41,,4221010800115470009000001,,강원특별자치도 속초시 엑스포로 41,217813,24872,,1,,128.586567202708,38.1910658468574
MA0106202410A2291581,씨제이올리브영용산아이파크몰더,센터점,G2,소매,G221,기타 상품 소매,G22199,그 외 기타 상품 전문 소매업,G47859,그 외 기타 분류 안된 상품 전문 소매업,11,서울특별시,11170,용산구,11170625,한강로동,1117012800,한강로3가,1117012800100400999,1,대지,40,999,서울특별시 용산구 한강로3가 40-999,111704106418,서울특별시 용산구 한강대로23길,55,,1117012800100400999012887,,서울특별시 용산구 한강대로23길 55,140780,04377,,1,,126.964735959893,37.5297717997901
MA0106202410A1817508,대일소방,,G2,소매,G221,기타 상품 소매,G22199,그 외 기타 상품 전문 소매업,G47859,그 외 기타 분류 안된 상품 전문 소매업,48,경상남도,48121,창원시 의창구,48121510,의창동,4812110400,소답동,4812110400101410020,1,대지,141,20,경상남도 창원시 의창구 소답동 141-20,481213327042,경상남도 창원시 의창구 읍성로,116,,4812110400101410020019409,,경상남도 창원시 의창구 읍성로 116,641836,51200,,,,128.628390896823,35.2626324656517
MA0106202404A2380337,미사푸드유통,,G2,소매,G221,기타 상품 소매,G22199,그 외 기타 상품 전문 소매업,G47859,그 외 기타 분류 안된 상품 전문 소매업,41,경기도,41360,남양주시,41360570,별내동,4136011100,별내동,4136011100108260008,1,대지,826,8,경기도 남양주시 별내동 826-8,413603197089,경기도 남양주시 별내3로,322,,4136011100108260008000001,,경기도 남양주시 별내3로 322,472501,12097,,,,127.117659565625,37.6661824982392
MA0106202404A2284086,김치스토리,,G2,소매,G221,기타 상품 소매,G22199,그 외 기타 상품 전문 소매업,G47859,그 외 기타 분류 안된 상품 전문 소매업,46,전라남도,46870,영광군,46870250,영광읍,4687025023,영광읍,4687025023103120003,1,대지,312,3,전라남도 영광군 영광읍 남천리 312-3,468704694113,전라남도 영광군 영광읍 백산길,6,20,4687025023103120003009824,,전라남도 영광군 영광읍 백산길 6-20,513803,57042,,,,126.503234679584,35.2763394992551
MA0106202411A1004388,일로스튜디오,,G2,소매,G221,기타 상품 소매,G22199,그 외 기타 상품 전문 소매업,G47859,그 외 기타 분류 안된 상품 전문 소매업,11,서울특별시,11350,노원구,11350611,하계1동,1135010400,하계동,1135010400101410009,1,대지,141,9,서울특별시 노원구 하계동 141-9,113504130030,서울특별시 노원구 공릉로58길,5,,1135010400101410009000003,,서울특별시 노원구 공릉로58길 5,139871,01809,,,,127.072506062197,37.6329095530956
MA0106202410A2427190,아이스크림살래베스트점,,G2,소매,G221,기타 상품 소매,G22199,그 외 기타 상품 전문 소매업,G47859,그 외 기타 분류 안된 상품 전문 소매업,11,서울특별시,11740,강동구,11740660,성내3동,1174010800,성내동,1174010800103790014,1,대지,379,14,서울특별시 강동구 성내동 379-14,117402000008,서울특별시 강동구 천호대로,1132,23,1174010800103790014004492,,서울특별시 강동구 천호대로 1132-23,134843,05373,,,,127.136921774444,37.5332566457404
MA0106202410A0665814,인제군청,,G2,소매,G221,기타 상품 소매,G22199,그 외 기타 상품 전문 소매업,G47859,그 외 기타 분류 안된 상품 전문 소매업,51,강원특별자치도,51810,인제군,51810340,서화면,5181034021,서화면,5181034021106300005,1,대지,630,5,강원특별자치도 인제군 서화면 천도리 630-5,518103233022,강원특별자치도 인제군 서화면 천도로,118,,4281034021006300005015301,,강원특별자치도 인제군 서화면 천도로 118,252833,24601,,,,128.209177551796,38.2226482818003
MA0106202410A0869917,수류산방,,G2,소매,G221,기타 상품 소매,G22199,그 외 기타 상품 전문 소매업,G47859,그 외 기타 분류 안된 상품 전문 소매업,48,경상남도,48310,거제시,48310360,사등면,4831036023,사등면,4831036023105490002,1,대지,549,2,경상남도 거제시 사등면 성포리 549-2,483104811327,경상남도 거제시 사등면 성포로1길,26,,4831036023105490002019557,,경상남도 거제시 사등면 성포로1길 26,656883,53276,,,,128.517815118555,34.9146060605203
MA0106202410A1114492,여왕도시락,,G2,소매,G221,기타 상품 소매,G22199,그 외 기타 상품 전문 소매업,G47859,그 외 기타 분류 안된 상품 전문 소매업,26,부산광역시,26290,남구,26290590,용호3동,2629010700,용호동,2629010700103940002,1,대지,394,2,부산광역시 남구 용호동 394-2,262903131005,부산광역시 남구 동명로,144,,2629010700103940002009828,일부,부산광역시 남구 동명로 144,608834,48585,,1,,129.112591947042,35.1193871457099
MA0106202410A0243144,수건나라,,G2,소매,G221,기타 상품 소매,G22199,그 외 기타 상품 전문 소매업,G47859,그 외 기타 분류 안된 상품 전문 소매업,41,경기도,41480,파주시,41480250,문산읍,4148025023,문산읍,4148025023109510006,1,대지,951,6,경기도 파주시 문산읍 선유리 951-6,414803206033,경기도 파주시 문산읍 문향로,106,,4148025023109510006014578,,경기도 파주시 문산읍 문향로 106,413902,10814,,1,,126.787859957298,37.8606316624686
MA0106202410A1251278,전라남도산림연구원완도수목원,,G2,소매,G221,기타 상품 소매,G22199,그 외 기타 상품 전문 소매업,G47859,그 외 기타 분류 안된 상품 전문 소매업,46,전라남도,46890,완도군,46890310,군외면,4689031026,군외면,4689031026100120021,1,대지,12,21,전라남도 완도군 군외면 대문리 12-21,468904854478,전라남도 완도군 군외면 초평1길,156,,4689031026100090005001763,,전라남도 완도군 군외면 초평1길 156,537811,59105,,,,126.663527681416,34.3606585194555
MA0106202410A0485013,행복만들기,,G2,소매,G221,기타 상품 소매,G22199,그 외 기타 상품 전문 소매업,G47859,그 외 기타 분류 안된 상품 전문 소매업,52,전북특별자치도,52800,부안군,52800330,행안면,5280033025,행안면,5280033025100800014,1,대지,80,14,전북특별자치도 부안군 행안면 신기리 80-14,528003280025,전북특별자치도 부안군 행안면 매창로,15,,4580033025100800004000001,,전북특별자치도 부안군 행안면 매창로 15,579832,56312,,,,126.72046873415,35.7180813921874
MA0106202410A1369220,일번지감자탕,,G2,소매,G221,기타 상품 소매,G22199,그 외 기타 상품 전문 소매업,G47859,그 외 기타 분류 안된 상품 전문 소매업,51,강원특별자치도,51210,속초시,51210560,교동,5121010600,교동,5121010600106640015,1,대지,664,15,강원특별자치도 속초시 교동 664-15,512103223018,강원특별자치도 속초시 청초호반로,231,,4221010600106640015000002,교동,강원특별자치도 속초시 청초호반로 231,217803,24836,,,,128.582996398139,38.1995817411018
MA0106202410A1946951,모뎐,,G2,소매,G221,기타 상품 소매,G22199,그 외 기타 상품 전문 소매업,G47859,그 외 기타 분류 안된 상품 전문 소매업,11,서울특별시,11440,마포구,11440710,연남동,1144012400,연남동,1144012400105650038,1,대지,565,38,서울특별시 마포구 연남동 565-38,114404139443,서울특별시 마포구 연남로1길,50,,1144012400105650038016487,,서울특별시 마포구 연남로1길 50,121869,03991,,1,,126.920468501072,37.5597625639557
MA0106202404A2423888,제나셀,,G2,소매,G221,기타 상품 소매,G22199,그 외 기타 상품 전문 소매업,G47859,그 외 기타 분류 안된 상품 전문 소매업,44,충청남도,44180,보령시,44180515,대천1동,4418010100,대천동,4418010100106180441,1,대지,618,441,충청남도 보령시 대천동 618-441,441803252052,충청남도 보령시 중앙로,46,,4418010400108280005011839,,충청남도 보령시 중앙로 46,355011,33466,,2,,126.598530972679,36.3486818227283
MA0106202411A1210391,청운상회,,G2,소매,G221,기타 상품 소매,G22199,그 외 기타 상품 전문 소매업,G47859,그 외 기타 분류 안된 상품 전문 소매업,29,광주광역시,29140,서구,29140575,양동,2914010400,양동,2914010400100050101,1,대지,5,101,광주광역시 서구 양동 5-101,291403009007,광주광역시 서구 천변좌로,238,,2914010400100050101005299,,광주광역시 서구 천변좌로 238,502822,61924,,,,126.902553789703,35.1538981850979
MA0106202411A1000708,코코로벤또,,G2,소매,G221,기타 상품 소매,G22199,그 외 기타 상품 전문 소매업,G47859,그 외 기타 분류 안된 상품 전문 소매업,41,경기도,41220,평택시,41220510,중앙동,4122010200,장당동,4122010200101540000,1,대지,154,,경기도 평택시 장당동 154,412202012013,경기도 평택시 경기대로,945,,4122010200101540002000001,일부,경기도 평택시 경기대로 945,459020,17787,,3,,127.069583761144,37.034103888808
MA0106202411A0221255,인건푸드시스템,,G2,소매,G221,기타 상품 소매,G22199,그 외 기타 상품 전문 소매업,G47859,그 외 기타 분류 안된 상품 전문 소매업,41,경기도,41500,이천시,41500530,관고동,4150010200,관고동,4150010200101820001,1,대지,182,1,경기도 이천시 관고동 182-1,415002012002,경기도 이천시 경충대로,2774,,4150010200101820001007828,,경기도 이천시 경충대로 2774,467020,17354,,,,127.430880306589,37.2847082309708
MA0106202411A1256794,순천남도김치광양,대리점,G2,소매,G221,기타 상품 소매,G22199,그 외 기타 상품 전문 소매업,G47859,그 외 기타 분류 안된 상품 전문 소매업,46,전라남도,46230,광양시,46230250,광양읍,4623025023,광양읍,4623025023102030000,1,대지,203,,전라남도 광양시 광양읍 칠성리 203,462304655501,전라남도 광양시 광양읍 칠성2길,16,,4623025023102030000044836,,전라남도 광양시 광양읍 칠성2길 16,545808,57742,,1,,127.584546663664,34.9776819382132
MA0106202411A0467346,사브작마켓,,G2,소매,G221,기타 상품 소매,G22199,그 외 기타 상품 전문 소매업,G47859,그 외 기타 분류 안된 상품 전문 소매업,11,서울특별시,11560,영등포구,11560605,문래동,1156012000,문래동2가,1156012000100430013,1,대지,43,13,서울특별시 영등포구 문래동2가 43-13,115604154054,서울특별시 영등포구 경인로79길,14,,1156012000100430013024196,,서울특별시 영등포구 경인로79길 14,150092,07290,,1,,126.894038906577,37.5132682152805
MA0106202404A2427891,오레시피용두,선화점,G2,소매,G221,기타 상품 소매,G22199,그 외 기타 상품 전문 소매업,G47859,그 외 기타 분류 안된 상품 전문 소매업,30,대전광역시,30140,중구,30140655,용두동,3014011200,용두동,3014011200100260015,1,대지,26,15,대전광역시 중구 용두동 26-15,301404295458,대전광역시 중구 선화로22번길,18,,3014011200100260015011361,,대전광역시 중구 선화로22번길 18,301830,34868,,1,,127.412194968826,36.3250525197086
MA0106202411A1254181,라니의다락방,,G2,소매,G221,기타 상품 소매,G22199,그 외 기타 상품 전문 소매업,G47859,그 외 기타 분류 안된 상품 전문 소매업,46,전라남도,46230,광양시,46230530,중마동,4623010600,중동,4623010600113070004,1,대지,1307,4,전라남도 광양시 중동 1307-4,462304655456,전라남도 광양시 중마청룡길,8,6,4623010600113070004035785,,전라남도 광양시 중마청룡길 8-6,545879,57786,,,,127.699456535207,34.940298642893
MA0106202411A0905172,은산할인마트,,G2,소매,G221,기타 상품 소매,G22199,그 외 기타 상품 전문 소매업,G47859,그 외 기타 분류 안된 상품 전문 소매업,44,충청남도,44760,부여군,44760320,은산면,4476032024,은산면,4476032024101220005,1,대지,122,5,충청남도 부여군 은산면 은산리 122-5,447603259240,충청남도 부여군 은산면 충절로,2800,,4476032024101220005000002,,충청남도 부여군 은산면 충절로 2800,323824,33112,,,,126.852901932096,36.3088566179959
MA0106202411A1282586,케이크킴,,G2,소매,G221,기타 상품 소매,G22199,그 외 기타 상품 전문 소매업,G47859,그 외 기타 분류 안된 상품 전문 소매업,26,부산광역시,26530,사상구,26530650,주례1동,2653010600,주례동,2653010600108370004,1,대지,837,4,부산광역시 사상구 주례동 837-4,265304217244,부산광역시 사상구 사상로38번길,3,,2653010600108370004026138,,부산광역시 사상구 사상로38번길 3,617837,47000,,2,,128.996129755057,35.1524163821115
MA0106202411A0568193,아싸컴퍼니,,G2,소매,G221,기타 상품 소매,G22199,그 외 기타 상품 전문 소매업,G47859,그 외 기타 분류 안된 상품 전문 소매업,41,경기도,41630,양주시,41630520,양주2동,4163010800,삼숭동,4163010800100980002,1,대지,98,2,경기도 양주시 삼숭동 98-2,416304436275,경기도 양주시 어하고개로132번길,91,7,4163010800100980002000001,,경기도 양주시 어하고개로132번길 91-7,482110,11482,,,,127.108542536207,37.8108058075682
MA0106202410A1827660,착한제품협동조합,신암점,G2,소매,G221,기타 상품 소매,G22199,그 외 기타 상품 전문 소매업,G47859,그 외 기타 분류 안된 상품 전문 소매업,27,대구광역시,27140,동구,27140510,신암1동,2714010100,신암동,2714010100106050001,1,대지,605,1,대구광역시 동구 신암동 605-1,271404226207,대구광역시 동구 아양로11길,21,,2714010100106050001042512,,대구광역시 동구 아양로11길 21,701819,41198,,1,,128.620582610203,35.8842994044396
MA0106202410A1381054,마레모헤,,G2,소매,G221,기타 상품 소매,G22199,그 외 기타 상품 전문 소매업,G47859,그 외 기타 분류 안된 상품 전문 소매업,11,서울특별시,11440,마포구,11440710,연남동,1144012400,연남동,1144012400102410005,1,대지,241,5,서울특별시 마포구 연남동 241-5,114404139127,서울특별시 마포구 동교로51길,73,,1144012400102410005015620,,서울특별시 마포구 동교로51길 73,121865,03980,,3,,126.923020051085,37.5659000399661
MA0106202410A2428560,더베럴컴퍼니,,G2,소매,G221,기타 상품 소매,G22199,그 외 기타 상품 전문 소매업,G47859,그 외 기타 분류 안된 상품 전문 소매업,26,부산광역시,26380,사하구,26380571,신평1동,2638010400,신평동,2638010400104930000,1,대지,493,,부산광역시 사하구 신평동 493,263803134018,부산광역시 사하구 신산로,120,,2638010400104930000038090,,부산광역시 사하구 신산로 120,604836,49438,,,,128.968571755166,35.0892708681891
MA0106202410A2291576,씨제이올리브영구로지밸리몰점,,G2,소매,G221,기타 상품 소매,G22199,그 외 기타 상품 전문 소매업,G47859,그 외 기타 분류 안된 상품 전문 소매업,11,서울특별시,11530,구로구,11530540,구로3동,1153010200,구로동,1153010200101880025,1,대지,188,25,서울특별시 구로구 구로동 188-25,115303000026,서울특별시 구로구 디지털로,300,,1153010200101880025022719,,서울특별시 구로구 디지털로 300,152848,08379,,1,,126.896543806413,37.4849247908331
MA0106202410A2339397,곰밭길농원,,G2,소매,G221,기타 상품 소매,G22199,그 외 기타 상품 전문 소매업,G47859,그 외 기타 분류 안된 상품 전문 소매업,51,강원특별자치도,51830,양양군,51830310,서면,5183031028,서면,5183031028100370000,1,대지,37,,강원특별자치도 양양군 서면 범부리 37,518304505018,강원특별자치도 양양군 서면 곰밭길,116,76,4283031028100370000000001,곰밭,강원특별자치도 양양군 서면 곰밭길 116-76,215813,25036,,,,128.596767067732,38.0605419637215
MA0106202410A2300736,아이이오,,G2,소매,G221,기타 상품 소매,G22199,그 외 기타 상품 전문 소매업,G47859,그 외 기타 분류 안된 상품 전문 소매업,41,경기도,41285,고양시 일산동구,41285590,장항2동,4128510400,장항동,4128510400107640000,1,대지,764,,경기도 고양시 일산동구 장항동 764,412853193011,경기도 고양시 일산동구 무궁화로,32,34,4128510400107640001009335,,경기도 고양시 일산동구 무궁화로 32-34,410837,10401,,,,126.768799022033,37.6613204907302
MA0106202410A2070401,라투젠,,G2,소매,G221,기타 상품 소매,G22199,그 외 기타 상품 전문 소매업,G47859,그 외 기타 분류 안된 상품 전문 소매업,41,경기도,41271,안산시 상록구,41271560,본오3동,4127110400,본오동,4127110400108770008,1,대지,877,8,경기도 안산시 상록구 본오동 877-8,412713190035,경기도 안산시 상록구 상록수로,28,,4127110400108770008033315,,경기도 안산시 상록구 상록수로 28,426815,15532,,3,,126.863002086025,37.3021184039333
MA0106202410A1922827,태산식자재유통센터,,G2,소매,G221,기타 상품 소매,G22199,그 외 기타 상품 전문 소매업,G47859,그 외 기타 분류 안된 상품 전문 소매업,26,부산광역시,26410,금정구,26410680,구서1동,2641010700,구서동,2641010700100960000,1,대지,96,,부산광역시 금정구 구서동 96,264103130034,부산광역시 금정구 체육공원로,61,2,2641010700100950001003222,,부산광역시 금정구 체육공원로 61-2,609854,46251,,1,,129.097303575351,35.2492383344468
MA0106202410A0532867,영공방삼척점,,G2,소매,G221,기타 상품 소매,G22199,그 외 기타 상품 전문 소매업,G47859,그 외 기타 분류 안된 상품 전문 소매업,51,강원특별자치도,51230,삼척시,51230570,성내동,5123010400,읍중동,5123010400100050004,1,대지,5,4,강원특별자치도 삼척시 읍중동 5-4,512303224004,강원특별자치도 삼척시 대학로,10,1,4223010400100050004000001,,강원특별자치도 삼척시 대학로 10-1,245941,25920,,1,,129.163520146834,37.4420335520016
MA0106202410A2197317,강릉전자담배,,G2,소매,G221,기타 상품 소매,G22199,그 외 기타 상품 전문 소매업,G47859,그 외 기타 분류 안된 상품 전문 소매업,51,강원특별자치도,51150,강릉시,51150520,중앙동,5115010800,성남동,5115010800100560001,1,대지,56,1,강원특별자치도 강릉시 성남동 56-1,511504460909,강원특별자치도 강릉시 중앙시장2길,42,,4215010800100560001001908,,강원특별자치도 강릉시 중앙시장2길 42,210050,25543,,,,128.899395802027,37.7531568740521
MA0106202410A0490041,복왕만두,,G2,소매,G221,기타 상품 소매,G22199,그 외 기타 상품 전문 소매업,G47859,그 외 기타 분류 안된 상품 전문 소매업,41,경기도,41273,안산시 단원구,41273545,원곡동,4127310800,원곡동,4127310800107460015,1,대지,746,15,경기도 안산시 단원구 원곡동 746-15,412733191059,경기도 안산시 단원구 원본로,7,,4127310800107460015009197,,경기도 안산시 단원구 원본로 7,425845,15378,,,,126.790947847239,37.331494847708
MA0106202410A2026340,스킬업매점,,G2,소매,G221,기타 상품 소매,G22199,그 외 기타 상품 전문 소매업,G47859,그 외 기타 분류 안된 상품 전문 소매업,48,경상남도,48330,양산시,48330253,물금읍,4833025323,물금읍,4833025323112700007,1,대지,1270,7,경상남도 양산시 물금읍 가촌리 1270-7,483303338103,경상남도 양산시 물금읍 야리로,27,31,4833025323112700007000001,,경상남도 양산시 물금읍 야리로 27-31,626811,50613,,,,129.00142664957,35.317683384781
MA0106202404A2348797,다올DAOL,,G2,소매,G221,기타 상품 소매,G22199,그 외 기타 상품 전문 소매업,G47859,그 외 기타 분류 안된 상품 전문 소매업,41,경기도,41111,수원시 장안구,41111580,영화동,4111113400,영화동,4111113400103980002,1,대지,398,2,경기도 수원시 장안구 영화동 398-2,411114322145,경기도 수원시 장안구 수성로262번길,2,,4111113400103980002045616,,경기도 수원시 장안구 수성로262번길 2,440820,16274,,1,,127.001161573858,37.2897363432505
MA0106202411A0383174,이진,,G2,소매,G221,기타 상품 소매,G22199,그 외 기타 상품 전문 소매업,G47859,그 외 기타 분류 안된 상품 전문 소매업,26,부산광역시,26260,동래구,26260740,안락1동,2626010200,안락동,2626010200104200051,1,대지,420,51,부산광역시 동래구 안락동 420-51,262603130016,부산광역시 동래구 안락로,4,,2626010200104200051019092,,부산광역시 동래구 안락로 4,607827,47754,,1,,129.097458982897,35.2010964113727
MA0106202411A0388538,사맛디디저트,,G2,소매,G221,기타 상품 소매,G22199,그 외 기타 상품 전문 소매업,G47859,그 외 기타 분류 안된 상품 전문 소매업,41,경기도,41113,수원시 권선구,41113662,금곡동,4111313400,금곡동,4111313400111130003,1,대지,1113,3,경기도 수원시 권선구 금곡동 1113-3,411134331206,경기도 수원시 권선구 금곡로197번길,18,24,4111313400111130003000001,,경기도 수원시 권선구 금곡로197번길 18-24,441460,16391,,,,126.952982543682,37.2746796542595
MA0106202411A0382635,밥도둑'S,,G2,소매,G221,기타 상품 소매,G22199,그 외 기타 상품 전문 소매업,G47859,그 외 기타 분류 안된 상품 전문 소매업,46,전라남도,46130,여수시,46130730,미평동,4613012200,미평동,4613012200106830006,1,대지,683,6,전라남도 여수시 미평동 683-6,461304646376,전라남도 여수시 미평10길,24,,4613012200106830006030799,,전라남도 여수시 미평10길 24,550240,59629,,,,127.706208874258,34.7686726622772
MA0106202411A0410403,제이에스비,,G2,소매,G221,기타 상품 소매,G22199,그 외 기타 상품 전문 소매업,G47859,그 외 기타 분류 안된 상품 전문 소매업,41,경기도,41171,안양시 만안구,41171630,박달2동,4117110300,박달동,4117110300109260002,1,대지,926,2,경기도 안양시 만안구 박달동 926-2,411714349271,경기도 안양시 만안구 오리로52번길,17,9,4117110300109260002000001,,경기도 안양시 만안구 오리로52번길 17-9,430032,13976,,1,,126.884041743938,37.4096785383942
MA0106202411A0800593,씨앤조이,,G2,소매,G221,기타 상품 소매,G22199,그 외 기타 상품 전문 소매업,G47859,그 외 기타 분류 안된 상품 전문 소매업,36,세종특별자치시,36110,세종특별자치시,36110340,금남면,3611034037,금남면,3611034037101140001,1,대지,114,1,세종특별자치시 세종특별자치시 금남면 호탄리 114-1,361104574553,세종특별자치시 세종특별자치시 금남면 호탄길,48,8,3611034037101140001000001,,세종특별자치시 세종특별자치시 금남면 호탄길 48-8,339833,30079,,,,127.297545856983,36.4722655836024
MA0106202411A0337841,파피루스,,G2,소매,G221,기타 상품 소매,G22199,그 외 기타 상품 전문 소매업,G47859,그 외 기타 분류 안된 상품 전문 소매업,28,인천광역시,28260,서구,28260560,석남2동,2826011000,석남동,2826011000102230038,1,대지,223,38,인천광역시 서구 석남동 223-38,282603156010,인천광역시 서구 거북로,17,,2826011000102230038014781,,인천광역시 서구 거북로 17,404825,22793,,,,126.663994731333,37.5036836640576
MA0106202411A0075413,리간디아,,G2,소매,G221,기타 상품 소매,G22199,그 외 기타 상품 전문 소매업,G47859,그 외 기타 분류 안된 상품 전문 소매업,28,인천광역시,28245,계양구,28245640,작전서운동,2824510400,서운동,2824510400102220000,1,대지,222,,인천광역시 계양구 서운동 222,282454856024,인천광역시 계양구 서운산단로1길,19,,2824510400102220000000001,,인천광역시 계양구 서운산단로1길 19,407063,21072,,,,126.753235417172,37.5318979012573
MA0106202410A1337678,아트폴리오,,G2,소매,G221,기타 상품 소매,G22199,그 외 기타 상품 전문 소매업,G47859,그 외 기타 분류 안된 상품 전문 소매업,41,경기도,41285,고양시 일산동구,41285590,장항2동,4128510400,장항동,4128510400107570000,1,대지,757,,경기도 고양시 일산동구 장항동 757,412853193011,경기도 고양시 일산동구 무궁화로,20,38,4128510400107570001009205,,경기도 고양시 일산동구 무궁화로 20-38,410837,10401,,,,126.76774805695,37.6603453681414
MA0106202410A1998494,엠에스시스템,,G2,소매,G221,기타 상품 소매,G22199,그 외 기타 상품 전문 소매업,G47859,그 외 기타 분류 안된 상품 전문 소매업,41,경기도,41171,안양시 만안구,41171560,안양6동,4117110100,안양동,4117110100105330014,1,대지,533,14,경기도 안양시 만안구 안양동 533-14,411713182003,경기도 안양시 만안구 만안로,31,3,4117110100105330014010494,,경기도 안양시 만안구 만안로 31-3,430824,14035,,,,126.934281543519,37.3860923523237
MA0106202410A1478491,협진티앤디,,G2,소매,G221,기타 상품 소매,G22199,그 외 기타 상품 전문 소매업,G47859,그 외 기타 분류 안된 상품 전문 소매업,27,대구광역시,27140,동구,27140655,동촌동,2714011000,검사동,2714011000110000003,1,대지,1000,3,대구광역시 동구 검사동 1000-3,271404226084,대구광역시 동구 동촌로11길,14,,2714011000110000003006901,,대구광역시 동구 동촌로11길 14,701862,41143,,,,128.650224553861,35.8890321734029
MA0106202410A1290890,로이사이언스,,G2,소매,G221,기타 상품 소매,G22199,그 외 기타 상품 전문 소매업,G47859,그 외 기타 분류 안된 상품 전문 소매업,11,서울특별시,11440,마포구,11440660,서교동,1144012000,서교동,1144012000103760012,1,대지,376,12,서울특별시 마포구 서교동 376-12,114404139106,서울특별시 마포구 동교로18길,38,,1144012000103760012010490,지우빌딩,서울특별시 마포구 동교로18길 38,121894,04031,,1,,126.917781534525,37.5536519623196
MA0106202410A0228104,이디피,전곡점,G2,소매,G221,기타 상품 소매,G22199,그 외 기타 상품 전문 소매업,G47859,그 외 기타 분류 안된 상품 전문 소매업,41,경기도,41800,연천군,41800340,미산면,4180034021,미산면,4180034021103500000,1,대지,350,,경기도 연천군 미산면 동이리 350,418004445099,경기도 연천군 미산면 마동로196번길,69,,4180034021103500000000001,,경기도 연천군 미산면 마동로196번길 69,486861,11047,,,,127.005682483452,38.0157120521041
MA0106202410A1030744,헤스론,,G2,소매,G221,기타 상품 소매,G22199,그 외 기타 상품 전문 소매업,G47859,그 외 기타 분류 안된 상품 전문 소매업,11,서울특별시,11350,노원구,11350624,중계4동,1135010600,중계동,1135010600101570005,1,대지,157,5,서울특별시 노원구 중계동 157-5,113503110009,서울특별시 노원구 한글비석로,365,,1135010600101570006000001,데미안빌딩,서울특별시 노원구 한글비석로 365,139856,01699,,,,127.074162579253,37.6581901250577
MA0106202410A2373784,이내향가,,G2,소매,G221,기타 상품 소매,G22199,그 외 기타 상품 전문 소매업,G47859,그 외 기타 분류 안된 상품 전문 소매업,51,강원특별자치도,51770,정선군,51770250,정선읍,5177025021,정선읍,5177025021103390006,1,대지,339,6,강원특별자치도 정선군 정선읍 봉양리 339-6,517703229023,강원특별자치도 정선군 정선읍 정선로,1347,,4277025021103390006009292,,강원특별자치도 정선군 정선읍 정선로 1347,233804,26130,,3,,128.66382188573,37.3799007457434
MA0106202410A0830540,사이반주,,G2,소매,G221,기타 상품 소매,G22199,그 외 기타 상품 전문 소매업,G47859,그 외 기타 분류 안된 상품 전문 소매업,51,강원특별자치도,51110,춘천시,51110310,동면,5111031022,동면,5111031022104370001,1,대지,437,1,강원특별자치도 춘천시 동면 만천리 437-1,511103218010,강원특별자치도 춘천시 동면 만천로,28,84,4211031022201030051000001,,강원특별자치도 춘천시 동면 만천로 28-84,200852,24213,,1,,127.771602326439,37.8783943261847
MA0106202410A2039594,꿈꾸는날개,,G2,소매,G221,기타 상품 소매,G22199,그 외 기타 상품 전문 소매업,G47859,그 외 기타 분류 안된 상품 전문 소매업,52,전북특별자치도,52111,전주시 완산구,52111530,풍남동,5211111800,교동,5211111800100540053,1,대지,54,53,전북특별자치도 전주시 완산구 교동 54-53,521114598305,전북특별자치도 전주시 완산구 자만동2길,35,,4511111800100540053016065,,전북특별자치도 전주시 완산구 자만동2길 35,560070,55037,,,,127.157433802641,35.8144232687963
MA0106202410A0470296,제주맘,,G2,소매,G221,기타 상품 소매,G22199,그 외 기타 상품 전문 소매업,G47859,그 외 기타 분류 안된 상품 전문 소매업,50,제주특별자치도,50110,제주시,50110520,일도2동,5011010200,일도이동,5011010200103540030,1,대지,354,30,제주특별자치도 제주시 일도이동 354-30,501103349007,제주특별자치도 제주시 고마로,70,,5011010200103540030000001,,제주특별자치도 제주시 고마로 70,690833,63273,,1,,126.53979048157,33.5081749594238
MA0106202410A1907239,운공다판디,교대점,G2,소매,G221,기타 상품 소매,G22199,그 외 기타 상품 전문 소매업,G47859,그 외 기타 분류 안된 상품 전문 소매업,26,부산광역시,26470,연제구,26470610,거제1동,2647010100,거제동,2647010100100700006,1,대지,70,6,부산광역시 연제구 거제동 70-6,264702000010,부산광역시 연제구 중앙대로,1204,,2647010100100700006000001,,부산광역시 연제구 중앙대로 1204,611802,47514,,1,,129.08027794657,35.1946703177053
MA0106202404A2272403,별이네마켓,,G2,소매,G221,기타 상품 소매,G22199,그 외 기타 상품 전문 소매업,G47859,그 외 기타 분류 안된 상품 전문 소매업,27,대구광역시,27140,동구,27140685,해안동,2714011400,신평동,2714011400103170002,1,대지,317,2,대구광역시 동구 신평동 317-2,271403142027,대구광역시 동구 신평로,143,3,2714011400103170002007449,,대구광역시 동구 신평로 143-3,701140,41131,,,,128.684585769824,35.8795617656717
MA0106202404A2387095,곰방대,,G2,소매,G221,기타 상품 소매,G22199,그 외 기타 상품 전문 소매업,G47859,그 외 기타 분류 안된 상품 전문 소매업,26,부산광역시,26530,사상구,26530610,덕포2동,2653010300,덕포동,2653010300107770001,1,대지,777,1,부산광역시 사상구 덕포동 777-1,265302006008,부산광역시 사상구 백양대로,766,,2653010300107770001004789,,부산광역시 사상구 백양대로 766,617810,46941,,,,128.988685007052,35.1751763612901
MA0106202411A0972894,오케이편의점,,G2,소매,G221,기타 상품 소매,G22199,그 외 기타 상품 전문 소매업,G47859,그 외 기타 분류 안된 상품 전문 소매업,43,충청북도,43113,청주시 흥덕구,43113320,옥산면,4311332026,옥산면,4311332026104140000,1,대지,414,,충청북도 청주시 흥덕구 옥산면 동림리 414,431133000167,충청북도 청주시 흥덕구 옥산면 심동로,621,,4311332026104140000000001,,충청북도 청주시 흥덕구 옥산면 심동로 621,361912,28103,,,,127.324811050881,36.6766097195159
MA0106202410A1452626,올랩,,G2,소매,G221,기타 상품 소매,G22199,그 외 기타 상품 전문 소매업,G47859,그 외 기타 분류 안된 상품 전문 소매업,30,대전광역시,30230,대덕구,30230520,대화동,3023010200,대화동,3023010200106110000,1,대지,611,,대전광역시 대덕구 대화동 611,302303168004,대전광역시 대덕구 대화로,120,,3023010200102900019010461,가온비즈타워,대전광역시 대덕구 대화로 120,306800,34366,,,,127.407232883053,36.3666407207014
MA0106202410A0089721,해피아이스크림해피커피,,G2,소매,G221,기타 상품 소매,G22199,그 외 기타 상품 전문 소매업,G47859,그 외 기타 분류 안된 상품 전문 소매업,26,부산광역시,26440,강서구,26440560,녹산동,2644011400,지사동,2644011400111950003,1,대지,1195,3,부산광역시 강서구 지사동 1195-3,264404208115,부산광역시 강서구 과학산단2로20번길,14,,2644011400111950003000001,,부산광역시 강서구 과학산단2로20번길 14,618210,46743,,1,,128.832199222301,35.1504831080255
MA0106202410A2411430,스모크스트릿,,G2,소매,G221,기타 상품 소매,G22199,그 외 기타 상품 전문 소매업,G47859,그 외 기타 분류 안된 상품 전문 소매업,30,대전광역시,30200,유성구,30200540,온천2동,3020012200,궁동,3020012200104820004,1,대지,482,4,대전광역시 유성구 궁동 482-4,302003167083,대전광역시 유성구 대학로,86,,3020012200104820004010498,,대전광역시 유성구 대학로 86,305335,34183,,1,,127.344775948498,36.3610787786901
MA0106202410A2420651,맛찬,,G2,소매,G221,기타 상품 소매,G22199,그 외 기타 상품 전문 소매업,G47859,그 외 기타 분류 안된 상품 전문 소매업,44,충청남도,44230,논산시,44230510,취암동,4423010900,내동,4423010900110270000,1,대지,1027,,충청남도 논산시 내동 1027,442304565538,충청남도 논산시 시민로307번길,7,1,4423010900110270000047182,,충청남도 논산시 시민로307번길 7-1,320802,32981,,1,,127.090800476543,36.1921537216597
MA0106202410A0008020,몬더,,G2,소매,G221,기타 상품 소매,G22199,그 외 기타 상품 전문 소매업,G47859,그 외 기타 분류 안된 상품 전문 소매업,11,서울특별시,11710,송파구,11710562,방이2동,1171011100,방이동,1171011100101050012,1,대지,105,12,서울특별시 송파구 방이동 105-12,117104169429,서울특별시 송파구 올림픽로32길,58,24,1171011100101050012000001,,서울특별시 송파구 올림픽로32길 58-24,138829,05550,,4,,127.111851042509,37.5112175060535
MA0106202410A2324077,메이드인브랜드,,G2,소매,G221,기타 상품 소매,G22199,그 외 기타 상품 전문 소매업,G47859,그 외 기타 분류 안된 상품 전문 소매업,41,경기도,41360,남양주시,41360545,다산1동,4136011200,다산동,4136011200161430000,1,대지,6143,,경기도 남양주시 다산동 6143,413603351591,경기도 남양주시 다산순환로,20,,4136011200161430000000001,에이,경기도 남양주시 다산순환로 20,,12248,,5,,127.151689117087,37.6126792551016
MA0106202410A0032837,플라스틱팜,,G2,소매,G221,기타 상품 소매,G22199,그 외 기타 상품 전문 소매업,G47859,그 외 기타 분류 안된 상품 전문 소매업,11,서울특별시,11380,은평구,11380650,수색동,1138010100,수색동,1138010100103790012,1,대지,379,12,서울특별시 은평구 수색동 379-12,113803005054,서울특별시 은평구 수색로,307,,1138010100103790012009384,,서울특별시 은평구 수색로 307,122878,03503,,1,,126.890621169337,37.5842187115974
MA0106202410A0796032,미소유통,,G2,소매,G221,기타 상품 소매,G22199,그 외 기타 상품 전문 소매업,G47859,그 외 기타 분류 안된 상품 전문 소매업,26,부산광역시,26350,해운대구,26350620,반송2동,2635010100,반송동,2635010100103110224,1,대지,311,224,부산광역시 해운대구 반송동 311-224,263504199149,부산광역시 해운대구 윗반송로13번길,53,,2635010100103110224012269,,부산광역시 해운대구 윗반송로13번길 53,612807,48004,,1,,129.152894979545,35.2299506884277
MA0106202411A0315983,오른,,G2,소매,G221,기타 상품 소매,G22199,그 외 기타 상품 전문 소매업,G47859,그 외 기타 분류 안된 상품 전문 소매업,41,경기도,41670,여주시,41670520,중앙동,4167010800,교동,4167010800102690003,1,대지,269,3,경기도 여주시 교동 269-3,416704442487,경기도 여주시 향교1길,58,11,4167010800102690003000001,,경기도 여주시 향교1길 58-11,469108,12644,,1,,127.627315117276,37.2898490254696
MA0106202411A0513664,선진씨에스,,G2,소매,G221,기타 상품 소매,G22199,그 외 기타 상품 전문 소매업,G47859,그 외 기타 분류 안된 상품 전문 소매업,29,광주광역시,29200,광산구,29200640,하남동,2920012100,안청동,2920012100107390037,1,대지,739,37,광주광역시 광산구 안청동 739-37,292003163072,광주광역시 광산구 하남산단9번로,154,,2920012100107390037022118,,광주광역시 광산구 하남산단9번로 154,506250,62213,,1,,126.812500710616,35.2130202994404
MA0106202411A0012956,멀티샵,,G2,소매,G221,기타 상품 소매,G22199,그 외 기타 상품 전문 소매업,G47859,그 외 기타 분류 안된 상품 전문 소매업,46,전라남도,46110,목포시,46110758,신흥동,4611015800,상동,4611015800111220000,1,대지,1122,,전라남도 목포시 상동 1122,461102281004,전라남도 목포시 통일대로,38,,4611015800111220000000001,,전라남도 목포시 통일대로 38,530826,58748,,,,126.42903641475,34.7984611911103
MA0106202411A0221001,씨제이올리브영이천중앙로,,G2,소매,G221,기타 상품 소매,G22199,그 외 기타 상품 전문 소매업,G47859,그 외 기타 분류 안된 상품 전문 소매업,41,경기도,41500,이천시,41500510,창전동,4150010100,창전동,4150010100101610006,1,대지,161,6,경기도 이천시 창전동 161-6,415004421524,경기도 이천시 어재연로37번길,16,,4150010100101610004010020,,경기도 이천시 어재연로37번길 16,467804,17369,,,,127.444893827441,37.280322426199
MA0106202411A0421401,백령도연합상공인,,G2,소매,G221,기타 상품 소매,G22199,그 외 기타 상품 전문 소매업,G47859,그 외 기타 분류 안된 상품 전문 소매업,28,인천광역시,28720,옹진군,28720330,백령면,2872033021,백령면,2872033021121200003,1,대지,2120,3,인천광역시 옹진군 백령면 진촌리 2120-3,287203158013,인천광역시 옹진군 백령면 백령로,501,,2872033021121200003003852,,인천광역시 옹진군 백령면 백령로 501,409913,23101,,,,124.693598019493,37.9739577261484
MA0106202404A2442196,다산서울1지점,,G2,소매,G221,기타 상품 소매,G22199,그 외 기타 상품 전문 소매업,G47859,그 외 기타 분류 안된 상품 전문 소매업,11,서울특별시,11110,종로구,11110615,종로1.2.3.4가동,1111013500,관철동,1111013500100190004,1,대지,19,4,서울특별시 종로구 관철동 19-4,111104100307,서울특별시 종로구 종로12길,18,,1111013500100190004014162,,서울특별시 종로구 종로12길 18,110111,03189,,1,,126.985567732937,37.5692579390109
MA0106202404A2299035,알랩,,G2,소매,G221,기타 상품 소매,G22199,그 외 기타 상품 전문 소매업,G47859,그 외 기타 분류 안된 상품 전문 소매업,11,서울특별시,11110,종로구,11110615,종로1.2.3.4가동,1111013800,종로2가,1111013800100560006,1,대지,56,6,서울특별시 종로구 종로2가 56-6,111103100013,서울특별시 종로구 종로,96,,1111013800100560006013853,한올타워,서울특별시 종로구 종로 96,110122,03191,,7,,126.988227697107,37.5698979410091
MA0106202411A0298384,한낮의케이크,,G2,소매,G221,기타 상품 소매,G22199,그 외 기타 상품 전문 소매업,G47859,그 외 기타 분류 안된 상품 전문 소매업,28,인천광역시,28200,남동구,28200521,구월3동,2820010100,구월동,2820010100111060002,1,대지,1106,2,인천광역시 남동구 구월동 1106-2,282003153034,인천광역시 남동구 문화서로,72,1,2820010100111060002003749,,인천광역시 남동구 문화서로 72-1,405824,21559,,1,,126.696685552145,37.4517390183475
MA0106202411A0901815,연화미소플러스,,G2,소매,G221,기타 상품 소매,G22199,그 외 기타 상품 전문 소매업,G47859,그 외 기타 분류 안된 상품 전문 소매업,11,서울특별시,11290,성북구,11290525,성북동,1129010100,성북동,1129010100101840037,1,대지,184,37,서울특별시 성북구 성북동 184-37,112904121353,서울특별시 성북구 성북로6가길,1,,1129010100101840037054156,,서울특별시 성북구 성북로6가길 1,136825,02834,,1,,127.004664917872,37.5903329767708
MA0106202411A1248414,월드에프앤비,,G2,소매,G221,기타 상품 소매,G22199,그 외 기타 상품 전문 소매업,G47859,그 외 기타 분류 안된 상품 전문 소매업,41,경기도,41390,시흥시,41390570,목감동,4139012600,목감동,4139012600100890001,1,대지,89,1,경기도 시흥시 목감동 89-1,413904397179,경기도 시흥시 동서로1198번길,36,1,4139012600100890001000001,,경기도 시흥시 동서로1198번길 36-1,429819,14935,,,,126.869992809867,37.3951574960663
MA0106202404A2376337,스마트샵,,G2,소매,G221,기타 상품 소매,G22199,그 외 기타 상품 전문 소매업,G47859,그 외 기타 분류 안된 상품 전문 소매업,26,부산광역시,26350,해운대구,26350551,좌1동,2635010700,좌동,2635010700114590004,1,대지,1459,4,부산광역시 해운대구 좌동 1459-4,263504199287,부산광역시 해운대구 해운대로781번길,16,,2635010700114590004000001,신화하니엘타워,부산광역시 해운대구 해운대로781번길 16,612836,48102,,,,129.174529832863,35.1694040709677
MA0106202411A0944663,생활의향수,,G2,소매,G221,기타 상품 소매,G22199,그 외 기타 상품 전문 소매업,G47859,그 외 기타 분류 안된 상품 전문 소매업,41,경기도,41117,수원시 영통구,41117593,망포1동,4111710700,망포동,4111710700105420005,1,대지,542,5,경기도 수원시 영통구 망포동 542-5,411173177018,경기도 수원시 영통구 영통로,125,,4111710700105420005003108,,경기도 수원시 영통구 영통로 125,443400,16687,,1,,127.056067306185,37.2387150811562
MA0106202411A1050637,서울호떡홍대2호,직영점,G2,소매,G221,기타 상품 소매,G22199,그 외 기타 상품 전문 소매업,G47859,그 외 기타 분류 안된 상품 전문 소매업,11,서울특별시,11440,마포구,11440660,서교동,1144012000,서교동,1144012000103660012,1,대지,366,12,서울특별시 마포구 서교동 366-12,114403113015,서울특별시 마포구 어울마당로,79,,1144012000103660012010344,,서울특별시 마포구 어울마당로 79,121893,04042,,1,,126.92142721486,37.5521407682954
MA0106202411A1264575,벨류해운,,G2,소매,G221,기타 상품 소매,G22199,그 외 기타 상품 전문 소매업,G47859,그 외 기타 분류 안된 상품 전문 소매업,46,전라남도,46130,여수시,46130790,시전동,4613013300,신기동,4613013300100690007,1,대지,69,7,전라남도 여수시 신기동 69-7,461304646602,전라남도 여수시 신기남3길,8,,4613013300100690007053883,,전라남도 여수시 신기남3길 8,555803,59686,,,,127.67186353536,34.7603127848589
MA0106202411A0272995,수미상사,,G2,소매,G221,기타 상품 소매,G22199,그 외 기타 상품 전문 소매업,G47859,그 외 기타 분류 안된 상품 전문 소매업,41,경기도,41192,부천시 원미구,41192700,상3동,4119210900,상동,4119210900105370005,1,대지,537,5,경기도 부천시 원미구 상동 537-5,411924352296,경기도 부천시 원미구 송내대로265번길,23,,4119510900105370005033767,예성프라자,경기도 부천시 원미구 송내대로265번길 23,420862,14542,,6,,126.75736656792,37.5069397219961
MA0106202411A0710280,은혜비닐봉투,,G2,소매,G221,기타 상품 소매,G22199,그 외 기타 상품 전문 소매업,G47859,그 외 기타 분류 안된 상품 전문 소매업,47,경상북도,47170,안동시,47170555,용상동,4717011000,용상동,4717011000115170299,1,대지,1517,299,경상북도 안동시 용상동 1517-299,471704721314,경상북도 안동시 마들제방길,77,,4717011000115170299000001,,경상북도 안동시 마들제방길 77,760903,36725,,,,128.756470916627,36.5505696936057
MA0106202411A0812243,부찌부대,,G2,소매,G221,기타 상품 소매,G22199,그 외 기타 상품 전문 소매업,G47859,그 외 기타 분류 안된 상품 전문 소매업,41,경기도,41220,평택시,41220320,서탄면,4122032023,서탄면,4122032023102270002,1,대지,227,2,경기도 평택시 서탄면 수월암리 227-2,412203210137,경기도 평택시 서탄면 발안로,1212,,4122032023102270002000001,,경기도 평택시 서탄면 발안로 1212,451852,17703,,2,,127.03455115815,37.1352643078237
MA0106202411A0443154,강정크루즈기념품점,,G2,소매,G221,기타 상품 소매,G22199,그 외 기타 상품 전문 소매업,G47859,그 외 기타 분류 안된 상품 전문 소매업,50,제주특별자치도,50130,서귀포시,50130600,대천동,5013011600,강정동,5013011600146650001,1,대지,4665,1,제주특별자치도 서귀포시 강정동 4665-1,501303350079,제주특별자치도 서귀포시 말질로,261,,5013011600146760000000001,서귀포크루즈터미널,제주특별자치도 서귀포시 말질로 261,697829,63563,,3,,126.477610621063,33.2285198496344
MA0106202411A0051235,바이헬레나,,G2,소매,G221,기타 상품 소매,G22199,그 외 기타 상품 전문 소매업,G47859,그 외 기타 분류 안된 상품 전문 소매업,11,서울특별시,11590,동작구,11590640,사당3동,1159010700,사당동,1159010700101410186,1,대지,141,186,서울특별시 동작구 사당동 141-186,115904157279,서울특별시 동작구 사당로27길,16,,1159010700101410186009355,,서울특별시 동작구 사당로27길 16,156093,07007,,1,,126.978573770104,37.4851123045727
MA0106202411A0716525,20.다이닝간장이게양념이게,,G2,소매,G221,기타 상품 소매,G22199,그 외 기타 상품 전문 소매업,G47859,그 외 기타 분류 안된 상품 전문 소매업,41,경기도,41480,파주시,41480590,운정5동,4148011300,동패동,4148011300117400001,1,대지,1740,1,경기도 파주시 동패동 1740-1,414804418218,경기도 파주시 맨드라미길,20,,4148025927117400001002654,,경기도 파주시 맨드라미길 20,413100,10885,,1,,126.714389409168,37.7199628289587
MA0106202411A0401426,한아하다,,G2,소매,G221,기타 상품 소매,G22199,그 외 기타 상품 전문 소매업,G47859,그 외 기타 분류 안된 상품 전문 소매업,29,광주광역시,29110,동구,29110545,동명동,2911010800,동명동,2911010800100700000,1,대지,70,,광주광역시 동구 동명동 70,291103009002,광주광역시 동구 동계천로,151,20,2911010900105220020019547,,광주광역시 동구 동계천로 151-20,501813,61434,,,,126.926351553354,35.1492729801596
MA0106202411A0154110,성재유통,,G2,소매,G221,기타 상품 소매,G22199,그 외 기타 상품 전문 소매업,G47859,그 외 기타 분류 안된 상품 전문 소매업,41,경기도,41390,시흥시,41390581,군자동,4139012700,거모동,4139012700108000000,1,대지,800,,경기도 시흥시 거모동 800,413904397067,경기도 시흥시 군자로387번길,45,,4139012700108000000026111,,경기도 시흥시 군자로387번길 45,429803,15067,,,,126.779403251152,37.355134889624
MA0106202411A0798060,명성산슈퍼,,G2,소매,G221,기타 상품 소매,G22199,그 외 기타 상품 전문 소매업,G47859,그 외 기타 분류 안된 상품 전문 소매업,41,경기도,41650,포천시,41650390,영북면,4165039023,영북면,4165039023101910007,1,대지,191,7,경기도 포천시 영북면 산정리 191-7,416504439259,경기도 포천시 영북면 산정호수로411번길,83,6,4165039023200230001063693,,경기도 포천시 영북면 산정호수로411번길 83-6,487896,11103,,1,,127.32182196043,38.0688585071135
MA0106202411A0660139,곡간,,G2,소매,G221,기타 상품 소매,G22199,그 외 기타 상품 전문 소매업,G47859,그 외 기타 분류 안된 상품 전문 소매업,50,제주특별자치도,50110,제주시,50110310,한경면,5011031027,한경면,5011031027128610002,1,대지,2861,2,제주특별자치도 제주시 한경면 두모리 2861-2,501103349060,제주특별자치도 제주시 한경면 두신로,85,,5011031027028610002023805,,제주특별자치도 제주시 한경면 두신로 85,695942,63002,,,,126.183299239405,33.3506532091607
MA0106202410A2057929,서민할인몰,,G2,소매,G221,기타 상품 소매,G22199,그 외 기타 상품 전문 소매업,G47859,그 외 기타 분류 안된 상품 전문 소매업,41,경기도,41390,시흥시,41390591,정왕1동,4139013200,정왕동,4139013200115890005,1,대지,1589,5,경기도 시흥시 정왕동 1589-5,413904397552,경기도 시흥시 정왕천로369번길,45,12,4139013200115890005015676,일부,경기도 시흥시 정왕천로369번길 45-12,429856,15057,,1,,126.744632534938,37.3436489282106
MA0106202410A2455283,브릴랑미,,G2,소매,G221,기타 상품 소매,G22199,그 외 기타 상품 전문 소매업,G47859,그 외 기타 분류 안된 상품 전문 소매업,27,대구광역시,27140,동구,27140600,효목2동,2714010300,효목동,2714010300104020004,1,대지,402,4,대구광역시 동구 효목동 402-4,271404226402,대구광역시 동구 효신로6길,29,1,2714010300104020004028616,,대구광역시 동구 효신로6길 29-1,701845,41236,,1,,128.634547925828,35.8757656051312
MA0106202410A0954755,미래유통,,G2,소매,G221,기타 상품 소매,G22199,그 외 기타 상품 전문 소매업,G47859,그 외 기타 분류 안된 상품 전문 소매업,30,대전광역시,30140,중구,30140535,은행선화동,3014010200,선화동,3014010200101440002,1,대지,144,2,대전광역시 중구 선화동 144-2,301404295176,대전광역시 중구 대종로593번길,14,,3014010200101440002018343,세진빌딩,대전광역시 중구 대종로593번길 14,301824,34843,,,,127.417535111236,36.3344602947326
MA0106202410A1755862,아모르마네뜨,,G2,소매,G221,기타 상품 소매,G22199,그 외 기타 상품 전문 소매업,G47859,그 외 기타 분류 안된 상품 전문 소매업,41,경기도,41360,남양주시,41360256,화도읍,4136025630,화도읍,4136025630103570007,1,대지,357,7,경기도 남양주시 화도읍 차산리 357-7,413604391622,경기도 남양주시 화도읍 재재기로149번길,12,,4136025630103570007019193,,경기도 남양주시 화도읍 재재기로149번길 12,472847,12200,,1,,127.304980790196,37.619662614704
MA0106202410A2068653,월드아시아&할랄푸드,,G2,소매,G221,기타 상품 소매,G22199,그 외 기타 상품 전문 소매업,G47859,그 외 기타 분류 안된 상품 전문 소매업,26,부산광역시,26710,기장군,26710256,정관읍,2671025621,정관읍,2671025621104300001,1,대지,430,1,부산광역시 기장군 정관읍 방곡리 430-1,267103140021,부산광역시 기장군 정관읍 방곡5로,2,2,2671025621104300001000001,,부산광역시 기장군 정관읍 방곡5로 2-2,619961,46022,,1,,129.185227711365,35.3223758841966
MA0106202410A1987542,투썸,,G2,소매,G221,기타 상품 소매,G22199,그 외 기타 상품 전문 소매업,G47859,그 외 기타 분류 안된 상품 전문 소매업,29,광주광역시,29200,광산구,29200626,첨단2동,2920011500,월계동,2920011500108920011,1,대지,892,11,광주광역시 광산구 월계동 892-11,292003163039,광주광역시 광산구 월계로,195,14,2920011500108920011000001,,광주광역시 광산구 월계로 195-14,506824,62277,,,,126.847060672896,35.2146462507319
MA0106202410A0972577,슬로비,,G2,소매,G221,기타 상품 소매,G22199,그 외 기타 상품 전문 소매업,G47859,그 외 기타 분류 안된 상품 전문 소매업,41,경기도,41131,성남시 수정구,41131625,위례동,4113110800,창곡동,4113110800105380007,1,대지,538,7,경기도 성남시 수정구 창곡동 538-7,411314853107,경기도 성남시 수정구 위례서일로1길,21,8,4113110800105380007000001,,경기도 성남시 수정구 위례서일로1길 21-8,461210,13647,,,,127.137582397244,37.4678609088593
MA0106202410A2186396,감귤제작소,,G2,소매,G221,기타 상품 소매,G22199,그 외 기타 상품 전문 소매업,G47859,그 외 기타 분류 안된 상품 전문 소매업,50,제주특별자치도,50130,서귀포시,50130310,안덕면,5013031027,안덕면,5013031027101970014,1,대지,197,14,제주특별자치도 서귀포시 안덕면 서광리 197-14,501304850797,제주특별자치도 서귀포시 안덕면 중산간서로1813번길,29,,5013031027101970014000001,,제주특별자치도 서귀포시 안덕면 중산간서로1813번길 29,699923,63522,,,,126.329061800632,33.284356688185
MA0106202411A0474204,드로핀,,G2,소매,G221,기타 상품 소매,G22199,그 외 기타 상품 전문 소매업,G47859,그 외 기타 분류 안된 상품 전문 소매업,31,울산광역시,31710,울주군,31710265,삼남읍,3171026521,삼남읍,3171026521116240006,1,대지,1624,6,울산광역시 울주군 삼남읍 교동리 1624-6,317104319279,울산광역시 울주군 삼남읍 동향교2길,22,,3171039021116240006011545,,울산광역시 울주군 삼남읍 동향교2길 22,689812,44950,,,,129.116483180233,35.5556273751982
MA0106202411A0164413,선경,,G2,소매,G221,기타 상품 소매,G22199,그 외 기타 상품 전문 소매업,G47859,그 외 기타 분류 안된 상품 전문 소매업,41,경기도,41570,김포시,41570256,양촌읍,4157025624,양촌읍,4157025624101760001,1,대지,176,1,경기도 김포시 양촌읍 구래리 176-1,415704427641,경기도 김포시 양촌읍 구래로42번길,123,23,4157025624101760001000001,,경기도 김포시 양촌읍 구래로42번길 123-23,415841,10058,,,,126.615957856984,37.6524527137066
MA0106202411A0369973,이치방민푸드,,G2,소매,G221,기타 상품 소매,G22199,그 외 기타 상품 전문 소매업,G47859,그 외 기타 분류 안된 상품 전문 소매업,41,경기도,41570,김포시,41570340,대곶면,4157034028,대곶면,4157034028102800001,1,대지,280,1,경기도 김포시 대곶면 오니산리 280-1,415703209086,경기도 김포시 대곶면 오니산로,102,,4157034028102800001000001,,경기도 김포시 대곶면 오니산로 102,415849,10037,,,,126.607698426198,37.6650752448426
MA0106202411A0818606,계란집,,G2,소매,G221,기타 상품 소매,G22199,그 외 기타 상품 전문 소매업,G47859,그 외 기타 분류 안된 상품 전문 소매업,30,대전광역시,30170,서구,30170640,둔산2동,3017011200,둔산동,3017011200110820000,1,대지,1082,,대전광역시 서구 둔산동 1082,301703166019,대전광역시 서구 둔산로,14,,3017011200110820000021263,,대전광역시 서구 둔산로 14,302829,35230,,1,,127.37538455539,36.3521820632166
MA0106202411A1191998,크림웨이브케이크,,G2,소매,G221,기타 상품 소매,G22199,그 외 기타 상품 전문 소매업,G47859,그 외 기타 분류 안된 상품 전문 소매업,26,부산광역시,26230,부산진구,26230510,부전1동,2623010300,부전동,2623010300101170005,1,대지,117,5,부산광역시 부산진구 부전동 117-5,262304187201,부산광역시 부산진구 동천로107번길,24,,2623010300101170005026960,,부산광역시 부산진구 동천로107번길 24,614844,47246,,3,,129.06096252197,35.1583866096092
MA0106202410A1594303,미소고마,,G2,소매,G221,기타 상품 소매,G22199,그 외 기타 상품 전문 소매업,G47859,그 외 기타 분류 안된 상품 전문 소매업,44,충청남도,44150,공주시,44150540,웅진동,4415010500,산성동,4415010500101860083,1,대지,186,83,충청남도 공주시 산성동 186-83,441504553546,충청남도 공주시 산성시장3길,95,,4415010500101860083000001,,충청남도 공주시 산성시장3길 95,314020,32540,,,,127.123885615619,36.4582977856822
MA0106202410A1619688,달콤상회,,G2,소매,G221,기타 상품 소매,G22199,그 외 기타 상품 전문 소매업,G47859,그 외 기타 분류 안된 상품 전문 소매업,51,강원특별자치도,51150,강릉시,51150550,교1동,5115011000,교동,5115011000117320000,1,대지,1732,,강원특별자치도 강릉시 교동 1732,511503220029,강원특별자치도 강릉시 원대로,38,,4215011000109730005000001,,강원특별자치도 강릉시 원대로 38,210924,25501,,,,128.882099543564,37.7578756059258
MA0106202410A1965557,흑돼지함박,,G2,소매,G221,기타 상품 소매,G22199,그 외 기타 상품 전문 소매업,G47859,그 외 기타 분류 안된 상품 전문 소매업,50,제주특별자치도,50130,서귀포시,50130530,중앙동,5013010100,서귀동,5013010100102760019,1,대지,276,19,제주특별자치도 서귀포시 서귀동 276-19,501304850836,제주특별자치도 서귀포시 중정로61번길,20,,5013010100102760019000001,,제주특별자치도 서귀포시 중정로61번길 20,697842,63591,,,,126.562912548549,33.2495682918222
MA0106202404A2373215,어머나,,G2,소매,G221,기타 상품 소매,G22199,그 외 기타 상품 전문 소매업,G47859,그 외 기타 분류 안된 상품 전문 소매업,51,강원특별자치도,51820,고성군,51820330,토성면,5182033034,토성면,5182033034103610008,1,대지,361,8,강원특별자치도 고성군 토성면 용촌리 361-8,518204013016,강원특별자치도 고성군 토성면 사진용촌길,91,,4282033034103610008016324,,강원특별자치도 고성군 토성면 사진용촌길 91,219832,24770,,,,128.578315765046,38.2254621517076
MA0106202404A2375122,땅스부대찌개장림점,,G2,소매,G221,기타 상품 소매,G22199,그 외 기타 상품 전문 소매업,G47859,그 외 기타 분류 안된 상품 전문 소매업,26,부산광역시,26380,사하구,26380580,장림1동,2638010500,장림동,2638010500103280016,1,대지,328,16,부산광역시 사하구 장림동 328-16,263803134023,부산광역시 사하구 장림번영로,6,,2638010500103280016040441,일부,부산광역시 사하구 장림번영로 6,604843,49476,,1,,128.966467202184,35.0819873731764
MA0106202404A2356989,정가설렁탕,,G2,소매,G221,기타 상품 소매,G22199,그 외 기타 상품 전문 소매업,G47859,그 외 기타 분류 안된 상품 전문 소매업,41,경기도,41113,수원시 권선구,41113680,권선2동,4111313700,권선동,4111313700110610008,1,대지,1061,8,경기도 수원시 권선구 권선동 1061-8,411133175029,경기도 수원시 권선구 세권로,182,,4111313700110610008031016,,경기도 수원시 권선구 세권로 182,441824,16581,,1,,127.023964939021,37.2555214024384
MA0106202411A0376120,프레시원,,G2,소매,G221,기타 상품 소매,G22199,그 외 기타 상품 전문 소매업,G47859,그 외 기타 분류 안된 상품 전문 소매업,41,경기도,41465,용인시 수지구,41465560,동천동,4146510300,동천동,4146510300109020000,1,대지,902,,경기도 용인시 수지구 동천동 902,414653205011,경기도 용인시 수지구 손곡로,20,,4146510300109020000000001,프레시원강남,경기도 용인시 수지구 손곡로 20,448120,16827,,,,127.100194461603,37.3366918914952
MA0106202410A0401590,커피스토리,,G2,소매,G221,기타 상품 소매,G22199,그 외 기타 상품 전문 소매업,G47859,그 외 기타 분류 안된 상품 전문 소매업,41,경기도,41390,시흥시,41390531,신현동,4139010500,미산동,4139010500100850021,1,대지,85,21,경기도 시흥시 미산동 85-21,413904397244,경기도 시흥시 미산로82번길,5,,4139010500100850021006672,일부호,경기도 시흥시 미산로82번길 5,429822,14944,,1,,126.796788508977,37.4209586396201
MA0106202410A1907233,양산,석산점,G2,소매,G221,기타 상품 소매,G22199,그 외 기타 상품 전문 소매업,G47859,그 외 기타 분류 안된 상품 전문 소매업,48,경상남도,48330,양산시,48330310,동면,4833031026,동면,4833031026114530002,1,대지,1453,2,경상남도 양산시 동면 석산리 1453-2,483304814913,경상남도 양산시 동면 금오16길,8,,4833031026114530002000001,,경상남도 양산시 동면 금오16길 8,626821,50650,,1,,129.026385086068,35.3177000861222
MA0106202410A1907238,운공다판디방곡점,,G2,소매,G221,기타 상품 소매,G22199,그 외 기타 상품 전문 소매업,G47859,그 외 기타 분류 안된 상품 전문 소매업,26,부산광역시,26710,기장군,26710256,정관읍,2671025621,정관읍,2671025621103870001,1,대지,387,1,부산광역시 기장군 정관읍 방곡리 387-1,267103140019,부산광역시 기장군 정관읍 방곡3로,22,,2671032021103870001000001,일부,부산광역시 기장군 정관읍 방곡3로 22,619961,46019,,1,,129.189189447357,35.326584482899
MA0106202410A1707044,우솔,,G2,소매,G221,기타 상품 소매,G22199,그 외 기타 상품 전문 소매업,G47859,그 외 기타 분류 안된 상품 전문 소매업,41,경기도,41220,평택시,41220250,팽성읍,4122025045,팽성읍,4122025045102430036,1,대지,243,36,경기도 평택시 팽성읍 송화리 243-36,412203188115,경기도 평택시 팽성읍 팽성송화로,59,1,4122025045102430036229427,,경기도 평택시 팽성읍 팽성송화로 59-1,451803,17994,,,,127.053151855299,36.9537447751875
MA0106202410A1398321,으뜸,,G2,소매,G221,기타 상품 소매,G22199,그 외 기타 상품 전문 소매업,G47859,그 외 기타 분류 안된 상품 전문 소매업,41,경기도,41150,의정부시,41150578,송산3동,4115010700,낙양동,4115010700107420003,1,대지,742,3,경기도 의정부시 낙양동 742-3,411503181035,경기도 의정부시 용민로,401,,4115010700101080004000001,에스프라자,경기도 의정부시 용민로 401,480080,11770,,1,,127.112887413182,37.7555727333871
MA0106202410A2011435,퍼스트바이오,,G2,소매,G221,기타 상품 소매,G22199,그 외 기타 상품 전문 소매업,G47859,그 외 기타 분류 안된 상품 전문 소매업,30,대전광역시,30200,유성구,30200527,상대동,3020011500,상대동,3020011500104400007,1,대지,440,7,대전광역시 유성구 상대동 440-7,302004301317,대전광역시 유성구 월드컵대로300번길,16,16,3020011500104400007013858,미라클빌딩,대전광역시 유성구 월드컵대로300번길 16-16,305313,34198,,,,127.332531895067,36.3481906224039
MA0106202410A0715252,아이엠뻥튀기,불당점,G2,소매,G221,기타 상품 소매,G22199,그 외 기타 상품 전문 소매업,G47859,그 외 기타 분류 안된 상품 전문 소매업,44,충청남도,44131,천안시 동남구,44131250,목천읍,4413125028,목천읍,4413125028100400003,1,대지,40,3,충청남도 천안시 동남구 목천읍 동평리 40-3,441314547182,충청남도 천안시 동남구 목천읍 동평3길,60,,4413125028100280001040182,,충청남도 천안시 동남구 목천읍 동평3길 60,330843,31230,,,,127.244181416397,36.7746100942858
MA0106202410A2364115,담다,,G2,소매,G221,기타 상품 소매,G22199,그 외 기타 상품 전문 소매업,G47859,그 외 기타 분류 안된 상품 전문 소매업,47,경상북도,47190,구미시,47190690,양포동,4719012800,옥계동,4719012800107890005,1,대지,789,5,경상북도 구미시 옥계동 789-5,471903308047,경상북도 구미시 옥계북로,88,,4719012800107890005000001,,경상북도 구미시 옥계북로 88,730824,39184,,1,,128.427222926934,36.1381184961619
MA0106202410A1844557,마이노멀컴퍼니,,G2,소매,G221,기타 상품 소매,G22199,그 외 기타 상품 전문 소매업,G47859,그 외 기타 분류 안된 상품 전문 소매업,11,서울특별시,11680,강남구,11680521,논현1동,1168010800,논현동,1168010800101650000,1,대지,165,,서울특별시 강남구 논현동 165,116802102001,서울특별시 강남구 강남대로,502,,1168010800101650000009131,서희빌딩,서울특별시 강남구 강남대로 502,135825,06119,,6,,127.023671909377,37.5071324796937
MA0106202410A1627904,에코폰중고폰전주전주산업,효자점,G2,소매,G221,기타 상품 소매,G22199,그 외 기타 상품 전문 소매업,G47859,그 외 기타 분류 안된 상품 전문 소매업,52,전북특별자치도,52111,전주시 완산구,52111712,효자2동,5211114000,효자동1가,5211114000105790005,1,대지,579,5,전북특별자치도 전주시 완산구 효자동1가 579-5,521113266008,전북특별자치도 전주시 완산구 거마평로,114,,4511114000105790005026534,,전북특별자치도 전주시 완산구 거마평로 114,560853,55081,,1,,127.116995929264,35.8026989447042
MA0106202410A1713279,옐루키즈,,G2,소매,G221,기타 상품 소매,G22199,그 외 기타 상품 전문 소매업,G47859,그 외 기타 분류 안된 상품 전문 소매업,11,서울특별시,11680,강남구,11680565,청담동,1168010400,청담동,1168010400101220014,1,대지,122,14,서울특별시 강남구 청담동 122-14,116804166304,서울특별시 강남구 도산대로87길,19,,1168010400101220014017526,,서울특별시 강남구 도산대로87길 19,135955,06012,,2,,127.049776624473,37.5258922670833
MA0106202410A0806532,신앙촌상회,,G2,소매,G221,기타 상품 소매,G22199,그 외 기타 상품 전문 소매업,G47859,그 외 기타 분류 안된 상품 전문 소매업,11,서울특별시,11590,동작구,11590620,사당1동,1159010700,사당동,1159010700110140015,1,대지,1014,15,서울특별시 동작구 사당동 1014-15,115904157111,서울특별시 동작구 동작대로15가길,13,,1159010700110140015011215,,서울특별시 동작구 동작대로15가길 13,156824,07012,,,,126.976460346918,37.4821385739914
MA0106202410A1841338,홍분식,,G2,소매,G221,기타 상품 소매,G22199,그 외 기타 상품 전문 소매업,G47859,그 외 기타 분류 안된 상품 전문 소매업,27,대구광역시,27260,수성구,27260690,고산3동,2726011500,매호동,2726011500110850008,1,대지,1085,8,대구광역시 수성구 매호동 1085-8,272604238098,대구광역시 수성구 달구벌대로641길,17,,2726011500110850008026774,,대구광역시 수성구 달구벌대로641길 17,706140,42271,,1,,128.708044738352,35.8417254428536
MA0106202410A0741452,황금오리훈제,,G2,소매,G221,기타 상품 소매,G22199,그 외 기타 상품 전문 소매업,G47859,그 외 기타 분류 안된 상품 전문 소매업,29,광주광역시,29170,북구,29170620,우산동,2917011000,우산동,2917011000102310076,1,대지,231,76,광주광역시 북구 우산동 231-76,291704286168,광주광역시 북구 동문대로85번길,20,,2917011000102310076022857,,광주광역시 북구 동문대로85번길 20,500850,61194,,1,,126.922444836157,35.1722642170335
MA0106202410A0680515,은성에어케어,,G2,소매,G221,기타 상품 소매,G22199,그 외 기타 상품 전문 소매업,G47859,그 외 기타 분류 안된 상품 전문 소매업,41,경기도,41220,평택시,41220320,서탄면,4122032023,서탄면,4122032023109410006,1,대지,941,6,경기도 평택시 서탄면 수월암리 941-6,412204364354,경기도 평택시 서탄면 수월암2길,157,,4122032023109410006000001,,경기도 평택시 서탄면 수월암2길 157,451852,17704,,1,,127.02635414555,37.1243815773327
MA0106202410A0451896,육마담간편한식탁,,G2,소매,G221,기타 상품 소매,G22199,그 외 기타 상품 전문 소매업,G47859,그 외 기타 분류 안된 상품 전문 소매업,48,경상남도,48330,양산시,48330253,물금읍,4833025324,물금읍,4833025324105520009,1,대지,552,9,경상남도 양산시 물금읍 범어리 552-9,483304814443,경상남도 양산시 물금읍 서남1길,9,,4833025324105520009010427,일부호,경상남도 양산시 물금읍 서남1길 9,626814,50599,,1,,129.000118693223,35.3266264393317
MA0106202410A1826073,더원복싱다이어트클럽,,G2,소매,G221,기타 상품 소매,G22199,그 외 기타 상품 전문 소매업,G47859,그 외 기타 분류 안된 상품 전문 소매업,31,울산광역시,31140,남구,31140600,옥동,3114010200,옥동,3114010200114040001,1,대지,1404,1,울산광역시 남구 옥동 1404-1,311404310263,울산광역시 남구 문수로369번길,4,,3114010200114040001032877,,울산광역시 남구 문수로369번길 4,680844,44648,,4,,129.294205224625,35.5348855644705
MA0106202410A1178324,랑앤주디,,G2,소매,G221,기타 상품 소매,G22199,그 외 기타 상품 전문 소매업,G47859,그 외 기타 분류 안된 상품 전문 소매업,41,경기도,41550,안성시,41550530,안성3동,4155011500,연지동,4155011500100920000,1,대지,92,,경기도 안성시 연지동 92,415503208049,경기도 안성시 혜산로,2,,4155011500100920000021864,컴포즈커피옆,경기도 안성시 혜산로 2,456320,17589,,1,,127.270879214859,37.010882715517
MA0106202410A1680107,프롬유,,G2,소매,G221,기타 상품 소매,G22199,그 외 기타 상품 전문 소매업,G47859,그 외 기타 분류 안된 상품 전문 소매업,28,인천광역시,28110,중구,28110530,신포동,2811012400,신포동,2811012400100190005,1,대지,19,5,인천광역시 중구 신포동 19-5,281104247236,인천광역시 중구 우현로35번길,8,1,2811012400100190005016277,,인천광역시 중구 우현로35번길 8-1,400080,22322,,,,126.626781476815,37.470622268783
MA0106202409A0663230,창성상회,,G2,소매,G221,기타 상품 소매,G22199,그 외 기타 상품 전문 소매업,G47859,그 외 기타 분류 안된 상품 전문 소매업,51,강원특별자치도,51720,홍천군,51720250,홍천읍,5172025022,홍천읍,5172025022100080124,1,대지,8,124,강원특별자치도 홍천군 홍천읍 신장대리 8-124,517204475644,강원특별자치도 홍천군 홍천읍 홍천로7길,16,11,5172025022100080124000001,,강원특별자치도 홍천군 홍천읍 홍천로7길 16-11,250805,25137,,,,127.886134480312,37.6906257946189
MA0106202409A2339917,봉고집,,G2,소매,G221,기타 상품 소매,G22199,그 외 기타 상품 전문 소매업,G47859,그 외 기타 분류 안된 상품 전문 소매업,41,경기도,41480,파주시,41480550,운정1동,4148012200,와동동,4148012200116400003,1,대지,1640,3,경기도 파주시 와동동 1640-3,414804418990,경기도 파주시 가람로21번길,61,28,4148012200116400003000001,,경기도 파주시 가람로21번길 61-28,413190,10870,,,,126.750743581847,37.7362447177352
MA0106202409A0794194,에드사이언,,G2,소매,G221,기타 상품 소매,G22199,그 외 기타 상품 전문 소매업,G47859,그 외 기타 분류 안된 상품 전문 소매업,41,경기도,41194,부천시 소사구,41194560,옥길동,4119410600,옥길동,4119410600107940002,1,대지,794,2,경기도 부천시 소사구 옥길동 794-2,411943185018,경기도 부천시 소사구 부광로,228,,4119410600107940002000001,,경기도 부천시 소사구 부광로 228,422080,14786,,,,126.825906782992,37.467236112533
MA0106202409A1738298,보고상사,,G2,소매,G221,기타 상품 소매,G22199,그 외 기타 상품 전문 소매업,G47859,그 외 기타 분류 안된 상품 전문 소매업,26,부산광역시,26110,중구,26110570,광복동,2611013200,창선동2가,2611013200100230002,1,대지,23,2,부산광역시 중구 창선동2가 23-2,261104175030,부산광역시 중구 국제시장2길,2,,2611013200100230002005411,¹,부산광역시 중구 국제시장2길 2,600819,48946,,,,129.028613487446,35.0995726176988
MA0106202409A1654984,팀프레시,,G2,소매,G221,기타 상품 소매,G22199,그 외 기타 상품 전문 소매업,G47859,그 외 기타 분류 안된 상품 전문 소매업,11,서울특별시,11680,강남구,11680531,논현2동,1168010800,논현동,1168010800102360014,1,대지,236,14,서울특별시 강남구 논현동 236-14,116804166350,서울특별시 강남구 봉은사로37길,7,9,1168010800102360014000001,,서울특별시 강남구 봉은사로37길 7-9,135831,06109,,,,127.036136225113,37.5084898416523
MA0106202408A0536578,정금사,,G2,소매,G221,기타 상품 소매,G22199,그 외 기타 상품 전문 소매업,G47859,그 외 기타 분류 안된 상품 전문 소매업,41,경기도,41360,남양주시,41360565,다산2동,4136011200,다산동,4136011200162500000,1,대지,6250,,경기도 남양주시 다산동 6250,413603351589,경기도 남양주시 다산지금로,202,,4136011200162500000000001,제,경기도 남양주시 다산지금로 202,,12284,,6,,127.172217832858,37.5956404071921
MA0106202408A0318576,베르씨빌라쥬서울,,G2,소매,G221,기타 상품 소매,G22199,그 외 기타 상품 전문 소매업,G47859,그 외 기타 분류 안된 상품 전문 소매업,11,서울특별시,11110,종로구,11110530,사직동,1111011200,체부동,1111011200101280003,1,대지,128,3,서울특별시 종로구 체부동 128-3,111104100300,서울특별시 종로구 자하문로5길,25,,1111011200101280002028457,,서울특별시 종로구 자하문로5길 25,110054,03041,,1,,126.970362415171,37.5776613830354
MA0106202405A2289631,씨제이올리브영강남,논현점,G2,소매,G221,기타 상품 소매,G22199,그 외 기타 상품 전문 소매업,G47859,그 외 기타 분류 안된 상품 전문 소매업,11,서울특별시,11680,강남구,11680521,논현1동,1168010800,논현동,1168010800101820029,1,대지,182,29,서울특별시 강남구 논현동 182-29,116804166009,서울특별시 강남구 강남대로118길,11,,1168010800101820029009437,,서울특별시 강남구 강남대로118길 11,135827,06119,,1,,127.024542628841,37.5066637793692
MA0106202405A2290397,씨제이올리브영거제고현대로점,,G2,소매,G221,기타 상품 소매,G22199,그 외 기타 상품 전문 소매업,G47859,그 외 기타 분류 안된 상품 전문 소매업,48,경상남도,48310,거제시,48310580,고현동,4831010900,고현동,4831010900109760000,1,대지,976,,경상남도 거제시 고현동 976,483103337005,경상남도 거제시 거제중앙로,1940,,4831010900109760000024444,,경상남도 거제시 거제중앙로 1940,656935,53251,,1,,128.622075174494,34.8911506521787
MA0106202405A2289521,씨제이올리브영이마트광주점,,G2,소매,G221,기타 상품 소매,G22199,그 외 기타 상품 전문 소매업,G47859,그 외 기타 분류 안된 상품 전문 소매업,29,광주광역시,29140,서구,29140760,화정1동,2914011900,화정동,2914011900100120013,1,대지,12,13,광주광역시 서구 화정동 12-13,291402009006,광주광역시 서구 죽봉대로,61,,2914011900100120013027584,이마트,광주광역시 서구 죽봉대로 61,502834,61937,,2,,126.882045567013,35.1588194059345
MA0106202405A2290495,씨제이올리브영영등포역점,,G2,소매,G221,기타 상품 소매,G22199,그 외 기타 상품 전문 소매업,G47859,그 외 기타 분류 안된 상품 전문 소매업,11,서울특별시,11560,영등포구,11560535,영등포동,1156010400,영등포동3가,1156010400100100016,1,대지,10,16,서울특별시 영등포구 영등포동3가 10-16,115603118024,서울특별시 영등포구 영중로,6,,1156010400100100016035662,,서울특별시 영등포구 영중로 6,150030,07304,,2,,126.906646034059,37.5169549463303
MA0106202405A2289686,씨제이올리브영울산굴화점,,G2,소매,G221,기타 상품 소매,G22199,그 외 기타 상품 전문 소매업,G47859,그 외 기타 분류 안된 상품 전문 소매업,31,울산광역시,31710,울주군,31710259,범서읍,3171025924,범서읍,3171025924100330001,1,대지,33,1,울산광역시 울주군 범서읍 굴화리 33-1,317103011006,울산광역시 울주군 범서읍 울밀로,2856,,3171025924100330001003357,,울산광역시 울주군 범서읍 울밀로 2856,689853,44933,,1,,129.260308738288,35.5569264156583
MA0106202405A2290588,씨제이올리브영화성,반월점,G2,소매,G221,기타 상품 소매,G22199,그 외 기타 상품 전문 소매업,G47859,그 외 기타 분류 안된 상품 전문 소매업,41,경기도,41590,화성시,41590550,반월동,4159012000,반월동,4159012000109760000,1,대지,976,,경기도 화성시 반월동 976,415904862106,경기도 화성시 영통로60번길,7,,4159012000109760000000001,헤센IT타워,경기도 화성시 영통로60번길 7,445330,18379,,1,,127.061948580999,37.2368019330531
MA0106202405A2289482,씨제이올리브영올리브영광주타운,,G2,소매,G221,기타 상품 소매,G22199,그 외 기타 상품 전문 소매업,G47859,그 외 기타 분류 안된 상품 전문 소매업,29,광주광역시,29110,동구,29110525,충장동,2911012800,충장로2가,2911012800100090001,1,대지,9,1,광주광역시 동구 충장로2가 9-1,291103009008,광주광역시 동구 충장로,87,2,2911012800100100000006755,,광주광역시 동구 충장로 87-2,501012,61482,,1,,126.916958816446,35.1480410561567
MA0106202405A2289999,씨제이올리브영여주프리미엄,빌리지점,G2,소매,G221,기타 상품 소매,G22199,그 외 기타 상품 전문 소매업,G47859,그 외 기타 분류 안된 상품 전문 소매업,41,경기도,41670,여주시,41670510,여흥동,4167011200,상거동,4167011200103750053,1,대지,375,53,경기도 여주시 상거동 375-53,416703214024,경기도 여주시 명품1로,22,6,4173025032103750053000001,,경기도 여주시 명품1로 22-6,469112,12646,,1,,127.615813765705,37.242956866225
MA0106202405A2290236,씨제이올리브영동해청운점,,G2,소매,G221,기타 상품 소매,G22199,그 외 기타 상품 전문 소매업,G47859,그 외 기타 분류 안된 상품 전문 소매업,51,강원특별자치도,51170,동해시,51170530,북삼동,5117010900,쇄운동,5117010900100070005,1,대지,7,5,강원특별자치도 동해시 쇄운동 7-5,511704463197,강원특별자치도 동해시 청운1길,56,,4217010900000070005004665,,강원특별자치도 동해시 청운1길 56,240190,25810,,1,,129.109413091936,37.4858565188581
MA0106202407A2406719,아코스쿨,,G2,소매,G221,기타 상품 소매,G22199,그 외 기타 상품 전문 소매업,G47859,그 외 기타 분류 안된 상품 전문 소매업,51,강원특별자치도,51130,원주시,51130330,지정면,5113033023,지정면,5113033023113450011,1,대지,1345,11,강원특별자치도 원주시 지정면 가곡리 1345-11,511303350411,강원특별자치도 원주시 지정면 무릉로,15,,4213033023113450011000001,,강원특별자치도 원주시 지정면 무릉로 15,220821,26353,,,,127.874797877514,37.3749551784058
MA0106202408A1142172,해바라기,,G2,소매,G221,기타 상품 소매,G22199,그 외 기타 상품 전문 소매업,G47859,그 외 기타 분류 안된 상품 전문 소매업,47,경상북도,47190,구미시,47190582,형곡1동,4719010900,형곡동,4719010900101470001,1,대지,147,1,경상북도 구미시 형곡동 147-1,471903308069,경상북도 구미시 형곡서로,121,,4719010900101470001025852,,경상북도 구미시 형곡서로 121,730738,39296,,,,128.334332439211,36.1128762839423
MA0106202408A0397609,스모크브로,,G2,소매,G221,기타 상품 소매,G22199,그 외 기타 상품 전문 소매업,G47859,그 외 기타 분류 안된 상품 전문 소매업,44,충청남도,44810,예산군,44810250,예산읍,4481025025,예산읍,4481025025101280002,1,대지,128,2,충청남도 예산군 예산읍 산성리 128-2,448103263012,충청남도 예산군 예산읍 벚꽃로,80,,4481025025101280002000001,,충청남도 예산군 예산읍 벚꽃로 80,340803,32432,,,,126.836351802259,36.6875014794381
MA0106202404A2286524,씨제이올리브영전주객사점,,G2,소매,G221,기타 상품 소매,G22199,그 외 기타 상품 전문 소매업,G47859,그 외 기타 분류 안된 상품 전문 소매업,52,전북특별자치도,52111,전주시 완산구,52111510,중앙동,5211111700,고사동,5211111700101520002,1,대지,152,2,전북특별자치도 전주시 완산구 고사동 152-2,521114598335,전북특별자치도 전주시 완산구 전주객사4길,40,,4511111700101520002000044,1~2층,전북특별자치도 전주시 완산구 전주객사4길 40,560802,54999,,,,127.143855026103,35.8194783307788
MA0106202404A2286590,씨제이올리브영부산,영도점,G2,소매,G221,기타 상품 소매,G22199,그 외 기타 상품 전문 소매업,G47859,그 외 기타 분류 안된 상품 전문 소매업,26,부산광역시,26200,영도구,26200590,봉래1동,2620011600,봉래동2가,2620011600101120006,1,대지,112,6,부산광역시 영도구 봉래동2가 112-6,262003125008,부산광역시 영도구 대교로,16,,2620011600101120006005994,코너일부,부산광역시 영도구 대교로 16,606062,49004,,1,,129.043356867276,35.093665570048
MA0106202404A2286390,씨제이올리브영,상봉역점,G2,소매,G221,기타 상품 소매,G22199,그 외 기타 상품 전문 소매업,G47859,그 외 기타 분류 안된 상품 전문 소매업,11,서울특별시,11260,중랑구,11260580,상봉1동,1126010200,상봉동,1126010200101000002,1,대지,100,2,서울특별시 중랑구 상봉동 100-2,112603005032,서울특별시 중랑구 망우로,307,,1126010200101000004017634,,서울특별시 중랑구 망우로 307,131857,02098,,1,,127.086478458555,37.5969416972902
MA0106202404A2286955,씨제이올리브영전북대,금암점,G2,소매,G221,기타 상품 소매,G22199,그 외 기타 상품 전문 소매업,G47859,그 외 기타 분류 안된 상품 전문 소매업,52,전북특별자치도,52113,전주시 덕진구,52113580,금암1동,5211310700,금암동,5211310700106640020,1,대지,664,20,전북특별자치도 전주시 덕진구 금암동 664-20,521133266013,전북특별자치도 전주시 덕진구 권삼득로,297,,4511310700106640020020696,,전북특별자치도 전주시 덕진구 권삼득로 297,561803,54898,,1,,127.128799109825,35.842865037691
MA0106202404A2287125,씨제이올리브영선유도역점,,G2,소매,G221,기타 상품 소매,G22199,그 외 기타 상품 전문 소매업,G47859,그 외 기타 분류 안된 상품 전문 소매업,11,서울특별시,11560,영등포구,11560620,양평2동,1156012800,양평동4가,1156012800100980005,1,대지,98,5,서울특별시 영등포구 양평동4가 98-5,115603118017,서울특별시 영등포구 양평로,115,,1156012800100980005019691,,서울특별시 영등포구 양평로 115,150867,07208,,1,,126.894604573839,37.5373074510332
MA0106202404A2286813,씨제이올리브영전주,에코시티점,G2,소매,G221,기타 상품 소매,G22199,그 외 기타 상품 전문 소매업,G47859,그 외 기타 분류 안된 상품 전문 소매업,52,전북특별자치도,52113,전주시 덕진구,52113641,송천1동,5211312200,송천동2가,5211312200113260012,1,대지,1326,12,전북특별자치도 전주시 덕진구 송천동2가 1326-12,521133351485,전북특별자치도 전주시 덕진구 세병남로,37,,4511312200113260012000001,,전북특별자치도 전주시 덕진구 세병남로 37,561302,55149,,1,,127.127652081352,35.8730763105008
MA0106202405A0879297,기찬두부&본손구이김,산본점,G2,소매,G221,기타 상품 소매,G22199,그 외 기타 상품 전문 소매업,G47859,그 외 기타 분류 안된 상품 전문 소매업,41,경기도,41410,군포시,41410550,산본2동,4141010400,산본동,4141010400112400000,1,대지,1240,,경기도 군포시 산본동 1240,414103200005,경기도 군포시 금산로,89,,4141010400102080000000001,래미안하이어스,경기도 군포시 금산로 89,435715,15815,,,,126.93693751686,37.369749211562
MA0106202407A2291605,씨제이올리브영별내별가람역점,,G2,소매,G221,기타 상품 소매,G22199,그 외 기타 상품 전문 소매업,G47859,그 외 기타 분류 안된 상품 전문 소매업,41,경기도,41360,남양주시,41360570,별내동,4136011100,별내동,4136011100108240000,1,대지,824,,경기도 남양주시 별내동 824,413603197081,경기도 남양주시 덕송2로,62,,4136011100108240000000001,,경기도 남양주시 덕송2로 62,472501,12097,,,,127.117220284468,37.6679308369619
MA0106202408A0984260,황금식당,,G2,소매,G221,기타 상품 소매,G22199,그 외 기타 상품 전문 소매업,G47859,그 외 기타 분류 안된 상품 전문 소매업,47,경상북도,47130,경주시,47130256,건천읍,4713025631,건천읍,4713025631104610002,1,대지,461,2,경상북도 경주시 건천읍 건천리 461-2,471303000047,경상북도 경주시 건천읍 대경로,3977,,4713025631104610002000004,,경상북도 경주시 건천읍 대경로 3977,780901,38182,,,,129.115515513779,35.8449995735555
MA0106202408A2340217,푸드윌시스템,,G2,소매,G221,기타 상품 소매,G22199,그 외 기타 상품 전문 소매업,G47859,그 외 기타 분류 안된 상품 전문 소매업,41,경기도,41590,화성시,41590570,화산동,4159012500,송산동,4159012500102450003,1,대지,245,3,경기도 화성시 송산동 245-3,415904858991,경기도 화성시 한솔길,9,,4159012500102450003000001,,경기도 화성시 한솔길 9,445370,18355,,3,,127.002545954978,37.208308934053
MA0106202407A1411446,슈퍼키친수원,영통점,G2,소매,G221,기타 상품 소매,G22199,그 외 기타 상품 전문 소매업,G47859,그 외 기타 분류 안된 상품 전문 소매업,41,경기도,41117,수원시 영통구,41117585,영통3동,4111710500,영통동,4111710500109980005,1,대지,998,5,경기도 수원시 영통구 영통동 998-5,411174331084,경기도 수원시 영통구 반달로7번길,6,,4111710500109980005001223,센타프라자,경기도 수원시 영통구 반달로7번길 6,443470,16704,,,,127.074022129543,37.2523019852762
MA0106202407A2271673,24시무인먹구편의점굴포천역점,,G2,소매,G221,기타 상품 소매,G22199,그 외 기타 상품 전문 소매업,G47859,그 외 기타 분류 안된 상품 전문 소매업,28,인천광역시,28237,부평구,28237661,부개3동,2823710700,부개동,2823710700104830001,1,대지,483,1,인천광역시 부평구 부개동 483-1,282374262098,인천광역시 부평구 길주남로101번길,9,,2823710700104830001106918,,인천광역시 부평구 길주남로101번길 9,403813,21351,,1,,126.7329344595,37.5044813333565
MA0106202407A1611508,제일유통,,G2,소매,G221,기타 상품 소매,G22199,그 외 기타 상품 전문 소매업,G47859,그 외 기타 분류 안된 상품 전문 소매업,11,서울특별시,11560,영등포구,11560680,신길6동,1156013200,신길동,1156013200106210004,1,대지,621,4,서울특별시 영등포구 신길동 621-4,115604154656,서울특별시 영등포구 여의대방로31길,10,,1156013200106210004008245,제일유통,서울특별시 영등포구 여의대방로31길 10,150842,07392,,1,,126.919162896733,37.5006019334621
MA0106202407A0464221,민주,,G2,소매,G221,기타 상품 소매,G22199,그 외 기타 상품 전문 소매업,G47859,그 외 기타 분류 안된 상품 전문 소매업,48,경상남도,48125,창원시 마산합포구,48125630,오동동,4812511700,부림동,4812511700100600008,1,대지,60,8,경상남도 창원시 마산합포구 부림동 60-8,481254787157,경상남도 창원시 마산합포구 동서북10길,38,,4812511700100600008029366,,경상남도 창원시 마산합포구 동서북10길 38,631860,51730,,2,,128.573805819057,35.2054055906971
MA0106202407A2392258,이오스바이오,,G2,소매,G221,기타 상품 소매,G22199,그 외 기타 상품 전문 소매업,G47859,그 외 기타 분류 안된 상품 전문 소매업,41,경기도,41450,하남시,41450630,미사3동,4145011000,풍산동,4145011000104930000,1,대지,493,,경기도 하남시 풍산동 493,414502000007,경기도 하남시 조정대로,45,,4145011000200400001000001,,경기도 하남시 조정대로 45,465170,12918,,,,127.184472059382,37.5506803235927
MA0106202410A0847912,호랑이설비.호랑이마트,,G2,소매,G221,기타 상품 소매,G22199,그 외 기타 상품 전문 소매업,G47859,그 외 기타 분류 안된 상품 전문 소매업,43,충청북도,43114,청주시 청원구,43114550,오근장동,4311411100,외남동,4311411100102390003,1,대지,239,3,충청북도 청주시 청원구 외남동 239-3,431143236060,충청북도 청주시 청원구 토성로,444,,4311113700102390003045587,,충청북도 청주시 청원구 토성로 444,363565,28307,,1,,127.478901284355,36.6996991057982
MA0106202410A0679806,신앙촌상회,,G2,소매,G221,기타 상품 소매,G22199,그 외 기타 상품 전문 소매업,G47859,그 외 기타 분류 안된 상품 전문 소매업,44,충청남도,44825,태안군,44825250,태안읍,4482525021,태안읍,4482525021102870011,1,대지,287,11,충청남도 태안군 태안읍 동문리 287-11,448253264043,충청남도 태안군 태안읍 중앙로,98,,4482525021102870026015687,,충청남도 태안군 태안읍 중앙로 98,357905,32143,,1,,126.299337546021,36.7526758347783
MA0106202410A2291637,씨제이올리브영대구죽전네,거리점,G2,소매,G221,기타 상품 소매,G22199,그 외 기타 상품 전문 소매업,G47859,그 외 기타 분류 안된 상품 전문 소매업,27,대구광역시,27290,달서구,27290555,감삼동,2729011300,감삼동,2729011300104380007,1,대지,438,7,대구광역시 달서구 감삼동 438-7,272903143013,대구광역시 달서구 와룡로,185,,2729011300104380007008348,,대구광역시 달서구 와룡로 185,704905,42688,,1,,128.536678036377,35.8492752536529
MA0106202409A1981279,몽다원여몽,,G2,소매,G221,기타 상품 소매,G22199,그 외 기타 상품 전문 소매업,G47859,그 외 기타 분류 안된 상품 전문 소매업,11,서울특별시,11680,강남구,11680510,신사동,1168010700,신사동,1168010700105080006,1,대지,508,6,서울특별시 강남구 신사동 508-6,116804166024,서울특별시 강남구 강남대로158길,21,,1168010700105080006011781,,서울특별시 강남구 강남대로158길 21,135887,06034,,4,,127.020531043312,37.5192695924772
MA0106202409A2276593,파동,,G2,소매,G221,기타 상품 소매,G22199,그 외 기타 상품 전문 소매업,G47859,그 외 기타 분류 안된 상품 전문 소매업,11,서울특별시,11290,성북구,11290640,정릉3동,1129013300,정릉동,1129013300106850153,1,대지,685,153,서울특별시 성북구 정릉동 685-153,112904121385,서울특별시 성북구 솔샘로6길,35,11,1129013300106850153000001,,서울특별시 성북구 솔샘로6길 35-11,136850,02709,,,,127.006648103134,37.609749233906
MA0106202409A2274006,에,코리아,G2,소매,G221,기타 상품 소매,G22199,그 외 기타 상품 전문 소매업,G47859,그 외 기타 분류 안된 상품 전문 소매업,47,경상북도,47850,칠곡군,47850310,지천면,4785031036,지천면,4785031036104600003,1,대지,460,3,경상북도 칠곡군 지천면 신리 460-3,478504766387,경상북도 칠곡군 지천면 신동로5길,75,,4785031036104600003000001,,경상북도 칠곡군 지천면 신동로5길 75,718821,39864,,,,128.488989751755,35.9631325628611
MA0106202409A0261918,라클로이,,G2,소매,G221,기타 상품 소매,G22199,그 외 기타 상품 전문 소매업,G47859,그 외 기타 분류 안된 상품 전문 소매업,41,경기도,41465,용인시 수지구,41465585,상현3동,4146510700,상현동,4146510700108300000,1,대지,830,,경기도 용인시 수지구 상현동 830,414653205007,경기도 용인시 수지구 상현로,34,,4146510700108300000026575,성진프라자,경기도 용인시 수지구 상현로 34,448130,16939,,,,127.077917237298,37.3021990773235
MA0106202409A0920068,롤로괘법점,,G2,소매,G221,기타 상품 소매,G22199,그 외 기타 상품 전문 소매업,G47859,그 외 기타 분류 안된 상품 전문 소매업,26,부산광역시,26530,사상구,26530620,괘법동,2653010400,괘법동,2653010400102600002,1,대지,260,2,부산광역시 사상구 괘법동 260-2,265303139018,부산광역시 사상구 운산로,88,,2653010400102600002024687,,부산광역시 사상구 운산로 88,617806,46966,,1,,128.985897707329,35.167526079668
MA0106202409A0408195,돼지방앗간,,G2,소매,G221,기타 상품 소매,G22199,그 외 기타 상품 전문 소매업,G47859,그 외 기타 분류 안된 상품 전문 소매업,48,경상남도,48250,김해시,48250600,불암동,4825012100,지내동,4825012100103240025,1,대지,324,25,경상남도 김해시 지내동 324-25,482502335001,경상남도 김해시 김해대로,2675,,4825012100103240025000001,,경상남도 김해시 김해대로 2675,621210,50827,,1,,128.919530425816,35.2293990803507
MA0106202409A0940930,퀸스에덴아울렛,,G2,소매,G221,기타 상품 소매,G22199,그 외 기타 상품 전문 소매업,G47859,그 외 기타 분류 안된 상품 전문 소매업,11,서울특별시,11530,구로구,11530720,고척1동,1153010600,고척동,1153010600100920008,1,대지,92,8,서울특별시 구로구 고척동 92-8,115303000028,서울특별시 구로구 경인로,331,,1153010600100920009014328,,서울특별시 구로구 경인로 331,152827,08226,,,,126.856934754938,37.4976957837265
MA0106202409A2233965,힐스템건강,용인보라점,G2,소매,G221,기타 상품 소매,G22199,그 외 기타 상품 전문 소매업,G47859,그 외 기타 분류 안된 상품 전문 소매업,41,경기도,41463,용인시 기흥구,41463535,보라동,4146310500,보라동,4146310500105790003,1,대지,579,3,경기도 용인시 기흥구 보라동 579-3,414633204065,경기도 용인시 기흥구 한보라2로,11,,4146310500105790003020979,랜드빌,경기도 용인시 기흥구 한보라2로 11,446904,17079,,4,,127.110951800467,37.2544536649028
MA0106202409A0588767,광성메디맥스,,G2,소매,G221,기타 상품 소매,G22199,그 외 기타 상품 전문 소매업,G47859,그 외 기타 분류 안된 상품 전문 소매업,41,경기도,41450,하남시,41450530,신장2동,4145010600,신장동,4145010600105650001,1,대지,565,1,경기도 하남시 신장동 565-1,414502202001,경기도 하남시 하남대로,786,,4145010600105650001005240,진성빌딩,경기도 하남시 하남대로 786,465815,12949,,5,,127.210267360047,37.5402937535694
MA0106202409A1610227,맘스트레져,,G2,소매,G221,기타 상품 소매,G22199,그 외 기타 상품 전문 소매업,G47859,그 외 기타 분류 안된 상품 전문 소매업,11,서울특별시,11530,구로구,11530540,구로3동,1153010200,구로동,1153010200108510000,1,대지,851,,서울특별시 구로구 구로동 851,115303000026,서울특별시 구로구 디지털로,242,,1153010200108510000000001,,서울특별시 구로구 디지털로 242,152733,08394,,2,,126.892682801854,37.4808127489032
MA0106202409A1651712,피크닉메이트,,G2,소매,G221,기타 상품 소매,G22199,그 외 기타 상품 전문 소매업,G47859,그 외 기타 분류 안된 상품 전문 소매업,50,제주특별자치도,50110,제주시,50110630,아라동,5011011700,아라일동,5011011700161560010,1,대지,6156,10,제주특별자치도 제주시 아라일동 6156-10,501104848610,제주특별자치도 제주시 인다4길,25,5,5011011700161560010000001,,제주특별자치도 제주시 인다4길 25-5,690121,63248,,1,,126.549297608761,33.4721280847204
MA0106202409A0570284,죽의신조암점,,G2,소매,G221,기타 상품 소매,G22199,그 외 기타 상품 전문 소매업,G47859,그 외 기타 분류 안된 상품 전문 소매업,41,경기도,41590,화성시,41590256,우정읍,4159025632,우정읍,4159025632107980004,1,대지,798,4,경기도 화성시 우정읍 조암리 798-4,415904431178,경기도 화성시 우정읍 조암동로10번길,17,,4159025632107980004000001,,경기도 화성시 우정읍 조암동로10번길 17,445955,18565,,1,,126.822854682023,37.0871192664943
MA0106202408A1912239,산전수랏간,,G2,소매,G221,기타 상품 소매,G22199,그 외 기타 상품 전문 소매업,G47859,그 외 기타 분류 안된 상품 전문 소매업,31,울산광역시,31110,중구,31110620,병영1동,3111011500,남외동,3111011500105490012,1,대지,549,12,울산광역시 중구 남외동 549-12,311103169026,울산광역시 중구 번영로,611,,3111011500105490012013009,,울산광역시 중구 번영로 611,681800,44494,,1,,129.34828309794,35.5702737909564
MA0106202408A1636917,홈스밀,,G2,소매,G221,기타 상품 소매,G22199,그 외 기타 상품 전문 소매업,G47859,그 외 기타 분류 안된 상품 전문 소매업,11,서울특별시,11680,강남구,11680750,수서동,1168011500,수서동,1168011500107170006,1,대지,717,6,서울특별시 강남구 수서동 717-6,116804166081,서울특별시 강남구 광평로51길,6,15,1168011500107170006000001,씨엔에스빌딩,서울특별시 강남구 광평로51길 6-15,135884,06349,,6,,127.103642216051,37.4886277696982
MA0106202408A0901822,은혜매점,,G2,소매,G221,기타 상품 소매,G22199,그 외 기타 상품 전문 소매업,G47859,그 외 기타 분류 안된 상품 전문 소매업,36,세종특별자치시,36110,세종특별자치시,36110360,연서면,3611036028,연서면,3611036028100400002,1,대지,40,2,세종특별자치시 세종특별자치시 연서면 기룡리 40-2,361103258039,세종특별자치시 세종특별자치시 연서면 효교로,135,22,4473032028100400002000001,,세종특별자치시 세종특별자치시 연서면 효교로 135-22,339812,30045,,1,,127.237944883833,36.5720307351008
MA0106202408A1140751,리버에듀,,G2,소매,G221,기타 상품 소매,G22199,그 외 기타 상품 전문 소매업,G47859,그 외 기타 분류 안된 상품 전문 소매업,29,광주광역시,29170,북구,29170669,일곡동,2917012700,일곡동,2917012700108260010,1,대지,826,10,광주광역시 북구 일곡동 826-10,291703162037,광주광역시 북구 송해로,74,17,2917012700108260010015219,,광주광역시 북구 송해로 74-17,500867,61041,,,,126.900427808313,35.2053278445864
MA0106202408A1690530,신선반찬,,G2,소매,G221,기타 상품 소매,G22199,그 외 기타 상품 전문 소매업,G47859,그 외 기타 분류 안된 상품 전문 소매업,31,울산광역시,31200,북구,31200510,농소1동,3120010500,신천동,3120010500103080001,1,대지,308,1,울산광역시 북구 신천동 308-1,312004316284,울산광역시 북구 제내3길,7,8,3120010500103080001014630,,울산광역시 북구 제내3길 7-8,683802,44224,,,,129.351149099947,35.6328046339702
MA0106202408A1460144,닥터쿡,,G2,소매,G221,기타 상품 소매,G22199,그 외 기타 상품 전문 소매업,G47859,그 외 기타 분류 안된 상품 전문 소매업,27,대구광역시,27290,달서구,27290555,감삼동,2729011300,감삼동,2729011300101460004,1,대지,146,4,대구광역시 달서구 감삼동 146-4,272904241002,대구광역시 달서구 감삼2길,8,,2729011300101460004019535,,대구광역시 달서구 감삼2길 8,704954,42643,,1,,128.539964521964,35.8498008971695
MA0106202408A1125641,비폴브레드,,G2,소매,G221,기타 상품 소매,G22199,그 외 기타 상품 전문 소매업,G47859,그 외 기타 분류 안된 상품 전문 소매업,51,강원특별자치도,51780,철원군,51780256,갈말읍,5178025624,갈말읍,5178025624107150006,1,대지,715,6,강원특별자치도 철원군 갈말읍 군탄리 715-6,517804490170,강원특별자치도 철원군 갈말읍 순담길,37,,5178025624107150006000001,,강원특별자치도 철원군 갈말읍 순담길 37,269802,24032,,1,,127.302242679744,38.1681995851774
MA0106202408A1391046,대원불교용품,,G2,소매,G221,기타 상품 소매,G22199,그 외 기타 상품 전문 소매업,G47859,그 외 기타 분류 안된 상품 전문 소매업,29,광주광역시,29170,북구,29170662,두암2동,2917011400,두암동,2917011400108390007,1,대지,839,7,광주광역시 북구 두암동 839-7,291704286149,광주광역시 북구 동문대로134번길,15,,2917011400108390007048208,,광주광역시 북구 동문대로134번길 15,500806,61195,,1,,126.927525309965,35.1745748381098
MA0106202408A0135498,우영식자재마트,,G2,소매,G221,기타 상품 소매,G22199,그 외 기타 상품 전문 소매업,G47859,그 외 기타 분류 안된 상품 전문 소매업,11,서울특별시,11470,양천구,11470620,신정1동,1147010100,신정동,1147010100110290037,1,대지,1029,37,서울특별시 양천구 신정동 1029-37,114704142348,서울특별시 양천구 은행정로5길,48,4,1147010100110290037006599,,서울특별시 양천구 은행정로5길 48-4,158861,08082,,1,,126.854311804971,37.5206411490802
MA0106202408A0125528,명랑부대찌개&대일베팅,,G2,소매,G221,기타 상품 소매,G22199,그 외 기타 상품 전문 소매업,G47859,그 외 기타 분류 안된 상품 전문 소매업,11,서울특별시,11470,양천구,11470680,신정7동,1147010100,신정동,1147010100101750001,1,대지,175,1,서울특별시 양천구 신정동 175-1,114704142095,서울특별시 양천구 목동남로4길,32,,1147010100101740006000386,,서울특별시 양천구 목동남로4길 32,158850,08104,,1,,126.866074864379,37.508815890548
MA0106202408A2252990,일산베이비플러스,,G2,소매,G221,기타 상품 소매,G22199,그 외 기타 상품 전문 소매업,G47859,그 외 기타 분류 안된 상품 전문 소매업,41,경기도,41287,고양시 일산서구,41287600,덕이동,4128710500,덕이동,4128710500103840001,1,대지,384,1,경기도 고양시 일산서구 덕이동 384-1,412874382140,경기도 고양시 일산서구 탄중로101번길,13,,4128710500103840001004126,,경기도 고양시 일산서구 탄중로101번길 13,411808,10236,,,,126.755786416619,37.6930266752006
MA0106202408A1245532,다강미가,,G2,소매,G221,기타 상품 소매,G22199,그 외 기타 상품 전문 소매업,G47859,그 외 기타 분류 안된 상품 전문 소매업,46,전라남도,46810,강진군,46810250,강진읍,4681025021,강진읍,4681025021100110002,1,대지,11,2,전라남도 강진군 강진읍 동성리 11-2,468103293060,전라남도 강진군 강진읍 중앙로,193,,4681025021100110002604099,,전라남도 강진군 강진읍 중앙로 193,527803,59225,,,,126.777191245003,34.6420459096245
MA0106202406A0456897,동네마켓,,G2,소매,G221,기타 상품 소매,G22199,그 외 기타 상품 전문 소매업,G47859,그 외 기타 분류 안된 상품 전문 소매업,51,강원특별자치도,51230,삼척시,51230310,근덕면,5123031026,근덕면,5123031026101190001,1,대지,119,1,강원특별자치도 삼척시 근덕면 덕산리 119-1,512304472085,강원특별자치도 삼척시 근덕면 덕산해변길,82,,4223031026101190001000001,,강원특별자치도 삼척시 근덕면 덕산해변길 82,245833,25934,,,,129.239606590646,37.3857276119329
MA0106202408A2144870,정도에스지,,G2,소매,G221,기타 상품 소매,G22199,그 외 기타 상품 전문 소매업,G47859,그 외 기타 분류 안된 상품 전문 소매업,41,경기도,41113,수원시 권선구,41113700,입북동,4111314000,입북동,4111314000102490010,1,대지,249,10,경기도 수원시 권선구 입북동 249-10,411134325405,경기도 수원시 권선구 입북로26번길,8,,4111314000102490002054947,,경기도 수원시 권선구 입북로26번길 8,441470,16370,,1,,126.960244946016,37.2938474158551
MA0106202408A2118096,유정상사,,G2,소매,G221,기타 상품 소매,G22199,그 외 기타 상품 전문 소매업,G47859,그 외 기타 분류 안된 상품 전문 소매업,48,경상남도,48270,밀양시,48270520,내이동,4827010200,내이동,4827010200115610012,1,대지,1561,12,경상남도 밀양시 내이동 1561-12,482704808422,경상남도 밀양시 북성로4길,33,,4827010200105670002042406,덕산쉐르빌3차,경상남도 밀양시 북성로4길 33,627130,50422,,,,128.747030686148,35.5015762385846
MA0106202406A0947189,커피몰백석무인매장,,G2,소매,G221,기타 상품 소매,G22199,그 외 기타 상품 전문 소매업,G47859,그 외 기타 분류 안된 상품 전문 소매업,44,충청남도,44133,천안시 서북구,44133560,백석동,4413310300,백석동,4413310300102690000,1,대지,269,,충청남도 천안시 서북구 백석동 269,441333015009,충청남도 천안시 서북구 백석로,36,,4413310300102690000049926,,충청남도 천안시 서북구 백석로 36,331979,31157,,1,,127.115985169771,36.8223828862523
MA0106202407A1370057,騁팀決뵀㈇,,G2,소매,G221,기타 상품 소매,G22199,그 외 기타 상품 전문 소매업,G47859,그 외 기타 분류 안된 상품 전문 소매업,41,경기도,41360,남양주시,41360545,다산1동,4136011200,다산동,4136011200143060056,1,대지,4306,56,경기도 남양주시 다산동 4306-56,413603197074,경기도 남양주시 미금로,37,1,4136011000103060056013529,,경기도 남양주시 미금로 37-1,,12253,,,,127.15200836425,37.6081558824642
MA0106202407A2170098,유어밀,,G2,소매,G221,기타 상품 소매,G22199,그 외 기타 상품 전문 소매업,G47859,그 외 기타 분류 안된 상품 전문 소매업,29,광주광역시,29170,북구,29170570,임동,2917010500,임동,2917010500101890011,1,대지,189,11,광주광역시 북구 임동 189-11,291704286695,광주광역시 북구 중흥로40번길,9,,2917010500101890011012584,,광주광역시 북구 중흥로40번길 9,500870,61249,,1,,126.898787169071,35.1645581775076
MA0106202407A0101167,가람마트반찬,,G2,소매,G221,기타 상품 소매,G22199,그 외 기타 상품 전문 소매업,G47859,그 외 기타 분류 안된 상품 전문 소매업,11,서울특별시,11530,구로구,11530560,구로5동,1153010200,구로동,1153010200101110002,1,대지,111,2,서울특별시 구로구 구로동 111-2,115304148195,서울특별시 구로구 공원로7길,23,,1153010200101110002019776,바스빌딩,서울특별시 구로구 공원로7길 23,152844,08294,,1,,126.887869180379,37.5016575810264
MA0106202407A1920295,태양상사,,G2,소매,G221,기타 상품 소매,G22199,그 외 기타 상품 전문 소매업,G47859,그 외 기타 분류 안된 상품 전문 소매업,26,부산광역시,26440,강서구,26440510,대저1동,2644010100,대저1동,2644010100114910044,1,대지,1491,44,부산광역시 강서구 대저1동 1491-44,264403136036,부산광역시 강서구 대저로,105,,2644010100114910044030976,,부산광역시 강서구 대저로 105,618805,46700,,,,128.96421512888,35.2159844764531
MA0106202408A2293248,씨제이올리브영올리브영대전타운,,G2,소매,G221,기타 상품 소매,G22199,그 외 기타 상품 전문 소매업,G47859,그 외 기타 분류 안된 상품 전문 소매업,30,대전광역시,30170,서구,30170640,둔산2동,3017011200,둔산동,3017011200109850000,1,대지,985,,대전광역시 서구 둔산동 985,301703166019,대전광역시 서구 둔산로,29,,3017011200109850000020689,일부,대전광역시 서구 둔산로 29,302828,35229,,1,,127.377233086339,36.352014030397
MA0106202408A2293249,씨제이올리브영대구칠성로점,,G2,소매,G221,기타 상품 소매,G22199,그 외 기타 상품 전문 소매업,G47859,그 외 기타 분류 안된 상품 전문 소매업,27,대구광역시,27230,북구,27230526,칠성동,2723010200,칠성동2가,2723010200103500009,1,대지,350,9,대구광역시 북구 칠성동2가 350-9,272302007001,대구광역시 북구 중앙대로,522,,2723010200103500009040767,,대구광역시 북구 중앙대로 522,702853,41579,,1,,128.595970708727,35.8795465923057
MA0106202408A2293019,씨제이올리브영명동역점,,G2,소매,G221,기타 상품 소매,G22199,그 외 기타 상품 전문 소매업,G47859,그 외 기타 분류 안된 상품 전문 소매업,11,서울특별시,11140,중구,11140550,명동,1114012400,충무로1가,1114012400100240001,1,대지,24,1,서울특별시 중구 충무로1가 24-1,111403101011,서울특별시 중구 퇴계로,115,,1114012400100240001023441,,서울특별시 중구 퇴계로 115,100011,04536,,1,,126.984516725353,37.5610497309063
MA0106202410A0186829,성지유통,,G2,소매,G221,기타 상품 소매,G22199,그 외 기타 상품 전문 소매업,G47859,그 외 기타 분류 안된 상품 전문 소매업,41,경기도,41117,수원시 영통구,41117540,매탄4동,4111710100,매탄동,4111710100108320008,1,대지,832,8,경기도 수원시 영통구 매탄동 832-8,411173175019,경기도 수원시 영통구 매탄로,162,,4111710100108320008002397,우측,경기도 수원시 영통구 매탄로 162,443802,16539,,,,127.045387909727,37.2648138888925
MA0106202410A1377446,오리오너라,,G2,소매,G221,기타 상품 소매,G22199,그 외 기타 상품 전문 소매업,G47859,그 외 기타 분류 안된 상품 전문 소매업,46,전라남도,46110,목포시,46110510,용당1동,4611010200,산정동,4611010200110400224,1,대지,1040,224,전라남도 목포시 산정동 1040-224,461104643295,전라남도 목포시 산정로186번길,3,,4611010200110400224011270,,전라남도 목포시 산정로186번길 3,530808,58649,,1,,126.391310215975,34.8050658603467
MA0106202410A1174199,노쉬프로젝트,,G2,소매,G221,기타 상품 소매,G22199,그 외 기타 상품 전문 소매업,G47859,그 외 기타 분류 안된 상품 전문 소매업,26,부산광역시,26200,영도구,26200530,남항동,2620010100,대교동1가,2620010100100590000,1,대지,59,,부산광역시 영도구 대교동1가 59,262003128013,부산광역시 영도구 봉래나루로,33,,2620010100100590000000001,노쉬프로젝트부산관광기업지원센터,부산광역시 영도구 봉래나루로 33,606011,49037,,,,129.037657538456,35.0941940849935
MA0106202409A2186542,탱탱쭈꾸미,,G2,소매,G221,기타 상품 소매,G22199,그 외 기타 상품 전문 소매업,G47859,그 외 기타 분류 안된 상품 전문 소매업,47,경상북도,47770,영덕군,47770250,영덕읍,4777025024,영덕읍,4777025024102770000,1,대지,277,,경상북도 영덕군 영덕읍 덕곡리 277,477704754095,경상북도 영덕군 영덕읍 덕곡4길,13,1,4777025024102770000012137,,경상북도 영덕군 영덕읍 덕곡4길 13-1,766804,36433,,1,,129.367495888467,36.4135895798429
MA0106202409A2371096,옥산아시아마트,,G2,소매,G221,기타 상품 소매,G22199,그 외 기타 상품 전문 소매업,G47859,그 외 기타 분류 안된 상품 전문 소매업,43,충청북도,43113,청주시 흥덕구,43113320,옥산면,4311332021,옥산면,4311332021105490006,1,대지,549,6,충청북도 청주시 흥덕구 옥산면 오산리 549-6,431133237111,충청북도 청주시 흥덕구 옥산면 청주역로,629,,4371041021005490006013403,,충청북도 청주시 흥덕구 옥산면 청주역로 629,361914,28113,,1,,127.37561651328,36.6636823295147
MA0106202409A0479663,나들이푸드,,G2,소매,G221,기타 상품 소매,G22199,그 외 기타 상품 전문 소매업,G47859,그 외 기타 분류 안된 상품 전문 소매업,46,전라남도,46110,목포시,46110757,하당동,4611016000,석현동,4611016000106680013,1,대지,668,13,전라남도 목포시 석현동 668-13,461104643381,전라남도 목포시 석현로25번길,6,,4611016000106680013003821,,전라남도 목포시 석현로25번길 6,530830,58655,,,,126.423639755761,34.817085637113
MA0106202409A2328795,할리스커피팔용점,,G2,소매,G221,기타 상품 소매,G22199,그 외 기타 상품 전문 소매업,G47859,그 외 기타 분류 안된 상품 전문 소매업,48,경상남도,48121,창원시 의창구,48121520,팔룡동,4812112900,팔용동,4812112900102130000,1,대지,213,,경상남도 창원시 의창구 팔용동 213,481214781644,경상남도 창원시 의창구 창원대로18번길,6,8,4812112900102130000000001,,경상남도 창원시 의창구 창원대로18번길 6-8,641465,51395,,1,,128.605602297897,35.2543123498223
MA0106202409A1166513,더드림반찬,,G2,소매,G221,기타 상품 소매,G22199,그 외 기타 상품 전문 소매업,G47859,그 외 기타 분류 안된 상품 전문 소매업,41,경기도,41150,의정부시,41150555,호원2동,4115010200,호원동,4115010200104230000,1,대지,423,,경기도 의정부시 호원동 423,411503181055,경기도 의정부시 회룡로,138,,4115010200104230000015340,,경기도 의정부시 회룡로 138,480867,11704,,1,,127.04921817165,37.7257944389652
MA0106202409A1965840,약이되는좋은차,,G2,소매,G221,기타 상품 소매,G22199,그 외 기타 상품 전문 소매업,G47859,그 외 기타 분류 안된 상품 전문 소매업,41,경기도,41360,남양주시,41360545,다산1동,4136011200,다산동,4136011200161430000,1,대지,6143,,경기도 남양주시 다산동 6143,413603351591,경기도 남양주시 다산순환로,20,,4136011200161430000000001,,경기도 남양주시 다산순환로 20,,12248,,,,127.151689117087,37.6126792551016
MA0106202409A0593018,다누림샵,,G2,소매,G221,기타 상품 소매,G22199,그 외 기타 상품 전문 소매업,G47859,그 외 기타 분류 안된 상품 전문 소매업,46,전라남도,46890,완도군,46890250,완도읍,4689025021,완도읍,4689025021107820071,1,대지,782,71,전라남도 완도군 완도읍 군내리 782-71,468904700420,전라남도 완도군 완도읍 청해진남로24번길,6,1,4689025021107820071009381,,전라남도 완도군 완도읍 청해진남로24번길 6-1,537800,59122,,,,126.755845119701,34.313576876126
MA0106202409A0857565,선반미,,G2,소매,G221,기타 상품 소매,G22199,그 외 기타 상품 전문 소매업,G47859,그 외 기타 분류 안된 상품 전문 소매업,30,대전광역시,30230,대덕구,30230510,오정동,3023010100,오정동,3023010100101750071,1,대지,175,71,대전광역시 대덕구 오정동 175-71,302303010020,대전광역시 대덕구 한남로,35,,3023010100101750071020145,,대전광역시 대덕구 한남로 35,306819,34431,,1,,127.424452295924,36.3509634723613
MA0106202409A0517188,남양상사,,G2,소매,G221,기타 상품 소매,G22199,그 외 기타 상품 전문 소매업,G47859,그 외 기타 분류 안된 상품 전문 소매업,11,서울특별시,11230,동대문구,11230600,답십리1동,1123010500,답십리동,1123010500104890135,1,대지,489,135,서울특별시 동대문구 답십리동 489-135,112303105019,서울특별시 동대문구 황물로,137,1,1123010500104890135019228,,서울특별시 동대문구 황물로 137-1,130805,02605,,,,127.054082861109,37.5673903824527
MA0106202409A1920630,오싸이언스,,G2,소매,G221,기타 상품 소매,G22199,그 외 기타 상품 전문 소매업,G47859,그 외 기타 분류 안된 상품 전문 소매업,26,부산광역시,26380,사하구,26380571,신평1동,2638010400,신평동,2638010400104930000,1,대지,493,,부산광역시 사하구 신평동 493,263803134018,부산광역시 사하구 신산로,120,,2638010400104930000038090,,부산광역시 사하구 신산로 120,604836,49438,,8,,128.968571755166,35.0892708681891
MA0106202409A0588495,위레스트,,G2,소매,G221,기타 상품 소매,G22199,그 외 기타 상품 전문 소매업,G47859,그 외 기타 분류 안된 상품 전문 소매업,41,경기도,41135,성남시 분당구,41135545,정자동,4113510300,정자동,4113510300100630009,1,대지,63,9,경기도 성남시 분당구 정자동 63-9,411354340045,경기도 성남시 분당구 느티로77번길,6,9,4113510300100630009038175,,경기도 성남시 분당구 느티로77번길 6-9,463874,13610,,1,,127.114044342965,37.3691073543079
MA0106202408A2045428,복있는점빵,,G2,소매,G221,기타 상품 소매,G22199,그 외 기타 상품 전문 소매업,G47859,그 외 기타 분류 안된 상품 전문 소매업,46,전라남도,46720,곡성군,46720250,곡성읍,4672025021,곡성읍,4672025021102080000,1,대지,208,,전라남도 곡성군 곡성읍 읍내리 208,467203287003,전라남도 곡성군 곡성읍 곡성로,856,,4672025021102080000000001,,전라남도 곡성군 곡성읍 곡성로 856,516804,57535,,,,127.298889447717,35.2795229547618
MA0106202408A1233686,디오,,G2,소매,G221,기타 상품 소매,G22199,그 외 기타 상품 전문 소매업,G47859,그 외 기타 분류 안된 상품 전문 소매업,46,전라남도,46820,해남군,46820250,해남읍,4682025026,해남읍,4682025026100360004,1,대지,36,4,전라남도 해남군 해남읍 성내리 36-4,468203294021,전라남도 해남군 해남읍 중앙1로,170,,4682025026100360004000001,,전라남도 해남군 해남읍 중앙1로 170,536807,59029,,,,126.598086366496,34.5721947930787
MA0106202407A0222930,에스케이하이스텍,,G2,소매,G221,기타 상품 소매,G22199,그 외 기타 상품 전문 소매업,G47859,그 외 기타 분류 안된 상품 전문 소매업,41,경기도,41461,용인시 처인구,41461340,원삼면,4146134022,원삼면,4146134022104060000,1,대지,406,,경기도 용인시 처인구 원삼면 사암리 406,414613203148,경기도 용인시 처인구 원삼면 모래실로,17,,4146134022103830002221712,,경기도 용인시 처인구 원삼면 모래실로 17,449872,17167,,,,127.30693393787,37.1944766868504
MA0106202404A2287148,씨제이올리브영,가산점,G2,소매,G221,기타 상품 소매,G22199,그 외 기타 상품 전문 소매업,G47859,그 외 기타 분류 안된 상품 전문 소매업,11,서울특별시,11545,금천구,11545510,가산동,1154510100,가산동,1154510100103710028,1,대지,371,28,서울특별시 금천구 가산동 371-28,115453117001,서울특별시 금천구 가산디지털1로,168,,1154510100103710028015795,,서울특별시 금천구 가산디지털1로 168,153786,08507,,,,126.882644342333,37.479965266654
MA0106202404A2287181,씨제이올리브영인천공항제1여객,터미널점,G2,소매,G221,기타 상품 소매,G22199,그 외 기타 상품 전문 소매업,G47859,그 외 기타 분류 안된 상품 전문 소매업,28,인천광역시,28110,중구,28110628,운서동,2811014700,운서동,2811014700128400000,1,대지,2840,,인천광역시 중구 운서동 2840,281103149003,인천광역시 중구 공항로,272,,2811014700100350001228681,인천공항제1여객터미널,인천광역시 중구 공항로 272,400340,22382,,1,,126.427702260177,37.4583470325375
MA0106202404A2286402,씨제이올리브영서산,테크노밸리점,G2,소매,G221,기타 상품 소매,G22199,그 외 기타 상품 전문 소매업,G47859,그 외 기타 분류 안된 상품 전문 소매업,44,충청남도,44210,서산시,44210360,성연면,4421036021,성연면,4421036021111160000,1,대지,1116,,충청남도 서산시 성연면 일람리 1116,442103265066,충청남도 서산시 성연면 성연4로,27,8,4421036021111160000000001,,충청남도 서산시 성연면 성연4로 27-8,356852,31931,,,,126.451215872248,36.8220561695644
MA0106202404A2286097,씨제이올리브영서,여의도점,G2,소매,G221,기타 상품 소매,G22199,그 외 기타 상품 전문 소매업,G47859,그 외 기타 분류 안된 상품 전문 소매업,11,서울특별시,11560,영등포구,11560540,여의동,1156011000,여의도동,1156011000100130004,1,대지,13,4,서울특별시 영등포구 여의도동 13-4,115604154092,서울특별시 영등포구 국회대로74길,19,,1156011000100130004031100,,서울특별시 영등포구 국회대로74길 19,150870,07238,,1,,126.921971050216,37.529823367831
MA0106202404A2286625,씨제이올리브영거제아주점,,G2,소매,G221,기타 상품 소매,G22199,그 외 기타 상품 전문 소매업,G47859,그 외 기타 분류 안된 상품 전문 소매업,48,경상남도,48310,거제시,48310540,아주동,4831010500,아주동,4831010500116830002,1,대지,1683,2,경상남도 거제시 아주동 1683-2,483104811395,경상남도 거제시 아주1로2길,62,,4831010500111070000000001,영주빌딩,경상남도 거제시 아주1로2길 62,656220,53305,,,,128.685634608387,34.8674476380925
MA0106202404A2287102,씨제이올리브영부산범일점,,G2,소매,G221,기타 상품 소매,G22199,그 외 기타 상품 전문 소매업,G47859,그 외 기타 분류 안된 상품 전문 소매업,26,부산광역시,26170,동구,26170660,범일2동,2617010400,범일동,2617010400108330013,1,대지,833,13,부산광역시 동구 범일동 833-13,261703127051,부산광역시 동구 범일로,102,,2617010400108330013005563,,부산광역시 동구 범일로 102,601808,48738,,1,,129.059700276433,35.1392223162798
MA0106202407A0505684,삼성당,,G2,소매,G221,기타 상품 소매,G22199,그 외 기타 상품 전문 소매업,G47859,그 외 기타 분류 안된 상품 전문 소매업,41,경기도,41480,파주시,41480370,적성면,4148037025,적성면,4148037025104970005,1,대지,497,5,경기도 파주시 적성면 객현리 497-5,414803206067,경기도 파주시 적성면 율곡로,2400,,4148037025104970005006425,,경기도 파주시 적성면 율곡로 2400,413911,10804,,1,,126.94173701366,37.9767055066536
MA0106202406A2249843,100년유통파머스24자곡,1호점,G2,소매,G221,기타 상품 소매,G22199,그 외 기타 상품 전문 소매업,G47859,그 외 기타 분류 안된 상품 전문 소매업,11,서울특별시,11680,강남구,11680700,세곡동,1168011200,자곡동,1168011200106360000,1,대지,636,,서울특별시 강남구 자곡동 636,116803122014,서울특별시 강남구 자곡로,114,,1168011200106360000000001,,서울특별시 강남구 자곡로 114,135190,06373,,1,,127.096022540246,37.4720556464025
MA0106202406A0604564,아트박스대전가,수원점,G2,소매,G221,기타 상품 소매,G22199,그 외 기타 상품 전문 소매업,G47859,그 외 기타 분류 안된 상품 전문 소매업,30,대전광역시,30170,서구,30170593,도안동,3017011500,도안동,3017011500117830000,1,대지,1783,,대전광역시 서구 도안동 1783,301703000095,대전광역시 서구 계백로,1145,,3017011400110510000000001,,대전광역시 서구 계백로 1145,302318,35368,,,,127.350451726651,36.304900822938
MA0106202407A1303097,아슈랑까까랑펜타,1호점,G2,소매,G221,기타 상품 소매,G22199,그 외 기타 상품 전문 소매업,G47859,그 외 기타 분류 안된 상품 전문 소매업,47,경상북도,47290,경산시,47290542,서부2동,4729011000,중산동,4729011000106350001,1,대지,635,1,경상북도 경산시 중산동 635-1,472903351338,경상북도 경산시 펜타힐즈2로,57,,4729011000106350001000002,,경상북도 경산시 펜타힐즈2로 57,712280,38662,,,,128.719772305765,35.8287350597755
MA0106202407A1303095,아슈랑까까랑펜타,푸르지오점,G2,소매,G221,기타 상품 소매,G22199,그 외 기타 상품 전문 소매업,G47859,그 외 기타 분류 안된 상품 전문 소매업,47,경상북도,47290,경산시,47290542,서부2동,4729011000,중산동,4729011000106630000,1,대지,663,,경상북도 경산시 중산동 663,472903351338,경상북도 경산시 펜타힐즈2로,24,,4729011000106630000000009,펜타힐즈푸르지오,경상북도 경산시 펜타힐즈2로 24,712280,38668,,1,,128.717746367495,35.8266373700509
MA0106202407A2315375,엠에이치앤코버터명동,중앙점,G2,소매,G221,기타 상품 소매,G22199,그 외 기타 상품 전문 소매업,G47859,그 외 기타 분류 안된 상품 전문 소매업,11,서울특별시,11140,중구,11140550,명동,1114012500,충무로2가,1114012500100660010,1,대지,66,10,서울특별시 중구 충무로2가 66-10,111404103160,서울특별시 중구 명동8가길,5,,1114012500100660010019895,,서울특별시 중구 명동8가길 5,100861,04536,,1,,126.985274905293,37.5617526053468
MA0106202407A2315377,엠에이치앤코버터제주연동점,,G2,소매,G221,기타 상품 소매,G22199,그 외 기타 상품 전문 소매업,G47859,그 외 기타 분류 안된 상품 전문 소매업,50,제주특별자치도,50110,제주시,50110650,연동,5011013700,연동,5011013700102730042,1,대지,273,42,제주특별자치도 제주시 연동 273-42,501103349041,제주특별자치도 제주시 노연로,99,,5011013700102730042064568,,제주특별자치도 제주시 노연로 99,690814,63123,,1,,126.490821458655,33.4860476725784
MA0106202407A2315379,엠에이치앤코모던나주점,,G2,소매,G221,기타 상품 소매,G22199,그 외 기타 상품 전문 소매업,G47859,그 외 기타 분류 안된 상품 전문 소매업,46,전라남도,46170,나주시,46170620,빛가람동,4617013400,빛가람동,4617013400109040000,1,대지,904,,전라남도 나주시 빛가람동 904,461703284068,전라남도 나주시 빛가람로,838,,4617013400109040000000001,,전라남도 나주시 빛가람로 838,520350,58330,,1,,126.803395721703,35.0213217434724
MA0106202407A2315347,엠에이치앤코버터,타임스퀘어점,G2,소매,G221,기타 상품 소매,G22199,그 외 기타 상품 전문 소매업,G47859,그 외 기타 분류 안된 상품 전문 소매업,11,서울특별시,11560,영등포구,11560535,영등포동,1156010500,영등포동4가,1156010500104410010,1,대지,441,10,서울특별시 영등포구 영등포동4가 441-10,115603118024,서울특별시 영등포구 영중로,15,,1156010500104420000000001,타임스퀘어,서울특별시 영등포구 영중로 15,150798,07305,,1,,126.903715995515,37.5172319051582
MA0106202407A2315348,엠에이치앤코모던경주,용강점,G2,소매,G221,기타 상품 소매,G22199,그 외 기타 상품 전문 소매업,G47859,그 외 기타 분류 안된 상품 전문 소매업,47,경상북도,47130,경주시,47130615,용강동,4713012500,용강동,4713012500109000001,1,대지,900,1,경상북도 경주시 용강동 900-1,471303000104,경상북도 경주시 산업로,4348,,4713012500109000001033336,,경상북도 경주시 산업로 4348,780950,38093,,1,,129.224811026555,35.8675602054325
MA0106202408A0036715,서울봉천역전우편취급국,,G2,소매,G221,기타 상품 소매,G22199,그 외 기타 상품 전문 소매업,G47859,그 외 기타 분류 안된 상품 전문 소매업,11,서울특별시,11620,관악구,11620595,청룡동,1162010100,봉천동,1162010100109300042,1,대지,930,42,서울특별시 관악구 봉천동 930-42,116202000003,서울특별시 관악구 남부순환로,1722,,1162010100109300042028021,,서울특별시 관악구 남부순환로 1722,151844,08784,,,,126.941252522714,37.4822704751494
MA0106202410A1915355,동백1917,,G2,소매,G221,기타 상품 소매,G22199,그 외 기타 상품 전문 소매업,G47859,그 외 기타 분류 안된 상품 전문 소매업,26,부산광역시,26500,수영구,26500730,수영동,2650010200,수영동,2650010200104650020,1,대지,465,20,부산광역시 수영구 수영동 465-20,265004214179,부산광역시 수영구 망미번영로60번길,12,,2650010200104650020012856,,부산광역시 수영구 망미번영로60번길 12,613831,48231,,2,,129.110346996579,35.1721978405229
MA0106202410A2260574,베스트상사,,G2,소매,G221,기타 상품 소매,G22199,그 외 기타 상품 전문 소매업,G47859,그 외 기타 분류 안된 상품 전문 소매업,52,전북특별자치도,52140,익산시,52140530,평화동,5214011700,목천동,5214011700102870000,1,대지,287,,전북특별자치도 익산시 목천동 287,521404607488,전북특별자치도 익산시 번영로8길,76,,4514011700102870000093750,,전북특별자치도 익산시 번영로8길 76,570010,54672,,,,126.933055025596,35.9212702038273
MA0106202410A1826042,힐링바디,,G2,소매,G221,기타 상품 소매,G22199,그 외 기타 상품 전문 소매업,G47859,그 외 기타 분류 안된 상품 전문 소매업,31,울산광역시,31140,남구,31140530,신정3동,3114010400,신정동,3114010400104540002,1,대지,454,2,울산광역시 남구 신정동 454-2,311404310604,울산광역시 남구 신정로203번길,67,1,3114010400104540002011500,,울산광역시 남구 신정로203번길 67-1,680824,44679,,4,,129.309222549521,35.5484481530168
MA0106202409A1887871,관우유통,,G2,소매,G221,기타 상품 소매,G22199,그 외 기타 상품 전문 소매업,G47859,그 외 기타 분류 안된 상품 전문 소매업,48,경상남도,48330,양산시,48330530,강서동,4833011100,유산동,4833011100105360006,1,대지,536,6,경상남도 양산시 유산동 536-6,483304814712,경상남도 양산시 유산공단3길,96,,4833011100105360006000001,,경상남도 양산시 유산공단3길 96,626230,50592,,,,129.026183709309,35.3585163200698
MA0106202409A2462906,작전한식부페,,G2,소매,G221,기타 상품 소매,G22199,그 외 기타 상품 전문 소매업,G47859,그 외 기타 분류 안된 상품 전문 소매업,28,인천광역시,28245,계양구,28245622,작전2동,2824510300,작전동,2824510300108660014,1,대지,866,14,인천광역시 계양구 작전동 866-14,282453155039,인천광역시 계양구 효서로,247,,2824510300108660014157819,유진빌딩,인천광역시 계양구 효서로 247,407824,21115,,,,126.723527719255,37.5282371051989
MA0106202409A1312694,윤이당,,G2,소매,G221,기타 상품 소매,G22199,그 외 기타 상품 전문 소매업,G47859,그 외 기타 분류 안된 상품 전문 소매업,11,서울특별시,11545,금천구,11545670,시흥1동,1154510300,시흥동,1154510300109040000,1,대지,904,,서울특별시 금천구 시흥동 904,115452005010,서울특별시 금천구 시흥대로,174,,1154510300109040000006392,내부공간,서울특별시 금천구 시흥대로 174,153858,08631,,1,,126.902909784062,37.4497186922916
MA0106202409A2152586,다유,,G2,소매,G221,기타 상품 소매,G22199,그 외 기타 상품 전문 소매업,G47859,그 외 기타 분류 안된 상품 전문 소매업,41,경기도,41630,양주시,41630570,옥정1동,4163011200,회암동,4163011200102990003,1,대지,299,3,경기도 양주시 회암동 299-3,416304436362,경기도 양주시 칠봉산로34번길,14,94,4163011200102990003000001,,경기도 양주시 칠봉산로34번길 14-94,482160,11464,,1,,127.092094745058,37.8441281460828
MA0106202409A0351946,지유명차,논현점,G2,소매,G221,기타 상품 소매,G22199,그 외 기타 상품 전문 소매업,G47859,그 외 기타 분류 안된 상품 전문 소매업,11,서울특별시,11650,서초구,11650540,잠원동,1165010600,잠원동,1165010600100440021,1,대지,44,21,서울특별시 서초구 잠원동 44-21,116504163458,서울특별시 서초구 신반포로43길,23,4,1165010600100440021018910,대산빌딩,서울특별시 서초구 신반포로43길 23-4,137906,06529,,2,,127.017429726138,37.5112511572001
MA0106202409A2246839,천제연매점,,G2,소매,G221,기타 상품 소매,G22199,그 외 기타 상품 전문 소매업,G47859,그 외 기타 분류 안된 상품 전문 소매업,28,인천광역시,28237,부평구,28237646,삼산1동,2823710500,삼산동,2823710500103890002,1,대지,389,2,인천광역시 부평구 삼산동 389-2,282373154028,인천광역시 부평구 부평북로,448,,2823710500103890002110590,로얄프라자,인천광역시 부평구 부평북로 448,403864,21319,,6,,126.743348092375,37.52173157148
MA0106202409A2446155,더현윤,,G2,소매,G221,기타 상품 소매,G22199,그 외 기타 상품 전문 소매업,G47859,그 외 기타 분류 안된 상품 전문 소매업,29,광주광역시,29200,광산구,29200640,하남동,2920012500,하남동,2920012500110300000,1,대지,1030,,광주광역시 광산구 하남동 1030,292004855428,광주광역시 광산구 단전3길,10,,2920012500110300000000001,,광주광역시 광산구 단전3길 10,506250,62232,,,,126.799037878649,35.1809466160257
MA0106202408A0998562,위너사이언스,,G2,소매,G221,기타 상품 소매,G22199,그 외 기타 상품 전문 소매업,G47859,그 외 기타 분류 안된 상품 전문 소매업,43,충청북도,43113,청주시 흥덕구,43113747,가경동,4311311300,가경동,4311311300115540000,1,대지,1554,,충청북도 청주시 흥덕구 가경동 1554,431133237002,충청북도 청주시 흥덕구 가경로,8,1,4311311300115540000023020,,충청북도 청주시 흥덕구 가경로 8-1,361803,28409,,5,,127.444092585768,36.616840287239
MA0106202408A1391422,운성종합유통,,G2,소매,G221,기타 상품 소매,G22199,그 외 기타 상품 전문 소매업,G47859,그 외 기타 분류 안된 상품 전문 소매업,31,울산광역시,31710,울주군,31710250,온산읍,3171025021,온산읍,3171025021200990008,2,산,99,8,울산광역시 울주군 온산읍 화산리 산99-8,317103173026,울산광역시 울주군 온산읍 덕신로,373,,3171025021200990008000001,,울산광역시 울주군 온산읍 덕신로 373,689896,45000,,,,129.322633720417,35.4345659090958
MA0106202408A0597143,블루브리즈,,G2,소매,G221,기타 상품 소매,G22199,그 외 기타 상품 전문 소매업,G47859,그 외 기타 분류 안된 상품 전문 소매업,41,경기도,41115,수원시 팔달구,41115730,인계동,4111514100,인계동,4111514100110390000,1,대지,1039,,경기도 수원시 팔달구 인계동 1039,411154328229,경기도 수원시 팔달구 인계로124번길,19,,4111514100110390000077942,,경기도 수원시 팔달구 인계로124번길 19,442834,16489,,11,,127.030935712625,37.2664854747377
MA0106202408A1525159,올랑올랑아이스크림롯데,캐슬점,G2,소매,G221,기타 상품 소매,G22199,그 외 기타 상품 전문 소매업,G47859,그 외 기타 분류 안된 상품 전문 소매업,41,경기도,41360,남양주시,41360253,진접읍,4136025321,진접읍,4136025321103310012,1,대지,331,12,경기도 남양주시 진접읍 장현리 331-12,413604841509,경기도 남양주시 진접읍 장현천로10번길,33,,4136025321103310012000001,,경기도 남양주시 진접읍 장현천로10번길 33,472865,12011,,,,127.187239748283,37.7203042545754
MA0106202408A0015718,태성불교사,,G2,소매,G221,기타 상품 소매,G22199,그 외 기타 상품 전문 소매업,G47859,그 외 기타 분류 안된 상품 전문 소매업,11,서울특별시,11110,종로구,11110615,종로1.2.3.4가동,1111012400,수송동,1111012400100460039,1,대지,46,39,서울특별시 종로구 수송동 46-39,111103100009,서울특별시 종로구 우정국로,51,6,1111012400100460039015641,,서울특별시 종로구 우정국로 51-6,110140,03144,,,,126.982419941766,37.5734741697664
MA0106202408A2082292,엔픽스,,G2,소매,G221,기타 상품 소매,G22199,그 외 기타 상품 전문 소매업,G47859,그 외 기타 분류 안된 상품 전문 소매업,41,경기도,41135,성남시 분당구,41135680,운중동,4113511500,운중동,4113511500109700004,1,대지,970,4,경기도 성남시 분당구 운중동 970-4,411354340204,경기도 성남시 분당구 산운로160번길,18,,4113511500109700004000001,,경기도 성남시 분당구 산운로160번길 18,463440,13461,,,,127.078913745256,37.3922292590293
MA0106202408A1047419,떡마마청주,개신점,G2,소매,G221,기타 상품 소매,G22199,그 외 기타 상품 전문 소매업,G47859,그 외 기타 분류 안된 상품 전문 소매업,43,충청북도,43112,청주시 서원구,43112590,성화.개신.죽림동,4311210900,개신동,4311210900106980000,1,대지,698,,충청북도 청주시 서원구 개신동 698,431123237030,충청북도 청주시 서원구 복대로,13,,4311210900106980000000001,,충청북도 청주시 서원구 복대로 13,362805,28612,,1,,127.445823227463,36.6184288293551
MA0106202408A2228385,낮달케이크,,G2,소매,G221,기타 상품 소매,G22199,그 외 기타 상품 전문 소매업,G47859,그 외 기타 분류 안된 상품 전문 소매업,41,경기도,41210,광명시,41210631,하안1동,4121010300,하안동,4121010300103020000,1,대지,302,,경기도 광명시 하안동 302,412103000027,경기도 광명시 범안로,998,,4121010300103020000015092,,경기도 광명시 범안로 998,423851,14303,,4,,126.874888778345,37.4594322967469
MA0106202405A2069704,에이치그라운드,,G2,소매,G221,기타 상품 소매,G22199,그 외 기타 상품 전문 소매업,G47859,그 외 기타 분류 안된 상품 전문 소매업,48,경상남도,48250,김해시,48250565,칠산서부동,4825011100,풍유동,4825011100104300003,1,대지,430,3,경상남도 김해시 풍유동 430-3,482504805793,경상남도 김해시 칠산로413번길,29,,4825011100104300003000001,,경상남도 김해시 칠산로413번길 29,621130,51006,,,,128.850048246907,35.208933830788
MA0106202408A0635447,수상한기차역,,G2,소매,G221,기타 상품 소매,G22199,그 외 기타 상품 전문 소매업,G47859,그 외 기타 분류 안된 상품 전문 소매업,48,경상남도,48129,창원시 진해구,48129530,충무동,4812913500,충무동,4812913500100130003,1,대지,13,3,경상남도 창원시 진해구 충무동 13-3,481293331060,경상남도 창원시 진해구 중원동로,86,1,4812913500100130003015726,,경상남도 창원시 진해구 중원동로 86-1,645230,51679,,,,128.662037232663,35.152243510826
MA0106202408A1151135,현텔레콤,,G2,소매,G221,기타 상품 소매,G22199,그 외 기타 상품 전문 소매업,G47859,그 외 기타 분류 안된 상품 전문 소매업,52,전북특별자치도,52113,전주시 덕진구,52113642,송천2동,5211312100,송천동1가,5211312100108310001,1,대지,831,1,전북특별자치도 전주시 덕진구 송천동1가 831-1,521133267016,전북특별자치도 전주시 덕진구 두간로,6,,4511312100108310001032719,,전북특별자치도 전주시 덕진구 두간로 6,561301,54830,,1,,127.115072559438,35.8651760184308
MA0106202406A2272753,24시무인먹구편의점동수역점,,G2,소매,G221,기타 상품 소매,G22199,그 외 기타 상품 전문 소매업,G47859,그 외 기타 분류 안된 상품 전문 소매업,28,인천광역시,28237,부평구,28237520,부평2동,2823710100,부평동,2823710100107560245,1,대지,756,245,인천광역시 부평구 부평동 756-245,282373000028,인천광역시 부평구 경인로,870,,2823710100107560245200780,,인천광역시 부평구 경인로 870,403831,21428,,1,,126.717209898158,37.4846046260539
MA0106202406A2464491,우리끼리키즈카페울산,타임스퀘어점,G2,소매,G221,기타 상품 소매,G22199,그 외 기타 상품 전문 소매업,G47859,그 외 기타 분류 안된 상품 전문 소매업,31,울산광역시,31140,남구,31140625,대현동,3114010800,야음동,3114010800107890014,1,대지,789,14,울산광역시 남구 야음동 789-14,311403170032,울산광역시 남구 수암로,138,,3114010800107890014031346,,울산광역시 남구 수암로 138,680842,44750,,3,,129.321922344057,35.5269841572943
MA0106202406A2464496,우리끼리키즈카페하늘마을,동탄1호점,G2,소매,G221,기타 상품 소매,G22199,그 외 기타 상품 전문 소매업,G47859,그 외 기타 분류 안된 상품 전문 소매업,41,경기도,41590,화성시,41590600,동탄6동,4159012900,오산동,4159012900110400004,1,대지,1040,4,경기도 화성시 오산동 1040-4,415903350558,경기도 화성시 동탄신리천로,278,,4159012900104560000000001,,경기도 화성시 동탄신리천로 278,445150,18486,,,,127.10885444272,37.183371886947
MA0106202407A1597588,필립스가든,,G2,소매,G221,기타 상품 소매,G22199,그 외 기타 상품 전문 소매업,G47859,그 외 기타 분류 안된 상품 전문 소매업,48,경상남도,48250,김해시,48250350,생림면,4825035021,생림면,4825035021100300005,1,대지,30,5,경상남도 김해시 생림면 나전리 30-5,482503335051,경상남도 김해시 생림면 인제로,545,61,4825035021100300005000001,,경상남도 김해시 생림면 인제로 545-61,621821,50802,,1,,128.887662594158,35.2755632597435
MA0106202407A2315346,엠에이치앤코모던춘천근화점,,G2,소매,G221,기타 상품 소매,G22199,그 외 기타 상품 전문 소매업,G47859,그 외 기타 분류 안된 상품 전문 소매업,51,강원특별자치도,51110,춘천시,51110570,근화동,5111011700,근화동,5111011700105380001,1,대지,538,1,강원특별자치도 춘천시 근화동 538-1,511103013022,강원특별자치도 춘천시 영서로,2527,,4211011700105380001010739,,강원특별자치도 춘천시 영서로 2527,200931,24238,,1,,127.714311495826,37.8838101061526
MA0106202407A2315327,엠에이치앤코모던,군산점,G2,소매,G221,기타 상품 소매,G22199,그 외 기타 상품 전문 소매업,G47859,그 외 기타 분류 안된 상품 전문 소매업,52,전북특별자치도,52130,군산시,52130690,수송동,5213014100,수송동,5213014100100220009,1,대지,22,9,전북특별자치도 군산시 수송동 22-9,521303268007,전북특별자치도 군산시 공단대로,179,,4513014100100220021000001,,전북특별자치도 군산시 공단대로 179,573370,54098,,,,126.721751454466,35.958764435855
MA0106202407A2315329,엠에이치앤코모던김천신음점,,G2,소매,G221,기타 상품 소매,G22199,그 외 기타 상품 전문 소매업,G47859,그 외 기타 분류 안된 상품 전문 소매업,47,경상북도,47150,김천시,47150575,대신동,4715010800,신음동,4715010800105610002,1,대지,561,2,경상북도 김천시 신음동 561-2,471503306048,경상북도 김천시 시청로,183,,4715010800105610002000001,,경상북도 김천시 시청로 183,740978,39545,,,,128.118693805337,36.1446513101633
MA0106202407A2315366,엠에이치앤코모던,구미광평점,G2,소매,G221,기타 상품 소매,G22199,그 외 기타 상품 전문 소매업,G47859,그 외 기타 분류 안된 상품 전문 소매업,47,경상북도,47190,구미시,47190630,광평동,4719011400,광평동,4719011400107920135,1,대지,792,135,경상북도 구미시 광평동 792-135,471902308001,경상북도 구미시 구미대로,194,,4719011400107920135000001,,경상북도 구미시 구미대로 194,730080,39347,,1,,128.363311316706,36.1040972931636
MA0106202407A2315359,엠에이치앤코모던대구,태전점,G2,소매,G221,기타 상품 소매,G22199,그 외 기타 상품 전문 소매업,G47859,그 외 기타 분류 안된 상품 전문 소매업,27,대구광역시,27230,북구,27230725,태전1동,2723012600,태전동,2723012600104050001,1,대지,405,1,대구광역시 북구 태전동 405-1,272302145001,대구광역시 북구 칠곡중앙대로,325,,2723012600104050001041906,,대구광역시 북구 칠곡중앙대로 325,702864,41457,,1,,128.546627130473,35.9243483160892
MA0106202407A2315340,엠에이치앤코모던김해메가마트점,,G2,소매,G221,기타 상품 소매,G22199,그 외 기타 상품 전문 소매업,G47859,그 외 기타 분류 안된 상품 전문 소매업,48,경상남도,48250,김해시,48250580,활천동,4825011700,삼정동,4825011700109410000,1,대지,941,,경상남도 김해시 삼정동 941,482504829310,경상남도 김해시 김해대로2492번길,20,,4825011700104270000000001,,경상남도 김해시 김해대로2492번길 20,621180,50935,,1,,128.900955410856,35.226457069369
MA0106202407A2315338,엠에이치앤코모던청주,에버세이브점,G2,소매,G221,기타 상품 소매,G22199,그 외 기타 상품 전문 소매업,G47859,그 외 기타 분류 안된 상품 전문 소매업,43,충청북도,43112,청주시 서원구,43112550,산남동,4311210500,미평동,4311210500100100000,1,대지,10,,충청북도 청주시 서원구 미평동 10,431123236067,충청북도 청주시 서원구 청남로,1923,,4311210500100100000000001,,충청북도 청주시 서원구 청남로 1923,362160,28635,,1,,127.479523902757,36.6052585913086
MA0106202407A2315339,엠에이치앤코모던,파주동패점,G2,소매,G221,기타 상품 소매,G22199,그 외 기타 상품 전문 소매업,G47859,그 외 기타 분류 안된 상품 전문 소매업,41,경기도,41480,파주시,41480600,운정6동,4148011300,동패동,4148011300120770001,1,대지,2077,1,경기도 파주시 동패동 2077-1,414803353306,경기도 파주시 초롱꽃로,117,36,4148011300120770001000001,,경기도 파주시 초롱꽃로 117-36,413100,10956,,2,,126.715584553764,37.7129291411541
MA0106202407A2315372,엠에이치앤코모던,안성공도점,G2,소매,G221,기타 상품 소매,G22199,그 외 기타 상품 전문 소매업,G47859,그 외 기타 분류 안된 상품 전문 소매업,41,경기도,41550,안성시,41550250,공도읍,4155025030,공도읍,4155025030101470008,1,대지,147,8,경기도 안성시 공도읍 마정리 147-8,415502012006,경기도 안성시 공도읍 서동대로,4489,,4155025030101470008013569,,경기도 안성시 공도읍 서동대로 4489,456822,17548,,1,,127.200762440586,37.0094451441852
MA0106202407A2315373,엠에이치앤코버터,동성로점,G2,소매,G221,기타 상품 소매,G22199,그 외 기타 상품 전문 소매업,G47859,그 외 기타 분류 안된 상품 전문 소매업,27,대구광역시,27110,중구,27110545,삼덕동,2711010500,삼덕동1가,2711010500100180012,1,대지,18,12,대구광역시 중구 삼덕동1가 18-12,271104223087,대구광역시 중구 동성로5길,37,,2711010500100180012008958,,대구광역시 중구 동성로5길 37,700411,41941,,1,,128.596720126802,35.867785735993
MA0106202407A2315343,엠에이치앤코버터,강남점,G2,소매,G221,기타 상품 소매,G22199,그 외 기타 상품 전문 소매업,G47859,그 외 기타 분류 안된 상품 전문 소매업,11,서울특별시,11650,서초구,11650531,서초4동,1165010800,서초동,1165010800113060008,1,대지,1306,8,서울특별시 서초구 서초동 1306-8,116502102001,서울특별시 서초구 강남대로,415,,1165010800113060008020106,대동빌딩,서울특별시 서초구 강남대로 415,137855,06614,,1,,127.026338419252,37.4995634682882
MA0106202408A0080419,아롬상사,,G2,소매,G221,기타 상품 소매,G22199,그 외 기타 상품 전문 소매업,G47859,그 외 기타 분류 안된 상품 전문 소매업,11,서울특별시,11500,강서구,11500603,가양1동,1150010500,마곡동,1150010500107870001,1,대지,787,1,서울특별시 강서구 마곡동 787-1,115004145559,서울특별시 강서구 마곡중앙8로1길,42,,1150010500107870001000001,에코메티스타워,서울특별시 강서구 마곡중앙8로1길 42,157805,07793,,,,126.836568630617,37.5647938935924
MA0106202408A1486277,신앙촌상회,,G2,소매,G221,기타 상품 소매,G22199,그 외 기타 상품 전문 소매업,G47859,그 외 기타 분류 안된 상품 전문 소매업,52,전북특별자치도,52210,김제시,52210510,요촌동,5221010100,요촌동,5221010100104120034,1,대지,412,34,전북특별자치도 김제시 요촌동 412-34,522104616506,전북특별자치도 김제시 성산길,153,1,4521010100104120034035058,,전북특별자치도 김제시 성산길 153-1,576807,54385,,,,126.884112494538,35.801267010081
MA0106202407A2315362,엠에이치앤코모던광주,상무점,G2,소매,G221,기타 상품 소매,G22199,그 외 기타 상품 전문 소매업,G47859,그 외 기타 분류 안된 상품 전문 소매업,29,광주광역시,29140,서구,29140745,치평동,2914012000,치평동,2914012000112510003,1,대지,1251,3,광주광역시 서구 치평동 1251-3,291403160023,광주광역시 서구 상무중앙로,42,,2914012000112510003000001,오션2빌딩,광주광역시 서구 상무중앙로 42,502827,61963,,3,,126.848925597526,35.1505712503974
MA0106202407A2315325,엠에이치앤코모던청주메가폴리스,,G2,소매,G221,기타 상품 소매,G22199,그 외 기타 상품 전문 소매업,G47859,그 외 기타 분류 안된 상품 전문 소매업,43,충청북도,43113,청주시 흥덕구,43113747,가경동,4311311300,가경동,4311311300114160002,1,대지,1416,2,충청북도 청주시 흥덕구 가경동 1416-2,431133237093,충청북도 청주시 흥덕구 풍산로,15,,4311311300114160002009038,,충청북도 청주시 흥덕구 풍산로 15,361801,28396,,3,,127.431985830835,36.6267882374324
MA0106202407A2315332,엠에이치앤코모던NC,포항점,G2,소매,G221,기타 상품 소매,G22199,그 외 기타 상품 전문 소매업,G47859,그 외 기타 분류 안된 상품 전문 소매업,47,경상북도,47113,포항시 북구,47113520,중앙동,4711310100,대흥동,4711310100106180028,1,대지,618,28,경상북도 포항시 북구 대흥동 618-28,471133304027,경상북도 포항시 북구 용당로,85,,4711310100106180028131484,,경상북도 포항시 북구 용당로 85,791080,37707,,1,,129.3607184504,36.0352544802544
MA0106202407A2315333,엠에이치앤코모던,김해점,G2,소매,G221,기타 상품 소매,G22199,그 외 기타 상품 전문 소매업,G47859,그 외 기타 분류 안된 상품 전문 소매업,48,경상남도,48250,김해시,48250540,내외동,4825010900,외동,4825010900112490004,1,대지,1249,4,경상남도 김해시 외동 1249-4,482503335066,경상남도 김해시 함박로,102,,4825010900112490004003939,한국2차,경상남도 김해시 함박로 102,621756,50957,,1,,128.864534371358,35.2321064270159
MA0106202407A2315336,엠에이치앤코모던,아산점,G2,소매,G221,기타 상품 소매,G22199,그 외 기타 상품 전문 소매업,G47859,그 외 기타 분류 안된 상품 전문 소매업,44,충청남도,44200,아산시,44200590,온양3동,4420011300,모종동,4420011300105550005,1,대지,555,5,충청남도 아산시 모종동 555-5,442003253091,충청남도 아산시 번영로,225,,4420011300105550005000001,,충청남도 아산시 번영로 225,336801,31522,,2,,127.015897009246,36.7846457415821
MA0106202407A2315337,엠에이치앤코모던미아사거리역점,,G2,소매,G221,기타 상품 소매,G22199,그 외 기타 상품 전문 소매업,G47859,그 외 기타 분류 안된 상품 전문 소매업,11,서울특별시,11305,강북구,11305545,송중동,1130510100,미아동,1130510100113640000,1,대지,1364,,서울특별시 강북구 미아동 1364,113053005039,서울특별시 강북구 도봉로,52,,1130510100100710001028521,,서울특별시 강북구 도봉로 52,142120,01215,,1,,127.030535322334,37.6137008124695
MA0106202407A2315334,모던남양주화도점,,G2,소매,G221,기타 상품 소매,G22199,그 외 기타 상품 전문 소매업,G47859,그 외 기타 분류 안된 상품 전문 소매업,41,경기도,41360,남양주시,41360256,화도읍,4136025627,화도읍,4136025627104100000,1,대지,410,,경기도 남양주시 화도읍 월산리 410,413604391084,경기도 남양주시 화도읍 경춘로2177번길,59,,4136025627104100000021434,,경기도 남양주시 화도읍 경춘로2177번길 59,472844,12189,,2,,127.330556234732,37.6578043489789
MA0106202407A2315326,모던서대문연희점,,G2,소매,G221,기타 상품 소매,G22199,그 외 기타 상품 전문 소매업,G47859,그 외 기타 분류 안된 상품 전문 소매업,11,서울특별시,11410,서대문구,11410615,연희동,1141011700,연희동,1141011700100870005,1,대지,87,5,서울특별시 서대문구 연희동 87-5,114103112019,서울특별시 서대문구 연희로,148,,1141011700100870005018035,,서울특별시 서대문구 연희로 148,120829,03723,,,,126.934459639178,37.5702767732065
MA0106202407A2315380,모던송도트리플스트리트점,,G2,소매,G221,기타 상품 소매,G22199,그 외 기타 상품 전문 소매업,G47859,그 외 기타 분류 안된 상품 전문 소매업,28,인천광역시,28185,연수구,28185840,송도3동,2818510600,송도동,2818510600101760001,1,대지,176,1,인천광역시 연수구 송도동 176-1,281854256367,인천광역시 연수구 송도과학로16번길,33,3,2818510600101760001000001,,인천광역시 연수구 송도과학로16번길 33-3,406083,21984,,,,126.661251193931,37.3798228727301
MA0106202407A2315319,모던아산퍼스트,빌리지점,G2,소매,G221,기타 상품 소매,G22199,그 외 기타 상품 전문 소매업,G47859,그 외 기타 분류 안된 상품 전문 소매업,44,충청남도,44200,아산시,44200360,둔포면,4420036026,둔포면,4420036026100170003,1,대지,17,3,충청남도 아산시 둔포면 신항리 17-3,442004559795,충청남도 아산시 둔포면 해위안길,127,,4420036026100170003077943,,충청남도 아산시 둔포면 해위안길 127,336873,31421,,3,,127.029058088233,36.8968130020438
MA0106202407A2315320,모던가좌가구,상설점,G2,소매,G221,기타 상품 소매,G22199,그 외 기타 상품 전문 소매업,G47859,그 외 기타 분류 안된 상품 전문 소매업,28,인천광역시,28260,서구,28260580,가좌1동,2826011200,가좌동,2826011200101480058,1,대지,148,58,인천광역시 서구 가좌동 148-58,282604268105,인천광역시 서구 건지로250번길,42,,2826011200101480058019836,,인천광역시 서구 건지로250번길 42,404810,22835,,3,,126.669223153311,37.495210978729
MA0106202404A2457340,우리끼리키즈카페한라수목원점,,G2,소매,G221,기타 상품 소매,G22199,그 외 기타 상품 전문 소매업,G47859,그 외 기타 분류 안된 상품 전문 소매업,50,제주특별자치도,50110,제주시,50110660,노형동,5011012200,노형동,5011012200100960000,1,대지,96,,제주특별자치도 제주시 노형동 96,501104848595,제주특별자치도 제주시 은수길,60,,5011012200100960000000001,,제주특별자치도 제주시 은수길 60,690802,63091,,2,,126.486820460321,33.4711729124691
MA0106202404A2457334,우리끼리키즈카페달빛마을대전,반석점,G2,소매,G221,기타 상품 소매,G22199,그 외 기타 상품 전문 소매업,G47859,그 외 기타 분류 안된 상품 전문 소매업,30,대전광역시,30200,유성구,30200548,노은3동,3020012000,지족동,3020012000110950006,1,대지,1095,6,대전광역시 유성구 지족동 1095-6,302003167104,대전광역시 유성구 지족북로,78,,3020012000110950006000001,,대전광역시 유성구 지족북로 78,305330,34070,,2,,127.307428655911,36.3894865620572
MA0106202404A2457337,우리끼리키즈카페제주아라일동점,,G2,소매,G221,기타 상품 소매,G22199,그 외 기타 상품 전문 소매업,G47859,그 외 기타 분류 안된 상품 전문 소매업,50,제주특별자치도,50110,제주시,50110630,아라동,5011011700,아라일동,5011011700160570003,1,대지,6057,3,제주특별자치도 제주시 아라일동 6057-3,501104849168,제주특별자치도 제주시 아란2길,75,,5011011700160570003000001,,제주특별자치도 제주시 아란2길 75,690121,63238,,1,,126.541537695421,33.47072018304
MA0106202404A2457338,우리끼리키즈카페강릉회산점,,G2,소매,G221,기타 상품 소매,G22199,그 외 기타 상품 전문 소매업,G47859,그 외 기타 분류 안된 상품 전문 소매업,51,강원특별자치도,51150,강릉시,51150600,내곡동,5115011700,회산동,5115011700102260022,1,대지,226,22,강원특별자치도 강릉시 회산동 226-22,511504460195,강원특별자치도 강릉시 관솔길,22,17,4215011700102260022000001,,강원특별자치도 강릉시 관솔길 22-17,210926,25599,,1,,128.869049498407,37.7388773040183
MA0106202405A2461564,우리끼리키즈카페우주마을,하남미사점,G2,소매,G221,기타 상품 소매,G22199,그 외 기타 상품 전문 소매업,G47859,그 외 기타 분류 안된 상품 전문 소매업,41,경기도,41450,하남시,41450620,미사2동,4145010900,망월동,4145010900108340000,1,대지,834,,경기도 하남시 망월동 834,414503202055,경기도 하남시 미사강변한강로,135,,4145010900108340000000001,,경기도 하남시 미사강변한강로 135,465150,12902,,1,,127.191781229533,37.5766443664251
MA0106202405A2461561,우리끼리키즈카페스포츠마을부천,옥길점,G2,소매,G221,기타 상품 소매,G22199,그 외 기타 상품 전문 소매업,G47859,그 외 기타 분류 안된 상품 전문 소매업,41,경기도,41194,부천시 소사구,41194560,옥길동,4119410600,옥길동,4119410600107930002,1,대지,793,2,경기도 부천시 소사구 옥길동 793-2,411943186021,경기도 부천시 소사구 양지로,205,,4119011500107930002000001,,경기도 부천시 소사구 양지로 205,422080,14786,,2,,126.824175945901,37.4678011861612
MA0106202405A2289752,씨제이올리브영의정부,용현점,G2,소매,G221,기타 상품 소매,G22199,그 외 기타 상품 전문 소매업,G47859,그 외 기타 분류 안된 상품 전문 소매업,41,경기도,41150,의정부시,41150573,송산1동,4115010500,용현동,4115010500102220006,1,대지,222,6,경기도 의정부시 용현동 222-6,411503181033,경기도 의정부시 오목로,2,,4115010500102220006033032,,경기도 의정부시 오목로 2,480838,11792,,1,,127.084025381643,37.7313337592836
MA0106202405A0505102,위글위글집명동,,G2,소매,G221,기타 상품 소매,G22199,그 외 기타 상품 전문 소매업,G47859,그 외 기타 분류 안된 상품 전문 소매업,11,서울특별시,11140,중구,11140550,명동,1114012500,충무로2가,1114012500100630004,1,대지,63,4,서울특별시 중구 충무로2가 63-4,111404103160,서울특별시 중구 명동8가길,24,,1114012500100630004019907,,서울특별시 중구 명동8가길 24,100861,04537,,,,126.986350172359,37.5615905551536
MA0106202407A1631913,슈퍼마R,잠실점,G2,소매,G221,기타 상품 소매,G22199,그 외 기타 상품 전문 소매업,G47859,그 외 기타 분류 안된 상품 전문 소매업,11,서울특별시,11710,송파구,11710710,잠실6동,1171010200,신천동,1171010200100070000,1,대지,7,,서울특별시 송파구 신천동 7,117104169554,서울특별시 송파구 올림픽로35길,124,,1171010200100070000000265,장미1차,서울특별시 송파구 올림픽로35길 124,138796,05504,,1,,127.098116368707,37.517149306956
MA0106202407A0157112,윌비종합상사,,G2,소매,G221,기타 상품 소매,G22199,그 외 기타 상품 전문 소매업,G47859,그 외 기타 분류 안된 상품 전문 소매업,28,인천광역시,28140,동구,28140570,송현3동,2814010300,송현동,2814010300101290000,1,대지,129,,인천광역시 동구 송현동 129,281404250066,인천광역시 동구 방축로37번길,30,,2814010300101290000001672,인천산업용품유통단지,인천광역시 동구 방축로37번길 30,401704,22530,,,,126.652754921392,37.4861987386311
MA0106202407A0470001,빅언니야,,G2,소매,G221,기타 상품 소매,G22199,그 외 기타 상품 전문 소매업,G47859,그 외 기타 분류 안된 상품 전문 소매업,47,경상북도,47850,칠곡군,47850250,왜관읍,4785025021,왜관읍,4785025021107850033,1,대지,785,33,경상북도 칠곡군 왜관읍 왜관리 785-33,478504766066,경상북도 칠곡군 왜관읍 구상길,205,,4785025021107850033003878,빅마마,경상북도 칠곡군 왜관읍 구상길 205,718805,39897,,1,,128.394924439339,35.9851427813111
MA0106202407A0333007,씨디아이,,G2,소매,G221,기타 상품 소매,G22199,그 외 기타 상품 전문 소매업,G47859,그 외 기타 분류 안된 상품 전문 소매업,41,경기도,41590,화성시,41590253,봉담읍,4159025327,봉담읍,4159025327100960052,1,대지,96,52,경기도 화성시 봉담읍 분천리 96-52,415904430597,경기도 화성시 봉담읍 분천길,19,13,4159025327100960052033032,,경기도 화성시 봉담읍 분천길 19-13,445894,18329,,,,126.959547126669,37.206860373042
MA0106202407A2387255,몽마르니,,G2,소매,G221,기타 상품 소매,G22199,그 외 기타 상품 전문 소매업,G47859,그 외 기타 분류 안된 상품 전문 소매업,41,경기도,41115,수원시 팔달구,41115720,우만2동,4111514000,우만동,4111514000105710003,1,대지,571,3,경기도 수원시 팔달구 우만동 571-3,411153176009,경기도 수원시 팔달구 아주로,49,,4111514000105710003016177,상가일부,경기도 수원시 팔달구 아주로 49,442820,16497,,1,,127.043502233219,37.2792492716191
MA0106202407A0130198,혜민상사,,G2,소매,G221,기타 상품 소매,G22199,그 외 기타 상품 전문 소매업,G47859,그 외 기타 분류 안된 상품 전문 소매업,11,서울특별시,11560,영등포구,11560535,영등포동,1156010700,영등포동6가,1156010700101320000,1,대지,132,,서울특별시 영등포구 영등포동6가 132,115604154780,서울특별시 영등포구 영신로44길,6,,1156010700101320000033219,,서울특별시 영등포구 영신로44길 6,150030,07251,,,,126.902148590042,37.5221410821533
MA0106202407A0768935,휴몬랩,,G2,소매,G221,기타 상품 소매,G22199,그 외 기타 상품 전문 소매업,G47859,그 외 기타 분류 안된 상품 전문 소매업,11,서울특별시,11545,금천구,11545510,가산동,1154510100,가산동,1154510100103710063,1,대지,371,63,서울특별시 금천구 가산동 371-63,115453117001,서울특별시 금천구 가산디지털1로,146,,1154510100103710063014529,,서울특별시 금천구 가산디지털1로 146,153803,08507,,4,,126.883155072769,37.4787043605156
MA0106202407A0652287,맘스애찬,,G2,소매,G221,기타 상품 소매,G22199,그 외 기타 상품 전문 소매업,G47859,그 외 기타 분류 안된 상품 전문 소매업,29,광주광역시,29170,북구,29170590,용봉동,2917010700,용봉동,2917010700112430001,1,대지,1243,1,광주광역시 북구 용봉동 1243-1,291704286262,광주광역시 북구 반룡로42번길,1,,2917010700112430001026374,,광주광역시 북구 반룡로42번길 1,500844,61183,,1,,126.902590204467,35.1785864173627
MA0106202407A1729604,미리,,G2,소매,G221,기타 상품 소매,G22199,그 외 기타 상품 전문 소매업,G47859,그 외 기타 분류 안된 상품 전문 소매업,41,경기도,41410,군포시,41410570,재궁동,4141010500,금정동,4141010500107180001,1,대지,718,1,경기도 군포시 금정동 718-1,414104400207,경기도 군포시 번영로557번길,46,6,4141010500107180001006304,,경기도 군포시 번영로557번길 46-6,435863,15828,,3,,126.936447190995,37.3621532960338
MA0106202407A2406446,신앙촌상회,,G2,소매,G221,기타 상품 소매,G22199,그 외 기타 상품 전문 소매업,G47859,그 외 기타 분류 안된 상품 전문 소매업,11,서울특별시,11590,동작구,11590550,상도3동,1159010200,상도동,1159010200103150017,1,대지,315,17,서울특별시 동작구 상도동 315-17,115903119007,서울특별시 동작구 성대로,16,,1159010200103150017024610,일부,서울특별시 동작구 성대로 16,156033,07042,,1,,126.932406583236,37.4997272678545
MA0106202407A0214317,처재의농.수산물,,G2,소매,G221,기타 상품 소매,G22199,그 외 기타 상품 전문 소매업,G47859,그 외 기타 분류 안된 상품 전문 소매업,48,경상남도,48850,하동군,48850310,화개면,4885031023,화개면,4885031023107550001,1,대지,755,1,경상남도 하동군 화개면 탑리 755-1,488503344009,경상남도 하동군 화개면 쌍계로,17,,4885031023107550001000013,,경상남도 하동군 화개면 쌍계로 17,667822,52303,,,,127.623873122436,35.1880693198508
MA0106202407A0672614,영신수퍼마R,,G2,소매,G221,기타 상품 소매,G22199,그 외 기타 상품 전문 소매업,G47859,그 외 기타 분류 안된 상품 전문 소매업,51,강원특별자치도,51130,원주시,51130575,학성동,5113010900,학성동,5113010900109730002,1,대지,973,2,강원특별자치도 원주시 학성동 973-2,511304457379,강원특별자치도 원주시 송계1길,21,,4213010900109730002017060,,강원특별자치도 원주시 송계1길 21,220963,26413,,1,,127.939370379052,37.3582510064819
MA0106202410A2291577,씨제이올리브영대치,사거리점,G2,소매,G221,기타 상품 소매,G22199,그 외 기타 상품 전문 소매업,G47859,그 외 기타 분류 안된 상품 전문 소매업,11,서울특별시,11680,강남구,11680610,대치2동,1168010600,대치동,1168010600109620001,1,대지,962,1,서울특별시 강남구 대치동 962-1,116803122005,서울특별시 강남구 삼성로,342,,1168010600109620006027255,,서울특별시 강남구 삼성로 342,135848,06186,,1,,127.059520840155,37.5022364072647
MA0106202409A2214729,24시무인마트,,G2,소매,G221,기타 상품 소매,G22199,그 외 기타 상품 전문 소매업,G47859,그 외 기타 분류 안된 상품 전문 소매업,11,서울특별시,11440,마포구,11440585,도화동,1144010400,도화동,1144010400103530000,1,대지,353,,서울특별시 마포구 도화동 353,114404139064,서울특별시 마포구 도화4길,73,,1144010400103530000003621,현대홈타운,서울특별시 마포구 도화4길 73,121773,04180,,,,126.951131352906,37.5387138919293
MA0106202409A1686989,센텀FS,,G2,소매,G221,기타 상품 소매,G22199,그 외 기타 상품 전문 소매업,G47859,그 외 기타 분류 안된 상품 전문 소매업,11,서울특별시,11740,강동구,11740525,상일1동,1174010300,상일동,1174010300102850006,1,대지,285,6,서울특별시 강동구 상일동 285-6,117403124004,서울특별시 강동구 상일로,19,,1174010300102850006020282,,서울특별시 강동구 상일로 19,134837,05283,,4,,127.172947553156,37.5488597311247
MA0106202408A0359451,일소공,,G2,소매,G221,기타 상품 소매,G22199,그 외 기타 상품 전문 소매업,G47859,그 외 기타 분류 안된 상품 전문 소매업,26,부산광역시,26350,해운대구,26350540,중2동,2635010600,중동,2635010600115210042,1,대지,1521,42,부산광역시 해운대구 중동 1521-42,263504199224,부산광역시 해운대구 좌동순환로433번길,9,,2635010600115210042013065,,부산광역시 해운대구 좌동순환로433번길 9,612850,48114,,1,,129.174591517222,35.1614188755741
MA0106202408A1118324,루트90,,G2,소매,G221,기타 상품 소매,G22199,그 외 기타 상품 전문 소매업,G47859,그 외 기타 분류 안된 상품 전문 소매업,41,경기도,41590,화성시,41590253,봉담읍,4159025327,봉담읍,4159025327101450005,1,대지,145,5,경기도 화성시 봉담읍 분천리 145-5,415903210107,경기도 화성시 봉담읍 최루백로,289,,4159025327101450005000001,,경기도 화성시 봉담읍 최루백로 289,445894,18329,,1,,126.966973756403,37.2000957806329
MA0106202408A2112936,호앙비엣충정로점,,G2,소매,G221,기타 상품 소매,G22199,그 외 기타 상품 전문 소매업,G47859,그 외 기타 분류 안된 상품 전문 소매업,11,서울특별시,11140,중구,11140680,중림동,1114017100,중림동,1114017100100210010,1,대지,21,10,서울특별시 중구 중림동 21-10,111403101023,서울특별시 중구 청파로,451,1,1114017100100210010000408,,서울특별시 중구 청파로 451-1,100858,04506,,1,,126.968094646428,37.5596318701499
MA0106202408A0792518,세계과자,전문점,G2,소매,G221,기타 상품 소매,G22199,그 외 기타 상품 전문 소매업,G47859,그 외 기타 분류 안된 상품 전문 소매업,41,경기도,41171,안양시 만안구,41171510,안양1동,4117110100,안양동,4117110100106740166,1,대지,674,166,경기도 안양시 만안구 안양동 674-166,411714346302,경기도 안양시 만안구 장내로149번길,37,,4117110100106740166008353,,경기도 안양시 만안구 장내로149번길 37,430831,13992,,1,,126.922670885617,37.3996727460526
MA0106202408A0354337,토라누리,,G2,소매,G221,기타 상품 소매,G22199,그 외 기타 상품 전문 소매업,G47859,그 외 기타 분류 안된 상품 전문 소매업,11,서울특별시,11470,양천구,11470550,목5동,1147010200,목동,1147010200109000004,1,대지,900,4,서울특별시 양천구 목동 900-4,114703000010,서울특별시 양천구 안양천로,1131,,1147010200109000004015928,,서울특별시 양천구 안양천로 1131,158872,07978,,1,,126.883633220775,37.5421445272883
MA0106202408A1639663,당근포차,,G2,소매,G221,기타 상품 소매,G22199,그 외 기타 상품 전문 소매업,G47859,그 외 기타 분류 안된 상품 전문 소매업,44,충청남도,44825,태안군,44825253,안면읍,4482525321,안면읍,4482525321112680000,1,대지,1268,,충청남도 태안군 안면읍 승언리 1268,448253264016,충청남도 태안군 안면읍 방포로,2,,4482525321112580000002819,,충청남도 태안군 안면읍 방포로 2,357961,32164,,,,126.34553963194,36.5161784404751
MA0106202408A2089753,주-코지스토리,,G2,소매,G221,기타 상품 소매,G22199,그 외 기타 상품 전문 소매업,G47859,그 외 기타 분류 안된 상품 전문 소매업,41,경기도,41310,구리시,41310510,갈매동,4131010100,갈매동,4131010100105520012,1,대지,552,12,경기도 구리시 갈매동 552-12,413104857375,경기도 구리시 갈매순환로166번길,46,,4131010100105520012000001,,경기도 구리시 갈매순환로166번길 46,471859,11901,,3,,127.124862650083,37.6358750527591
MA0106202408A2335586,달콤대로1898,,G2,소매,G221,기타 상품 소매,G22199,그 외 기타 상품 전문 소매업,G47859,그 외 기타 분류 안된 상품 전문 소매업,43,충청북도,43111,청주시 상당구,43111730,용암2동,4311112400,용암동,4311112400118980000,1,대지,1898,,충청북도 청주시 상당구 용암동 1898,431114508229,충청북도 청주시 상당구 무농정로3번길,64,,4311112400118980000030410,,충청북도 청주시 상당구 무농정로3번길 64,360825,28782,,1,,127.506144810005,36.6083204862647
MA0106202408A1776749,슈퍼복권나라,,G2,소매,G221,기타 상품 소매,G22199,그 외 기타 상품 전문 소매업,G47859,그 외 기타 분류 안된 상품 전문 소매업,26,부산광역시,26530,사상구,26530670,학장동,2653010700,학장동,2653010700102760015,1,대지,276,15,부산광역시 사상구 학장동 276-15,265302006017,부산광역시 사상구 학감대로,166,,2653010700102760015001707,,부산광역시 사상구 학감대로 166,617844,47021,,1,,128.988680107264,35.1456809763033
MA0106202408A1392074,링크업,,G2,소매,G221,기타 상품 소매,G22199,그 외 기타 상품 전문 소매업,G47859,그 외 기타 분류 안된 상품 전문 소매업,26,부산광역시,26200,영도구,26200530,남항동,2620010100,대교동1가,2620010100100590000,1,대지,59,,부산광역시 영도구 대교동1가 59,262003128013,부산광역시 영도구 봉래나루로,33,,2620010100100590000000001,,부산광역시 영도구 봉래나루로 33,606011,49037,,,,129.037657538456,35.0941940849935
MA0106202408A0971114,고메원,,G2,소매,G221,기타 상품 소매,G22199,그 외 기타 상품 전문 소매업,G47859,그 외 기타 분류 안된 상품 전문 소매업,48,경상남도,48220,통영시,48220350,욕지면,4822035021,욕지면,4822035021103750000,1,대지,375,,경상남도 통영시 욕지면 동항리 375,482203333021,경상남도 통영시 욕지면 옥동로,117,,4822035021103750000000001,,경상남도 통영시 욕지면 옥동로 117,650912,53100,,1,,128.276979329467,34.6220793318185
MA0106202404A2286995,씨제이올리브영수유역점,,G2,소매,G221,기타 상품 소매,G22199,그 외 기타 상품 전문 소매업,G47859,그 외 기타 분류 안된 상품 전문 소매업,11,서울특별시,11305,강북구,11305635,수유3동,1130510300,수유동,1130510300102290011,1,대지,229,11,서울특별시 강북구 수유동 229-11,113053005039,서울특별시 강북구 도봉로,329,,1130510300102290011008006,,서울특별시 강북구 도봉로 329,142878,01073,,1,,127.02471024507,37.6375512987722
MA0106202404A2286549,씨제이올리브영삼전역점,,G2,소매,G221,기타 상품 소매,G22199,그 외 기타 상품 전문 소매업,G47859,그 외 기타 분류 안된 상품 전문 소매업,11,서울특별시,11710,송파구,11710610,삼전동,1171010600,삼전동,1171010600100280006,1,대지,28,6,서울특별시 송파구 삼전동 28-6,117103123006,서울특별시 송파구 백제고분로,196,,1171010600100280006007779,,서울특별시 송파구 백제고분로 196,138837,05581,,1,,127.088305059534,37.5039843677954
MA0106202407A1067211,우래커뮤니케이션,,G2,소매,G221,기타 상품 소매,G22199,그 외 기타 상품 전문 소매업,G47859,그 외 기타 분류 안된 상품 전문 소매업,41,경기도,41590,화성시,41590253,봉담읍,4159025325,봉담읍,4159025325105890000,1,대지,589,,경기도 화성시 봉담읍 와우리 589,415904430994,경기도 화성시 봉담읍 와우로15번길,8,,4159025325105890000000001,해오름마을봉담그대가3단지,경기도 화성시 봉담읍 와우로15번길 8,445737,18321,,1,,126.970301730541,37.2158920801039
MA0106202407A1113697,_까까멜레온,남문점,G2,소매,G221,기타 상품 소매,G22199,그 외 기타 상품 전문 소매업,G47859,그 외 기타 분류 안된 상품 전문 소매업,48,경상남도,48129,창원시 진해구,48129630,웅천동,4812915000,남문동,4812915000112930001,1,대지,1293,1,경상남도 창원시 진해구 남문동 1293-1,481294793732,경상남도 창원시 진해구 웅천동로43번길,17,,4812915000112930001000014,남문호반베르디움,경상남도 창원시 진해구 웅천동로43번길 17,645370,51618,,,,128.756534898754,35.1031183379471
MA0106202407A2315330,엠에이치앤코버터,홍대점,G2,소매,G221,기타 상품 소매,G22199,그 외 기타 상품 전문 소매업,G47859,그 외 기타 분류 안된 상품 전문 소매업,11,서울특별시,11440,마포구,11440660,서교동,1144012100,동교동,1144012100101590008,1,대지,159,8,서울특별시 마포구 동교동 159-8,114403113014,서울특별시 마포구 양화로,153,,1144012100101590008028792,,서울특별시 마포구 양화로 153,121898,03995,,2,,126.922633616505,37.5564933833549
MA0106202407A2315342,엠에이치앤코모던대구수성못점,,G2,소매,G221,기타 상품 소매,G22199,그 외 기타 상품 전문 소매업,G47859,그 외 기타 분류 안된 상품 전문 소매업,27,대구광역시,27260,수성구,27260640,두산동,2726011100,두산동,2726011100108140000,1,대지,814,,대구광역시 수성구 두산동 814,272603146020,대구광역시 수성구 용학로,118,,2726011100108140000005457,,대구광역시 수성구 용학로 118,706802,42217,,1,,128.622325076755,35.824196784071
MA0106202407A2315374,엠에이치앤코모던AK,세종점,G2,소매,G221,기타 상품 소매,G22199,그 외 기타 상품 전문 소매업,G47859,그 외 기타 분류 안된 상품 전문 소매업,36,세종특별자치시,36110,세종특별자치시,36110523,어진동,3611011000,어진동,3611011000105210000,1,대지,521,,세종특별자치시 세종특별자치시 어진동 521,361103258077,세종특별자치시 세종특별자치시 다솜1로,20,,3611011000105210000000001,세종타워,세종특별자치시 세종특별자치시 다솜1로 20,339012,30116,,2,,127.256678064288,36.5003143900996
MA0106202408A0401964,장미마트,,G2,소매,G221,기타 상품 소매,G22199,그 외 기타 상품 전문 소매업,G47859,그 외 기타 분류 안된 상품 전문 소매업,52,전북특별자치도,52113,전주시 덕진구,52113641,송천1동,5211312100,송천동1가,5211312100101710108,1,대지,171,108,전북특별자치도 전주시 덕진구 송천동1가 171-108,521134601247,전북특별자치도 전주시 덕진구 솔내2길,62,,4511312100101710108025796,,전북특별자치도 전주시 덕진구 솔내2길 62,561816,54837,,1,,127.123851047242,35.8569658781126
MA0106202407A2315321,모던구미G7,스퀘어점,G2,소매,G221,기타 상품 소매,G22199,그 외 기타 상품 전문 소매업,G47859,그 외 기타 분류 안된 상품 전문 소매업,47,경상북도,47190,구미시,47190565,선주원남동,4719010400,봉곡동,4719010400100360000,1,대지,36,,경상북도 구미시 봉곡동 36,471903018024,경상북도 구미시 야은로,296,,4719010400100360000000001,,경상북도 구미시 야은로 296,730807,39214,,,,128.315137595759,36.1386088971826
MA0106202406A1114181,안민점_까까멜레온,,G2,소매,G221,기타 상품 소매,G22199,그 외 기타 상품 전문 소매업,G47859,그 외 기타 분류 안된 상품 전문 소매업,48,경상남도,48123,창원시 성산구,48123560,성주동,4812311000,안민동,4812311000100720000,1,대지,72,,경상남도 창원시 성산구 안민동 72,481234784162,경상남도 창원시 성산구 안민안길,20,,4812311000100720000029345,한솔프라자,경상남도 창원시 성산구 안민안길 20,642120,51548,,,,128.691739253159,35.1865745521635
MA0106202408A0346017,밀라노,,G2,소매,G221,기타 상품 소매,G22199,그 외 기타 상품 전문 소매업,G47859,그 외 기타 분류 안된 상품 전문 소매업,11,서울특별시,11305,강북구,11305660,인수동,1130510300,수유동,1130510300105470010,1,대지,547,10,서울특별시 강북구 수유동 547-10,113054124537,서울특별시 강북구 인수봉로78길,5,,1130510300105470010001016,우측,서울특별시 강북구 인수봉로78길 5,142887,01031,,1,,127.011160881329,37.6445720280508
MA0106202408A0486725,꽁주점빵,,G2,소매,G221,기타 상품 소매,G22199,그 외 기타 상품 전문 소매업,G47859,그 외 기타 분류 안된 상품 전문 소매업,27,대구광역시,27110,중구,27110575,성내2동,2711014400,서문로1가,2711014400100110001,1,대지,11,1,대구광역시 중구 서문로1가 11-1,271104223003,대구광역시 중구 경상감영길,39,,2711014400100110008005497,,대구광역시 중구 경상감영길 39,700251,41919,,1,,128.58954280217,35.8715035351384
MA0106202407A1452744,신성세라믹,,G2,소매,G221,기타 상품 소매,G22199,그 외 기타 상품 전문 소매업,G47859,그 외 기타 분류 안된 상품 전문 소매업,27,대구광역시,27260,수성구,27260580,수성2.3가동,2726010400,수성동2가,2726010400101140014,1,대지,114,14,대구광역시 수성구 수성동2가 114-14,272603146008,대구광역시 수성구 들안로,235,,2726010400101140014010405,,대구광역시 수성구 들안로 235,706032,42133,,,,128.616539925859,35.8510117034165
MA0106202407A1645953,알엠에스,,G2,소매,G221,기타 상품 소매,G22199,그 외 기타 상품 전문 소매업,G47859,그 외 기타 분류 안된 상품 전문 소매업,43,충청북도,43130,충주시,43130535,교현.안림동,4313010500,교현동,4313010500104400030,1,대지,440,30,충청북도 충주시 교현동 440-30,431304514108,충청북도 충주시 교동18길,21,1,4313010500104400030002856,,충청북도 충주시 교동18길 21-1,380950,27379,,1,,127.939525675849,36.976981539548
MA0106202407A0607055,대디스팜,,G2,소매,G221,기타 상품 소매,G22199,그 외 기타 상품 전문 소매업,G47859,그 외 기타 분류 안된 상품 전문 소매업,41,경기도,41610,광주시,41610253,초월읍,4161025330,초월읍,4161025330104590004,1,대지,459,4,경기도 광주시 초월읍 무갑리 459-4,416104433195,경기도 광주시 초월읍 무갑길,109,,4161025330104590004000001,,경기도 광주시 초월읍 무갑길 109,464965,12730,,,,127.319244030181,37.4211257198124
MA0106202407A1115064,1등축산,,G2,소매,G221,기타 상품 소매,G22199,그 외 기타 상품 전문 소매업,G47859,그 외 기타 분류 안된 상품 전문 소매업,41,경기도,41360,남양주시,41360256,화도읍,4136025628,화도읍,4136025628105530001,1,대지,553,1,경기도 남양주시 화도읍 창현리 553-1,413603197054,경기도 남양주시 화도읍 창현로,43,2,4136025628105530001000001,,경기도 남양주시 화도읍 창현로 43-2,472848,12183,,1,,127.305658637667,37.6468885501742
MA0106202407A1597061,내안애온기,,G2,소매,G221,기타 상품 소매,G22199,그 외 기타 상품 전문 소매업,G47859,그 외 기타 분류 안된 상품 전문 소매업,41,경기도,41590,화성시,41590586,동탄2동,4159012700,반송동,4159012700101570015,1,대지,157,15,경기도 화성시 반송동 157-15,415904856492,경기도 화성시 10용사2길,33,,4159012700101570015000001,,경기도 화성시 10용사2길 33,445160,18439,,1,,127.067081502357,37.1918728047336
MA0106202407A1684301,칠공,,G2,소매,G221,기타 상품 소매,G22199,그 외 기타 상품 전문 소매업,G47859,그 외 기타 분류 안된 상품 전문 소매업,41,경기도,41117,수원시 영통구,41117550,원천동,4111710200,원천동,4111710200102460000,1,대지,246,,경기도 수원시 영통구 원천동 246,411173177009,경기도 수원시 영통구 삼성로,253,,4111710200102460000000001,,경기도 수원시 영통구 삼성로 253,443822,16521,,11,,127.061430653337,37.265149047693
MA0106202407A0608835,하나바스앤메탈,,G2,소매,G221,기타 상품 소매,G22199,그 외 기타 상품 전문 소매업,G47859,그 외 기타 분류 안된 상품 전문 소매업,11,서울특별시,11710,송파구,11710610,삼전동,1171010600,삼전동,1171010600100090012,1,대지,9,12,서울특별시 송파구 삼전동 9-12,117103123006,서울특별시 송파구 백제고분로,227,,1171010600100090012008059,,서울특별시 송파구 백제고분로 227,138837,05605,,2,,127.091889590223,37.5034950910131
MA0106202410A0269212,C.B.S,코리아,G2,소매,G221,기타 상품 소매,G22199,그 외 기타 상품 전문 소매업,G47859,그 외 기타 분류 안된 상품 전문 소매업,41,경기도,41390,시흥시,41390589,정왕본동,4139013200,정왕동,4139013200122340016,1,대지,2234,16,경기도 시흥시 정왕동 2234-16,413904397274,경기도 시흥시 봉우순환로113번길,17,,4139013200122340016013011,씨비에스코리아,경기도 시흥시 봉우순환로113번길 17,429929,15047,,,,126.751310290393,37.3583138471124
MA0106202410A1241107,희자네손맛찬,,G2,소매,G221,기타 상품 소매,G22199,그 외 기타 상품 전문 소매업,G47859,그 외 기타 분류 안된 상품 전문 소매업,48,경상남도,48330,양산시,48330560,평산동,4833011900,평산동,4833011900111080095,1,대지,1108,95,경상남도 양산시 평산동 1108-95,483303338085,경상남도 양산시 평산회야로,35,,4833011900111080095027901,경보그린타워3차,경상남도 양산시 평산회야로 35,626755,50551,,1,,129.142907837613,35.3702443172023
MA0106202409A0120542,사랑기독교,백화점,G2,소매,G221,기타 상품 소매,G22199,그 외 기타 상품 전문 소매업,G47859,그 외 기타 분류 안된 상품 전문 소매업,28,인천광역시,28177,미추홀구,28177670,주안6동,2817710500,주안동,2817710500109200005,1,대지,920,5,인천광역시 미추홀구 주안동 920-5,281773000028,인천광역시 미추홀구 경인로,479,1,2817010600109200005005764,명신빌딩,인천광역시 미추홀구 경인로 479-1,402848,22144,,2,,126.69285669923,37.4594417711908
MA0106202409A2069661,다팜MALL,동두천점,G2,소매,G221,기타 상품 소매,G22199,그 외 기타 상품 전문 소매업,G47859,그 외 기타 분류 안된 상품 전문 소매업,41,경기도,41250,동두천시,41250600,상패동,4125011200,상패동,4125011200101190000,1,대지,119,,경기도 동두천시 상패동 119,412503012028,경기도 동두천시 삼육사로,805,,4125011200101190000012227,,경기도 동두천시 삼육사로 805,483120,11340,,,,127.042208282411,37.905691383684
MA0106202409A1378452,디디,,G2,소매,G221,기타 상품 소매,G22199,그 외 기타 상품 전문 소매업,G47859,그 외 기타 분류 안된 상품 전문 소매업,51,강원특별자치도,51730,횡성군,51730250,횡성읍,5173025021,횡성읍,5173025021106650004,1,대지,665,4,강원특별자치도 횡성군 횡성읍 읍상리 665-4,517303226044,강원특별자치도 횡성군 횡성읍 앞들동2로,14,,4273025021106650004000001,,강원특별자치도 횡성군 횡성읍 앞들동2로 14,225807,25230,,1,,127.986860431375,37.4859930635491
MA0106202409A0498455,에스오티,,G2,소매,G221,기타 상품 소매,G22199,그 외 기타 상품 전문 소매업,G47859,그 외 기타 분류 안된 상품 전문 소매업,41,경기도,41610,광주시,41610510,경안동,4161011200,역동,4161011200100270087,1,대지,27,87,경기도 광주시 역동 27-87,416103211038,경기도 광주시 중앙로,78,,4161011200100270087002986,,경기도 광주시 중앙로 78,464807,12758,,3,,127.260225413818,37.4072505442817
MA0106202409A1625301,수원모형,,G2,소매,G221,기타 상품 소매,G22199,그 외 기타 상품 전문 소매업,G47859,그 외 기타 분류 안된 상품 전문 소매업,41,경기도,41220,평택시,41220320,서탄면,4122032021,서탄면,4122032021105910000,1,대지,591,,경기도 평택시 서탄면 금암리 591,412203188033,경기도 평택시 서탄면 서탄로,324,,4122032021105910000030410,,경기도 평택시 서탄면 서탄로 324,451852,17704,,2,,127.033775272993,37.1114494212218
MA0106202409A1054589,쿡대디,,G2,소매,G221,기타 상품 소매,G22199,그 외 기타 상품 전문 소매업,G47859,그 외 기타 분류 안된 상품 전문 소매업,41,경기도,41135,성남시 분당구,41135545,정자동,4113510300,정자동,4113510300100460001,1,대지,46,1,경기도 성남시 분당구 정자동 46-1,411354340033,경기도 성남시 분당구 내정로129번길,26,,4113510300100460001011021,,경기도 성남시 분당구 내정로129번길 26,463848,13609,,지,,127.114344085949,37.3732067301998
MA0106202408A1383939,어쩌다반찬가게,,G2,소매,G221,기타 상품 소매,G22199,그 외 기타 상품 전문 소매업,G47859,그 외 기타 분류 안된 상품 전문 소매업,41,경기도,41500,이천시,41500340,마장면,4150034021,마장면,4150034021104280012,1,대지,428,12,경기도 이천시 마장면 오천리 428-12,415003351856,경기도 이천시 마장면 마장로,16,,4150034021104280012000001,마장타워,경기도 이천시 마장면 마장로 16,467814,17387,,1,,127.353950466797,37.2532017204646
MA0106202408A1927254,국제웰리스교육협회,,G2,소매,G221,기타 상품 소매,G22199,그 외 기타 상품 전문 소매업,G47859,그 외 기타 분류 안된 상품 전문 소매업,26,부산광역시,26410,금정구,26410600,장전1동,2641010800,장전동,2641010800100620017,1,대지,62,17,부산광역시 금정구 장전동 62-17,264103006033,부산광역시 금정구 금정로,191,,2641010800100620017032619,,부산광역시 금정구 금정로 191,609836,46248,,2,,129.087937648789,35.2417045749374
MA0106202408A0760349,기쁜소식미,,G2,소매,G221,기타 상품 소매,G22199,그 외 기타 상품 전문 소매업,G47859,그 외 기타 분류 안된 상품 전문 소매업,41,경기도,41150,의정부시,41150576,송산2동,4115010600,민락동,4115010600105730004,1,대지,573,4,경기도 의정부시 민락동 573-4,411503181033,경기도 의정부시 오목로,105,,4115010600105730004021300,세종빌딩,경기도 의정부시 오목로 105,480861,11808,,,,127.092506943818,37.7374089558896
MA0106202408A0545610,대풍에프앤비,,G2,소매,G221,기타 상품 소매,G22199,그 외 기타 상품 전문 소매업,G47859,그 외 기타 분류 안된 상품 전문 소매업,11,서울특별시,11215,광진구,11215860,구의2동,1121510300,구의동,1121510300100590013,1,대지,59,13,서울특별시 광진구 구의동 59-13,112152000008,서울특별시 광진구 천호대로,706,,1121510300100590013007340,,서울특별시 광진구 천호대로 706,143818,04980,,1,,127.092544627032,37.5485446716778
MA0106202408A2139657,드림유통,,G2,소매,G221,기타 상품 소매,G22199,그 외 기타 상품 전문 소매업,G47859,그 외 기타 분류 안된 상품 전문 소매업,28,인천광역시,28260,서구,28260580,가좌1동,2826011200,가좌동,2826011200101780049,1,대지,178,49,인천광역시 서구 가좌동 178-49,282602000013,인천광역시 서구 봉수대로,177,,2826011200101780357021121,,인천광역시 서구 봉수대로 177,404812,22845,,1,,126.660612157681,37.4914203619474
MA0106202408A2412332,딜리푸드,,G2,소매,G221,기타 상품 소매,G22199,그 외 기타 상품 전문 소매업,G47859,그 외 기타 분류 안된 상품 전문 소매업,30,대전광역시,30140,중구,30140620,석교동,3014010900,옥계동,3014010900100140025,1,대지,14,25,대전광역시 중구 옥계동 14-25,301403010004,대전광역시 중구 대종로,97,,3014010900100140025031293,,대전광역시 중구 대종로 97,301820,35068,,,,127.452227085233,36.3011527102798
MA0106202408A1975371,코코진주,,G2,소매,G221,기타 상품 소매,G22199,그 외 기타 상품 전문 소매업,G47859,그 외 기타 분류 안된 상품 전문 소매업,48,경상남도,48170,진주시,48170695,초장동,4817012200,초전동,4817012200103230004,1,대지,323,4,경상남도 진주시 초전동 323-4,481703332043,경상남도 진주시 월아산로,2063,,4817012200103230004000859,,경상남도 진주시 월아산로 2063,660985,52733,,,,128.118489636528,35.2120097804867
MA0106202408A1422761,이레찬,,G2,소매,G221,기타 상품 소매,G22199,그 외 기타 상품 전문 소매업,G47859,그 외 기타 분류 안된 상품 전문 소매업,41,경기도,41590,화성시,41590590,동탄5동,4159013100,영천동,4159013100106820006,1,대지,682,6,경기도 화성시 영천동 682-6,415904852413,경기도 화성시 지산1길,25,2,4159013100200270060000004,,경기도 화성시 지산1길 25-2,445130,18466,,1,,127.111470321355,37.2085268291323
MA0106202408A1687738,스마트홈,,G2,소매,G221,기타 상품 소매,G22199,그 외 기타 상품 전문 소매업,G47859,그 외 기타 분류 안된 상품 전문 소매업,47,경상북도,47290,경산시,47290250,하양읍,4729025022,하양읍,4729025022110540003,1,대지,1054,3,경상북도 경산시 하양읍 동서리 1054-3,472904739778,경상북도 경산시 하양읍 하양로37길,24,,4729025022110310006000001,,경상북도 경산시 하양읍 하양로37길 24,712908,38418,,,,128.828416352968,35.9194764621671
MA0106202408A2149873,울릉국화,,G2,소매,G221,기타 상품 소매,G22199,그 외 기타 상품 전문 소매업,G47859,그 외 기타 분류 안된 상품 전문 소매업,47,경상북도,47940,울릉군,47940320,북면,4794032024,북면,4794032024101530001,1,대지,153,1,경상북도 울릉군 북면 천부리 153-1,479404778034,경상북도 울릉군 북면 석포길,11,,4794032024101530002001363,여긴울릉도,경상북도 울릉군 북면 석포길 11,799821,40213,,,,130.908159518931,37.5451595433315
MA0106202408A0931730,이크비과자점,,G2,소매,G221,기타 상품 소매,G22199,그 외 기타 상품 전문 소매업,G47859,그 외 기타 분류 안된 상품 전문 소매업,41,경기도,41131,성남시 수정구,41131560,태평3동,4113110200,태평동,4113110200143010010,1,대지,4301,10,경기도 성남시 수정구 태평동 4301-10,411314334073,경기도 성남시 수정구 남문로35번길,1,,4113110200143010010008660,,경기도 성남시 수정구 남문로35번길 1,461828,13298,,1,,127.130760422477,37.4451721585406
MA0106202408A0023145,유미쥬얼리,,G2,소매,G221,기타 상품 소매,G22199,그 외 기타 상품 전문 소매업,G47859,그 외 기타 분류 안된 상품 전문 소매업,11,서울특별시,11110,종로구,11110615,종로1.2.3.4가동,1111015600,종로3가,1111015600100160000,1,대지,16,,서울특별시 종로구 종로3가 16,111103100013,서울특별시 종로구 종로,123,,1111015600100160000016890,,서울특별시 종로구 종로 123,110123,03139,,1,,126.991272559129,37.5706640514356
MA0106202407A0738802,파크멀티,,G2,소매,G221,기타 상품 소매,G22199,그 외 기타 상품 전문 소매업,G47859,그 외 기타 분류 안된 상품 전문 소매업,11,서울특별시,11260,중랑구,11260550,면목5동,1126010100,면목동,1126010100101600023,1,대지,160,23,서울특별시 중랑구 면목동 160-23,112604118135,서울특별시 중랑구 동일로92길,21,,1126010100101600023023601,,서울특별시 중랑구 동일로92길 21,131821,02224,,1,,127.081175782234,37.5835477110911
MA0106202406A2292337,씨제이올리브영안성마정점,,G2,소매,G221,기타 상품 소매,G22199,그 외 기타 상품 전문 소매업,G47859,그 외 기타 분류 안된 상품 전문 소매업,41,경기도,41550,안성시,41550250,공도읍,4155025030,공도읍,4155025030101490000,1,대지,149,,경기도 안성시 공도읍 마정리 149,415502012006,경기도 안성시 공도읍 서동대로,4473,,4155025030101490000024813,,경기도 안성시 공도읍 서동대로 4473,456822,17548,,1,,127.198828661948,37.0089798381201
MA0106202407A1363199,아이스블리스에버랜드점,,G2,소매,G221,기타 상품 소매,G22199,그 외 기타 상품 전문 소매업,G47859,그 외 기타 분류 안된 상품 전문 소매업,41,경기도,41461,용인시 처인구,41461250,포곡읍,4146125027,포곡읍,4146125027101870001,1,대지,187,1,경기도 용인시 처인구 포곡읍 전대리 187-1,414614409731,경기도 용인시 처인구 포곡읍 전대로76번길,1,,4146125027101870001035178,,경기도 용인시 처인구 포곡읍 전대로76번길 1,449815,17023,,1,,127.217775471946,37.2849317132429
MA0106202407A2315324,엠에이치앤코모던전주,효자점,G2,소매,G221,기타 상품 소매,G22199,그 외 기타 상품 전문 소매업,G47859,그 외 기타 분류 안된 상품 전문 소매업,52,전북특별자치도,52111,전주시 완산구,52111713,효자3동,5211114000,효자동1가,5211114000104340000,1,대지,434,,전북특별자치도 전주시 완산구 효자동1가 434,521113266053,전북특별자치도 전주시 완산구 용머리로,45,,4511114000104340000055692,,전북특별자치도 전주시 완산구 용머리로 45,560856,55056,,2,,127.115574857647,35.8069182279314
MA0106202407A2315353,엠에이치앤코모던,제천점,G2,소매,G221,기타 상품 소매,G22199,그 외 기타 상품 전문 소매업,G47859,그 외 기타 분류 안된 상품 전문 소매업,43,충청북도,43150,제천시,43150537,남현동,4315010300,동현동,4315010300101980001,1,대지,198,1,충청북도 제천시 동현동 198-1,431503014063,충청북도 제천시 단양로,3425,,4315010300101980001024012,,충청북도 제천시 단양로 3425,390190,27198,,1,,128.220950697073,37.1284677459464
MA0106202407A2110002,인사이드,,G2,소매,G221,기타 상품 소매,G22199,그 외 기타 상품 전문 소매업,G47859,그 외 기타 분류 안된 상품 전문 소매업,43,충청북도,43112,청주시 서원구,43112590,성화.개신.죽림동,4311210800,성화동,4311210800109030000,1,대지,903,,충청북도 청주시 서원구 성화동 903,431124512249,충청북도 청주시 서원구 구룡산로52번가길,9,,4311210800109030000000001,,충청북도 청주시 서원구 구룡산로52번가길 9,362230,28616,,1,,127.450680289654,36.613607521094
MA0106202407A1607922,일번가라면,,G2,소매,G221,기타 상품 소매,G22199,그 외 기타 상품 전문 소매업,G47859,그 외 기타 분류 안된 상품 전문 소매업,41,경기도,41281,고양시 덕양구,41281520,원신동,4128110300,신원동,4128110300106220000,1,대지,622,,경기도 고양시 덕양구 신원동 622,412813194072,경기도 고양시 덕양구 신원로,40,8,4128110300106220000000001,,경기도 고양시 덕양구 신원로 40-8,412070,10568,,,,126.888928557485,37.6641706898272
MA0106202407A2212711,1인칭피자시점&거대한피자,조원점,G2,소매,G221,기타 상품 소매,G22199,그 외 기타 상품 전문 소매업,G47859,그 외 기타 분류 안된 상품 전문 소매업,41,경기도,41111,수원시 장안구,41111597,조원1동,4111113600,조원동,4111113600107280012,1,대지,728,12,경기도 수원시 장안구 조원동 728-12,411113174012,경기도 수원시 장안구 조원로,112,,4111113600107280012038457,우측호,경기도 수원시 장안구 조원로 112,440847,16282,,1,,127.013986371127,37.3025662931878
MA0106202407A0828423,립메이드,,G2,소매,G221,기타 상품 소매,G22199,그 외 기타 상품 전문 소매업,G47859,그 외 기타 분류 안된 상품 전문 소매업,41,경기도,41113,수원시 권선구,41113530,세류2동,4111312600,세류동,4111312600110010006,1,대지,1001,6,경기도 수원시 권선구 세류동 1001-6,411133012001,경기도 수원시 권선구 덕영대로,1100,,4111312600110010006032572,,경기도 수원시 권선구 덕영대로 1100,441877,16656,,,,127.011925750379,37.2532525971364
MA0106202407A1343099,신진유통,,G2,소매,G221,기타 상품 소매,G22199,그 외 기타 상품 전문 소매업,G47859,그 외 기타 분류 안된 상품 전문 소매업,47,경상북도,47130,경주시,47130380,천북면,4713038025,천북면,4713038025106620001,1,대지,662,1,경상북도 경주시 천북면 동산리 662-1,471304715348,경상북도 경주시 천북면 동산새각단길,22,6,4713038025106600001108351,,경상북도 경주시 천북면 동산새각단길 22-6,780873,38035,,,,129.263359829681,35.892978662124
MA0106202407A0300713,구리전자담배하카,직영점,G2,소매,G221,기타 상품 소매,G22199,그 외 기타 상품 전문 소매업,G47859,그 외 기타 분류 안된 상품 전문 소매업,41,경기도,41310,구리시,41310530,인창동,4131010300,인창동,4131010300105270017,1,대지,527,17,경기도 구리시 인창동 527-17,413103012037,경기도 구리시 동구릉로,77,,4131010300105270017002055,,경기도 구리시 동구릉로 77,471834,11919,,,,127.134134833846,37.6069341859001
MA0106202407A2163320,아이스크림할인점,,G2,소매,G221,기타 상품 소매,G22199,그 외 기타 상품 전문 소매업,G47859,그 외 기타 분류 안된 상품 전문 소매업,11,서울특별시,11260,중랑구,11260660,망우3동,1126010500,망우동,1126010500104540036,1,대지,454,36,서울특별시 중랑구 망우동 454-36,112604118311,서울특별시 중랑구 봉우재로70길,77,,1126010500104540036003668,,서울특별시 중랑구 봉우재로70길 77,131807,02173,,1,,127.097523897703,37.5920316946356
MA0106202410A0021150,수연찹쌀떡&까까주까,,G2,소매,G221,기타 상품 소매,G22199,그 외 기타 상품 전문 소매업,G47859,그 외 기타 분류 안된 상품 전문 소매업,11,서울특별시,11140,중구,11140605,을지로동,1114015500,을지로3가,1114015500102820008,1,대지,282,8,서울특별시 중구 을지로3가 282-8,111403101006,서울특별시 중구 을지로,131,,1114015000102670001000001,지하상가,서울특별시 중구 을지로 131,100847,04543,,1,,126.994068844052,37.5664475654494
MA0106202410A2291561,씨제이올리브영올리브영서면타운,,G2,소매,G221,기타 상품 소매,G22199,그 외 기타 상품 전문 소매업,G47859,그 외 기타 분류 안된 상품 전문 소매업,26,부산광역시,26230,부산진구,26230520,부전2동,2623010300,부전동,2623010300101650003,1,대지,165,3,부산광역시 부산진구 부전동 165-3,262302000010,부산광역시 부산진구 중앙대로,704,1,2623010300101650003000001,지하2층,부산광역시 부산진구 중앙대로 704-1,614845,47291,,1,,129.059543227125,35.1556261634138
MA0106202409A1546338,오이코,,G2,소매,G221,기타 상품 소매,G22199,그 외 기타 상품 전문 소매업,G47859,그 외 기타 분류 안된 상품 전문 소매업,26,부산광역시,26290,남구,26290690,문현2동,2629010900,문현동,2629010900107510000,1,대지,751,,부산광역시 남구 문현동 751,262904006033,부산광역시 남구 전포대로91번길,47,,2629010900107590000018238,,부산광역시 남구 전포대로91번길 47,608827,48401,,1,,129.064261051713,35.1443173585801
MA0106202409A1177785,바이우리가,,G2,소매,G221,기타 상품 소매,G22199,그 외 기타 상품 전문 소매업,G47859,그 외 기타 분류 안된 상품 전문 소매업,52,전북특별자치도,52111,전주시 완산구,52111530,풍남동,5211111000,풍남동3가,5211111000100260005,1,대지,26,5,전북특별자치도 전주시 완산구 풍남동3가 26-5,521112266001,전북특별자치도 전주시 완산구 기린대로,85,,4511111000100260005030400,라한호텔,전북특별자치도 전주시 완산구 기린대로 85,560718,55041,,,,127.154075064793,35.8170322633211
MA0106202409A1664263,신앙촌상회,,G2,소매,G221,기타 상품 소매,G22199,그 외 기타 상품 전문 소매업,G47859,그 외 기타 분류 안된 상품 전문 소매업,41,경기도,41450,하남시,41450520,신장1동,4145010600,신장동,4145010600104270361,1,대지,427,361,경기도 하남시 신장동 427-361,414504406154,경기도 하남시 신장1로15번길,48,,4145010600104270361003742,,경기도 하남시 신장1로15번길 48,465820,12958,,1,,127.207310161567,37.5388573844455
MA0106202409A0817597,네모지,,G2,소매,G221,기타 상품 소매,G22199,그 외 기타 상품 전문 소매업,G47859,그 외 기타 분류 안된 상품 전문 소매업,41,경기도,41463,용인시 기흥구,41463520,구갈동,4146310200,구갈동,4146310200105910000,1,대지,591,,경기도 용인시 기흥구 구갈동 591,414633204001,경기도 용인시 기흥구 갈곡로,5,,4146310200105910000000001,네모지,경기도 용인시 기흥구 갈곡로 5,446573,16979,,1,,127.128915502258,37.2718886468249
MA0106202408A0627838,비투바이오,,G2,소매,G221,기타 상품 소매,G22199,그 외 기타 상품 전문 소매업,G47859,그 외 기타 분류 안된 상품 전문 소매업,41,경기도,41430,의왕시,41430520,부곡동,4143011100,초평동,4143011100100160006,1,대지,16,6,경기도 의왕시 초평동 16-6,414303354142,경기도 의왕시 광진말로,54,,4143011100100160006000001,의왕스마트시티퀀텀,경기도 의왕시 광진말로 54,437060,16108,,,,126.940599795423,37.3210324359474
MA0106202408A0825214,머릿돌,,G2,소매,G221,기타 상품 소매,G22199,그 외 기타 상품 전문 소매업,G47859,그 외 기타 분류 안된 상품 전문 소매업,41,경기도,41360,남양주시,41360530,금곡동,4136010300,금곡동,4136010300105800002,1,대지,580,2,경기도 남양주시 금곡동 580-2,413604391482,경기도 남양주시 석실로653번길,31,,4136010300105800002007002,,경기도 남양주시 석실로653번길 31,472809,12240,,,,127.204256608502,37.6222675646555
MA0106202408A1039737,위더스플러스,,G2,소매,G221,기타 상품 소매,G22199,그 외 기타 상품 전문 소매업,G47859,그 외 기타 분류 안된 상품 전문 소매업,28,인천광역시,28185,연수구,28185820,송도1동,2818510600,송도동,2818510600100090017,1,대지,9,17,인천광역시 연수구 송도동 9-17,281854256188,인천광역시 연수구 인천타워대로54번길,15,3,2818510600100090016000001,리슈프라자,인천광역시 연수구 인천타워대로54번길 15-3,406081,22000,,,,126.646146463412,37.3793101125109
MA0106202408A0328903,서연유통,,G2,소매,G221,기타 상품 소매,G22199,그 외 기타 상품 전문 소매업,G47859,그 외 기타 분류 안된 상품 전문 소매업,31,울산광역시,31710,울주군,31710265,삼남읍,3171026521,삼남읍,3171026521115600010,1,대지,1560,10,울산광역시 울주군 삼남읍 교동리 1560-10,317104319526,울산광역시 울주군 삼남읍 서상평길,33,9,3171026521115600010000001,,울산광역시 울주군 삼남읍 서상평길 33-9,689812,44949,,,,129.114873876132,35.5619453016224
MA0106202408A2211543,카페블룸,,G2,소매,G221,기타 상품 소매,G22199,그 외 기타 상품 전문 소매업,G47859,그 외 기타 분류 안된 상품 전문 소매업,52,전북특별자치도,52130,군산시,52130690,수송동,5213014300,지곡동,5213014300105620007,1,대지,562,7,전북특별자치도 군산시 지곡동 562-7,521304604706,전북특별자치도 군산시 신평길,25,,4513014300105620007032618,,전북특별자치도 군산시 신평길 25,573370,54104,,,,126.713353296497,35.9575550389636
MA0106202408A1048557,만복차예,,G2,소매,G221,기타 상품 소매,G22199,그 외 기타 상품 전문 소매업,G47859,그 외 기타 분류 안된 상품 전문 소매업,41,경기도,41220,평택시,41220560,송북동,4122011000,지산동,4122011000100740003,1,대지,74,3,경기도 평택시 지산동 74-3,412203188024,경기도 평택시 삼남로,521,,4122011000100740003000001,,경기도 평택시 삼남로 521,459110,17728,,2,,127.090341818287,37.0709438307106
MA0106202408A1701738,도담도담,,G2,소매,G221,기타 상품 소매,G22199,그 외 기타 상품 전문 소매업,G47859,그 외 기타 분류 안된 상품 전문 소매업,28,인천광역시,28245,계양구,28245710,계양1동,2824511600,선주지동,2824511600102000009,1,대지,200,9,인천광역시 계양구 선주지동 200-9,282454265258,인천광역시 계양구 선주로56번길,13,2,2824511600102000009000001,,인천광역시 계양구 선주로56번길 13-2,407360,21005,,,,126.74713784968,37.5786286441308
MA0106202408A1982422,마틸다,,G2,소매,G221,기타 상품 소매,G22199,그 외 기타 상품 전문 소매업,G47859,그 외 기타 분류 안된 상품 전문 소매업,26,부산광역시,26380,사하구,26380630,감천2동,2638010800,감천동,2638010800100020007,1,대지,2,7,부산광역시 사하구 감천동 2-7,263803134002,부산광역시 사하구 감내2로,187,2,2638010800100020007028547,,부산광역시 사하구 감내2로 187-2,604800,49363,,,,129.010497515586,35.0981802807386
MA0106202408A1601703,올리브영,양평점,G2,소매,G221,기타 상품 소매,G22199,그 외 기타 상품 전문 소매업,G47859,그 외 기타 분류 안된 상품 전문 소매업,41,경기도,41830,양평군,41830250,양평읍,4183025021,양평읍,4183025021103080001,1,대지,308,1,경기도 양평군 양평읍 양근리 308-1,418303217015,경기도 양평군 양평읍 양근로,197,2,4183025021103080001025738,,경기도 양평군 양평읍 양근로 197-2,476802,12556,,1,,127.491552195644,37.489407599569
MA0106202407A0161770,이마트24인천대사회대점,,G2,소매,G221,기타 상품 소매,G22199,그 외 기타 상품 전문 소매업,G47859,그 외 기타 분류 안된 상품 전문 소매업,28,인천광역시,28185,연수구,28185820,송도1동,2818510600,송도동,2818510600100120001,1,대지,12,1,인천광역시 연수구 송도동 12-1,281853152017,인천광역시 연수구 아카데미로,119,,2818510600100120001000011,인천대학교,인천광역시 연수구 아카데미로 119,406772,22012,,,,126.632513237056,37.3780791892148
MA0106202404A2287180,씨제이올리브영올리브영홍대타운,,G2,소매,G221,기타 상품 소매,G22199,그 외 기타 상품 전문 소매업,G47859,그 외 기타 분류 안된 상품 전문 소매업,11,서울특별시,11440,마포구,11440660,서교동,1144012100,동교동,1144012100101650003,1,대지,165,3,서울특별시 마포구 동교동 165-3,114404139620,서울특별시 마포구 홍익로6길,57,,1144012100101650003011785,,서울특별시 마포구 홍익로6길 57,121817,04050,,1,,126.924365064074,37.5566206448107
MA0106202405A0879295,기찬두부&본손구이김,,G2,소매,G221,기타 상품 소매,G22199,그 외 기타 상품 전문 소매업,G47859,그 외 기타 분류 안된 상품 전문 소매업,28,인천광역시,28110,중구,28110623,영종2동,2811014500,중산동,2811014500118840001,1,대지,1884,1,인천광역시 중구 중산동 1884-1,281104247517,인천광역시 중구 하늘중앙로195번길,14,,2811014500118840001000001,이은스퀘어,인천광역시 중구 하늘중앙로195번길 14,400320,22397,,,,126.560778107606,37.4893614604324
MA0106202405A0879296,기찬두부&본손구이김,호매실점,G2,소매,G221,기타 상품 소매,G22199,그 외 기타 상품 전문 소매업,G47859,그 외 기타 분류 안된 상품 전문 소매업,41,경기도,41113,수원시 권선구,41113662,금곡동,4111313400,금곡동,4111313400110850003,1,대지,1085,3,경기도 수원시 권선구 금곡동 1085-3,411133175011,경기도 수원시 권선구 금곡로,112,,4111313400105710001000001,,경기도 수원시 권선구 금곡로 112,441460,16388,,,,126.94260995304,37.2739362270277
MA0106202407A2219631,디케이조은,,G2,소매,G221,기타 상품 소매,G22199,그 외 기타 상품 전문 소매업,G47859,그 외 기타 분류 안된 상품 전문 소매업,30,대전광역시,30140,중구,30140740,산성동,3014011900,안영동,3014011900106860005,1,대지,686,5,대전광역시 중구 안영동 686-5,301404295084,대전광역시 중구 대둔산로200번길,31,,3014011900106860005020450,,대전광역시 중구 대둔산로200번길 31,301211,35074,,,,127.380951353067,36.2873876597202
MA0106202407A2219632,일품물류,,G2,소매,G221,기타 상품 소매,G22199,그 외 기타 상품 전문 소매업,G47859,그 외 기타 분류 안된 상품 전문 소매업,30,대전광역시,30170,서구,30170590,가수원동,3017011400,가수원동,3017011400100440005,1,대지,44,5,대전광역시 서구 가수원동 44-5,301704298397,대전광역시 서구 벌곡로1328번안길,57,,3017011400100440005000001,전부,대전광역시 서구 벌곡로1328번안길 57,302800,35388,,,,127.358001870467,36.3003274795501
MA0106202405A0037890,라라마켓,,G2,소매,G221,기타 상품 소매,G22199,그 외 기타 상품 전문 소매업,G47859,그 외 기타 분류 안된 상품 전문 소매업,28,인천광역시,28185,연수구,28185840,송도3동,2818510600,송도동,2818510600101760001,1,대지,176,1,인천광역시 연수구 송도동 176-1,281854256367,인천광역시 연수구 송도과학로16번길,33,3,2818510600101760001000001,송도트리플스트리트,인천광역시 연수구 송도과학로16번길 33-3,406083,21984,,2,,126.661251193931,37.3798228727301
MA0106202405A0162634,쿠키랑빵이랑,,G2,소매,G221,기타 상품 소매,G22199,그 외 기타 상품 전문 소매업,G47859,그 외 기타 분류 안된 상품 전문 소매업,28,인천광역시,28110,중구,28110520,연안동,2811011800,항동7가,2811011800100600000,1,대지,60,,인천광역시 중구 항동7가 60,281103149027,인천광역시 중구 연안부두로,20,,2811011800100600000120024,,인천광역시 중구 연안부두로 20,400802,22349,,1,,126.603027531453,37.456272918692
MA0106202405A0529076,쿨드림컴퍼니,정자점,G2,소매,G221,기타 상품 소매,G22199,그 외 기타 상품 전문 소매업,G47859,그 외 기타 분류 안된 상품 전문 소매업,41,경기도,41135,성남시 분당구,41135550,정자1동,4113510300,정자동,4113510300101560001,1,대지,156,1,경기도 성남시 분당구 정자동 156-1,411354340264,경기도 성남시 분당구 성남대로331번길,3,3,4113510300101560001017105,젤존타워,경기도 성남시 분당구 성남대로331번길 3-3,463867,13558,,,,127.10770565581,37.3653289871415
MA0106202407A2315364,엠에이치앤코모던충주점,,G2,소매,G221,기타 상품 소매,G22199,그 외 기타 상품 전문 소매업,G47859,그 외 기타 분류 안된 상품 전문 소매업,43,충청북도,43130,충주시,43130535,교현.안림동,4313010500,교현동,4313010500100750001,1,대지,75,1,충청북도 충주시 교현동 75-1,431302238003,충청북도 충주시 금봉대로,350,1,4313010500100750001005020,,충청북도 충주시 금봉대로 350-1,380950,27486,,1,,127.947528381404,36.965726865537
MA0106202407A2315365,엠에이치앤코모던,오산점,G2,소매,G221,기타 상품 소매,G22199,그 외 기타 상품 전문 소매업,G47859,그 외 기타 분류 안된 상품 전문 소매업,41,경기도,41370,오산시,41370550,세마동,4137011100,외삼미동,4137011100103230001,1,대지,323,1,경기도 오산시 외삼미동 323-1,413703198015,경기도 오산시 문시로,109,4,4137011100103280011000001,,경기도 오산시 문시로 109-4,447230,18111,,,,127.058328668614,37.1897869938235
MA0106202407A2315322,엠에이치앤코모던전주,송천점,G2,소매,G221,기타 상품 소매,G22199,그 외 기타 상품 전문 소매업,G47859,그 외 기타 분류 안된 상품 전문 소매업,52,전북특별자치도,52113,전주시 덕진구,52113642,송천2동,5211312200,송천동2가,5211312200114220000,1,대지,1422,,전북특별자치도 전주시 덕진구 송천동2가 1422,521133267082,전북특별자치도 전주시 덕진구 송천중앙로,225,,4511312200104880003000001,파인트리몰,전북특별자치도 전주시 덕진구 송천중앙로 225,561302,54827,,2,,127.120910430937,35.8670629169979
MA0106202407A2315323,엠에이치앤코모던,방학점,G2,소매,G221,기타 상품 소매,G22199,그 외 기타 상품 전문 소매업,G47859,그 외 기타 분류 안된 상품 전문 소매업,11,서울특별시,11320,도봉구,11320690,방학1동,1132010600,방학동,1132010600107070006,1,대지,707,6,서울특별시 도봉구 방학동 707-6,113203005039,서울특별시 도봉구 도봉로,684,,1132010600107070006000001,모비우스스퀘어,서울특별시 도봉구 도봉로 684,132721,01334,,2,,127.043590569935,37.6653501657189
MA0106202407A2315331,엠에이치앤코모던광주,터미널점,G2,소매,G221,기타 상품 소매,G22199,그 외 기타 상품 전문 소매업,G47859,그 외 기타 분류 안된 상품 전문 소매업,29,광주광역시,29140,서구,29140730,광천동,2914011500,광천동,2914011500100490001,1,대지,49,1,광주광역시 서구 광천동 49-1,291402009009,광주광역시 서구 무진대로,904,,2914011500100490001022765,유스퀘어광천터미널,광주광역시 서구 무진대로 904,502712,61937,,2,,126.879880800396,35.1605749291126
MA0106202407A2315335,엠에이치앤코모던,보령점,G2,소매,G221,기타 상품 소매,G22199,그 외 기타 상품 전문 소매업,G47859,그 외 기타 분류 안된 상품 전문 소매업,44,충청남도,44180,보령시,44180545,대천4동,4418010600,궁촌동,4418010600101200008,1,대지,120,8,충청남도 보령시 궁촌동 120-8,441803252011,충청남도 보령시 대해로,77,,4418010600101200008000001,,충청남도 보령시 대해로 77,355060,33472,,1,,126.591737211561,36.341954064518
MA0106202407A0581290,안시아뜰리에,,G2,소매,G221,기타 상품 소매,G22199,그 외 기타 상품 전문 소매업,G47859,그 외 기타 분류 안된 상품 전문 소매업,11,서울특별시,11680,강남구,11680565,청담동,1168010400,청담동,1168010400100890010,1,대지,89,10,서울특별시 강남구 청담동 89-10,116804166289,서울특별시 강남구 도산대로59길,13,,1168010400100890010017780,위드윤영빌딩,서울특별시 강남구 도산대로59길 13,135954,06016,,1,,127.04189087661,37.5246789744016
MA0106202407A1132577,제이앤웰니스매점,,G2,소매,G221,기타 상품 소매,G22199,그 외 기타 상품 전문 소매업,G47859,그 외 기타 분류 안된 상품 전문 소매업,44,충청남도,44180,보령시,44180515,대천1동,4418010100,대천동,4418010100106180441,1,대지,618,441,충청남도 보령시 대천동 618-441,441803252052,충청남도 보령시 중앙로,46,,4418010400108280005011839,제이앤웰니스내매점,충청남도 보령시 중앙로 46,355011,33466,,,,126.598530972679,36.3486818227283
MA0106202407A1183548,패브릭스튜디오호호,,G2,소매,G221,기타 상품 소매,G22199,그 외 기타 상품 전문 소매업,G47859,그 외 기타 분류 안된 상품 전문 소매업,11,서울특별시,11650,서초구,11650610,방배2동,1165010100,방배동,1165010100104650006,1,대지,465,6,서울특별시 서초구 방배동 465-6,116504163167,서울특별시 서초구 방배천로6길,33,1,1165010100104650006013200,복도끝분홍색문,서울특별시 서초구 방배천로6길 33-1,137819,06691,,,,126.984330084026,37.4793918021753
MA0106202407A0168605,천우장갑,,G2,소매,G221,기타 상품 소매,G22199,그 외 기타 상품 전문 소매업,G47859,그 외 기타 분류 안된 상품 전문 소매업,28,인천광역시,28237,부평구,28237540,부평4동,2823710100,부평동,2823710100100100721,1,대지,10,721,인천광역시 부평구 부평동 10-721,282373154007,인천광역시 부평구 길주남로,50,,2823710100100100721110124,,인천광역시 부평구 길주남로 50,403816,21356,,,,126.727087737409,37.5043868799503
MA0106202407A2347122,파브아울렛,,G2,소매,G221,기타 상품 소매,G22199,그 외 기타 상품 전문 소매업,G47859,그 외 기타 분류 안된 상품 전문 소매업,52,전북특별자치도,52113,전주시 덕진구,52113665,여의동,5211313000,여의동,5211313000112120001,1,대지,1212,1,전북특별자치도 전주시 덕진구 여의동 1212-1,521133016002,전북특별자치도 전주시 덕진구 혁신로,626,,4511313000112120001011658,파브아울렛,전북특별자치도 전주시 덕진구 혁신로 626,561330,54851,,,,127.071860606457,35.8679764843925
MA0106202407A1203169,영인실사,,G2,소매,G221,기타 상품 소매,G22199,그 외 기타 상품 전문 소매업,G47859,그 외 기타 분류 안된 상품 전문 소매업,29,광주광역시,29170,북구,29170510,중흥1동,2917010100,중흥동,2917010100107210011,1,대지,721,11,광주광역시 북구 중흥동 721-11,291703009018,광주광역시 북구 경열로,228,,2917010100107210011011073,,광주광역시 북구 경열로 228,500878,61238,,1,,126.907014192774,35.1595081478092
MA0106202410A2330561,7991게러지,,G2,소매,G221,기타 상품 소매,G22199,그 외 기타 상품 전문 소매업,G47859,그 외 기타 분류 안된 상품 전문 소매업,44,충청남도,44131,천안시 동남구,44131570,신방동,4413111600,신방동,4413111600116810001,1,대지,1681,1,충청남도 천안시 동남구 신방동 1681-1,441313249059,충청남도 천안시 동남구 통정12로,77,,4413111600116810001000001,,충청남도 천안시 동남구 통정12로 77,330260,31205,,,,127.135910192385,36.7759454922196
MA0106202410A0490355,채움종합식품,,G2,소매,G221,기타 상품 소매,G22199,그 외 기타 상품 전문 소매업,G47859,그 외 기타 분류 안된 상품 전문 소매업,41,경기도,41630,양주시,41630570,옥정1동,4163011300,율정동,4163011300104050019,1,대지,405,19,경기도 양주시 율정동 405-19,416304436296,경기도 양주시 율정로139번길,20,,4163011300104050019000001,,경기도 양주시 율정로139번길 20,482150,11475,,,,127.103491391112,37.8287664221967
MA0106202409A2017781,달달한포차,,G2,소매,G221,기타 상품 소매,G22199,그 외 기타 상품 전문 소매업,G47859,그 외 기타 분류 안된 상품 전문 소매업,52,전북특별자치도,52113,전주시 덕진구,52113580,금암1동,5211310700,금암동,5211310700107290007,1,대지,729,7,전북특별자치도 전주시 덕진구 금암동 729-7,521133266013,전북특별자치도 전주시 덕진구 권삼득로,233,4,4511310700107290007010299,,전북특별자치도 전주시 덕진구 권삼득로 233-4,561803,54931,,1,,127.133352354573,35.838570088181
MA0106202409A2164907,멜레쟈&한생,,G2,소매,G221,기타 상품 소매,G22199,그 외 기타 상품 전문 소매업,G47859,그 외 기타 분류 안된 상품 전문 소매업,46,전라남도,46770,고흥군,46770250,고흥읍,4677025026,고흥읍,4677025026110370000,1,대지,1037,,전라남도 고흥군 고흥읍 남계리 1037,467703289003,전라남도 고흥군 고흥읍 고흥로,1695,,4677025026110370000000001,,전라남도 고흥군 고흥읍 고흥로 1695,548802,59543,,3,,127.280905919165,34.6051383481766
MA0106202409A0713947,고래집,,G2,소매,G221,기타 상품 소매,G22199,그 외 기타 상품 전문 소매업,G47859,그 외 기타 분류 안된 상품 전문 소매업,31,울산광역시,31170,동구,31170510,방어동,3117010100,방어동,3117010100103460007,1,대지,346,7,울산광역시 동구 방어동 346-7,311704313215,울산광역시 동구 중진길,38,,3117010100103460007006001,,울산광역시 동구 중진길 38,682804,44109,,,,129.423527332482,35.4837525337883
MA0106202409A1606172,요거트퍼플,,G2,소매,G221,기타 상품 소매,G22199,그 외 기타 상품 전문 소매업,G47859,그 외 기타 분류 안된 상품 전문 소매업,41,경기도,41390,시흥시,41390630,연성동,4139011900,하중동,4139011900108560003,1,대지,856,3,경기도 시흥시 하중동 856-3,413903199055,경기도 시흥시 하중로,195,,4139011900108560003010053,일부호,경기도 시흥시 하중로 195,429252,14976,,1,,126.804788398791,37.3942298803745
MA0106202408A0298571,또오기워크룸,,G2,소매,G221,기타 상품 소매,G22199,그 외 기타 상품 전문 소매업,G47859,그 외 기타 분류 안된 상품 전문 소매업,26,부산광역시,26350,해운대구,26350560,송정동,2635010800,송정동,2635010800101410007,1,대지,141,7,부산광역시 해운대구 송정동 141-7,263503133021,부산광역시 해운대구 송정1로,12,,2635010800101410007000001,,부산광역시 해운대구 송정1로 12,612040,48068,,1,,129.198744372187,35.1826369523235
MA0106202408A1493818,연합유통,,G2,소매,G221,기타 상품 소매,G22199,그 외 기타 상품 전문 소매업,G47859,그 외 기타 분류 안된 상품 전문 소매업,47,경상북도,47113,포항시 북구,47113655,죽도동,4711311600,죽도동,4711311600105860012,1,대지,586,12,경상북도 포항시 북구 죽도동 586-12,471134712584,경상북도 포항시 북구 죽도시장2길,17,,4711311600105860012094979,,경상북도 포항시 북구 죽도시장2길 17,791843,37741,,,,129.36796871311,36.0347330272492
MA0106202408A1101958,도로시앤컴퍼니,,G2,소매,G221,기타 상품 소매,G22199,그 외 기타 상품 전문 소매업,G47859,그 외 기타 분류 안된 상품 전문 소매업,11,서울특별시,11500,강서구,11500611,발산1동,1150010500,마곡동,1150010500107990009,1,대지,799,9,서울특별시 강서구 마곡동 799-9,115003155053,서울특별시 강서구 마곡중앙4로,18,,1150010500107990009000001,마곡그랑트윈타워,서울특별시 강서구 마곡중앙4로 18,157210,07631,,,,126.828614610166,37.5585206952668
MA0106202408A0913849,제노스템의정부고객센터,,G2,소매,G221,기타 상품 소매,G22199,그 외 기타 상품 전문 소매업,G47859,그 외 기타 분류 안된 상품 전문 소매업,41,경기도,41150,의정부시,41150520,의정부2동,4115010100,의정부동,4115010100104970000,1,대지,497,,경기도 의정부시 의정부동 497,411504343253,경기도 의정부시 신흥로232번길,5,8,4115010100104970000021168,,경기도 의정부시 신흥로232번길 5-8,480848,11651,,6,,127.043961625745,37.7371307268377
MA0106202408A0220794,로또시대,,G2,소매,G221,기타 상품 소매,G22199,그 외 기타 상품 전문 소매업,G47859,그 외 기타 분류 안된 상품 전문 소매업,26,부산광역시,26380,사하구,26380561,하단1동,2638010300,하단동,2638010300106170015,1,대지,617,15,부산광역시 사하구 하단동 617-15,263803134026,부산광역시 사하구 하신중앙로,344,,2638010300106170015008588,,부산광역시 사하구 하신중앙로 344,604848,49407,,1,,128.96776858343,35.1055773771759
MA0106202407A1937700,티블렌딩공작소,,G2,소매,G221,기타 상품 소매,G22199,그 외 기타 상품 전문 소매업,G47859,그 외 기타 분류 안된 상품 전문 소매업,28,인천광역시,28200,남동구,28200540,간석2동,2820010200,간석동,2820010200101300022,1,대지,130,22,인천광역시 남동구 간석동 130-22,282004259151,인천광역시 남동구 남동대로916번길,106,1,2820010200101300022021001,,인천광역시 남동구 남동대로916번길 106-1,405802,21545,,,,126.714114769818,37.4630721156752
MA0106202408A0466165,동해전통한과강정,,G2,소매,G221,기타 상품 소매,G22199,그 외 기타 상품 전문 소매업,G47859,그 외 기타 분류 안된 상품 전문 소매업,44,충청남도,44710,금산군,44710310,금성면,4471031023,금성면,4471031023106060000,1,대지,606,,충청남도 금산군 금성면 화림리 606,447103257056,충청남도 금산군 금성면 화엄로,279,18,4471031023106060000000001,,충청남도 금산군 금성면 화엄로 279-18,312912,32707,,,,127.427977794503,36.1253649587307
MA0106202410A0542609,나래플러스,,G2,소매,G221,기타 상품 소매,G22199,그 외 기타 상품 전문 소매업,G47859,그 외 기타 분류 안된 상품 전문 소매업,11,서울특별시,11215,광진구,11215810,광장동,1121510400,광장동,1121510400101270000,1,대지,127,,서울특별시 광진구 광장동 127,112154112359,서울특별시 광진구 아차산로78길,110,,1121510400101270000010438,리버힐오피스텔,서울특별시 광진구 아차산로78길 110,143802,04969,,8,,127.11017752923,37.5499891524184
MA0106202409A1416643,오곡베이커리,,G2,소매,G221,기타 상품 소매,G22199,그 외 기타 상품 전문 소매업,G47859,그 외 기타 분류 안된 상품 전문 소매업,46,전라남도,46130,여수시,46130740,둔덕동,4613012300,둔덕동,4613012300104340008,1,대지,434,8,전라남도 여수시 둔덕동 434-8,461303282046,전라남도 여수시 쌍봉로,359,,4613012300104340009044782,,전라남도 여수시 쌍봉로 359,550250,59695,,1,,127.693875084431,34.7685182312356
MA0106202409A2405679,해피하우스,,G2,소매,G221,기타 상품 소매,G22199,그 외 기타 상품 전문 소매업,G47859,그 외 기타 분류 안된 상품 전문 소매업,11,서울특별시,11110,종로구,11110700,숭인1동,1111017500,숭인동,1111017500100550006,1,대지,55,6,서울특별시 종로구 숭인동 55-6,111103005007,서울특별시 종로구 지봉로,82,,1111017500100550006002908,,서울특별시 종로구 지봉로 82,110862,03108,,,,127.015690433842,37.5774117823422
MA0106202409A2112787,한끼,,G2,소매,G221,기타 상품 소매,G22199,그 외 기타 상품 전문 소매업,G47859,그 외 기타 분류 안된 상품 전문 소매업,41,경기도,41281,고양시 덕양구,41281670,대덕동,4128113100,덕은동,4128113100103230002,1,대지,323,2,경기도 고양시 덕양구 덕은동 323-2,412813352414,경기도 고양시 덕양구 으뜸로,124,,4128113100103230002000001,드림코어,경기도 고양시 덕양구 으뜸로 124,412170,10544,,1,,126.869775500625,37.579124964281
MA0106202409A1985440,에이엠피케이,,G2,소매,G221,기타 상품 소매,G22199,그 외 기타 상품 전문 소매업,G47859,그 외 기타 분류 안된 상품 전문 소매업,41,경기도,41173,안양시 동안구,41173559,인덕원동,4117310200,관양동,4117310200102240005,1,대지,224,5,경기도 안양시 동안구 관양동 224-5,411732182002,경기도 안양시 동안구 시민대로,401,,4117310200102240005000001,대륭테크노타운15차,경기도 안양시 동안구 시민대로 401,431062,14057,,16,,126.974375115076,37.3970192211711
MA0106202409A2282608,메디푸드호남지사,,G2,소매,G221,기타 상품 소매,G22199,그 외 기타 상품 전문 소매업,G47859,그 외 기타 분류 안된 상품 전문 소매업,29,광주광역시,29200,광산구,29200620,비아동,2920011300,도천동,2920011300103520016,1,대지,352,16,광주광역시 광산구 도천동 352-16,292004289076,광주광역시 광산구 도천남길,64,,2920011300103520016000001,,광주광역시 광산구 도천남길 64,506300,62244,,1,,126.819649938825,35.2083261098208
MA0106202409A1030466,안샘,,G2,소매,G221,기타 상품 소매,G22199,그 외 기타 상품 전문 소매업,G47859,그 외 기타 분류 안된 상품 전문 소매업,11,서울특별시,11410,서대문구,11410685,홍은2동,1141011800,홍은동,1141011800103410004,1,대지,341,4,서울특별시 서대문구 홍은동 341-4,114103005053,서울특별시 서대문구 가좌로,147,,1141011800103410004009614,,서울특별시 서대문구 가좌로 147,120848,03675,,지,,126.923226858883,37.5849652156721
MA0106202409A2055730,와이에스케이,,G2,소매,G221,기타 상품 소매,G22199,그 외 기타 상품 전문 소매업,G47859,그 외 기타 분류 안된 상품 전문 소매업,41,경기도,41360,남양주시,41360259,진건읍,4136025925,진건읍,4136025925107510013,1,대지,751,13,경기도 남양주시 진건읍 용정리 751-13,413604391661,경기도 남양주시 진건읍 진건오남로86번길,44,21,4136025925107510013009969,,경기도 남양주시 진건읍 진건오남로86번길 44-21,472835,12135,,,,127.18292351986,37.6578013141687
MA0106202409A0031970,치즈밥있슈,,G2,소매,G221,기타 상품 소매,G22199,그 외 기타 상품 전문 소매업,G47859,그 외 기타 분류 안된 상품 전문 소매업,11,서울특별시,11230,동대문구,11230545,제기동,1123010300,제기동,1123010300101370094,1,대지,137,94,서울특별시 동대문구 제기동 137-94,112303005035,서울특별시 동대문구 안암로,144,,1123010300101370094030130,,서울특별시 동대문구 안암로 144,130860,02473,,1,,127.034317605868,37.5876251027613
MA0106202409A1138017,시쿠루디자인,,G2,소매,G221,기타 상품 소매,G22199,그 외 기타 상품 전문 소매업,G47859,그 외 기타 분류 안된 상품 전문 소매업,44,충청남도,44131,천안시 동남구,44131570,신방동,4413111600,신방동,4413111600101070001,1,대지,107,1,충청남도 천안시 동남구 신방동 107-1,441312249003,충청남도 천안시 동남구 서부대로,181,,4413111600101070001000001,,충청남도 천안시 동남구 서부대로 181,330939,31178,,,,127.127870141324,36.7843527991107
MA0106202408A0626144,제주라온카시트,,G2,소매,G221,기타 상품 소매,G22199,그 외 기타 상품 전문 소매업,G47859,그 외 기타 분류 안된 상품 전문 소매업,50,제주특별자치도,50110,제주시,50110690,도두동,5011012700,도두일동,5011012700112970001,1,대지,1297,1,제주특별자치도 제주시 도두일동 1297-1,501104848348,제주특별자치도 제주시 오일장중길,73,,5011012700112970001000002,,제주특별자치도 제주시 오일장중길 73,690241,63116,,,,126.474889500406,33.4979903775627
MA0106202408A1322478,올담,,G2,소매,G221,기타 상품 소매,G22199,그 외 기타 상품 전문 소매업,G47859,그 외 기타 분류 안된 상품 전문 소매업,43,충청북도,43114,청주시 청원구,43114253,오창읍,4311425345,오창읍,4311425345108100013,1,대지,810,13,충청북도 청주시 청원구 오창읍 양청리 810-13,431144520438,충청북도 청주시 청원구 오창읍 양청송대길,10,,4311425345108100013000001,,충청북도 청주시 청원구 오창읍 양청송대길 10,363883,28118,,,,127.438129598818,36.7126880675035
MA0106202408A0271009,보이명차,,G2,소매,G221,기타 상품 소매,G22199,그 외 기타 상품 전문 소매업,G47859,그 외 기타 분류 안된 상품 전문 소매업,28,인천광역시,28110,중구,28110615,개항동,2811014100,선린동,2811014100100290003,1,대지,29,3,인천광역시 중구 선린동 29-3,281103149056,인천광역시 중구 차이나타운로,55,,2811014100100290003024034,,인천광역시 중구 차이나타운로 55,400210,22314,,,,126.618633003231,37.4746687938039
MA0106202408A2240768,한스고방,,G2,소매,G221,기타 상품 소매,G22199,그 외 기타 상품 전문 소매업,G47859,그 외 기타 분류 안된 상품 전문 소매업,46,전라남도,46780,보성군,46780253,벌교읍,4678025321,벌교읍,4678025321106230008,1,대지,623,8,전라남도 보성군 벌교읍 벌교리 623-8,467804670423,전라남도 보성군 벌교읍 태백산맥길,34,,4678025321106230008701577,,전라남도 보성군 벌교읍 태백산맥길 34,546905,59424,,,,127.343297800121,34.8451977881649
MA0106202407A1601527,킹콩백화점,안중점,G2,소매,G221,기타 상품 소매,G22199,그 외 기타 상품 전문 소매업,G47859,그 외 기타 분류 안된 상품 전문 소매업,41,경기도,41220,평택시,41220253,안중읍,4122025324,안중읍,4122025324102610005,1,대지,261,5,경기도 평택시 안중읍 대반리 261-5,412202012006,경기도 평택시 안중읍 서동대로,1742,,4122025324102610005000001,,경기도 평택시 안중읍 서동대로 1742,451882,17928,,,,126.943350930974,36.9913454960701
MA0106202407A2291587,씨제이올리브영롯데프리미엄아울렛동,부산점,G2,소매,G221,기타 상품 소매,G22199,그 외 기타 상품 전문 소매업,G47859,그 외 기타 분류 안된 상품 전문 소매업,26,부산광역시,26710,기장군,26710250,기장읍,2671025032,기장읍,2671025032105240000,1,대지,524,,부산광역시 기장군 기장읍 당사리 524,267103140057,부산광역시 기장군 기장읍 기장해안로,147,,2671025032100640000000001,롯데프리미엄아울렛동부산점,부산광역시 기장군 기장읍 기장해안로 147,619902,46084,,2,,129.212778971514,35.1922125435306
MA0106202407A2291588,씨제이올리브영제주세화점,,G2,소매,G221,기타 상품 소매,G22199,그 외 기타 상품 전문 소매업,G47859,그 외 기타 분류 안된 상품 전문 소매업,50,제주특별자치도,50110,제주시,50110256,구좌읍,5011025633,구좌읍,5011025633101510004,1,대지,151,4,제주특별자치도 제주시 구좌읍 평대리 151-4,501103349235,제주특별자치도 제주시 구좌읍 일주동로,3113,,5011025633001510004049473,,제주특별자치도 제주시 구좌읍 일주동로 3113,695974,63360,,1,,126.852450654288,33.5232502637516
MA0106202406A0707540,한국비티비,서울지점,G2,소매,G221,기타 상품 소매,G22199,그 외 기타 상품 전문 소매업,G47859,그 외 기타 분류 안된 상품 전문 소매업,11,서울특별시,11710,송파구,11710531,거여1동,1171011300,거여동,1171011300100190009,1,대지,19,9,서울특별시 송파구 거여동 19-9,117103123014,서울특별시 송파구 오금로,459,,1171011300100190009026808,동인빌딩,서울특별시 송파구 오금로 459,138813,05743,,,,127.140584156324,37.4952930764558
MA0106202406A0707539,한국비티비,전주지점,G2,소매,G221,기타 상품 소매,G22199,그 외 기타 상품 전문 소매업,G47859,그 외 기타 분류 안된 상품 전문 소매업,52,전북특별자치도,52111,전주시 완산구,52111730,효자5동,5211114100,효자동2가,5211114100112430014,1,대지,1243,14,전북특별자치도 전주시 완산구 효자동2가 1243-14,521114598135,전북특별자치도 전주시 완산구 바우배기1길,21,,4511114100112430014000001,동인빌딩,전북특별자치도 전주시 완산구 바우배기1길 21,560800,54966,,5,,127.103979117259,35.8149139952517
MA0106202406A0707541,한국비티비,대구지점,G2,소매,G221,기타 상품 소매,G22199,그 외 기타 상품 전문 소매업,G47859,그 외 기타 분류 안된 상품 전문 소매업,27,대구광역시,27230,북구,27230780,동천동,2723012400,동천동,2723012400109040001,1,대지,904,1,대구광역시 북구 동천동 904-1,272303145025,대구광역시 북구 동천로,125,16,2723012400109040001000001,동천우리빌딩,대구광역시 북구 동천로 125-16,702886,41423,,4,,128.559108395787,35.9432819804341
MA0106202406A0707543,한국비티비,부산지점,G2,소매,G221,기타 상품 소매,G22199,그 외 기타 상품 전문 소매업,G47859,그 외 기타 분류 안된 상품 전문 소매업,48,경상남도,48330,양산시,48330253,물금읍,4833025323,물금읍,4833025323112690014,1,대지,1269,14,경상남도 양산시 물금읍 가촌리 1269-14,483303338111,경상남도 양산시 물금읍 백호로,70,,4833025323112690014000001,스프라자,경상남도 양산시 물금읍 백호로 70,626811,50613,,3,,129.00211226584,35.3178432490355
MA0106202407A0551370,파충류샵알파,,G2,소매,G221,기타 상품 소매,G22199,그 외 기타 상품 전문 소매업,G47859,그 외 기타 분류 안된 상품 전문 소매업,41,경기도,41131,성남시 수정구,41131625,위례동,4113110800,창곡동,4113110800105470004,1,대지,547,4,경기도 성남시 수정구 창곡동 547-4,411313000238,경기도 성남시 수정구 위례광장로,25,,4113110800105470004000001,성산타워,경기도 성남시 수정구 위례광장로 25,461210,13647,,3,,127.140078196085,37.4665695317338
MA0106202407A1618529,버블베어,,G2,소매,G221,기타 상품 소매,G22199,그 외 기타 상품 전문 소매업,G47859,그 외 기타 분류 안된 상품 전문 소매업,46,전라남도,46790,화순군,46790250,화순읍,4679025022,화순읍,4679025022100080006,1,대지,8,6,전라남도 화순군 화순읍 향청리 8-6,467903291050,전라남도 화순군 화순읍 중앙로,68,,4679025022100080006044313,,전라남도 화순군 화순읍 중앙로 68,519808,58124,,1,,126.988917038633,35.0603388613525
MA0106202407A2134223,티피티로스터스,,G2,소매,G221,기타 상품 소매,G22199,그 외 기타 상품 전문 소매업,G47859,그 외 기타 분류 안된 상품 전문 소매업,29,광주광역시,29170,북구,29170535,중흥동,2917010100,중흥동,2917010100102060000,1,대지,206,,광주광역시 북구 중흥동 206,291703162083,광주광역시 북구 향토문화로,36,22,2917010100102060000045871,,광주광역시 북구 향토문화로 36-22,500871,61211,,1,,126.915410407583,35.1702675087629
MA0106202407A1076015,헬로우릴라,,G2,소매,G221,기타 상품 소매,G22199,그 외 기타 상품 전문 소매업,G47859,그 외 기타 분류 안된 상품 전문 소매업,43,충청북도,43111,청주시 상당구,43111545,성안동,4311111000,남주동,4311111000105920004,1,대지,592,4,충청북도 청주시 상당구 남주동 592-4,431114508238,충청북도 청주시 상당구 무심동로336번길,21,,4311111000105920004049298,,충청북도 청주시 상당구 무심동로336번길 21,360120,28533,,1,,127.484256948191,36.6311199355121
MA0106202410A1973722,제이지유통,,G2,소매,G221,기타 상품 소매,G22199,그 외 기타 상품 전문 소매업,G47859,그 외 기타 분류 안된 상품 전문 소매업,41,경기도,41610,광주시,41610253,초월읍,4161025332,초월읍,4161025332100420016,1,대지,42,16,경기도 광주시 초월읍 도평리 42-16,416104433148,경기도 광주시 초월읍 도평길,197,8,4161025332100420016257337,,경기도 광주시 초월읍 도평길 197-8,464964,12734,,,,127.300747863663,37.4006220356216
MA0106202410A2069700,성도물류,,G2,소매,G221,기타 상품 소매,G22199,그 외 기타 상품 전문 소매업,G47859,그 외 기타 분류 안된 상품 전문 소매업,51,강원특별자치도,51210,속초시,51210510,영랑동,5121011300,장사동,5121011300101680001,1,대지,168,1,강원특별자치도 속초시 장사동 168-1,512103223023,강원특별자치도 속초시 미시령로,3097,,4221011300101680001000001,,강원특별자치도 속초시 미시령로 3097,217010,24801,,,,128.54561979017,38.2037642132721
MA0106202409A1734760,한일에이케이티,,G2,소매,G221,기타 상품 소매,G22199,그 외 기타 상품 전문 소매업,G47859,그 외 기타 분류 안된 상품 전문 소매업,26,부산광역시,26110,중구,26110560,부평동,2611012300,부평동1가,2611012300100230010,1,대지,23,10,부산광역시 중구 부평동1가 23-10,261104175236,부산광역시 중구 중구로39번길,3,,2611012300100230010000001,,부산광역시 중구 중구로39번길 3,600804,48978,,,,129.027645933642,35.1012379609072
MA0106202409A1308993,떡공방숲,,G2,소매,G221,기타 상품 소매,G22199,그 외 기타 상품 전문 소매업,G47859,그 외 기타 분류 안된 상품 전문 소매업,43,충청북도,43750,진천군,43750250,진천읍,4375025024,진천읍,4375025024103120000,1,대지,312,,충청북도 진천군 진천읍 읍내리 312,437504535376,충청북도 진천군 진천읍 중앙북4길,23,,4375025024103120000023229,,충청북도 진천군 진천읍 중앙북4길 23,365807,27833,,1,,127.443054631917,36.8567569167886
MA0106202409A2121546,구름위로,,G2,소매,G221,기타 상품 소매,G22199,그 외 기타 상품 전문 소매업,G47859,그 외 기타 분류 안된 상품 전문 소매업,11,서울특별시,11710,송파구,11710610,삼전동,1171010600,삼전동,1171010600100980011,1,대지,98,11,서울특별시 송파구 삼전동 98-11,117104169178,서울특별시 송파구 백제고분로27길,13,,1171010600100980011007857,,서울특별시 송파구 백제고분로27길 13,138839,05605,,1,,127.092897216333,37.5043682779665
MA0106202409A1991292,빙고링고원베일리,,G2,소매,G221,기타 상품 소매,G22199,그 외 기타 상품 전문 소매업,G47859,그 외 기타 분류 안된 상품 전문 소매업,11,서울특별시,11650,서초구,11650570,반포2동,1165010700,반포동,1165010700100010001,1,대지,1,1,서울특별시 서초구 반포동 1-1,116502121003,서울특별시 서초구 반포대로,291,,1165010700100000000000001,원베일리스퀘어,서울특별시 서초구 반포대로 291,137767,06506,,1,,126.999502372905,37.5049363978412
MA0106202409A1801095,홈헬스케어,,G2,소매,G221,기타 상품 소매,G22199,그 외 기타 상품 전문 소매업,G47859,그 외 기타 분류 안된 상품 전문 소매업,43,충청북도,43111,청주시 상당구,43111545,성안동,4311111100,석교동,4311111100101260014,1,대지,126,14,충청북도 청주시 상당구 석교동 126-14,431113236037,충청북도 청주시 상당구 영운로,165,,4311111100101260014049755,,충청북도 청주시 상당구 영운로 165,360060,28725,,1,,127.491896722493,36.6281419464155
MA0106202409A1667907,미락,,G2,소매,G221,기타 상품 소매,G22199,그 외 기타 상품 전문 소매업,G47859,그 외 기타 분류 안된 상품 전문 소매업,41,경기도,41220,평택시,41220650,동삭동,4122011900,동삭동,412201190010000,1,대지,,,경기도 평택시 동삭동 ,412204858167,경기도 평택시 모산영신1길,6,3,4122011900100000000000122,,경기도 평택시 모산영신1길 6-3,450140,18028,,,,127.08665223009,37.0203962668935
MA0106202408A0031974,클린전자,,G2,소매,G221,기타 상품 소매,G22199,그 외 기타 상품 전문 소매업,G47859,그 외 기타 분류 안된 상품 전문 소매업,41,경기도,41287,고양시 일산서구,41287550,주엽1동,4128710200,주엽동,4128710200101050000,1,대지,105,,경기도 고양시 일산서구 주엽동 105,412873192094,경기도 고양시 일산서구 중앙로,1425,,4128710200101050000006350,주엽역삼부르네상스,경기도 고양시 일산서구 중앙로 1425,411848,10386,,,,126.761383585246,37.6694685912984
MA0106202408A1691550,학교밖매점달콤이네,,G2,소매,G221,기타 상품 소매,G22199,그 외 기타 상품 전문 소매업,G47859,그 외 기타 분류 안된 상품 전문 소매업,52,전북특별자치도,52140,익산시,52140690,삼성동,5214013400,부송동,5214013400110480007,1,대지,1048,7,전북특별자치도 익산시 부송동 1048-7,521404607512,전북특별자치도 익산시 부송로2길,26,,4514013400110480007058238,,전북특별자치도 익산시 부송로2길 26,570973,54568,,1,,126.994856691518,35.9555089556059
MA0106202408A1285175,신키네도,코리아,G2,소매,G221,기타 상품 소매,G22199,그 외 기타 상품 전문 소매업,G47859,그 외 기타 분류 안된 상품 전문 소매업,11,서울특별시,11680,강남구,11680521,논현1동,1168010800,논현동,1168010800101840003,1,대지,184,3,서울특별시 강남구 논현동 184-3,116804166008,서울특별시 강남구 강남대로116길,10,,1168010800101840003009317,,서울특별시 강남구 강남대로116길 10,135827,06120,,3,,127.024904377152,37.5061501307352
MA0106202408A1372425,코돈바이오,,G2,소매,G221,기타 상품 소매,G22199,그 외 기타 상품 전문 소매업,G47859,그 외 기타 분류 안된 상품 전문 소매업,41,경기도,41310,구리시,41310510,갈매동,4131010100,갈매동,4131010100105520004,1,대지,552,4,경기도 구리시 갈매동 552-4,413103351112,경기도 구리시 갈매순환로,180,,4131010100105520004000001,,경기도 구리시 갈매순환로 180,471859,11901,,3,,127.122641402308,37.6354719393872
MA0106202408A0722485,마포유통,,G2,소매,G221,기타 상품 소매,G22199,그 외 기타 상품 전문 소매업,G47859,그 외 기타 분류 안된 상품 전문 소매업,51,강원특별자치도,51150,강릉시,51150340,강동면,5115034022,강동면,5115034022103470009,1,대지,347,9,강원특별자치도 강릉시 강동면 모전리 347-9,511503220011,강원특별자치도 강릉시 강동면 단경로,29,2,4215034022003470009044957,,강원특별자치도 강릉시 강동면 단경로 29-2,210821,25627,,1,,128.963421944792,37.7231814389813
MA0106202405A0037713,마마스푸드,,G2,소매,G221,기타 상품 소매,G22199,그 외 기타 상품 전문 소매업,G47859,그 외 기타 분류 안된 상품 전문 소매업,11,서울특별시,11170,용산구,11170530,남영동,1117010700,동자동,1117010700100560000,1,대지,56,,서울특별시 용산구 동자동 56,111702005005,서울특별시 용산구 한강대로,366,,1117010700100370085000001,,서울특별시 용산구 한강대로 366,140160,04323,,6,,126.972907874925,37.5510916151593
MA0106202408A1992525,사카,,G2,소매,G221,기타 상품 소매,G22199,그 외 기타 상품 전문 소매업,G47859,그 외 기타 분류 안된 상품 전문 소매업,44,충청남도,44133,천안시 서북구,44133510,성정1동,4413310200,성정동,4413310200101430004,1,대지,143,4,충청남도 천안시 서북구 성정동 143-4,441333250053,충청남도 천안시 서북구 봉정로,164,,4413310200101430004053396,,충청남도 천안시 서북구 봉정로 164,331998,31143,,2,,127.142482224933,36.8164788577647
MA0106202408A2013888,가스펠글로벌,,G2,소매,G221,기타 상품 소매,G22199,그 외 기타 상품 전문 소매업,G47859,그 외 기타 분류 안된 상품 전문 소매업,47,경상북도,47290,경산시,47290256,압량읍,4729025622,압량읍,4729025622103790000,1,대지,379,,경상북도 경산시 압량읍 신대리 379,472904739766,경상북도 경산시 압량읍 압독2로1길,21,,4729036022103790000000001,,경상북도 경산시 압량읍 압독2로1길 21,712822,38536,,1,,128.764338256174,35.8434710987048
MA0106202407A2315361,모던강릉,포남점,G2,소매,G221,기타 상품 소매,G22199,그 외 기타 상품 전문 소매업,G47859,그 외 기타 분류 안된 상품 전문 소매업,51,강원특별자치도,51150,강릉시,51150571,포남1동,5115011100,포남동,5115011100112780137,1,대지,1278,137,강원특별자치도 강릉시 포남동 1278-137,511503000145,강원특별자치도 강릉시 경강로,2294,,4215011100112780137000001,,강원특별자치도 강릉시 경강로 2294,210946,25570,,,,128.912830865543,37.7668755038821
MA0106202404A2457335,우리끼리키즈카페스포츠마을양주,옥정점,G2,소매,G221,기타 상품 소매,G22199,그 외 기타 상품 전문 소매업,G47859,그 외 기타 분류 안된 상품 전문 소매업,41,경기도,41630,양주시,41630580,옥정2동,4163011400,옥정동,4163011400109660001,1,대지,966,1,경기도 양주시 옥정동 966-1,416304852470,경기도 양주시 옥정동로7다길,62,,4163011400109660001000001,,경기도 양주시 옥정동로7다길 62,482130,11473,,2,,127.092825977385,37.8202072177478
MA0106202404A2457339,우리끼리키즈카페하늘마을평택비전점,,G2,소매,G221,기타 상품 소매,G22199,그 외 기타 상품 전문 소매업,G47859,그 외 기타 분류 안된 상품 전문 소매업,41,경기도,41220,평택시,41220620,비전1동,4122011800,비전동,4122011800110940001,1,대지,1094,1,경기도 평택시 비전동 1094-1,412203198032,경기도 평택시 비전2로,212,,4122011800110940001000001,,경기도 평택시 비전2로 212,450151,17854,,5,,127.113718248215,37.001910284371
MA0106202404A2457336,우리끼리키즈카페구미사곡역점,,G2,소매,G221,기타 상품 소매,G22199,그 외 기타 상품 전문 소매업,G47859,그 외 기타 분류 안된 상품 전문 소매업,47,경상북도,47190,구미시,47190645,상모사곡동,4719011500,사곡동,4719011500106740001,1,대지,674,1,경상북도 구미시 사곡동 674-1,471903308029,경상북도 구미시 상사서로,173,3,4719011500106740001043576,,경상북도 구미시 상사서로 173-3,730110,39325,,4,,128.356872614189,36.0977542721214
MA0106202407A2071443,騁팀決뵀㈇,,G2,소매,G221,기타 상품 소매,G22199,그 외 기타 상품 전문 소매업,G47859,그 외 기타 분류 안된 상품 전문 소매업,41,경기도,41150,의정부시,41150545,호원1동,4115010200,호원동,4115010200104610000,1,대지,461,,경기도 의정부시 호원동 461,411504343391,경기도 의정부시 평화로202번길,14,,4115010200104610000016689,신일유토빌플러스,경기도 의정부시 평화로202번길 14,480918,11712,,,,127.048822006926,37.7098023381582
MA0106202407A1654162,하소담,,G2,소매,G221,기타 상품 소매,G22199,그 외 기타 상품 전문 소매업,G47859,그 외 기타 분류 안된 상품 전문 소매업,30,대전광역시,30170,서구,30170596,관저1동,3017011600,관저동,3017011600117580000,1,대지,1758,,대전광역시 서구 관저동 1758,301704709116,대전광역시 서구 관저북로13번길,5,,3017011600117580000000001,,대전광역시 서구 관저북로13번길 5,302811,35363,,1,,127.336725639412,36.302777430307
MA0106202407A0418403,대도인터네셔널남부지사,,G2,소매,G221,기타 상품 소매,G22199,그 외 기타 상품 전문 소매업,G47859,그 외 기타 분류 안된 상품 전문 소매업,41,경기도,41273,안산시 단원구,41273610,대부동,4127311100,대부북동,4127311100114020001,1,대지,1402,1,경기도 안산시 단원구 대부북동 1402-1,412733000118,경기도 안산시 단원구 대선로,118,,4127311100114020001010688,경동택배,경기도 안산시 단원구 대선로 118,425330,15640,,,,126.56873457966,37.261288956661
MA0106202408A2466192,우리끼리키즈카페하늘마을청주,용암점,G2,소매,G221,기타 상품 소매,G22199,그 외 기타 상품 전문 소매업,G47859,그 외 기타 분류 안된 상품 전문 소매업,43,충청북도,43111,청주시 상당구,43111720,용암1동,4311112400,용암동,4311112400130300000,1,대지,3030,,충청북도 청주시 상당구 용암동 3030,431114857347,충청북도 청주시 상당구 중고개로141번길,10,,4311112400101970006000002,,충청북도 청주시 상당구 중고개로141번길 10,360101,28808,,,,127.516902444819,36.6174568299356
MA0106202408A1521337,안계행복영화관,,G2,소매,G221,기타 상품 소매,G22199,그 외 기타 상품 전문 소매업,G47859,그 외 기타 분류 안된 상품 전문 소매업,47,경상북도,47730,의성군,47730430,안계면,4773043030,안계면,4773043030108430005,1,대지,843,5,경상북도 의성군 안계면 용기리 843-5,477304745321,경상북도 의성군 안계면 안계시장길,30,,4773043030108430005075140,안계행복플랫폼,경상북도 의성군 안계면 안계시장길 30,769933,37312,,,,128.437751858538,36.3850223927439
MA0106202408A0504176,위글위글남산타워,,G2,소매,G221,기타 상품 소매,G22199,그 외 기타 상품 전문 소매업,G47859,그 외 기타 분류 안된 상품 전문 소매업,11,서울특별시,11170,용산구,11170520,용산2가동,1117010200,용산동2가,1117010200200010003,2,산,1,3,서울특별시 용산구 용산동2가 산1-3,111704103024,서울특별시 용산구 남산공원길,105,,1117010200200010011026010,가엔서울타워,서울특별시 용산구 남산공원길 105,140022,04340,,,,126.987868517227,37.5511211299665
MA0106202408A0505224,삼성당,,G2,소매,G221,기타 상품 소매,G22199,그 외 기타 상품 전문 소매업,G47859,그 외 기타 분류 안된 상품 전문 소매업,41,경기도,41480,파주시,41480370,적성면,4148037035,적성면,4148037035100470013,1,대지,47,13,경기도 파주시 적성면 마지리 47-13,414803206050,경기도 파주시 적성면 솥뒤로,5,,4148037035100470013007935,,경기도 파주시 적성면 솥뒤로 5,413913,10803,,,,126.918087495666,37.9547086128595
MA0106202408A0772259,롯데시네마강릉_티켓외,,G2,소매,G221,기타 상품 소매,G22199,그 외 기타 상품 전문 소매업,G47859,그 외 기타 분류 안된 상품 전문 소매업,51,강원특별자치도,51150,강릉시,51150520,중앙동,5115010800,성남동,5115010800102540000,1,대지,254,,강원특별자치도 강릉시 성남동 254,511503220034,강원특별자치도 강릉시 임영로,102,,4215010800102540000027388,일부,강원특별자치도 강릉시 임영로 102,210050,25544,,6,,128.895147192244,37.7511713690327
MA0106202408A0603810,아트박스영종,하늘도시점,G2,소매,G221,기타 상품 소매,G22199,그 외 기타 상품 전문 소매업,G47859,그 외 기타 분류 안된 상품 전문 소매업,28,인천광역시,28110,중구,28110622,영종1동,2811014500,중산동,2811014500118730002,1,대지,1873,2,인천광역시 중구 중산동 1873-2,281103149079,인천광역시 중구 하늘중앙로,221,,2811014500118730002000001,,인천광역시 중구 하늘중앙로 221,400320,22402,,1,,126.558544407263,37.4884881742086
MA0106202408A1113510,_까까멜레온,현동점,G2,소매,G221,기타 상품 소매,G22199,그 외 기타 상품 전문 소매업,G47859,그 외 기타 분류 안된 상품 전문 소매업,48,경상남도,48125,창원시 마산합포구,48125510,현동,4812515900,현동,4812515900103700000,1,대지,370,,경상남도 창원시 마산합포구 현동 370,481254793712,경상남도 창원시 마산합포구 현동4길,5,,4812515900103700000000001,,경상남도 창원시 마산합포구 현동4길 5,631270,51778,,1,,128.553190172493,35.150894202754
MA0106202408A2292441,씨제이올리브영선릉,중앙점,G2,소매,G221,기타 상품 소매,G22199,그 외 기타 상품 전문 소매업,G47859,그 외 기타 분류 안된 상품 전문 소매업,11,서울특별시,11680,강남구,11680650,역삼2동,1168010100,역삼동,1168010100107070005,1,대지,707,5,서울특별시 강남구 역삼동 707-5,116803122010,서울특별시 강남구 테헤란로,316,,1168010100107070004000001,일부,서울특별시 강남구 테헤란로 316,135918,06211,,1,,127.045531750914,37.5030805627207
MA0106202408A2293244,씨제이올리브영부천상동,사거리점,G2,소매,G221,기타 상품 소매,G22199,그 외 기타 상품 전문 소매업,G47859,그 외 기타 분류 안된 상품 전문 소매업,41,경기도,41192,부천시 원미구,41192690,상2동,4119210900,상동,4119210900105440004,1,대지,544,4,경기도 부천시 원미구 상동 544-4,411923184004,경기도 부천시 원미구 상동로,87,,4119510900105440004033172,,경기도 부천시 원미구 상동로 87,420864,14544,,1,,126.752418453552,37.5052265590279
MA0106202408A2293314,씨제이올리브영롯데동래점,백화점,G2,소매,G221,기타 상품 소매,G22199,그 외 기타 상품 전문 소매업,G47859,그 외 기타 분류 안된 상품 전문 소매업,26,부산광역시,26260,동래구,26260560,온천2동,2626010800,온천동,2626010800105020003,1,대지,502,3,부산광역시 동래구 온천동 502-3,262602000010,부산광역시 동래구 중앙대로,1393,,2626010800105020003000477,일부,부산광역시 동래구 중앙대로 1393,607716,47727,,1,,129.07747341266,35.2117052140663
MA0106202407A2325674,지유명차영종점,,G2,소매,G221,기타 상품 소매,G22199,그 외 기타 상품 전문 소매업,G47859,그 외 기타 분류 안된 상품 전문 소매업,28,인천광역시,28110,중구,28110622,영종1동,2811014500,중산동,2811014500118750005,1,대지,1875,5,인천광역시 중구 중산동 1875-5,281103149075,인천광역시 중구 하늘달빛로,88,,2811014500118750005000001,S,인천광역시 중구 하늘달빛로 88,400320,22402,,7,,126.557897846721,37.4869180147802
MA0106202407A1618118,무지개마트,,G2,소매,G221,기타 상품 소매,G22199,그 외 기타 상품 전문 소매업,G47859,그 외 기타 분류 안된 상품 전문 소매업,44,충청남도,44200,아산시,44200360,둔포면,4420036021,둔포면,4420036021103050005,1,대지,305,5,충청남도 아산시 둔포면 둔포리 305-5,442003253016,충청남도 아산시 둔포면 둔포로,46,,4420036021103050005000001,,충청남도 아산시 둔포면 둔포로 46,336872,31405,,,,127.040057831659,36.9274380458169
MA0106202410A2291580,씨제이올리브영전남,화순점,G2,소매,G221,기타 상품 소매,G22199,그 외 기타 상품 전문 소매업,G47859,그 외 기타 분류 안된 상품 전문 소매업,46,전라남도,46790,화순군,46790250,화순읍,4679025031,화순읍,4679025031107180000,1,대지,718,,전라남도 화순군 화순읍 삼천리 718,467903291015,전라남도 화순군 화순읍 쌍충로,66,,4679025031107180000000001,,전라남도 화순군 화순읍 쌍충로 66,519807,58122,,1,,126.981978413892,35.0577961524128
MA0106202410A1003340,토닥토닥,,G2,소매,G221,기타 상품 소매,G22199,그 외 기타 상품 전문 소매업,G47859,그 외 기타 분류 안된 상품 전문 소매업,52,전북특별자치도,52800,부안군,52800250,부안읍,5280025024,부안읍,5280025024105530014,1,대지,553,14,전북특별자치도 부안군 부안읍 봉덕리 553-14,528003280067,전북특별자치도 부안군 부안읍 오리정로,123,,4580025024105530014023087,,전북특별자치도 부안군 부안읍 오리정로 123,579805,56313,,,,126.735569834845,35.7234150040087
MA0106202410A2247765,아이꿈터남양주점,,G2,소매,G221,기타 상품 소매,G22199,그 외 기타 상품 전문 소매업,G47859,그 외 기타 분류 안된 상품 전문 소매업,41,경기도,41360,남양주시,41360256,화도읍,4136025622,화도읍,4136025622103200012,1,대지,320,12,경기도 남양주시 화도읍 묵현리 320-12,413604391306,경기도 남양주시 화도읍 묵현로25번길,39,14,4136025622103200012000001,,경기도 남양주시 화도읍 묵현로25번길 39-14,472846,12168,,,,127.286116235712,37.6597044478727
MA0106202410A2291554,씨제이올리브영,평택청북점,G2,소매,G221,기타 상품 소매,G22199,그 외 기타 상품 전문 소매업,G47859,그 외 기타 분류 안된 상품 전문 소매업,41,경기도,41220,평택시,41220259,청북읍,4122025924,청북읍,4122025924111570002,1,대지,1157,2,경기도 평택시 청북읍 옥길리 1157-2,412203188095,경기도 평택시 청북읍 청북남로,260,,4122025924111570002000001,,경기도 평택시 청북읍 청북남로 260,451832,17805,,,,126.915315177459,37.0196317698956
MA0106202410A1643774,라온,,G2,소매,G221,기타 상품 소매,G22199,그 외 기타 상품 전문 소매업,G47859,그 외 기타 분류 안된 상품 전문 소매업,46,전라남도,46110,목포시,46110640,동명동,4611011800,동명동,4611011800103950000,1,대지,395,,전라남도 목포시 동명동 395,461103281013,전라남도 목포시 동명들목로,19,,4611011800103940000029962,,전라남도 목포시 동명들목로 19,530805,58742,,,,126.393996793754,34.7888811840945
MA0106202410A0421815,카페앤주방창업컴퍼니,,G2,소매,G221,기타 상품 소매,G22199,그 외 기타 상품 전문 소매업,G47859,그 외 기타 분류 안된 상품 전문 소매업,29,광주광역시,29200,광산구,29200525,송정2동,2920010100,송정동,2920010100107800003,1,대지,780,3,광주광역시 광산구 송정동 780-3,292002009004,광주광역시 광산구 상무대로,276,,2920010100107800003009328,,광주광역시 광산구 상무대로 276,506012,62428,,1,,126.796422094233,35.1424632980167
MA0106202410A0011489,씨엔엘에프앤씨파프리카마산,양덕점,G2,소매,G221,기타 상품 소매,G22199,그 외 기타 상품 전문 소매업,G47859,그 외 기타 분류 안된 상품 전문 소매업,48,경상남도,48127,창원시 마산회원구,48127560,양덕1동,4812710500,양덕동,4812710500100120009,1,대지,12,9,경상남도 창원시 마산회원구 양덕동 12-9,481274790247,경상남도 창원시 마산회원구 양덕북21길,2,,4812710500100120009087192,,경상남도 창원시 마산회원구 양덕북21길 2,630810,51363,,1,,128.581763277608,35.2335285509072
MA0106202410A1371558,케이크시즌,,G2,소매,G221,기타 상품 소매,G22199,그 외 기타 상품 전문 소매업,G47859,그 외 기타 분류 안된 상품 전문 소매업,41,경기도,41285,고양시 일산동구,41285530,정발산동,4128510300,정발산동,4128510300111620003,1,대지,1162,3,경기도 고양시 일산동구 정발산동 1162-3,412854379170,경기도 고양시 일산동구 일산로463번길,65,,4128510300111620003009619,,경기도 고양시 일산동구 일산로463번길 65,410829,10359,,1,,126.773913487446,37.6715024557201
MA0106202409A1129434,티알케이,,G2,소매,G221,기타 상품 소매,G22199,그 외 기타 상품 전문 소매업,G47859,그 외 기타 분류 안된 상품 전문 소매업,11,서울특별시,11545,금천구,11545510,가산동,1154510100,가산동,1154510100100600044,1,대지,60,44,서울특별시 금천구 가산동 60-44,115454151195,서울특별시 금천구 디지털로9길,46,,1154510100100600044000001,이앤씨드림타워7차,서울특별시 금천구 디지털로9길 46,153791,08512,,7,,126.887098739079,37.4800597078405
MA0106202409A1323589,모이드모이드,,G2,소매,G221,기타 상품 소매,G22199,그 외 기타 상품 전문 소매업,G47859,그 외 기타 분류 안된 상품 전문 소매업,43,충청북도,43111,청주시 상당구,43111720,용암1동,4311112400,용암동,4311112400125610000,1,대지,2561,,충청북도 청주시 상당구 용암동 2561,431114508509,충청북도 청주시 상당구 용암북로120번길,31,5,4311112400125610000041688,일부호,충청북도 청주시 상당구 용암북로120번길 31-5,360812,28763,,1,,127.51256781382,36.6195481531992
MA0106202409A0990496,청평가족호텔앤캐비어파크,,G2,소매,G221,기타 상품 소매,G22199,그 외 기타 상품 전문 소매업,G47859,그 외 기타 분류 안된 상품 전문 소매업,41,경기도,41820,가평군,41820330,상면,4182033025,상면,4182033025200740012,2,산,74,12,경기도 가평군 상면 덕현리 산74-12,418204448050,경기도 가평군 상면 덕현산장길,43,19,4182033025200740012010493,,경기도 가평군 상면 덕현산장길 43-19,477821,12446,,,,127.41347860786,37.7538023274095
MA0106202409A0602745,엘앤씨바이오,,G2,소매,G221,기타 상품 소매,G22199,그 외 기타 상품 전문 소매업,G47859,그 외 기타 분류 안된 상품 전문 소매업,11,서울특별시,11650,서초구,11650520,서초2동,1165010800,서초동,1165010800113570066,1,대지,1357,66,서울특별시 서초구 서초동 1357-66,116502102001,서울특별시 서초구 강남대로,275,,1165010800113570066023090,강남MAINTOWER,서울특별시 서초구 강남대로 275,137862,06729,,12,,127.031987893797,37.4879030424282
MA0106202408A2322067,우리마트,,G2,소매,G221,기타 상품 소매,G22199,그 외 기타 상품 전문 소매업,G47859,그 외 기타 분류 안된 상품 전문 소매업,30,대전광역시,30170,서구,30170581,갈마1동,3017011100,갈마동,3017011100103100015,1,대지,310,15,대전광역시 서구 갈마동 310-15,301703166004,대전광역시 서구 갈마로,13,31,3017011100103100015004350,,대전광역시 서구 갈마로 13-31,302171,35270,,2,,127.370663089082,36.3502863108751
MA0106202405A2290311,씨제이올리브영올리브영스타필드고양타운,,G2,소매,G221,기타 상품 소매,G22199,그 외 기타 상품 전문 소매업,G47859,그 외 기타 분류 안된 상품 전문 소매업,41,경기도,41281,고양시 덕양구,41281580,창릉동,4128111200,동산동,4128111200103700000,1,대지,370,,경기도 고양시 덕양구 동산동 370,412812192001,경기도 고양시 덕양구 고양대로,1955,,4128111200103700000000001,스타필드고양,경기도 고양시 덕양구 고양대로 1955,412090,10595,,2,,126.89477840619,37.6469763081477
MA0106202407A2315356,엠에이치앤코용인역북점,,G2,소매,G221,기타 상품 소매,G22199,그 외 기타 상품 전문 소매업,G47859,그 외 기타 분류 안된 상품 전문 소매업,41,경기도,41461,용인시 처인구,41461525,역북동,4146110200,역북동,4146110200108020000,1,대지,802,,경기도 용인시 처인구 역북동 802,414612012012,경기도 용인시 처인구 중부대로,1294,,4146110200105100000000001,,경기도 용인시 처인구 중부대로 1294,449070,17054,,2,,127.188299127512,37.2354790565197
MA0106202407A2315357,엠에이치앤코모던,동백블루키점,G2,소매,G221,기타 상품 소매,G22199,그 외 기타 상품 전문 소매업,G47859,그 외 기타 분류 안된 상품 전문 소매업,41,경기도,41463,용인시 기흥구,41463575,동백2동,4146311600,중동,4146311600108330000,1,대지,833,,경기도 용인시 기흥구 중동 833,414632203001,경기도 용인시 기흥구 동백죽전대로,444,,4146311600108330000017953,,경기도 용인시 기흥구 동백죽전대로 444,446765,17006,,3,,127.15160126343,37.2779978497857
MA0106202407A2315358,엠에이치앤코모던청주,용암점,G2,소매,G221,기타 상품 소매,G22199,그 외 기타 상품 전문 소매업,G47859,그 외 기타 분류 안된 상품 전문 소매업,43,충청북도,43111,청주시 상당구,43111720,용암1동,4311112400,용암동,4311112400117030000,1,대지,1703,,충청북도 청주시 상당구 용암동 1703,431113236001,충청북도 청주시 상당구 1순환로,1233,,4311112400117030000000001,,충청북도 청주시 상당구 1순환로 1233,360810,28776,,1,,127.503084950383,36.6070177905429
MA0106202407A2315370,엠에이치앤코모던제주아라점,,G2,소매,G221,기타 상품 소매,G22199,그 외 기타 상품 전문 소매업,G47859,그 외 기타 분류 안된 상품 전문 소매업,50,제주특별자치도,50110,제주시,50110630,아라동,5011011700,아라일동,5011011700125030000,1,대지,2503,,제주특별자치도 제주시 아라일동 2503,501103349136,제주특별자치도 제주시 연북로,511,,5011011700125030000000001,,제주특별자치도 제주시 연북로 511,690121,63234,,,,126.534536232593,33.4844434282427
MA0106202407A2315371,엠에이치앤코모던포항,효자점,G2,소매,G221,기타 상품 소매,G22199,그 외 기타 상품 전문 소매업,G47859,그 외 기타 분류 안된 상품 전문 소매업,47,경상북도,47111,포항시 남구,47111580,효곡동,4711111400,효자동,4711111400100160013,1,대지,16,13,경상북도 포항시 남구 효자동 16-13,471114709727,경상북도 포항시 남구 효자로118번길,13,1,4711111400100160013000001,,경상북도 포항시 남구 효자로118번길 13-1,790330,37663,,,,129.338924087736,36.0091114075663
MA0106202407A2315367,엠에이치앤코모던,타임스퀘어점,G2,소매,G221,기타 상품 소매,G22199,그 외 기타 상품 전문 소매업,G47859,그 외 기타 분류 안된 상품 전문 소매업,11,서울특별시,11560,영등포구,11560535,영등포동,1156010500,영등포동4가,1156010500104420000,1,대지,442,,서울특별시 영등포구 영등포동4가 442,115603118024,서울특별시 영등포구 영중로,15,,1156010500104420000000001,,서울특별시 영등포구 영중로 15,150030,07305,,2,,126.903715995515,37.5172319051582
MA0106202407A2315368,엠에이치앤코모던,동해점,G2,소매,G221,기타 상품 소매,G22199,그 외 기타 상품 전문 소매업,G47859,그 외 기타 분류 안된 상품 전문 소매업,51,강원특별자치도,51170,동해시,51170540,부곡동,5117011000,부곡동,5117011000100880000,1,대지,88,,강원특별자치도 동해시 부곡동 88,511703221021,강원특별자치도 동해시 부곡로,1,,4217011000000880000001293,,강원특별자치도 동해시 부곡로 1,240814,25734,,,,129.104166162858,37.5361362516676
MA0106202407A2315369,엠에이치앤코모던,당진점,G2,소매,G221,기타 상품 소매,G22199,그 외 기타 상품 전문 소매업,G47859,그 외 기타 분류 안된 상품 전문 소매업,44,충청남도,44270,당진시,44270510,당진1동,4427010600,수청동,4427010600110410000,1,대지,1041,,충청남도 당진시 수청동 1041,442703265144,충청남도 당진시 시청2로,49,19,4427010600110410000000001,,충청남도 당진시 시청2로 49-19,343050,31774,,3,,126.64668100825,36.8871181136163
MA0106202407A2315352,엠에이치앤코모던,의정부민락점,G2,소매,G221,기타 상품 소매,G22199,그 외 기타 상품 전문 소매업,G47859,그 외 기타 분류 안된 상품 전문 소매업,41,경기도,41150,의정부시,41150578,송산3동,4115010600,민락동,4115010600108040006,1,대지,804,6,경기도 의정부시 민락동 804-6,411503181046,경기도 의정부시 천보로,44,,4115010600108040006000001,의정부해동본타워,경기도 의정부시 천보로 44,480090,11813,,2,,127.096327805853,37.7443163271936
MA0106202407A2315355,엠에이치앤코모던여의도,파크원점,G2,소매,G221,기타 상품 소매,G22199,그 외 기타 상품 전문 소매업,G47859,그 외 기타 분류 안된 상품 전문 소매업,11,서울특별시,11560,영등포구,11560540,여의동,1156011000,여의도동,1156011000100230000,1,대지,23,,서울특별시 영등포구 여의도동 23,115603118002,서울특별시 영등포구 국제금융로,10,,1156011000100230000000001,서울영등포구여의도동,서울특별시 영등포구 국제금융로 10,150945,07326,,,,126.924883260731,37.5251850971787
MA0106202408A2152716,프라이드프라이드,,G2,소매,G221,기타 상품 소매,G22199,그 외 기타 상품 전문 소매업,G47859,그 외 기타 분류 안된 상품 전문 소매업,28,인천광역시,28260,서구,28260537,청라2동,2826012200,청라동,2826012200101740014,1,대지,174,14,인천광역시 서구 청라동 174-14,282604268925,인천광역시 서구 청라루비로42번길,3,,2826010400109650014000001,,인천광역시 서구 청라루비로42번길 3,,22763,,1,,126.640960459864,37.5290060511077
MA0106202407A2042000,세계과자할인점,,G2,소매,G221,기타 상품 소매,G22199,그 외 기타 상품 전문 소매업,G47859,그 외 기타 분류 안된 상품 전문 소매업,11,서울특별시,11110,종로구,11110615,종로1.2.3.4가동,1111013600,인사동,1111013600100150000,1,대지,15,,서울특별시 종로구 인사동 15,111104100259,서울특별시 종로구 인사동길,24,,1111013600100150000014714,,서울특별시 종로구 인사동길 24,110290,03163,,1,,126.986517898751,37.5729521318403
MA0106202408A1106121,미나스밀고메스튜디오,,G2,소매,G221,기타 상품 소매,G22199,그 외 기타 상품 전문 소매업,G47859,그 외 기타 분류 안된 상품 전문 소매업,11,서울특별시,11680,강남구,11680690,개포4동,1168010300,개포동,1168010300112590008,1,대지,1259,8,서울특별시 강남구 개포동 1259-8,116803122001,서울특별시 강남구 개포로,251,,1168010300102590008020415,,서울특별시 강남구 개포로 251,135965,06306,,1,,127.049836090378,37.4792111394628
MA0106202408A1646292,삼오푸드,,G2,소매,G221,기타 상품 소매,G22199,그 외 기타 상품 전문 소매업,G47859,그 외 기타 분류 안된 상품 전문 소매업,47,경상북도,47280,문경시,47280253,가은읍,4728025321,가은읍,4728025321105380015,1,대지,538,15,경상북도 문경시 가은읍 왕능리 538-15,472803000183,경상북도 문경시 가은읍 대야로,2448,1,4728025321105380015813655,층삼오푸드,경상북도 문경시 가은읍 대야로 2448-1,745904,36996,,1,,128.060471981749,36.6490556485146
MA0106202407A0089914,세이프존,,G2,소매,G221,기타 상품 소매,G22199,그 외 기타 상품 전문 소매업,G47859,그 외 기타 분류 안된 상품 전문 소매업,41,경기도,41410,군포시,41410560,금정동,4141010500,금정동,4141010500106940030,1,대지,694,30,경기도 군포시 금정동 694-30,414102000018,경기도 군포시 흥안대로,23,,4141010500106940030007499,,경기도 군포시 흥안대로 23,435862,15809,,3,,126.948342023448,37.3664930276071
MA0106202407A0870823,빙고,,G2,소매,G221,기타 상품 소매,G22199,그 외 기타 상품 전문 소매업,G47859,그 외 기타 분류 안된 상품 전문 소매업,43,충청북도,43740,영동군,43740250,영동읍,4374025021,영동읍,4374025021105250000,1,대지,525,,충청북도 영동군 영동읍 계산리 525,437403243005,충청북도 영동군 영동읍 구교로,41,,4374025021105250000005005,,충청북도 영동군 영동읍 구교로 41,370808,29139,,1,,127.778870051078,36.1772179094788
MA0106202407A0844243,해태슈퍼마R,,G2,소매,G221,기타 상품 소매,G22199,그 외 기타 상품 전문 소매업,G47859,그 외 기타 분류 안된 상품 전문 소매업,29,광주광역시,29140,서구,29140745,치평동,2914012000,치평동,2914012000112030001,1,대지,1203,1,광주광역시 서구 치평동 1203-1,291403160029,광주광역시 서구 시청로,97,,2914012000112030001000001,,광주광역시 서구 시청로 97,502827,61947,,,,126.850888397527,35.1574780954741
MA0106202407A1981132,금강얼음,,G2,소매,G221,기타 상품 소매,G22199,그 외 기타 상품 전문 소매업,G47859,그 외 기타 분류 안된 상품 전문 소매업,41,경기도,41450,하남시,41450582,감일동,4145011400,감일동,4145011400105080003,1,대지,508,3,경기도 하남시 감일동 508-3,414504857906,경기도 하남시 감일로124번길,15,,4145011400105080003000001,,경기도 하남시 감일로124번길 15,465190,13001,,1,,127.154141970079,37.5114221699818
MA0106202407A1435675,쿠f,,G2,소매,G221,기타 상품 소매,G22199,그 외 기타 상품 전문 소매업,G47859,그 외 기타 분류 안된 상품 전문 소매업,52,전북특별자치도,52111,전주시 완산구,52111714,효자4동,5211114100,효자동2가,5211114100113240004,1,대지,1324,4,전북특별자치도 전주시 완산구 효자동2가 1324-4,521114598216,전북특별자치도 전주시 완산구 소태정4길,7,,4511114100113240004000001,,전북특별자치도 전주시 완산구 소태정4길 7,560801,55065,,1,,127.10125530174,35.8047861362533
MA0106202407A1221547,엘에프에스,,G2,소매,G221,기타 상품 소매,G22199,그 외 기타 상품 전문 소매업,G47859,그 외 기타 분류 안된 상품 전문 소매업,29,광주광역시,29200,광산구,29200640,하남동,2920012200,진곡동,2920012200102660001,1,대지,266,1,광주광역시 광산구 진곡동 266-1,292003163045,광주광역시 광산구 임곡로,516,19,2920012200102660001000001,,광주광역시 광산구 임곡로 516-19,506250,62464,,1,,126.789472425337,35.2119639221071
MA0106202407A2029157,다온켐,,G2,소매,G221,기타 상품 소매,G22199,그 외 기타 상품 전문 소매업,G47859,그 외 기타 분류 안된 상품 전문 소매업,51,강원특별자치도,51750,영월군,51750250,영월읍,5175025022,영월읍,5175025022200570000,2,산,57,,강원특별자치도 영월군 영월읍 하송리 산57,517503227027,강원특별자치도 영월군 영월읍 하송로,197,,4275025022104370002018999,세경대학,강원특별자치도 영월군 영월읍 하송로 197,230714,26239,,2,,128.454278189372,37.1727937216742
MA0106202407A0237401,올쿡24덕정,본점,G2,소매,G221,기타 상품 소매,G22199,그 외 기타 상품 전문 소매업,G47859,그 외 기타 분류 안된 상품 전문 소매업,41,경기도,41150,의정부시,41150580,자금동,4115010900,금오동,4115010900104590001,1,대지,459,1,경기도 의정부시 금오동 459-1,411503181046,경기도 의정부시 천보로,257,,4115010900104590001034116,씨티주식회사,경기도 의정부시 천보로 257,480818,11755,,,,127.079583454079,37.7571405800499
MA0106202407A0636555,소금빛프로젝트,,G2,소매,G221,기타 상품 소매,G22199,그 외 기타 상품 전문 소매업,G47859,그 외 기타 분류 안된 상품 전문 소매업,11,서울특별시,11320,도봉구,11320511,창1동,1132010700,창동,1132010700106760068,1,대지,676,68,서울특별시 도봉구 창동 676-68,113204127023,서울특별시 도봉구 노해로62길,99,,1132010700106760068018280,,서울특별시 도봉구 노해로62길 99,132925,01483,,1,,127.039149390916,37.647097824667
MA0106202410A1299071,백다원간장게장,,G2,소매,G221,기타 상품 소매,G22199,그 외 기타 상품 전문 소매업,G47859,그 외 기타 분류 안된 상품 전문 소매업,48,경상남도,48330,양산시,48330540,서창동,4833011400,삼호동,4833011400101010002,1,대지,101,2,경상남도 양산시 삼호동 101-2,483304814631,경상남도 양산시 연호7길,28,,4833011400101010002032340,,경상남도 양산시 연호7길 28,626836,50527,,1,,129.176869960686,35.4177382035296
MA0106202410A0402736,불그랑,,G2,소매,G221,기타 상품 소매,G22199,그 외 기타 상품 전문 소매업,G47859,그 외 기타 분류 안된 상품 전문 소매업,44,충청남도,44200,아산시,44200253,배방읍,4420025327,배방읍,4420025327101650000,1,대지,165,,충청남도 아산시 배방읍 세출리 165,442004559820,충청남도 아산시 배방읍 호서로79번길,20,,4420025327101520000006035,호서대학교,충청남도 아산시 배방읍 호서로79번길 20,336795,31499,,,,127.07711576658,36.7344565291844
MA0106202410A2297859,샤샤벨,,G2,소매,G221,기타 상품 소매,G22199,그 외 기타 상품 전문 소매업,G47859,그 외 기타 분류 안된 상품 전문 소매업,28,인천광역시,28200,남동구,28200521,구월3동,2820010100,구월동,2820010100111470001,1,대지,1147,1,인천광역시 남동구 구월동 1147-1,282004259139,인천광역시 남동구 남동대로747번길,58,,2820010100111470001005639,,인천광역시 남동구 남동대로747번길 58,405223,21571,,,,126.704108695601,37.4493881786605
MA0106202410A2378576,포코베이크,,G2,소매,G221,기타 상품 소매,G22199,그 외 기타 상품 전문 소매업,G47859,그 외 기타 분류 안된 상품 전문 소매업,31,울산광역시,31200,북구,31200520,농소2동,3120010500,신천동,3120010500101300011,1,대지,130,11,울산광역시 북구 신천동 130-11,312003172018,울산광역시 북구 신천로,24,,3120010500101300011000001,,울산광역시 북구 신천로 24,683803,44220,,1,,129.348507237794,35.640208709276
MA0106202410A0439875,다우리실버케어,,G2,소매,G221,기타 상품 소매,G22199,그 외 기타 상품 전문 소매업,G47859,그 외 기타 분류 안된 상품 전문 소매업,41,경기도,41650,포천시,41650250,소흘읍,4165025023,소흘읍,4165025023104060001,1,대지,406,1,경기도 포천시 소흘읍 무림리 406-1,416504439166,경기도 포천시 소흘읍 무림길,54,,4165025023104060011000001,,경기도 포천시 소흘읍 무림길 54,487828,11187,,,,127.130902675121,37.7720778019345
MA0106202409A1733671,매일마린,,G2,소매,G221,기타 상품 소매,G22199,그 외 기타 상품 전문 소매업,G47859,그 외 기타 분류 안된 상품 전문 소매업,26,부산광역시,26200,영도구,26200630,청학1동,2620012000,청학동,2620012000103300101,1,대지,330,101,부산광역시 영도구 청학동 330-101,262003128032,부산광역시 영도구 해양로,17,,2620012000103300101012801,,부산광역시 영도구 해양로 17,606822,49000,,,,129.058573234853,35.0996802269383
MA0106202409A0370933,패스비EXIT6generalstore,,G2,소매,G221,기타 상품 소매,G22199,그 외 기타 상품 전문 소매업,G47859,그 외 기타 분류 안된 상품 전문 소매업,11,서울특별시,11170,용산구,11170625,한강로동,1117012400,한강로1가,1117012400102860000,1,대지,286,,서울특별시 용산구 한강로1가 286,111702005005,서울특별시 용산구 한강대로,179,,1117012400102860000014514,EXIT,서울특별시 용산구 한강대로 179,140011,04375,,2,,126.972845844496,37.5349096494757
MA0106202409A1102984,디자인라떼,,G2,소매,G221,기타 상품 소매,G22199,그 외 기타 상품 전문 소매업,G47859,그 외 기타 분류 안된 상품 전문 소매업,11,서울특별시,11215,광진구,11215770,중곡4동,1121510100,중곡동,1121510100100930025,1,대지,93,25,서울특별시 광진구 중곡동 93-25,112154112395,서울특별시 광진구 용마산로2길,6,,1121510100100930025001495,,서울특별시 광진구 용마산로2길 6,143888,04953,,1,,127.088874368238,37.5548905166433
MA0106202409A1732500,디와이스튜디오,,G2,소매,G221,기타 상품 소매,G22199,그 외 기타 상품 전문 소매업,G47859,그 외 기타 분류 안된 상품 전문 소매업,41,경기도,41410,군포시,41410510,군포1동,4141010200,당정동,4141010200109730001,1,대지,973,1,경기도 군포시 당정동 973-1,414104400005,경기도 군포시 고산로151번길,26,11,4141010200109730001000001,당정마을엘지1단지,경기도 군포시 고산로151번길 26-11,435772,15853,,2,,126.955940140943,37.3459977145092
MA0106202409A2263481,수샵,,G2,소매,G221,기타 상품 소매,G22199,그 외 기타 상품 전문 소매업,G47859,그 외 기타 분류 안된 상품 전문 소매업,41,경기도,41463,용인시 기흥구,41463575,동백2동,4146311600,중동,4146311600108420000,1,대지,842,,경기도 용인시 기흥구 중동 842,414633204027,경기도 용인시 기흥구 동백중앙로,225,6,4146311600108420000017681,쥬네브스타월드빌딩,경기도 용인시 기흥구 동백중앙로 225-6,446767,17006,,2,,127.150172605234,37.2740080657477
MA0106202409A0043725,이엔비종합상사,,G2,소매,G221,기타 상품 소매,G22199,그 외 기타 상품 전문 소매업,G47859,그 외 기타 분류 안된 상품 전문 소매업,11,서울특별시,11170,용산구,11170625,한강로동,1117012600,용산동3가,1117012600100010000,1,대지,1,,서울특별시 용산구 용산동3가 1,111703102009,서울특별시 용산구 이태원로,22,,1117012600100010000000001,,서울특별시 용산구 이태원로 22,140701,04383,,,,126.977688727079,37.5335952024558
MA0106202409A0728505,멀티샵,,G2,소매,G221,기타 상품 소매,G22199,그 외 기타 상품 전문 소매업,G47859,그 외 기타 분류 안된 상품 전문 소매업,26,부산광역시,26230,부산진구,26230550,초읍동,2623010700,초읍동,2623010700102190013,1,대지,219,13,부산광역시 부산진구 초읍동 219-13,262303129029,부산광역시 부산진구 성지로,62,,2623010700102190013014207,,부산광역시 부산진구 성지로 62,614873,47116,,,,129.054906834644,35.1763235074928
MA0106202408A1830328,채쿡,,G2,소매,G221,기타 상품 소매,G22199,그 외 기타 상품 전문 소매업,G47859,그 외 기타 분류 안된 상품 전문 소매업,52,전북특별자치도,52130,군산시,52130690,수송동,5213014100,수송동,5213014100100640001,1,대지,64,1,전북특별자치도 군산시 수송동 64-1,521304604996,전북특별자치도 군산시 진포2길,39,,4513014100100640001028183,채쿡,전북특별자치도 군산시 진포2길 39,573370,54083,,,,126.720009631428,35.9717381781681
MA0106202408A1581486,해피더클럽,,G2,소매,G221,기타 상품 소매,G22199,그 외 기타 상품 전문 소매업,G47859,그 외 기타 분류 안된 상품 전문 소매업,41,경기도,41115,수원시 팔달구,41115730,인계동,4111514100,인계동,4111514100111180003,1,대지,1118,3,경기도 수원시 팔달구 인계동 1118-3,411154331157,경기도 수원시 팔달구 인계로166번길,47,17,4111514100111180003011466,,경기도 수원시 팔달구 인계로166번길 47-17,442835,16488,,2,,127.035726054205,37.2641864692166
MA0106202408A0844092,지니마켓,,G2,소매,G221,기타 상품 소매,G22199,그 외 기타 상품 전문 소매업,G47859,그 외 기타 분류 안된 상품 전문 소매업,41,경기도,41285,고양시 일산동구,41285590,장항2동,4128510400,장항동,4128510400108630001,1,대지,863,1,경기도 고양시 일산동구 장항동 863-1,412853193031,경기도 고양시 일산동구 정발산로,15,,4128510400108630001009181,드림월드빌딩,경기도 고양시 일산동구 정발산로 15,410837,10402,,4,,126.770548129057,37.6564135652428
MA0106202407A0867714,미스터투브런치yy,,G2,소매,G221,기타 상품 소매,G22199,그 외 기타 상품 전문 소매업,G47859,그 외 기타 분류 안된 상품 전문 소매업,43,충청북도,43130,충주시,43130515,성내.충인동,4313010300,성서동,4313010300104020000,1,대지,402,,충청북도 충주시 성서동 402,431304514799,충청북도 충주시 성서2길,11,,4313010300104020000001827,한창빌딩,충청북도 충주시 성서2길 11,380020,27387,,,,127.931862204329,36.9701939376948
MA0106202408A1210282,영재과학,,G2,소매,G221,기타 상품 소매,G22199,그 외 기타 상품 전문 소매업,G47859,그 외 기타 분류 안된 상품 전문 소매업,29,광주광역시,29170,북구,29170696,양산동,2917012900,연제동,2917012900110380006,1,대지,1038,6,광주광역시 북구 연제동 1038-6,291703162094,광주광역시 북구 첨단연신로,45,,2917012900110380006000004,,광주광역시 북구 첨단연신로 45,500896,61089,,,,126.8632719564,35.2013797207823
MA0106202406A1386288,굿데이마트,,G2,소매,G221,기타 상품 소매,G22199,그 외 기타 상품 전문 소매업,G47859,그 외 기타 분류 안된 상품 전문 소매업,41,경기도,41173,안양시 동안구,41173510,비산1동,4117310100,비산동,4117310100111850000,1,대지,1185,,경기도 안양시 동안구 비산동 1185,411733183009,경기도 안양시 동안구 비산로,18,,4117310100105150002002078,평촌자이아이파크,경기도 안양시 동안구 비산로 18,431051,13924,,1,,126.933275429162,37.4001207061458
MA0106202407A0412001,불당길52카페,,G2,소매,G221,기타 상품 소매,G22199,그 외 기타 상품 전문 소매업,G47859,그 외 기타 분류 안된 상품 전문 소매업,41,경기도,41610,광주시,41610370,남한산성면,4161037027,남한산성면,4161037027102410000,1,대지,241,,경기도 광주시 남한산성면 불당리 241,416104433243,경기도 광주시 남한산성면 불당길,52,,4161036027102410000000001,,경기도 광주시 남한산성면 불당길 52,464813,12703,,1,,127.211209022331,37.4568680440826
MA0106202407A1673734,그린산업,,G2,소매,G221,기타 상품 소매,G22199,그 외 기타 상품 전문 소매업,G47859,그 외 기타 분류 안된 상품 전문 소매업,51,강원특별자치도,51170,동해시,51170520,송정동,5117010300,송정동,5117010300110550001,1,대지,1055,1,강원특별자치도 동해시 송정동 1055-1,511703221014,강원특별자치도 동해시 대동로,261,18,4217010300010550001027302,,강원특별자치도 동해시 대동로 261-18,240806,25785,,1,,129.122764977464,37.4930762760799
MA0106202407A2373186,이내향가,,G2,소매,G221,기타 상품 소매,G22199,그 외 기타 상품 전문 소매업,G47859,그 외 기타 분류 안된 상품 전문 소매업,51,강원특별자치도,51770,정선군,51770250,정선읍,5177025021,정선읍,5177025021103460004,1,대지,346,4,강원특별자치도 정선군 정선읍 봉양리 346-4,517704487001,강원특별자치도 정선군 정선읍 5일장길,41,6,4277025021103460004009237,,강원특별자치도 정선군 정선읍 5일장길 41-6,233804,26130,,2,,128.665064887728,37.380973364336
MA0106202407A0702051,한세,,G2,소매,G221,기타 상품 소매,G22199,그 외 기타 상품 전문 소매업,G47859,그 외 기타 분류 안된 상품 전문 소매업,29,광주광역시,29170,북구,29170676,오치1동,2917011500,오치동,2917011500109330011,1,대지,933,11,광주광역시 북구 오치동 933-11,291703162040,광주광역시 북구 신촌로,21,,2917011500109330011000279,,광주광역시 북구 신촌로 21,500837,61122,,,,126.911855506276,35.1890492405891
MA0106202407A0964721,에이스,,G2,소매,G221,기타 상품 소매,G22199,그 외 기타 상품 전문 소매업,G47859,그 외 기타 분류 안된 상품 전문 소매업,30,대전광역시,30200,유성구,30200547,노은2동,3020013700,안산동,3020013700102620000,1,대지,262,,대전광역시 유성구 안산동 262,302003000100,대전광역시 유성구 안금로,53,,3020013700102620000003490,,대전광역시 유성구 안금로 53,305151,34062,,,,127.297610044897,36.4131310843846
MA0106202407A1467966,여보퇴근길에반찬좀사와,,G2,소매,G221,기타 상품 소매,G22199,그 외 기타 상품 전문 소매업,G47859,그 외 기타 분류 안된 상품 전문 소매업,41,경기도,41590,화성시,41590585,동탄1동,4159012700,반송동,4159012700101040001,1,대지,104,1,경기도 화성시 반송동 104-1,415903210169,경기도 화성시 동탄반석로,134,,4159012700101040001000001,일부호,경기도 화성시 동탄반석로 134,445160,18455,,1,,127.071358767307,37.2010610390216
MA0106202407A1993889,제이라운드,,G2,소매,G221,기타 상품 소매,G22199,그 외 기타 상품 전문 소매업,G47859,그 외 기타 분류 안된 상품 전문 소매업,11,서울특별시,11500,강서구,11500570,화곡4동,1150010300,화곡동,1150010300107990015,1,대지,799,15,서울특별시 강서구 화곡동 799-15,115004145156,서울특별시 강서구 곰달래로53길,14,,1150010300107990015020247,,서울특별시 강서구 곰달래로53길 14,157898,07741,,2,,126.860036036241,37.5325773291263
MA0106202407A0238523,지아이엘,,G2,소매,G221,기타 상품 소매,G22199,그 외 기타 상품 전문 소매업,G47859,그 외 기타 분류 안된 상품 전문 소매업,41,경기도,41650,포천시,41650310,군내면,4165031022,군내면,4165031022104820007,1,대지,482,7,경기도 포천시 군내면 용정리 482-7,416504853751,경기도 포천시 군내면 용정경제로2길,57,,4165031022200150035000002,,경기도 포천시 군내면 용정경제로2길 57,487874,11154,,,,127.206583363938,37.8810660305232
MA0106202407A0706666,미N,,G2,소매,G221,기타 상품 소매,G22199,그 외 기타 상품 전문 소매업,G47859,그 외 기타 분류 안된 상품 전문 소매업,11,서울특별시,11440,마포구,11440555,아현동,1144010200,공덕동,1144010200103700004,1,대지,370,4,서울특별시 마포구 공덕동 370-4,114404139241,서울특별시 마포구 백범로31길,21,,1144010200103700004002387,공덕동크로시티,서울특별시 마포구 백범로31길 21,121757,04147,,3,,126.950593790202,37.5474533629113
MA0106202407A1346816,물음표물음표,,G2,소매,G221,기타 상품 소매,G22199,그 외 기타 상품 전문 소매업,G47859,그 외 기타 분류 안된 상품 전문 소매업,29,광주광역시,29170,북구,29170580,신안동,2917010600,신안동,2917010600102490001,1,대지,249,1,광주광역시 북구 신안동 249-1,291703009021,광주광역시 북구 무등로,82,,2917010600102490001031660,,광주광역시 북구 무등로 82,500830,61248,,,,126.892942827444,35.1683208309369
MA0106202407A2152388,성연비앤에스,,G2,소매,G221,기타 상품 소매,G22199,그 외 기타 상품 전문 소매업,G47859,그 외 기타 분류 안된 상품 전문 소매업,41,경기도,41360,남양주시,41360259,진건읍,4136025926,진건읍,4136025926100330056,1,대지,33,56,경기도 남양주시 진건읍 송능리 33-56,413604391641,경기도 남양주시 진건읍 진건오남로390번길,123,15,4136025926100330056000001,주,경기도 남양주시 진건읍 진건오남로390번길 123-15,472835,12129,,,,127.21120940954,37.6694938231831
MA0106202407A2257907,만두왕영보킴,구로디지털단지점,G2,소매,G221,기타 상품 소매,G22199,그 외 기타 상품 전문 소매업,G47859,그 외 기타 분류 안된 상품 전문 소매업,11,서울특별시,11530,구로구,11530540,구로3동,1153010200,구로동,1153010200111300014,1,대지,1130,14,서울특별시 구로구 구로동 1130-14,115304148390,서울특별시 구로구 시흥대로163길,25,,1153010200111300014022522,만두왕,서울특별시 구로구 시흥대로163길 25,152880,08392,,1,,126.89840235851,37.4817818846727
MA0106202407A2083879,현미마을,,G2,소매,G221,기타 상품 소매,G22199,그 외 기타 상품 전문 소매업,G47859,그 외 기타 분류 안된 상품 전문 소매업,44,충청남도,44150,공주시,44150250,유구읍,4415025035,유구읍,4415025035100010000,1,대지,1,,충청남도 공주시 유구읍 문금리 1,441504553388,충청남도 공주시 유구읍 문금길,412,9,4415025035100010000003419,,충청남도 공주시 유구읍 문금길 412-9,314894,32500,,,,127.014090400401,36.6460258112817
MA0106202407A0134552,토속골.한과와과자,,G2,소매,G221,기타 상품 소매,G22199,그 외 기타 상품 전문 소매업,G47859,그 외 기타 분류 안된 상품 전문 소매업,11,서울특별시,11260,중랑구,11260655,망우본동,1126010500,망우동,1126010500104670016,1,대지,467,16,서울특별시 중랑구 망우동 467-16,112604118474,서울특별시 중랑구 용마산로111길,27,,1126010500104670016004459,,서울특별시 중랑구 용마산로111길 27,131810,02166,,1,,127.098085907642,37.5975092559682
MA0106202410A0476565,"태공테크,부영직화오리바베큐",,G2,소매,G221,기타 상품 소매,G22199,그 외 기타 상품 전문 소매업,G47859,그 외 기타 분류 안된 상품 전문 소매업,27,대구광역시,27170,서구,27170675,상중이동,2717010500,중리동,2717010500107210033,1,대지,721,33,대구광역시 서구 중리동 721-33,271704229071,대구광역시 서구 달구벌대로329길,67,,2717010500107210033002293,,대구광역시 서구 달구벌대로329길 67,703833,41846,,1,,128.544767722268,35.8566150214795
MA0106202410A2335660,알토랑,,G2,소매,G221,기타 상품 소매,G22199,그 외 기타 상품 전문 소매업,G47859,그 외 기타 분류 안된 상품 전문 소매업,46,전라남도,46150,순천시,46150661,왕조1동,4615013300,조례동,4615013300108690001,1,대지,869,1,전라남도 순천시 조례동 869-1,461504649959,전라남도 순천시 조례신대길,31,,4615013300108690001080335,,전라남도 순천시 조례신대길 31,540966,57946,,1,,127.518640507369,34.9617295288697
MA0106202410A1465600,후레쉬케터링,,G2,소매,G221,기타 상품 소매,G22199,그 외 기타 상품 전문 소매업,G47859,그 외 기타 분류 안된 상품 전문 소매업,11,서울특별시,11170,용산구,11170685,한남동,1117013100,한남동,1117013100107260082,1,대지,726,82,서울특별시 용산구 한남동 726-82,111702102003,서울특별시 용산구 한남대로,130,,1117013100107260082004636,구내식당볼보빌딩,서울특별시 용산구 한남대로 130,140893,04417,,1,,127.004435476733,37.5399402702689
MA0106202410A1364381,잔,,G2,소매,G221,기타 상품 소매,G22199,그 외 기타 상품 전문 소매업,G47859,그 외 기타 분류 안된 상품 전문 소매업,26,부산광역시,26350,해운대구,26350552,좌2동,2635010700,좌동,2635010700114760001,1,대지,1476,1,부산광역시 해운대구 좌동 1476-1,263503133029,부산광역시 해운대구 양운로,45,,2635010700114760001000001,,부산광역시 해운대구 양운로 45,612842,48104,,1,,129.176780261263,35.1673721197949
MA0106202410A1236374,드림멀티샵,,G2,소매,G221,기타 상품 소매,G22199,그 외 기타 상품 전문 소매업,G47859,그 외 기타 분류 안된 상품 전문 소매업,46,전라남도,46110,목포시,46110535,연동,4611010200,산정동,4611010200110440544,1,대지,1044,544,전라남도 목포시 산정동 1044-544,461103281095,전라남도 목포시 영산로,246,,4611010200110440054014827,,전라남도 목포시 영산로 246,530807,58707,,3,,126.393284135043,34.8026419514163
MA0106202410A1138405,포크벨유,,G2,소매,G221,기타 상품 소매,G22199,그 외 기타 상품 전문 소매업,G47859,그 외 기타 분류 안된 상품 전문 소매업,41,경기도,41461,용인시 처인구,41461253,모현읍,4146125325,모현읍,4146125325103280010,1,대지,328,10,경기도 용인시 처인구 모현읍 매산리 328-10,414613203011,경기도 용인시 처인구 모현읍 곡현로,562,,4146131025103280010036133,,경기도 용인시 처인구 모현읍 곡현로 562,449853,17031,,,,127.222364488284,37.3345250689055
MA0106202409A1512232,아리곳간,,G2,소매,G221,기타 상품 소매,G22199,그 외 기타 상품 전문 소매업,G47859,그 외 기타 분류 안된 상품 전문 소매업,48,경상남도,48310,거제시,48310580,고현동,4831010900,고현동,4831010900101030003,1,대지,103,3,경상남도 거제시 고현동 103-3,483104811067,경상남도 거제시 고현로8길,16,,4831010900101030003024528,,경상남도 거제시 고현로8길 16,656930,53254,,1,,128.623666569619,34.8853071719407
MA0106202409A0835833,에이치앤아이,,G2,소매,G221,기타 상품 소매,G22199,그 외 기타 상품 전문 소매업,G47859,그 외 기타 분류 안된 상품 전문 소매업,41,경기도,41111,수원시 장안구,41111560,파장동,4111113100,이목동,4111113100103380006,1,대지,338,6,경기도 수원시 장안구 이목동 338-6,411113174010,경기도 수원시 장안구 이목로,17,,4111113100103380006074843,,경기도 수원시 장안구 이목로 17,440851,16342,,2,,126.983383760421,37.310675274103
MA0106202409A0867527,제더스,,G2,소매,G221,기타 상품 소매,G22199,그 외 기타 상품 전문 소매업,G47859,그 외 기타 분류 안된 상품 전문 소매업,11,서울특별시,11500,강서구,11500603,가양1동,1150010500,마곡동,1150010500107570000,1,대지,757,,서울특별시 강서구 마곡동 757,115003155045,서울특별시 강서구 마곡중앙로,161,8,1150010500107570000000001,,서울특별시 강서구 마곡중앙로 161-8,157805,07788,,,,126.827119256731,37.5689250110823
MA0106202409A1136906,춘천식품,,G2,소매,G221,기타 상품 소매,G22199,그 외 기타 상품 전문 소매업,G47859,그 외 기타 분류 안된 상품 전문 소매업,51,강원특별자치도,51810,인제군,51810320,북면,5181032021,북면,5181032021116610002,1,대지,1661,2,강원특별자치도 인제군 북면 원통리 1661-2,518103233019,강원특별자치도 인제군 북면 원통로,380,,4281032021016610002012339,,강원특별자치도 인제군 북면 원통로 380,252822,24615,,,,128.223679437084,38.1311784797331
MA0106202409A1315832,헨젤과그레텔청주,복대점,G2,소매,G221,기타 상품 소매,G22199,그 외 기타 상품 전문 소매업,G47859,그 외 기타 분류 안된 상품 전문 소매업,43,충청북도,43113,청주시 흥덕구,43113741,복대1동,4311311400,복대동,4311311400125900000,1,대지,2590,,충청북도 청주시 흥덕구 복대동 2590,431134511821,충청북도 청주시 흥덕구 증안로22번길,24,,4311311400125900000008185,,충청북도 청주시 흥덕구 증안로22번길 24,361815,28416,,,,127.426096801165,36.6354242575353
MA0106202409A2028931,중부사이언스,,G2,소매,G221,기타 상품 소매,G22199,그 외 기타 상품 전문 소매업,G47859,그 외 기타 분류 안된 상품 전문 소매업,36,세종특별자치시,36110,세종특별자치시,36110350,장군면,3611035021,장군면,3611035021101640006,1,대지,164,6,세종특별자치시 세종특별자치시 장군면 도계리 164-6,361104574664,세종특별자치시 세종특별자치시 장군면 장기초교길,30,6,3611035021101640006000001,,세종특별자치시 세종특별자치시 장군면 장기초교길 30-6,339913,30053,,,,127.207676509946,36.4957327457587
MA0106202409A1726690,미담에프에스,,G2,소매,G221,기타 상품 소매,G22199,그 외 기타 상품 전문 소매업,G47859,그 외 기타 분류 안된 상품 전문 소매업,43,충청북도,43114,청주시 청원구,43114253,오창읍,4311425344,오창읍,4311425344106410001,1,대지,641,1,충청북도 청주시 청원구 오창읍 각리 641-1,431144520027,충청북도 청주시 청원구 오창읍 각리1길,7,,4371025344006410001001096,,충청북도 청주시 청원구 오창읍 각리1길 7,363885,28126,,1,,127.431077766422,36.7065681800161
MA0106202409A1891471,충무김밥-김치수제비,,G2,소매,G221,기타 상품 소매,G22199,그 외 기타 상품 전문 소매업,G47859,그 외 기타 분류 안된 상품 전문 소매업,26,부산광역시,26350,해운대구,26350510,우1동,2635010500,우동,2635010500106100008,1,대지,610,8,부산광역시 해운대구 우동 610-8,263503133040,부산광역시 해운대구 중동1로,15,3,2635010500106100008006913,,부산광역시 해운대구 중동1로 15-3,612821,48095,,1,,129.161460124377,35.1636274757849
MA0106202409A0713504,드림오피스,김포점,G2,소매,G221,기타 상품 소매,G22199,그 외 기타 상품 전문 소매업,G47859,그 외 기타 분류 안된 상품 전문 소매업,41,경기도,41570,김포시,41570250,통진읍,4157025022,통진읍,4157025022101520004,1,대지,152,4,경기도 김포시 통진읍 마송리 152-4,415702209001,경기도 김포시 통진읍 김포대로,2302,,4157025022101520004008433,,경기도 김포시 통진읍 김포대로 2302,415865,10019,,,,126.591475677535,37.6926710322502
MA0106202409A2300653,땅스부대찌개,연무점,G2,소매,G221,기타 상품 소매,G22199,그 외 기타 상품 전문 소매업,G47859,그 외 기타 분류 안된 상품 전문 소매업,41,경기도,41111,수원시 장안구,41111600,연무동,4111113700,연무동,4111113700102460022,1,대지,246,22,경기도 수원시 장안구 연무동 246-22,411112012001,경기도 수원시 장안구 창룡대로,191,,4111113700102460022037044,일부호,경기도 수원시 장안구 창룡대로 191,440813,16219,,1,,127.030890026796,37.2926336605818
MA0106202408A1859003,시니어푸즈,,G2,소매,G221,기타 상품 소매,G22199,그 외 기타 상품 전문 소매업,G47859,그 외 기타 분류 안된 상품 전문 소매업,41,경기도,41630,양주시,41630510,양주1동,4163010500,산북동,4163010500103330006,1,대지,333,6,경기도 양주시 산북동 333-6,416303215066,경기도 양주시 평화로,1275,,4163010500103330006000255,,경기도 양주시 평화로 1275,482100,11497,,1,,127.045319058186,37.8050269014861
MA0106202408A1899915,탄탄정토회,,G2,소매,G221,기타 상품 소매,G22199,그 외 기타 상품 전문 소매업,G47859,그 외 기타 분류 안된 상품 전문 소매업,29,광주광역시,29110,동구,29110685,학동,2911012200,학동,2911012200100710003,1,대지,71,3,광주광역시 동구 학동 71-3,291104277151,광주광역시 동구 양림로119번길,7,,2911012200100710003011365,,광주광역시 동구 양림로119번길 7,501841,61489,,4,,126.920181614926,35.1404807973486
MA0106202408A1238809,애니몽땅청주,성안점,G2,소매,G221,기타 상품 소매,G22199,그 외 기타 상품 전문 소매업,G47859,그 외 기타 분류 안된 상품 전문 소매업,43,충청북도,43111,청주시 상당구,43111545,성안동,4311110200,북문로1가,4311110200100660001,1,대지,66,1,충청북도 청주시 상당구 북문로1가 66-1,431113236031,충청북도 청주시 상당구 성안로,29,,4311110200100670008047747,,충청북도 청주시 상당구 성안로 29,360011,28530,,,,127.489296784685,36.6342442831446
MA0106202408A0615374,태양물류,,G2,소매,G221,기타 상품 소매,G22199,그 외 기타 상품 전문 소매업,G47859,그 외 기타 분류 안된 상품 전문 소매업,41,경기도,41450,하남시,41450510,천현동,4145010200,하산곡동,4145010200100540012,1,대지,54,12,경기도 하남시 하산곡동 54-12,414504406036,경기도 하남시 검단산로137번길,29,38,4145010200100540012002412,,경기도 하남시 검단산로137번길 29-38,465816,13024,,,,127.224179194244,37.527068524782
MA0106202408A2406240,대진복권,,G2,소매,G221,기타 상품 소매,G22199,그 외 기타 상품 전문 소매업,G47859,그 외 기타 분류 안된 상품 전문 소매업,41,경기도,41220,평택시,41220370,현덕면,4122037022,현덕면,4122037022100070010,1,대지,7,10,경기도 평택시 현덕면 운정리 7-10,412202012006,경기도 평택시 현덕면 서동대로,1272,,4122037022100070010043594,,경기도 평택시 현덕면 서동대로 1272,451813,17945,,,,126.894178020691,36.9869686228781
MA0106202408A0433016,모르르,,G2,소매,G221,기타 상품 소매,G22199,그 외 기타 상품 전문 소매업,G47859,그 외 기타 분류 안된 상품 전문 소매업,48,경상남도,48121,창원시 의창구,48121540,봉림동,4812112700,봉곡동,4812112700100300011,1,대지,30,11,경상남도 창원시 의창구 봉곡동 30-11,481214781606,경상남도 창원시 의창구 지귀로24번길,11,1,4812112700100300011004421,,경상남도 창원시 의창구 지귀로24번길 11-1,641821,51177,,1,,128.651127011447,35.244849621264
MA0106202406A0150200,스타럭스쿠스미티,압구정점,G2,소매,G221,기타 상품 소매,G22199,그 외 기타 상품 전문 소매업,G47859,그 외 기타 분류 안된 상품 전문 소매업,11,서울특별시,11680,강남구,11680545,압구정동,1168010700,신사동,1168010700106530016,1,대지,653,16,서울특별시 강남구 신사동 653-16,116804166279,서울특별시 강남구 도산대로49길,16,,1168010700106530016010471,,서울특별시 강남구 도산대로49길 16,135897,06019,,1,,127.037376733714,37.5239146372449
MA0106202406A2291908,씨제이올리브영경북성주점,,G2,소매,G221,기타 상품 소매,G22199,그 외 기타 상품 전문 소매업,G47859,그 외 기타 분류 안된 상품 전문 소매업,47,경상북도,47840,성주군,47840250,성주읍,4784025024,성주읍,4784025024106610012,1,대지,661,12,경상북도 성주군 성주읍 성산리 661-12,478403311038,경상북도 성주군 성주읍 성주로,3248,,4784025024106610012029863,,경상북도 성주군 성주읍 성주로 3248,719804,40028,,1,,128.289134791976,35.9176211520548
MA0106202406A2292510,씨제이올리브영안양관양점,,G2,소매,G221,기타 상품 소매,G22199,그 외 기타 상품 전문 소매업,G47859,그 외 기타 분류 안된 상품 전문 소매업,41,경기도,41173,안양시 동안구,41173552,관양동,4117310200,관양동,4117310200114460005,1,대지,1446,5,경기도 안양시 동안구 관양동 1446-5,411732182001,경기도 안양시 동안구 관악대로,342,,4117310200114460005009714,일부,경기도 안양시 동안구 관악대로 342,431807,13945,,1,,126.96071799599,37.4033676732164
MA0106202406A2291914,씨제이올리브영남양주,오남점,G2,소매,G221,기타 상품 소매,G22199,그 외 기타 상품 전문 소매업,G47859,그 외 기타 분류 안된 상품 전문 소매업,41,경기도,41360,남양주시,41360262,오남읍,4136026223,오남읍,4136026223102610000,1,대지,261,,경기도 남양주시 오남읍 오남리 261,413603197050,경기도 남양주시 오남읍 진건오남로,593,,4136026223102610000006829,,경기도 남양주시 오남읍 진건오남로 593,472883,12049,,1,,127.210894644738,37.6864327602532
MA0106202407A1792979,올찬곳간,,G2,소매,G221,기타 상품 소매,G22199,그 외 기타 상품 전문 소매업,G47859,그 외 기타 분류 안된 상품 전문 소매업,36,세종특별자치시,36110,세종특별자치시,36110556,반곡동,3611010100,반곡동,3611010100108670000,1,대지,867,,세종특별자치시 세종특별자치시 반곡동 867,361102000002,세종특별자치시 세종특별자치시 한누리대로,1834,,3611010100108670000000001,,세종특별자치시 세종특별자치시 한누리대로 1834,339007,30146,,1,,127.311104982692,36.4979860635314
MA0106202407A0365124,프라임피닉스,,G2,소매,G221,기타 상품 소매,G22199,그 외 기타 상품 전문 소매업,G47859,그 외 기타 분류 안된 상품 전문 소매업,41,경기도,41390,시흥시,41390581,군자동,4139012700,거모동,4139012700105650000,1,대지,565,,경기도 시흥시 거모동 565,413904397293,경기도 시흥시 봉화로319번길,73,,4139012700105650000026499,,경기도 시흥시 봉화로319번길 73,429803,15044,,,,126.769314906009,37.3580439810181
MA0106202407A1527903,더자연내음,,G2,소매,G221,기타 상품 소매,G22199,그 외 기타 상품 전문 소매업,G47859,그 외 기타 분류 안된 상품 전문 소매업,41,경기도,41570,김포시,41570256,양촌읍,4157025622,양촌읍,4157025622110320061,1,대지,1032,61,경기도 김포시 양촌읍 누산리 1032-61,415704427399,경기도 김포시 양촌읍 양곡로130번길,34,,4157025622110320061000002,,경기도 김포시 양촌읍 양곡로130번길 34,415842,10053,,1,,126.65998477203,37.66937303776
MA0106202407A0751208,강화애오란다,,G2,소매,G221,기타 상품 소매,G22199,그 외 기타 상품 전문 소매업,G47859,그 외 기타 분류 안된 상품 전문 소매업,28,인천광역시,28710,강화군,28710250,강화읍,2871025021,강화읍,2871025021103220000,1,대지,322,,인천광역시 강화군 강화읍 신문리 322,287104271246,인천광역시 강화군 강화읍 남문안길,13,,2871025021103220000000621,,인천광역시 강화군 강화읍 남문안길 13,417807,23035,,1,,126.48510241901,37.7450419897655
MA0106202407A0062728,올바른것들,,G2,소매,G221,기타 상품 소매,G22199,그 외 기타 상품 전문 소매업,G47859,그 외 기타 분류 안된 상품 전문 소매업,11,서울특별시,11305,강북구,11305608,번3동,1130510200,번동,1130510200101910000,1,대지,191,,서울특별시 강북구 번동 191,113054124462,서울특별시 강북구 월계로37길,129,,1130510200101910000014703,기산그린,서울특별시 강북구 월계로37길 129,142768,01226,,1,,127.043987717544,37.6276979120566
MA0106202407A2221465,성지,코리아,G2,소매,G221,기타 상품 소매,G22199,그 외 기타 상품 전문 소매업,G47859,그 외 기타 분류 안된 상품 전문 소매업,28,인천광역시,28237,부평구,28237660,부개2동,2823710700,부개동,2823710700105130000,1,대지,513,,인천광역시 부평구 부개동 513,282374262513,인천광역시 부평구 수변로57번길,21,,2823710700105130000000003,,인천광역시 부평구 수변로57번길 21,403102,21401,,,,126.739709254919,37.4913508072349
MA0106202407A1920047,자은유통,,G2,소매,G221,기타 상품 소매,G22199,그 외 기타 상품 전문 소매업,G47859,그 외 기타 분류 안된 상품 전문 소매업,26,부산광역시,26470,연제구,26470650,연산1동,2647010200,연산동,2647010200101040004,1,대지,104,4,부산광역시 연제구 연산동 104-4,264703130026,부산광역시 연제구 반송로,106,,2647010200101040004015737,,부산광역시 연제구 반송로 106,611811,47559,,,,129.090243977629,35.1924530225192
MA0106202407A1465987,우리집반찬샵,,G2,소매,G221,기타 상품 소매,G22199,그 외 기타 상품 전문 소매업,G47859,그 외 기타 분류 안된 상품 전문 소매업,41,경기도,41590,화성시,41590253,봉담읍,4159025321,봉담읍,4159025321106880002,1,대지,688,2,경기도 화성시 봉담읍 상리 688-2,415904855206,경기도 화성시 봉담읍 상리중심상가길,28,8,4159025321106880002000001,,경기도 화성시 봉담읍 상리중심상가길 28-8,445891,18309,,,,126.946105367106,37.2262546116372
MA0106202409A2290041,씨제이올리브영신세계프리미엄아울렛,부산점,G2,소매,G221,기타 상품 소매,G22199,그 외 기타 상품 전문 소매업,G47859,그 외 기타 분류 안된 상품 전문 소매업,26,부산광역시,26710,기장군,26710253,장안읍,2671025321,장안읍,2671025321105450000,1,대지,545,,부산광역시 기장군 장안읍 좌천리 545,267103140047,부산광역시 기장군 장안읍 정관로,1133,,2671025321200070000000001,,부산광역시 기장군 장안읍 정관로 1133,619953,46029,,,,129.234964100832,35.3238092128662
MA0106202409A2290042,씨제이올리브영경산정평역점,,G2,소매,G221,기타 상품 소매,G22199,그 외 기타 상품 전문 소매업,G47859,그 외 기타 분류 안된 상품 전문 소매업,47,경상북도,47290,경산시,47290542,서부2동,4729011100,정평동,4729011100101490000,1,대지,149,,경상북도 경산시 정평동 149,472903313081,경상북도 경산시 대학로,39,,4729011100101470005009605,,경상북도 경산시 대학로 39,712110,38653,,1,,128.727258222673,35.8346111798568
MA0106202409A2290034,씨제이올리브영전북완주점,,G2,소매,G221,기타 상품 소매,G22199,그 외 기타 상품 전문 소매업,G47859,그 외 기타 분류 안된 상품 전문 소매업,52,전북특별자치도,52710,완주군,52710253,봉동읍,5271025324,봉동읍,5271025324109010003,1,대지,901,3,전북특별자치도 완주군 봉동읍 둔산리 901-3,527103016032,전북특별자치도 완주군 봉동읍 과학로,1025,,4571025324109010003000001,,전북특별자치도 완주군 봉동읍 과학로 1025,565902,55319,,1,,127.127226609004,35.9600920281559
MA0106202409A2290036,씨제이올리브영수원망포,사거리점,G2,소매,G221,기타 상품 소매,G22199,그 외 기타 상품 전문 소매업,G47859,그 외 기타 분류 안된 상품 전문 소매업,41,경기도,41117,수원시 영통구,41117596,망포2동,4111710700,망포동,4111710700100410051,1,대지,41,51,경기도 수원시 영통구 망포동 41-51,411173012001,경기도 수원시 영통구 덕영대로,1470,,4111710700100410051000001,,경기도 수원시 영통구 덕영대로 1470,443400,16685,,1,,127.051157951798,37.2450516532195
MA0106202409A2290037,씨제이올리브영대구현풍점,,G2,소매,G221,기타 상품 소매,G22199,그 외 기타 상품 전문 소매업,G47859,그 외 기타 분류 안된 상품 전문 소매업,27,대구광역시,27710,달성군,27710265,현풍읍,2771026522,현풍읍,2771026522104900000,1,대지,490,,대구광역시 달성군 현풍읍 중리 490,277103341006,대구광역시 달성군 현풍읍 테크노상업로,62,,2771026522104900000000001,,대구광역시 달성군 현풍읍 테크노상업로 62,711873,43017,,,,128.456337070619,35.6932012165431
MA0106202409A1110182,로봇랜드점_까까멜레온,,G2,소매,G221,기타 상품 소매,G22199,그 외 기타 상품 전문 소매업,G47859,그 외 기타 분류 안된 상품 전문 소매업,48,경상남도,48125,창원시 마산합포구,48125310,구산면,4812531027,구산면,4812531027201050000,2,산,105,,경상남도 창원시 마산합포구 구산면 반동리 산105,481253352177,경상남도 창원시 마산합포구 구산면 로봇랜드로,250,,4812531027201210001000001,,경상남도 창원시 마산합포구 구산면 로봇랜드로 250,631842,51784,,,,128.586847416747,35.0769431363441
MA0106202409A1110181,무동_까까멜레온,1호점,G2,소매,G221,기타 상품 소매,G22199,그 외 기타 상품 전문 소매업,G47859,그 외 기타 분류 안된 상품 전문 소매업,48,경상남도,48121,창원시 의창구,48121310,북면,4812131030,북면,4812131030101450007,1,대지,145,7,경상남도 창원시 의창구 북면 무동리 145-7,481214793678,경상남도 창원시 의창구 북면 무동로226번길,14,,4812131030100000000000002,명성에코빌딩,경상남도 창원시 의창구 북면 무동로226번길 14,641871,51106,,,,128.584552946919,35.3175674899595
MA0106202409A0581608,㈜이스턴웰스대구영업소,,G2,소매,G221,기타 상품 소매,G22199,그 외 기타 상품 전문 소매업,G47859,그 외 기타 분류 안된 상품 전문 소매업,27,대구광역시,27230,북구,27230680,검단동,2723011300,검단동,2723011300113930020,1,대지,1393,20,대구광역시 북구 검단동 1393-20,272304235024,대구광역시 북구 검단북로35길,18,,2723011300113930020000001,주휘닉스벤딩서비스,대구광역시 북구 검단북로35길 18,702800,41507,,,,128.625365684435,35.9183877532575
MA0106202410A2291553,씨제이올리브영영천완산점,,G2,소매,G221,기타 상품 소매,G22199,그 외 기타 상품 전문 소매업,G47859,그 외 기타 분류 안된 상품 전문 소매업,47,경상북도,47230,영천시,47230540,완산동,4723011300,완산동,4723011300109680008,1,대지,968,8,경상북도 영천시 완산동 968-8,472304854805,경상북도 영천시 완산7길,21,,4723011300109680008000001,,경상북도 영천시 완산7길 21,770905,38894,,1,,128.940205359805,35.9630998895895
MA0106202410A2226744,우리동네사람들,,G2,소매,G221,기타 상품 소매,G22199,그 외 기타 상품 전문 소매업,G47859,그 외 기타 분류 안된 상품 전문 소매업,48,경상남도,48250,김해시,48250530,부원동,4825010300,부원동,4825010300106150015,1,대지,615,15,경상남도 김해시 부원동 615-15,482502335001,경상남도 김해시 김해대로,2367,,4825010300106150015084703,삼성생명빌딩,경상남도 김해시 김해대로 2367,621907,50924,,7,,128.885779621959,35.2270279525148
MA0106202410A0721477,제이앤케이리더스,,G2,소매,G221,기타 상품 소매,G22199,그 외 기타 상품 전문 소매업,G47859,그 외 기타 분류 안된 상품 전문 소매업,27,대구광역시,27140,동구,27140742,안심3동,2714011600,동호동,2714011600103770004,1,대지,377,4,대구광역시 동구 동호동 377-4,271403142011,대구광역시 동구 동호로,36,,2714011600103770004005377,,대구광역시 동구 동호로 36,701849,41085,,,,128.721267309677,35.8646326147208
MA0106202410A2184632,임계커피,,G2,소매,G221,기타 상품 소매,G22199,그 외 기타 상품 전문 소매업,G47859,그 외 기타 분류 안된 상품 전문 소매업,51,강원특별자치도,51150,강릉시,51150572,포남2동,5115011100,포남동,5115011100110610007,1,대지,1061,7,강원특별자치도 강릉시 포남동 1061-7,511504460442,강원특별자치도 강릉시 보래미길,75,,4215011100110610007008758,,강원특별자치도 강릉시 보래미길 75,210952,25480,,1,,128.912398919733,37.7756566798711
MA0106202410A1751173,심스이벤트,,G2,소매,G221,기타 상품 소매,G22199,그 외 기타 상품 전문 소매업,G47859,그 외 기타 분류 안된 상품 전문 소매업,41,경기도,41194,부천시 소사구,41194520,심곡본동,4119410200,심곡본동,4119410200106970004,1,대지,697,4,경기도 부천시 소사구 심곡본동 697-4,411943185006,경기도 부천시 소사구 성주로,219,,4119710200106970004017713,,경기도 부천시 소사구 성주로 219,422841,14718,,1,,126.780692323431,37.4783063253722
MA0106202410A0149104,판테크,,G2,소매,G221,기타 상품 소매,G22199,그 외 기타 상품 전문 소매업,G47859,그 외 기타 분류 안된 상품 전문 소매업,41,경기도,41410,군포시,41410510,군포1동,4141010200,당정동,4141010200110450000,1,대지,1045,,경기도 군포시 당정동 1045,414104403064,경기도 군포시 고산로148번길,17,,4141010200105430000000001,비,경기도 군포시 고산로148번길 17,435733,15850,,,,126.953511456202,37.3496189228498
MA0106202409A0457968,유안유통,,G2,소매,G221,기타 상품 소매,G22199,그 외 기타 상품 전문 소매업,G47859,그 외 기타 분류 안된 상품 전문 소매업,41,경기도,41570,김포시,41570250,통진읍,4157025021,통진읍,4157025021106440008,1,대지,644,8,경기도 김포시 통진읍 도사리 644-8,415702209001,경기도 김포시 통진읍 김포대로,2014,,4157025021106440008010609,,경기도 김포시 통진읍 김포대로 2014,415863,10017,,,,126.620088787777,37.6823874840132
MA0106202409A2252655,진정성,,G2,소매,G221,기타 상품 소매,G22199,그 외 기타 상품 전문 소매업,G47859,그 외 기타 분류 안된 상품 전문 소매업,28,인천광역시,28110,중구,28110615,개항동,2811013800,북성동1가,2811013800100980457,1,대지,98,457,인천광역시 중구 북성동1가 98-457,281103149043,인천광역시 중구 월미로,250,10,2811013800100980457002860,,인천광역시 중구 월미로 250-10,400201,22303,,1,,126.597783670618,37.473076964126
MA0106202409A1963927,왕령관네,,G2,소매,G221,기타 상품 소매,G22199,그 외 기타 상품 전문 소매업,G47859,그 외 기타 분류 안된 상품 전문 소매업,11,서울특별시,11440,마포구,11440660,서교동,1144012000,서교동,1144012000103570003,1,대지,357,3,서울특별시 마포구 서교동 357-3,114404139422,서울특별시 마포구 양화로16길,33,,1144012000103570003024747,,서울특별시 마포구 양화로16길 33,121838,04039,,,,126.921426221663,37.5530868153863
MA0106202409A2006065,어메이징후르츠,,G2,소매,G221,기타 상품 소매,G22199,그 외 기타 상품 전문 소매업,G47859,그 외 기타 분류 안된 상품 전문 소매업,41,경기도,41461,용인시 처인구,41461259,남사읍,4146125924,남사읍,4146125924102200000,1,대지,220,,경기도 용인시 처인구 남사읍 봉명리 220,414614409872,경기도 용인시 처인구 남사읍 통삼로169번길,11,,4146125924102200000000001,,경기도 용인시 처인구 남사읍 통삼로169번길 11,449882,17118,,,,127.12660109801,37.114891784492
MA0106202409A1253947,그린식품,,G2,소매,G221,기타 상품 소매,G22199,그 외 기타 상품 전문 소매업,G47859,그 외 기타 분류 안된 상품 전문 소매업,29,광주광역시,29200,광산구,29200610,월곡2동,2920012800,월곡동,2920012800105190005,1,대지,519,5,광주광역시 광산구 월곡동 519-5,292004289210,광주광역시 광산구 산정공원로28번길,29,,2920012800105190005001411,,광주광역시 광산구 산정공원로28번길 29,506826,62345,,,,126.80763576947,35.1709014482922
MA0106202409A0385268,성창장갑,,G2,소매,G221,기타 상품 소매,G22199,그 외 기타 상품 전문 소매업,G47859,그 외 기타 분류 안된 상품 전문 소매업,41,경기도,41131,성남시 수정구,41131530,신흥3동,4113110100,신흥동,4113110100134030001,1,대지,3403,1,경기도 성남시 수정구 신흥동 3403-1,411313179003,경기도 성남시 수정구 공원로,389,,4113110100134030001000001,,경기도 성남시 수정구 공원로 389,461812,13346,,1,,127.145870555558,37.4457401347448
MA0106202409A1711134,바로바이오,,G2,소매,G221,기타 상품 소매,G22199,그 외 기타 상품 전문 소매업,G47859,그 외 기타 분류 안된 상품 전문 소매업,30,대전광역시,30200,유성구,30200530,온천1동,3020011200,구암동,3020011200102720000,1,대지,272,,대전광역시 유성구 구암동 272,302002167001,대전광역시 유성구 유성대로,579,4,3020011200102720000015111,,대전광역시 유성구 유성대로 579-4,305800,34196,,2,,127.324339558644,36.3471317259952
MA0106202409A1719919,옷향기&갤러리창원,,G2,소매,G221,기타 상품 소매,G22199,그 외 기타 상품 전문 소매업,G47859,그 외 기타 분류 안된 상품 전문 소매업,48,경상남도,48123,창원시 성산구,48123530,상남동,4812312700,상남동,4812312700100560011,1,대지,56,11,경상남도 창원시 성산구 상남동 56-11,481233328009,경상남도 창원시 성산구 동산로,58,,4812312700100560011026667,좌측호,경상남도 창원시 성산구 동산로 58,642829,51501,,1,,128.686576653112,35.2145664165548
MA0106202408A1355531,참좋은산업,,G2,소매,G221,기타 상품 소매,G22199,그 외 기타 상품 전문 소매업,G47859,그 외 기타 분류 안된 상품 전문 소매업,41,경기도,41590,화성시,41590340,송산면,4159034034,송산면,4159034034102810007,1,대지,281,7,경기도 화성시 송산면 육일리 281-7,415903210054,경기도 화성시 송산면 사강로,46,,4159034034102810007000001,,경기도 화성시 송산면 사강로 46,445873,18552,,1,,126.725225735355,37.2060079734297
MA0106202406A2292298,씨제이올리브영대전,월평점,G2,소매,G221,기타 상품 소매,G22199,그 외 기타 상품 전문 소매업,G47859,그 외 기타 분류 안된 상품 전문 소매업,30,대전광역시,30170,서구,30170587,월평2동,3017011300,월평동,3017011300102710000,1,대지,271,,대전광역시 서구 월평동 271,301703166062,대전광역시 서구 청사서로,26,,3017011300102710000019467,,대전광역시 서구 청사서로 26,302847,35214,,1,,127.376949031161,36.3601074712505
MA0106202407A0162275,카페도넛킬러동탄라크몽점,,G2,소매,G221,기타 상품 소매,G22199,그 외 기타 상품 전문 소매업,G47859,그 외 기타 분류 안된 상품 전문 소매업,41,경기도,41590,화성시,41590610,동탄7동,4159013700,송동,4159013700107260001,1,대지,726,1,경기도 화성시 송동 726-1,415904852340,경기도 화성시 동탄대로5길,21,,4159013700107260001000001,,경기도 화성시 동탄대로5길 21,,18497,,,,127.10514907048,37.1668949315283
MA0106202407A0605904,비저너스,,G2,소매,G221,기타 상품 소매,G22199,그 외 기타 상품 전문 소매업,G47859,그 외 기타 분류 안된 상품 전문 소매업,11,서울특별시,11650,서초구,11650652,양재2동,1165010200,양재동,1165010200102750002,1,대지,275,2,서울특별시 서초구 양재동 275-2,116503121022,서울특별시 서초구 논현로,79,,1165010200102750002002696,윈드스톤호피스텔빌딩,서울특별시 서초구 논현로 79,137722,06775,,,,127.044792321156,37.4769155852014
MA0106202407A1558496,송이반찬,,G2,소매,G221,기타 상품 소매,G22199,그 외 기타 상품 전문 소매업,G47859,그 외 기타 분류 안된 상품 전문 소매업,28,인천광역시,28200,남동구,28200583,만수6동,2820010300,만수동,2820010300110810012,1,대지,1081,12,인천광역시 남동구 만수동 1081-12,282004259268,인천광역시 남동구 담방서로3번길,38,,2820010300110810012007394,,인천광역시 남동구 담방서로3번길 38,405869,21591,,1,,126.73565016485,37.4463093959243
MA0106202407A1946922,씨스페이스,신길점,G2,소매,G221,기타 상품 소매,G22199,그 외 기타 상품 전문 소매업,G47859,그 외 기타 분류 안된 상품 전문 소매업,11,서울특별시,11560,영등포구,11560660,신길4동,1156013200,신길동,1156013200149340001,1,대지,4934,1,서울특별시 영등포구 신길동 4934-1,115604154343,서울특별시 영등포구 도신로56길,62,,1156013200149340001012723,삼성래미안아파트,서울특별시 영등포구 도신로56길 62,150778,07362,,,,126.914994407456,37.5065636626546
MA0106202407A1608744,제이와이스토리,,G2,소매,G221,기타 상품 소매,G22199,그 외 기타 상품 전문 소매업,G47859,그 외 기타 분류 안된 상품 전문 소매업,48,경상남도,48170,진주시,48170515,천전동,4817010400,칠암동,4817010400105320010,1,대지,532,10,경상남도 진주시 칠암동 532-10,481703332077,경상남도 진주시 동진로,55,,4817010400105320010404152,경상국립대학교,경상남도 진주시 동진로 55,660987,52725,,,,128.096978161516,35.1795165224344
MA0106202407A2168450,인화당,,G2,소매,G221,기타 상품 소매,G22199,그 외 기타 상품 전문 소매업,G47859,그 외 기타 분류 안된 상품 전문 소매업,31,울산광역시,31140,남구,31140670,야음장생포동,3114011800,장생포동,3114011800103380002,1,대지,338,2,울산광역시 남구 장생포동 338-2,311403170048,울산광역시 남구 장생포고래로,110,,3114011800103380002027986,장생포문화창고내,울산광역시 남구 장생포고래로 110,680060,44780,,1,,129.3672838139,35.5034854392836
MA0106202409A2343077,스타플릭스롯데시네마오송점오프라인티켓외매점,,G2,소매,G221,기타 상품 소매,G22199,그 외 기타 상품 전문 소매업,G47859,그 외 기타 분류 안된 상품 전문 소매업,43,충청북도,43113,청주시 흥덕구,43113250,오송읍,4311325031,오송읍,4311325031109960000,1,대지,996,,충청북도 청주시 흥덕구 오송읍 봉산리 996,431133351774,충청북도 청주시 흥덕구 오송읍 오송생명11로,46,,4311325031109960000000001,,충청북도 청주시 흥덕구 오송읍 오송생명11로 46,361953,28222,,7,,127.316408233721,36.6189058314052
MA0106202409A1464629,후레쉬케터링,,G2,소매,G221,기타 상품 소매,G22199,그 외 기타 상품 전문 소매업,G47859,그 외 기타 분류 안된 상품 전문 소매업,27,대구광역시,27170,서구,27170565,비산2.3동,2717010200,비산동,2717010200101560030,1,대지,156,30,대구광역시 서구 비산동 156-30,271703141003,대구광역시 서구 달성공원로,11,,2717010200101560030007755,,대구광역시 서구 달성공원로 11,703812,41802,,2,,128.579297754359,35.8713142773188
MA0106202409A2176072,달콤뻥튀기&건어물,하남미사점,G2,소매,G221,기타 상품 소매,G22199,그 외 기타 상품 전문 소매업,G47859,그 외 기타 분류 안된 상품 전문 소매업,41,경기도,41450,하남시,41450610,미사1동,4145010900,망월동,4145010900110990001,1,대지,1099,1,경기도 하남시 망월동 1099-1,414503202058,경기도 하남시 미사강변중앙로,180,,4145010900110990001000001,,경기도 하남시 미사강변중앙로 180,465150,12913,,1,,127.190829625758,37.5630679267757
MA0106202409A1789562,달콤아이스크림할인점,사직점,G2,소매,G221,기타 상품 소매,G22199,그 외 기타 상품 전문 소매업,G47859,그 외 기타 분류 안된 상품 전문 소매업,43,충청북도,43112,청주시 서원구,43112520,사직2동,4311210100,사직동,4311210100109290000,1,대지,929,,충청북도 청주시 서원구 사직동 929,431123237064,충청북도 청주시 서원구 예체로,55,,4311310100106660002025194,푸르지오캐슬,충청북도 청주시 서원구 예체로 55,362102,28650,,,,127.468403035587,36.6311472746556
MA0106202409A2290010,씨제이올리브영현대프리미엄이울렛,송도점,G2,소매,G221,기타 상품 소매,G22199,그 외 기타 상품 전문 소매업,G47859,그 외 기타 분류 안된 상품 전문 소매업,28,인천광역시,28185,연수구,28185840,송도3동,2818510600,송도동,2818510600101680001,1,대지,168,1,인천광역시 연수구 송도동 168-1,281852152005,인천광역시 연수구 송도국제대로,123,,2818510600101680001000001,,인천광역시 연수구 송도국제대로 123,406083,21984,,1,,126.657923463828,37.3816333547115
MA0106202409A2290045,씨제이올리브영,화성향남점,G2,소매,G221,기타 상품 소매,G22199,그 외 기타 상품 전문 소매업,G47859,그 외 기타 분류 안된 상품 전문 소매업,41,경기도,41590,화성시,41590259,향남읍,4159025939,향남읍,4159025939104740005,1,대지,474,5,경기도 화성시 향남읍 행정리 474-5,415903210137,경기도 화성시 향남읍 발안로,103,6,4159025939104740005000001,,경기도 화성시 향남읍 발안로 103-6,445926,18591,,,,126.921908970664,37.1317745332764
MA0106202409A2290032,씨제이올리브영경복궁역점,,G2,소매,G221,기타 상품 소매,G22199,그 외 기타 상품 전문 소매업,G47859,그 외 기타 분류 안된 상품 전문 소매업,11,서울특별시,11110,종로구,11110530,사직동,1111011200,체부동,1111011200100480000,1,대지,48,,서울특별시 종로구 체부동 48,111103100012,서울특별시 종로구 자하문로,9,,1111011200100480000028853,,서울특별시 종로구 자하문로 9,110054,03041,,2,,126.972140043031,37.5769139906982
MA0106202407A0900189,D반찬한식까페,,G2,소매,G221,기타 상품 소매,G22199,그 외 기타 상품 전문 소매업,G47859,그 외 기타 분류 안된 상품 전문 소매업,27,대구광역시,27260,수성구,27260680,고산2동,2726011400,시지동,2726011400105050000,1,대지,505,,대구광역시 수성구 시지동 505,272604238050,대구광역시 수성구 노변공원로3길,6,,2726011400105050000026562,,대구광역시 수성구 노변공원로3길 6,706220,42256,,1,,128.699561882374,35.8404399800843
MA0106202407A0719626,泌淺沮,,G2,소매,G221,기타 상품 소매,G22199,그 외 기타 상품 전문 소매업,G47859,그 외 기타 분류 안된 상품 전문 소매업,11,서울특별시,11680,강남구,11680600,대치1동,1168010600,대치동,1168010600110230019,1,대지,1023,19,서울특별시 강남구 대치동 1023-19,116804166242,서울특별시 강남구 도곡로70길,5,,1168010600110230019014237,,서울특별시 강남구 도곡로70길 5,135500,06279,,,,127.056633009766,37.4969939716969
MA0106202407A1359708,파란텔레콤,,G2,소매,G221,기타 상품 소매,G22199,그 외 기타 상품 전문 소매업,G47859,그 외 기타 분류 안된 상품 전문 소매업,51,강원특별자치도,51110,춘천시,51110611,후평3동,5111012000,후평동,5111012000100930109,1,대지,93,109,강원특별자치도 춘천시 후평동 93-109,511103218021,강원특별자치도 춘천시 세실로,269,,4211012000100930109000001,,강원특별자치도 춘천시 세실로 269,200956,24302,,,,127.754475213075,37.8808117138434
MA0106202407A2213908,도들,,G2,소매,G221,기타 상품 소매,G22199,그 외 기타 상품 전문 소매업,G47859,그 외 기타 분류 안된 상품 전문 소매업,26,부산광역시,26440,강서구,26440560,녹산동,2644011500,미음동,2644011500116370031,1,대지,1637,31,부산광역시 강서구 미음동 1637-31,264404855796,부산광역시 강서구 미음국제5로라길,46,,2644011500116370031000001,,부산광역시 강서구 미음국제5로라길 46,618210,46747,,,,128.863608035335,35.1521668143071
MA0106202408A2293016,씨제이올리브영남양주덕소점,,G2,소매,G221,기타 상품 소매,G22199,그 외 기타 상품 전문 소매업,G47859,그 외 기타 분류 안된 상품 전문 소매업,41,경기도,41360,남양주시,41360250,와부읍,4136025021,와부읍,4136025021104740009,1,대지,474,9,경기도 남양주시 와부읍 덕소리 474-9,413604391266,경기도 남양주시 와부읍 덕소로97번길,3,,4136025021104740009017617,,경기도 남양주시 와부읍 덕소로97번길 3,472901,12209,,1,,127.212626297033,37.5860060088027
MA0106202408A2292684,씨제이올리브영성수연방점,,G2,소매,G221,기타 상품 소매,G22199,그 외 기타 상품 전문 소매업,G47859,그 외 기타 분류 안된 상품 전문 소매업,11,서울특별시,11200,성동구,11200670,성수2가1동,1120011500,성수동2가,1120011500103220004,1,대지,322,4,서울특별시 성동구 성수동2가 322-4,112004109343,서울특별시 성동구 성수이로14길,14,,1120011500103220004005556,,서울특별시 성동구 성수이로14길 14,133827,04784,,1,,127.056904210131,37.541413292884
MA0106202408A2292665,씨제이올리브영스타필드마켓,죽전점,G2,소매,G221,기타 상품 소매,G22199,그 외 기타 상품 전문 소매업,G47859,그 외 기타 분류 안된 상품 전문 소매업,41,경기도,41465,용인시 수지구,41465550,죽전2동,4146510200,죽전동,4146510200112820000,1,대지,1282,,경기도 용인시 수지구 죽전동 1282,414652012014,경기도 용인시 수지구 포은대로,552,,4146510200112820000028768,,경기도 용인시 수지구 포은대로 552,448703,16896,,,,127.109984065034,37.3253301991489
MA0106202410A0261407,퓸웍스,,G2,소매,G221,기타 상품 소매,G22199,그 외 기타 상품 전문 소매업,G47859,그 외 기타 분류 안된 상품 전문 소매업,41,경기도,41450,하남시,41450560,덕풍3동,4145010800,덕풍동,4145010800108330000,1,대지,833,,경기도 하남시 덕풍동 833,414502000019,경기도 하남시 미사대로,540,,4145010800108330000000001,비,경기도 하남시 미사대로 540,465013,12925,,9,,127.205857128558,37.5577087883961
MA0106202410A1904786,중국식품점,,G2,소매,G221,기타 상품 소매,G22199,그 외 기타 상품 전문 소매업,G47859,그 외 기타 분류 안된 상품 전문 소매업,48,경상남도,48250,김해시,48250250,진영읍,4825025026,진영읍,4825025026116220002,1,대지,1622,2,경상남도 김해시 진영읍 진영리 1622-2,482504805226,경상남도 김해시 진영읍 김해대로407번길,14,20,4825025026116220002000001,,경상남도 김해시 진영읍 김해대로407번길 14-20,621809,50862,,,,128.733715629006,35.3077159143037
MA0106202410A0858811,두손공방더솝,,G2,소매,G221,기타 상품 소매,G22199,그 외 기타 상품 전문 소매업,G47859,그 외 기타 분류 안된 상품 전문 소매업,28,인천광역시,28110,중구,28110530,신포동,2811010100,중앙동1가,2811010100100140001,1,대지,14,1,인천광역시 중구 중앙동1가 14-1,281104247169,인천광역시 중구 신포로27번길,97,,2811010100100140001016047,,인천광역시 중구 신포로27번길 97,400080,22314,,1,,126.620389910065,37.4737554263245
MA0106202410A1858841,앨리스,,G2,소매,G221,기타 상품 소매,G22199,그 외 기타 상품 전문 소매업,G47859,그 외 기타 분류 안된 상품 전문 소매업,29,광주광역시,29200,광산구,29200640,하남동,2920020200,오선동,2920020200102700106,1,대지,270,106,광주광역시 광산구 오선동 270-106,292003163069,광주광역시 광산구 하남산단6번로,57,,2920020200102700106000003,,광주광역시 광산구 하남산단6번로 57,506250,62216,,,,126.801093140304,35.2025374145998
MA0106202410A2465035,우리끼리키즈카페스포츠마을계양,구청점,G2,소매,G221,기타 상품 소매,G22199,그 외 기타 상품 전문 소매업,G47859,그 외 기타 분류 안된 상품 전문 소매업,28,인천광역시,28245,계양구,28245614,계산4동,2824510200,계산동,2824510200110800007,1,대지,1080,7,인천광역시 계양구 계산동 1080-7,282454265338,인천광역시 계양구 오조산로57번길,7,1,2824510200110800007051376,,인천광역시 계양구 오조산로57번길 7-1,407813,21069,,,,126.737858408175,37.5355949037121
MA0106202410A1105868,명성복권방,,G2,소매,G221,기타 상품 소매,G22199,그 외 기타 상품 전문 소매업,G47859,그 외 기타 분류 안된 상품 전문 소매업,51,강원특별자치도,51150,강릉시,51150571,포남1동,5115011100,포남동,5115011100111170004,1,대지,1117,4,강원특별자치도 강릉시 포남동 1117-4,511502220001,강원특별자치도 강릉시 강릉대로,329,2,4215011100111170004009700,,강원특별자치도 강릉시 강릉대로 329-2,210954,25492,,,,128.90351474125,37.765567045311
MA0106202410A2245218,엘림복권방,,G2,소매,G221,기타 상품 소매,G22199,그 외 기타 상품 전문 소매업,G47859,그 외 기타 분류 안된 상품 전문 소매업,52,전북특별자치도,52111,전주시 완산구,52111701,삼천1동,5211113700,삼천동1가,5211113700107510010,1,대지,751,10,전북특별자치도 전주시 완산구 삼천동1가 751-10,521113266048,전북특별자치도 전주시 완산구 안행로,34,,4511113700107510010026589,좌측,전북특별자치도 전주시 완산구 안행로 34,560810,55104,,1,,127.131983628276,35.8007276854366
MA0106202410A0698902,프라임,,G2,소매,G221,기타 상품 소매,G22199,그 외 기타 상품 전문 소매업,G47859,그 외 기타 분류 안된 상품 전문 소매업,29,광주광역시,29155,남구,29155538,봉선2동,2915511500,봉선동,2915511500105090004,1,대지,509,4,광주광역시 남구 봉선동 509-4,291553161009,광주광역시 남구 봉선로,118,,2915511500105090004031204,,광주광역시 남구 봉선로 118,503814,61702,,2,,126.90821752568,35.1239593492573
MA0106202410A2291563,씨제이올리브영대구화원점,,G2,소매,G221,기타 상품 소매,G22199,그 외 기타 상품 전문 소매업,G47859,그 외 기타 분류 안된 상품 전문 소매업,27,대구광역시,27710,달성군,27710250,화원읍,2771025021,화원읍,2771025021102550001,1,대지,255,1,대구광역시 달성군 화원읍 천내리 255-1,277103007026,대구광역시 달성군 화원읍 비슬로,2561,,2771025021102550001018934,,대구광역시 달성군 화원읍 비슬로 2561,711835,42947,,1,,128.496731830388,35.8033516930009
MA0106202409A1410923,주노네분식,,G2,소매,G221,기타 상품 소매,G22199,그 외 기타 상품 전문 소매업,G47859,그 외 기타 분류 안된 상품 전문 소매업,46,전라남도,46110,목포시,46110655,만호동,4611012600,축복동1가,4611012600100020001,1,대지,2,1,전라남도 목포시 축복동1가 2-1,461104643786,전라남도 목포시 해안로259번길,5,1,4611012600100020001004575,,전라남도 목포시 해안로259번길 5-1,530130,58752,,1,,126.389057682357,34.7874683423004
MA0106202410A0758808,봄날,,G2,소매,G221,기타 상품 소매,G22199,그 외 기타 상품 전문 소매업,G47859,그 외 기타 분류 안된 상품 전문 소매업,44,충청남도,44200,아산시,44200590,온양3동,4420011300,모종동,4420011300107130000,1,대지,713,,충청남도 아산시 모종동 713,442004854670,충청남도 아산시 모종남로12번길,45,1,4420011300107130000000001,,충청남도 아산시 모종남로12번길 45-1,336040,31528,,1,,127.023423254955,36.7775887621781
MA0106202409A2422132,오늘의찬,,G2,소매,G221,기타 상품 소매,G22199,그 외 기타 상품 전문 소매업,G47859,그 외 기타 분류 안된 상품 전문 소매업,41,경기도,41210,광명시,41210550,광명4동,4121010100,광명동,4121010100101580772,1,대지,158,772,경기도 광명시 광명동 158-772,412103000122,경기도 광명시 광명로,874,,4121010100101580772008043,,경기도 광명시 광명로 874,423858,14267,,1,,126.853514834888,37.476950404706
MA0106202409A2407030,파티앤봉봉,,G2,소매,G221,기타 상품 소매,G22199,그 외 기타 상품 전문 소매업,G47859,그 외 기타 분류 안된 상품 전문 소매업,28,인천광역시,28260,서구,28260542,가정1동,2826010800,가정동,282601080010000,1,대지,,,인천광역시 서구 가정동 ,282603156005,인천광역시 서구 가정로,451,,2826010800100000000000132,벨라미,인천광역시 서구 가정로 451,404230,22883,,,,126.673230975476,37.5252614968903
MA0106202409A0731301,원벌룬,,G2,소매,G221,기타 상품 소매,G22199,그 외 기타 상품 전문 소매업,G47859,그 외 기타 분류 안된 상품 전문 소매업,43,충청북도,43114,청주시 청원구,43114253,오창읍,4311425345,오창읍,4311425345107520003,1,대지,752,3,충청북도 청주시 청원구 오창읍 양청리 752-3,431143240006,충청북도 청주시 청원구 오창읍 과학산업2로,379,,4371025345007520003004513,호수원룸텔,충청북도 청주시 청원구 오창읍 과학산업2로 379,363883,28115,,2,,127.422948721453,36.7160500781368
MA0106202409A0489835,아빠도토리아들잡곡,,G2,소매,G221,기타 상품 소매,G22199,그 외 기타 상품 전문 소매업,G47859,그 외 기타 분류 안된 상품 전문 소매업,41,경기도,41570,김포시,41570570,구래동,4157010900,구래동,4157010900168810020,1,대지,6881,20,경기도 김포시 구래동 6881-20,415704838103,경기도 김포시 김포한강9로75번길,66,,4157010900168810020000001,국제프라자,경기도 김포시 김포한강9로75번길 66,415080,10071,,,,126.621739586865,37.6430381498396
MA0106202409A0230860,파워클럽,,G2,소매,G221,기타 상품 소매,G22199,그 외 기타 상품 전문 소매업,G47859,그 외 기타 분류 안된 상품 전문 소매업,11,서울특별시,11320,도봉구,11320521,도봉1동,1132010800,도봉동,1132010800105540000,1,대지,554,,서울특별시 도봉구 도봉동 554,113204127198,서울특별시 도봉구 도봉산길,53,,1132010800105540000010577,,서울특별시 도봉구 도봉산길 53,132011,01302,,2,,127.039691790501,37.6868489039372
MA0106202409A1852469,스멜로우,,G2,소매,G221,기타 상품 소매,G22199,그 외 기타 상품 전문 소매업,G47859,그 외 기타 분류 안된 상품 전문 소매업,48,경상남도,48170,진주시,48170710,평거동,4817012600,평거동,4817012600107500006,1,대지,750,6,경상남도 진주시 평거동 750-6,481704796868,경상남도 진주시 신평공원길57번길,18,4,4817012600107500006212774,,경상남도 진주시 신평공원길57번길 18-4,660992,52699,,1,,128.067186319626,35.1746002041742
MA0106202408A2380963,아이스나라굴화점,,G2,소매,G221,기타 상품 소매,G22199,그 외 기타 상품 전문 소매업,G47859,그 외 기타 분류 안된 상품 전문 소매업,31,울산광역시,31140,남구,31140585,삼호동,3114010100,무거동,3114010100102780003,1,대지,278,3,울산광역시 남구 무거동 278-3,311404310357,울산광역시 남구 북부순환도로13번길,33,,3114010100102780003032462,,울산광역시 남구 북부순환도로13번길 33,680807,44632,,1,,129.261786043434,35.5526005874353
MA0106202408A0193320,GS-TECH,,G2,소매,G221,기타 상품 소매,G22199,그 외 기타 상품 전문 소매업,G47859,그 외 기타 분류 안된 상품 전문 소매업,41,경기도,41113,수원시 권선구,41113664,호매실동,4111313500,호매실동,4111313500114050002,1,대지,1405,2,경기도 수원시 권선구 호매실동 1405-2,411134331222,경기도 수원시 권선구 호매실로90번길,24,,4111313500114050002000001,,경기도 수원시 권선구 호매실로90번길 24,441450,16630,,3,,126.96440147949,37.2566988430614
MA0106202408A1422370,그때거기,,G2,소매,G221,기타 상품 소매,G22199,그 외 기타 상품 전문 소매업,G47859,그 외 기타 분류 안된 상품 전문 소매업,41,경기도,41173,안양시 동안구,41173578,귀인동,4117310300,평촌동,4117310300109150002,1,대지,915,2,경기도 안양시 동안구 평촌동 915-2,411734349095,경기도 안양시 동안구 귀인로190번길,131,,4117310300109150002004501,,경기도 안양시 동안구 귀인로190번길 131,431802,14103,,,,126.962184695615,37.3840232021734
MA0106202407A0162278,다운타운씨이십칠,동래점,G2,소매,G221,기타 상품 소매,G22199,그 외 기타 상품 전문 소매업,G47859,그 외 기타 분류 안된 상품 전문 소매업,26,부산광역시,26260,동래구,26260545,명륜동,2626010700,명륜동,2626010700105060003,1,대지,506,3,부산광역시 동래구 명륜동 506-3,262602006006,부산광역시 동래구 충렬대로,197,,2626010700105060003000040,지,부산광역시 동래구 충렬대로 197,607804,47737,,1,,129.081133844024,35.2045502617048
MA0106202407A0162277,디앤지에프씨,인천점,G2,소매,G221,기타 상품 소매,G22199,그 외 기타 상품 전문 소매업,G47859,그 외 기타 분류 안된 상품 전문 소매업,28,인천광역시,28110,중구,28110615,개항동,2811013900,북성동2가,2811013900100110002,1,대지,11,2,인천광역시 중구 북성동2가 11-2,281104247361,인천광역시 중구 차이나타운로44번길,19,,2811013900100110002096070,,인천광역시 중구 차이나타운로44번길 19,400202,22312,,,,126.618425529963,37.4754519980716
MA0106202407A0162273,카페도넛킬러전주점,,G2,소매,G221,기타 상품 소매,G22199,그 외 기타 상품 전문 소매업,G47859,그 외 기타 분류 안된 상품 전문 소매업,52,전북특별자치도,52113,전주시 덕진구,52113642,송천2동,5211312200,송천동2가,5211312200114220000,1,대지,1422,,전북특별자치도 전주시 덕진구 송천동2가 1422,521133267082,전북특별자치도 전주시 덕진구 송천중앙로,225,,4511312200104880003000001,,전북특별자치도 전주시 덕진구 송천중앙로 225,561302,54827,,1,,127.120910430937,35.8670629169979
MA0106202409A1195958,곡성작은영화관,,G2,소매,G221,기타 상품 소매,G22199,그 외 기타 상품 전문 소매업,G47859,그 외 기타 분류 안된 상품 전문 소매업,46,전라남도,46720,곡성군,46720250,곡성읍,4672025021,곡성읍,4672025021107760006,1,대지,776,6,전라남도 곡성군 곡성읍 읍내리 776-6,467203287033,전라남도 곡성군 곡성읍 중앙로,59,,4672025021107760003004945,,전라남도 곡성군 곡성읍 중앙로 59,516804,57537,,,,127.289415766653,35.2798704717052
MA0106202409A2101771,푸디스트렛츠런서울매점점,,G2,소매,G221,기타 상품 소매,G22199,그 외 기타 상품 전문 소매업,G47859,그 외 기타 분류 안된 상품 전문 소매업,41,경기도,41290,과천시,41290550,과천동,4129010600,주암동,4129010600106850000,1,대지,685,,경기도 과천시 주암동 685,412902195001,경기도 과천시 경마공원대로,107,,4129010500101580003000402,북단호한국마사회,경기도 과천시 경마공원대로 107,427711,13822,,6,,127.016125254357,37.4412068444756
MA0106202409A2290044,씨제이올리브영현대시티몰,가든파이브점,G2,소매,G221,기타 상품 소매,G22199,그 외 기타 상품 전문 소매업,G47859,그 외 기타 분류 안된 상품 전문 소매업,11,서울특별시,11710,송파구,11710642,문정2동,1171010800,문정동,1171010800106340000,1,대지,634,,서울특별시 송파구 문정동 634,117103123017,서울특별시 송파구 충민로,66,,1171010800105600000000001,,서울특별시 송파구 충민로 66,138888,05838,,1,,127.12496063833,37.4776148454472
MA0106202409A2290040,씨제이올리브영커넥트현대,부산점,G2,소매,G221,기타 상품 소매,G22199,그 외 기타 상품 전문 소매업,G47859,그 외 기타 분류 안된 상품 전문 소매업,26,부산광역시,26170,동구,26170660,범일2동,2617010400,범일동,2617010400100620005,1,대지,62,5,부산광역시 동구 범일동 62-5,261703127051,부산광역시 동구 범일로,125,,2617010400100620005005551,,부산광역시 동구 범일로 125,601718,48735,,1,,129.058567919742,35.1413052322577
MA0106202409A2290035,씨제이올리브영경주황남점,,G2,소매,G221,기타 상품 소매,G22199,그 외 기타 상품 전문 소매업,G47859,그 외 기타 분류 안된 상품 전문 소매업,47,경상북도,47130,경주시,47130570,황남동,4713011000,황남동,4713011000103030012,1,대지,303,12,경상북도 경주시 황남동 303-12,471303305063,경상북도 경주시 포석로,1068,,4713011000103030012009431,,경상북도 경주시 포석로 1068,780080,38166,,1,,129.209750346383,35.8362567162692
MA0106202409A1408512,슈퍼키친화성삼성전자점,,G2,소매,G221,기타 상품 소매,G22199,그 외 기타 상품 전문 소매업,G47859,그 외 기타 분류 안된 상품 전문 소매업,41,경기도,41590,화성시,41590550,반월동,4159012000,반월동,4159012000109480000,1,대지,948,,경기도 화성시 반월동 948,415903210056,경기도 화성시 삼성전자로,1,,4159012000104700000000001,복,경기도 화성시 삼성전자로 1,445330,18448,,1,,127.063334854268,37.2234747118615
MA0106202409A0710438,이음로지스화곡,2호점,G2,소매,G221,기타 상품 소매,G22199,그 외 기타 상품 전문 소매업,G47859,그 외 기타 분류 안된 상품 전문 소매업,11,서울특별시,11500,강서구,11500560,화곡3동,1150010300,화곡동,1150010300110150000,1,대지,1015,,서울특별시 강서구 화곡동 1015,115004145494,서울특별시 강서구 화곡로13길,111,,1150010300110150000021662,,서울특별시 강서구 화곡로13길 111,157918,07709,,,,126.833206026002,37.5449041927246
MA0106202409A2463531,우리끼리키즈카페공룡마을전주효천점,,G2,소매,G221,기타 상품 소매,G22199,그 외 기타 상품 전문 소매업,G47859,그 외 기타 분류 안된 상품 전문 소매업,52,전북특별자치도,52111,전주시 완산구,52111703,삼천3동,5211113800,삼천동2가,5211113800107630001,1,대지,763,1,전북특별자치도 전주시 완산구 삼천동2가 763-1,521113266073,전북특별자치도 전주시 완산구 천잠로,62,,4511113800107630001000001,,전북특별자치도 전주시 완산구 천잠로 62,560292,55152,,1,,127.10553492375,35.7948775709667
MA0106202409A1322944,설성푸드,,G2,소매,G221,기타 상품 소매,G22199,그 외 기타 상품 전문 소매업,G47859,그 외 기타 분류 안된 상품 전문 소매업,11,서울특별시,11650,서초구,11650651,양재1동,1165010200,양재동,1165010200100040004,1,대지,4,4,서울특별시 서초구 양재동 4-4,116503121009,서울특별시 서초구 바우뫼로,225,,1165010200100040004008624,,서울특별시 서초구 바우뫼로 225,137886,06740,,4,,127.042466211932,37.4818990250337
MA0106202409A0353435,오뚜기센터,,G2,소매,G221,기타 상품 소매,G22199,그 외 기타 상품 전문 소매업,G47859,그 외 기타 분류 안된 상품 전문 소매업,11,서울특별시,11680,강남구,11680610,대치2동,1168010600,대치동,1168010600110090001,1,대지,1009,1,서울특별시 강남구 대치동 1009-1,116802122002,서울특별시 강남구 영동대로,308,,1168010600110090001026594,,서울특별시 강남구 영동대로 308,135851,06177,,1,,127.067674693395,37.5020698364644
MA0106202409A2290033,씨제이올리브영먹골역점,,G2,소매,G221,기타 상품 소매,G22199,그 외 기타 상품 전문 소매업,G47859,그 외 기타 분류 안된 상품 전문 소매업,11,서울특별시,11260,중랑구,11260620,묵1동,1126010400,묵동,1126010400101740004,1,대지,174,4,서울특별시 중랑구 묵동 174-4,112604118049,서울특별시 중랑구 공릉로2길,7,,1126010400101740005008874,,서울특별시 중랑구 공릉로2길 7,131848,02034,,2,,127.078262213593,37.61223723007
MA0106202407A1087003,청주오믈렛맘스케,,G2,소매,G221,기타 상품 소매,G22199,그 외 기타 상품 전문 소매업,G47859,그 외 기타 분류 안된 상품 전문 소매업,30,대전광역시,30110,동구,30110640,용전동,3011011500,용전동,3011011500101480009,1,대지,148,9,대전광역시 동구 용전동 148-9,301104292052,대전광역시 동구 계족로483번길,48,11,3011011500101480009001911,,대전광역시 동구 계족로483번길 48-11,300825,34544,,1,,127.42976935041,36.3555764962868
MA0106202407A1698533,일등복권,,G2,소매,G221,기타 상품 소매,G22199,그 외 기타 상품 전문 소매업,G47859,그 외 기타 분류 안된 상품 전문 소매업,11,서울특별시,11500,강서구,11500630,방화1동,1150010900,방화동,1150010900102470113,1,대지,247,113,서울특별시 강서구 방화동 247-113,115003115012,서울특별시 강서구 초원로,85,,1150010900102470113000001,,서울특별시 강서구 초원로 85,157846,07606,,1,,126.814954043505,37.5676722074358
MA0106202407A2151194,금성슈퍼마R,,G2,소매,G221,기타 상품 소매,G22199,그 외 기타 상품 전문 소매업,G47859,그 외 기타 분류 안된 상품 전문 소매업,52,전북특별자치도,52190,남원시,52190520,죽항동,5219010400,쌍교동,5219010400101680002,1,대지,168,2,전북특별자치도 남원시 쌍교동 168-2,521903271036,전북특별자치도 남원시 향단로,1,,4519010400101680002307592,,전북특별자치도 남원시 향단로 1,590987,55775,,,,127.382252177331,35.4035540690812
MA0106202407A0023116,새홍천볼링,,G2,소매,G221,기타 상품 소매,G22199,그 외 기타 상품 전문 소매업,G47859,그 외 기타 분류 안된 상품 전문 소매업,51,강원특별자치도,51720,홍천군,51720250,홍천읍,5172025029,홍천읍,5172025029102120003,1,대지,212,3,강원특별자치도 홍천군 홍천읍 연봉리 212-3,517203225019,강원특별자치도 홍천군 홍천읍 무궁화로,54,6,4272025029102120003034905,,강원특별자치도 홍천군 홍천읍 무궁화로 54-6,250930,25145,,,,127.874853574437,37.683862803854
MA0106202407A1640264,지니아텍,,G2,소매,G221,기타 상품 소매,G22199,그 외 기타 상품 전문 소매업,G47859,그 외 기타 분류 안된 상품 전문 소매업,52,전북특별자치도,52113,전주시 덕진구,52113665,여의동,5211313100,만성동,5211313100113550018,1,대지,1355,18,전북특별자치도 전주시 덕진구 만성동 1355-18,521134854731,전북특별자치도 전주시 덕진구 만성북3길,21,,4511313100113550018000001,,전북특별자치도 전주시 덕진구 만성북3길 21,561330,54860,,1,,127.076602922217,35.848371260865
MA0106202410A0276635,코코아간식가게오류동,신동아점,G2,소매,G221,기타 상품 소매,G22199,그 외 기타 상품 전문 소매업,G47859,그 외 기타 분류 안된 상품 전문 소매업,28,인천광역시,28245,계양구,28245710,계양1동,2824511800,오류동,2824511800101800000,1,대지,180,,인천광역시 계양구 오류동 180,282454265474,인천광역시 계양구 황어로115번길,10,,2824511800101800000126128,신동아아파트,인천광역시 계양구 황어로115번길 10,407769,21004,,1,,126.73266616294,37.5796599279112
MA0106202410A1178021,신기루잡화점,,G2,소매,G221,기타 상품 소매,G22199,그 외 기타 상품 전문 소매업,G47859,그 외 기타 분류 안된 상품 전문 소매업,27,대구광역시,27110,중구,27110575,성내2동,2711014700,대안동,2711014700100140003,1,대지,14,3,대구광역시 중구 대안동 14-3,271104223114,대구광역시 중구 서성로14길,92,,2711014700100140003005403,,대구광역시 중구 서성로14길 92,700280,41918,,1,,128.592593956936,35.8729319779408
MA0106202410A2130932,정우컴퍼니,,G2,소매,G221,기타 상품 소매,G22199,그 외 기타 상품 전문 소매업,G47859,그 외 기타 분류 안된 상품 전문 소매업,48,경상남도,48330,양산시,48330570,덕계동,4833012000,덕계동,4833012000107180170,1,대지,718,170,경상남도 양산시 덕계동 718-170,483304814956,경상남도 양산시 덕계12길,11,,4833012000107180051000003,,경상남도 양산시 덕계12길 11,626842,50553,,,,129.153386332061,35.3749870666304
MA0106202410A2291571,씨제이올리브영안양엔터식스점,,G2,소매,G221,기타 상품 소매,G22199,그 외 기타 상품 전문 소매업,G47859,그 외 기타 분류 안된 상품 전문 소매업,41,경기도,41171,안양시 만안구,41171510,안양1동,4117110100,안양동,4117110100100880001,1,대지,88,1,경기도 안양시 만안구 안양동 88-1,411713182003,경기도 안양시 만안구 만안로,244,,4117110100100880001012148,,경기도 안양시 만안구 만안로 244,430759,13992,,2,,126.922125899432,37.402456543356
MA0106202410A2291638,씨제이올리브영동탄,목동점,G2,소매,G221,기타 상품 소매,G22199,그 외 기타 상품 전문 소매업,G47859,그 외 기타 분류 안된 상품 전문 소매업,41,경기도,41590,화성시,41590630,동탄9동,4159013400,목동,4159013400104960001,1,대지,496,1,경기도 화성시 목동 496-1,415904852420,경기도 화성시 왕배산길,7,,4159013400104960001000001,,경기도 화성시 왕배산길 7,,18490,,,,127.122861224091,37.1817543147454
MA0106202410A0345554,까이마트,,G2,소매,G221,기타 상품 소매,G22199,그 외 기타 상품 전문 소매업,G47859,그 외 기타 분류 안된 상품 전문 소매업,41,경기도,41570,김포시,41570250,통진읍,4157025027,통진읍,4157025027100150002,1,대지,15,2,경기도 김포시 통진읍 귀전리 15-2,415703209078,경기도 김포시 통진읍 애기봉로,663,,4157025027100150002013357,,경기도 김포시 통진읍 애기봉로 663,415862,10010,,,,126.61255382521,37.7252220986034
MA0106202410A0516960,건영냉기,,G2,소매,G221,기타 상품 소매,G22199,그 외 기타 상품 전문 소매업,G47859,그 외 기타 분류 안된 상품 전문 소매업,41,경기도,41450,하남시,41450510,천현동,4145010500,상산곡동,4145010500100720004,1,대지,72,4,경기도 하남시 상산곡동 72-4,414504406257,경기도 하남시 하남대로249번길,16,11,4145010500100720004001281,,경기도 하남시 하남대로249번길 16-11,465816,13027,,,,127.231341651823,37.4981775889704
MA0106202410A1972529,더플러스알파,,G2,소매,G221,기타 상품 소매,G22199,그 외 기타 상품 전문 소매업,G47859,그 외 기타 분류 안된 상품 전문 소매업,28,인천광역시,28200,남동구,28200560,만수1동,2820010300,만수동,2820010300109730004,1,대지,973,4,인천광역시 남동구 만수동 973-4,282004259082,인천광역시 남동구 구월로372번길,39,,2820010300109730004027415,,인천광역시 남동구 구월로372번길 39,405865,21539,,1,,126.731896993684,37.4530044653781
MA0106202410A0164537,천석상사,,G2,소매,G221,기타 상품 소매,G22199,그 외 기타 상품 전문 소매업,G47859,그 외 기타 분류 안된 상품 전문 소매업,28,인천광역시,28237,부평구,28237646,삼산1동,2823710500,삼산동,2823710500103940008,1,대지,394,8,인천광역시 부평구 삼산동 394-8,282373154043,인천광역시 부평구 영성로,76,7,2823710500103940008105372,,인천광역시 부평구 영성로 76-7,403864,21320,,,,126.747526731223,37.5204161069177
MA0106202410A1039425,자미트리아울렛,,G2,소매,G221,기타 상품 소매,G22199,그 외 기타 상품 전문 소매업,G47859,그 외 기타 분류 안된 상품 전문 소매업,48,경상남도,48240,사천시,48240310,정동면,4824031021,정동면,4824031021105620001,1,대지,562,1,경상남도 사천시 정동면 고읍리 562-1,482404802164,경상남도 사천시 정동면 동계길,5,,4824031021105620001000001,,경상남도 사천시 정동면 동계길 5,664932,52521,,2,,128.085042917447,35.0767756350356
MA0106202409A2235407,부안마실영화관,,G2,소매,G221,기타 상품 소매,G22199,그 외 기타 상품 전문 소매업,G47859,그 외 기타 분류 안된 상품 전문 소매업,52,전북특별자치도,52800,부안군,52800250,부안읍,5280025024,부안읍,5280025024105740013,1,대지,574,13,전북특별자치도 부안군 부안읍 봉덕리 574-13,528003280054,전북특별자치도 부안군 부안읍 석정로,208,,4580025024105740013023994,,전북특별자치도 부안군 부안읍 석정로 208,579805,56308,,3,,126.736751421529,35.7270857717914
MA0106202409A1138878,"안녕,지구야상점",,G2,소매,G221,기타 상품 소매,G22199,그 외 기타 상품 전문 소매업,G47859,그 외 기타 분류 안된 상품 전문 소매업,48,경상남도,48250,김해시,48250520,회현동,4825010400,봉황동,4825010400104040000,1,대지,404,,경상남도 김해시 봉황동 404,482503335031,경상남도 김해시 분성로,277,,4825010400104040000089920,,경상남도 김해시 분성로 277,621040,50918,,1,,128.876231984708,35.2330701202355
MA0106202409A0471516,피케이디자인,,G2,소매,G221,기타 상품 소매,G22199,그 외 기타 상품 전문 소매업,G47859,그 외 기타 분류 안된 상품 전문 소매업,41,경기도,41287,고양시 일산서구,41287570,대화동,4128710400,대화동,4128710400122980010,1,대지,2298,10,경기도 고양시 일산서구 대화동 2298-10,412874382154,경기도 고양시 일산서구 호수로856번길,8,9,4128710400122980010002295,,경기도 고양시 일산서구 호수로856번길 8-9,411806,10383,,,,126.748627537392,37.6708386112398
MA0106202409A1977798,아이비피에스,,G2,소매,G221,기타 상품 소매,G22199,그 외 기타 상품 전문 소매업,G47859,그 외 기타 분류 안된 상품 전문 소매업,26,부산광역시,26380,사하구,26380571,신평1동,2638010400,신평동,2638010400104930000,1,대지,493,,부산광역시 사하구 신평동 493,263803134018,부산광역시 사하구 신산로,120,,2638010400104930000038090,,부산광역시 사하구 신산로 120,604836,49438,,,,128.968571755166,35.0892708681891
MA0106202409A1847763,허스타기획사,,G2,소매,G221,기타 상품 소매,G22199,그 외 기타 상품 전문 소매업,G47859,그 외 기타 분류 안된 상품 전문 소매업,48,경상남도,48170,진주시,48170310,내동면,4817031021,내동면,4817031021104070004,1,대지,407,4,경상남도 진주시 내동면 독산리 407-4,481704796403,경상남도 진주시 내동면 독산길,25,12,4817031021104070004043106,,경상남도 진주시 내동면 독산길 25-12,660812,52849,,,,128.065743313225,35.1590744000051
MA0106202409A1810847,장우유통,,G2,소매,G221,기타 상품 소매,G22199,그 외 기타 상품 전문 소매업,G47859,그 외 기타 분류 안된 상품 전문 소매업,48,경상남도,48121,창원시 의창구,48121530,명곡동,4812110500,도계동,4812110500104220013,1,대지,422,13,경상남도 창원시 의창구 도계동 422-13,481214781442,경상남도 창원시 의창구 원이대로103번길,15,,4812110500104220012000003,,경상남도 창원시 의창구 원이대로103번길 15,641811,51166,,,,128.638715351983,35.2547785937329
MA0106202409A1750194,충남상회,,G2,소매,G221,기타 상품 소매,G22199,그 외 기타 상품 전문 소매업,G47859,그 외 기타 분류 안된 상품 전문 소매업,41,경기도,41133,성남시 중원구,41133510,성남동,4113310100,성남동,4113310100121070000,1,대지,2107,,경기도 성남시 중원구 성남동 2107,411332179002,경기도 성남시 중원구 산성대로,214,,4113310100121070000000006,,경기도 성남시 중원구 산성대로 214,462824,13358,,,,127.142634909268,37.4378782291223
MA0106202408A1038378,스위티케이크,,G2,소매,G221,기타 상품 소매,G22199,그 외 기타 상품 전문 소매업,G47859,그 외 기타 분류 안된 상품 전문 소매업,41,경기도,41590,화성시,41590530,병점1동,4159011700,병점동,4159011700108870010,1,대지,887,10,경기도 화성시 병점동 887-10,415903352962,경기도 화성시 병점노을4로,19,,4159011700108870010000001,,경기도 화성시 병점노을4로 19,445360,18371,,6,,127.030888277879,37.2055116766968
MA0106202408A0124521,미라이프,,G2,소매,G221,기타 상품 소매,G22199,그 외 기타 상품 전문 소매업,G47859,그 외 기타 분류 안된 상품 전문 소매업,28,인천광역시,28200,남동구,28200530,간석1동,2820010200,간석동,2820010200105190004,1,대지,519,4,인천광역시 남동구 간석동 519-4,282004259028,인천광역시 남동구 경인로524번길,24,,2820010200105190004002694,한진아파트,인천광역시 남동구 경인로524번길 24,405714,21552,,2,,126.697759638029,37.4600580883921
MA0106202407A0635694,도샤,,G2,소매,G221,기타 상품 소매,G22199,그 외 기타 상품 전문 소매업,G47859,그 외 기타 분류 안된 상품 전문 소매업,41,경기도,41610,광주시,41610520,송정동,4161010300,송정동,4161010300101180007,1,대지,118,7,경기도 광주시 송정동 118-7,416103211032,경기도 광주시 송정로,61,,4161010300101180058007102,,경기도 광주시 송정로 61,464902,12744,,,,127.252815143499,37.4171057297293
MA0106202407A1488926,騁팀決뵀㈇,수택점,G2,소매,G221,기타 상품 소매,G22199,그 외 기타 상품 전문 소매업,G47859,그 외 기타 분류 안된 상품 전문 소매업,41,경기도,41310,구리시,41310570,수택1동,4131010500,수택동,4131010500105540011,1,대지,554,11,경기도 구리시 수택동 554-11,413104388039,경기도 구리시 경춘로276번길,39,,4131010500105540011003224,,경기도 구리시 경춘로276번길 39,471824,11930,,,,127.146807769313,37.6012338583695
MA0106202407A0652054,나린매점,,G2,소매,G221,기타 상품 소매,G22199,그 외 기타 상품 전문 소매업,G47859,그 외 기타 분류 안된 상품 전문 소매업,41,경기도,41390,시흥시,41390650,거북섬동,4139013200,정왕동,4139013200128240004,1,대지,2824,4,경기도 시흥시 정왕동 2824-4,413903199081,경기도 시흥시 시화호수로,310,39,4139013200126200009000004,일부,경기도 시흥시 시화호수로 310-39,429450,15117,,1,,126.709880002268,37.3125824106537
MA0106202407A2457901,포프리,화순지점,G2,소매,G221,기타 상품 소매,G22199,그 외 기타 상품 전문 소매업,G47859,그 외 기타 분류 안된 상품 전문 소매업,46,전라남도,46790,화순군,46790350,능주면,4679035031,능주면,4679035031108280001,1,대지,828,1,전라남도 화순군 능주면 만수리 828-1,467903291054,전라남도 화순군 능주면 화보로,3531,10,4679035031108280001000001,포프리화순,전라남도 화순군 능주면 화보로 3531-10,519812,58141,,,,126.948736403412,35.0133487213593
MA0106202407A1066666,아지트스토어,,G2,소매,G221,기타 상품 소매,G22199,그 외 기타 상품 전문 소매업,G47859,그 외 기타 분류 안된 상품 전문 소매업,30,대전광역시,30170,서구,30170581,갈마1동,3017011100,갈마동,3017011100113560001,1,대지,1356,1,대전광역시 서구 갈마동 1356-1,301704298015,대전광역시 서구 갈마로147번길,58,,3017011100113560001007730,,대전광역시 서구 갈마로147번길 58,302171,35266,,,,127.376767790634,36.3409941200736
MA0106202407A0911959,클라스푸드,,G2,소매,G221,기타 상품 소매,G22199,그 외 기타 상품 전문 소매업,G47859,그 외 기타 분류 안된 상품 전문 소매업,44,충청남도,44200,아산시,44200620,온양6동,4420010900,좌부동,4420010900101210000,1,대지,121,,충청남도 아산시 좌부동 121,442004559344,충청남도 아산시 설화산길,77,,4420010900101210000000001,,충청남도 아산시 설화산길 77,336210,31581,,,,127.023662487027,36.754123603034
MA0106202407A0410918,마르코p스,,G2,소매,G221,기타 상품 소매,G22199,그 외 기타 상품 전문 소매업,G47859,그 외 기타 분류 안된 상품 전문 소매업,11,서울특별시,11200,성동구,11200690,성수2가3동,1120011500,성수동2가,1120011500102780049,1,대지,278,49,서울특별시 성동구 성수동2가 278-49,112004109388,서울특별시 성동구 아차산로11길,26,,1120011500102780049004294,우성강업,서울특별시 성동구 아차산로11길 26,133832,04796,,1,,127.060132561405,37.5457905498106
MA0106202407A2272867,제이에스피,,G2,소매,G221,기타 상품 소매,G22199,그 외 기타 상품 전문 소매업,G47859,그 외 기타 분류 안된 상품 전문 소매업,52,전북특별자치도,52113,전주시 덕진구,52113665,여의동,5211313100,만성동,5211313100113450009,1,대지,1345,9,전북특별자치도 전주시 덕진구 만성동 1345-9,521133351432,전북특별자치도 전주시 덕진구 만성북로,47,,4511313100113450009000001,만성U-TOWER,전북특별자치도 전주시 덕진구 만성북로 47,561330,54858,,,,127.080222966202,35.848594212717
MA0106202408A1792700,달콤아이스크림할인점,,G2,소매,G221,기타 상품 소매,G22199,그 외 기타 상품 전문 소매업,G47859,그 외 기타 분류 안된 상품 전문 소매업,43,충청북도,43112,청주시 서원구,43112530,사창동,4311210200,사창동,4311210200102850003,1,대지,285,3,충청북도 청주시 서원구 사창동 285-3,431124511705,충청북도 청주시 서원구 예체로67번길,87,,4311310200102850003006068,대원칸타빌,충청북도 청주시 서원구 예체로67번길 87,362775,28663,,,,127.461839374139,36.632912079269
MA0106202408A2179261,달콤뻥튀기&건어물,,G2,소매,G221,기타 상품 소매,G22199,그 외 기타 상품 전문 소매업,G47859,그 외 기타 분류 안된 상품 전문 소매업,41,경기도,41360,남양주시,41360545,다산1동,4136011200,다산동,4136011200160580001,1,대지,6058,1,경기도 남양주시 다산동 6058-1,413603351600,경기도 남양주시 다산중앙로123번길,22,26,4136011200160580001000001,,경기도 남양주시 다산중앙로123번길 22-26,,12248,,,,127.152416209676,37.6248686741865
MA0106202408A2292493,씨제이올리브영광주,봉선점,G2,소매,G221,기타 상품 소매,G22199,그 외 기타 상품 전문 소매업,G47859,그 외 기타 분류 안된 상품 전문 소매업,29,광주광역시,29155,남구,29155538,봉선2동,2915511500,봉선동,2915511500101120000,1,대지,112,,광주광역시 남구 봉선동 112,291553161009,광주광역시 남구 봉선로,168,,2915511500101120000004813,,광주광역시 남구 봉선로 168,503810,61704,,1,,126.913660289934,35.122818615235
MA0106202408A2292440,씨제이올리브영한티역점,,G2,소매,G221,기타 상품 소매,G22199,그 외 기타 상품 전문 소매업,G47859,그 외 기타 분류 안된 상품 전문 소매업,11,서울특별시,11680,강남구,11680630,대치4동,1168010600,대치동,1168010600109360000,1,대지,936,,서울특별시 강남구 대치동 936,116803122006,서울특별시 강남구 선릉로,312,,1168010600109360000014150,,서울특별시 강남구 선릉로 312,135998,06206,,1,,127.052641487397,37.4975364216198
MA0106202408A1363318,아이스블리스용인예대점,,G2,소매,G221,기타 상품 소매,G22199,그 외 기타 상품 전문 소매업,G47859,그 외 기타 분류 안된 상품 전문 소매업,41,경기도,41461,용인시 처인구,41461540,동부동,4146110700,마평동,4146110700105960005,1,대지,596,5,경기도 용인시 처인구 마평동 596-5,414613203033,경기도 용인시 처인구 동부로,30,,4146110700105960005009451,,경기도 용인시 처인구 동부로 30,449929,17145,,1,,127.213900222652,37.2305068662272
MA0106202407A1134786,블루그린,,G2,소매,G221,기타 상품 소매,G22199,그 외 기타 상품 전문 소매업,G47859,그 외 기타 분류 안된 상품 전문 소매업,11,서울특별시,11200,성동구,11200690,성수2가3동,1120011500,성수동2가,1120011500102890005,1,대지,289,5,서울특별시 성동구 성수동2가 289-5,112004109398,서울특별시 성동구 아차산로7나길,18,,1120011500102890005000001,,서울특별시 성동구 아차산로7나길 18,133834,04795,,,,127.05746348232,37.5477019964274
MA0106202407A2141387,반찬대가,,G2,소매,G221,기타 상품 소매,G22199,그 외 기타 상품 전문 소매업,G47859,그 외 기타 분류 안된 상품 전문 소매업,41,경기도,41610,광주시,41610510,경안동,4161010100,경안동,4161010100100330016,1,대지,33,16,경기도 광주시 경안동 33-16,416104433017,경기도 광주시 경안로25번길,14,,4161010100100330015002669,,경기도 광주시 경안로25번길 14,464801,12760,,1,,127.257158284765,37.4087439344028
MA0106202407A0762451,지동이네㉩寬부각세상,,G2,소매,G221,기타 상품 소매,G22199,그 외 기타 상품 전문 소매업,G47859,그 외 기타 분류 안된 상품 전문 소매업,52,전북특별자치도,52710,완주군,52710250,삼례읍,5271025026,삼례읍,5271025026100700001,1,대지,70,1,전북특별자치도 완주군 삼례읍 석전리 70-1,527103273043,전북특별자치도 완주군 삼례읍 신수로,152,,4571025026100700001000001,,전북특별자치도 완주군 삼례읍 신수로 152,565804,55332,,,,127.10144062427,35.9329351535076
MA0106202410A0840648,차차중국식품,,G2,소매,G221,기타 상품 소매,G22199,그 외 기타 상품 전문 소매업,G47859,그 외 기타 분류 안된 상품 전문 소매업,44,충청남도,44131,천안시 동남구,44131540,원성2동,4413110700,원성동,4413110700105560011,1,대지,556,11,충청남도 천안시 동남구 원성동 556-11,441314547570,충청남도 천안시 동남구 원거리11길,28,,4413110700105560011024893,,충청남도 천안시 동남구 원거리11길 28,330954,31186,,,,127.156091133906,36.8013411392477
MA0106202410A0426239,주세페주스티,코리아,G2,소매,G221,기타 상품 소매,G22199,그 외 기타 상품 전문 소매업,G47859,그 외 기타 분류 안된 상품 전문 소매업,11,서울특별시,11545,금천구,11545510,가산동,1154510100,가산동,1154510100100600018,1,대지,60,18,서울특별시 금천구 가산동 60-18,115454151195,서울특별시 금천구 디지털로9길,47,,1154510100100600018015800,한신IT타워2차,서울특별시 금천구 디지털로9길 47,153712,08511,,,,126.885799297118,37.4795719143055
MA0106202409A1417334,알찬마켓,,G2,소매,G221,기타 상품 소매,G22199,그 외 기타 상품 전문 소매업,G47859,그 외 기타 분류 안된 상품 전문 소매업,26,부산광역시,26410,금정구,26410600,장전1동,2641010800,장전동,2641010800100960008,1,대지,96,8,부산광역시 금정구 장전동 96-8,264103130022,부산광역시 금정구 금강로,385,,2641010800100960008018249,알찬마켓,부산광역시 금정구 금강로 385,609836,46246,,1,,129.086280646353,35.2426252960228
MA0106202409A0378053,인케이텍,,G2,소매,G221,기타 상품 소매,G22199,그 외 기타 상품 전문 소매업,G47859,그 외 기타 분류 안된 상품 전문 소매업,41,경기도,41463,용인시 기흥구,41463575,동백2동,4146311600,중동,4146311600108450006,1,대지,845,6,경기도 용인시 기흥구 중동 845-6,414634412101,경기도 용인시 기흥구 동백3로11번길,33,,4146311600108450006017698,새롬프라자,경기도 용인시 기흥구 동백3로11번길 33,446529,17006,,,,127.15123863232,37.271456765478
MA0106202409A0421923,엄마손반찬,,G2,소매,G221,기타 상품 소매,G22199,그 외 기타 상품 전문 소매업,G47859,그 외 기타 분류 안된 상품 전문 소매업,26,부산광역시,26710,기장군,26710256,정관읍,2671025622,정관읍,2671025622107670003,1,대지,767,3,부산광역시 기장군 정관읍 매학리 767-3,267103140008,부산광역시 기장군 정관읍 구연로,40,,2671032025107210001000001,,부산광역시 기장군 정관읍 구연로 40,619963,46023,,1,,129.183607897176,35.3210174421419
MA0106202409A0532064,영진푸드림,,G2,소매,G221,기타 상품 소매,G22199,그 외 기타 상품 전문 소매업,G47859,그 외 기타 분류 안된 상품 전문 소매업,11,서울특별시,11110,종로구,11110680,창신2동,1111017400,창신동,1111017400105820015,1,대지,582,15,서울특별시 종로구 창신동 582-15,111104100435,서울특별시 종로구 창신3길,3,5,1111017400105820015032801,,서울특별시 종로구 창신3길 3-5,110542,03106,,1,,127.010844607677,37.5733848811541
MA0106202409A1090034,만들자몽,,G2,소매,G221,기타 상품 소매,G22199,그 외 기타 상품 전문 소매업,G47859,그 외 기타 분류 안된 상품 전문 소매업,44,충청남도,44770,서천군,44770350,마산면,4477035024,마산면,4477035024101470003,1,대지,147,3,충청남도 서천군 마산면 지산리 147-3,447703015064,충청남도 서천군 마산면 한마로,1003,,4477035024101470003048564,,충청남도 서천군 마산면 한마로 1003,325862,33621,,,,126.775636172353,36.1621209730043
MA0106202409A1057016,멀티편의점,,G2,소매,G221,기타 상품 소매,G22199,그 외 기타 상품 전문 소매업,G47859,그 외 기타 분류 안된 상품 전문 소매업,50,제주특별자치도,50130,서귀포시,50130570,동홍동,5013010500,동홍동,5013010500104480003,1,대지,448,3,제주특별자치도 서귀포시 동홍동 448-3,501303350070,제주특별자치도 서귀포시 동홍로,46,5,5013010500104480003000001,,제주특별자치도 서귀포시 동홍로 46-5,697836,63589,,1,,126.567983698988,33.252660570284
MA0106202406A1122639,프롬수지,,G2,소매,G221,기타 상품 소매,G22199,그 외 기타 상품 전문 소매업,G47859,그 외 기타 분류 안된 상품 전문 소매업,48,경상남도,48240,사천시,48240570,향촌동,4824011600,향촌동,4824011600109190023,1,대지,919,23,경상남도 사천시 향촌동 919-23,482404802425,경상남도 사천시 숲뫼길,100,3,4824011600109190023000001,,경상남도 사천시 숲뫼길 100-3,664220,52562,,1,,128.087449525691,34.936480632671
MA0106202405A1166135,새순슈퍼.분식,,G2,소매,G221,기타 상품 소매,G22199,그 외 기타 상품 전문 소매업,G47859,그 외 기타 분류 안된 상품 전문 소매업,52,전북특별자치도,52210,김제시,52210580,교월동,5221011000,옥산동,5221011000100230003,1,대지,23,3,전북특별자치도 김제시 옥산동 23-3,522104616665,전북특별자치도 김제시 옥산3길,96,,4521011000100230003055296,,전북특별자치도 김제시 옥산3길 96,576050,54411,,,,126.889132613837,35.7951701895322
MA0106202405A1138042,나우테크,,G2,소매,G221,기타 상품 소매,G22199,그 외 기타 상품 전문 소매업,G47859,그 외 기타 분류 안된 상품 전문 소매업,26,부산광역시,26230,부산진구,26230600,전포1동,2623010200,전포동,2623010200106900004,1,대지,690,4,부산광역시 부산진구 전포동 690-4,262304187662,부산광역시 부산진구 전포대로199번길,15,,2623010200106900007036381,현대타워,부산광역시 부산진구 전포대로199번길 15,614747,47297,,12,,129.064281077364,35.1542298038177
MA0106202405A2420914,1986해장국,,G2,소매,G221,기타 상품 소매,G22199,그 외 기타 상품 전문 소매업,G47859,그 외 기타 분류 안된 상품 전문 소매업,28,인천광역시,28237,부평구,28237520,부평2동,2823710100,부평동,2823710100107680073,1,대지,768,73,인천광역시 부평구 부평동 768-73,282374262072,인천광역시 부평구 경인로834번길,22,,2823710100107680073200930,,인천광역시 부평구 경인로834번길 22,403831,21432,,1,,126.71512876589,37.4818155186673
MA0106202407A1143765,오늘반찬요기어때,,G2,소매,G221,기타 상품 소매,G22199,그 외 기타 상품 전문 소매업,G47859,그 외 기타 분류 안된 상품 전문 소매업,52,전북특별자치도,52130,군산시,52130650,조촌동,5213013500,경장동,5213013500105100001,1,대지,510,1,전북특별자치도 군산시 경장동 510-1,521304604347,전북특별자치도 군산시 미장길,29,,4513013500105100001030165,,전북특별자치도 군산시 미장길 29,573884,54085,,1,,126.729005600892,35.9704340159819
MA0106202405A0836278,대신유통,,G2,소매,G221,기타 상품 소매,G22199,그 외 기타 상품 전문 소매업,G47859,그 외 기타 분류 안된 상품 전문 소매업,41,경기도,41570,김포시,41570575,마산동,4157010800,마산동,4157010800106420001,1,대지,642,1,경기도 김포시 마산동 642-1,415703209023,경기도 김포시 김포한강3로,385,,4157010800106420001000003,김포솔터축구장,경기도 김포시 김포한강3로 385,415090,10068,,,,126.649430266625,37.6408802424681
MA0106202405A1671897,헬로앨리스마켓24역촌연서로점,,G2,소매,G221,기타 상품 소매,G22199,그 외 기타 상품 전문 소매업,G47859,그 외 기타 분류 안된 상품 전문 소매업,11,서울특별시,11380,은평구,11380625,역촌동,1138010800,역촌동,1138010800100810056,1,대지,81,56,서울특별시 은평구 역촌동 81-56,113804133172,서울특별시 은평구 연서로3길,29,,1138010800100810056016357,,서울특별시 은평구 연서로3길 29,122903,03420,,1,,126.912507399944,37.6023559034456
MA0106202405A1714534,에릭슨랩테크,,G2,소매,G221,기타 상품 소매,G22199,그 외 기타 상품 전문 소매업,G47859,그 외 기타 분류 안된 상품 전문 소매업,11,서울특별시,11680,강남구,11680700,세곡동,1168011200,자곡동,1168011200106500000,1,대지,650,,서울특별시 강남구 자곡동 650,116803122014,서울특별시 강남구 자곡로,172,,1168011200106500000000001,B,서울특별시 강남구 자곡로 172,135190,06373,,3,,127.10246773878,37.473149465213
MA0106202405A0472436,대박나라,,G2,소매,G221,기타 상품 소매,G22199,그 외 기타 상품 전문 소매업,G47859,그 외 기타 분류 안된 상품 전문 소매업,48,경상남도,48220,통영시,48220600,북신동,4822011000,북신동,4822011000106660007,1,대지,666,7,경상남도 통영시 북신동 666-7,482204799214,경상남도 통영시 북신시장1길,63,12,4822011000106660007035788,,경상남도 통영시 북신시장1길 63-12,650805,53042,,1,,128.428030752657,34.854108468551
MA0106202405A2148681,랩퍼스트,,G2,소매,G221,기타 상품 소매,G22199,그 외 기타 상품 전문 소매업,G47859,그 외 기타 분류 안된 상품 전문 소매업,47,경상북도,47150,김천시,47150640,율곡동,4715012000,율곡동,4715012000107810000,1,대지,781,,경상북도 김천시 율곡동 781,471503306058,경상북도 김천시 혁신로,185,,4715012000107810000000001,,경상북도 김천시 혁신로 185,740220,39660,,2,,128.183949569389,36.1175119422279
MA0106202405A0591211,J&J,,G2,소매,G221,기타 상품 소매,G22199,그 외 기타 상품 전문 소매업,G47859,그 외 기타 분류 안된 상품 전문 소매업,41,경기도,41450,하남시,41450630,미사3동,4145011000,풍산동,4145011000106010000,1,대지,601,,경기도 하남시 풍산동 601,414502202001,경기도 하남시 하남대로,990,,4145011000106010000000001,로얄팰리스테크노1차,경기도 하남시 하남대로 990,465170,12939,,5,,127.189954391485,37.5482299286574
MA0106202405A1590548,더홈,,G2,소매,G221,기타 상품 소매,G22199,그 외 기타 상품 전문 소매업,G47859,그 외 기타 분류 안된 상품 전문 소매업,41,경기도,41650,포천시,41650340,신북면,4165034023,신북면,4165034023105750000,1,대지,575,,경기도 포천시 신북면 신평리 575,416504439691,경기도 포천시 신북면 청신로2068번길,46,,4165034023105750000040824,,경기도 포천시 신북면 청신로2068번길 46,487914,11138,,,,127.215485231615,37.9361787114192
MA0106202405A2461505,두메유통,,G2,소매,G221,기타 상품 소매,G22199,그 외 기타 상품 전문 소매업,G47859,그 외 기타 분류 안된 상품 전문 소매업,29,광주광역시,29170,북구,29170677,오치2동,2917011500,오치동,2917011500109490019,1,대지,949,19,광주광역시 북구 오치동 949-19,291703162031,광주광역시 북구 서하로,211,,2917011500109490019000195,,광주광역시 북구 서하로 211,500840,61054,,3,,126.903600854831,35.1873303770364
MA0106202406A1069297,원주자연식품,,G2,소매,G221,기타 상품 소매,G22199,그 외 기타 상품 전문 소매업,G47859,그 외 기타 분류 안된 상품 전문 소매업,51,강원특별자치도,51130,원주시,51130650,행구동,5113011400,행구동,5113011400101510007,1,대지,151,7,강원특별자치도 원주시 행구동 151-7,511304457044,강원특별자치도 원주시 고문골길,52,,4213011400200970012000001,,강원특별자치도 원주시 고문골길 52,220160,26455,,1,,128.006338868901,37.3405993498152
MA0106202405A0597440,행복앤코,,G2,소매,G221,기타 상품 소매,G22199,그 외 기타 상품 전문 소매업,G47859,그 외 기타 분류 안된 상품 전문 소매업,41,경기도,41273,안산시 단원구,41273570,초지동,4127310600,목내동,4127310600104030003,1,대지,403,3,경기도 안산시 단원구 목내동 403-3,412733191028,경기도 안산시 단원구 별망로,453,,4127310600104030003037379,,경기도 안산시 단원구 별망로 453,425080,15599,,1,,126.775446815317,37.3040480368705
MA0106202407A1083244,라라네추럴힐링안양의왕,,G2,소매,G221,기타 상품 소매,G22199,그 외 기타 상품 전문 소매업,G47859,그 외 기타 분류 안된 상품 전문 소매업,41,경기도,41171,안양시 만안구,41171570,안양7동,4117110100,안양동,4117110100113880001,1,대지,1388,1,경기도 안양시 만안구 안양동 1388-1,411712182001,경기도 안양시 만안구 관악대로,50,,4117110100101540004000001,디스퀘어큐브,경기도 안양시 만안구 관악대로 50,430017,14037,,2,,126.930297161729,37.3965239122524
MA0106202405A0066226,끌레어림피드,,G2,소매,G221,기타 상품 소매,G22199,그 외 기타 상품 전문 소매업,G47859,그 외 기타 분류 안된 상품 전문 소매업,26,부산광역시,26230,부산진구,26230540,연지동,2623010600,연지동,2623010600100310003,1,대지,31,3,부산광역시 부산진구 연지동 31-3,262303129029,부산광역시 부산진구 성지로,42,,2623010600100310003032879,연지래미안빌딩,부산광역시 부산진구 성지로 42,614859,47123,,,,129.055196354487,35.1743090049473
MA0106202405A1680903,프로프라이프,,G2,소매,G221,기타 상품 소매,G22199,그 외 기타 상품 전문 소매업,G47859,그 외 기타 분류 안된 상품 전문 소매업,51,강원특별자치도,51110,춘천시,51110705,신사우동,5111011900,사농동,5111011900100520001,1,대지,52,1,강원특별자치도 춘천시 사농동 52-1,511104454187,강원특별자치도 춘천시 마장길,71,8,5111011900100520001000001,,강원특별자치도 춘천시 마장길 71-8,200140,24221,,1,,127.732152313909,37.9096381896592
MA0106202405A0838767,디그베이프,,G2,소매,G221,기타 상품 소매,G22199,그 외 기타 상품 전문 소매업,G47859,그 외 기타 분류 안된 상품 전문 소매업,41,경기도,41285,고양시 일산동구,41285551,백석1동,4128510600,백석동,4128510600112000000,1,대지,1200,,경기도 고양시 일산동구 백석동 1200,412854379002,경기도 고양시 일산동구 강송로113번길,54,11,4128510600112000000005003,,경기도 고양시 일산동구 강송로113번길 54-11,410816,10420,,,,126.7839456094,37.6477894444161
MA0106202405A0334665,평화누리캠핑장,,G2,소매,G221,기타 상품 소매,G22199,그 외 기타 상품 전문 소매업,G47859,그 외 기타 분류 안된 상품 전문 소매업,41,경기도,41480,파주시,41480250,문산읍,4148025027,문산읍,4148025027111750001,1,대지,1175,1,경기도 파주시 문산읍 마정리 1175-1,414803206068,경기도 파주시 문산읍 임진각로,148,40,4148025027111750003037891,평화누리캠핑장,경기도 파주시 문산읍 임진각로 148-40,413903,10808,,,,126.744796383362,37.8920432847673
MA0106202407A0788645,자연건강발효찬,,G2,소매,G221,기타 상품 소매,G22199,그 외 기타 상품 전문 소매업,G47859,그 외 기타 분류 안된 상품 전문 소매업,43,충청북도,43111,청주시 상당구,43111525,중앙동,4311111200,수동,4311111200103150041,1,대지,315,41,충청북도 청주시 상당구 수동 315-41,431113236014,충청북도 청주시 상당구 대성로,160,,4311111200103150041031546,청주수동시니어클럽,충청북도 청주시 상당구 대성로 160,360112,28511,,1,,127.49223713899,36.6394767351793
MA0106202407A0396419,더슈슈아,,G2,소매,G221,기타 상품 소매,G22199,그 외 기타 상품 전문 소매업,G47859,그 외 기타 분류 안된 상품 전문 소매업,28,인천광역시,28260,서구,28260536,청라1동,2826012200,청라동,2826012200102020003,1,대지,202,3,인천광역시 서구 청라동 202-3,282602008002,인천광역시 서구 중봉대로,490,,2826012200102020003000001,,인천광역시 서구 중봉대로 490,,22770,,,,126.650469739564,37.5228447229925
MA0106202405A0250327,송월타월일산중앙,대리점,G2,소매,G221,기타 상품 소매,G22199,그 외 기타 상품 전문 소매업,G47859,그 외 기타 분류 안된 상품 전문 소매업,41,경기도,41285,고양시 일산동구,41285551,백석1동,4128510600,백석동,4128510600112290001,1,대지,1229,1,경기도 고양시 일산동구 백석동 1229-1,412854379002,경기도 고양시 일산동구 강송로113번길,7,21,4128510600112290001005051,,경기도 고양시 일산동구 강송로113번길 7-21,410816,10420,,1,,126.787230310741,37.648272934664
MA0106202405A1461311,MD무역,,G2,소매,G221,기타 상품 소매,G22199,그 외 기타 상품 전문 소매업,G47859,그 외 기타 분류 안된 상품 전문 소매업,47,경상북도,47850,칠곡군,47850320,동명면,4785032031,동명면,4785032031100350004,1,대지,35,4,경상북도 칠곡군 동명면 송산리 35-4,478504852432,경상북도 칠곡군 동명면 송산11길,38,,4785032031100350000000001,,경상북도 칠곡군 동명면 송산11길 38,718922,39860,,,,128.550038065292,35.9815625963778
MA0106202405A0766207,공감앤매점,,G2,소매,G221,기타 상품 소매,G22199,그 외 기타 상품 전문 소매업,G47859,그 외 기타 분류 안된 상품 전문 소매업,43,충청북도,43150,제천시,43150320,청풍면,4315032021,청풍면,4315032021107180000,1,대지,718,,충청북도 제천시 청풍면 읍리 718,431503239069,충청북도 제천시 청풍면 청풍명월로,216,,4315032021200040018000001,,충청북도 제천시 청풍면 청풍명월로 216,390832,27214,,,,128.155980220457,37.0064360913583
MA0106202406A2189103,한국강사자격교육협회,,G2,소매,G221,기타 상품 소매,G22199,그 외 기타 상품 전문 소매업,G47859,그 외 기타 분류 안된 상품 전문 소매업,44,충청남도,44133,천안시 서북구,44133530,쌍용1동,4413310700,쌍용동,4413310700111040000,1,대지,1104,,충청남도 천안시 서북구 쌍용동 1104,441334550197,충청남도 천안시 서북구 미라9길,4,,4413310700111040000056742,쌍용홈피스텔,충청남도 천안시 서북구 미라9길 4,331950,31155,,,,127.128574522565,36.8036268483809
MA0106202405A1538814,경성한우국밥순천조례왕지점,,G2,소매,G221,기타 상품 소매,G22199,그 외 기타 상품 전문 소매업,G47859,그 외 기타 분류 안된 상품 전문 소매업,46,전라남도,46150,순천시,46150665,왕조2동,4615013300,조례동,4615013300118160002,1,대지,1816,2,전라남도 순천시 조례동 1816-2,461504649354,전라남도 순천시 백연길,28,,4615013300118160002071145,,전라남도 순천시 백연길 28,540969,57970,,1,,127.535313153462,34.9579345046049
MA0106202405A2115095,비틀즈펍,,G2,소매,G221,기타 상품 소매,G22199,그 외 기타 상품 전문 소매업,G47859,그 외 기타 분류 안된 상품 전문 소매업,27,대구광역시,27290,달서구,27290535,두류1.2동,2729010200,두류동,2729010200101500015,1,대지,150,15,대구광역시 달서구 두류동 150-15,272904241396,대구광역시 달서구 야외음악당로45길,70,,2729010200101500015022466,,대구광역시 달서구 야외음악당로45길 70,704909,42659,,1,,128.559313366386,35.8577517786682
MA0106202406A0092860,착한창고,,G2,소매,G221,기타 상품 소매,G22199,그 외 기타 상품 전문 소매업,G47859,그 외 기타 분류 안된 상품 전문 소매업,41,경기도,41500,이천시,41500340,마장면,4150034031,마장면,4150034031104030020,1,대지,403,20,경기도 이천시 마장면 이평리 403-20,415003203146,경기도 이천시 마장면 덕평로,720,1,4150034031104030020000001,,경기도 이천시 마장면 덕평로 720-1,467812,17389,,1,,127.370612441441,37.2237047212924
MA0106202406A2377169,허니물류,,G2,소매,G221,기타 상품 소매,G22199,그 외 기타 상품 전문 소매업,G47859,그 외 기타 분류 안된 상품 전문 소매업,43,충청북도,43130,충주시,43130630,연수동,4313011800,연수동,4313011800116290000,1,대지,1629,,충청북도 충주시 연수동 1629,431303238044,충청북도 충주시 연수동산로,14,,4313011800116290000000011,연수리슈빌1차,충청북도 충주시 연수동산로 14,380781,27353,,,,127.942273301073,36.9839519214928
MA0106202405A2311306,또또바다이아몬드점,,G2,소매,G221,기타 상품 소매,G22199,그 외 기타 상품 전문 소매업,G47859,그 외 기타 분류 안된 상품 전문 소매업,11,서울특별시,11470,양천구,11470600,신월5동,1147010300,신월동,1147010300100090004,1,대지,9,4,서울특별시 양천구 신월동 9-4,114703005067,서울특별시 양천구 월정로,283,,1147010300100090004000001,전체,서울특별시 양천구 월정로 283,158822,07902,,1,,126.828844492485,37.5421318863113
MA0106202405A1026064,식초몰,,G2,소매,G221,기타 상품 소매,G22199,그 외 기타 상품 전문 소매업,G47859,그 외 기타 분류 안된 상품 전문 소매업,11,서울특별시,11350,노원구,11350630,상계1동,1135010500,상계동,1135010500111070129,1,대지,1107,129,서울특별시 노원구 상계동 1107-129,113504130241,서울특별시 노원구 동일로241가길,49,,1135010500111070129009618,,서울특별시 노원구 동일로241가길 49,139837,01609,,,,127.052098789754,37.6763927279797
MA0106202405A0980916,에이디바이오,,G2,소매,G221,기타 상품 소매,G22199,그 외 기타 상품 전문 소매업,G47859,그 외 기타 분류 안된 상품 전문 소매업,43,충청북도,43114,청주시 청원구,43114253,오창읍,4311425345,오창읍,4311425345107760004,1,대지,776,4,충청북도 청주시 청원구 오창읍 양청리 776-4,431143240051,충청북도 청주시 청원구 오창읍 연구단지로,35,,4371025345007760004004718,,충청북도 청주시 청원구 오창읍 연구단지로 35,363883,28115,,1,,127.428536613068,36.7205537049145
MA0106202405A1136346,베르센트제주,,G2,소매,G221,기타 상품 소매,G22199,그 외 기타 상품 전문 소매업,G47859,그 외 기타 분류 안된 상품 전문 소매업,50,제주특별자치도,50110,제주시,50110253,애월읍,5011025334,애월읍,5011025334116400002,1,대지,1640,2,제주특별자치도 제주시 애월읍 애월리 1640-2,501103349129,제주특별자치도 제주시 애월읍 애월로,132,,5011025334016400002040116,,제주특별자치도 제주시 애월읍 애월로 132,695913,63043,,1,,126.321291300587,33.4640209268494
MA0106202407A2048759,율아트,,G2,소매,G221,기타 상품 소매,G22199,그 외 기타 상품 전문 소매업,G47859,그 외 기타 분류 안된 상품 전문 소매업,41,경기도,41480,파주시,41480570,운정3동,4148011300,동패동,4148011300102980010,1,대지,298,10,경기도 파주시 동패동 298-10,414804418046,경기도 파주시 교하로425번길,21,7,4148025927102980010019621,,경기도 파주시 교하로425번길 21-7,413835,10904,,,,126.732737920048,37.7050947799603
MA0106202406A1503117,아이스크림과자팩토리,,G2,소매,G221,기타 상품 소매,G22199,그 외 기타 상품 전문 소매업,G47859,그 외 기타 분류 안된 상품 전문 소매업,48,경상남도,48330,양산시,48330310,동면,4833031025,동면,4833031025108890002,1,대지,889,2,경상남도 양산시 동면 내송리 889-2,483303352537,경상남도 양산시 동면 내송큰들로,43,,4833031025100000000000090,,경상남도 양산시 동면 내송큰들로 43,626823,50644,,,,129.068580941366,35.3189317632848
MA0106202406A2157560,더디토,,G2,소매,G221,기타 상품 소매,G22199,그 외 기타 상품 전문 소매업,G47859,그 외 기타 분류 안된 상품 전문 소매업,41,경기도,41430,의왕시,41430560,청계동,4143010900,포일동,4143010900106530000,1,대지,653,,경기도 의왕시 포일동 653,414303201052,경기도 의왕시 이미로,40,,4143010900106530000000001,공장동,경기도 의왕시 이미로 40,437828,16006,,8,,126.991360036382,37.4010132075773
MA0106202406A0434604,팜시티,,G2,소매,G221,기타 상품 소매,G22199,그 외 기타 상품 전문 소매업,G47859,그 외 기타 분류 안된 상품 전문 소매업,11,서울특별시,11110,종로구,11110530,사직동,1111012100,신문로2가,1111012100100010348,1,대지,1,348,서울특별시 종로구 신문로2가 1-348,111104100007,서울특별시 종로구 경희궁3길,3,5,1111012100100010348027694,,서울특별시 종로구 경희궁3길 3-5,110054,03176,,1,,126.968100286227,37.5729485918184
MA0106202405A0028767,노이지콘텐츠,,G2,소매,G221,기타 상품 소매,G22199,그 외 기타 상품 전문 소매업,G47859,그 외 기타 분류 안된 상품 전문 소매업,11,서울특별시,11545,금천구,11545510,가산동,1154510100,가산동,1154510100100600026,1,대지,60,26,서울특별시 금천구 가산동 60-26,115453000026,서울특별시 금천구 디지털로,178,,1154510100100600026014771,,서울특별시 금천구 디지털로 178,153801,08513,,,,126.887103808621,37.4766899391235
MA0106202405A0379354,크린사이언스,,G2,소매,G221,기타 상품 소매,G22199,그 외 기타 상품 전문 소매업,G47859,그 외 기타 분류 안된 상품 전문 소매업,41,경기도,41173,안양시 동안구,41173559,인덕원동,4117310200,관양동,4117310200109540006,1,대지,954,6,경기도 안양시 동안구 관양동 954-6,411734349232,경기도 안양시 동안구 흥안대로427번길,38,,4117310200109540006000001,,경기도 안양시 동안구 흥안대로427번길 38,431804,14059,,,,126.972287316027,37.3929641506366
MA0106202405A2115338,큐아이엔씨,,G2,소매,G221,기타 상품 소매,G22199,그 외 기타 상품 전문 소매업,G47859,그 외 기타 분류 안된 상품 전문 소매업,41,경기도,41281,고양시 덕양구,41281660,화전동,4128113200,향동동,4128113200103960000,1,대지,396,,경기도 고양시 덕양구 향동동 396,412813351992,경기도 고양시 덕양구 향동로,218,,4128113200103960000000001,,경기도 고양시 덕양구 향동로 218,412160,10545,,3,,126.894017700618,37.6081521313266
MA0106202405A0731027,에듀키즈,,G2,소매,G221,기타 상품 소매,G22199,그 외 기타 상품 전문 소매업,G47859,그 외 기타 분류 안된 상품 전문 소매업,11,서울특별시,11560,영등포구,11560605,문래동,1156012400,문래동6가,1156012400100330000,1,대지,33,,서울특별시 영등포구 문래동6가 33,115603118009,서울특별시 영등포구 문래북로,8,,1156012400100330000022287,에이스엔에스타워,서울특별시 영등포구 문래북로 8,150096,07280,,2,,126.885679075102,37.5213604371026
MA0106202405A0112625,에스에스티,,G2,소매,G221,기타 상품 소매,G22199,그 외 기타 상품 전문 소매업,G47859,그 외 기타 분류 안된 상품 전문 소매업,41,경기도,41273,안산시 단원구,41273535,호수동,4127310100,고잔동,4127310100107250001,1,대지,725,1,경기도 안산시 단원구 고잔동 725-1,412732190001,경기도 안산시 단원구 광덕대로,194,,4127310100107250002028902,스타맥스타워,경기도 안산시 단원구 광덕대로 194,425809,15462,,,,126.831011286865,37.3134661247826
MA0106202406A2435498,수가유원지매점,,G2,소매,G221,기타 상품 소매,G22199,그 외 기타 상품 전문 소매업,G47859,그 외 기타 분류 안된 상품 전문 소매업,46,전라남도,46110,목포시,46110595,목원동,4611015700,죽교동,4611015700102710001,1,대지,271,1,전라남도 목포시 죽교동 271-1,461103281069,전라남도 목포시 유달로,194,1,4611015700102710001036149,죽교동,전라남도 목포시 유달로 194-1,530844,58726,,,,126.375255452372,34.7921846956728
MA0106202406A0920719,지엘코스메틱,,G2,소매,G221,기타 상품 소매,G22199,그 외 기타 상품 전문 소매업,G47859,그 외 기타 분류 안된 상품 전문 소매업,28,인천광역시,28200,남동구,28200710,논현고잔동,2820011100,고잔동,2820011100106310000,1,대지,631,,인천광역시 남동구 고잔동 631,282003153061,인천광역시 남동구 은청로,4,19,2820011100106310000007979,디동,인천광역시 남동구 은청로 4-19,405817,21633,,,,126.693298333811,37.4066255386278
MA0106202405A1762258,아아스스토리,,G2,소매,G221,기타 상품 소매,G22199,그 외 기타 상품 전문 소매업,G47859,그 외 기타 분류 안된 상품 전문 소매업,26,부산광역시,26170,동구,26170550,초량6동,2617010100,초량동,2617010100108060006,1,대지,806,6,부산광역시 동구 초량동 806-6,261703127002,부산광역시 동구 구봉로,1,,2617010100108060006003440,초량동,부산광역시 동구 구봉로 1,601832,48802,,,,129.038098707327,35.1207171963046
MA0106202405A0100054,아이더스에프앤비,,G2,소매,G221,기타 상품 소매,G22199,그 외 기타 상품 전문 소매업,G47859,그 외 기타 분류 안된 상품 전문 소매업,11,서울특별시,11500,강서구,11500535,등촌3동,1150010200,등촌동,1150010200106780008,1,대지,678,8,서울특별시 강서구 등촌동 678-8,115003115001,서울특별시 강서구 강서로,404,,1150010200106780008000001,아이더스빌딩,서울특별시 강서구 강서로 404,157930,07583,,,,126.839574965451,37.5615904727968
MA0106202405A0883673,비엔에스랩,,G2,소매,G221,기타 상품 소매,G22199,그 외 기타 상품 전문 소매업,G47859,그 외 기타 분류 안된 상품 전문 소매업,30,대전광역시,30230,대덕구,30230510,오정동,3023010100,오정동,3023010100104360007,1,대지,436,7,대전광역시 대덕구 오정동 436-7,302303010013,대전광역시 대덕구 옛신탄진로,143,,3023010100104360007019577,,대전광역시 대덕구 옛신탄진로 143,306819,34433,,1,,127.418176205569,36.3522923020874
MA0106202405A2200331,차린,,G2,소매,G221,기타 상품 소매,G22199,그 외 기타 상품 전문 소매업,G47859,그 외 기타 분류 안된 상품 전문 소매업,11,서울특별시,11140,중구,11140580,장충동,1114014300,장충동1가,1114014300100350017,1,대지,35,17,서울특별시 중구 장충동1가 35-17,111404103270,서울특별시 중구 장충단로6길,9,,1114014300100350017016557,,서울특별시 중구 장충단로6길 9,100391,04606,,1,,127.00702863758,37.5615370751801
MA0106202405A0050507,남대문까운사,,G2,소매,G221,기타 상품 소매,G22199,그 외 기타 상품 전문 소매업,G47859,그 외 기타 분류 안된 상품 전문 소매업,41,경기도,41210,광명시,41210660,학온동,4121010700,가학동,4121010700103240002,1,대지,324,2,경기도 광명시 가학동 324-2,412104361118,경기도 광명시 도고내로43번길,13,,4121010700103240002009862,,경기도 광명시 도고내로43번길 13,423070,14341,,,,126.8556231599,37.4211622647862
MA0106202407A0090231,토크&향기마을,,G2,소매,G221,기타 상품 소매,G22199,그 외 기타 상품 전문 소매업,G47859,그 외 기타 분류 안된 상품 전문 소매업,47,경상북도,47290,경산시,47290253,진량읍,4729025322,진량읍,4729025322114730070,1,대지,1473,70,경상북도 경산시 진량읍 선화리 1473-70,472904739171,경상북도 경산시 진량읍 낙산길,16,,4729025322114730070026199,,경상북도 경산시 진량읍 낙산길 16,712831,38486,,,,128.813426112006,35.8752252369832
MA0106202405A0072671,우리,,G2,소매,G221,기타 상품 소매,G22199,그 외 기타 상품 전문 소매업,G47859,그 외 기타 분류 안된 상품 전문 소매업,51,강원특별자치도,51210,속초시,51210600,대포동,5121011000,대포동,5121011000109290000,1,대지,929,,강원특별자치도 속초시 대포동 929,512103223005,강원특별자치도 속초시 설악산로,6,,4221011000109290000005974,,강원특별자치도 속초시 설악산로 6,217100,24902,,1,,128.606770533575,38.163559322564
MA0106202405A0981488,아이티기프트,,G2,소매,G221,기타 상품 소매,G22199,그 외 기타 상품 전문 소매업,G47859,그 외 기타 분류 안된 상품 전문 소매업,43,충청북도,43111,청주시 상당구,43111690,용담.명암.산성동,4311112100,용담동,4311112100103720000,1,대지,372,,충청북도 청주시 상당구 용담동 372,431114508297,충청북도 청주시 상당구 산성로98번길,23,,4311112100103720000000001,,충청북도 청주시 상당구 산성로98번길 23,360190,28744,,7,,127.504976181285,36.6313673367499
MA0106202405A0009535,한국소재과학,,G2,소매,G221,기타 상품 소매,G22199,그 외 기타 상품 전문 소매업,G47859,그 외 기타 분류 안된 상품 전문 소매업,11,서울특별시,11410,서대문구,11410685,홍은2동,1141011800,홍은동,1141011800104050010,1,대지,405,10,서울특별시 서대문구 홍은동 405-10,114103112015,서울특별시 서대문구 모래내로,281,,1141011800104050010010106,,서울특별시 서대문구 모래내로 281,120848,03663,,3,,126.929109884038,37.5775717386014
MA0106202405A1883019,가온유통,,G2,소매,G221,기타 상품 소매,G22199,그 외 기타 상품 전문 소매업,G47859,그 외 기타 분류 안된 상품 전문 소매업,50,제주특별자치도,50110,제주시,50110610,삼양동,5011013000,도련일동,5011013000110170000,1,대지,1017,,제주특별자치도 제주시 도련일동 1017,501104847772,제주특별자치도 제주시 불택길,63,,5011013000110170000000001,,제주특별자치도 제주시 불택길 63,690071,63328,,1,,126.592277826719,33.5016239019966
MA0106202405A2229300,위푸드,,G2,소매,G221,기타 상품 소매,G22199,그 외 기타 상품 전문 소매업,G47859,그 외 기타 분류 안된 상품 전문 소매업,41,경기도,41133,성남시 중원구,41133660,하대원동,4113310900,하대원동,4113310900102660001,1,대지,266,1,경기도 성남시 중원구 하대원동 266-1,411333179008,경기도 성남시 중원구 마지로,118,,4113310900102660001008965,성남농수산물도매시장,경기도 성남시 중원구 마지로 118,462839,13407,,,,127.142242312391,37.427462960901
MA0106202405A0676572,서우에스앤티,,G2,소매,G221,기타 상품 소매,G22199,그 외 기타 상품 전문 소매업,G47859,그 외 기타 분류 안된 상품 전문 소매업,51,강원특별자치도,51130,원주시,51130550,단구동,5113010700,단구동,5113010700115710001,1,대지,1571,1,강원특별자치도 원주시 단구동 1571-1,511304457065,강원특별자치도 원주시 구곡길,26,,4213010700115710001027824,,강원특별자치도 원주시 구곡길 26,220944,26486,,1,,127.948560637414,37.3216602260317
MA0106202405A0075384,쌍용그린통상,,G2,소매,G221,기타 상품 소매,G22199,그 외 기타 상품 전문 소매업,G47859,그 외 기타 분류 안된 상품 전문 소매업,41,경기도,41271,안산시 상록구,41271600,반월동,4127111200,사사동,4127111200104360005,1,대지,436,5,경기도 안산시 상록구 사사동 436-5,412714370349,경기도 안산시 상록구 양지마을길,10,1,4127111200104360005014290,,경기도 안산시 상록구 양지마을길 10-1,426220,15524,,1,,126.91806151924,37.2971685780548
MA0106202404A2345744,아이스왕국,남악점,G2,소매,G221,기타 상품 소매,G22199,그 외 기타 상품 전문 소매업,G47859,그 외 기타 분류 안된 상품 전문 소매업,29,광주광역시,29200,광산구,29200626,첨단2동,2920011500,월계동,2920011500107680005,1,대지,768,5,광주광역시 광산구 월계동 768-5,292003163039,광주광역시 광산구 월계로,136,,2920011500107680005017781,주차장바로옆첫번째상가,광주광역시 광산구 월계로 136,506824,62267,,1,,126.840341382923,35.2134477939202
MA0106202406A0965289,효모로만든찬,노은점,G2,소매,G221,기타 상품 소매,G22199,그 외 기타 상품 전문 소매업,G47859,그 외 기타 분류 안된 상품 전문 소매업,30,대전광역시,30200,유성구,30200546,노은1동,3020012000,지족동,3020012000109100004,1,대지,910,4,대전광역시 유성구 지족동 910-4,302004301366,대전광역시 유성구 은구비남로33번길,62,,3020012000109100004009273,,대전광역시 유성구 은구비남로33번길 62,305330,34086,,1,,127.319541170072,36.3750991045964
MA0106202405A2075298,필립더베이커리,,G2,소매,G221,기타 상품 소매,G22199,그 외 기타 상품 전문 소매업,G47859,그 외 기타 분류 안된 상품 전문 소매업,26,부산광역시,26230,부산진구,26230610,전포2동,2623010200,전포동,2623010200105800008,1,대지,580,8,부산광역시 부산진구 전포동 580-8,262304187697,부산광역시 부산진구 중앙대로824번길,6,,2623010200105800008000001,,부산광역시 부산진구 중앙대로824번길 6,614870,47236,,1,,129.065732169935,35.1643160863616
MA0106202405A0417260,덕계만물양산종합유통,백화점,G2,소매,G221,기타 상품 소매,G22199,그 외 기타 상품 전문 소매업,G47859,그 외 기타 분류 안된 상품 전문 소매업,48,경상남도,48330,양산시,48330560,평산동,4833011900,평산동,4833011900100770003,1,대지,77,3,경상남도 양산시 평산동 77-3,483303338056,경상남도 양산시 신명로,9,,4833011900100770003026140,일부,경상남도 양산시 신명로 9,626848,50548,,1,,129.14986247727,35.3823308611596
MA0106202405A0133861,에프엠바이오스,,G2,소매,G221,기타 상품 소매,G22199,그 외 기타 상품 전문 소매업,G47859,그 외 기타 분류 안된 상품 전문 소매업,30,대전광역시,30200,유성구,30200540,온천2동,3020011700,장대동,3020011700103240007,1,대지,324,7,대전광역시 유성구 장대동 324-7,302004301383,대전광역시 유성구 장대로80번길,62,,3020011700103240007010433,,대전광역시 유성구 장대로80번길 62,305308,34165,,,,127.334394259235,36.3642804187802
MA0106202405A1113058,구미복권명당,,G2,소매,G221,기타 상품 소매,G22199,그 외 기타 상품 전문 소매업,G47859,그 외 기타 분류 안된 상품 전문 소매업,47,경상북도,47190,구미시,47190582,형곡1동,4719010900,형곡동,4719010900101510009,1,대지,151,9,경상북도 구미시 형곡동 151-9,471903308070,경상북도 구미시 형곡중앙로,24,,4719010900101510009025807,,경상북도 구미시 형곡중앙로 24,730928,39297,,1,,128.33452249937,36.1109817692811
MA0106202405A1700633,바이오큐레이션,,G2,소매,G221,기타 상품 소매,G22199,그 외 기타 상품 전문 소매업,G47859,그 외 기타 분류 안된 상품 전문 소매업,51,강원특별자치도,51130,원주시,51130250,문막읍,5113025022,문막읍,5113025022110390000,1,대지,1039,,강원특별자치도 원주시 문막읍 동화리 1039,511303219016,강원특별자치도 원주시 문막읍 동화공단로,174,15,4213025022110390000000003,,강원특별자치도 원주시 문막읍 동화공단로 174-15,220801,26363,,,,127.831585809296,37.3365688563553
MA0106202405A2033247,정선사위강릉점,,G2,소매,G221,기타 상품 소매,G22199,그 외 기타 상품 전문 소매업,G47859,그 외 기타 분류 안된 상품 전문 소매업,51,강원특별자치도,51150,강릉시,51150520,중앙동,5115010800,성남동,5115010800100930005,1,대지,93,5,강원특별자치도 강릉시 성남동 93-5,511504460910,강원특별자치도 강릉시 중앙시장3길,42,,4215010800100930005001066,,강원특별자치도 강릉시 중앙시장3길 42,210050,25543,,1,,128.899065817702,37.7526757385309
MA0106202405A1524238,대릉유통,,G2,소매,G221,기타 상품 소매,G22199,그 외 기타 상품 전문 소매업,G47859,그 외 기타 분류 안된 상품 전문 소매업,28,인천광역시,28200,남동구,28200570,만수2동,2820010300,만수동,2820010300100010159,1,대지,1,159,인천광역시 남동구 만수동 1-159,282003153029,인천광역시 남동구 만수로,117,,2820010300100010302029990,,인천광역시 남동구 만수로 117,405852,21521,,1,,126.738398188832,37.4652277189706
MA0106202405A0996066,늘봄,,G2,소매,G221,기타 상품 소매,G22199,그 외 기타 상품 전문 소매업,G47859,그 외 기타 분류 안된 상품 전문 소매업,31,울산광역시,31200,북구,31200560,효문동,3120012100,진장동,312001210010000,1,대지,,,울산광역시 북구 진장동 ,312004316406,울산광역시 북구 명촌18길,14,,3120012100107940004000001,,울산광역시 북구 명촌18길 14,683350,44254,,,,129.354892673233,35.5583410209629
MA0106202405A0346887,한일유통,,G2,소매,G221,기타 상품 소매,G22199,그 외 기타 상품 전문 소매업,G47859,그 외 기타 분류 안된 상품 전문 소매업,44,충청남도,44230,논산시,44230390,양촌면,4423039021,양촌면,4423039021100510000,1,대지,51,,충청남도 논산시 양촌면 인천리 51,442304565949,충청남도 논산시 양촌면 황산벌로436번길,57,6,4423039021100510000082939,양곡휴면시아고다니마을,충청남도 논산시 양촌면 황산벌로436번길 57-6,320853,33022,,,,127.243376290836,36.1395446135706
MA0106202407A0492369,유니드베이크,,G2,소매,G221,기타 상품 소매,G22199,그 외 기타 상품 전문 소매업,G47859,그 외 기타 분류 안된 상품 전문 소매업,27,대구광역시,27140,동구,27140580,신천4동,2714010200,신천동,2714010200104040003,1,대지,404,3,대구광역시 동구 신천동 404-3,271403142046,대구광역시 동구 효신로,51,,2714010200104040003045489,,대구광역시 동구 효신로 51,701828,41245,,3,,128.632840723833,35.8762033516606
MA0106202407A0980382,청주전자담배명품샵,,G2,소매,G221,기타 상품 소매,G22199,그 외 기타 상품 전문 소매업,G47859,그 외 기타 분류 안된 상품 전문 소매업,43,충청북도,43114,청주시 청원구,43114540,율량.사천동,4311410300,율량동,4311410300110700000,1,대지,1070,,충청북도 청주시 청원구 율량동 1070,431142014003,충청북도 청주시 청원구 충청대로,103,,4311111500110700000038040,동양일보,충청북도 청주시 청원구 충청대로 103,363716,28334,,1,,127.493098654667,36.6658671376855
MA0106202405A1280131,과일한옥,,G2,소매,G221,기타 상품 소매,G22199,그 외 기타 상품 전문 소매업,G47859,그 외 기타 분류 안된 상품 전문 소매업,41,경기도,41360,남양주시,41360545,다산1동,4136011200,다산동,4136011200160200000,1,대지,6020,,경기도 남양주시 다산동 6020,413603351591,경기도 남양주시 다산순환로,220,,4136011200160200000000001,다산리코빌,경기도 남양주시 다산순환로 220,,12248,,,,127.148007116166,37.6292891179506
MA0106202405A0759092,로하상점,,G2,소매,G221,기타 상품 소매,G22199,그 외 기타 상품 전문 소매업,G47859,그 외 기타 분류 안된 상품 전문 소매업,48,경상남도,48250,김해시,48250530,부원동,4825010300,부원동,4825010300110430000,1,대지,1043,,경상남도 김해시 부원동 1043,482502335001,경상남도 김해시 김해대로,2342,,4825010300109370000000001,부원역푸르지오,경상남도 김해시 김해대로 2342,621010,50940,,,,128.883234245377,35.2257158136981
MA0106202405A2088139,핑크초콜릿,,G2,소매,G221,기타 상품 소매,G22199,그 외 기타 상품 전문 소매업,G47859,그 외 기타 분류 안된 상품 전문 소매업,41,경기도,41135,성남시 분당구,41135657,백현동,4113511000,백현동,4113511000105820007,1,대지,582,7,경기도 성남시 분당구 백현동 582-7,411353179025,경기도 성남시 분당구 판교역로,4,,4113511000105820007000001,,경기도 성남시 분당구 판교역로 4,463420,13536,,1,,127.112248467967,37.3836696291169
MA0106202405A1360245,복권판매점,,G2,소매,G221,기타 상품 소매,G22199,그 외 기타 상품 전문 소매업,G47859,그 외 기타 분류 안된 상품 전문 소매업,28,인천광역시,28200,남동구,28200540,간석2동,2820010200,간석동,2820010200100220008,1,대지,22,8,인천광역시 남동구 간석동 22-8,282003153084,인천광역시 남동구 백범로,307,,2820010200100220008020724,,인천광역시 남동구 백범로 307,405232,21546,,1,,126.715652115259,37.463048794594
MA0106202405A2058567,공감팩토리,,G2,소매,G221,기타 상품 소매,G22199,그 외 기타 상품 전문 소매업,G47859,그 외 기타 분류 안된 상품 전문 소매업,41,경기도,41173,안양시 동안구,41173570,평촌동,4117310300,평촌동,4117310300101260001,1,대지,126,1,경기도 안양시 동안구 평촌동 126-1,411732000018,경기도 안양시 동안구 흥안대로,415,,4117310300101260001006859,두산벤처다임,경기도 안양시 동안구 흥안대로 415,431755,14059,,,,126.972942784508,37.391621778818
MA0106202405A0965120,엠앤아이,,G2,소매,G221,기타 상품 소매,G22199,그 외 기타 상품 전문 소매업,G47859,그 외 기타 분류 안된 상품 전문 소매업,29,광주광역시,29170,북구,29170656,문흥1동,2917011200,문흥동,2917011200109630004,1,대지,963,4,광주광역시 북구 문흥동 963-4,291703162009,광주광역시 북구 대천로,165,,2917011200109630004036629,,광주광역시 북구 대천로 165,500818,61125,,,,126.922297325498,35.1888490783471
MA0106202405A2090385,삼산샤브칼국수,,G2,소매,G221,기타 상품 소매,G22199,그 외 기타 상품 전문 소매업,G47859,그 외 기타 분류 안된 상품 전문 소매업,28,인천광역시,28237,부평구,28237648,삼산2동,2823710500,삼산동,2823710500104590005,1,대지,459,5,인천광역시 부평구 삼산동 459-5,282373154056,인천광역시 부평구 체육관로,40,,2823710500104590005104399,,인천광역시 부평구 체육관로 40,403866,21344,,,,126.736144480321,37.5082367181143
MA0106202405A2143365,우먼센스,,G2,소매,G221,기타 상품 소매,G22199,그 외 기타 상품 전문 소매업,G47859,그 외 기타 분류 안된 상품 전문 소매업,41,경기도,41220,평택시,41220253,안중읍,4122025321,안중읍,4122025321102550001,1,대지,255,1,경기도 평택시 안중읍 안중리 255-1,412204364467,경기도 평택시 안중읍 안현로서5길,55,,4122025321102550001044268,우측,경기도 평택시 안중읍 안현로서5길 55,451884,17936,,1,,126.927155594074,36.9882549563584
MA0106202405A1478568,트웬티섬머즈,,G2,소매,G221,기타 상품 소매,G22199,그 외 기타 상품 전문 소매업,G47859,그 외 기타 분류 안된 상품 전문 소매업,41,경기도,41390,시흥시,41390596,배곧1동,4139013500,배곧동,4139013500101190000,1,대지,119,,경기도 시흥시 배곧동 119,413903350763,경기도 시흥시 배곧4로,32,28,4139013200117720021000003,,경기도 시흥시 배곧4로 32-28,,15010,,,,126.726010319894,37.378143539986
MA0106202405A1745447,다사랑,,G2,소매,G221,기타 상품 소매,G22199,그 외 기타 상품 전문 소매업,G47859,그 외 기타 분류 안된 상품 전문 소매업,26,부산광역시,26110,중구,26110510,중앙동,2611010900,중앙동6가,2611010900100090001,1,대지,9,1,부산광역시 중구 중앙동6가 9-1,261102000010,부산광역시 중구 중앙대로,17,,2611010900100090001002007,,부산광역시 중구 중앙대로 17,600016,48955,,,,129.036326026976,35.099731651484
MA0106202405A0113795,"쉼표,향기가머무는시간",,G2,소매,G221,기타 상품 소매,G22199,그 외 기타 상품 전문 소매업,G47859,그 외 기타 분류 안된 상품 전문 소매업,44,충청남도,44133,천안시 서북구,44133590,부성2동,4413310500,성성동,4413310500109550000,1,대지,955,,충청남도 천안시 서북구 성성동 955,441333351391,충청남도 천안시 서북구 성성6로,8,20,4413310500109550000000001,,충청남도 천안시 서북구 성성6로 8-20,331300,31078,,1,,127.123949248816,36.8400455687406
MA0106202406A2399539,화덕5292,,G2,소매,G221,기타 상품 소매,G22199,그 외 기타 상품 전문 소매업,G47859,그 외 기타 분류 안된 상품 전문 소매업,26,부산광역시,26410,금정구,26410530,서3동,2641011000,서동,2641011000101940002,1,대지,194,2,부산광역시 금정구 서동 194-2,264103135036,부산광역시 금정구 서부로,23,3,2641011000101940002023545,,부산광역시 금정구 서부로 23-3,609848,46320,,1,,129.10324127813,35.2158559901101
MA0106202405A2194248,달콤가게,,G2,소매,G221,기타 상품 소매,G22199,그 외 기타 상품 전문 소매업,G47859,그 외 기타 분류 안된 상품 전문 소매업,43,충청북도,43113,청주시 흥덕구,43113741,복대1동,4311311400,복대동,4311311400133660000,1,대지,3366,,충청북도 청주시 흥덕구 복대동 3366,431134511235,충청북도 청주시 흥덕구 대신로73번길,8,,4311311400133660000008636,금호어울림1단지,충청북도 청주시 흥덕구 대신로73번길 8,361871,28582,,1,,127.434965797769,36.6398077435988
MA0106202405A1654752,차량휴게소옛날술찐빵,,G2,소매,G221,기타 상품 소매,G22199,그 외 기타 상품 전문 소매업,G47859,그 외 기타 분류 안된 상품 전문 소매업,44,충청남도,44150,공주시,44150370,정안면,4415037036,정안면,4415037036100500020,1,대지,50,20,충청남도 공주시 정안면 인풍리 50-20,441503251048,충청남도 공주시 정안면 차령로,3952,14,4415037036100500020025026,차량휴게소,충청남도 공주시 정안면 차령로 3952-14,314823,32511,,1,,127.123049056011,36.6415745619079
MA0106202405A2404390,해피하우스,,G2,소매,G221,기타 상품 소매,G22199,그 외 기타 상품 전문 소매업,G47859,그 외 기타 분류 안된 상품 전문 소매업,41,경기도,41390,시흥시,41390594,정왕4동,4139013200,정왕동,4139013200118840002,1,대지,1884,2,경기도 시흥시 정왕동 1884-2,413904397656,경기도 시흥시 함송로14번길,13,11,4139013200118840002019330,,경기도 시흥시 함송로14번길 13-11,429866,15020,,3,,126.729575685376,37.3631046582994
MA0106202405A1256395,한국상사,,G2,소매,G221,기타 상품 소매,G22199,그 외 기타 상품 전문 소매업,G47859,그 외 기타 분류 안된 상품 전문 소매업,46,전라남도,46230,광양시,46230340,진상면,4623034022,진상면,4623034022102660002,1,대지,266,2,전라남도 광양시 진상면 섬거리 266-2,462304655294,전라남도 광양시 진상면 신시길,235,,4623034022102660002044637,,전라남도 광양시 진상면 신시길 235,545841,57707,,1,,127.719966588116,35.0200394790789
MA0106202404A2439752,모라고24치악점,,G2,소매,G221,기타 상품 소매,G22199,그 외 기타 상품 전문 소매업,G47859,그 외 기타 분류 안된 상품 전문 소매업,51,강원특별자치도,51130,원주시,51130675,반곡관설동,5113011600,관설동,5113011600117700010,1,대지,1770,10,강원특별자치도 원주시 관설동 1770-10,511304457586,강원특별자치도 원주시 치악고교길,31,,4213011600117700010000001,,강원특별자치도 원주시 치악고교길 31,220934,26469,,,,127.960611722964,37.3156254094223
MA0106202405A2327065,마왕탕후루,,G2,소매,G221,기타 상품 소매,G22199,그 외 기타 상품 전문 소매업,G47859,그 외 기타 분류 안된 상품 전문 소매업,41,경기도,41220,평택시,41220560,송북동,4122011000,지산동,4122011000107570058,1,대지,757,58,경기도 평택시 지산동 757-58,412204364774,경기도 평택시 탄현로326번길,15,,4122011000107570058008402,,경기도 평택시 탄현로326번길 15,459110,17757,,1,,127.056783221009,37.0810476240121
MA0106202405A1287879,태연상회,,G2,소매,G221,기타 상품 소매,G22199,그 외 기타 상품 전문 소매업,G47859,그 외 기타 분류 안된 상품 전문 소매업,31,울산광역시,31710,울주군,31710253,언양읍,3171025332,언양읍,3171025332102530000,1,대지,253,,울산광역시 울주군 언양읍 남부리 253,317104319265,울산광역시 울주군 언양읍 동문길,84,,3171025332102530000012516,,울산광역시 울주군 언양읍 동문길 84,689802,44946,,,,129.124604028922,35.564171071674
MA0106202405A0580065,보이다원,,G2,소매,G221,기타 상품 소매,G22199,그 외 기타 상품 전문 소매업,G47859,그 외 기타 분류 안된 상품 전문 소매업,11,서울특별시,11680,강남구,11680590,삼성2동,1168010500,삼성동,1168010500100240021,1,대지,24,21,서울특별시 강남구 삼성동 24-21,116804166394,서울특별시 강남구 삼성로115길,16,5,1168010500100240021015431,,서울특별시 강남구 삼성로115길 16-5,135864,06094,,,,127.050493276426,37.5149537875216
MA0106202407A0941789,티제이무역,,G2,소매,G221,기타 상품 소매,G22199,그 외 기타 상품 전문 소매업,G47859,그 외 기타 분류 안된 상품 전문 소매업,44,충청남도,44133,천안시 서북구,44133580,부성1동,4413310400,두정동,4413310400114980000,1,대지,1498,,충청남도 천안시 서북구 두정동 1498,441333250017,충청남도 천안시 서북구 두정로,240,,4413310400114980000047730,대우프라자,충청남도 천안시 서북구 두정로 240,331962,31105,,1,,127.143622925832,36.8331479877832
MA0106202407A0158461,충남슈퍼,,G2,소매,G221,기타 상품 소매,G22199,그 외 기타 상품 전문 소매업,G47859,그 외 기타 분류 안된 상품 전문 소매업,28,인천광역시,28110,중구,28110615,개항동,2811014100,선린동,2811014100100410007,1,대지,41,7,인천광역시 중구 선린동 41-7,281103149064,인천광역시 중구 제물량로,258,1,2811014100100410007171129,,인천광역시 중구 제물량로 258-1,400210,22314,,1,,126.617795431787,37.4748643085446
MA0106202407A2245865,로코룸로맨스코드,,G2,소매,G221,기타 상품 소매,G22199,그 외 기타 상품 전문 소매업,G47859,그 외 기타 분류 안된 상품 전문 소매업,48,경상남도,48250,김해시,48250540,내외동,4825010800,내동,4825010800110880007,1,대지,1088,7,경상남도 김해시 내동 1088-7,482504805053,경상남도 김해시 경원로11번길,19,,4825010800110880007053574,,경상남도 김해시 경원로11번길 19,621903,50950,,2,,128.863485200282,35.2400169925189
MA0106202405A1025801,시그마테크,,G2,소매,G221,기타 상품 소매,G22199,그 외 기타 상품 전문 소매업,G47859,그 외 기타 분류 안된 상품 전문 소매업,30,대전광역시,30230,대덕구,30230520,대화동,3023010200,대화동,3023010200102890001,1,대지,289,1,대전광역시 대덕구 대화동 289-1,302303168004,대전광역시 대덕구 대화로,160,,3023010200102890001008147,,대전광역시 대덕구 대화로 160,306754,34368,,2,,127.402936017244,36.3652945197826
MA0106202405A0133807,워터스,코리아,G2,소매,G221,기타 상품 소매,G22199,그 외 기타 상품 전문 소매업,G47859,그 외 기타 분류 안된 상품 전문 소매업,41,경기도,41210,광명시,41210655,일직동,4121010600,일직동,4121010600105120003,1,대지,512,3,경기도 광명시 일직동 512-3,412103187068,경기도 광명시 신기로,20,,4121010600105120003000001,유플래닛타워,경기도 광명시 신기로 20,423090,14345,,22,,126.883427759273,37.4195711197529
MA0106202405A1607807,달인인테리어,,G2,소매,G221,기타 상품 소매,G22199,그 외 기타 상품 전문 소매업,G47859,그 외 기타 분류 안된 상품 전문 소매업,52,전북특별자치도,52130,군산시,52130701,나운1동,5213014400,나운동,5213014400107730002,1,대지,773,2,전북특별자치도 군산시 나운동 773-2,521303268066,전북특별자치도 군산시 신설로,47,,4513014400107730002008051,,전북특별자치도 군산시 신설로 47,573868,54127,,1,,126.692803866971,35.9713291454889
MA0106202405A0795862,대박이네호떡분식,,G2,소매,G221,기타 상품 소매,G22199,그 외 기타 상품 전문 소매업,G47859,그 외 기타 분류 안된 상품 전문 소매업,26,부산광역시,26350,해운대구,26350620,반송2동,2635010100,반송동,2635010100100400778,1,대지,40,778,부산광역시 해운대구 반송동 40-778,263504199152,부산광역시 해운대구 윗반송로51번길,74,,2635010100100400778019602,전체,부산광역시 해운대구 윗반송로51번길 74,612800,48007,,1,,129.156014909089,35.2308142900587
MA0106202405A0832331,북촌손만두여수해양경찰서점,,G2,소매,G221,기타 상품 소매,G22199,그 외 기타 상품 전문 소매업,G47859,그 외 기타 분류 안된 상품 전문 소매업,46,전라남도,46130,여수시,46130710,문수동,4613012000,문수동,4613012000101140005,1,대지,114,5,전라남도 여수시 문수동 114-5,461304646667,전라남도 여수시 여문문화길,14,,4613012000101140005013625,,전라남도 여수시 여문문화길 14,550817,59713,,1,,127.705519332068,34.7543895527755
MA0106202405A0051221,차량용산업용밧데리도사배터리팔오,,G2,소매,G221,기타 상품 소매,G22199,그 외 기타 상품 전문 소매업,G47859,그 외 기타 분류 안된 상품 전문 소매업,41,경기도,41285,고양시 일산동구,41285580,장항1동,4128510400,장항동,4128510400105410028,1,대지,541,28,경기도 고양시 일산동구 장항동 541-28,412853193013,경기도 고양시 일산동구 백마로,32,,4128510400105410006019760,,경기도 고양시 일산동구 백마로 32,410835,10428,,,,126.760631906206,37.6423475625582
MA0106202405A2459661,하이베이프,,G2,소매,G221,기타 상품 소매,G22199,그 외 기타 상품 전문 소매업,G47859,그 외 기타 분류 안된 상품 전문 소매업,11,서울특별시,11560,영등포구,11560535,영등포동,1156010900,영등포동8가,1156010900100330009,1,대지,33,9,서울특별시 영등포구 영등포동8가 33-9,115603118023,서울특별시 영등포구 영신로,216,,1156010900100330009031896,전체,서울특별시 영등포구 영신로 216,150030,07228,,,,126.903353158563,37.5266741143376
MA0106202405A1958088,온바이오,,G2,소매,G221,기타 상품 소매,G22199,그 외 기타 상품 전문 소매업,G47859,그 외 기타 분류 안된 상품 전문 소매업,41,경기도,41220,평택시,41220660,고덕동,4122012800,고덕동,4122012800120480003,1,대지,2048,3,경기도 평택시 고덕동 2048-3,412203352098,경기도 평택시 고덕중앙로,294,,4122033029143910003000001,,경기도 평택시 고덕중앙로 294,,18014,,3,,127.053654275241,37.0456549472455
MA0106202405A2113485,법인도란도란,,G2,소매,G221,기타 상품 소매,G22199,그 외 기타 상품 전문 소매업,G47859,그 외 기타 분류 안된 상품 전문 소매업,41,경기도,41220,평택시,41220535,송탄동,4122010600,도일동,4122010600105590000,1,대지,559,,경기도 평택시 도일동 559,412203012020,경기도 평택시 도일로,135,5,4122010600105590000021522,,경기도 평택시 도일로 135-5,459090,17723,,,,127.10882428509,37.0522580902293
MA0106202405A0709726,황남쫀드기,삼청점,G2,소매,G221,기타 상품 소매,G22199,그 외 기타 상품 전문 소매업,G47859,그 외 기타 분류 안된 상품 전문 소매업,11,서울특별시,11110,종로구,11110540,삼청동,1111014100,안국동,1111014100100240001,1,대지,24,1,서울특별시 종로구 안국동 24-1,111104100236,서울특별시 종로구 율곡로3길,64,,1111014100100240001026852,,서울특별시 종로구 율곡로3길 64,110230,03061,,1,,126.982248958133,37.578456643737
MA0106202407A1713270,한아름도매물류,,G2,소매,G221,기타 상품 소매,G22199,그 외 기타 상품 전문 소매업,G47859,그 외 기타 분류 안된 상품 전문 소매업,41,경기도,41590,화성시,41590370,장안면,4159037023,장안면,4159037023114150026,1,대지,1415,26,경기도 화성시 장안면 수촌리 1415-26,415903210002,경기도 화성시 장안면 31만세로,519,5,4159037023114150026000001,,경기도 화성시 장안면 31만세로 519-5,445944,18581,,,,126.859637604172,37.1031354141922
MA0106202407A0632645,그로우빈스,,G2,소매,G221,기타 상품 소매,G22199,그 외 기타 상품 전문 소매업,G47859,그 외 기타 분류 안된 상품 전문 소매업,11,서울특별시,11500,강서구,11500630,방화1동,1150010900,방화동,1150010900105750009,1,대지,575,9,서울특별시 강서구 방화동 575-9,115004145392,서울특별시 강서구 양천로18길,16,,1150010900105750009003601,,서울특별시 강서구 양천로18길 16,157847,07604,,1,,126.812609550312,37.5727591262661
MA0106202405A1755179,한방꽃차꽃물담터,,G2,소매,G221,기타 상품 소매,G22199,그 외 기타 상품 전문 소매업,G47859,그 외 기타 분류 안된 상품 전문 소매업,41,경기도,41590,화성시,41590262,남양읍,4159026221,남양읍,4159026221120190003,1,대지,2019,3,경기도 화성시 남양읍 남양리 2019-3,415903210080,경기도 화성시 남양읍 역골로,55,,4159026221120190003000001,,경기도 화성시 남양읍 역골로 55,445851,18271,,1,,126.825172462435,37.2041252266151
MA0106202405A1835235,디에스지D.S.G,,G2,소매,G221,기타 상품 소매,G22199,그 외 기타 상품 전문 소매업,G47859,그 외 기타 분류 안된 상품 전문 소매업,47,경상북도,47830,고령군,47830340,다산면,4783034034,다산면,4783034034104400000,1,대지,440,,경상북도 고령군 다산면 상곡리 440,478304760270,경상북도 고령군 다산면 좌학길,101,6,4783034034104390000007193,,경상북도 고령군 다산면 좌학길 101-6,717873,40106,,1,,128.445246551869,35.826492994692
MA0106202405A2051160,농수산물직거래,,G2,소매,G221,기타 상품 소매,G22199,그 외 기타 상품 전문 소매업,G47859,그 외 기타 분류 안된 상품 전문 소매업,41,경기도,41113,수원시 권선구,41113560,서둔동,4111313300,탑동,4111313300107780009,1,대지,778,9,경기도 수원시 권선구 탑동 778-9,411134325465,경기도 수원시 권선구 탑동로47번길,29,5,4111313300107780009025909,,경기도 수원시 권선구 탑동로47번길 29-5,441100,16603,,,,126.97270356038,37.2726134505655
MA0106202405A2002101,조은슈퍼,,G2,소매,G221,기타 상품 소매,G22199,그 외 기타 상품 전문 소매업,G47859,그 외 기타 분류 안된 상품 전문 소매업,41,경기도,41360,남양주시,41360250,와부읍,4136025025,와부읍,4136025025105190005,1,대지,519,5,경기도 남양주시 와부읍 율석리 519-5,413604391476,경기도 남양주시 와부읍 석실로408번길,137,9,4136025025105190005000001,,경기도 남양주시 와부읍 석실로408번길 137-9,472904,12201,,,,127.219398074442,37.6134287365424
MA0106202405A2354900,능이명가,,G2,소매,G221,기타 상품 소매,G22199,그 외 기타 상품 전문 소매업,G47859,그 외 기타 분류 안된 상품 전문 소매업,11,서울특별시,11230,동대문구,11230545,제기동,1123010300,제기동,1123010300108920108,1,대지,892,108,서울특별시 동대문구 제기동 892-108,112303105006,서울특별시 동대문구 약령시로,56,,1123010300108920108031378,,서울특별시 동대문구 약령시로 56,130864,02569,,1,,127.036126780996,37.5827051408435
MA0106202405A0995636,가평힐링캠프올레저,,G2,소매,G221,기타 상품 소매,G22199,그 외 기타 상품 전문 소매업,G47859,그 외 기타 분류 안된 상품 전문 소매업,41,경기도,41820,가평군,41820330,상면,4182033024,상면,4182033024101610001,1,대지,161,1,경기도 가평군 상면 임초리 161-1,418203216033,경기도 가평군 상면 임초밤안골로,153,42,4182033024101610001000001,,경기도 가평군 상면 임초밤안골로 153-42,477824,12447,,,,127.372273180944,37.7532099034797
MA0106202405A2048751,페이지컨퍼런스라운지,역삼점,G2,소매,G221,기타 상품 소매,G22199,그 외 기타 상품 전문 소매업,G47859,그 외 기타 분류 안된 상품 전문 소매업,11,서울특별시,11680,강남구,11680640,역삼1동,1168010100,역삼동,1168010100106410003,1,대지,641,3,서울특별시 강남구 역삼동 641-3,116803121022,서울특별시 강남구 논현로,523,,1168010100106410003022974,,서울특별시 강남구 논현로 523,135909,06131,,2,,127.035477668545,37.5030750000504
MA0106202405A1313052,포레스트,,G2,소매,G221,기타 상품 소매,G22199,그 외 기타 상품 전문 소매업,G47859,그 외 기타 분류 안된 상품 전문 소매업,43,충청북도,43750,진천군,43750250,진천읍,4375025024,진천읍,4375025024103710000,1,대지,371,,충청북도 진천군 진천읍 읍내리 371,437503245020,충청북도 진천군 진천읍 중앙서로,51,,4375025024103710000022853,,충청북도 진천군 진천읍 중앙서로 51,365807,27833,,,,127.442013371424,36.85508475345
MA0106202405A0582884,위아프런,,G2,소매,G221,기타 상품 소매,G22199,그 외 기타 상품 전문 소매업,G47859,그 외 기타 분류 안된 상품 전문 소매업,11,서울특별시,11440,마포구,11440655,서강동,1144011400,창전동,1144011400100050085,1,대지,5,85,서울특별시 마포구 창전동 5-85,114403113017,서울특별시 마포구 와우산로,150,1,1144011400100050085026722,,서울특별시 마포구 와우산로 150-1,121880,04059,,3,,126.929912776163,37.5543445446874
MA0106202407A1487304,제일슈퍼마R,,G2,소매,G221,기타 상품 소매,G22199,그 외 기타 상품 전문 소매업,G47859,그 외 기타 분류 안된 상품 전문 소매업,47,경상북도,47130,경주시,47130253,안강읍,4713025330,안강읍,4713025330106250013,1,대지,625,13,경상북도 경주시 안강읍 하곡리 625-13,471303018037,경상북도 경주시 안강읍 호국로,2062,,4713025330106250013102474,,경상북도 경주시 안강읍 호국로 2062,780802,38028,,,,129.140360990159,35.9802393989165
MA0106202405A1391251,운성,,G2,소매,G221,기타 상품 소매,G22199,그 외 기타 상품 전문 소매업,G47859,그 외 기타 분류 안된 상품 전문 소매업,31,울산광역시,31710,울주군,31710250,온산읍,3171025032,온산읍,3171025032104880001,1,대지,488,1,울산광역시 울주군 온산읍 덕신리 488-1,317104319799,울산광역시 울주군 온산읍 용방소길,55,6,3171025032104880001000001,,울산광역시 울주군 온산읍 용방소길 55-6,689893,45006,,1,,129.311025456408,35.4259582058673
MA0106202405A0498681,데코랜드,,G2,소매,G221,기타 상품 소매,G22199,그 외 기타 상품 전문 소매업,G47859,그 외 기타 분류 안된 상품 전문 소매업,41,경기도,41360,남양주시,41360253,진접읍,4136025326,진접읍,4136025326103620001,1,대지,362,1,경기도 남양주시 진접읍 팔야리 362-1,413603197061,경기도 남양주시 진접읍 팔야로,165,21,4136025326103620001000001,,경기도 남양주시 진접읍 팔야로 165-21,472868,12017,,,,127.226523224808,37.7517061405565
MA0106202405A2158738,카사데이밤비니몬테소리아가월드일산지사,,G2,소매,G221,기타 상품 소매,G22199,그 외 기타 상품 전문 소매업,G47859,그 외 기타 분류 안된 상품 전문 소매업,41,경기도,41287,고양시 일산서구,41287580,송포동,4128710400,대화동,4128710400126020000,1,대지,2602,,경기도 고양시 일산서구 대화동 2602,412873192096,경기도 고양시 일산서구 호수로,817,,4128710400126020000000001,,경기도 고양시 일산서구 호수로 817,411410,10391,,,,126.751640728544,37.6679979039186
MA0106202405A2044663,태성상사,,G2,소매,G221,기타 상품 소매,G22199,그 외 기타 상품 전문 소매업,G47859,그 외 기타 분류 안된 상품 전문 소매업,26,부산광역시,26410,금정구,26410680,구서1동,2641010700,구서동,2641010700104710024,1,대지,471,24,부산광역시 금정구 구서동 471-24,264103130022,부산광역시 금정구 금강로,395,,2641010700104710024029609,찬경빌딩,부산광역시 금정구 금강로 395,609806,46245,,2,,129.086802096341,35.2432561159938
MA0106202405A2112258,흥진안전건재,,G2,소매,G221,기타 상품 소매,G22199,그 외 기타 상품 전문 소매업,G47859,그 외 기타 분류 안된 상품 전문 소매업,41,경기도,41463,용인시 기흥구,41463572,동백1동,4146311500,동백동,4146311500100510012,1,대지,51,12,경기도 용인시 기흥구 동백동 51-12,414633204040,경기도 용인시 기흥구 석성로,664,,4146311500100510012000001,일부,경기도 용인시 기흥구 석성로 664,446911,16895,,,,127.170973686976,37.2833596660076
MA0106202405A1704133,아임그래놀라,,G2,소매,G221,기타 상품 소매,G22199,그 외 기타 상품 전문 소매업,G47859,그 외 기타 분류 안된 상품 전문 소매업,30,대전광역시,30200,유성구,30200547,노은2동,3020012100,죽동,3020012100106210010,1,대지,621,10,대전광역시 유성구 죽동 621-10,302004301372,대전광역시 유성구 은구비로155번안길,41,,3020012100106210010000001,,대전광역시 유성구 은구비로155번안길 41,305328,34097,,1,,127.326460894985,36.3802801604454
MA0106202405A0160353,매일전국물류,,G2,소매,G221,기타 상품 소매,G22199,그 외 기타 상품 전문 소매업,G47859,그 외 기타 분류 안된 상품 전문 소매업,41,경기도,41590,화성시,41590259,향남읍,4159025939,향남읍,4159025939105020005,1,대지,502,5,경기도 화성시 향남읍 행정리 502-5,415903210118,경기도 화성시 향남읍 행정죽전로,13,1,4159025939105020005000001,,경기도 화성시 향남읍 행정죽전로 13-1,445926,18602,,,,126.921377246118,37.1235925322877
MA0106202405A1412867,아인스유,,G2,소매,G221,기타 상품 소매,G22199,그 외 기타 상품 전문 소매업,G47859,그 외 기타 분류 안된 상품 전문 소매업,51,강원특별자치도,51110,춘천시,51110675,강남동,5111012100,온의동,5111012100105870003,1,대지,587,3,강원특별자치도 춘천시 온의동 587-3,511104454665,강원특별자치도 춘천시 춘천로17번길,31,,4211012100105870003000001,,강원특별자치도 춘천시 춘천로17번길 31,200190,24364,,1,,127.718584523802,37.8673240913128
MA0106202405A0948012,부강식품,,G2,소매,G221,기타 상품 소매,G22199,그 외 기타 상품 전문 소매업,G47859,그 외 기타 분류 안된 상품 전문 소매업,30,대전광역시,30110,동구,30110740,산내동,3011014500,하소동,3011014500108900000,1,대지,890,,대전광역시 동구 하소동 890,301104854018,대전광역시 동구 하소로76번길,10,,3011014500108900000000001,,대전광역시 동구 하소로76번길 10,300250,34712,,,,127.44041487325,36.2219104375392
MA0106202407A0546341,신일종합유통,,G2,소매,G221,기타 상품 소매,G22199,그 외 기타 상품 전문 소매업,G47859,그 외 기타 분류 안된 상품 전문 소매업,41,경기도,41360,남양주시,41360259,진건읍,4136025922,진건읍,4136025922103350001,1,대지,335,1,경기도 남양주시 진건읍 배양리 335-1,413603197005,경기도 남양주시 진건읍 고재로,148,,4136025922103350001013725,,경기도 남양주시 진건읍 고재로 148,472831,12241,,,,127.179015414449,37.6349133417731
MA0106202405A0724008,이지스테이지,,G2,소매,G221,기타 상품 소매,G22199,그 외 기타 상품 전문 소매업,G47859,그 외 기타 분류 안된 상품 전문 소매업,48,경상남도,48850,하동군,48850330,적량면,4885033026,적량면,4885033026104300000,1,대지,430,,경상남도 하동군 적량면 고절리 430,488504832026,경상남도 하동군 적량면 고석길,40,3,4885033026104300000015364,이지스테이지,경상남도 하동군 적량면 고석길 40-3,667831,52334,,,,127.786739171958,35.0546153382573
MA0106202405A0206908,나무그늘아마넥스,,G2,소매,G221,기타 상품 소매,G22199,그 외 기타 상품 전문 소매업,G47859,그 외 기타 분류 안된 상품 전문 소매업,41,경기도,41590,화성시,41590590,동탄5동,4159013100,영천동,4159013100106750004,1,대지,675,4,경기도 화성시 영천동 675-4,415904852386,경기도 화성시 동탄순환대로29길,60,,4159013100106511613000001,,경기도 화성시 동탄순환대로29길 60,445130,18472,,1,,127.108760908255,37.2045286835313
MA0106202405A1119343,외포리커피,,G2,소매,G221,기타 상품 소매,G22199,그 외 기타 상품 전문 소매업,G47859,그 외 기타 분류 안된 상품 전문 소매업,28,인천광역시,28710,강화군,28710360,내가면,2871036023,내가면,2871036023107630064,1,대지,763,64,인천광역시 강화군 내가면 외포리 763-64,287103157041,인천광역시 강화군 내가면 해안서로,878,,2871036023107630064013119,,인천광역시 강화군 내가면 해안서로 878,417894,23054,,1,,126.38175425544,37.7010649395738
MA0106202405A1377035,웰빙식품,,G2,소매,G221,기타 상품 소매,G22199,그 외 기타 상품 전문 소매업,G47859,그 외 기타 분류 안된 상품 전문 소매업,47,경상북도,47190,구미시,47190535,원평동,4719010100,원평동,4719010100101230035,1,대지,123,35,경상북도 구미시 원평동 123-35,471903308006,경상북도 구미시 구미중앙로,70,,4719010100101230035017184,,경상북도 구미시 구미중앙로 70,730922,39222,,,,128.33030934143,36.1291685989708
MA0106202405A0873239,셀젠바이오,,G2,소매,G221,기타 상품 소매,G22199,그 외 기타 상품 전문 소매업,G47859,그 외 기타 분류 안된 상품 전문 소매업,26,부산광역시,26260,동래구,26260510,수민동,2626010400,낙민동,2626010400102310003,1,대지,231,3,부산광역시 동래구 낙민동 231-3,262602006006,부산광역시 동래구 충렬대로,271,,2626010600102310003017272,,부산광역시 동래구 충렬대로 271,607800,47813,,,,129.088892175498,35.2009652042553
MA0106202405A0491776,신진미통닭산척,본점,G2,소매,G221,기타 상품 소매,G22199,그 외 기타 상품 전문 소매업,G47859,그 외 기타 분류 안된 상품 전문 소매업,41,경기도,41590,화성시,41590610,동탄7동,4159013500,산척동,4159013500107160004,1,대지,716,4,경기도 화성시 산척동 716-4,415904852417,경기도 화성시 동탄산척로2가길,7,1,4159042029102530001000002,,경기도 화성시 동탄산척로2가길 7-1,,18496,,1,,127.11317442982,37.1728345088589
MA0106202405A2145232,관문당,,G2,소매,G221,기타 상품 소매,G22199,그 외 기타 상품 전문 소매업,G47859,그 외 기타 분류 안된 상품 전문 소매업,27,대구광역시,27260,수성구,27260670,고산1동,2726011800,신매동,2726011800105770000,1,대지,577,,대구광역시 수성구 신매동 577,272604238313,대구광역시 수성구 신매로16길,14,,2726011800105770000026869,,대구광역시 수성구 신매로16길 14,706170,42275,,1,,128.709337685482,35.8369941398053
MA0106202405A0809714,나노테크랩,,G2,소매,G221,기타 상품 소매,G22199,그 외 기타 상품 전문 소매업,G47859,그 외 기타 분류 안된 상품 전문 소매업,28,인천광역시,28260,서구,28260537,청라2동,2826012200,청라동,2826012200101570015,1,대지,157,15,인천광역시 서구 청라동 157-15,282603156127,인천광역시 서구 청라커낼로,270,,2826010400109560013000001,커낼힐스빌,인천광역시 서구 청라커낼로 270,,22762,,2,,126.644959962111,37.5325320303986
MA0106202405A1594496,유통,,G2,소매,G221,기타 상품 소매,G22199,그 외 기타 상품 전문 소매업,G47859,그 외 기타 분류 안된 상품 전문 소매업,44,충청남도,44133,천안시 서북구,44133250,성환읍,4413325031,성환읍,4413325031101030007,1,대지,103,7,충청남도 천안시 서북구 성환읍 신가리 103-7,441334550181,충청남도 천안시 서북구 성환읍 문화촌1길,60,,4413325031101030007000001,,충청남도 천안시 서북구 성환읍 문화촌1길 60,331801,31001,,,,127.115452614357,36.9675322473611
MA0106202405A0903057,두꺼비슈퍼,,G2,소매,G221,기타 상품 소매,G22199,그 외 기타 상품 전문 소매업,G47859,그 외 기타 분류 안된 상품 전문 소매업,44,충청남도,44790,청양군,44790390,비봉면,4479039021,비봉면,4479039021100710011,1,대지,71,11,충청남도 청양군 비봉면 록평리 71-11,447903261008,충청남도 청양군 비봉면 록평용당로,785,,4479039021100710011009295,,충청남도 청양군 비봉면 록평용당로 785,345882,33316,,,,126.785403155657,36.5201418061291
MA0106202405A0761316,해피라이프,,G2,소매,G221,기타 상품 소매,G22199,그 외 기타 상품 전문 소매업,G47859,그 외 기타 분류 안된 상품 전문 소매업,41,경기도,41173,안양시 동안구,41173620,신촌동,4117310400,호계동,4117310400110710020,1,대지,1071,20,경기도 안양시 동안구 호계동 1071-20,411734349214,경기도 안양시 동안구 평촌대로99번길,42,,4117310400110710020007390,,경기도 안양시 동안구 평촌대로99번길 42,431827,14099,,,,126.959036263621,37.3805261801745
MA0106202405A2103966,세경,,G2,소매,G221,기타 상품 소매,G22199,그 외 기타 상품 전문 소매업,G47859,그 외 기타 분류 안된 상품 전문 소매업,41,경기도,41220,평택시,41220320,서탄면,4122032022,서탄면,4122032022108110007,1,대지,811,7,경기도 평택시 서탄면 사리 811-7,412204364248,경기도 평택시 서탄면 사리길,119,,4122032022108110007029073,,경기도 평택시 서탄면 사리길 119,451852,17704,,,,127.048021112036,37.1148865760071
MA0106202405A0486494,울산동심,,G2,소매,G221,기타 상품 소매,G22199,그 외 기타 상품 전문 소매업,G47859,그 외 기타 분류 안된 상품 전문 소매업,31,울산광역시,31110,중구,31110650,성안동,3111010900,성안동,3111010900105110013,1,대지,511,13,울산광역시 중구 성안동 511-13,311104307286,울산광역시 중구 성안1길,75,,3111010900105110013008254,한샘빌딩,울산광역시 중구 성안1길 75,681300,44420,,2,,129.320396054972,35.5742290858353
MA0106202407A1679435,이화농원농산물직판장,,G2,소매,G221,기타 상품 소매,G22199,그 외 기타 상품 전문 소매업,G47859,그 외 기타 분류 안된 상품 전문 소매업,44,충청남도,44150,공주시,44150370,정안면,4415037036,정안면,4415037036100500020,1,대지,50,20,충청남도 공주시 정안면 인풍리 50-20,441503251048,충청남도 공주시 정안면 차령로,3952,14,4415037036100500020025026,,충청남도 공주시 정안면 차령로 3952-14,314823,32511,,,,127.123049056011,36.6415745619079
MA0106202406A2030006,유끼,,G2,소매,G221,기타 상품 소매,G22199,그 외 기타 상품 전문 소매업,G47859,그 외 기타 분류 안된 상품 전문 소매업,48,경상남도,48127,창원시 마산회원구,48127250,내서읍,4812725025,내서읍,4812725025103960001,1,대지,396,1,경상남도 창원시 마산회원구 내서읍 중리 396-1,481273330038,경상남도 창원시 마산회원구 내서읍 호원로,182,,4812725025103960001005748,일부호,경상남도 창원시 마산회원구 내서읍 호원로 182,630857,51245,,1,,128.522265676103,35.2502075120197
MA0106202406A0190641,"먹는샘물동원생수,참물",,G2,소매,G221,기타 상품 소매,G22199,그 외 기타 상품 전문 소매업,G47859,그 외 기타 분류 안된 상품 전문 소매업,41,경기도,41590,화성시,41590540,병점2동,4159011700,병점동,4159011700108480000,1,대지,848,,경기도 화성시 병점동 848,415903210048,경기도 화성시 병점3로,159,,4159011700008480000025667,안화동마을주공8단지,경기도 화성시 병점3로 159,445767,18406,,,,127.04766761258,37.2149581307424
MA0106202406A1100736,바디앤마인드,,G2,소매,G221,기타 상품 소매,G22199,그 외 기타 상품 전문 소매업,G47859,그 외 기타 분류 안된 상품 전문 소매업,41,경기도,41131,성남시 수정구,41131625,위례동,4113110800,창곡동,4113110800105590008,1,대지,559,8,경기도 성남시 수정구 창곡동 559-8,411313350738,경기도 성남시 수정구 위례서일로,34,,4113110800101790001000001,위례성희프라자,경기도 성남시 수정구 위례서일로 34,461210,13646,,,,127.139486359528,37.4643987960268
MA0106202406A2384475,로즈레미,,G2,소매,G221,기타 상품 소매,G22199,그 외 기타 상품 전문 소매업,G47859,그 외 기타 분류 안된 상품 전문 소매업,41,경기도,41360,남양주시,41360520,평내동,4136010200,평내동,4136010200102710004,1,대지,271,4,경기도 남양주시 평내동 271-4,413603000120,경기도 남양주시 경춘로,1292,37,4136010200102710004004617,동성빌딩,경기도 남양주시 경춘로 1292-37,472936,12218,,2,,127.238368568323,37.6486744789373
MA0106202405A0366475,엘유통,,G2,소매,G221,기타 상품 소매,G22199,그 외 기타 상품 전문 소매업,G47859,그 외 기타 분류 안된 상품 전문 소매업,41,경기도,41194,부천시 소사구,41194570,괴안동,4119410400,괴안동,4119410400100710018,1,대지,71,18,경기도 부천시 소사구 괴안동 71-18,411943185010,경기도 부천시 소사구 안곡로,34,,4119710400100710018029733,,경기도 부천시 소사구 안곡로 34,422800,14697,,1,,126.806128389705,37.4789634844886
MA0106202405A1222912,천지물산,,G2,소매,G221,기타 상품 소매,G22199,그 외 기타 상품 전문 소매업,G47859,그 외 기타 분류 안된 상품 전문 소매업,29,광주광역시,29200,광산구,29200700,신창동,2920011800,신창동,2920011800110670002,1,대지,1067,2,광주광역시 광산구 신창동 1067-2,292004289034,광주광역시 광산구 구촌반촌길,78,,2920011800110670002000001,,광주광역시 광산구 구촌반촌길 78,506839,62292,,,,126.844695407132,35.1878550473666
MA0106202405A2196967,딩딩빵,,G2,소매,G221,기타 상품 소매,G22199,그 외 기타 상품 전문 소매업,G47859,그 외 기타 분류 안된 상품 전문 소매업,11,서울특별시,11215,광진구,11215830,자양2동,1121510500,자양동,1121510500106370000,1,대지,637,,서울특별시 광진구 자양동 637,112154112275,서울특별시 광진구 뚝섬로52길,13,,1121510500106370000013284,코너점포,서울특별시 광진구 뚝섬로52길 13,143868,05100,,1,,127.079433404,37.5313180935897
MA0106202405A2312097,오르다용인점,코리아,G2,소매,G221,기타 상품 소매,G22199,그 외 기타 상품 전문 소매업,G47859,그 외 기타 분류 안된 상품 전문 소매업,41,경기도,41465,용인시 수지구,41465530,신봉동,4146510500,신봉동,4146510500100400002,1,대지,40,2,경기도 용인시 수지구 신봉동 40-2,414653205014,경기도 용인시 수지구 신봉1로,84,,4146510500100400002028368,상록신봉종합상가,경기도 용인시 수지구 신봉1로 84,448833,16815,,,,127.076461405423,37.3236806890314
MA0106202404A2381592,다이써바,,G2,소매,G221,기타 상품 소매,G22199,그 외 기타 상품 전문 소매업,G47859,그 외 기타 분류 안된 상품 전문 소매업,52,전북특별자치도,52111,전주시 완산구,52111530,풍남동,5211111100,전동,5211111100102950004,1,대지,295,4,전북특별자치도 전주시 완산구 전동 295-4,521114598391,전북특별자치도 전주시 완산구 풍남문1길,19,3,4511111100102950004030154,,전북특별자치도 전주시 완산구 풍남문1길 19-3,560040,55043,,1,,127.147538610206,35.8127865132043
MA0106202407A2313542,몬스터매스천안지사,,G2,소매,G221,기타 상품 소매,G22199,그 외 기타 상품 전문 소매업,G47859,그 외 기타 분류 안된 상품 전문 소매업,44,충청남도,44200,아산시,44200330,탕정면,4420033025,탕정면,4420033025114440000,1,대지,1444,,충청남도 아산시 탕정면 매곡리 1444,442004856741,충청남도 아산시 탕정면 매곡한들3길,12,,4420033025114440000000001,,충청남도 아산시 탕정면 매곡한들3길 12,336843,31465,,,,127.089519439265,36.7816754852029
MA0106202405A0765505,범피,,G2,소매,G221,기타 상품 소매,G22199,그 외 기타 상품 전문 소매업,G47859,그 외 기타 분류 안된 상품 전문 소매업,11,서울특별시,11170,용산구,11170660,이태원2동,1117013000,이태원동,1117013000105990000,1,대지,599,,서울특별시 용산구 이태원동 599,111704106014,서울특별시 용산구 녹사평대로46길,9,,1117013000105830000008583,,서울특별시 용산구 녹사평대로46길 9,140861,04345,,1,,126.987395527102,37.5373988603059
MA0106202405A0317528,굿프렌즈,,G2,소매,G221,기타 상품 소매,G22199,그 외 기타 상품 전문 소매업,G47859,그 외 기타 분류 안된 상품 전문 소매업,41,경기도,41113,수원시 권선구,41113560,서둔동,4111313300,탑동,4111313300108140001,1,대지,814,1,경기도 수원시 권선구 탑동 814-1,411133175022,경기도 수원시 권선구 상탑로,2,,4111313300108140001025915,어진빌딩,경기도 수원시 권선구 상탑로 2,441100,16606,,,,126.971543107756,37.2703335435741
MA0106202405A1401783,비케이테크놀로지,,G2,소매,G221,기타 상품 소매,G22199,그 외 기타 상품 전문 소매업,G47859,그 외 기타 분류 안된 상품 전문 소매업,30,대전광역시,30170,서구,30170630,둔산1동,3017011200,둔산동,3017011200109220000,1,대지,922,,대전광역시 서구 둔산동 922,301704298332,대전광역시 서구 둔산중로134번길,13,,3017011200109220000018983,토요코인호텔,대전광역시 서구 둔산중로134번길 13,302121,35209,,,,127.3876508888,36.3590278686021
MA0106202407A0827727,드리머스키친,,G2,소매,G221,기타 상품 소매,G22199,그 외 기타 상품 전문 소매업,G47859,그 외 기타 분류 안된 상품 전문 소매업,11,서울특별시,11650,서초구,11650560,반포1동,1165010700,반포동,1165010700107400017,1,대지,740,17,서울특별시 서초구 반포동 740-17,116504163032,서울특별시 서초구 강남대로79길,48,,1165010700107400017018613,,서울특별시 서초구 강남대로79길 48,137810,06542,,,,127.021533517845,37.5043668028096
MA0106202406A2101192,사계절유통,,G2,소매,G221,기타 상품 소매,G22199,그 외 기타 상품 전문 소매업,G47859,그 외 기타 분류 안된 상품 전문 소매업,11,서울특별시,11260,중랑구,11260610,중화2동,1126010300,중화동,1126010300103260169,1,대지,326,169,서울특별시 중랑구 중화동 326-169,112604118569,서울특별시 중랑구 중랑천로20길,35,,1126010300103260169012568,,서울특별시 중랑구 중랑천로20길 35,131878,02113,,,,127.073343357257,37.5972389075869
MA0106202405A2016877,황금장어마을,,G2,소매,G221,기타 상품 소매,G22199,그 외 기타 상품 전문 소매업,G47859,그 외 기타 분류 안된 상품 전문 소매업,29,광주광역시,29200,광산구,29200600,월곡1동,2920012800,월곡동,2920012800106870003,1,대지,687,3,광주광역시 광산구 월곡동 687-3,292003163014,광주광역시 광산구 사암로,300,,2920012800106870003004771,라열,광주광역시 광산구 사암로 300,506055,62347,,,,126.809643660504,35.1713012169118
MA0106202405A0065639,복지유니온,,G2,소매,G221,기타 상품 소매,G22199,그 외 기타 상품 전문 소매업,G47859,그 외 기타 분류 안된 상품 전문 소매업,41,경기도,41630,양주시,41630540,회천2동,4163011600,덕계동,4163011600109440001,1,대지,944,1,경기도 양주시 덕계동 944-1,416304858352,경기도 양주시 덕계로4길,24,,4163011600109440001000001,리치타워,경기도 양주시 덕계로4길 24,482050,11461,,6,,127.057388890916,37.8185810619961
MA0106202405A2341902,파트너,,G2,소매,G221,기타 상품 소매,G22199,그 외 기타 상품 전문 소매업,G47859,그 외 기타 분류 안된 상품 전문 소매업,41,경기도,41281,고양시 덕양구,41281660,화전동,4128113100,덕은동,4128113100100490013,1,대지,49,13,경기도 고양시 덕양구 덕은동 49-13,412813192094,경기도 고양시 덕양구 중앙로,60,,4128113100100490013027771,,경기도 고양시 덕양구 중앙로 60,412160,10539,,,,126.8783757232,37.5952979395619
MA0106202405A0610049,다이소파주적성점,,G2,소매,G221,기타 상품 소매,G22199,그 외 기타 상품 전문 소매업,G47859,그 외 기타 분류 안된 상품 전문 소매업,41,경기도,41480,파주시,41480370,적성면,4148037024,적성면,4148037024105860001,1,대지,586,1,경기도 파주시 적성면 구읍리 586-1,414804418777,경기도 파주시 적성면 칠중7길,10,,4148037024105860005009934,,경기도 파주시 적성면 칠중7길 10,413911,10803,,,,126.921658408581,37.956476879584
MA0106202405A1030965,키아,,G2,소매,G221,기타 상품 소매,G22199,그 외 기타 상품 전문 소매업,G47859,그 외 기타 분류 안된 상품 전문 소매업,48,경상남도,48250,김해시,48250550,북부동,4825010700,삼계동,4825010700114900007,1,대지,1490,7,경상남도 김해시 삼계동 1490-7,482503335032,경상남도 김해시 삼계중앙로,31,,4825010700114900007081564,,경상남도 김해시 삼계중앙로 31,621070,50901,,,,128.868310458964,35.2607329141693
MA0106202405A1611200,끼리코,,G2,소매,G221,기타 상품 소매,G22199,그 외 기타 상품 전문 소매업,G47859,그 외 기타 분류 안된 상품 전문 소매업,41,경기도,41390,시흥시,41390597,배곧2동,4139013500,배곧동,4139013500102240001,1,대지,224,1,경기도 시흥시 배곧동 224-1,413904853127,경기도 시흥시 서울대학로264번길,26,16,4139013200117710001000114,해든메디컬센터,경기도 시흥시 서울대학로264번길 26-16,,15011,,,,126.725644652495,37.3669429781486
MA0106202405A0612456,파티마트,,G2,소매,G221,기타 상품 소매,G22199,그 외 기타 상품 전문 소매업,G47859,그 외 기타 분류 안된 상품 전문 소매업,28,인천광역시,28260,서구,28260560,석남2동,2826011000,석남동,2826011000102230038,1,대지,223,38,인천광역시 서구 석남동 223-38,282603156010,인천광역시 서구 거북로,17,,2826011000102230038014781,,인천광역시 서구 거북로 17,404825,22793,,,,126.663994731333,37.5036836640576
MA0106202407A0675902,샬롬반찬,,G2,소매,G221,기타 상품 소매,G22199,그 외 기타 상품 전문 소매업,G47859,그 외 기타 분류 안된 상품 전문 소매업,41,경기도,41410,군포시,41410570,재궁동,4141010500,금정동,4141010500108740001,1,대지,874,1,경기도 군포시 금정동 874-1,414103200025,경기도 군포시 번영로,502,,4141010500108740001005084,,경기도 군포시 번영로 502,435861,15862,,2,,126.93341467548,37.3576014395838
MA0106202405A0443583,달샘,,G2,소매,G221,기타 상품 소매,G22199,그 외 기타 상품 전문 소매업,G47859,그 외 기타 분류 안된 상품 전문 소매업,26,부산광역시,26350,해운대구,26350540,중2동,2635010600,중동,2635010600115320000,1,대지,1532,,부산광역시 해운대구 중동 1532,263504199015,부산광역시 해운대구 달맞이길117번나길,173,,2635010600115320000021744,,부산광역시 해운대구 달맞이길117번나길 173,612849,48115,,1,,129.184851583843,35.1638835335191
MA0106202405A1406915,춘파티,,G2,소매,G221,기타 상품 소매,G22199,그 외 기타 상품 전문 소매업,G47859,그 외 기타 분류 안된 상품 전문 소매업,51,강원특별자치도,51110,춘천시,51110675,강남동,5111012100,온의동,5111012100105060001,1,대지,506,1,강원특별자치도 춘천시 온의동 506-1,511103218030,강원특별자치도 춘천시 옛경춘로,516,,4211012100105040006000001,일부,강원특별자치도 춘천시 옛경춘로 516,200938,24431,,1,,127.713696397509,37.8447944322671
MA0106202405A2234818,천보참숯,,G2,소매,G221,기타 상품 소매,G22199,그 외 기타 상품 전문 소매업,G47859,그 외 기타 분류 안된 상품 전문 소매업,41,경기도,41480,파주시,41480320,탄현면,4148032027,탄현면,4148032027100550018,1,대지,55,18,경기도 파주시 탄현면 축현리 55-18,414804418018,경기도 파주시 탄현면 검산로361번길,64,,4148032027100550018019218,,경기도 파주시 탄현면 검산로361번길 64,413843,10846,,,,126.736293730164,37.8024069915625
MA0106202405A0697622,커피마켓,,G2,소매,G221,기타 상품 소매,G22199,그 외 기타 상품 전문 소매업,G47859,그 외 기타 분류 안된 상품 전문 소매업,51,강원특별자치도,51210,속초시,51210580,조양동,5121010800,조양동,5121010800115140004,1,대지,1514,4,강원특별자치도 속초시 조양동 1514-4,512104469128,강원특별자치도 속초시 선사로1길,35,1,4221010800115140004001645,,강원특별자치도 속초시 선사로1길 35-1,217813,24890,,1,,128.588349664212,38.1874745026696
MA0106202405A2192198,오월,,G2,소매,G221,기타 상품 소매,G22199,그 외 기타 상품 전문 소매업,G47859,그 외 기타 분류 안된 상품 전문 소매업,41,경기도,41281,고양시 덕양구,41281580,창릉동,4128111200,동산동,4128111200103690000,1,대지,369,,경기도 고양시 덕양구 동산동 369,412813194069,경기도 고양시 덕양구 동송로,33,,4128111200103690000000001,이편한세상시티삼송,경기도 고양시 덕양구 동송로 33,412090,10595,,,,126.896973782299,37.6490595167568
MA0106202405A1414743,스텁스커피,,G2,소매,G221,기타 상품 소매,G22199,그 외 기타 상품 전문 소매업,G47859,그 외 기타 분류 안된 상품 전문 소매업,30,대전광역시,30200,유성구,30200546,노은1동,3020011900,노은동,3020011900105070014,1,대지,507,14,대전광역시 유성구 노은동 507-14,302004301091,대전광역시 유성구 노은서로96번길,45,,3020011900105070014010022,,대전광역시 유성구 노은서로96번길 45,305325,34092,,1,,127.31657273952,36.3685734992372
MA0106202404A2318956,메이드인브랜드,,G2,소매,G221,기타 상품 소매,G22199,그 외 기타 상품 전문 소매업,G47859,그 외 기타 분류 안된 상품 전문 소매업,41,경기도,41360,남양주시,41360262,오남읍,4136026221,오남읍,4136026221104160024,1,대지,416,24,경기도 남양주시 오남읍 양지리 416-24,413604391664,경기도 남양주시 오남읍 진건오남로898번길,7,,4136026221104160024012413,,경기도 남양주시 오남읍 진건오남로898번길 7,472881,12036,,,,127.195411302643,37.7049564458016
MA0106202407A1241117,바른푸드마켓,,G2,소매,G221,기타 상품 소매,G22199,그 외 기타 상품 전문 소매업,G47859,그 외 기타 분류 안된 상품 전문 소매업,11,서울특별시,11545,금천구,11545510,가산동,1154510100,가산동,1154510100105500007,1,대지,550,7,서울특별시 금천구 가산동 550-7,115453117002,서울특별시 금천구 가산디지털2로,95,,1154510100105500007015790,KMTOWER,서울특별시 금천구 가산디지털2로 95,153803,08505,,,,126.879868682947,37.4764665624822
MA0106202405A0838126,엄마반찬,,G2,소매,G221,기타 상품 소매,G22199,그 외 기타 상품 전문 소매업,G47859,그 외 기타 분류 안된 상품 전문 소매업,47,경상북도,47250,상주시,47250550,동문동,4725010300,인봉동,4725010300100520017,1,대지,52,17,경상북도 상주시 인봉동 52-17,472504733722,경상북도 상주시 인봉3길,9,6,4725010300100520017083672,,경상북도 상주시 인봉3길 9-6,742060,37190,,,,128.163402656582,36.4168457582036
MA0106202407A1304023,주성교육,,G2,소매,G221,기타 상품 소매,G22199,그 외 기타 상품 전문 소매업,G47859,그 외 기타 분류 안된 상품 전문 소매업,41,경기도,41271,안산시 상록구,41271540,본오1동,4127110400,본오동,4127110400108430001,1,대지,843,1,경기도 안산시 상록구 본오동 843-1,412714370018,경기도 안산시 상록구 각골서로1길,18,,4127110400108430001008740,,경기도 안산시 상록구 각골서로1길 18,426812,15560,,,,126.871413255413,37.2907207178272
MA0106202405A2240417,플레인캔들,,G2,소매,G221,기타 상품 소매,G22199,그 외 기타 상품 전문 소매업,G47859,그 외 기타 분류 안된 상품 전문 소매업,47,경상북도,47170,안동시,47170585,서구동,4717011800,대석동,4717011800102110002,1,대지,211,2,경상북도 안동시 대석동 211-2,471704722077,경상북도 안동시 중앙시장길,66,,4717011800102130001016983,,경상북도 안동시 중앙시장길 66,760150,36696,,3,,128.724673078029,36.5664776317896
MA0106202405A0502822,오르머,,G2,소매,G221,기타 상품 소매,G22199,그 외 기타 상품 전문 소매업,G47859,그 외 기타 분류 안된 상품 전문 소매업,50,제주특별자치도,50110,제주시,50110256,구좌읍,5011025625,구좌읍,5011025625121420003,1,대지,2142,3,제주특별자치도 제주시 구좌읍 송당리 2142-3,501103349079,제주특별자치도 제주시 구좌읍 비자림로,1661,13,5011025625121420003000001,오르머,제주특별자치도 제주시 구좌읍 비자림로 1661-13,695979,63355,,,,126.771880466112,33.4567700975854
MA0106202405A0833160,아이스크림숲,,G2,소매,G221,기타 상품 소매,G22199,그 외 기타 상품 전문 소매업,G47859,그 외 기타 분류 안된 상품 전문 소매업,52,전북특별자치도,52111,전주시 완산구,52111702,삼천2동,5211113700,삼천동1가,5211113700106430003,1,대지,643,3,전북특별자치도 전주시 완산구 삼천동1가 643-3,521113266007,전북특별자치도 전주시 완산구 거마중앙로,54,,4511113700106430003023532,,전북특별자치도 전주시 완산구 거마중앙로 54,560807,55090,,1,,127.122306839889,35.795780969605
MA0106202406A0871226,빙고샾,,G2,소매,G221,기타 상품 소매,G22199,그 외 기타 상품 전문 소매업,G47859,그 외 기타 분류 안된 상품 전문 소매업,43,충청북도,43740,영동군,43740250,영동읍,4374025021,영동읍,4374025021105250000,1,대지,525,,충청북도 영동군 영동읍 계산리 525,437403243005,충청북도 영동군 영동읍 구교로,41,,4374025021105250000005005,,충청북도 영동군 영동읍 구교로 41,370808,29139,,1,,127.778870051078,36.1772179094788
MA0106202405A2173439,갤러리사이간,,G2,소매,G221,기타 상품 소매,G22199,그 외 기타 상품 전문 소매업,G47859,그 외 기타 분류 안된 상품 전문 소매업,11,서울특별시,11620,관악구,11620735,대학동,1162010200,신림동,1162010200102550026,1,대지,255,26,서울특별시 관악구 신림동 255-26,116204160310,서울특별시 관악구 대학14길,19,9,1162010200102550027006446,서정,서울특별시 관악구 대학14길 19-9,151860,08820,,2,,126.936517701734,37.4659327158138
MA0106202405A1654035,라라건강체험샵,,G2,소매,G221,기타 상품 소매,G22199,그 외 기타 상품 전문 소매업,G47859,그 외 기타 분류 안된 상품 전문 소매업,48,경상남도,48250,김해시,48250540,내외동,4825010800,내동,4825010800101370009,1,대지,137,9,경상남도 김해시 내동 137-9,482503335063,경상남도 김해시 평전로,187,,4825010800101370009088485,,경상남도 김해시 평전로 187,621902,50889,,,,128.863717789428,35.2444202132468
MA0106202406A0405023,태성F.S,,G2,소매,G221,기타 상품 소매,G22199,그 외 기타 상품 전문 소매업,G47859,그 외 기타 분류 안된 상품 전문 소매업,26,부산광역시,26440,강서구,26440510,대저1동,2644010100,대저1동,2644010100103540004,1,대지,354,4,부산광역시 강서구 대저1동 354-4,264404208290,부산광역시 강서구 대저중앙로394번가길,50,9,2644010100103540004030973,,부산광역시 강서구 대저중앙로394번가길 50-9,618803,46702,,,,128.985951165022,35.2175221994645
MA0106202406A1274540,더존,코리아,G2,소매,G221,기타 상품 소매,G22199,그 외 기타 상품 전문 소매업,G47859,그 외 기타 분류 안된 상품 전문 소매업,30,대전광역시,30170,서구,30170570,가장동,3017010900,가장동,3017010900100570013,1,대지,57,13,대전광역시 서구 가장동 57-13,301704298117,대전광역시 서구 괴정로134번길,19,,3017010900100570013008581,,대전광역시 서구 괴정로134번길 19,302804,35296,,1,,127.386098086038,36.3356293753057
MA0106202404A2330031,금릉역전자담배멀티샵,,G2,소매,G221,기타 상품 소매,G22199,그 외 기타 상품 전문 소매업,G47859,그 외 기타 분류 안된 상품 전문 소매업,41,경기도,41480,파주시,41480520,금촌2동,4148010100,금촌동,4148010100109890004,1,대지,989,4,경기도 파주시 금촌동 989-4,414803206160,경기도 파주시 금빛로,24,18,4148010100109890004020775,거성프라자,경기도 파주시 금빛로 24-18,413826,10915,,,,126.767633147429,37.7516587260439
MA0106202406A1620146,주은미갓김치주은미수산,,G2,소매,G221,기타 상품 소매,G22199,그 외 기타 상품 전문 소매업,G47859,그 외 기타 분류 안된 상품 전문 소매업,46,전라남도,46130,여수시,46130655,대교동,4613011500,봉산동,4613011500100960008,1,대지,96,8,전라남도 여수시 봉산동 96-8,461303282033,전라남도 여수시 봉산2로,14,,4613011500100960008050290,,전라남도 여수시 봉산2로 14,550818,59764,,,,127.724953709123,34.731217689171
MA0106202405A0224444,대선에프에스,,G2,소매,G221,기타 상품 소매,G22199,그 외 기타 상품 전문 소매업,G47859,그 외 기타 분류 안된 상품 전문 소매업,41,경기도,41610,광주시,41610580,오포1동,4161011400,고산동,4161011400101050001,1,대지,105,1,경기도 광주시 고산동 105-1,416104433297,경기도 광주시 세피내길,84,,4161025021101050001246806,,경기도 광주시 세피내길 84,464891,12790,,,,127.242369585373,37.3761582359891
MA0106202405A0960391,CECS영재교육원,,G2,소매,G221,기타 상품 소매,G22199,그 외 기타 상품 전문 소매업,G47859,그 외 기타 분류 안된 상품 전문 소매업,30,대전광역시,30170,서구,30170593,도안동,3017011500,도안동,3017011500108540000,1,대지,854,,대전광역시 서구 도안동 854,301702010003,대전광역시 서구 동서대로,696,,3017011500108540000000001,,대전광역시 서구 동서대로 696,302318,35350,,,,127.340203038314,36.3318216658515
MA0106202405A0814321,에스엠피,,G2,소매,G221,기타 상품 소매,G22199,그 외 기타 상품 전문 소매업,G47859,그 외 기타 분류 안된 상품 전문 소매업,28,인천광역시,28110,중구,28110623,영종2동,2811014500,중산동,2811014500118850001,1,대지,1885,1,인천광역시 중구 중산동 1885-1,281104247497,인천광역시 중구 하늘별빛로65번길,7,4,2811014500118850001000001,현대프라자,인천광역시 중구 하늘별빛로65번길 7-4,400320,22397,,,,126.563597279065,37.4887321970702
MA0106202405A0100020,탑키즈에듀,,G2,소매,G221,기타 상품 소매,G22199,그 외 기타 상품 전문 소매업,G47859,그 외 기타 분류 안된 상품 전문 소매업,41,경기도,41390,시흥시,41390582,월곶동,4139013100,월곶동,4139013100110670004,1,대지,1067,4,경기도 시흥시 월곶동 1067-4,413904853938,경기도 시흥시 월동로57번길,23,,4139013100110670004000001,,경기도 시흥시 월동로57번길 23,429834,15006,,3,,126.764189545719,37.3799377708666
MA0106202406A1787705,조은유통,,G2,소매,G221,기타 상품 소매,G22199,그 외 기타 상품 전문 소매업,G47859,그 외 기타 분류 안된 상품 전문 소매업,26,부산광역시,26410,금정구,26410670,남산동,2641010400,남산동,2641010400109740054,1,대지,974,54,부산광역시 금정구 남산동 974-54,264104205448,부산광역시 금정구 팔송로45번길,50,,2641010400109740054035362,,부산광역시 금정구 팔송로45번길 50,609815,46221,,,,129.087408321332,35.2698924870071
MA0106202406A2063039,샵와이너,,G2,소매,G221,기타 상품 소매,G22199,그 외 기타 상품 전문 소매업,G47859,그 외 기타 분류 안된 상품 전문 소매업,11,서울특별시,11650,서초구,11650540,잠원동,1165010600,잠원동,1165010600100280001,1,대지,28,1,서울특별시 서초구 잠원동 28-1,116502102001,서울특별시 서초구 강남대로,581,,1165010600100280001019301,푸른빌딩,서울특별시 서초구 강남대로 581,137904,06530,,2,,127.019782982878,37.5136744878293
MA0106202405A2366773,고백작업실,,G2,소매,G221,기타 상품 소매,G22199,그 외 기타 상품 전문 소매업,G47859,그 외 기타 분류 안된 상품 전문 소매업,43,충청북도,43114,청주시 청원구,43114253,오창읍,4311425345,오창읍,4311425345108180004,1,대지,818,4,충청북도 청주시 청원구 오창읍 양청리 818-4,431143240077,충청북도 청주시 청원구 오창읍 중심상업로,20,,4371025345008180004004627,거묵빌딩,충청북도 청주시 청원구 오창읍 중심상업로 20,363883,28119,,,,127.430282818147,36.7125274538598
MA0106202405A0509840,시드사이언스,,G2,소매,G221,기타 상품 소매,G22199,그 외 기타 상품 전문 소매업,G47859,그 외 기타 분류 안된 상품 전문 소매업,11,서울특별시,11620,관악구,11620665,서림동,1162010200,신림동,1162010200101030183,1,대지,103,183,서울특별시 관악구 신림동 103-183,116204160449,서울특별시 관악구 서림11길,28,,1162010200101030183018935,,서울특별시 관악구 서림11길 28,151856,08840,,,,126.94119248012,37.4723233007033
MA0106202405A1000617,잇츠베이프,,G2,소매,G221,기타 상품 소매,G22199,그 외 기타 상품 전문 소매업,G47859,그 외 기타 분류 안된 상품 전문 소매업,26,부산광역시,26380,사하구,26380590,장림2동,2638010500,장림동,2638010500102810000,1,대지,281,,부산광역시 사하구 장림동 281,263803134007,부산광역시 사하구 다대로,274,,2638010500102810000000397,,부산광역시 사하구 다대로 274,604840,49466,,2,,128.976712703017,35.0776932987611
MA0106202405A2233154,서울유통,,G2,소매,G221,기타 상품 소매,G22199,그 외 기타 상품 전문 소매업,G47859,그 외 기타 분류 안된 상품 전문 소매업,46,전라남도,46150,순천시,46150570,덕연동,4615011400,연향동,4615011400115830005,1,대지,1583,5,전라남도 순천시 연향동 1583-5,461504649845,전라남도 순천시 율산3길,40,,4615011400115830005036734,,전라남도 순천시 율산3길 40,540976,58003,,,,127.523179019859,34.9419338383656
MA0106202405A0358267,아이엠카이트,,G2,소매,G221,기타 상품 소매,G22199,그 외 기타 상품 전문 소매업,G47859,그 외 기타 분류 안된 상품 전문 소매업,41,경기도,41192,부천시 원미구,41192600,도당동,4119210400,도당동,4119210400102700010,1,대지,270,10,경기도 부천시 원미구 도당동 270-10,411924352395,경기도 부천시 원미구 옥산로172번길,1,,4119510400102700010024847,,경기도 부천시 원미구 옥산로172번길 1,420808,14524,,3,,126.781258462046,37.5090316581185
MA0106202406A1525918,올랑올랑아이스크림어울림점,,G2,소매,G221,기타 상품 소매,G22199,그 외 기타 상품 전문 소매업,G47859,그 외 기타 분류 안된 상품 전문 소매업,41,경기도,41360,남양주시,41360262,오남읍,4136026223,오남읍,4136026223104640000,1,대지,464,,경기도 남양주시 오남읍 오남리 464,413603197050,경기도 남양주시 오남읍 진건오남로,472,,4136026223104650000007408,금호어울림,경기도 남양주시 오남읍 진건오남로 472,472815,12050,,,,127.206822671949,37.6775743603263
MA0106202407A0158779,제이더블유컴퍼니,,G2,소매,G221,기타 상품 소매,G22199,그 외 기타 상품 전문 소매업,G47859,그 외 기타 분류 안된 상품 전문 소매업,41,경기도,41192,부천시 원미구,41192540,원미1동,4119210100,원미동,4119210100100780002,1,대지,78,2,경기도 부천시 원미구 원미동 78-2,411924352493,경기도 부천시 원미구 조마루로428번길,59,,4119510100100780013012669,,경기도 부천시 원미구 조마루로428번길 59,420839,14568,,1,,126.790765646944,37.4945337021551
MA0106202405A0400793,비전푸드,,G2,소매,G221,기타 상품 소매,G22199,그 외 기타 상품 전문 소매업,G47859,그 외 기타 분류 안된 상품 전문 소매업,41,경기도,41500,이천시,41500340,마장면,4150034025,마장면,4150034025105880013,1,대지,588,13,경기도 이천시 마장면 장암리 588-13,415003207045,경기도 이천시 마장면 이장로,246,,4150034025105880013000001,,경기도 이천시 마장면 이장로 246,467811,17383,,,,127.386661813967,37.2731024342904
MA0106202405A2107845,힐스케치,,G2,소매,G221,기타 상품 소매,G22199,그 외 기타 상품 전문 소매업,G47859,그 외 기타 분류 안된 상품 전문 소매업,36,세종특별자치시,36110,세종특별자치시,36110350,장군면,3611035028,장군면,3611035028100710008,1,대지,71,8,세종특별자치시 세종특별자치시 장군면 산학리 71-8,361104574649,세종특별자치시 세종특별자치시 장군면 영평사길,93,,4415035031100710008017414,,세종특별자치시 세종특별자치시 장군면 영평사길 93,339911,30054,,2,,127.229500343637,36.4742902504866
MA0106202405A1021573,만랩스크린앤골프아카데미,,G2,소매,G221,기타 상품 소매,G22199,그 외 기타 상품 전문 소매업,G47859,그 외 기타 분류 안된 상품 전문 소매업,47,경상북도,47150,김천시,47150575,대신동,4715010800,신음동,4715010800104880003,1,대지,488,3,경상북도 김천시 신음동 488-3,471503306048,경상북도 김천시 시청로,114,,4715010800104880003012189,주식,경상북도 김천시 시청로 114,740978,39544,,,,128.11807794544,36.1380515606
MA0106202406A0946374,씨제이푸드빌,,G2,소매,G221,기타 상품 소매,G22199,그 외 기타 상품 전문 소매업,G47859,그 외 기타 분류 안된 상품 전문 소매업,11,서울특별시,11140,중구,11140605,을지로동,1114015900,초동,1114015900101060009,1,대지,106,9,서울특별시 중구 초동 106-9,111403101002,서울특별시 중구 마른내로,34,,1114015900101060009023440,케이티앤지을지로타워,서울특별시 중구 마른내로 34,100300,04555,,3,,126.991692100245,37.5642309716437
MA0106202405A1707639,해림반찬,,G2,소매,G221,기타 상품 소매,G22199,그 외 기타 상품 전문 소매업,G47859,그 외 기타 분류 안된 상품 전문 소매업,47,경상북도,47113,포항시 북구,47113690,두호동,4711312000,두호동,4711312000110790004,1,대지,1079,4,경상북도 포항시 북구 두호동 1079-4,471134712483,경상북도 포항시 북구 용두산길,48,,4711312000110790004110392,,경상북도 포항시 북구 용두산길 48,791804,37608,,,,129.381463086502,36.0680453405502
MA0106202405A1444213,아이스크림구영리에서제일싼집,,G2,소매,G221,기타 상품 소매,G22199,그 외 기타 상품 전문 소매업,G47859,그 외 기타 분류 안된 상품 전문 소매업,31,울산광역시,31710,울주군,31710259,범서읍,3171025927,범서읍,3171025927107930006,1,대지,793,6,울산광역시 울주군 범서읍 구영리 793-6,317103173015,울산광역시 울주군 범서읍 구영로,116,,3171025927107930006003761,,울산광역시 울주군 범서읍 구영로 116,689852,44923,,,,129.242189950753,35.5722948061143
MA0106202405A2469829,플라잉타이거코리아신세계강남고속,터미널점,G2,소매,G221,기타 상품 소매,G22199,그 외 기타 상품 전문 소매업,G47859,그 외 기타 분류 안된 상품 전문 소매업,11,서울특별시,11650,서초구,11650581,반포4동,1165010700,반포동,1165010700100190004,1,대지,19,4,서울특별시 서초구 반포동 19-4,116503121017,서울특별시 서초구 신반포로,194,,1165010700100190004017328,,서울특별시 서초구 신반포로 194,137713,06545,,,,127.006831199112,37.5064318700918
MA0106202404A2405311,벌룬어베러데이,,G2,소매,G221,기타 상품 소매,G22199,그 외 기타 상품 전문 소매업,G47859,그 외 기타 분류 안된 상품 전문 소매업,31,울산광역시,31140,남구,31140560,달동,3114010500,달동,3114010500105770032,1,대지,577,32,울산광역시 남구 달동 577-32,311404310616,울산광역시 남구 신정로78번길,38,,3114010500105770032012413,,울산광역시 남구 신정로78번길 38,680801,44695,,1,,129.324824691203,35.5397052675051
MA0106202407A1594264,비앤씨자판기,,G2,소매,G221,기타 상품 소매,G22199,그 외 기타 상품 전문 소매업,G47859,그 외 기타 분류 안된 상품 전문 소매업,44,충청남도,44131,천안시 동남구,44131340,성남면,4413134029,성남면,4413134029104440037,1,대지,444,37,충청남도 천안시 동남구 성남면 화성리 444-37,441313249026,충청남도 천안시 동남구 성남면 세성로,123,10,4413134029104440002053752,LK유통,충청남도 천안시 동남구 성남면 세성로 123-10,330892,31244,,,,127.251833392918,36.7476237341985
MA0106202407A1344674,올쿡갈산점,,G2,소매,G221,기타 상품 소매,G22199,그 외 기타 상품 전문 소매업,G47859,그 외 기타 분류 안된 상품 전문 소매업,28,인천광역시,28237,부평구,28237641,갈산1동,2823710600,갈산동,2823710600100940000,1,대지,94,,인천광역시 부평구 갈산동 94,282373008034,인천광역시 부평구 주부토로,236,,2823710600100940000111706,,인천광역시 부평구 주부토로 236,403800,21330,,1,,126.726808406095,37.515864998516
MA0106202411A2246486,100년유통파머스24고산,1호점,G2,소매,G221,기타 상품 소매,G22199,그 외 기타 상품 전문 소매업,G47859,그 외 기타 분류 안된 상품 전문 소매업,41,경기도,41610,광주시,41610580,오포1동,4161011400,고산동,4161011400107070000,1,대지,707,,경기도 광주시 고산동 707,416103354304,경기도 광주시 고산별빛로,57,,4161011400104840005000001,오포자이오브제,경기도 광주시 고산별빛로 57,464889,12790,,1,,127.218829807098,37.3724558756644
MA0106202411A2375705,허니물류의왕서해,직영점,G2,소매,G221,기타 상품 소매,G22199,그 외 기타 상품 전문 소매업,G47859,그 외 기타 분류 안된 상품 전문 소매업,41,경기도,41430,의왕시,41430530,오전동,4143010500,오전동,4143010500108920000,1,대지,892,,경기도 의왕시 오전동 892,414302012008,경기도 의왕시 경수대로,262,,4143010500103240004006395,서해그랑블,경기도 의왕시 경수대로 262,437070,16058,,1,,126.973183215437,37.3506792217014
MA0106202411A1853541,비앤앤컴퍼니,,G2,소매,G221,기타 상품 소매,G22199,그 외 기타 상품 전문 소매업,G47859,그 외 기타 분류 안된 상품 전문 소매업,41,경기도,41150,의정부시,41150520,의정부2동,4115010100,의정부동,4115010100104960004,1,대지,496,4,경기도 의정부시 의정부동 496-4,411504343253,경기도 의정부시 신흥로232번길,5,31,4115010100104960004027584,아이비타워,경기도 의정부시 신흥로232번길 5-31,480848,11651,,2,,127.045153057065,37.7374816546787
MA0106202411A2120481,설렌다과,,G2,소매,G221,기타 상품 소매,G22199,그 외 기타 상품 전문 소매업,G47859,그 외 기타 분류 안된 상품 전문 소매업,11,서울특별시,11170,용산구,11170580,효창동,1117011900,효창동,1117011900100050394,1,대지,5,394,서울특별시 용산구 효창동 5-394,111704106552,서울특별시 용산구 효창원로70길,25,,1117011900100050394016305,리하우스,서울특별시 용산구 효창원로70길 25,140897,04312,,1,,126.963576111575,37.5418538658376
MA0106202411A2404496,지비비,,G2,소매,G221,기타 상품 소매,G22199,그 외 기타 상품 전문 소매업,G47859,그 외 기타 분류 안된 상품 전문 소매업,11,서울특별시,11545,금천구,11545510,가산동,1154510100,가산동,1154510100100600025,1,대지,60,25,서울특별시 금천구 가산동 60-25,115453116013,서울특별시 금천구 벚꽃로,234,,1154510100100600025000001,,서울특별시 금천구 벚꽃로 234,153798,08513,,,,126.886132594561,37.4759952300264
MA0106202411A1463746,이솔,,G2,소매,G221,기타 상품 소매,G22199,그 외 기타 상품 전문 소매업,G47859,그 외 기타 분류 안된 상품 전문 소매업,27,대구광역시,27140,동구,27140655,동촌동,2714011000,검사동,2714011000107560412,1,대지,756,412,대구광역시 동구 검사동 756-412,271404226438,대구광역시 동구 동촌역사로3길,4,,2714011000107560412000001,,대구광역시 동구 동촌역사로3길 4,701860,41143,,1,,128.653268094374,35.8889452505455
MA0106202411A1693659,이레푸드,,G2,소매,G221,기타 상품 소매,G22199,그 외 기타 상품 전문 소매업,G47859,그 외 기타 분류 안된 상품 전문 소매업,46,전라남도,46830,영암군,46830360,군서면,4683036029,군서면,4683036029101330000,1,대지,133,,전라남도 영암군 군서면 도갑리 133,468303295046,전라남도 영암군 군서면 도갑사로,80,14,4683036029101330000024472,일부,전라남도 영암군 군서면 도갑사로 80-14,526851,58434,,1,,126.642300830472,34.7621097111733
MA0106202411A2289027,씨제이올리브영모란,중앙점,G2,소매,G221,기타 상품 소매,G22199,그 외 기타 상품 전문 소매업,G47859,그 외 기타 분류 안된 상품 전문 소매업,41,경기도,41133,성남시 중원구,41133510,성남동,4113310100,성남동,4113310100134950000,1,대지,3495,,경기도 성남시 중원구 성남동 3495,411332000005,경기도 성남시 중원구 성남대로,1144,,4113310100134950000018712,,경기도 성남시 중원구 성남대로 1144,462827,13365,,1,,127.129573475247,37.4318474551002
MA0106202411A2289005,씨제이올리브영난곡,사거리점,G2,소매,G221,기타 상품 소매,G22199,그 외 기타 상품 전문 소매업,G47859,그 외 기타 분류 안된 상품 전문 소매업,11,서울특별시,11620,관악구,11620765,미성동,1162010200,신림동,1162010200114740023,1,대지,1474,23,서울특별시 관악구 신림동 1474-23,116202000003,서울특별시 관악구 남부순환로,1474,,1162010200114740023002967,,서울특별시 관악구 남부순환로 1474,151894,08771,,1,,126.914208819816,37.4814520358209
MA0106202411A1970540,유즈얼리,,G2,소매,G221,기타 상품 소매,G22199,그 외 기타 상품 전문 소매업,G47859,그 외 기타 분류 안된 상품 전문 소매업,51,강원특별자치도,51130,원주시,51130675,반곡관설동,5113011700,반곡동,5113011700119340009,1,대지,1934,9,강원특별자치도 원주시 반곡동 1934-9,511304517942,강원특별자치도 원주시 웅비4길,10,,4213011700119340009000001,상가,강원특별자치도 원주시 웅비4길 10,220170,26462,,1,,127.988688063692,37.3284135571733
MA0106202411A2257411,동화네밥상,,G2,소매,G221,기타 상품 소매,G22199,그 외 기타 상품 전문 소매업,G47859,그 외 기타 분류 안된 상품 전문 소매업,48,경상남도,48820,고성군,48820250,고성읍,4882025021,고성읍,4882025021100700000,1,대지,70,,경상남도 고성군 고성읍 성내리 70,488203342044,경상남도 고성군 고성읍 중앙로,32,7,4882025021100700000008638,,경상남도 고성군 고성읍 중앙로 32-7,638804,52943,,1,,128.323839870742,34.9739001654008
MA0106202411A1970977,콩이네집밥,,G2,소매,G221,기타 상품 소매,G22199,그 외 기타 상품 전문 소매업,G47859,그 외 기타 분류 안된 상품 전문 소매업,27,대구광역시,27200,남구,27200660,대명11동,2720010300,대명동,2720010300112540007,1,대지,1254,7,대구광역시 남구 대명동 1254-7,272003144002,대구광역시 남구 대명남로,11,1,2720010300112540007000746,,대구광역시 남구 대명남로 11-1,705813,42498,,,,128.559825538315,35.8336032894798
MA0106202411A1293661,오늘애찬,백석점,G2,소매,G221,기타 상품 소매,G22199,그 외 기타 상품 전문 소매업,G47859,그 외 기타 분류 안된 상품 전문 소매업,44,충청남도,44133,천안시 서북구,44133560,백석동,4413310300,백석동,4413310300111730000,1,대지,1173,,충청남도 천안시 서북구 백석동 1173,441333250048,충청남도 천안시 서북구 한들3로,35,7,4413310300111730000000001,,충청남도 천안시 서북구 한들3로 35-7,331220,31097,,1,,127.123008359625,36.8265659829349
MA0106202411A2289021,씨제이올리브영당진,신성점,G2,소매,G221,기타 상품 소매,G22199,그 외 기타 상품 전문 소매업,G47859,그 외 기타 분류 안된 상품 전문 소매업,44,충청남도,44270,당진시,44270510,당진1동,4427010100,읍내동,4427010100100250005,1,대지,25,5,충청남도 당진시 읍내동 25-5,442703265016,충청남도 당진시 당진중앙2로,202,,4483025021100250005087335,,충청남도 당진시 당진중앙2로 202,343920,31776,,1,,126.635260865207,36.8966261918363
MA0106202411A2196149,다다에스테틱,,G2,소매,G221,기타 상품 소매,G22199,그 외 기타 상품 전문 소매업,G47859,그 외 기타 분류 안된 상품 전문 소매업,27,대구광역시,27260,수성구,27260690,고산3동,2726011800,신매동,2726011800102730000,1,대지,273,,대구광역시 수성구 신매동 273,272604238099,대구광역시 수성구 달구벌대로645길,11,,2726011800102730000026709,신매동SNL메디타워,대구광역시 수성구 달구벌대로645길 11,706170,42271,,3,,128.709794702425,35.8402407190766
MA0106202411A2210295,베어스키친,,G2,소매,G221,기타 상품 소매,G22199,그 외 기타 상품 전문 소매업,G47859,그 외 기타 분류 안된 상품 전문 소매업,41,경기도,41430,의왕시,41430540,내손1동,4143010700,내손동,4143010700107510000,1,대지,751,,경기도 의왕시 내손동 751,414303201003,경기도 의왕시 갈미2로,32,,4143010700107510000003561,,경기도 의왕시 갈미2로 32,437835,16039,,,,126.972552087441,37.3791515219554
MA0106202411A2289076,씨제이올리브영내방역점,,G2,소매,G221,기타 상품 소매,G22199,그 외 기타 상품 전문 소매업,G47859,그 외 기타 분류 안된 상품 전문 소매업,11,서울특별시,11650,서초구,11650621,방배4동,1165010100,방배동,1165010100108510004,1,대지,851,4,서울특별시 서초구 방배동 851-4,116503121010,서울특별시 서초구 방배로,178,,1165010100108510004009352,,서울특별시 서초구 방배로 178,137837,06586,,1,,126.992842425472,37.4895379801643
MA0106202411A2289078,씨제이올리브영올리브영파르나스삼성타운,,G2,소매,G221,기타 상품 소매,G22199,그 외 기타 상품 전문 소매업,G47859,그 외 기타 분류 안된 상품 전문 소매업,11,서울특별시,11680,강남구,11680580,삼성1동,1168010500,삼성동,1168010500101590008,1,대지,159,8,서울특별시 강남구 삼성동 159-8,116803122010,서울특별시 강남구 테헤란로,521,,1168010500101590008016735,,서울특별시 강남구 테헤란로 521,135732,06164,,1,,127.060804431449,37.5091915130673
MA0106202411A1923949,동성랙시스템,,G2,소매,G221,기타 상품 소매,G22199,그 외 기타 상품 전문 소매업,G47859,그 외 기타 분류 안된 상품 전문 소매업,11,서울특별시,11230,동대문구,11230660,장안2동,1123010600,장안동,1123010600103120012,1,대지,312,12,서울특별시 동대문구 장안동 312-12,112303105012,서울특별시 동대문구 장한로,186,,1123010600103120012016658,,서울특별시 동대문구 장한로 186,130839,02522,,1,,127.072361088714,37.5768320309059
MA0106202411A1606586,소소공,,G2,소매,G221,기타 상품 소매,G22199,그 외 기타 상품 전문 소매업,G47859,그 외 기타 분류 안된 상품 전문 소매업,47,경상북도,47210,영주시,47210590,휴천1동,4721010400,휴천동,4721010400107160003,1,대지,716,3,경상북도 영주시 휴천동 716-3,472104727252,경상북도 영주시 번영로96번길,1,,4721010400107160003008970,,경상북도 영주시 번영로96번길 1,750914,36088,,1,,128.628730115648,36.8208347968047
MA0106202411A2293589,동해수제찹쌀떡,,G2,소매,G221,기타 상품 소매,G22199,그 외 기타 상품 전문 소매업,G47859,그 외 기타 분류 안된 상품 전문 소매업,51,강원특별자치도,51170,동해시,51170590,묵호동,5117012300,묵호진동,5117012300100950073,1,대지,95,73,강원특별자치도 동해시 묵호진동 95-73,511703221030,강원특별자치도 동해시 일출로,36,,4217012300000950073004975,,강원특별자치도 동해시 일출로 36,240818,25718,,1,,129.11174721777,37.5514322668007
MA0106202411A2165123,에코플라이,,G2,소매,G221,기타 상품 소매,G22199,그 외 기타 상품 전문 소매업,G47859,그 외 기타 분류 안된 상품 전문 소매업,28,인천광역시,28200,남동구,28200690,논현1동,2820011000,논현동,2820011000106770002,1,대지,677,2,인천광역시 남동구 논현동 677-2,282004259517,인천광역시 남동구 앵고개로934번길,24,,2820011000101790085031404,세훈프라자,인천광역시 남동구 앵고개로934번길 24,405825,21673,,,,126.735052085744,37.4011762034465
MA0106202411A2175425,아시아마트AsianMart,,G2,소매,G221,기타 상품 소매,G22199,그 외 기타 상품 전문 소매업,G47859,그 외 기타 분류 안된 상품 전문 소매업,44,충청남도,44800,홍성군,44800250,홍성읍,4480025026,홍성읍,4480025026103550001,1,대지,355,1,충청남도 홍성군 홍성읍 남장리 355-1,448004586462,충청남도 홍성군 홍성읍 충서로1175번길,8,,4480025026103550001009914,,충청남도 홍성군 홍성읍 충서로1175번길 8,350803,32244,,,,126.654805218998,36.5814827422219
MA0106202411A1815663,일과가족협동조합,,G2,소매,G221,기타 상품 소매,G22199,그 외 기타 상품 전문 소매업,G47859,그 외 기타 분류 안된 상품 전문 소매업,11,서울특별시,11380,은평구,11380631,신사1동,1138010900,신사동,1138010900100080032,1,대지,8,32,서울특별시 은평구 신사동 8-32,113803111001,서울특별시 은평구 갈현로,10,7,1138010900100080032014486,,서울특별시 은평구 갈현로 10-7,122879,03423,,지,,126.910778797896,37.5989758951638
MA0106202411A1302198,에이&비,,G2,소매,G221,기타 상품 소매,G22199,그 외 기타 상품 전문 소매업,G47859,그 외 기타 분류 안된 상품 전문 소매업,41,경기도,41135,성남시 분당구,41135590,서현2동,4113510500,서현동,4113510500103120003,1,대지,312,3,경기도 성남시 분당구 서현동 312-3,411354340189,경기도 성남시 분당구 불정로376번길,37,,4113510500103120003011080,범한프라자,경기도 성남시 분당구 불정로376번길 37,463819,13587,,,,127.13943859861,37.3716300440922
MA0106202411A2299652,베이프247,,G2,소매,G221,기타 상품 소매,G22199,그 외 기타 상품 전문 소매업,G47859,그 외 기타 분류 안된 상품 전문 소매업,11,서울특별시,11380,은평구,11380631,신사1동,1138010900,신사동,1138010900100350020,1,대지,35,20,서울특별시 은평구 신사동 35-20,113803005056,서울특별시 은평구 증산로,413,,1138010900100350022015399,동현빌딩,서울특별시 은평구 증산로 413,122882,03452,,,,126.913854309195,37.5931397572517
MA0106202411A2418930,필립과학,,G2,소매,G221,기타 상품 소매,G22199,그 외 기타 상품 전문 소매업,G47859,그 외 기타 분류 안된 상품 전문 소매업,27,대구광역시,27230,북구,27230620,산격2동,2723011100,산격동,2723011100117240000,1,대지,1724,,대구광역시 북구 산격동 1724,272304235306,대구광역시 북구 유통단지로24길,31,,2723011100117240000003870,,대구광역시 북구 유통단지로24길 31,702845,41516,,2,,128.617060869076,35.9071456290741
MA0106202411A1419158,리퍼홀릭두원사상점,,G2,소매,G221,기타 상품 소매,G22199,그 외 기타 상품 전문 소매업,G47859,그 외 기타 분류 안된 상품 전문 소매업,26,부산광역시,26530,사상구,26530600,덕포1동,2653010300,덕포동,2653010300104280001,1,대지,428,1,부산광역시 사상구 덕포동 428-1,265304217283,부산광역시 사상구 삼덕로46번길,101,,2653010300104280001011707,,부산광역시 사상구 삼덕로46번길 101,617816,46955,,,,128.980789813395,35.1695923256544
MA0106202411A2455016,엄마뻥튀기,,G2,소매,G221,기타 상품 소매,G22199,그 외 기타 상품 전문 소매업,G47859,그 외 기타 분류 안된 상품 전문 소매업,28,인천광역시,28177,미추홀구,28177600,도화1동,2817710400,도화동,2817710400104300020,1,대지,430,20,인천광역시 미추홀구 도화동 430-20,281774253655,인천광역시 미추홀구 제일로27번길,3,,2817010500104300020000001,,인천광역시 미추홀구 제일로27번길 3,402809,22138,,1,,126.673213553367,37.4591818535298
MA0106202411A2114850,영공방,천안아산점,G2,소매,G221,기타 상품 소매,G22199,그 외 기타 상품 전문 소매업,G47859,그 외 기타 분류 안된 상품 전문 소매업,44,충청남도,44133,천안시 서북구,44133540,쌍용2동,4413310700,쌍용동,4413310700117560000,1,대지,1756,,충청남도 천안시 서북구 쌍용동 1756,441334550559,충청남도 천안시 서북구 월봉1길,46,10,4413310700117560000058408,,충청남도 천안시 서북구 월봉1길 46-10,331955,31179,,1,,127.115140587722,36.7898085314654
MA0106202411A1904798,부산명륜점,,G2,소매,G221,기타 상품 소매,G22199,그 외 기타 상품 전문 소매업,G47859,그 외 기타 분류 안된 상품 전문 소매업,26,부산광역시,26260,동래구,26260545,명륜동,2626010700,명륜동,2626010700100160013,1,대지,16,13,부산광역시 동래구 명륜동 16-13,262603130028,부산광역시 동래구 시실로,50,,2626010700100160013015146,건물계단쪽,부산광역시 동래구 시실로 50,607802,47744,,1,,129.088234722614,35.2151606524808
MA0106202411A2415994,하나아시아마트,,G2,소매,G221,기타 상품 소매,G22199,그 외 기타 상품 전문 소매업,G47859,그 외 기타 분류 안된 상품 전문 소매업,46,전라남도,46830,영암군,46830253,삼호읍,4683025326,삼호읍,4683025326116550014,1,대지,1655,14,전라남도 영암군 삼호읍 용앙리 1655-14,468303295129,전라남도 영암군 삼호읍 대불주거7로,30,,4683025326116550014000001,,전라남도 영암군 삼호읍 대불주거7로 30,526897,58456,,1,,126.452597108033,34.7552750992247
MA0106202411A2289008,씨제이올리브영청주오송2지구점,,G2,소매,G221,기타 상품 소매,G22199,그 외 기타 상품 전문 소매업,G47859,그 외 기타 분류 안된 상품 전문 소매업,43,충청북도,43113,청주시 흥덕구,43113250,오송읍,4311325031,오송읍,4311325031109940000,1,대지,994,,충청북도 청주시 흥덕구 오송읍 봉산리 994,431133351774,충청북도 청주시 흥덕구 오송읍 오송생명11로,48,,4311325031109940000000001,,충청북도 청주시 흥덕구 오송읍 오송생명11로 48,361953,28222,,,,127.316096368608,36.619186011355
MA0106202411A1904803,신라대도서관점,,G2,소매,G221,기타 상품 소매,G22199,그 외 기타 상품 전문 소매업,G47859,그 외 기타 분류 안된 상품 전문 소매업,26,부산광역시,26530,사상구,26530620,괘법동,2653010400,괘법동,2653010400200010023,2,산,1,23,부산광역시 사상구 괘법동 산1-23,265304217175,부산광역시 사상구 백양대로700번길,140,,2653010400100010000000001,의생명관신라대학교,부산광역시 사상구 백양대로700번길 140,617060,46958,,4,,128.997739770651,35.172035414985
MA0106202411A1352057,"드시고,가게",,G2,소매,G221,기타 상품 소매,G22199,그 외 기타 상품 전문 소매업,G47859,그 외 기타 분류 안된 상품 전문 소매업,27,대구광역시,27140,동구,27140590,효목1동,2714010300,효목동,2714010300100850010,1,대지,85,10,대구광역시 동구 효목동 85-10,271404226228,대구광역시 동구 아양로52길,27,,2714010300100850010022442,,대구광역시 동구 아양로52길 27,701840,41169,,1,,128.640872511581,35.8860784565131
MA0106202411A2289010,씨제이올리브영올리브영N성수,,G2,소매,G221,기타 상품 소매,G22199,그 외 기타 상품 전문 소매업,G47859,그 외 기타 분류 안된 상품 전문 소매업,11,서울특별시,11200,성동구,11200690,성수2가3동,1120011500,성수동2가,1120011500103140011,1,대지,314,11,서울특별시 성동구 성수동2가 314-11,112004109411,서울특별시 성동구 연무장7길,13,,1120011500103140011004474,팩토리얼성수,서울특별시 성동구 연무장7길 13,133835,04782,,1,,127.054484761753,37.5441714923788
MA0106202411A1435140,솔리드에듀,,G2,소매,G221,기타 상품 소매,G22199,그 외 기타 상품 전문 소매업,G47859,그 외 기타 분류 안된 상품 전문 소매업,41,경기도,41410,군포시,41410520,군포2동,4141010100,당동,4141010100108710004,1,대지,871,4,경기도 군포시 당동 871-4,414103012052,경기도 군포시 고산로,251,,4141010100108710004001908,용호프라자,경기도 군포시 고산로 251,435818,15875,,,,126.944078797408,37.3459206199672
MA0106202411A1979209,배터리종합상사,,G2,소매,G221,기타 상품 소매,G22199,그 외 기타 상품 전문 소매업,G47859,그 외 기타 분류 안된 상품 전문 소매업,31,울산광역시,31140,남구,31140640,선암동,3114010900,선암동,3114010900101810000,1,대지,181,,울산광역시 남구 선암동 181,311404310369,울산광역시 남구 산업로303번길,24,,3114010900101810000000001,,울산광역시 남구 산업로303번길 24,680818,44771,,1,,129.336988734711,35.5136366573756
MA0106202411A2243069,다이소내수점,,G2,소매,G221,기타 상품 소매,G22199,그 외 기타 상품 전문 소매업,G47859,그 외 기타 분류 안된 상품 전문 소매업,43,충청북도,43114,청주시 청원구,43114250,내수읍,4311425022,내수읍,4311425022101810001,1,대지,181,1,충청북도 청주시 청원구 내수읍 마산리 181-1,431143014017,충청북도 청주시 청원구 내수읍 내수로,636,1,4371025022101810013000001,,충청북도 청주시 청원구 내수읍 내수로 636-1,363934,28143,,,,127.530626514993,36.7196287469798
MA0106202411A1446978,케이에이치씨,,G2,소매,G221,기타 상품 소매,G22199,그 외 기타 상품 전문 소매업,G47859,그 외 기타 분류 안된 상품 전문 소매업,31,울산광역시,31140,남구,31140595,무거동,3114010100,무거동,3114010100104650003,1,대지,465,3,울산광역시 남구 무거동 465-3,311403170013,울산광역시 남구 대학로,134,,3114010100104650003036359,,울산광역시 남구 대학로 134,680808,44611,,7,,129.261864890902,35.5463817102804
MA0106202411A1692627,커넥팅더닷츠,,G2,소매,G221,기타 상품 소매,G22199,그 외 기타 상품 전문 소매업,G47859,그 외 기타 분류 안된 상품 전문 소매업,11,서울특별시,11200,성동구,11200690,성수2가3동,1120011500,성수동2가,1120011500103010094,1,대지,301,94,서울특별시 성동구 성수동2가 301-94,112003000002,서울특별시 성동구 아차산로,68,,1120011500103010094000001,UCOMMERCE,서울특별시 성동구 아차산로 68,133835,04782,,2,,127.051656793914,37.5455332720996
MA0106202411A1356500,프레시원원주사업부,,G2,소매,G221,기타 상품 소매,G22199,그 외 기타 상품 전문 소매업,G47859,그 외 기타 분류 안된 상품 전문 소매업,51,강원특별자치도,51130,원주시,51130380,판부면,5113038022,판부면,5113038022100940001,1,대지,94,1,강원특별자치도 원주시 판부면 서곡리 94-1,511304457341,강원특별자치도 원주시 판부면 서곡길,125,,4213038022100940001000001,,강원특별자치도 원주시 판부면 서곡길 125,220912,26401,,,,127.952814891446,37.3083362779939
MA0106202411A1516100,한아름제과,,G2,소매,G221,기타 상품 소매,G22199,그 외 기타 상품 전문 소매업,G47859,그 외 기타 분류 안된 상품 전문 소매업,41,경기도,41113,수원시 권선구,41113670,권선1동,4111313700,권선동,4111313700111590003,1,대지,1159,3,경기도 수원시 권선구 권선동 1159-3,411133175010,경기도 수원시 권선구 권선로,748,,4111313700111590003052068,,경기도 수원시 권선구 권선로 748,441826,16562,,,,127.03285958397,37.2573393755271
MA0106202411A2256089,성동구청구내매점,,G2,소매,G221,기타 상품 소매,G22199,그 외 기타 상품 전문 소매업,G47859,그 외 기타 분류 안된 상품 전문 소매업,11,서울특별시,11200,성동구,11200560,행당1동,1120010700,행당동,1120010700100070000,1,대지,7,,서울특별시 성동구 행당동 7,112003005030,서울특별시 성동구 고산자로,270,,1120010700100070000018898,성동구청,서울특별시 성동구 고산자로 270,133701,04750,,1,,127.036966358734,37.5634235900171
MA0106202411A1963091,볶음닭발,,G2,소매,G221,기타 상품 소매,G22199,그 외 기타 상품 전문 소매업,G47859,그 외 기타 분류 안된 상품 전문 소매업,50,제주특별자치도,50130,서귀포시,50130530,중앙동,5013010100,서귀동,5013010100102760019,1,대지,276,19,제주특별자치도 서귀포시 서귀동 276-19,501304850836,제주특별자치도 서귀포시 중정로61번길,20,,5013010100102760019000001,,제주특별자치도 서귀포시 중정로61번길 20,697842,63591,,,,126.562912548549,33.2495682918222
MA0106202411A1837630,밀담푸릇동탄,목동점,G2,소매,G221,기타 상품 소매,G22199,그 외 기타 상품 전문 소매업,G47859,그 외 기타 분류 안된 상품 전문 소매업,41,경기도,41590,화성시,41590630,동탄9동,4159013400,목동,4159013400104870001,1,대지,487,1,경기도 화성시 목동 487-1,415902348101,경기도 화성시 동탄순환대로,406,,4159013400102450003000001,,경기도 화성시 동탄순환대로 406,,18484,,,,127.123235350719,37.1832947286127
MA0106202411A1611891,함평담김,,G2,소매,G221,기타 상품 소매,G22199,그 외 기타 상품 전문 소매업,G47859,그 외 기타 분류 안된 상품 전문 소매업,46,전라남도,46860,함평군,46860310,손불면,4686031025,손불면,4686031025101840003,1,대지,184,3,전라남도 함평군 손불면 대전리 184-3,468603297007,전라남도 함평군 손불면 손무로,746,,4686031025101840003013255,,전라남도 함평군 손불면 손무로 746,525842,57110,,,,126.432274074956,35.1424040459933
MA0106202411A1756936,라또래요,,G2,소매,G221,기타 상품 소매,G22199,그 외 기타 상품 전문 소매업,G47859,그 외 기타 분류 안된 상품 전문 소매업,51,강원특별자치도,51210,속초시,51210510,영랑동,5121010100,영랑동,5121010100101370004,1,대지,137,4,강원특별자치도 속초시 영랑동 137-4,512104469170,강원특별자치도 속초시 영랑해안2길,2,,4221010100101370004007332,,강원특별자치도 속초시 영랑해안2길 2,217010,24810,,1,,128.596338007031,38.2140843350928
MA0106202411A2289009,씨제이올리브영안양1번가점,,G2,소매,G221,기타 상품 소매,G22199,그 외 기타 상품 전문 소매업,G47859,그 외 기타 분류 안된 상품 전문 소매업,41,경기도,41171,안양시 만안구,41171510,안양1동,4117110100,안양동,4117110100106740141,1,대지,674,141,경기도 안양시 만안구 안양동 674-141,411714346193,경기도 안양시 만안구 안양로292번길,5,,4117110100106740141013421,,경기도 안양시 만안구 안양로292번길 5,430831,13992,,1,,126.922163687031,37.3986812898184
MA0106202411A1526856,이안푸드,,G2,소매,G221,기타 상품 소매,G22199,그 외 기타 상품 전문 소매업,G47859,그 외 기타 분류 안된 상품 전문 소매업,11,서울특별시,11230,동대문구,11230545,제기동,1123010300,제기동,1123010300109280000,1,대지,928,,서울특별시 동대문구 제기동 928,112303105006,서울특별시 동대문구 약령시로,74,,1123010300109280000031350,,서울특별시 동대문구 약령시로 74,130864,02570,,1,,127.038108072963,37.5827765973201
MA0106202411A1644646,비미,,G2,소매,G221,기타 상품 소매,G22199,그 외 기타 상품 전문 소매업,G47859,그 외 기타 분류 안된 상품 전문 소매업,29,광주광역시,29110,동구,29110545,동명동,2911010800,동명동,2911010800101790001,1,대지,179,1,광주광역시 동구 동명동 179-1,291104277061,광주광역시 동구 동계로10번길,16,,2911010800101790001008268,,광주광역시 동구 동계로10번길 16,501814,61432,,1,,126.925646419897,35.1523281624818
MA0106202411A2113058,풀마더스,,G2,소매,G221,기타 상품 소매,G22199,그 외 기타 상품 전문 소매업,G47859,그 외 기타 분류 안된 상품 전문 소매업,41,경기도,41390,시흥시,41390582,월곶동,4139013100,월곶동,4139013100110130017,1,대지,1013,17,경기도 시흥시 월곶동 1013-17,413903199045,경기도 시흥시 월곶해안로,147,,4139013100110130017029809,,경기도 시흥시 월곶해안로 147,429834,14963,,,,126.736362930766,37.3880692967867
MA0106202411A1833944,행복한반찬가게,,G2,소매,G221,기타 상품 소매,G22199,그 외 기타 상품 전문 소매업,G47859,그 외 기타 분류 안된 상품 전문 소매업,48,경상남도,48220,통영시,48220340,광도면,4822034024,광도면,4822034024115770001,1,대지,1577,1,경상남도 통영시 광도면 죽림리 1577-1,482203333027,경상남도 통영시 광도면 죽림1로,17,,4822034024115770001000001,,경상남도 통영시 광도면 죽림1로 17,650829,53018,,,,128.414745680487,34.8776977550474
MA0106202411A2080748,미소랩,,G2,소매,G221,기타 상품 소매,G22199,그 외 기타 상품 전문 소매업,G47859,그 외 기타 분류 안된 상품 전문 소매업,52,전북특별자치도,52111,전주시 완산구,52111730,효자5동,5211114100,효자동2가,5211114100112320003,1,대지,1232,3,전북특별자치도 전주시 완산구 효자동2가 1232-3,521113266082,전북특별자치도 전주시 완산구 홍산로,269,,4511114200112320003000001,,전북특별자치도 전주시 완산구 홍산로 269,560800,54966,,3,,127.105498747085,35.8177155926978
MA0106202411A2303283,메루중국식품,,G2,소매,G221,기타 상품 소매,G22199,그 외 기타 상품 전문 소매업,G47859,그 외 기타 분류 안된 상품 전문 소매업,28,인천광역시,28185,연수구,28185750,선학동,2818510200,선학동,2818510200103670006,1,대지,367,6,인천광역시 연수구 선학동 367-6,281854256283,인천광역시 연수구 학나래로5번길,11,,2818510200103670006216285,,인천광역시 연수구 학나래로5번길 11,406807,21911,,1,,126.695951904569,37.4235714883263
MA0106202411A1448423,베이비플러스대구,수성점,G2,소매,G221,기타 상품 소매,G22199,그 외 기타 상품 전문 소매업,G47859,그 외 기타 분류 안된 상품 전문 소매업,27,대구광역시,27260,수성구,27260610,중동,2726010800,중동,2726010800101870009,1,대지,187,9,대구광역시 수성구 중동 187-9,272603146028,대구광역시 수성구 청수로,57,,2726010800101870009000001,,대구광역시 수성구 청수로 57,706837,42155,,2,,128.614489206478,35.8410365879888
MA0106202411A1601404,조조만두,,G2,소매,G221,기타 상품 소매,G22199,그 외 기타 상품 전문 소매업,G47859,그 외 기타 분류 안된 상품 전문 소매업,43,충청북도,43150,제천시,43150590,청전동,4315011300,청전동,4315011300109860000,1,대지,986,,충청북도 제천시 청전동 986,431504517778,충청북도 제천시 의림대로33길,52,,4315011300109860000032764,청전두진백로2차,충청북도 제천시 의림대로33길 52,390899,27153,,,,128.209884028698,37.1479258297583
MA0106202411A2279146,엠엘,,G2,소매,G221,기타 상품 소매,G22199,그 외 기타 상품 전문 소매업,G47859,그 외 기타 분류 안된 상품 전문 소매업,11,서울특별시,11170,용산구,11170625,한강로동,1117012500,한강로2가,1117012500100160002,1,대지,16,2,서울특별시 용산구 한강로2가 16-2,111704106354,서울특별시 용산구 청파로20길,49,,1117012500100160002013225,엠엘빌딩,서울특별시 용산구 청파로20길 49,140874,04371,,,,126.965640060751,37.531898429517
MA0106202411A2289023,씨제이올리브영홍성,터미널점,G2,소매,G221,기타 상품 소매,G22199,그 외 기타 상품 전문 소매업,G47859,그 외 기타 분류 안된 상품 전문 소매업,44,충청남도,44800,홍성군,44800250,홍성읍,4480025030,홍성읍,4480025030110640000,1,대지,1064,,충청남도 홍성군 홍성읍 고암리 1064,448004586435,충청남도 홍성군 홍성읍 조양로247번길,22,,4480025030110640000000001,,충청남도 홍성군 홍성읍 조양로247번길 22,350801,32220,,1,,126.677123344937,36.6018209373698
MA0106202411A1534355,엘텍사이언스,,G2,소매,G221,기타 상품 소매,G22199,그 외 기타 상품 전문 소매업,G47859,그 외 기타 분류 안된 상품 전문 소매업,41,경기도,41463,용인시 기흥구,41463520,구갈동,4146310200,구갈동,4146310200106820000,1,대지,682,,경기도 용인시 기흥구 구갈동 682,414633204017,경기도 용인시 기흥구 기흥로,60,1,4146310200102950000000001,,경기도 용인시 기흥구 기흥로 60-1,446903,16976,,10,,127.116562531757,37.281893984322
MA0106202411A2289075,씨제이올리브영암사역점,,G2,소매,G221,기타 상품 소매,G22199,그 외 기타 상품 전문 소매업,G47859,그 외 기타 분류 안된 상품 전문 소매업,11,서울특별시,11740,강동구,11740570,암사1동,1174010700,암사동,1174010700105010003,1,대지,501,3,서울특별시 강동구 암사동 501-3,117403123023,서울특별시 강동구 올림픽로,774,,1174010700105010003016586,,서울특별시 강동구 올림픽로 774,134859,05264,,1,,127.127854247742,37.5501875748289
MA0106202411A1674089,꿈꾸는솜사탕,,G2,소매,G221,기타 상품 소매,G22199,그 외 기타 상품 전문 소매업,G47859,그 외 기타 분류 안된 상품 전문 소매업,41,경기도,41210,광명시,41210560,광명5동,4121010100,광명동,4121010100102090008,1,대지,209,8,경기도 광명시 광명동 209-8,412103187013,경기도 광명시 너부대로,49,,4121010100102090008007760,,경기도 광명시 너부대로 49,423810,14288,,1,,126.850617985411,37.4782802707915
MA0106202411A2233696,제이와이유통무역,,G2,소매,G221,기타 상품 소매,G22199,그 외 기타 상품 전문 소매업,G47859,그 외 기타 분류 안된 상품 전문 소매업,41,경기도,41570,김포시,41570570,구래동,4157010900,구래동,4157010900168820015,1,대지,6882,15,경기도 김포시 구래동 6882-15,415703209172,경기도 김포시 김포한강9로,79,,4157010900168820015000001,,경기도 김포시 김포한강9로 79,415080,10071,,,,126.625382852187,37.6440678812544
MA0106202411A2289092,씨제이올리브영영등포,타임스퀘어점,G2,소매,G221,기타 상품 소매,G22199,그 외 기타 상품 전문 소매업,G47859,그 외 기타 분류 안된 상품 전문 소매업,11,서울특별시,11560,영등포구,11560535,영등포동,1156010500,영등포동4가,1156010500104410010,1,대지,441,10,서울특별시 영등포구 영등포동4가 441-10,115603118024,서울특별시 영등포구 영중로,15,,1156010500104420000000001,타임스퀘어,서울특별시 영등포구 영중로 15,150798,07305,,1,,126.903715995515,37.5172319051582
MA0106202411A1707935,오롯이담다,,G2,소매,G221,기타 상품 소매,G22199,그 외 기타 상품 전문 소매업,G47859,그 외 기타 분류 안된 상품 전문 소매업,48,경상남도,48125,창원시 마산합포구,48125510,현동,4812515900,현동,4812515900103790000,1,대지,379,,경상남도 창원시 마산합포구 현동 379,481254793715,경상남도 창원시 마산합포구 현동7길,43,,4812515900103790000000001,,경상남도 창원시 마산합포구 현동7길 43,631270,51778,,,,128.553381474731,35.1505673003673
MA0106202411A1931816,케이와이케이,,G2,소매,G221,기타 상품 소매,G22199,그 외 기타 상품 전문 소매업,G47859,그 외 기타 분류 안된 상품 전문 소매업,52,전북특별자치도,52190,남원시,52190520,죽항동,5219010300,죽항동,5219010300100150022,1,대지,15,22,전북특별자치도 남원시 죽항동 15-22,521903271024,전북특별자치도 남원시 용성로,114,,4519010300100150022306236,,전북특별자치도 남원시 용성로 114,590987,55772,,3,,127.388732866966,35.4097344406198
MA0106202411A2102378,제일워크업,,G2,소매,G221,기타 상품 소매,G22199,그 외 기타 상품 전문 소매업,G47859,그 외 기타 분류 안된 상품 전문 소매업,46,전라남도,46230,광양시,46230530,중마동,4623010700,마동,4623010700111390001,1,대지,1139,1,전라남도 광양시 마동 1139-1,462304655566,전라남도 광양시 눈소1길,58,,4623010700111390001000001,,전라남도 광양시 눈소1길 58,545070,57797,,1,,127.701574076902,34.9370234760144
MA0106202411A2289026,씨제이올리브영수원,인계점,G2,소매,G221,기타 상품 소매,G22199,그 외 기타 상품 전문 소매업,G47859,그 외 기타 분류 안된 상품 전문 소매업,41,경기도,41115,수원시 팔달구,41115730,인계동,4111514100,인계동,4111514100111130000,1,대지,1113,,경기도 수원시 팔달구 인계동 1113,411153175009,경기도 수원시 팔달구 권광로,187,,4111514100111130000011556,1~2층,경기도 수원시 팔달구 권광로 187,442835,16490,,,,127.032479283555,37.2642504773699
MA0106202411A1370947,두두유통,,G2,소매,G221,기타 상품 소매,G22199,그 외 기타 상품 전문 소매업,G47859,그 외 기타 분류 안된 상품 전문 소매업,51,강원특별자치도,51130,원주시,51130515,중앙동,5113010200,평원동,5113010200103260022,1,대지,326,22,강원특별자치도 원주시 평원동 326-22,511304457618,강원특별자치도 원주시 평원안길,16,,4213010200103260022008096,,강원특별자치도 원주시 평원안길 16,220010,26430,,1,,127.95340087826,37.3493630500185
MA0106202411A1484614,원우생활건강,,G2,소매,G221,기타 상품 소매,G22199,그 외 기타 상품 전문 소매업,G47859,그 외 기타 분류 안된 상품 전문 소매업,41,경기도,41192,부천시 원미구,41192600,도당동,4119210400,도당동,4119210400101630003,1,대지,163,3,경기도 부천시 원미구 도당동 163-3,411924352398,경기도 부천시 원미구 옥산로196번길,13,,4119510400101630003009307,일부,경기도 부천시 원미구 옥산로196번길 13,420805,14522,,2,,126.781217667719,37.5113832000053
MA0106202411A2148314,프라이드프라이드,,G2,소매,G221,기타 상품 소매,G22199,그 외 기타 상품 전문 소매업,G47859,그 외 기타 분류 안된 상품 전문 소매업,28,인천광역시,28260,서구,28260575,신현원창동,2826010900,신현동,2826010900101730032,1,대지,173,32,인천광역시 서구 신현동 173-32,282603156045,인천광역시 서구 새오개로,79,,2826010900101730032004053,프라이드,인천광역시 서구 새오개로 79,404830,22780,,1,,126.665370324591,37.5172836665206
MA0106202411A1960864,이젠피트,,G2,소매,G221,기타 상품 소매,G22199,그 외 기타 상품 전문 소매업,G47859,그 외 기타 분류 안된 상품 전문 소매업,41,경기도,41820,가평군,41820345,조종면,4182034525,조종면,4182034525102890000,1,대지,289,,경기도 가평군 조종면 신하리 289,418204448196,경기도 가평군 조종면 연인산로208번길,31,1,4182034025102890000016835,,경기도 가평군 조종면 연인산로208번길 31-1,477832,12436,,,,127.362787778891,37.8323524947546
MA0106202411A1283330,사월과자점,,G2,소매,G221,기타 상품 소매,G22199,그 외 기타 상품 전문 소매업,G47859,그 외 기타 분류 안된 상품 전문 소매업,29,광주광역시,29110,동구,29110545,동명동,2911010800,동명동,2911010800100610000,1,대지,61,,광주광역시 동구 동명동 61,291103009002,광주광역시 동구 동계천로,163,,2911010800100620002009398,,광주광역시 동구 동계천로 163,501813,61434,,,,126.926933157966,35.1493093867073
MA0106202411A2234634,옹골진유통,,G2,소매,G221,기타 상품 소매,G22199,그 외 기타 상품 전문 소매업,G47859,그 외 기타 분류 안된 상품 전문 소매업,44,충청남도,44133,천안시 서북구,44133530,쌍용1동,4413310700,쌍용동,4413310700103890057,1,대지,389,57,충청남도 천안시 서북구 쌍용동 389-57,441334547341,충청남도 천안시 서북구 새말4길,20,,4413310700103890057058043,,충청남도 천안시 서북구 새말4길 20,331946,31181,,,,127.13251549534,36.7951250344906
MA0106202411A1509744,영남상회,,G2,소매,G221,기타 상품 소매,G22199,그 외 기타 상품 전문 소매업,G47859,그 외 기타 분류 안된 상품 전문 소매업,47,경상북도,47760,영양군,47760350,석보면,4776035034,석보면,4776035034100780005,1,대지,78,5,경상북도 영양군 석보면 원리리 78-5,477603317022,경상북도 영양군 석보면 석보로,551,,4776035034100780005003630,,경상북도 영양군 석보면 석보로 551,764813,36560,,,,129.135207712698,36.5538653931841
MA0106202411A1669605,풍선향기,,G2,소매,G221,기타 상품 소매,G22199,그 외 기타 상품 전문 소매업,G47859,그 외 기타 분류 안된 상품 전문 소매업,28,인천광역시,28200,남동구,28200655,서창2동,2820010500,서창동,2820010500107080002,1,대지,708,2,인천광역시 남동구 서창동 708-2,282003153091,인천광역시 남동구 서창남로,35,,2820010500107080002000001,,인천광역시 남동구 서창남로 35,405260,21617,,,,126.750611249355,37.4228434696857
MA0106202411A1606322,아이스크림할인점,안산고잔점,G2,소매,G221,기타 상품 소매,G22199,그 외 기타 상품 전문 소매업,G47859,그 외 기타 분류 안된 상품 전문 소매업,41,경기도,41273,안산시 단원구,41273525,고잔동,4127310100,고잔동,4127310100106030000,1,대지,603,,경기도 안산시 단원구 고잔동 603,412733191010,경기도 안산시 단원구 단원로,67,,4127310100106030000012741,신유연립,경기도 안산시 단원구 단원로 67,425803,15332,,,,126.826344652203,37.3265784022166
MA0106202411A2464072,우리끼리키즈룸,논산점,G2,소매,G221,기타 상품 소매,G22199,그 외 기타 상품 전문 소매업,G47859,그 외 기타 분류 안된 상품 전문 소매업,44,충청남도,44230,논산시,44230510,취암동,4423010900,내동,4423010900112070000,1,대지,1207,,충청남도 논산시 내동 1207,442303255048,충청남도 논산시 대학로,87,,4423010900112070000000001,,충청남도 논산시 대학로 87,320803,32991,,2,,127.107493498192,36.1795049971649
MA0106202411A2253074,베네피아,평촌점,G2,소매,G221,기타 상품 소매,G22199,그 외 기타 상품 전문 소매업,G47859,그 외 기타 분류 안된 상품 전문 소매업,41,경기도,41173,안양시 동안구,41173610,범계동,4117310400,호계동,4117310400110480002,1,대지,1048,2,경기도 안양시 동안구 호계동 1048-2,411734349198,경기도 안양시 동안구 평촌대로211번길,16,,4117310400110480002005132,삼희월드프라자,경기도 안양시 동안구 평촌대로211번길 16,431778,14072,,,,126.955033371072,37.3903729134281
MA0106202411A2307185,로또골드,,G2,소매,G221,기타 상품 소매,G22199,그 외 기타 상품 전문 소매업,G47859,그 외 기타 분류 안된 상품 전문 소매업,28,인천광역시,28237,부평구,28237690,십정2동,2823710200,십정동,2823710200104080008,1,대지,408,8,인천광역시 부평구 십정동 408-8,282373154072,인천광역시 부평구 열우물로,26,,2823710200104080010006611,,인천광역시 부평구 열우물로 26,403848,21446,,,,126.701436768323,37.4705011108425
MA0106202411A1974289,경선식당,,G2,소매,G221,기타 상품 소매,G22199,그 외 기타 상품 전문 소매업,G47859,그 외 기타 분류 안된 상품 전문 소매업,48,경상남도,48240,사천시,48240350,곤양면,4824035022,곤양면,4824035022100480004,1,대지,48,4,경상남도 사천시 곤양면 남문외리 48-4,482403334056,경상남도 사천시 곤양면 남산로,65,,4824035022100480004031778,곤양종합시장,경상남도 사천시 곤양면 남산로 65,664912,52504,,1,,127.963346134883,35.0565320837517
MA0106202411A2429248,기상,,G2,소매,G221,기타 상품 소매,G22199,그 외 기타 상품 전문 소매업,G47859,그 외 기타 분류 안된 상품 전문 소매업,41,경기도,41450,하남시,41450620,미사2동,4145010900,망월동,4145010900108340000,1,대지,834,,경기도 하남시 망월동 834,414503202055,경기도 하남시 미사강변한강로,135,,4145010900108340000000001,미사강변스카이폴리스,경기도 하남시 미사강변한강로 135,465150,12902,,6,,127.191781229533,37.5766443664251
